Parameters: GAD=1 vflib=1 dir=0 label=0 lowerbound=1 fileNameGp=../graphsdb/mcs70/bvg/b09m/mcs70_b09m_s35.A15 fileNameGt=../graphsdb/mcs70/bvg/b09m/mcs70_b09m_s35.B15
Reading graphs...
35 :  151
35 :  152
Initializing...
maxdom : 35
D->valSize : 1225
Solving...
currentSize : 11 <-- 0.031317 s
currentSize : 12 <-- 0.031362 s
currentSize : 14 <-- 0.032636 s
currentSize : 15 <-- 0.089102 s
currentSize : 16 <-- 0.235711 s
currentSize : 17 <-- 1.730232 s
currentSize : 18 <-- 239.707794 s
currentSize : 20 <-- 398.332428 s
currentSize : 24 <-- 398.332520 s

maxsize : 24
nodes : 82184935.000000
filtered : 1687983843.000000
time : 418.425690
