Parameters: GAD=1 vflib=1 dir=0 label=0 lowerbound=1 fileNameGp=../graphsdb/mcs70/rand/r005/mcs70_r005_s30.A20 fileNameGt=../graphsdb/mcs70/rand/r005/mcs70_r005_s30.B20
Reading graphs...
30 :  40
30 :  41
Initializing...
maxdom : 30
D->valSize : 900
Solving...
currentSize : 15 <-- 0.019551 s
currentSize : 16 <-- 0.019721 s
currentSize : 17 <-- 0.022694 s
currentSize : 18 <-- 0.163900 s
currentSize : 19 <-- 1.419401 s
currentSize : 20 <-- 2.129424 s
currentSize : 21 <-- 34.268707 s
currentSize : 22 <-- 34.766994 s
currentSize : 23 <-- 44.262295 s

maxsize : 23
nodes : 12758340.000000
filtered : 166200711.000000
time : 47.901814
