Parameters: GAD=1 vflib=1 dir=0 label=0 lowerbound=1 fileNameGp=../graphsdb/mcs70/m2D/m2Dr6/m2Dr6/mcs70_m2Dr6_s25.A70 fileNameGt=../graphsdb/mcs70/m2D/m2Dr6/m2Dr6/mcs70_m2Dr6_s25.B70
Reading graphs...
25 :  53
25 :  52
Initializing...
maxdom : 25
D->valSize : 625
Solving...
currentSize : 11 <-- 0.005034 s
currentSize : 12 <-- 0.005096 s
currentSize : 13 <-- 0.006062 s
currentSize : 14 <-- 0.006374 s
currentSize : 15 <-- 0.014622 s
currentSize : 16 <-- 0.116096 s
currentSize : 17 <-- 7.763847 s

maxsize : 17
nodes : 2036999.000000
filtered : 35206010.000000
time : 8.219063
