Parameters: GAD=1 vflib=1 dir=0 label=0 lowerbound=1 fileNameGp=../graphsdb/mcs70/bvg/b03/mcs70_b03_s20.A74 fileNameGt=../graphsdb/mcs70/bvg/b03/mcs70_b03_s20.B74
Reading graphs...
20 :  30
20 :  29
Initializing...
maxdom : 20
D->valSize : 400
Solving...
currentSize : 11 <-- 0.003798 s
currentSize : 12 <-- 0.004218 s
currentSize : 13 <-- 0.007891 s
currentSize : 14 <-- 0.040336 s
currentSize : 15 <-- 0.043566 s
currentSize : 17 <-- 0.064838 s

maxsize : 17
nodes : 19117.000000
filtered : 195875.000000
time : 0.088686
