Parameters: GAD=1 vflib=1 dir=0 label=0 lowerbound=1 fileNameGp=../graphsdb/mcs70/bvg/b06/mcs70_b06_s30.A57 fileNameGt=../graphsdb/mcs70/bvg/b06/mcs70_b06_s30.B57
Reading graphs...
30 :  89
30 :  90
Initializing...
maxdom : 30
D->valSize : 900
Solving...
currentSize : 14 <-- 0.010141 s
currentSize : 15 <-- 0.010202 s
currentSize : 16 <-- 0.011017 s
currentSize : 17 <-- 0.011418 s
currentSize : 18 <-- 0.012285 s
currentSize : 19 <-- 0.013330 s
currentSize : 20 <-- 0.019106 s
currentSize : 21 <-- 0.021724 s
currentSize : 22 <-- 1.307053 s

maxsize : 22
nodes : 1010824.000000
filtered : 34163880.000000
time : 5.968910
