Parameters: GAD=1 vflib=1 dir=0 label=0 lowerbound=1 fileNameGp=../graphsdb/mcs70/bvg/b03/mcs70_b03_s35.A72 fileNameGt=../graphsdb/mcs70/bvg/b03/mcs70_b03_s35.B72
Reading graphs...
35 :  52
35 :  51
Initializing...
maxdom : 35
D->valSize : 1225
Solving...
currentSize : 22 <-- 0.021230 s
currentSize : 23 <-- 0.021296 s
currentSize : 24 <-- 0.022310 s
currentSize : 25 <-- 0.023752 s
currentSize : 26 <-- 1.325724 s
currentSize : 27 <-- 18.609808 s
currentSize : 28 <-- 23.575090 s

maxsize : 28
nodes : 6312488.000000
filtered : 174271159.000000
time : 36.866215
