Parameters: GAD=1 vflib=1 dir=0 label=0 lowerbound=1 fileNameGp=../graphsdb/mcs70/bvg/b09m/mcs70_b09m_s25.A33 fileNameGt=../graphsdb/mcs70/bvg/b09m/mcs70_b09m_s25.B33
Reading graphs...
25 :  104
25 :  103
Initializing...
maxdom : 25
D->valSize : 625
Solving...
currentSize : 10 <-- 0.004607 s
currentSize : 11 <-- 0.005006 s
currentSize : 12 <-- 0.006808 s
currentSize : 13 <-- 0.046764 s
currentSize : 14 <-- 0.485288 s
currentSize : 15 <-- 1.089912 s
currentSize : 16 <-- 1.089949 s
currentSize : 17 <-- 1.089977 s

maxsize : 17
nodes : 449518.000000
filtered : 8631809.000000
time : 1.915837
