Parameters: GAD=1 vflib=1 dir=0 label=0 lowerbound=1 fileNameGp=../graphsdb/mcs70/bvg/b09/mcs70_b09_s35.A57 fileNameGt=../graphsdb/mcs70/bvg/b09/mcs70_b09_s35.B57
Reading graphs...
35 :  153
35 :  157
Initializing...
maxdom : 35
D->valSize : 1225
Solving...
currentSize : 10 <-- 0.017991 s
currentSize : 12 <-- 0.018035 s
currentSize : 13 <-- 0.021931 s
currentSize : 14 <-- 0.022817 s
currentSize : 15 <-- 0.134150 s
currentSize : 16 <-- 0.149312 s
currentSize : 17 <-- 1.527842 s
currentSize : 18 <-- 2.425692 s
currentSize : 20 <-- 2.893708 s
currentSize : 21 <-- 2.895503 s
currentSize : 23 <-- 3.198354 s
currentSize : 24 <-- 3.198637 s

maxsize : 24
nodes : 4830014.000000
filtered : 188323564.000000
time : 31.783461
