Parameters: GAD=1 vflib=1 dir=0 label=0 lowerbound=1 fileNameGp=../graphsdb/mcs70/m4D/m4Dr4/mcs70_m4Dr4_s25.A99 fileNameGt=../graphsdb/mcs70/m4D/m4Dr4/mcs70_m4Dr4_s25.B99
Reading graphs...
25 :  55
25 :  55
Initializing...
maxdom : 25
D->valSize : 625
Solving...
currentSize : 8 <-- 0.004974 s
currentSize : 9 <-- 0.005020 s
currentSize : 13 <-- 0.005267 s
currentSize : 14 <-- 0.005685 s
currentSize : 15 <-- 0.010502 s
currentSize : 16 <-- 0.019267 s
currentSize : 17 <-- 0.184852 s

maxsize : 17
nodes : 690412.000000
filtered : 14794982.000000
time : 3.017153
