Parameters: GAD=1 vflib=1 dir=0 label=0 lowerbound=1 fileNameGp=../graphsdb/mcs70/m2D/m2Dr6/m2Dr6/mcs70_m2Dr6_s35.A74 fileNameGt=../graphsdb/mcs70/m2D/m2Dr6/m2Dr6/mcs70_m2Dr6_s35.B74
Reading graphs...
35 :  79
35 :  78
Initializing...
maxdom : 35
D->valSize : 1225
Solving...
currentSize : 14 <-- 0.034830 s
currentSize : 15 <-- 0.035838 s
currentSize : 16 <-- 0.044490 s
currentSize : 17 <-- 0.075794 s
currentSize : 18 <-- 0.510738 s
currentSize : 19 <-- 0.933229 s
currentSize : 20 <-- 1.214930 s
currentSize : 21 <-- 1.600317 s
currentSize : 22 <-- 14.206239 s
currentSize : 23 <-- 290.236206 s
currentSize : 25 <-- 393.197144 s
currentSize : 26 <-- 393.197205 s

maxsize : 26
nodes : 74545034.000000
filtered : 1984177197.000000
time : 418.433624
