Parameters: GAD=1 vflib=1 dir=0 label=0 lowerbound=1 fileNameGp=../graphsdb/mcs70/rand/r02/mcs70_r02_s30.A65 fileNameGt=../graphsdb/mcs70/rand/r02/mcs70_r02_s30.B65
Reading graphs...
30 :  153
30 :  154
Initializing...
maxdom : 30
D->valSize : 900
Solving...
currentSize : 10 <-- 0.016127 s
currentSize : 11 <-- 0.016190 s
currentSize : 12 <-- 0.017140 s
currentSize : 13 <-- 0.176556 s
currentSize : 14 <-- 4.365033 s
currentSize : 15 <-- 38.392487 s
currentSize : 16 <-- 38.394386 s
currentSize : 21 <-- 38.394592 s

maxsize : 21
nodes : 10591045.000000
filtered : 120146080.000000
time : 41.637302
