Parameters: GAD=1 vflib=1 dir=0 label=0 lowerbound=1 fileNameGp=../graphsdb/mcs70/rand/r02/mcs70_r02_s25.A81 fileNameGt=../graphsdb/mcs70/rand/r02/mcs70_r02_s25.B81
Reading graphs...
25 :  106
25 :  105
Initializing...
maxdom : 25
D->valSize : 625
Solving...
currentSize : 10 <-- 0.004844 s
currentSize : 11 <-- 0.006274 s
currentSize : 12 <-- 0.008226 s
currentSize : 13 <-- 0.601807 s
currentSize : 14 <-- 0.967039 s
currentSize : 17 <-- 0.967104 s

maxsize : 17
nodes : 605984.000000
filtered : 11526760.000000
time : 2.568708
