Parameters: GAD=1 vflib=1 dir=0 label=0 lowerbound=1 fileNameGp=../graphsdb/mcs70/bvg/b09m/mcs70_b09m_s35.A44 fileNameGt=../graphsdb/mcs70/bvg/b09m/mcs70_b09m_s35.B44
Reading graphs...
35 :  152
35 :  152
Initializing...
maxdom : 35
D->valSize : 1225
Solving...
currentSize : 12 <-- 0.031158 s
currentSize : 13 <-- 0.031333 s
currentSize : 14 <-- 0.031404 s
currentSize : 15 <-- 0.045353 s
currentSize : 16 <-- 0.114437 s
currentSize : 17 <-- 7.561753 s
currentSize : 18 <-- 18.784447 s
currentSize : 19 <-- 204.614639 s
currentSize : 24 <-- 204.642593 s

maxsize : 24
nodes : 42472387.000000
filtered : 928554045.000000
time : 220.485748
