Parameters: GAD=1 vflib=1 dir=0 label=0 lowerbound=1 fileNameGp=../graphsdb/mcs70/m2D/m2Dr4/mcs70_m2Dr4_s35.A86 fileNameGt=../graphsdb/mcs70/m2D/m2Dr4/mcs70_m2Dr4_s35.B86
Reading graphs...
35 :  71
35 :  71
Initializing...
maxdom : 35
D->valSize : 1225
Solving...
currentSize : 14 <-- 0.020267 s
currentSize : 15 <-- 0.020303 s
currentSize : 16 <-- 0.020531 s
currentSize : 17 <-- 0.020610 s
currentSize : 18 <-- 0.037565 s
currentSize : 19 <-- 0.051425 s
currentSize : 20 <-- 0.069093 s
currentSize : 21 <-- 4.244145 s
currentSize : 22 <-- 6.715275 s
currentSize : 23 <-- 34.988697 s
currentSize : 24 <-- 353.896698 s
currentSize : 25 <-- 620.827820 s

maxsize : 25
nodes : 116648277.000000
filtered : 3322930950.000000
time : 683.561890
