Parameters: GAD=1 vflib=1 dir=0 label=0 lowerbound=1 fileNameGp=../graphsdb/mcs70/rand/r005/mcs70_r005_s25.A01 fileNameGt=../graphsdb/mcs70/rand/r005/mcs70_r005_s25.B01
Reading graphs...
25 :  33
25 :  33
Initializing...
maxdom : 25
D->valSize : 625
Solving...
currentSize : 13 <-- 0.005340 s
currentSize : 14 <-- 0.005359 s
currentSize : 15 <-- 0.006077 s
currentSize : 16 <-- 0.033220 s
currentSize : 17 <-- 0.033857 s
currentSize : 18 <-- 0.149918 s
currentSize : 19 <-- 0.150259 s

maxsize : 19
nodes : 257638.000000
filtered : 4815183.000000
time : 1.116557
