Parameters: GAD=1 vflib=1 dir=0 label=0 lowerbound=1 fileNameGp=../graphsdb/mcs70/bvg/b03m/mcs70_b03m_s30.A84 fileNameGt=../graphsdb/mcs70/bvg/b03m/mcs70_b03m_s30.B84
Reading graphs...
30 :  44
30 :  44
Initializing...
maxdom : 30
D->valSize : 900
Solving...
currentSize : 15 <-- 0.016899 s
currentSize : 16 <-- 0.023456 s
currentSize : 17 <-- 0.053630 s
currentSize : 18 <-- 0.158473 s
currentSize : 19 <-- 1.562357 s
currentSize : 20 <-- 10.884240 s
currentSize : 21 <-- 13.028259 s

maxsize : 21
nodes : 13101502.000000
filtered : 203012156.000000
time : 54.335800
