Parameters: GAD=1 vflib=1 dir=0 label=0 lowerbound=1 fileNameGp=../graphsdb/mcs70/m2D/m2Dr4/mcs70_m2Dr4_s35.A54 fileNameGt=../graphsdb/mcs70/m2D/m2Dr4/mcs70_m2Dr4_s35.B54
Reading graphs...
35 :  71
35 :  70
Initializing...
maxdom : 35
D->valSize : 1225
Solving...
currentSize : 15 <-- 0.035431 s
currentSize : 16 <-- 0.035821 s
currentSize : 17 <-- 0.036971 s
currentSize : 19 <-- 0.037000 s
currentSize : 20 <-- 0.297743 s
currentSize : 21 <-- 0.329460 s
currentSize : 22 <-- 0.418979 s
currentSize : 23 <-- 0.419015 s
currentSize : 24 <-- 18.949474 s
currentSize : 25 <-- 28.110008 s
currentSize : 26 <-- 39.586201 s

maxsize : 26
nodes : 17001821.000000
filtered : 567537849.000000
time : 107.164932
