Parameters: GAD=1 vflib=1 dir=0 label=0 lowerbound=1 fileNameGp=../graphsdb/mcs70/rand/r01/mcs70_r01_s35.A30 fileNameGt=../graphsdb/mcs70/rand/r01/mcs70_r01_s35.B30
Reading graphs...
35 :  114
35 :  111
Initializing...
maxdom : 35
D->valSize : 1225
Solving...
currentSize : 13 <-- 0.033168 s
currentSize : 15 <-- 0.033202 s
currentSize : 16 <-- 0.052585 s
currentSize : 17 <-- 0.098198 s
currentSize : 18 <-- 0.928185 s
currentSize : 19 <-- 10.952296 s
currentSize : 20 <-- 15.459334 s
currentSize : 24 <-- 21.026552 s

maxsize : 24
nodes : 12309964.000000
filtered : 463116937.000000
time : 79.711304
