Parameters: GAD=1 vflib=1 dir=0 label=0 lowerbound=1 fileNameGp=../graphsdb/mcs70/m3D/m3D/mcs70_m3D_s35.A77 fileNameGt=../graphsdb/mcs70/m3D/m3D/mcs70_m3D_s35.B77
Reading graphs...
35 :  72
35 :  72
Initializing...
maxdom : 35
D->valSize : 1225
Solving...
currentSize : 18 <-- 0.020321 s
currentSize : 20 <-- 0.020349 s
currentSize : 21 <-- 0.022736 s
currentSize : 22 <-- 0.322670 s
currentSize : 23 <-- 2.414610 s
currentSize : 24 <-- 15.526219 s
currentSize : 25 <-- 26.271324 s
currentSize : 26 <-- 33.821415 s
currentSize : 27 <-- 76.772530 s

maxsize : 27
nodes : 21094048.000000
filtered : 607764130.000000
time : 121.506577
