Parameters: GAD=1 vflib=1 dir=0 label=0 lowerbound=1 fileNameGp=../graphsdb/mcs70/bvg/b03/mcs70_b03_s35.A92 fileNameGt=../graphsdb/mcs70/bvg/b03/mcs70_b03_s35.B92
Reading graphs...
35 :  52
35 :  51
Initializing...
maxdom : 35
D->valSize : 1225
Solving...
currentSize : 16 <-- 0.021143 s
currentSize : 17 <-- 0.021217 s
currentSize : 21 <-- 0.021236 s
currentSize : 22 <-- 0.021255 s
currentSize : 23 <-- 0.021366 s
currentSize : 24 <-- 0.027894 s
currentSize : 25 <-- 0.075022 s
currentSize : 26 <-- 0.435410 s
currentSize : 27 <-- 3.148885 s
currentSize : 28 <-- 25.898260 s

maxsize : 28
nodes : 5104811.000000
filtered : 128680365.000000
time : 29.920340
