Parameters: GAD=1 vflib=1 dir=0 label=0 lowerbound=1 fileNameGp=../graphsdb/mcs70/bvg/b09/mcs70_b09_s30.A89 fileNameGt=../graphsdb/mcs70/bvg/b09/mcs70_b09_s30.B89
Reading graphs...
30 :  131
30 :  131
Initializing...
maxdom : 30
D->valSize : 900
Solving...
currentSize : 10 <-- 0.016391 s
currentSize : 11 <-- 0.016480 s
currentSize : 12 <-- 0.016683 s
currentSize : 13 <-- 0.016861 s
currentSize : 14 <-- 0.018610 s
currentSize : 15 <-- 0.019233 s
currentSize : 16 <-- 0.024074 s
currentSize : 18 <-- 0.073858 s
currentSize : 20 <-- 0.074029 s
currentSize : 21 <-- 0.329001 s

maxsize : 21
nodes : 790272.000000
filtered : 26482934.000000
time : 4.663245
