Parameters: GAD=1 vflib=1 dir=0 label=0 lowerbound=1 fileNameGp=../graphsdb/mcs70/bvg/b03m/mcs70_b03m_s30.A16 fileNameGt=../graphsdb/mcs70/bvg/b03m/mcs70_b03m_s30.B16
Reading graphs...
30 :  45
30 :  45
Initializing...
maxdom : 30
D->valSize : 900
Solving...
currentSize : 10 <-- 0.019501 s
currentSize : 15 <-- 0.019558 s
currentSize : 16 <-- 0.023207 s
currentSize : 17 <-- 0.023307 s
currentSize : 18 <-- 0.073865 s
currentSize : 19 <-- 0.287773 s
currentSize : 20 <-- 0.639382 s
currentSize : 21 <-- 2.753822 s
currentSize : 22 <-- 3.064536 s
currentSize : 23 <-- 10.316496 s

maxsize : 23
nodes : 3224181.000000
filtered : 66615692.000000
time : 15.362475
