Parameters: GAD=1 vflib=1 dir=0 label=0 lowerbound=1 fileNameGp=../graphsdb/mcs70/bvg/b06m/mcs70_b06m_s30.A18 fileNameGt=../graphsdb/mcs70/bvg/b06m/mcs70_b06m_s30.B18
Reading graphs...
30 :  89
30 :  90
Initializing...
maxdom : 30
D->valSize : 900
Solving...
currentSize : 12 <-- 0.017688 s
currentSize : 13 <-- 0.017726 s
currentSize : 14 <-- 0.020265 s
currentSize : 15 <-- 0.042017 s
currentSize : 16 <-- 0.114107 s
currentSize : 17 <-- 0.115065 s
currentSize : 18 <-- 0.289107 s
currentSize : 19 <-- 0.289276 s
currentSize : 20 <-- 0.434230 s
currentSize : 21 <-- 0.435228 s

maxsize : 21
nodes : 1127674.000000
filtered : 44952767.000000
time : 7.142231
