Parameters: GAD=1 vflib=1 dir=0 label=0 lowerbound=1 fileNameGp=../graphsdb/mcs70/bvg/b09/mcs70_b09_s25.A15 fileNameGt=../graphsdb/mcs70/bvg/b09/mcs70_b09_s25.B15
Reading graphs...
25 :  110
25 :  108
Initializing...
maxdom : 25
D->valSize : 625
Solving...
currentSize : 8 <-- 0.007642 s
currentSize : 12 <-- 0.007709 s
currentSize : 13 <-- 0.030171 s
currentSize : 15 <-- 0.063837 s
currentSize : 16 <-- 0.063934 s
currentSize : 17 <-- 0.070290 s
currentSize : 18 <-- 0.530290 s

maxsize : 18
nodes : 164704.000000
filtered : 4155381.000000
time : 0.858849
