Parameters: GAD=1 vflib=1 dir=0 label=0 lowerbound=1 fileNameGp=../graphsdb/mcs70/m2D/m2D/mcs70_m2D_s35.A40 fileNameGt=../graphsdb/mcs70/m2D/m2D/mcs70_m2D_s35.B40
Reading graphs...
35 :  58
35 :  58
Initializing...
maxdom : 35
D->valSize : 1225
Solving...
currentSize : 20 <-- 0.020732 s
currentSize : 21 <-- 0.020841 s
currentSize : 22 <-- 0.052107 s
currentSize : 23 <-- 0.134695 s
currentSize : 24 <-- 4.841839 s
currentSize : 25 <-- 20.559328 s
currentSize : 26 <-- 56.236790 s
currentSize : 27 <-- 135.911301 s

maxsize : 27
nodes : 25205555.000000
filtered : 720375847.000000
time : 152.428223
