Parameters: GAD=1 vflib=1 dir=0 label=0 lowerbound=1 fileNameGp=../graphsdb/mcs70/bvg/b06m/mcs70_b06m_s25.A62 fileNameGt=../graphsdb/mcs70/bvg/b06m/mcs70_b06m_s25.B62
Reading graphs...
25 :  70
25 :  71
Initializing...
maxdom : 25
D->valSize : 625
Solving...
currentSize : 9 <-- 0.009614 s
currentSize : 11 <-- 0.009647 s
currentSize : 12 <-- 0.009683 s
currentSize : 13 <-- 0.010935 s
currentSize : 14 <-- 0.012517 s
currentSize : 15 <-- 0.818155 s
currentSize : 16 <-- 3.832936 s
currentSize : 17 <-- 3.833142 s

maxsize : 17
nodes : 1152266.000000
filtered : 21493833.000000
time : 4.797756
