Parameters: GAD=1 vflib=1 dir=0 label=0 lowerbound=1 fileNameGp=../graphsdb/mcs70/bvg/b03m/mcs70_b03m_s20.A97 fileNameGt=../graphsdb/mcs70/bvg/b03m/mcs70_b03m_s20.B97
Reading graphs...
20 :  28
20 :  28
Initializing...
maxdom : 20
D->valSize : 400
Solving...
currentSize : 7 <-- 0.003845 s
currentSize : 8 <-- 0.003870 s
currentSize : 10 <-- 0.003898 s
currentSize : 11 <-- 0.003998 s
currentSize : 12 <-- 0.005160 s
currentSize : 13 <-- 0.005968 s
currentSize : 14 <-- 0.020336 s
currentSize : 15 <-- 0.086398 s
currentSize : 16 <-- 0.122253 s

maxsize : 16
nodes : 38000.000000
filtered : 502664.000000
time : 0.146372
