Parameters: GAD=1 vflib=1 dir=0 label=0 lowerbound=1 fileNameGp=../graphsdb/mcs70/m3D/m3Dr6/mcs70_m3Dr6_s35.A97 fileNameGt=../graphsdb/mcs70/m3D/m3Dr6/mcs70_m3Dr6_s35.B97
Reading graphs...
35 :  91
35 :  88
Initializing...
maxdom : 35
D->valSize : 1225
Solving...
currentSize : 14 <-- 0.019650 s
currentSize : 15 <-- 0.019677 s
currentSize : 16 <-- 0.019705 s
currentSize : 17 <-- 0.020971 s
currentSize : 18 <-- 0.030849 s
currentSize : 19 <-- 0.031075 s
currentSize : 20 <-- 0.171947 s
currentSize : 21 <-- 9.186560 s
currentSize : 22 <-- 127.517197 s
currentSize : 23 <-- 128.736588 s
currentSize : 24 <-- 144.451340 s
currentSize : 26 <-- 159.974350 s
currentSize : 27 <-- 159.974426 s

maxsize : 27
nodes : 31731784.000000
filtered : 771114488.000000
time : 168.919205
