Parameters: GAD=1 vflib=1 dir=0 label=0 lowerbound=1 fileNameGp=../graphsdb/mcs70/rand/r01/mcs70_r01_s30.A44 fileNameGt=../graphsdb/mcs70/rand/r01/mcs70_r01_s30.B44
Reading graphs...
30 :  81
30 :  81
Initializing...
maxdom : 30
D->valSize : 900
Solving...
currentSize : 13 <-- 0.017831 s
currentSize : 14 <-- 0.018041 s
currentSize : 15 <-- 0.039787 s
currentSize : 16 <-- 0.039849 s
currentSize : 17 <-- 0.339180 s
currentSize : 18 <-- 11.204522 s
currentSize : 19 <-- 51.682953 s
currentSize : 20 <-- 110.509415 s
currentSize : 21 <-- 111.984673 s

maxsize : 21
nodes : 23319559.000000
filtered : 527922025.000000
time : 113.690231
