Parameters: GAD=1 vflib=1 dir=0 label=0 lowerbound=1 fileNameGp=../graphsdb/mcs70/bvg/b09m/mcs70_b09m_s30.A59 fileNameGt=../graphsdb/mcs70/bvg/b09m/mcs70_b09m_s30.B59
Reading graphs...
30 :  128
30 :  128
Initializing...
maxdom : 30
D->valSize : 900
Solving...
currentSize : 9 <-- 0.009539 s
currentSize : 11 <-- 0.009558 s
currentSize : 12 <-- 0.010727 s
currentSize : 13 <-- 0.016775 s
currentSize : 14 <-- 0.090201 s
currentSize : 15 <-- 0.397527 s
currentSize : 16 <-- 1.813053 s
currentSize : 18 <-- 47.051544 s
currentSize : 20 <-- 47.052334 s

maxsize : 20
nodes : 11425150.000000
filtered : 212191421.000000
time : 53.006588
