Parameters: GAD=1 vflib=1 dir=0 label=0 lowerbound=1 fileNameGp=../graphsdb/mcs70/m3D/m3Dr4/mcs70_m3Dr4_s35.A30 fileNameGt=../graphsdb/mcs70/m3D/m3Dr4/mcs70_m3Dr4_s35.B30
Reading graphs...
35 :  85
35 :  84
Initializing...
maxdom : 35
D->valSize : 1225
Solving...
currentSize : 15 <-- 0.020047 s
currentSize : 17 <-- 0.020090 s
currentSize : 18 <-- 0.020153 s
currentSize : 19 <-- 0.021474 s
currentSize : 20 <-- 0.095555 s
currentSize : 21 <-- 1.987890 s
currentSize : 22 <-- 3.382060 s
currentSize : 24 <-- 4.417109 s
currentSize : 25 <-- 6.344835 s
currentSize : 27 <-- 9.642528 s

maxsize : 27
nodes : 3495794.000000
filtered : 128234448.000000
time : 23.050907
