Parameters: GAD=1 vflib=1 dir=0 label=0 lowerbound=1 fileNameGp=../graphsdb/mcs70/bvg/b03m/mcs70_b03m_s35.A17 fileNameGt=../graphsdb/mcs70/bvg/b03m/mcs70_b03m_s35.B17
Reading graphs...
35 :  50
35 :  50
Initializing...
maxdom : 35
D->valSize : 1225
Solving...
currentSize : 18 <-- 0.026134 s
currentSize : 19 <-- 0.026530 s
currentSize : 20 <-- 0.029124 s
currentSize : 21 <-- 0.062077 s
currentSize : 22 <-- 0.062087 s
currentSize : 23 <-- 7.933118 s
currentSize : 24 <-- 80.431358 s
currentSize : 25 <-- 111.723213 s
currentSize : 26 <-- 274.230621 s

maxsize : 26
nodes : 64825448.000000
filtered : 1215978915.000000
time : 325.013031
