Parameters: GAD=1 vflib=1 dir=0 label=0 lowerbound=1 fileNameGp=../graphsdb/mcs70/rand/r01/mcs70_r01_s35.A23 fileNameGt=../graphsdb/mcs70/rand/r01/mcs70_r01_s35.B23
Reading graphs...
35 :  113
35 :  112
Initializing...
maxdom : 35
D->valSize : 1225
Solving...
currentSize : 12 <-- 0.020048 s
currentSize : 14 <-- 0.020081 s
currentSize : 15 <-- 0.020089 s
currentSize : 16 <-- 0.022213 s
currentSize : 17 <-- 0.035748 s
currentSize : 18 <-- 0.454009 s
currentSize : 19 <-- 8.497575 s
currentSize : 20 <-- 24.277037 s
currentSize : 21 <-- 120.485847 s
currentSize : 24 <-- 121.153481 s

maxsize : 24
nodes : 30156276.000000
filtered : 890972958.000000
time : 178.555847
