Parameters: GAD=1 vflib=1 dir=0 label=0 lowerbound=1 fileNameGp=../graphsdb/mcs70/rand/r005/mcs70_r005_s30.A14 fileNameGt=../graphsdb/mcs70/rand/r005/mcs70_r005_s30.B14
Reading graphs...
30 :  40
30 :  41
Initializing...
maxdom : 30
D->valSize : 900
Solving...
currentSize : 12 <-- 0.011212 s
currentSize : 15 <-- 0.011312 s
currentSize : 16 <-- 0.011388 s
currentSize : 17 <-- 0.029037 s
currentSize : 18 <-- 0.033360 s
currentSize : 19 <-- 0.154535 s
currentSize : 20 <-- 0.169797 s
currentSize : 21 <-- 1.244253 s
currentSize : 22 <-- 1.673996 s

maxsize : 22
nodes : 5122630.000000
filtered : 86654971.000000
time : 22.811525
