Parameters: GAD=1 vflib=1 dir=0 label=0 lowerbound=1 fileNameGp=../graphsdb/mcs70/rand/r005/mcs70_r005_s25.A55 fileNameGt=../graphsdb/mcs70/rand/r005/mcs70_r005_s25.B55
Reading graphs...
25 :  33
25 :  32
Initializing...
maxdom : 25
D->valSize : 625
Solving...
currentSize : 12 <-- 0.005328 s
currentSize : 14 <-- 0.005364 s
currentSize : 15 <-- 0.005898 s
currentSize : 16 <-- 0.007637 s
currentSize : 17 <-- 0.851072 s
currentSize : 18 <-- 1.581750 s

maxsize : 18
nodes : 1311604.000000
filtered : 14868926.000000
time : 4.436194
