Parameters: GAD=1 vflib=1 dir=0 label=0 lowerbound=1 fileNameGp=../graphsdb/mcs70/rand/r005/mcs70_r005_s35.A39 fileNameGt=../graphsdb/mcs70/rand/r005/mcs70_r005_s35.B39
Reading graphs...
35 :  58
35 :  57
Initializing...
maxdom : 35
D->valSize : 1225
Solving...
currentSize : 14 <-- 0.025095 s
currentSize : 15 <-- 0.025305 s
currentSize : 16 <-- 0.028102 s
currentSize : 17 <-- 0.056811 s
currentSize : 18 <-- 0.218250 s
currentSize : 19 <-- 0.241382 s
currentSize : 20 <-- 7.865159 s
currentSize : 21 <-- 10.140943 s
currentSize : 22 <-- 22.290831 s
currentSize : 23 <-- 139.958099 s
currentSize : 24 <-- 541.011780 s
currentSize : 25 <-- 545.483154 s
currentSize : 26 <-- 625.648621 s

maxsize : 26
nodes : 144544777.000000
filtered : 2659316073.000000
time : 672.787781
