Parameters: GAD=1 vflib=1 dir=0 label=0 lowerbound=1 fileNameGp=../graphsdb/mcs70/m3D/m3Dr4/mcs70_m3Dr4_s35.A76 fileNameGt=../graphsdb/mcs70/m3D/m3Dr4/mcs70_m3Dr4_s35.B76
Reading graphs...
35 :  85
35 :  84
Initializing...
maxdom : 35
D->valSize : 1225
Solving...
currentSize : 17 <-- 0.019756 s
currentSize : 18 <-- 0.019786 s
currentSize : 19 <-- 0.019917 s
currentSize : 20 <-- 0.020952 s
currentSize : 21 <-- 0.048912 s
currentSize : 22 <-- 57.568874 s
currentSize : 23 <-- 286.689606 s
currentSize : 24 <-- 315.728027 s
currentSize : 26 <-- 344.209259 s
currentSize : 28 <-- 344.209351 s

maxsize : 28
nodes : 64116790.000000
filtered : 1612419327.000000
time : 348.388641
