Parameters: GAD=1 vflib=1 dir=0 label=0 lowerbound=1 fileNameGp=../graphsdb/mcs70/rand/r005/mcs70_r005_s25.A97 fileNameGt=../graphsdb/mcs70/rand/r005/mcs70_r005_s25.B97
Reading graphs...
25 :  33
25 :  33
Initializing...
maxdom : 25
D->valSize : 625
Solving...
currentSize : 14 <-- 0.005561 s
currentSize : 15 <-- 0.005576 s
currentSize : 16 <-- 0.758081 s
currentSize : 17 <-- 1.463815 s
currentSize : 18 <-- 1.608475 s
currentSize : 19 <-- 2.437158 s

maxsize : 19
nodes : 746216.000000
filtered : 8440107.000000
time : 2.541539
