Parameters: GAD=1 vflib=1 dir=0 label=0 lowerbound=1 fileNameGp=../graphsdb/mcs70/bvg/b06m/mcs70_b06m_s35.A80 fileNameGt=../graphsdb/mcs70/bvg/b06m/mcs70_b06m_s35.B80
Reading graphs...
35 :  105
35 :  104
Initializing...
maxdom : 35
D->valSize : 1225
Solving...
currentSize : 13 <-- 0.019039 s
currentSize : 15 <-- 0.019088 s
currentSize : 16 <-- 0.019965 s
currentSize : 17 <-- 0.029541 s
currentSize : 18 <-- 0.054667 s
currentSize : 19 <-- 1.941606 s
currentSize : 20 <-- 40.718815 s
currentSize : 21 <-- 167.115585 s
currentSize : 22 <-- 167.117218 s
currentSize : 24 <-- 167.121521 s
currentSize : 25 <-- 167.121552 s

maxsize : 25
nodes : 34878649.000000
filtered : 907116009.000000
time : 189.115967
