Parameters: GAD=1 vflib=1 dir=0 label=0 lowerbound=1 fileNameGp=../graphsdb/mcs70/m2D/m2D/mcs70_m2D_s25.A09 fileNameGt=../graphsdb/mcs70/m2D/m2D/mcs70_m2D_s25.B09
Reading graphs...
25 :  39
25 :  40
Initializing...
maxdom : 25
D->valSize : 625
Solving...
currentSize : 2 <-- 0.008901 s
currentSize : 12 <-- 0.008999 s
currentSize : 14 <-- 0.009060 s
currentSize : 15 <-- 0.009461 s
currentSize : 16 <-- 0.010310 s
currentSize : 17 <-- 0.202070 s
currentSize : 18 <-- 0.723025 s
currentSize : 19 <-- 1.615322 s

maxsize : 19
nodes : 506935.000000
filtered : 9187212.000000
time : 2.163997
