Parameters: GAD=1 vflib=1 dir=0 label=0 lowerbound=1 fileNameGp=../graphsdb/mcs70/bvg/b03m/mcs70_b03m_s25.A47 fileNameGt=../graphsdb/mcs70/bvg/b03m/mcs70_b03m_s25.B47
Reading graphs...
25 :  37
25 :  37
Initializing...
maxdom : 25
D->valSize : 625
Solving...
currentSize : 13 <-- 0.009192 s
currentSize : 14 <-- 0.009230 s
currentSize : 15 <-- 0.024584 s
currentSize : 16 <-- 0.332440 s
currentSize : 17 <-- 0.535637 s
currentSize : 18 <-- 1.988046 s

maxsize : 18
nodes : 1143084.000000
filtered : 15680475.000000
time : 4.216084
