Parameters: GAD=1 vflib=1 dir=0 label=0 lowerbound=1 fileNameGp=../graphsdb/mcs70/m2D/m2Dr6/m2Dr6/mcs70_m2Dr6_s15.A87 fileNameGt=../graphsdb/mcs70/m2D/m2Dr6/m2Dr6/mcs70_m2Dr6_s15.B87
Reading graphs...
15 :  29
15 :  29
Initializing...
maxdom : 15
D->valSize : 225
Solving...
currentSize : 5 <-- 0.001326 s
currentSize : 7 <-- 0.001364 s
currentSize : 8 <-- 0.001450 s
currentSize : 9 <-- 0.002683 s
currentSize : 10 <-- 0.004764 s
currentSize : 11 <-- 0.013198 s

maxsize : 11
nodes : 5626.000000
filtered : 72072.000000
time : 0.025928
