Parameters: GAD=1 vflib=1 dir=0 label=0 lowerbound=1 fileNameGp=../graphsdb/mcs70/bvg/b03m/mcs70_b03m_s25.A81 fileNameGt=../graphsdb/mcs70/bvg/b03m/mcs70_b03m_s25.B81
Reading graphs...
25 :  37
25 :  37
Initializing...
maxdom : 25
D->valSize : 625
Solving...
currentSize : 11 <-- 0.005446 s
currentSize : 12 <-- 0.005675 s
currentSize : 13 <-- 0.007797 s
currentSize : 14 <-- 0.014475 s
currentSize : 15 <-- 0.149883 s
currentSize : 16 <-- 0.152340 s
currentSize : 17 <-- 1.354666 s
currentSize : 18 <-- 6.195689 s

maxsize : 18
nodes : 1954956.000000
filtered : 23921715.000000
time : 7.000312
