Parameters: GAD=1 vflib=1 dir=0 label=0 lowerbound=1 fileNameGp=../graphsdb/mcs70/m4D/m4D/mcs70_m4D_s25.A07 fileNameGt=../graphsdb/mcs70/m4D/m4D/mcs70_m4D_s25.B07
Reading graphs...
25 :  46
25 :  46
Initializing...
maxdom : 25
D->valSize : 625
Solving...
currentSize : 8 <-- 0.005155 s
currentSize : 12 <-- 0.005341 s
currentSize : 13 <-- 0.006009 s
currentSize : 14 <-- 0.006413 s
currentSize : 15 <-- 0.006424 s
currentSize : 16 <-- 0.265108 s
currentSize : 17 <-- 0.298796 s
currentSize : 18 <-- 0.315842 s
currentSize : 19 <-- 0.357348 s

maxsize : 19
nodes : 187356.000000
filtered : 3418021.000000
time : 0.765883
