Parameters: GAD=1 vflib=1 dir=0 label=0 lowerbound=1 fileNameGp=../graphsdb/mcs70/bvg/b06/mcs70_b06_s35.A61 fileNameGt=../graphsdb/mcs70/bvg/b06/mcs70_b06_s35.B61
Reading graphs...
35 :  105
35 :  105
Initializing...
maxdom : 35
D->valSize : 1225
Solving...
currentSize : 14 <-- 0.033293 s
currentSize : 17 <-- 0.033358 s
currentSize : 18 <-- 0.045727 s
currentSize : 19 <-- 0.188175 s
currentSize : 20 <-- 0.270734 s
currentSize : 21 <-- 1.889537 s
currentSize : 22 <-- 2.662925 s
currentSize : 23 <-- 3.547074 s
currentSize : 24 <-- 3.612658 s
currentSize : 25 <-- 5.655731 s

maxsize : 25
nodes : 5237087.000000
filtered : 216244652.000000
time : 36.844467
