Parameters: GAD=1 vflib=1 dir=0 label=0 lowerbound=1 fileNameGp=../graphsdb/mcs70/rand/r005/mcs70_r005_s30.A61 fileNameGt=../graphsdb/mcs70/rand/r005/mcs70_r005_s30.B61
Reading graphs...
30 :  41
30 :  42
Initializing...
maxdom : 30
D->valSize : 900
Solving...
currentSize : 17 <-- 0.019566 s
currentSize : 18 <-- 0.019762 s
currentSize : 19 <-- 0.048775 s
currentSize : 20 <-- 0.155750 s
currentSize : 21 <-- 0.521669 s
currentSize : 22 <-- 0.844054 s
currentSize : 23 <-- 5.766868 s

maxsize : 23
nodes : 2319165.000000
filtered : 46459846.000000
time : 11.315949
