Parameters: GAD=1 vflib=1 dir=0 label=0 lowerbound=1 fileNameGp=../graphsdb/mcs70/bvg/b09/mcs70_b09_s30.A96 fileNameGt=../graphsdb/mcs70/bvg/b09/mcs70_b09_s30.B96
Reading graphs...
30 :  134
30 :  135
Initializing...
maxdom : 30
D->valSize : 900
Solving...
currentSize : 9 <-- 0.016398 s
currentSize : 10 <-- 0.016493 s
currentSize : 11 <-- 0.016734 s
currentSize : 12 <-- 0.016798 s
currentSize : 13 <-- 0.026334 s
currentSize : 14 <-- 0.368332 s
currentSize : 15 <-- 1.170403 s
currentSize : 16 <-- 4.044347 s
currentSize : 17 <-- 4.247553 s
currentSize : 19 <-- 4.300691 s
currentSize : 20 <-- 4.300828 s
currentSize : 21 <-- 4.309650 s

maxsize : 21
nodes : 1757458.000000
filtered : 41064436.000000
time : 8.804512
