Parameters: GAD=1 vflib=1 dir=0 label=0 lowerbound=1 fileNameGp=../graphsdb/mcs70/m4D/m4Dr6/mcs70_m4Dr6_s25.A74 fileNameGt=../graphsdb/mcs70/m4D/m4Dr6/mcs70_m4Dr6_s25.B74
Reading graphs...
25 :  62
25 :  60
Initializing...
maxdom : 25
D->valSize : 625
Solving...
currentSize : 10 <-- 0.008380 s
currentSize : 12 <-- 0.008669 s
currentSize : 13 <-- 0.034326 s
currentSize : 14 <-- 0.055607 s
currentSize : 15 <-- 0.175870 s
currentSize : 16 <-- 0.534976 s

maxsize : 16
nodes : 1540272.000000
filtered : 30429655.000000
time : 6.801938
