Parameters: GAD=1 vflib=1 dir=0 label=0 lowerbound=1 fileNameGp=../graphsdb/mcs70/bvg/b03/mcs70_b03_s30.A23 fileNameGt=../graphsdb/mcs70/bvg/b03/mcs70_b03_s30.B23
Reading graphs...
30 :  45
30 :  45
Initializing...
maxdom : 30
D->valSize : 900
Solving...
currentSize : 13 <-- 0.010968 s
currentSize : 17 <-- 0.011157 s
currentSize : 18 <-- 0.054811 s
currentSize : 19 <-- 1.220819 s
currentSize : 20 <-- 3.968696 s
currentSize : 22 <-- 4.127581 s
currentSize : 23 <-- 8.656436 s

maxsize : 23
nodes : 3293296.000000
filtered : 61707931.000000
time : 14.622026
