Parameters: GAD=1 vflib=1 dir=0 label=0 lowerbound=1 fileNameGp=../graphsdb/mcs70/bvg/b06m/mcs70_b06m_s25.A96 fileNameGt=../graphsdb/mcs70/bvg/b06m/mcs70_b06m_s25.B96
Reading graphs...
25 :  74
25 :  74
Initializing...
maxdom : 25
D->valSize : 625
Solving...
currentSize : 10 <-- 0.008238 s
currentSize : 11 <-- 0.008562 s
currentSize : 12 <-- 0.030790 s
currentSize : 13 <-- 0.046249 s
currentSize : 14 <-- 0.049877 s
currentSize : 15 <-- 1.152099 s
currentSize : 17 <-- 3.611203 s

maxsize : 17
nodes : 1087201.000000
filtered : 19371776.000000
time : 4.629199
