Parameters: GAD=1 vflib=1 dir=0 label=0 lowerbound=1 fileNameGp=../graphsdb/mcs70/bvg/b06/mcs70_b06_s35.A55 fileNameGt=../graphsdb/mcs70/bvg/b06/mcs70_b06_s35.B55
Reading graphs...
35 :  104
35 :  103
Initializing...
maxdom : 35
D->valSize : 1225
Solving...
currentSize : 19 <-- 0.019217 s
currentSize : 20 <-- 0.019241 s
currentSize : 21 <-- 2.190096 s
currentSize : 22 <-- 2.714453 s
currentSize : 24 <-- 2.809358 s
currentSize : 26 <-- 3.113266 s

maxsize : 26
nodes : 2825637.000000
filtered : 113504031.000000
time : 19.171707
