Parameters: GAD=1 vflib=1 dir=0 label=0 lowerbound=1 fileNameGp=../graphsdb/mcs70/rand/r005/mcs70_r005_s25.A95 fileNameGt=../graphsdb/mcs70/rand/r005/mcs70_r005_s25.B95
Reading graphs...
25 :  33
25 :  32
Initializing...
maxdom : 25
D->valSize : 625
Solving...
currentSize : 14 <-- 0.005401 s
currentSize : 15 <-- 0.005785 s
currentSize : 16 <-- 0.044169 s
currentSize : 17 <-- 0.296361 s
currentSize : 18 <-- 0.465136 s
currentSize : 19 <-- 0.577621 s
currentSize : 20 <-- 0.593153 s

maxsize : 20
nodes : 202502.000000
filtered : 2255085.000000
time : 0.827625
