Parameters: GAD=1 vflib=1 dir=0 label=0 lowerbound=1 fileNameGp=../graphsdb/mcs70/rand/r01/mcs70_r01_s25.A92 fileNameGt=../graphsdb/mcs70/rand/r01/mcs70_r01_s25.B92
Reading graphs...
25 :  57
25 :  58
Initializing...
maxdom : 25
D->valSize : 625
Solving...
currentSize : 11 <-- 0.008544 s
currentSize : 12 <-- 0.008643 s
currentSize : 13 <-- 0.009452 s
currentSize : 14 <-- 0.018195 s
currentSize : 15 <-- 0.052045 s
currentSize : 16 <-- 0.086302 s
currentSize : 17 <-- 2.874471 s

maxsize : 17
nodes : 1032044.000000
filtered : 20553190.000000
time : 4.613798
