Parameters: GAD=1 vflib=1 dir=0 label=0 lowerbound=1 fileNameGp=../graphsdb/mcs70/rand/r01/mcs70_r01_s30.A98 fileNameGt=../graphsdb/mcs70/rand/r01/mcs70_r01_s30.B98
Reading graphs...
30 :  82
30 :  84
Initializing...
maxdom : 30
D->valSize : 900
Solving...
currentSize : 15 <-- 0.010252 s
currentSize : 16 <-- 0.010278 s
currentSize : 17 <-- 0.010407 s
currentSize : 19 <-- 0.039460 s
currentSize : 20 <-- 0.045712 s
currentSize : 21 <-- 0.045822 s

maxsize : 21
nodes : 1046962.000000
filtered : 43785904.000000
time : 6.858501
