Parameters: GAD=1 vflib=1 dir=0 label=0 lowerbound=1 fileNameGp=../graphsdb/mcs70/rand/r01/mcs70_r01_s35.A86 fileNameGt=../graphsdb/mcs70/rand/r01/mcs70_r01_s35.B86
Reading graphs...
35 :  115
35 :  113
Initializing...
maxdom : 35
D->valSize : 1225
Solving...
currentSize : 13 <-- 0.019158 s
currentSize : 16 <-- 0.019193 s
currentSize : 17 <-- 0.019312 s
currentSize : 18 <-- 0.082184 s
currentSize : 19 <-- 0.197661 s
currentSize : 24 <-- 89.604088 s

maxsize : 24
nodes : 23573504.000000
filtered : 642612679.000000
time : 135.026230
