Parameters: GAD=1 vflib=1 dir=0 label=0 lowerbound=1 fileNameGp=../graphsdb/mcs70/bvg/b09m/mcs70_b09m_s25.A09 fileNameGt=../graphsdb/mcs70/bvg/b09m/mcs70_b09m_s25.B09
Reading graphs...
25 :  100
25 :  101
Initializing...
maxdom : 25
D->valSize : 625
Solving...
currentSize : 9 <-- 0.004661 s
currentSize : 10 <-- 0.005018 s
currentSize : 11 <-- 0.005934 s
currentSize : 12 <-- 0.047135 s
currentSize : 13 <-- 1.024482 s
currentSize : 14 <-- 5.208129 s
currentSize : 16 <-- 5.591493 s

maxsize : 16
nodes : 1846777.000000
filtered : 25407709.000000
time : 7.025897
