Parameters: GAD=1 vflib=1 dir=0 label=0 lowerbound=1 fileNameGp=../graphsdb/mcs70/bvg/b03m/mcs70_b03m_s30.A09 fileNameGt=../graphsdb/mcs70/bvg/b03m/mcs70_b03m_s30.B09
Reading graphs...
30 :  45
30 :  45
Initializing...
maxdom : 30
D->valSize : 900
Solving...
currentSize : 15 <-- 0.011179 s
currentSize : 16 <-- 0.011926 s
currentSize : 18 <-- 0.026748 s
currentSize : 19 <-- 0.037108 s
currentSize : 20 <-- 0.055396 s
currentSize : 21 <-- 0.127553 s
currentSize : 22 <-- 1.637273 s

maxsize : 22
nodes : 1443968.000000
filtered : 32501886.000000
time : 7.056870
