Parameters: GAD=1 vflib=1 dir=0 label=0 lowerbound=1 fileNameGp=../graphsdb/mcs70/rand/r005/mcs70_r005_s35.A46 fileNameGt=../graphsdb/mcs70/rand/r005/mcs70_r005_s35.B46
Reading graphs...
35 :  57
35 :  57
Initializing...
maxdom : 35
D->valSize : 1225
Solving...
currentSize : 14 <-- 0.021039 s
currentSize : 15 <-- 0.021087 s
currentSize : 16 <-- 0.021095 s
currentSize : 17 <-- 0.023665 s
currentSize : 18 <-- 0.023702 s
currentSize : 19 <-- 0.023861 s
currentSize : 20 <-- 0.333497 s
currentSize : 21 <-- 0.495588 s
currentSize : 22 <-- 0.495704 s
currentSize : 23 <-- 47.168900 s
currentSize : 24 <-- 47.173672 s
currentSize : 25 <-- 64.454315 s
currentSize : 26 <-- 68.430832 s

maxsize : 26
nodes : 23834120.000000
filtered : 433513788.000000
time : 114.667358
