Parameters: GAD=1 vflib=1 dir=0 label=0 lowerbound=1 fileNameGp=../graphsdb/mcs70/bvg/b06/mcs70_b06_s30.A56 fileNameGt=../graphsdb/mcs70/bvg/b06/mcs70_b06_s30.B56
Reading graphs...
30 :  90
30 :  90
Initializing...
maxdom : 30
D->valSize : 900
Solving...
currentSize : 15 <-- 0.010061 s
currentSize : 16 <-- 0.010370 s
currentSize : 17 <-- 0.010730 s
currentSize : 18 <-- 0.011435 s
currentSize : 19 <-- 0.013661 s
currentSize : 20 <-- 0.237469 s
currentSize : 21 <-- 0.265678 s
currentSize : 22 <-- 0.279728 s

maxsize : 22
nodes : 600121.000000
filtered : 19505245.000000
time : 3.408708
