Parameters: GAD=1 vflib=1 dir=0 label=0 lowerbound=1 fileNameGp=../graphsdb/mcs70/bvg/b09m/mcs70_b09m_s35.A81 fileNameGt=../graphsdb/mcs70/bvg/b09m/mcs70_b09m_s35.B81
Reading graphs...
35 :  152
35 :  154
Initializing...
maxdom : 35
D->valSize : 1225
Solving...
currentSize : 13 <-- 0.018345 s
currentSize : 14 <-- 0.018391 s
currentSize : 15 <-- 0.018446 s
currentSize : 16 <-- 0.020866 s
currentSize : 17 <-- 2.995776 s
currentSize : 18 <-- 187.107635 s
currentSize : 19 <-- 212.569275 s
currentSize : 20 <-- 212.569321 s
currentSize : 21 <-- 220.230164 s
currentSize : 22 <-- 220.230194 s
currentSize : 23 <-- 266.507294 s
currentSize : 24 <-- 266.507355 s

maxsize : 24
nodes : 54460119.000000
filtered : 1216492972.000000
time : 284.064514
