Parameters: GAD=1 vflib=1 dir=0 label=0 lowerbound=1 fileNameGp=../graphsdb/mcs70/bvg/b03/mcs70_b03_s25.A70 fileNameGt=../graphsdb/mcs70/bvg/b03/mcs70_b03_s25.B70
Reading graphs...
25 :  37
25 :  37
Initializing...
maxdom : 25
D->valSize : 625
Solving...
currentSize : 13 <-- 0.009123 s
currentSize : 14 <-- 0.009180 s
currentSize : 15 <-- 0.025059 s
currentSize : 16 <-- 0.026689 s
currentSize : 17 <-- 0.132384 s
currentSize : 18 <-- 0.189017 s
currentSize : 19 <-- 0.405215 s
currentSize : 20 <-- 1.096436 s

maxsize : 20
nodes : 251553.000000
filtered : 4438160.000000
time : 1.180395
