Parameters: GAD=1 vflib=1 dir=0 label=0 lowerbound=1 fileNameGp=../graphsdb/mcs70/bvg/b06/mcs70_b06_s25.A89 fileNameGt=../graphsdb/mcs70/bvg/b06/mcs70_b06_s25.B89
Reading graphs...
25 :  75
25 :  74
Initializing...
maxdom : 25
D->valSize : 625
Solving...
currentSize : 10 <-- 0.004721 s
currentSize : 11 <-- 0.004771 s
currentSize : 12 <-- 0.005866 s
currentSize : 13 <-- 0.005983 s
currentSize : 14 <-- 0.016636 s
currentSize : 15 <-- 0.054075 s
currentSize : 16 <-- 0.059159 s
currentSize : 17 <-- 0.649990 s
currentSize : 18 <-- 1.259989 s

maxsize : 18
nodes : 328949.000000
filtered : 7344199.000000
time : 1.648324
