Parameters: GAD=1 vflib=1 dir=0 label=0 lowerbound=1 fileNameGp=../graphsdb/mcs70/bvg/b09/mcs70_b09_s30.A98 fileNameGt=../graphsdb/mcs70/bvg/b09/mcs70_b09_s30.B98
Reading graphs...
30 :  132
30 :  131
Initializing...
maxdom : 30
D->valSize : 900
Solving...
currentSize : 9 <-- 0.014300 s
currentSize : 11 <-- 0.014394 s
currentSize : 12 <-- 0.015437 s
currentSize : 14 <-- 0.015564 s
currentSize : 15 <-- 0.031963 s
currentSize : 16 <-- 2.826302 s
currentSize : 17 <-- 2.881698 s
currentSize : 20 <-- 2.984026 s
currentSize : 21 <-- 4.005056 s

maxsize : 21
nodes : 1469164.000000
filtered : 37030997.000000
time : 7.547809
