Parameters: GAD=1 vflib=1 dir=0 label=0 lowerbound=1 fileNameGp=../graphsdb/mcs70/bvg/b06/mcs70_b06_s35.A31 fileNameGt=../graphsdb/mcs70/bvg/b06/mcs70_b06_s35.B31
Reading graphs...
35 :  105
35 :  105
Initializing...
maxdom : 35
D->valSize : 1225
Solving...
currentSize : 17 <-- 0.019418 s
currentSize : 18 <-- 0.021215 s
currentSize : 19 <-- 0.024342 s
currentSize : 23 <-- 0.024986 s
currentSize : 24 <-- 1.966100 s
currentSize : 25 <-- 3.206868 s

maxsize : 25
nodes : 9202091.000000
filtered : 405207180.000000
time : 65.234344
