Parameters: GAD=1 vflib=1 dir=0 label=0 lowerbound=1 fileNameGp=../graphsdb/mcs70/bvg/b03m/mcs70_b03m_s30.A53 fileNameGt=../graphsdb/mcs70/bvg/b03m/mcs70_b03m_s30.B53
Reading graphs...
30 :  43
30 :  44
Initializing...
maxdom : 30
D->valSize : 900
Solving...
currentSize : 14 <-- 0.011255 s
currentSize : 15 <-- 0.011276 s
currentSize : 16 <-- 0.011412 s
currentSize : 17 <-- 0.011424 s
currentSize : 18 <-- 0.012816 s
currentSize : 19 <-- 0.021052 s
currentSize : 20 <-- 0.140237 s
currentSize : 21 <-- 0.755361 s
currentSize : 22 <-- 19.120480 s
currentSize : 23 <-- 27.658957 s

maxsize : 23
nodes : 6913209.000000
filtered : 124899750.000000
time : 31.903687
