Parameters: GAD=1 vflib=1 dir=0 label=0 lowerbound=1 fileNameGp=../graphsdb/mcs70/rand/r005/mcs70_r005_s30.A53 fileNameGt=../graphsdb/mcs70/rand/r005/mcs70_r005_s30.B53
Reading graphs...
30 :  41
30 :  42
Initializing...
maxdom : 30
D->valSize : 900
Solving...
currentSize : 16 <-- 0.011267 s
currentSize : 17 <-- 0.011356 s
currentSize : 18 <-- 0.011464 s
currentSize : 19 <-- 0.440536 s
currentSize : 20 <-- 2.644112 s
currentSize : 21 <-- 9.883664 s
currentSize : 22 <-- 10.456398 s

maxsize : 22
nodes : 8162213.000000
filtered : 133187099.000000
time : 36.171055
