Parameters: GAD=1 vflib=1 dir=0 label=0 lowerbound=1 fileNameGp=../graphsdb/mcs70/bvg/b03m/mcs70_b03m_s25.A54 fileNameGt=../graphsdb/mcs70/bvg/b03m/mcs70_b03m_s25.B54
Reading graphs...
25 :  36
25 :  36
Initializing...
maxdom : 25
D->valSize : 625
Solving...
currentSize : 11 <-- 0.005329 s
currentSize : 12 <-- 0.005486 s
currentSize : 13 <-- 0.006582 s
currentSize : 14 <-- 0.014195 s
currentSize : 15 <-- 0.019046 s
currentSize : 16 <-- 0.139395 s
currentSize : 17 <-- 1.257402 s
currentSize : 18 <-- 3.370010 s

maxsize : 18
nodes : 1541440.000000
filtered : 17595554.000000
time : 4.966212
