Parameters: GAD=1 vflib=1 dir=0 label=0 lowerbound=1 fileNameGp=../graphsdb/mcs70/rand/r02/mcs70_r02_s35.A73 fileNameGt=../graphsdb/mcs70/rand/r02/mcs70_r02_s35.B73
Reading graphs...
35 :  215
35 :  216
Initializing...
maxdom : 35
D->valSize : 1225
Solving...
currentSize : 10 <-- 0.028881 s
currentSize : 11 <-- 0.029001 s
currentSize : 12 <-- 0.031093 s
currentSize : 13 <-- 0.050076 s
currentSize : 14 <-- 0.071767 s
currentSize : 15 <-- 0.536125 s
currentSize : 16 <-- 8.321900 s
currentSize : 17 <-- 198.958267 s
currentSize : 18 <-- 325.335388 s
currentSize : 24 <-- 358.135895 s

maxsize : 24
nodes : 78780850.000000
filtered : 1272417512.000000
time : 379.904175
