Parameters: GAD=1 vflib=1 dir=0 label=0 lowerbound=1 fileNameGp=../graphsdb/mcs70/bvg/b09m/mcs70_b09m_s20.A61 fileNameGt=../graphsdb/mcs70/bvg/b09m/mcs70_b09m_s20.B61
Reading graphs...
20 :  81
20 :  81
Initializing...
maxdom : 20
D->valSize : 400
Solving...
currentSize : 6 <-- 0.002117 s
currentSize : 7 <-- 0.002146 s
currentSize : 8 <-- 0.002166 s
currentSize : 9 <-- 0.002173 s
currentSize : 11 <-- 0.002342 s
currentSize : 14 <-- 0.164022 s

maxsize : 14
nodes : 86111.000000
filtered : 1196633.000000
time : 0.300054
