Parameters: GAD=1 vflib=1 dir=0 label=0 lowerbound=1 fileNameGp=../graphsdb/mcs70/rand/r005/mcs70_r005_s25.A89 fileNameGt=../graphsdb/mcs70/rand/r005/mcs70_r005_s25.B89
Reading graphs...
25 :  33
25 :  32
Initializing...
maxdom : 25
D->valSize : 625
Solving...
currentSize : 9 <-- 0.009252 s
currentSize : 10 <-- 0.009283 s
currentSize : 14 <-- 0.009418 s
currentSize : 15 <-- 0.009692 s
currentSize : 16 <-- 0.013584 s
currentSize : 17 <-- 0.013599 s
currentSize : 19 <-- 2.637878 s

maxsize : 19
nodes : 1096745.000000
filtered : 11763065.000000
time : 3.539019
