Parameters: GAD=1 vflib=1 dir=0 label=0 lowerbound=1 fileNameGp=../graphsdb/mcs70/bvg/b09/mcs70_b09_s35.A64 fileNameGt=../graphsdb/mcs70/bvg/b09/mcs70_b09_s35.B64
Reading graphs...
35 :  153
35 :  156
Initializing...
maxdom : 35
D->valSize : 1225
Solving...
currentSize : 14 <-- 0.018004 s
currentSize : 15 <-- 0.018218 s
currentSize : 17 <-- 0.019128 s
currentSize : 18 <-- 0.418136 s
currentSize : 19 <-- 0.939002 s
currentSize : 20 <-- 1.288227 s
currentSize : 21 <-- 1.318575 s
currentSize : 22 <-- 1.681894 s
currentSize : 23 <-- 1.682763 s
currentSize : 24 <-- 1.682988 s
currentSize : 25 <-- 1.683056 s

maxsize : 25
nodes : 2666375.000000
filtered : 111711667.000000
time : 17.988432
