Parameters: GAD=1 vflib=1 dir=0 label=0 lowerbound=1 fileNameGp=../graphsdb/mcs70/m2D/m2Dr6/m2Dr6/mcs70_m2Dr6_s35.A87 fileNameGt=../graphsdb/mcs70/m2D/m2Dr6/m2Dr6/mcs70_m2Dr6_s35.B87
Reading graphs...
35 :  78
35 :  78
Initializing...
maxdom : 35
D->valSize : 1225
Solving...
currentSize : 15 <-- 0.034753 s
currentSize : 17 <-- 0.034814 s
currentSize : 18 <-- 0.046141 s
currentSize : 19 <-- 0.068147 s
currentSize : 20 <-- 0.084169 s
currentSize : 21 <-- 1.323381 s
currentSize : 22 <-- 18.901566 s
currentSize : 23 <-- 377.456390 s
currentSize : 25 <-- 377.456573 s

maxsize : 25
nodes : 79787949.000000
filtered : 2093614662.000000
time : 453.826263
