Parameters: GAD=1 vflib=1 dir=0 label=0 lowerbound=1 fileNameGp=../graphsdb/mcs70/bvg/b06/mcs70_b06_s35.A02 fileNameGt=../graphsdb/mcs70/bvg/b06/mcs70_b06_s35.B02
Reading graphs...
35 :  105
35 :  104
Initializing...
maxdom : 35
D->valSize : 1225
Solving...
currentSize : 14 <-- 0.033147 s
currentSize : 15 <-- 0.033177 s
currentSize : 16 <-- 0.033301 s
currentSize : 17 <-- 0.040897 s
currentSize : 18 <-- 1.071480 s
currentSize : 19 <-- 1.402905 s
currentSize : 20 <-- 1.835979 s
currentSize : 21 <-- 2.297102 s
currentSize : 22 <-- 7.012246 s
currentSize : 23 <-- 9.375123 s
currentSize : 24 <-- 9.380033 s
currentSize : 25 <-- 19.561270 s
currentSize : 26 <-- 42.242706 s

maxsize : 26
nodes : 7307392.000000
filtered : 257922227.000000
time : 47.546623
