Parameters: GAD=1 vflib=1 dir=0 label=0 lowerbound=1 fileNameGp=../graphsdb/mcs70/rand/r02/mcs70_r02_s35.A77 fileNameGt=../graphsdb/mcs70/rand/r02/mcs70_r02_s35.B77
Reading graphs...
35 :  214
35 :  215
Initializing...
maxdom : 35
D->valSize : 1225
Solving...
currentSize : 12 <-- 0.017206 s
currentSize : 13 <-- 0.017526 s
currentSize : 14 <-- 0.033003 s
currentSize : 15 <-- 2.508863 s
currentSize : 16 <-- 91.905281 s
currentSize : 17 <-- 92.504379 s
currentSize : 18 <-- 233.377075 s
currentSize : 19 <-- 438.762604 s
currentSize : 20 <-- 474.312866 s
currentSize : 21 <-- 490.745728 s
currentSize : 24 <-- 491.523956 s

maxsize : 24
nodes : 99008467.000000
filtered : 1869011237.000000
time : 503.910858
