Parameters: GAD=1 vflib=1 dir=0 label=0 lowerbound=1 fileNameGp=../graphsdb/mcs70/bvg/b09/mcs70_b09_s20.A04 fileNameGt=../graphsdb/mcs70/bvg/b09/mcs70_b09_s20.B04
Reading graphs...
20 :  88
20 :  87
Initializing...
maxdom : 20
D->valSize : 400
Solving...
currentSize : 9 <-- 0.003789 s
currentSize : 10 <-- 0.004009 s
currentSize : 11 <-- 0.004568 s
currentSize : 12 <-- 0.011255 s
currentSize : 13 <-- 0.021396 s
currentSize : 14 <-- 0.038379 s

maxsize : 14
nodes : 29138.000000
filtered : 619545.000000
time : 0.119500
