Parameters: GAD=1 vflib=1 dir=0 label=0 lowerbound=1 fileNameGp=../graphsdb/mcs70/rand/r02/mcs70_r02_s25.A13 fileNameGt=../graphsdb/mcs70/rand/r02/mcs70_r02_s25.B13
Reading graphs...
25 :  111
25 :  109
Initializing...
maxdom : 25
D->valSize : 625
Solving...
currentSize : 9 <-- 0.004658 s
currentSize : 10 <-- 0.004695 s
currentSize : 11 <-- 0.004996 s
currentSize : 12 <-- 0.019017 s
currentSize : 13 <-- 1.621638 s
currentSize : 17 <-- 7.066051 s

maxsize : 17
nodes : 1971529.000000
filtered : 27057885.000000
time : 7.741550
