Parameters: GAD=1 vflib=1 dir=0 label=0 lowerbound=1 fileNameGp=../graphsdb/mcs70/rand/r01/mcs70_r01_s35.A09 fileNameGt=../graphsdb/mcs70/rand/r01/mcs70_r01_s35.B09
Reading graphs...
35 :  115
35 :  117
Initializing...
maxdom : 35
D->valSize : 1225
Solving...
currentSize : 15 <-- 0.032782 s
currentSize : 16 <-- 0.032978 s
currentSize : 17 <-- 0.033128 s
currentSize : 18 <-- 0.043788 s
currentSize : 19 <-- 0.377945 s
currentSize : 20 <-- 391.994202 s
currentSize : 21 <-- 598.022705 s
currentSize : 24 <-- 634.324951 s

maxsize : 24
nodes : 131445205.000000
filtered : 3039371897.000000
time : 697.013428
