Parameters: GAD=1 vflib=1 dir=0 label=0 lowerbound=1 fileNameGp=../graphsdb/mcs70/m4D/m4Dr2/mcs70_m4Dr2_s25.A86 fileNameGt=../graphsdb/mcs70/m4D/m4Dr2/mcs70_m4Dr2_s25.B86
Reading graphs...
25 :  51
25 :  50
Initializing...
maxdom : 25
D->valSize : 625
Solving...
currentSize : 8 <-- 0.005106 s
currentSize : 9 <-- 0.005189 s
currentSize : 10 <-- 0.005460 s
currentSize : 12 <-- 0.005603 s
currentSize : 13 <-- 0.005660 s
currentSize : 14 <-- 0.255642 s
currentSize : 15 <-- 0.435835 s
currentSize : 16 <-- 0.557791 s
currentSize : 17 <-- 1.060212 s

maxsize : 17
nodes : 791742.000000
filtered : 12588230.000000
time : 3.066288
