Parameters: GAD=1 vflib=1 dir=0 label=0 lowerbound=1 fileNameGp=../graphsdb/mcs70/m2D/m2Dr6/m2Dr6/mcs70_m2Dr6_s35.A32 fileNameGt=../graphsdb/mcs70/m2D/m2Dr6/m2Dr6/mcs70_m2Dr6_s35.B32
Reading graphs...
35 :  79
35 :  77
Initializing...
maxdom : 35
D->valSize : 1225
Solving...
currentSize : 15 <-- 0.034448 s
currentSize : 16 <-- 0.040358 s
currentSize : 17 <-- 0.148820 s
currentSize : 18 <-- 0.148943 s
currentSize : 19 <-- 0.623975 s
currentSize : 20 <-- 4.558423 s
currentSize : 21 <-- 6.062603 s
currentSize : 22 <-- 55.859219 s
currentSize : 23 <-- 459.619812 s
currentSize : 24 <-- 610.005371 s
currentSize : 26 <-- 634.689819 s

maxsize : 26
nodes : 127796331.000000
filtered : 3050336149.000000
time : 677.045776
