Parameters: GAD=1 vflib=1 dir=0 label=0 lowerbound=1 fileNameGp=../graphsdb/mcs70/rand/r02/mcs70_r02_s25.A32 fileNameGt=../graphsdb/mcs70/rand/r02/mcs70_r02_s25.B32
Reading graphs...
25 :  105
25 :  109
Initializing...
maxdom : 25
D->valSize : 625
Solving...
currentSize : 9 <-- 0.007654 s
currentSize : 10 <-- 0.007705 s
currentSize : 11 <-- 0.010121 s
currentSize : 12 <-- 0.052966 s
currentSize : 13 <-- 0.228841 s
currentSize : 17 <-- 7.780157 s

maxsize : 17
nodes : 2325169.000000
filtered : 29391947.000000
time : 8.683309
