Parameters: GAD=1 vflib=1 dir=0 label=0 lowerbound=1 fileNameGp=../graphsdb/mcs70/m4D/m4Dr4/mcs70_m4Dr4_s25.A08 fileNameGt=../graphsdb/mcs70/m4D/m4Dr4/mcs70_m4Dr4_s25.B08
Reading graphs...
25 :  56
25 :  55
Initializing...
maxdom : 25
D->valSize : 625
Solving...
currentSize : 11 <-- 0.005103 s
currentSize : 12 <-- 0.005515 s
currentSize : 13 <-- 0.012831 s
currentSize : 14 <-- 0.034639 s
currentSize : 15 <-- 0.152684 s
currentSize : 16 <-- 0.211316 s
currentSize : 17 <-- 0.250421 s

maxsize : 17
nodes : 444183.000000
filtered : 8957260.000000
time : 1.968530
