Parameters: GAD=1 vflib=1 dir=0 label=0 lowerbound=1 fileNameGp=../graphsdb/mcs70/rand/r01/mcs70_r01_s30.A89 fileNameGt=../graphsdb/mcs70/rand/r01/mcs70_r01_s30.B89
Reading graphs...
30 :  85
30 :  82
Initializing...
maxdom : 30
D->valSize : 900
Solving...
currentSize : 12 <-- 0.010123 s
currentSize : 13 <-- 0.010138 s
currentSize : 15 <-- 0.010154 s
currentSize : 16 <-- 0.011802 s
currentSize : 17 <-- 0.016376 s
currentSize : 18 <-- 1.120899 s
currentSize : 21 <-- 76.352272 s

maxsize : 21
nodes : 17035259.000000
filtered : 382072465.000000
time : 82.748970
