Parameters: GAD=1 vflib=1 dir=0 label=0 lowerbound=1 fileNameGp=../graphsdb/mcs70/bvg/b03/mcs70_b03_s15.A03 fileNameGt=../graphsdb/mcs70/bvg/b03/mcs70_b03_s15.B03
Reading graphs...
15 :  22
15 :  22
Initializing...
maxdom : 15
D->valSize : 225
Solving...
currentSize : 7 <-- 0.001373 s
currentSize : 8 <-- 0.001480 s
currentSize : 9 <-- 0.001562 s
currentSize : 10 <-- 0.001854 s
currentSize : 11 <-- 0.005565 s
currentSize : 12 <-- 0.006870 s
currentSize : 13 <-- 0.009250 s

maxsize : 13
nodes : 2553.000000
filtered : 28456.000000
time : 0.009661
