Parameters: GAD=1 vflib=1 dir=0 label=0 lowerbound=1 fileNameGp=../graphsdb/mcs70/bvg/b03m/mcs70_b03m_s30.A11 fileNameGt=../graphsdb/mcs70/bvg/b03m/mcs70_b03m_s30.B11
Reading graphs...
30 :  45
30 :  45
Initializing...
maxdom : 30
D->valSize : 900
Solving...
currentSize : 9 <-- 0.011382 s
currentSize : 14 <-- 0.011622 s
currentSize : 15 <-- 0.011838 s
currentSize : 16 <-- 0.024895 s
currentSize : 17 <-- 0.048942 s
currentSize : 18 <-- 0.498737 s
currentSize : 19 <-- 1.041182 s
currentSize : 20 <-- 1.128377 s
currentSize : 21 <-- 1.633830 s
currentSize : 22 <-- 16.912935 s
currentSize : 23 <-- 27.392664 s

maxsize : 23
nodes : 6409113.000000
filtered : 123658490.000000
time : 28.779337
