Parameters: GAD=1 vflib=1 dir=0 label=0 lowerbound=1 fileNameGp=../graphsdb/mcs70/bvg/b03m/mcs70_b03m_s25.A07 fileNameGt=../graphsdb/mcs70/bvg/b03m/mcs70_b03m_s25.B07
Reading graphs...
25 :  37
25 :  37
Initializing...
maxdom : 25
D->valSize : 625
Solving...
currentSize : 11 <-- 0.005354 s
currentSize : 14 <-- 0.005385 s
currentSize : 15 <-- 0.005399 s
currentSize : 16 <-- 0.006518 s
currentSize : 17 <-- 0.008548 s
currentSize : 18 <-- 0.569077 s
currentSize : 19 <-- 0.569121 s

maxsize : 19
nodes : 266004.000000
filtered : 4160843.000000
time : 1.026093
