Parameters: GAD=1 vflib=1 dir=0 label=0 lowerbound=1 fileNameGp=../graphsdb/mcs70/m3D/m3Dr4/mcs70_m3Dr4_s35.A62 fileNameGt=../graphsdb/mcs70/m3D/m3Dr4/mcs70_m3Dr4_s35.B62
Reading graphs...
35 :  85
35 :  84
Initializing...
maxdom : 35
D->valSize : 1225
Solving...
currentSize : 18 <-- 0.019796 s
currentSize : 19 <-- 0.019874 s
currentSize : 20 <-- 0.187301 s
currentSize : 21 <-- 8.593365 s
currentSize : 22 <-- 23.510872 s
currentSize : 23 <-- 793.896179 s
currentSize : 25 <-- 793.896423 s
currentSize : 27 <-- 806.492249 s

maxsize : 27
nodes : 148784092.000000
filtered : 3778738889.000000
time : 816.560791
