Parameters: GAD=1 vflib=1 dir=0 label=0 lowerbound=1 fileNameGp=../graphsdb/mcs70/m3D/m3Dr6/mcs70_m3Dr6_s35.A18 fileNameGt=../graphsdb/mcs70/m3D/m3Dr6/mcs70_m3Dr6_s35.B18
Reading graphs...
35 :  90
35 :  91
Initializing...
maxdom : 35
D->valSize : 1225
Solving...
currentSize : 14 <-- 0.019546 s
currentSize : 15 <-- 0.019614 s
currentSize : 16 <-- 0.019691 s
currentSize : 17 <-- 0.028391 s
currentSize : 18 <-- 0.046347 s
currentSize : 19 <-- 0.743162 s
currentSize : 20 <-- 10.335736 s
currentSize : 21 <-- 32.674957 s
currentSize : 22 <-- 246.581253 s
currentSize : 23 <-- 246.913971 s
currentSize : 25 <-- 246.974930 s
currentSize : 27 <-- 246.974976 s
currentSize : 28 <-- 246.976242 s

maxsize : 28
nodes : 47735676.000000
filtered : 1051367777.000000
time : 249.334503
