Parameters: GAD=1 vflib=1 dir=0 label=0 lowerbound=1 fileNameGp=../graphsdb/mcs70/bvg/b09/mcs70_b09_s35.A40 fileNameGt=../graphsdb/mcs70/bvg/b09/mcs70_b09_s35.B40
Reading graphs...
35 :  153
35 :  154
Initializing...
maxdom : 35
D->valSize : 1225
Solving...
currentSize : 16 <-- 0.018329 s
currentSize : 17 <-- 0.018472 s
currentSize : 18 <-- 0.018662 s
currentSize : 19 <-- 0.049384 s
currentSize : 22 <-- 0.088472 s
currentSize : 24 <-- 0.088706 s
currentSize : 25 <-- 3.919046 s

maxsize : 25
nodes : 2268720.000000
filtered : 101846713.000000
time : 16.225868
