Parameters: GAD=1 vflib=1 dir=0 label=0 lowerbound=1 fileNameGp=../graphsdb/mcs70/bvg/b06m/mcs70_b06m_s20.A52 fileNameGt=../graphsdb/mcs70/bvg/b06m/mcs70_b06m_s20.B52
Reading graphs...
20 :  53
20 :  55
Initializing...
maxdom : 20
D->valSize : 400
Solving...
currentSize : 5 <-- 0.003506 s
currentSize : 8 <-- 0.003531 s
currentSize : 9 <-- 0.003929 s
currentSize : 10 <-- 0.006091 s
currentSize : 11 <-- 0.006480 s
currentSize : 12 <-- 0.006524 s
currentSize : 13 <-- 0.059280 s
currentSize : 14 <-- 0.061528 s

maxsize : 14
nodes : 36209.000000
filtered : 703636.000000
time : 0.210724
