Parameters: GAD=1 vflib=1 dir=0 label=0 lowerbound=1 fileNameGp=../graphsdb/mcs70/bvg/b06m/mcs70_b06m_s25.A84 fileNameGt=../graphsdb/mcs70/bvg/b06m/mcs70_b06m_s25.B84
Reading graphs...
25 :  73
25 :  74
Initializing...
maxdom : 25
D->valSize : 625
Solving...
currentSize : 9 <-- 0.004829 s
currentSize : 11 <-- 0.004851 s
currentSize : 12 <-- 0.006524 s
currentSize : 13 <-- 0.020572 s
currentSize : 14 <-- 0.121942 s
currentSize : 15 <-- 1.154237 s
currentSize : 16 <-- 1.884940 s
currentSize : 17 <-- 1.884981 s

maxsize : 17
nodes : 702850.000000
filtered : 14305530.000000
time : 3.188816
