Parameters: GAD=1 vflib=1 dir=0 label=0 lowerbound=1 fileNameGp=../graphsdb/mcs70/bvg/b06/mcs70_b06_s35.A18 fileNameGt=../graphsdb/mcs70/bvg/b06/mcs70_b06_s35.B18
Reading graphs...
35 :  103
35 :  104
Initializing...
maxdom : 35
D->valSize : 1225
Solving...
currentSize : 14 <-- 0.023932 s
currentSize : 15 <-- 0.023990 s
currentSize : 16 <-- 0.024035 s
currentSize : 17 <-- 0.024090 s
currentSize : 18 <-- 0.041592 s
currentSize : 19 <-- 0.293001 s
currentSize : 20 <-- 0.299415 s
currentSize : 21 <-- 0.299795 s
currentSize : 22 <-- 0.487717 s
currentSize : 25 <-- 2.321900 s

maxsize : 25
nodes : 8410779.000000
filtered : 366066633.000000
time : 59.144447
