Parameters: GAD=1 vflib=1 dir=0 label=0 lowerbound=1 fileNameGp=../graphsdb/mcs70/m4D/m4D/mcs70_m4D_s25.A47 fileNameGt=../graphsdb/mcs70/m4D/m4D/mcs70_m4D_s25.B47
Reading graphs...
25 :  46
25 :  47
Initializing...
maxdom : 25
D->valSize : 625
Solving...
currentSize : 7 <-- 0.005390 s
currentSize : 10 <-- 0.005438 s
currentSize : 13 <-- 0.005453 s
currentSize : 15 <-- 0.005464 s
currentSize : 16 <-- 0.006193 s
currentSize : 18 <-- 0.035405 s
currentSize : 19 <-- 0.104307 s

maxsize : 19
nodes : 85255.000000
filtered : 2278040.000000
time : 0.413650
