Parameters: GAD=1 vflib=1 dir=0 label=0 lowerbound=1 fileNameGp=../graphsdb/mcs70/bvg/b09m/mcs70_b09m_s30.A29 fileNameGt=../graphsdb/mcs70/bvg/b09m/mcs70_b09m_s30.B29
Reading graphs...
30 :  129
30 :  130
Initializing...
maxdom : 30
D->valSize : 900
Solving...
currentSize : 10 <-- 0.009678 s
currentSize : 11 <-- 0.010033 s
currentSize : 12 <-- 0.012759 s
currentSize : 13 <-- 0.012906 s
currentSize : 14 <-- 0.021661 s
currentSize : 15 <-- 1.609711 s
currentSize : 16 <-- 5.042593 s
currentSize : 17 <-- 7.740861 s
currentSize : 19 <-- 32.945580 s
currentSize : 20 <-- 32.945660 s

maxsize : 20
nodes : 7084876.000000
filtered : 161492285.000000
time : 36.028675
