Parameters: GAD=1 vflib=1 dir=0 label=0 lowerbound=1 fileNameGp=../graphsdb/mcs70/m4D/m4Dr4/mcs70_m4Dr4_s25.A47 fileNameGt=../graphsdb/mcs70/m4D/m4Dr4/mcs70_m4Dr4_s25.B47
Reading graphs...
25 :  57
25 :  55
Initializing...
maxdom : 25
D->valSize : 625
Solving...
currentSize : 8 <-- 0.008598 s
currentSize : 10 <-- 0.008622 s
currentSize : 11 <-- 0.008704 s
currentSize : 12 <-- 0.013121 s
currentSize : 13 <-- 0.021821 s
currentSize : 14 <-- 0.061845 s
currentSize : 15 <-- 0.129369 s
currentSize : 16 <-- 0.238325 s
currentSize : 17 <-- 1.512615 s

maxsize : 17
nodes : 668194.000000
filtered : 13188619.000000
time : 2.801335
