Parameters: GAD=1 vflib=1 dir=0 label=0 lowerbound=1 fileNameGp=../graphsdb/mcs70/rand/r01/mcs70_r01_s35.A67 fileNameGt=../graphsdb/mcs70/rand/r01/mcs70_r01_s35.B67
Reading graphs...
35 :  109
35 :  111
Initializing...
maxdom : 35
D->valSize : 1225
Solving...
currentSize : 17 <-- 0.033190 s
currentSize : 18 <-- 0.038479 s
currentSize : 19 <-- 0.038713 s
currentSize : 20 <-- 0.896835 s
currentSize : 21 <-- 94.382111 s
currentSize : 22 <-- 94.682564 s
currentSize : 24 <-- 94.908524 s

maxsize : 24
nodes : 29669883.000000
filtered : 936562527.000000
time : 180.554947
