Parameters: GAD=1 vflib=1 dir=0 label=0 lowerbound=1 fileNameGp=../graphsdb/mcs70/m3D/m3D/mcs70_m3D_s35.A66 fileNameGt=../graphsdb/mcs70/m3D/m3D/mcs70_m3D_s35.B66
Reading graphs...
35 :  72
35 :  71
Initializing...
maxdom : 35
D->valSize : 1225
Solving...
currentSize : 18 <-- 0.020306 s
currentSize : 19 <-- 0.020336 s
currentSize : 20 <-- 0.029379 s
currentSize : 21 <-- 0.063491 s
currentSize : 22 <-- 0.397830 s
currentSize : 23 <-- 0.610343 s
currentSize : 24 <-- 0.817989 s
currentSize : 25 <-- 0.818214 s
currentSize : 27 <-- 14.449242 s
currentSize : 28 <-- 16.989218 s

maxsize : 28
nodes : 4041905.000000
filtered : 131533646.000000
time : 25.104254
