Parameters: GAD=1 vflib=1 dir=0 label=0 lowerbound=1 fileNameGp=../graphsdb/mcs70/m2D/m2Dr4/mcs70_m2Dr4_s35.A79 fileNameGt=../graphsdb/mcs70/m2D/m2Dr4/mcs70_m2Dr4_s35.B79
Reading graphs...
35 :  70
35 :  69
Initializing...
maxdom : 35
D->valSize : 1225
Solving...
currentSize : 18 <-- 0.035032 s
currentSize : 19 <-- 0.035309 s
currentSize : 20 <-- 0.038230 s
currentSize : 21 <-- 0.058276 s
currentSize : 22 <-- 1.195844 s
currentSize : 23 <-- 21.355944 s
currentSize : 24 <-- 26.731783 s
currentSize : 25 <-- 29.995274 s
currentSize : 26 <-- 30.088509 s

maxsize : 26
nodes : 13229778.000000
filtered : 413507326.000000
time : 81.518616
