Parameters: GAD=1 vflib=1 dir=0 label=0 lowerbound=1 fileNameGp=../graphsdb/mcs70/bvg/b06/mcs70_b06_s30.A46 fileNameGt=../graphsdb/mcs70/bvg/b06/mcs70_b06_s30.B46
Reading graphs...
30 :  90
30 :  89
Initializing...
maxdom : 30
D->valSize : 900
Solving...
currentSize : 11 <-- 0.017446 s
currentSize : 14 <-- 0.017503 s
currentSize : 16 <-- 0.017748 s
currentSize : 17 <-- 0.026654 s
currentSize : 18 <-- 0.349697 s
currentSize : 19 <-- 0.677662 s
currentSize : 20 <-- 0.703705 s
currentSize : 21 <-- 0.745280 s
currentSize : 22 <-- 1.026787 s

maxsize : 22
nodes : 906082.000000
filtered : 29467813.000000
time : 5.315265
