Parameters: GAD=1 vflib=1 dir=0 label=0 lowerbound=1 fileNameGp=../graphsdb/mcs70/bvg/b06/mcs70_b06_s30.A32 fileNameGt=../graphsdb/mcs70/bvg/b06/mcs70_b06_s30.B32
Reading graphs...
30 :  90
30 :  89
Initializing...
maxdom : 30
D->valSize : 900
Solving...
currentSize : 11 <-- 0.010180 s
currentSize : 12 <-- 0.010767 s
currentSize : 14 <-- 0.011533 s
currentSize : 15 <-- 0.014266 s
currentSize : 16 <-- 0.137836 s
currentSize : 17 <-- 0.152099 s
currentSize : 18 <-- 0.154844 s
currentSize : 19 <-- 0.510857 s
currentSize : 20 <-- 0.929340 s
currentSize : 21 <-- 0.950678 s
currentSize : 22 <-- 0.950735 s

maxsize : 22
nodes : 712703.000000
filtered : 22971298.000000
time : 4.113423
