Parameters: GAD=1 vflib=1 dir=0 label=0 lowerbound=1 fileNameGp=../graphsdb/mcs70/bvg/b09/mcs70_b09_s25.A32 fileNameGt=../graphsdb/mcs70/bvg/b09/mcs70_b09_s25.B32
Reading graphs...
25 :  109
25 :  112
Initializing...
maxdom : 25
D->valSize : 625
Solving...
currentSize : 9 <-- 0.007699 s
currentSize : 10 <-- 0.007800 s
currentSize : 11 <-- 0.008116 s
currentSize : 12 <-- 0.013335 s
currentSize : 13 <-- 0.151089 s
currentSize : 15 <-- 0.202198 s
currentSize : 16 <-- 0.202282 s
currentSize : 17 <-- 0.397727 s

maxsize : 17
nodes : 320552.000000
filtered : 7419700.000000
time : 1.584896
