Parameters: GAD=1 vflib=1 dir=0 label=0 lowerbound=1 fileNameGp=../graphsdb/mcs70/rand/r005/mcs70_r005_s30.A75 fileNameGt=../graphsdb/mcs70/rand/r005/mcs70_r005_s30.B75
Reading graphs...
30 :  41
30 :  41
Initializing...
maxdom : 30
D->valSize : 900
Solving...
currentSize : 17 <-- 0.019475 s
currentSize : 18 <-- 0.019909 s
currentSize : 19 <-- 0.021016 s
currentSize : 20 <-- 0.021033 s
currentSize : 21 <-- 0.476528 s
currentSize : 22 <-- 1.747342 s

maxsize : 22
nodes : 4732775.000000
filtered : 90895182.000000
time : 21.587467
