Parameters: GAD=1 vflib=1 dir=0 label=0 lowerbound=1 fileNameGp=../graphsdb/mcs70/bvg/b09m/mcs70_b09m_s30.A78 fileNameGt=../graphsdb/mcs70/bvg/b09m/mcs70_b09m_s30.B78
Reading graphs...
30 :  124
30 :  126
Initializing...
maxdom : 30
D->valSize : 900
Solving...
currentSize : 10 <-- 0.009723 s
currentSize : 11 <-- 0.009861 s
currentSize : 12 <-- 0.009961 s
currentSize : 13 <-- 0.010193 s
currentSize : 14 <-- 0.010478 s
currentSize : 15 <-- 0.776256 s
currentSize : 16 <-- 45.977745 s
currentSize : 17 <-- 46.389809 s
currentSize : 20 <-- 55.336056 s

maxsize : 20
nodes : 13404366.000000
filtered : 226539309.000000
time : 60.603367
