Parameters: GAD=1 vflib=1 dir=0 label=0 lowerbound=1 fileNameGp=../graphsdb/mcs70/m2D/m2Dr2/mcs70_m2Dr2_s25.A71 fileNameGt=../graphsdb/mcs70/m2D/m2Dr2/mcs70_m2Dr2_s25.B71
Reading graphs...
25 :  43
25 :  44
Initializing...
maxdom : 25
D->valSize : 625
Solving...
currentSize : 9 <-- 0.008856 s
currentSize : 10 <-- 0.008895 s
currentSize : 11 <-- 0.009459 s
currentSize : 12 <-- 0.010460 s
currentSize : 13 <-- 0.011578 s
currentSize : 14 <-- 0.022735 s
currentSize : 15 <-- 0.053915 s
currentSize : 16 <-- 0.098916 s
currentSize : 17 <-- 0.113416 s
currentSize : 18 <-- 3.391031 s

maxsize : 18
nodes : 1163019.000000
filtered : 20118783.000000
time : 4.833019
