Parameters: GAD=1 vflib=1 dir=0 label=0 lowerbound=1 fileNameGp=../graphsdb/mcs70/rand/r005/mcs70_r005_s35.A75 fileNameGt=../graphsdb/mcs70/rand/r005/mcs70_r005_s35.B75
Reading graphs...
35 :  57
35 :  57
Initializing...
maxdom : 35
D->valSize : 1225
Solving...
currentSize : 19 <-- 0.035925 s
currentSize : 20 <-- 0.036001 s
currentSize : 21 <-- 0.078437 s
currentSize : 22 <-- 0.652025 s
currentSize : 23 <-- 0.765911 s
currentSize : 24 <-- 12.741109 s
currentSize : 25 <-- 93.726212 s

maxsize : 25
nodes : 67121482.000000
filtered : 1618342749.000000
time : 367.458069
