Parameters: GAD=1 vflib=1 dir=0 label=0 lowerbound=1 fileNameGp=../graphsdb/mcs70/bvg/b03/mcs70_b03_s35.A53 fileNameGt=../graphsdb/mcs70/bvg/b03/mcs70_b03_s35.B53
Reading graphs...
35 :  52
35 :  52
Initializing...
maxdom : 35
D->valSize : 1225
Solving...
currentSize : 19 <-- 0.021027 s
currentSize : 20 <-- 0.021222 s
currentSize : 21 <-- 0.115832 s
currentSize : 22 <-- 0.144678 s
currentSize : 23 <-- 0.241964 s
currentSize : 24 <-- 0.345467 s
currentSize : 25 <-- 0.821258 s
currentSize : 26 <-- 2.381223 s
currentSize : 27 <-- 2.822486 s
currentSize : 28 <-- 10.302015 s
currentSize : 29 <-- 14.619008 s

maxsize : 29
nodes : 2647345.000000
filtered : 68525970.000000
time : 15.605659
