Parameters: GAD=1 vflib=1 dir=0 label=0 lowerbound=1 fileNameGp=../graphsdb/mcs70/rand/r02/mcs70_r02_s35.A69 fileNameGt=../graphsdb/mcs70/rand/r02/mcs70_r02_s35.B69
Reading graphs...
35 :  218
35 :  210
Initializing...
maxdom : 35
D->valSize : 1225
Solving...
currentSize : 10 <-- 0.017384 s
currentSize : 11 <-- 0.017524 s
currentSize : 12 <-- 0.018732 s
currentSize : 13 <-- 0.034770 s
currentSize : 14 <-- 0.045480 s
currentSize : 15 <-- 1.156988 s
currentSize : 17 <-- 1348.460083 s
currentSize : 19 <-- 1490.085083 s
currentSize : 24 <-- 1492.427734 s

maxsize : 24
nodes : 344815424.000000
filtered : 4636603750.000000
time : 1502.731323
