Parameters: GAD=1 vflib=1 dir=0 label=0 lowerbound=1 fileNameGp=../graphsdb/mcs70/bvg/b09/mcs70_b09_s30.A18 fileNameGt=../graphsdb/mcs70/bvg/b09/mcs70_b09_s30.B18
Reading graphs...
30 :  132
30 :  131
Initializing...
maxdom : 30
D->valSize : 900
Solving...
currentSize : 11 <-- 0.016273 s
currentSize : 12 <-- 0.016610 s
currentSize : 13 <-- 0.018597 s
currentSize : 14 <-- 0.030361 s
currentSize : 15 <-- 0.111803 s
currentSize : 16 <-- 0.767523 s
currentSize : 17 <-- 0.767808 s
currentSize : 19 <-- 0.768718 s
currentSize : 20 <-- 0.768830 s

maxsize : 20
nodes : 1505926.000000
filtered : 48149331.000000
time : 9.001290
