Parameters: GAD=1 vflib=1 dir=0 label=0 lowerbound=1 fileNameGp=../graphsdb/mcs70/m3D/m3Dr2/mcs70_m3Dr2_s35.A10 fileNameGt=../graphsdb/mcs70/m3D/m3Dr2/mcs70_m3Dr2_s35.B10
Reading graphs...
35 :  79
35 :  79
Initializing...
maxdom : 35
D->valSize : 1225
Solving...
currentSize : 17 <-- 0.034937 s
currentSize : 18 <-- 0.035038 s
currentSize : 19 <-- 0.041347 s
currentSize : 20 <-- 0.045003 s
currentSize : 21 <-- 0.079916 s
currentSize : 22 <-- 15.043872 s
currentSize : 23 <-- 123.379486 s
currentSize : 24 <-- 200.026993 s
currentSize : 25 <-- 221.246582 s
currentSize : 28 <-- 279.455719 s

maxsize : 28
nodes : 51431493.000000
filtered : 1358779663.000000
time : 284.440643
