Parameters: GAD=1 vflib=1 dir=0 label=0 lowerbound=1 fileNameGp=../graphsdb/mcs70/m2D/m2D/mcs70_m2D_s25.A60 fileNameGt=../graphsdb/mcs70/m2D/m2D/mcs70_m2D_s25.B60
Reading graphs...
25 :  39
25 :  40
Initializing...
maxdom : 25
D->valSize : 625
Solving...
currentSize : 13 <-- 0.009044 s
currentSize : 14 <-- 0.019401 s
currentSize : 15 <-- 0.019430 s
currentSize : 16 <-- 0.023886 s
currentSize : 17 <-- 0.143028 s
currentSize : 18 <-- 0.307802 s

maxsize : 18
nodes : 583239.000000
filtered : 10151305.000000
time : 2.534817
