Parameters: GAD=1 vflib=1 dir=0 label=0 lowerbound=1 fileNameGp=../graphsdb/mcs70/m4D/m4Dr6/mcs70_m4Dr6_s25.A23 fileNameGt=../graphsdb/mcs70/m4D/m4Dr6/mcs70_m4Dr6_s25.B23
Reading graphs...
25 :  60
25 :  57
Initializing...
maxdom : 25
D->valSize : 625
Solving...
currentSize : 10 <-- 0.005036 s
currentSize : 11 <-- 0.005063 s
currentSize : 12 <-- 0.005074 s
currentSize : 13 <-- 0.006433 s
currentSize : 14 <-- 0.029995 s
currentSize : 15 <-- 0.098841 s
currentSize : 16 <-- 0.332840 s
currentSize : 17 <-- 2.253101 s

maxsize : 17
nodes : 843309.000000
filtered : 18253451.000000
time : 3.846106
