Parameters: GAD=1 vflib=1 dir=0 label=0 lowerbound=1 fileNameGp=../graphsdb/mcs70/rand/r01/mcs70_r01_s25.A24 fileNameGt=../graphsdb/mcs70/rand/r01/mcs70_r01_s25.B24
Reading graphs...
25 :  58
25 :  58
Initializing...
maxdom : 25
D->valSize : 625
Solving...
currentSize : 10 <-- 0.008539 s
currentSize : 12 <-- 0.008663 s
currentSize : 13 <-- 0.008886 s
currentSize : 14 <-- 0.012338 s
currentSize : 15 <-- 0.031721 s
currentSize : 16 <-- 0.911315 s
currentSize : 17 <-- 2.981504 s

maxsize : 17
nodes : 1103703.000000
filtered : 21088738.000000
time : 4.681529
