Parameters: GAD=1 vflib=1 dir=0 label=0 lowerbound=1 fileNameGp=../graphsdb/mcs70/m3D/m3Dr6/mcs70_m3Dr6_s35.A28 fileNameGt=../graphsdb/mcs70/m3D/m3Dr6/mcs70_m3Dr6_s35.B28
Reading graphs...
35 :  91
35 :  91
Initializing...
maxdom : 35
D->valSize : 1225
Solving...
currentSize : 16 <-- 0.019508 s
currentSize : 18 <-- 0.019663 s
currentSize : 19 <-- 0.020540 s
currentSize : 20 <-- 0.022958 s
currentSize : 21 <-- 3.946914 s
currentSize : 22 <-- 27.182131 s
currentSize : 23 <-- 33.723373 s
currentSize : 24 <-- 33.736320 s
currentSize : 26 <-- 40.266727 s
currentSize : 28 <-- 48.494740 s

maxsize : 28
nodes : 8923486.000000
filtered : 231648145.000000
time : 49.548565
