Parameters: GAD=1 vflib=1 dir=0 label=0 lowerbound=1 fileNameGp=../graphsdb/mcs70/rand/r02/mcs70_r02_s35.A84 fileNameGt=../graphsdb/mcs70/rand/r02/mcs70_r02_s35.B84
Reading graphs...
35 :  207
35 :  218
Initializing...
maxdom : 35
D->valSize : 1225
Solving...
currentSize : 11 <-- 0.029223 s
currentSize : 12 <-- 0.029518 s
currentSize : 13 <-- 0.030331 s
currentSize : 14 <-- 0.196527 s
currentSize : 16 <-- 10.341531 s
currentSize : 24 <-- 66.315125 s

maxsize : 24
nodes : 17807553.000000
filtered : 351653195.000000
time : 90.695007
