Parameters: GAD=1 vflib=1 dir=0 label=0 lowerbound=1 fileNameGp=../graphsdb/mcs70/bvg/b06/mcs70_b06_s25.A23 fileNameGt=../graphsdb/mcs70/bvg/b06/mcs70_b06_s25.B23
Reading graphs...
25 :  73
25 :  75
Initializing...
maxdom : 25
D->valSize : 625
Solving...
currentSize : 12 <-- 0.004970 s
currentSize : 13 <-- 0.004993 s
currentSize : 15 <-- 0.007244 s
currentSize : 16 <-- 0.007269 s
currentSize : 17 <-- 0.060691 s
currentSize : 18 <-- 0.165678 s

maxsize : 18
nodes : 143090.000000
filtered : 3692549.000000
time : 0.690653
