Parameters: GAD=1 vflib=1 dir=0 label=0 lowerbound=1 fileNameGp=../graphsdb/mcs70/bvg/b03m/mcs70_b03m_s25.A84 fileNameGt=../graphsdb/mcs70/bvg/b03m/mcs70_b03m_s25.B84
Reading graphs...
25 :  35
25 :  35
Initializing...
maxdom : 25
D->valSize : 625
Solving...
currentSize : 12 <-- 0.005363 s
currentSize : 15 <-- 0.005397 s
currentSize : 16 <-- 0.006242 s
currentSize : 17 <-- 0.017946 s
currentSize : 18 <-- 0.130885 s
currentSize : 19 <-- 0.166879 s

maxsize : 19
nodes : 334657.000000
filtered : 6537568.000000
time : 1.495298
