Parameters: GAD=1 vflib=1 dir=0 label=0 lowerbound=1 fileNameGp=../graphsdb/mcs70/rand/r02/mcs70_r02_s30.A81 fileNameGt=../graphsdb/mcs70/rand/r02/mcs70_r02_s30.B81
Reading graphs...
30 :  155
30 :  155
Initializing...
maxdom : 30
D->valSize : 900
Solving...
currentSize : 10 <-- 0.015787 s
currentSize : 11 <-- 0.015929 s
currentSize : 12 <-- 0.016684 s
currentSize : 13 <-- 0.056885 s
currentSize : 14 <-- 0.663908 s
currentSize : 16 <-- 0.663988 s
currentSize : 17 <-- 36.299229 s
currentSize : 21 <-- 36.299324 s

maxsize : 21
nodes : 8200070.000000
filtered : 152195740.000000
time : 38.978455
