Parameters: GAD=1 vflib=1 dir=0 label=0 lowerbound=1 fileNameGp=../graphsdb/mcs70/bvg/b09/mcs70_b09_s25.A54 fileNameGt=../graphsdb/mcs70/bvg/b09/mcs70_b09_s25.B54
Reading graphs...
25 :  108
25 :  111
Initializing...
maxdom : 25
D->valSize : 625
Solving...
currentSize : 9 <-- 0.004547 s
currentSize : 10 <-- 0.004563 s
currentSize : 11 <-- 0.004806 s
currentSize : 12 <-- 0.005245 s
currentSize : 13 <-- 0.055908 s
currentSize : 14 <-- 0.055935 s
currentSize : 16 <-- 0.056745 s
currentSize : 17 <-- 0.186068 s

maxsize : 17
nodes : 219055.000000
filtered : 5486323.000000
time : 1.039476
