Parameters: GAD=1 vflib=1 dir=0 label=0 lowerbound=1 fileNameGp=../graphsdb/mcs70/m3D/m3Dr4/mcs70_m3Dr4_s35.A40 fileNameGt=../graphsdb/mcs70/m3D/m3Dr4/mcs70_m3Dr4_s35.B40
Reading graphs...
35 :  85
35 :  85
Initializing...
maxdom : 35
D->valSize : 1225
Solving...
currentSize : 16 <-- 0.019849 s
currentSize : 17 <-- 0.019876 s
currentSize : 18 <-- 0.025416 s
currentSize : 19 <-- 0.133316 s
currentSize : 20 <-- 0.437620 s
currentSize : 21 <-- 29.394075 s
currentSize : 22 <-- 57.458073 s
currentSize : 23 <-- 58.349964 s
currentSize : 24 <-- 91.912338 s
currentSize : 25 <-- 145.584213 s
currentSize : 27 <-- 157.799515 s

maxsize : 27
nodes : 29514991.000000
filtered : 809026086.000000
time : 168.821487
