Parameters: GAD=1 vflib=1 dir=0 label=0 lowerbound=1 fileNameGp=../graphsdb/mcs70/rand/r005/mcs70_r005_s35.A45 fileNameGt=../graphsdb/mcs70/rand/r005/mcs70_r005_s35.B45
Reading graphs...
35 :  56
35 :  56
Initializing...
maxdom : 35
D->valSize : 1225
Solving...
currentSize : 15 <-- 0.036465 s
currentSize : 18 <-- 0.036591 s
currentSize : 19 <-- 0.036603 s
currentSize : 20 <-- 0.038569 s
currentSize : 21 <-- 0.067385 s
currentSize : 22 <-- 0.166662 s
currentSize : 23 <-- 1.611665 s
currentSize : 24 <-- 2.313524 s
currentSize : 25 <-- 2.969340 s

maxsize : 25
nodes : 80122029.000000
filtered : 2090118079.000000
time : 453.679901
