Parameters: GAD=1 vflib=1 dir=0 label=0 lowerbound=1 fileNameGp=../graphsdb/mcs70/rand/r005/mcs70_r005_s20.A71 fileNameGt=../graphsdb/mcs70/rand/r005/mcs70_r005_s20.B71
Reading graphs...
20 :  23
20 :  23
Initializing...
maxdom : 20
D->valSize : 400
Solving...
currentSize : 10 <-- 0.002319 s
currentSize : 11 <-- 0.002336 s
currentSize : 13 <-- 0.004656 s
currentSize : 14 <-- 0.034609 s
currentSize : 15 <-- 0.039921 s
currentSize : 16 <-- 0.053058 s

maxsize : 16
nodes : 28042.000000
filtered : 280564.000000
time : 0.078907
