Parameters: GAD=1 vflib=1 dir=0 label=0 lowerbound=1 fileNameGp=../graphsdb/mcs70/bvg/b06m/mcs70_b06m_s30.A73 fileNameGt=../graphsdb/mcs70/bvg/b06m/mcs70_b06m_s30.B73
Reading graphs...
30 :  87
30 :  87
Initializing...
maxdom : 30
D->valSize : 900
Solving...
currentSize : 11 <-- 0.010085 s
currentSize : 15 <-- 0.010118 s
currentSize : 16 <-- 0.047479 s
currentSize : 17 <-- 0.163740 s
currentSize : 18 <-- 14.631120 s
currentSize : 19 <-- 15.405132 s
currentSize : 21 <-- 15.405170 s

maxsize : 21
nodes : 4695701.000000
filtered : 113295992.000000
time : 23.413179
