Parameters: GAD=1 vflib=1 dir=0 label=0 lowerbound=1 fileNameGp=../graphsdb/mcs70/m2D/m2Dr6/m2Dr6/mcs70_m2Dr6_s35.A06 fileNameGt=../graphsdb/mcs70/m2D/m2Dr6/m2Dr6/mcs70_m2Dr6_s35.B06
Reading graphs...
35 :  79
35 :  78
Initializing...
maxdom : 35
D->valSize : 1225
Solving...
currentSize : 16 <-- 0.020073 s
currentSize : 17 <-- 0.020282 s
currentSize : 18 <-- 0.020484 s
currentSize : 19 <-- 0.021810 s
currentSize : 20 <-- 0.021853 s
currentSize : 21 <-- 0.078363 s
currentSize : 22 <-- 22.411524 s
currentSize : 25 <-- 381.628113 s

maxsize : 25
nodes : 94066785.000000
filtered : 2475788483.000000
time : 528.288818
