Parameters: GAD=1 vflib=1 dir=0 label=0 lowerbound=1 fileNameGp=../graphsdb/mcs70/m3D/m3Dr4/mcs70_m3Dr4_s35.A01 fileNameGt=../graphsdb/mcs70/m3D/m3Dr4/mcs70_m3Dr4_s35.B01
Reading graphs...
35 :  86
35 :  85
Initializing...
maxdom : 35
D->valSize : 1225
Solving...
currentSize : 16 <-- 0.034348 s
currentSize : 17 <-- 0.034386 s
currentSize : 18 <-- 0.054006 s
currentSize : 19 <-- 0.058876 s
currentSize : 20 <-- 0.143271 s
currentSize : 21 <-- 51.865776 s
currentSize : 22 <-- 594.729797 s
currentSize : 23 <-- 845.849426 s
currentSize : 24 <-- 845.981628 s
currentSize : 27 <-- 845.992676 s

maxsize : 27
nodes : 170651922.000000
filtered : 3621436807.000000
time : 860.037659
