Parameters: GAD=1 vflib=1 dir=0 label=0 lowerbound=1 fileNameGp=../graphsdb/mcs70/bvg/b06m/mcs70_b06m_s30.A47 fileNameGt=../graphsdb/mcs70/bvg/b06m/mcs70_b06m_s30.B47
Reading graphs...
30 :  86
30 :  86
Initializing...
maxdom : 30
D->valSize : 900
Solving...
currentSize : 11 <-- 0.017869 s
currentSize : 12 <-- 0.017901 s
currentSize : 13 <-- 0.017979 s
currentSize : 14 <-- 0.018057 s
currentSize : 15 <-- 0.032730 s
currentSize : 16 <-- 0.128382 s
currentSize : 17 <-- 0.144614 s
currentSize : 18 <-- 1.608277 s
currentSize : 20 <-- 37.289616 s
currentSize : 21 <-- 37.290432 s

maxsize : 21
nodes : 7869135.000000
filtered : 204915284.000000
time : 41.225746
