Parameters: GAD=1 vflib=1 dir=0 label=0 lowerbound=1 fileNameGp=../graphsdb/mcs70/rand/r005/mcs70_r005_s30.A68 fileNameGt=../graphsdb/mcs70/rand/r005/mcs70_r005_s30.B68
Reading graphs...
30 :  41
30 :  42
Initializing...
maxdom : 30
D->valSize : 900
Solving...
currentSize : 15 <-- 0.011304 s
currentSize : 17 <-- 0.011566 s
currentSize : 18 <-- 0.019974 s
currentSize : 19 <-- 0.083119 s
currentSize : 20 <-- 2.849205 s
currentSize : 21 <-- 3.534957 s
currentSize : 22 <-- 4.633929 s
currentSize : 23 <-- 6.252953 s
currentSize : 24 <-- 7.192218 s

maxsize : 24
nodes : 2267926.000000
filtered : 25078099.000000
time : 7.762123
