Parameters: GAD=1 vflib=1 dir=0 label=0 lowerbound=1 fileNameGp=../graphsdb/mcs70/bvg/b06/mcs70_b06_s30.A97 fileNameGt=../graphsdb/mcs70/bvg/b06/mcs70_b06_s30.B97
Reading graphs...
30 :  90
30 :  90
Initializing...
maxdom : 30
D->valSize : 900
Solving...
currentSize : 14 <-- 0.010174 s
currentSize : 15 <-- 0.011372 s
currentSize : 16 <-- 0.013306 s
currentSize : 17 <-- 0.028069 s
currentSize : 18 <-- 0.046280 s
currentSize : 19 <-- 0.266475 s
currentSize : 20 <-- 0.422090 s
currentSize : 21 <-- 0.457022 s
currentSize : 22 <-- 0.466922 s

maxsize : 22
nodes : 753963.000000
filtered : 22592182.000000
time : 4.247896
