Parameters: GAD=1 vflib=1 dir=0 label=0 lowerbound=1 fileNameGp=../graphsdb/mcs70/m2D/m2Dr4/mcs70_m2Dr4_s35.A07 fileNameGt=../graphsdb/mcs70/m2D/m2Dr4/mcs70_m2Dr4_s35.B07
Reading graphs...
35 :  72
35 :  72
Initializing...
maxdom : 35
D->valSize : 1225
Solving...
currentSize : 13 <-- 0.020850 s
currentSize : 16 <-- 0.020930 s
currentSize : 17 <-- 0.040542 s
currentSize : 18 <-- 0.076188 s
currentSize : 19 <-- 0.703824 s
currentSize : 20 <-- 0.718055 s
currentSize : 21 <-- 6.803380 s
currentSize : 22 <-- 14.930808 s
currentSize : 23 <-- 49.246632 s
currentSize : 24 <-- 467.789612 s
currentSize : 25 <-- 674.971558 s

maxsize : 25
nodes : 130626686.000000
filtered : 3457804312.000000
time : 743.986755
