Parameters: GAD=1 vflib=1 dir=0 label=0 lowerbound=1 fileNameGp=../graphsdb/mcs70/m2D/m2D/mcs70_m2D_s35.A45 fileNameGt=../graphsdb/mcs70/m2D/m2D/mcs70_m2D_s35.B45
Reading graphs...
35 :  58
35 :  58
Initializing...
maxdom : 35
D->valSize : 1225
Solving...
currentSize : 16 <-- 0.020732 s
currentSize : 17 <-- 0.020756 s
currentSize : 20 <-- 0.021533 s
currentSize : 21 <-- 0.025079 s
currentSize : 22 <-- 0.040883 s
currentSize : 23 <-- 0.042669 s
currentSize : 24 <-- 11.835529 s
currentSize : 25 <-- 26.940647 s
currentSize : 26 <-- 47.011276 s
currentSize : 27 <-- 47.818691 s

maxsize : 27
nodes : 13223453.000000
filtered : 343797706.000000
time : 76.713707
