Parameters: GAD=1 vflib=1 dir=0 label=0 lowerbound=1 fileNameGp=../graphsdb/mcs70/bvg/b03/mcs70_b03_s30.A48 fileNameGt=../graphsdb/mcs70/bvg/b03/mcs70_b03_s30.B48
Reading graphs...
30 :  45
30 :  45
Initializing...
maxdom : 30
D->valSize : 900
Solving...
currentSize : 17 <-- 0.019293 s
currentSize : 18 <-- 0.019580 s
currentSize : 19 <-- 0.025935 s
currentSize : 20 <-- 0.099591 s
currentSize : 21 <-- 0.188510 s
currentSize : 22 <-- 1.997852 s
currentSize : 23 <-- 2.078107 s
currentSize : 24 <-- 2.445220 s

maxsize : 24
nodes : 987120.000000
filtered : 22101270.000000
time : 5.060888
