Parameters: GAD=1 vflib=1 dir=0 label=0 lowerbound=1 fileNameGp=../graphsdb/mcs70/bvg/b06m/mcs70_b06m_s25.A82 fileNameGt=../graphsdb/mcs70/bvg/b06m/mcs70_b06m_s25.B82
Reading graphs...
25 :  72
25 :  73
Initializing...
maxdom : 25
D->valSize : 625
Solving...
currentSize : 11 <-- 0.004864 s
currentSize : 12 <-- 0.006777 s
currentSize : 13 <-- 0.016051 s
currentSize : 14 <-- 0.026209 s
currentSize : 15 <-- 0.089704 s
currentSize : 17 <-- 1.850350 s

maxsize : 17
nodes : 552235.000000
filtered : 13207058.000000
time : 2.764299
