Parameters: GAD=1 vflib=1 dir=0 label=0 lowerbound=1 fileNameGp=../graphsdb/mcs70/rand/r005/mcs70_r005_s35.A11 fileNameGt=../graphsdb/mcs70/rand/r005/mcs70_r005_s35.B11
Reading graphs...
35 :  57
35 :  58
Initializing...
maxdom : 35
D->valSize : 1225
Solving...
currentSize : 11 <-- 0.020845 s
currentSize : 15 <-- 0.020908 s
currentSize : 16 <-- 0.020965 s
currentSize : 17 <-- 0.022389 s
currentSize : 18 <-- 0.024112 s
currentSize : 19 <-- 0.029691 s
currentSize : 21 <-- 0.062654 s
currentSize : 22 <-- 0.062816 s
currentSize : 23 <-- 0.804883 s
currentSize : 24 <-- 3.776721 s
currentSize : 25 <-- 75.566261 s

maxsize : 25
nodes : 63679931.000000
filtered : 1456641087.000000
time : 347.003479
