Parameters: GAD=1 vflib=1 dir=0 label=0 lowerbound=1 fileNameGp=../graphsdb/mcs70/m2D/m2Dr2/mcs70_m2Dr2_s35.A53 fileNameGt=../graphsdb/mcs70/m2D/m2Dr2/mcs70_m2Dr2_s35.B53
Reading graphs...
35 :  64
35 :  63
Initializing...
maxdom : 35
D->valSize : 1225
Solving...
currentSize : 15 <-- 0.035710 s
currentSize : 17 <-- 0.035749 s
currentSize : 18 <-- 0.037393 s
currentSize : 19 <-- 0.044047 s
currentSize : 20 <-- 0.044504 s
currentSize : 21 <-- 0.057185 s
currentSize : 22 <-- 0.095028 s
currentSize : 23 <-- 1.220393 s
currentSize : 24 <-- 32.884617 s
currentSize : 25 <-- 76.739449 s
currentSize : 26 <-- 201.645981 s
currentSize : 27 <-- 235.284271 s

maxsize : 27
nodes : 43422830.000000
filtered : 1150222016.000000
time : 246.968582
