Parameters: GAD=1 vflib=1 dir=0 label=0 lowerbound=1 fileNameGp=../graphsdb/mcs70/m2D/m2Dr2/mcs70_m2Dr2_s35.A11 fileNameGt=../graphsdb/mcs70/m2D/m2Dr2/mcs70_m2Dr2_s35.B11
Reading graphs...
35 :  65
35 :  64
Initializing...
maxdom : 35
D->valSize : 1225
Solving...
currentSize : 11 <-- 0.020940 s
currentSize : 15 <-- 0.021052 s
currentSize : 18 <-- 0.021100 s
currentSize : 19 <-- 0.022511 s
currentSize : 20 <-- 0.025160 s
currentSize : 21 <-- 0.203144 s
currentSize : 22 <-- 0.594603 s
currentSize : 23 <-- 15.691099 s
currentSize : 24 <-- 35.911579 s
currentSize : 25 <-- 219.008698 s
currentSize : 26 <-- 219.185150 s
currentSize : 27 <-- 219.203629 s

maxsize : 27
nodes : 40993465.000000
filtered : 1089727817.000000
time : 232.858734
