Parameters: GAD=1 vflib=1 dir=0 label=0 lowerbound=1 fileNameGp=../graphsdb/mcs70/bvg/b09/mcs70_b09_s30.A70 fileNameGt=../graphsdb/mcs70/bvg/b09/mcs70_b09_s30.B70
Reading graphs...
30 :  132
30 :  134
Initializing...
maxdom : 30
D->valSize : 900
Solving...
currentSize : 9 <-- 0.009577 s
currentSize : 10 <-- 0.009794 s
currentSize : 11 <-- 0.009902 s
currentSize : 12 <-- 0.011341 s
currentSize : 13 <-- 0.015162 s
currentSize : 14 <-- 0.015256 s
currentSize : 15 <-- 5.292048 s
currentSize : 16 <-- 5.502646 s
currentSize : 17 <-- 5.502986 s
currentSize : 18 <-- 5.529894 s
currentSize : 19 <-- 5.530149 s
currentSize : 20 <-- 5.530194 s
currentSize : 21 <-- 5.709934 s

maxsize : 21
nodes : 2043743.000000
filtered : 45906506.000000
time : 9.823156
