Parameters: GAD=1 vflib=1 dir=0 label=0 lowerbound=1 fileNameGp=../graphsdb/mcs70/m2D/m2Dr2/mcs70_m2Dr2_s25.A38 fileNameGt=../graphsdb/mcs70/m2D/m2Dr2/mcs70_m2Dr2_s25.B38
Reading graphs...
25 :  45
25 :  44
Initializing...
maxdom : 25
D->valSize : 625
Solving...
currentSize : 11 <-- 0.005168 s
currentSize : 12 <-- 0.005229 s
currentSize : 13 <-- 0.005336 s
currentSize : 14 <-- 0.005607 s
currentSize : 15 <-- 0.006389 s
currentSize : 16 <-- 0.056185 s
currentSize : 17 <-- 0.066413 s
currentSize : 18 <-- 0.667820 s

maxsize : 18
nodes : 813718.000000
filtered : 16205352.000000
time : 3.511208
