Parameters: GAD=1 vflib=1 dir=0 label=0 lowerbound=1 fileNameGp=../graphsdb/mcs70/rand/r01/mcs70_r01_s30.A64 fileNameGt=../graphsdb/mcs70/rand/r01/mcs70_r01_s30.B64
Reading graphs...
30 :  82
30 :  79
Initializing...
maxdom : 30
D->valSize : 900
Solving...
currentSize : 12 <-- 0.010243 s
currentSize : 13 <-- 0.010503 s
currentSize : 14 <-- 0.014802 s
currentSize : 15 <-- 0.015423 s
currentSize : 16 <-- 0.065315 s
currentSize : 17 <-- 0.848549 s
currentSize : 18 <-- 3.684796 s
currentSize : 21 <-- 38.086128 s

maxsize : 21
nodes : 9846023.000000
filtered : 214984437.000000
time : 47.491928
