Parameters: GAD=1 vflib=1 dir=0 label=0 lowerbound=1 fileNameGp=../graphsdb/mcs70/m3D/m3Dr4/mcs70_m3Dr4_s35.A77 fileNameGt=../graphsdb/mcs70/m3D/m3Dr4/mcs70_m3Dr4_s35.B77
Reading graphs...
35 :  85
35 :  85
Initializing...
maxdom : 35
D->valSize : 1225
Solving...
currentSize : 14 <-- 0.034175 s
currentSize : 15 <-- 0.034206 s
currentSize : 16 <-- 0.034221 s
currentSize : 17 <-- 0.034407 s
currentSize : 18 <-- 0.036797 s
currentSize : 19 <-- 0.048663 s
currentSize : 20 <-- 0.497998 s
currentSize : 21 <-- 1.622742 s
currentSize : 22 <-- 145.045471 s
currentSize : 24 <-- 153.576035 s
currentSize : 27 <-- 153.576096 s

maxsize : 27
nodes : 31504602.000000
filtered : 708260426.000000
time : 165.092682
