Parameters: GAD=1 vflib=1 dir=0 label=0 lowerbound=1 fileNameGp=../graphsdb/mcs70/bvg/b03/mcs70_b03_s30.A18 fileNameGt=../graphsdb/mcs70/bvg/b03/mcs70_b03_s30.B18
Reading graphs...
30 :  45
30 :  44
Initializing...
maxdom : 30
D->valSize : 900
Solving...
currentSize : 17 <-- 0.011103 s
currentSize : 18 <-- 0.011799 s
currentSize : 19 <-- 0.016505 s
currentSize : 20 <-- 0.046232 s
currentSize : 21 <-- 0.046245 s
currentSize : 22 <-- 0.581545 s
currentSize : 23 <-- 3.672873 s
currentSize : 24 <-- 6.104906 s

maxsize : 24
nodes : 1552977.000000
filtered : 34476465.000000
time : 7.922153
