Parameters: GAD=1 vflib=1 dir=0 label=0 lowerbound=1 fileNameGp=../graphsdb/mcs70/m4D/m4Dr6/mcs70_m4Dr6_s25.A35 fileNameGt=../graphsdb/mcs70/m4D/m4Dr6/mcs70_m4Dr6_s25.B35
Reading graphs...
25 :  60
25 :  60
Initializing...
maxdom : 25
D->valSize : 625
Solving...
currentSize : 12 <-- 0.004940 s
currentSize : 13 <-- 0.005297 s
currentSize : 14 <-- 0.016787 s
currentSize : 15 <-- 0.061890 s
currentSize : 16 <-- 0.079610 s
currentSize : 17 <-- 0.079723 s
currentSize : 18 <-- 0.941178 s

maxsize : 18
nodes : 271708.000000
filtered : 6799366.000000
time : 1.303786
