Parameters: GAD=1 vflib=1 dir=0 label=0 lowerbound=1 fileNameGp=../graphsdb/mcs70/bvg/b09/mcs70_b09_s35.A51 fileNameGt=../graphsdb/mcs70/bvg/b09/mcs70_b09_s35.B51
Reading graphs...
35 :  154
35 :  157
Initializing...
maxdom : 35
D->valSize : 1225
Solving...
currentSize : 12 <-- 0.018218 s
currentSize : 13 <-- 0.018351 s
currentSize : 14 <-- 0.018980 s
currentSize : 15 <-- 0.019842 s
currentSize : 16 <-- 0.020987 s
currentSize : 18 <-- 0.038241 s
currentSize : 19 <-- 0.038511 s
currentSize : 20 <-- 0.770399 s
currentSize : 25 <-- 1.399484 s

maxsize : 25
nodes : 2713687.000000
filtered : 110972829.000000
time : 18.489977
