Parameters: GAD=1 vflib=1 dir=0 label=0 lowerbound=1 fileNameGp=../graphsdb/mcs70/rand/r01/mcs70_r01_s30.A42 fileNameGt=../graphsdb/mcs70/rand/r01/mcs70_r01_s30.B42
Reading graphs...
30 :  76
30 :  79
Initializing...
maxdom : 30
D->valSize : 900
Solving...
currentSize : 13 <-- 0.018242 s
currentSize : 14 <-- 0.019021 s
currentSize : 15 <-- 0.019267 s
currentSize : 16 <-- 0.026237 s
currentSize : 17 <-- 0.060385 s
currentSize : 18 <-- 0.385241 s
currentSize : 21 <-- 3.251187 s

maxsize : 21
nodes : 2135646.000000
filtered : 64806556.000000
time : 12.233532
