Parameters: GAD=1 vflib=1 dir=0 label=0 lowerbound=1 fileNameGp=../graphsdb/mcs70/bvg/b09m/mcs70_b09m_s25.A93 fileNameGt=../graphsdb/mcs70/bvg/b09m/mcs70_b09m_s25.B93
Reading graphs...
25 :  104
25 :  104
Initializing...
maxdom : 25
D->valSize : 625
Solving...
currentSize : 9 <-- 0.007811 s
currentSize : 10 <-- 0.007922 s
currentSize : 11 <-- 0.007981 s
currentSize : 12 <-- 0.020066 s
currentSize : 13 <-- 0.080183 s
currentSize : 15 <-- 0.116634 s
currentSize : 16 <-- 0.116676 s

maxsize : 16
nodes : 477803.000000
filtered : 11000655.000000
time : 2.261345
