Parameters: GAD=1 vflib=1 dir=0 label=0 lowerbound=1 fileNameGp=../graphsdb/mcs70/rand/r01/mcs70_r01_s20.A39 fileNameGt=../graphsdb/mcs70/rand/r01/mcs70_r01_s20.B39
Reading graphs...
20 :  36
20 :  35
Initializing...
maxdom : 20
D->valSize : 400
Solving...
currentSize : 9 <-- 0.002310 s
currentSize : 10 <-- 0.002334 s
currentSize : 11 <-- 0.002408 s
currentSize : 13 <-- 0.002718 s
currentSize : 14 <-- 0.033753 s
currentSize : 15 <-- 0.156152 s

maxsize : 15
nodes : 50830.000000
filtered : 754204.000000
time : 0.182375
