Parameters: GAD=1 vflib=1 dir=0 label=0 lowerbound=1 fileNameGp=../graphsdb/mcs70/bvg/b09/mcs70_b09_s25.A76 fileNameGt=../graphsdb/mcs70/bvg/b09/mcs70_b09_s25.B76
Reading graphs...
25 :  111
25 :  106
Initializing...
maxdom : 25
D->valSize : 625
Solving...
currentSize : 9 <-- 0.004485 s
currentSize : 10 <-- 0.004521 s
currentSize : 11 <-- 0.006208 s
currentSize : 12 <-- 0.021061 s
currentSize : 13 <-- 0.030677 s
currentSize : 14 <-- 0.112653 s
currentSize : 16 <-- 0.112719 s
currentSize : 17 <-- 0.337948 s

maxsize : 17
nodes : 223619.000000
filtered : 5551479.000000
time : 1.197544
