Parameters: GAD=1 vflib=1 dir=0 label=0 lowerbound=1 fileNameGp=../graphsdb/mcs70/bvg/b06m/mcs70_b06m_s25.A26 fileNameGt=../graphsdb/mcs70/bvg/b06m/mcs70_b06m_s25.B26
Reading graphs...
25 :  72
25 :  70
Initializing...
maxdom : 25
D->valSize : 625
Solving...
currentSize : 10 <-- 0.007907 s
currentSize : 11 <-- 0.007936 s
currentSize : 12 <-- 0.022643 s
currentSize : 13 <-- 0.033278 s
currentSize : 14 <-- 0.182516 s
currentSize : 15 <-- 1.261866 s
currentSize : 17 <-- 2.981132 s

maxsize : 17
nodes : 913024.000000
filtered : 16344497.000000
time : 4.050136
