Parameters: GAD=1 vflib=1 dir=0 label=0 lowerbound=1 fileNameGp=../graphsdb/mcs70/bvg/b03/mcs70_b03_s30.A64 fileNameGt=../graphsdb/mcs70/bvg/b03/mcs70_b03_s30.B64
Reading graphs...
30 :  45
30 :  45
Initializing...
maxdom : 30
D->valSize : 900
Solving...
currentSize : 17 <-- 0.019414 s
currentSize : 19 <-- 0.019464 s
currentSize : 20 <-- 0.019627 s
currentSize : 21 <-- 0.368452 s
currentSize : 22 <-- 0.499012 s
currentSize : 23 <-- 0.501293 s
currentSize : 24 <-- 1.180727 s
currentSize : 25 <-- 1.267560 s

maxsize : 25
nodes : 346618.000000
filtered : 6654661.000000
time : 1.702455
