Parameters: GAD=1 vflib=1 dir=0 label=0 lowerbound=1 fileNameGp=../graphsdb/mcs70/m3D/m3Dr2/mcs70_m3Dr2_s35.A12 fileNameGt=../graphsdb/mcs70/m3D/m3Dr2/mcs70_m3Dr2_s35.B12
Reading graphs...
35 :  79
35 :  78
Initializing...
maxdom : 35
D->valSize : 1225
Solving...
currentSize : 15 <-- 0.020431 s
currentSize : 16 <-- 0.020473 s
currentSize : 17 <-- 0.020789 s
currentSize : 18 <-- 0.021036 s
currentSize : 19 <-- 0.046433 s
currentSize : 20 <-- 0.064433 s
currentSize : 21 <-- 0.865012 s
currentSize : 22 <-- 6.850590 s
currentSize : 23 <-- 11.492684 s
currentSize : 24 <-- 41.678295 s
currentSize : 25 <-- 41.689320 s
currentSize : 27 <-- 47.468624 s

maxsize : 27
nodes : 10672718.000000
filtered : 299309160.000000
time : 62.428463
