Parameters: GAD=1 vflib=1 dir=0 label=0 lowerbound=1 fileNameGp=../graphsdb/mcs70/bvg/b03/mcs70_b03_s20.A28 fileNameGt=../graphsdb/mcs70/bvg/b03/mcs70_b03_s20.B28
Reading graphs...
20 :  30
20 :  30
Initializing...
maxdom : 20
D->valSize : 400
Solving...
currentSize : 8 <-- 0.003773 s
currentSize : 10 <-- 0.003797 s
currentSize : 11 <-- 0.003855 s
currentSize : 12 <-- 0.003960 s
currentSize : 13 <-- 0.004205 s
currentSize : 14 <-- 0.004299 s
currentSize : 15 <-- 0.005680 s
currentSize : 16 <-- 0.119156 s

maxsize : 16
nodes : 23521.000000
filtered : 348775.000000
time : 0.133682
