Parameters: GAD=1 vflib=1 dir=0 label=0 lowerbound=1 fileNameGp=../graphsdb/mcs70/bvg/b09/mcs70_b09_s30.A06 fileNameGt=../graphsdb/mcs70/bvg/b09/mcs70_b09_s30.B06
Reading graphs...
30 :  134
30 :  134
Initializing...
maxdom : 30
D->valSize : 900
Solving...
currentSize : 13 <-- 0.009466 s
currentSize : 14 <-- 0.014009 s
currentSize : 15 <-- 0.055343 s
currentSize : 17 <-- 0.058170 s
currentSize : 18 <-- 0.112686 s
currentSize : 20 <-- 0.119945 s
currentSize : 21 <-- 0.547457 s

maxsize : 21
nodes : 609857.000000
filtered : 23094905.000000
time : 3.711490
