Parameters: GAD=1 vflib=1 dir=0 label=0 lowerbound=1 fileNameGp=../graphsdb/mcs70/rand/r02/mcs70_r02_s25.A49 fileNameGt=../graphsdb/mcs70/rand/r02/mcs70_r02_s25.B49
Reading graphs...
25 :  108
25 :  105
Initializing...
maxdom : 25
D->valSize : 625
Solving...
currentSize : 9 <-- 0.007759 s
currentSize : 10 <-- 0.007865 s
currentSize : 11 <-- 0.009837 s
currentSize : 12 <-- 0.038472 s
currentSize : 13 <-- 1.054807 s
currentSize : 14 <-- 1.159547 s
currentSize : 15 <-- 2.189888 s
currentSize : 17 <-- 2.190714 s

maxsize : 17
nodes : 790413.000000
filtered : 12287197.000000
time : 3.121618
