Parameters: GAD=1 vflib=1 dir=0 label=0 lowerbound=1 fileNameGp=../graphsdb/mcs70/rand/r005/mcs70_r005_s25.A56 fileNameGt=../graphsdb/mcs70/rand/r005/mcs70_r005_s25.B56
Reading graphs...
25 :  33
25 :  33
Initializing...
maxdom : 25
D->valSize : 625
Solving...
currentSize : 12 <-- 0.005434 s
currentSize : 13 <-- 0.005895 s
currentSize : 14 <-- 0.008853 s
currentSize : 16 <-- 0.008866 s
currentSize : 17 <-- 0.010577 s
currentSize : 18 <-- 0.365716 s
currentSize : 19 <-- 0.472752 s

maxsize : 19
nodes : 310325.000000
filtered : 4619101.000000
time : 1.216540
