Parameters: GAD=1 vflib=1 dir=0 label=0 lowerbound=1 fileNameGp=../graphsdb/mcs70/bvg/b03/mcs70_b03_s25.A29 fileNameGt=../graphsdb/mcs70/bvg/b03/mcs70_b03_s25.B29
Reading graphs...
25 :  37
25 :  37
Initializing...
maxdom : 25
D->valSize : 625
Solving...
currentSize : 11 <-- 0.005296 s
currentSize : 13 <-- 0.005331 s
currentSize : 14 <-- 0.005365 s
currentSize : 15 <-- 0.019633 s
currentSize : 16 <-- 0.032857 s
currentSize : 17 <-- 0.135649 s
currentSize : 18 <-- 1.546349 s
currentSize : 19 <-- 2.191285 s
currentSize : 20 <-- 2.930458 s

maxsize : 20
nodes : 866142.000000
filtered : 11565880.000000
time : 3.196009
