Parameters: GAD=1 vflib=1 dir=0 label=0 lowerbound=1 fileNameGp=../graphsdb/mcs70/bvg/b09/mcs70_b09_s25.A44 fileNameGt=../graphsdb/mcs70/bvg/b09/mcs70_b09_s25.B44
Reading graphs...
25 :  109
25 :  108
Initializing...
maxdom : 25
D->valSize : 625
Solving...
currentSize : 9 <-- 0.008492 s
currentSize : 10 <-- 0.008535 s
currentSize : 13 <-- 0.010376 s
currentSize : 14 <-- 0.014637 s
currentSize : 16 <-- 0.035795 s
currentSize : 17 <-- 0.674865 s

maxsize : 17
nodes : 296236.000000
filtered : 6745332.000000
time : 1.370497
