Parameters: GAD=1 vflib=1 dir=0 label=0 lowerbound=1 fileNameGp=../graphsdb/mcs70/bvg/b09/mcs70_b09_s35.A18 fileNameGt=../graphsdb/mcs70/bvg/b09/mcs70_b09_s35.B18
Reading graphs...
35 :  153
35 :  155
Initializing...
maxdom : 35
D->valSize : 1225
Solving...
currentSize : 14 <-- 0.031273 s
currentSize : 15 <-- 0.034551 s
currentSize : 16 <-- 0.034799 s
currentSize : 17 <-- 0.111647 s
currentSize : 18 <-- 0.140317 s
currentSize : 19 <-- 0.265058 s
currentSize : 20 <-- 0.265226 s
currentSize : 21 <-- 0.265257 s
currentSize : 22 <-- 0.265444 s
currentSize : 24 <-- 0.265506 s
currentSize : 25 <-- 9.466845 s

maxsize : 25
nodes : 2697615.000000
filtered : 112981831.000000
time : 18.618816
