Parameters: GAD=1 vflib=1 dir=0 label=0 lowerbound=1 fileNameGp=../graphsdb/mcs70/bvg/b09m/mcs70_b09m_s25.A99 fileNameGt=../graphsdb/mcs70/bvg/b09m/mcs70_b09m_s25.B99
Reading graphs...
25 :  107
25 :  107
Initializing...
maxdom : 25
D->valSize : 625
Solving...
currentSize : 8 <-- 0.004493 s
currentSize : 9 <-- 0.004520 s
currentSize : 10 <-- 0.004700 s
currentSize : 11 <-- 0.005562 s
currentSize : 12 <-- 0.076239 s
currentSize : 13 <-- 0.423874 s
currentSize : 16 <-- 2.160781 s

maxsize : 16
nodes : 993142.000000
filtered : 14911466.000000
time : 3.892021
