Parameters: GAD=1 vflib=1 dir=0 label=0 lowerbound=1 fileNameGp=../graphsdb/mcs70/bvg/b03/mcs70_b03_s30.A44 fileNameGt=../graphsdb/mcs70/bvg/b03/mcs70_b03_s30.B44
Reading graphs...
30 :  45
30 :  45
Initializing...
maxdom : 30
D->valSize : 900
Solving...
currentSize : 15 <-- 0.011200 s
currentSize : 19 <-- 0.011241 s
currentSize : 20 <-- 0.017455 s
currentSize : 21 <-- 0.230144 s
currentSize : 22 <-- 0.809752 s
currentSize : 23 <-- 0.836050 s

maxsize : 23
nodes : 2591875.000000
filtered : 61333492.000000
time : 12.904732
