Parameters: GAD=1 vflib=1 dir=0 label=0 lowerbound=1 fileNameGp=../graphsdb/mcs70/bvg/b06m/mcs70_b06m_s25.A22 fileNameGt=../graphsdb/mcs70/bvg/b06m/mcs70_b06m_s25.B22
Reading graphs...
25 :  70
25 :  70
Initializing...
maxdom : 25
D->valSize : 625
Solving...
currentSize : 10 <-- 0.004940 s
currentSize : 11 <-- 0.005191 s
currentSize : 12 <-- 0.007373 s
currentSize : 13 <-- 0.013277 s
currentSize : 14 <-- 0.022132 s
currentSize : 15 <-- 0.258611 s
currentSize : 16 <-- 1.131609 s
currentSize : 19 <-- 3.022488 s

maxsize : 19
nodes : 721955.000000
filtered : 14479187.000000
time : 3.140040
