Parameters: GAD=1 vflib=1 dir=0 label=0 lowerbound=1 fileNameGp=../graphsdb/mcs70/m3D/m3Dr6/mcs70_m3Dr6_s35.A81 fileNameGt=../graphsdb/mcs70/m3D/m3Dr6/mcs70_m3Dr6_s35.B81
Reading graphs...
35 :  91
35 :  91
Initializing...
maxdom : 35
D->valSize : 1225
Solving...
currentSize : 14 <-- 0.034019 s
currentSize : 17 <-- 0.034081 s
currentSize : 18 <-- 0.034125 s
currentSize : 19 <-- 0.055317 s
currentSize : 20 <-- 0.161291 s
currentSize : 21 <-- 0.208792 s
currentSize : 22 <-- 96.166451 s
currentSize : 23 <-- 230.281418 s
currentSize : 25 <-- 232.378052 s
currentSize : 27 <-- 232.381622 s

maxsize : 27
nodes : 44259944.000000
filtered : 1088564254.000000
time : 242.023041
