Parameters: GAD=1 vflib=1 dir=0 label=0 lowerbound=1 fileNameGp=../graphsdb/mcs70/bvg/b03/mcs70_b03_s35.A51 fileNameGt=../graphsdb/mcs70/bvg/b03/mcs70_b03_s35.B51
Reading graphs...
35 :  52
35 :  51
Initializing...
maxdom : 35
D->valSize : 1225
Solving...
currentSize : 19 <-- 0.036366 s
currentSize : 20 <-- 0.036965 s
currentSize : 21 <-- 0.043008 s
currentSize : 22 <-- 0.045539 s
currentSize : 23 <-- 0.462047 s
currentSize : 24 <-- 0.868015 s
currentSize : 25 <-- 2.474290 s
currentSize : 26 <-- 6.722650 s
currentSize : 27 <-- 13.588287 s
currentSize : 28 <-- 22.056189 s
currentSize : 29 <-- 29.399523 s

maxsize : 29
nodes : 5538191.000000
filtered : 128286683.000000
time : 30.175596
