Parameters: GAD=1 vflib=1 dir=0 label=0 lowerbound=1 fileNameGp=../graphsdb/mcs70/rand/r02/mcs70_r02_s30.A91 fileNameGt=../graphsdb/mcs70/rand/r02/mcs70_r02_s30.B91
Reading graphs...
30 :  151
30 :  159
Initializing...
maxdom : 30
D->valSize : 900
Solving...
currentSize : 10 <-- 0.009526 s
currentSize : 11 <-- 0.009562 s
currentSize : 12 <-- 0.009730 s
currentSize : 13 <-- 0.010165 s
currentSize : 14 <-- 2.042201 s
currentSize : 15 <-- 10.990129 s
currentSize : 17 <-- 11.130425 s
currentSize : 21 <-- 11.676027 s

maxsize : 21
nodes : 3204780.000000
filtered : 48129639.000000
time : 13.886587
