Parameters: GAD=1 vflib=1 dir=0 label=0 lowerbound=1 fileNameGp=../graphsdb/mcs70/m2D/m2D/mcs70_m2D_s35.A05 fileNameGt=../graphsdb/mcs70/m2D/m2D/mcs70_m2D_s35.B05
Reading graphs...
35 :  58
35 :  58
Initializing...
maxdom : 35
D->valSize : 1225
Solving...
currentSize : 11 <-- 0.021400 s
currentSize : 12 <-- 0.021444 s
currentSize : 15 <-- 0.021480 s
currentSize : 16 <-- 0.021497 s
currentSize : 20 <-- 0.021523 s
currentSize : 21 <-- 0.022021 s
currentSize : 22 <-- 0.022237 s
currentSize : 23 <-- 0.031972 s
currentSize : 24 <-- 0.279331 s
currentSize : 25 <-- 0.781451 s
currentSize : 26 <-- 20.276295 s
currentSize : 27 <-- 23.075386 s
currentSize : 28 <-- 29.787436 s

maxsize : 28
nodes : 7006076.000000
filtered : 198268125.000000
time : 42.127155
