Parameters: GAD=1 vflib=1 dir=0 label=0 lowerbound=1 fileNameGp=../graphsdb/mcs70/rand/r005/mcs70_r005_s25.A61 fileNameGt=../graphsdb/mcs70/rand/r005/mcs70_r005_s25.B61
Reading graphs...
25 :  33
25 :  33
Initializing...
maxdom : 25
D->valSize : 625
Solving...
currentSize : 11 <-- 0.009329 s
currentSize : 13 <-- 0.009382 s
currentSize : 14 <-- 0.009533 s
currentSize : 15 <-- 0.125235 s
currentSize : 16 <-- 0.212757 s
currentSize : 17 <-- 0.408351 s
currentSize : 18 <-- 0.624482 s
currentSize : 19 <-- 2.389364 s

maxsize : 19
nodes : 778022.000000
filtered : 9858578.000000
time : 2.887633
