Parameters: GAD=1 vflib=1 dir=0 label=0 lowerbound=1 fileNameGp=../graphsdb/mcs70/bvg/b03m/mcs70_b03m_s35.A20 fileNameGt=../graphsdb/mcs70/bvg/b03m/mcs70_b03m_s35.B20
Reading graphs...
35 :  51
35 :  51
Initializing...
maxdom : 35
D->valSize : 1225
Solving...
currentSize : 17 <-- 0.036334 s
currentSize : 18 <-- 0.036385 s
currentSize : 19 <-- 0.083863 s
currentSize : 20 <-- 0.103555 s
currentSize : 21 <-- 0.205781 s
currentSize : 22 <-- 46.045105 s
currentSize : 23 <-- 116.545593 s
currentSize : 24 <-- 462.572540 s
currentSize : 25 <-- 1652.552490 s

maxsize : 25
nodes : 396218764.000000
filtered : 6590053381.000000
time : 1788.409668
