Parameters: GAD=1 vflib=1 dir=0 label=0 lowerbound=1 fileNameGp=../graphsdb/mcs70/m4D/m4Dr6/mcs70_m4Dr6_s25.A98 fileNameGt=../graphsdb/mcs70/m4D/m4Dr6/mcs70_m4Dr6_s25.B98
Reading graphs...
25 :  60
25 :  57
Initializing...
maxdom : 25
D->valSize : 625
Solving...
currentSize : 12 <-- 0.005061 s
currentSize : 13 <-- 0.005504 s
currentSize : 14 <-- 0.014614 s
currentSize : 15 <-- 0.039462 s
currentSize : 16 <-- 0.039493 s
currentSize : 17 <-- 2.050273 s

maxsize : 17
nodes : 838724.000000
filtered : 18333713.000000
time : 3.609705
