Parameters: GAD=1 vflib=1 dir=0 label=0 lowerbound=1 fileNameGp=../graphsdb/mcs70/m2D/m2Dr4/mcs70_m2Dr4_s25.A55 fileNameGt=../graphsdb/mcs70/m2D/m2Dr4/mcs70_m2Dr4_s25.B55
Reading graphs...
25 :  50
25 :  48
Initializing...
maxdom : 25
D->valSize : 625
Solving...
currentSize : 9 <-- 0.005153 s
currentSize : 11 <-- 0.005172 s
currentSize : 12 <-- 0.005218 s
currentSize : 13 <-- 0.006304 s
currentSize : 14 <-- 0.007824 s
currentSize : 15 <-- 0.012842 s
currentSize : 16 <-- 0.201900 s
currentSize : 17 <-- 1.757712 s
currentSize : 18 <-- 2.443700 s

maxsize : 18
nodes : 792941.000000
filtered : 13138174.000000
time : 3.141917
