Parameters: GAD=1 vflib=1 dir=0 label=0 lowerbound=1 fileNameGp=../graphsdb/mcs70/bvg/b06m/mcs70_b06m_s30.A12 fileNameGt=../graphsdb/mcs70/bvg/b06m/mcs70_b06m_s30.B12
Reading graphs...
30 :  86
30 :  87
Initializing...
maxdom : 30
D->valSize : 900
Solving...
currentSize : 12 <-- 0.016006 s
currentSize : 13 <-- 0.016024 s
currentSize : 14 <-- 0.016113 s
currentSize : 15 <-- 0.016150 s
currentSize : 16 <-- 0.023259 s
currentSize : 17 <-- 0.023326 s
currentSize : 18 <-- 0.025644 s
currentSize : 19 <-- 0.052908 s
currentSize : 22 <-- 14.943155 s

maxsize : 22
nodes : 2947312.000000
filtered : 94112520.000000
time : 16.816128
