Parameters: GAD=1 vflib=1 dir=0 label=0 lowerbound=1 fileNameGp=../graphsdb/mcs70/m2D/m2Dr6/m2Dr6/mcs70_m2Dr6_s25.A31 fileNameGt=../graphsdb/mcs70/m2D/m2Dr6/m2Dr6/mcs70_m2Dr6_s25.B31
Reading graphs...
25 :  54
25 :  53
Initializing...
maxdom : 25
D->valSize : 625
Solving...
currentSize : 10 <-- 0.005995 s
currentSize : 12 <-- 0.006076 s
currentSize : 13 <-- 0.007029 s
currentSize : 14 <-- 0.007087 s
currentSize : 15 <-- 0.010892 s
currentSize : 16 <-- 0.701161 s
currentSize : 17 <-- 1.874356 s

maxsize : 17
nodes : 1153345.000000
filtered : 20844737.000000
time : 4.877067
