Parameters: GAD=1 vflib=1 dir=0 label=0 lowerbound=1 fileNameGp=../graphsdb/mcs70/bvg/b06m/mcs70_b06m_s30.A60 fileNameGt=../graphsdb/mcs70/bvg/b06m/mcs70_b06m_s30.B60
Reading graphs...
30 :  88
30 :  88
Initializing...
maxdom : 30
D->valSize : 900
Solving...
currentSize : 12 <-- 0.010438 s
currentSize : 13 <-- 0.010488 s
currentSize : 14 <-- 0.012375 s
currentSize : 15 <-- 0.013286 s
currentSize : 16 <-- 0.026329 s
currentSize : 17 <-- 2.352124 s
currentSize : 19 <-- 5.479049 s
currentSize : 20 <-- 5.479189 s
currentSize : 21 <-- 5.479237 s
currentSize : 22 <-- 5.479287 s

maxsize : 22
nodes : 1598692.000000
filtered : 37709688.000000
time : 7.788545
