Parameters: GAD=1 vflib=1 dir=0 label=0 lowerbound=1 fileNameGp=../graphsdb/mcs70/bvg/b06m/mcs70_b06m_s35.A30 fileNameGt=../graphsdb/mcs70/bvg/b06m/mcs70_b06m_s35.B30
Reading graphs...
35 :  104
35 :  104
Initializing...
maxdom : 35
D->valSize : 1225
Solving...
currentSize : 11 <-- 0.033718 s
currentSize : 12 <-- 0.033757 s
currentSize : 14 <-- 0.034224 s
currentSize : 15 <-- 0.037771 s
currentSize : 16 <-- 0.040553 s
currentSize : 18 <-- 0.078641 s
currentSize : 19 <-- 0.364153 s
currentSize : 20 <-- 3.802175 s
currentSize : 21 <-- 55.675022 s
currentSize : 22 <-- 732.461975 s
currentSize : 24 <-- 742.379272 s

maxsize : 24
nodes : 132690673.000000
filtered : 3917810309.000000
time : 769.735474
