Parameters: GAD=1 vflib=1 dir=0 label=0 lowerbound=1 fileNameGp=../graphsdb/mcs70/m4D/m4Dr4/mcs70_m4Dr4_s25.A37 fileNameGt=../graphsdb/mcs70/m4D/m4Dr4/mcs70_m4Dr4_s25.B37
Reading graphs...
25 :  54
25 :  55
Initializing...
maxdom : 25
D->valSize : 625
Solving...
currentSize : 12 <-- 0.008672 s
currentSize : 13 <-- 0.008717 s
currentSize : 14 <-- 0.009153 s
currentSize : 15 <-- 0.010090 s
currentSize : 16 <-- 0.030820 s
currentSize : 17 <-- 0.288757 s
currentSize : 19 <-- 0.293488 s

maxsize : 19
nodes : 151811.000000
filtered : 3586160.000000
time : 0.711627
