Parameters: GAD=1 vflib=1 dir=0 label=0 lowerbound=1 fileNameGp=../graphsdb/mcs70/bvg/b09m/mcs70_b09m_s30.A21 fileNameGt=../graphsdb/mcs70/bvg/b09m/mcs70_b09m_s30.B21
Reading graphs...
30 :  128
30 :  129
Initializing...
maxdom : 30
D->valSize : 900
Solving...
currentSize : 11 <-- 0.009630 s
currentSize : 12 <-- 0.009995 s
currentSize : 13 <-- 0.013259 s
currentSize : 14 <-- 0.040592 s
currentSize : 15 <-- 0.179430 s
currentSize : 16 <-- 33.494587 s
currentSize : 20 <-- 33.621841 s

maxsize : 20
nodes : 8926675.000000
filtered : 149592644.000000
time : 39.436295
