Parameters: GAD=1 vflib=1 dir=0 label=0 lowerbound=1 fileNameGp=../graphsdb/mcs70/rand/r01/mcs70_r01_s35.A89 fileNameGt=../graphsdb/mcs70/rand/r01/mcs70_r01_s35.B89
Reading graphs...
35 :  111
35 :  115
Initializing...
maxdom : 35
D->valSize : 1225
Solving...
currentSize : 13 <-- 0.018930 s
currentSize : 14 <-- 0.019014 s
currentSize : 15 <-- 0.020693 s
currentSize : 16 <-- 0.028045 s
currentSize : 17 <-- 0.044046 s
currentSize : 18 <-- 0.278888 s
currentSize : 19 <-- 10.592494 s
currentSize : 20 <-- 60.551571 s
currentSize : 21 <-- 143.917053 s
currentSize : 22 <-- 359.673859 s
currentSize : 24 <-- 359.673950 s

maxsize : 24
nodes : 77001603.000000
filtered : 2078284501.000000
time : 441.262787
