Parameters: GAD=1 vflib=1 dir=0 label=0 lowerbound=1 fileNameGp=../graphsdb/mcs70/rand/r01/mcs70_r01_s25.A13 fileNameGt=../graphsdb/mcs70/rand/r01/mcs70_r01_s25.B13
Reading graphs...
25 :  59
25 :  56
Initializing...
maxdom : 25
D->valSize : 625
Solving...
currentSize : 10 <-- 0.005119 s
currentSize : 11 <-- 0.005180 s
currentSize : 12 <-- 0.005832 s
currentSize : 13 <-- 0.007175 s
currentSize : 14 <-- 0.024500 s
currentSize : 15 <-- 0.129560 s
currentSize : 16 <-- 0.167473 s
currentSize : 17 <-- 0.240814 s

maxsize : 17
nodes : 434279.000000
filtered : 9037463.000000
time : 1.873571
