Parameters: GAD=1 vflib=1 dir=0 label=0 lowerbound=1 fileNameGp=../graphsdb/mcs70/bvg/b06/mcs70_b06_s35.A12 fileNameGt=../graphsdb/mcs70/bvg/b06/mcs70_b06_s35.B12
Reading graphs...
35 :  105
35 :  105
Initializing...
maxdom : 35
D->valSize : 1225
Solving...
currentSize : 13 <-- 0.033019 s
currentSize : 14 <-- 0.033128 s
currentSize : 15 <-- 0.046630 s
currentSize : 16 <-- 0.050896 s
currentSize : 17 <-- 0.088421 s
currentSize : 18 <-- 0.101711 s
currentSize : 19 <-- 0.419004 s
currentSize : 20 <-- 0.689051 s
currentSize : 21 <-- 3.209723 s
currentSize : 22 <-- 4.896228 s
currentSize : 23 <-- 12.190697 s
currentSize : 24 <-- 12.192802 s
currentSize : 25 <-- 17.853300 s

maxsize : 25
nodes : 8508071.000000
filtered : 313065869.000000
time : 54.650146
