Parameters: GAD=1 vflib=1 dir=0 label=0 lowerbound=1 fileNameGp=../graphsdb/mcs70/bvg/b03m/mcs70_b03m_s35.A26 fileNameGt=../graphsdb/mcs70/bvg/b03m/mcs70_b03m_s35.B26
Reading graphs...
35 :  52
35 :  52
Initializing...
maxdom : 35
D->valSize : 1225
Solving...
currentSize : 16 <-- 0.036238 s
currentSize : 17 <-- 0.036456 s
currentSize : 18 <-- 0.532699 s
currentSize : 19 <-- 0.547584 s
currentSize : 20 <-- 3.370687 s
currentSize : 21 <-- 5.536204 s
currentSize : 22 <-- 7.536497 s
currentSize : 23 <-- 8.001153 s
currentSize : 24 <-- 11.533131 s
currentSize : 25 <-- 426.177795 s
currentSize : 26 <-- 426.177856 s

maxsize : 26
nodes : 107614970.000000
filtered : 1924920683.000000
time : 518.129578
