Parameters: GAD=1 vflib=1 dir=0 label=0 lowerbound=1 fileNameGp=../graphsdb/mcs70/rand/r02/mcs70_r02_s35.A15 fileNameGt=../graphsdb/mcs70/rand/r02/mcs70_r02_s35.B15
Reading graphs...
35 :  218
35 :  221
Initializing...
maxdom : 35
D->valSize : 1225
Solving...
currentSize : 11 <-- 0.021779 s
currentSize : 12 <-- 0.021829 s
currentSize : 13 <-- 0.060091 s
currentSize : 14 <-- 0.928841 s
currentSize : 15 <-- 20.917149 s
currentSize : 16 <-- 73.229668 s
currentSize : 17 <-- 164.137787 s
currentSize : 19 <-- 164.182877 s
currentSize : 24 <-- 164.185379 s

maxsize : 24
nodes : 39429835.000000
filtered : 614198612.000000
time : 185.855774
