Parameters: GAD=1 vflib=1 dir=0 label=0 lowerbound=1 fileNameGp=../graphsdb/mcs70/bvg/b06/mcs70_b06_s30.A83 fileNameGt=../graphsdb/mcs70/bvg/b06/mcs70_b06_s30.B83
Reading graphs...
30 :  89
30 :  89
Initializing...
maxdom : 30
D->valSize : 900
Solving...
currentSize : 10 <-- 0.017532 s
currentSize : 12 <-- 0.017572 s
currentSize : 13 <-- 0.017670 s
currentSize : 14 <-- 0.020313 s
currentSize : 15 <-- 0.137868 s
currentSize : 16 <-- 0.491759 s
currentSize : 17 <-- 0.604785 s
currentSize : 18 <-- 0.792324 s
currentSize : 19 <-- 0.793307 s
currentSize : 20 <-- 0.882727 s
currentSize : 21 <-- 0.994823 s
currentSize : 22 <-- 1.344141 s
currentSize : 23 <-- 1.549084 s

maxsize : 23
nodes : 576756.000000
filtered : 14600528.000000
time : 3.025735
