Parameters: GAD=1 vflib=1 dir=0 label=0 lowerbound=1 fileNameGp=../graphsdb/mcs70/bvg/b03/mcs70_b03_s25.A71 fileNameGt=../graphsdb/mcs70/bvg/b03/mcs70_b03_s25.B71
Reading graphs...
25 :  37
25 :  37
Initializing...
maxdom : 25
D->valSize : 625
Solving...
currentSize : 14 <-- 0.009232 s
currentSize : 15 <-- 0.009284 s
currentSize : 16 <-- 0.129473 s
currentSize : 17 <-- 0.612735 s
currentSize : 18 <-- 0.629553 s
currentSize : 19 <-- 0.725285 s

maxsize : 19
nodes : 348660.000000
filtered : 4629282.000000
time : 1.348863
