Parameters: GAD=1 vflib=1 dir=0 label=0 lowerbound=1 fileNameGp=../graphsdb/mcs70/bvg/b06/mcs70_b06_s35.A91 fileNameGt=../graphsdb/mcs70/bvg/b06/mcs70_b06_s35.B91
Reading graphs...
35 :  105
35 :  103
Initializing...
maxdom : 35
D->valSize : 1225
Solving...
currentSize : 19 <-- 0.019604 s
currentSize : 20 <-- 0.048976 s
currentSize : 21 <-- 0.104963 s
currentSize : 22 <-- 0.117709 s
currentSize : 23 <-- 0.127670 s
currentSize : 24 <-- 1.929317 s
currentSize : 25 <-- 13.453180 s

maxsize : 25
nodes : 10000944.000000
filtered : 411917367.000000
time : 69.970306
