Parameters: GAD=1 vflib=1 dir=0 label=0 lowerbound=1 fileNameGp=../graphsdb/mcs70/bvg/b06m/mcs70_b06m_s30.A81 fileNameGt=../graphsdb/mcs70/bvg/b06m/mcs70_b06m_s30.B81
Reading graphs...
30 :  89
30 :  88
Initializing...
maxdom : 30
D->valSize : 900
Solving...
currentSize : 13 <-- 0.010379 s
currentSize : 14 <-- 0.011002 s
currentSize : 15 <-- 0.011857 s
currentSize : 16 <-- 0.012673 s
currentSize : 17 <-- 0.386894 s
currentSize : 18 <-- 6.302450 s
currentSize : 19 <-- 6.625707 s
currentSize : 21 <-- 19.571005 s

maxsize : 21
nodes : 4498845.000000
filtered : 119601346.000000
time : 23.441658
