Parameters: GAD=1 vflib=1 dir=0 label=0 lowerbound=1 fileNameGp=../graphsdb/mcs70/m4D/m4Dr2/mcs70_m4Dr2_s25.A07 fileNameGt=../graphsdb/mcs70/m4D/m4Dr2/mcs70_m4Dr2_s25.B07
Reading graphs...
25 :  51
25 :  51
Initializing...
maxdom : 25
D->valSize : 625
Solving...
currentSize : 12 <-- 0.005143 s
currentSize : 13 <-- 0.005155 s
currentSize : 14 <-- 0.011913 s
currentSize : 15 <-- 0.053518 s
currentSize : 16 <-- 0.070930 s
currentSize : 17 <-- 0.173035 s
currentSize : 18 <-- 0.766283 s

maxsize : 18
nodes : 407408.000000
filtered : 8018725.000000
time : 1.741887
