Parameters: GAD=1 vflib=1 dir=0 label=0 lowerbound=1 fileNameGp=../graphsdb/mcs70/rand/r005/mcs70_r005_s35.A52 fileNameGt=../graphsdb/mcs70/rand/r005/mcs70_r005_s35.B52
Reading graphs...
35 :  58
35 :  57
Initializing...
maxdom : 35
D->valSize : 1225
Solving...
currentSize : 18 <-- 0.035959 s
currentSize : 19 <-- 0.037821 s
currentSize : 20 <-- 0.049855 s
currentSize : 21 <-- 0.961285 s
currentSize : 22 <-- 1.057552 s
currentSize : 23 <-- 3.286279 s
currentSize : 24 <-- 19.101831 s
currentSize : 25 <-- 89.425255 s

maxsize : 25
nodes : 80068328.000000
filtered : 2095522554.000000
time : 448.087646
