Parameters: GAD=1 vflib=1 dir=0 label=0 lowerbound=1 fileNameGp=../graphsdb/mcs70/bvg/b03/mcs70_b03_s35.A80 fileNameGt=../graphsdb/mcs70/bvg/b03/mcs70_b03_s35.B80
Reading graphs...
35 :  52
35 :  52
Initializing...
maxdom : 35
D->valSize : 1225
Solving...
currentSize : 15 <-- 0.021263 s
currentSize : 18 <-- 0.029672 s
currentSize : 19 <-- 0.029738 s
currentSize : 20 <-- 0.031086 s
currentSize : 21 <-- 0.502304 s
currentSize : 22 <-- 1.186562 s
currentSize : 23 <-- 1.187579 s
currentSize : 24 <-- 1.426581 s
currentSize : 25 <-- 9.364090 s
currentSize : 26 <-- 11.227771 s
currentSize : 27 <-- 11.459508 s
currentSize : 28 <-- 15.628842 s

maxsize : 28
nodes : 5726489.000000
filtered : 134756929.000000
time : 31.246380
