Parameters: GAD=1 vflib=1 dir=0 label=0 lowerbound=1 fileNameGp=../graphsdb/mcs70/m2D/m2Dr2/mcs70_m2Dr2_s25.A56 fileNameGt=../graphsdb/mcs70/m2D/m2Dr2/mcs70_m2Dr2_s25.B56
Reading graphs...
25 :  44
25 :  43
Initializing...
maxdom : 25
D->valSize : 625
Solving...
currentSize : 11 <-- 0.005168 s
currentSize : 13 <-- 0.005192 s
currentSize : 14 <-- 0.006604 s
currentSize : 15 <-- 0.009380 s
currentSize : 16 <-- 0.064918 s
currentSize : 17 <-- 0.068305 s
currentSize : 18 <-- 1.463565 s
currentSize : 19 <-- 1.719252 s

maxsize : 19
nodes : 450082.000000
filtered : 7504634.000000
time : 2.040305
