Parameters: GAD=1 vflib=1 dir=0 label=0 lowerbound=1 fileNameGp=../graphsdb/mcs70/bvg/b03/mcs70_b03_s30.A56 fileNameGt=../graphsdb/mcs70/bvg/b03/mcs70_b03_s30.B56
Reading graphs...
30 :  45
30 :  45
Initializing...
maxdom : 30
D->valSize : 900
Solving...
currentSize : 11 <-- 0.010970 s
currentSize : 17 <-- 0.011030 s
currentSize : 18 <-- 0.015063 s
currentSize : 19 <-- 0.021263 s
currentSize : 20 <-- 0.044413 s
currentSize : 21 <-- 0.050196 s
currentSize : 22 <-- 0.259065 s
currentSize : 23 <-- 0.260719 s

maxsize : 23
nodes : 1557846.000000
filtered : 38988318.000000
time : 8.358821
