Parameters: GAD=1 vflib=1 dir=0 label=0 lowerbound=1 fileNameGp=../graphsdb/mcs70/bvg/b03/mcs70_b03_s35.A89 fileNameGt=../graphsdb/mcs70/bvg/b03/mcs70_b03_s35.B89
Reading graphs...
35 :  52
35 :  51
Initializing...
maxdom : 35
D->valSize : 1225
Solving...
currentSize : 20 <-- 0.021172 s
currentSize : 21 <-- 0.021371 s
currentSize : 22 <-- 0.032538 s
currentSize : 23 <-- 0.105574 s
currentSize : 24 <-- 0.369717 s
currentSize : 25 <-- 0.576983 s
currentSize : 26 <-- 0.715045 s
currentSize : 27 <-- 4.834911 s
currentSize : 28 <-- 33.173199 s

maxsize : 28
nodes : 6869127.000000
filtered : 176982840.000000
time : 40.060158
