Parameters: GAD=1 vflib=1 dir=0 label=0 lowerbound=1 fileNameGp=../graphsdb/mcs70/m2D/m2Dr4/mcs70_m2Dr4_s35.A66 fileNameGt=../graphsdb/mcs70/m2D/m2Dr4/mcs70_m2Dr4_s35.B66
Reading graphs...
35 :  69
35 :  68
Initializing...
maxdom : 35
D->valSize : 1225
Solving...
currentSize : 10 <-- 0.020429 s
currentSize : 13 <-- 0.020486 s
currentSize : 14 <-- 0.020646 s
currentSize : 15 <-- 0.021107 s
currentSize : 16 <-- 0.031576 s
currentSize : 17 <-- 0.035324 s
currentSize : 18 <-- 0.105813 s
currentSize : 19 <-- 0.208038 s
currentSize : 20 <-- 0.398864 s
currentSize : 21 <-- 6.341108 s
currentSize : 22 <-- 28.414001 s
currentSize : 23 <-- 286.088531 s
currentSize : 24 <-- 333.190277 s
currentSize : 25 <-- 665.543884 s

maxsize : 25
nodes : 136040901.000000
filtered : 3247148032.000000
time : 730.766724
