Parameters: GAD=1 vflib=1 dir=0 label=0 lowerbound=1 fileNameGp=../graphsdb/mcs70/m3D/m3Dr2/mcs70_m3Dr2_s35.A96 fileNameGt=../graphsdb/mcs70/m3D/m3Dr2/mcs70_m3Dr2_s35.B96
Reading graphs...
35 :  78
35 :  78
Initializing...
maxdom : 35
D->valSize : 1225
Solving...
currentSize : 16 <-- 0.019989 s
currentSize : 17 <-- 0.020124 s
currentSize : 18 <-- 0.020961 s
currentSize : 20 <-- 0.046450 s
currentSize : 22 <-- 0.528947 s
currentSize : 23 <-- 70.779877 s
currentSize : 24 <-- 103.242142 s
currentSize : 25 <-- 170.499069 s
currentSize : 26 <-- 245.825974 s
currentSize : 27 <-- 245.832901 s

maxsize : 27
nodes : 44050683.000000
filtered : 1264245506.000000
time : 258.738525
