Parameters: GAD=1 vflib=1 dir=0 label=0 lowerbound=1 fileNameGp=../graphsdb/mcs70/bvg/b06/mcs70_b06_s20.A60 fileNameGt=../graphsdb/mcs70/bvg/b06/mcs70_b06_s20.B60
Reading graphs...
20 :  58
20 :  60
Initializing...
maxdom : 20
D->valSize : 400
Solving...
currentSize : 9 <-- 0.003426 s
currentSize : 11 <-- 0.003804 s
currentSize : 12 <-- 0.013278 s
currentSize : 13 <-- 0.026522 s
currentSize : 14 <-- 0.056734 s
currentSize : 15 <-- 0.062312 s

maxsize : 15
nodes : 22146.000000
filtered : 438498.000000
time : 0.135107
