Parameters: GAD=1 vflib=1 dir=0 label=0 lowerbound=1 fileNameGp=../graphsdb/mcs70/rand/r02/mcs70_r02_s30.A36 fileNameGt=../graphsdb/mcs70/rand/r02/mcs70_r02_s30.B36
Reading graphs...
30 :  156
30 :  152
Initializing...
maxdom : 30
D->valSize : 900
Solving...
currentSize : 10 <-- 0.016009 s
currentSize : 11 <-- 0.016088 s
currentSize : 12 <-- 0.016381 s
currentSize : 13 <-- 0.066076 s
currentSize : 14 <-- 1.571221 s
currentSize : 15 <-- 94.113541 s
currentSize : 16 <-- 115.801117 s
currentSize : 21 <-- 174.871796 s

maxsize : 21
nodes : 42105438.000000
filtered : 542862690.000000
time : 176.181198
