Parameters: GAD=1 vflib=1 dir=0 label=0 lowerbound=1 fileNameGp=../graphsdb/mcs70/bvg/b06/mcs70_b06_s30.A69 fileNameGt=../graphsdb/mcs70/bvg/b06/mcs70_b06_s30.B69
Reading graphs...
30 :  89
30 :  89
Initializing...
maxdom : 30
D->valSize : 900
Solving...
currentSize : 14 <-- 0.010350 s
currentSize : 17 <-- 0.010751 s
currentSize : 18 <-- 0.011263 s
currentSize : 19 <-- 0.012995 s
currentSize : 20 <-- 0.026032 s
currentSize : 21 <-- 0.199194 s
currentSize : 22 <-- 0.202011 s
currentSize : 23 <-- 1.666128 s

maxsize : 23
nodes : 452502.000000
filtered : 15018884.000000
time : 2.588306
