Parameters: GAD=1 vflib=1 dir=0 label=0 lowerbound=1 fileNameGp=../graphsdb/mcs70/bvg/b09/mcs70_b09_s35.A55 fileNameGt=../graphsdb/mcs70/bvg/b09/mcs70_b09_s35.B55
Reading graphs...
35 :  154
35 :  154
Initializing...
maxdom : 35
D->valSize : 1225
Solving...
currentSize : 14 <-- 0.018295 s
currentSize : 15 <-- 0.024026 s
currentSize : 16 <-- 0.027130 s
currentSize : 17 <-- 0.924190 s
currentSize : 18 <-- 5.638027 s
currentSize : 20 <-- 5.644127 s
currentSize : 24 <-- 5.697199 s

maxsize : 24
nodes : 5533518.000000
filtered : 192503853.000000
time : 34.202309
