Parameters: GAD=1 vflib=1 dir=0 label=0 lowerbound=1 fileNameGp=../graphsdb/mcs70/rand/r01/mcs70_r01_s25.A41 fileNameGt=../graphsdb/mcs70/rand/r01/mcs70_r01_s25.B41
Reading graphs...
25 :  58
25 :  57
Initializing...
maxdom : 25
D->valSize : 625
Solving...
currentSize : 8 <-- 0.004866 s
currentSize : 9 <-- 0.004884 s
currentSize : 10 <-- 0.004990 s
currentSize : 11 <-- 0.005350 s
currentSize : 12 <-- 0.007137 s
currentSize : 13 <-- 0.009301 s
currentSize : 14 <-- 0.058774 s
currentSize : 15 <-- 0.300781 s
currentSize : 16 <-- 0.953611 s
currentSize : 17 <-- 1.376213 s

maxsize : 17
nodes : 949381.000000
filtered : 17983080.000000
time : 4.078584
