Parameters: GAD=1 vflib=1 dir=0 label=0 lowerbound=1 fileNameGp=../graphsdb/mcs70/rand/r02/mcs70_r02_s35.A54 fileNameGt=../graphsdb/mcs70/rand/r02/mcs70_r02_s35.B54
Reading graphs...
35 :  215
35 :  218
Initializing...
maxdom : 35
D->valSize : 1225
Solving...
currentSize : 11 <-- 0.017251 s
currentSize : 12 <-- 0.017298 s
currentSize : 13 <-- 0.021780 s
currentSize : 14 <-- 0.521958 s
currentSize : 15 <-- 5.565873 s
currentSize : 16 <-- 26.913467 s
currentSize : 17 <-- 218.173264 s
currentSize : 18 <-- 400.782898 s
currentSize : 24 <-- 484.541656 s

maxsize : 24
nodes : 103930820.000000
filtered : 1683624537.000000
time : 500.515137
