Parameters: GAD=1 vflib=1 dir=0 label=0 lowerbound=1 fileNameGp=../graphsdb/mcs70/m4D/m4Dr2/mcs70_m4Dr2_s25.A65 fileNameGt=../graphsdb/mcs70/m4D/m4Dr2/mcs70_m4Dr2_s25.B65
Reading graphs...
25 :  51
25 :  52
Initializing...
maxdom : 25
D->valSize : 625
Solving...
currentSize : 13 <-- 0.005014 s
currentSize : 14 <-- 0.005588 s
currentSize : 15 <-- 0.005666 s
currentSize : 16 <-- 0.425550 s
currentSize : 17 <-- 1.355049 s
currentSize : 18 <-- 1.356076 s
currentSize : 19 <-- 1.369880 s

maxsize : 19
nodes : 430702.000000
filtered : 6554059.000000
time : 1.621306
