Parameters: GAD=1 vflib=1 dir=0 label=0 lowerbound=1 fileNameGp=../graphsdb/mcs70/bvg/b06/mcs70_b06_s20.A27 fileNameGt=../graphsdb/mcs70/bvg/b06/mcs70_b06_s20.B27
Reading graphs...
20 :  59
20 :  58
Initializing...
maxdom : 20
D->valSize : 400
Solving...
currentSize : 6 <-- 0.003469 s
currentSize : 7 <-- 0.003494 s
currentSize : 8 <-- 0.003500 s
currentSize : 9 <-- 0.003521 s
currentSize : 10 <-- 0.004605 s
currentSize : 11 <-- 0.011952 s
currentSize : 12 <-- 0.026197 s
currentSize : 13 <-- 0.028505 s
currentSize : 14 <-- 0.044349 s
currentSize : 15 <-- 0.108498 s

maxsize : 15
nodes : 39341.000000
filtered : 617834.000000
time : 0.145194
