Parameters: GAD=1 vflib=1 dir=0 label=0 lowerbound=1 fileNameGp=../graphsdb/mcs70/bvg/b09m/mcs70_b09m_s15.A36 fileNameGt=../graphsdb/mcs70/bvg/b09m/mcs70_b09m_s15.B36
Reading graphs...
15 :  58
15 :  57
Initializing...
maxdom : 15
D->valSize : 225
Solving...
currentSize : 5 <-- 0.001066 s
currentSize : 6 <-- 0.001080 s
currentSize : 7 <-- 0.001122 s
currentSize : 8 <-- 0.001266 s
currentSize : 9 <-- 0.002831 s
currentSize : 10 <-- 0.003811 s
currentSize : 11 <-- 0.008159 s

maxsize : 11
nodes : 4806.000000
filtered : 71543.000000
time : 0.015657
