Parameters: GAD=1 vflib=1 dir=0 label=0 lowerbound=1 fileNameGp=../graphsdb/mcs70/m4D/m4Dr4/mcs70_m4Dr4_s25.A82 fileNameGt=../graphsdb/mcs70/m4D/m4Dr4/mcs70_m4Dr4_s25.B82
Reading graphs...
25 :  55
25 :  54
Initializing...
maxdom : 25
D->valSize : 625
Solving...
currentSize : 9 <-- 0.008604 s
currentSize : 10 <-- 0.008680 s
currentSize : 11 <-- 0.008723 s
currentSize : 12 <-- 0.013436 s
currentSize : 13 <-- 0.045824 s
currentSize : 14 <-- 0.054013 s
currentSize : 15 <-- 0.073953 s
currentSize : 16 <-- 0.189882 s
currentSize : 17 <-- 0.642591 s

maxsize : 17
nodes : 840146.000000
filtered : 18714600.000000
time : 3.760206
