Parameters: GAD=1 vflib=1 dir=0 label=0 lowerbound=1 fileNameGp=../graphsdb/mcs70/m4D/m4Dr4/mcs70_m4Dr4_s25.A81 fileNameGt=../graphsdb/mcs70/m4D/m4Dr4/mcs70_m4Dr4_s25.B81
Reading graphs...
25 :  55
25 :  52
Initializing...
maxdom : 25
D->valSize : 625
Solving...
currentSize : 11 <-- 0.004948 s
currentSize : 13 <-- 0.005069 s
currentSize : 14 <-- 0.005264 s
currentSize : 16 <-- 0.005288 s
currentSize : 17 <-- 0.005329 s
currentSize : 18 <-- 0.434999 s

maxsize : 18
nodes : 234151.000000
filtered : 5965152.000000
time : 1.120574
