Parameters: GAD=1 vflib=1 dir=0 label=0 lowerbound=1 fileNameGp=../graphsdb/mcs70/bvg/b06m/mcs70_b06m_s30.A74 fileNameGt=../graphsdb/mcs70/bvg/b06m/mcs70_b06m_s30.B74
Reading graphs...
30 :  88
30 :  88
Initializing...
maxdom : 30
D->valSize : 900
Solving...
currentSize : 11 <-- 0.010196 s
currentSize : 14 <-- 0.010303 s
currentSize : 15 <-- 0.010470 s
currentSize : 16 <-- 0.013427 s
currentSize : 17 <-- 0.055811 s
currentSize : 18 <-- 2.609791 s
currentSize : 19 <-- 5.445899 s
currentSize : 20 <-- 5.447777 s
currentSize : 21 <-- 7.293642 s

maxsize : 21
nodes : 2506531.000000
filtered : 70621294.000000
time : 13.399244
