Parameters: GAD=1 vflib=1 dir=0 label=0 lowerbound=1 fileNameGp=../graphsdb/mcs70/bvg/b03/mcs70_b03_s25.A80 fileNameGt=../graphsdb/mcs70/bvg/b03/mcs70_b03_s25.B80
Reading graphs...
25 :  37
25 :  37
Initializing...
maxdom : 25
D->valSize : 625
Solving...
currentSize : 13 <-- 0.009270 s
currentSize : 14 <-- 0.009602 s
currentSize : 15 <-- 0.010360 s
currentSize : 16 <-- 0.016196 s
currentSize : 17 <-- 0.079155 s
currentSize : 18 <-- 0.118978 s
currentSize : 19 <-- 0.133845 s

maxsize : 19
nodes : 294807.000000
filtered : 5864683.000000
time : 1.303143
