Parameters: GAD=1 vflib=1 dir=0 label=0 lowerbound=1 fileNameGp=../graphsdb/mcs70/m2D/m2Dr2/mcs70_m2Dr2_s35.A67 fileNameGt=../graphsdb/mcs70/m2D/m2Dr2/mcs70_m2Dr2_s35.B67
Reading graphs...
35 :  65
35 :  63
Initializing...
maxdom : 35
D->valSize : 1225
Solving...
currentSize : 15 <-- 0.020511 s
currentSize : 17 <-- 0.020536 s
currentSize : 18 <-- 0.020666 s
currentSize : 19 <-- 0.020708 s
currentSize : 20 <-- 0.021139 s
currentSize : 21 <-- 0.060261 s
currentSize : 22 <-- 0.090344 s
currentSize : 23 <-- 1.685364 s
currentSize : 24 <-- 140.018341 s
currentSize : 25 <-- 1386.151001 s

maxsize : 25
nodes : 267104779.000000
filtered : 6665928009.000000
time : 1467.459229
