Parameters: GAD=1 vflib=1 dir=0 label=0 lowerbound=1 fileNameGp=../graphsdb/mcs70/bvg/b03/mcs70_b03_s35.A83 fileNameGt=../graphsdb/mcs70/bvg/b03/mcs70_b03_s35.B83
Reading graphs...
35 :  51
35 :  52
Initializing...
maxdom : 35
D->valSize : 1225
Solving...
currentSize : 22 <-- 0.036771 s
currentSize : 23 <-- 0.037058 s
currentSize : 24 <-- 0.038093 s
currentSize : 25 <-- 0.116027 s
currentSize : 26 <-- 0.289299 s
currentSize : 27 <-- 20.999916 s
currentSize : 28 <-- 27.415024 s

maxsize : 28
nodes : 7957990.000000
filtered : 198179665.000000
time : 44.952335
