Parameters: GAD=1 vflib=1 dir=0 label=0 lowerbound=1 fileNameGp=../graphsdb/mcs70/bvg/b06/mcs70_b06_s30.A22 fileNameGt=../graphsdb/mcs70/bvg/b06/mcs70_b06_s30.B22
Reading graphs...
30 :  89
30 :  90
Initializing...
maxdom : 30
D->valSize : 900
Solving...
currentSize : 12 <-- 0.017533 s
currentSize : 14 <-- 0.017632 s
currentSize : 16 <-- 0.021586 s
currentSize : 17 <-- 0.025794 s
currentSize : 19 <-- 0.076624 s
currentSize : 21 <-- 0.274580 s
currentSize : 22 <-- 0.895517 s

maxsize : 22
nodes : 669938.000000
filtered : 24584350.000000
time : 4.292508
