Parameters: GAD=1 vflib=1 dir=0 label=0 lowerbound=1 fileNameGp=../graphsdb/mcs70/bvg/b03m/mcs70_b03m_s20.A13 fileNameGt=../graphsdb/mcs70/bvg/b03m/mcs70_b03m_s20.B13
Reading graphs...
20 :  30
20 :  30
Initializing...
maxdom : 20
D->valSize : 400
Solving...
currentSize : 7 <-- 0.003867 s
currentSize : 10 <-- 0.003938 s
currentSize : 11 <-- 0.003950 s
currentSize : 12 <-- 0.003959 s
currentSize : 13 <-- 0.003985 s
currentSize : 14 <-- 0.020868 s
currentSize : 15 <-- 0.023961 s

maxsize : 15
nodes : 32433.000000
filtered : 495554.000000
time : 0.117541
