Parameters: GAD=1 vflib=1 dir=0 label=0 lowerbound=1 fileNameGp=../graphsdb/mcs70/rand/r02/mcs70_r02_s30.A20 fileNameGt=../graphsdb/mcs70/rand/r02/mcs70_r02_s30.B20
Reading graphs...
30 :  155
30 :  155
Initializing...
maxdom : 30
D->valSize : 900
Solving...
currentSize : 10 <-- 0.015985 s
currentSize : 11 <-- 0.016051 s
currentSize : 12 <-- 0.017503 s
currentSize : 13 <-- 0.113128 s
currentSize : 14 <-- 6.762064 s
currentSize : 16 <-- 34.632149 s
currentSize : 21 <-- 34.633106 s

maxsize : 21
nodes : 9391264.000000
filtered : 124125901.000000
time : 38.625809
