Parameters: GAD=1 vflib=1 dir=0 label=0 lowerbound=1 fileNameGp=../graphsdb/mcs70/m3D/m3Dr2/mcs70_m3Dr2_s35.A85 fileNameGt=../graphsdb/mcs70/m3D/m3Dr2/mcs70_m3Dr2_s35.B85
Reading graphs...
35 :  79
35 :  78
Initializing...
maxdom : 35
D->valSize : 1225
Solving...
currentSize : 15 <-- 0.020755 s
currentSize : 16 <-- 0.020781 s
currentSize : 17 <-- 0.020998 s
currentSize : 18 <-- 0.025445 s
currentSize : 19 <-- 0.027151 s
currentSize : 20 <-- 0.027520 s
currentSize : 21 <-- 0.036289 s
currentSize : 22 <-- 0.039949 s
currentSize : 23 <-- 2.627744 s
currentSize : 24 <-- 37.064255 s
currentSize : 25 <-- 59.893940 s
currentSize : 29 <-- 59.894039 s

maxsize : 29
nodes : 11059698.000000
filtered : 271431743.000000
time : 61.742008
