Parameters: GAD=1 vflib=1 dir=0 label=0 lowerbound=1 fileNameGp=../graphsdb/mcs70/rand/r02/mcs70_r02_s30.A57 fileNameGt=../graphsdb/mcs70/rand/r02/mcs70_r02_s30.B57
Reading graphs...
30 :  156
30 :  153
Initializing...
maxdom : 30
D->valSize : 900
Solving...
currentSize : 10 <-- 0.016045 s
currentSize : 11 <-- 0.016545 s
currentSize : 12 <-- 0.019106 s
currentSize : 13 <-- 0.271214 s
currentSize : 14 <-- 1.351104 s
currentSize : 15 <-- 24.219112 s
currentSize : 16 <-- 24.231964 s
currentSize : 18 <-- 81.686157 s
currentSize : 21 <-- 81.714127 s

maxsize : 21
nodes : 19199182.000000
filtered : 298044215.000000
time : 83.840744
