Parameters: GAD=1 vflib=1 dir=0 label=0 lowerbound=1 fileNameGp=../graphsdb/mcs70/bvg/b06/mcs70_b06_s20.A13 fileNameGt=../graphsdb/mcs70/bvg/b06/mcs70_b06_s20.B13
Reading graphs...
20 :  60
20 :  57
Initializing...
maxdom : 20
D->valSize : 400
Solving...
currentSize : 9 <-- 0.002071 s
currentSize : 10 <-- 0.002088 s
currentSize : 11 <-- 0.003791 s
currentSize : 12 <-- 0.013386 s
currentSize : 13 <-- 0.024378 s
currentSize : 15 <-- 0.066272 s

maxsize : 15
nodes : 31674.000000
filtered : 454292.000000
time : 0.108981
