Parameters: GAD=1 vflib=1 dir=0 label=0 lowerbound=1 fileNameGp=../graphsdb/mcs70/bvg/b09m/mcs70_b09m_s30.A36 fileNameGt=../graphsdb/mcs70/bvg/b09m/mcs70_b09m_s30.B36
Reading graphs...
30 :  130
30 :  126
Initializing...
maxdom : 30
D->valSize : 900
Solving...
currentSize : 11 <-- 0.009824 s
currentSize : 12 <-- 0.009869 s
currentSize : 13 <-- 0.009973 s
currentSize : 14 <-- 0.016458 s
currentSize : 15 <-- 0.161152 s
currentSize : 16 <-- 47.069019 s
currentSize : 17 <-- 47.080601 s
currentSize : 19 <-- 47.081730 s
currentSize : 20 <-- 47.105816 s

maxsize : 20
nodes : 12140371.000000
filtered : 192152731.000000
time : 52.813278
