Parameters: GAD=1 vflib=1 dir=0 label=0 lowerbound=1 fileNameGp=../graphsdb/mcs70/m2D/m2D/mcs70_m2D_s35.A17 fileNameGt=../graphsdb/mcs70/m2D/m2D/mcs70_m2D_s35.B17
Reading graphs...
35 :  58
35 :  58
Initializing...
maxdom : 35
D->valSize : 1225
Solving...
currentSize : 15 <-- 0.020692 s
currentSize : 19 <-- 0.020731 s
currentSize : 20 <-- 0.020818 s
currentSize : 21 <-- 0.106598 s
currentSize : 22 <-- 0.348467 s
currentSize : 23 <-- 0.874528 s
currentSize : 24 <-- 8.433988 s
currentSize : 25 <-- 12.205926 s
currentSize : 26 <-- 22.336330 s

maxsize : 26
nodes : 34868231.000000
filtered : 1009592064.000000
time : 213.783798
