Parameters: GAD=1 vflib=1 dir=0 label=0 lowerbound=1 fileNameGp=../graphsdb/mcs70/m2D/m2D/mcs70_m2D_s25.A21 fileNameGt=../graphsdb/mcs70/m2D/m2D/mcs70_m2D_s25.B21
Reading graphs...
25 :  40
25 :  40
Initializing...
maxdom : 25
D->valSize : 625
Solving...
currentSize : 12 <-- 0.009062 s
currentSize : 13 <-- 0.009186 s
currentSize : 14 <-- 0.009895 s
currentSize : 15 <-- 0.011466 s
currentSize : 16 <-- 0.012863 s
currentSize : 17 <-- 0.083385 s
currentSize : 18 <-- 0.300287 s
currentSize : 19 <-- 0.712089 s

maxsize : 19
nodes : 365816.000000
filtered : 6580948.000000
time : 1.572220
