Parameters: GAD=1 vflib=1 dir=0 label=0 lowerbound=1 fileNameGp=../graphsdb/mcs70/bvg/b09/mcs70_b09_s35.A00 fileNameGt=../graphsdb/mcs70/bvg/b09/mcs70_b09_s35.B00
Reading graphs...
35 :  155
35 :  153
Initializing...
maxdom : 35
D->valSize : 1225
Solving...
currentSize : 12 <-- 0.017936 s
currentSize : 13 <-- 0.017996 s
currentSize : 14 <-- 0.018789 s
currentSize : 15 <-- 0.062189 s
currentSize : 16 <-- 0.338610 s
currentSize : 17 <-- 0.535796 s
currentSize : 18 <-- 0.535831 s
currentSize : 20 <-- 0.538479 s
currentSize : 21 <-- 0.547341 s
currentSize : 24 <-- 0.548756 s
currentSize : 25 <-- 1.346897 s

maxsize : 25
nodes : 2123965.000000
filtered : 94637601.000000
time : 15.129861
