Parameters: GAD=1 vflib=1 dir=0 label=0 lowerbound=1 fileNameGp=../graphsdb/mcs70/rand/r01/mcs70_r01_s20.A32 fileNameGt=../graphsdb/mcs70/rand/r01/mcs70_r01_s20.B32
Reading graphs...
20 :  37
20 :  37
Initializing...
maxdom : 20
D->valSize : 400
Solving...
currentSize : 10 <-- 0.002360 s
currentSize : 11 <-- 0.002419 s
currentSize : 12 <-- 0.002889 s
currentSize : 13 <-- 0.002918 s
currentSize : 14 <-- 0.007468 s
currentSize : 15 <-- 0.034688 s

maxsize : 15
nodes : 19674.000000
filtered : 413574.000000
time : 0.080865
