Parameters: GAD=1 vflib=1 dir=0 label=0 lowerbound=1 fileNameGp=../graphsdb/mcs70/m4D/m4Dr6/mcs70_m4Dr6_s25.A26 fileNameGt=../graphsdb/mcs70/m4D/m4Dr6/mcs70_m4Dr6_s25.B26
Reading graphs...
25 :  60
25 :  57
Initializing...
maxdom : 25
D->valSize : 625
Solving...
currentSize : 11 <-- 0.008507 s
currentSize : 12 <-- 0.009122 s
currentSize : 13 <-- 0.009855 s
currentSize : 14 <-- 0.014891 s
currentSize : 15 <-- 0.048454 s
currentSize : 16 <-- 0.124663 s
currentSize : 17 <-- 0.440135 s

maxsize : 17
nodes : 446407.000000
filtered : 10460855.000000
time : 2.075462
