Parameters: GAD=1 vflib=1 dir=0 label=0 lowerbound=1 fileNameGp=../graphsdb/mcs70/m2D/m2Dr2/mcs70_m2Dr2_s35.A78 fileNameGt=../graphsdb/mcs70/m2D/m2Dr2/mcs70_m2Dr2_s35.B78
Reading graphs...
35 :  65
35 :  64
Initializing...
maxdom : 35
D->valSize : 1225
Solving...
currentSize : 20 <-- 0.035486 s
currentSize : 21 <-- 0.036123 s
currentSize : 22 <-- 0.402398 s
currentSize : 23 <-- 17.092394 s
currentSize : 24 <-- 24.268726 s
currentSize : 25 <-- 411.457153 s

maxsize : 25
nodes : 93516818.000000
filtered : 2571782280.000000
time : 539.470032
