Parameters: GAD=1 vflib=1 dir=0 label=0 lowerbound=1 fileNameGp=../graphsdb/mcs70/bvg/b06m/mcs70_b06m_s25.A79 fileNameGt=../graphsdb/mcs70/bvg/b06m/mcs70_b06m_s25.B79
Reading graphs...
25 :  74
25 :  73
Initializing...
maxdom : 25
D->valSize : 625
Solving...
currentSize : 10 <-- 0.009740 s
currentSize : 11 <-- 0.009761 s
currentSize : 12 <-- 0.009942 s
currentSize : 13 <-- 0.012676 s
currentSize : 14 <-- 0.119350 s
currentSize : 15 <-- 0.213610 s
currentSize : 16 <-- 2.754344 s
currentSize : 17 <-- 4.862357 s

maxsize : 17
nodes : 1286717.000000
filtered : 25315052.000000
time : 5.481847
