Parameters: GAD=1 vflib=1 dir=0 label=0 lowerbound=1 fileNameGp=../graphsdb/mcs70/rand/r02/mcs70_r02_s30.A24 fileNameGt=../graphsdb/mcs70/rand/r02/mcs70_r02_s30.B24
Reading graphs...
30 :  156
30 :  158
Initializing...
maxdom : 30
D->valSize : 900
Solving...
currentSize : 10 <-- 0.009383 s
currentSize : 11 <-- 0.009736 s
currentSize : 12 <-- 0.010673 s
currentSize : 13 <-- 0.034935 s
currentSize : 16 <-- 1.064067 s
currentSize : 21 <-- 6.022648 s

maxsize : 21
nodes : 1852735.000000
filtered : 45101008.000000
time : 9.428403
