Parameters: GAD=1 vflib=1 dir=0 label=0 lowerbound=1 fileNameGp=../graphsdb/mcs70/m3D/m3D/mcs70_m3D_s35.A14 fileNameGt=../graphsdb/mcs70/m3D/m3D/mcs70_m3D_s35.B14
Reading graphs...
35 :  72
35 :  72
Initializing...
maxdom : 35
D->valSize : 1225
Solving...
currentSize : 18 <-- 0.035615 s
currentSize : 21 <-- 0.035768 s
currentSize : 22 <-- 0.047030 s
currentSize : 23 <-- 0.058867 s
currentSize : 24 <-- 1.260926 s
currentSize : 25 <-- 28.053976 s
currentSize : 27 <-- 33.065990 s
currentSize : 28 <-- 34.272034 s

maxsize : 28
nodes : 7678533.000000
filtered : 232545561.000000
time : 46.408245
