Parameters: GAD=1 vflib=1 dir=0 label=0 lowerbound=1 fileNameGp=../graphsdb/mcs70/rand/r02/mcs70_r02_s30.A44 fileNameGt=../graphsdb/mcs70/rand/r02/mcs70_r02_s30.B44
Reading graphs...
30 :  157
30 :  154
Initializing...
maxdom : 30
D->valSize : 900
Solving...
currentSize : 9 <-- 0.009492 s
currentSize : 10 <-- 0.009606 s
currentSize : 11 <-- 0.009807 s
currentSize : 12 <-- 0.013951 s
currentSize : 13 <-- 0.021081 s
currentSize : 14 <-- 4.968872 s
currentSize : 15 <-- 9.968626 s
currentSize : 17 <-- 9.971141 s
currentSize : 21 <-- 15.563525 s

maxsize : 21
nodes : 4402275.000000
filtered : 69787914.000000
time : 19.184652
