Parameters: GAD=1 vflib=1 dir=0 label=0 lowerbound=1 fileNameGp=../graphsdb/mcs70/m4D/m4Dr2/mcs70_m4Dr2_s25.A52 fileNameGt=../graphsdb/mcs70/m4D/m4Dr2/mcs70_m4Dr2_s25.B52
Reading graphs...
25 :  51
25 :  51
Initializing...
maxdom : 25
D->valSize : 625
Solving...
currentSize : 11 <-- 0.005274 s
currentSize : 12 <-- 0.005301 s
currentSize : 13 <-- 0.007083 s
currentSize : 14 <-- 0.123206 s
currentSize : 15 <-- 0.132677 s
currentSize : 16 <-- 0.336955 s
currentSize : 17 <-- 0.363663 s
currentSize : 18 <-- 0.550802 s

maxsize : 18
nodes : 447762.000000
filtered : 8481120.000000
time : 1.818340
