Parameters: GAD=1 vflib=1 dir=0 label=0 lowerbound=1 fileNameGp=../graphsdb/mcs70/bvg/b03m/mcs70_b03m_s30.A36 fileNameGt=../graphsdb/mcs70/bvg/b03m/mcs70_b03m_s30.B36
Reading graphs...
30 :  45
30 :  45
Initializing...
maxdom : 30
D->valSize : 900
Solving...
currentSize : 14 <-- 0.011177 s
currentSize : 15 <-- 0.011628 s
currentSize : 16 <-- 0.012173 s
currentSize : 17 <-- 0.012860 s
currentSize : 18 <-- 0.013500 s
currentSize : 19 <-- 0.025197 s
currentSize : 20 <-- 0.974174 s
currentSize : 21 <-- 3.217355 s
currentSize : 22 <-- 6.100316 s
currentSize : 23 <-- 8.817952 s

maxsize : 23
nodes : 2722098.000000
filtered : 53204858.000000
time : 12.454597
