Parameters: GAD=1 vflib=1 dir=0 label=0 lowerbound=1 fileNameGp=../graphsdb/mcs70/bvg/b06m/mcs70_b06m_s35.A03 fileNameGt=../graphsdb/mcs70/bvg/b06m/mcs70_b06m_s35.B03
Reading graphs...
35 :  103
35 :  103
Initializing...
maxdom : 35
D->valSize : 1225
Solving...
currentSize : 15 <-- 0.019690 s
currentSize : 16 <-- 0.021459 s
currentSize : 17 <-- 0.030694 s
currentSize : 18 <-- 0.276257 s
currentSize : 19 <-- 6.491213 s
currentSize : 20 <-- 15.579767 s
currentSize : 22 <-- 20.429588 s
currentSize : 23 <-- 20.499302 s
currentSize : 25 <-- 20.500834 s

maxsize : 25
nodes : 6703705.000000
filtered : 193790402.000000
time : 37.862843
