Parameters: GAD=1 vflib=1 dir=0 label=0 lowerbound=1 fileNameGp=../graphsdb/mcs70/rand/r005/mcs70_r005_s35.A72 fileNameGt=../graphsdb/mcs70/rand/r005/mcs70_r005_s35.B72
Reading graphs...
35 :  57
35 :  56
Initializing...
maxdom : 35
D->valSize : 1225
Solving...
currentSize : 17 <-- 0.021087 s
currentSize : 20 <-- 0.021281 s
currentSize : 21 <-- 0.069851 s
currentSize : 22 <-- 0.109275 s
currentSize : 23 <-- 1.725196 s
currentSize : 24 <-- 15.833670 s
currentSize : 25 <-- 30.213917 s

maxsize : 25
nodes : 31835889.000000
filtered : 876251108.000000
time : 185.877014
