Parameters: GAD=1 vflib=1 dir=0 label=0 lowerbound=1 fileNameGp=../graphsdb/mcs70/bvg/b09/mcs70_b09_s25.A93 fileNameGt=../graphsdb/mcs70/bvg/b09/mcs70_b09_s25.B93
Reading graphs...
25 :  109
25 :  110
Initializing...
maxdom : 25
D->valSize : 625
Solving...
currentSize : 10 <-- 0.004476 s
currentSize : 11 <-- 0.004810 s
currentSize : 12 <-- 0.004997 s
currentSize : 13 <-- 0.005080 s
currentSize : 16 <-- 0.101601 s
currentSize : 17 <-- 0.232882 s

maxsize : 17
nodes : 273825.000000
filtered : 6433090.000000
time : 1.298395
