Parameters: GAD=1 vflib=1 dir=0 label=0 lowerbound=1 fileNameGp=../graphsdb/mcs70/m4D/m4Dr4/mcs70_m4Dr4_s25.A22 fileNameGt=../graphsdb/mcs70/m4D/m4Dr4/mcs70_m4Dr4_s25.B22
Reading graphs...
25 :  56
25 :  55
Initializing...
maxdom : 25
D->valSize : 625
Solving...
currentSize : 10 <-- 0.008627 s
currentSize : 11 <-- 0.008656 s
currentSize : 12 <-- 0.008882 s
currentSize : 13 <-- 0.009410 s
currentSize : 14 <-- 0.018444 s
currentSize : 15 <-- 0.037544 s
currentSize : 16 <-- 0.127596 s
currentSize : 17 <-- 1.133319 s

maxsize : 17
nodes : 716320.000000
filtered : 13321486.000000
time : 3.117957
