Parameters: GAD=1 vflib=1 dir=0 label=0 lowerbound=1 fileNameGp=../graphsdb/mcs70/rand/r005/mcs70_r005_s20.A98 fileNameGt=../graphsdb/mcs70/rand/r005/mcs70_r005_s20.B98
Reading graphs...
20 :  23
20 :  23
Initializing...
maxdom : 20
D->valSize : 400
Solving...
currentSize : 3 <-- 0.002241 s
currentSize : 10 <-- 0.002280 s
currentSize : 11 <-- 0.002292 s
currentSize : 12 <-- 0.002584 s
currentSize : 14 <-- 0.008823 s
currentSize : 15 <-- 0.010143 s

maxsize : 15
nodes : 32723.000000
filtered : 245149.000000
time : 0.084658
