Parameters: GAD=1 vflib=1 dir=0 label=0 lowerbound=1 fileNameGp=../graphsdb/mcs70/bvg/b06/mcs70_b06_s20.A46 fileNameGt=../graphsdb/mcs70/bvg/b06/mcs70_b06_s20.B46
Reading graphs...
20 :  60
20 :  60
Initializing...
maxdom : 20
D->valSize : 400
Solving...
currentSize : 9 <-- 0.002127 s
currentSize : 10 <-- 0.002265 s
currentSize : 11 <-- 0.015531 s
currentSize : 12 <-- 0.039630 s
currentSize : 14 <-- 0.046397 s
currentSize : 15 <-- 0.048627 s

maxsize : 15
nodes : 30699.000000
filtered : 455255.000000
time : 0.114799
