Parameters: GAD=1 vflib=1 dir=0 label=0 lowerbound=1 fileNameGp=../graphsdb/mcs70/bvg/b06/mcs70_b06_s30.A07 fileNameGt=../graphsdb/mcs70/bvg/b06/mcs70_b06_s30.B07
Reading graphs...
30 :  90
30 :  89
Initializing...
maxdom : 30
D->valSize : 900
Solving...
currentSize : 10 <-- 0.015388 s
currentSize : 11 <-- 0.015412 s
currentSize : 13 <-- 0.015439 s
currentSize : 14 <-- 0.015826 s
currentSize : 15 <-- 0.031192 s
currentSize : 16 <-- 0.033307 s
currentSize : 17 <-- 0.060823 s
currentSize : 18 <-- 0.090327 s
currentSize : 19 <-- 0.390407 s
currentSize : 21 <-- 0.446064 s
currentSize : 22 <-- 0.893441 s

maxsize : 22
nodes : 861331.000000
filtered : 27291403.000000
time : 4.971845
