Parameters: GAD=1 vflib=1 dir=0 label=0 lowerbound=1 fileNameGp=../graphsdb/mcs70/m3D/m3Dr2/mcs70_m3Dr2_s35.A09 fileNameGt=../graphsdb/mcs70/m3D/m3Dr2/mcs70_m3Dr2_s35.B09
Reading graphs...
35 :  76
35 :  78
Initializing...
maxdom : 35
D->valSize : 1225
Solving...
currentSize : 15 <-- 0.020192 s
currentSize : 16 <-- 0.020240 s
currentSize : 18 <-- 0.020381 s
currentSize : 19 <-- 0.022721 s
currentSize : 20 <-- 0.025753 s
currentSize : 21 <-- 0.121724 s
currentSize : 22 <-- 1.427454 s
currentSize : 24 <-- 88.825424 s
currentSize : 25 <-- 166.456039 s
currentSize : 27 <-- 259.174469 s

maxsize : 27
nodes : 46606489.000000
filtered : 1298428040.000000
time : 269.510925
