Parameters: GAD=1 vflib=1 dir=0 label=0 lowerbound=1 fileNameGp=../graphsdb/mcs70/bvg/b09m/mcs70_b09m_s20.A71 fileNameGt=../graphsdb/mcs70/bvg/b09m/mcs70_b09m_s20.B71
Reading graphs...
20 :  82
20 :  81
Initializing...
maxdom : 20
D->valSize : 400
Solving...
currentSize : 7 <-- 0.003294 s
currentSize : 8 <-- 0.003324 s
currentSize : 9 <-- 0.003468 s
currentSize : 10 <-- 0.004940 s
currentSize : 11 <-- 0.052241 s
currentSize : 12 <-- 0.241512 s
currentSize : 14 <-- 0.391194 s

maxsize : 14
nodes : 125166.000000
filtered : 1650268.000000
time : 0.473394
