Parameters: GAD=1 vflib=1 dir=0 label=0 lowerbound=1 fileNameGp=../graphsdb/mcs70/bvg/b06m/mcs70_b06m_s30.A94 fileNameGt=../graphsdb/mcs70/bvg/b06m/mcs70_b06m_s30.B94
Reading graphs...
30 :  85
30 :  87
Initializing...
maxdom : 30
D->valSize : 900
Solving...
currentSize : 13 <-- 0.010185 s
currentSize : 14 <-- 0.011426 s
currentSize : 15 <-- 0.011655 s
currentSize : 16 <-- 0.023702 s
currentSize : 17 <-- 0.064441 s
currentSize : 18 <-- 11.959597 s
currentSize : 20 <-- 34.715481 s
currentSize : 21 <-- 34.715508 s

maxsize : 21
nodes : 8200360.000000
filtered : 193045454.000000
time : 40.384605
