Parameters: GAD=1 vflib=1 dir=0 label=0 lowerbound=1 fileNameGp=../graphsdb/mcs70/bvg/b03m/mcs70_b03m_s25.A51 fileNameGt=../graphsdb/mcs70/bvg/b03m/mcs70_b03m_s25.B51
Reading graphs...
25 :  37
25 :  37
Initializing...
maxdom : 25
D->valSize : 625
Solving...
currentSize : 10 <-- 0.009085 s
currentSize : 12 <-- 0.009115 s
currentSize : 13 <-- 0.009228 s
currentSize : 14 <-- 0.019781 s
currentSize : 15 <-- 0.108701 s
currentSize : 16 <-- 0.108745 s
currentSize : 17 <-- 0.346792 s
currentSize : 18 <-- 0.382000 s
currentSize : 19 <-- 1.753779 s

maxsize : 19
nodes : 535582.000000
filtered : 9317040.000000
time : 2.256645
