Parameters: GAD=1 vflib=1 dir=0 label=0 lowerbound=1 fileNameGp=../graphsdb/mcs70/bvg/b03/mcs70_b03_s35.A03 fileNameGt=../graphsdb/mcs70/bvg/b03/mcs70_b03_s35.B03
Reading graphs...
35 :  52
35 :  52
Initializing...
maxdom : 35
D->valSize : 1225
Solving...
currentSize : 11 <-- 0.036372 s
currentSize : 21 <-- 0.036491 s
currentSize : 22 <-- 0.036634 s
currentSize : 23 <-- 0.036781 s
currentSize : 24 <-- 0.056006 s
currentSize : 25 <-- 0.103058 s
currentSize : 27 <-- 3.111427 s
currentSize : 28 <-- 3.887493 s
currentSize : 30 <-- 7.342496 s

maxsize : 30
nodes : 1416863.000000
filtered : 34690385.000000
time : 8.190346
