Parameters: GAD=1 vflib=1 dir=0 label=0 lowerbound=1 fileNameGp=../graphsdb/mcs70/m4D/m4Dr6/mcs70_m4Dr6_s25.A19 fileNameGt=../graphsdb/mcs70/m4D/m4Dr6/mcs70_m4Dr6_s25.B19
Reading graphs...
25 :  61
25 :  60
Initializing...
maxdom : 25
D->valSize : 625
Solving...
currentSize : 10 <-- 0.008563 s
currentSize : 11 <-- 0.008706 s
currentSize : 12 <-- 0.015224 s
currentSize : 13 <-- 0.015345 s
currentSize : 14 <-- 0.015366 s
currentSize : 15 <-- 0.075317 s
currentSize : 16 <-- 1.297424 s
currentSize : 17 <-- 1.373500 s

maxsize : 17
nodes : 687666.000000
filtered : 14975182.000000
time : 3.096788
