Parameters: GAD=1 vflib=1 dir=0 label=0 lowerbound=1 fileNameGp=../graphsdb/mcs70/rand/r01/mcs70_r01_s25.A76 fileNameGt=../graphsdb/mcs70/rand/r01/mcs70_r01_s25.B76
Reading graphs...
25 :  59
25 :  59
Initializing...
maxdom : 25
D->valSize : 625
Solving...
currentSize : 11 <-- 0.004941 s
currentSize : 12 <-- 0.005226 s
currentSize : 13 <-- 0.006821 s
currentSize : 14 <-- 0.011085 s
currentSize : 15 <-- 0.021010 s
currentSize : 16 <-- 2.409440 s
currentSize : 17 <-- 3.469305 s
currentSize : 18 <-- 4.316671 s

maxsize : 18
nodes : 1092652.000000
filtered : 19185171.000000
time : 4.452144
