Parameters: GAD=1 vflib=1 dir=0 label=0 lowerbound=1 fileNameGp=../graphsdb/mcs70/m4D/m4Dr2/mcs70_m4Dr2_s25.A91 fileNameGt=../graphsdb/mcs70/m4D/m4Dr2/mcs70_m4Dr2_s25.B91
Reading graphs...
25 :  52
25 :  52
Initializing...
maxdom : 25
D->valSize : 625
Solving...
currentSize : 12 <-- 0.008726 s
currentSize : 13 <-- 0.008746 s
currentSize : 14 <-- 0.009155 s
currentSize : 15 <-- 0.009212 s
currentSize : 16 <-- 0.013153 s
currentSize : 17 <-- 0.058442 s
currentSize : 18 <-- 0.501547 s

maxsize : 18
nodes : 232533.000000
filtered : 5374161.000000
time : 1.131743
