Parameters: GAD=1 vflib=1 dir=0 label=0 lowerbound=1 fileNameGp=../graphsdb/mcs70/bvg/b09m/mcs70_b09m_s35.A71 fileNameGt=../graphsdb/mcs70/bvg/b09m/mcs70_b09m_s35.B71
Reading graphs...
35 :  154
35 :  154
Initializing...
maxdom : 35
D->valSize : 1225
Solving...
currentSize : 12 <-- 0.017840 s
currentSize : 13 <-- 0.020269 s
currentSize : 14 <-- 0.020308 s
currentSize : 15 <-- 0.021379 s
currentSize : 16 <-- 0.067887 s
currentSize : 17 <-- 34.537712 s
currentSize : 18 <-- 187.222778 s
currentSize : 19 <-- 187.451767 s
currentSize : 20 <-- 271.789429 s
currentSize : 22 <-- 271.789490 s
currentSize : 24 <-- 271.789673 s

maxsize : 24
nodes : 57402185.000000
filtered : 1163482920.000000
time : 292.250977
