Parameters: GAD=1 vflib=1 dir=0 label=0 lowerbound=1 fileNameGp=../graphsdb/mcs70/rand/r02/mcs70_r02_s25.A31 fileNameGt=../graphsdb/mcs70/rand/r02/mcs70_r02_s25.B31
Reading graphs...
25 :  111
25 :  108
Initializing...
maxdom : 25
D->valSize : 625
Solving...
currentSize : 9 <-- 0.007781 s
currentSize : 10 <-- 0.007803 s
currentSize : 11 <-- 0.008243 s
currentSize : 12 <-- 0.009255 s
currentSize : 13 <-- 0.009888 s
currentSize : 14 <-- 0.314582 s
currentSize : 17 <-- 0.315985 s

maxsize : 17
nodes : 321556.000000
filtered : 8183040.000000
time : 1.548568
