Parameters: GAD=1 vflib=1 dir=0 label=0 lowerbound=1 fileNameGp=../graphsdb/mcs70/m2D/m2Dr4/mcs70_m2Dr4_s35.A73 fileNameGt=../graphsdb/mcs70/m2D/m2Dr4/mcs70_m2Dr4_s35.B73
Reading graphs...
35 :  71
35 :  67
Initializing...
maxdom : 35
D->valSize : 1225
Solving...
currentSize : 17 <-- 0.020348 s
currentSize : 18 <-- 0.020679 s
currentSize : 20 <-- 0.029695 s
currentSize : 21 <-- 0.299515 s
currentSize : 22 <-- 2.853789 s
currentSize : 23 <-- 2.956776 s
currentSize : 24 <-- 71.817566 s
currentSize : 26 <-- 161.156494 s

maxsize : 26
nodes : 36837645.000000
filtered : 1051206206.000000
time : 213.564926
