Parameters: GAD=1 vflib=1 dir=0 label=0 lowerbound=1 fileNameGp=../graphsdb/mcs70/m2D/m2Dr2/mcs70_m2Dr2_s25.A25 fileNameGt=../graphsdb/mcs70/m2D/m2Dr2/mcs70_m2Dr2_s25.B25
Reading graphs...
25 :  44
25 :  45
Initializing...
maxdom : 25
D->valSize : 625
Solving...
currentSize : 13 <-- 0.005140 s
currentSize : 14 <-- 0.005533 s
currentSize : 15 <-- 0.005552 s
currentSize : 16 <-- 0.090840 s
currentSize : 17 <-- 0.114477 s
currentSize : 18 <-- 0.298605 s

maxsize : 18
nodes : 406307.000000
filtered : 8537713.000000
time : 1.805289
