Parameters: GAD=1 vflib=1 dir=0 label=0 lowerbound=1 fileNameGp=../graphsdb/mcs70/rand/r005/mcs70_r005_s25.A10 fileNameGt=../graphsdb/mcs70/rand/r005/mcs70_r005_s25.B10
Reading graphs...
25 :  33
25 :  33
Initializing...
maxdom : 25
D->valSize : 625
Solving...
currentSize : 12 <-- 0.005337 s
currentSize : 14 <-- 0.006033 s
currentSize : 15 <-- 0.023761 s
currentSize : 16 <-- 0.109390 s
currentSize : 17 <-- 0.340657 s
currentSize : 18 <-- 0.558218 s
currentSize : 19 <-- 0.558285 s

maxsize : 19
nodes : 367853.000000
filtered : 4153769.000000
time : 1.183915
