Parameters: GAD=1 vflib=1 dir=0 label=0 lowerbound=1 fileNameGp=../graphsdb/mcs70/m2D/m2Dr2/mcs70_m2Dr2_s35.A38 fileNameGt=../graphsdb/mcs70/m2D/m2Dr2/mcs70_m2Dr2_s35.B38
Reading graphs...
35 :  64
35 :  63
Initializing...
maxdom : 35
D->valSize : 1225
Solving...
currentSize : 17 <-- 0.020998 s
currentSize : 18 <-- 0.021033 s
currentSize : 20 <-- 0.025387 s
currentSize : 21 <-- 0.082112 s
currentSize : 22 <-- 0.100223 s
currentSize : 23 <-- 0.237795 s
currentSize : 24 <-- 0.509415 s
currentSize : 25 <-- 23.829266 s
currentSize : 26 <-- 143.039703 s
currentSize : 27 <-- 143.047897 s

maxsize : 27
nodes : 26171644.000000
filtered : 777300104.000000
time : 156.299469
