Parameters: GAD=1 vflib=1 dir=0 label=0 lowerbound=1 fileNameGp=../graphsdb/mcs70/bvg/b03m/mcs70_b03m_s30.A78 fileNameGt=../graphsdb/mcs70/bvg/b03m/mcs70_b03m_s30.B78
Reading graphs...
30 :  43
30 :  43
Initializing...
maxdom : 30
D->valSize : 900
Solving...
currentSize : 17 <-- 0.011420 s
currentSize : 18 <-- 0.011762 s
currentSize : 19 <-- 2.366842 s
currentSize : 20 <-- 3.870182 s
currentSize : 21 <-- 21.221516 s
currentSize : 22 <-- 21.285580 s

maxsize : 22
nodes : 9937116.000000
filtered : 149960849.000000
time : 40.942631
