Parameters: GAD=1 vflib=1 dir=0 label=0 lowerbound=1 fileNameGp=../graphsdb/mcs70/m3D/m3Dr2/mcs70_m3Dr2_s35.A71 fileNameGt=../graphsdb/mcs70/m3D/m3Dr2/mcs70_m3Dr2_s35.B71
Reading graphs...
35 :  79
35 :  79
Initializing...
maxdom : 35
D->valSize : 1225
Solving...
currentSize : 17 <-- 0.034694 s
currentSize : 19 <-- 0.034739 s
currentSize : 20 <-- 0.034786 s
currentSize : 21 <-- 0.102471 s
currentSize : 22 <-- 6.080270 s
currentSize : 23 <-- 127.548988 s
currentSize : 24 <-- 127.549088 s
currentSize : 25 <-- 127.556313 s
currentSize : 26 <-- 136.450989 s
currentSize : 27 <-- 156.735580 s

maxsize : 27
nodes : 31174404.000000
filtered : 783541935.000000
time : 170.123642
