Parameters: GAD=1 vflib=1 dir=0 label=0 lowerbound=1 fileNameGp=../graphsdb/mcs70/bvg/b06m/mcs70_b06m_s35.A13 fileNameGt=../graphsdb/mcs70/bvg/b06m/mcs70_b06m_s35.B13
Reading graphs...
35 :  102
35 :  104
Initializing...
maxdom : 35
D->valSize : 1225
Solving...
currentSize : 19 <-- 0.033471 s
currentSize : 20 <-- 0.033526 s
currentSize : 21 <-- 0.033560 s
currentSize : 22 <-- 0.033639 s
currentSize : 23 <-- 0.033999 s
currentSize : 24 <-- 0.034086 s

maxsize : 24
nodes : 9478047.000000
filtered : 457494323.000000
time : 72.561913
