Parameters: GAD=1 vflib=1 dir=0 label=0 lowerbound=1 fileNameGp=../graphsdb/mcs70/m4D/m4Dr4/mcs70_m4Dr4_s25.A28 fileNameGt=../graphsdb/mcs70/m4D/m4Dr4/mcs70_m4Dr4_s25.B28
Reading graphs...
25 :  57
25 :  56
Initializing...
maxdom : 25
D->valSize : 625
Solving...
currentSize : 12 <-- 0.004920 s
currentSize : 13 <-- 0.004959 s
currentSize : 14 <-- 0.006653 s
currentSize : 15 <-- 0.052776 s
currentSize : 16 <-- 0.258314 s
currentSize : 17 <-- 2.501776 s
currentSize : 18 <-- 3.178455 s

maxsize : 18
nodes : 806384.000000
filtered : 15446074.000000
time : 3.425364
