Parameters: GAD=1 vflib=1 dir=0 label=0 lowerbound=1 fileNameGp=../graphsdb/mcs70/m2D/m2Dr6/m2Dr6/mcs70_m2Dr6_s25.A05 fileNameGt=../graphsdb/mcs70/m2D/m2Dr6/m2Dr6/mcs70_m2Dr6_s25.B05
Reading graphs...
25 :  53
25 :  53
Initializing...
maxdom : 25
D->valSize : 625
Solving...
currentSize : 10 <-- 0.004989 s
currentSize : 12 <-- 0.005006 s
currentSize : 13 <-- 0.005230 s
currentSize : 14 <-- 0.006256 s
currentSize : 15 <-- 0.007413 s
currentSize : 16 <-- 0.008113 s
currentSize : 17 <-- 2.059835 s

maxsize : 17
nodes : 1127700.000000
filtered : 21396034.000000
time : 4.868873
