Parameters: GAD=1 vflib=1 dir=0 label=0 lowerbound=1 fileNameGp=../graphsdb/mcs70/bvg/b06m/mcs70_b06m_s30.A02 fileNameGt=../graphsdb/mcs70/bvg/b06m/mcs70_b06m_s30.B02
Reading graphs...
30 :  88
30 :  87
Initializing...
maxdom : 30
D->valSize : 900
Solving...
currentSize : 12 <-- 0.010374 s
currentSize : 13 <-- 0.011034 s
currentSize : 14 <-- 0.011739 s
currentSize : 15 <-- 0.013280 s
currentSize : 16 <-- 0.013995 s
currentSize : 17 <-- 0.101399 s
currentSize : 18 <-- 1.156964 s
currentSize : 21 <-- 11.901153 s

maxsize : 21
nodes : 2847798.000000
filtered : 82086419.000000
time : 15.742730
