Parameters: GAD=1 vflib=1 dir=0 label=0 lowerbound=1 fileNameGp=../graphsdb/mcs70/m2D/m2Dr6/m2Dr6/mcs70_m2Dr6_s35.A77 fileNameGt=../graphsdb/mcs70/m2D/m2Dr6/m2Dr6/mcs70_m2Dr6_s35.B77
Reading graphs...
35 :  79
35 :  77
Initializing...
maxdom : 35
D->valSize : 1225
Solving...
currentSize : 15 <-- 0.019952 s
currentSize : 16 <-- 0.020127 s
currentSize : 17 <-- 0.020154 s
currentSize : 18 <-- 0.021367 s
currentSize : 19 <-- 0.024369 s
currentSize : 20 <-- 0.043823 s
currentSize : 21 <-- 0.069251 s
currentSize : 22 <-- 0.146930 s
currentSize : 23 <-- 79.802582 s
currentSize : 25 <-- 244.491592 s

maxsize : 25
nodes : 53524499.000000
filtered : 1481687241.000000
time : 306.382111
