Parameters: GAD=1 vflib=1 dir=0 label=0 lowerbound=1 fileNameGp=../graphsdb/mcs70/rand/r01/mcs70_r01_s35.A77 fileNameGt=../graphsdb/mcs70/rand/r01/mcs70_r01_s35.B77
Reading graphs...
35 :  110
35 :  111
Initializing...
maxdom : 35
D->valSize : 1225
Solving...
currentSize : 12 <-- 0.024173 s
currentSize : 13 <-- 0.024392 s
currentSize : 14 <-- 0.025055 s
currentSize : 15 <-- 0.029077 s
currentSize : 16 <-- 0.033594 s
currentSize : 17 <-- 0.036996 s
currentSize : 18 <-- 0.109463 s
currentSize : 19 <-- 0.198618 s
currentSize : 20 <-- 56.949650 s
currentSize : 21 <-- 460.905975 s
currentSize : 22 <-- 775.576721 s
currentSize : 24 <-- 842.429688 s

maxsize : 24
nodes : 156304293.000000
filtered : 4051818937.000000
time : 861.576477
