Parameters: GAD=1 vflib=1 dir=0 label=0 lowerbound=1 fileNameGp=../graphsdb/mcs70/bvg/b09m/mcs70_b09m_s35.A20 fileNameGt=../graphsdb/mcs70/bvg/b09m/mcs70_b09m_s35.B20
Reading graphs...
35 :  152
35 :  152
Initializing...
maxdom : 35
D->valSize : 1225
Solving...
currentSize : 13 <-- 0.018725 s
currentSize : 14 <-- 0.018759 s
currentSize : 15 <-- 0.039817 s
currentSize : 16 <-- 0.198927 s
currentSize : 17 <-- 4.325617 s
currentSize : 21 <-- 633.754456 s
currentSize : 24 <-- 633.754700 s

maxsize : 24
nodes : 136781013.000000
filtered : 2347549588.000000
time : 652.131592
