Parameters: GAD=1 vflib=1 dir=0 label=0 lowerbound=1 fileNameGp=../graphsdb/mcs70/m3D/m3D/mcs70_m3D_s35.A89 fileNameGt=../graphsdb/mcs70/m3D/m3D/mcs70_m3D_s35.B89
Reading graphs...
35 :  71
35 :  72
Initializing...
maxdom : 35
D->valSize : 1225
Solving...
currentSize : 15 <-- 0.034837 s
currentSize : 16 <-- 0.035022 s
currentSize : 17 <-- 0.035797 s
currentSize : 18 <-- 0.052656 s
currentSize : 19 <-- 0.159538 s
currentSize : 20 <-- 0.536145 s
currentSize : 21 <-- 0.757931 s
currentSize : 22 <-- 5.195799 s
currentSize : 23 <-- 14.826876 s
currentSize : 24 <-- 18.889656 s
currentSize : 25 <-- 19.352402 s
currentSize : 27 <-- 23.180637 s
currentSize : 28 <-- 25.825632 s
currentSize : 29 <-- 26.617287 s

maxsize : 29
nodes : 5542252.000000
filtered : 130383319.000000
time : 29.314133
