Parameters: GAD=1 vflib=1 dir=0 label=0 lowerbound=1 fileNameGp=../graphsdb/mcs70/bvg/b06/mcs70_b06_s35.A07 fileNameGt=../graphsdb/mcs70/bvg/b06/mcs70_b06_s35.B07
Reading graphs...
35 :  105
35 :  102
Initializing...
maxdom : 35
D->valSize : 1225
Solving...
currentSize : 13 <-- 0.032965 s
currentSize : 14 <-- 0.033099 s
currentSize : 15 <-- 0.036084 s
currentSize : 16 <-- 0.045457 s
currentSize : 17 <-- 0.067569 s
currentSize : 18 <-- 0.144752 s
currentSize : 20 <-- 0.354788 s
currentSize : 21 <-- 0.622587 s
currentSize : 22 <-- 1.145941 s
currentSize : 23 <-- 4.319694 s
currentSize : 24 <-- 4.885287 s
currentSize : 25 <-- 4.924143 s
currentSize : 26 <-- 12.518168 s

maxsize : 26
nodes : 3898086.000000
filtered : 152699637.000000
time : 25.862549
