Parameters: GAD=1 vflib=1 dir=0 label=0 lowerbound=1 fileNameGp=../graphsdb/mcs70/rand/r005/mcs70_r005_s35.A02 fileNameGt=../graphsdb/mcs70/rand/r005/mcs70_r005_s35.B02
Reading graphs...
35 :  57
35 :  56
Initializing...
maxdom : 35
D->valSize : 1225
Solving...
currentSize : 15 <-- 0.021182 s
currentSize : 18 <-- 0.021223 s
currentSize : 19 <-- 0.025546 s
currentSize : 20 <-- 0.049922 s
currentSize : 21 <-- 0.051792 s
currentSize : 22 <-- 0.053720 s
currentSize : 23 <-- 6.530039 s
currentSize : 24 <-- 51.949577 s
currentSize : 25 <-- 97.173042 s

maxsize : 25
nodes : 50839803.000000
filtered : 1215023567.000000
time : 287.731689
