Parameters: GAD=1 vflib=1 dir=0 label=0 lowerbound=1 fileNameGp=../graphsdb/mcs70/bvg/b06m/mcs70_b06m_s30.A97 fileNameGt=../graphsdb/mcs70/bvg/b06m/mcs70_b06m_s30.B97
Reading graphs...
30 :  89
30 :  89
Initializing...
maxdom : 30
D->valSize : 900
Solving...
currentSize : 14 <-- 0.010125 s
currentSize : 15 <-- 0.010512 s
currentSize : 16 <-- 0.013830 s
currentSize : 17 <-- 3.818905 s
currentSize : 18 <-- 15.576883 s
currentSize : 19 <-- 22.525703 s
currentSize : 21 <-- 22.534304 s

maxsize : 21
nodes : 5707130.000000
filtered : 130990284.000000
time : 27.104837
