Parameters: GAD=1 vflib=1 dir=0 label=0 lowerbound=1 fileNameGp=../graphsdb/mcs70/bvg/b09/mcs70_b09_s30.A91 fileNameGt=../graphsdb/mcs70/bvg/b09/mcs70_b09_s30.B91
Reading graphs...
30 :  133
30 :  133
Initializing...
maxdom : 30
D->valSize : 900
Solving...
currentSize : 9 <-- 0.009516 s
currentSize : 10 <-- 0.009548 s
currentSize : 12 <-- 0.010116 s
currentSize : 13 <-- 0.034893 s
currentSize : 14 <-- 0.114489 s
currentSize : 15 <-- 0.848080 s
currentSize : 16 <-- 0.894550 s
currentSize : 17 <-- 0.896392 s
currentSize : 19 <-- 0.932968 s
currentSize : 20 <-- 0.933413 s
currentSize : 21 <-- 1.426117 s

maxsize : 21
nodes : 952773.000000
filtered : 27952794.000000
time : 5.111130
