Parameters: GAD=1 vflib=1 dir=0 label=0 lowerbound=1 fileNameGp=../graphsdb/mcs70/rand/r005/mcs70_r005_s35.A14 fileNameGt=../graphsdb/mcs70/rand/r005/mcs70_r005_s35.B14
Reading graphs...
35 :  56
35 :  57
Initializing...
maxdom : 35
D->valSize : 1225
Solving...
currentSize : 17 <-- 0.036455 s
currentSize : 20 <-- 0.036489 s
currentSize : 22 <-- 0.534001 s
currentSize : 23 <-- 4.464523 s
currentSize : 24 <-- 5.249564 s
currentSize : 25 <-- 170.501450 s

maxsize : 25
nodes : 80910084.000000
filtered : 1911212646.000000
time : 446.935486
