Parameters: GAD=1 vflib=1 dir=0 label=0 lowerbound=1 fileNameGp=../graphsdb/mcs70/bvg/b06m/mcs70_b06m_s20.A54 fileNameGt=../graphsdb/mcs70/bvg/b06m/mcs70_b06m_s20.B54
Reading graphs...
20 :  59
20 :  58
Initializing...
maxdom : 20
D->valSize : 400
Solving...
currentSize : 9 <-- 0.002017 s
currentSize : 10 <-- 0.002052 s
currentSize : 11 <-- 0.002089 s
currentSize : 12 <-- 0.002342 s
currentSize : 13 <-- 0.031096 s
currentSize : 14 <-- 0.163125 s

maxsize : 14
nodes : 54250.000000
filtered : 1040113.000000
time : 0.211436
