Parameters: GAD=1 vflib=1 dir=0 label=0 lowerbound=1 fileNameGp=../graphsdb/mcs70/bvg/b06m/mcs70_b06m_s30.A04 fileNameGt=../graphsdb/mcs70/bvg/b06m/mcs70_b06m_s30.B04
Reading graphs...
30 :  90
30 :  88
Initializing...
maxdom : 30
D->valSize : 900
Solving...
currentSize : 11 <-- 0.010119 s
currentSize : 12 <-- 0.010141 s
currentSize : 13 <-- 0.010236 s
currentSize : 14 <-- 0.013737 s
currentSize : 15 <-- 0.016560 s
currentSize : 16 <-- 0.035273 s
currentSize : 17 <-- 0.036679 s
currentSize : 18 <-- 4.003269 s
currentSize : 20 <-- 9.241654 s
currentSize : 21 <-- 9.241802 s

maxsize : 21
nodes : 2578738.000000
filtered : 76312996.000000
time : 14.004973
