Parameters: GAD=1 vflib=1 dir=0 label=0 lowerbound=1 fileNameGp=../graphsdb/mcs70/m3D/m3Dr6/mcs70_m3Dr6_s35.A56 fileNameGt=../graphsdb/mcs70/m3D/m3Dr6/mcs70_m3Dr6_s35.B56
Reading graphs...
35 :  93
35 :  91
Initializing...
maxdom : 35
D->valSize : 1225
Solving...
currentSize : 13 <-- 0.033872 s
currentSize : 16 <-- 0.033943 s
currentSize : 17 <-- 0.059023 s
currentSize : 18 <-- 0.092627 s
currentSize : 19 <-- 0.144276 s
currentSize : 20 <-- 0.297684 s
currentSize : 21 <-- 28.877041 s
currentSize : 24 <-- 320.218323 s
currentSize : 27 <-- 321.866364 s

maxsize : 27
nodes : 62126869.000000
filtered : 1474760185.000000
time : 332.006104
