Parameters: GAD=1 vflib=1 dir=0 label=0 lowerbound=1 fileNameGp=../graphsdb/mcs70/m2D/m2D/mcs70_m2D_s35.A55 fileNameGt=../graphsdb/mcs70/m2D/m2D/mcs70_m2D_s35.B55
Reading graphs...
35 :  57
35 :  58
Initializing...
maxdom : 35
D->valSize : 1225
Solving...
currentSize : 19 <-- 0.036388 s
currentSize : 20 <-- 0.058300 s
currentSize : 21 <-- 0.101722 s
currentSize : 22 <-- 0.131231 s
currentSize : 23 <-- 0.364721 s
currentSize : 24 <-- 2.823250 s
currentSize : 25 <-- 24.003347 s
currentSize : 26 <-- 136.798370 s
currentSize : 27 <-- 138.437180 s
currentSize : 28 <-- 138.945374 s

maxsize : 28
nodes : 26672990.000000
filtered : 649087159.000000
time : 148.268845
