Parameters: GAD=1 vflib=1 dir=0 label=0 lowerbound=1 fileNameGp=../graphsdb/mcs70/bvg/b06/mcs70_b06_s30.A06 fileNameGt=../graphsdb/mcs70/bvg/b06/mcs70_b06_s30.B06
Reading graphs...
30 :  89
30 :  88
Initializing...
maxdom : 30
D->valSize : 900
Solving...
currentSize : 12 <-- 0.017562 s
currentSize : 13 <-- 0.018422 s
currentSize : 14 <-- 0.018737 s
currentSize : 15 <-- 0.026220 s
currentSize : 16 <-- 0.026825 s
currentSize : 17 <-- 0.097569 s
currentSize : 18 <-- 0.100789 s
currentSize : 20 <-- 0.167751 s
currentSize : 21 <-- 0.341460 s
currentSize : 22 <-- 0.367044 s
currentSize : 23 <-- 0.529239 s

maxsize : 23
nodes : 231353.000000
filtered : 7555853.000000
time : 1.450980
