Parameters: GAD=1 vflib=1 dir=0 label=0 lowerbound=1 fileNameGp=../graphsdb/mcs70/m2D/m2Dr4/mcs70_m2Dr4_s25.A21 fileNameGt=../graphsdb/mcs70/m2D/m2Dr4/mcs70_m2Dr4_s25.B21
Reading graphs...
25 :  48
25 :  49
Initializing...
maxdom : 25
D->valSize : 625
Solving...
currentSize : 13 <-- 0.005060 s
currentSize : 14 <-- 0.006247 s
currentSize : 15 <-- 0.014265 s
currentSize : 16 <-- 0.040808 s
currentSize : 17 <-- 0.641603 s
currentSize : 18 <-- 0.669829 s

maxsize : 18
nodes : 417666.000000
filtered : 8302956.000000
time : 1.765910
