Parameters: GAD=1 vflib=1 dir=0 label=0 lowerbound=1 fileNameGp=../graphsdb/mcs70/bvg/b03m/mcs70_b03m_s20.A82 fileNameGt=../graphsdb/mcs70/bvg/b03m/mcs70_b03m_s20.B82
Reading graphs...
20 :  30
20 :  30
Initializing...
maxdom : 20
D->valSize : 400
Solving...
currentSize : 12 <-- 0.002220 s
currentSize : 13 <-- 0.002295 s
currentSize : 14 <-- 0.002542 s
currentSize : 15 <-- 0.005428 s
currentSize : 16 <-- 0.030629 s
currentSize : 17 <-- 0.033225 s

maxsize : 17
nodes : 9536.000000
filtered : 149555.000000
time : 0.036916
