Parameters: GAD=1 vflib=1 dir=0 label=0 lowerbound=1 fileNameGp=../graphsdb/mcs70/bvg/b06/mcs70_b06_s25.A96 fileNameGt=../graphsdb/mcs70/bvg/b06/mcs70_b06_s25.B96
Reading graphs...
25 :  75
25 :  74
Initializing...
maxdom : 25
D->valSize : 625
Solving...
currentSize : 11 <-- 0.005010 s
currentSize : 12 <-- 0.005046 s
currentSize : 13 <-- 0.005260 s
currentSize : 14 <-- 0.005506 s
currentSize : 15 <-- 0.007139 s
currentSize : 16 <-- 0.034265 s
currentSize : 17 <-- 0.505492 s
currentSize : 18 <-- 1.360239 s

maxsize : 18
nodes : 337781.000000
filtered : 8099612.000000
time : 1.575125
