Parameters: GAD=1 vflib=1 dir=0 label=0 lowerbound=1 fileNameGp=../graphsdb/mcs70/m3D/m3Dr2/mcs70_m3Dr2_s35.A93 fileNameGt=../graphsdb/mcs70/m3D/m3Dr2/mcs70_m3Dr2_s35.B93
Reading graphs...
35 :  78
35 :  77
Initializing...
maxdom : 35
D->valSize : 1225
Solving...
currentSize : 18 <-- 0.034889 s
currentSize : 19 <-- 0.035392 s
currentSize : 20 <-- 0.044482 s
currentSize : 21 <-- 0.136101 s
currentSize : 22 <-- 25.123772 s
currentSize : 23 <-- 28.363363 s
currentSize : 26 <-- 143.929062 s
currentSize : 27 <-- 146.492554 s

maxsize : 27
nodes : 30057003.000000
filtered : 782504462.000000
time : 162.501175
