Parameters: GAD=1 vflib=1 dir=0 label=0 lowerbound=1 fileNameGp=../graphsdb/mcs70/m3D/m3Dr2/mcs70_m3Dr2_s35.A59 fileNameGt=../graphsdb/mcs70/m3D/m3Dr2/mcs70_m3Dr2_s35.B59
Reading graphs...
35 :  78
35 :  78
Initializing...
maxdom : 35
D->valSize : 1225
Solving...
currentSize : 16 <-- 0.020058 s
currentSize : 17 <-- 0.020221 s
currentSize : 18 <-- 0.024420 s
currentSize : 19 <-- 0.048180 s
currentSize : 20 <-- 0.086940 s
currentSize : 21 <-- 0.253339 s
currentSize : 22 <-- 1.767381 s
currentSize : 23 <-- 730.332947 s
currentSize : 24 <-- 923.185913 s
currentSize : 25 <-- 1063.013306 s
currentSize : 26 <-- 1066.215576 s
currentSize : 27 <-- 1066.270508 s

maxsize : 27
nodes : 203299427.000000
filtered : 4663753859.000000
time : 1082.389404
