Parameters: GAD=1 vflib=1 dir=0 label=0 lowerbound=1 fileNameGp=../graphsdb/mcs70/bvg/b06/mcs70_b06_s25.A36 fileNameGt=../graphsdb/mcs70/bvg/b06/mcs70_b06_s25.B36
Reading graphs...
25 :  74
25 :  74
Initializing...
maxdom : 25
D->valSize : 625
Solving...
currentSize : 11 <-- 0.004865 s
currentSize : 12 <-- 0.006896 s
currentSize : 13 <-- 0.008638 s
currentSize : 14 <-- 0.009786 s
currentSize : 15 <-- 0.038367 s
currentSize : 16 <-- 0.058645 s
currentSize : 17 <-- 0.059524 s
currentSize : 18 <-- 0.371441 s

maxsize : 18
nodes : 224288.000000
filtered : 4959681.000000
time : 0.999978
