Parameters: GAD=1 vflib=1 dir=0 label=0 lowerbound=1 fileNameGp=../graphsdb/mcs70/rand/r02/mcs70_r02_s35.A33 fileNameGt=../graphsdb/mcs70/rand/r02/mcs70_r02_s35.B33
Reading graphs...
35 :  214
35 :  216
Initializing...
maxdom : 35
D->valSize : 1225
Solving...
currentSize : 11 <-- 0.029017 s
currentSize : 12 <-- 0.029789 s
currentSize : 13 <-- 0.064711 s
currentSize : 14 <-- 2.649024 s
currentSize : 15 <-- 2.666419 s
currentSize : 17 <-- 63.477077 s
currentSize : 19 <-- 64.617119 s
currentSize : 20 <-- 65.445885 s
currentSize : 24 <-- 65.446083 s

maxsize : 24
nodes : 17803229.000000
filtered : 307978704.000000
time : 85.949013
