Parameters: GAD=1 vflib=1 dir=0 label=0 lowerbound=1 fileNameGp=../graphsdb/mcs70/rand/r005/mcs70_r005_s25.A67 fileNameGt=../graphsdb/mcs70/rand/r005/mcs70_r005_s25.B67
Reading graphs...
25 :  33
25 :  33
Initializing...
maxdom : 25
D->valSize : 625
Solving...
currentSize : 13 <-- 0.009247 s
currentSize : 14 <-- 0.009344 s
currentSize : 15 <-- 0.011938 s
currentSize : 16 <-- 0.079614 s
currentSize : 17 <-- 0.085616 s
currentSize : 18 <-- 0.336277 s
currentSize : 19 <-- 0.367929 s

maxsize : 19
nodes : 235340.000000
filtered : 3400854.000000
time : 0.938688
