Parameters: GAD=1 vflib=1 dir=0 label=0 lowerbound=1 fileNameGp=../graphsdb/mcs70/bvg/b06m/mcs70_b06m_s25.A39 fileNameGt=../graphsdb/mcs70/bvg/b06m/mcs70_b06m_s25.B39
Reading graphs...
25 :  70
25 :  69
Initializing...
maxdom : 25
D->valSize : 625
Solving...
currentSize : 10 <-- 0.004910 s
currentSize : 11 <-- 0.005515 s
currentSize : 12 <-- 0.011494 s
currentSize : 13 <-- 0.028052 s
currentSize : 14 <-- 0.068035 s
currentSize : 15 <-- 0.161969 s
currentSize : 17 <-- 0.932409 s

maxsize : 17
nodes : 483659.000000
filtered : 11126927.000000
time : 2.350838
