Parameters: GAD=1 vflib=1 dir=0 label=0 lowerbound=1 fileNameGp=../graphsdb/mcs70/rand/r01/mcs70_r01_s25.A55 fileNameGt=../graphsdb/mcs70/rand/r01/mcs70_r01_s25.B55
Reading graphs...
25 :  57
25 :  56
Initializing...
maxdom : 25
D->valSize : 625
Solving...
currentSize : 11 <-- 0.008557 s
currentSize : 12 <-- 0.008576 s
currentSize : 13 <-- 0.010246 s
currentSize : 14 <-- 0.010674 s
currentSize : 15 <-- 0.023862 s
currentSize : 17 <-- 0.090148 s

maxsize : 17
nodes : 508229.000000
filtered : 12714338.000000
time : 2.463081
