Parameters: GAD=1 vflib=1 dir=0 label=0 lowerbound=1 fileNameGp=../graphsdb/mcs70/m2D/m2Dr4/mcs70_m2Dr4_s35.A77 fileNameGt=../graphsdb/mcs70/m2D/m2Dr4/mcs70_m2Dr4_s35.B77
Reading graphs...
35 :  68
35 :  69
Initializing...
maxdom : 35
D->valSize : 1225
Solving...
currentSize : 14 <-- 0.021102 s
currentSize : 15 <-- 0.022210 s
currentSize : 16 <-- 0.022298 s
currentSize : 17 <-- 0.026824 s
currentSize : 19 <-- 0.027835 s
currentSize : 20 <-- 0.031369 s
currentSize : 21 <-- 0.034637 s
currentSize : 22 <-- 0.333102 s
currentSize : 23 <-- 2.897197 s
currentSize : 24 <-- 8.584095 s
currentSize : 25 <-- 35.020920 s
currentSize : 26 <-- 61.747128 s

maxsize : 26
nodes : 15529291.000000
filtered : 517903554.000000
time : 99.663551
