Parameters: GAD=1 vflib=1 dir=0 label=0 lowerbound=1 fileNameGp=../graphsdb/mcs70/rand/r005/mcs70_r005_s35.A64 fileNameGt=../graphsdb/mcs70/rand/r005/mcs70_r005_s35.B64
Reading graphs...
35 :  57
35 :  56
Initializing...
maxdom : 35
D->valSize : 1225
Solving...
currentSize : 16 <-- 0.021086 s
currentSize : 17 <-- 0.021115 s
currentSize : 18 <-- 0.021207 s
currentSize : 19 <-- 0.021906 s
currentSize : 20 <-- 0.043976 s
currentSize : 21 <-- 0.126034 s
currentSize : 22 <-- 0.127303 s
currentSize : 23 <-- 1.779379 s
currentSize : 24 <-- 4.950956 s
currentSize : 25 <-- 47.959469 s

maxsize : 25
nodes : 55252741.000000
filtered : 1479366015.000000
time : 314.590118
