Parameters: GAD=1 vflib=1 dir=0 label=0 lowerbound=1 fileNameGp=../graphsdb/mcs70/m3D/m3Dr6/mcs70_m3Dr6_s35.A92 fileNameGt=../graphsdb/mcs70/m3D/m3Dr6/mcs70_m3Dr6_s35.B92
Reading graphs...
35 :  89
35 :  89
Initializing...
maxdom : 35
D->valSize : 1225
Solving...
currentSize : 17 <-- 0.034134 s
currentSize : 18 <-- 0.034251 s
currentSize : 19 <-- 0.058178 s
currentSize : 20 <-- 0.089881 s
currentSize : 21 <-- 3.550224 s
currentSize : 22 <-- 182.854797 s
currentSize : 23 <-- 186.274292 s
currentSize : 27 <-- 188.924179 s

maxsize : 27
nodes : 36727035.000000
filtered : 888955177.000000
time : 197.032501
