Parameters: GAD=1 vflib=1 dir=0 label=0 lowerbound=1 fileNameGp=../graphsdb/mcs70/bvg/b06m/mcs70_b06m_s35.A71 fileNameGt=../graphsdb/mcs70/bvg/b06m/mcs70_b06m_s35.B71
Reading graphs...
35 :  103
35 :  102
Initializing...
maxdom : 35
D->valSize : 1225
Solving...
currentSize : 16 <-- 0.019259 s
currentSize : 17 <-- 0.019565 s
currentSize : 18 <-- 0.057188 s
currentSize : 19 <-- 6.866632 s
currentSize : 20 <-- 111.978195 s
currentSize : 21 <-- 207.067108 s
currentSize : 22 <-- 241.049545 s
currentSize : 23 <-- 328.076660 s
currentSize : 24 <-- 376.215057 s

maxsize : 24
nodes : 73598885.000000
filtered : 1902430198.000000
time : 404.517670
