Parameters: GAD=1 vflib=1 dir=0 label=0 lowerbound=1 fileNameGp=../graphsdb/mcs70/bvg/b06/mcs70_b06_s30.A51 fileNameGt=../graphsdb/mcs70/bvg/b06/mcs70_b06_s30.B51
Reading graphs...
30 :  90
30 :  90
Initializing...
maxdom : 30
D->valSize : 900
Solving...
currentSize : 14 <-- 0.017569 s
currentSize : 15 <-- 0.018186 s
currentSize : 16 <-- 0.019981 s
currentSize : 17 <-- 0.022458 s
currentSize : 18 <-- 0.325139 s
currentSize : 19 <-- 0.600540 s
currentSize : 20 <-- 2.615733 s
currentSize : 21 <-- 4.823006 s
currentSize : 22 <-- 7.417784 s

maxsize : 22
nodes : 1806994.000000
filtered : 49749422.000000
time : 9.830848
