Parameters: GAD=1 vflib=1 dir=0 label=0 lowerbound=1 fileNameGp=../graphsdb/mcs70/bvg/b06m/mcs70_b06m_s35.A42 fileNameGt=../graphsdb/mcs70/bvg/b06m/mcs70_b06m_s35.B42
Reading graphs...
35 :  104
35 :  103
Initializing...
maxdom : 35
D->valSize : 1225
Solving...
currentSize : 12 <-- 0.033033 s
currentSize : 14 <-- 0.033066 s
currentSize : 15 <-- 0.033236 s
currentSize : 16 <-- 0.033326 s
currentSize : 17 <-- 0.033755 s
currentSize : 18 <-- 0.052365 s
currentSize : 19 <-- 0.103396 s
currentSize : 20 <-- 33.270947 s
currentSize : 21 <-- 217.344955 s
currentSize : 23 <-- 608.459961 s
currentSize : 24 <-- 608.460510 s

maxsize : 24
nodes : 114996638.000000
filtered : 3292227730.000000
time : 656.881165
