Parameters: GAD=1 vflib=1 dir=0 label=0 lowerbound=1 fileNameGp=../graphsdb/mcs70/m4D/m4Dr2/mcs70_m4Dr2_s25.A19 fileNameGt=../graphsdb/mcs70/m4D/m4Dr2/mcs70_m4Dr2_s25.B19
Reading graphs...
25 :  52
25 :  51
Initializing...
maxdom : 25
D->valSize : 625
Solving...
currentSize : 10 <-- 0.005191 s
currentSize : 11 <-- 0.005364 s
currentSize : 12 <-- 0.005952 s
currentSize : 13 <-- 0.006523 s
currentSize : 14 <-- 0.008660 s
currentSize : 15 <-- 0.012153 s
currentSize : 16 <-- 0.012885 s
currentSize : 17 <-- 0.283175 s
currentSize : 18 <-- 1.330966 s

maxsize : 18
nodes : 453272.000000
filtered : 8852823.000000
time : 2.056015
