Parameters: GAD=1 vflib=1 dir=0 label=0 lowerbound=1 fileNameGp=../graphsdb/mcs70/rand/r02/mcs70_r02_s20.A81 fileNameGt=../graphsdb/mcs70/rand/r02/mcs70_r02_s20.B81
Reading graphs...
20 :  65
20 :  71
Initializing...
maxdom : 20
D->valSize : 400
Solving...
currentSize : 8 <-- 0.002065 s
currentSize : 9 <-- 0.002126 s
currentSize : 10 <-- 0.002344 s
currentSize : 11 <-- 0.005548 s
currentSize : 12 <-- 0.090147 s
currentSize : 14 <-- 0.759741 s

maxsize : 14
nodes : 206552.000000
filtered : 2614061.000000
time : 0.806281
