Parameters: GAD=1 vflib=1 dir=0 label=0 lowerbound=1 fileNameGp=../graphsdb/mcs70/rand/r02/mcs70_r02_s30.A39 fileNameGt=../graphsdb/mcs70/rand/r02/mcs70_r02_s30.B39
Reading graphs...
30 :  153
30 :  149
Initializing...
maxdom : 30
D->valSize : 900
Solving...
currentSize : 10 <-- 0.009446 s
currentSize : 11 <-- 0.009520 s
currentSize : 12 <-- 0.010322 s
currentSize : 13 <-- 0.018123 s
currentSize : 14 <-- 2.630167 s
currentSize : 15 <-- 35.968754 s
currentSize : 16 <-- 60.847443 s
currentSize : 21 <-- 64.351624 s

maxsize : 21
nodes : 15751918.000000
filtered : 224993661.000000
time : 67.102005
