Parameters: GAD=1 vflib=1 dir=0 label=0 lowerbound=1 fileNameGp=../graphsdb/mcs70/rand/r005/mcs70_r005_s35.A18 fileNameGt=../graphsdb/mcs70/rand/r005/mcs70_r005_s35.B18
Reading graphs...
35 :  58
35 :  57
Initializing...
maxdom : 35
D->valSize : 1225
Solving...
currentSize : 13 <-- 0.020872 s
currentSize : 14 <-- 0.020895 s
currentSize : 19 <-- 0.021386 s
currentSize : 20 <-- 4.008056 s
currentSize : 21 <-- 6.718004 s
currentSize : 22 <-- 22.319395 s
currentSize : 23 <-- 40.054134 s
currentSize : 24 <-- 270.184479 s

maxsize : 24
nodes : 278053833.000000
filtered : 5722603395.000000
time : 1399.656982
