Parameters: GAD=1 vflib=1 dir=0 label=0 lowerbound=1 fileNameGp=../graphsdb/mcs70/rand/r005/mcs70_r005_s25.A50 fileNameGt=../graphsdb/mcs70/rand/r005/mcs70_r005_s25.B50
Reading graphs...
25 :  33
25 :  32
Initializing...
maxdom : 25
D->valSize : 625
Solving...
currentSize : 13 <-- 0.009293 s
currentSize : 14 <-- 0.009441 s
currentSize : 15 <-- 0.033406 s
currentSize : 16 <-- 0.156472 s
currentSize : 17 <-- 0.558317 s
currentSize : 18 <-- 0.800697 s

maxsize : 18
nodes : 736165.000000
filtered : 7776661.000000
time : 2.437981
