Parameters: GAD=1 vflib=1 dir=0 label=0 lowerbound=1 fileNameGp=../graphsdb/mcs70/bvg/b06m/mcs70_b06m_s25.A25 fileNameGt=../graphsdb/mcs70/bvg/b06m/mcs70_b06m_s25.B25
Reading graphs...
25 :  72
25 :  72
Initializing...
maxdom : 25
D->valSize : 625
Solving...
currentSize : 9 <-- 0.004764 s
currentSize : 11 <-- 0.004783 s
currentSize : 12 <-- 0.004853 s
currentSize : 13 <-- 0.011370 s
currentSize : 14 <-- 0.092182 s
currentSize : 15 <-- 0.312066 s
currentSize : 16 <-- 0.936311 s
currentSize : 18 <-- 3.122473 s

maxsize : 18
nodes : 728897.000000
filtered : 14638965.000000
time : 3.362757
