Parameters: GAD=1 vflib=1 dir=0 label=0 lowerbound=1 fileNameGp=../graphsdb/mcs70/m2D/m2D/mcs70_m2D_s25.A87 fileNameGt=../graphsdb/mcs70/m2D/m2D/mcs70_m2D_s25.B87
Reading graphs...
25 :  40
25 :  40
Initializing...
maxdom : 25
D->valSize : 625
Solving...
currentSize : 8 <-- 0.009089 s
currentSize : 11 <-- 0.009116 s
currentSize : 12 <-- 0.009172 s
currentSize : 13 <-- 0.010032 s
currentSize : 14 <-- 0.013040 s
currentSize : 15 <-- 0.049037 s
currentSize : 16 <-- 0.217577 s
currentSize : 17 <-- 1.106803 s
currentSize : 18 <-- 2.045057 s

maxsize : 18
nodes : 1586496.000000
filtered : 23656818.000000
time : 5.929082
