Parameters: GAD=1 vflib=1 dir=0 label=0 lowerbound=1 fileNameGp=../graphsdb/mcs70/rand/r01/mcs70_r01_s35.A11 fileNameGt=../graphsdb/mcs70/rand/r01/mcs70_r01_s35.B11
Reading graphs...
35 :  114
35 :  113
Initializing...
maxdom : 35
D->valSize : 1225
Solving...
currentSize : 13 <-- 0.018974 s
currentSize : 14 <-- 0.019005 s
currentSize : 15 <-- 0.026171 s
currentSize : 16 <-- 0.026535 s
currentSize : 17 <-- 0.039024 s
currentSize : 18 <-- 0.146844 s
currentSize : 19 <-- 0.872991 s
currentSize : 20 <-- 3.809778 s
currentSize : 21 <-- 668.886230 s
currentSize : 24 <-- 1416.832397 s

maxsize : 24
nodes : 271012067.000000
filtered : 6910946648.000000
time : 1439.070068
