Parameters: GAD=1 vflib=1 dir=0 label=0 lowerbound=1 fileNameGp=../graphsdb/mcs70/bvg/b06m/mcs70_b06m_s30.A33 fileNameGt=../graphsdb/mcs70/bvg/b06m/mcs70_b06m_s30.B33
Reading graphs...
30 :  88
30 :  88
Initializing...
maxdom : 30
D->valSize : 900
Solving...
currentSize : 5 <-- 0.010121 s
currentSize : 10 <-- 0.010178 s
currentSize : 11 <-- 0.010194 s
currentSize : 12 <-- 0.010283 s
currentSize : 13 <-- 0.010293 s
currentSize : 14 <-- 0.011808 s
currentSize : 15 <-- 0.011834 s
currentSize : 16 <-- 0.018793 s
currentSize : 17 <-- 0.018814 s
currentSize : 18 <-- 1.836139 s
currentSize : 19 <-- 6.925478 s
currentSize : 20 <-- 7.277627 s
currentSize : 22 <-- 7.286697 s

maxsize : 22
nodes : 1857998.000000
filtered : 50622819.000000
time : 9.796412
