Parameters: GAD=1 vflib=1 dir=0 label=0 lowerbound=1 fileNameGp=../graphsdb/mcs70/bvg/b03/mcs70_b03_s25.A75 fileNameGt=../graphsdb/mcs70/bvg/b03/mcs70_b03_s25.B75
Reading graphs...
25 :  37
25 :  37
Initializing...
maxdom : 25
D->valSize : 625
Solving...
currentSize : 7 <-- 0.005317 s
currentSize : 9 <-- 0.005340 s
currentSize : 13 <-- 0.005355 s
currentSize : 14 <-- 0.005397 s
currentSize : 16 <-- 0.005459 s
currentSize : 17 <-- 0.038911 s
currentSize : 18 <-- 0.335793 s
currentSize : 19 <-- 1.327903 s

maxsize : 19
nodes : 667253.000000
filtered : 10376837.000000
time : 2.628460
