Parameters: GAD=1 vflib=1 dir=0 label=0 lowerbound=1 fileNameGp=../graphsdb/mcs70/bvg/b09m/mcs70_b09m_s30.A16 fileNameGt=../graphsdb/mcs70/bvg/b09m/mcs70_b09m_s30.B16
Reading graphs...
30 :  131
30 :  133
Initializing...
maxdom : 30
D->valSize : 900
Solving...
currentSize : 10 <-- 0.016526 s
currentSize : 11 <-- 0.016640 s
currentSize : 12 <-- 0.019361 s
currentSize : 13 <-- 0.074070 s
currentSize : 14 <-- 0.467715 s
currentSize : 15 <-- 3.926832 s
currentSize : 16 <-- 12.924172 s
currentSize : 17 <-- 12.925466 s
currentSize : 19 <-- 12.925508 s
currentSize : 20 <-- 12.925569 s

maxsize : 20
nodes : 4024905.000000
filtered : 70431543.000000
time : 18.069645
