Parameters: GAD=1 vflib=1 dir=0 label=0 lowerbound=1 fileNameGp=../graphsdb/mcs70/m2D/m2Dr2/mcs70_m2Dr2_s35.A41 fileNameGt=../graphsdb/mcs70/m2D/m2Dr2/mcs70_m2Dr2_s35.B41
Reading graphs...
35 :  65
35 :  65
Initializing...
maxdom : 35
D->valSize : 1225
Solving...
currentSize : 13 <-- 0.035882 s
currentSize : 14 <-- 0.035915 s
currentSize : 15 <-- 0.036114 s
currentSize : 16 <-- 0.036125 s
currentSize : 17 <-- 0.037525 s
currentSize : 18 <-- 0.047729 s
currentSize : 19 <-- 0.079761 s
currentSize : 20 <-- 1.222554 s
currentSize : 21 <-- 4.574073 s
currentSize : 22 <-- 21.312136 s
currentSize : 23 <-- 21.512468 s
currentSize : 24 <-- 24.551588 s
currentSize : 25 <-- 229.735367 s

maxsize : 25
nodes : 92823670.000000
filtered : 2623366537.000000
time : 543.491150
