Parameters: GAD=1 vflib=1 dir=0 label=0 lowerbound=1 fileNameGp=../graphsdb/mcs70/bvg/b09m/mcs70_b09m_s30.A52 fileNameGt=../graphsdb/mcs70/bvg/b09m/mcs70_b09m_s30.B52
Reading graphs...
30 :  127
30 :  126
Initializing...
maxdom : 30
D->valSize : 900
Solving...
currentSize : 9 <-- 0.009551 s
currentSize : 13 <-- 0.009602 s
currentSize : 14 <-- 0.011804 s
currentSize : 15 <-- 1.894782 s
currentSize : 16 <-- 9.920847 s
currentSize : 17 <-- 24.002441 s
currentSize : 18 <-- 24.061422 s
currentSize : 20 <-- 24.068310 s
currentSize : 21 <-- 24.068348 s

maxsize : 21
nodes : 6050897.000000
filtered : 103413486.000000
time : 27.069448
