Parameters: GAD=1 vflib=1 dir=0 label=0 lowerbound=1 fileNameGp=../graphsdb/mcs70/bvg/b03/mcs70_b03_s30.A82 fileNameGt=../graphsdb/mcs70/bvg/b03/mcs70_b03_s30.B82
Reading graphs...
30 :  45
30 :  45
Initializing...
maxdom : 30
D->valSize : 900
Solving...
currentSize : 16 <-- 0.011202 s
currentSize : 17 <-- 0.011255 s
currentSize : 18 <-- 0.025708 s
currentSize : 19 <-- 0.195837 s
currentSize : 20 <-- 0.453875 s
currentSize : 21 <-- 1.962283 s
currentSize : 22 <-- 2.198072 s
currentSize : 23 <-- 5.376894 s

maxsize : 23
nodes : 2736264.000000
filtered : 57190741.000000
time : 12.997643
