Parameters: GAD=1 vflib=1 dir=0 label=0 lowerbound=1 fileNameGp=../graphsdb/mcs70/rand/r02/mcs70_r02_s35.A65 fileNameGt=../graphsdb/mcs70/rand/r02/mcs70_r02_s35.B65
Reading graphs...
35 :  217
35 :  216
Initializing...
maxdom : 35
D->valSize : 1225
Solving...
currentSize : 9 <-- 0.018011 s
currentSize : 11 <-- 0.018042 s
currentSize : 12 <-- 0.018463 s
currentSize : 13 <-- 0.027359 s
currentSize : 14 <-- 0.155763 s
currentSize : 15 <-- 3.965223 s
currentSize : 16 <-- 362.795471 s
currentSize : 17 <-- 408.751068 s
currentSize : 18 <-- 665.778381 s
currentSize : 20 <-- 761.133484 s
currentSize : 24 <-- 761.990784 s

maxsize : 24
nodes : 171338377.000000
filtered : 2300315948.000000
time : 775.432129
