Parameters: GAD=1 vflib=1 dir=0 label=0 lowerbound=1 fileNameGp=../graphsdb/mcs70/m3D/m3Dr6/mcs70_m3Dr6_s35.A80 fileNameGt=../graphsdb/mcs70/m3D/m3Dr6/mcs70_m3Dr6_s35.B80
Reading graphs...
35 :  90
35 :  88
Initializing...
maxdom : 35
D->valSize : 1225
Solving...
currentSize : 14 <-- 0.019487 s
currentSize : 15 <-- 0.019510 s
currentSize : 16 <-- 0.019561 s
currentSize : 17 <-- 0.019702 s
currentSize : 18 <-- 0.099056 s
currentSize : 19 <-- 0.249733 s
currentSize : 20 <-- 2.134408 s
currentSize : 21 <-- 4.551821 s
currentSize : 22 <-- 4.627340 s
currentSize : 23 <-- 788.921448 s
currentSize : 24 <-- 788.970276 s
currentSize : 27 <-- 788.970703 s

maxsize : 27
nodes : 140635131.000000
filtered : 3797295883.000000
time : 794.903870
