Parameters: GAD=1 vflib=1 dir=0 label=0 lowerbound=1 fileNameGp=../graphsdb/mcs70/m4D/m4Dr4/mcs70_m4Dr4_s25.A63 fileNameGt=../graphsdb/mcs70/m4D/m4Dr4/mcs70_m4Dr4_s25.B63
Reading graphs...
25 :  54
25 :  54
Initializing...
maxdom : 25
D->valSize : 625
Solving...
currentSize : 10 <-- 0.005030 s
currentSize : 11 <-- 0.005075 s
currentSize : 12 <-- 0.005143 s
currentSize : 13 <-- 0.005614 s
currentSize : 14 <-- 0.045504 s
currentSize : 15 <-- 0.159104 s
currentSize : 16 <-- 0.202763 s
currentSize : 17 <-- 0.988653 s
currentSize : 18 <-- 1.038962 s

maxsize : 18
nodes : 414221.000000
filtered : 8223634.000000
time : 1.797412
