Parameters: GAD=1 vflib=1 dir=0 label=0 lowerbound=1 fileNameGp=../graphsdb/mcs70/m4D/m4Dr4/mcs70_m4Dr4_s25.A23 fileNameGt=../graphsdb/mcs70/m4D/m4Dr4/mcs70_m4Dr4_s25.B23
Reading graphs...
25 :  56
25 :  56
Initializing...
maxdom : 25
D->valSize : 625
Solving...
currentSize : 10 <-- 0.008518 s
currentSize : 12 <-- 0.008582 s
currentSize : 13 <-- 0.010403 s
currentSize : 14 <-- 0.043706 s
currentSize : 15 <-- 0.078816 s
currentSize : 16 <-- 0.142821 s
currentSize : 17 <-- 0.612377 s
currentSize : 18 <-- 0.789916 s

maxsize : 18
nodes : 348948.000000
filtered : 8286132.000000
time : 1.786216
