Parameters: GAD=1 vflib=1 dir=0 label=0 lowerbound=1 fileNameGp=../graphsdb/mcs70/rand/r005/mcs70_r005_s20.A62 fileNameGt=../graphsdb/mcs70/rand/r005/mcs70_r005_s20.B62
Reading graphs...
20 :  23
20 :  23
Initializing...
maxdom : 20
D->valSize : 400
Solving...
currentSize : 11 <-- 0.002348 s
currentSize : 12 <-- 0.002359 s
currentSize : 13 <-- 0.002414 s
currentSize : 14 <-- 0.004299 s
currentSize : 15 <-- 0.007916 s
currentSize : 16 <-- 0.053957 s

maxsize : 16
nodes : 25536.000000
filtered : 321898.000000
time : 0.082423
