Parameters: GAD=1 vflib=1 dir=0 label=0 lowerbound=1 fileNameGp=../graphsdb/mcs70/bvg/b03/mcs70_b03_s25.A88 fileNameGt=../graphsdb/mcs70/bvg/b03/mcs70_b03_s25.B88
Reading graphs...
25 :  37
25 :  37
Initializing...
maxdom : 25
D->valSize : 625
Solving...
currentSize : 13 <-- 0.005281 s
currentSize : 14 <-- 0.005353 s
currentSize : 15 <-- 0.005380 s
currentSize : 16 <-- 0.005487 s
currentSize : 18 <-- 0.076995 s
currentSize : 19 <-- 0.397286 s

maxsize : 19
nodes : 284727.000000
filtered : 5598902.000000
time : 1.236717
