Parameters: GAD=1 vflib=1 dir=0 label=0 lowerbound=1 fileNameGp=../graphsdb/mcs70/bvg/b09m/mcs70_b09m_s30.A99 fileNameGt=../graphsdb/mcs70/bvg/b09m/mcs70_b09m_s30.B99
Reading graphs...
30 :  130
30 :  129
Initializing...
maxdom : 30
D->valSize : 900
Solving...
currentSize : 11 <-- 0.009445 s
currentSize : 12 <-- 0.009667 s
currentSize : 13 <-- 0.010094 s
currentSize : 14 <-- 0.039593 s
currentSize : 15 <-- 0.249516 s
currentSize : 16 <-- 0.340994 s
currentSize : 20 <-- 0.623272 s

maxsize : 20
nodes : 1055470.000000
filtered : 37179619.000000
time : 6.273205
