Parameters: GAD=1 vflib=1 dir=0 label=0 lowerbound=1 fileNameGp=../graphsdb/mcs70/m3D/m3Dr2/mcs70_m3Dr2_s35.A87 fileNameGt=../graphsdb/mcs70/m3D/m3Dr2/mcs70_m3Dr2_s35.B87
Reading graphs...
35 :  78
35 :  78
Initializing...
maxdom : 35
D->valSize : 1225
Solving...
currentSize : 16 <-- 0.020075 s
currentSize : 17 <-- 0.020208 s
currentSize : 18 <-- 0.020783 s
currentSize : 19 <-- 0.021066 s
currentSize : 20 <-- 0.021177 s
currentSize : 21 <-- 0.218292 s
currentSize : 22 <-- 0.515975 s
currentSize : 23 <-- 210.765442 s
currentSize : 24 <-- 219.231567 s
currentSize : 26 <-- 219.421051 s
currentSize : 27 <-- 239.628098 s

maxsize : 27
nodes : 50488412.000000
filtered : 1145691539.000000
time : 264.752075
