Parameters: GAD=1 vflib=1 dir=0 label=0 lowerbound=1 fileNameGp=../graphsdb/mcs70/m3D/m3Dr6/mcs70_m3Dr6_s35.A30 fileNameGt=../graphsdb/mcs70/m3D/m3Dr6/mcs70_m3Dr6_s35.B30
Reading graphs...
35 :  90
35 :  88
Initializing...
maxdom : 35
D->valSize : 1225
Solving...
currentSize : 17 <-- 0.019734 s
currentSize : 19 <-- 0.019779 s
currentSize : 20 <-- 0.022635 s
currentSize : 21 <-- 2.877233 s
currentSize : 22 <-- 94.908867 s
currentSize : 23 <-- 101.573425 s
currentSize : 24 <-- 256.578644 s
currentSize : 25 <-- 275.131226 s
currentSize : 27 <-- 275.131317 s
currentSize : 28 <-- 275.131348 s

maxsize : 28
nodes : 49188105.000000
filtered : 1316524859.000000
time : 278.891754
