Parameters: GAD=1 vflib=1 dir=0 label=0 lowerbound=1 fileNameGp=../graphsdb/mcs70/m2D/m2Dr6/m2Dr6/mcs70_m2Dr6_s35.A53 fileNameGt=../graphsdb/mcs70/m2D/m2Dr6/m2Dr6/mcs70_m2Dr6_s35.B53
Reading graphs...
35 :  79
35 :  79
Initializing...
maxdom : 35
D->valSize : 1225
Solving...
currentSize : 17 <-- 0.028379 s
currentSize : 18 <-- 0.028499 s
currentSize : 19 <-- 0.028517 s
currentSize : 20 <-- 0.030420 s
currentSize : 21 <-- 0.033210 s
currentSize : 22 <-- 0.036996 s
currentSize : 23 <-- 29.767075 s
currentSize : 27 <-- 165.408508 s

maxsize : 27
nodes : 31627092.000000
filtered : 841236682.000000
time : 177.273468
