Parameters: GAD=1 vflib=1 dir=0 label=0 lowerbound=1 fileNameGp=../graphsdb/mcs70/rand/r01/mcs70_r01_s35.A84 fileNameGt=../graphsdb/mcs70/rand/r01/mcs70_r01_s35.B84
Reading graphs...
35 :  114
35 :  113
Initializing...
maxdom : 35
D->valSize : 1225
Solving...
currentSize : 12 <-- 0.023696 s
currentSize : 13 <-- 0.023982 s
currentSize : 14 <-- 0.026777 s
currentSize : 15 <-- 0.028242 s
currentSize : 16 <-- 0.029128 s
currentSize : 17 <-- 0.108589 s
currentSize : 18 <-- 0.220908 s
currentSize : 19 <-- 4.632074 s
currentSize : 20 <-- 1873.366333 s
currentSize : 24 <-- 2685.106445 s

maxsize : 24
nodes : 571590752.000000
filtered : 11854747868.000000
time : 2738.692627
