Parameters: GAD=1 vflib=1 dir=0 label=0 lowerbound=1 fileNameGp=../graphsdb/mcs70/bvg/b06m/mcs70_b06m_s25.A10 fileNameGt=../graphsdb/mcs70/bvg/b06m/mcs70_b06m_s25.B10
Reading graphs...
25 :  71
25 :  72
Initializing...
maxdom : 25
D->valSize : 625
Solving...
currentSize : 10 <-- 0.004848 s
currentSize : 11 <-- 0.005038 s
currentSize : 12 <-- 0.005511 s
currentSize : 13 <-- 0.010376 s
currentSize : 14 <-- 0.051222 s
currentSize : 15 <-- 0.110700 s
currentSize : 16 <-- 1.079391 s
currentSize : 17 <-- 1.079874 s

maxsize : 17
nodes : 531486.000000
filtered : 11433970.000000
time : 2.358550
