Parameters: GAD=1 vflib=1 dir=0 label=0 lowerbound=1 fileNameGp=../graphsdb/mcs70/bvg/b06/mcs70_b06_s35.A65 fileNameGt=../graphsdb/mcs70/bvg/b06/mcs70_b06_s35.B65
Reading graphs...
35 :  105
35 :  104
Initializing...
maxdom : 35
D->valSize : 1225
Solving...
currentSize : 15 <-- 0.018945 s
currentSize : 17 <-- 0.019100 s
currentSize : 18 <-- 0.105214 s
currentSize : 19 <-- 0.142370 s
currentSize : 20 <-- 0.228153 s
currentSize : 21 <-- 0.233037 s
currentSize : 22 <-- 0.242913 s
currentSize : 23 <-- 0.424588 s
currentSize : 24 <-- 1.016094 s
currentSize : 25 <-- 1.091551 s

maxsize : 25
nodes : 8872876.000000
filtered : 363365582.000000
time : 59.531471
