Parameters: GAD=1 vflib=1 dir=0 label=0 lowerbound=1 fileNameGp=../graphsdb/mcs70/m2D/m2Dr2/mcs70_m2Dr2_s25.A14 fileNameGt=../graphsdb/mcs70/m2D/m2Dr2/mcs70_m2Dr2_s25.B14
Reading graphs...
25 :  44
25 :  44
Initializing...
maxdom : 25
D->valSize : 625
Solving...
currentSize : 13 <-- 0.005240 s
currentSize : 14 <-- 0.026958 s
currentSize : 15 <-- 0.058488 s
currentSize : 16 <-- 0.064356 s
currentSize : 17 <-- 0.256858 s
currentSize : 19 <-- 1.262374 s

maxsize : 19
nodes : 421108.000000
filtered : 7352712.000000
time : 1.669495
