Parameters: GAD=1 vflib=1 dir=0 label=0 lowerbound=1 fileNameGp=../graphsdb/mcs70/m2D/m2Dr2/mcs70_m2Dr2_s35.A10 fileNameGt=../graphsdb/mcs70/m2D/m2Dr2/mcs70_m2Dr2_s35.B10
Reading graphs...
35 :  64
35 :  65
Initializing...
maxdom : 35
D->valSize : 1225
Solving...
currentSize : 17 <-- 0.035448 s
currentSize : 19 <-- 0.035676 s
currentSize : 21 <-- 0.037483 s
currentSize : 22 <-- 0.354550 s
currentSize : 23 <-- 0.851815 s
currentSize : 24 <-- 1.296999 s
currentSize : 25 <-- 9.379620 s
currentSize : 26 <-- 159.934921 s

maxsize : 26
nodes : 36496705.000000
filtered : 1148435808.000000
time : 232.770142
