Parameters: GAD=1 vflib=1 dir=0 label=0 lowerbound=1 fileNameGp=../graphsdb/mcs70/m2D/m2Dr4/mcs70_m2Dr4_s35.A45 fileNameGt=../graphsdb/mcs70/m2D/m2Dr4/mcs70_m2Dr4_s35.B45
Reading graphs...
35 :  71
35 :  72
Initializing...
maxdom : 35
D->valSize : 1225
Solving...
currentSize : 17 <-- 0.021031 s
currentSize : 19 <-- 0.024907 s
currentSize : 20 <-- 1.930389 s
currentSize : 21 <-- 4.299962 s
currentSize : 24 <-- 5.700099 s
currentSize : 25 <-- 5.700405 s

maxsize : 25
nodes : 45871933.000000
filtered : 1547315477.000000
time : 296.167755
