Parameters: GAD=1 vflib=1 dir=0 label=0 lowerbound=1 fileNameGp=../graphsdb/mcs70/m2D/m2Dr4/mcs70_m2Dr4_s35.A27 fileNameGt=../graphsdb/mcs70/m2D/m2Dr4/mcs70_m2Dr4_s35.B27
Reading graphs...
35 :  70
35 :  70
Initializing...
maxdom : 35
D->valSize : 1225
Solving...
currentSize : 17 <-- 0.020453 s
currentSize : 18 <-- 0.020507 s
currentSize : 19 <-- 0.020668 s
currentSize : 20 <-- 0.021941 s
currentSize : 21 <-- 0.023123 s
currentSize : 22 <-- 0.071785 s
currentSize : 23 <-- 29.358330 s
currentSize : 24 <-- 174.995514 s
currentSize : 25 <-- 175.061890 s

maxsize : 25
nodes : 65433914.000000
filtered : 1904098902.000000
time : 386.759247
