Parameters: GAD=1 vflib=1 dir=0 label=0 lowerbound=1 fileNameGp=../graphsdb/mcs70/bvg/b06m/mcs70_b06m_s35.A66 fileNameGt=../graphsdb/mcs70/bvg/b06m/mcs70_b06m_s35.B66
Reading graphs...
35 :  101
35 :  101
Initializing...
maxdom : 35
D->valSize : 1225
Solving...
currentSize : 11 <-- 0.033318 s
currentSize : 13 <-- 0.033509 s
currentSize : 14 <-- 0.033570 s
currentSize : 16 <-- 0.034731 s
currentSize : 17 <-- 0.061874 s
currentSize : 18 <-- 0.121130 s
currentSize : 19 <-- 0.201568 s
currentSize : 20 <-- 21.199167 s
currentSize : 21 <-- 566.968872 s
currentSize : 22 <-- 605.234375 s
currentSize : 23 <-- 714.132446 s
currentSize : 24 <-- 714.132568 s

maxsize : 24
nodes : 144544152.000000
filtered : 3812889630.000000
time : 803.678345
