Parameters: GAD=1 vflib=1 dir=0 label=0 lowerbound=1 fileNameGp=../graphsdb/mcs70/rand/r01/mcs70_r01_s35.A92 fileNameGt=../graphsdb/mcs70/rand/r01/mcs70_r01_s35.B92
Reading graphs...
35 :  112
35 :  111
Initializing...
maxdom : 35
D->valSize : 1225
Solving...
currentSize : 13 <-- 0.033025 s
currentSize : 14 <-- 0.033126 s
currentSize : 15 <-- 0.033282 s
currentSize : 16 <-- 0.044194 s
currentSize : 17 <-- 0.052687 s
currentSize : 18 <-- 0.052759 s
currentSize : 19 <-- 1.060263 s
currentSize : 20 <-- 103.775856 s
currentSize : 22 <-- 203.021469 s
currentSize : 24 <-- 203.022202 s

maxsize : 24
nodes : 47099467.000000
filtered : 1206346423.000000
time : 259.970734
