Parameters: GAD=1 vflib=1 dir=0 label=0 lowerbound=1 fileNameGp=../graphsdb/mcs70/bvg/b06/mcs70_b06_s25.A85 fileNameGt=../graphsdb/mcs70/bvg/b06/mcs70_b06_s25.B85
Reading graphs...
25 :  75
25 :  75
Initializing...
maxdom : 25
D->valSize : 625
Solving...
currentSize : 12 <-- 0.004779 s
currentSize : 13 <-- 0.004844 s
currentSize : 14 <-- 0.012518 s
currentSize : 16 <-- 0.018214 s
currentSize : 17 <-- 0.058500 s
currentSize : 18 <-- 0.114394 s

maxsize : 18
nodes : 170504.000000
filtered : 4505387.000000
time : 0.826999
