Parameters: GAD=1 vflib=1 dir=0 label=0 lowerbound=1 fileNameGp=../graphsdb/mcs70/bvg/b09m/mcs70_b09m_s30.A86 fileNameGt=../graphsdb/mcs70/bvg/b09m/mcs70_b09m_s30.B86
Reading graphs...
30 :  133
30 :  132
Initializing...
maxdom : 30
D->valSize : 900
Solving...
currentSize : 10 <-- 0.009416 s
currentSize : 11 <-- 0.009517 s
currentSize : 12 <-- 0.009570 s
currentSize : 13 <-- 0.013531 s
currentSize : 14 <-- 0.018664 s
currentSize : 15 <-- 0.352154 s
currentSize : 16 <-- 11.195382 s
currentSize : 17 <-- 22.739693 s
currentSize : 19 <-- 25.393885 s
currentSize : 20 <-- 30.643160 s

maxsize : 20
nodes : 7327304.000000
filtered : 134230735.000000
time : 33.544029
