Parameters: GAD=1 vflib=1 dir=0 label=0 lowerbound=1 fileNameGp=../graphsdb/mcs70/bvg/b09/mcs70_b09_s25.A21 fileNameGt=../graphsdb/mcs70/bvg/b09/mcs70_b09_s25.B21
Reading graphs...
25 :  111
25 :  112
Initializing...
maxdom : 25
D->valSize : 625
Solving...
currentSize : 10 <-- 0.004483 s
currentSize : 11 <-- 0.004872 s
currentSize : 12 <-- 0.013219 s
currentSize : 13 <-- 0.021260 s
currentSize : 14 <-- 0.149231 s
currentSize : 15 <-- 0.539501 s
currentSize : 16 <-- 0.539544 s
currentSize : 17 <-- 1.264934 s

maxsize : 17
nodes : 368079.000000
filtered : 8486998.000000
time : 1.692280
