Parameters: GAD=1 vflib=1 dir=0 label=0 lowerbound=1 fileNameGp=../graphsdb/mcs70/bvg/b09/mcs70_b09_s20.A37 fileNameGt=../graphsdb/mcs70/bvg/b09/mcs70_b09_s20.B37
Reading graphs...
20 :  89
20 :  90
Initializing...
maxdom : 20
D->valSize : 400
Solving...
currentSize : 7 <-- 0.001928 s
currentSize : 8 <-- 0.001949 s
currentSize : 9 <-- 0.001965 s
currentSize : 10 <-- 0.002226 s
currentSize : 11 <-- 0.003986 s
currentSize : 13 <-- 0.006144 s
currentSize : 14 <-- 0.006189 s

maxsize : 14
nodes : 43338.000000
filtered : 828969.000000
time : 0.169590
