Parameters: GAD=1 vflib=1 dir=0 label=0 lowerbound=1 fileNameGp=../graphsdb/mcs70/bvg/b03/mcs70_b03_s25.A94 fileNameGt=../graphsdb/mcs70/bvg/b03/mcs70_b03_s25.B94
Reading graphs...
25 :  37
25 :  37
Initializing...
maxdom : 25
D->valSize : 625
Solving...
currentSize : 14 <-- 0.008988 s
currentSize : 15 <-- 0.027876 s
currentSize : 16 <-- 0.049059 s
currentSize : 17 <-- 0.102704 s
currentSize : 19 <-- 0.221024 s
currentSize : 20 <-- 0.457060 s

maxsize : 20
nodes : 168908.000000
filtered : 2836428.000000
time : 0.758081
