Parameters: GAD=1 vflib=1 dir=0 label=0 lowerbound=1 fileNameGp=../graphsdb/mcs70/m4D/m4Dr6/mcs70_m4Dr6_s25.A04 fileNameGt=../graphsdb/mcs70/m4D/m4Dr6/mcs70_m4Dr6_s25.B04
Reading graphs...
25 :  60
25 :  57
Initializing...
maxdom : 25
D->valSize : 625
Solving...
currentSize : 7 <-- 0.008501 s
currentSize : 11 <-- 0.008532 s
currentSize : 12 <-- 0.009369 s
currentSize : 13 <-- 0.013646 s
currentSize : 14 <-- 0.015146 s
currentSize : 15 <-- 0.178315 s
currentSize : 16 <-- 0.943256 s
currentSize : 17 <-- 1.941141 s

maxsize : 17
nodes : 772771.000000
filtered : 15576390.000000
time : 3.334562
