Parameters: GAD=1 vflib=1 dir=0 label=0 lowerbound=1 fileNameGp=../graphsdb/mcs70/bvg/b03m/mcs70_b03m_s35.A90 fileNameGt=../graphsdb/mcs70/bvg/b03m/mcs70_b03m_s35.B90
Reading graphs...
35 :  51
35 :  51
Initializing...
maxdom : 35
D->valSize : 1225
Solving...
currentSize : 17 <-- 0.020997 s
currentSize : 18 <-- 0.021311 s
currentSize : 19 <-- 0.021323 s
currentSize : 20 <-- 0.072101 s
currentSize : 21 <-- 0.480824 s
currentSize : 22 <-- 0.934630 s
currentSize : 23 <-- 0.935810 s
currentSize : 24 <-- 4.070794 s
currentSize : 25 <-- 41.938671 s
currentSize : 26 <-- 63.210655 s

maxsize : 26
nodes : 32314604.000000
filtered : 702758502.000000
time : 171.847794
