Parameters: GAD=1 vflib=1 dir=0 label=0 lowerbound=1 fileNameGp=../graphsdb/mcs70/m2D/m2Dr2/mcs70_m2Dr2_s35.A58 fileNameGt=../graphsdb/mcs70/m2D/m2Dr2/mcs70_m2Dr2_s35.B58
Reading graphs...
35 :  64
35 :  64
Initializing...
maxdom : 35
D->valSize : 1225
Solving...
currentSize : 15 <-- 0.021039 s
currentSize : 17 <-- 0.021064 s
currentSize : 18 <-- 0.023847 s
currentSize : 19 <-- 0.024144 s
currentSize : 20 <-- 0.282574 s
currentSize : 21 <-- 3.932960 s
currentSize : 22 <-- 7.012638 s
currentSize : 23 <-- 80.120621 s
currentSize : 24 <-- 122.050591 s
currentSize : 25 <-- 122.079788 s
currentSize : 26 <-- 216.958755 s

maxsize : 26
nodes : 49053595.000000
filtered : 1159105832.000000
time : 266.017303
