Parameters: GAD=1 vflib=1 dir=0 label=0 lowerbound=1 fileNameGp=../graphsdb/mcs70/m4D/m4Dr4/mcs70_m4Dr4_s25.A53 fileNameGt=../graphsdb/mcs70/m4D/m4Dr4/mcs70_m4Dr4_s25.B53
Reading graphs...
25 :  56
25 :  56
Initializing...
maxdom : 25
D->valSize : 625
Solving...
currentSize : 10 <-- 0.005019 s
currentSize : 11 <-- 0.005042 s
currentSize : 12 <-- 0.005111 s
currentSize : 13 <-- 0.005582 s
currentSize : 14 <-- 0.006336 s
currentSize : 15 <-- 0.069800 s
currentSize : 16 <-- 0.735742 s
currentSize : 17 <-- 1.656379 s

maxsize : 17
nodes : 1137780.000000
filtered : 22141911.000000
time : 4.839069
