Parameters: GAD=1 vflib=1 dir=0 label=0 lowerbound=1 fileNameGp=../graphsdb/mcs70/rand/r02/mcs70_r02_s30.A96 fileNameGt=../graphsdb/mcs70/rand/r02/mcs70_r02_s30.B96
Reading graphs...
30 :  159
30 :  157
Initializing...
maxdom : 30
D->valSize : 900
Solving...
currentSize : 10 <-- 0.009320 s
currentSize : 11 <-- 0.009381 s
currentSize : 12 <-- 0.009499 s
currentSize : 13 <-- 0.066265 s
currentSize : 14 <-- 4.119726 s
currentSize : 15 <-- 24.925835 s
currentSize : 17 <-- 27.891602 s
currentSize : 21 <-- 27.894060 s

maxsize : 21
nodes : 7313848.000000
filtered : 98409834.000000
time : 30.591484
