Parameters: GAD=1 vflib=1 dir=0 label=0 lowerbound=1 fileNameGp=../graphsdb/mcs70/bvg/b03m/mcs70_b03m_s35.A64 fileNameGt=../graphsdb/mcs70/bvg/b03m/mcs70_b03m_s35.B64
Reading graphs...
35 :  52
35 :  52
Initializing...
maxdom : 35
D->valSize : 1225
Solving...
currentSize : 17 <-- 0.020879 s
currentSize : 18 <-- 0.020901 s
currentSize : 19 <-- 0.022428 s
currentSize : 20 <-- 0.110907 s
currentSize : 21 <-- 0.502742 s
currentSize : 22 <-- 0.518255 s
currentSize : 23 <-- 9.396318 s
currentSize : 24 <-- 10.508738 s
currentSize : 25 <-- 128.286880 s
currentSize : 26 <-- 407.021851 s

maxsize : 26
nodes : 92659945.000000
filtered : 1976044441.000000
time : 489.573181
