Parameters: GAD=1 vflib=1 dir=0 label=0 lowerbound=1 fileNameGp=../graphsdb/mcs70/rand/r01/mcs70_r01_s35.A59 fileNameGt=../graphsdb/mcs70/rand/r01/mcs70_r01_s35.B59
Reading graphs...
35 :  112
35 :  113
Initializing...
maxdom : 35
D->valSize : 1225
Solving...
currentSize : 14 <-- 0.032869 s
currentSize : 15 <-- 0.033442 s
currentSize : 16 <-- 0.035764 s
currentSize : 17 <-- 0.048936 s
currentSize : 18 <-- 0.337833 s
currentSize : 19 <-- 16.907955 s
currentSize : 20 <-- 38.778168 s
currentSize : 21 <-- 38.778210 s
currentSize : 22 <-- 380.614197 s
currentSize : 24 <-- 380.614410 s

maxsize : 24
nodes : 79343353.000000
filtered : 2222081642.000000
time : 454.599213
