Parameters: GAD=1 vflib=1 dir=0 label=0 lowerbound=1 fileNameGp=../graphsdb/mcs70/bvg/b03m/mcs70_b03m_s35.A47 fileNameGt=../graphsdb/mcs70/bvg/b03m/mcs70_b03m_s35.B47
Reading graphs...
35 :  51
35 :  51
Initializing...
maxdom : 35
D->valSize : 1225
Solving...
currentSize : 18 <-- 0.021450 s
currentSize : 21 <-- 0.022191 s
currentSize : 22 <-- 0.022241 s
currentSize : 23 <-- 0.809026 s
currentSize : 24 <-- 7.161968 s
currentSize : 25 <-- 22.054489 s
currentSize : 26 <-- 43.447830 s
currentSize : 27 <-- 79.167259 s
currentSize : 28 <-- 79.178871 s

maxsize : 28
nodes : 15918203.000000
filtered : 355756553.000000
time : 86.055496
