Parameters: GAD=1 vflib=1 dir=0 label=0 lowerbound=1 fileNameGp=../graphsdb/mcs70/bvg/b03/mcs70_b03_s30.A79 fileNameGt=../graphsdb/mcs70/bvg/b03/mcs70_b03_s30.B79
Reading graphs...
30 :  45
30 :  44
Initializing...
maxdom : 30
D->valSize : 900
Solving...
currentSize : 18 <-- 0.011150 s
currentSize : 19 <-- 0.011187 s
currentSize : 20 <-- 0.014931 s
currentSize : 21 <-- 0.020349 s
currentSize : 22 <-- 0.497717 s
currentSize : 23 <-- 0.497781 s

maxsize : 23
nodes : 2077351.000000
filtered : 48954459.000000
time : 10.336424
