Parameters: GAD=1 vflib=1 dir=0 label=0 lowerbound=1 fileNameGp=../graphsdb/mcs70/bvg/b09/mcs70_b09_s35.A94 fileNameGt=../graphsdb/mcs70/bvg/b09/mcs70_b09_s35.B94
Reading graphs...
35 :  153
35 :  155
Initializing...
maxdom : 35
D->valSize : 1225
Solving...
currentSize : 12 <-- 0.018693 s
currentSize : 13 <-- 0.018717 s
currentSize : 14 <-- 0.021889 s
currentSize : 15 <-- 0.022159 s
currentSize : 16 <-- 0.022167 s
currentSize : 17 <-- 2.108927 s
currentSize : 18 <-- 7.072365 s
currentSize : 20 <-- 9.289945 s
currentSize : 21 <-- 9.330519 s
currentSize : 23 <-- 9.330584 s
currentSize : 24 <-- 9.330624 s

maxsize : 24
nodes : 5947518.000000
filtered : 192664858.000000
time : 36.092255
