Parameters: GAD=1 vflib=1 dir=0 label=0 lowerbound=1 fileNameGp=../graphsdb/mcs70/bvg/b09/mcs70_b09_s35.A29 fileNameGt=../graphsdb/mcs70/bvg/b09/mcs70_b09_s35.B29
Reading graphs...
35 :  156
35 :  157
Initializing...
maxdom : 35
D->valSize : 1225
Solving...
currentSize : 12 <-- 0.018225 s
currentSize : 14 <-- 0.019496 s
currentSize : 15 <-- 0.027383 s
currentSize : 16 <-- 0.205215 s
currentSize : 17 <-- 0.236631 s
currentSize : 18 <-- 0.260950 s
currentSize : 20 <-- 0.449291 s
currentSize : 23 <-- 3.796999 s
currentSize : 24 <-- 3.797099 s
currentSize : 25 <-- 6.180970 s

maxsize : 25
nodes : 2213595.000000
filtered : 96994059.000000
time : 15.441855
