Parameters: GAD=1 vflib=1 dir=0 label=0 lowerbound=1 fileNameGp=../graphsdb/mcs70/bvg/b03m/mcs70_b03m_s35.A19 fileNameGt=../graphsdb/mcs70/bvg/b03m/mcs70_b03m_s35.B19
Reading graphs...
35 :  52
35 :  51
Initializing...
maxdom : 35
D->valSize : 1225
Solving...
currentSize : 18 <-- 0.026091 s
currentSize : 19 <-- 0.026296 s
currentSize : 20 <-- 0.096074 s
currentSize : 21 <-- 1.088882 s
currentSize : 22 <-- 1.153348 s
currentSize : 23 <-- 2.695089 s
currentSize : 24 <-- 22.181555 s
currentSize : 25 <-- 42.671288 s
currentSize : 26 <-- 104.589363 s
currentSize : 27 <-- 111.931557 s

maxsize : 27
nodes : 24671904.000000
filtered : 489012189.000000
time : 123.817169
