Parameters: GAD=1 vflib=1 dir=0 label=0 lowerbound=1 fileNameGp=../graphsdb/mcs70/bvg/b06m/mcs70_b06m_s35.A26 fileNameGt=../graphsdb/mcs70/bvg/b06m/mcs70_b06m_s35.B26
Reading graphs...
35 :  101
35 :  101
Initializing...
maxdom : 35
D->valSize : 1225
Solving...
currentSize : 13 <-- 0.033341 s
currentSize : 14 <-- 0.033790 s
currentSize : 15 <-- 0.033818 s
currentSize : 16 <-- 0.034454 s
currentSize : 17 <-- 0.060359 s
currentSize : 18 <-- 0.244269 s
currentSize : 19 <-- 1.239836 s
currentSize : 21 <-- 22.398386 s
currentSize : 22 <-- 146.628326 s
currentSize : 24 <-- 221.900101 s

maxsize : 24
nodes : 44176031.000000
filtered : 1423976947.000000
time : 275.150757
