Parameters: GAD=1 vflib=1 dir=0 label=0 lowerbound=1 fileNameGp=../graphsdb/mcs70/bvg/b09m/mcs70_b09m_s25.A16 fileNameGt=../graphsdb/mcs70/bvg/b09m/mcs70_b09m_s25.B16
Reading graphs...
25 :  105
25 :  104
Initializing...
maxdom : 25
D->valSize : 625
Solving...
currentSize : 10 <-- 0.004535 s
currentSize : 11 <-- 0.005281 s
currentSize : 12 <-- 0.006720 s
currentSize : 13 <-- 0.006732 s
currentSize : 14 <-- 0.032180 s
currentSize : 16 <-- 2.883552 s
currentSize : 17 <-- 2.883997 s

maxsize : 17
nodes : 787734.000000
filtered : 13724163.000000
time : 3.464095
