Parameters: GAD=1 vflib=1 dir=0 label=0 lowerbound=1 fileNameGp=../graphsdb/mcs70/bvg/b06m/mcs70_b06m_s25.A67 fileNameGt=../graphsdb/mcs70/bvg/b06m/mcs70_b06m_s25.B67
Reading graphs...
25 :  74
25 :  74
Initializing...
maxdom : 25
D->valSize : 625
Solving...
currentSize : 9 <-- 0.004876 s
currentSize : 11 <-- 0.005075 s
currentSize : 12 <-- 0.005102 s
currentSize : 13 <-- 0.006018 s
currentSize : 14 <-- 0.022413 s
currentSize : 15 <-- 0.135942 s
currentSize : 16 <-- 1.461251 s
currentSize : 18 <-- 2.914962 s

maxsize : 18
nodes : 657105.000000
filtered : 15004585.000000
time : 3.123273
