Parameters: GAD=1 vflib=1 dir=0 label=0 lowerbound=1 fileNameGp=../graphsdb/mcs70/m2D/m2Dr6/m2Dr6/mcs70_m2Dr6_s35.A07 fileNameGt=../graphsdb/mcs70/m2D/m2Dr6/m2Dr6/mcs70_m2Dr6_s35.B07
Reading graphs...
35 :  74
35 :  76
Initializing...
maxdom : 35
D->valSize : 1225
Solving...
currentSize : 17 <-- 0.035434 s
currentSize : 18 <-- 0.035485 s
currentSize : 19 <-- 0.035520 s
currentSize : 20 <-- 0.035823 s
currentSize : 21 <-- 1.144151 s
currentSize : 22 <-- 4.643772 s
currentSize : 23 <-- 33.227173 s
currentSize : 25 <-- 35.171932 s

maxsize : 25
nodes : 46962652.000000
filtered : 1558568820.000000
time : 298.901947
