Parameters: GAD=1 vflib=1 dir=0 label=0 lowerbound=1 fileNameGp=../graphsdb/mcs70/bvg/b09/mcs70_b09_s25.A69 fileNameGt=../graphsdb/mcs70/bvg/b09/mcs70_b09_s25.B69
Reading graphs...
25 :  108
25 :  108
Initializing...
maxdom : 25
D->valSize : 625
Solving...
currentSize : 9 <-- 0.007710 s
currentSize : 10 <-- 0.007730 s
currentSize : 11 <-- 0.007792 s
currentSize : 12 <-- 0.008533 s
currentSize : 13 <-- 0.012320 s
currentSize : 15 <-- 0.055917 s
currentSize : 16 <-- 0.055988 s
currentSize : 17 <-- 0.334155 s

maxsize : 17
nodes : 286130.000000
filtered : 6733899.000000
time : 1.461531
