Parameters: GAD=1 vflib=1 dir=0 label=0 lowerbound=1 fileNameGp=../graphsdb/mcs70/rand/r005/mcs70_r005_s35.A37 fileNameGt=../graphsdb/mcs70/rand/r005/mcs70_r005_s35.B37
Reading graphs...
35 :  56
35 :  57
Initializing...
maxdom : 35
D->valSize : 1225
Solving...
currentSize : 15 <-- 0.020861 s
currentSize : 17 <-- 0.021065 s
currentSize : 18 <-- 0.060514 s
currentSize : 19 <-- 0.061006 s
currentSize : 20 <-- 0.158000 s
currentSize : 21 <-- 3.930576 s
currentSize : 22 <-- 3.930646 s
currentSize : 23 <-- 3.938220 s
currentSize : 24 <-- 16.549044 s
currentSize : 25 <-- 477.560303 s

maxsize : 25
nodes : 113845491.000000
filtered : 2397201052.000000
time : 601.633545
