Parameters: GAD=1 vflib=1 dir=0 label=0 lowerbound=1 fileNameGp=../graphsdb/mcs70/m2D/m2D/mcs70_m2D_s15.A05 fileNameGt=../graphsdb/mcs70/m2D/m2D/mcs70_m2D_s15.B05
Reading graphs...
15 :  22
15 :  22
Initializing...
maxdom : 15
D->valSize : 225
Solving...
currentSize : 6 <-- 0.001453 s
currentSize : 7 <-- 0.001540 s
currentSize : 8 <-- 0.001679 s
currentSize : 9 <-- 0.001731 s
currentSize : 10 <-- 0.002994 s
currentSize : 11 <-- 0.012288 s
currentSize : 12 <-- 0.018625 s

maxsize : 12
nodes : 5160.000000
filtered : 45967.000000
time : 0.021245
