Parameters: GAD=1 vflib=1 dir=0 label=0 lowerbound=1 fileNameGp=../graphsdb/mcs70/m2D/m2Dr4/mcs70_m2Dr4_s35.A90 fileNameGt=../graphsdb/mcs70/m2D/m2Dr4/mcs70_m2Dr4_s35.B90
Reading graphs...
35 :  72
35 :  71
Initializing...
maxdom : 35
D->valSize : 1225
Solving...
currentSize : 13 <-- 0.034872 s
currentSize : 15 <-- 0.034914 s
currentSize : 16 <-- 0.034939 s
currentSize : 20 <-- 0.034983 s
currentSize : 21 <-- 0.328610 s
currentSize : 22 <-- 0.963515 s
currentSize : 23 <-- 3.803935 s
currentSize : 24 <-- 49.729797 s
currentSize : 27 <-- 107.955475 s

maxsize : 27
nodes : 19310644.000000
filtered : 560395733.000000
time : 115.355827
