Parameters: GAD=1 vflib=1 dir=0 label=0 lowerbound=1 fileNameGp=../graphsdb/mcs70/bvg/b06m/mcs70_b06m_s25.A70 fileNameGt=../graphsdb/mcs70/bvg/b06m/mcs70_b06m_s25.B70
Reading graphs...
25 :  71
25 :  72
Initializing...
maxdom : 25
D->valSize : 625
Solving...
currentSize : 9 <-- 0.004866 s
currentSize : 10 <-- 0.004897 s
currentSize : 11 <-- 0.005181 s
currentSize : 12 <-- 0.005287 s
currentSize : 13 <-- 0.008108 s
currentSize : 14 <-- 0.114089 s
currentSize : 15 <-- 0.457378 s
currentSize : 16 <-- 2.651989 s
currentSize : 17 <-- 4.444545 s

maxsize : 17
nodes : 1202196.000000
filtered : 23348809.000000
time : 5.122264
