Parameters: GAD=1 vflib=1 dir=0 label=0 lowerbound=1 fileNameGp=../graphsdb/mcs70/rand/r01/mcs70_r01_s25.A20 fileNameGt=../graphsdb/mcs70/rand/r01/mcs70_r01_s25.B20
Reading graphs...
25 :  55
25 :  57
Initializing...
maxdom : 25
D->valSize : 625
Solving...
currentSize : 12 <-- 0.004950 s
currentSize : 13 <-- 0.004965 s
currentSize : 14 <-- 0.004989 s
currentSize : 15 <-- 0.088114 s
currentSize : 16 <-- 0.194089 s
currentSize : 17 <-- 0.797744 s

maxsize : 17
nodes : 1060700.000000
filtered : 21226105.000000
time : 4.527147
