Parameters: GAD=1 vflib=1 dir=0 label=0 lowerbound=1 fileNameGp=../graphsdb/mcs70/bvg/b03m/mcs70_b03m_s30.A54 fileNameGt=../graphsdb/mcs70/bvg/b03m/mcs70_b03m_s30.B54
Reading graphs...
30 :  44
30 :  44
Initializing...
maxdom : 30
D->valSize : 900
Solving...
currentSize : 9 <-- 0.011163 s
currentSize : 15 <-- 0.011220 s
currentSize : 17 <-- 0.011247 s
currentSize : 18 <-- 0.011404 s
currentSize : 19 <-- 0.015320 s
currentSize : 20 <-- 0.532746 s
currentSize : 21 <-- 8.233421 s
currentSize : 22 <-- 8.578863 s

maxsize : 22
nodes : 9415393.000000
filtered : 173341287.000000
time : 42.587048
