Parameters: GAD=1 vflib=1 dir=0 label=0 lowerbound=1 fileNameGp=../graphsdb/mcs70/rand/r01/mcs70_r01_s35.A95 fileNameGt=../graphsdb/mcs70/rand/r01/mcs70_r01_s35.B95
Reading graphs...
35 :  112
35 :  115
Initializing...
maxdom : 35
D->valSize : 1225
Solving...
currentSize : 13 <-- 0.018897 s
currentSize : 14 <-- 0.018935 s
currentSize : 15 <-- 0.019456 s
currentSize : 16 <-- 0.019802 s
currentSize : 18 <-- 0.021251 s
currentSize : 19 <-- 3.360419 s
currentSize : 20 <-- 3192.375488 s
currentSize : 21 <-- 3192.377441 s
currentSize : 22 <-- 3192.388916 s
currentSize : 24 <-- 3192.389893 s

maxsize : 24
nodes : 680592188.000000
filtered : 14024642360.000000
time : 3245.336670
