Parameters: GAD=1 vflib=1 dir=0 label=0 lowerbound=1 fileNameGp=../graphsdb/mcs70/bvg/b06/mcs70_b06_s25.A50 fileNameGt=../graphsdb/mcs70/bvg/b06/mcs70_b06_s25.B50
Reading graphs...
25 :  74
25 :  74
Initializing...
maxdom : 25
D->valSize : 625
Solving...
currentSize : 12 <-- 0.004794 s
currentSize : 13 <-- 0.004976 s
currentSize : 14 <-- 0.005203 s
currentSize : 15 <-- 0.008938 s
currentSize : 16 <-- 0.016336 s
currentSize : 17 <-- 0.044169 s
currentSize : 18 <-- 0.297618 s

maxsize : 18
nodes : 208225.000000
filtered : 4894912.000000
time : 0.947307
