Parameters: GAD=1 vflib=1 dir=0 label=0 lowerbound=1 fileNameGp=../graphsdb/mcs70/rand/r005/mcs70_r005_s35.A29 fileNameGt=../graphsdb/mcs70/rand/r005/mcs70_r005_s35.B29
Reading graphs...
35 :  58
35 :  57
Initializing...
maxdom : 35
D->valSize : 1225
Solving...
currentSize : 17 <-- 0.020821 s
currentSize : 18 <-- 0.020921 s
currentSize : 19 <-- 0.021083 s
currentSize : 20 <-- 0.024057 s
currentSize : 21 <-- 0.083019 s
currentSize : 22 <-- 0.275280 s
currentSize : 23 <-- 8.311358 s
currentSize : 24 <-- 31.179173 s
currentSize : 25 <-- 173.317139 s

maxsize : 25
nodes : 99222763.000000
filtered : 2454048859.000000
time : 559.724426
