Parameters: GAD=1 vflib=1 dir=0 label=0 lowerbound=1 fileNameGp=../graphsdb/mcs70/rand/r01/mcs70_r01_s30.A52 fileNameGt=../graphsdb/mcs70/rand/r01/mcs70_r01_s30.B52
Reading graphs...
30 :  80
30 :  80
Initializing...
maxdom : 30
D->valSize : 900
Solving...
currentSize : 11 <-- 0.010377 s
currentSize : 12 <-- 0.010536 s
currentSize : 13 <-- 0.010742 s
currentSize : 14 <-- 0.013332 s
currentSize : 15 <-- 0.084372 s
currentSize : 16 <-- 0.120830 s
currentSize : 18 <-- 1.299246 s
currentSize : 19 <-- 95.705910 s
currentSize : 21 <-- 101.885437 s

maxsize : 21
nodes : 22097145.000000
filtered : 480461609.000000
time : 105.541626
