Parameters: GAD=1 vflib=1 dir=0 label=0 lowerbound=1 fileNameGp=../graphsdb/mcs70/m2D/m2Dr6/m2Dr6/mcs70_m2Dr6_s25.A80 fileNameGt=../graphsdb/mcs70/m2D/m2Dr6/m2Dr6/mcs70_m2Dr6_s25.B80
Reading graphs...
25 :  54
25 :  54
Initializing...
maxdom : 25
D->valSize : 625
Solving...
currentSize : 12 <-- 0.004991 s
currentSize : 13 <-- 0.006690 s
currentSize : 14 <-- 0.019565 s
currentSize : 15 <-- 0.212997 s
currentSize : 16 <-- 0.220574 s
currentSize : 17 <-- 3.641131 s
currentSize : 18 <-- 3.641171 s

maxsize : 18
nodes : 1071311.000000
filtered : 18197321.000000
time : 4.447015
