Parameters: GAD=1 vflib=1 dir=0 label=0 lowerbound=1 fileNameGp=../graphsdb/mcs70/rand/r01/mcs70_r01_s30.A08 fileNameGt=../graphsdb/mcs70/rand/r01/mcs70_r01_s30.B08
Reading graphs...
30 :  83
30 :  84
Initializing...
maxdom : 30
D->valSize : 900
Solving...
currentSize : 12 <-- 0.014845 s
currentSize : 13 <-- 0.014882 s
currentSize : 14 <-- 0.014959 s
currentSize : 15 <-- 0.015005 s
currentSize : 16 <-- 0.017097 s
currentSize : 17 <-- 0.585822 s
currentSize : 18 <-- 5.394666 s
currentSize : 19 <-- 19.743555 s
currentSize : 20 <-- 31.405825 s
currentSize : 21 <-- 31.412771 s

maxsize : 21
nodes : 8448552.000000
filtered : 194563383.000000
time : 41.336143
