Parameters: GAD=1 vflib=1 dir=0 label=0 lowerbound=1 fileNameGp=../graphsdb/mcs70/bvg/b09/mcs70_b09_s35.A74 fileNameGt=../graphsdb/mcs70/bvg/b09/mcs70_b09_s35.B74
Reading graphs...
35 :  156
35 :  156
Initializing...
maxdom : 35
D->valSize : 1225
Solving...
currentSize : 9 <-- 0.023448 s
currentSize : 10 <-- 0.023485 s
currentSize : 11 <-- 0.024068 s
currentSize : 12 <-- 0.025038 s
currentSize : 13 <-- 0.025061 s
currentSize : 14 <-- 0.034757 s
currentSize : 15 <-- 0.036012 s
currentSize : 16 <-- 6.220794 s
currentSize : 17 <-- 9.768975 s
currentSize : 19 <-- 11.423371 s
currentSize : 20 <-- 11.432330 s
currentSize : 23 <-- 11.435009 s
currentSize : 24 <-- 11.435048 s
currentSize : 25 <-- 16.138622 s

maxsize : 25
nodes : 4614153.000000
filtered : 121575162.000000
time : 25.109476
