Parameters: GAD=1 vflib=1 dir=0 label=0 lowerbound=1 fileNameGp=../graphsdb/mcs70/bvg/b09m/mcs70_b09m_s30.A58 fileNameGt=../graphsdb/mcs70/bvg/b09m/mcs70_b09m_s30.B58
Reading graphs...
30 :  124
30 :  124
Initializing...
maxdom : 30
D->valSize : 900
Solving...
currentSize : 10 <-- 0.009560 s
currentSize : 12 <-- 0.009580 s
currentSize : 13 <-- 0.012520 s
currentSize : 14 <-- 0.021834 s
currentSize : 15 <-- 0.647775 s
currentSize : 16 <-- 11.145876 s
currentSize : 17 <-- 43.290657 s
currentSize : 21 <-- 43.290722 s

maxsize : 21
nodes : 9862045.000000
filtered : 178997509.000000
time : 45.144417
