Parameters: GAD=1 vflib=1 dir=0 label=0 lowerbound=1 fileNameGp=../graphsdb/mcs70/rand/r02/mcs70_r02_s25.A54 fileNameGt=../graphsdb/mcs70/rand/r02/mcs70_r02_s25.B54
Reading graphs...
25 :  107
25 :  107
Initializing...
maxdom : 25
D->valSize : 625
Solving...
currentSize : 9 <-- 0.007650 s
currentSize : 10 <-- 0.007713 s
currentSize : 11 <-- 0.007867 s
currentSize : 12 <-- 0.057605 s
currentSize : 13 <-- 0.887812 s
currentSize : 14 <-- 10.994686 s
currentSize : 17 <-- 10.994909 s

maxsize : 17
nodes : 3234325.000000
filtered : 36183355.000000
time : 11.689962
