Parameters: GAD=1 vflib=1 dir=0 label=0 lowerbound=1 fileNameGp=../graphsdb/mcs70/m3D/m3Dr2/mcs70_m3Dr2_s35.A78 fileNameGt=../graphsdb/mcs70/m3D/m3Dr2/mcs70_m3Dr2_s35.B78
Reading graphs...
35 :  79
35 :  79
Initializing...
maxdom : 35
D->valSize : 1225
Solving...
currentSize : 15 <-- 0.034717 s
currentSize : 16 <-- 0.034781 s
currentSize : 17 <-- 0.034967 s
currentSize : 18 <-- 0.035415 s
currentSize : 19 <-- 0.038276 s
currentSize : 20 <-- 0.253361 s
currentSize : 21 <-- 0.393239 s
currentSize : 22 <-- 5.345176 s
currentSize : 23 <-- 33.883224 s
currentSize : 25 <-- 54.242702 s
currentSize : 28 <-- 63.403988 s

maxsize : 28
nodes : 12248748.000000
filtered : 305735847.000000
time : 68.531204
