Parameters: GAD=1 vflib=1 dir=0 label=0 lowerbound=1 fileNameGp=../graphsdb/mcs70/m3D/m3Dr6/mcs70_m3Dr6_s35.A91 fileNameGt=../graphsdb/mcs70/m3D/m3Dr6/mcs70_m3Dr6_s35.B91
Reading graphs...
35 :  92
35 :  91
Initializing...
maxdom : 35
D->valSize : 1225
Solving...
currentSize : 15 <-- 0.019376 s
currentSize : 17 <-- 0.020539 s
currentSize : 18 <-- 0.020546 s
currentSize : 19 <-- 0.033753 s
currentSize : 20 <-- 0.183838 s
currentSize : 21 <-- 25.260113 s
currentSize : 22 <-- 207.056015 s
currentSize : 23 <-- 207.935730 s
currentSize : 27 <-- 208.792923 s

maxsize : 27
nodes : 42706820.000000
filtered : 940934730.000000
time : 219.630280
