Parameters: GAD=1 vflib=1 dir=0 label=0 lowerbound=1 fileNameGp=../graphsdb/mcs70/bvg/b06/mcs70_b06_s35.A06 fileNameGt=../graphsdb/mcs70/bvg/b06/mcs70_b06_s35.B06
Reading graphs...
35 :  104
35 :  104
Initializing...
maxdom : 35
D->valSize : 1225
Solving...
currentSize : 10 <-- 0.019902 s
currentSize : 13 <-- 0.019943 s
currentSize : 14 <-- 0.019961 s
currentSize : 15 <-- 0.020602 s
currentSize : 16 <-- 0.044319 s
currentSize : 17 <-- 0.050012 s
currentSize : 18 <-- 0.178802 s
currentSize : 19 <-- 0.196475 s
currentSize : 20 <-- 0.784021 s
currentSize : 21 <-- 0.852474 s
currentSize : 22 <-- 0.878930 s
currentSize : 23 <-- 0.878999 s
currentSize : 24 <-- 20.564302 s
currentSize : 25 <-- 21.567022 s

maxsize : 25
nodes : 8582704.000000
filtered : 328045487.000000
time : 57.843796
