Parameters: GAD=1 vflib=1 dir=0 label=0 lowerbound=1 fileNameGp=../graphsdb/mcs70/bvg/b09/mcs70_b09_s25.A56 fileNameGt=../graphsdb/mcs70/bvg/b09/mcs70_b09_s25.B56
Reading graphs...
25 :  109
25 :  108
Initializing...
maxdom : 25
D->valSize : 625
Solving...
currentSize : 10 <-- 0.007659 s
currentSize : 11 <-- 0.007699 s
currentSize : 12 <-- 0.011113 s
currentSize : 13 <-- 0.050966 s
currentSize : 14 <-- 0.082514 s
currentSize : 16 <-- 0.088548 s
currentSize : 17 <-- 0.091614 s

maxsize : 17
nodes : 236397.000000
filtered : 5913617.000000
time : 1.210311
