Parameters: GAD=1 vflib=1 dir=0 label=0 lowerbound=1 fileNameGp=../graphsdb/mcs70/bvg/b09m/mcs70_b09m_s35.A40 fileNameGt=../graphsdb/mcs70/bvg/b09m/mcs70_b09m_s35.B40
Reading graphs...
35 :  151
35 :  151
Initializing...
maxdom : 35
D->valSize : 1225
Solving...
currentSize : 11 <-- 0.018569 s
currentSize : 12 <-- 0.018634 s
currentSize : 13 <-- 0.018966 s
currentSize : 14 <-- 0.019180 s
currentSize : 15 <-- 0.024959 s
currentSize : 16 <-- 0.030422 s
currentSize : 17 <-- 1.104154 s
currentSize : 18 <-- 106.151756 s
currentSize : 19 <-- 137.192917 s
currentSize : 20 <-- 137.918015 s
currentSize : 21 <-- 137.918045 s
currentSize : 24 <-- 137.918243 s

maxsize : 24
nodes : 31491482.000000
filtered : 643879718.000000
time : 157.804459
