Parameters: GAD=1 vflib=1 dir=0 label=0 lowerbound=1 fileNameGp=../graphsdb/mcs70/bvg/b03/mcs70_b03_s35.A21 fileNameGt=../graphsdb/mcs70/bvg/b03/mcs70_b03_s35.B21
Reading graphs...
35 :  52
35 :  52
Initializing...
maxdom : 35
D->valSize : 1225
Solving...
currentSize : 19 <-- 0.021693 s
currentSize : 20 <-- 0.021992 s
currentSize : 21 <-- 0.022838 s
currentSize : 22 <-- 0.034128 s
currentSize : 23 <-- 0.034696 s
currentSize : 24 <-- 1.268436 s
currentSize : 25 <-- 1.276431 s
currentSize : 26 <-- 3.280069 s
currentSize : 27 <-- 8.004224 s
currentSize : 28 <-- 18.262541 s

maxsize : 28
nodes : 5579599.000000
filtered : 166652782.000000
time : 35.952080
