Parameters: GAD=1 vflib=1 dir=0 label=0 lowerbound=1 fileNameGp=../graphsdb/mcs70/m2D/m2Dr4/mcs70_m2Dr4_s25.A52 fileNameGt=../graphsdb/mcs70/m2D/m2Dr4/mcs70_m2Dr4_s25.B52
Reading graphs...
25 :  49
25 :  49
Initializing...
maxdom : 25
D->valSize : 625
Solving...
currentSize : 11 <-- 0.005400 s
currentSize : 12 <-- 0.005417 s
currentSize : 13 <-- 0.009312 s
currentSize : 14 <-- 0.073859 s
currentSize : 15 <-- 0.178287 s
currentSize : 16 <-- 0.494526 s
currentSize : 17 <-- 0.710159 s

maxsize : 17
nodes : 1270178.000000
filtered : 22473457.000000
time : 5.216343
