Parameters: GAD=1 vflib=1 dir=0 label=0 lowerbound=1 fileNameGp=../graphsdb/mcs70/rand/r005/mcs70_r005_s35.A69 fileNameGt=../graphsdb/mcs70/rand/r005/mcs70_r005_s35.B69
Reading graphs...
35 :  58
35 :  57
Initializing...
maxdom : 35
D->valSize : 1225
Solving...
currentSize : 19 <-- 0.022048 s
currentSize : 20 <-- 0.023007 s
currentSize : 21 <-- 0.037845 s
currentSize : 22 <-- 0.300645 s
currentSize : 24 <-- 4.751639 s
currentSize : 26 <-- 219.792877 s

maxsize : 26
nodes : 50958920.000000
filtered : 1134613051.000000
time : 263.451599
