Parameters: GAD=1 vflib=1 dir=0 label=0 lowerbound=1 fileNameGp=../graphsdb/mcs70/m2D/m2Dr6/m2Dr6/mcs70_m2Dr6_s25.A15 fileNameGt=../graphsdb/mcs70/m2D/m2Dr6/m2Dr6/mcs70_m2Dr6_s25.B15
Reading graphs...
25 :  52
25 :  51
Initializing...
maxdom : 25
D->valSize : 625
Solving...
currentSize : 11 <-- 0.005025 s
currentSize : 13 <-- 0.005049 s
currentSize : 14 <-- 0.005376 s
currentSize : 15 <-- 0.012464 s
currentSize : 16 <-- 0.015493 s
currentSize : 17 <-- 0.116908 s
currentSize : 18 <-- 0.247521 s

maxsize : 18
nodes : 333974.000000
filtered : 8349118.000000
time : 1.613327
