Parameters: GAD=1 vflib=1 dir=0 label=0 lowerbound=1 fileNameGp=../graphsdb/mcs90/rand/r01/mcs90_r01_s20.A51 fileNameGt=../graphsdb/mcs90/rand/r01/mcs90_r01_s20.B51
Reading graphs...
20 :  36
20 :  36
Initializing...
maxdom : 20
D->valSize : 400
Solving...
currentSize : 10 <-- 0.002172 s
currentSize : 11 <-- 0.002186 s
currentSize : 12 <-- 0.005062 s
currentSize : 13 <-- 0.014145 s
currentSize : 14 <-- 0.030415 s
currentSize : 18 <-- 0.036821 s

maxsize : 18
nodes : 12066.000000
filtered : 121289.000000
time : 0.037791
