Parameters: GAD=1 vflib=1 dir=0 label=0 lowerbound=1 fileNameGp=../graphsdb/mcs90/bvg/b03/mcs90_b03_s30.A55 fileNameGt=../graphsdb/mcs90/bvg/b03/mcs90_b03_s30.B55
Reading graphs...
30 :  45
30 :  45
Initializing...
maxdom : 30
D->valSize : 900
Solving...
currentSize : 15 <-- 0.019259 s
currentSize : 16 <-- 0.019298 s
currentSize : 17 <-- 0.019655 s
currentSize : 18 <-- 0.020685 s
currentSize : 19 <-- 0.020718 s
currentSize : 20 <-- 0.026204 s
currentSize : 21 <-- 0.026718 s
currentSize : 22 <-- 0.026978 s
currentSize : 24 <-- 0.029994 s
currentSize : 26 <-- 0.054590 s
currentSize : 27 <-- 0.125172 s

maxsize : 27
nodes : 23463.000000
filtered : 675549.000000
time : 0.163472
