Parameters: GAD=1 vflib=1 dir=0 label=0 lowerbound=1 fileNameGp=../graphsdb/mcs90/rand/r02/mcs90_r02_s15.A61 fileNameGt=../graphsdb/mcs90/rand/r02/mcs90_r02_s15.B61
Reading graphs...
15 :  34
15 :  33
Initializing...
maxdom : 15
D->valSize : 225
Solving...
currentSize : 7 <-- 0.000815 s
currentSize : 8 <-- 0.000837 s
currentSize : 9 <-- 0.001100 s
currentSize : 10 <-- 0.003842 s
currentSize : 11 <-- 0.011464 s
currentSize : 13 <-- 0.012916 s

maxsize : 13
nodes : 4908.000000
filtered : 46155.000000
time : 0.013994
