Parameters: GAD=1 vflib=1 dir=0 label=0 lowerbound=1 fileNameGp=../graphsdb/mcs90/m3D/m3Dr6/mcs90_m3Dr6_s30.A09 fileNameGt=../graphsdb/mcs90/m3D/m3Dr6/mcs90_m3Dr6_s30.B09
Reading graphs...
30 :  76
30 :  76
Initializing...
maxdom : 30
D->valSize : 900
Solving...
currentSize : 13 <-- 0.010270 s
currentSize : 14 <-- 0.010343 s
currentSize : 15 <-- 0.010362 s
currentSize : 16 <-- 0.010454 s
currentSize : 17 <-- 0.057065 s
currentSize : 18 <-- 1.021473 s
currentSize : 19 <-- 5.691055 s
currentSize : 20 <-- 29.764652 s
currentSize : 23 <-- 29.802959 s
currentSize : 27 <-- 30.395792 s

maxsize : 27
nodes : 6880271.000000
filtered : 124438247.000000
time : 30.424036
