Parameters: GAD=1 vflib=1 dir=0 label=0 lowerbound=1 fileNameGp=../graphsdb/mcs90/bvg/b09m/mcs90_b09m_s20.A23 fileNameGt=../graphsdb/mcs90/bvg/b09m/mcs90_b09m_s20.B23
Reading graphs...
20 :  82
20 :  83
Initializing...
maxdom : 20
D->valSize : 400
Solving...
currentSize : 7 <-- 0.001949 s
currentSize : 8 <-- 0.001990 s
currentSize : 9 <-- 0.002127 s
currentSize : 10 <-- 0.003275 s
currentSize : 11 <-- 0.088369 s
currentSize : 13 <-- 0.218401 s
currentSize : 18 <-- 0.283851 s

maxsize : 18
nodes : 90954.000000
filtered : 886561.000000
time : 0.285563
