Parameters: GAD=1 vflib=1 dir=0 label=0 lowerbound=1 fileNameGp=../graphsdb/mcs90/m4D/m4Dr2/mcs90_m4Dr2_s20.A93 fileNameGt=../graphsdb/mcs90/m4D/m4Dr2/mcs90_m4Dr2_s20.B93
Reading graphs...
20 :  40
20 :  38
Initializing...
maxdom : 20
D->valSize : 400
Solving...
currentSize : 9 <-- 0.002144 s
currentSize : 10 <-- 0.002661 s
currentSize : 11 <-- 0.002898 s
currentSize : 12 <-- 0.004292 s
currentSize : 13 <-- 0.015815 s
currentSize : 14 <-- 0.045869 s
currentSize : 15 <-- 0.045894 s
currentSize : 16 <-- 0.045930 s

maxsize : 16
nodes : 22501.000000
filtered : 334336.000000
time : 0.072449
