Parameters: GAD=1 vflib=1 dir=0 label=0 lowerbound=1 fileNameGp=../graphsdb/mcs90/bvg/b09/mcs90_b09_s35.A01 fileNameGt=../graphsdb/mcs90/bvg/b09/mcs90_b09_s35.B01
Reading graphs...
35 :  155
35 :  155
Initializing...
maxdom : 35
D->valSize : 1225
Solving...
currentSize : 15 <-- 0.018555 s
currentSize : 16 <-- 0.018602 s
currentSize : 17 <-- 0.019148 s
currentSize : 18 <-- 0.019246 s
currentSize : 21 <-- 0.020778 s
currentSize : 22 <-- 0.033527 s
currentSize : 24 <-- 0.034152 s
currentSize : 26 <-- 0.099497 s
currentSize : 30 <-- 0.099573 s

maxsize : 30
nodes : 87654.000000
filtered : 5133806.000000
time : 0.726644
