Parameters: GAD=1 vflib=1 dir=0 label=0 lowerbound=1 fileNameGp=../graphsdb/mcs90/bvg/b06m/mcs90_b06m_s30.A50 fileNameGt=../graphsdb/mcs90/bvg/b06m/mcs90_b06m_s30.B50
Reading graphs...
30 :  89
30 :  90
Initializing...
maxdom : 30
D->valSize : 900
Solving...
currentSize : 14 <-- 0.010156 s
currentSize : 15 <-- 0.010400 s
currentSize : 16 <-- 0.010515 s
currentSize : 17 <-- 0.011561 s
currentSize : 18 <-- 0.119087 s
currentSize : 19 <-- 1.135260 s
currentSize : 20 <-- 3.213007 s
currentSize : 23 <-- 3.213413 s
currentSize : 26 <-- 3.213602 s
currentSize : 27 <-- 3.213676 s

maxsize : 27
nodes : 622145.000000
filtered : 15610616.000000
time : 3.231834
