Parameters: GAD=1 vflib=1 dir=0 label=0 lowerbound=1 fileNameGp=../graphsdb/mcs90/m2D/m2Dr6/mcs90_m2Dr6_s20.A57 fileNameGt=../graphsdb/mcs90/m2D/m2Dr6/mcs90_m2Dr6_s20.B57
Reading graphs...
20 :  43
20 :  43
Initializing...
maxdom : 20
D->valSize : 400
Solving...
currentSize : 6 <-- 0.002137 s
currentSize : 7 <-- 0.002157 s
currentSize : 8 <-- 0.002165 s
currentSize : 10 <-- 0.002245 s
currentSize : 11 <-- 0.002259 s
currentSize : 12 <-- 0.002422 s
currentSize : 13 <-- 0.014645 s
currentSize : 14 <-- 0.053129 s
currentSize : 16 <-- 0.116191 s

maxsize : 16
nodes : 34087.000000
filtered : 603514.000000
time : 0.129069
