Parameters: GAD=1 vflib=1 dir=0 label=0 lowerbound=1 fileNameGp=../graphsdb/mcs90/bvg/b06m/mcs90_b06m_s25.A37 fileNameGt=../graphsdb/mcs90/bvg/b06m/mcs90_b06m_s25.B37
Reading graphs...
25 :  72
25 :  72
Initializing...
maxdom : 25
D->valSize : 625
Solving...
currentSize : 11 <-- 0.005011 s
currentSize : 12 <-- 0.005085 s
currentSize : 13 <-- 0.005315 s
currentSize : 14 <-- 0.005338 s
currentSize : 15 <-- 0.648520 s
currentSize : 16 <-- 0.839406 s
currentSize : 17 <-- 0.937814 s
currentSize : 18 <-- 0.942669 s
currentSize : 22 <-- 0.950316 s

maxsize : 22
nodes : 236295.000000
filtered : 4248422.000000
time : 0.965403
