Parameters: GAD=1 vflib=1 dir=0 label=0 lowerbound=1 fileNameGp=../graphsdb/mcs90/rand/r01/mcs90_r01_s20.A84 fileNameGt=../graphsdb/mcs90/rand/r01/mcs90_r01_s20.B84
Reading graphs...
20 :  37
20 :  37
Initializing...
maxdom : 20
D->valSize : 400
Solving...
currentSize : 5 <-- 0.002143 s
currentSize : 10 <-- 0.002183 s
currentSize : 11 <-- 0.002240 s
currentSize : 12 <-- 0.002638 s
currentSize : 13 <-- 0.004161 s
currentSize : 14 <-- 0.004277 s
currentSize : 18 <-- 0.014454 s

maxsize : 18
nodes : 3981.000000
filtered : 56830.000000
time : 0.016127
