Parameters: GAD=1 vflib=1 dir=0 label=0 lowerbound=1 fileNameGp=../graphsdb/mcs90/bvg/b06m/mcs90_b06m_s25.A53 fileNameGt=../graphsdb/mcs90/bvg/b06m/mcs90_b06m_s25.B53
Reading graphs...
25 :  75
25 :  75
Initializing...
maxdom : 25
D->valSize : 625
Solving...
currentSize : 13 <-- 0.004788 s
currentSize : 14 <-- 0.004821 s
currentSize : 15 <-- 0.081833 s
currentSize : 17 <-- 0.081900 s
currentSize : 18 <-- 0.081920 s
currentSize : 22 <-- 0.128262 s

maxsize : 22
nodes : 31936.000000
filtered : 624421.000000
time : 0.138447
