Parameters: GAD=1 vflib=1 dir=0 label=0 lowerbound=1 fileNameGp=../graphsdb/mcs90/bvg/b06/mcs90_b06_s25.A73 fileNameGt=../graphsdb/mcs90/bvg/b06/mcs90_b06_s25.B73
Reading graphs...
25 :  74
25 :  75
Initializing...
maxdom : 25
D->valSize : 625
Solving...
currentSize : 13 <-- 0.004821 s
currentSize : 14 <-- 0.004842 s
currentSize : 15 <-- 0.004893 s
currentSize : 16 <-- 0.005159 s
currentSize : 18 <-- 0.005205 s
currentSize : 20 <-- 0.005509 s
currentSize : 22 <-- 0.007220 s

maxsize : 22
nodes : 8213.000000
filtered : 207750.000000
time : 0.042945
