Parameters: GAD=1 vflib=1 dir=0 label=0 lowerbound=1 fileNameGp=../graphsdb/mcs90/m2D/m2Dr4/mcs90_m2Dr4_s30.A06 fileNameGt=../graphsdb/mcs90/m2D/m2Dr4/mcs90_m2Dr4_s30.B06
Reading graphs...
30 :  60
30 :  58
Initializing...
maxdom : 30
D->valSize : 900
Solving...
currentSize : 15 <-- 0.018542 s
currentSize : 16 <-- 0.019998 s
currentSize : 17 <-- 0.021573 s
currentSize : 18 <-- 0.142313 s
currentSize : 19 <-- 0.174841 s
currentSize : 20 <-- 9.645385 s
currentSize : 21 <-- 54.538681 s
currentSize : 23 <-- 58.032719 s
currentSize : 25 <-- 58.055088 s

maxsize : 25
nodes : 12767179.000000
filtered : 246957728.000000
time : 58.293171
