Parameters: GAD=1 vflib=1 dir=0 label=0 lowerbound=1 fileNameGp=../graphsdb/mcs90/bvg/b03m/mcs90_b03m_s30.A21 fileNameGt=../graphsdb/mcs90/bvg/b03m/mcs90_b03m_s30.B21
Reading graphs...
30 :  44
30 :  44
Initializing...
maxdom : 30
D->valSize : 900
Solving...
currentSize : 11 <-- 0.019166 s
currentSize : 12 <-- 0.019251 s
currentSize : 19 <-- 0.019548 s
currentSize : 20 <-- 0.119044 s
currentSize : 21 <-- 0.292717 s
currentSize : 22 <-- 0.299197 s
currentSize : 23 <-- 1.167420 s
currentSize : 24 <-- 1.167432 s
currentSize : 25 <-- 1.376574 s
currentSize : 26 <-- 1.376589 s

maxsize : 26
nodes : 331101.000000
filtered : 5412563.000000
time : 1.464376
