Parameters: GAD=1 vflib=1 dir=0 label=0 lowerbound=1 fileNameGp=../graphsdb/mcs90/bvg/b09/mcs90_b09_s20.A11 fileNameGt=../graphsdb/mcs90/bvg/b09/mcs90_b09_s20.B11
Reading graphs...
20 :  88
20 :  89
Initializing...
maxdom : 20
D->valSize : 400
Solving...
currentSize : 6 <-- 0.001935 s
currentSize : 7 <-- 0.001958 s
currentSize : 11 <-- 0.002010 s
currentSize : 12 <-- 0.002069 s
currentSize : 13 <-- 0.002980 s
currentSize : 18 <-- 0.003028 s

maxsize : 18
nodes : 1132.000000
filtered : 45995.000000
time : 0.008043
