Parameters: GAD=1 vflib=1 dir=0 label=0 lowerbound=1 fileNameGp=../graphsdb/mcs90/m3D/m3Dr2/mcs90_m3Dr2_s30.A17 fileNameGt=../graphsdb/mcs90/m3D/m3Dr2/mcs90_m3Dr2_s30.B17
Reading graphs...
30 :  66
30 :  67
Initializing...
maxdom : 30
D->valSize : 900
Solving...
currentSize : 18 <-- 0.018274 s
currentSize : 19 <-- 0.091844 s
currentSize : 20 <-- 0.448863 s
currentSize : 21 <-- 6.122269 s
currentSize : 22 <-- 7.900372 s
currentSize : 23 <-- 10.953044 s
currentSize : 24 <-- 12.286310 s
currentSize : 27 <-- 12.291739 s

maxsize : 27
nodes : 2612248.000000
filtered : 55685534.000000
time : 12.312828
