Parameters: GAD=1 vflib=1 dir=0 label=0 lowerbound=1 fileNameGp=../graphsdb/mcs90/rand/r01/mcs90_r01_s25.A62 fileNameGt=../graphsdb/mcs90/rand/r01/mcs90_r01_s25.B62
Reading graphs...
25 :  57
25 :  58
Initializing...
maxdom : 25
D->valSize : 625
Solving...
currentSize : 11 <-- 0.005026 s
currentSize : 12 <-- 0.005082 s
currentSize : 13 <-- 0.005211 s
currentSize : 14 <-- 0.005980 s
currentSize : 15 <-- 0.271959 s
currentSize : 16 <-- 1.860670 s
currentSize : 18 <-- 1.916165 s
currentSize : 20 <-- 1.936449 s
currentSize : 22 <-- 1.936486 s

maxsize : 22
nodes : 526273.000000
filtered : 6742516.000000
time : 1.945900
