Parameters: GAD=1 vflib=1 dir=0 label=0 lowerbound=1 fileNameGp=../graphsdb/mcs90/bvg/b06/mcs90_b06_s30.A03 fileNameGt=../graphsdb/mcs90/bvg/b06/mcs90_b06_s30.B03
Reading graphs...
30 :  90
30 :  89
Initializing...
maxdom : 30
D->valSize : 900
Solving...
currentSize : 19 <-- 0.010891 s
currentSize : 20 <-- 0.010938 s
currentSize : 22 <-- 0.011146 s
currentSize : 23 <-- 0.011453 s
currentSize : 25 <-- 0.011768 s
currentSize : 26 <-- 0.012274 s
currentSize : 27 <-- 0.012632 s
currentSize : 28 <-- 0.026344 s

maxsize : 28
nodes : 3522.000000
filtered : 158885.000000
time : 0.034586
