Parameters: GAD=1 vflib=1 dir=0 label=0 lowerbound=1 fileNameGp=../graphsdb/mcs90/m3D/m3Dr2/mcs90_m3Dr2_s30.A22 fileNameGt=../graphsdb/mcs90/m3D/m3Dr2/mcs90_m3Dr2_s30.B22
Reading graphs...
30 :  67
30 :  67
Initializing...
maxdom : 30
D->valSize : 900
Solving...
currentSize : 15 <-- 0.010571 s
currentSize : 16 <-- 0.010588 s
currentSize : 17 <-- 0.011076 s
currentSize : 18 <-- 0.011650 s
currentSize : 19 <-- 0.016493 s
currentSize : 20 <-- 0.029923 s
currentSize : 21 <-- 1.180637 s
currentSize : 22 <-- 2.236397 s
currentSize : 23 <-- 4.583616 s
currentSize : 27 <-- 4.797654 s

maxsize : 27
nodes : 955979.000000
filtered : 23059725.000000
time : 4.838742
