Parameters: GAD=1 vflib=1 dir=0 label=0 lowerbound=1 fileNameGp=../graphsdb/mcs90/bvg/b06/mcs90_b06_s30.A15 fileNameGt=../graphsdb/mcs90/bvg/b06/mcs90_b06_s30.B15
Reading graphs...
30 :  90
30 :  90
Initializing...
maxdom : 30
D->valSize : 900
Solving...
currentSize : 20 <-- 0.010128 s
currentSize : 21 <-- 0.010190 s
currentSize : 22 <-- 0.011474 s
currentSize : 23 <-- 0.011689 s
currentSize : 24 <-- 0.014804 s
currentSize : 25 <-- 0.014856 s
currentSize : 27 <-- 0.015505 s

maxsize : 27
nodes : 10175.000000
filtered : 373425.000000
time : 0.074770
