Parameters: GAD=1 vflib=1 dir=0 label=0 lowerbound=1 fileNameGp=../graphsdb/mcs90/bvg/b03m/mcs90_b03m_s30.A86 fileNameGt=../graphsdb/mcs90/bvg/b03m/mcs90_b03m_s30.B86
Reading graphs...
30 :  45
30 :  45
Initializing...
maxdom : 30
D->valSize : 900
Solving...
currentSize : 10 <-- 0.011057 s
currentSize : 16 <-- 0.011388 s
currentSize : 18 <-- 0.013359 s
currentSize : 19 <-- 0.154256 s
currentSize : 20 <-- 0.159860 s
currentSize : 21 <-- 1.281637 s
currentSize : 22 <-- 1.306564 s
currentSize : 23 <-- 2.561251 s
currentSize : 25 <-- 2.561819 s
currentSize : 26 <-- 2.608884 s

maxsize : 26
nodes : 644854.000000
filtered : 9716038.000000
time : 2.701520
