Parameters: GAD=1 vflib=1 dir=0 label=0 lowerbound=1 fileNameGp=../graphsdb/mcs90/bvg/b09/mcs90_b09_s35.A48 fileNameGt=../graphsdb/mcs90/bvg/b09/mcs90_b09_s35.B48
Reading graphs...
35 :  157
35 :  157
Initializing...
maxdom : 35
D->valSize : 1225
Solving...
currentSize : 14 <-- 0.017926 s
currentSize : 15 <-- 0.018022 s
currentSize : 20 <-- 0.018405 s
currentSize : 21 <-- 0.018703 s
currentSize : 22 <-- 0.018900 s
currentSize : 24 <-- 0.018997 s
currentSize : 26 <-- 0.019711 s
currentSize : 30 <-- 0.044546 s

maxsize : 30
nodes : 70353.000000
filtered : 4448349.000000
time : 0.691773
