Parameters: GAD=1 vflib=1 dir=0 label=0 lowerbound=1 fileNameGp=../graphsdb/mcs90/bvg/b03/mcs90_b03_s35.A53 fileNameGt=../graphsdb/mcs90/bvg/b03/mcs90_b03_s35.B53
Reading graphs...
35 :  52
35 :  52
Initializing...
maxdom : 35
D->valSize : 1225
Solving...
currentSize : 20 <-- 0.020959 s
currentSize : 21 <-- 0.037175 s
currentSize : 22 <-- 0.049573 s
currentSize : 23 <-- 0.093337 s
currentSize : 24 <-- 0.155666 s
currentSize : 25 <-- 0.197754 s
currentSize : 27 <-- 0.204898 s
currentSize : 28 <-- 0.223219 s
currentSize : 29 <-- 0.269822 s
currentSize : 30 <-- 0.269882 s
currentSize : 31 <-- 0.269950 s

maxsize : 31
nodes : 143991.000000
filtered : 3119167.000000
time : 0.774969
