Parameters: GAD=1 vflib=1 dir=0 label=0 lowerbound=1 fileNameGp=../graphsdb/mcs90/m3D/m3Dr4/mcs90_m3Dr4_s30.A01 fileNameGt=../graphsdb/mcs90/m3D/m3Dr4/mcs90_m3Dr4_s30.B01
Reading graphs...
30 :  71
30 :  72
Initializing...
maxdom : 30
D->valSize : 900
Solving...
currentSize : 15 <-- 0.010472 s
currentSize : 16 <-- 0.010549 s
currentSize : 17 <-- 0.010681 s
currentSize : 18 <-- 0.280876 s
currentSize : 20 <-- 2.535908 s
currentSize : 21 <-- 3.950871 s
currentSize : 22 <-- 4.008661 s
currentSize : 23 <-- 6.682757 s
currentSize : 24 <-- 6.684596 s
currentSize : 25 <-- 6.882310 s
currentSize : 27 <-- 6.882353 s

maxsize : 27
nodes : 1409272.000000
filtered : 32605379.000000
time : 6.905949
