Parameters: GAD=1 vflib=1 dir=0 label=0 lowerbound=1 fileNameGp=../graphsdb/mcs90/bvg/b09/mcs90_b09_s30.A05 fileNameGt=../graphsdb/mcs90/bvg/b09/mcs90_b09_s30.B05
Reading graphs...
30 :  135
30 :  135
Initializing...
maxdom : 30
D->valSize : 900
Solving...
currentSize : 15 <-- 0.009787 s
currentSize : 16 <-- 0.009861 s
currentSize : 17 <-- 0.010105 s
currentSize : 18 <-- 0.011782 s
currentSize : 19 <-- 0.024346 s
currentSize : 20 <-- 0.024366 s
currentSize : 22 <-- 0.048998 s
currentSize : 26 <-- 0.051530 s
currentSize : 27 <-- 0.063492 s

maxsize : 27
nodes : 15771.000000
filtered : 676249.000000
time : 0.110307
