Parameters: GAD=1 vflib=1 dir=0 label=0 lowerbound=1 fileNameGp=../graphsdb/mcs90/rand/r01/mcs90_r01_s25.A09 fileNameGt=../graphsdb/mcs90/rand/r01/mcs90_r01_s25.B09
Reading graphs...
25 :  57
25 :  54
Initializing...
maxdom : 25
D->valSize : 625
Solving...
currentSize : 13 <-- 0.004995 s
currentSize : 14 <-- 0.005029 s
currentSize : 15 <-- 0.013547 s
currentSize : 16 <-- 0.059421 s
currentSize : 17 <-- 0.151707 s
currentSize : 20 <-- 0.166099 s
currentSize : 22 <-- 0.168977 s

maxsize : 22
nodes : 44905.000000
filtered : 620004.000000
time : 0.174152
