Parameters: GAD=1 vflib=1 dir=0 label=0 lowerbound=1 fileNameGp=../graphsdb/mcs90/m2D/m2D/mcs90_m2D_s30.A62 fileNameGt=../graphsdb/mcs90/m2D/m2D/mcs90_m2D_s30.B62
Reading graphs...
30 :  49
30 :  49
Initializing...
maxdom : 30
D->valSize : 900
Solving...
currentSize : 18 <-- 0.010928 s
currentSize : 19 <-- 0.013058 s
currentSize : 20 <-- 0.013787 s
currentSize : 21 <-- 0.028102 s
currentSize : 22 <-- 0.516086 s
currentSize : 23 <-- 1.863580 s
currentSize : 24 <-- 1.865963 s
currentSize : 25 <-- 1.890557 s
currentSize : 26 <-- 1.892403 s

maxsize : 26
nodes : 412568.000000
filtered : 8689230.000000
time : 2.025705
