Parameters: GAD=1 vflib=1 dir=0 label=0 lowerbound=1 fileNameGp=../graphsdb/mcs90/rand/r01/mcs90_r01_s30.A00 fileNameGt=../graphsdb/mcs90/rand/r01/mcs90_r01_s30.B00
Reading graphs...
30 :  84
30 :  84
Initializing...
maxdom : 30
D->valSize : 900
Solving...
currentSize : 13 <-- 0.017617 s
currentSize : 14 <-- 0.017897 s
currentSize : 15 <-- 0.020613 s
currentSize : 16 <-- 0.048155 s
currentSize : 17 <-- 0.083524 s
currentSize : 18 <-- 0.104049 s
currentSize : 19 <-- 8.948149 s
currentSize : 20 <-- 8.948754 s
currentSize : 22 <-- 10.120451 s
currentSize : 23 <-- 10.442783 s
currentSize : 26 <-- 10.660953 s
currentSize : 27 <-- 10.661001 s

maxsize : 27
nodes : 2176988.000000
filtered : 48148254.000000
time : 10.666065
