Parameters: GAD=1 vflib=1 dir=0 label=0 lowerbound=1 fileNameGp=../graphsdb/mcs90/bvg/b03m/mcs90_b03m_s25.A41 fileNameGt=../graphsdb/mcs90/bvg/b03m/mcs90_b03m_s25.B41
Reading graphs...
25 :  36
25 :  35
Initializing...
maxdom : 25
D->valSize : 625
Solving...
currentSize : 11 <-- 0.005337 s
currentSize : 13 <-- 0.005363 s
currentSize : 16 <-- 0.005476 s
currentSize : 17 <-- 0.006929 s
currentSize : 18 <-- 0.036897 s
currentSize : 19 <-- 0.037757 s
currentSize : 20 <-- 0.049170 s
currentSize : 22 <-- 0.060425 s

maxsize : 22
nodes : 18622.000000
filtered : 316228.000000
time : 0.079206
