Parameters: GAD=1 vflib=1 dir=0 label=0 lowerbound=1 fileNameGp=../graphsdb/mcs90/bvg/b06m/mcs90_b06m_s30.A65 fileNameGt=../graphsdb/mcs90/bvg/b06m/mcs90_b06m_s30.B65
Reading graphs...
30 :  89
30 :  89
Initializing...
maxdom : 30
D->valSize : 900
Solving...
currentSize : 12 <-- 0.010112 s
currentSize : 13 <-- 0.010491 s
currentSize : 14 <-- 0.012080 s
currentSize : 15 <-- 0.015542 s
currentSize : 16 <-- 0.025454 s
currentSize : 17 <-- 0.135122 s
currentSize : 18 <-- 0.183261 s
currentSize : 19 <-- 0.460280 s
currentSize : 20 <-- 0.477256 s
currentSize : 21 <-- 0.547590 s
currentSize : 24 <-- 0.845891 s
currentSize : 27 <-- 0.848679 s

maxsize : 27
nodes : 164998.000000
filtered : 4537701.000000
time : 0.868258
