Parameters: GAD=1 vflib=1 dir=0 label=0 lowerbound=1 fileNameGp=../graphsdb/mcs90/rand/r02/mcs90_r02_s25.A25 fileNameGt=../graphsdb/mcs90/rand/r02/mcs90_r02_s25.B25
Reading graphs...
25 :  107
25 :  105
Initializing...
maxdom : 25
D->valSize : 625
Solving...
currentSize : 10 <-- 0.004500 s
currentSize : 11 <-- 0.005081 s
currentSize : 12 <-- 0.009539 s
currentSize : 13 <-- 0.114016 s
currentSize : 14 <-- 1.299503 s
currentSize : 15 <-- 1.332825 s
currentSize : 16 <-- 1.587723 s
currentSize : 18 <-- 1.598969 s
currentSize : 22 <-- 1.600266 s

maxsize : 22
nodes : 422137.000000
filtered : 5060461.000000
time : 1.609587
