Parameters: GAD=1 vflib=1 dir=0 label=0 lowerbound=1 fileNameGp=../graphsdb/mcs90/m4D/m4D/mcs90_m4D_s20.A26 fileNameGt=../graphsdb/mcs90/m4D/m4D/mcs90_m4D_s20.B26
Reading graphs...
20 :  37
20 :  37
Initializing...
maxdom : 20
D->valSize : 400
Solving...
currentSize : 11 <-- 0.002203 s
currentSize : 13 <-- 0.002219 s
currentSize : 14 <-- 0.002566 s
currentSize : 15 <-- 0.003526 s
currentSize : 16 <-- 0.003543 s
currentSize : 17 <-- 0.005020 s

maxsize : 17
nodes : 1903.000000
filtered : 49525.000000
time : 0.009788
