Parameters: GAD=1 vflib=1 dir=0 label=0 lowerbound=1 fileNameGp=../graphsdb/mcs90/m2D/m2Dr2/mcs90_m2Dr2_s20.A71 fileNameGt=../graphsdb/mcs90/m2D/m2Dr2/mcs90_m2Dr2_s20.B71
Reading graphs...
20 :  35
20 :  35
Initializing...
maxdom : 20
D->valSize : 400
Solving...
currentSize : 10 <-- 0.002177 s
currentSize : 11 <-- 0.002198 s
currentSize : 12 <-- 0.002205 s
currentSize : 13 <-- 0.004500 s
currentSize : 14 <-- 0.009115 s
currentSize : 16 <-- 0.017981 s

maxsize : 16
nodes : 10678.000000
filtered : 213321.000000
time : 0.041578
