Parameters: GAD=1 vflib=1 dir=0 label=0 lowerbound=1 fileNameGp=../graphsdb/mcs90/m2D/m2D/mcs90_m2D_s20.A77 fileNameGt=../graphsdb/mcs90/m2D/m2D/mcs90_m2D_s20.B77
Reading graphs...
20 :  31
20 :  31
Initializing...
maxdom : 20
D->valSize : 400
Solving...
currentSize : 11 <-- 0.002197 s
currentSize : 12 <-- 0.002365 s
currentSize : 13 <-- 0.002779 s
currentSize : 14 <-- 0.004814 s
currentSize : 15 <-- 0.015509 s
currentSize : 16 <-- 0.016895 s
currentSize : 17 <-- 0.022251 s

maxsize : 17
nodes : 9449.000000
filtered : 139636.000000
time : 0.034390
