Parameters: GAD=1 vflib=1 dir=0 label=0 lowerbound=1 fileNameGp=../graphsdb/mcs90/bvg/b06m/mcs90_b06m_s30.A55 fileNameGt=../graphsdb/mcs90/bvg/b06m/mcs90_b06m_s30.B55
Reading graphs...
30 :  86
30 :  86
Initializing...
maxdom : 30
D->valSize : 900
Solving...
currentSize : 11 <-- 0.010010 s
currentSize : 14 <-- 0.010059 s
currentSize : 15 <-- 0.010773 s
currentSize : 16 <-- 0.011086 s
currentSize : 17 <-- 0.239440 s
currentSize : 18 <-- 0.285187 s
currentSize : 19 <-- 0.286126 s
currentSize : 20 <-- 0.640667 s
currentSize : 21 <-- 0.641002 s
currentSize : 22 <-- 0.641055 s
currentSize : 23 <-- 0.822454 s
currentSize : 25 <-- 1.048332 s
currentSize : 27 <-- 1.095762 s

maxsize : 27
nodes : 210965.000000
filtered : 5909639.000000
time : 1.105094
