Parameters: GAD=1 vflib=1 dir=0 label=0 lowerbound=1 fileNameGp=../graphsdb/mcs90/m2D/m2Dr2/mcs90_m2Dr2_s20.A18 fileNameGt=../graphsdb/mcs90/m2D/m2Dr2/mcs90_m2Dr2_s20.B18
Reading graphs...
20 :  32
20 :  31
Initializing...
maxdom : 20
D->valSize : 400
Solving...
currentSize : 11 <-- 0.002281 s
currentSize : 12 <-- 0.002306 s
currentSize : 13 <-- 0.002356 s
currentSize : 14 <-- 0.006524 s
currentSize : 15 <-- 0.015551 s
currentSize : 17 <-- 0.041448 s

maxsize : 17
nodes : 13557.000000
filtered : 211742.000000
time : 0.049610
