Parameters: GAD=1 vflib=1 dir=0 label=0 lowerbound=1 fileNameGp=../graphsdb/mcs90/m3D/m3Dr6/mcs90_m3Dr6_s30.A89 fileNameGt=../graphsdb/mcs90/m3D/m3Dr6/mcs90_m3Dr6_s30.B89
Reading graphs...
30 :  77
30 :  76
Initializing...
maxdom : 30
D->valSize : 900
Solving...
currentSize : 13 <-- 0.010376 s
currentSize : 14 <-- 0.010498 s
currentSize : 16 <-- 0.010609 s
currentSize : 17 <-- 0.011341 s
currentSize : 18 <-- 2.712433 s
currentSize : 19 <-- 3.729639 s
currentSize : 20 <-- 3.805029 s
currentSize : 21 <-- 4.449229 s
currentSize : 22 <-- 4.480050 s
currentSize : 23 <-- 7.465232 s
currentSize : 27 <-- 7.465432 s

maxsize : 27
nodes : 1548004.000000
filtered : 34773601.000000
time : 7.483806
