Parameters: GAD=1 vflib=1 dir=0 label=0 lowerbound=1 fileNameGp=../graphsdb/mcs90/rand/r02/mcs90_r02_s25.A73 fileNameGt=../graphsdb/mcs90/rand/r02/mcs90_r02_s25.B73
Reading graphs...
25 :  108
25 :  107
Initializing...
maxdom : 25
D->valSize : 625
Solving...
currentSize : 10 <-- 0.004496 s
currentSize : 11 <-- 0.004569 s
currentSize : 12 <-- 0.006916 s
currentSize : 13 <-- 0.039908 s
currentSize : 14 <-- 0.072092 s
currentSize : 15 <-- 0.679558 s
currentSize : 18 <-- 0.679765 s
currentSize : 22 <-- 0.690386 s

maxsize : 22
nodes : 172889.000000
filtered : 2675845.000000
time : 0.696458
