Parameters: GAD=1 vflib=1 dir=0 label=0 lowerbound=1 fileNameGp=../graphsdb/mcs90/m3D/m3D/mcs90_m3D_s30.A45 fileNameGt=../graphsdb/mcs90/m3D/m3D/mcs90_m3D_s30.B45
Reading graphs...
30 :  61
30 :  61
Initializing...
maxdom : 30
D->valSize : 900
Solving...
currentSize : 15 <-- 0.010862 s
currentSize : 16 <-- 0.010912 s
currentSize : 17 <-- 0.010986 s
currentSize : 18 <-- 0.011249 s
currentSize : 20 <-- 0.011693 s
currentSize : 21 <-- 0.013740 s
currentSize : 23 <-- 0.031115 s
currentSize : 24 <-- 0.034225 s
currentSize : 27 <-- 0.034729 s

maxsize : 27
nodes : 15630.000000
filtered : 510069.000000
time : 0.103706
