Parameters: GAD=1 vflib=1 dir=0 label=0 lowerbound=1 fileNameGp=../graphsdb/mcs90/bvg/b03/mcs90_b03_s25.A18 fileNameGt=../graphsdb/mcs90/bvg/b03/mcs90_b03_s25.B18
Reading graphs...
25 :  37
25 :  37
Initializing...
maxdom : 25
D->valSize : 625
Solving...
currentSize : 6 <-- 0.005298 s
currentSize : 16 <-- 0.005346 s
currentSize : 17 <-- 0.005381 s
currentSize : 18 <-- 0.006034 s
currentSize : 20 <-- 0.006323 s
currentSize : 22 <-- 0.006766 s
currentSize : 23 <-- 0.013450 s

maxsize : 23
nodes : 3317.000000
filtered : 80203.000000
time : 0.020047
