Parameters: GAD=1 vflib=1 dir=0 label=0 lowerbound=1 fileNameGp=../graphsdb/mcs90/bvg/b09m/mcs90_b09m_s30.A41 fileNameGt=../graphsdb/mcs90/bvg/b09m/mcs90_b09m_s30.B41
Reading graphs...
30 :  129
30 :  129
Initializing...
maxdom : 30
D->valSize : 900
Solving...
currentSize : 10 <-- 0.009513 s
currentSize : 11 <-- 0.009532 s
currentSize : 12 <-- 0.009558 s
currentSize : 13 <-- 0.010118 s
currentSize : 14 <-- 0.011297 s
currentSize : 15 <-- 0.156333 s
currentSize : 16 <-- 0.161595 s
currentSize : 17 <-- 3.222983 s
currentSize : 19 <-- 3.223020 s
currentSize : 20 <-- 3.223422 s
currentSize : 26 <-- 3.223702 s

maxsize : 26
nodes : 735202.000000
filtered : 11824067.000000
time : 3.281043
