Parameters: GAD=1 vflib=1 dir=0 label=0 lowerbound=1 fileNameGp=../graphsdb/mcs90/rand/r02/mcs90_r02_s25.A76 fileNameGt=../graphsdb/mcs90/rand/r02/mcs90_r02_s25.B76
Reading graphs...
25 :  106
25 :  106
Initializing...
maxdom : 25
D->valSize : 625
Solving...
currentSize : 10 <-- 0.004552 s
currentSize : 11 <-- 0.004632 s
currentSize : 12 <-- 0.007869 s
currentSize : 13 <-- 0.270328 s
currentSize : 16 <-- 2.566549 s
currentSize : 22 <-- 2.667487 s

maxsize : 22
nodes : 761051.000000
filtered : 8084629.000000
time : 2.673619
