Parameters: GAD=1 vflib=1 dir=0 label=0 lowerbound=1 fileNameGp=../graphsdb/mcs90/rand/r005/mcs90_r005_s30.A03 fileNameGt=../graphsdb/mcs90/rand/r005/mcs90_r005_s30.B03
Reading graphs...
30 :  41
30 :  42
Initializing...
maxdom : 30
D->valSize : 900
Solving...
currentSize : 14 <-- 0.011126 s
currentSize : 15 <-- 0.012386 s
currentSize : 16 <-- 0.012987 s
currentSize : 17 <-- 0.028913 s
currentSize : 18 <-- 0.029455 s
currentSize : 19 <-- 0.035372 s
currentSize : 20 <-- 5.574376 s
currentSize : 21 <-- 5.574432 s
currentSize : 22 <-- 5.743694 s
currentSize : 25 <-- 5.937032 s
currentSize : 26 <-- 5.937052 s
currentSize : 27 <-- 5.937081 s

maxsize : 27
nodes : 1823675.000000
filtered : 15382020.000000
time : 5.953510
