Parameters: GAD=1 vflib=1 dir=0 label=0 lowerbound=1 fileNameGp=../graphsdb/mcs90/bvg/b09m/mcs90_b09m_s25.A20 fileNameGt=../graphsdb/mcs90/bvg/b09m/mcs90_b09m_s25.B20
Reading graphs...
25 :  108
25 :  109
Initializing...
maxdom : 25
D->valSize : 625
Solving...
currentSize : 10 <-- 0.004510 s
currentSize : 11 <-- 0.004537 s
currentSize : 12 <-- 0.017737 s
currentSize : 13 <-- 0.076569 s
currentSize : 14 <-- 1.080954 s
currentSize : 15 <-- 1.898212 s
currentSize : 17 <-- 2.092176 s
currentSize : 22 <-- 2.111941 s

maxsize : 22
nodes : 544406.000000
filtered : 7511997.000000
time : 2.123598
