Parameters: GAD=1 vflib=1 dir=0 label=0 lowerbound=1 fileNameGp=../graphsdb/mcs90/bvg/b03/mcs90_b03_s20.A03 fileNameGt=../graphsdb/mcs90/bvg/b03/mcs90_b03_s20.B03
Reading graphs...
20 :  30
20 :  30
Initializing...
maxdom : 20
D->valSize : 400
Solving...
currentSize : 11 <-- 0.002315 s
currentSize : 15 <-- 0.002340 s
currentSize : 16 <-- 0.002420 s
currentSize : 17 <-- 0.003093 s
currentSize : 18 <-- 0.003135 s
currentSize : 19 <-- 0.003841 s

maxsize : 19
nodes : 809.000000
filtered : 15012.000000
time : 0.005175
