Parameters: GAD=1 vflib=1 dir=0 label=0 lowerbound=1 fileNameGp=../graphsdb/mcs90/bvg/b09/mcs90_b09_s30.A13 fileNameGt=../graphsdb/mcs90/bvg/b09/mcs90_b09_s30.B13
Reading graphs...
30 :  135
30 :  134
Initializing...
maxdom : 30
D->valSize : 900
Solving...
currentSize : 9 <-- 0.016282 s
currentSize : 10 <-- 0.016326 s
currentSize : 11 <-- 0.016715 s
currentSize : 12 <-- 0.017997 s
currentSize : 13 <-- 0.025424 s
currentSize : 14 <-- 0.353370 s
currentSize : 15 <-- 0.410035 s
currentSize : 16 <-- 0.798289 s
currentSize : 17 <-- 1.187410 s
currentSize : 20 <-- 1.187553 s
currentSize : 22 <-- 1.187689 s
currentSize : 26 <-- 1.193235 s

maxsize : 26
nodes : 309576.000000
filtered : 4681652.000000
time : 1.342122
