Parameters: GAD=1 vflib=1 dir=0 label=0 lowerbound=1 fileNameGp=../graphsdb/mcs90/m3D/m3D/mcs90_m3D_s30.A78 fileNameGt=../graphsdb/mcs90/m3D/m3D/mcs90_m3D_s30.B78
Reading graphs...
30 :  61
30 :  61
Initializing...
maxdom : 30
D->valSize : 900
Solving...
currentSize : 16 <-- 0.011128 s
currentSize : 17 <-- 0.011168 s
currentSize : 18 <-- 0.013658 s
currentSize : 19 <-- 0.015923 s
currentSize : 20 <-- 0.016583 s
currentSize : 21 <-- 0.016771 s
currentSize : 23 <-- 0.017110 s
currentSize : 24 <-- 0.024117 s
currentSize : 25 <-- 0.105097 s
currentSize : 27 <-- 0.130477 s

maxsize : 27
nodes : 39691.000000
filtered : 1176711.000000
time : 0.240761
