Parameters: GAD=1 vflib=1 dir=0 label=0 lowerbound=1 fileNameGp=../graphsdb/mcs90/rand/r005/mcs90_r005_s25.A83 fileNameGt=../graphsdb/mcs90/rand/r005/mcs90_r005_s25.B83
Reading graphs...
25 :  29
25 :  29
Initializing...
maxdom : 25
D->valSize : 625
Solving...
currentSize : 7 <-- 0.005419 s
currentSize : 8 <-- 0.005486 s
currentSize : 13 <-- 0.005530 s
currentSize : 16 <-- 0.016534 s
currentSize : 17 <-- 0.023062 s
currentSize : 18 <-- 0.023269 s
currentSize : 19 <-- 0.091271 s
currentSize : 20 <-- 0.091309 s
currentSize : 21 <-- 0.096669 s
currentSize : 22 <-- 0.096701 s

maxsize : 22
nodes : 31885.000000
filtered : 375373.000000
time : 0.112744
