Parameters: GAD=1 vflib=1 dir=0 label=0 lowerbound=1 fileNameGp=../graphsdb/mcs90/rand/r005/mcs90_r005_s25.A68 fileNameGt=../graphsdb/mcs90/rand/r005/mcs90_r005_s25.B68
Reading graphs...
25 :  29
25 :  29
Initializing...
maxdom : 25
D->valSize : 625
Solving...
currentSize : 9 <-- 0.005420 s
currentSize : 10 <-- 0.005612 s
currentSize : 12 <-- 0.010386 s
currentSize : 14 <-- 0.013455 s
currentSize : 15 <-- 0.030437 s
currentSize : 16 <-- 0.055034 s
currentSize : 18 <-- 0.155727 s
currentSize : 19 <-- 0.155753 s
currentSize : 21 <-- 0.295547 s
currentSize : 22 <-- 0.296004 s

maxsize : 22
nodes : 99437.000000
filtered : 924222.000000
time : 0.302931
