Parameters: GAD=1 vflib=1 dir=0 label=0 lowerbound=1 fileNameGp=../graphsdb/mcs90/m2D/m2D/mcs90_m2D_s30.A49 fileNameGt=../graphsdb/mcs90/m2D/m2D/mcs90_m2D_s30.B49
Reading graphs...
30 :  49
30 :  48
Initializing...
maxdom : 30
D->valSize : 900
Solving...
currentSize : 14 <-- 0.010892 s
currentSize : 15 <-- 0.010938 s
currentSize : 16 <-- 0.011014 s
currentSize : 17 <-- 0.011135 s
currentSize : 18 <-- 0.015302 s
currentSize : 19 <-- 0.015348 s
currentSize : 20 <-- 0.150479 s
currentSize : 21 <-- 0.230945 s
currentSize : 24 <-- 0.720603 s
currentSize : 25 <-- 0.803138 s
currentSize : 26 <-- 0.863568 s

maxsize : 26
nodes : 210990.000000
filtered : 3902798.000000
time : 0.986305
