Parameters: GAD=1 vflib=1 dir=0 label=0 lowerbound=1 fileNameGp=../graphsdb/mcs90/rand/r02/mcs90_r02_s25.A62 fileNameGt=../graphsdb/mcs90/rand/r02/mcs90_r02_s25.B62
Reading graphs...
25 :  113
25 :  110
Initializing...
maxdom : 25
D->valSize : 625
Solving...
currentSize : 9 <-- 0.004538 s
currentSize : 10 <-- 0.004718 s
currentSize : 11 <-- 0.004792 s
currentSize : 12 <-- 0.011324 s
currentSize : 13 <-- 0.273623 s
currentSize : 14 <-- 0.798164 s
currentSize : 16 <-- 0.849585 s
currentSize : 22 <-- 1.374479 s

maxsize : 22
nodes : 365196.000000
filtered : 4734424.000000
time : 1.382442
