Parameters: GAD=1 vflib=1 dir=0 label=0 lowerbound=1 fileNameGp=../graphsdb/mcs90/bvg/b03m/mcs90_b03m_s30.A76 fileNameGt=../graphsdb/mcs90/bvg/b03m/mcs90_b03m_s30.B76
Reading graphs...
30 :  44
30 :  44
Initializing...
maxdom : 30
D->valSize : 900
Solving...
currentSize : 14 <-- 0.011313 s
currentSize : 16 <-- 0.011348 s
currentSize : 17 <-- 0.011956 s
currentSize : 18 <-- 0.013942 s
currentSize : 19 <-- 0.168021 s
currentSize : 20 <-- 0.265140 s
currentSize : 21 <-- 0.499127 s
currentSize : 22 <-- 0.508845 s
currentSize : 23 <-- 0.997790 s
currentSize : 24 <-- 1.069318 s
currentSize : 25 <-- 1.077069 s
currentSize : 27 <-- 1.089195 s

maxsize : 27
nodes : 293481.000000
filtered : 3909958.000000
time : 1.119982
