Parameters: GAD=1 vflib=1 dir=0 label=0 lowerbound=1 fileNameGp=../graphsdb/mcs90/rand/r01/mcs90_r01_s15.A51 fileNameGt=../graphsdb/mcs90/rand/r01/mcs90_r01_s15.B51
Reading graphs...
15 :  18
15 :  18
Initializing...
maxdom : 15
D->valSize : 225
Solving...
currentSize : 6 <-- 0.000911 s
currentSize : 8 <-- 0.001002 s
currentSize : 9 <-- 0.001206 s
currentSize : 10 <-- 0.001309 s
currentSize : 11 <-- 0.002878 s
currentSize : 13 <-- 0.004186 s

maxsize : 13
nodes : 1556.000000
filtered : 12732.000000
time : 0.004754
