Parameters: GAD=1 vflib=1 dir=0 label=0 lowerbound=1 fileNameGp=../graphsdb/mcs90/rand/r005/mcs90_r005_s35.A38 fileNameGt=../graphsdb/mcs90/rand/r005/mcs90_r005_s35.B38
Reading graphs...
35 :  57
35 :  57
Initializing...
maxdom : 35
D->valSize : 1225
Solving...
currentSize : 18 <-- 0.036224 s
currentSize : 19 <-- 0.036258 s
currentSize : 21 <-- 0.036472 s
currentSize : 22 <-- 0.057377 s
currentSize : 23 <-- 3.799148 s
currentSize : 24 <-- 78.490669 s
currentSize : 25 <-- 78.491623 s
currentSize : 26 <-- 78.688011 s
currentSize : 27 <-- 78.688110 s
currentSize : 28 <-- 78.994041 s
currentSize : 29 <-- 79.382500 s
currentSize : 31 <-- 79.382561 s

maxsize : 31
nodes : 17595331.000000
filtered : 274822729.000000
time : 79.484009
