Parameters: GAD=1 vflib=1 dir=0 label=0 lowerbound=1 fileNameGp=../graphsdb/mcs90/rand/r005/mcs90_r005_s20.A80 fileNameGt=../graphsdb/mcs90/rand/r005/mcs90_r005_s20.B80
Reading graphs...
20 :  21
20 :  21
Initializing...
maxdom : 20
D->valSize : 400
Solving...
currentSize : 10 <-- 0.002318 s
currentSize : 12 <-- 0.002354 s
currentSize : 13 <-- 0.018855 s
currentSize : 14 <-- 0.020778 s
currentSize : 15 <-- 0.022544 s
currentSize : 17 <-- 0.022645 s
currentSize : 18 <-- 0.022688 s

maxsize : 18
nodes : 10126.000000
filtered : 67238.000000
time : 0.024615
