Parameters: GAD=1 vflib=1 dir=0 label=0 lowerbound=1 fileNameGp=../graphsdb/mcs90/bvg/b09m/mcs90_b09m_s25.A83 fileNameGt=../graphsdb/mcs90/bvg/b09m/mcs90_b09m_s25.B83
Reading graphs...
25 :  107
25 :  108
Initializing...
maxdom : 25
D->valSize : 625
Solving...
currentSize : 10 <-- 0.007609 s
currentSize : 11 <-- 0.007917 s
currentSize : 12 <-- 0.028457 s
currentSize : 13 <-- 0.323635 s
currentSize : 14 <-- 0.641591 s
currentSize : 15 <-- 0.646045 s
currentSize : 17 <-- 0.646250 s
currentSize : 19 <-- 0.801522 s
currentSize : 22 <-- 0.801818 s

maxsize : 22
nodes : 213806.000000
filtered : 2665166.000000
time : 0.810773
