Parameters: GAD=1 vflib=1 dir=0 label=0 lowerbound=1 fileNameGp=../graphsdb/mcs90/m2D/m2Dr4/mcs90_m2Dr4_s20.A56 fileNameGt=../graphsdb/mcs90/m2D/m2Dr4/mcs90_m2Dr4_s20.B56
Reading graphs...
20 :  37
20 :  37
Initializing...
maxdom : 20
D->valSize : 400
Solving...
currentSize : 10 <-- 0.002172 s
currentSize : 11 <-- 0.002272 s
currentSize : 12 <-- 0.002946 s
currentSize : 13 <-- 0.003208 s
currentSize : 14 <-- 0.007323 s
currentSize : 16 <-- 0.009306 s

maxsize : 16
nodes : 11595.000000
filtered : 260668.000000
time : 0.050862
