Parameters: GAD=1 vflib=1 dir=0 label=0 lowerbound=1 fileNameGp=../graphsdb/mcs90/bvg/b09m/mcs90_b09m_s25.A02 fileNameGt=../graphsdb/mcs90/bvg/b09m/mcs90_b09m_s25.B02
Reading graphs...
25 :  108
25 :  107
Initializing...
maxdom : 25
D->valSize : 625
Solving...
currentSize : 9 <-- 0.004470 s
currentSize : 10 <-- 0.004540 s
currentSize : 11 <-- 0.004996 s
currentSize : 12 <-- 0.008207 s
currentSize : 13 <-- 0.135938 s
currentSize : 14 <-- 0.461799 s
currentSize : 15 <-- 1.070044 s
currentSize : 18 <-- 1.169255 s
currentSize : 22 <-- 1.170177 s

maxsize : 22
nodes : 309278.000000
filtered : 4177049.000000
time : 1.184448
