Parameters: GAD=1 vflib=1 dir=0 label=0 lowerbound=1 fileNameGp=../graphsdb/mcs90/m2D/m2Dr2/mcs90_m2Dr2_s20.A40 fileNameGt=../graphsdb/mcs90/m2D/m2Dr2/mcs90_m2Dr2_s20.B40
Reading graphs...
20 :  35
20 :  35
Initializing...
maxdom : 20
D->valSize : 400
Solving...
currentSize : 12 <-- 0.002274 s
currentSize : 13 <-- 0.002290 s
currentSize : 14 <-- 0.002861 s
currentSize : 15 <-- 0.020705 s
currentSize : 16 <-- 0.021851 s
currentSize : 17 <-- 0.028334 s

maxsize : 17
nodes : 7861.000000
filtered : 135730.000000
time : 0.031005
