Parameters: GAD=1 vflib=1 dir=0 label=0 lowerbound=1 fileNameGp=../graphsdb/mcs90/rand/r02/mcs90_r02_s35.A04 fileNameGt=../graphsdb/mcs90/rand/r02/mcs90_r02_s35.B04
Reading graphs...
35 :  218
35 :  216
Initializing...
maxdom : 35
D->valSize : 1225
Solving...
currentSize : 11 <-- 0.018011 s
currentSize : 14 <-- 0.018238 s
currentSize : 15 <-- 4.866429 s
currentSize : 16 <-- 5.931695 s
currentSize : 17 <-- 6.133576 s
currentSize : 18 <-- 20.313023 s
currentSize : 20 <-- 21.065056 s
currentSize : 31 <-- 21.072901 s

maxsize : 31
nodes : 4379325.000000
filtered : 66632187.000000
time : 21.154947
