Parameters: GAD=1 vflib=1 dir=0 label=0 lowerbound=1 fileNameGp=../graphsdb/mcs90/m2D/m2Dr2/mcs90_m2Dr2_s20.A25 fileNameGt=../graphsdb/mcs90/m2D/m2Dr2/mcs90_m2Dr2_s20.B25
Reading graphs...
20 :  35
20 :  35
Initializing...
maxdom : 20
D->valSize : 400
Solving...
currentSize : 10 <-- 0.003753 s
currentSize : 11 <-- 0.003930 s
currentSize : 12 <-- 0.004453 s
currentSize : 13 <-- 0.010712 s
currentSize : 14 <-- 0.011493 s
currentSize : 16 <-- 0.106363 s

maxsize : 16
nodes : 28157.000000
filtered : 398406.000000
time : 0.151254
