Parameters: GAD=1 vflib=1 dir=0 label=0 lowerbound=1 fileNameGp=../graphsdb/mcs90/rand/r005/mcs90_r005_s35.A37 fileNameGt=../graphsdb/mcs90/rand/r005/mcs90_r005_s35.B37
Reading graphs...
35 :  58
35 :  58
Initializing...
maxdom : 35
D->valSize : 1225
Solving...
currentSize : 20 <-- 0.036146 s
currentSize : 21 <-- 0.036843 s
currentSize : 22 <-- 0.305416 s
currentSize : 23 <-- 0.406856 s
currentSize : 24 <-- 0.582267 s
currentSize : 25 <-- 191.000122 s
currentSize : 26 <-- 249.073563 s
currentSize : 27 <-- 249.077744 s
currentSize : 29 <-- 249.077866 s
currentSize : 30 <-- 249.113998 s
currentSize : 31 <-- 249.126999 s

maxsize : 31
nodes : 45577556.000000
filtered : 999692047.000000
time : 249.174316
