Parameters: GAD=1 vflib=1 dir=0 label=0 lowerbound=1 fileNameGp=../graphsdb/mcs90/m2D/m2Dr4/mcs90_m2Dr4_s30.A13 fileNameGt=../graphsdb/mcs90/m2D/m2Dr4/mcs90_m2Dr4_s30.B13
Reading graphs...
30 :  61
30 :  61
Initializing...
maxdom : 30
D->valSize : 900
Solving...
currentSize : 9 <-- 0.010658 s
currentSize : 11 <-- 0.010680 s
currentSize : 13 <-- 0.010689 s
currentSize : 14 <-- 0.010992 s
currentSize : 15 <-- 0.012748 s
currentSize : 16 <-- 0.012784 s
currentSize : 17 <-- 0.022308 s
currentSize : 18 <-- 0.039506 s
currentSize : 19 <-- 1.246124 s
currentSize : 20 <-- 1.467150 s
currentSize : 21 <-- 21.981468 s
currentSize : 22 <-- 22.170902 s
currentSize : 25 <-- 22.180077 s

maxsize : 25
nodes : 4693392.000000
filtered : 97833590.000000
time : 22.497488
