Parameters: GAD=1 vflib=1 dir=0 label=0 lowerbound=1 fileNameGp=../graphsdb/mcs90/bvg/b06m/mcs90_b06m_s35.A32 fileNameGt=../graphsdb/mcs90/bvg/b06m/mcs90_b06m_s35.B32
Reading graphs...
35 :  104
35 :  104
Initializing...
maxdom : 35
D->valSize : 1225
Solving...
currentSize : 15 <-- 0.024369 s
currentSize : 16 <-- 0.024465 s
currentSize : 17 <-- 0.025542 s
currentSize : 18 <-- 0.031065 s
currentSize : 19 <-- 0.053903 s
currentSize : 20 <-- 1.667226 s
currentSize : 21 <-- 6.315778 s
currentSize : 22 <-- 9.220329 s
currentSize : 23 <-- 13.949359 s
currentSize : 24 <-- 28.630005 s
currentSize : 25 <-- 28.652559 s
currentSize : 26 <-- 30.380468 s
currentSize : 29 <-- 30.381491 s
currentSize : 30 <-- 30.480333 s
currentSize : 31 <-- 30.520445 s

maxsize : 31
nodes : 4677621.000000
filtered : 159593709.000000
time : 30.561852
