Parameters: GAD=1 vflib=1 dir=0 label=0 lowerbound=1 fileNameGp=../graphsdb/mcs90/bvg/b03/mcs90_b03_s25.A24 fileNameGt=../graphsdb/mcs90/bvg/b03/mcs90_b03_s25.B24
Reading graphs...
25 :  37
25 :  37
Initializing...
maxdom : 25
D->valSize : 625
Solving...
currentSize : 16 <-- 0.005269 s
currentSize : 17 <-- 0.005343 s
currentSize : 18 <-- 0.009561 s
currentSize : 20 <-- 0.011893 s
currentSize : 22 <-- 0.012701 s
currentSize : 23 <-- 0.037909 s

maxsize : 23
nodes : 10900.000000
filtered : 184062.000000
time : 0.047015
