Parameters: GAD=1 vflib=1 dir=0 label=0 lowerbound=1 fileNameGp=../graphsdb/mcs90/rand/r02/mcs90_r02_s25.A24 fileNameGt=../graphsdb/mcs90/rand/r02/mcs90_r02_s25.B24
Reading graphs...
25 :  112
25 :  110
Initializing...
maxdom : 25
D->valSize : 625
Solving...
currentSize : 9 <-- 0.004518 s
currentSize : 10 <-- 0.005045 s
currentSize : 11 <-- 0.005552 s
currentSize : 12 <-- 0.025863 s
currentSize : 13 <-- 0.461310 s
currentSize : 14 <-- 1.783091 s
currentSize : 15 <-- 2.315510 s
currentSize : 22 <-- 3.811014 s

maxsize : 22
nodes : 1040202.000000
filtered : 13492998.000000
time : 3.820885
