Parameters: GAD=1 vflib=1 dir=0 label=0 lowerbound=1 fileNameGp=../graphsdb/mcs90/m4D/m4D/mcs90_m4D_s20.A80 fileNameGt=../graphsdb/mcs90/m4D/m4D/mcs90_m4D_s20.B80
Reading graphs...
20 :  37
20 :  36
Initializing...
maxdom : 20
D->valSize : 400
Solving...
currentSize : 12 <-- 0.002223 s
currentSize : 13 <-- 0.002250 s
currentSize : 14 <-- 0.002359 s
currentSize : 15 <-- 0.006108 s
currentSize : 16 <-- 0.006324 s
currentSize : 17 <-- 0.006464 s
currentSize : 18 <-- 0.006668 s

maxsize : 18
nodes : 1878.000000
filtered : 20981.000000
time : 0.007550
