Parameters: GAD=1 vflib=1 dir=0 label=0 lowerbound=1 fileNameGp=../graphsdb/mcs90/bvg/b03m/mcs90_b03m_s35.A25 fileNameGt=../graphsdb/mcs90/bvg/b03m/mcs90_b03m_s35.B25
Reading graphs...
35 :  52
35 :  52
Initializing...
maxdom : 35
D->valSize : 1225
Solving...
currentSize : 13 <-- 0.036535 s
currentSize : 16 <-- 0.036599 s
currentSize : 20 <-- 0.036634 s
currentSize : 21 <-- 0.048089 s
currentSize : 22 <-- 0.068235 s
currentSize : 23 <-- 0.897823 s
currentSize : 24 <-- 2.523574 s
currentSize : 25 <-- 97.652969 s
currentSize : 26 <-- 123.487015 s
currentSize : 27 <-- 123.504517 s
currentSize : 28 <-- 123.534241 s
currentSize : 30 <-- 123.534355 s
currentSize : 31 <-- 123.538773 s

maxsize : 31
nodes : 25350465.000000
filtered : 436203119.000000
time : 123.817070
