Parameters: GAD=1 vflib=1 dir=0 label=0 lowerbound=1 fileNameGp=../graphsdb/mcs90/m3D/m3Dr2/mcs90_m3Dr2_s30.A50 fileNameGt=../graphsdb/mcs90/m3D/m3Dr2/mcs90_m3Dr2_s30.B50
Reading graphs...
30 :  66
30 :  67
Initializing...
maxdom : 30
D->valSize : 900
Solving...
currentSize : 18 <-- 0.010473 s
currentSize : 19 <-- 0.014460 s
currentSize : 20 <-- 2.548942 s
currentSize : 21 <-- 2.903836 s
currentSize : 23 <-- 5.086209 s
currentSize : 24 <-- 6.259800 s
currentSize : 27 <-- 6.260557 s

maxsize : 27
nodes : 1254546.000000
filtered : 27519987.000000
time : 6.274902
