Parameters: GAD=1 vflib=1 dir=0 label=0 lowerbound=1 fileNameGp=../graphsdb/mcs90/bvg/b09m/mcs90_b09m_s35.A56 fileNameGt=../graphsdb/mcs90/bvg/b09m/mcs90_b09m_s35.B56
Reading graphs...
35 :  152
35 :  153
Initializing...
maxdom : 35
D->valSize : 1225
Solving...
currentSize : 11 <-- 0.018339 s
currentSize : 12 <-- 0.018400 s
currentSize : 14 <-- 0.018454 s
currentSize : 15 <-- 0.046276 s
currentSize : 16 <-- 0.868821 s
currentSize : 17 <-- 13.978726 s
currentSize : 18 <-- 118.418060 s
currentSize : 19 <-- 161.699371 s
currentSize : 20 <-- 192.403458 s
currentSize : 21 <-- 192.406586 s
currentSize : 23 <-- 192.406662 s
currentSize : 24 <-- 195.342651 s
currentSize : 25 <-- 198.940414 s
currentSize : 26 <-- 198.940506 s
currentSize : 30 <-- 198.940582 s

maxsize : 30
nodes : 39240417.000000
filtered : 825480140.000000
time : 199.119492
