Parameters: GAD=1 vflib=1 dir=0 label=0 lowerbound=1 fileNameGp=../graphsdb/mcs90/m3D/m3Dr6/mcs90_m3Dr6_s30.A20 fileNameGt=../graphsdb/mcs90/m3D/m3Dr6/mcs90_m3Dr6_s30.B20
Reading graphs...
30 :  79
30 :  79
Initializing...
maxdom : 30
D->valSize : 900
Solving...
currentSize : 13 <-- 0.014824 s
currentSize : 14 <-- 0.014894 s
currentSize : 15 <-- 0.015018 s
currentSize : 16 <-- 0.022637 s
currentSize : 17 <-- 0.232141 s
currentSize : 18 <-- 0.613932 s
currentSize : 19 <-- 8.340381 s
currentSize : 27 <-- 8.367093 s

maxsize : 27
nodes : 1859363.000000
filtered : 34091369.000000
time : 8.387262
