Parameters: GAD=1 vflib=1 dir=0 label=0 lowerbound=1 fileNameGp=../graphsdb/mcs90/bvg/b03/mcs90_b03_s20.A36 fileNameGt=../graphsdb/mcs90/bvg/b03/mcs90_b03_s20.B36
Reading graphs...
20 :  30
20 :  30
Initializing...
maxdom : 20
D->valSize : 400
Solving...
currentSize : 12 <-- 0.002216 s
currentSize : 13 <-- 0.002232 s
currentSize : 14 <-- 0.002302 s
currentSize : 15 <-- 0.002448 s
currentSize : 16 <-- 0.002478 s
currentSize : 17 <-- 0.002629 s
currentSize : 18 <-- 0.002827 s
currentSize : 19 <-- 0.003256 s

maxsize : 19
nodes : 701.000000
filtered : 13363.000000
time : 0.004796
