Parameters: GAD=1 vflib=1 dir=0 label=0 lowerbound=1 fileNameGp=../graphsdb/mcs90/rand/r02/mcs90_r02_s35.A39 fileNameGt=../graphsdb/mcs90/rand/r02/mcs90_r02_s35.B39
Reading graphs...
35 :  215
35 :  213
Initializing...
maxdom : 35
D->valSize : 1225
Solving...
currentSize : 11 <-- 0.023055 s
currentSize : 12 <-- 0.023129 s
currentSize : 13 <-- 0.024406 s
currentSize : 14 <-- 0.235294 s
currentSize : 15 <-- 5.475867 s
currentSize : 17 <-- 14.447105 s
currentSize : 19 <-- 18.409912 s
currentSize : 20 <-- 18.426292 s
currentSize : 21 <-- 20.964060 s
currentSize : 23 <-- 24.575603 s
currentSize : 31 <-- 25.811308 s

maxsize : 31
nodes : 5321354.000000
filtered : 90180995.000000
time : 25.861160
