Parameters: GAD=1 vflib=1 dir=0 label=0 lowerbound=1 fileNameGp=../graphsdb/mcs90/m4D/m4Dr2/mcs90_m4Dr2_s20.A20 fileNameGt=../graphsdb/mcs90/m4D/m4Dr2/mcs90_m4Dr2_s20.B20
Reading graphs...
20 :  41
20 :  41
Initializing...
maxdom : 20
D->valSize : 400
Solving...
currentSize : 5 <-- 0.002146 s
currentSize : 6 <-- 0.002176 s
currentSize : 7 <-- 0.002194 s
currentSize : 8 <-- 0.002204 s
currentSize : 9 <-- 0.002234 s
currentSize : 11 <-- 0.002517 s
currentSize : 12 <-- 0.002770 s
currentSize : 13 <-- 0.002868 s
currentSize : 15 <-- 0.015105 s
currentSize : 16 <-- 0.015239 s

maxsize : 16
nodes : 7835.000000
filtered : 166767.000000
time : 0.033808
