Parameters: GAD=1 vflib=1 dir=0 label=0 lowerbound=1 fileNameGp=../graphsdb/mcs90/rand/r01/mcs90_r01_s20.A40 fileNameGt=../graphsdb/mcs90/rand/r01/mcs90_r01_s20.B40
Reading graphs...
20 :  35
20 :  35
Initializing...
maxdom : 20
D->valSize : 400
Solving...
currentSize : 8 <-- 0.002233 s
currentSize : 9 <-- 0.002255 s
currentSize : 10 <-- 0.002272 s
currentSize : 11 <-- 0.002306 s
currentSize : 12 <-- 0.002899 s
currentSize : 13 <-- 0.006658 s
currentSize : 18 <-- 0.051063 s

maxsize : 18
nodes : 12778.000000
filtered : 140802.000000
time : 0.053798
