Parameters: GAD=1 vflib=1 dir=0 label=0 lowerbound=1 fileNameGp=../graphsdb/mcs90/rand/r01/mcs90_r01_s35.A70 fileNameGt=../graphsdb/mcs90/rand/r01/mcs90_r01_s35.B70
Reading graphs...
35 :  113
35 :  112
Initializing...
maxdom : 35
D->valSize : 1225
Solving...
currentSize : 16 <-- 0.019558 s
currentSize : 17 <-- 0.019639 s
currentSize : 18 <-- 0.023976 s
currentSize : 19 <-- 2.346064 s
currentSize : 20 <-- 19.671749 s
currentSize : 21 <-- 22.378529 s
currentSize : 22 <-- 23.224934 s
currentSize : 27 <-- 28.983208 s
currentSize : 29 <-- 30.540567 s
currentSize : 31 <-- 30.574032 s

maxsize : 31
nodes : 5813274.000000
filtered : 131669063.000000
time : 30.607138
