Parameters: GAD=1 vflib=1 dir=0 label=0 lowerbound=1 fileNameGp=../graphsdb/mcs90/m4D/m4Dr4/mcs90_m4Dr4_s20.A67 fileNameGt=../graphsdb/mcs90/m4D/m4Dr4/mcs90_m4Dr4_s20.B67
Reading graphs...
20 :  41
20 :  41
Initializing...
maxdom : 20
D->valSize : 400
Solving...
currentSize : 9 <-- 0.002177 s
currentSize : 10 <-- 0.002194 s
currentSize : 11 <-- 0.002241 s
currentSize : 12 <-- 0.002306 s
currentSize : 13 <-- 0.008358 s
currentSize : 14 <-- 0.020632 s
currentSize : 15 <-- 0.045249 s
currentSize : 16 <-- 0.065625 s

maxsize : 16
nodes : 18942.000000
filtered : 378372.000000
time : 0.074997
