Parameters: GAD=1 vflib=1 dir=0 label=0 lowerbound=1 fileNameGp=../graphsdb/mcs90/rand/r005/mcs90_r005_s30.A58 fileNameGt=../graphsdb/mcs90/rand/r005/mcs90_r005_s30.B58
Reading graphs...
30 :  42
30 :  42
Initializing...
maxdom : 30
D->valSize : 900
Solving...
currentSize : 14 <-- 0.011247 s
currentSize : 15 <-- 0.011339 s
currentSize : 16 <-- 0.014056 s
currentSize : 18 <-- 0.019543 s
currentSize : 19 <-- 0.019597 s
currentSize : 20 <-- 0.024318 s
currentSize : 21 <-- 0.124381 s
currentSize : 22 <-- 0.550251 s
currentSize : 23 <-- 0.758262 s
currentSize : 24 <-- 0.798205 s
currentSize : 25 <-- 0.800535 s
currentSize : 26 <-- 0.816543 s
currentSize : 27 <-- 0.816604 s

maxsize : 27
nodes : 201016.000000
filtered : 2397433.000000
time : 0.835421
