Parameters: GAD=1 vflib=1 dir=0 label=0 lowerbound=1 fileNameGp=../graphsdb/mcs90/rand/r01/mcs90_r01_s30.A48 fileNameGt=../graphsdb/mcs90/rand/r01/mcs90_r01_s30.B48
Reading graphs...
30 :  79
30 :  79
Initializing...
maxdom : 30
D->valSize : 900
Solving...
currentSize : 14 <-- 0.010215 s
currentSize : 16 <-- 0.010759 s
currentSize : 17 <-- 0.092340 s
currentSize : 18 <-- 0.097507 s
currentSize : 19 <-- 0.376816 s
currentSize : 20 <-- 0.690528 s
currentSize : 21 <-- 2.210740 s
currentSize : 22 <-- 2.213898 s
currentSize : 23 <-- 2.541856 s
currentSize : 27 <-- 2.696291 s

maxsize : 27
nodes : 491128.000000
filtered : 13748227.000000
time : 2.707553
