Parameters: GAD=1 vflib=1 dir=0 label=0 lowerbound=1 fileNameGp=../graphsdb/mcs90/rand/r005/mcs90_r005_s25.A46 fileNameGt=../graphsdb/mcs90/rand/r005/mcs90_r005_s25.B46
Reading graphs...
25 :  29
25 :  29
Initializing...
maxdom : 25
D->valSize : 625
Solving...
currentSize : 13 <-- 0.005431 s
currentSize : 14 <-- 0.005486 s
currentSize : 15 <-- 0.026141 s
currentSize : 16 <-- 0.026195 s
currentSize : 17 <-- 2.217104 s
currentSize : 18 <-- 4.377292 s
currentSize : 19 <-- 4.377512 s
currentSize : 20 <-- 4.377763 s
currentSize : 21 <-- 4.377771 s
currentSize : 22 <-- 4.377791 s

maxsize : 22
nodes : 1794052.000000
filtered : 10663014.000000
time : 4.393056
