Parameters: GAD=1 vflib=1 dir=0 label=0 lowerbound=1 fileNameGp=../graphsdb/mcs90/bvg/b09/mcs90_b09_s30.A24 fileNameGt=../graphsdb/mcs90/bvg/b09/mcs90_b09_s30.B24
Reading graphs...
30 :  134
30 :  132
Initializing...
maxdom : 30
D->valSize : 900
Solving...
currentSize : 18 <-- 0.016256 s
currentSize : 19 <-- 0.016331 s
currentSize : 20 <-- 0.016427 s
currentSize : 21 <-- 0.016541 s
currentSize : 24 <-- 0.016894 s
currentSize : 26 <-- 0.017115 s

maxsize : 26
nodes : 19366.000000
filtered : 1204146.000000
time : 0.181177
