Parameters: GAD=1 vflib=1 dir=0 label=0 lowerbound=1 fileNameGp=../graphsdb/mcs90/bvg/b03m/mcs90_b03m_s20.A09 fileNameGt=../graphsdb/mcs90/bvg/b03m/mcs90_b03m_s20.B09
Reading graphs...
20 :  29
20 :  29
Initializing...
maxdom : 20
D->valSize : 400
Solving...
currentSize : 12 <-- 0.002246 s
currentSize : 13 <-- 0.003741 s
currentSize : 14 <-- 0.005616 s
currentSize : 15 <-- 0.005623 s
currentSize : 16 <-- 0.005635 s
currentSize : 17 <-- 0.006654 s
currentSize : 18 <-- 0.006811 s

maxsize : 18
nodes : 2122.000000
filtered : 24903.000000
time : 0.008405
