Parameters: GAD=1 vflib=1 dir=0 label=0 lowerbound=1 fileNameGp=../graphsdb/mcs90/m2D/m2Dr2/mcs90_m2Dr2_s30.A65 fileNameGt=../graphsdb/mcs90/m2D/m2Dr2/mcs90_m2Dr2_s30.B65
Reading graphs...
30 :  55
30 :  53
Initializing...
maxdom : 30
D->valSize : 900
Solving...
currentSize : 13 <-- 0.018744 s
currentSize : 16 <-- 0.018841 s
currentSize : 17 <-- 0.021787 s
currentSize : 18 <-- 0.022492 s
currentSize : 19 <-- 0.036146 s
currentSize : 20 <-- 0.084798 s
currentSize : 21 <-- 0.910002 s
currentSize : 23 <-- 1.164329 s
currentSize : 25 <-- 1.289827 s
currentSize : 26 <-- 1.289868 s

maxsize : 26
nodes : 296101.000000
filtered : 6370867.000000
time : 1.410313
