Parameters: GAD=1 vflib=1 dir=0 label=0 lowerbound=1 fileNameGp=../graphsdb/mcs90/bvg/b03m/mcs90_b03m_s35.A22 fileNameGt=../graphsdb/mcs90/bvg/b03m/mcs90_b03m_s35.B22
Reading graphs...
35 :  52
35 :  52
Initializing...
maxdom : 35
D->valSize : 1225
Solving...
currentSize : 11 <-- 0.020852 s
currentSize : 16 <-- 0.020914 s
currentSize : 17 <-- 0.022079 s
currentSize : 18 <-- 0.022086 s
currentSize : 19 <-- 0.022200 s
currentSize : 20 <-- 0.024776 s
currentSize : 21 <-- 0.026984 s
currentSize : 22 <-- 0.045156 s
currentSize : 23 <-- 0.085855 s
currentSize : 24 <-- 0.189165 s
currentSize : 25 <-- 0.189206 s
currentSize : 26 <-- 0.480730 s
currentSize : 28 <-- 3.878578 s
currentSize : 29 <-- 4.908942 s
currentSize : 30 <-- 4.912065 s
currentSize : 32 <-- 5.020283 s

maxsize : 32
nodes : 890755.000000
filtered : 21575230.000000
time : 5.047280
