Parameters: GAD=1 vflib=1 dir=0 label=0 lowerbound=1 fileNameGp=../graphsdb/mcs90/bvg/b06m/mcs90_b06m_s25.A65 fileNameGt=../graphsdb/mcs90/bvg/b06m/mcs90_b06m_s25.B65
Reading graphs...
25 :  73
25 :  74
Initializing...
maxdom : 25
D->valSize : 625
Solving...
currentSize : 10 <-- 0.004852 s
currentSize : 11 <-- 0.004869 s
currentSize : 12 <-- 0.004890 s
currentSize : 13 <-- 0.014346 s
currentSize : 14 <-- 0.019071 s
currentSize : 15 <-- 0.091005 s
currentSize : 16 <-- 1.152876 s
currentSize : 18 <-- 1.169017 s
currentSize : 22 <-- 1.210867 s

maxsize : 22
nodes : 284654.000000
filtered : 5626492.000000
time : 1.220285
