Parameters: GAD=1 vflib=1 dir=0 label=0 lowerbound=1 fileNameGp=../graphsdb/mcs90/bvg/b09/mcs90_b09_s25.A75 fileNameGt=../graphsdb/mcs90/bvg/b09/mcs90_b09_s25.B75
Reading graphs...
25 :  111
25 :  109
Initializing...
maxdom : 25
D->valSize : 625
Solving...
currentSize : 10 <-- 0.004534 s
currentSize : 11 <-- 0.004580 s
currentSize : 12 <-- 0.004636 s
currentSize : 13 <-- 0.005257 s
currentSize : 15 <-- 0.008117 s
currentSize : 18 <-- 0.008154 s
currentSize : 22 <-- 0.008351 s

maxsize : 22
nodes : 6288.000000
filtered : 287837.000000
time : 0.042481
