Parameters: GAD=1 vflib=1 dir=0 label=0 lowerbound=1 fileNameGp=../graphsdb/mcs90/bvg/b03m/mcs90_b03m_s30.A84 fileNameGt=../graphsdb/mcs90/bvg/b03m/mcs90_b03m_s30.B84
Reading graphs...
30 :  45
30 :  45
Initializing...
maxdom : 30
D->valSize : 900
Solving...
currentSize : 14 <-- 0.011091 s
currentSize : 15 <-- 0.011151 s
currentSize : 16 <-- 0.011165 s
currentSize : 17 <-- 0.011996 s
currentSize : 18 <-- 0.012027 s
currentSize : 19 <-- 0.014185 s
currentSize : 20 <-- 0.020247 s
currentSize : 21 <-- 0.020660 s
currentSize : 22 <-- 0.075707 s
currentSize : 24 <-- 2.041268 s
currentSize : 25 <-- 2.041296 s
currentSize : 26 <-- 2.041335 s

maxsize : 26
nodes : 460666.000000
filtered : 8808345.000000
time : 2.118649
