Parameters: GAD=1 vflib=1 dir=0 label=0 lowerbound=1 fileNameGp=../graphsdb/mcs90/rand/r02/mcs90_r02_s30.A58 fileNameGt=../graphsdb/mcs90/rand/r02/mcs90_r02_s30.B58
Reading graphs...
30 :  157
30 :  156
Initializing...
maxdom : 30
D->valSize : 900
Solving...
currentSize : 10 <-- 0.016037 s
currentSize : 11 <-- 0.016065 s
currentSize : 12 <-- 0.017260 s
currentSize : 13 <-- 0.025734 s
currentSize : 14 <-- 1.927683 s
currentSize : 15 <-- 8.031232 s
currentSize : 16 <-- 10.557238 s
currentSize : 20 <-- 10.856509 s
currentSize : 24 <-- 11.443149 s
currentSize : 27 <-- 11.443230 s

maxsize : 27
nodes : 2706723.000000
filtered : 37626271.000000
time : 11.456210
