Parameters: GAD=1 vflib=1 dir=0 label=0 lowerbound=1 fileNameGp=../graphsdb/mcs90/bvg/b03/mcs90_b03_s25.A07 fileNameGt=../graphsdb/mcs90/bvg/b03/mcs90_b03_s25.B07
Reading graphs...
25 :  37
25 :  37
Initializing...
maxdom : 25
D->valSize : 625
Solving...
currentSize : 17 <-- 0.005481 s
currentSize : 18 <-- 0.005500 s
currentSize : 19 <-- 0.005522 s
currentSize : 20 <-- 0.005582 s
currentSize : 22 <-- 0.006552 s
currentSize : 23 <-- 0.007830 s

maxsize : 23
nodes : 2271.000000
filtered : 71741.000000
time : 0.017604
