Parameters: GAD=1 vflib=1 dir=0 label=0 lowerbound=1 fileNameGp=../graphsdb/mcs90/bvg/b03m/mcs90_b03m_s30.A30 fileNameGt=../graphsdb/mcs90/bvg/b03m/mcs90_b03m_s30.B30
Reading graphs...
30 :  45
30 :  45
Initializing...
maxdom : 30
D->valSize : 900
Solving...
currentSize : 13 <-- 0.019147 s
currentSize : 14 <-- 0.019822 s
currentSize : 15 <-- 0.045399 s
currentSize : 16 <-- 0.054164 s
currentSize : 17 <-- 0.087319 s
currentSize : 18 <-- 0.135962 s
currentSize : 19 <-- 0.271798 s
currentSize : 20 <-- 0.271811 s
currentSize : 21 <-- 0.280239 s
currentSize : 22 <-- 7.500089 s
currentSize : 23 <-- 9.687649 s
currentSize : 24 <-- 9.693074 s
currentSize : 26 <-- 9.695036 s

maxsize : 26
nodes : 2182112.000000
filtered : 39221745.000000
time : 9.753996
