Parameters: GAD=1 vflib=1 dir=0 label=0 lowerbound=1 fileNameGp=../graphsdb/mcs90/bvg/b06/mcs90_b06_s20.A44 fileNameGt=../graphsdb/mcs90/bvg/b06/mcs90_b06_s20.B44
Reading graphs...
20 :  60
20 :  60
Initializing...
maxdom : 20
D->valSize : 400
Solving...
currentSize : 11 <-- 0.002139 s
currentSize : 12 <-- 0.002181 s
currentSize : 13 <-- 0.002222 s
currentSize : 14 <-- 0.002251 s
currentSize : 18 <-- 0.002562 s
currentSize : 19 <-- 0.002808 s

maxsize : 19
nodes : 289.000000
filtered : 7772.000000
time : 0.003337
