Parameters: GAD=1 vflib=1 dir=0 label=0 lowerbound=1 fileNameGp=../graphsdb/mcs90/rand/r02/mcs90_r02_s30.A46 fileNameGt=../graphsdb/mcs90/rand/r02/mcs90_r02_s30.B46
Reading graphs...
30 :  153
30 :  154
Initializing...
maxdom : 30
D->valSize : 900
Solving...
currentSize : 10 <-- 0.009503 s
currentSize : 11 <-- 0.011120 s
currentSize : 12 <-- 0.014847 s
currentSize : 13 <-- 0.043993 s
currentSize : 15 <-- 1.777928 s
currentSize : 17 <-- 6.009019 s
currentSize : 27 <-- 6.066578 s

maxsize : 27
nodes : 1542109.000000
filtered : 16309435.000000
time : 6.089491
