Parameters: GAD=1 vflib=1 dir=0 label=0 lowerbound=1 fileNameGp=../graphsdb/mcs90/bvg/b06m/mcs90_b06m_s25.A27 fileNameGt=../graphsdb/mcs90/bvg/b06m/mcs90_b06m_s25.B27
Reading graphs...
25 :  73
25 :  73
Initializing...
maxdom : 25
D->valSize : 625
Solving...
currentSize : 10 <-- 0.004784 s
currentSize : 11 <-- 0.005144 s
currentSize : 13 <-- 0.005422 s
currentSize : 14 <-- 0.011707 s
currentSize : 15 <-- 0.107451 s
currentSize : 18 <-- 0.402585 s
currentSize : 19 <-- 0.513451 s
currentSize : 22 <-- 0.523049 s

maxsize : 22
nodes : 123141.000000
filtered : 2525822.000000
time : 0.532928
