Parameters: GAD=1 vflib=1 dir=0 label=0 lowerbound=1 fileNameGp=../graphsdb/mcs90/m2D/m2Dr4/mcs90_m2Dr4_s20.A66 fileNameGt=../graphsdb/mcs90/m2D/m2Dr4/mcs90_m2Dr4_s20.B66
Reading graphs...
20 :  39
20 :  39
Initializing...
maxdom : 20
D->valSize : 400
Solving...
currentSize : 9 <-- 0.004088 s
currentSize : 11 <-- 0.004107 s
currentSize : 12 <-- 0.006518 s
currentSize : 13 <-- 0.011089 s
currentSize : 15 <-- 0.078531 s
currentSize : 16 <-- 0.078609 s

maxsize : 16
nodes : 27051.000000
filtered : 381143.000000
time : 0.095224
