Parameters: GAD=1 vflib=1 dir=0 label=0 lowerbound=1 fileNameGp=../graphsdb/mcs90/rand/r005/mcs90_r005_s30.A94 fileNameGt=../graphsdb/mcs90/rand/r005/mcs90_r005_s30.B94
Reading graphs...
30 :  41
30 :  42
Initializing...
maxdom : 30
D->valSize : 900
Solving...
currentSize : 3 <-- 0.019320 s
currentSize : 14 <-- 0.019470 s
currentSize : 15 <-- 0.020030 s
currentSize : 16 <-- 0.029238 s
currentSize : 17 <-- 0.056673 s
currentSize : 18 <-- 0.068863 s
currentSize : 19 <-- 0.107942 s
currentSize : 20 <-- 0.345173 s
currentSize : 21 <-- 0.932529 s
currentSize : 22 <-- 2.317782 s
currentSize : 23 <-- 2.698376 s
currentSize : 24 <-- 3.558216 s
currentSize : 27 <-- 3.559303 s

maxsize : 27
nodes : 853588.000000
filtered : 12757600.000000
time : 3.575095
