Parameters: GAD=1 vflib=1 dir=0 label=0 lowerbound=1 fileNameGp=../graphsdb/mcs90/rand/r02/mcs90_r02_s15.A76 fileNameGt=../graphsdb/mcs90/rand/r02/mcs90_r02_s15.B76
Reading graphs...
15 :  38
15 :  38
Initializing...
maxdom : 15
D->valSize : 225
Solving...
currentSize : 5 <-- 0.000850 s
currentSize : 7 <-- 0.000866 s
currentSize : 8 <-- 0.001186 s
currentSize : 9 <-- 0.001465 s
currentSize : 10 <-- 0.006026 s
currentSize : 12 <-- 0.007983 s
currentSize : 13 <-- 0.009761 s

maxsize : 13
nodes : 3187.000000
filtered : 38330.000000
time : 0.010136
