Parameters: GAD=1 vflib=1 dir=0 label=0 lowerbound=1 fileNameGp=../graphsdb/mcs90/rand/r02/mcs90_r02_s35.A69 fileNameGt=../graphsdb/mcs90/rand/r02/mcs90_r02_s35.B69
Reading graphs...
35 :  215
35 :  216
Initializing...
maxdom : 35
D->valSize : 1225
Solving...
currentSize : 9 <-- 0.017105 s
currentSize : 11 <-- 0.017154 s
currentSize : 12 <-- 0.017215 s
currentSize : 13 <-- 0.063578 s
currentSize : 14 <-- 1.941855 s
currentSize : 15 <-- 2.658345 s
currentSize : 18 <-- 5.439492 s
currentSize : 19 <-- 23.105949 s
currentSize : 20 <-- 49.254623 s
currentSize : 21 <-- 52.872627 s
currentSize : 31 <-- 52.910294 s

maxsize : 31
nodes : 9867733.000000
filtered : 216469606.000000
time : 52.995216
