Parameters: GAD=1 vflib=1 dir=0 label=0 lowerbound=1 fileNameGp=../graphsdb/mcs90/m4D/m4Dr6/mcs90_m4Dr6_s20.A10 fileNameGt=../graphsdb/mcs90/m4D/m4Dr6/mcs90_m4Dr6_s20.B10
Reading graphs...
20 :  47
20 :  46
Initializing...
maxdom : 20
D->valSize : 400
Solving...
currentSize : 10 <-- 0.002125 s
currentSize : 11 <-- 0.002318 s
currentSize : 12 <-- 0.002594 s
currentSize : 13 <-- 0.012415 s
currentSize : 15 <-- 0.124635 s
currentSize : 16 <-- 0.125001 s

maxsize : 16
nodes : 39206.000000
filtered : 631323.000000
time : 0.141599
