Parameters: GAD=1 vflib=1 dir=0 label=0 lowerbound=1 fileNameGp=../graphsdb/mcs90/rand/r01/mcs90_r01_s15.A13 fileNameGt=../graphsdb/mcs90/rand/r01/mcs90_r01_s15.B13
Reading graphs...
15 :  18
15 :  19
Initializing...
maxdom : 15
D->valSize : 225
Solving...
currentSize : 7 <-- 0.000867 s
currentSize : 8 <-- 0.000946 s
currentSize : 9 <-- 0.001149 s
currentSize : 10 <-- 0.001176 s
currentSize : 11 <-- 0.003017 s
currentSize : 12 <-- 0.003071 s
currentSize : 13 <-- 0.003104 s

maxsize : 13
nodes : 1264.000000
filtered : 10957.000000
time : 0.003911
