Parameters: GAD=1 vflib=1 dir=0 label=0 lowerbound=1 fileNameGp=../graphsdb/mcs90/m2D/m2Dr2/mcs90_m2Dr2_s20.A01 fileNameGt=../graphsdb/mcs90/m2D/m2Dr2/mcs90_m2Dr2_s20.B01
Reading graphs...
20 :  35
20 :  35
Initializing...
maxdom : 20
D->valSize : 400
Solving...
currentSize : 9 <-- 0.002234 s
currentSize : 11 <-- 0.002312 s
currentSize : 12 <-- 0.002800 s
currentSize : 13 <-- 0.003116 s
currentSize : 14 <-- 0.054342 s
currentSize : 15 <-- 0.066768 s
currentSize : 16 <-- 0.066793 s

maxsize : 16
nodes : 34306.000000
filtered : 461444.000000
time : 0.113957
