Parameters: GAD=1 vflib=1 dir=0 label=0 lowerbound=1 fileNameGp=../graphsdb/mcs90/bvg/b03m/mcs90_b03m_s35.A16 fileNameGt=../graphsdb/mcs90/bvg/b03m/mcs90_b03m_s35.B16
Reading graphs...
35 :  51
35 :  51
Initializing...
maxdom : 35
D->valSize : 1225
Solving...
currentSize : 16 <-- 0.026781 s
currentSize : 20 <-- 0.027154 s
currentSize : 21 <-- 0.027185 s
currentSize : 22 <-- 0.030259 s
currentSize : 23 <-- 0.045287 s
currentSize : 24 <-- 0.066974 s
currentSize : 25 <-- 0.098392 s
currentSize : 26 <-- 0.991715 s
currentSize : 27 <-- 62.253456 s
currentSize : 29 <-- 62.253944 s
currentSize : 31 <-- 62.256363 s

maxsize : 31
nodes : 10832176.000000
filtered : 268567775.000000
time : 62.421341
