Parameters: GAD=1 vflib=1 dir=0 label=0 lowerbound=1 fileNameGp=../graphsdb/mcs90/rand/r005/mcs90_r005_s25.A19 fileNameGt=../graphsdb/mcs90/rand/r005/mcs90_r005_s25.B19
Reading graphs...
25 :  29
25 :  29
Initializing...
maxdom : 25
D->valSize : 625
Solving...
currentSize : 12 <-- 0.005450 s
currentSize : 13 <-- 0.006599 s
currentSize : 14 <-- 0.007379 s
currentSize : 15 <-- 0.007860 s
currentSize : 16 <-- 0.007921 s
currentSize : 17 <-- 0.152290 s
currentSize : 18 <-- 0.346693 s
currentSize : 19 <-- 0.347034 s
currentSize : 20 <-- 0.657018 s
currentSize : 21 <-- 0.657042 s
currentSize : 22 <-- 0.657708 s

maxsize : 22
nodes : 196829.000000
filtered : 2159421.000000
time : 0.665480
