Parameters: GAD=1 vflib=1 dir=0 label=0 lowerbound=1 fileNameGp=../graphsdb/mcs90/rand/r01/mcs90_r01_s35.A97 fileNameGt=../graphsdb/mcs90/rand/r01/mcs90_r01_s35.B97
Reading graphs...
35 :  114
35 :  113
Initializing...
maxdom : 35
D->valSize : 1225
Solving...
currentSize : 14 <-- 0.019701 s
currentSize : 15 <-- 0.019721 s
currentSize : 16 <-- 0.020424 s
currentSize : 17 <-- 0.029384 s
currentSize : 18 <-- 0.129286 s
currentSize : 22 <-- 0.428746 s
currentSize : 27 <-- 2.070367 s
currentSize : 31 <-- 2.517974 s

maxsize : 31
nodes : 433172.000000
filtered : 13975785.000000
time : 2.629485
