Parameters: GAD=1 vflib=1 dir=0 label=0 lowerbound=1 fileNameGp=../graphsdb/mcs90/bvg/b06m/mcs90_b06m_s30.A64 fileNameGt=../graphsdb/mcs90/bvg/b06m/mcs90_b06m_s30.B64
Reading graphs...
30 :  89
30 :  89
Initializing...
maxdom : 30
D->valSize : 900
Solving...
currentSize : 12 <-- 0.010242 s
currentSize : 13 <-- 0.010301 s
currentSize : 14 <-- 0.010434 s
currentSize : 15 <-- 0.042304 s
currentSize : 16 <-- 0.186188 s
currentSize : 17 <-- 2.580799 s
currentSize : 18 <-- 2.771904 s
currentSize : 22 <-- 7.863052 s
currentSize : 24 <-- 7.864659 s
currentSize : 27 <-- 7.864745 s

maxsize : 27
nodes : 1744782.000000
filtered : 31260734.000000
time : 7.879909
