Parameters: GAD=1 vflib=1 dir=0 label=0 lowerbound=1 fileNameGp=../graphsdb/mcs90/rand/r01/mcs90_r01_s30.A33 fileNameGt=../graphsdb/mcs90/rand/r01/mcs90_r01_s30.B33
Reading graphs...
30 :  82
30 :  83
Initializing...
maxdom : 30
D->valSize : 900
Solving...
currentSize : 12 <-- 0.010127 s
currentSize : 13 <-- 0.010163 s
currentSize : 14 <-- 0.010362 s
currentSize : 15 <-- 0.013237 s
currentSize : 16 <-- 0.016179 s
currentSize : 17 <-- 0.016193 s
currentSize : 18 <-- 0.044800 s
currentSize : 19 <-- 0.900773 s
currentSize : 21 <-- 0.900969 s
currentSize : 22 <-- 0.905181 s
currentSize : 24 <-- 1.008230 s
currentSize : 27 <-- 1.099384 s

maxsize : 27
nodes : 231502.000000
filtered : 5116475.000000
time : 1.112428
