Parameters: GAD=1 vflib=1 dir=0 label=0 lowerbound=1 fileNameGp=../graphsdb/mcs90/bvg/b03/mcs90_b03_s30.A62 fileNameGt=../graphsdb/mcs90/bvg/b03/mcs90_b03_s30.B62
Reading graphs...
30 :  45
30 :  45
Initializing...
maxdom : 30
D->valSize : 900
Solving...
currentSize : 10 <-- 0.011259 s
currentSize : 16 <-- 0.011347 s
currentSize : 17 <-- 0.011356 s
currentSize : 18 <-- 0.011373 s
currentSize : 19 <-- 0.011468 s
currentSize : 20 <-- 0.011605 s
currentSize : 21 <-- 0.011704 s
currentSize : 22 <-- 0.012285 s
currentSize : 23 <-- 0.012849 s
currentSize : 24 <-- 0.012908 s
currentSize : 26 <-- 0.050919 s
currentSize : 27 <-- 0.087597 s

maxsize : 27
nodes : 29995.000000
filtered : 726981.000000
time : 0.171044
