Parameters: GAD=1 vflib=1 dir=0 label=0 lowerbound=1 fileNameGp=../graphsdb/mcs90/rand/r005/mcs90_r005_s35.A96 fileNameGt=../graphsdb/mcs90/rand/r005/mcs90_r005_s35.B96
Reading graphs...
35 :  57
35 :  56
Initializing...
maxdom : 35
D->valSize : 1225
Solving...
currentSize : 19 <-- 0.035878 s
currentSize : 20 <-- 0.221150 s
currentSize : 21 <-- 0.223602 s
currentSize : 22 <-- 4.095490 s
currentSize : 23 <-- 24.086128 s
currentSize : 24 <-- 45.787830 s
currentSize : 25 <-- 67.306862 s
currentSize : 28 <-- 67.356674 s
currentSize : 31 <-- 67.492622 s

maxsize : 31
nodes : 15894010.000000
filtered : 238685880.000000
time : 67.623039
