Parameters: GAD=1 vflib=1 dir=0 label=0 lowerbound=1 fileNameGp=../graphsdb/mcs90/bvg/b03m/mcs90_b03m_s25.A54 fileNameGt=../graphsdb/mcs90/bvg/b03m/mcs90_b03m_s25.B54
Reading graphs...
25 :  37
25 :  37
Initializing...
maxdom : 25
D->valSize : 625
Solving...
currentSize : 12 <-- 0.005406 s
currentSize : 18 <-- 0.005447 s
currentSize : 19 <-- 0.005461 s
currentSize : 20 <-- 0.028346 s
currentSize : 21 <-- 0.054392 s
currentSize : 22 <-- 0.069270 s
currentSize : 23 <-- 0.069284 s

maxsize : 23
nodes : 14508.000000
filtered : 344888.000000
time : 0.073924
