Parameters: GAD=1 vflib=1 dir=0 label=0 lowerbound=1 fileNameGp=../graphsdb/mcs90/bvg/b03/mcs90_b03_s25.A63 fileNameGt=../graphsdb/mcs90/bvg/b03/mcs90_b03_s25.B63
Reading graphs...
25 :  37
25 :  37
Initializing...
maxdom : 25
D->valSize : 625
Solving...
currentSize : 11 <-- 0.005626 s
currentSize : 12 <-- 0.005651 s
currentSize : 16 <-- 0.005673 s
currentSize : 17 <-- 0.005854 s
currentSize : 18 <-- 0.006045 s
currentSize : 19 <-- 0.024966 s
currentSize : 20 <-- 0.052590 s
currentSize : 22 <-- 0.098078 s
currentSize : 23 <-- 0.126249 s

maxsize : 23
nodes : 32172.000000
filtered : 536929.000000
time : 0.128702
