Parameters: GAD=1 vflib=1 dir=0 label=0 lowerbound=1 fileNameGp=../graphsdb/mcs90/rand/r02/mcs90_r02_s30.A53 fileNameGt=../graphsdb/mcs90/rand/r02/mcs90_r02_s30.B53
Reading graphs...
30 :  158
30 :  157
Initializing...
maxdom : 30
D->valSize : 900
Solving...
currentSize : 9 <-- 0.015742 s
currentSize : 10 <-- 0.015781 s
currentSize : 11 <-- 0.016256 s
currentSize : 12 <-- 0.017313 s
currentSize : 13 <-- 0.061530 s
currentSize : 14 <-- 4.075101 s
currentSize : 16 <-- 4.085476 s
currentSize : 17 <-- 9.082272 s
currentSize : 19 <-- 9.115235 s
currentSize : 20 <-- 9.115794 s
currentSize : 27 <-- 9.116224 s

maxsize : 27
nodes : 2265759.000000
filtered : 26272793.000000
time : 9.136249
