Parameters: GAD=1 vflib=1 dir=0 label=0 lowerbound=1 fileNameGp=../graphsdb/mcs90/bvg/b03/mcs90_b03_s25.A86 fileNameGt=../graphsdb/mcs90/bvg/b03/mcs90_b03_s25.B86
Reading graphs...
25 :  37
25 :  37
Initializing...
maxdom : 25
D->valSize : 625
Solving...
currentSize : 17 <-- 0.005346 s
currentSize : 18 <-- 0.005361 s
currentSize : 19 <-- 0.005380 s
currentSize : 20 <-- 0.009089 s
currentSize : 21 <-- 0.023629 s
currentSize : 22 <-- 0.053615 s
currentSize : 23 <-- 0.065400 s

maxsize : 23
nodes : 14804.000000
filtered : 271286.000000
time : 0.066281
