Parameters: GAD=1 vflib=1 dir=0 label=0 lowerbound=1 fileNameGp=../graphsdb/mcs90/rand/r005/mcs90_r005_s20.A17 fileNameGt=../graphsdb/mcs90/rand/r005/mcs90_r005_s20.B17
Reading graphs...
20 :  21
20 :  21
Initializing...
maxdom : 20
D->valSize : 400
Solving...
currentSize : 12 <-- 0.002391 s
currentSize : 13 <-- 0.002503 s
currentSize : 14 <-- 0.002634 s
currentSize : 15 <-- 0.004857 s
currentSize : 16 <-- 0.005520 s
currentSize : 17 <-- 0.005538 s
currentSize : 18 <-- 0.005582 s

maxsize : 18
nodes : 1701.000000
filtered : 20120.000000
time : 0.007351
