Parameters: GAD=1 vflib=1 dir=0 label=0 lowerbound=1 fileNameGp=../graphsdb/mcs90/rand/r005/mcs90_r005_s20.A53 fileNameGt=../graphsdb/mcs90/rand/r005/mcs90_r005_s20.B53
Reading graphs...
20 :  20
20 :  21
Initializing...
maxdom : 20
D->valSize : 400
Solving...
currentSize : 7 <-- 0.002306 s
currentSize : 8 <-- 0.002345 s
currentSize : 10 <-- 0.002361 s
currentSize : 16 <-- 0.002446 s
currentSize : 17 <-- 0.005441 s
currentSize : 18 <-- 0.006364 s

maxsize : 18
nodes : 2079.000000
filtered : 32689.000000
time : 0.009223
