Parameters: GAD=1 vflib=1 dir=0 label=0 lowerbound=1 fileNameGp=../graphsdb/mcs90/m4D/m4Dr4/mcs90_m4Dr4_s20.A48 fileNameGt=../graphsdb/mcs90/m4D/m4Dr4/mcs90_m4Dr4_s20.B48
Reading graphs...
20 :  43
20 :  44
Initializing...
maxdom : 20
D->valSize : 400
Solving...
currentSize : 5 <-- 0.002101 s
currentSize : 9 <-- 0.002147 s
currentSize : 10 <-- 0.002621 s
currentSize : 11 <-- 0.002627 s
currentSize : 12 <-- 0.004516 s
currentSize : 13 <-- 0.006059 s
currentSize : 14 <-- 0.012797 s
currentSize : 15 <-- 0.049216 s
currentSize : 16 <-- 0.049543 s

maxsize : 16
nodes : 15715.000000
filtered : 315548.000000
time : 0.061460
