Parameters: GAD=1 vflib=1 dir=0 label=0 lowerbound=1 fileNameGp=../graphsdb/mcs90/bvg/b09m/mcs90_b09m_s25.A34 fileNameGt=../graphsdb/mcs90/bvg/b09m/mcs90_b09m_s25.B34
Reading graphs...
25 :  108
25 :  108
Initializing...
maxdom : 25
D->valSize : 625
Solving...
currentSize : 11 <-- 0.006639 s
currentSize : 12 <-- 0.006676 s
currentSize : 13 <-- 0.017611 s
currentSize : 14 <-- 0.784371 s
currentSize : 15 <-- 0.785991 s
currentSize : 21 <-- 0.787400 s
currentSize : 22 <-- 0.787446 s

maxsize : 22
nodes : 210722.000000
filtered : 2668029.000000
time : 0.799884
