Parameters: GAD=1 vflib=1 dir=0 label=0 lowerbound=1 fileNameGp=../graphsdb/mcs90/bvg/b03/mcs90_b03_s35.A43 fileNameGt=../graphsdb/mcs90/bvg/b03/mcs90_b03_s35.B43
Reading graphs...
35 :  52
35 :  52
Initializing...
maxdom : 35
D->valSize : 1225
Solving...
currentSize : 24 <-- 0.021053 s
currentSize : 25 <-- 0.021174 s
currentSize : 26 <-- 0.027727 s
currentSize : 27 <-- 0.027819 s
currentSize : 28 <-- 0.045084 s
currentSize : 29 <-- 0.062971 s
currentSize : 30 <-- 0.076749 s
currentSize : 31 <-- 0.084381 s
currentSize : 32 <-- 0.145892 s
currentSize : 33 <-- 0.219137 s

maxsize : 33
nodes : 30969.000000
filtered : 887766.000000
time : 0.222397
