Parameters: GAD=1 vflib=1 dir=0 label=0 lowerbound=1 fileNameGp=../graphsdb/mcs90/m3D/m3Dr4/mcs90_m3Dr4_s30.A07 fileNameGt=../graphsdb/mcs90/m3D/m3Dr4/mcs90_m3Dr4_s30.B07
Reading graphs...
30 :  73
30 :  72
Initializing...
maxdom : 30
D->valSize : 900
Solving...
currentSize : 15 <-- 0.010584 s
currentSize : 16 <-- 0.010618 s
currentSize : 17 <-- 0.010656 s
currentSize : 19 <-- 0.010686 s
currentSize : 20 <-- 0.272368 s
currentSize : 21 <-- 0.331948 s
currentSize : 22 <-- 0.332021 s
currentSize : 23 <-- 0.424112 s
currentSize : 27 <-- 0.429100 s

maxsize : 27
nodes : 101486.000000
filtered : 1744092.000000
time : 0.447215
