Parameters: GAD=1 vflib=1 dir=0 label=0 lowerbound=1 fileNameGp=../graphsdb/mcs90/bvg/b09m/mcs90_b09m_s35.A42 fileNameGt=../graphsdb/mcs90/bvg/b09m/mcs90_b09m_s35.B42
Reading graphs...
35 :  151
35 :  152
Initializing...
maxdom : 35
D->valSize : 1225
Solving...
currentSize : 10 <-- 0.018097 s
currentSize : 11 <-- 0.019640 s
currentSize : 12 <-- 0.019661 s
currentSize : 13 <-- 0.038332 s
currentSize : 14 <-- 0.110549 s
currentSize : 15 <-- 0.269262 s
currentSize : 16 <-- 0.809779 s
currentSize : 17 <-- 22.709965 s
currentSize : 18 <-- 113.184982 s
currentSize : 19 <-- 174.517029 s
currentSize : 20 <-- 176.175430 s
currentSize : 21 <-- 185.537842 s
currentSize : 27 <-- 185.540100 s
currentSize : 30 <-- 185.540298 s

maxsize : 30
nodes : 38184161.000000
filtered : 703945466.000000
time : 185.719482
