Parameters: GAD=1 vflib=1 dir=0 label=0 lowerbound=1 fileNameGp=../graphsdb/mcs90/rand/r01/mcs90_r01_s35.A50 fileNameGt=../graphsdb/mcs90/rand/r01/mcs90_r01_s35.B50
Reading graphs...
35 :  115
35 :  116
Initializing...
maxdom : 35
D->valSize : 1225
Solving...
currentSize : 12 <-- 0.032376 s
currentSize : 13 <-- 0.032398 s
currentSize : 14 <-- 0.032512 s
currentSize : 15 <-- 0.032697 s
currentSize : 16 <-- 0.034053 s
currentSize : 17 <-- 0.044658 s
currentSize : 18 <-- 0.469441 s
currentSize : 19 <-- 1.610813 s
currentSize : 20 <-- 2.648573 s
currentSize : 21 <-- 2.699763 s
currentSize : 23 <-- 3.528011 s
currentSize : 26 <-- 16.051138 s
currentSize : 31 <-- 25.203337 s

maxsize : 31
nodes : 3763602.000000
filtered : 143499188.000000
time : 25.263084
