Parameters: GAD=1 vflib=1 dir=0 label=0 lowerbound=1 fileNameGp=../graphsdb/mcs90/bvg/b09m/mcs90_b09m_s30.A51 fileNameGt=../graphsdb/mcs90/bvg/b09m/mcs90_b09m_s30.B51
Reading graphs...
30 :  129
30 :  127
Initializing...
maxdom : 30
D->valSize : 900
Solving...
currentSize : 10 <-- 0.010051 s
currentSize : 11 <-- 0.010106 s
currentSize : 12 <-- 0.010415 s
currentSize : 13 <-- 0.014698 s
currentSize : 14 <-- 0.048136 s
currentSize : 15 <-- 0.076094 s
currentSize : 16 <-- 9.172766 s
currentSize : 17 <-- 13.638781 s
currentSize : 26 <-- 13.658176 s

maxsize : 26
nodes : 3099781.000000
filtered : 50705314.000000
time : 13.714743
