Parameters: GAD=1 vflib=1 dir=0 label=0 lowerbound=1 fileNameGp=../graphsdb/mcs90/bvg/b09/mcs90_b09_s20.A58 fileNameGt=../graphsdb/mcs90/bvg/b09/mcs90_b09_s20.B58
Reading graphs...
20 :  90
20 :  90
Initializing...
maxdom : 20
D->valSize : 400
Solving...
currentSize : 7 <-- 0.002031 s
currentSize : 8 <-- 0.002504 s
currentSize : 9 <-- 0.002654 s
currentSize : 10 <-- 0.003176 s
currentSize : 12 <-- 0.003245 s
currentSize : 13 <-- 0.003537 s
currentSize : 14 <-- 0.003860 s
currentSize : 16 <-- 0.003982 s
currentSize : 18 <-- 0.004077 s

maxsize : 18
nodes : 1197.000000
filtered : 40204.000000
time : 0.007731
