Parameters: GAD=1 vflib=1 dir=0 label=0 lowerbound=1 fileNameGp=../graphsdb/mcs90/m2D/m2Dr4/mcs90_m2Dr4_s20.A29 fileNameGt=../graphsdb/mcs90/m2D/m2Dr4/mcs90_m2Dr4_s20.B29
Reading graphs...
20 :  37
20 :  35
Initializing...
maxdom : 20
D->valSize : 400
Solving...
currentSize : 8 <-- 0.002224 s
currentSize : 12 <-- 0.002254 s
currentSize : 13 <-- 0.002281 s
currentSize : 14 <-- 0.003315 s
currentSize : 16 <-- 0.017394 s
currentSize : 17 <-- 0.017453 s

maxsize : 17
nodes : 6652.000000
filtered : 128495.000000
time : 0.027483
