Parameters: GAD=1 vflib=1 dir=0 label=0 lowerbound=1 fileNameGp=../graphsdb/mcs90/m3D/m3Dr4/mcs90_m3Dr4_s30.A31 fileNameGt=../graphsdb/mcs90/m3D/m3Dr4/mcs90_m3Dr4_s30.B31
Reading graphs...
30 :  73
30 :  73
Initializing...
maxdom : 30
D->valSize : 900
Solving...
currentSize : 14 <-- 0.018157 s
currentSize : 15 <-- 0.018720 s
currentSize : 16 <-- 0.019075 s
currentSize : 17 <-- 0.019841 s
currentSize : 18 <-- 0.237676 s
currentSize : 19 <-- 0.254122 s
currentSize : 20 <-- 1.190532 s
currentSize : 21 <-- 2.383051 s
currentSize : 22 <-- 2.383200 s
currentSize : 23 <-- 2.950673 s
currentSize : 27 <-- 3.207602 s

maxsize : 27
nodes : 616331.000000
filtered : 15995962.000000
time : 3.218987
