Parameters: GAD=1 vflib=1 dir=0 label=0 lowerbound=1 fileNameGp=../graphsdb/mcs90/rand/r01/mcs90_r01_s30.A74 fileNameGt=../graphsdb/mcs90/rand/r01/mcs90_r01_s30.B74
Reading graphs...
30 :  84
30 :  83
Initializing...
maxdom : 30
D->valSize : 900
Solving...
currentSize : 13 <-- 0.010235 s
currentSize : 14 <-- 0.010506 s
currentSize : 15 <-- 0.011676 s
currentSize : 16 <-- 0.011729 s
currentSize : 17 <-- 0.185053 s
currentSize : 18 <-- 2.801074 s
currentSize : 19 <-- 6.001888 s
currentSize : 21 <-- 6.016335 s
currentSize : 22 <-- 10.139682 s
currentSize : 27 <-- 10.139756 s

maxsize : 27
nodes : 1990871.000000
filtered : 48194166.000000
time : 10.147207
