Parameters: GAD=1 vflib=1 dir=0 label=0 lowerbound=1 fileNameGp=../graphsdb/mcs90/rand/r02/mcs90_r02_s35.A90 fileNameGt=../graphsdb/mcs90/rand/r02/mcs90_r02_s35.B90
Reading graphs...
35 :  213
35 :  212
Initializing...
maxdom : 35
D->valSize : 1225
Solving...
currentSize : 10 <-- 0.016910 s
currentSize : 11 <-- 0.019664 s
currentSize : 12 <-- 0.020277 s
currentSize : 13 <-- 0.022746 s
currentSize : 14 <-- 0.255691 s
currentSize : 16 <-- 7.041623 s
currentSize : 22 <-- 7.041771 s
currentSize : 24 <-- 29.978083 s
currentSize : 31 <-- 38.213490 s

maxsize : 31
nodes : 6641119.000000
filtered : 178269324.000000
time : 38.238617
