Parameters: GAD=1 vflib=1 dir=0 label=0 lowerbound=1 fileNameGp=../graphsdb/mcs90/bvg/b06m/mcs90_b06m_s35.A60 fileNameGt=../graphsdb/mcs90/bvg/b06m/mcs90_b06m_s35.B60
Reading graphs...
35 :  103
35 :  103
Initializing...
maxdom : 35
D->valSize : 1225
Solving...
currentSize : 13 <-- 0.019158 s
currentSize : 16 <-- 0.019284 s
currentSize : 17 <-- 0.019324 s
currentSize : 18 <-- 0.050651 s
currentSize : 19 <-- 0.147954 s
currentSize : 20 <-- 0.254567 s
currentSize : 21 <-- 19.944921 s
currentSize : 22 <-- 56.465977 s
currentSize : 23 <-- 56.639721 s
currentSize : 24 <-- 60.119545 s
currentSize : 25 <-- 75.197609 s
currentSize : 26 <-- 75.220261 s
currentSize : 29 <-- 75.220306 s
currentSize : 31 <-- 75.220383 s

maxsize : 31
nodes : 12591747.000000
filtered : 391211689.000000
time : 75.271629
