Parameters: GAD=1 vflib=1 dir=0 label=0 lowerbound=1 fileNameGp=../graphsdb/mcs90/rand/r02/mcs90_r02_s20.A46 fileNameGt=../graphsdb/mcs90/rand/r02/mcs90_r02_s20.B46
Reading graphs...
20 :  63
20 :  66
Initializing...
maxdom : 20
D->valSize : 400
Solving...
currentSize : 9 <-- 0.001986 s
currentSize : 10 <-- 0.002243 s
currentSize : 11 <-- 0.029797 s
currentSize : 12 <-- 0.030746 s
currentSize : 13 <-- 0.046648 s
currentSize : 17 <-- 0.052684 s
currentSize : 18 <-- 0.054174 s

maxsize : 18
nodes : 17184.000000
filtered : 176449.000000
time : 0.055151
