Parameters: GAD=1 vflib=1 dir=0 label=0 lowerbound=1 fileNameGp=../graphsdb/mcs90/m3D/m3Dr4/mcs90_m3Dr4_s30.A52 fileNameGt=../graphsdb/mcs90/m3D/m3Dr4/mcs90_m3Dr4_s30.B52
Reading graphs...
30 :  73
30 :  72
Initializing...
maxdom : 30
D->valSize : 900
Solving...
currentSize : 14 <-- 0.018077 s
currentSize : 16 <-- 0.022178 s
currentSize : 17 <-- 0.024116 s
currentSize : 18 <-- 0.117246 s
currentSize : 19 <-- 9.697532 s
currentSize : 20 <-- 13.201918 s
currentSize : 21 <-- 17.033031 s
currentSize : 27 <-- 21.656809 s

maxsize : 27
nodes : 4917900.000000
filtered : 90091845.000000
time : 21.677671
