Parameters: GAD=1 vflib=1 dir=0 label=0 lowerbound=1 fileNameGp=../graphsdb/mcs90/m3D/m3Dr6/mcs90_m3Dr6_s30.A04 fileNameGt=../graphsdb/mcs90/m3D/m3Dr6/mcs90_m3Dr6_s30.B04
Reading graphs...
30 :  77
30 :  74
Initializing...
maxdom : 30
D->valSize : 900
Solving...
currentSize : 13 <-- 0.010518 s
currentSize : 14 <-- 0.010636 s
currentSize : 15 <-- 0.010814 s
currentSize : 16 <-- 0.013451 s
currentSize : 17 <-- 0.027143 s
currentSize : 18 <-- 0.094808 s
currentSize : 19 <-- 1.862294 s
currentSize : 20 <-- 5.082354 s
currentSize : 22 <-- 5.991617 s
currentSize : 24 <-- 6.240820 s
currentSize : 25 <-- 6.281297 s
currentSize : 26 <-- 6.312776 s
currentSize : 27 <-- 6.341799 s

maxsize : 27
nodes : 1401995.000000
filtered : 27063581.000000
time : 6.348192
