Parameters: GAD=1 vflib=1 dir=0 label=0 lowerbound=1 fileNameGp=../graphsdb/mcs90/rand/r01/mcs90_r01_s30.A49 fileNameGt=../graphsdb/mcs90/rand/r01/mcs90_r01_s30.B49
Reading graphs...
30 :  81
30 :  80
Initializing...
maxdom : 30
D->valSize : 900
Solving...
currentSize : 13 <-- 0.018255 s
currentSize : 14 <-- 0.023370 s
currentSize : 15 <-- 0.042143 s
currentSize : 16 <-- 0.043564 s
currentSize : 17 <-- 0.090162 s
currentSize : 18 <-- 0.179296 s
currentSize : 19 <-- 1.065438 s
currentSize : 20 <-- 1.066486 s
currentSize : 21 <-- 1.110317 s
currentSize : 23 <-- 1.367776 s
currentSize : 27 <-- 1.522374 s

maxsize : 27
nodes : 311889.000000
filtered : 7534439.000000
time : 1.541235
