Parameters: GAD=1 vflib=1 dir=0 label=0 lowerbound=1 fileNameGp=../graphsdb/mcs90/rand/r02/mcs90_r02_s35.A85 fileNameGt=../graphsdb/mcs90/rand/r02/mcs90_r02_s35.B85
Reading graphs...
35 :  209
35 :  213
Initializing...
maxdom : 35
D->valSize : 1225
Solving...
currentSize : 9 <-- 0.017116 s
currentSize : 10 <-- 0.017170 s
currentSize : 11 <-- 0.017218 s
currentSize : 12 <-- 0.017800 s
currentSize : 13 <-- 0.018656 s
currentSize : 14 <-- 0.391258 s
currentSize : 16 <-- 14.179426 s
currentSize : 17 <-- 16.423050 s
currentSize : 19 <-- 18.679527 s
currentSize : 20 <-- 18.679749 s
currentSize : 23 <-- 31.154364 s
currentSize : 31 <-- 31.159861 s

maxsize : 31
nodes : 6575541.000000
filtered : 100038567.000000
time : 31.250193
