Parameters: GAD=1 vflib=1 dir=0 label=0 lowerbound=1 fileNameGp=../graphsdb/mcs90/bvg/b06/mcs90_b06_s20.A22 fileNameGt=../graphsdb/mcs90/bvg/b06/mcs90_b06_s20.B22
Reading graphs...
20 :  60
20 :  60
Initializing...
maxdom : 20
D->valSize : 400
Solving...
currentSize : 10 <-- 0.002050 s
currentSize : 11 <-- 0.002090 s
currentSize : 12 <-- 0.002140 s
currentSize : 13 <-- 0.002193 s
currentSize : 15 <-- 0.002287 s
currentSize : 17 <-- 0.017596 s
currentSize : 18 <-- 0.018311 s

maxsize : 18
nodes : 4503.000000
filtered : 103194.000000
time : 0.020584
