Parameters: GAD=1 vflib=1 dir=0 label=0 lowerbound=1 fileNameGp=../graphsdb/mcs90/bvg/b03m/mcs90_b03m_s20.A58 fileNameGt=../graphsdb/mcs90/bvg/b03m/mcs90_b03m_s20.B58
Reading graphs...
20 :  29
20 :  29
Initializing...
maxdom : 20
D->valSize : 400
Solving...
currentSize : 7 <-- 0.002210 s
currentSize : 9 <-- 0.002234 s
currentSize : 11 <-- 0.002263 s
currentSize : 12 <-- 0.002282 s
currentSize : 13 <-- 0.002366 s
currentSize : 14 <-- 0.007895 s
currentSize : 15 <-- 0.016532 s
currentSize : 16 <-- 0.025278 s
currentSize : 17 <-- 0.030436 s
currentSize : 18 <-- 0.030448 s

maxsize : 18
nodes : 9002.000000
filtered : 120674.000000
time : 0.031701
