Parameters: GAD=1 vflib=1 dir=0 label=0 lowerbound=1 fileNameGp=../graphsdb/mcs90/m2D/m2Dr6/mcs90_m2Dr6_s20.A75 fileNameGt=../graphsdb/mcs90/m2D/m2Dr6/mcs90_m2Dr6_s20.B75
Reading graphs...
20 :  40
20 :  39
Initializing...
maxdom : 20
D->valSize : 400
Solving...
currentSize : 11 <-- 0.002111 s
currentSize : 12 <-- 0.002138 s
currentSize : 13 <-- 0.002453 s
currentSize : 14 <-- 0.002835 s
currentSize : 15 <-- 0.006146 s
currentSize : 16 <-- 0.008247 s

maxsize : 16
nodes : 8489.000000
filtered : 224309.000000
time : 0.039792
