Parameters: GAD=1 vflib=1 dir=0 label=0 lowerbound=1 fileNameGp=../graphsdb/mcs90/bvg/b03m/mcs90_b03m_s20.A83 fileNameGt=../graphsdb/mcs90/bvg/b03m/mcs90_b03m_s20.B83
Reading graphs...
20 :  30
20 :  30
Initializing...
maxdom : 20
D->valSize : 400
Solving...
currentSize : 11 <-- 0.002279 s
currentSize : 12 <-- 0.002300 s
currentSize : 13 <-- 0.002489 s
currentSize : 14 <-- 0.002540 s
currentSize : 15 <-- 0.021110 s
currentSize : 16 <-- 0.034621 s
currentSize : 18 <-- 0.037025 s

maxsize : 18
nodes : 10957.000000
filtered : 150118.000000
time : 0.038585
