Parameters: GAD=1 vflib=1 dir=0 label=0 lowerbound=1 fileNameGp=../graphsdb/mcs90/bvg/b09/mcs90_b09_s25.A02 fileNameGt=../graphsdb/mcs90/bvg/b09/mcs90_b09_s25.B02
Reading graphs...
25 :  111
25 :  112
Initializing...
maxdom : 25
D->valSize : 625
Solving...
currentSize : 10 <-- 0.004490 s
currentSize : 11 <-- 0.004519 s
currentSize : 12 <-- 0.004952 s
currentSize : 13 <-- 0.006294 s
currentSize : 14 <-- 0.006983 s
currentSize : 15 <-- 0.010325 s
currentSize : 17 <-- 0.013487 s
currentSize : 19 <-- 0.040383 s
currentSize : 22 <-- 0.095957 s

maxsize : 22
nodes : 19592.000000
filtered : 705342.000000
time : 0.112800
