Parameters: GAD=1 vflib=1 dir=0 label=0 lowerbound=1 fileNameGp=../graphsdb/mcs90/bvg/b09/mcs90_b09_s30.A39 fileNameGt=../graphsdb/mcs90/bvg/b09/mcs90_b09_s30.B39
Reading graphs...
30 :  135
30 :  135
Initializing...
maxdom : 30
D->valSize : 900
Solving...
currentSize : 9 <-- 0.009620 s
currentSize : 10 <-- 0.009639 s
currentSize : 11 <-- 0.009868 s
currentSize : 12 <-- 0.010092 s
currentSize : 13 <-- 0.029608 s
currentSize : 14 <-- 0.032813 s
currentSize : 15 <-- 0.098562 s
currentSize : 16 <-- 0.105361 s
currentSize : 18 <-- 0.107740 s
currentSize : 19 <-- 0.107892 s
currentSize : 20 <-- 0.107946 s
currentSize : 22 <-- 0.108067 s
currentSize : 26 <-- 0.117584 s

maxsize : 26
nodes : 43674.000000
filtered : 1413872.000000
time : 0.246421
