Parameters: GAD=1 vflib=1 dir=0 label=0 lowerbound=1 fileNameGp=../graphsdb/mcs90/m2D/m2Dr6/mcs90_m2Dr6_s30.A89 fileNameGt=../graphsdb/mcs90/m2D/m2Dr6/mcs90_m2Dr6_s30.B89
Reading graphs...
30 :  67
30 :  66
Initializing...
maxdom : 30
D->valSize : 900
Solving...
currentSize : 13 <-- 0.010647 s
currentSize : 14 <-- 0.010711 s
currentSize : 15 <-- 0.011165 s
currentSize : 16 <-- 0.011785 s
currentSize : 17 <-- 0.012932 s
currentSize : 18 <-- 1.308972 s
currentSize : 19 <-- 2.658046 s
currentSize : 20 <-- 27.842960 s
currentSize : 21 <-- 27.963942 s
currentSize : 23 <-- 27.964926 s
currentSize : 25 <-- 27.965214 s

maxsize : 25
nodes : 6473961.000000
filtered : 111640437.000000
time : 28.400076
