Parameters: GAD=1 vflib=1 dir=0 label=0 lowerbound=1 fileNameGp=../graphsdb/mcs90/bvg/b06m/mcs90_b06m_s15.A98 fileNameGt=../graphsdb/mcs90/bvg/b06m/mcs90_b06m_s15.B98
Reading graphs...
15 :  41
15 :  42
Initializing...
maxdom : 15
D->valSize : 225
Solving...
currentSize : 7 <-- 0.000834 s
currentSize : 8 <-- 0.000908 s
currentSize : 9 <-- 0.003086 s
currentSize : 10 <-- 0.004845 s
currentSize : 11 <-- 0.011670 s
currentSize : 13 <-- 0.012273 s

maxsize : 13
nodes : 4568.000000
filtered : 39317.000000
time : 0.012721
