Parameters: GAD=1 vflib=1 dir=0 label=0 lowerbound=1 fileNameGp=../graphsdb/mcs90/rand/r005/mcs90_r005_s20.A26 fileNameGt=../graphsdb/mcs90/rand/r005/mcs90_r005_s20.B26
Reading graphs...
20 :  21
20 :  21
Initializing...
maxdom : 20
D->valSize : 400
Solving...
currentSize : 5 <-- 0.002356 s
currentSize : 8 <-- 0.002383 s
currentSize : 9 <-- 0.002467 s
currentSize : 11 <-- 0.002483 s
currentSize : 12 <-- 0.009037 s
currentSize : 15 <-- 0.038052 s
currentSize : 16 <-- 0.038075 s
currentSize : 17 <-- 0.038186 s
currentSize : 18 <-- 0.038449 s
currentSize : 19 <-- 0.038727 s

maxsize : 19
nodes : 20181.000000
filtered : 72732.000000
time : 0.039103
