Parameters: GAD=1 vflib=1 dir=0 label=0 lowerbound=1 fileNameGp=../graphsdb/mcs90/rand/r01/mcs90_r01_s30.A34 fileNameGt=../graphsdb/mcs90/rand/r01/mcs90_r01_s30.B34
Reading graphs...
30 :  82
30 :  83
Initializing...
maxdom : 30
D->valSize : 900
Solving...
currentSize : 14 <-- 0.010270 s
currentSize : 15 <-- 0.010287 s
currentSize : 16 <-- 0.016872 s
currentSize : 17 <-- 0.020361 s
currentSize : 18 <-- 1.348842 s
currentSize : 19 <-- 3.731610 s
currentSize : 20 <-- 4.957577 s
currentSize : 21 <-- 4.957629 s
currentSize : 27 <-- 4.991739 s

maxsize : 27
nodes : 1103251.000000
filtered : 20138831.000000
time : 5.010320
