Parameters: GAD=1 vflib=1 dir=0 label=0 lowerbound=1 fileNameGp=../graphsdb/mcs90/rand/r01/mcs90_r01_s30.A89 fileNameGt=../graphsdb/mcs90/rand/r01/mcs90_r01_s30.B89
Reading graphs...
30 :  80
30 :  81
Initializing...
maxdom : 30
D->valSize : 900
Solving...
currentSize : 15 <-- 0.017724 s
currentSize : 16 <-- 0.018874 s
currentSize : 17 <-- 0.026286 s
currentSize : 18 <-- 0.088053 s
currentSize : 19 <-- 1.794020 s
currentSize : 20 <-- 2.361315 s
currentSize : 22 <-- 2.388599 s
currentSize : 23 <-- 2.388679 s
currentSize : 24 <-- 2.398977 s
currentSize : 25 <-- 2.409600 s
currentSize : 27 <-- 2.416292 s

maxsize : 27
nodes : 507811.000000
filtered : 11411692.000000
time : 2.430156
