Parameters: GAD=1 vflib=1 dir=0 label=0 lowerbound=1 fileNameGp=../graphsdb/mcs90/m3D/m3D/mcs90_m3D_s30.A39 fileNameGt=../graphsdb/mcs90/m3D/m3D/mcs90_m3D_s30.B39
Reading graphs...
30 :  61
30 :  61
Initializing...
maxdom : 30
D->valSize : 900
Solving...
currentSize : 16 <-- 0.018494 s
currentSize : 17 <-- 0.018707 s
currentSize : 18 <-- 0.019333 s
currentSize : 19 <-- 0.037155 s
currentSize : 21 <-- 0.071777 s
currentSize : 22 <-- 0.096236 s
currentSize : 23 <-- 0.096923 s
currentSize : 27 <-- 0.102745 s

maxsize : 27
nodes : 31067.000000
filtered : 719230.000000
time : 0.228930
