Parameters: GAD=1 vflib=1 dir=0 label=0 lowerbound=1 fileNameGp=../graphsdb/mcs90/bvg/b06/mcs90_b06_s35.A28 fileNameGt=../graphsdb/mcs90/bvg/b06/mcs90_b06_s35.B28
Reading graphs...
35 :  105
35 :  105
Initializing...
maxdom : 35
D->valSize : 1225
Solving...
currentSize : 18 <-- 0.019699 s
currentSize : 19 <-- 0.021350 s
currentSize : 20 <-- 0.027279 s
currentSize : 21 <-- 0.030113 s
currentSize : 22 <-- 0.030189 s
currentSize : 23 <-- 0.031895 s
currentSize : 24 <-- 0.032190 s
currentSize : 25 <-- 0.033193 s
currentSize : 26 <-- 0.033260 s
currentSize : 27 <-- 0.033548 s
currentSize : 28 <-- 0.038333 s
currentSize : 29 <-- 0.038445 s
currentSize : 31 <-- 0.054778 s
currentSize : 32 <-- 0.076061 s

maxsize : 32
nodes : 18168.000000
filtered : 677092.000000
time : 0.145185
