Parameters: GAD=1 vflib=1 dir=0 label=0 lowerbound=1 fileNameGp=../graphsdb/mcs90/bvg/b03/mcs90_b03_s30.A03 fileNameGt=../graphsdb/mcs90/bvg/b03/mcs90_b03_s30.B03
Reading graphs...
30 :  45
30 :  45
Initializing...
maxdom : 30
D->valSize : 900
Solving...
currentSize : 20 <-- 0.019380 s
currentSize : 21 <-- 0.019450 s
currentSize : 22 <-- 0.019681 s
currentSize : 23 <-- 0.019846 s
currentSize : 25 <-- 0.022652 s
currentSize : 27 <-- 0.025338 s
currentSize : 28 <-- 0.057927 s

maxsize : 28
nodes : 6164.000000
filtered : 193506.000000
time : 0.071728
