Parameters: GAD=1 vflib=1 dir=0 label=0 lowerbound=1 fileNameGp=../graphsdb/mcs90/bvg/b09/mcs90_b09_s30.A63 fileNameGt=../graphsdb/mcs90/bvg/b09/mcs90_b09_s30.B63
Reading graphs...
30 :  135
30 :  134
Initializing...
maxdom : 30
D->valSize : 900
Solving...
currentSize : 13 <-- 0.014628 s
currentSize : 14 <-- 0.014681 s
currentSize : 16 <-- 0.015319 s
currentSize : 18 <-- 0.016432 s
currentSize : 20 <-- 0.050428 s
currentSize : 22 <-- 0.066321 s
currentSize : 26 <-- 0.066586 s

maxsize : 26
nodes : 28979.000000
filtered : 1353103.000000
time : 0.208940
