Parameters: GAD=1 vflib=1 dir=0 label=0 lowerbound=1 fileNameGp=../graphsdb/mcs90/rand/r01/mcs90_r01_s35.A61 fileNameGt=../graphsdb/mcs90/rand/r01/mcs90_r01_s35.B61
Reading graphs...
35 :  117
35 :  117
Initializing...
maxdom : 35
D->valSize : 1225
Solving...
currentSize : 14 <-- 0.019412 s
currentSize : 15 <-- 0.020256 s
currentSize : 16 <-- 0.024608 s
currentSize : 17 <-- 0.066465 s
currentSize : 18 <-- 1.956776 s
currentSize : 19 <-- 15.782143 s
currentSize : 20 <-- 15.782504 s
currentSize : 21 <-- 55.368824 s
currentSize : 22 <-- 55.369438 s
currentSize : 23 <-- 70.316643 s
currentSize : 24 <-- 70.354393 s
currentSize : 27 <-- 70.354515 s
currentSize : 31 <-- 70.354820 s

maxsize : 31
nodes : 13300122.000000
filtered : 308267195.000000
time : 70.418610
