Parameters: GAD=1 vflib=1 dir=0 label=0 lowerbound=1 fileNameGp=../graphsdb/mcs90/bvg/b09m/mcs90_b09m_s35.A87 fileNameGt=../graphsdb/mcs90/bvg/b09m/mcs90_b09m_s35.B87
Reading graphs...
35 :  149
35 :  148
Initializing...
maxdom : 35
D->valSize : 1225
Solving...
currentSize : 12 <-- 0.023782 s
currentSize : 13 <-- 0.023835 s
currentSize : 14 <-- 0.023888 s
currentSize : 15 <-- 0.024666 s
currentSize : 16 <-- 0.033709 s
currentSize : 17 <-- 0.055159 s
currentSize : 18 <-- 0.592195 s
currentSize : 21 <-- 4.312834 s
currentSize : 30 <-- 4.313055 s

maxsize : 30
nodes : 926447.000000
filtered : 17230711.000000
time : 4.545504
