Parameters: GAD=1 vflib=1 dir=0 label=0 lowerbound=1 fileNameGp=../graphsdb/mcs90/bvg/b09/mcs90_b09_s25.A86 fileNameGt=../graphsdb/mcs90/bvg/b09/mcs90_b09_s25.B86
Reading graphs...
25 :  111
25 :  112
Initializing...
maxdom : 25
D->valSize : 625
Solving...
currentSize : 7 <-- 0.004538 s
currentSize : 9 <-- 0.004641 s
currentSize : 10 <-- 0.004751 s
currentSize : 11 <-- 0.004935 s
currentSize : 12 <-- 0.017336 s
currentSize : 13 <-- 0.017372 s
currentSize : 14 <-- 0.017498 s
currentSize : 16 <-- 0.020559 s
currentSize : 18 <-- 0.024525 s
currentSize : 22 <-- 0.028012 s

maxsize : 22
nodes : 12541.000000
filtered : 389787.000000
time : 0.066836
