Parameters: GAD=1 vflib=1 dir=0 label=0 lowerbound=1 fileNameGp=../graphsdb/mcs90/bvg/b09m/mcs90_b09m_s30.A44 fileNameGt=../graphsdb/mcs90/bvg/b09m/mcs90_b09m_s30.B44
Reading graphs...
30 :  131
30 :  132
Initializing...
maxdom : 30
D->valSize : 900
Solving...
currentSize : 12 <-- 0.016179 s
currentSize : 13 <-- 0.017471 s
currentSize : 14 <-- 0.031286 s
currentSize : 15 <-- 1.422942 s
currentSize : 16 <-- 18.292496 s
currentSize : 17 <-- 18.293579 s
currentSize : 18 <-- 18.293631 s
currentSize : 19 <-- 19.225992 s
currentSize : 20 <-- 19.640509 s
currentSize : 26 <-- 19.640572 s

maxsize : 26
nodes : 4595201.000000
filtered : 69761131.000000
time : 19.710079
