Parameters: GAD=1 vflib=1 dir=0 label=0 lowerbound=1 fileNameGp=../graphsdb/mcs90/bvg/b03m/mcs90_b03m_s20.A63 fileNameGt=../graphsdb/mcs90/bvg/b03m/mcs90_b03m_s20.B63
Reading graphs...
20 :  29
20 :  29
Initializing...
maxdom : 20
D->valSize : 400
Solving...
currentSize : 13 <-- 0.002195 s
currentSize : 14 <-- 0.002258 s
currentSize : 15 <-- 0.003722 s
currentSize : 16 <-- 0.008479 s
currentSize : 17 <-- 0.008557 s
currentSize : 18 <-- 0.013773 s

maxsize : 18
nodes : 3334.000000
filtered : 53628.000000
time : 0.014334
