Parameters: GAD=1 vflib=1 dir=0 label=0 lowerbound=1 fileNameGp=../graphsdb/mcs90/rand/r005/mcs90_r005_s30.A85 fileNameGt=../graphsdb/mcs90/rand/r005/mcs90_r005_s30.B85
Reading graphs...
30 :  41
30 :  41
Initializing...
maxdom : 30
D->valSize : 900
Solving...
currentSize : 13 <-- 0.011621 s
currentSize : 14 <-- 0.012160 s
currentSize : 15 <-- 0.012343 s
currentSize : 16 <-- 0.012765 s
currentSize : 17 <-- 0.014126 s
currentSize : 18 <-- 0.046380 s
currentSize : 19 <-- 0.046792 s
currentSize : 20 <-- 0.075886 s
currentSize : 21 <-- 1.983395 s
currentSize : 22 <-- 2.399195 s
currentSize : 23 <-- 3.639966 s
currentSize : 24 <-- 4.215145 s
currentSize : 25 <-- 4.215356 s
currentSize : 26 <-- 4.240238 s
currentSize : 27 <-- 4.240248 s

maxsize : 27
nodes : 1064921.000000
filtered : 13835889.000000
time : 4.254047
