Parameters: GAD=1 vflib=1 dir=0 label=0 lowerbound=1 fileNameGp=../graphsdb/mcs90/bvg/b06m/mcs90_b06m_s25.A76 fileNameGt=../graphsdb/mcs90/bvg/b06m/mcs90_b06m_s25.B76
Reading graphs...
25 :  73
25 :  73
Initializing...
maxdom : 25
D->valSize : 625
Solving...
currentSize : 10 <-- 0.004755 s
currentSize : 11 <-- 0.004778 s
currentSize : 12 <-- 0.004818 s
currentSize : 13 <-- 0.005311 s
currentSize : 14 <-- 0.016979 s
currentSize : 15 <-- 0.018136 s
currentSize : 18 <-- 0.019869 s
currentSize : 22 <-- 0.031674 s

maxsize : 22
nodes : 8488.000000
filtered : 233050.000000
time : 0.045362
