Parameters: GAD=1 vflib=1 dir=0 label=0 lowerbound=1 fileNameGp=../graphsdb/mcs90/bvg/b09m/mcs90_b09m_s30.A23 fileNameGt=../graphsdb/mcs90/bvg/b09m/mcs90_b09m_s30.B23
Reading graphs...
30 :  130
30 :  131
Initializing...
maxdom : 30
D->valSize : 900
Solving...
currentSize : 12 <-- 0.016320 s
currentSize : 14 <-- 0.016463 s
currentSize : 15 <-- 0.319423 s
currentSize : 16 <-- 0.592528 s
currentSize : 18 <-- 0.597184 s
currentSize : 20 <-- 0.597255 s
currentSize : 26 <-- 1.387527 s

maxsize : 26
nodes : 264511.000000
filtered : 7337938.000000
time : 1.436736
