Parameters: GAD=1 vflib=1 dir=0 label=0 lowerbound=1 fileNameGp=../graphsdb/mcs90/bvg/b09m/mcs90_b09m_s35.A59 fileNameGt=../graphsdb/mcs90/bvg/b09m/mcs90_b09m_s35.B59
Reading graphs...
35 :  151
35 :  150
Initializing...
maxdom : 35
D->valSize : 1225
Solving...
currentSize : 14 <-- 0.018260 s
currentSize : 15 <-- 0.018285 s
currentSize : 16 <-- 0.018365 s
currentSize : 17 <-- 2.015874 s
currentSize : 19 <-- 17.323336 s
currentSize : 20 <-- 17.522079 s
currentSize : 21 <-- 20.232628 s
currentSize : 23 <-- 21.481394 s
currentSize : 24 <-- 25.905346 s
currentSize : 25 <-- 26.245852 s
currentSize : 26 <-- 26.685566 s
currentSize : 30 <-- 28.297743 s

maxsize : 30
nodes : 5228398.000000
filtered : 130442125.000000
time : 28.418093
