Parameters: GAD=1 vflib=1 dir=0 label=0 lowerbound=1 fileNameGp=../graphsdb/mcs90/m4D/m4Dr6/mcs90_m4Dr6_s20.A31 fileNameGt=../graphsdb/mcs90/m4D/m4Dr6/mcs90_m4Dr6_s20.B31
Reading graphs...
20 :  48
20 :  45
Initializing...
maxdom : 20
D->valSize : 400
Solving...
currentSize : 10 <-- 0.002082 s
currentSize : 11 <-- 0.002522 s
currentSize : 12 <-- 0.003084 s
currentSize : 13 <-- 0.003716 s
currentSize : 15 <-- 0.004263 s
currentSize : 16 <-- 0.004423 s

maxsize : 16
nodes : 3056.000000
filtered : 74700.000000
time : 0.014291
