Parameters: GAD=1 vflib=1 dir=0 label=0 lowerbound=1 fileNameGp=../graphsdb/mcs90/bvg/b03m/mcs90_b03m_s20.A70 fileNameGt=../graphsdb/mcs90/bvg/b03m/mcs90_b03m_s20.B70
Reading graphs...
20 :  29
20 :  29
Initializing...
maxdom : 20
D->valSize : 400
Solving...
currentSize : 11 <-- 0.002390 s
currentSize : 13 <-- 0.002912 s
currentSize : 14 <-- 0.002973 s
currentSize : 15 <-- 0.006838 s
currentSize : 17 <-- 0.009827 s
currentSize : 18 <-- 0.009978 s

maxsize : 18
nodes : 3306.000000
filtered : 37850.000000
time : 0.012252
