Parameters: GAD=1 vflib=1 dir=0 label=0 lowerbound=1 fileNameGp=../graphsdb/mcs90/bvg/b09m/mcs90_b09m_s35.A44 fileNameGt=../graphsdb/mcs90/bvg/b09m/mcs90_b09m_s35.B44
Reading graphs...
35 :  155
35 :  155
Initializing...
maxdom : 35
D->valSize : 1225
Solving...
currentSize : 13 <-- 0.017957 s
currentSize : 14 <-- 0.018898 s
currentSize : 15 <-- 0.027207 s
currentSize : 16 <-- 0.047078 s
currentSize : 17 <-- 0.491413 s
currentSize : 19 <-- 5.419688 s
currentSize : 20 <-- 6.259147 s
currentSize : 21 <-- 21.371157 s
currentSize : 24 <-- 30.983109 s
currentSize : 26 <-- 31.005638 s
currentSize : 30 <-- 31.005724 s

maxsize : 30
nodes : 5364712.000000
filtered : 153153815.000000
time : 31.246922
