Parameters: GAD=1 vflib=1 dir=0 label=0 lowerbound=1 fileNameGp=../graphsdb/mcs90/rand/r005/mcs90_r005_s25.A11 fileNameGt=../graphsdb/mcs90/rand/r005/mcs90_r005_s25.B11
Reading graphs...
25 :  29
25 :  29
Initializing...
maxdom : 25
D->valSize : 625
Solving...
currentSize : 9 <-- 0.005415 s
currentSize : 11 <-- 0.005450 s
currentSize : 12 <-- 0.005476 s
currentSize : 13 <-- 0.005606 s
currentSize : 14 <-- 0.005674 s
currentSize : 16 <-- 0.006335 s
currentSize : 19 <-- 0.026319 s
currentSize : 20 <-- 0.042949 s
currentSize : 21 <-- 0.042976 s
currentSize : 22 <-- 0.071238 s

maxsize : 22
nodes : 21977.000000
filtered : 285957.000000
time : 0.078541
