Parameters: GAD=1 vflib=1 dir=0 label=0 lowerbound=1 fileNameGp=../graphsdb/mcs90/bvg/b09/mcs90_b09_s30.A00 fileNameGt=../graphsdb/mcs90/bvg/b09/mcs90_b09_s30.B00
Reading graphs...
30 :  134
30 :  134
Initializing...
maxdom : 30
D->valSize : 900
Solving...
currentSize : 13 <-- 0.016128 s
currentSize : 14 <-- 0.019266 s
currentSize : 15 <-- 0.023818 s
currentSize : 16 <-- 0.053863 s
currentSize : 18 <-- 0.054027 s
currentSize : 20 <-- 0.054192 s
currentSize : 22 <-- 0.054311 s
currentSize : 26 <-- 0.062605 s

maxsize : 26
nodes : 31527.000000
filtered : 1473716.000000
time : 0.334409
