Parameters: GAD=1 vflib=1 dir=0 label=0 lowerbound=1 fileNameGp=../graphsdb/mcs90/bvg/b03m/mcs90_b03m_s30.A61 fileNameGt=../graphsdb/mcs90/bvg/b03m/mcs90_b03m_s30.B61
Reading graphs...
30 :  45
30 :  45
Initializing...
maxdom : 30
D->valSize : 900
Solving...
currentSize : 18 <-- 0.019321 s
currentSize : 20 <-- 0.019420 s
currentSize : 21 <-- 0.066738 s
currentSize : 22 <-- 0.828735 s
currentSize : 23 <-- 3.064173 s
currentSize : 24 <-- 3.064547 s
currentSize : 25 <-- 3.065795 s
currentSize : 26 <-- 3.071092 s

maxsize : 26
nodes : 693243.000000
filtered : 12922298.000000
time : 3.184942
