Parameters: GAD=1 vflib=1 dir=0 label=0 lowerbound=1 fileNameGp=../graphsdb/mcs90/rand/r01/mcs90_r01_s30.A95 fileNameGt=../graphsdb/mcs90/rand/r01/mcs90_r01_s30.B95
Reading graphs...
30 :  85
30 :  84
Initializing...
maxdom : 30
D->valSize : 900
Solving...
currentSize : 10 <-- 0.017644 s
currentSize : 12 <-- 0.017723 s
currentSize : 14 <-- 0.017889 s
currentSize : 15 <-- 0.019075 s
currentSize : 16 <-- 0.055582 s
currentSize : 17 <-- 1.048423 s
currentSize : 18 <-- 5.651296 s
currentSize : 19 <-- 5.652330 s
currentSize : 20 <-- 6.148150 s
currentSize : 21 <-- 6.433638 s
currentSize : 23 <-- 7.237238 s
currentSize : 24 <-- 7.475272 s
currentSize : 27 <-- 7.489048 s

maxsize : 27
nodes : 1604082.000000
filtered : 30837776.000000
time : 7.492111
