Parameters: GAD=1 vflib=1 dir=0 label=0 lowerbound=1 fileNameGp=../graphsdb/mcs90/bvg/b03/mcs90_b03_s35.A56 fileNameGt=../graphsdb/mcs90/bvg/b03/mcs90_b03_s35.B56
Reading graphs...
35 :  52
35 :  52
Initializing...
maxdom : 35
D->valSize : 1225
Solving...
currentSize : 26 <-- 0.021005 s
currentSize : 27 <-- 0.021313 s
currentSize : 28 <-- 0.021333 s
currentSize : 29 <-- 0.021476 s
currentSize : 30 <-- 0.027576 s
currentSize : 31 <-- 0.328894 s

maxsize : 31
nodes : 118996.000000
filtered : 3696279.000000
time : 0.818833
