Parameters: GAD=1 vflib=1 dir=0 label=0 lowerbound=1 fileNameGp=../graphsdb/mcs90/m3D/m3Dr2/mcs90_m3Dr2_s30.A89 fileNameGt=../graphsdb/mcs90/m3D/m3Dr2/mcs90_m3Dr2_s30.B89
Reading graphs...
30 :  67
30 :  65
Initializing...
maxdom : 30
D->valSize : 900
Solving...
currentSize : 13 <-- 0.010656 s
currentSize : 15 <-- 0.010686 s
currentSize : 16 <-- 0.010758 s
currentSize : 17 <-- 0.013433 s
currentSize : 18 <-- 0.018846 s
currentSize : 19 <-- 0.021934 s
currentSize : 20 <-- 0.023167 s
currentSize : 22 <-- 0.023288 s
currentSize : 23 <-- 0.384859 s
currentSize : 24 <-- 0.674618 s
currentSize : 27 <-- 0.678078 s

maxsize : 27
nodes : 129383.000000
filtered : 3554910.000000
time : 0.714761
