Parameters: GAD=1 vflib=1 dir=0 label=0 lowerbound=1 fileNameGp=../graphsdb/mcs90/bvg/b06/mcs90_b06_s25.A20 fileNameGt=../graphsdb/mcs90/bvg/b06/mcs90_b06_s25.B20
Reading graphs...
25 :  75
25 :  75
Initializing...
maxdom : 25
D->valSize : 625
Solving...
currentSize : 13 <-- 0.004815 s
currentSize : 14 <-- 0.005254 s
currentSize : 15 <-- 0.006714 s
currentSize : 16 <-- 0.006954 s
currentSize : 17 <-- 0.008813 s
currentSize : 18 <-- 0.008931 s
currentSize : 19 <-- 0.012140 s
currentSize : 20 <-- 0.012175 s
currentSize : 21 <-- 0.013582 s
currentSize : 22 <-- 0.013618 s

maxsize : 22
nodes : 8860.000000
filtered : 234859.000000
time : 0.046759
