Parameters: GAD=1 vflib=1 dir=0 label=0 lowerbound=1 fileNameGp=../graphsdb/mcs90/bvg/b03m/mcs90_b03m_s35.A77 fileNameGt=../graphsdb/mcs90/bvg/b03m/mcs90_b03m_s35.B77
Reading graphs...
35 :  52
35 :  52
Initializing...
maxdom : 35
D->valSize : 1225
Solving...
currentSize : 18 <-- 0.020821 s
currentSize : 19 <-- 0.026622 s
currentSize : 20 <-- 0.092284 s
currentSize : 21 <-- 0.181255 s
currentSize : 22 <-- 1.570696 s
currentSize : 23 <-- 1.592328 s
currentSize : 24 <-- 1.776330 s
currentSize : 25 <-- 3.199456 s
currentSize : 26 <-- 10.859418 s
currentSize : 27 <-- 13.708225 s
currentSize : 28 <-- 13.740304 s
currentSize : 30 <-- 13.790801 s

maxsize : 30
nodes : 2998880.000000
filtered : 51095428.000000
time : 14.692149
