Parameters: GAD=1 vflib=1 dir=0 label=0 lowerbound=1 fileNameGp=../graphsdb/mcs90/m2D/m2Dr4/mcs90_m2Dr4_s20.A10 fileNameGt=../graphsdb/mcs90/m2D/m2Dr4/mcs90_m2Dr4_s20.B10
Reading graphs...
20 :  37
20 :  37
Initializing...
maxdom : 20
D->valSize : 400
Solving...
currentSize : 9 <-- 0.002272 s
currentSize : 11 <-- 0.002325 s
currentSize : 12 <-- 0.002538 s
currentSize : 13 <-- 0.002590 s
currentSize : 14 <-- 0.107972 s
currentSize : 15 <-- 0.150466 s
currentSize : 16 <-- 0.167943 s

maxsize : 16
nodes : 55631.000000
filtered : 774896.000000
time : 0.186364
