Parameters: GAD=1 vflib=1 dir=0 label=0 lowerbound=1 fileNameGp=../graphsdb/mcs90/rand/r005/mcs90_r005_s35.A06 fileNameGt=../graphsdb/mcs90/rand/r005/mcs90_r005_s35.B06
Reading graphs...
35 :  58
35 :  57
Initializing...
maxdom : 35
D->valSize : 1225
Solving...
currentSize : 19 <-- 0.020760 s
currentSize : 20 <-- 0.020897 s
currentSize : 21 <-- 0.020948 s
currentSize : 22 <-- 0.037861 s
currentSize : 23 <-- 0.053977 s
currentSize : 24 <-- 0.208668 s
currentSize : 25 <-- 1.560159 s
currentSize : 26 <-- 3.741819 s
currentSize : 27 <-- 7.408039 s
currentSize : 28 <-- 8.085574 s
currentSize : 29 <-- 8.085766 s
currentSize : 30 <-- 8.614756 s
currentSize : 31 <-- 8.614800 s

maxsize : 31
nodes : 1468589.000000
filtered : 40046627.000000
time : 8.679381
