Parameters: GAD=1 vflib=1 dir=0 label=0 lowerbound=1 fileNameGp=../graphsdb/mcs90/m2D/m2Dr6/mcs90_m2Dr6_s30.A93 fileNameGt=../graphsdb/mcs90/m2D/m2Dr6/mcs90_m2Dr6_s30.B93
Reading graphs...
30 :  67
30 :  66
Initializing...
maxdom : 30
D->valSize : 900
Solving...
currentSize : 16 <-- 0.018395 s
currentSize : 17 <-- 0.019481 s
currentSize : 18 <-- 0.076025 s
currentSize : 19 <-- 8.793683 s
currentSize : 20 <-- 14.700657 s
currentSize : 25 <-- 24.471621 s

maxsize : 25
nodes : 5384836.000000
filtered : 107494290.000000
time : 24.667660
