Parameters: GAD=1 vflib=1 dir=0 label=0 lowerbound=1 fileNameGp=../graphsdb/mcs90/m2D/m2Dr2/mcs90_m2Dr2_s30.A33 fileNameGt=../graphsdb/mcs90/m2D/m2Dr2/mcs90_m2Dr2_s30.B33
Reading graphs...
30 :  55
30 :  54
Initializing...
maxdom : 30
D->valSize : 900
Solving...
currentSize : 13 <-- 0.018788 s
currentSize : 14 <-- 0.018835 s
currentSize : 16 <-- 0.018860 s
currentSize : 17 <-- 0.022713 s
currentSize : 18 <-- 0.022817 s
currentSize : 19 <-- 0.282587 s
currentSize : 20 <-- 1.202964 s
currentSize : 21 <-- 10.136164 s
currentSize : 22 <-- 31.324484 s
currentSize : 24 <-- 31.524992 s
currentSize : 25 <-- 31.525009 s

maxsize : 25
nodes : 6637228.000000
filtered : 136227977.000000
time : 31.837223
