Parameters: GAD=1 vflib=1 dir=0 label=0 lowerbound=1 fileNameGp=../graphsdb/mcs90/rand/r02/mcs90_r02_s30.A31 fileNameGt=../graphsdb/mcs90/rand/r02/mcs90_r02_s30.B31
Reading graphs...
30 :  155
30 :  157
Initializing...
maxdom : 30
D->valSize : 900
Solving...
currentSize : 8 <-- 0.009212 s
currentSize : 9 <-- 0.009239 s
currentSize : 10 <-- 0.009269 s
currentSize : 11 <-- 0.009401 s
currentSize : 12 <-- 0.012636 s
currentSize : 13 <-- 0.193855 s
currentSize : 14 <-- 0.240737 s
currentSize : 15 <-- 0.925279 s
currentSize : 17 <-- 3.871301 s
currentSize : 20 <-- 5.563507 s
currentSize : 27 <-- 6.131399 s

maxsize : 27
nodes : 1397854.000000
filtered : 21215519.000000
time : 6.140284
