Parameters: GAD=1 vflib=1 dir=0 label=0 lowerbound=1 fileNameGp=../graphsdb/mcs90/rand/r01/mcs90_r01_s30.A30 fileNameGt=../graphsdb/mcs90/rand/r01/mcs90_r01_s30.B30
Reading graphs...
30 :  83
30 :  85
Initializing...
maxdom : 30
D->valSize : 900
Solving...
currentSize : 15 <-- 0.015163 s
currentSize : 16 <-- 0.056324 s
currentSize : 17 <-- 0.563185 s
currentSize : 18 <-- 3.211933 s
currentSize : 20 <-- 3.247303 s
currentSize : 21 <-- 3.249515 s
currentSize : 22 <-- 3.258642 s
currentSize : 25 <-- 5.046619 s
currentSize : 27 <-- 5.049239 s

maxsize : 27
nodes : 1019855.000000
filtered : 21871736.000000
time : 5.062975
