Parameters: GAD=1 vflib=1 dir=0 label=0 lowerbound=1 fileNameGp=../graphsdb/mcs90/rand/r02/mcs90_r02_s35.A61 fileNameGt=../graphsdb/mcs90/rand/r02/mcs90_r02_s35.B61
Reading graphs...
35 :  205
35 :  205
Initializing...
maxdom : 35
D->valSize : 1225
Solving...
currentSize : 12 <-- 0.029726 s
currentSize : 13 <-- 0.035473 s
currentSize : 14 <-- 0.073210 s
currentSize : 15 <-- 0.341994 s
currentSize : 16 <-- 0.566433 s
currentSize : 20 <-- 0.569520 s
currentSize : 21 <-- 0.673131 s
currentSize : 31 <-- 0.716243 s

maxsize : 31
nodes : 158691.000000
filtered : 2212279.000000
time : 0.784735
