Parameters: GAD=1 vflib=1 dir=0 label=0 lowerbound=1 fileNameGp=../graphsdb/mcs90/bvg/b03m/mcs90_b03m_s20.A49 fileNameGt=../graphsdb/mcs90/bvg/b03m/mcs90_b03m_s20.B49
Reading graphs...
20 :  30
20 :  30
Initializing...
maxdom : 20
D->valSize : 400
Solving...
currentSize : 13 <-- 0.002204 s
currentSize : 14 <-- 0.002251 s
currentSize : 15 <-- 0.002687 s
currentSize : 16 <-- 0.002729 s
currentSize : 17 <-- 0.002935 s
currentSize : 18 <-- 0.002971 s

maxsize : 18
nodes : 448.000000
filtered : 10432.000000
time : 0.004063
