Parameters: GAD=1 vflib=1 dir=0 label=0 lowerbound=1 fileNameGp=../graphsdb/mcs90/bvg/b06m/mcs90_b06m_s25.A21 fileNameGt=../graphsdb/mcs90/bvg/b06m/mcs90_b06m_s25.B21
Reading graphs...
25 :  73
25 :  73
Initializing...
maxdom : 25
D->valSize : 625
Solving...
currentSize : 11 <-- 0.004815 s
currentSize : 12 <-- 0.004871 s
currentSize : 13 <-- 0.014584 s
currentSize : 14 <-- 0.047443 s
currentSize : 15 <-- 0.052122 s
currentSize : 16 <-- 0.057397 s
currentSize : 17 <-- 0.075739 s
currentSize : 18 <-- 0.076835 s
currentSize : 22 <-- 0.077319 s

maxsize : 22
nodes : 22664.000000
filtered : 307773.000000
time : 0.087085
