Parameters: GAD=1 vflib=1 dir=0 label=0 lowerbound=1 fileNameGp=../graphsdb/mcs90/m3D/m3Dr6/mcs90_m3Dr6_s30.A98 fileNameGt=../graphsdb/mcs90/m3D/m3Dr6/mcs90_m3Dr6_s30.B98
Reading graphs...
30 :  79
30 :  79
Initializing...
maxdom : 30
D->valSize : 900
Solving...
currentSize : 14 <-- 0.017863 s
currentSize : 15 <-- 0.018490 s
currentSize : 16 <-- 0.031097 s
currentSize : 17 <-- 0.776175 s
currentSize : 18 <-- 1.624119 s
currentSize : 19 <-- 3.849718 s
currentSize : 20 <-- 6.492530 s
currentSize : 21 <-- 6.745958 s
currentSize : 23 <-- 6.845781 s
currentSize : 27 <-- 6.902622 s

maxsize : 27
nodes : 1483451.000000
filtered : 30138819.000000
time : 6.920942
