Parameters: GAD=1 vflib=1 dir=0 label=0 lowerbound=1 fileNameGp=../graphsdb/mcs90/bvg/b06m/mcs90_b06m_s15.A07 fileNameGt=../graphsdb/mcs90/bvg/b06m/mcs90_b06m_s15.B07
Reading graphs...
15 :  43
15 :  43
Initializing...
maxdom : 15
D->valSize : 225
Solving...
currentSize : 8 <-- 0.000803 s
currentSize : 9 <-- 0.000830 s
currentSize : 10 <-- 0.001231 s
currentSize : 11 <-- 0.001517 s
currentSize : 12 <-- 0.001528 s
currentSize : 13 <-- 0.002136 s

maxsize : 13
nodes : 472.000000
filtered : 8151.000000
time : 0.002344
