Parameters: GAD=1 vflib=1 dir=0 label=0 lowerbound=1 fileNameGp=../graphsdb/mcs90/bvg/b06m/mcs90_b06m_s35.A92 fileNameGt=../graphsdb/mcs90/bvg/b06m/mcs90_b06m_s35.B92
Reading graphs...
35 :  103
35 :  103
Initializing...
maxdom : 35
D->valSize : 1225
Solving...
currentSize : 16 <-- 0.019995 s
currentSize : 17 <-- 0.021989 s
currentSize : 18 <-- 0.022590 s
currentSize : 19 <-- 0.078478 s
currentSize : 20 <-- 0.126375 s
currentSize : 21 <-- 44.535923 s
currentSize : 22 <-- 84.446617 s
currentSize : 23 <-- 90.975456 s
currentSize : 25 <-- 104.413109 s
currentSize : 28 <-- 104.439415 s
currentSize : 31 <-- 104.440254 s

maxsize : 31
nodes : 18823229.000000
filtered : 507171713.000000
time : 104.556450
