Parameters: GAD=1 vflib=1 dir=0 label=0 lowerbound=1 fileNameGp=../graphsdb/mcs90/rand/r02/mcs90_r02_s30.A94 fileNameGt=../graphsdb/mcs90/rand/r02/mcs90_r02_s30.B94
Reading graphs...
30 :  157
30 :  158
Initializing...
maxdom : 30
D->valSize : 900
Solving...
currentSize : 12 <-- 0.015861 s
currentSize : 13 <-- 0.027079 s
currentSize : 14 <-- 2.680942 s
currentSize : 15 <-- 6.117428 s
currentSize : 18 <-- 9.492266 s
currentSize : 19 <-- 9.872692 s
currentSize : 27 <-- 9.899071 s

maxsize : 27
nodes : 2413398.000000
filtered : 29735495.000000
time : 9.916717
