Parameters: GAD=1 vflib=1 dir=0 label=0 lowerbound=1 fileNameGp=../graphsdb/mcs90/bvg/b03/mcs90_b03_s25.A40 fileNameGt=../graphsdb/mcs90/bvg/b03/mcs90_b03_s25.B40
Reading graphs...
25 :  37
25 :  37
Initializing...
maxdom : 25
D->valSize : 625
Solving...
currentSize : 15 <-- 0.005418 s
currentSize : 16 <-- 0.005433 s
currentSize : 17 <-- 0.005492 s
currentSize : 18 <-- 0.005892 s
currentSize : 19 <-- 0.006133 s
currentSize : 20 <-- 0.006358 s
currentSize : 21 <-- 0.007160 s
currentSize : 22 <-- 0.009289 s
currentSize : 23 <-- 0.009559 s

maxsize : 23
nodes : 2538.000000
filtered : 64393.000000
time : 0.017035
