Parameters: GAD=1 vflib=1 dir=0 label=0 lowerbound=1 fileNameGp=../graphsdb/mcs90/bvg/b06/mcs90_b06_s35.A21 fileNameGt=../graphsdb/mcs90/bvg/b06/mcs90_b06_s35.B21
Reading graphs...
35 :  105
35 :  104
Initializing...
maxdom : 35
D->valSize : 1225
Solving...
currentSize : 20 <-- 0.018996 s
currentSize : 21 <-- 0.019173 s
currentSize : 22 <-- 0.019561 s
currentSize : 23 <-- 0.019690 s
currentSize : 24 <-- 0.019778 s
currentSize : 25 <-- 0.019866 s
currentSize : 26 <-- 0.020671 s
currentSize : 27 <-- 0.021260 s
currentSize : 28 <-- 0.021365 s
currentSize : 29 <-- 0.023020 s
currentSize : 31 <-- 0.026778 s
currentSize : 32 <-- 0.088909 s

maxsize : 32
nodes : 13783.000000
filtered : 510309.000000
time : 0.111807
