Parameters: GAD=1 vflib=1 dir=0 label=0 lowerbound=1 fileNameGp=../graphsdb/mcs90/rand/r01/mcs90_r01_s35.A32 fileNameGt=../graphsdb/mcs90/rand/r01/mcs90_r01_s35.B32
Reading graphs...
35 :  109
35 :  111
Initializing...
maxdom : 35
D->valSize : 1225
Solving...
currentSize : 12 <-- 0.019431 s
currentSize : 13 <-- 0.019458 s
currentSize : 14 <-- 0.019501 s
currentSize : 15 <-- 0.034515 s
currentSize : 16 <-- 0.095910 s
currentSize : 17 <-- 0.170249 s
currentSize : 18 <-- 1.603867 s
currentSize : 23 <-- 2.637889 s
currentSize : 31 <-- 2.752947 s

maxsize : 31
nodes : 682912.000000
filtered : 7820100.000000
time : 2.804297
