Parameters: GAD=1 vflib=1 dir=0 label=0 lowerbound=1 fileNameGp=../graphsdb/mcs90/bvg/b06m/mcs90_b06m_s30.A19 fileNameGt=../graphsdb/mcs90/bvg/b06m/mcs90_b06m_s30.B19
Reading graphs...
30 :  85
30 :  87
Initializing...
maxdom : 30
D->valSize : 900
Solving...
currentSize : 11 <-- 0.010391 s
currentSize : 15 <-- 0.010503 s
currentSize : 16 <-- 0.044555 s
currentSize : 17 <-- 0.515219 s
currentSize : 18 <-- 2.118261 s
currentSize : 19 <-- 3.521663 s
currentSize : 20 <-- 6.847006 s
currentSize : 21 <-- 7.528085 s
currentSize : 27 <-- 9.470767 s

maxsize : 27
nodes : 1841300.000000
filtered : 46435016.000000
time : 9.486251
