Parameters: GAD=1 vflib=1 dir=0 label=0 lowerbound=1 fileNameGp=../graphsdb/mcs90/m3D/m3Dr6/mcs90_m3Dr6_s30.A72 fileNameGt=../graphsdb/mcs90/m3D/m3Dr6/mcs90_m3Dr6_s30.B72
Reading graphs...
30 :  77
30 :  75
Initializing...
maxdom : 30
D->valSize : 900
Solving...
currentSize : 17 <-- 0.010414 s
currentSize : 18 <-- 0.010544 s
currentSize : 19 <-- 0.825515 s
currentSize : 20 <-- 0.837583 s
currentSize : 21 <-- 2.129748 s
currentSize : 24 <-- 2.588310 s
currentSize : 27 <-- 2.588361 s

maxsize : 27
nodes : 531743.000000
filtered : 12475593.000000
time : 2.609938
