Parameters: GAD=1 vflib=1 dir=0 label=0 lowerbound=1 fileNameGp=../graphsdb/mcs90/bvg/b06/mcs90_b06_s15.A41 fileNameGt=../graphsdb/mcs90/bvg/b06/mcs90_b06_s15.B41
Reading graphs...
15 :  44
15 :  44
Initializing...
maxdom : 15
D->valSize : 225
Solving...
currentSize : 6 <-- 0.000900 s
currentSize : 7 <-- 0.000913 s
currentSize : 8 <-- 0.000938 s
currentSize : 9 <-- 0.000963 s
currentSize : 11 <-- 0.001091 s
currentSize : 13 <-- 0.001120 s

maxsize : 13
nodes : 711.000000
filtered : 14520.000000
time : 0.003257
