Parameters: GAD=1 vflib=1 dir=0 label=0 lowerbound=1 fileNameGp=../graphsdb/mcs90/rand/r01/mcs90_r01_s25.A57 fileNameGt=../graphsdb/mcs90/rand/r01/mcs90_r01_s25.B57
Reading graphs...
25 :  57
25 :  57
Initializing...
maxdom : 25
D->valSize : 625
Solving...
currentSize : 12 <-- 0.005042 s
currentSize : 13 <-- 0.006043 s
currentSize : 14 <-- 0.049183 s
currentSize : 15 <-- 0.184875 s
currentSize : 18 <-- 0.227546 s
currentSize : 22 <-- 0.454468 s

maxsize : 22
nodes : 121398.000000
filtered : 1856228.000000
time : 0.462099
