Parameters: GAD=1 vflib=1 dir=0 label=0 lowerbound=1 fileNameGp=../graphsdb/mcs90/bvg/b03/mcs90_b03_s35.A31 fileNameGt=../graphsdb/mcs90/bvg/b03/mcs90_b03_s35.B31
Reading graphs...
35 :  51
35 :  52
Initializing...
maxdom : 35
D->valSize : 1225
Solving...
currentSize : 14 <-- 0.025769 s
currentSize : 20 <-- 0.025864 s
currentSize : 25 <-- 0.025888 s
currentSize : 27 <-- 0.027607 s
currentSize : 28 <-- 0.029201 s
currentSize : 29 <-- 0.040245 s
currentSize : 30 <-- 0.202835 s
currentSize : 31 <-- 0.223696 s
currentSize : 32 <-- 0.355311 s

maxsize : 32
nodes : 58899.000000
filtered : 1555036.000000
time : 0.403275
