Parameters: GAD=1 vflib=1 dir=0 label=0 lowerbound=1 fileNameGp=../graphsdb/mcs90/m3D/m3Dr6/mcs90_m3Dr6_s30.A14 fileNameGt=../graphsdb/mcs90/m3D/m3Dr6/mcs90_m3Dr6_s30.B14
Reading graphs...
30 :  77
30 :  77
Initializing...
maxdom : 30
D->valSize : 900
Solving...
currentSize : 14 <-- 0.010404 s
currentSize : 16 <-- 0.010780 s
currentSize : 17 <-- 0.031327 s
currentSize : 18 <-- 4.682232 s
currentSize : 19 <-- 14.564448 s
currentSize : 26 <-- 14.945374 s
currentSize : 27 <-- 14.945412 s

maxsize : 27
nodes : 3524288.000000
filtered : 55805956.000000
time : 14.998572
