Parameters: GAD=1 vflib=1 dir=0 label=0 lowerbound=1 fileNameGp=../graphsdb/mcs90/bvg/b09m/mcs90_b09m_s20.A44 fileNameGt=../graphsdb/mcs90/bvg/b09m/mcs90_b09m_s20.B44
Reading graphs...
20 :  88
20 :  88
Initializing...
maxdom : 20
D->valSize : 400
Solving...
currentSize : 8 <-- 0.001973 s
currentSize : 9 <-- 0.002362 s
currentSize : 10 <-- 0.003459 s
currentSize : 11 <-- 0.051751 s
currentSize : 12 <-- 0.073940 s
currentSize : 13 <-- 0.073967 s
currentSize : 15 <-- 0.115597 s
currentSize : 18 <-- 0.115800 s

maxsize : 18
nodes : 36822.000000
filtered : 366059.000000
time : 0.117643
