Parameters: GAD=1 vflib=1 dir=0 label=0 lowerbound=1 fileNameGp=../graphsdb/mcs90/bvg/b03m/mcs90_b03m_s35.A91 fileNameGt=../graphsdb/mcs90/bvg/b03m/mcs90_b03m_s35.B91
Reading graphs...
35 :  52
35 :  52
Initializing...
maxdom : 35
D->valSize : 1225
Solving...
currentSize : 17 <-- 0.036377 s
currentSize : 21 <-- 0.036452 s
currentSize : 22 <-- 0.045810 s
currentSize : 23 <-- 0.053087 s
currentSize : 24 <-- 0.532560 s
currentSize : 25 <-- 7.663878 s
currentSize : 26 <-- 16.043606 s
currentSize : 27 <-- 20.879818 s
currentSize : 28 <-- 21.708055 s
currentSize : 29 <-- 30.352032 s
currentSize : 30 <-- 30.368719 s

maxsize : 30
nodes : 5778409.000000
filtered : 127260012.000000
time : 30.688492
