Parameters: GAD=1 vflib=1 dir=0 label=0 lowerbound=1 fileNameGp=../graphsdb/mcs90/bvg/b09m/mcs90_b09m_s25.A07 fileNameGt=../graphsdb/mcs90/bvg/b09m/mcs90_b09m_s25.B07
Reading graphs...
25 :  110
25 :  109
Initializing...
maxdom : 25
D->valSize : 625
Solving...
currentSize : 10 <-- 0.004552 s
currentSize : 11 <-- 0.004627 s
currentSize : 12 <-- 0.068415 s
currentSize : 13 <-- 0.180651 s
currentSize : 17 <-- 0.180699 s
currentSize : 20 <-- 0.236825 s
currentSize : 22 <-- 0.236872 s

maxsize : 22
nodes : 67837.000000
filtered : 817226.000000
time : 0.249575
