Parameters: GAD=1 vflib=1 dir=0 label=0 lowerbound=1 fileNameGp=../graphsdb/mcs90/bvg/b09/mcs90_b09_s20.A73 fileNameGt=../graphsdb/mcs90/bvg/b09/mcs90_b09_s20.B73
Reading graphs...
20 :  90
20 :  89
Initializing...
maxdom : 20
D->valSize : 400
Solving...
currentSize : 8 <-- 0.001977 s
currentSize : 10 <-- 0.002015 s
currentSize : 14 <-- 0.002043 s
currentSize : 16 <-- 0.002289 s
currentSize : 17 <-- 0.002308 s
currentSize : 18 <-- 0.002351 s

maxsize : 18
nodes : 1218.000000
filtered : 47089.000000
time : 0.008158
