Parameters: GAD=1 vflib=1 dir=0 label=0 lowerbound=1 fileNameGp=../graphsdb/mcs90/bvg/b03/mcs90_b03_s15.A32 fileNameGt=../graphsdb/mcs90/bvg/b03/mcs90_b03_s15.B32
Reading graphs...
15 :  22
15 :  22
Initializing...
maxdom : 15
D->valSize : 225
Solving...
currentSize : 7 <-- 0.000893 s
currentSize : 9 <-- 0.000914 s
currentSize : 10 <-- 0.000931 s
currentSize : 11 <-- 0.001496 s
currentSize : 12 <-- 0.001649 s
currentSize : 13 <-- 0.001826 s

maxsize : 13
nodes : 1279.000000
filtered : 15643.000000
time : 0.004269
