Parameters: GAD=1 vflib=1 dir=0 label=0 lowerbound=1 fileNameGp=../graphsdb/mcs90/bvg/b09/mcs90_b09_s30.A04 fileNameGt=../graphsdb/mcs90/bvg/b09/mcs90_b09_s30.B04
Reading graphs...
30 :  135
30 :  135
Initializing...
maxdom : 30
D->valSize : 900
Solving...
currentSize : 11 <-- 0.009728 s
currentSize : 13 <-- 0.009771 s
currentSize : 14 <-- 0.009867 s
currentSize : 18 <-- 0.009921 s
currentSize : 20 <-- 0.011482 s
currentSize : 21 <-- 0.023472 s
currentSize : 22 <-- 0.023516 s
currentSize : 23 <-- 0.023699 s
currentSize : 26 <-- 0.023859 s

maxsize : 26
nodes : 22134.000000
filtered : 1098380.000000
time : 0.160864
