Parameters: GAD=1 vflib=1 dir=0 label=0 lowerbound=1 fileNameGp=../graphsdb/mcs90/m3D/m3Dr4/mcs90_m3Dr4_s30.A28 fileNameGt=../graphsdb/mcs90/m3D/m3Dr4/mcs90_m3Dr4_s30.B28
Reading graphs...
30 :  71
30 :  72
Initializing...
maxdom : 30
D->valSize : 900
Solving...
currentSize : 14 <-- 0.010424 s
currentSize : 16 <-- 0.010443 s
currentSize : 18 <-- 0.010482 s
currentSize : 19 <-- 0.014077 s
currentSize : 20 <-- 1.323357 s
currentSize : 24 <-- 4.494836 s
currentSize : 27 <-- 4.823565 s

maxsize : 27
nodes : 961896.000000
filtered : 22303092.000000
time : 4.832244
