Parameters: GAD=1 vflib=1 dir=0 label=0 lowerbound=1 fileNameGp=../graphsdb/mcs90/bvg/b09m/mcs90_b09m_s15.A80 fileNameGt=../graphsdb/mcs90/bvg/b09m/mcs90_b09m_s15.B80
Reading graphs...
15 :  62
15 :  61
Initializing...
maxdom : 15
D->valSize : 225
Solving...
currentSize : 6 <-- 0.000855 s
currentSize : 7 <-- 0.000868 s
currentSize : 8 <-- 0.000913 s
currentSize : 9 <-- 0.001227 s
currentSize : 10 <-- 0.003330 s
currentSize : 12 <-- 0.006526 s

maxsize : 12
nodes : 2900.000000
filtered : 43123.000000
time : 0.009678
