Parameters: GAD=1 vflib=1 dir=0 label=0 lowerbound=1 fileNameGp=../graphsdb/mcs90/m2D/m2D/mcs90_m2D_s30.A58 fileNameGt=../graphsdb/mcs90/m2D/m2D/mcs90_m2D_s30.B58
Reading graphs...
30 :  49
30 :  49
Initializing...
maxdom : 30
D->valSize : 900
Solving...
currentSize : 16 <-- 0.011051 s
currentSize : 17 <-- 0.011082 s
currentSize : 18 <-- 0.011132 s
currentSize : 19 <-- 0.014204 s
currentSize : 21 <-- 0.134195 s
currentSize : 23 <-- 0.258051 s
currentSize : 24 <-- 0.345197 s
currentSize : 25 <-- 0.362063 s
currentSize : 26 <-- 0.402338 s

maxsize : 26
nodes : 108035.000000
filtered : 2136673.000000
time : 0.522276
