Parameters: GAD=1 vflib=1 dir=0 label=0 lowerbound=1 fileNameGp=../graphsdb/mcs90/rand/r01/mcs90_r01_s15.A99 fileNameGt=../graphsdb/mcs90/rand/r01/mcs90_r01_s15.B99
Reading graphs...
15 :  20
15 :  18
Initializing...
maxdom : 15
D->valSize : 225
Solving...
currentSize : 6 <-- 0.000896 s
currentSize : 7 <-- 0.000913 s
currentSize : 8 <-- 0.000989 s
currentSize : 9 <-- 0.001120 s
currentSize : 10 <-- 0.002818 s
currentSize : 11 <-- 0.002840 s
currentSize : 13 <-- 0.003050 s

maxsize : 13
nodes : 1395.000000
filtered : 10415.000000
time : 0.003795
