Parameters: GAD=1 vflib=1 dir=0 label=0 lowerbound=1 fileNameGp=../graphsdb/mcs90/bvg/b03m/mcs90_b03m_s20.A40 fileNameGt=../graphsdb/mcs90/bvg/b03m/mcs90_b03m_s20.B40
Reading graphs...
20 :  29
20 :  29
Initializing...
maxdom : 20
D->valSize : 400
Solving...
currentSize : 12 <-- 0.003852 s
currentSize : 13 <-- 0.006656 s
currentSize : 14 <-- 0.010788 s
currentSize : 15 <-- 0.017680 s
currentSize : 16 <-- 0.023102 s
currentSize : 17 <-- 0.023175 s
currentSize : 18 <-- 0.023231 s

maxsize : 18
nodes : 4784.000000
filtered : 54083.000000
time : 0.026037
