Parameters: GAD=1 vflib=1 dir=0 label=0 lowerbound=1 fileNameGp=../graphsdb/mcs90/rand/r005/mcs90_r005_s30.A14 fileNameGt=../graphsdb/mcs90/rand/r005/mcs90_r005_s30.B14
Reading graphs...
30 :  42
30 :  42
Initializing...
maxdom : 30
D->valSize : 900
Solving...
currentSize : 16 <-- 0.019607 s
currentSize : 17 <-- 0.019896 s
currentSize : 18 <-- 0.020904 s
currentSize : 20 <-- 0.022135 s
currentSize : 21 <-- 0.028791 s
currentSize : 26 <-- 4.786512 s
currentSize : 27 <-- 4.786544 s

maxsize : 27
nodes : 1174133.000000
filtered : 17012625.000000
time : 4.807944
