Parameters: GAD=1 vflib=1 dir=0 label=0 lowerbound=1 fileNameGp=../graphsdb/mcs90/bvg/b06m/mcs90_b06m_s25.A66 fileNameGt=../graphsdb/mcs90/bvg/b06m/mcs90_b06m_s25.B66
Reading graphs...
25 :  74
25 :  74
Initializing...
maxdom : 25
D->valSize : 625
Solving...
currentSize : 8 <-- 0.004706 s
currentSize : 9 <-- 0.004723 s
currentSize : 11 <-- 0.004770 s
currentSize : 12 <-- 0.004890 s
currentSize : 13 <-- 0.007860 s
currentSize : 14 <-- 0.108714 s
currentSize : 15 <-- 0.431881 s
currentSize : 16 <-- 0.780207 s
currentSize : 17 <-- 0.875253 s
currentSize : 22 <-- 0.961234 s

maxsize : 22
nodes : 244658.000000
filtered : 4146094.000000
time : 0.973806
