Parameters: GAD=1 vflib=1 dir=0 label=0 lowerbound=1 fileNameGp=../graphsdb/mcs90/rand/r005/mcs90_r005_s35.A94 fileNameGt=../graphsdb/mcs90/rand/r005/mcs90_r005_s35.B94
Reading graphs...
35 :  57
35 :  57
Initializing...
maxdom : 35
D->valSize : 1225
Solving...
currentSize : 19 <-- 0.035823 s
currentSize : 20 <-- 0.037474 s
currentSize : 21 <-- 0.055035 s
currentSize : 22 <-- 0.079281 s
currentSize : 23 <-- 0.321182 s
currentSize : 24 <-- 0.321872 s
currentSize : 25 <-- 16.248306 s
currentSize : 26 <-- 184.021347 s
currentSize : 27 <-- 199.681671 s
currentSize : 28 <-- 199.767822 s
currentSize : 29 <-- 199.777573 s
currentSize : 31 <-- 199.779327 s

maxsize : 31
nodes : 34381475.000000
filtered : 907220371.000000
time : 199.830505
