Parameters: GAD=1 vflib=1 dir=0 label=0 lowerbound=1 fileNameGp=../graphsdb/mcs90/m4D/m4Dr4/mcs90_m4Dr4_s20.A41 fileNameGt=../graphsdb/mcs90/m4D/m4Dr4/mcs90_m4Dr4_s20.B41
Reading graphs...
20 :  45
20 :  45
Initializing...
maxdom : 20
D->valSize : 400
Solving...
currentSize : 7 <-- 0.002131 s
currentSize : 9 <-- 0.002172 s
currentSize : 10 <-- 0.005420 s
currentSize : 11 <-- 0.023399 s
currentSize : 13 <-- 0.023409 s
currentSize : 14 <-- 0.056078 s
currentSize : 16 <-- 0.066503 s

maxsize : 16
nodes : 22468.000000
filtered : 316983.000000
time : 0.076332
