Parameters: GAD=1 vflib=1 dir=0 label=0 lowerbound=1 fileNameGp=../graphsdb/mcs90/m3D/m3Dr2/mcs90_m3Dr2_s30.A60 fileNameGt=../graphsdb/mcs90/m3D/m3Dr2/mcs90_m3Dr2_s30.B60
Reading graphs...
30 :  67
30 :  66
Initializing...
maxdom : 30
D->valSize : 900
Solving...
currentSize : 15 <-- 0.011424 s
currentSize : 16 <-- 0.012138 s
currentSize : 17 <-- 0.012185 s
currentSize : 18 <-- 0.024267 s
currentSize : 19 <-- 0.081242 s
currentSize : 20 <-- 0.366591 s
currentSize : 21 <-- 9.101517 s
currentSize : 22 <-- 11.992394 s
currentSize : 23 <-- 14.734905 s
currentSize : 24 <-- 16.698826 s
currentSize : 27 <-- 16.921644 s

maxsize : 27
nodes : 3493097.000000
filtered : 78876648.000000
time : 16.926563
