Parameters: GAD=1 vflib=1 dir=0 label=0 lowerbound=1 fileNameGp=../graphsdb/mcs90/bvg/b09m/mcs90_b09m_s30.A85 fileNameGt=../graphsdb/mcs90/bvg/b09m/mcs90_b09m_s30.B85
Reading graphs...
30 :  133
30 :  133
Initializing...
maxdom : 30
D->valSize : 900
Solving...
currentSize : 12 <-- 0.009509 s
currentSize : 13 <-- 0.009565 s
currentSize : 14 <-- 0.077294 s
currentSize : 16 <-- 0.385938 s
currentSize : 17 <-- 1.419798 s
currentSize : 18 <-- 1.427954 s
currentSize : 19 <-- 3.732514 s
currentSize : 26 <-- 6.024717 s

maxsize : 26
nodes : 1161122.000000
filtered : 27785626.000000
time : 6.048220
