Parameters: GAD=1 vflib=1 dir=0 label=0 lowerbound=1 fileNameGp=../graphsdb/mcs90/bvg/b09/mcs90_b09_s20.A04 fileNameGt=../graphsdb/mcs90/bvg/b09/mcs90_b09_s20.B04
Reading graphs...
20 :  90
20 :  90
Initializing...
maxdom : 20
D->valSize : 400
Solving...
currentSize : 8 <-- 0.002004 s
currentSize : 11 <-- 0.002022 s
currentSize : 12 <-- 0.002069 s
currentSize : 14 <-- 0.002148 s
currentSize : 16 <-- 0.002200 s
currentSize : 18 <-- 0.002642 s

maxsize : 18
nodes : 1317.000000
filtered : 57860.000000
time : 0.009087
