Parameters: GAD=1 vflib=1 dir=0 label=0 lowerbound=1 fileNameGp=../graphsdb/mcs90/rand/r005/mcs90_r005_s25.A06 fileNameGt=../graphsdb/mcs90/rand/r005/mcs90_r005_s25.B06
Reading graphs...
25 :  29
25 :  29
Initializing...
maxdom : 25
D->valSize : 625
Solving...
currentSize : 11 <-- 0.005958 s
currentSize : 12 <-- 0.007371 s
currentSize : 18 <-- 0.018620 s
currentSize : 19 <-- 0.255622 s
currentSize : 20 <-- 0.257487 s
currentSize : 21 <-- 0.300960 s
currentSize : 22 <-- 0.302104 s
currentSize : 23 <-- 0.304101 s

maxsize : 23
nodes : 80916.000000
filtered : 1106183.000000
time : 0.305085
