Parameters: GAD=1 vflib=1 dir=0 label=0 lowerbound=1 fileNameGp=../graphsdb/mcs90/bvg/b03m/mcs90_b03m_s35.A47 fileNameGt=../graphsdb/mcs90/bvg/b03m/mcs90_b03m_s35.B47
Reading graphs...
35 :  52
35 :  52
Initializing...
maxdom : 35
D->valSize : 1225
Solving...
currentSize : 20 <-- 0.036325 s
currentSize : 21 <-- 0.036464 s
currentSize : 22 <-- 0.036701 s
currentSize : 26 <-- 0.042678 s
currentSize : 27 <-- 0.296837 s
currentSize : 29 <-- 1.480590 s
currentSize : 30 <-- 1.505555 s

maxsize : 30
nodes : 281530.000000
filtered : 9147527.000000
time : 2.083480
