Parameters: GAD=1 vflib=1 dir=0 label=0 lowerbound=1 fileNameGp=../graphsdb/mcs90/bvg/b06m/mcs90_b06m_s35.A53 fileNameGt=../graphsdb/mcs90/bvg/b06m/mcs90_b06m_s35.B53
Reading graphs...
35 :  104
35 :  104
Initializing...
maxdom : 35
D->valSize : 1225
Solving...
currentSize : 18 <-- 0.019967 s
currentSize : 19 <-- 0.110530 s
currentSize : 20 <-- 0.170699 s
currentSize : 21 <-- 0.290795 s
currentSize : 22 <-- 0.412386 s
currentSize : 23 <-- 0.425022 s
currentSize : 25 <-- 0.483630 s
currentSize : 27 <-- 1.692676 s
currentSize : 31 <-- 1.703084 s

maxsize : 31
nodes : 266705.000000
filtered : 10349063.000000
time : 1.782953
