Parameters: GAD=1 vflib=1 dir=0 label=0 lowerbound=1 fileNameGp=../graphsdb/mcs90/bvg/b03m/mcs90_b03m_s25.A42 fileNameGt=../graphsdb/mcs90/bvg/b03m/mcs90_b03m_s25.B42
Reading graphs...
25 :  37
25 :  37
Initializing...
maxdom : 25
D->valSize : 625
Solving...
currentSize : 14 <-- 0.009095 s
currentSize : 15 <-- 0.009115 s
currentSize : 16 <-- 0.013620 s
currentSize : 17 <-- 0.021624 s
currentSize : 18 <-- 0.024856 s
currentSize : 19 <-- 0.091576 s
currentSize : 20 <-- 0.200595 s
currentSize : 22 <-- 0.204354 s

maxsize : 22
nodes : 33833.000000
filtered : 570165.000000
time : 0.222114
