Parameters: GAD=1 vflib=1 dir=0 label=0 lowerbound=1 fileNameGp=../graphsdb/mcs90/bvg/b06m/mcs90_b06m_s30.A91 fileNameGt=../graphsdb/mcs90/bvg/b06m/mcs90_b06m_s30.B91
Reading graphs...
30 :  89
30 :  88
Initializing...
maxdom : 30
D->valSize : 900
Solving...
currentSize : 10 <-- 0.017615 s
currentSize : 12 <-- 0.017640 s
currentSize : 13 <-- 0.017751 s
currentSize : 14 <-- 0.018141 s
currentSize : 15 <-- 0.019114 s
currentSize : 16 <-- 0.201059 s
currentSize : 17 <-- 0.272868 s
currentSize : 18 <-- 0.339304 s
currentSize : 19 <-- 3.623872 s
currentSize : 20 <-- 3.746972 s
currentSize : 21 <-- 3.809158 s
currentSize : 23 <-- 4.098125 s
currentSize : 25 <-- 4.148894 s
currentSize : 27 <-- 4.162330 s

maxsize : 27
nodes : 827989.000000
filtered : 20156579.000000
time : 4.174419
