Parameters: GAD=1 vflib=1 dir=0 label=0 lowerbound=1 fileNameGp=../graphsdb/mcs90/bvg/b06/mcs90_b06_s25.A66 fileNameGt=../graphsdb/mcs90/bvg/b06/mcs90_b06_s25.B66
Reading graphs...
25 :  75
25 :  74
Initializing...
maxdom : 25
D->valSize : 625
Solving...
currentSize : 16 <-- 0.004721 s
currentSize : 17 <-- 0.004798 s
currentSize : 18 <-- 0.006041 s
currentSize : 19 <-- 0.006485 s
currentSize : 20 <-- 0.006509 s
currentSize : 22 <-- 0.007459 s

maxsize : 22
nodes : 6572.000000
filtered : 201940.000000
time : 0.037431
