Parameters: GAD=1 vflib=1 dir=0 label=0 lowerbound=1 fileNameGp=../graphsdb/mcs90/bvg/b06m/mcs90_b06m_s30.A44 fileNameGt=../graphsdb/mcs90/bvg/b06m/mcs90_b06m_s30.B44
Reading graphs...
30 :  88
30 :  89
Initializing...
maxdom : 30
D->valSize : 900
Solving...
currentSize : 11 <-- 0.010123 s
currentSize : 14 <-- 0.010168 s
currentSize : 15 <-- 0.010264 s
currentSize : 16 <-- 0.013242 s
currentSize : 17 <-- 0.014958 s
currentSize : 18 <-- 0.404660 s
currentSize : 19 <-- 0.523854 s
currentSize : 21 <-- 0.524487 s
currentSize : 23 <-- 1.139292 s
currentSize : 24 <-- 1.297763 s
currentSize : 27 <-- 1.297979 s

maxsize : 27
nodes : 227357.000000
filtered : 7123600.000000
time : 1.310713
