Parameters: GAD=1 vflib=1 dir=0 label=0 lowerbound=1 fileNameGp=../graphsdb/mcs90/m4D/m4Dr4/mcs90_m4Dr4_s20.A43 fileNameGt=../graphsdb/mcs90/m4D/m4Dr4/mcs90_m4Dr4_s20.B43
Reading graphs...
20 :  44
20 :  43
Initializing...
maxdom : 20
D->valSize : 400
Solving...
currentSize : 9 <-- 0.002131 s
currentSize : 10 <-- 0.002257 s
currentSize : 11 <-- 0.003248 s
currentSize : 13 <-- 0.003843 s
currentSize : 14 <-- 0.032237 s
currentSize : 15 <-- 0.036791 s
currentSize : 16 <-- 0.056768 s

maxsize : 16
nodes : 19091.000000
filtered : 368988.000000
time : 0.074704
