Parameters: GAD=1 vflib=1 dir=0 label=0 lowerbound=1 fileNameGp=../graphsdb/mcs90/bvg/b09/mcs90_b09_s30.A52 fileNameGt=../graphsdb/mcs90/bvg/b09/mcs90_b09_s30.B52
Reading graphs...
30 :  135
30 :  134
Initializing...
maxdom : 30
D->valSize : 900
Solving...
currentSize : 11 <-- 0.016030 s
currentSize : 12 <-- 0.016085 s
currentSize : 13 <-- 0.016185 s
currentSize : 14 <-- 0.016470 s
currentSize : 15 <-- 0.017784 s
currentSize : 16 <-- 0.019136 s
currentSize : 17 <-- 0.019859 s
currentSize : 20 <-- 0.021088 s
currentSize : 22 <-- 0.021195 s
currentSize : 26 <-- 0.039989 s

maxsize : 26
nodes : 20866.000000
filtered : 1227634.000000
time : 0.190726
