Parameters: GAD=1 vflib=1 dir=0 label=0 lowerbound=1 fileNameGp=../graphsdb/mcs90/rand/r02/mcs90_r02_s20.A79 fileNameGt=../graphsdb/mcs90/rand/r02/mcs90_r02_s20.B79
Reading graphs...
20 :  67
20 :  66
Initializing...
maxdom : 20
D->valSize : 400
Solving...
currentSize : 8 <-- 0.002034 s
currentSize : 9 <-- 0.002057 s
currentSize : 10 <-- 0.002090 s
currentSize : 11 <-- 0.004610 s
currentSize : 12 <-- 0.016754 s
currentSize : 14 <-- 0.030498 s
currentSize : 18 <-- 0.037025 s

maxsize : 18
nodes : 10586.000000
filtered : 144453.000000
time : 0.038457
