Parameters: GAD=1 vflib=1 dir=0 label=0 lowerbound=1 fileNameGp=../graphsdb/mcs90/bvg/b06m/mcs90_b06m_s35.A11 fileNameGt=../graphsdb/mcs90/bvg/b06m/mcs90_b06m_s35.B11
Reading graphs...
35 :  101
35 :  100
Initializing...
maxdom : 35
D->valSize : 1225
Solving...
currentSize : 13 <-- 0.033127 s
currentSize : 15 <-- 0.034254 s
currentSize : 16 <-- 0.037764 s
currentSize : 17 <-- 0.051582 s
currentSize : 18 <-- 0.061052 s
currentSize : 19 <-- 0.081851 s
currentSize : 20 <-- 0.133832 s
currentSize : 21 <-- 12.667578 s
currentSize : 22 <-- 75.564568 s
currentSize : 23 <-- 79.098953 s
currentSize : 24 <-- 80.528656 s
currentSize : 25 <-- 96.165230 s
currentSize : 27 <-- 96.184097 s
currentSize : 28 <-- 96.184128 s
currentSize : 31 <-- 96.625710 s

maxsize : 31
nodes : 17084662.000000
filtered : 484085715.000000
time : 96.653854
