Parameters: GAD=1 vflib=1 dir=0 label=0 lowerbound=1 fileNameGp=../graphsdb/mcs90/rand/r005/mcs90_r005_s35.A57 fileNameGt=../graphsdb/mcs90/rand/r005/mcs90_r005_s35.B57
Reading graphs...
35 :  57
35 :  57
Initializing...
maxdom : 35
D->valSize : 1225
Solving...
currentSize : 17 <-- 0.020872 s
currentSize : 18 <-- 0.020894 s
currentSize : 19 <-- 0.074345 s
currentSize : 20 <-- 0.092990 s
currentSize : 21 <-- 6.124273 s
currentSize : 22 <-- 6.125782 s
currentSize : 23 <-- 7.475662 s
currentSize : 24 <-- 18.281025 s
currentSize : 25 <-- 26.854504 s
currentSize : 26 <-- 27.283846 s
currentSize : 27 <-- 38.985977 s
currentSize : 28 <-- 38.998768 s
currentSize : 29 <-- 39.241852 s
currentSize : 31 <-- 40.387688 s

maxsize : 31
nodes : 8051663.000000
filtered : 147070034.000000
time : 40.433712
