Parameters: GAD=1 vflib=1 dir=0 label=0 lowerbound=1 fileNameGp=../graphsdb/mcs90/m2D/m2Dr4/mcs90_m2Dr4_s30.A32 fileNameGt=../graphsdb/mcs90/m2D/m2Dr4/mcs90_m2Dr4_s30.B32
Reading graphs...
30 :  60
30 :  58
Initializing...
maxdom : 30
D->valSize : 900
Solving...
currentSize : 13 <-- 0.015604 s
currentSize : 14 <-- 0.015671 s
currentSize : 15 <-- 0.016051 s
currentSize : 16 <-- 0.016361 s
currentSize : 18 <-- 0.016662 s
currentSize : 19 <-- 0.089937 s
currentSize : 20 <-- 8.235343 s
currentSize : 21 <-- 27.059704 s
currentSize : 22 <-- 30.841421 s
currentSize : 24 <-- 30.944845 s
currentSize : 25 <-- 30.944914 s

maxsize : 25
nodes : 7000446.000000
filtered : 133165809.000000
time : 31.322664
