Parameters: GAD=1 vflib=1 dir=0 label=0 lowerbound=1 fileNameGp=../graphsdb/mcs90/m2D/m2Dr6/mcs90_m2Dr6_s20.A29 fileNameGt=../graphsdb/mcs90/m2D/m2Dr6/mcs90_m2Dr6_s20.B29
Reading graphs...
20 :  42
20 :  42
Initializing...
maxdom : 20
D->valSize : 400
Solving...
currentSize : 9 <-- 0.002137 s
currentSize : 10 <-- 0.002256 s
currentSize : 11 <-- 0.002272 s
currentSize : 12 <-- 0.007118 s
currentSize : 13 <-- 0.017782 s
currentSize : 14 <-- 0.032249 s
currentSize : 16 <-- 0.103860 s

maxsize : 16
nodes : 29008.000000
filtered : 491337.000000
time : 0.111114
