Parameters: GAD=1 vflib=1 dir=0 label=0 lowerbound=1 fileNameGp=../graphsdb/mcs90/rand/r02/mcs90_r02_s25.A71 fileNameGt=../graphsdb/mcs90/rand/r02/mcs90_r02_s25.B71
Reading graphs...
25 :  108
25 :  109
Initializing...
maxdom : 25
D->valSize : 625
Solving...
currentSize : 9 <-- 0.004891 s
currentSize : 10 <-- 0.004923 s
currentSize : 11 <-- 0.004969 s
currentSize : 12 <-- 0.005504 s
currentSize : 13 <-- 0.081272 s
currentSize : 15 <-- 0.561197 s
currentSize : 16 <-- 2.482962 s
currentSize : 22 <-- 2.483218 s

maxsize : 22
nodes : 626914.000000
filtered : 10027556.000000
time : 2.489360
