Parameters: GAD=1 vflib=1 dir=0 label=0 lowerbound=1 fileNameGp=../graphsdb/mcs90/bvg/b09m/mcs90_b09m_s20.A19 fileNameGt=../graphsdb/mcs90/bvg/b09m/mcs90_b09m_s20.B19
Reading graphs...
20 :  86
20 :  85
Initializing...
maxdom : 20
D->valSize : 400
Solving...
currentSize : 7 <-- 0.002033 s
currentSize : 8 <-- 0.002069 s
currentSize : 9 <-- 0.002084 s
currentSize : 10 <-- 0.003044 s
currentSize : 11 <-- 0.003870 s
currentSize : 13 <-- 0.007862 s
currentSize : 14 <-- 0.071053 s
currentSize : 18 <-- 0.071596 s

maxsize : 18
nodes : 20089.000000
filtered : 289110.000000
time : 0.073626
