Parameters: GAD=1 vflib=1 dir=0 label=0 lowerbound=1 fileNameGp=../graphsdb/mcs90/rand/r01/mcs90_r01_s35.A41 fileNameGt=../graphsdb/mcs90/rand/r01/mcs90_r01_s35.B41
Reading graphs...
35 :  116
35 :  116
Initializing...
maxdom : 35
D->valSize : 1225
Solving...
currentSize : 13 <-- 0.018775 s
currentSize : 14 <-- 0.018895 s
currentSize : 15 <-- 0.020323 s
currentSize : 16 <-- 0.031387 s
currentSize : 17 <-- 0.048321 s
currentSize : 18 <-- 1.500496 s
currentSize : 19 <-- 1.507521 s
currentSize : 20 <-- 1.555720 s
currentSize : 21 <-- 3.265389 s
currentSize : 22 <-- 3.267104 s
currentSize : 23 <-- 4.843324 s
currentSize : 24 <-- 4.982313 s
currentSize : 25 <-- 5.242975 s
currentSize : 31 <-- 8.609972 s

maxsize : 31
nodes : 1496700.000000
filtered : 45739031.000000
time : 8.703397
