Parameters: GAD=1 vflib=1 dir=0 label=0 lowerbound=1 fileNameGp=../graphsdb/mcs90/m2D/m2Dr2/mcs90_m2Dr2_s30.A84 fileNameGt=../graphsdb/mcs90/m2D/m2Dr2/mcs90_m2Dr2_s30.B84
Reading graphs...
30 :  53
30 :  54
Initializing...
maxdom : 30
D->valSize : 900
Solving...
currentSize : 15 <-- 0.018834 s
currentSize : 16 <-- 0.018909 s
currentSize : 17 <-- 0.021263 s
currentSize : 18 <-- 0.022166 s
currentSize : 19 <-- 0.022957 s
currentSize : 20 <-- 1.757427 s
currentSize : 21 <-- 2.388956 s
currentSize : 22 <-- 22.608681 s
currentSize : 24 <-- 23.175064 s
currentSize : 25 <-- 23.525137 s

maxsize : 25
nodes : 4873547.000000
filtered : 106195649.000000
time : 23.824451
