Parameters: GAD=1 vflib=1 dir=0 label=0 lowerbound=1 fileNameGp=../graphsdb/mcs90/bvg/b06/mcs90_b06_s20.A26 fileNameGt=../graphsdb/mcs90/bvg/b06/mcs90_b06_s20.B26
Reading graphs...
20 :  60
20 :  60
Initializing...
maxdom : 20
D->valSize : 400
Solving...
currentSize : 10 <-- 0.002045 s
currentSize : 11 <-- 0.002071 s
currentSize : 12 <-- 0.002109 s
currentSize : 14 <-- 0.002338 s
currentSize : 15 <-- 0.002746 s
currentSize : 16 <-- 0.002759 s
currentSize : 18 <-- 0.003020 s

maxsize : 18
nodes : 1461.000000
filtered : 36475.000000
time : 0.008146
