Parameters: GAD=1 vflib=1 dir=0 label=0 lowerbound=1 fileNameGp=../graphsdb/mcs90/m2D/m2Dr4/mcs90_m2Dr4_s30.A82 fileNameGt=../graphsdb/mcs90/m2D/m2Dr4/mcs90_m2Dr4_s30.B82
Reading graphs...
30 :  60
30 :  60
Initializing...
maxdom : 30
D->valSize : 900
Solving...
currentSize : 14 <-- 0.011318 s
currentSize : 15 <-- 0.011742 s
currentSize : 16 <-- 0.014355 s
currentSize : 17 <-- 0.016276 s
currentSize : 18 <-- 0.035304 s
currentSize : 19 <-- 0.119775 s
currentSize : 20 <-- 4.234590 s
currentSize : 21 <-- 10.168918 s
currentSize : 22 <-- 10.333318 s
currentSize : 23 <-- 10.333393 s
currentSize : 25 <-- 10.333860 s
currentSize : 26 <-- 10.333930 s

maxsize : 26
nodes : 2369253.000000
filtered : 41342138.000000
time : 10.409395
