Parameters: GAD=1 vflib=1 dir=0 label=0 lowerbound=1 fileNameGp=../graphsdb/mcs90/rand/r01/mcs90_r01_s35.A90 fileNameGt=../graphsdb/mcs90/rand/r01/mcs90_r01_s35.B90
Reading graphs...
35 :  113
35 :  113
Initializing...
maxdom : 35
D->valSize : 1225
Solving...
currentSize : 13 <-- 0.020214 s
currentSize : 15 <-- 0.020287 s
currentSize : 16 <-- 0.024014 s
currentSize : 17 <-- 0.025880 s
currentSize : 18 <-- 0.191970 s
currentSize : 19 <-- 6.880375 s
currentSize : 20 <-- 16.829784 s
currentSize : 21 <-- 75.586777 s
currentSize : 23 <-- 82.661835 s
currentSize : 26 <-- 82.716019 s
currentSize : 31 <-- 82.719017 s

maxsize : 31
nodes : 16132495.000000
filtered : 346879992.000000
time : 82.837044
