Parameters: GAD=1 vflib=1 dir=0 label=0 lowerbound=1 fileNameGp=../graphsdb/mcs90/bvg/b09m/mcs90_b09m_s25.A12 fileNameGt=../graphsdb/mcs90/bvg/b09m/mcs90_b09m_s25.B12
Reading graphs...
25 :  106
25 :  106
Initializing...
maxdom : 25
D->valSize : 625
Solving...
currentSize : 8 <-- 0.004550 s
currentSize : 9 <-- 0.004566 s
currentSize : 10 <-- 0.004720 s
currentSize : 11 <-- 0.005172 s
currentSize : 12 <-- 0.046778 s
currentSize : 13 <-- 0.055381 s
currentSize : 14 <-- 0.660790 s
currentSize : 22 <-- 0.722873 s

maxsize : 22
nodes : 205051.000000
filtered : 2365132.000000
time : 0.744191
