Parameters: GAD=1 vflib=1 dir=0 label=0 lowerbound=1 fileNameGp=../graphsdb/mcs90/bvg/b09m/mcs90_b09m_s25.A57 fileNameGt=../graphsdb/mcs90/bvg/b09m/mcs90_b09m_s25.B57
Reading graphs...
25 :  107
25 :  107
Initializing...
maxdom : 25
D->valSize : 625
Solving...
currentSize : 8 <-- 0.004577 s
currentSize : 9 <-- 0.004593 s
currentSize : 10 <-- 0.004614 s
currentSize : 11 <-- 0.005120 s
currentSize : 12 <-- 0.006795 s
currentSize : 13 <-- 0.055745 s
currentSize : 15 <-- 1.981219 s
currentSize : 18 <-- 2.080207 s
currentSize : 22 <-- 2.080791 s

maxsize : 22
nodes : 550160.000000
filtered : 7163550.000000
time : 2.092184
