Parameters: GAD=1 vflib=1 dir=0 label=0 lowerbound=1 fileNameGp=../graphsdb/mcs90/rand/r02/mcs90_r02_s15.A38 fileNameGt=../graphsdb/mcs90/rand/r02/mcs90_r02_s15.B38
Reading graphs...
15 :  36
15 :  36
Initializing...
maxdom : 15
D->valSize : 225
Solving...
currentSize : 7 <-- 0.000813 s
currentSize : 8 <-- 0.000842 s
currentSize : 9 <-- 0.001015 s
currentSize : 10 <-- 0.001065 s
currentSize : 11 <-- 0.008380 s
currentSize : 13 <-- 0.009866 s

maxsize : 13
nodes : 3310.000000
filtered : 39424.000000
time : 0.010338
