Parameters: GAD=1 vflib=1 dir=0 label=0 lowerbound=1 fileNameGp=../graphsdb/mcs90/m3D/m3Dr2/mcs90_m3Dr2_s30.A44 fileNameGt=../graphsdb/mcs90/m3D/m3Dr2/mcs90_m3Dr2_s30.B44
Reading graphs...
30 :  67
30 :  66
Initializing...
maxdom : 30
D->valSize : 900
Solving...
currentSize : 15 <-- 0.018480 s
currentSize : 18 <-- 0.018520 s
currentSize : 19 <-- 0.057520 s
currentSize : 20 <-- 0.092700 s
currentSize : 21 <-- 1.546882 s
currentSize : 22 <-- 2.677465 s
currentSize : 23 <-- 2.720505 s
currentSize : 24 <-- 2.739028 s
currentSize : 25 <-- 3.745919 s
currentSize : 27 <-- 3.765587 s

maxsize : 27
nodes : 693009.000000
filtered : 16887306.000000
time : 3.787922
