Parameters: GAD=1 vflib=1 dir=0 label=0 lowerbound=1 fileNameGp=../graphsdb/mcs90/rand/r005/mcs90_r005_s35.A17 fileNameGt=../graphsdb/mcs90/rand/r005/mcs90_r005_s35.B17
Reading graphs...
35 :  57
35 :  57
Initializing...
maxdom : 35
D->valSize : 1225
Solving...
currentSize : 15 <-- 0.035821 s
currentSize : 17 <-- 0.036047 s
currentSize : 18 <-- 0.039954 s
currentSize : 19 <-- 0.081025 s
currentSize : 20 <-- 0.684390 s
currentSize : 21 <-- 0.684632 s
currentSize : 22 <-- 1.039506 s
currentSize : 23 <-- 17.687693 s
currentSize : 24 <-- 406.416321 s
currentSize : 25 <-- 406.416321 s
currentSize : 31 <-- 418.407990 s

maxsize : 31
nodes : 99415054.000000
filtered : 1395211280.000000
time : 418.466156
