Parameters: GAD=1 vflib=1 dir=0 label=0 lowerbound=1 fileNameGp=../graphsdb/mcs90/m3D/m3Dr4/mcs90_m3Dr4_s30.A47 fileNameGt=../graphsdb/mcs90/m3D/m3Dr4/mcs90_m3Dr4_s30.B47
Reading graphs...
30 :  73
30 :  73
Initializing...
maxdom : 30
D->valSize : 900
Solving...
currentSize : 14 <-- 0.010598 s
currentSize : 15 <-- 0.010702 s
currentSize : 16 <-- 0.011088 s
currentSize : 17 <-- 0.026741 s
currentSize : 18 <-- 0.046144 s
currentSize : 19 <-- 1.640317 s
currentSize : 20 <-- 13.173666 s
currentSize : 21 <-- 27.687790 s
currentSize : 22 <-- 30.920349 s
currentSize : 23 <-- 31.290531 s
currentSize : 27 <-- 31.864441 s

maxsize : 27
nodes : 6474375.000000
filtered : 144484435.000000
time : 31.882311
