Parameters: GAD=1 vflib=1 dir=0 label=0 lowerbound=1 fileNameGp=../graphsdb/mcs90/bvg/b03m/mcs90_b03m_s20.A27 fileNameGt=../graphsdb/mcs90/bvg/b03m/mcs90_b03m_s20.B27
Reading graphs...
20 :  29
20 :  29
Initializing...
maxdom : 20
D->valSize : 400
Solving...
currentSize : 9 <-- 0.002219 s
currentSize : 10 <-- 0.002239 s
currentSize : 11 <-- 0.002271 s
currentSize : 12 <-- 0.003480 s
currentSize : 13 <-- 0.003900 s
currentSize : 14 <-- 0.003919 s
currentSize : 17 <-- 0.029542 s
currentSize : 18 <-- 0.029692 s

maxsize : 18
nodes : 10238.000000
filtered : 98996.000000
time : 0.031779
