Parameters: GAD=1 vflib=1 dir=0 label=0 lowerbound=1 fileNameGp=../graphsdb/mcs90/rand/r005/mcs90_r005_s20.A31 fileNameGt=../graphsdb/mcs90/rand/r005/mcs90_r005_s20.B31
Reading graphs...
20 :  21
20 :  21
Initializing...
maxdom : 20
D->valSize : 400
Solving...
currentSize : 5 <-- 0.002370 s
currentSize : 6 <-- 0.002433 s
currentSize : 7 <-- 0.002692 s
currentSize : 8 <-- 0.002707 s
currentSize : 9 <-- 0.002713 s
currentSize : 12 <-- 0.002977 s
currentSize : 13 <-- 0.003092 s
currentSize : 14 <-- 0.100648 s
currentSize : 16 <-- 0.178191 s
currentSize : 17 <-- 0.178216 s
currentSize : 18 <-- 0.178254 s

maxsize : 18
nodes : 67290.000000
filtered : 504184.000000
time : 0.179017
