Parameters: GAD=1 vflib=1 dir=0 label=0 lowerbound=1 fileNameGp=../graphsdb/mcs90/bvg/b06/mcs90_b06_s35.A27 fileNameGt=../graphsdb/mcs90/bvg/b06/mcs90_b06_s35.B27
Reading graphs...
35 :  105
35 :  105
Initializing...
maxdom : 35
D->valSize : 1225
Solving...
currentSize : 21 <-- 0.033447 s
currentSize : 22 <-- 0.033929 s
currentSize : 23 <-- 0.054979 s
currentSize : 24 <-- 0.064181 s
currentSize : 25 <-- 0.066803 s
currentSize : 26 <-- 0.075689 s
currentSize : 27 <-- 0.080285 s
currentSize : 28 <-- 0.080302 s
currentSize : 31 <-- 0.103033 s
currentSize : 32 <-- 0.155255 s

maxsize : 32
nodes : 17783.000000
filtered : 665899.000000
time : 0.171354
