Parameters: GAD=1 vflib=1 dir=0 label=0 lowerbound=1 fileNameGp=../graphsdb/mcs90/m3D/m3Dr4/mcs90_m3Dr4_s30.A69 fileNameGt=../graphsdb/mcs90/m3D/m3Dr4/mcs90_m3Dr4_s30.B69
Reading graphs...
30 :  71
30 :  72
Initializing...
maxdom : 30
D->valSize : 900
Solving...
currentSize : 16 <-- 0.015033 s
currentSize : 17 <-- 0.027083 s
currentSize : 18 <-- 0.142717 s
currentSize : 19 <-- 0.402628 s
currentSize : 21 <-- 2.048822 s
currentSize : 22 <-- 2.528741 s
currentSize : 23 <-- 3.186750 s
currentSize : 27 <-- 3.227049 s

maxsize : 27
nodes : 673315.000000
filtered : 14423970.000000
time : 3.298873
