Parameters: GAD=1 vflib=1 dir=0 label=0 lowerbound=1 fileNameGp=../graphsdb/mcs90/m4D/m4Dr2/mcs90_m4Dr2_s20.A28 fileNameGt=../graphsdb/mcs90/m4D/m4Dr2/mcs90_m4Dr2_s20.B28
Reading graphs...
20 :  40
20 :  39
Initializing...
maxdom : 20
D->valSize : 400
Solving...
currentSize : 7 <-- 0.002149 s
currentSize : 12 <-- 0.002219 s
currentSize : 13 <-- 0.002455 s
currentSize : 14 <-- 0.002676 s
currentSize : 15 <-- 0.026267 s
currentSize : 16 <-- 0.026317 s

maxsize : 16
nodes : 8463.000000
filtered : 174285.000000
time : 0.036908
