Parameters: GAD=1 vflib=1 dir=0 label=0 lowerbound=1 fileNameGp=../graphsdb/mcs90/m2D/m2Dr2/mcs90_m2Dr2_s20.A17 fileNameGt=../graphsdb/mcs90/m2D/m2Dr2/mcs90_m2Dr2_s20.B17
Reading graphs...
20 :  35
20 :  35
Initializing...
maxdom : 20
D->valSize : 400
Solving...
currentSize : 11 <-- 0.002149 s
currentSize : 12 <-- 0.002167 s
currentSize : 13 <-- 0.002196 s
currentSize : 14 <-- 0.004127 s
currentSize : 15 <-- 0.030049 s
currentSize : 16 <-- 0.084364 s

maxsize : 16
nodes : 28734.000000
filtered : 467711.000000
time : 0.107058
