Parameters: GAD=1 vflib=1 dir=0 label=0 lowerbound=1 fileNameGp=../graphsdb/mcs90/m3D/m3Dr2/mcs90_m3Dr2_s30.A16 fileNameGt=../graphsdb/mcs90/m3D/m3Dr2/mcs90_m3Dr2_s30.B16
Reading graphs...
30 :  67
30 :  66
Initializing...
maxdom : 30
D->valSize : 900
Solving...
currentSize : 14 <-- 0.018173 s
currentSize : 15 <-- 0.018323 s
currentSize : 16 <-- 0.019032 s
currentSize : 17 <-- 0.022208 s
currentSize : 18 <-- 0.039527 s
currentSize : 19 <-- 0.218544 s
currentSize : 20 <-- 0.295121 s
currentSize : 21 <-- 8.505453 s
currentSize : 23 <-- 8.511036 s
currentSize : 27 <-- 8.539145 s

maxsize : 27
nodes : 1835560.000000
filtered : 36152245.000000
time : 8.563917
