Parameters: GAD=1 vflib=1 dir=0 label=0 lowerbound=1 fileNameGp=../graphsdb/mcs90/bvg/b03m/mcs90_b03m_s25.A73 fileNameGt=../graphsdb/mcs90/bvg/b03m/mcs90_b03m_s25.B73
Reading graphs...
25 :  37
25 :  37
Initializing...
maxdom : 25
D->valSize : 625
Solving...
currentSize : 12 <-- 0.009252 s
currentSize : 13 <-- 0.009299 s
currentSize : 16 <-- 0.009595 s
currentSize : 17 <-- 0.015674 s
currentSize : 18 <-- 0.016293 s
currentSize : 19 <-- 0.017352 s
currentSize : 20 <-- 0.017581 s
currentSize : 21 <-- 0.017631 s
currentSize : 22 <-- 0.017899 s

maxsize : 22
nodes : 5669.000000
filtered : 152153.000000
time : 0.037947
