Parameters: GAD=1 vflib=1 dir=0 label=0 lowerbound=1 fileNameGp=../graphsdb/mcs90/bvg/b09m/mcs90_b09m_s35.A07 fileNameGt=../graphsdb/mcs90/bvg/b09m/mcs90_b09m_s35.B07
Reading graphs...
35 :  151
35 :  151
Initializing...
maxdom : 35
D->valSize : 1225
Solving...
currentSize : 11 <-- 0.031249 s
currentSize : 12 <-- 0.032998 s
currentSize : 13 <-- 0.036792 s
currentSize : 14 <-- 0.048669 s
currentSize : 15 <-- 0.120524 s
currentSize : 16 <-- 1.117567 s
currentSize : 17 <-- 1.161850 s
currentSize : 18 <-- 1.161966 s
currentSize : 19 <-- 33.293671 s
currentSize : 20 <-- 36.883656 s
currentSize : 21 <-- 38.391060 s
currentSize : 22 <-- 38.429008 s
currentSize : 25 <-- 39.387718 s
currentSize : 30 <-- 39.581768 s

maxsize : 30
nodes : 7604196.000000
filtered : 169987958.000000
time : 39.841259
