Parameters: GAD=1 vflib=1 dir=0 label=0 lowerbound=1 fileNameGp=../graphsdb/mcs90/bvg/b09/mcs90_b09_s30.A93 fileNameGt=../graphsdb/mcs90/bvg/b09/mcs90_b09_s30.B93
Reading graphs...
30 :  134
30 :  133
Initializing...
maxdom : 30
D->valSize : 900
Solving...
currentSize : 11 <-- 0.016148 s
currentSize : 12 <-- 0.016196 s
currentSize : 13 <-- 0.016478 s
currentSize : 14 <-- 0.016538 s
currentSize : 15 <-- 0.020162 s
currentSize : 16 <-- 0.022231 s
currentSize : 17 <-- 0.049776 s
currentSize : 18 <-- 0.050318 s
currentSize : 19 <-- 0.050399 s
currentSize : 21 <-- 0.050513 s
currentSize : 22 <-- 0.050713 s
currentSize : 26 <-- 0.050838 s

maxsize : 26
nodes : 22573.000000
filtered : 1042516.000000
time : 0.166412
