Parameters: GAD=1 vflib=1 dir=0 label=0 lowerbound=1 fileNameGp=../graphsdb/mcs90/bvg/b03/mcs90_b03_s35.A85 fileNameGt=../graphsdb/mcs90/bvg/b03/mcs90_b03_s35.B85
Reading graphs...
35 :  52
35 :  52
Initializing...
maxdom : 35
D->valSize : 1225
Solving...
currentSize : 25 <-- 0.021802 s
currentSize : 26 <-- 0.024242 s
currentSize : 28 <-- 0.040229 s
currentSize : 29 <-- 0.082615 s
currentSize : 30 <-- 0.113071 s
currentSize : 31 <-- 0.187217 s
currentSize : 32 <-- 0.524827 s

maxsize : 32
nodes : 78602.000000
filtered : 2394255.000000
time : 0.561301
