Parameters: GAD=1 vflib=1 dir=0 label=0 lowerbound=1 fileNameGp=../graphsdb/mcs90/bvg/b09m/mcs90_b09m_s20.A76 fileNameGt=../graphsdb/mcs90/bvg/b09m/mcs90_b09m_s20.B76
Reading graphs...
20 :  83
20 :  84
Initializing...
maxdom : 20
D->valSize : 400
Solving...
currentSize : 9 <-- 0.001965 s
currentSize : 10 <-- 0.002358 s
currentSize : 11 <-- 0.003646 s
currentSize : 12 <-- 0.007421 s
currentSize : 14 <-- 0.010812 s
currentSize : 18 <-- 0.011292 s

maxsize : 18
nodes : 3352.000000
filtered : 44430.000000
time : 0.013408
