Parameters: GAD=1 vflib=1 dir=0 label=0 lowerbound=1 fileNameGp=../graphsdb/mcs90/rand/r01/mcs90_r01_s20.A70 fileNameGt=../graphsdb/mcs90/rand/r01/mcs90_r01_s20.B70
Reading graphs...
20 :  37
20 :  36
Initializing...
maxdom : 20
D->valSize : 400
Solving...
currentSize : 8 <-- 0.002140 s
currentSize : 10 <-- 0.002188 s
currentSize : 11 <-- 0.002966 s
currentSize : 12 <-- 0.012597 s
currentSize : 13 <-- 0.034497 s
currentSize : 14 <-- 0.055049 s
currentSize : 18 <-- 0.085276 s

maxsize : 18
nodes : 27138.000000
filtered : 340350.000000
time : 0.086258
