Parameters: GAD=1 vflib=1 dir=0 label=0 lowerbound=1 fileNameGp=../graphsdb/mcs90/m4D/m4Dr4/mcs90_m4Dr4_s20.A49 fileNameGt=../graphsdb/mcs90/m4D/m4Dr4/mcs90_m4Dr4_s20.B49
Reading graphs...
20 :  44
20 :  44
Initializing...
maxdom : 20
D->valSize : 400
Solving...
currentSize : 10 <-- 0.002097 s
currentSize : 11 <-- 0.002125 s
currentSize : 12 <-- 0.019613 s
currentSize : 13 <-- 0.040271 s
currentSize : 15 <-- 0.041204 s
currentSize : 16 <-- 0.041236 s

maxsize : 16
nodes : 16929.000000
filtered : 235307.000000
time : 0.057353
