Parameters: GAD=1 vflib=1 dir=0 label=0 lowerbound=1 fileNameGp=../graphsdb/mcs90/m2D/m2Dr4/mcs90_m2Dr4_s30.A64 fileNameGt=../graphsdb/mcs90/m2D/m2Dr4/mcs90_m2Dr4_s30.B64
Reading graphs...
30 :  58
30 :  59
Initializing...
maxdom : 30
D->valSize : 900
Solving...
currentSize : 14 <-- 0.010598 s
currentSize : 15 <-- 0.010809 s
currentSize : 16 <-- 0.011534 s
currentSize : 17 <-- 0.015549 s
currentSize : 18 <-- 0.057816 s
currentSize : 19 <-- 0.131678 s
currentSize : 20 <-- 0.131702 s
currentSize : 21 <-- 0.407354 s
currentSize : 22 <-- 0.407614 s
currentSize : 25 <-- 0.520779 s

maxsize : 25
nodes : 163611.000000
filtered : 3874033.000000
time : 0.829001
