Parameters: GAD=1 vflib=1 dir=0 label=0 lowerbound=1 fileNameGp=../graphsdb/mcs90/rand/r005/mcs90_r005_s35.A21 fileNameGt=../graphsdb/mcs90/rand/r005/mcs90_r005_s35.B21
Reading graphs...
35 :  57
35 :  58
Initializing...
maxdom : 35
D->valSize : 1225
Solving...
currentSize : 16 <-- 0.036036 s
currentSize : 18 <-- 0.036067 s
currentSize : 19 <-- 0.043032 s
currentSize : 20 <-- 0.043054 s
currentSize : 21 <-- 0.101622 s
currentSize : 22 <-- 0.115258 s
currentSize : 23 <-- 1.926855 s
currentSize : 24 <-- 20.394089 s
currentSize : 25 <-- 37.437527 s
currentSize : 26 <-- 37.491909 s
currentSize : 28 <-- 38.371490 s
currentSize : 29 <-- 39.282478 s
currentSize : 31 <-- 39.996353 s

maxsize : 31
nodes : 8003677.000000
filtered : 143778798.000000
time : 40.045120
