Parameters: GAD=1 vflib=1 dir=0 label=0 lowerbound=1 fileNameGp=../graphsdb/mcs90/bvg/b09m/mcs90_b09m_s25.A51 fileNameGt=../graphsdb/mcs90/bvg/b09m/mcs90_b09m_s25.B51
Reading graphs...
25 :  111
25 :  111
Initializing...
maxdom : 25
D->valSize : 625
Solving...
currentSize : 9 <-- 0.007575 s
currentSize : 10 <-- 0.007690 s
currentSize : 11 <-- 0.007734 s
currentSize : 12 <-- 0.012343 s
currentSize : 13 <-- 0.172671 s
currentSize : 15 <-- 0.224803 s
currentSize : 16 <-- 1.201512 s
currentSize : 19 <-- 1.402396 s
currentSize : 22 <-- 1.403106 s

maxsize : 22
nodes : 336500.000000
filtered : 5489144.000000
time : 1.414650
