Parameters: GAD=1 vflib=1 dir=0 label=0 lowerbound=1 fileNameGp=../graphsdb/mcs90/rand/r005/mcs90_r005_s25.A71 fileNameGt=../graphsdb/mcs90/rand/r005/mcs90_r005_s25.B71
Reading graphs...
25 :  29
25 :  29
Initializing...
maxdom : 25
D->valSize : 625
Solving...
currentSize : 12 <-- 0.005294 s
currentSize : 13 <-- 0.005670 s
currentSize : 14 <-- 0.006047 s
currentSize : 15 <-- 0.006640 s
currentSize : 16 <-- 0.053706 s
currentSize : 17 <-- 0.656692 s
currentSize : 18 <-- 0.659304 s
currentSize : 19 <-- 0.773868 s
currentSize : 20 <-- 0.816144 s
currentSize : 22 <-- 0.825710 s

maxsize : 22
nodes : 308632.000000
filtered : 2545919.000000
time : 0.842364
