Parameters: GAD=1 vflib=1 dir=0 label=0 lowerbound=1 fileNameGp=../graphsdb/mcs90/bvg/b06m/mcs90_b06m_s20.A44 fileNameGt=../graphsdb/mcs90/bvg/b06m/mcs90_b06m_s20.B44
Reading graphs...
20 :  59
20 :  59
Initializing...
maxdom : 20
D->valSize : 400
Solving...
currentSize : 9 <-- 0.002050 s
currentSize : 10 <-- 0.002080 s
currentSize : 11 <-- 0.002811 s
currentSize : 12 <-- 0.031824 s
currentSize : 13 <-- 0.057173 s
currentSize : 16 <-- 0.074932 s
currentSize : 18 <-- 0.075638 s

maxsize : 18
nodes : 22607.000000
filtered : 282017.000000
time : 0.077680
