Parameters: GAD=1 vflib=1 dir=0 label=0 lowerbound=1 fileNameGp=../graphsdb/mcs90/m2D/m2D/mcs90_m2D_s30.A38 fileNameGt=../graphsdb/mcs90/m2D/m2D/mcs90_m2D_s30.B38
Reading graphs...
30 :  49
30 :  49
Initializing...
maxdom : 30
D->valSize : 900
Solving...
currentSize : 13 <-- 0.010926 s
currentSize : 17 <-- 0.010960 s
currentSize : 18 <-- 0.011182 s
currentSize : 19 <-- 0.014131 s
currentSize : 20 <-- 0.015426 s
currentSize : 21 <-- 0.379926 s
currentSize : 22 <-- 0.380303 s
currentSize : 23 <-- 0.967828 s
currentSize : 25 <-- 1.208896 s
currentSize : 26 <-- 1.272710 s

maxsize : 26
nodes : 312751.000000
filtered : 6183923.000000
time : 1.463002
