Parameters: GAD=1 vflib=1 dir=0 label=0 lowerbound=1 fileNameGp=../graphsdb/mcs90/m2D/m2Dr6/mcs90_m2Dr6_s20.A97 fileNameGt=../graphsdb/mcs90/m2D/m2Dr6/mcs90_m2Dr6_s20.B97
Reading graphs...
20 :  41
20 :  41
Initializing...
maxdom : 20
D->valSize : 400
Solving...
currentSize : 9 <-- 0.002171 s
currentSize : 10 <-- 0.002255 s
currentSize : 11 <-- 0.003052 s
currentSize : 12 <-- 0.003373 s
currentSize : 13 <-- 0.005366 s
currentSize : 14 <-- 0.026533 s
currentSize : 15 <-- 0.106340 s
currentSize : 16 <-- 0.125149 s

maxsize : 16
nodes : 35347.000000
filtered : 596589.000000
time : 0.130794
