Parameters: GAD=1 vflib=1 dir=0 label=0 lowerbound=1 fileNameGp=../graphsdb/mcs90/rand/r02/mcs90_r02_s35.A72 fileNameGt=../graphsdb/mcs90/rand/r02/mcs90_r02_s35.B72
Reading graphs...
35 :  211
35 :  211
Initializing...
maxdom : 35
D->valSize : 1225
Solving...
currentSize : 10 <-- 0.017925 s
currentSize : 11 <-- 0.017953 s
currentSize : 12 <-- 0.018455 s
currentSize : 13 <-- 0.021812 s
currentSize : 14 <-- 0.108597 s
currentSize : 15 <-- 0.343884 s
currentSize : 16 <-- 1.014443 s
currentSize : 17 <-- 1.326032 s
currentSize : 20 <-- 1.565673 s
currentSize : 21 <-- 1.565811 s
currentSize : 23 <-- 5.508299 s
currentSize : 25 <-- 5.508425 s
currentSize : 27 <-- 6.138142 s
currentSize : 31 <-- 6.138269 s

maxsize : 31
nodes : 1036984.000000
filtered : 30161948.000000
time : 6.189021
