Parameters: GAD=1 vflib=1 dir=0 label=0 lowerbound=1 fileNameGp=../graphsdb/mcs90/bvg/b06/mcs90_b06_s30.A31 fileNameGt=../graphsdb/mcs90/bvg/b06/mcs90_b06_s30.B31
Reading graphs...
30 :  90
30 :  90
Initializing...
maxdom : 30
D->valSize : 900
Solving...
currentSize : 17 <-- 0.009886 s
currentSize : 18 <-- 0.010382 s
currentSize : 20 <-- 0.011381 s
currentSize : 21 <-- 0.011621 s
currentSize : 22 <-- 0.012429 s
currentSize : 23 <-- 0.012521 s
currentSize : 24 <-- 0.012678 s
currentSize : 25 <-- 0.012767 s
currentSize : 27 <-- 0.014322 s

maxsize : 27
nodes : 10785.000000
filtered : 410543.000000
time : 0.078796
