Parameters: GAD=1 vflib=1 dir=0 label=0 lowerbound=1 fileNameGp=../graphsdb/mcs90/bvg/b06/mcs90_b06_s25.A90 fileNameGt=../graphsdb/mcs90/bvg/b06/mcs90_b06_s25.B90
Reading graphs...
25 :  75
25 :  75
Initializing...
maxdom : 25
D->valSize : 625
Solving...
currentSize : 15 <-- 0.004777 s
currentSize : 16 <-- 0.005022 s
currentSize : 17 <-- 0.005107 s
currentSize : 18 <-- 0.005302 s
currentSize : 20 <-- 0.005697 s
currentSize : 22 <-- 0.006449 s
currentSize : 23 <-- 0.026469 s

maxsize : 23
nodes : 4935.000000
filtered : 142688.000000
time : 0.029622
