Parameters: GAD=1 vflib=1 dir=0 label=0 lowerbound=1 fileNameGp=../graphsdb/mcs90/rand/r02/mcs90_r02_s20.A60 fileNameGt=../graphsdb/mcs90/rand/r02/mcs90_r02_s20.B60
Reading graphs...
20 :  71
20 :  71
Initializing...
maxdom : 20
D->valSize : 400
Solving...
currentSize : 9 <-- 0.002008 s
currentSize : 10 <-- 0.002102 s
currentSize : 11 <-- 0.063260 s
currentSize : 12 <-- 0.102427 s
currentSize : 13 <-- 0.119844 s
currentSize : 14 <-- 0.202725 s
currentSize : 18 <-- 0.202810 s

maxsize : 18
nodes : 62130.000000
filtered : 691523.000000
time : 0.203512
