Parameters: GAD=1 vflib=1 dir=0 label=0 lowerbound=1 fileNameGp=../graphsdb/mcs90/rand/r005/mcs90_r005_s35.A48 fileNameGt=../graphsdb/mcs90/rand/r005/mcs90_r005_s35.B48
Reading graphs...
35 :  55
35 :  55
Initializing...
maxdom : 35
D->valSize : 1225
Solving...
currentSize : 14 <-- 0.035979 s
currentSize : 15 <-- 0.036083 s
currentSize : 16 <-- 0.038531 s
currentSize : 17 <-- 0.046053 s
currentSize : 18 <-- 0.050796 s
currentSize : 19 <-- 0.315926 s
currentSize : 20 <-- 0.542933 s
currentSize : 21 <-- 14.358129 s
currentSize : 22 <-- 14.977789 s
currentSize : 23 <-- 47.512524 s
currentSize : 24 <-- 62.331120 s
currentSize : 25 <-- 150.023621 s
currentSize : 26 <-- 152.250412 s
currentSize : 27 <-- 152.678284 s
currentSize : 28 <-- 152.831314 s
currentSize : 29 <-- 152.846588 s
currentSize : 31 <-- 153.251175 s

maxsize : 31
nodes : 34140179.000000
filtered : 554776051.000000
time : 153.355621
