Parameters: GAD=1 vflib=1 dir=0 label=0 lowerbound=1 fileNameGp=../graphsdb/mcs90/bvg/b09m/mcs90_b09m_s15.A73 fileNameGt=../graphsdb/mcs90/bvg/b09m/mcs90_b09m_s15.B73
Reading graphs...
15 :  59
15 :  61
Initializing...
maxdom : 15
D->valSize : 225
Solving...
currentSize : 7 <-- 0.000878 s
currentSize : 8 <-- 0.000892 s
currentSize : 9 <-- 0.000921 s
currentSize : 10 <-- 0.002362 s
currentSize : 11 <-- 0.007665 s
currentSize : 12 <-- 0.007845 s

maxsize : 12
nodes : 3198.000000
filtered : 54395.000000
time : 0.011551
