Parameters: GAD=1 vflib=1 dir=0 label=0 lowerbound=1 fileNameGp=../graphsdb/mcs90/m2D/m2D/mcs90_m2D_s30.A21 fileNameGt=../graphsdb/mcs90/m2D/m2D/mcs90_m2D_s30.B21
Reading graphs...
30 :  49
30 :  47
Initializing...
maxdom : 30
D->valSize : 900
Solving...
currentSize : 16 <-- 0.011007 s
currentSize : 17 <-- 0.011141 s
currentSize : 18 <-- 0.014169 s
currentSize : 19 <-- 0.014303 s
currentSize : 20 <-- 0.027586 s
currentSize : 21 <-- 0.062844 s
currentSize : 22 <-- 0.115500 s
currentSize : 23 <-- 0.356155 s
currentSize : 24 <-- 0.442190 s
currentSize : 26 <-- 0.446033 s

maxsize : 26
nodes : 114387.000000
filtered : 2444852.000000
time : 0.547167
