Parameters: GAD=1 vflib=1 dir=0 label=0 lowerbound=1 fileNameGp=../graphsdb/mcs90/bvg/b09m/mcs90_b09m_s30.A32 fileNameGt=../graphsdb/mcs90/bvg/b09m/mcs90_b09m_s30.B32
Reading graphs...
30 :  133
30 :  131
Initializing...
maxdom : 30
D->valSize : 900
Solving...
currentSize : 11 <-- 0.016412 s
currentSize : 12 <-- 0.016759 s
currentSize : 13 <-- 0.018294 s
currentSize : 14 <-- 0.064524 s
currentSize : 15 <-- 0.540328 s
currentSize : 16 <-- 0.540788 s
currentSize : 18 <-- 0.541109 s
currentSize : 26 <-- 2.360707 s

maxsize : 26
nodes : 504410.000000
filtered : 10509706.000000
time : 2.456822
