Parameters: GAD=1 vflib=1 dir=0 label=0 lowerbound=1 fileNameGp=../graphsdb/mcs90/m4D/m4Dr2/mcs90_m4Dr2_s20.A49 fileNameGt=../graphsdb/mcs90/m4D/m4Dr2/mcs90_m4Dr2_s20.B49
Reading graphs...
20 :  41
20 :  39
Initializing...
maxdom : 20
D->valSize : 400
Solving...
currentSize : 10 <-- 0.002148 s
currentSize : 11 <-- 0.002173 s
currentSize : 12 <-- 0.003655 s
currentSize : 13 <-- 0.004978 s
currentSize : 14 <-- 0.006436 s
currentSize : 15 <-- 0.006759 s
currentSize : 16 <-- 0.018366 s
currentSize : 17 <-- 0.027062 s

maxsize : 17
nodes : 8282.000000
filtered : 152337.000000
time : 0.031573
