Parameters: GAD=1 vflib=1 dir=0 label=0 lowerbound=1 fileNameGp=../graphsdb/mcs90/rand/r005/mcs90_r005_s20.A13 fileNameGt=../graphsdb/mcs90/rand/r005/mcs90_r005_s20.B13
Reading graphs...
20 :  21
20 :  21
Initializing...
maxdom : 20
D->valSize : 400
Solving...
currentSize : 9 <-- 0.002376 s
currentSize : 12 <-- 0.002641 s
currentSize : 13 <-- 0.002647 s
currentSize : 14 <-- 0.068762 s
currentSize : 15 <-- 0.068885 s
currentSize : 16 <-- 0.073423 s
currentSize : 17 <-- 0.087356 s
currentSize : 18 <-- 0.089327 s

maxsize : 18
nodes : 37332.000000
filtered : 278997.000000
time : 0.091257
