Parameters: GAD=1 vflib=1 dir=0 label=0 lowerbound=1 fileNameGp=../graphsdb/mcs90/m2D/m2Dr2/mcs90_m2Dr2_s20.A57 fileNameGt=../graphsdb/mcs90/m2D/m2Dr2/mcs90_m2Dr2_s20.B57
Reading graphs...
20 :  35
20 :  35
Initializing...
maxdom : 20
D->valSize : 400
Solving...
currentSize : 11 <-- 0.002234 s
currentSize : 12 <-- 0.002471 s
currentSize : 13 <-- 0.002623 s
currentSize : 14 <-- 0.009393 s
currentSize : 15 <-- 0.169781 s
currentSize : 16 <-- 0.169827 s

maxsize : 16
nodes : 54053.000000
filtered : 763513.000000
time : 0.185415
