Parameters: GAD=1 vflib=1 dir=0 label=0 lowerbound=1 fileNameGp=../graphsdb/mcs90/bvg/b03m/mcs90_b03m_s20.A38 fileNameGt=../graphsdb/mcs90/bvg/b03m/mcs90_b03m_s20.B38
Reading graphs...
20 :  30
20 :  30
Initializing...
maxdom : 20
D->valSize : 400
Solving...
currentSize : 9 <-- 0.002304 s
currentSize : 10 <-- 0.003290 s
currentSize : 11 <-- 0.007156 s
currentSize : 12 <-- 0.016826 s
currentSize : 13 <-- 0.028212 s
currentSize : 14 <-- 0.076605 s
currentSize : 15 <-- 0.077556 s
currentSize : 17 <-- 0.085958 s
currentSize : 19 <-- 0.086123 s

maxsize : 19
nodes : 29830.000000
filtered : 245587.000000
time : 0.086360
