Parameters: GAD=1 vflib=1 dir=0 label=0 lowerbound=1 fileNameGp=../graphsdb/mcs90/m3D/m3Dr4/mcs90_m3Dr4_s30.A50 fileNameGt=../graphsdb/mcs90/m3D/m3Dr4/mcs90_m3Dr4_s30.B50
Reading graphs...
30 :  71
30 :  71
Initializing...
maxdom : 30
D->valSize : 900
Solving...
currentSize : 15 <-- 0.010450 s
currentSize : 16 <-- 0.015143 s
currentSize : 17 <-- 0.071233 s
currentSize : 18 <-- 0.297655 s
currentSize : 19 <-- 0.347678 s
currentSize : 20 <-- 1.289645 s
currentSize : 21 <-- 2.301318 s
currentSize : 23 <-- 9.900032 s
currentSize : 27 <-- 9.916619 s

maxsize : 27
nodes : 1968706.000000
filtered : 45312612.000000
time : 9.939849
