Parameters: GAD=1 vflib=1 dir=0 label=0 lowerbound=1 fileNameGp=../graphsdb/mcs90/m4D/m4Dr4/mcs90_m4Dr4_s20.A93 fileNameGt=../graphsdb/mcs90/m4D/m4Dr4/mcs90_m4Dr4_s20.B93
Reading graphs...
20 :  44
20 :  42
Initializing...
maxdom : 20
D->valSize : 400
Solving...
currentSize : 10 <-- 0.002183 s
currentSize : 11 <-- 0.002206 s
currentSize : 12 <-- 0.004201 s
currentSize : 13 <-- 0.008156 s
currentSize : 14 <-- 0.100731 s
currentSize : 15 <-- 0.102680 s
currentSize : 16 <-- 0.119183 s

maxsize : 16
nodes : 39473.000000
filtered : 583788.000000
time : 0.133482
