Parameters: GAD=1 vflib=1 dir=0 label=0 lowerbound=1 fileNameGp=../graphsdb/mcs90/rand/r005/mcs90_r005_s30.A87 fileNameGt=../graphsdb/mcs90/rand/r005/mcs90_r005_s30.B87
Reading graphs...
30 :  41
30 :  41
Initializing...
maxdom : 30
D->valSize : 900
Solving...
currentSize : 14 <-- 0.011203 s
currentSize : 15 <-- 0.011249 s
currentSize : 16 <-- 0.011571 s
currentSize : 17 <-- 0.012722 s
currentSize : 18 <-- 0.019794 s
currentSize : 19 <-- 0.462985 s
currentSize : 20 <-- 0.469629 s
currentSize : 21 <-- 0.764998 s
currentSize : 22 <-- 0.887005 s
currentSize : 24 <-- 1.697677 s
currentSize : 25 <-- 1.697763 s
currentSize : 26 <-- 1.698222 s
currentSize : 27 <-- 1.698386 s

maxsize : 27
nodes : 495339.000000
filtered : 5755790.000000
time : 1.719098
