Parameters: GAD=1 vflib=1 dir=0 label=0 lowerbound=1 fileNameGp=../graphsdb/mcs90/bvg/b03m/mcs90_b03m_s35.A26 fileNameGt=../graphsdb/mcs90/bvg/b03m/mcs90_b03m_s35.B26
Reading graphs...
35 :  52
35 :  52
Initializing...
maxdom : 35
D->valSize : 1225
Solving...
currentSize : 17 <-- 0.020937 s
currentSize : 20 <-- 0.021478 s
currentSize : 21 <-- 0.021500 s
currentSize : 22 <-- 0.021610 s
currentSize : 23 <-- 0.021681 s
currentSize : 24 <-- 0.033061 s
currentSize : 25 <-- 0.034351 s
currentSize : 26 <-- 21.584791 s
currentSize : 27 <-- 24.366577 s
currentSize : 28 <-- 24.600800 s
currentSize : 29 <-- 24.600832 s
currentSize : 30 <-- 24.824095 s
currentSize : 31 <-- 24.824144 s
currentSize : 32 <-- 24.824579 s

maxsize : 32
nodes : 5202900.000000
filtered : 93028507.000000
time : 24.853472
