Parameters: GAD=1 vflib=1 dir=0 label=0 lowerbound=1 fileNameGp=../graphsdb/mcs90/rand/r01/mcs90_r01_s25.A99 fileNameGt=../graphsdb/mcs90/rand/r01/mcs90_r01_s25.B99
Reading graphs...
25 :  56
25 :  56
Initializing...
maxdom : 25
D->valSize : 625
Solving...
currentSize : 12 <-- 0.004978 s
currentSize : 14 <-- 0.005013 s
currentSize : 15 <-- 0.077271 s
currentSize : 16 <-- 0.242741 s
currentSize : 17 <-- 0.598890 s
currentSize : 18 <-- 1.083620 s
currentSize : 19 <-- 1.293428 s
currentSize : 22 <-- 1.295072 s

maxsize : 22
nodes : 311126.000000
filtered : 5864118.000000
time : 1.298426
