Parameters: GAD=1 vflib=1 dir=0 label=0 lowerbound=1 fileNameGp=../graphsdb/mcs90/bvg/b06m/mcs90_b06m_s30.A40 fileNameGt=../graphsdb/mcs90/bvg/b06m/mcs90_b06m_s30.B40
Reading graphs...
30 :  89
30 :  89
Initializing...
maxdom : 30
D->valSize : 900
Solving...
currentSize : 13 <-- 0.017457 s
currentSize : 14 <-- 0.018872 s
currentSize : 15 <-- 0.031284 s
currentSize : 16 <-- 0.031319 s
currentSize : 17 <-- 0.086068 s
currentSize : 18 <-- 0.375371 s
currentSize : 19 <-- 2.202450 s
currentSize : 20 <-- 3.472645 s
currentSize : 21 <-- 3.765023 s
currentSize : 27 <-- 4.128601 s

maxsize : 27
nodes : 766812.000000
filtered : 21458973.000000
time : 4.145706
