Parameters: GAD=1 vflib=1 dir=0 label=0 lowerbound=1 fileNameGp=../graphsdb/mcs90/bvg/b06m/mcs90_b06m_s15.A86 fileNameGt=../graphsdb/mcs90/bvg/b06m/mcs90_b06m_s15.B86
Reading graphs...
15 :  44
15 :  44
Initializing...
maxdom : 15
D->valSize : 225
Solving...
currentSize : 7 <-- 0.000796 s
currentSize : 8 <-- 0.000820 s
currentSize : 9 <-- 0.001110 s
currentSize : 10 <-- 0.001299 s
currentSize : 12 <-- 0.002428 s
currentSize : 13 <-- 0.002444 s

maxsize : 13
nodes : 773.000000
filtered : 12233.000000
time : 0.003238
