Parameters: GAD=1 vflib=1 dir=0 label=0 lowerbound=1 fileNameGp=../graphsdb/mcs90/bvg/b03m/mcs90_b03m_s20.A00 fileNameGt=../graphsdb/mcs90/bvg/b03m/mcs90_b03m_s20.B00
Reading graphs...
20 :  30
20 :  30
Initializing...
maxdom : 20
D->valSize : 400
Solving...
currentSize : 10 <-- 0.003804 s
currentSize : 13 <-- 0.003884 s
currentSize : 14 <-- 0.004396 s
currentSize : 15 <-- 0.009359 s
currentSize : 16 <-- 0.015262 s
currentSize : 18 <-- 0.028950 s

maxsize : 18
nodes : 5014.000000
filtered : 83293.000000
time : 0.031830
