Parameters: GAD=1 vflib=1 dir=0 label=0 lowerbound=1 fileNameGp=../graphsdb/mcs90/bvg/b09/mcs90_b09_s35.A93 fileNameGt=../graphsdb/mcs90/bvg/b09/mcs90_b09_s35.B93
Reading graphs...
35 :  156
35 :  156
Initializing...
maxdom : 35
D->valSize : 1225
Solving...
currentSize : 15 <-- 0.031238 s
currentSize : 16 <-- 0.032295 s
currentSize : 17 <-- 0.040695 s
currentSize : 18 <-- 0.104300 s
currentSize : 19 <-- 0.126668 s
currentSize : 20 <-- 0.741217 s
currentSize : 22 <-- 0.756498 s
currentSize : 23 <-- 0.826906 s
currentSize : 24 <-- 0.949969 s
currentSize : 25 <-- 0.977853 s
currentSize : 27 <-- 1.150136 s
currentSize : 28 <-- 1.482289 s
currentSize : 30 <-- 1.770014 s

maxsize : 30
nodes : 292812.000000
filtered : 10562228.000000
time : 2.019902
