Parameters: GAD=1 vflib=1 dir=0 label=0 lowerbound=1 fileNameGp=../graphsdb/mcs90/m3D/m3Dr2/mcs90_m3Dr2_s30.A18 fileNameGt=../graphsdb/mcs90/m3D/m3Dr2/mcs90_m3Dr2_s30.B18
Reading graphs...
30 :  67
30 :  67
Initializing...
maxdom : 30
D->valSize : 900
Solving...
currentSize : 17 <-- 0.010333 s
currentSize : 19 <-- 0.010360 s
currentSize : 20 <-- 0.010393 s
currentSize : 21 <-- 0.010457 s
currentSize : 24 <-- 0.010573 s
currentSize : 27 <-- 0.010649 s

maxsize : 27
nodes : 5066.000000
filtered : 360962.000000
time : 0.056159
