Parameters: GAD=1 vflib=1 dir=0 label=0 lowerbound=1 fileNameGp=../graphsdb/mcs90/rand/r01/mcs90_r01_s35.A22 fileNameGt=../graphsdb/mcs90/rand/r01/mcs90_r01_s35.B22
Reading graphs...
35 :  113
35 :  113
Initializing...
maxdom : 35
D->valSize : 1225
Solving...
currentSize : 12 <-- 0.019207 s
currentSize : 14 <-- 0.019282 s
currentSize : 15 <-- 0.130004 s
currentSize : 16 <-- 0.131961 s
currentSize : 17 <-- 0.770599 s
currentSize : 18 <-- 1.930793 s
currentSize : 19 <-- 40.951229 s
currentSize : 20 <-- 106.854904 s
currentSize : 21 <-- 134.414261 s
currentSize : 22 <-- 137.259735 s
currentSize : 23 <-- 139.744385 s
currentSize : 26 <-- 139.744476 s
currentSize : 31 <-- 139.763443 s

maxsize : 31
nodes : 27302004.000000
filtered : 574977878.000000
time : 139.862503
