Parameters: GAD=1 vflib=1 dir=0 label=0 lowerbound=1 fileNameGp=../graphsdb/mcs90/bvg/b06/mcs90_b06_s30.A94 fileNameGt=../graphsdb/mcs90/bvg/b06/mcs90_b06_s30.B94
Reading graphs...
30 :  90
30 :  90
Initializing...
maxdom : 30
D->valSize : 900
Solving...
currentSize : 14 <-- 0.010074 s
currentSize : 15 <-- 0.010108 s
currentSize : 16 <-- 0.010953 s
currentSize : 17 <-- 0.012718 s
currentSize : 18 <-- 0.013549 s
currentSize : 19 <-- 0.014619 s
currentSize : 20 <-- 0.014893 s
currentSize : 21 <-- 0.015105 s
currentSize : 23 <-- 0.015996 s
currentSize : 24 <-- 0.019667 s
currentSize : 25 <-- 0.019731 s
currentSize : 27 <-- 0.020726 s

maxsize : 27
nodes : 12636.000000
filtered : 412992.000000
time : 0.084018
