Parameters: GAD=1 vflib=1 dir=0 label=0 lowerbound=1 fileNameGp=../graphsdb/mcs90/rand/r02/mcs90_r02_s30.A43 fileNameGt=../graphsdb/mcs90/rand/r02/mcs90_r02_s30.B43
Reading graphs...
30 :  151
30 :  151
Initializing...
maxdom : 30
D->valSize : 900
Solving...
currentSize : 9 <-- 0.009380 s
currentSize : 10 <-- 0.009413 s
currentSize : 11 <-- 0.009573 s
currentSize : 12 <-- 0.009811 s
currentSize : 13 <-- 0.069598 s
currentSize : 14 <-- 0.210473 s
currentSize : 15 <-- 1.459159 s
currentSize : 16 <-- 4.928394 s
currentSize : 17 <-- 5.390297 s
currentSize : 20 <-- 5.708808 s
currentSize : 21 <-- 6.039915 s
currentSize : 27 <-- 6.042630 s

maxsize : 27
nodes : 1391261.000000
filtered : 22054766.000000
time : 6.058670
