Parameters: GAD=1 vflib=1 dir=0 label=0 lowerbound=1 fileNameGp=../graphsdb/mcs90/bvg/b09m/mcs90_b09m_s30.A50 fileNameGt=../graphsdb/mcs90/bvg/b09m/mcs90_b09m_s30.B50
Reading graphs...
30 :  128
30 :  129
Initializing...
maxdom : 30
D->valSize : 900
Solving...
currentSize : 10 <-- 0.009786 s
currentSize : 11 <-- 0.009819 s
currentSize : 12 <-- 0.010088 s
currentSize : 13 <-- 0.012559 s
currentSize : 14 <-- 0.029868 s
currentSize : 15 <-- 0.328020 s
currentSize : 16 <-- 15.892057 s
currentSize : 17 <-- 32.212158 s
currentSize : 20 <-- 32.601955 s
currentSize : 22 <-- 32.834400 s
currentSize : 24 <-- 32.834442 s
currentSize : 26 <-- 32.900352 s

maxsize : 26
nodes : 7298289.000000
filtered : 125069282.000000
time : 32.948109
