Parameters: GAD=1 vflib=1 dir=0 label=0 lowerbound=1 fileNameGp=../graphsdb/mcs90/m3D/m3Dr2/mcs90_m3Dr2_s30.A32 fileNameGt=../graphsdb/mcs90/m3D/m3Dr2/mcs90_m3Dr2_s30.B32
Reading graphs...
30 :  67
30 :  67
Initializing...
maxdom : 30
D->valSize : 900
Solving...
currentSize : 13 <-- 0.018398 s
currentSize : 14 <-- 0.018473 s
currentSize : 15 <-- 0.018856 s
currentSize : 16 <-- 0.026309 s
currentSize : 17 <-- 0.062656 s
currentSize : 18 <-- 0.168604 s
currentSize : 19 <-- 0.803051 s
currentSize : 20 <-- 9.150381 s
currentSize : 21 <-- 11.729894 s
currentSize : 23 <-- 11.738982 s
currentSize : 24 <-- 11.752029 s
currentSize : 27 <-- 11.765558 s

maxsize : 27
nodes : 2756012.000000
filtered : 45769164.000000
time : 11.800355
