Parameters: GAD=1 vflib=1 dir=0 label=0 lowerbound=1 fileNameGp=../graphsdb/mcs90/bvg/b03/mcs90_b03_s35.A32 fileNameGt=../graphsdb/mcs90/bvg/b03/mcs90_b03_s35.B32
Reading graphs...
35 :  52
35 :  52
Initializing...
maxdom : 35
D->valSize : 1225
Solving...
currentSize : 24 <-- 0.021152 s
currentSize : 26 <-- 0.021231 s
currentSize : 27 <-- 0.021256 s
currentSize : 28 <-- 0.027531 s
currentSize : 29 <-- 0.028842 s
currentSize : 30 <-- 0.028864 s
currentSize : 31 <-- 0.116270 s

maxsize : 31
nodes : 77634.000000
filtered : 2646421.000000
time : 0.593277
