Parameters: GAD=1 vflib=1 dir=0 label=0 lowerbound=1 fileNameGp=../graphsdb/mcs90/bvg/b03m/mcs90_b03m_s30.A33 fileNameGt=../graphsdb/mcs90/bvg/b03m/mcs90_b03m_s30.B33
Reading graphs...
30 :  44
30 :  44
Initializing...
maxdom : 30
D->valSize : 900
Solving...
currentSize : 10 <-- 0.011394 s
currentSize : 11 <-- 0.011413 s
currentSize : 12 <-- 0.011440 s
currentSize : 18 <-- 0.012270 s
currentSize : 19 <-- 0.012306 s
currentSize : 20 <-- 0.074033 s
currentSize : 21 <-- 0.415759 s
currentSize : 22 <-- 0.574681 s
currentSize : 23 <-- 0.607941 s
currentSize : 26 <-- 0.616949 s

maxsize : 26
nodes : 193975.000000
filtered : 2361418.000000
time : 0.722248
