Parameters: GAD=1 vflib=1 dir=0 label=0 lowerbound=1 fileNameGp=../graphsdb/mcs90/rand/r005/mcs90_r005_s30.A41 fileNameGt=../graphsdb/mcs90/rand/r005/mcs90_r005_s30.B41
Reading graphs...
30 :  42
30 :  42
Initializing...
maxdom : 30
D->valSize : 900
Solving...
currentSize : 13 <-- 0.011113 s
currentSize : 15 <-- 0.011141 s
currentSize : 17 <-- 0.011186 s
currentSize : 18 <-- 0.061125 s
currentSize : 19 <-- 0.208061 s
currentSize : 20 <-- 0.380465 s
currentSize : 21 <-- 1.436975 s
currentSize : 22 <-- 2.982219 s
currentSize : 23 <-- 2.984939 s
currentSize : 24 <-- 2.985096 s
currentSize : 25 <-- 2.985283 s
currentSize : 26 <-- 3.041021 s
currentSize : 27 <-- 3.041060 s

maxsize : 27
nodes : 762471.000000
filtered : 10606663.000000
time : 3.056788
