Parameters: GAD=1 vflib=1 dir=0 label=0 lowerbound=1 fileNameGp=../graphsdb/mcs90/bvg/b09/mcs90_b09_s25.A78 fileNameGt=../graphsdb/mcs90/bvg/b09/mcs90_b09_s25.B78
Reading graphs...
25 :  112
25 :  111
Initializing...
maxdom : 25
D->valSize : 625
Solving...
currentSize : 6 <-- 0.004474 s
currentSize : 8 <-- 0.004490 s
currentSize : 9 <-- 0.004516 s
currentSize : 10 <-- 0.004553 s
currentSize : 11 <-- 0.005116 s
currentSize : 12 <-- 0.006243 s
currentSize : 13 <-- 0.006386 s
currentSize : 14 <-- 0.006423 s
currentSize : 16 <-- 0.006461 s
currentSize : 17 <-- 0.014719 s
currentSize : 18 <-- 0.014750 s
currentSize : 22 <-- 0.017108 s

maxsize : 22
nodes : 8376.000000
filtered : 298612.000000
time : 0.049752
