Parameters: GAD=1 vflib=1 dir=0 label=0 lowerbound=1 fileNameGp=../graphsdb/mcs90/rand/r02/mcs90_r02_s30.A79 fileNameGt=../graphsdb/mcs90/rand/r02/mcs90_r02_s30.B79
Reading graphs...
30 :  155
30 :  157
Initializing...
maxdom : 30
D->valSize : 900
Solving...
currentSize : 11 <-- 0.009257 s
currentSize : 12 <-- 0.009596 s
currentSize : 13 <-- 0.027575 s
currentSize : 14 <-- 0.525229 s
currentSize : 16 <-- 0.525272 s
currentSize : 17 <-- 3.018568 s
currentSize : 27 <-- 9.280772 s

maxsize : 27
nodes : 2049822.000000
filtered : 34685532.000000
time : 9.298519
