Parameters: GAD=1 vflib=1 dir=0 label=0 lowerbound=1 fileNameGp=../graphsdb/mcs90/bvg/b06m/mcs90_b06m_s20.A56 fileNameGt=../graphsdb/mcs90/bvg/b06m/mcs90_b06m_s20.B56
Reading graphs...
20 :  57
20 :  57
Initializing...
maxdom : 20
D->valSize : 400
Solving...
currentSize : 8 <-- 0.002091 s
currentSize : 9 <-- 0.002112 s
currentSize : 10 <-- 0.002138 s
currentSize : 11 <-- 0.005442 s
currentSize : 12 <-- 0.031667 s
currentSize : 13 <-- 0.069880 s
currentSize : 14 <-- 0.115773 s
currentSize : 18 <-- 0.121897 s

maxsize : 18
nodes : 35492.000000
filtered : 482511.000000
time : 0.123018
