Parameters: GAD=1 vflib=1 dir=0 label=0 lowerbound=1 fileNameGp=../graphsdb/mcs90/m3D/m3Dr4/mcs90_m3Dr4_s30.A05 fileNameGt=../graphsdb/mcs90/m3D/m3Dr4/mcs90_m3Dr4_s30.B05
Reading graphs...
30 :  73
30 :  73
Initializing...
maxdom : 30
D->valSize : 900
Solving...
currentSize : 14 <-- 0.015344 s
currentSize : 16 <-- 0.015408 s
currentSize : 17 <-- 0.015527 s
currentSize : 18 <-- 0.027363 s
currentSize : 19 <-- 0.997692 s
currentSize : 20 <-- 1.014354 s
currentSize : 22 <-- 3.620153 s
currentSize : 23 <-- 7.461306 s
currentSize : 27 <-- 7.470365 s

maxsize : 27
nodes : 1407746.000000
filtered : 36085012.000000
time : 7.500223
