Parameters: GAD=1 vflib=1 dir=0 label=0 lowerbound=1 fileNameGp=../graphsdb/mcs90/rand/r02/mcs90_r02_s25.A75 fileNameGt=../graphsdb/mcs90/rand/r02/mcs90_r02_s25.B75
Reading graphs...
25 :  108
25 :  106
Initializing...
maxdom : 25
D->valSize : 625
Solving...
currentSize : 9 <-- 0.004541 s
currentSize : 10 <-- 0.004710 s
currentSize : 11 <-- 0.004924 s
currentSize : 12 <-- 0.039942 s
currentSize : 13 <-- 0.166934 s
currentSize : 15 <-- 0.658969 s
currentSize : 17 <-- 0.715558 s
currentSize : 22 <-- 0.715663 s

maxsize : 22
nodes : 196012.000000
filtered : 2355836.000000
time : 0.727178
