Parameters: GAD=1 vflib=1 dir=0 label=0 lowerbound=1 fileNameGp=../graphsdb/mcs90/m2D/m2Dr4/mcs90_m2Dr4_s30.A97 fileNameGt=../graphsdb/mcs90/m2D/m2Dr4/mcs90_m2Dr4_s30.B97
Reading graphs...
30 :  61
30 :  59
Initializing...
maxdom : 30
D->valSize : 900
Solving...
currentSize : 17 <-- 0.018624 s
currentSize : 18 <-- 0.018997 s
currentSize : 19 <-- 0.019537 s
currentSize : 20 <-- 0.088864 s
currentSize : 21 <-- 0.507559 s
currentSize : 23 <-- 0.545845 s
currentSize : 24 <-- 0.717905 s
currentSize : 25 <-- 0.717983 s

maxsize : 25
nodes : 160238.000000
filtered : 4392420.000000
time : 0.989719
