Parameters: GAD=1 vflib=1 dir=0 label=0 lowerbound=1 fileNameGp=../graphsdb/mcs90/m4D/m4Dr2/mcs90_m4Dr2_s20.A46 fileNameGt=../graphsdb/mcs90/m4D/m4Dr2/mcs90_m4Dr2_s20.B46
Reading graphs...
20 :  41
20 :  40
Initializing...
maxdom : 20
D->valSize : 400
Solving...
currentSize : 9 <-- 0.002142 s
currentSize : 10 <-- 0.002278 s
currentSize : 11 <-- 0.002383 s
currentSize : 12 <-- 0.002454 s
currentSize : 13 <-- 0.012286 s
currentSize : 14 <-- 0.028733 s
currentSize : 16 <-- 0.029325 s
currentSize : 17 <-- 0.029375 s

maxsize : 17
nodes : 10238.000000
filtered : 124964.000000
time : 0.032797
