Parameters: GAD=1 vflib=1 dir=0 label=0 lowerbound=1 fileNameGp=../graphsdb/mcs90/rand/r005/mcs90_r005_s25.A04 fileNameGt=../graphsdb/mcs90/rand/r005/mcs90_r005_s25.B04
Reading graphs...
25 :  29
25 :  29
Initializing...
maxdom : 25
D->valSize : 625
Solving...
currentSize : 11 <-- 0.005446 s
currentSize : 13 <-- 0.005552 s
currentSize : 14 <-- 0.005568 s
currentSize : 15 <-- 0.007735 s
currentSize : 16 <-- 0.130443 s
currentSize : 17 <-- 0.294204 s
currentSize : 21 <-- 0.320316 s
currentSize : 22 <-- 0.320342 s

maxsize : 22
nodes : 135626.000000
filtered : 916002.000000
time : 0.334737
