Parameters: GAD=1 vflib=1 dir=0 label=0 lowerbound=1 fileNameGp=../graphsdb/mcs90/rand/r01/mcs90_r01_s15.A09 fileNameGt=../graphsdb/mcs90/rand/r01/mcs90_r01_s15.B09
Reading graphs...
15 :  19
15 :  20
Initializing...
maxdom : 15
D->valSize : 225
Solving...
currentSize : 5 <-- 0.000926 s
currentSize : 7 <-- 0.000951 s
currentSize : 9 <-- 0.001283 s
currentSize : 10 <-- 0.001973 s
currentSize : 11 <-- 0.002113 s
currentSize : 12 <-- 0.002785 s
currentSize : 13 <-- 0.003352 s

maxsize : 13
nodes : 1253.000000
filtered : 10669.000000
time : 0.003992
