Parameters: GAD=1 vflib=1 dir=0 label=0 lowerbound=1 fileNameGp=../graphsdb/mcs90/rand/r01/mcs90_r01_s35.A01 fileNameGt=../graphsdb/mcs90/rand/r01/mcs90_r01_s35.B01
Reading graphs...
35 :  113
35 :  113
Initializing...
maxdom : 35
D->valSize : 1225
Solving...
currentSize : 17 <-- 0.019512 s
currentSize : 18 <-- 1.971869 s
currentSize : 19 <-- 54.388176 s
currentSize : 20 <-- 167.819916 s
currentSize : 21 <-- 167.879242 s
currentSize : 22 <-- 167.946960 s
currentSize : 31 <-- 173.396011 s

maxsize : 31
nodes : 36208163.000000
filtered : 654786046.000000
time : 173.488663
