Parameters: GAD=1 vflib=1 dir=0 label=0 lowerbound=1 fileNameGp=../graphsdb/mcs90/rand/r005/mcs90_r005_s25.A00 fileNameGt=../graphsdb/mcs90/rand/r005/mcs90_r005_s25.B00
Reading graphs...
25 :  29
25 :  28
Initializing...
maxdom : 25
D->valSize : 625
Solving...
currentSize : 15 <-- 0.005430 s
currentSize : 18 <-- 0.005455 s
currentSize : 19 <-- 0.007968 s
currentSize : 20 <-- 0.007993 s
currentSize : 21 <-- 0.034907 s
currentSize : 22 <-- 0.035054 s

maxsize : 22
nodes : 10174.000000
filtered : 153293.000000
time : 0.043427
