Parameters: GAD=1 vflib=1 dir=0 label=0 lowerbound=1 fileNameGp=../graphsdb/mcs90/bvg/b06m/mcs90_b06m_s25.A74 fileNameGt=../graphsdb/mcs90/bvg/b06m/mcs90_b06m_s25.B74
Reading graphs...
25 :  74
25 :  73
Initializing...
maxdom : 25
D->valSize : 625
Solving...
currentSize : 11 <-- 0.004750 s
currentSize : 12 <-- 0.004785 s
currentSize : 13 <-- 0.006437 s
currentSize : 14 <-- 0.012444 s
currentSize : 15 <-- 0.072154 s
currentSize : 17 <-- 0.103601 s
currentSize : 18 <-- 0.103638 s
currentSize : 22 <-- 0.103710 s

maxsize : 22
nodes : 30766.000000
filtered : 460489.000000
time : 0.120364
