Parameters: GAD=1 vflib=1 dir=0 label=0 lowerbound=1 fileNameGp=../graphsdb/mcs90/bvg/b06m/mcs90_b06m_s30.A76 fileNameGt=../graphsdb/mcs90/bvg/b06m/mcs90_b06m_s30.B76
Reading graphs...
30 :  86
30 :  87
Initializing...
maxdom : 30
D->valSize : 900
Solving...
currentSize : 15 <-- 0.017500 s
currentSize : 16 <-- 0.020366 s
currentSize : 17 <-- 0.228138 s
currentSize : 18 <-- 0.506048 s
currentSize : 19 <-- 0.507119 s
currentSize : 20 <-- 2.086132 s
currentSize : 21 <-- 2.938173 s
currentSize : 25 <-- 3.310917 s
currentSize : 27 <-- 3.311460 s

maxsize : 27
nodes : 586218.000000
filtered : 16509734.000000
time : 3.329744
