Parameters: GAD=1 vflib=1 dir=0 label=0 lowerbound=1 fileNameGp=../graphsdb/mcs90/bvg/b06m/mcs90_b06m_s35.A10 fileNameGt=../graphsdb/mcs90/bvg/b06m/mcs90_b06m_s35.B10
Reading graphs...
35 :  104
35 :  104
Initializing...
maxdom : 35
D->valSize : 1225
Solving...
currentSize : 13 <-- 0.019456 s
currentSize : 14 <-- 0.019539 s
currentSize : 15 <-- 0.020001 s
currentSize : 16 <-- 0.022569 s
currentSize : 17 <-- 0.029907 s
currentSize : 18 <-- 0.051656 s
currentSize : 19 <-- 0.107763 s
currentSize : 20 <-- 0.299098 s
currentSize : 21 <-- 42.646675 s
currentSize : 22 <-- 56.064880 s
currentSize : 23 <-- 56.065807 s
currentSize : 26 <-- 56.066334 s
currentSize : 31 <-- 56.066475 s

maxsize : 31
nodes : 10964535.000000
filtered : 251706018.000000
time : 56.174511
