Parameters: GAD=1 vflib=1 dir=0 label=0 lowerbound=1 fileNameGp=../graphsdb/mcs90/rand/r02/mcs90_r02_s30.A76 fileNameGt=../graphsdb/mcs90/rand/r02/mcs90_r02_s30.B76
Reading graphs...
30 :  160
30 :  161
Initializing...
maxdom : 30
D->valSize : 900
Solving...
currentSize : 11 <-- 0.015998 s
currentSize : 12 <-- 0.016297 s
currentSize : 13 <-- 0.336812 s
currentSize : 14 <-- 1.959216 s
currentSize : 15 <-- 5.533942 s
currentSize : 16 <-- 5.534154 s
currentSize : 17 <-- 6.746936 s
currentSize : 18 <-- 8.046859 s
currentSize : 21 <-- 8.284915 s
currentSize : 27 <-- 8.449400 s

maxsize : 27
nodes : 1987891.000000
filtered : 27839581.000000
time : 8.464070
