Parameters: GAD=1 vflib=1 dir=0 label=0 lowerbound=1 fileNameGp=../graphsdb/mcs90/bvg/b09/mcs90_b09_s35.A11 fileNameGt=../graphsdb/mcs90/bvg/b09/mcs90_b09_s35.B11
Reading graphs...
35 :  157
35 :  156
Initializing...
maxdom : 35
D->valSize : 1225
Solving...
currentSize : 10 <-- 0.031114 s
currentSize : 12 <-- 0.031168 s
currentSize : 13 <-- 0.031391 s
currentSize : 14 <-- 0.033198 s
currentSize : 15 <-- 0.049365 s
currentSize : 16 <-- 0.056119 s
currentSize : 17 <-- 0.061481 s
currentSize : 18 <-- 0.766196 s
currentSize : 19 <-- 0.831044 s
currentSize : 20 <-- 0.846972 s
currentSize : 22 <-- 0.852307 s
currentSize : 30 <-- 0.864238 s
currentSize : 31 <-- 0.931739 s

maxsize : 31
nodes : 179386.000000
filtered : 4872925.000000
time : 1.105130
