Parameters: GAD=1 vflib=1 dir=0 label=0 lowerbound=1 fileNameGp=../graphsdb/mcs90/rand/r005/mcs90_r005_s35.A97 fileNameGt=../graphsdb/mcs90/rand/r005/mcs90_r005_s35.B97
Reading graphs...
35 :  58
35 :  58
Initializing...
maxdom : 35
D->valSize : 1225
Solving...
currentSize : 18 <-- 0.020541 s
currentSize : 19 <-- 0.020580 s
currentSize : 20 <-- 0.020803 s
currentSize : 21 <-- 0.021691 s
currentSize : 22 <-- 0.038599 s
currentSize : 23 <-- 7.954447 s
currentSize : 24 <-- 7.960671 s
currentSize : 25 <-- 7.973165 s
currentSize : 26 <-- 8.118665 s
currentSize : 27 <-- 8.132105 s
currentSize : 28 <-- 8.534637 s
currentSize : 29 <-- 8.549565 s
currentSize : 30 <-- 8.601525 s
currentSize : 31 <-- 8.601597 s

maxsize : 31
nodes : 2201088.000000
filtered : 23721463.000000
time : 8.667450
