Parameters: GAD=1 vflib=1 dir=0 label=0 lowerbound=1 fileNameGp=../graphsdb/mcs90/bvg/b03m/mcs90_b03m_s20.A94 fileNameGt=../graphsdb/mcs90/bvg/b03m/mcs90_b03m_s20.B94
Reading graphs...
20 :  30
20 :  30
Initializing...
maxdom : 20
D->valSize : 400
Solving...
currentSize : 10 <-- 0.002290 s
currentSize : 12 <-- 0.002307 s
currentSize : 13 <-- 0.002461 s
currentSize : 14 <-- 0.005141 s
currentSize : 15 <-- 0.012733 s
currentSize : 16 <-- 0.016654 s
currentSize : 18 <-- 0.031324 s

maxsize : 18
nodes : 9104.000000
filtered : 127706.000000
time : 0.032715
