Parameters: GAD=1 vflib=1 dir=0 label=0 lowerbound=1 fileNameGp=../graphsdb/mcs90/bvg/b03m/mcs90_b03m_s30.A50 fileNameGt=../graphsdb/mcs90/bvg/b03m/mcs90_b03m_s30.B50
Reading graphs...
30 :  45
30 :  45
Initializing...
maxdom : 30
D->valSize : 900
Solving...
currentSize : 6 <-- 0.011059 s
currentSize : 15 <-- 0.011123 s
currentSize : 16 <-- 0.011144 s
currentSize : 17 <-- 0.011207 s
currentSize : 18 <-- 0.011787 s
currentSize : 20 <-- 0.017428 s
currentSize : 22 <-- 0.017462 s
currentSize : 23 <-- 0.935454 s
currentSize : 24 <-- 1.154776 s
currentSize : 25 <-- 1.157282 s
currentSize : 26 <-- 1.161419 s

maxsize : 26
nodes : 262137.000000
filtered : 5064141.000000
time : 1.264513
