Parameters: GAD=1 vflib=1 dir=0 label=0 lowerbound=1 fileNameGp=../graphsdb/mcs90/bvg/b06m/mcs90_b06m_s20.A37 fileNameGt=../graphsdb/mcs90/bvg/b06m/mcs90_b06m_s20.B37
Reading graphs...
20 :  57
20 :  57
Initializing...
maxdom : 20
D->valSize : 400
Solving...
currentSize : 10 <-- 0.002116 s
currentSize : 11 <-- 0.002636 s
currentSize : 12 <-- 0.004979 s
currentSize : 13 <-- 0.007809 s
currentSize : 14 <-- 0.033696 s
currentSize : 15 <-- 0.059947 s
currentSize : 18 <-- 0.063250 s

maxsize : 18
nodes : 17709.000000
filtered : 269453.000000
time : 0.064478
