Parameters: GAD=1 vflib=1 dir=0 label=0 lowerbound=1 fileNameGp=../graphsdb/mcs90/rand/r02/mcs90_r02_s25.A83 fileNameGt=../graphsdb/mcs90/rand/r02/mcs90_r02_s25.B83
Reading graphs...
25 :  106
25 :  105
Initializing...
maxdom : 25
D->valSize : 625
Solving...
currentSize : 9 <-- 0.004532 s
currentSize : 11 <-- 0.004651 s
currentSize : 12 <-- 0.010332 s
currentSize : 13 <-- 0.191823 s
currentSize : 14 <-- 0.191883 s
currentSize : 16 <-- 0.305696 s
currentSize : 18 <-- 0.307121 s
currentSize : 22 <-- 0.383423 s

maxsize : 22
nodes : 96121.000000
filtered : 1619258.000000
time : 0.389797
