Parameters: GAD=1 vflib=1 dir=0 label=0 lowerbound=1 fileNameGp=../graphsdb/mcs90/rand/r01/mcs90_r01_s30.A42 fileNameGt=../graphsdb/mcs90/rand/r01/mcs90_r01_s30.B42
Reading graphs...
30 :  80
30 :  82
Initializing...
maxdom : 30
D->valSize : 900
Solving...
currentSize : 14 <-- 0.017678 s
currentSize : 15 <-- 0.023804 s
currentSize : 16 <-- 0.026144 s
currentSize : 17 <-- 0.225401 s
currentSize : 18 <-- 0.628925 s
currentSize : 19 <-- 1.677438 s
currentSize : 27 <-- 2.218516 s

maxsize : 27
nodes : 446772.000000
filtered : 7376008.000000
time : 2.239117
