Parameters: GAD=1 vflib=1 dir=0 label=0 lowerbound=1 fileNameGp=../graphsdb/mcs90/bvg/b06/mcs90_b06_s25.A09 fileNameGt=../graphsdb/mcs90/bvg/b06/mcs90_b06_s25.B09
Reading graphs...
25 :  75
25 :  75
Initializing...
maxdom : 25
D->valSize : 625
Solving...
currentSize : 15 <-- 0.004835 s
currentSize : 16 <-- 0.004905 s
currentSize : 18 <-- 0.005014 s
currentSize : 20 <-- 0.005705 s
currentSize : 21 <-- 0.006400 s
currentSize : 22 <-- 0.006501 s

maxsize : 22
nodes : 6525.000000
filtered : 181709.000000
time : 0.036433
