Parameters: GAD=1 vflib=1 dir=0 label=0 lowerbound=1 fileNameGp=../graphsdb/mcs90/bvg/b06/mcs90_b06_s35.A61 fileNameGt=../graphsdb/mcs90/bvg/b06/mcs90_b06_s35.B61
Reading graphs...
35 :  105
35 :  105
Initializing...
maxdom : 35
D->valSize : 1225
Solving...
currentSize : 22 <-- 0.032944 s
currentSize : 23 <-- 0.033032 s
currentSize : 24 <-- 0.033185 s
currentSize : 25 <-- 0.033361 s
currentSize : 26 <-- 0.033477 s
currentSize : 27 <-- 0.035451 s
currentSize : 29 <-- 0.037963 s
currentSize : 31 <-- 0.046939 s

maxsize : 31
nodes : 22428.000000
filtered : 955558.000000
time : 0.269811
