Parameters: GAD=1 vflib=1 dir=0 label=0 lowerbound=1 fileNameGp=../graphsdb/mcs90/bvg/b09m/mcs90_b09m_s20.A17 fileNameGt=../graphsdb/mcs90/bvg/b09m/mcs90_b09m_s20.B17
Reading graphs...
20 :  86
20 :  86
Initializing...
maxdom : 20
D->valSize : 400
Solving...
currentSize : 8 <-- 0.001977 s
currentSize : 9 <-- 0.002000 s
currentSize : 10 <-- 0.006860 s
currentSize : 11 <-- 0.013138 s
currentSize : 12 <-- 0.014064 s
currentSize : 14 <-- 0.030219 s
currentSize : 18 <-- 0.030498 s

maxsize : 18
nodes : 9456.000000
filtered : 111396.000000
time : 0.033006
