Parameters: GAD=1 vflib=1 dir=0 label=0 lowerbound=1 fileNameGp=../graphsdb/mcs90/rand/r02/mcs90_r02_s25.A88 fileNameGt=../graphsdb/mcs90/rand/r02/mcs90_r02_s25.B88
Reading graphs...
25 :  108
25 :  110
Initializing...
maxdom : 25
D->valSize : 625
Solving...
currentSize : 9 <-- 0.004502 s
currentSize : 10 <-- 0.004585 s
currentSize : 11 <-- 0.004707 s
currentSize : 12 <-- 0.006816 s
currentSize : 13 <-- 0.010845 s
currentSize : 14 <-- 0.015982 s
currentSize : 15 <-- 0.016415 s
currentSize : 17 <-- 0.380141 s
currentSize : 22 <-- 0.506195 s

maxsize : 22
nodes : 115721.000000
filtered : 2301540.000000
time : 0.513835
