Parameters: GAD=1 vflib=1 dir=0 label=0 lowerbound=1 fileNameGp=../graphsdb/mcs90/m4D/m4D/mcs90_m4D_s20.A21 fileNameGt=../graphsdb/mcs90/m4D/m4D/mcs90_m4D_s20.B21
Reading graphs...
20 :  36
20 :  37
Initializing...
maxdom : 20
D->valSize : 400
Solving...
currentSize : 8 <-- 0.002201 s
currentSize : 9 <-- 0.002814 s
currentSize : 12 <-- 0.003314 s
currentSize : 13 <-- 0.003392 s
currentSize : 15 <-- 0.010126 s
currentSize : 16 <-- 0.012431 s
currentSize : 17 <-- 0.014847 s

maxsize : 17
nodes : 5545.000000
filtered : 81903.000000
time : 0.019284
