Parameters: GAD=1 vflib=1 dir=0 label=0 lowerbound=1 fileNameGp=../graphsdb/mcs90/rand/r005/mcs90_r005_s35.A81 fileNameGt=../graphsdb/mcs90/rand/r005/mcs90_r005_s35.B81
Reading graphs...
35 :  57
35 :  57
Initializing...
maxdom : 35
D->valSize : 1225
Solving...
currentSize : 19 <-- 0.020524 s
currentSize : 20 <-- 0.103012 s
currentSize : 21 <-- 0.261287 s
currentSize : 22 <-- 0.765714 s
currentSize : 23 <-- 10.400917 s
currentSize : 24 <-- 126.918007 s
currentSize : 25 <-- 147.522034 s
currentSize : 31 <-- 168.988983 s

maxsize : 31
nodes : 35672659.000000
filtered : 645945849.000000
time : 169.110336
