Parameters: GAD=1 vflib=1 dir=0 label=0 lowerbound=1 fileNameGp=../graphsdb/mcs90/rand/r005/mcs90_r005_s35.A33 fileNameGt=../graphsdb/mcs90/rand/r005/mcs90_r005_s35.B33
Reading graphs...
35 :  58
35 :  57
Initializing...
maxdom : 35
D->valSize : 1225
Solving...
currentSize : 18 <-- 0.024856 s
currentSize : 19 <-- 0.030330 s
currentSize : 20 <-- 1.211254 s
currentSize : 21 <-- 1.801555 s
currentSize : 22 <-- 3.667735 s
currentSize : 23 <-- 6.768171 s
currentSize : 24 <-- 11.300727 s
currentSize : 25 <-- 64.885986 s
currentSize : 26 <-- 79.481384 s
currentSize : 28 <-- 99.046822 s
currentSize : 31 <-- 99.088013 s

maxsize : 31
nodes : 18820786.000000
filtered : 423673570.000000
time : 99.166649
