Parameters: GAD=1 vflib=1 dir=0 label=0 lowerbound=1 fileNameGp=../graphsdb/mcs90/bvg/b09/mcs90_b09_s35.A55 fileNameGt=../graphsdb/mcs90/bvg/b09/mcs90_b09_s35.B55
Reading graphs...
35 :  157
35 :  157
Initializing...
maxdom : 35
D->valSize : 1225
Solving...
currentSize : 15 <-- 0.018038 s
currentSize : 16 <-- 0.018147 s
currentSize : 17 <-- 0.018321 s
currentSize : 18 <-- 0.018562 s
currentSize : 19 <-- 0.024428 s
currentSize : 21 <-- 0.031260 s
currentSize : 24 <-- 0.054520 s
currentSize : 25 <-- 0.065406 s
currentSize : 26 <-- 0.133497 s
currentSize : 30 <-- 0.134315 s

maxsize : 30
nodes : 60659.000000
filtered : 3756251.000000
time : 0.513331
