Parameters: GAD=1 vflib=1 dir=0 label=0 lowerbound=1 fileNameGp=../graphsdb/mcs90/rand/r02/mcs90_r02_s25.A84 fileNameGt=../graphsdb/mcs90/rand/r02/mcs90_r02_s25.B84
Reading graphs...
25 :  105
25 :  106
Initializing...
maxdom : 25
D->valSize : 625
Solving...
currentSize : 9 <-- 0.004480 s
currentSize : 10 <-- 0.004507 s
currentSize : 11 <-- 0.004526 s
currentSize : 12 <-- 0.008941 s
currentSize : 13 <-- 0.033504 s
currentSize : 15 <-- 0.148862 s
currentSize : 18 <-- 1.087308 s
currentSize : 22 <-- 1.202833 s

maxsize : 22
nodes : 271078.000000
filtered : 5497431.000000
time : 1.204527
