Parameters: GAD=1 vflib=1 dir=0 label=0 lowerbound=1 fileNameGp=../graphsdb/mcs90/m2D/m2D/mcs90_m2D_s20.A79 fileNameGt=../graphsdb/mcs90/m2D/m2D/mcs90_m2D_s20.B79
Reading graphs...
20 :  30
20 :  31
Initializing...
maxdom : 20
D->valSize : 400
Solving...
currentSize : 9 <-- 0.002216 s
currentSize : 12 <-- 0.002233 s
currentSize : 13 <-- 0.004810 s
currentSize : 14 <-- 0.005149 s
currentSize : 15 <-- 0.015639 s
currentSize : 16 <-- 0.034747 s
currentSize : 17 <-- 0.044397 s

maxsize : 17
nodes : 13274.000000
filtered : 210862.000000
time : 0.048346
