Parameters: GAD=1 vflib=1 dir=0 label=0 lowerbound=1 fileNameGp=../graphsdb/mcs90/rand/r01/mcs90_r01_s25.A79 fileNameGt=../graphsdb/mcs90/rand/r01/mcs90_r01_s25.B79
Reading graphs...
25 :  56
25 :  55
Initializing...
maxdom : 25
D->valSize : 625
Solving...
currentSize : 13 <-- 0.005004 s
currentSize : 14 <-- 0.005338 s
currentSize : 15 <-- 0.005802 s
currentSize : 16 <-- 0.005923 s
currentSize : 17 <-- 0.006705 s
currentSize : 18 <-- 0.006842 s
currentSize : 22 <-- 0.007029 s

maxsize : 22
nodes : 1713.000000
filtered : 79314.000000
time : 0.015036
