Parameters: GAD=1 vflib=1 dir=0 label=0 lowerbound=1 fileNameGp=../graphsdb/mcs90/rand/r01/mcs90_r01_s35.A73 fileNameGt=../graphsdb/mcs90/rand/r01/mcs90_r01_s35.B73
Reading graphs...
35 :  115
35 :  112
Initializing...
maxdom : 35
D->valSize : 1225
Solving...
currentSize : 13 <-- 0.018961 s
currentSize : 15 <-- 0.019034 s
currentSize : 16 <-- 0.025919 s
currentSize : 17 <-- 0.025961 s
currentSize : 18 <-- 0.112703 s
currentSize : 20 <-- 0.112787 s
currentSize : 21 <-- 0.113599 s
currentSize : 22 <-- 0.363984 s
currentSize : 23 <-- 0.376703 s
currentSize : 27 <-- 0.527780 s
currentSize : 31 <-- 0.537144 s

maxsize : 31
nodes : 96999.000000
filtered : 2793219.000000
time : 0.588675
