Parameters: GAD=1 vflib=1 dir=0 label=0 lowerbound=1 fileNameGp=../graphsdb/mcs90/m2D/m2Dr6/mcs90_m2Dr6_s30.A66 fileNameGt=../graphsdb/mcs90/m2D/m2Dr6/mcs90_m2Dr6_s30.B66
Reading graphs...
30 :  66
30 :  65
Initializing...
maxdom : 30
D->valSize : 900
Solving...
currentSize : 13 <-- 0.018343 s
currentSize : 14 <-- 0.019103 s
currentSize : 15 <-- 0.019115 s
currentSize : 16 <-- 0.019701 s
currentSize : 17 <-- 0.115408 s
currentSize : 18 <-- 0.369854 s
currentSize : 19 <-- 1.986119 s
currentSize : 20 <-- 15.039115 s
currentSize : 22 <-- 20.970133 s
currentSize : 23 <-- 21.043484 s
currentSize : 25 <-- 21.069653 s

maxsize : 25
nodes : 4638586.000000
filtered : 95002418.000000
time : 21.334032
