Parameters: GAD=1 vflib=1 dir=0 label=0 lowerbound=1 fileNameGp=../graphsdb/mcs90/bvg/b09/mcs90_b09_s35.A90 fileNameGt=../graphsdb/mcs90/bvg/b09/mcs90_b09_s35.B90
Reading graphs...
35 :  157
35 :  157
Initializing...
maxdom : 35
D->valSize : 1225
Solving...
currentSize : 12 <-- 0.018718 s
currentSize : 13 <-- 0.018779 s
currentSize : 14 <-- 0.018822 s
currentSize : 15 <-- 0.020670 s
currentSize : 16 <-- 0.023829 s
currentSize : 17 <-- 0.026835 s
currentSize : 18 <-- 0.045021 s
currentSize : 19 <-- 0.045788 s
currentSize : 22 <-- 0.045933 s
currentSize : 23 <-- 0.060354 s
currentSize : 24 <-- 0.067790 s
currentSize : 26 <-- 0.104435 s
currentSize : 30 <-- 0.149707 s

maxsize : 30
nodes : 88572.000000
filtered : 4944178.000000
time : 0.708499
