Parameters: GAD=1 vflib=1 dir=0 label=0 lowerbound=1 fileNameGp=../graphsdb/mcs90/bvg/b09m/mcs90_b09m_s15.A30 fileNameGt=../graphsdb/mcs90/bvg/b09m/mcs90_b09m_s15.B30
Reading graphs...
15 :  62
15 :  61
Initializing...
maxdom : 15
D->valSize : 225
Solving...
currentSize : 7 <-- 0.000904 s
currentSize : 8 <-- 0.000928 s
currentSize : 9 <-- 0.002619 s
currentSize : 10 <-- 0.008858 s
currentSize : 11 <-- 0.013480 s
currentSize : 12 <-- 0.013582 s

maxsize : 12
nodes : 5842.000000
filtered : 62300.000000
time : 0.017163
