Parameters: GAD=1 vflib=1 dir=0 label=0 lowerbound=1 fileNameGp=../graphsdb/mcs90/m2D/m2D/mcs90_m2D_s20.A71 fileNameGt=../graphsdb/mcs90/m2D/m2D/mcs90_m2D_s20.B71
Reading graphs...
20 :  31
20 :  31
Initializing...
maxdom : 20
D->valSize : 400
Solving...
currentSize : 11 <-- 0.002259 s
currentSize : 12 <-- 0.002334 s
currentSize : 13 <-- 0.002339 s
currentSize : 14 <-- 0.002457 s
currentSize : 15 <-- 0.010782 s
currentSize : 16 <-- 0.018458 s
currentSize : 17 <-- 0.028239 s

maxsize : 17
nodes : 10649.000000
filtered : 171267.000000
time : 0.039250
