Parameters: GAD=1 vflib=1 dir=0 label=0 lowerbound=1 fileNameGp=../graphsdb/mcs90/bvg/b09/mcs90_b09_s35.A25 fileNameGt=../graphsdb/mcs90/bvg/b09/mcs90_b09_s35.B25
Reading graphs...
35 :  157
35 :  156
Initializing...
maxdom : 35
D->valSize : 1225
Solving...
currentSize : 12 <-- 0.018815 s
currentSize : 13 <-- 0.018834 s
currentSize : 14 <-- 0.018935 s
currentSize : 17 <-- 0.018995 s
currentSize : 18 <-- 0.019425 s
currentSize : 19 <-- 0.019568 s
currentSize : 20 <-- 0.020372 s
currentSize : 22 <-- 0.021365 s
currentSize : 24 <-- 0.161111 s
currentSize : 26 <-- 0.213328 s
currentSize : 30 <-- 0.213432 s

maxsize : 30
nodes : 90680.000000
filtered : 5107107.000000
time : 0.794859
