Parameters: GAD=1 vflib=1 dir=0 label=0 lowerbound=1 fileNameGp=../graphsdb/mcs90/m2D/m2Dr2/mcs90_m2Dr2_s30.A14 fileNameGt=../graphsdb/mcs90/m2D/m2Dr2/mcs90_m2Dr2_s30.B14
Reading graphs...
30 :  55
30 :  55
Initializing...
maxdom : 30
D->valSize : 900
Solving...
currentSize : 15 <-- 0.018872 s
currentSize : 16 <-- 0.018908 s
currentSize : 17 <-- 0.019222 s
currentSize : 18 <-- 0.029616 s
currentSize : 19 <-- 0.155470 s
currentSize : 20 <-- 0.414288 s
currentSize : 21 <-- 3.644564 s
currentSize : 23 <-- 12.214412 s
currentSize : 24 <-- 12.214706 s
currentSize : 25 <-- 12.214743 s

maxsize : 25
nodes : 2578023.000000
filtered : 53596023.000000
time : 12.449813
