Parameters: GAD=1 vflib=1 dir=0 label=0 lowerbound=1 fileNameGp=../graphsdb/mcs90/bvg/b09/mcs90_b09_s20.A71 fileNameGt=../graphsdb/mcs90/bvg/b09/mcs90_b09_s20.B71
Reading graphs...
20 :  89
20 :  88
Initializing...
maxdom : 20
D->valSize : 400
Solving...
currentSize : 8 <-- 0.001982 s
currentSize : 9 <-- 0.002023 s
currentSize : 10 <-- 0.002118 s
currentSize : 11 <-- 0.002269 s
currentSize : 16 <-- 0.002326 s
currentSize : 17 <-- 0.002421 s
currentSize : 18 <-- 0.003331 s

maxsize : 18
nodes : 886.000000
filtered : 30264.000000
time : 0.005989
