Parameters: GAD=1 vflib=1 dir=0 label=0 lowerbound=1 fileNameGp=../graphsdb/mcs90/rand/r005/mcs90_r005_s25.A57 fileNameGt=../graphsdb/mcs90/rand/r005/mcs90_r005_s25.B57
Reading graphs...
25 :  29
25 :  29
Initializing...
maxdom : 25
D->valSize : 625
Solving...
currentSize : 10 <-- 0.005415 s
currentSize : 13 <-- 0.005456 s
currentSize : 14 <-- 0.005473 s
currentSize : 15 <-- 0.005540 s
currentSize : 16 <-- 0.006630 s
currentSize : 17 <-- 0.006684 s
currentSize : 18 <-- 0.119421 s
currentSize : 19 <-- 0.195027 s
currentSize : 20 <-- 0.198173 s
currentSize : 21 <-- 0.203530 s
currentSize : 22 <-- 0.207920 s

maxsize : 22
nodes : 77218.000000
filtered : 524751.000000
time : 0.217508
