Parameters: GAD=1 vflib=1 dir=0 label=0 lowerbound=1 fileNameGp=../graphsdb/mcs90/rand/r02/mcs90_r02_s20.A78 fileNameGt=../graphsdb/mcs90/rand/r02/mcs90_r02_s20.B78
Reading graphs...
20 :  67
20 :  69
Initializing...
maxdom : 20
D->valSize : 400
Solving...
currentSize : 8 <-- 0.001980 s
currentSize : 9 <-- 0.002007 s
currentSize : 10 <-- 0.003708 s
currentSize : 11 <-- 0.009519 s
currentSize : 12 <-- 0.184182 s
currentSize : 13 <-- 0.194974 s
currentSize : 18 <-- 0.197690 s

maxsize : 18
nodes : 65349.000000
filtered : 578092.000000
time : 0.199883
