Parameters: GAD=1 vflib=1 dir=0 label=0 lowerbound=1 fileNameGp=../graphsdb/mcs90/rand/r02/mcs90_r02_s20.A44 fileNameGt=../graphsdb/mcs90/rand/r02/mcs90_r02_s20.B44
Reading graphs...
20 :  70
20 :  70
Initializing...
maxdom : 20
D->valSize : 400
Solving...
currentSize : 8 <-- 0.002081 s
currentSize : 9 <-- 0.002124 s
currentSize : 10 <-- 0.002262 s
currentSize : 11 <-- 0.004230 s
currentSize : 12 <-- 0.083414 s
currentSize : 14 <-- 0.113334 s
currentSize : 18 <-- 0.113762 s

maxsize : 18
nodes : 37351.000000
filtered : 355723.000000
time : 0.116671
