Parameters: GAD=1 vflib=1 dir=0 label=0 lowerbound=1 fileNameGp=../graphsdb/mcs90/m2D/m2D/mcs90_m2D_s30.A18 fileNameGt=../graphsdb/mcs90/m2D/m2D/mcs90_m2D_s30.B18
Reading graphs...
30 :  49
30 :  48
Initializing...
maxdom : 30
D->valSize : 900
Solving...
currentSize : 17 <-- 0.010950 s
currentSize : 18 <-- 0.013200 s
currentSize : 19 <-- 0.023635 s
currentSize : 20 <-- 0.030430 s
currentSize : 21 <-- 0.033071 s
currentSize : 22 <-- 0.035611 s
currentSize : 23 <-- 0.036160 s
currentSize : 26 <-- 0.041792 s

maxsize : 26
nodes : 31166.000000
filtered : 914485.000000
time : 0.192272
