Parameters: GAD=1 vflib=1 dir=0 label=0 lowerbound=1 fileNameGp=../graphsdb/mcs90/bvg/b03m/mcs90_b03m_s20.A79 fileNameGt=../graphsdb/mcs90/bvg/b03m/mcs90_b03m_s20.B79
Reading graphs...
20 :  30
20 :  30
Initializing...
maxdom : 20
D->valSize : 400
Solving...
currentSize : 12 <-- 0.002279 s
currentSize : 13 <-- 0.002387 s
currentSize : 14 <-- 0.004288 s
currentSize : 15 <-- 0.046534 s
currentSize : 16 <-- 0.058242 s
currentSize : 18 <-- 0.058454 s

maxsize : 18
nodes : 18979.000000
filtered : 211419.000000
time : 0.061061
