Parameters: GAD=1 vflib=1 dir=0 label=0 lowerbound=1 fileNameGp=../graphsdb/mcs90/bvg/b09m/mcs90_b09m_s20.A06 fileNameGt=../graphsdb/mcs90/bvg/b09m/mcs90_b09m_s20.B06
Reading graphs...
20 :  85
20 :  86
Initializing...
maxdom : 20
D->valSize : 400
Solving...
currentSize : 7 <-- 0.002054 s
currentSize : 8 <-- 0.002100 s
currentSize : 9 <-- 0.002417 s
currentSize : 10 <-- 0.002581 s
currentSize : 12 <-- 0.002688 s
currentSize : 13 <-- 0.006305 s
currentSize : 18 <-- 0.006469 s

maxsize : 18
nodes : 2049.000000
filtered : 44153.000000
time : 0.010026
