Parameters: GAD=1 vflib=1 dir=0 label=0 lowerbound=1 fileNameGp=../graphsdb/mcs90/bvg/b03m/mcs90_b03m_s25.A40 fileNameGt=../graphsdb/mcs90/bvg/b03m/mcs90_b03m_s25.B40
Reading graphs...
25 :  36
25 :  36
Initializing...
maxdom : 25
D->valSize : 625
Solving...
currentSize : 13 <-- 0.005291 s
currentSize : 16 <-- 0.005312 s
currentSize : 17 <-- 0.005459 s
currentSize : 18 <-- 0.012558 s
currentSize : 19 <-- 0.564069 s
currentSize : 20 <-- 0.797298 s
currentSize : 22 <-- 0.808623 s

maxsize : 22
nodes : 213093.000000
filtered : 3451258.000000
time : 0.827482
