Parameters: GAD=1 vflib=1 dir=0 label=0 lowerbound=1 fileNameGp=../graphsdb/mcs90/bvg/b06/mcs90_b06_s30.A08 fileNameGt=../graphsdb/mcs90/bvg/b06/mcs90_b06_s30.B08
Reading graphs...
30 :  90
30 :  90
Initializing...
maxdom : 30
D->valSize : 900
Solving...
currentSize : 22 <-- 0.010186 s
currentSize : 23 <-- 0.010370 s
currentSize : 24 <-- 0.010854 s
currentSize : 25 <-- 0.010951 s
currentSize : 27 <-- 0.011907 s
currentSize : 28 <-- 0.015629 s

maxsize : 28
nodes : 2242.000000
filtered : 117520.000000
time : 0.031241
