Parameters: GAD=1 vflib=1 dir=0 label=0 lowerbound=1 fileNameGp=../graphsdb/mcs90/rand/r01/mcs90_r01_s30.A37 fileNameGt=../graphsdb/mcs90/rand/r01/mcs90_r01_s30.B37
Reading graphs...
30 :  78
30 :  77
Initializing...
maxdom : 30
D->valSize : 900
Solving...
currentSize : 14 <-- 0.010308 s
currentSize : 15 <-- 0.010366 s
currentSize : 16 <-- 0.010709 s
currentSize : 17 <-- 0.094286 s
currentSize : 18 <-- 0.149107 s
currentSize : 20 <-- 0.918616 s
currentSize : 21 <-- 0.923719 s
currentSize : 22 <-- 1.650626 s
currentSize : 23 <-- 1.656075 s
currentSize : 27 <-- 1.663312 s

maxsize : 27
nodes : 332305.000000
filtered : 8358454.000000
time : 1.687498
