Parameters: GAD=1 vflib=1 dir=0 label=0 lowerbound=1 fileNameGp=../graphsdb/mcs90/bvg/b06m/mcs90_b06m_s25.A80 fileNameGt=../graphsdb/mcs90/bvg/b06m/mcs90_b06m_s25.B80
Reading graphs...
25 :  74
25 :  74
Initializing...
maxdom : 25
D->valSize : 625
Solving...
currentSize : 10 <-- 0.008218 s
currentSize : 11 <-- 0.008267 s
currentSize : 12 <-- 0.008545 s
currentSize : 13 <-- 0.013303 s
currentSize : 14 <-- 0.023374 s
currentSize : 15 <-- 0.168282 s
currentSize : 16 <-- 1.187649 s
currentSize : 18 <-- 1.210172 s
currentSize : 22 <-- 1.210649 s

maxsize : 22
nodes : 251282.000000
filtered : 4824146.000000
time : 1.220645
