Parameters: GAD=1 vflib=1 dir=0 label=0 lowerbound=1 fileNameGp=../graphsdb/mcs90/bvg/b09/mcs90_b09_s30.A31 fileNameGt=../graphsdb/mcs90/bvg/b09/mcs90_b09_s30.B31
Reading graphs...
30 :  135
30 :  133
Initializing...
maxdom : 30
D->valSize : 900
Solving...
currentSize : 10 <-- 0.016217 s
currentSize : 12 <-- 0.016288 s
currentSize : 13 <-- 0.018493 s
currentSize : 14 <-- 0.018598 s
currentSize : 15 <-- 0.018732 s
currentSize : 16 <-- 0.570917 s
currentSize : 26 <-- 0.768404 s

maxsize : 26
nodes : 209610.000000
filtered : 3531332.000000
time : 0.934538
