Parameters: GAD=1 vflib=1 dir=0 label=0 lowerbound=1 fileNameGp=../graphsdb/mcs90/bvg/b09/mcs90_b09_s30.A78 fileNameGt=../graphsdb/mcs90/bvg/b09/mcs90_b09_s30.B78
Reading graphs...
30 :  134
30 :  134
Initializing...
maxdom : 30
D->valSize : 900
Solving...
currentSize : 11 <-- 0.016325 s
currentSize : 12 <-- 0.016451 s
currentSize : 13 <-- 0.018634 s
currentSize : 15 <-- 0.021894 s
currentSize : 16 <-- 0.057607 s
currentSize : 18 <-- 0.065077 s
currentSize : 20 <-- 0.065156 s
currentSize : 22 <-- 0.065290 s
currentSize : 26 <-- 0.065545 s

maxsize : 26
nodes : 31710.000000
filtered : 1339467.000000
time : 0.227573
