Parameters: GAD=1 vflib=1 dir=0 label=0 lowerbound=1 fileNameGp=../graphsdb/mcs90/m3D/m3Dr4/mcs90_m3Dr4_s30.A68 fileNameGt=../graphsdb/mcs90/m3D/m3Dr4/mcs90_m3Dr4_s30.B68
Reading graphs...
30 :  71
30 :  71
Initializing...
maxdom : 30
D->valSize : 900
Solving...
currentSize : 14 <-- 0.010417 s
currentSize : 17 <-- 0.010467 s
currentSize : 18 <-- 0.013885 s
currentSize : 19 <-- 0.136228 s
currentSize : 20 <-- 0.142060 s
currentSize : 21 <-- 1.523389 s
currentSize : 23 <-- 1.582870 s
currentSize : 24 <-- 1.675666 s
currentSize : 27 <-- 1.684715 s

maxsize : 27
nodes : 343684.000000
filtered : 7972400.000000
time : 1.710587
