Parameters: GAD=1 vflib=1 dir=0 label=0 lowerbound=1 fileNameGp=../graphsdb/mcs90/rand/r01/mcs90_r01_s20.A43 fileNameGt=../graphsdb/mcs90/rand/r01/mcs90_r01_s20.B43
Reading graphs...
20 :  34
20 :  35
Initializing...
maxdom : 20
D->valSize : 400
Solving...
currentSize : 9 <-- 0.002230 s
currentSize : 10 <-- 0.002245 s
currentSize : 11 <-- 0.003715 s
currentSize : 12 <-- 0.003776 s
currentSize : 13 <-- 0.004227 s
currentSize : 14 <-- 0.011866 s
currentSize : 15 <-- 0.015190 s
currentSize : 16 <-- 0.015289 s
currentSize : 18 <-- 0.015588 s

maxsize : 18
nodes : 5233.000000
filtered : 49925.000000
time : 0.016676
