Parameters: GAD=1 vflib=1 dir=0 label=0 lowerbound=1 fileNameGp=../graphsdb/mcs90/rand/r005/mcs90_r005_s30.A13 fileNameGt=../graphsdb/mcs90/rand/r005/mcs90_r005_s30.B13
Reading graphs...
30 :  40
30 :  41
Initializing...
maxdom : 30
D->valSize : 900
Solving...
currentSize : 13 <-- 0.011265 s
currentSize : 15 <-- 0.013798 s
currentSize : 17 <-- 0.375521 s
currentSize : 18 <-- 2.394163 s
currentSize : 19 <-- 13.080367 s
currentSize : 20 <-- 103.733124 s
currentSize : 21 <-- 103.735985 s
currentSize : 22 <-- 115.689827 s
currentSize : 23 <-- 115.721123 s
currentSize : 25 <-- 115.721359 s
currentSize : 26 <-- 115.721497 s
currentSize : 27 <-- 115.752754 s

maxsize : 27
nodes : 36962209.000000
filtered : 316216167.000000
time : 115.757774
