Parameters: GAD=1 vflib=1 dir=0 label=0 lowerbound=1 fileNameGp=../graphsdb/mcs90/bvg/b03m/mcs90_b03m_s20.A96 fileNameGt=../graphsdb/mcs90/bvg/b03m/mcs90_b03m_s20.B96
Reading graphs...
20 :  29
20 :  29
Initializing...
maxdom : 20
D->valSize : 400
Solving...
currentSize : 10 <-- 0.002267 s
currentSize : 11 <-- 0.002282 s
currentSize : 12 <-- 0.002339 s
currentSize : 13 <-- 0.002506 s
currentSize : 14 <-- 0.002851 s
currentSize : 15 <-- 0.005220 s
currentSize : 17 <-- 0.020018 s
currentSize : 18 <-- 0.020028 s

maxsize : 18
nodes : 5857.000000
filtered : 94076.000000
time : 0.022759
