Parameters: GAD=1 vflib=1 dir=0 label=0 lowerbound=1 fileNameGp=../graphsdb/mcs90/bvg/b09m/mcs90_b09m_s35.A74 fileNameGt=../graphsdb/mcs90/bvg/b09m/mcs90_b09m_s35.B74
Reading graphs...
35 :  154
35 :  154
Initializing...
maxdom : 35
D->valSize : 1225
Solving...
currentSize : 9 <-- 0.017959 s
currentSize : 10 <-- 0.017990 s
currentSize : 11 <-- 0.018040 s
currentSize : 12 <-- 0.018148 s
currentSize : 13 <-- 0.019300 s
currentSize : 14 <-- 0.022323 s
currentSize : 15 <-- 0.045411 s
currentSize : 16 <-- 0.226661 s
currentSize : 17 <-- 10.228942 s
currentSize : 18 <-- 52.238960 s
currentSize : 19 <-- 78.871239 s
currentSize : 24 <-- 78.899773 s
currentSize : 30 <-- 83.053123 s

maxsize : 30
nodes : 16770682.000000
filtered : 328983044.000000
time : 83.308563
