Parameters: GAD=1 vflib=1 dir=0 label=0 lowerbound=1 fileNameGp=../graphsdb/mcs90/rand/r01/mcs90_r01_s30.A01 fileNameGt=../graphsdb/mcs90/rand/r01/mcs90_r01_s30.B01
Reading graphs...
30 :  82
30 :  82
Initializing...
maxdom : 30
D->valSize : 900
Solving...
currentSize : 12 <-- 0.017881 s
currentSize : 13 <-- 0.017935 s
currentSize : 14 <-- 0.018456 s
currentSize : 15 <-- 0.074528 s
currentSize : 16 <-- 0.137799 s
currentSize : 17 <-- 0.187351 s
currentSize : 19 <-- 0.188879 s
currentSize : 22 <-- 0.197372 s
currentSize : 23 <-- 0.202191 s
currentSize : 27 <-- 0.203452 s

maxsize : 27
nodes : 37241.000000
filtered : 332050.000000
time : 0.217348
