Parameters: GAD=1 vflib=1 dir=0 label=0 lowerbound=1 fileNameGp=../graphsdb/mcs90/rand/r01/mcs90_r01_s30.A03 fileNameGt=../graphsdb/mcs90/rand/r01/mcs90_r01_s30.B03
Reading graphs...
30 :  82
30 :  83
Initializing...
maxdom : 30
D->valSize : 900
Solving...
currentSize : 14 <-- 0.017748 s
currentSize : 15 <-- 0.159321 s
currentSize : 16 <-- 0.205997 s
currentSize : 17 <-- 5.359436 s
currentSize : 18 <-- 17.877316 s
currentSize : 19 <-- 21.214924 s
currentSize : 21 <-- 21.565149 s
currentSize : 22 <-- 21.565603 s
currentSize : 27 <-- 21.565697 s

maxsize : 27
nodes : 5069623.000000
filtered : 79765134.000000
time : 21.586128
