Parameters: GAD=1 vflib=1 dir=0 label=0 lowerbound=1 fileNameGp=../graphsdb/mcs90/rand/r02/mcs90_r02_s35.A93 fileNameGt=../graphsdb/mcs90/rand/r02/mcs90_r02_s35.B93
Reading graphs...
35 :  220
35 :  217
Initializing...
maxdom : 35
D->valSize : 1225
Solving...
currentSize : 10 <-- 0.029100 s
currentSize : 12 <-- 0.029197 s
currentSize : 13 <-- 0.031647 s
currentSize : 14 <-- 0.031723 s
currentSize : 15 <-- 0.042253 s
currentSize : 16 <-- 1.714077 s
currentSize : 17 <-- 13.077661 s
currentSize : 18 <-- 14.051580 s
currentSize : 19 <-- 17.835218 s
currentSize : 21 <-- 28.919643 s
currentSize : 23 <-- 28.943197 s
currentSize : 31 <-- 29.915257 s

maxsize : 31
nodes : 5889652.000000
filtered : 112129503.000000
time : 30.000092
