Parameters: GAD=1 vflib=1 dir=0 label=0 lowerbound=1 fileNameGp=../graphsdb/mcs90/bvg/b03/mcs90_b03_s30.A47 fileNameGt=../graphsdb/mcs90/bvg/b03/mcs90_b03_s30.B47
Reading graphs...
30 :  45
30 :  45
Initializing...
maxdom : 30
D->valSize : 900
Solving...
currentSize : 21 <-- 0.019417 s
currentSize : 22 <-- 0.020256 s
currentSize : 23 <-- 0.020829 s
currentSize : 24 <-- 0.021613 s
currentSize : 26 <-- 0.051180 s
currentSize : 27 <-- 0.066676 s

maxsize : 27
nodes : 18383.000000
filtered : 499638.000000
time : 0.167061
