Parameters: GAD=1 vflib=1 dir=0 label=0 lowerbound=1 fileNameGp=../graphsdb/mcs90/rand/r01/mcs90_r01_s25.A41 fileNameGt=../graphsdb/mcs90/rand/r01/mcs90_r01_s25.B41
Reading graphs...
25 :  59
25 :  58
Initializing...
maxdom : 25
D->valSize : 625
Solving...
currentSize : 12 <-- 0.005012 s
currentSize : 13 <-- 0.005043 s
currentSize : 14 <-- 0.005585 s
currentSize : 15 <-- 0.037830 s
currentSize : 16 <-- 0.219846 s
currentSize : 17 <-- 0.427859 s
currentSize : 19 <-- 0.472591 s
currentSize : 22 <-- 0.474770 s

maxsize : 22
nodes : 125823.000000
filtered : 1785095.000000
time : 0.489248
