Parameters: GAD=1 vflib=1 dir=0 label=0 lowerbound=1 fileNameGp=../graphsdb/mcs90/rand/r005/mcs90_r005_s25.A15 fileNameGt=../graphsdb/mcs90/rand/r005/mcs90_r005_s25.B15
Reading graphs...
25 :  29
25 :  29
Initializing...
maxdom : 25
D->valSize : 625
Solving...
currentSize : 13 <-- 0.005388 s
currentSize : 14 <-- 0.005665 s
currentSize : 15 <-- 0.007274 s
currentSize : 16 <-- 0.034275 s
currentSize : 17 <-- 0.100464 s
currentSize : 18 <-- 0.120513 s
currentSize : 19 <-- 0.317028 s
currentSize : 20 <-- 0.380536 s
currentSize : 22 <-- 0.416651 s

maxsize : 22
nodes : 137419.000000
filtered : 1403751.000000
time : 0.424006
