Parameters: GAD=1 vflib=1 dir=0 label=0 lowerbound=1 fileNameGp=../graphsdb/mcs90/rand/r01/mcs90_r01_s20.A68 fileNameGt=../graphsdb/mcs90/rand/r01/mcs90_r01_s20.B68
Reading graphs...
20 :  35
20 :  36
Initializing...
maxdom : 20
D->valSize : 400
Solving...
currentSize : 6 <-- 0.002177 s
currentSize : 8 <-- 0.002231 s
currentSize : 10 <-- 0.002546 s
currentSize : 12 <-- 0.003223 s
currentSize : 13 <-- 0.003337 s
currentSize : 14 <-- 0.006710 s
currentSize : 16 <-- 0.018448 s
currentSize : 17 <-- 0.019364 s
currentSize : 18 <-- 0.019696 s

maxsize : 18
nodes : 5466.000000
filtered : 78047.000000
time : 0.021006
