Parameters: GAD=1 vflib=1 dir=0 label=0 lowerbound=1 fileNameGp=../graphsdb/mcs90/m2D/m2Dr2/mcs90_m2Dr2_s20.A86 fileNameGt=../graphsdb/mcs90/m2D/m2Dr2/mcs90_m2Dr2_s20.B86
Reading graphs...
20 :  35
20 :  34
Initializing...
maxdom : 20
D->valSize : 400
Solving...
currentSize : 12 <-- 0.002272 s
currentSize : 13 <-- 0.002404 s
currentSize : 14 <-- 0.017141 s
currentSize : 15 <-- 0.030304 s
currentSize : 16 <-- 0.030519 s
currentSize : 17 <-- 0.030556 s

maxsize : 17
nodes : 10695.000000
filtered : 156599.000000
time : 0.039095
