Parameters: GAD=1 vflib=1 dir=0 label=0 lowerbound=1 fileNameGp=../graphsdb/mcs90/bvg/b09/mcs90_b09_s30.A01 fileNameGt=../graphsdb/mcs90/bvg/b09/mcs90_b09_s30.B01
Reading graphs...
30 :  134
30 :  134
Initializing...
maxdom : 30
D->valSize : 900
Solving...
currentSize : 10 <-- 0.009842 s
currentSize : 11 <-- 0.010118 s
currentSize : 12 <-- 0.010152 s
currentSize : 13 <-- 0.016749 s
currentSize : 14 <-- 0.016785 s
currentSize : 15 <-- 0.017276 s
currentSize : 16 <-- 0.346202 s
currentSize : 18 <-- 0.347495 s
currentSize : 19 <-- 0.347909 s
currentSize : 20 <-- 0.347992 s
currentSize : 22 <-- 0.350546 s
currentSize : 26 <-- 0.352490 s

maxsize : 26
nodes : 108821.000000
filtered : 2179156.000000
time : 0.505964
