Parameters: GAD=1 vflib=1 dir=0 label=0 lowerbound=1 fileNameGp=../graphsdb/mcs90/rand/r01/mcs90_r01_s35.A25 fileNameGt=../graphsdb/mcs90/rand/r01/mcs90_r01_s35.B25
Reading graphs...
35 :  114
35 :  113
Initializing...
maxdom : 35
D->valSize : 1225
Solving...
currentSize : 14 <-- 0.032323 s
currentSize : 15 <-- 0.033040 s
currentSize : 16 <-- 0.033191 s
currentSize : 17 <-- 0.033497 s
currentSize : 18 <-- 0.059216 s
currentSize : 19 <-- 0.183883 s
currentSize : 21 <-- 15.171308 s
currentSize : 22 <-- 15.171329 s
currentSize : 24 <-- 16.133135 s
currentSize : 26 <-- 19.304844 s
currentSize : 27 <-- 19.337109 s
currentSize : 31 <-- 19.386610 s

maxsize : 31
nodes : 3754057.000000
filtered : 81916438.000000
time : 19.433359
