Parameters: GAD=1 vflib=1 dir=0 label=0 lowerbound=1 fileNameGp=../graphsdb/mcs90/rand/r005/mcs90_r005_s35.A13 fileNameGt=../graphsdb/mcs90/rand/r005/mcs90_r005_s35.B13
Reading graphs...
35 :  57
35 :  57
Initializing...
maxdom : 35
D->valSize : 1225
Solving...
currentSize : 11 <-- 0.021045 s
currentSize : 13 <-- 0.021085 s
currentSize : 14 <-- 0.021429 s
currentSize : 15 <-- 0.021921 s
currentSize : 18 <-- 0.022012 s
currentSize : 19 <-- 0.048178 s
currentSize : 20 <-- 0.236555 s
currentSize : 21 <-- 1.110113 s
currentSize : 22 <-- 2.455113 s
currentSize : 23 <-- 3.597415 s
currentSize : 24 <-- 46.802025 s
currentSize : 25 <-- 58.255844 s
currentSize : 26 <-- 58.975563 s
currentSize : 27 <-- 60.179607 s
currentSize : 28 <-- 60.180225 s
currentSize : 31 <-- 62.268307 s

maxsize : 31
nodes : 13723969.000000
filtered : 217788788.000000
time : 62.312305
