Parameters: GAD=1 vflib=1 dir=0 label=0 lowerbound=1 fileNameGp=../graphsdb/mcs90/m4D/m4Dr2/mcs90_m4Dr2_s20.A89 fileNameGt=../graphsdb/mcs90/m4D/m4Dr2/mcs90_m4Dr2_s20.B89
Reading graphs...
20 :  38
20 :  39
Initializing...
maxdom : 20
D->valSize : 400
Solving...
currentSize : 7 <-- 0.002153 s
currentSize : 9 <-- 0.002258 s
currentSize : 11 <-- 0.011739 s
currentSize : 13 <-- 0.054751 s
currentSize : 14 <-- 0.073170 s
currentSize : 15 <-- 0.104018 s
currentSize : 17 <-- 0.111857 s

maxsize : 17
nodes : 40724.000000
filtered : 347736.000000
time : 0.115141
