Parameters: GAD=1 vflib=1 dir=0 label=0 lowerbound=1 fileNameGp=../graphsdb/mcs90/bvg/b09m/mcs90_b09m_s35.A93 fileNameGt=../graphsdb/mcs90/bvg/b09m/mcs90_b09m_s35.B93
Reading graphs...
35 :  150
35 :  150
Initializing...
maxdom : 35
D->valSize : 1225
Solving...
currentSize : 10 <-- 0.018318 s
currentSize : 13 <-- 0.018344 s
currentSize : 14 <-- 0.018508 s
currentSize : 15 <-- 0.026076 s
currentSize : 16 <-- 0.213241 s
currentSize : 17 <-- 1.031608 s
currentSize : 18 <-- 9.585749 s
currentSize : 19 <-- 9.590468 s
currentSize : 21 <-- 12.227873 s
currentSize : 22 <-- 12.236456 s
currentSize : 23 <-- 35.569038 s
currentSize : 30 <-- 37.156868 s

maxsize : 30
nodes : 6320432.000000
filtered : 191149309.000000
time : 37.336899
