Parameters: GAD=1 vflib=1 dir=0 label=0 lowerbound=1 fileNameGp=../graphsdb/mcs90/bvg/b03/mcs90_b03_s30.A46 fileNameGt=../graphsdb/mcs90/bvg/b03/mcs90_b03_s30.B46
Reading graphs...
30 :  45
30 :  45
Initializing...
maxdom : 30
D->valSize : 900
Solving...
currentSize : 21 <-- 0.011183 s
currentSize : 22 <-- 0.012608 s
currentSize : 23 <-- 0.013496 s
currentSize : 24 <-- 0.018282 s
currentSize : 26 <-- 0.023020 s
currentSize : 27 <-- 0.058920 s

maxsize : 27
nodes : 22028.000000
filtered : 580070.000000
time : 0.134624
