Parameters: GAD=1 vflib=1 dir=0 label=0 lowerbound=1 fileNameGp=../graphsdb/mcs90/rand/r01/mcs90_r01_s30.A14 fileNameGt=../graphsdb/mcs90/rand/r01/mcs90_r01_s30.B14
Reading graphs...
30 :  83
30 :  82
Initializing...
maxdom : 30
D->valSize : 900
Solving...
currentSize : 15 <-- 0.010163 s
currentSize : 16 <-- 0.010205 s
currentSize : 17 <-- 0.010296 s
currentSize : 18 <-- 0.138812 s
currentSize : 19 <-- 0.324203 s
currentSize : 20 <-- 3.480643 s
currentSize : 22 <-- 3.481115 s
currentSize : 27 <-- 4.053248 s

maxsize : 27
nodes : 785080.000000
filtered : 19041642.000000
time : 4.064090
