Parameters: GAD=1 vflib=1 dir=0 label=0 lowerbound=1 fileNameGp=../graphsdb/mcs90/rand/r005/mcs90_r005_s20.A32 fileNameGt=../graphsdb/mcs90/rand/r005/mcs90_r005_s20.B32
Reading graphs...
20 :  21
20 :  21
Initializing...
maxdom : 20
D->valSize : 400
Solving...
currentSize : 7 <-- 0.002361 s
currentSize : 8 <-- 0.002399 s
currentSize : 9 <-- 0.002564 s
currentSize : 12 <-- 0.002723 s
currentSize : 13 <-- 0.003242 s
currentSize : 14 <-- 0.023187 s
currentSize : 15 <-- 0.094584 s
currentSize : 16 <-- 0.095294 s
currentSize : 18 <-- 0.096324 s

maxsize : 18
nodes : 40671.000000
filtered : 271420.000000
time : 0.097742
