Parameters: GAD=1 vflib=1 dir=0 label=0 lowerbound=1 fileNameGp=../graphsdb/mcs90/rand/r02/mcs90_r02_s30.A33 fileNameGt=../graphsdb/mcs90/rand/r02/mcs90_r02_s30.B33
Reading graphs...
30 :  157
30 :  159
Initializing...
maxdom : 30
D->valSize : 900
Solving...
currentSize : 9 <-- 0.009205 s
currentSize : 10 <-- 0.009228 s
currentSize : 11 <-- 0.009767 s
currentSize : 12 <-- 0.011644 s
currentSize : 13 <-- 0.031346 s
currentSize : 14 <-- 1.016294 s
currentSize : 15 <-- 1.418188 s
currentSize : 16 <-- 7.971439 s
currentSize : 17 <-- 8.688027 s
currentSize : 18 <-- 8.688111 s
currentSize : 19 <-- 13.725508 s
currentSize : 27 <-- 13.781161 s

maxsize : 27
nodes : 2854356.000000
filtered : 53175103.000000
time : 13.798129
