Parameters: GAD=1 vflib=1 dir=0 label=0 lowerbound=1 fileNameGp=../graphsdb/mcs90/bvg/b06/mcs90_b06_s35.A41 fileNameGt=../graphsdb/mcs90/bvg/b06/mcs90_b06_s35.B41
Reading graphs...
35 :  104
35 :  105
Initializing...
maxdom : 35
D->valSize : 1225
Solving...
currentSize : 17 <-- 0.019468 s
currentSize : 18 <-- 0.019762 s
currentSize : 19 <-- 0.019789 s
currentSize : 20 <-- 0.112571 s
currentSize : 21 <-- 0.120252 s
currentSize : 22 <-- 0.120295 s
currentSize : 23 <-- 0.149155 s
currentSize : 24 <-- 0.151715 s
currentSize : 25 <-- 0.157792 s
currentSize : 27 <-- 0.171372 s
currentSize : 29 <-- 0.180933 s
currentSize : 31 <-- 0.188869 s
currentSize : 32 <-- 0.348019 s

maxsize : 32
nodes : 77383.000000
filtered : 1457118.000000
time : 0.387363
