Parameters: GAD=1 vflib=1 dir=0 label=0 lowerbound=1 fileNameGp=../graphsdb/mcs90/rand/r005/mcs90_r005_s25.A08 fileNameGt=../graphsdb/mcs90/rand/r005/mcs90_r005_s25.B08
Reading graphs...
25 :  29
25 :  29
Initializing...
maxdom : 25
D->valSize : 625
Solving...
currentSize : 14 <-- 0.005427 s
currentSize : 15 <-- 0.005681 s
currentSize : 16 <-- 0.007531 s
currentSize : 17 <-- 0.044316 s
currentSize : 18 <-- 0.641299 s
currentSize : 19 <-- 1.571948 s
currentSize : 20 <-- 1.772661 s
currentSize : 21 <-- 1.772671 s
currentSize : 22 <-- 1.790020 s

maxsize : 22
nodes : 551694.000000
filtered : 5745556.000000
time : 1.796891
