Parameters: GAD=1 vflib=1 dir=0 label=0 lowerbound=1 fileNameGp=../graphsdb/mcs90/rand/r02/mcs90_r02_s25.A14 fileNameGt=../graphsdb/mcs90/rand/r02/mcs90_r02_s25.B14
Reading graphs...
25 :  104
25 :  105
Initializing...
maxdom : 25
D->valSize : 625
Solving...
currentSize : 11 <-- 0.004590 s
currentSize : 12 <-- 0.004805 s
currentSize : 13 <-- 0.010674 s
currentSize : 15 <-- 0.016775 s
currentSize : 16 <-- 0.020513 s
currentSize : 22 <-- 0.031624 s

maxsize : 22
nodes : 8335.000000
filtered : 176257.000000
time : 0.040761
