Parameters: GAD=1 vflib=1 dir=0 label=0 lowerbound=1 fileNameGp=../graphsdb/mcs90/m3D/m3D/mcs90_m3D_s10.A48 fileNameGt=../graphsdb/mcs90/m3D/m3D/mcs90_m3D_s10.B48
Reading graphs...
10 :  16
10 :  16
Initializing...
maxdom : 10
D->valSize : 100
Solving...
currentSize : 3 <-- 0.000458 s
currentSize : 5 <-- 0.000474 s
currentSize : 6 <-- 0.000503 s
currentSize : 7 <-- 0.000576 s
currentSize : 8 <-- 0.000628 s
currentSize : 9 <-- 0.001091 s

maxsize : 9
nodes : 353.000000
filtered : 2683.000000
time : 0.001144
