Parameters: GAD=1 vflib=1 dir=0 label=0 lowerbound=1 fileNameGp=../graphsdb/mcs90/m2D/m2D/mcs90_m2D_s20.A78 fileNameGt=../graphsdb/mcs90/m2D/m2D/mcs90_m2D_s20.B78
Reading graphs...
20 :  31
20 :  31
Initializing...
maxdom : 20
D->valSize : 400
Solving...
currentSize : 9 <-- 0.002281 s
currentSize : 10 <-- 0.002310 s
currentSize : 11 <-- 0.002323 s
currentSize : 12 <-- 0.002336 s
currentSize : 13 <-- 0.002582 s
currentSize : 14 <-- 0.013124 s
currentSize : 15 <-- 0.040999 s
currentSize : 16 <-- 0.046529 s
currentSize : 17 <-- 0.054262 s

maxsize : 17
nodes : 17963.000000
filtered : 220222.000000
time : 0.060432
