Parameters: GAD=1 vflib=1 dir=0 label=0 lowerbound=1 fileNameGp=../graphsdb/mcs90/rand/r02/mcs90_r02_s35.A26 fileNameGt=../graphsdb/mcs90/rand/r02/mcs90_r02_s35.B26
Reading graphs...
35 :  212
35 :  215
Initializing...
maxdom : 35
D->valSize : 1225
Solving...
currentSize : 10 <-- 0.017091 s
currentSize : 11 <-- 0.018083 s
currentSize : 12 <-- 0.024182 s
currentSize : 13 <-- 0.027997 s
currentSize : 14 <-- 0.132852 s
currentSize : 15 <-- 5.241486 s
currentSize : 19 <-- 64.766609 s
currentSize : 22 <-- 64.836655 s
currentSize : 26 <-- 64.874100 s
currentSize : 31 <-- 64.874237 s

maxsize : 31
nodes : 15006783.000000
filtered : 166410811.000000
time : 64.998886
