Parameters: GAD=1 vflib=1 dir=0 label=0 lowerbound=1 fileNameGp=../graphsdb/mcs90/rand/r02/mcs90_r02_s20.A36 fileNameGt=../graphsdb/mcs90/rand/r02/mcs90_r02_s20.B36
Reading graphs...
20 :  70
20 :  69
Initializing...
maxdom : 20
D->valSize : 400
Solving...
currentSize : 8 <-- 0.002004 s
currentSize : 9 <-- 0.002022 s
currentSize : 10 <-- 0.002323 s
currentSize : 11 <-- 0.007986 s
currentSize : 12 <-- 0.017378 s
currentSize : 13 <-- 0.039552 s
currentSize : 14 <-- 0.042184 s
currentSize : 15 <-- 0.043691 s
currentSize : 16 <-- 0.043738 s
currentSize : 18 <-- 0.052311 s

maxsize : 18
nodes : 13977.000000
filtered : 239522.000000
time : 0.053428
