Parameters: GAD=1 vflib=1 dir=0 label=0 lowerbound=1 fileNameGp=../graphsdb/mcs90/rand/r01/mcs90_r01_s25.A50 fileNameGt=../graphsdb/mcs90/rand/r01/mcs90_r01_s25.B50
Reading graphs...
25 :  59
25 :  58
Initializing...
maxdom : 25
D->valSize : 625
Solving...
currentSize : 10 <-- 0.006792 s
currentSize : 11 <-- 0.006900 s
currentSize : 12 <-- 0.008123 s
currentSize : 13 <-- 0.009252 s
currentSize : 14 <-- 0.033697 s
currentSize : 15 <-- 0.055328 s
currentSize : 16 <-- 0.165540 s
currentSize : 17 <-- 0.756577 s
currentSize : 22 <-- 0.773963 s

maxsize : 22
nodes : 200488.000000
filtered : 3219571.000000
time : 0.780996
