Parameters: GAD=1 vflib=1 dir=0 label=0 lowerbound=1 fileNameGp=../graphsdb/mcs90/bvg/b03/mcs90_b03_s15.A65 fileNameGt=../graphsdb/mcs90/bvg/b03/mcs90_b03_s15.B65
Reading graphs...
15 :  22
15 :  22
Initializing...
maxdom : 15
D->valSize : 225
Solving...
currentSize : 7 <-- 0.001379 s
currentSize : 9 <-- 0.001401 s
currentSize : 10 <-- 0.002218 s
currentSize : 11 <-- 0.002989 s
currentSize : 12 <-- 0.007340 s
currentSize : 14 <-- 0.007649 s

maxsize : 14
nodes : 1791.000000
filtered : 14239.000000
time : 0.007877
