Parameters: GAD=1 vflib=1 dir=0 label=0 lowerbound=1 fileNameGp=../graphsdb/mcs90/bvg/b03m/mcs90_b03m_s25.A59 fileNameGt=../graphsdb/mcs90/bvg/b03m/mcs90_b03m_s25.B59
Reading graphs...
25 :  37
25 :  37
Initializing...
maxdom : 25
D->valSize : 625
Solving...
currentSize : 14 <-- 0.005415 s
currentSize : 15 <-- 0.006247 s
currentSize : 16 <-- 0.013876 s
currentSize : 17 <-- 0.022483 s
currentSize : 19 <-- 0.024367 s
currentSize : 20 <-- 0.032993 s
currentSize : 21 <-- 0.046270 s
currentSize : 22 <-- 0.046388 s

maxsize : 22
nodes : 14824.000000
filtered : 229175.000000
time : 0.060360
