Parameters: GAD=1 vflib=1 dir=0 label=0 lowerbound=1 fileNameGp=../graphsdb/mcs90/rand/r01/mcs90_r01_s20.A94 fileNameGt=../graphsdb/mcs90/rand/r01/mcs90_r01_s20.B94
Reading graphs...
20 :  34
20 :  34
Initializing...
maxdom : 20
D->valSize : 400
Solving...
currentSize : 9 <-- 0.002236 s
currentSize : 10 <-- 0.002254 s
currentSize : 11 <-- 0.002302 s
currentSize : 12 <-- 0.003011 s
currentSize : 13 <-- 0.003495 s
currentSize : 14 <-- 0.045153 s
currentSize : 15 <-- 0.051849 s
currentSize : 18 <-- 0.055209 s

maxsize : 18
nodes : 18383.000000
filtered : 168060.000000
time : 0.056208
