Parameters: GAD=1 vflib=1 dir=0 label=0 lowerbound=1 fileNameGp=../graphsdb/mcs90/bvg/b09m/mcs90_b09m_s15.A25 fileNameGt=../graphsdb/mcs90/bvg/b09m/mcs90_b09m_s15.B25
Reading graphs...
15 :  61
15 :  61
Initializing...
maxdom : 15
D->valSize : 225
Solving...
currentSize : 7 <-- 0.000798 s
currentSize : 8 <-- 0.000823 s
currentSize : 9 <-- 0.000884 s
currentSize : 10 <-- 0.001840 s
currentSize : 11 <-- 0.005414 s
currentSize : 12 <-- 0.008784 s

maxsize : 12
nodes : 3541.000000
filtered : 52672.000000
time : 0.012113
