Parameters: GAD=1 vflib=1 dir=0 label=0 lowerbound=1 fileNameGp=../graphsdb/mcs90/rand/r01/mcs90_r01_s25.A10 fileNameGt=../graphsdb/mcs90/rand/r01/mcs90_r01_s25.B10
Reading graphs...
25 :  55
25 :  57
Initializing...
maxdom : 25
D->valSize : 625
Solving...
currentSize : 13 <-- 0.004972 s
currentSize : 14 <-- 0.005055 s
currentSize : 15 <-- 0.023272 s
currentSize : 16 <-- 0.030375 s
currentSize : 17 <-- 0.370535 s
currentSize : 19 <-- 0.372970 s
currentSize : 20 <-- 0.374738 s
currentSize : 21 <-- 0.374806 s
currentSize : 22 <-- 0.374836 s

maxsize : 22
nodes : 99146.000000
filtered : 1551172.000000
time : 0.381669
