Parameters: GAD=1 vflib=1 dir=0 label=0 lowerbound=1 fileNameGp=../graphsdb/mcs90/bvg/b06m/mcs90_b06m_s30.A41 fileNameGt=../graphsdb/mcs90/bvg/b06m/mcs90_b06m_s30.B41
Reading graphs...
30 :  89
30 :  89
Initializing...
maxdom : 30
D->valSize : 900
Solving...
currentSize : 13 <-- 0.010543 s
currentSize : 14 <-- 0.010777 s
currentSize : 15 <-- 0.010928 s
currentSize : 16 <-- 0.013110 s
currentSize : 17 <-- 0.052103 s
currentSize : 18 <-- 5.081349 s
currentSize : 20 <-- 7.307885 s
currentSize : 24 <-- 7.352032 s
currentSize : 27 <-- 7.359970 s

maxsize : 27
nodes : 1633156.000000
filtered : 31852680.000000
time : 7.375103
