Parameters: GAD=1 vflib=1 dir=0 label=0 lowerbound=1 fileNameGp=../graphsdb/mcs90/m4D/m4Dr2/mcs90_m4Dr2_s20.A83 fileNameGt=../graphsdb/mcs90/m4D/m4Dr2/mcs90_m4Dr2_s20.B83
Reading graphs...
20 :  40
20 :  39
Initializing...
maxdom : 20
D->valSize : 400
Solving...
currentSize : 7 <-- 0.002088 s
currentSize : 8 <-- 0.002106 s
currentSize : 9 <-- 0.002155 s
currentSize : 12 <-- 0.002362 s
currentSize : 13 <-- 0.018429 s
currentSize : 15 <-- 0.032623 s
currentSize : 16 <-- 0.032992 s

maxsize : 16
nodes : 15110.000000
filtered : 242008.000000
time : 0.054339
