Parameters: GAD=1 vflib=1 dir=0 label=0 lowerbound=1 fileNameGp=../graphsdb/mcs90/m3D/m3Dr4/mcs90_m3Dr4_s30.A85 fileNameGt=../graphsdb/mcs90/m3D/m3Dr4/mcs90_m3Dr4_s30.B85
Reading graphs...
30 :  72
30 :  71
Initializing...
maxdom : 30
D->valSize : 900
Solving...
currentSize : 13 <-- 0.018396 s
currentSize : 14 <-- 0.018508 s
currentSize : 15 <-- 0.020188 s
currentSize : 16 <-- 0.020930 s
currentSize : 17 <-- 0.049383 s
currentSize : 18 <-- 0.253778 s
currentSize : 19 <-- 2.603353 s
currentSize : 20 <-- 6.336631 s
currentSize : 21 <-- 7.596885 s
currentSize : 22 <-- 7.916634 s
currentSize : 24 <-- 7.973209 s
currentSize : 27 <-- 7.988468 s

maxsize : 27
nodes : 1787507.000000
filtered : 31701937.000000
time : 7.999961
