Parameters: GAD=1 vflib=1 dir=0 label=0 lowerbound=1 fileNameGp=../graphsdb/mcs90/rand/r02/mcs90_r02_s25.A38 fileNameGt=../graphsdb/mcs90/rand/r02/mcs90_r02_s25.B38
Reading graphs...
25 :  109
25 :  110
Initializing...
maxdom : 25
D->valSize : 625
Solving...
currentSize : 10 <-- 0.004490 s
currentSize : 11 <-- 0.004512 s
currentSize : 12 <-- 0.009542 s
currentSize : 13 <-- 0.038440 s
currentSize : 14 <-- 0.234669 s
currentSize : 15 <-- 0.351257 s
currentSize : 18 <-- 0.359970 s
currentSize : 22 <-- 0.362413 s

maxsize : 22
nodes : 92962.000000
filtered : 1326159.000000
time : 0.367312
