Parameters: GAD=1 vflib=1 dir=0 label=0 lowerbound=1 fileNameGp=../graphsdb/mcs90/m3D/m3Dr2/mcs90_m3Dr2_s30.A28 fileNameGt=../graphsdb/mcs90/m3D/m3Dr2/mcs90_m3Dr2_s30.B28
Reading graphs...
30 :  65
30 :  66
Initializing...
maxdom : 30
D->valSize : 900
Solving...
currentSize : 15 <-- 0.011010 s
currentSize : 16 <-- 0.013908 s
currentSize : 17 <-- 0.016627 s
currentSize : 18 <-- 0.065393 s
currentSize : 19 <-- 1.052126 s
currentSize : 20 <-- 4.053228 s
currentSize : 21 <-- 16.937254 s
currentSize : 22 <-- 18.834009 s
currentSize : 23 <-- 18.835876 s
currentSize : 25 <-- 19.779478 s
currentSize : 27 <-- 19.779524 s

maxsize : 27
nodes : 4468487.000000
filtered : 79528692.000000
time : 19.815460
