Parameters: GAD=1 vflib=1 dir=0 label=0 lowerbound=1 fileNameGp=../graphsdb/mcs90/rand/r01/mcs90_r01_s30.A81 fileNameGt=../graphsdb/mcs90/rand/r01/mcs90_r01_s30.B81
Reading graphs...
30 :  81
30 :  81
Initializing...
maxdom : 30
D->valSize : 900
Solving...
currentSize : 13 <-- 0.010555 s
currentSize : 14 <-- 0.017837 s
currentSize : 16 <-- 0.018177 s
currentSize : 17 <-- 0.040498 s
currentSize : 18 <-- 0.044186 s
currentSize : 19 <-- 0.268782 s
currentSize : 20 <-- 0.268863 s
currentSize : 23 <-- 0.636639 s
currentSize : 27 <-- 0.684135 s

maxsize : 27
nodes : 131026.000000
filtered : 3686789.000000
time : 0.696340
