Parameters: GAD=1 vflib=1 dir=0 label=0 lowerbound=1 fileNameGp=../graphsdb/mcs90/rand/r02/mcs90_r02_s20.A31 fileNameGt=../graphsdb/mcs90/rand/r02/mcs90_r02_s20.B31
Reading graphs...
20 :  70
20 :  69
Initializing...
maxdom : 20
D->valSize : 400
Solving...
currentSize : 9 <-- 0.002080 s
currentSize : 10 <-- 0.003432 s
currentSize : 11 <-- 0.003636 s
currentSize : 12 <-- 0.067218 s
currentSize : 13 <-- 0.134828 s
currentSize : 14 <-- 0.214420 s
currentSize : 18 <-- 0.214624 s

maxsize : 18
nodes : 62375.000000
filtered : 800373.000000
time : 0.215508
