Parameters: GAD=1 vflib=1 dir=0 label=0 lowerbound=1 fileNameGp=../graphsdb/mcs90/bvg/b03/mcs90_b03_s35.A44 fileNameGt=../graphsdb/mcs90/bvg/b03/mcs90_b03_s35.B44
Reading graphs...
35 :  52
35 :  52
Initializing...
maxdom : 35
D->valSize : 1225
Solving...
currentSize : 26 <-- 0.025752 s
currentSize : 27 <-- 0.025779 s
currentSize : 28 <-- 0.025994 s
currentSize : 29 <-- 0.031379 s
currentSize : 30 <-- 0.031442 s
currentSize : 31 <-- 0.212223 s
currentSize : 32 <-- 0.369183 s

maxsize : 32
nodes : 75289.000000
filtered : 1975804.000000
time : 0.505082
