Parameters: GAD=1 vflib=1 dir=0 label=0 lowerbound=1 fileNameGp=../graphsdb/mcs90/bvg/b09m/mcs90_b09m_s30.A58 fileNameGt=../graphsdb/mcs90/bvg/b09m/mcs90_b09m_s30.B58
Reading graphs...
30 :  128
30 :  127
Initializing...
maxdom : 30
D->valSize : 900
Solving...
currentSize : 11 <-- 0.009567 s
currentSize : 12 <-- 0.013220 s
currentSize : 13 <-- 0.018271 s
currentSize : 14 <-- 0.020932 s
currentSize : 15 <-- 0.029285 s
currentSize : 17 <-- 12.872559 s
currentSize : 18 <-- 15.123122 s
currentSize : 19 <-- 15.463780 s
currentSize : 26 <-- 16.229849 s

maxsize : 26
nodes : 3729106.000000
filtered : 59417142.000000
time : 16.282543
