Parameters: GAD=1 vflib=1 dir=0 label=0 lowerbound=1 fileNameGp=../graphsdb/mcs90/bvg/b06m/mcs90_b06m_s30.A86 fileNameGt=../graphsdb/mcs90/bvg/b06m/mcs90_b06m_s30.B86
Reading graphs...
30 :  87
30 :  88
Initializing...
maxdom : 30
D->valSize : 900
Solving...
currentSize : 12 <-- 0.017684 s
currentSize : 14 <-- 0.017722 s
currentSize : 15 <-- 0.018901 s
currentSize : 16 <-- 0.022469 s
currentSize : 17 <-- 0.089688 s
currentSize : 18 <-- 0.089808 s
currentSize : 19 <-- 0.389117 s
currentSize : 20 <-- 0.773553 s
currentSize : 21 <-- 2.214050 s
currentSize : 22 <-- 2.369178 s
currentSize : 24 <-- 2.369282 s
currentSize : 25 <-- 2.372658 s
currentSize : 27 <-- 2.373984 s

maxsize : 27
nodes : 431193.000000
filtered : 13263922.000000
time : 2.397732
