Parameters: GAD=1 vflib=1 dir=0 label=0 lowerbound=1 fileNameGp=../graphsdb/mcs90/bvg/b06/mcs90_b06_s35.A92 fileNameGt=../graphsdb/mcs90/bvg/b06/mcs90_b06_s35.B92
Reading graphs...
35 :  105
35 :  105
Initializing...
maxdom : 35
D->valSize : 1225
Solving...
currentSize : 26 <-- 0.033276 s
currentSize : 27 <-- 0.033321 s
currentSize : 28 <-- 0.068372 s
currentSize : 29 <-- 0.069344 s
currentSize : 30 <-- 0.074642 s
currentSize : 31 <-- 0.075958 s
currentSize : 32 <-- 0.097368 s

maxsize : 32
nodes : 14877.000000
filtered : 696867.000000
time : 0.159035
