Parameters: GAD=1 vflib=1 dir=0 label=0 lowerbound=1 fileNameGp=../graphsdb/mcs90/bvg/b03m/mcs90_b03m_s35.A27 fileNameGt=../graphsdb/mcs90/bvg/b03m/mcs90_b03m_s35.B27
Reading graphs...
35 :  52
35 :  52
Initializing...
maxdom : 35
D->valSize : 1225
Solving...
currentSize : 19 <-- 0.021148 s
currentSize : 20 <-- 0.044450 s
currentSize : 21 <-- 0.047164 s
currentSize : 22 <-- 0.115845 s
currentSize : 23 <-- 0.515137 s
currentSize : 24 <-- 0.706173 s
currentSize : 25 <-- 1.755036 s
currentSize : 26 <-- 63.711536 s
currentSize : 27 <-- 77.078629 s
currentSize : 28 <-- 81.094933 s
currentSize : 30 <-- 81.163055 s

maxsize : 30
nodes : 15352692.000000
filtered : 322690304.000000
time : 81.676704
