Parameters: GAD=1 vflib=1 dir=0 label=0 lowerbound=1 fileNameGp=../graphsdb/mcs90/m4D/m4Dr4/mcs90_m4Dr4_s20.A63 fileNameGt=../graphsdb/mcs90/m4D/m4Dr4/mcs90_m4Dr4_s20.B63
Reading graphs...
20 :  45
20 :  43
Initializing...
maxdom : 20
D->valSize : 400
Solving...
currentSize : 8 <-- 0.002124 s
currentSize : 9 <-- 0.002140 s
currentSize : 10 <-- 0.002153 s
currentSize : 12 <-- 0.002400 s
currentSize : 13 <-- 0.004420 s
currentSize : 14 <-- 0.028602 s
currentSize : 15 <-- 0.030379 s
currentSize : 16 <-- 0.037029 s

maxsize : 16
nodes : 13810.000000
filtered : 271953.000000
time : 0.053719
