Parameters: GAD=1 vflib=1 dir=0 label=0 lowerbound=1 fileNameGp=../graphsdb/mcs90/bvg/b09m/mcs90_b09m_s35.A80 fileNameGt=../graphsdb/mcs90/bvg/b09m/mcs90_b09m_s35.B80
Reading graphs...
35 :  150
35 :  149
Initializing...
maxdom : 35
D->valSize : 1225
Solving...
currentSize : 12 <-- 0.017971 s
currentSize : 13 <-- 0.017996 s
currentSize : 14 <-- 0.020193 s
currentSize : 15 <-- 0.042824 s
currentSize : 16 <-- 0.056415 s
currentSize : 17 <-- 9.344445 s
currentSize : 19 <-- 9.830947 s
currentSize : 22 <-- 47.928642 s
currentSize : 23 <-- 47.969513 s
currentSize : 24 <-- 48.141693 s
currentSize : 30 <-- 48.173275 s

maxsize : 30
nodes : 9145227.000000
filtered : 212281773.000000
time : 48.528526
