Parameters: GAD=1 vflib=1 dir=0 label=0 lowerbound=1 fileNameGp=../graphsdb/mcs90/m4D/m4Dr4/mcs90_m4Dr4_s20.A13 fileNameGt=../graphsdb/mcs90/m4D/m4Dr4/mcs90_m4Dr4_s20.B13
Reading graphs...
20 :  44
20 :  43
Initializing...
maxdom : 20
D->valSize : 400
Solving...
currentSize : 10 <-- 0.002137 s
currentSize : 11 <-- 0.002256 s
currentSize : 12 <-- 0.002831 s
currentSize : 13 <-- 0.026512 s
currentSize : 14 <-- 0.028027 s
currentSize : 16 <-- 0.042449 s

maxsize : 16
nodes : 14134.000000
filtered : 262977.000000
time : 0.055737
