Parameters: GAD=1 vflib=1 dir=0 label=0 lowerbound=1 fileNameGp=../graphsdb/mcs90/m4D/m4Dr2/mcs90_m4Dr2_s20.A78 fileNameGt=../graphsdb/mcs90/m4D/m4Dr2/mcs90_m4Dr2_s20.B78
Reading graphs...
20 :  40
20 :  40
Initializing...
maxdom : 20
D->valSize : 400
Solving...
currentSize : 10 <-- 0.002225 s
currentSize : 11 <-- 0.002253 s
currentSize : 12 <-- 0.002287 s
currentSize : 13 <-- 0.002406 s
currentSize : 14 <-- 0.002411 s
currentSize : 15 <-- 0.002431 s
currentSize : 16 <-- 0.002502 s

maxsize : 16
nodes : 6946.000000
filtered : 161145.000000
time : 0.030736
