Parameters: GAD=1 vflib=1 dir=0 label=0 lowerbound=1 fileNameGp=../graphsdb/mcs90/m2D/m2Dr2/mcs90_m2Dr2_s20.A67 fileNameGt=../graphsdb/mcs90/m2D/m2Dr2/mcs90_m2Dr2_s20.B67
Reading graphs...
20 :  35
20 :  35
Initializing...
maxdom : 20
D->valSize : 400
Solving...
currentSize : 11 <-- 0.002261 s
currentSize : 12 <-- 0.002382 s
currentSize : 13 <-- 0.002701 s
currentSize : 14 <-- 0.005695 s
currentSize : 15 <-- 0.076252 s
currentSize : 16 <-- 0.076278 s

maxsize : 16
nodes : 28070.000000
filtered : 444724.000000
time : 0.100257
