Parameters: GAD=1 vflib=1 dir=0 label=0 lowerbound=1 fileNameGp=../graphsdb/mcs90/bvg/b06/mcs90_b06_s30.A46 fileNameGt=../graphsdb/mcs90/bvg/b06/mcs90_b06_s30.B46
Reading graphs...
30 :  90
30 :  90
Initializing...
maxdom : 30
D->valSize : 900
Solving...
currentSize : 15 <-- 0.017589 s
currentSize : 16 <-- 0.018409 s
currentSize : 21 <-- 0.021119 s
currentSize : 22 <-- 0.021190 s
currentSize : 23 <-- 0.021476 s
currentSize : 24 <-- 0.028755 s
currentSize : 25 <-- 0.034379 s
currentSize : 27 <-- 0.034687 s

maxsize : 27
nodes : 7867.000000
filtered : 304215.000000
time : 0.096789
