Parameters: GAD=1 vflib=1 dir=0 label=0 lowerbound=1 fileNameGp=../graphsdb/mcs90/bvg/b09m/mcs90_b09m_s20.A87 fileNameGt=../graphsdb/mcs90/bvg/b09m/mcs90_b09m_s20.B87
Reading graphs...
20 :  83
20 :  84
Initializing...
maxdom : 20
D->valSize : 400
Solving...
currentSize : 7 <-- 0.002002 s
currentSize : 8 <-- 0.002022 s
currentSize : 9 <-- 0.002033 s
currentSize : 10 <-- 0.002094 s
currentSize : 11 <-- 0.009397 s
currentSize : 18 <-- 0.041422 s

maxsize : 18
nodes : 12193.000000
filtered : 142645.000000
time : 0.042372
