Parameters: GAD=1 vflib=1 dir=0 label=0 lowerbound=1 fileNameGp=../graphsdb/mcs90/m2D/m2Dr2/mcs90_m2Dr2_s30.A76 fileNameGt=../graphsdb/mcs90/m2D/m2Dr2/mcs90_m2Dr2_s30.B76
Reading graphs...
30 :  55
30 :  55
Initializing...
maxdom : 30
D->valSize : 900
Solving...
currentSize : 17 <-- 0.010899 s
currentSize : 18 <-- 0.016639 s
currentSize : 19 <-- 0.169394 s
currentSize : 20 <-- 0.830023 s
currentSize : 21 <-- 1.574460 s
currentSize : 22 <-- 9.415470 s
currentSize : 25 <-- 10.635826 s

maxsize : 25
nodes : 2118677.000000
filtered : 49558666.000000
time : 10.920966
