Parameters: GAD=1 vflib=1 dir=0 label=0 lowerbound=1 fileNameGp=../graphsdb/mcs90/rand/r01/mcs90_r01_s25.A84 fileNameGt=../graphsdb/mcs90/rand/r01/mcs90_r01_s25.B84
Reading graphs...
25 :  53
25 :  53
Initializing...
maxdom : 25
D->valSize : 625
Solving...
currentSize : 11 <-- 0.005059 s
currentSize : 12 <-- 0.005090 s
currentSize : 13 <-- 0.005131 s
currentSize : 14 <-- 0.005404 s
currentSize : 15 <-- 0.006658 s
currentSize : 16 <-- 0.024787 s
currentSize : 17 <-- 0.127185 s
currentSize : 19 <-- 1.077248 s
currentSize : 21 <-- 1.080480 s
currentSize : 22 <-- 1.082129 s

maxsize : 22
nodes : 261212.000000
filtered : 4762583.000000
time : 1.087066
