Parameters: GAD=1 vflib=1 dir=0 label=0 lowerbound=1 fileNameGp=../graphsdb/mcs90/rand/r02/mcs90_r02_s30.A73 fileNameGt=../graphsdb/mcs90/rand/r02/mcs90_r02_s30.B73
Reading graphs...
30 :  158
30 :  161
Initializing...
maxdom : 30
D->valSize : 900
Solving...
currentSize : 10 <-- 0.015906 s
currentSize : 11 <-- 0.016050 s
currentSize : 12 <-- 0.016392 s
currentSize : 13 <-- 0.090359 s
currentSize : 14 <-- 0.118722 s
currentSize : 18 <-- 0.426006 s
currentSize : 22 <-- 0.991242 s
currentSize : 27 <-- 1.177742 s

maxsize : 27
nodes : 227525.000000
filtered : 5148544.000000
time : 1.189679
