Parameters: GAD=1 vflib=1 dir=0 label=0 lowerbound=1 fileNameGp=../graphsdb/mcs90/bvg/b09/mcs90_b09_s30.A29 fileNameGt=../graphsdb/mcs90/bvg/b09/mcs90_b09_s30.B29
Reading graphs...
30 :  134
30 :  135
Initializing...
maxdom : 30
D->valSize : 900
Solving...
currentSize : 11 <-- 0.016309 s
currentSize : 12 <-- 0.021809 s
currentSize : 13 <-- 0.057483 s
currentSize : 14 <-- 0.070198 s
currentSize : 15 <-- 0.081362 s
currentSize : 22 <-- 0.096893 s
currentSize : 26 <-- 0.110356 s
currentSize : 27 <-- 0.131260 s

maxsize : 27
nodes : 30931.000000
filtered : 735500.000000
time : 0.165298
