Parameters: GAD=1 vflib=1 dir=0 label=0 lowerbound=1 fileNameGp=../graphsdb/mcs90/rand/r01/mcs90_r01_s20.A14 fileNameGt=../graphsdb/mcs90/rand/r01/mcs90_r01_s20.B14
Reading graphs...
20 :  35
20 :  34
Initializing...
maxdom : 20
D->valSize : 400
Solving...
currentSize : 10 <-- 0.002198 s
currentSize : 11 <-- 0.002235 s
currentSize : 12 <-- 0.002332 s
currentSize : 13 <-- 0.002426 s
currentSize : 15 <-- 0.005075 s
currentSize : 16 <-- 0.008890 s
currentSize : 18 <-- 0.011443 s

maxsize : 18
nodes : 2939.000000
filtered : 51738.000000
time : 0.012718
