Parameters: GAD=1 vflib=1 dir=0 label=0 lowerbound=1 fileNameGp=../graphsdb/mcs90/m2D/m2Dr4/mcs90_m2Dr4_s30.A29 fileNameGt=../graphsdb/mcs90/m2D/m2Dr4/mcs90_m2Dr4_s30.B29
Reading graphs...
30 :  60
30 :  59
Initializing...
maxdom : 30
D->valSize : 900
Solving...
currentSize : 13 <-- 0.010852 s
currentSize : 15 <-- 0.010880 s
currentSize : 16 <-- 0.010923 s
currentSize : 17 <-- 0.011603 s
currentSize : 18 <-- 0.014427 s
currentSize : 19 <-- 0.061107 s
currentSize : 20 <-- 0.096207 s
currentSize : 21 <-- 0.851882 s
currentSize : 23 <-- 4.890969 s
currentSize : 24 <-- 4.890994 s
currentSize : 25 <-- 4.891061 s

maxsize : 25
nodes : 999530.000000
filtered : 23441154.000000
time : 5.144080
