Parameters: GAD=1 vflib=1 dir=0 label=0 lowerbound=1 fileNameGp=../graphsdb/mcs90/rand/r01/mcs90_r01_s30.A36 fileNameGt=../graphsdb/mcs90/rand/r01/mcs90_r01_s30.B36
Reading graphs...
30 :  84
30 :  85
Initializing...
maxdom : 30
D->valSize : 900
Solving...
currentSize : 11 <-- 0.010160 s
currentSize : 12 <-- 0.010177 s
currentSize : 13 <-- 0.010435 s
currentSize : 14 <-- 0.011170 s
currentSize : 15 <-- 0.013940 s
currentSize : 16 <-- 0.015735 s
currentSize : 17 <-- 0.019610 s
currentSize : 18 <-- 0.058052 s
currentSize : 19 <-- 0.058354 s
currentSize : 21 <-- 0.068588 s
currentSize : 22 <-- 0.300269 s
currentSize : 27 <-- 0.989357 s

maxsize : 27
nodes : 157756.000000
filtered : 5953222.000000
time : 1.004193
