Parameters: GAD=1 vflib=1 dir=0 label=0 lowerbound=1 fileNameGp=../graphsdb/mcs90/m3D/m3Dr6/mcs90_m3Dr6_s30.A12 fileNameGt=../graphsdb/mcs90/m3D/m3Dr6/mcs90_m3Dr6_s30.B12
Reading graphs...
30 :  77
30 :  76
Initializing...
maxdom : 30
D->valSize : 900
Solving...
currentSize : 12 <-- 0.017962 s
currentSize : 13 <-- 0.017992 s
currentSize : 15 <-- 0.018042 s
currentSize : 16 <-- 0.023670 s
currentSize : 17 <-- 0.032606 s
currentSize : 18 <-- 0.045775 s
currentSize : 19 <-- 0.661025 s
currentSize : 20 <-- 1.143660 s
currentSize : 21 <-- 1.462894 s
currentSize : 27 <-- 5.032021 s

maxsize : 27
nodes : 905846.000000
filtered : 25941524.000000
time : 5.054171
