Parameters: GAD=1 vflib=1 dir=0 label=0 lowerbound=1 fileNameGp=../graphsdb/mcs90/bvg/b06m/mcs90_b06m_s30.A96 fileNameGt=../graphsdb/mcs90/bvg/b06m/mcs90_b06m_s30.B96
Reading graphs...
30 :  87
30 :  87
Initializing...
maxdom : 30
D->valSize : 900
Solving...
currentSize : 12 <-- 0.017662 s
currentSize : 14 <-- 0.017749 s
currentSize : 15 <-- 0.018770 s
currentSize : 16 <-- 0.018805 s
currentSize : 17 <-- 0.020866 s
currentSize : 18 <-- 0.031207 s
currentSize : 19 <-- 3.659760 s
currentSize : 20 <-- 3.691046 s
currentSize : 22 <-- 3.691105 s
currentSize : 24 <-- 4.110693 s
currentSize : 27 <-- 4.183633 s

maxsize : 27
nodes : 812218.000000
filtered : 20279591.000000
time : 4.197101
