Parameters: GAD=1 vflib=1 dir=0 label=0 lowerbound=1 fileNameGp=../graphsdb/mcs90/bvg/b06m/mcs90_b06m_s30.A27 fileNameGt=../graphsdb/mcs90/bvg/b06m/mcs90_b06m_s30.B27
Reading graphs...
30 :  86
30 :  87
Initializing...
maxdom : 30
D->valSize : 900
Solving...
currentSize : 14 <-- 0.010433 s
currentSize : 15 <-- 0.012522 s
currentSize : 16 <-- 0.018106 s
currentSize : 17 <-- 0.923656 s
currentSize : 18 <-- 4.236129 s
currentSize : 19 <-- 6.703777 s
currentSize : 20 <-- 7.364573 s
currentSize : 21 <-- 7.364604 s
currentSize : 27 <-- 7.796085 s

maxsize : 27
nodes : 1707304.000000
filtered : 34113984.000000
time : 7.818581
