Parameters: GAD=1 vflib=1 dir=0 label=0 lowerbound=1 fileNameGp=../graphsdb/mcs90/bvg/b06/mcs90_b06_s25.A75 fileNameGt=../graphsdb/mcs90/bvg/b06/mcs90_b06_s25.B75
Reading graphs...
25 :  75
25 :  75
Initializing...
maxdom : 25
D->valSize : 625
Solving...
currentSize : 15 <-- 0.004741 s
currentSize : 16 <-- 0.004823 s
currentSize : 17 <-- 0.005236 s
currentSize : 18 <-- 0.005398 s
currentSize : 19 <-- 0.005550 s
currentSize : 20 <-- 0.005983 s
currentSize : 21 <-- 0.008503 s
currentSize : 22 <-- 0.008660 s

maxsize : 22
nodes : 7739.000000
filtered : 212392.000000
time : 0.042508
