Parameters: GAD=1 vflib=1 dir=0 label=0 lowerbound=1 fileNameGp=../graphsdb/mcs90/bvg/b06/mcs90_b06_s15.A28 fileNameGt=../graphsdb/mcs90/bvg/b06/mcs90_b06_s15.B28
Reading graphs...
15 :  45
15 :  45
Initializing...
maxdom : 15
D->valSize : 225
Solving...
currentSize : 7 <-- 0.000939 s
currentSize : 8 <-- 0.001138 s
currentSize : 9 <-- 0.001330 s
currentSize : 10 <-- 0.001401 s
currentSize : 11 <-- 0.013864 s
currentSize : 13 <-- 0.017342 s

maxsize : 13
nodes : 6427.000000
filtered : 57380.000000
time : 0.018203
