Parameters: GAD=1 vflib=1 dir=0 label=0 lowerbound=1 fileNameGp=../graphsdb/mcs90/m2D/m2D/mcs90_m2D_s30.A83 fileNameGt=../graphsdb/mcs90/m2D/m2D/mcs90_m2D_s30.B83
Reading graphs...
30 :  49
30 :  49
Initializing...
maxdom : 30
D->valSize : 900
Solving...
currentSize : 8 <-- 0.010890 s
currentSize : 14 <-- 0.010932 s
currentSize : 15 <-- 0.010944 s
currentSize : 17 <-- 0.010955 s
currentSize : 18 <-- 0.010972 s
currentSize : 19 <-- 0.012143 s
currentSize : 20 <-- 0.017836 s
currentSize : 21 <-- 0.116586 s
currentSize : 22 <-- 0.342781 s
currentSize : 23 <-- 0.795271 s
currentSize : 24 <-- 0.833357 s
currentSize : 25 <-- 0.833394 s
currentSize : 26 <-- 1.060123 s

maxsize : 26
nodes : 231129.000000
filtered : 5313319.000000
time : 1.162477
