Parameters: GAD=1 vflib=1 dir=0 label=0 lowerbound=1 fileNameGp=../graphsdb/mcs90/bvg/b09/mcs90_b09_s30.A66 fileNameGt=../graphsdb/mcs90/bvg/b09/mcs90_b09_s30.B66
Reading graphs...
30 :  134
30 :  134
Initializing...
maxdom : 30
D->valSize : 900
Solving...
currentSize : 13 <-- 0.009325 s
currentSize : 14 <-- 0.010025 s
currentSize : 16 <-- 0.010316 s
currentSize : 17 <-- 0.010356 s
currentSize : 19 <-- 0.010478 s
currentSize : 20 <-- 0.012784 s
currentSize : 22 <-- 0.012841 s
currentSize : 23 <-- 0.073822 s
currentSize : 24 <-- 0.108488 s
currentSize : 26 <-- 0.174605 s

maxsize : 26
nodes : 32305.000000
filtered : 1789639.000000
time : 0.251369
