Parameters: GAD=1 vflib=1 dir=0 label=0 lowerbound=1 fileNameGp=../graphsdb/mcs90/m2D/m2Dr2/mcs90_m2Dr2_s30.A26 fileNameGt=../graphsdb/mcs90/m2D/m2Dr2/mcs90_m2Dr2_s30.B26
Reading graphs...
30 :  55
30 :  55
Initializing...
maxdom : 30
D->valSize : 900
Solving...
currentSize : 18 <-- 0.019048 s
currentSize : 19 <-- 0.019444 s
currentSize : 20 <-- 0.019554 s
currentSize : 21 <-- 0.234439 s
currentSize : 23 <-- 1.867221 s
currentSize : 25 <-- 2.517722 s

maxsize : 25
nodes : 518088.000000
filtered : 12656532.000000
time : 2.768234
