Parameters: GAD=1 vflib=1 dir=0 label=0 lowerbound=1 fileNameGp=../graphsdb/mcs90/m4D/m4Dr2/mcs90_m4Dr2_s20.A65 fileNameGt=../graphsdb/mcs90/m4D/m4Dr2/mcs90_m4Dr2_s20.B65
Reading graphs...
20 :  40
20 :  40
Initializing...
maxdom : 20
D->valSize : 400
Solving...
currentSize : 7 <-- 0.002146 s
currentSize : 8 <-- 0.002201 s
currentSize : 9 <-- 0.002625 s
currentSize : 11 <-- 0.003091 s
currentSize : 12 <-- 0.003453 s
currentSize : 13 <-- 0.007187 s
currentSize : 15 <-- 0.007805 s
currentSize : 16 <-- 0.036234 s

maxsize : 16
nodes : 11004.000000
filtered : 220901.000000
time : 0.043052
