Parameters: GAD=1 vflib=1 dir=0 label=0 lowerbound=1 fileNameGp=../graphsdb/mcs90/rand/r01/mcs90_r01_s25.A29 fileNameGt=../graphsdb/mcs90/rand/r01/mcs90_r01_s25.B29
Reading graphs...
25 :  57
25 :  57
Initializing...
maxdom : 25
D->valSize : 625
Solving...
currentSize : 11 <-- 0.005004 s
currentSize : 12 <-- 0.005932 s
currentSize : 13 <-- 0.007021 s
currentSize : 14 <-- 0.007338 s
currentSize : 15 <-- 0.029588 s
currentSize : 16 <-- 0.214799 s
currentSize : 17 <-- 0.875890 s
currentSize : 22 <-- 1.076561 s

maxsize : 22
nodes : 271835.000000
filtered : 4665902.000000
time : 1.088930
