Parameters: GAD=1 vflib=1 dir=0 label=0 lowerbound=1 fileNameGp=../graphsdb/mcs90/m3D/m3Dr6/mcs90_m3Dr6_s30.A75 fileNameGt=../graphsdb/mcs90/m3D/m3Dr6/mcs90_m3Dr6_s30.B75
Reading graphs...
30 :  77
30 :  76
Initializing...
maxdom : 30
D->valSize : 900
Solving...
currentSize : 13 <-- 0.010248 s
currentSize : 14 <-- 0.010274 s
currentSize : 15 <-- 0.010508 s
currentSize : 16 <-- 0.012524 s
currentSize : 17 <-- 0.013472 s
currentSize : 18 <-- 0.137166 s
currentSize : 19 <-- 0.354023 s
currentSize : 21 <-- 0.370287 s
currentSize : 22 <-- 0.802883 s
currentSize : 27 <-- 0.805335 s

maxsize : 27
nodes : 181910.000000
filtered : 3754094.000000
time : 0.843278
