Parameters: GAD=1 vflib=1 dir=0 label=0 lowerbound=1 fileNameGp=../graphsdb/mcs90/bvg/b03/mcs90_b03_s35.A68 fileNameGt=../graphsdb/mcs90/bvg/b03/mcs90_b03_s35.B68
Reading graphs...
35 :  52
35 :  52
Initializing...
maxdom : 35
D->valSize : 1225
Solving...
currentSize : 26 <-- 0.025897 s
currentSize : 27 <-- 0.025994 s
currentSize : 28 <-- 0.026021 s
currentSize : 29 <-- 0.026311 s
currentSize : 30 <-- 0.027124 s
currentSize : 31 <-- 0.311968 s
currentSize : 32 <-- 0.364983 s

maxsize : 32
nodes : 62288.000000
filtered : 1970639.000000
time : 0.468418
