Parameters: GAD=1 vflib=1 dir=0 label=0 lowerbound=1 fileNameGp=../graphsdb/mcs90/bvg/b06/mcs90_b06_s20.A46 fileNameGt=../graphsdb/mcs90/bvg/b06/mcs90_b06_s20.B46
Reading graphs...
20 :  60
20 :  59
Initializing...
maxdom : 20
D->valSize : 400
Solving...
currentSize : 12 <-- 0.002124 s
currentSize : 13 <-- 0.002185 s
currentSize : 14 <-- 0.002201 s
currentSize : 15 <-- 0.002451 s
currentSize : 16 <-- 0.016354 s
currentSize : 18 <-- 0.016406 s

maxsize : 18
nodes : 4252.000000
filtered : 92382.000000
time : 0.018825
