Parameters: GAD=1 vflib=1 dir=0 label=0 lowerbound=1 fileNameGp=../graphsdb/mcs90/rand/r02/mcs90_r02_s30.A14 fileNameGt=../graphsdb/mcs90/rand/r02/mcs90_r02_s30.B14
Reading graphs...
30 :  162
30 :  160
Initializing...
maxdom : 30
D->valSize : 900
Solving...
currentSize : 11 <-- 0.009365 s
currentSize : 12 <-- 0.009493 s
currentSize : 13 <-- 0.113144 s
currentSize : 14 <-- 1.739134 s
currentSize : 16 <-- 4.180576 s
currentSize : 17 <-- 5.554368 s
currentSize : 20 <-- 5.568727 s
currentSize : 27 <-- 5.925176 s

maxsize : 27
nodes : 1496286.000000
filtered : 17239098.000000
time : 5.950300
