Parameters: GAD=1 vflib=1 dir=0 label=0 lowerbound=1 fileNameGp=../graphsdb/mcs90/m2D/m2Dr2/mcs90_m2Dr2_s30.A09 fileNameGt=../graphsdb/mcs90/m2D/m2Dr2/mcs90_m2Dr2_s30.B09
Reading graphs...
30 :  54
30 :  54
Initializing...
maxdom : 30
D->valSize : 900
Solving...
currentSize : 15 <-- 0.011043 s
currentSize : 16 <-- 0.014157 s
currentSize : 17 <-- 0.022234 s
currentSize : 18 <-- 0.030892 s
currentSize : 19 <-- 0.033955 s
currentSize : 20 <-- 0.108842 s
currentSize : 21 <-- 0.898390 s
currentSize : 22 <-- 1.526017 s
currentSize : 25 <-- 4.110523 s

maxsize : 25
nodes : 939050.000000
filtered : 20791933.000000
time : 4.580264
