Parameters: GAD=1 vflib=1 dir=0 label=0 lowerbound=1 fileNameGp=../graphsdb/mcs90/bvg/b09m/mcs90_b09m_s20.A71 fileNameGt=../graphsdb/mcs90/bvg/b09m/mcs90_b09m_s20.B71
Reading graphs...
20 :  84
20 :  82
Initializing...
maxdom : 20
D->valSize : 400
Solving...
currentSize : 8 <-- 0.002025 s
currentSize : 9 <-- 0.002040 s
currentSize : 10 <-- 0.003308 s
currentSize : 11 <-- 0.110893 s
currentSize : 13 <-- 0.111216 s
currentSize : 14 <-- 0.170812 s
currentSize : 18 <-- 0.179516 s

maxsize : 18
nodes : 57330.000000
filtered : 573414.000000
time : 0.181254
