Parameters: GAD=1 vflib=1 dir=0 label=0 lowerbound=1 fileNameGp=../graphsdb/mcs90/m2D/m2Dr4/mcs90_m2Dr4_s30.A88 fileNameGt=../graphsdb/mcs90/m2D/m2Dr4/mcs90_m2Dr4_s30.B88
Reading graphs...
30 :  60
30 :  60
Initializing...
maxdom : 30
D->valSize : 900
Solving...
currentSize : 15 <-- 0.010587 s
currentSize : 16 <-- 0.010789 s
currentSize : 17 <-- 0.011486 s
currentSize : 18 <-- 0.017109 s
currentSize : 19 <-- 0.155735 s
currentSize : 20 <-- 0.580070 s
currentSize : 21 <-- 7.925379 s
currentSize : 22 <-- 10.019327 s
currentSize : 23 <-- 10.329807 s
currentSize : 25 <-- 10.330442 s

maxsize : 25
nodes : 2134852.000000
filtered : 47574110.000000
time : 10.476266
