Parameters: GAD=1 vflib=1 dir=0 label=0 lowerbound=1 fileNameGp=../graphsdb/mcs90/bvg/b09m/mcs90_b09m_s25.A43 fileNameGt=../graphsdb/mcs90/bvg/b09m/mcs90_b09m_s25.B43
Reading graphs...
25 :  107
25 :  105
Initializing...
maxdom : 25
D->valSize : 625
Solving...
currentSize : 9 <-- 0.009087 s
currentSize : 10 <-- 0.009174 s
currentSize : 11 <-- 0.013044 s
currentSize : 12 <-- 0.051398 s
currentSize : 13 <-- 0.070809 s
currentSize : 14 <-- 0.455975 s
currentSize : 17 <-- 0.650193 s
currentSize : 22 <-- 0.650713 s

maxsize : 22
nodes : 174159.000000
filtered : 2308935.000000
time : 0.671986
