Parameters: GAD=1 vflib=1 dir=0 label=0 lowerbound=1 fileNameGp=../graphsdb/mcs90/m3D/m3Dr2/mcs90_m3Dr2_s30.A30 fileNameGt=../graphsdb/mcs90/m3D/m3Dr2/mcs90_m3Dr2_s30.B30
Reading graphs...
30 :  67
30 :  67
Initializing...
maxdom : 30
D->valSize : 900
Solving...
currentSize : 18 <-- 0.010576 s
currentSize : 20 <-- 0.010616 s
currentSize : 21 <-- 0.125033 s
currentSize : 22 <-- 0.125200 s
currentSize : 23 <-- 0.327054 s
currentSize : 27 <-- 0.339601 s

maxsize : 27
nodes : 86698.000000
filtered : 1481643.000000
time : 0.382472
