Parameters: GAD=1 vflib=1 dir=0 label=0 lowerbound=1 fileNameGp=../graphsdb/mcs90/m2D/m2Dr2/mcs90_m2Dr2_s20.A83 fileNameGt=../graphsdb/mcs90/m2D/m2Dr2/mcs90_m2Dr2_s20.B83
Reading graphs...
20 :  35
20 :  35
Initializing...
maxdom : 20
D->valSize : 400
Solving...
currentSize : 11 <-- 0.002218 s
currentSize : 12 <-- 0.002288 s
currentSize : 13 <-- 0.002350 s
currentSize : 14 <-- 0.026120 s
currentSize : 15 <-- 0.125820 s
currentSize : 16 <-- 0.128885 s

maxsize : 16
nodes : 45951.000000
filtered : 658716.000000
time : 0.157305
