Parameters: GAD=1 vflib=1 dir=0 label=0 lowerbound=1 fileNameGp=../graphsdb/mcs90/rand/r02/mcs90_r02_s25.A11 fileNameGt=../graphsdb/mcs90/rand/r02/mcs90_r02_s25.B11
Reading graphs...
25 :  106
25 :  105
Initializing...
maxdom : 25
D->valSize : 625
Solving...
currentSize : 12 <-- 0.004507 s
currentSize : 13 <-- 0.004582 s
currentSize : 15 <-- 1.617001 s
currentSize : 16 <-- 1.617092 s
currentSize : 17 <-- 1.685273 s
currentSize : 22 <-- 1.948372 s

maxsize : 22
nodes : 516150.000000
filtered : 6347378.000000
time : 1.958826
