Parameters: GAD=1 vflib=1 dir=0 label=0 lowerbound=1 fileNameGp=../graphsdb/mcs90/rand/r01/mcs90_r01_s35.A07 fileNameGt=../graphsdb/mcs90/rand/r01/mcs90_r01_s35.B07
Reading graphs...
35 :  112
35 :  112
Initializing...
maxdom : 35
D->valSize : 1225
Solving...
currentSize : 14 <-- 0.019060 s
currentSize : 15 <-- 0.019197 s
currentSize : 16 <-- 0.019648 s
currentSize : 17 <-- 0.032033 s
currentSize : 18 <-- 0.407070 s
currentSize : 19 <-- 0.464584 s
currentSize : 20 <-- 57.145679 s
currentSize : 21 <-- 70.624672 s
currentSize : 23 <-- 119.729271 s
currentSize : 25 <-- 119.787560 s
currentSize : 26 <-- 119.789871 s
currentSize : 31 <-- 119.791061 s

maxsize : 31
nodes : 22416976.000000
filtered : 506320301.000000
time : 119.856918
