Parameters: GAD=1 vflib=1 dir=0 label=0 lowerbound=1 fileNameGp=../graphsdb/mcs90/rand/r01/mcs90_r01_s25.A43 fileNameGt=../graphsdb/mcs90/rand/r01/mcs90_r01_s25.B43
Reading graphs...
25 :  55
25 :  56
Initializing...
maxdom : 25
D->valSize : 625
Solving...
currentSize : 11 <-- 0.004956 s
currentSize : 12 <-- 0.004980 s
currentSize : 13 <-- 0.006738 s
currentSize : 14 <-- 0.012730 s
currentSize : 15 <-- 0.058694 s
currentSize : 16 <-- 0.059390 s
currentSize : 17 <-- 0.227950 s
currentSize : 22 <-- 0.619591 s

maxsize : 22
nodes : 149056.000000
filtered : 2671839.000000
time : 0.632825
