Parameters: GAD=1 vflib=1 dir=0 label=0 lowerbound=1 fileNameGp=../graphsdb/mcs90/bvg/b03m/mcs90_b03m_s15.A48 fileNameGt=../graphsdb/mcs90/bvg/b03m/mcs90_b03m_s15.B48
Reading graphs...
15 :  22
15 :  22
Initializing...
maxdom : 15
D->valSize : 225
Solving...
currentSize : 7 <-- 0.000968 s
currentSize : 8 <-- 0.000980 s
currentSize : 9 <-- 0.000991 s
currentSize : 10 <-- 0.001021 s
currentSize : 11 <-- 0.003162 s
currentSize : 12 <-- 0.004656 s

maxsize : 12
nodes : 3109.000000
filtered : 32991.000000
time : 0.009103
