Parameters: GAD=1 vflib=1 dir=0 label=0 lowerbound=1 fileNameGp=../graphsdb/mcs90/m4D/m4D/mcs90_m4D_s20.A60 fileNameGt=../graphsdb/mcs90/m4D/m4D/mcs90_m4D_s20.B60
Reading graphs...
20 :  37
20 :  37
Initializing...
maxdom : 20
D->valSize : 400
Solving...
currentSize : 10 <-- 0.002210 s
currentSize : 11 <-- 0.004038 s
currentSize : 12 <-- 0.019339 s
currentSize : 15 <-- 0.046217 s
currentSize : 16 <-- 0.046250 s
currentSize : 17 <-- 0.046367 s

maxsize : 17
nodes : 22670.000000
filtered : 130426.000000
time : 0.051361
