Parameters: GAD=1 vflib=1 dir=0 label=0 lowerbound=1 fileNameGp=../graphsdb/mcs90/rand/r02/mcs90_r02_s25.A67 fileNameGt=../graphsdb/mcs90/rand/r02/mcs90_r02_s25.B67
Reading graphs...
25 :  110
25 :  109
Initializing...
maxdom : 25
D->valSize : 625
Solving...
currentSize : 10 <-- 0.004502 s
currentSize : 11 <-- 0.004558 s
currentSize : 12 <-- 0.005443 s
currentSize : 13 <-- 0.232844 s
currentSize : 17 <-- 0.251989 s
currentSize : 22 <-- 0.360419 s

maxsize : 22
nodes : 93960.000000
filtered : 1342626.000000
time : 0.368635
