Parameters: GAD=1 vflib=1 dir=0 label=0 lowerbound=1 fileNameGp=../graphsdb/mcs90/bvg/b06m/mcs90_b06m_s25.A09 fileNameGt=../graphsdb/mcs90/bvg/b06m/mcs90_b06m_s25.B09
Reading graphs...
25 :  74
25 :  73
Initializing...
maxdom : 25
D->valSize : 625
Solving...
currentSize : 12 <-- 0.004894 s
currentSize : 13 <-- 0.006089 s
currentSize : 14 <-- 0.010650 s
currentSize : 15 <-- 0.209460 s
currentSize : 16 <-- 0.274367 s
currentSize : 22 <-- 0.618172 s

maxsize : 22
nodes : 149167.000000
filtered : 2779034.000000
time : 0.628842
