Parameters: GAD=1 vflib=1 dir=0 label=0 lowerbound=1 fileNameGp=../graphsdb/mcs90/rand/r005/mcs90_r005_s30.A91 fileNameGt=../graphsdb/mcs90/rand/r005/mcs90_r005_s30.B91
Reading graphs...
30 :  42
30 :  42
Initializing...
maxdom : 30
D->valSize : 900
Solving...
currentSize : 18 <-- 0.011143 s
currentSize : 19 <-- 0.013292 s
currentSize : 20 <-- 0.015342 s
currentSize : 21 <-- 0.035502 s
currentSize : 22 <-- 0.825758 s
currentSize : 23 <-- 3.050626 s
currentSize : 24 <-- 3.050723 s
currentSize : 25 <-- 3.495156 s
currentSize : 26 <-- 3.574514 s
currentSize : 27 <-- 3.591106 s

maxsize : 27
nodes : 782929.000000
filtered : 14611007.000000
time : 3.602552
