Parameters: GAD=1 vflib=1 dir=0 label=0 lowerbound=1 fileNameGp=../graphsdb/mcs90/rand/r02/mcs90_r02_s35.A46 fileNameGt=../graphsdb/mcs90/rand/r02/mcs90_r02_s35.B46
Reading graphs...
35 :  216
35 :  218
Initializing...
maxdom : 35
D->valSize : 1225
Solving...
currentSize : 11 <-- 0.017814 s
currentSize : 12 <-- 0.017844 s
currentSize : 13 <-- 0.018876 s
currentSize : 14 <-- 0.620427 s
currentSize : 15 <-- 16.863779 s
currentSize : 16 <-- 58.861797 s
currentSize : 17 <-- 61.973717 s
currentSize : 21 <-- 64.325821 s
currentSize : 22 <-- 73.922707 s
currentSize : 31 <-- 82.267502 s

maxsize : 31
nodes : 17175959.000000
filtered : 285680807.000000
time : 82.300735
