Parameters: GAD=1 vflib=1 dir=0 label=0 lowerbound=1 fileNameGp=../graphsdb/mcs90/bvg/b03m/mcs90_b03m_s35.A60 fileNameGt=../graphsdb/mcs90/bvg/b03m/mcs90_b03m_s35.B60
Reading graphs...
35 :  52
35 :  52
Initializing...
maxdom : 35
D->valSize : 1225
Solving...
currentSize : 10 <-- 0.020994 s
currentSize : 16 <-- 0.021046 s
currentSize : 17 <-- 0.021197 s
currentSize : 18 <-- 0.021225 s
currentSize : 19 <-- 0.021966 s
currentSize : 20 <-- 0.088065 s
currentSize : 21 <-- 0.094638 s
currentSize : 22 <-- 0.125890 s
currentSize : 23 <-- 0.238638 s
currentSize : 24 <-- 0.444959 s
currentSize : 25 <-- 0.776223 s
currentSize : 26 <-- 1.822277 s
currentSize : 27 <-- 2.187658 s
currentSize : 28 <-- 2.457372 s
currentSize : 29 <-- 4.034042 s
currentSize : 30 <-- 4.035433 s

maxsize : 30
nodes : 782248.000000
filtered : 19810668.000000
time : 4.379916
