Parameters: GAD=1 vflib=1 dir=0 label=0 lowerbound=1 fileNameGp=../graphsdb/mcs90/bvg/b06m/mcs90_b06m_s10.A42 fileNameGt=../graphsdb/mcs90/bvg/b06m/mcs90_b06m_s10.B42
Reading graphs...
10 :  28
10 :  28
Initializing...
maxdom : 10
D->valSize : 100
Solving...
currentSize : 4 <-- 0.000345 s
currentSize : 5 <-- 0.000353 s
currentSize : 6 <-- 0.000370 s
currentSize : 7 <-- 0.000393 s
currentSize : 8 <-- 0.000894 s
currentSize : 9 <-- 0.000967 s

maxsize : 9
nodes : 287.000000
filtered : 2686.000000
time : 0.001031
