Parameters: GAD=1 vflib=1 dir=0 label=0 lowerbound=1 fileNameGp=../graphsdb/mcs90/bvg/b09/mcs90_b09_s25.A57 fileNameGt=../graphsdb/mcs90/bvg/b09/mcs90_b09_s25.B57
Reading graphs...
25 :  112
25 :  112
Initializing...
maxdom : 25
D->valSize : 625
Solving...
currentSize : 13 <-- 0.004507 s
currentSize : 14 <-- 0.004571 s
currentSize : 15 <-- 0.004706 s
currentSize : 17 <-- 0.004757 s
currentSize : 18 <-- 0.004801 s
currentSize : 22 <-- 0.009862 s

maxsize : 22
nodes : 5245.000000
filtered : 289310.000000
time : 0.039147
