Parameters: GAD=1 vflib=1 dir=0 label=0 lowerbound=1 fileNameGp=../graphsdb/mcs90/m2D/m2Dr2/mcs90_m2Dr2_s30.A27 fileNameGt=../graphsdb/mcs90/m2D/m2Dr2/mcs90_m2Dr2_s30.B27
Reading graphs...
30 :  55
30 :  55
Initializing...
maxdom : 30
D->valSize : 900
Solving...
currentSize : 14 <-- 0.010773 s
currentSize : 15 <-- 0.010800 s
currentSize : 16 <-- 0.010825 s
currentSize : 17 <-- 0.017026 s
currentSize : 18 <-- 0.083933 s
currentSize : 19 <-- 0.836140 s
currentSize : 20 <-- 1.647334 s
currentSize : 21 <-- 2.321761 s
currentSize : 22 <-- 7.485216 s
currentSize : 25 <-- 7.786538 s

maxsize : 25
nodes : 1864473.000000
filtered : 34790685.000000
time : 8.208739
