Parameters: GAD=1 vflib=1 dir=0 label=0 lowerbound=1 fileNameGp=../graphsdb/mcs90/rand/r02/mcs90_r02_s35.A89 fileNameGt=../graphsdb/mcs90/rand/r02/mcs90_r02_s35.B89
Reading graphs...
35 :  214
35 :  216
Initializing...
maxdom : 35
D->valSize : 1225
Solving...
currentSize : 12 <-- 0.017068 s
currentSize : 13 <-- 0.018038 s
currentSize : 14 <-- 0.045192 s
currentSize : 15 <-- 0.370067 s
currentSize : 17 <-- 0.372051 s
currentSize : 18 <-- 0.416284 s
currentSize : 21 <-- 0.418386 s
currentSize : 25 <-- 0.481867 s
currentSize : 31 <-- 1.229389 s

maxsize : 31
nodes : 201629.000000
filtered : 7491540.000000
time : 1.278399
