Parameters: GAD=1 vflib=1 dir=0 label=0 lowerbound=1 fileNameGp=../graphsdb/mcs90/m2D/m2Dr2/mcs90_m2Dr2_s30.A58 fileNameGt=../graphsdb/mcs90/m2D/m2Dr2/mcs90_m2Dr2_s30.B58
Reading graphs...
30 :  54
30 :  54
Initializing...
maxdom : 30
D->valSize : 900
Solving...
currentSize : 14 <-- 0.011365 s
currentSize : 17 <-- 0.011394 s
currentSize : 18 <-- 0.012081 s
currentSize : 19 <-- 0.012107 s
currentSize : 20 <-- 0.014979 s
currentSize : 21 <-- 0.458041 s
currentSize : 22 <-- 1.190203 s
currentSize : 23 <-- 1.273407 s
currentSize : 24 <-- 1.986946 s
currentSize : 26 <-- 1.987013 s

maxsize : 26
nodes : 377483.000000
filtered : 9418310.000000
time : 2.054900
