Parameters: GAD=1 vflib=1 dir=0 label=0 lowerbound=1 fileNameGp=../graphsdb/mcs90/bvg/b06m/mcs90_b06m_s20.A60 fileNameGt=../graphsdb/mcs90/bvg/b06m/mcs90_b06m_s20.B60
Reading graphs...
20 :  57
20 :  57
Initializing...
maxdom : 20
D->valSize : 400
Solving...
currentSize : 11 <-- 0.002080 s
currentSize : 12 <-- 0.002122 s
currentSize : 13 <-- 0.003627 s
currentSize : 14 <-- 0.003955 s
currentSize : 15 <-- 0.006212 s
currentSize : 18 <-- 0.006392 s

maxsize : 18
nodes : 1533.000000
filtered : 27030.000000
time : 0.007715
