Parameters: GAD=1 vflib=1 dir=0 label=0 lowerbound=1 fileNameGp=../graphsdb/mcs90/bvg/b06m/mcs90_b06m_s20.A26 fileNameGt=../graphsdb/mcs90/bvg/b06m/mcs90_b06m_s20.B26
Reading graphs...
20 :  56
20 :  55
Initializing...
maxdom : 20
D->valSize : 400
Solving...
currentSize : 8 <-- 0.002058 s
currentSize : 10 <-- 0.002084 s
currentSize : 11 <-- 0.003399 s
currentSize : 12 <-- 0.015059 s
currentSize : 13 <-- 0.027683 s
currentSize : 14 <-- 0.035666 s
currentSize : 15 <-- 0.036229 s
currentSize : 16 <-- 0.036536 s
currentSize : 18 <-- 0.036623 s

maxsize : 18
nodes : 11839.000000
filtered : 145679.000000
time : 0.039558
