Parameters: GAD=1 vflib=1 dir=0 label=0 lowerbound=1 fileNameGp=../graphsdb/mcs90/bvg/b06/mcs90_b06_s35.A79 fileNameGt=../graphsdb/mcs90/bvg/b06/mcs90_b06_s35.B79
Reading graphs...
35 :  105
35 :  105
Initializing...
maxdom : 35
D->valSize : 1225
Solving...
currentSize : 22 <-- 0.019200 s
currentSize : 23 <-- 0.019397 s
currentSize : 24 <-- 0.020151 s
currentSize : 25 <-- 0.020245 s
currentSize : 26 <-- 0.021559 s
currentSize : 27 <-- 0.024144 s
currentSize : 28 <-- 0.025938 s
currentSize : 29 <-- 0.026045 s
currentSize : 31 <-- 0.030653 s
currentSize : 32 <-- 0.103214 s

maxsize : 32
nodes : 16855.000000
filtered : 733363.000000
time : 0.146136
