Parameters: GAD=1 vflib=1 dir=0 label=0 lowerbound=1 fileNameGp=../graphsdb/mcs90/rand/r01/mcs90_r01_s20.A83 fileNameGt=../graphsdb/mcs90/rand/r01/mcs90_r01_s20.B83
Reading graphs...
20 :  35
20 :  35
Initializing...
maxdom : 20
D->valSize : 400
Solving...
currentSize : 8 <-- 0.002135 s
currentSize : 9 <-- 0.002153 s
currentSize : 10 <-- 0.002370 s
currentSize : 11 <-- 0.012278 s
currentSize : 12 <-- 0.016901 s
currentSize : 13 <-- 0.018170 s
currentSize : 14 <-- 0.035649 s
currentSize : 15 <-- 0.037741 s
currentSize : 18 <-- 0.038055 s

maxsize : 18
nodes : 14707.000000
filtered : 118407.000000
time : 0.039596
