Parameters: GAD=1 vflib=1 dir=0 label=0 lowerbound=1 fileNameGp=../graphsdb/mcs90/rand/r01/mcs90_r01_s30.A57 fileNameGt=../graphsdb/mcs90/rand/r01/mcs90_r01_s30.B57
Reading graphs...
30 :  82
30 :  82
Initializing...
maxdom : 30
D->valSize : 900
Solving...
currentSize : 11 <-- 0.010327 s
currentSize : 12 <-- 0.010347 s
currentSize : 14 <-- 0.010742 s
currentSize : 15 <-- 0.010973 s
currentSize : 16 <-- 0.011146 s
currentSize : 17 <-- 0.024197 s
currentSize : 18 <-- 0.140455 s
currentSize : 19 <-- 0.710421 s
currentSize : 21 <-- 2.008351 s
currentSize : 22 <-- 2.349958 s
currentSize : 23 <-- 2.742702 s
currentSize : 27 <-- 2.742829 s

maxsize : 27
nodes : 522851.000000
filtered : 12998701.000000
time : 2.755842
