Parameters: GAD=1 vflib=1 dir=0 label=0 lowerbound=1 fileNameGp=../graphsdb/mcs90/rand/r02/mcs90_r02_s35.A92 fileNameGt=../graphsdb/mcs90/rand/r02/mcs90_r02_s35.B92
Reading graphs...
35 :  217
35 :  216
Initializing...
maxdom : 35
D->valSize : 1225
Solving...
currentSize : 9 <-- 0.016993 s
currentSize : 10 <-- 0.017048 s
currentSize : 11 <-- 0.017123 s
currentSize : 12 <-- 0.017880 s
currentSize : 13 <-- 0.018077 s
currentSize : 17 <-- 0.018269 s
currentSize : 20 <-- 0.019503 s
currentSize : 31 <-- 0.020073 s

maxsize : 31
nodes : 6170.000000
filtered : 963739.000000
time : 0.107058
