Parameters: GAD=1 vflib=1 dir=0 label=0 lowerbound=1 fileNameGp=../graphsdb/mcs90/rand/r01/mcs90_r01_s15.A31 fileNameGt=../graphsdb/mcs90/rand/r01/mcs90_r01_s15.B31
Reading graphs...
15 :  19
15 :  19
Initializing...
maxdom : 15
D->valSize : 225
Solving...
currentSize : 5 <-- 0.000904 s
currentSize : 7 <-- 0.000925 s
currentSize : 8 <-- 0.000938 s
currentSize : 9 <-- 0.000971 s
currentSize : 10 <-- 0.001213 s
currentSize : 13 <-- 0.003345 s

maxsize : 13
nodes : 1445.000000
filtered : 9959.000000
time : 0.004115
