Parameters: GAD=1 vflib=1 dir=0 label=0 lowerbound=1 fileNameGp=../graphsdb/mcs90/bvg/b03m/mcs90_b03m_s30.A94 fileNameGt=../graphsdb/mcs90/bvg/b03m/mcs90_b03m_s30.B94
Reading graphs...
30 :  45
30 :  45
Initializing...
maxdom : 30
D->valSize : 900
Solving...
currentSize : 16 <-- 0.019391 s
currentSize : 17 <-- 0.019685 s
currentSize : 18 <-- 0.022712 s
currentSize : 19 <-- 0.048075 s
currentSize : 20 <-- 0.056856 s
currentSize : 21 <-- 0.132455 s
currentSize : 22 <-- 1.332255 s
currentSize : 23 <-- 2.847708 s
currentSize : 24 <-- 2.848530 s
currentSize : 25 <-- 3.036606 s
currentSize : 26 <-- 3.332851 s
currentSize : 27 <-- 3.348857 s

maxsize : 27
nodes : 708847.000000
filtered : 13779456.000000
time : 3.364300
