Parameters: GAD=1 vflib=1 dir=0 label=0 lowerbound=1 fileNameGp=../graphsdb/mcs90/rand/r01/mcs90_r01_s20.A10 fileNameGt=../graphsdb/mcs90/rand/r01/mcs90_r01_s20.B10
Reading graphs...
20 :  36
20 :  36
Initializing...
maxdom : 20
D->valSize : 400
Solving...
currentSize : 10 <-- 0.002195 s
currentSize : 11 <-- 0.002231 s
currentSize : 12 <-- 0.002262 s
currentSize : 13 <-- 0.002288 s
currentSize : 14 <-- 0.025830 s
currentSize : 15 <-- 0.036304 s
currentSize : 18 <-- 0.036349 s

maxsize : 18
nodes : 11221.000000
filtered : 138698.000000
time : 0.037850
