Parameters: GAD=1 vflib=1 dir=0 label=0 lowerbound=1 fileNameGp=../graphsdb/mcs90/m2D/m2Dr2/mcs90_m2Dr2_s30.A93 fileNameGt=../graphsdb/mcs90/m2D/m2Dr2/mcs90_m2Dr2_s30.B93
Reading graphs...
30 :  53
30 :  52
Initializing...
maxdom : 30
D->valSize : 900
Solving...
currentSize : 18 <-- 0.010792 s
currentSize : 20 <-- 0.010811 s
currentSize : 21 <-- 0.010992 s
currentSize : 22 <-- 0.024954 s
currentSize : 23 <-- 0.025561 s
currentSize : 26 <-- 0.600793 s

maxsize : 26
nodes : 123627.000000
filtered : 3708386.000000
time : 0.719519
