Parameters: GAD=1 vflib=1 dir=0 label=0 lowerbound=1 fileNameGp=../graphsdb/mcs90/m3D/m3Dr6/mcs90_m3Dr6_s30.A84 fileNameGt=../graphsdb/mcs90/m3D/m3Dr6/mcs90_m3Dr6_s30.B84
Reading graphs...
30 :  77
30 :  76
Initializing...
maxdom : 30
D->valSize : 900
Solving...
currentSize : 13 <-- 0.017953 s
currentSize : 15 <-- 0.018060 s
currentSize : 16 <-- 0.018967 s
currentSize : 17 <-- 0.045270 s
currentSize : 18 <-- 0.065722 s
currentSize : 19 <-- 0.399250 s
currentSize : 21 <-- 6.360506 s
currentSize : 22 <-- 6.680766 s
currentSize : 23 <-- 7.490781 s
currentSize : 26 <-- 7.849907 s
currentSize : 27 <-- 7.850670 s

maxsize : 27
nodes : 1602302.000000
filtered : 34370266.000000
time : 7.870992
