Parameters: GAD=1 vflib=1 dir=0 label=0 lowerbound=1 fileNameGp=../graphsdb/mcs90/bvg/b06m/mcs90_b06m_s35.A91 fileNameGt=../graphsdb/mcs90/bvg/b06m/mcs90_b06m_s35.B91
Reading graphs...
35 :  100
35 :  101
Initializing...
maxdom : 35
D->valSize : 1225
Solving...
currentSize : 15 <-- 0.019397 s
currentSize : 17 <-- 0.019909 s
currentSize : 18 <-- 0.020016 s
currentSize : 19 <-- 0.020039 s
currentSize : 20 <-- 0.022029 s
currentSize : 21 <-- 0.022106 s
currentSize : 22 <-- 0.022240 s
currentSize : 24 <-- 56.710239 s
currentSize : 25 <-- 56.710537 s
currentSize : 28 <-- 61.303680 s
currentSize : 31 <-- 61.309017 s

maxsize : 31
nodes : 9740183.000000
filtered : 328576377.000000
time : 61.372265
