Parameters: GAD=1 vflib=1 dir=0 label=0 lowerbound=1 fileNameGp=../graphsdb/mcs90/bvg/b03/mcs90_b03_s30.A77 fileNameGt=../graphsdb/mcs90/bvg/b03/mcs90_b03_s30.B77
Reading graphs...
30 :  45
30 :  45
Initializing...
maxdom : 30
D->valSize : 900
Solving...
currentSize : 21 <-- 0.011194 s
currentSize : 22 <-- 0.011235 s
currentSize : 23 <-- 0.011256 s
currentSize : 24 <-- 0.011307 s
currentSize : 25 <-- 0.017309 s
currentSize : 26 <-- 0.017365 s
currentSize : 27 <-- 0.061250 s

maxsize : 27
nodes : 25635.000000
filtered : 641823.000000
time : 0.141214
