Parameters: GAD=1 vflib=1 dir=0 label=0 lowerbound=1 fileNameGp=../graphsdb/mcs90/m2D/m2D/mcs90_m2D_s30.A90 fileNameGt=../graphsdb/mcs90/m2D/m2D/mcs90_m2D_s30.B90
Reading graphs...
30 :  49
30 :  49
Initializing...
maxdom : 30
D->valSize : 900
Solving...
currentSize : 15 <-- 0.011088 s
currentSize : 20 <-- 0.011131 s
currentSize : 21 <-- 0.011608 s
currentSize : 22 <-- 0.427519 s
currentSize : 23 <-- 0.729770 s
currentSize : 25 <-- 0.843056 s

maxsize : 25
nodes : 271343.000000
filtered : 6718420.000000
time : 1.449029
