Parameters: GAD=1 vflib=1 dir=0 label=0 lowerbound=1 fileNameGp=../graphsdb/mcs90/m2D/m2Dr2/mcs90_m2Dr2_s20.A74 fileNameGt=../graphsdb/mcs90/m2D/m2Dr2/mcs90_m2Dr2_s20.B74
Reading graphs...
20 :  35
20 :  34
Initializing...
maxdom : 20
D->valSize : 400
Solving...
currentSize : 11 <-- 0.003682 s
currentSize : 12 <-- 0.004236 s
currentSize : 13 <-- 0.029086 s
currentSize : 14 <-- 0.048354 s
currentSize : 15 <-- 0.080516 s
currentSize : 16 <-- 0.081118 s

maxsize : 16
nodes : 26359.000000
filtered : 353668.000000
time : 0.109119
