Parameters: GAD=1 vflib=1 dir=0 label=0 lowerbound=1 fileNameGp=../graphsdb/mcs90/bvg/b06m/mcs90_b06m_s20.A14 fileNameGt=../graphsdb/mcs90/bvg/b06m/mcs90_b06m_s20.B14
Reading graphs...
20 :  58
20 :  58
Initializing...
maxdom : 20
D->valSize : 400
Solving...
currentSize : 9 <-- 0.002070 s
currentSize : 10 <-- 0.002362 s
currentSize : 11 <-- 0.002400 s
currentSize : 12 <-- 0.014391 s
currentSize : 13 <-- 0.022054 s
currentSize : 14 <-- 0.053900 s
currentSize : 18 <-- 0.103784 s

maxsize : 18
nodes : 27307.000000
filtered : 479498.000000
time : 0.105303
