Parameters: GAD=1 vflib=1 dir=0 label=0 lowerbound=1 fileNameGp=../graphsdb/mcs90/m3D/m3Dr2/mcs90_m3Dr2_s30.A02 fileNameGt=../graphsdb/mcs90/m3D/m3Dr2/mcs90_m3Dr2_s30.B02
Reading graphs...
30 :  67
30 :  66
Initializing...
maxdom : 30
D->valSize : 900
Solving...
currentSize : 15 <-- 0.014754 s
currentSize : 16 <-- 0.015059 s
currentSize : 18 <-- 0.017303 s
currentSize : 19 <-- 0.017332 s
currentSize : 20 <-- 0.018235 s
currentSize : 21 <-- 0.403856 s
currentSize : 22 <-- 0.752766 s
currentSize : 24 <-- 2.341771 s
currentSize : 27 <-- 2.348887 s

maxsize : 27
nodes : 457417.000000
filtered : 10469701.000000
time : 2.398898
