Parameters: GAD=1 vflib=1 dir=0 label=0 lowerbound=1 fileNameGp=../graphsdb/mcs90/m4D/m4Dr2/mcs90_m4Dr2_s20.A77 fileNameGt=../graphsdb/mcs90/m4D/m4Dr2/mcs90_m4Dr2_s20.B77
Reading graphs...
20 :  41
20 :  40
Initializing...
maxdom : 20
D->valSize : 400
Solving...
currentSize : 7 <-- 0.002235 s
currentSize : 8 <-- 0.002249 s
currentSize : 10 <-- 0.002594 s
currentSize : 11 <-- 0.003147 s
currentSize : 13 <-- 0.003282 s
currentSize : 14 <-- 0.070300 s
currentSize : 16 <-- 0.070955 s

maxsize : 16
nodes : 22523.000000
filtered : 316236.000000
time : 0.096142
