Parameters: GAD=1 vflib=1 dir=0 label=0 lowerbound=1 fileNameGp=../graphsdb/mcs90/rand/r01/mcs90_r01_s35.A71 fileNameGt=../graphsdb/mcs90/rand/r01/mcs90_r01_s35.B71
Reading graphs...
35 :  110
35 :  111
Initializing...
maxdom : 35
D->valSize : 1225
Solving...
currentSize : 14 <-- 0.019179 s
currentSize : 15 <-- 0.021065 s
currentSize : 16 <-- 0.043751 s
currentSize : 17 <-- 0.046902 s
currentSize : 18 <-- 0.071519 s
currentSize : 19 <-- 0.929885 s
currentSize : 20 <-- 53.404667 s
currentSize : 25 <-- 108.330536 s
currentSize : 26 <-- 108.543121 s
currentSize : 27 <-- 108.609573 s
currentSize : 31 <-- 109.393097 s

maxsize : 31
nodes : 21244547.000000
filtered : 441046917.000000
time : 109.471474
