Parameters: GAD=1 vflib=1 dir=0 label=0 lowerbound=1 fileNameGp=../graphsdb/mcs90/m3D/m3Dr2/mcs90_m3Dr2_s30.A25 fileNameGt=../graphsdb/mcs90/m3D/m3Dr2/mcs90_m3Dr2_s30.B25
Reading graphs...
30 :  67
30 :  66
Initializing...
maxdom : 30
D->valSize : 900
Solving...
currentSize : 13 <-- 0.018357 s
currentSize : 14 <-- 0.018379 s
currentSize : 15 <-- 0.018421 s
currentSize : 16 <-- 0.018452 s
currentSize : 18 <-- 0.021044 s
currentSize : 19 <-- 0.124729 s
currentSize : 20 <-- 0.132308 s
currentSize : 21 <-- 0.132482 s
currentSize : 22 <-- 0.135830 s
currentSize : 25 <-- 0.147794 s
currentSize : 27 <-- 0.311499 s

maxsize : 27
nodes : 44209.000000
filtered : 1226982.000000
time : 0.349639
