Parameters: GAD=1 vflib=1 dir=0 label=0 lowerbound=1 fileNameGp=../graphsdb/mcs90/bvg/b06/mcs90_b06_s20.A90 fileNameGt=../graphsdb/mcs90/bvg/b06/mcs90_b06_s20.B90
Reading graphs...
20 :  60
20 :  59
Initializing...
maxdom : 20
D->valSize : 400
Solving...
currentSize : 12 <-- 0.002040 s
currentSize : 13 <-- 0.002062 s
currentSize : 14 <-- 0.002084 s
currentSize : 15 <-- 0.002135 s
currentSize : 17 <-- 0.002203 s
currentSize : 18 <-- 0.003089 s

maxsize : 18
nodes : 867.000000
filtered : 21186.000000
time : 0.005331
