Parameters: GAD=1 vflib=1 dir=0 label=0 lowerbound=1 fileNameGp=../graphsdb/mcs90/rand/r01/mcs90_r01_s35.A10 fileNameGt=../graphsdb/mcs90/rand/r01/mcs90_r01_s35.B10
Reading graphs...
35 :  115
35 :  114
Initializing...
maxdom : 35
D->valSize : 1225
Solving...
currentSize : 11 <-- 0.033135 s
currentSize : 13 <-- 0.033178 s
currentSize : 14 <-- 0.033284 s
currentSize : 15 <-- 0.035241 s
currentSize : 16 <-- 0.043470 s
currentSize : 17 <-- 0.127537 s
currentSize : 18 <-- 0.340030 s
currentSize : 19 <-- 0.511241 s
currentSize : 20 <-- 3.025001 s
currentSize : 22 <-- 9.212142 s
currentSize : 23 <-- 13.178487 s
currentSize : 24 <-- 14.708013 s
currentSize : 25 <-- 18.707148 s
currentSize : 31 <-- 23.935400 s

maxsize : 31
nodes : 3928559.000000
filtered : 124441114.000000
time : 24.003281
