Parameters: GAD=1 vflib=1 dir=0 label=0 lowerbound=1 fileNameGp=../graphsdb/mcs90/bvg/b03m/mcs90_b03m_s30.A87 fileNameGt=../graphsdb/mcs90/bvg/b03m/mcs90_b03m_s30.B87
Reading graphs...
30 :  45
30 :  45
Initializing...
maxdom : 30
D->valSize : 900
Solving...
currentSize : 16 <-- 0.019309 s
currentSize : 17 <-- 0.021455 s
currentSize : 18 <-- 0.029522 s
currentSize : 19 <-- 0.054954 s
currentSize : 20 <-- 0.777310 s
currentSize : 21 <-- 0.786692 s
currentSize : 22 <-- 0.789801 s
currentSize : 24 <-- 7.039078 s
currentSize : 26 <-- 7.039152 s

maxsize : 26
nodes : 1578596.000000
filtered : 28251170.000000
time : 7.148992
