Parameters: GAD=1 vflib=1 dir=0 label=0 lowerbound=1 fileNameGp=../graphsdb/mcs90/rand/r02/mcs90_r02_s15.A52 fileNameGt=../graphsdb/mcs90/rand/r02/mcs90_r02_s15.B52
Reading graphs...
15 :  36
15 :  33
Initializing...
maxdom : 15
D->valSize : 225
Solving...
currentSize : 6 <-- 0.000851 s
currentSize : 7 <-- 0.000864 s
currentSize : 8 <-- 0.000892 s
currentSize : 9 <-- 0.001181 s
currentSize : 10 <-- 0.006095 s
currentSize : 13 <-- 0.007493 s

maxsize : 13
nodes : 2833.000000
filtered : 26341.000000
time : 0.008277
