Parameters: GAD=1 vflib=1 dir=0 label=0 lowerbound=1 fileNameGp=../graphsdb/mcs90/bvg/b09/mcs90_b09_s25.A29 fileNameGt=../graphsdb/mcs90/bvg/b09/mcs90_b09_s25.B29
Reading graphs...
25 :  112
25 :  112
Initializing...
maxdom : 25
D->valSize : 625
Solving...
currentSize : 7 <-- 0.004525 s
currentSize : 8 <-- 0.004540 s
currentSize : 10 <-- 0.004611 s
currentSize : 11 <-- 0.004891 s
currentSize : 12 <-- 0.006628 s
currentSize : 13 <-- 0.007743 s
currentSize : 14 <-- 0.007875 s
currentSize : 15 <-- 0.010355 s
currentSize : 17 <-- 0.010669 s
currentSize : 20 <-- 0.011097 s
currentSize : 22 <-- 0.020091 s

maxsize : 22
nodes : 5183.000000
filtered : 202795.000000
time : 0.033090
