Parameters: GAD=1 vflib=1 dir=0 label=0 lowerbound=1 fileNameGp=../graphsdb/mcs90/rand/r01/mcs90_r01_s25.A91 fileNameGt=../graphsdb/mcs90/rand/r01/mcs90_r01_s25.B91
Reading graphs...
25 :  56
25 :  55
Initializing...
maxdom : 25
D->valSize : 625
Solving...
currentSize : 11 <-- 0.005077 s
currentSize : 12 <-- 0.005101 s
currentSize : 13 <-- 0.005155 s
currentSize : 14 <-- 0.008460 s
currentSize : 15 <-- 0.046716 s
currentSize : 16 <-- 0.255491 s
currentSize : 17 <-- 0.564008 s
currentSize : 18 <-- 0.734608 s
currentSize : 20 <-- 0.775428 s
currentSize : 22 <-- 0.775513 s

maxsize : 22
nodes : 193938.000000
filtered : 3098057.000000
time : 0.783964
