Parameters: GAD=1 vflib=1 dir=0 label=0 lowerbound=1 fileNameGp=../graphsdb/mcs90/rand/r02/mcs90_r02_s25.A54 fileNameGt=../graphsdb/mcs90/rand/r02/mcs90_r02_s25.B54
Reading graphs...
25 :  108
25 :  109
Initializing...
maxdom : 25
D->valSize : 625
Solving...
currentSize : 9 <-- 0.004559 s
currentSize : 10 <-- 0.005685 s
currentSize : 11 <-- 0.005845 s
currentSize : 12 <-- 0.026067 s
currentSize : 13 <-- 0.273629 s
currentSize : 15 <-- 0.646576 s
currentSize : 16 <-- 0.663515 s
currentSize : 17 <-- 0.679611 s
currentSize : 22 <-- 1.003217 s

maxsize : 22
nodes : 264112.000000
filtered : 3703972.000000
time : 1.010365
