Parameters: GAD=1 vflib=1 dir=0 label=0 lowerbound=1 fileNameGp=../graphsdb/mcs90/bvg/b09m/mcs90_b09m_s30.A25 fileNameGt=../graphsdb/mcs90/bvg/b09m/mcs90_b09m_s30.B25
Reading graphs...
30 :  129
30 :  128
Initializing...
maxdom : 30
D->valSize : 900
Solving...
currentSize : 10 <-- 0.009547 s
currentSize : 11 <-- 0.009587 s
currentSize : 12 <-- 0.010339 s
currentSize : 13 <-- 0.010718 s
currentSize : 14 <-- 0.127227 s
currentSize : 15 <-- 0.596542 s
currentSize : 26 <-- 6.614651 s

maxsize : 26
nodes : 1590828.000000
filtered : 21995653.000000
time : 6.682977
