Parameters: GAD=1 vflib=1 dir=0 label=0 lowerbound=1 fileNameGp=../graphsdb/mcs90/bvg/b03/mcs90_b03_s25.A31 fileNameGt=../graphsdb/mcs90/bvg/b03/mcs90_b03_s25.B31
Reading graphs...
25 :  37
25 :  37
Initializing...
maxdom : 25
D->valSize : 625
Solving...
currentSize : 14 <-- 0.009087 s
currentSize : 16 <-- 0.009145 s
currentSize : 17 <-- 0.009386 s
currentSize : 18 <-- 0.010804 s
currentSize : 20 <-- 0.013299 s
currentSize : 21 <-- 0.014992 s
currentSize : 23 <-- 0.017890 s

maxsize : 23
nodes : 3831.000000
filtered : 87381.000000
time : 0.039640
