Parameters: GAD=1 vflib=1 dir=0 label=0 lowerbound=1 fileNameGp=../graphsdb/mcs90/m2D/m2D/mcs90_m2D_s30.A47 fileNameGt=../graphsdb/mcs90/m2D/m2D/mcs90_m2D_s30.B47
Reading graphs...
30 :  49
30 :  49
Initializing...
maxdom : 30
D->valSize : 900
Solving...
currentSize : 17 <-- 0.017428 s
currentSize : 18 <-- 0.017445 s
currentSize : 19 <-- 0.019460 s
currentSize : 20 <-- 0.061786 s
currentSize : 21 <-- 0.211797 s
currentSize : 23 <-- 0.250449 s
currentSize : 25 <-- 0.256041 s
currentSize : 26 <-- 0.516775 s

maxsize : 26
nodes : 124302.000000
filtered : 2774440.000000
time : 0.633000
