Parameters: GAD=1 vflib=1 dir=0 label=0 lowerbound=1 fileNameGp=../graphsdb/mcs90/bvg/b06m/mcs90_b06m_s30.A73 fileNameGt=../graphsdb/mcs90/bvg/b06m/mcs90_b06m_s30.B73
Reading graphs...
30 :  89
30 :  88
Initializing...
maxdom : 30
D->valSize : 900
Solving...
currentSize : 11 <-- 0.017423 s
currentSize : 12 <-- 0.017533 s
currentSize : 13 <-- 0.017682 s
currentSize : 14 <-- 0.017964 s
currentSize : 15 <-- 0.019534 s
currentSize : 16 <-- 0.071209 s
currentSize : 17 <-- 0.511992 s
currentSize : 18 <-- 1.216920 s
currentSize : 19 <-- 3.901440 s
currentSize : 20 <-- 5.633428 s
currentSize : 27 <-- 5.637929 s

maxsize : 27
nodes : 1134361.000000
filtered : 25737657.000000
time : 5.662519
