Parameters: GAD=1 vflib=1 dir=0 label=0 lowerbound=1 fileNameGp=../graphsdb/mcs90/m3D/m3D/mcs90_m3D_s30.A80 fileNameGt=../graphsdb/mcs90/m3D/m3D/mcs90_m3D_s30.B80
Reading graphs...
30 :  61
30 :  61
Initializing...
maxdom : 30
D->valSize : 900
Solving...
currentSize : 14 <-- 0.010918 s
currentSize : 15 <-- 0.010935 s
currentSize : 16 <-- 0.010977 s
currentSize : 17 <-- 0.012254 s
currentSize : 18 <-- 0.013300 s
currentSize : 19 <-- 0.013790 s
currentSize : 20 <-- 0.013796 s
currentSize : 22 <-- 0.160945 s
currentSize : 24 <-- 0.232279 s
currentSize : 26 <-- 0.787715 s
currentSize : 27 <-- 0.857500 s

maxsize : 27
nodes : 164267.000000
filtered : 4650577.000000
time : 0.885119
