Parameters: GAD=1 vflib=1 dir=0 label=0 lowerbound=1 fileNameGp=../graphsdb/mcs90/bvg/b03m/mcs90_b03m_s30.A85 fileNameGt=../graphsdb/mcs90/bvg/b03m/mcs90_b03m_s30.B85
Reading graphs...
30 :  45
30 :  45
Initializing...
maxdom : 30
D->valSize : 900
Solving...
currentSize : 10 <-- 0.010971 s
currentSize : 15 <-- 0.011328 s
currentSize : 16 <-- 0.011344 s
currentSize : 17 <-- 0.016526 s
currentSize : 18 <-- 0.037054 s
currentSize : 19 <-- 0.275271 s
currentSize : 20 <-- 0.552765 s
currentSize : 21 <-- 0.715937 s
currentSize : 22 <-- 0.717859 s
currentSize : 23 <-- 1.038490 s
currentSize : 24 <-- 1.153632 s
currentSize : 25 <-- 1.456326 s
currentSize : 26 <-- 1.456356 s

maxsize : 26
nodes : 370439.000000
filtered : 5804882.000000
time : 1.504604
