Parameters: GAD=1 vflib=1 dir=0 label=0 lowerbound=1 fileNameGp=../graphsdb/mcs90/rand/r01/mcs90_r01_s30.A70 fileNameGt=../graphsdb/mcs90/rand/r01/mcs90_r01_s30.B70
Reading graphs...
30 :  82
30 :  82
Initializing...
maxdom : 30
D->valSize : 900
Solving...
currentSize : 16 <-- 0.010174 s
currentSize : 17 <-- 0.217857 s
currentSize : 18 <-- 0.410903 s
currentSize : 19 <-- 4.551857 s
currentSize : 21 <-- 7.819165 s
currentSize : 27 <-- 7.842441 s

maxsize : 27
nodes : 1597247.000000
filtered : 34488002.000000
time : 7.856924
