Parameters: GAD=1 vflib=1 dir=0 label=0 lowerbound=1 fileNameGp=../graphsdb/mcs90/m2D/m2D/mcs90_m2D_s30.A82 fileNameGt=../graphsdb/mcs90/m2D/m2D/mcs90_m2D_s30.B82
Reading graphs...
30 :  49
30 :  48
Initializing...
maxdom : 30
D->valSize : 900
Solving...
currentSize : 16 <-- 0.010980 s
currentSize : 17 <-- 0.011005 s
currentSize : 19 <-- 0.011053 s
currentSize : 20 <-- 0.021032 s
currentSize : 21 <-- 0.364102 s
currentSize : 22 <-- 0.368842 s
currentSize : 23 <-- 0.680064 s
currentSize : 25 <-- 0.881553 s
currentSize : 26 <-- 1.061054 s

maxsize : 26
nodes : 244445.000000
filtered : 5032219.000000
time : 1.195179
