Parameters: GAD=1 vflib=1 dir=0 label=0 lowerbound=1 fileNameGp=../graphsdb/mcs90/rand/r005/mcs90_r005_s35.A25 fileNameGt=../graphsdb/mcs90/rand/r005/mcs90_r005_s35.B25
Reading graphs...
35 :  58
35 :  58
Initializing...
maxdom : 35
D->valSize : 1225
Solving...
currentSize : 17 <-- 0.020817 s
currentSize : 18 <-- 0.021141 s
currentSize : 19 <-- 0.180049 s
currentSize : 20 <-- 0.193819 s
currentSize : 21 <-- 0.197518 s
currentSize : 22 <-- 3.710986 s
currentSize : 23 <-- 58.617359 s
currentSize : 24 <-- 67.803566 s
currentSize : 25 <-- 75.759529 s
currentSize : 26 <-- 84.669571 s
currentSize : 28 <-- 86.336151 s
currentSize : 29 <-- 86.336166 s
currentSize : 30 <-- 86.387070 s
currentSize : 31 <-- 86.387207 s

maxsize : 31
nodes : 20834442.000000
filtered : 279324226.000000
time : 86.484924
