Parameters: GAD=1 vflib=1 dir=0 label=0 lowerbound=1 fileNameGp=../graphsdb/mcs90/bvg/b09m/mcs90_b09m_s20.A93 fileNameGt=../graphsdb/mcs90/bvg/b09m/mcs90_b09m_s20.B93
Reading graphs...
20 :  85
20 :  84
Initializing...
maxdom : 20
D->valSize : 400
Solving...
currentSize : 8 <-- 0.001938 s
currentSize : 9 <-- 0.002245 s
currentSize : 10 <-- 0.002918 s
currentSize : 11 <-- 0.006529 s
currentSize : 12 <-- 0.050469 s
currentSize : 14 <-- 0.070716 s
currentSize : 18 <-- 0.070794 s

maxsize : 18
nodes : 21907.000000
filtered : 221836.000000
time : 0.072052
