Parameters: GAD=1 vflib=1 dir=0 label=0 lowerbound=1 fileNameGp=../graphsdb/mcs90/bvg/b06m/mcs90_b06m_s30.A58 fileNameGt=../graphsdb/mcs90/bvg/b06m/mcs90_b06m_s30.B58
Reading graphs...
30 :  86
30 :  88
Initializing...
maxdom : 30
D->valSize : 900
Solving...
currentSize : 11 <-- 0.017446 s
currentSize : 12 <-- 0.017960 s
currentSize : 13 <-- 0.018204 s
currentSize : 14 <-- 0.018376 s
currentSize : 15 <-- 0.021980 s
currentSize : 16 <-- 0.032250 s
currentSize : 17 <-- 0.268829 s
currentSize : 19 <-- 8.037761 s
currentSize : 20 <-- 9.145598 s
currentSize : 22 <-- 9.157236 s
currentSize : 27 <-- 9.453588 s

maxsize : 27
nodes : 1979035.000000
filtered : 42562016.000000
time : 9.474920
