Parameters: GAD=1 vflib=1 dir=0 label=0 lowerbound=1 fileNameGp=../graphsdb/mcs90/m2D/m2Dr4/mcs90_m2Dr4_s30.A07 fileNameGt=../graphsdb/mcs90/m2D/m2Dr4/mcs90_m2Dr4_s30.B07
Reading graphs...
30 :  61
30 :  60
Initializing...
maxdom : 30
D->valSize : 900
Solving...
currentSize : 16 <-- 0.018753 s
currentSize : 18 <-- 0.018809 s
currentSize : 19 <-- 0.040314 s
currentSize : 20 <-- 0.045076 s
currentSize : 21 <-- 3.777095 s
currentSize : 22 <-- 7.204963 s
currentSize : 23 <-- 10.755892 s
currentSize : 25 <-- 10.756875 s

maxsize : 25
nodes : 2064894.000000
filtered : 52392818.000000
time : 10.825108
