Parameters: GAD=1 vflib=1 dir=0 label=0 lowerbound=1 fileNameGp=../graphsdb/mcs90/rand/r02/mcs90_r02_s15.A51 fileNameGt=../graphsdb/mcs90/rand/r02/mcs90_r02_s15.B51
Reading graphs...
15 :  40
15 :  39
Initializing...
maxdom : 15
D->valSize : 225
Solving...
currentSize : 7 <-- 0.000895 s
currentSize : 8 <-- 0.000920 s
currentSize : 9 <-- 0.001374 s
currentSize : 10 <-- 0.005480 s
currentSize : 11 <-- 0.005576 s
currentSize : 13 <-- 0.006453 s

maxsize : 13
nodes : 2338.000000
filtered : 21236.000000
time : 0.007086
