Parameters: GAD=1 vflib=1 dir=0 label=0 lowerbound=1 fileNameGp=../graphsdb/mcs90/m2D/m2Dr6/mcs90_m2Dr6_s20.A41 fileNameGt=../graphsdb/mcs90/m2D/m2Dr6/mcs90_m2Dr6_s20.B41
Reading graphs...
20 :  41
20 :  41
Initializing...
maxdom : 20
D->valSize : 400
Solving...
currentSize : 7 <-- 0.002249 s
currentSize : 9 <-- 0.002269 s
currentSize : 12 <-- 0.002359 s
currentSize : 13 <-- 0.011613 s
currentSize : 14 <-- 0.086764 s
currentSize : 16 <-- 0.183282 s

maxsize : 16
nodes : 56180.000000
filtered : 812426.000000
time : 0.195306
