Parameters: GAD=1 vflib=1 dir=0 label=0 lowerbound=1 fileNameGp=../graphsdb/mcs90/rand/r01/mcs90_r01_s30.A27 fileNameGt=../graphsdb/mcs90/rand/r01/mcs90_r01_s30.B27
Reading graphs...
30 :  82
30 :  83
Initializing...
maxdom : 30
D->valSize : 900
Solving...
currentSize : 12 <-- 0.010474 s
currentSize : 13 <-- 0.010494 s
currentSize : 14 <-- 0.010826 s
currentSize : 15 <-- 0.010910 s
currentSize : 16 <-- 0.014030 s
currentSize : 17 <-- 0.313287 s
currentSize : 18 <-- 0.755219 s
currentSize : 19 <-- 0.827981 s
currentSize : 20 <-- 0.992981 s
currentSize : 27 <-- 1.001454 s

maxsize : 27
nodes : 253241.000000
filtered : 3132945.000000
time : 1.015320
