Parameters: GAD=1 vflib=1 dir=0 label=0 lowerbound=1 fileNameGp=../graphsdb/mcs90/m3D/m3Dr6/mcs90_m3Dr6_s30.A54 fileNameGt=../graphsdb/mcs90/m3D/m3Dr6/mcs90_m3Dr6_s30.B54
Reading graphs...
30 :  76
30 :  76
Initializing...
maxdom : 30
D->valSize : 900
Solving...
currentSize : 14 <-- 0.017958 s
currentSize : 15 <-- 0.018085 s
currentSize : 16 <-- 0.018395 s
currentSize : 17 <-- 0.027354 s
currentSize : 18 <-- 0.658254 s
currentSize : 19 <-- 4.389092 s
currentSize : 20 <-- 12.611177 s
currentSize : 21 <-- 13.670846 s
currentSize : 22 <-- 13.967054 s
currentSize : 27 <-- 14.410522 s

maxsize : 27
nodes : 3110732.000000
filtered : 60300410.000000
time : 14.442958
