Parameters: GAD=1 vflib=1 dir=0 label=0 lowerbound=1 fileNameGp=../graphsdb/mcs90/rand/r005/mcs90_r005_s20.A74 fileNameGt=../graphsdb/mcs90/rand/r005/mcs90_r005_s20.B74
Reading graphs...
20 :  21
20 :  21
Initializing...
maxdom : 20
D->valSize : 400
Solving...
currentSize : 8 <-- 0.002304 s
currentSize : 9 <-- 0.002936 s
currentSize : 10 <-- 0.002969 s
currentSize : 12 <-- 0.029019 s
currentSize : 15 <-- 0.029081 s
currentSize : 17 <-- 0.029741 s
currentSize : 18 <-- 0.029826 s

maxsize : 18
nodes : 16813.000000
filtered : 75980.000000
time : 0.031028
