Parameters: GAD=1 vflib=1 dir=0 label=0 lowerbound=1 fileNameGp=../graphsdb/mcs90/bvg/b03m/mcs90_b03m_s35.A15 fileNameGt=../graphsdb/mcs90/bvg/b03m/mcs90_b03m_s35.B15
Reading graphs...
35 :  52
35 :  52
Initializing...
maxdom : 35
D->valSize : 1225
Solving...
currentSize : 20 <-- 0.036479 s
currentSize : 21 <-- 0.037181 s
currentSize : 22 <-- 0.039513 s
currentSize : 23 <-- 0.056161 s
currentSize : 24 <-- 0.117114 s
currentSize : 25 <-- 0.349774 s
currentSize : 26 <-- 0.978779 s
currentSize : 27 <-- 0.979080 s
currentSize : 28 <-- 1.834769 s
currentSize : 29 <-- 3.983907 s
currentSize : 31 <-- 4.373946 s

maxsize : 31
nodes : 656005.000000
filtered : 18996347.000000
time : 4.487695
