Parameters: GAD=1 vflib=1 dir=0 label=0 lowerbound=1 fileNameGp=../graphsdb/mcs90/bvg/b03m/mcs90_b03m_s15.A88 fileNameGt=../graphsdb/mcs90/bvg/b03m/mcs90_b03m_s15.B88
Reading graphs...
15 :  22
15 :  22
Initializing...
maxdom : 15
D->valSize : 225
Solving...
currentSize : 7 <-- 0.000886 s
currentSize : 8 <-- 0.000907 s
currentSize : 9 <-- 0.001219 s
currentSize : 10 <-- 0.003226 s
currentSize : 11 <-- 0.004897 s
currentSize : 12 <-- 0.009800 s
currentSize : 13 <-- 0.010457 s

maxsize : 13
nodes : 3931.000000
filtered : 34355.000000
time : 0.010963
