Parameters: GAD=1 vflib=1 dir=0 label=0 lowerbound=1 fileNameGp=../graphsdb/mcs90/rand/r005/mcs90_r005_s30.A82 fileNameGt=../graphsdb/mcs90/rand/r005/mcs90_r005_s30.B82
Reading graphs...
30 :  42
30 :  42
Initializing...
maxdom : 30
D->valSize : 900
Solving...
currentSize : 13 <-- 0.011238 s
currentSize : 14 <-- 0.011331 s
currentSize : 15 <-- 0.011455 s
currentSize : 16 <-- 0.011652 s
currentSize : 17 <-- 0.013993 s
currentSize : 18 <-- 0.149110 s
currentSize : 19 <-- 1.360658 s
currentSize : 20 <-- 9.716659 s
currentSize : 21 <-- 11.317387 s
currentSize : 24 <-- 14.227606 s
currentSize : 25 <-- 15.181574 s
currentSize : 27 <-- 15.181700 s

maxsize : 27
nodes : 4331282.000000
filtered : 42917079.000000
time : 15.195414
