Parameters: GAD=1 vflib=1 dir=0 label=0 lowerbound=1 fileNameGp=../graphsdb/mcs90/bvg/b03m/mcs90_b03m_s25.A33 fileNameGt=../graphsdb/mcs90/bvg/b03m/mcs90_b03m_s25.B33
Reading graphs...
25 :  37
25 :  37
Initializing...
maxdom : 25
D->valSize : 625
Solving...
currentSize : 11 <-- 0.005259 s
currentSize : 12 <-- 0.005306 s
currentSize : 13 <-- 0.005326 s
currentSize : 14 <-- 0.005588 s
currentSize : 15 <-- 0.005606 s
currentSize : 16 <-- 0.005890 s
currentSize : 17 <-- 0.023862 s
currentSize : 18 <-- 0.226713 s
currentSize : 19 <-- 0.504907 s
currentSize : 21 <-- 0.656586 s
currentSize : 22 <-- 0.656720 s

maxsize : 22
nodes : 174179.000000
filtered : 2561300.000000
time : 0.677209
