Parameters: GAD=1 vflib=1 dir=0 label=0 lowerbound=1 fileNameGp=../graphsdb/mcs90/m3D/m3Dr4/mcs90_m3Dr4_s30.A87 fileNameGt=../graphsdb/mcs90/m3D/m3Dr4/mcs90_m3Dr4_s30.B87
Reading graphs...
30 :  69
30 :  70
Initializing...
maxdom : 30
D->valSize : 900
Solving...
currentSize : 19 <-- 0.018129 s
currentSize : 20 <-- 0.168716 s
currentSize : 21 <-- 0.171515 s
currentSize : 22 <-- 0.709335 s
currentSize : 23 <-- 3.460686 s
currentSize : 27 <-- 3.462245 s

maxsize : 27
nodes : 608064.000000
filtered : 16823994.000000
time : 3.505042
