Parameters: GAD=1 vflib=1 dir=0 label=0 lowerbound=1 fileNameGp=../graphsdb/mcs90/bvg/b03/mcs90_b03_s35.A17 fileNameGt=../graphsdb/mcs90/bvg/b03/mcs90_b03_s35.B17
Reading graphs...
35 :  52
35 :  52
Initializing...
maxdom : 35
D->valSize : 1225
Solving...
currentSize : 25 <-- 0.020960 s
currentSize : 26 <-- 0.021024 s
currentSize : 27 <-- 0.021376 s
currentSize : 30 <-- 0.027966 s
currentSize : 31 <-- 0.094318 s
currentSize : 32 <-- 0.094518 s

maxsize : 32
nodes : 22537.000000
filtered : 786460.000000
time : 0.193151
