Parameters: GAD=1 vflib=1 dir=0 label=0 lowerbound=1 fileNameGp=../graphsdb/mcs90/bvg/b09/mcs90_b09_s30.A17 fileNameGt=../graphsdb/mcs90/bvg/b09/mcs90_b09_s30.B17
Reading graphs...
30 :  134
30 :  135
Initializing...
maxdom : 30
D->valSize : 900
Solving...
currentSize : 12 <-- 0.009764 s
currentSize : 13 <-- 0.009804 s
currentSize : 14 <-- 0.009887 s
currentSize : 15 <-- 0.010294 s
currentSize : 16 <-- 0.010608 s
currentSize : 19 <-- 0.011110 s
currentSize : 20 <-- 0.011183 s
currentSize : 22 <-- 0.011285 s
currentSize : 26 <-- 0.022136 s

maxsize : 26
nodes : 21160.000000
filtered : 1171011.000000
time : 0.163577
