Parameters: GAD=1 vflib=1 dir=0 label=0 lowerbound=1 fileNameGp=../graphsdb/mcs90/rand/r01/mcs90_r01_s15.A33 fileNameGt=../graphsdb/mcs90/rand/r01/mcs90_r01_s15.B33
Reading graphs...
15 :  19
15 :  18
Initializing...
maxdom : 15
D->valSize : 225
Solving...
currentSize : 6 <-- 0.000887 s
currentSize : 7 <-- 0.000899 s
currentSize : 8 <-- 0.000986 s
currentSize : 10 <-- 0.001313 s
currentSize : 11 <-- 0.003060 s
currentSize : 12 <-- 0.004699 s
currentSize : 13 <-- 0.005998 s

maxsize : 13
nodes : 1959.000000
filtered : 24612.000000
time : 0.006204
