Parameters: GAD=1 vflib=1 dir=0 label=0 lowerbound=1 fileNameGp=../graphsdb/mcs90/m4D/m4Dr6/mcs90_m4Dr6_s20.A79 fileNameGt=../graphsdb/mcs90/m4D/m4Dr6/mcs90_m4Dr6_s20.B79
Reading graphs...
20 :  48
20 :  47
Initializing...
maxdom : 20
D->valSize : 400
Solving...
currentSize : 7 <-- 0.002157 s
currentSize : 8 <-- 0.002203 s
currentSize : 9 <-- 0.002244 s
currentSize : 10 <-- 0.004074 s
currentSize : 11 <-- 0.004392 s
currentSize : 12 <-- 0.004731 s
currentSize : 13 <-- 0.050174 s
currentSize : 14 <-- 0.088236 s
currentSize : 16 <-- 0.088299 s

maxsize : 16
nodes : 29145.000000
filtered : 435144.000000
time : 0.104469
