Parameters: GAD=1 vflib=1 dir=0 label=0 lowerbound=1 fileNameGp=../graphsdb/mcs90/bvg/b06m/mcs90_b06m_s35.A27 fileNameGt=../graphsdb/mcs90/bvg/b06m/mcs90_b06m_s35.B27
Reading graphs...
35 :  101
35 :  101
Initializing...
maxdom : 35
D->valSize : 1225
Solving...
currentSize : 16 <-- 0.033805 s
currentSize : 17 <-- 0.033945 s
currentSize : 18 <-- 0.040611 s
currentSize : 19 <-- 0.081663 s
currentSize : 20 <-- 0.136717 s
currentSize : 21 <-- 0.173967 s
currentSize : 22 <-- 0.343882 s
currentSize : 23 <-- 0.355885 s
currentSize : 25 <-- 0.935862 s
currentSize : 26 <-- 1.181820 s
currentSize : 28 <-- 3.250650 s
currentSize : 31 <-- 3.598211 s

maxsize : 31
nodes : 466934.000000
filtered : 22894720.000000
time : 3.644779
