Parameters: GAD=1 vflib=1 dir=0 label=0 lowerbound=1 fileNameGp=../graphsdb/mcs90/bvg/b03m/mcs90_b03m_s35.A02 fileNameGt=../graphsdb/mcs90/bvg/b03m/mcs90_b03m_s35.B02
Reading graphs...
35 :  51
35 :  51
Initializing...
maxdom : 35
D->valSize : 1225
Solving...
currentSize : 14 <-- 0.026619 s
currentSize : 17 <-- 0.026654 s
currentSize : 20 <-- 0.026743 s
currentSize : 21 <-- 0.027336 s
currentSize : 22 <-- 0.038604 s
currentSize : 23 <-- 0.415924 s
currentSize : 24 <-- 1.542116 s
currentSize : 25 <-- 10.500760 s
currentSize : 26 <-- 66.923859 s
currentSize : 27 <-- 69.949112 s
currentSize : 28 <-- 70.995743 s
currentSize : 29 <-- 70.996140 s
currentSize : 30 <-- 70.996269 s

maxsize : 30
nodes : 14562387.000000
filtered : 274737742.000000
time : 71.929504
