Parameters: GAD=1 vflib=1 dir=0 label=0 lowerbound=1 fileNameGp=../graphsdb/mcs90/rand/r02/mcs90_r02_s25.A48 fileNameGt=../graphsdb/mcs90/rand/r02/mcs90_r02_s25.B48
Reading graphs...
25 :  102
25 :  104
Initializing...
maxdom : 25
D->valSize : 625
Solving...
currentSize : 10 <-- 0.004566 s
currentSize : 11 <-- 0.004799 s
currentSize : 12 <-- 0.009087 s
currentSize : 13 <-- 0.017408 s
currentSize : 14 <-- 0.376989 s
currentSize : 22 <-- 1.996556 s

maxsize : 22
nodes : 522012.000000
filtered : 6753943.000000
time : 2.009660
