Parameters: GAD=1 vflib=1 dir=0 label=0 lowerbound=1 fileNameGp=../graphsdb/mcs90/rand/r02/mcs90_r02_s20.A01 fileNameGt=../graphsdb/mcs90/rand/r02/mcs90_r02_s20.B01
Reading graphs...
20 :  70
20 :  70
Initializing...
maxdom : 20
D->valSize : 400
Solving...
currentSize : 9 <-- 0.001984 s
currentSize : 10 <-- 0.002377 s
currentSize : 11 <-- 0.010125 s
currentSize : 12 <-- 0.053012 s
currentSize : 14 <-- 0.053210 s
currentSize : 18 <-- 0.064179 s

maxsize : 18
nodes : 19731.000000
filtered : 227590.000000
time : 0.066535
