Parameters: GAD=1 vflib=1 dir=0 label=0 lowerbound=1 fileNameGp=../graphsdb/mcs90/rand/r01/mcs90_r01_s20.A32 fileNameGt=../graphsdb/mcs90/rand/r01/mcs90_r01_s20.B32
Reading graphs...
20 :  37
20 :  37
Initializing...
maxdom : 20
D->valSize : 400
Solving...
currentSize : 9 <-- 0.002139 s
currentSize : 10 <-- 0.002367 s
currentSize : 11 <-- 0.003948 s
currentSize : 12 <-- 0.006578 s
currentSize : 13 <-- 0.080690 s
currentSize : 14 <-- 0.081487 s
currentSize : 15 <-- 0.086881 s
currentSize : 16 <-- 0.088052 s
currentSize : 17 <-- 0.088299 s
currentSize : 18 <-- 0.090260 s

maxsize : 18
nodes : 30424.000000
filtered : 327222.000000
time : 0.091023
