Parameters: GAD=1 vflib=1 dir=0 label=0 lowerbound=1 fileNameGp=../graphsdb/mcs90/bvg/b09m/mcs90_b09m_s30.A81 fileNameGt=../graphsdb/mcs90/bvg/b09m/mcs90_b09m_s30.B81
Reading graphs...
30 :  130
30 :  127
Initializing...
maxdom : 30
D->valSize : 900
Solving...
currentSize : 10 <-- 0.009539 s
currentSize : 11 <-- 0.009567 s
currentSize : 12 <-- 0.009637 s
currentSize : 13 <-- 0.012486 s
currentSize : 14 <-- 0.219521 s
currentSize : 15 <-- 3.782821 s
currentSize : 16 <-- 5.841402 s
currentSize : 17 <-- 6.656111 s
currentSize : 20 <-- 6.656648 s
currentSize : 26 <-- 7.907967 s

maxsize : 26
nodes : 1871964.000000
filtered : 28048535.000000
time : 7.968921
