Parameters: GAD=1 vflib=1 dir=0 label=0 lowerbound=1 fileNameGp=../graphsdb/mcs90/bvg/b03/mcs90_b03_s20.A87 fileNameGt=../graphsdb/mcs90/bvg/b03/mcs90_b03_s20.B87
Reading graphs...
20 :  30
20 :  30
Initializing...
maxdom : 20
D->valSize : 400
Solving...
currentSize : 14 <-- 0.002241 s
currentSize : 15 <-- 0.002414 s
currentSize : 16 <-- 0.002453 s
currentSize : 17 <-- 0.002515 s
currentSize : 18 <-- 0.002669 s
currentSize : 19 <-- 0.005613 s

maxsize : 19
nodes : 1010.000000
filtered : 19611.000000
time : 0.005943
