Parameters: GAD=1 vflib=1 dir=0 label=0 lowerbound=1 fileNameGp=../graphsdb/mcs90/m2D/m2Dr4/mcs90_m2Dr4_s30.A21 fileNameGt=../graphsdb/mcs90/m2D/m2Dr4/mcs90_m2Dr4_s30.B21
Reading graphs...
30 :  60
30 :  59
Initializing...
maxdom : 30
D->valSize : 900
Solving...
currentSize : 15 <-- 0.018616 s
currentSize : 16 <-- 0.018868 s
currentSize : 17 <-- 0.024317 s
currentSize : 18 <-- 0.053396 s
currentSize : 19 <-- 0.279164 s
currentSize : 20 <-- 11.704926 s
currentSize : 21 <-- 11.990955 s
currentSize : 22 <-- 12.014551 s
currentSize : 23 <-- 12.501015 s
currentSize : 25 <-- 12.501542 s

maxsize : 25
nodes : 2936272.000000
filtered : 51135369.000000
time : 12.826028
