Parameters: GAD=1 vflib=1 dir=0 label=0 lowerbound=1 fileNameGp=../graphsdb/mcs90/m3D/m3Dr4/mcs90_m3Dr4_s30.A98 fileNameGt=../graphsdb/mcs90/m3D/m3Dr4/mcs90_m3Dr4_s30.B98
Reading graphs...
30 :  73
30 :  71
Initializing...
maxdom : 30
D->valSize : 900
Solving...
currentSize : 12 <-- 0.010211 s
currentSize : 13 <-- 0.010236 s
currentSize : 14 <-- 0.010677 s
currentSize : 16 <-- 0.013078 s
currentSize : 17 <-- 0.016797 s
currentSize : 18 <-- 0.107238 s
currentSize : 19 <-- 0.154093 s
currentSize : 20 <-- 0.165771 s
currentSize : 21 <-- 0.424577 s
currentSize : 22 <-- 0.432683 s
currentSize : 24 <-- 0.436450 s
currentSize : 27 <-- 0.436520 s

maxsize : 27
nodes : 99472.000000
filtered : 1987539.000000
time : 0.475731
