Parameters: GAD=1 vflib=1 dir=0 label=0 lowerbound=1 fileNameGp=../graphsdb/mcs90/rand/r005/mcs90_r005_s35.A29 fileNameGt=../graphsdb/mcs90/rand/r005/mcs90_r005_s35.B29
Reading graphs...
35 :  58
35 :  58
Initializing...
maxdom : 35
D->valSize : 1225
Solving...
currentSize : 18 <-- 0.035731 s
currentSize : 19 <-- 0.035766 s
currentSize : 20 <-- 0.044714 s
currentSize : 21 <-- 0.224818 s
currentSize : 22 <-- 0.439290 s
currentSize : 23 <-- 0.549736 s
currentSize : 24 <-- 3.742992 s
currentSize : 25 <-- 30.057800 s
currentSize : 26 <-- 30.094633 s
currentSize : 27 <-- 35.113655 s
currentSize : 28 <-- 35.117481 s
currentSize : 29 <-- 35.117672 s
currentSize : 31 <-- 35.117767 s

maxsize : 31
nodes : 7018020.000000
filtered : 139952505.000000
time : 35.245441
