Parameters: GAD=1 vflib=1 dir=0 label=0 lowerbound=1 fileNameGp=../graphsdb/mcs90/rand/r005/mcs90_r005_s35.A60 fileNameGt=../graphsdb/mcs90/rand/r005/mcs90_r005_s35.B60
Reading graphs...
35 :  58
35 :  58
Initializing...
maxdom : 35
D->valSize : 1225
Solving...
currentSize : 17 <-- 0.020766 s
currentSize : 18 <-- 0.020899 s
currentSize : 19 <-- 0.022091 s
currentSize : 20 <-- 0.022664 s
currentSize : 21 <-- 0.035414 s
currentSize : 22 <-- 0.709251 s
currentSize : 23 <-- 6.349917 s
currentSize : 24 <-- 18.864710 s
currentSize : 25 <-- 18.864750 s
currentSize : 26 <-- 25.907627 s
currentSize : 27 <-- 27.038755 s
currentSize : 28 <-- 27.832848 s
currentSize : 29 <-- 27.847794 s
currentSize : 31 <-- 27.848492 s

maxsize : 31
nodes : 5915345.000000
filtered : 101202481.000000
time : 27.912901
