Parameters: GAD=1 vflib=1 dir=0 label=0 lowerbound=1 fileNameGp=../graphsdb/mcs90/bvg/b09/mcs90_b09_s30.A71 fileNameGt=../graphsdb/mcs90/bvg/b09/mcs90_b09_s30.B71
Reading graphs...
30 :  134
30 :  134
Initializing...
maxdom : 30
D->valSize : 900
Solving...
currentSize : 12 <-- 0.009322 s
currentSize : 13 <-- 0.009742 s
currentSize : 15 <-- 0.017286 s
currentSize : 16 <-- 0.027480 s
currentSize : 17 <-- 0.043770 s
currentSize : 19 <-- 0.046366 s
currentSize : 21 <-- 0.051698 s
currentSize : 22 <-- 0.051763 s
currentSize : 26 <-- 0.064596 s

maxsize : 26
nodes : 24425.000000
filtered : 995299.000000
time : 0.159296
