Parameters: GAD=1 vflib=1 dir=0 label=0 lowerbound=1 fileNameGp=../graphsdb/mcs90/bvg/b06m/mcs90_b06m_s30.A52 fileNameGt=../graphsdb/mcs90/bvg/b06m/mcs90_b06m_s30.B52
Reading graphs...
30 :  88
30 :  87
Initializing...
maxdom : 30
D->valSize : 900
Solving...
currentSize : 10 <-- 0.017543 s
currentSize : 14 <-- 0.017583 s
currentSize : 15 <-- 0.017608 s
currentSize : 16 <-- 0.017743 s
currentSize : 17 <-- 0.018764 s
currentSize : 18 <-- 5.061759 s
currentSize : 19 <-- 7.831944 s
currentSize : 20 <-- 8.210167 s
currentSize : 21 <-- 9.146028 s
currentSize : 27 <-- 9.499863 s

maxsize : 27
nodes : 2031012.000000
filtered : 43212345.000000
time : 9.519644
