Parameters: GAD=1 vflib=1 dir=0 label=0 lowerbound=1 fileNameGp=../graphsdb/mcs90/bvg/b09m/mcs90_b09m_s25.A80 fileNameGt=../graphsdb/mcs90/bvg/b09m/mcs90_b09m_s25.B80
Reading graphs...
25 :  107
25 :  108
Initializing...
maxdom : 25
D->valSize : 625
Solving...
currentSize : 7 <-- 0.004526 s
currentSize : 8 <-- 0.004548 s
currentSize : 9 <-- 0.004557 s
currentSize : 10 <-- 0.004687 s
currentSize : 11 <-- 0.006042 s
currentSize : 12 <-- 0.010279 s
currentSize : 14 <-- 0.845360 s
currentSize : 15 <-- 0.891315 s
currentSize : 17 <-- 1.123825 s
currentSize : 22 <-- 1.129578 s

maxsize : 22
nodes : 311287.000000
filtered : 3688441.000000
time : 1.154191
