Parameters: GAD=1 vflib=1 dir=0 label=0 lowerbound=1 fileNameGp=../graphsdb/mcs90/m2D/m2D/mcs90_m2D_s30.A06 fileNameGt=../graphsdb/mcs90/m2D/m2D/mcs90_m2D_s30.B06
Reading graphs...
30 :  49
30 :  49
Initializing...
maxdom : 30
D->valSize : 900
Solving...
currentSize : 17 <-- 0.010971 s
currentSize : 18 <-- 0.013743 s
currentSize : 19 <-- 0.035189 s
currentSize : 20 <-- 0.062649 s
currentSize : 21 <-- 0.068920 s
currentSize : 22 <-- 0.069337 s
currentSize : 23 <-- 2.228356 s
currentSize : 24 <-- 4.196726 s
currentSize : 25 <-- 4.197484 s

maxsize : 25
nodes : 950309.000000
filtered : 22163038.000000
time : 4.792957
