Parameters: GAD=1 vflib=1 dir=0 label=0 lowerbound=1 fileNameGp=../graphsdb/mcs90/bvg/b06/mcs90_b06_s35.A58 fileNameGt=../graphsdb/mcs90/bvg/b06/mcs90_b06_s35.B58
Reading graphs...
35 :  105
35 :  105
Initializing...
maxdom : 35
D->valSize : 1225
Solving...
currentSize : 19 <-- 0.032919 s
currentSize : 20 <-- 0.032994 s
currentSize : 21 <-- 0.046650 s
currentSize : 22 <-- 0.047376 s
currentSize : 23 <-- 0.050295 s
currentSize : 24 <-- 0.083138 s
currentSize : 25 <-- 0.106546 s
currentSize : 26 <-- 0.143074 s
currentSize : 27 <-- 0.147698 s
currentSize : 29 <-- 0.147795 s
currentSize : 30 <-- 0.147821 s
currentSize : 31 <-- 0.148532 s

maxsize : 31
nodes : 30419.000000
filtered : 1194456.000000
time : 0.375966
