Parameters: GAD=1 vflib=1 dir=0 label=0 lowerbound=1 fileNameGp=../graphsdb/mcs90/m2D/m2Dr6/mcs90_m2Dr6_s20.A51 fileNameGt=../graphsdb/mcs90/m2D/m2Dr6/mcs90_m2Dr6_s20.B51
Reading graphs...
20 :  40
20 :  40
Initializing...
maxdom : 20
D->valSize : 400
Solving...
currentSize : 10 <-- 0.002254 s
currentSize : 11 <-- 0.002302 s
currentSize : 12 <-- 0.002374 s
currentSize : 13 <-- 0.010241 s
currentSize : 15 <-- 0.149169 s
currentSize : 16 <-- 0.149193 s

maxsize : 16
nodes : 49981.000000
filtered : 643323.000000
time : 0.168203
