Parameters: GAD=1 vflib=1 dir=0 label=0 lowerbound=1 fileNameGp=../graphsdb/mcs90/rand/r005/mcs90_r005_s30.A51 fileNameGt=../graphsdb/mcs90/rand/r005/mcs90_r005_s30.B51
Reading graphs...
30 :  41
30 :  40
Initializing...
maxdom : 30
D->valSize : 900
Solving...
currentSize : 11 <-- 0.011045 s
currentSize : 14 <-- 0.011120 s
currentSize : 15 <-- 0.011129 s
currentSize : 16 <-- 0.017233 s
currentSize : 17 <-- 0.020138 s
currentSize : 18 <-- 0.021275 s
currentSize : 19 <-- 0.069148 s
currentSize : 20 <-- 1.401069 s
currentSize : 21 <-- 2.149707 s
currentSize : 22 <-- 5.354812 s
currentSize : 23 <-- 18.404024 s
currentSize : 24 <-- 18.675426 s
currentSize : 25 <-- 18.948084 s
currentSize : 27 <-- 19.051943 s

maxsize : 27
nodes : 4583791.000000
filtered : 66552782.000000
time : 19.054173
