Parameters: GAD=1 vflib=1 dir=0 label=0 lowerbound=1 fileNameGp=../graphsdb/mcs90/rand/r005/mcs90_r005_s25.A42 fileNameGt=../graphsdb/mcs90/rand/r005/mcs90_r005_s25.B42
Reading graphs...
25 :  29
25 :  29
Initializing...
maxdom : 25
D->valSize : 625
Solving...
currentSize : 13 <-- 0.005488 s
currentSize : 17 <-- 0.005717 s
currentSize : 18 <-- 0.006533 s
currentSize : 19 <-- 0.236173 s
currentSize : 21 <-- 0.274821 s
currentSize : 22 <-- 0.275436 s

maxsize : 22
nodes : 113773.000000
filtered : 579956.000000
time : 0.283109
