Parameters: GAD=1 vflib=1 dir=0 label=0 lowerbound=1 fileNameGp=../graphsdb/mcs90/bvg/b03m/mcs90_b03m_s35.A35 fileNameGt=../graphsdb/mcs90/bvg/b03m/mcs90_b03m_s35.B35
Reading graphs...
35 :  52
35 :  52
Initializing...
maxdom : 35
D->valSize : 1225
Solving...
currentSize : 17 <-- 0.020953 s
currentSize : 19 <-- 0.021042 s
currentSize : 20 <-- 0.024097 s
currentSize : 21 <-- 0.024477 s
currentSize : 22 <-- 0.024617 s
currentSize : 23 <-- 0.025171 s
currentSize : 24 <-- 0.029879 s
currentSize : 25 <-- 0.362992 s
currentSize : 26 <-- 0.365744 s
currentSize : 27 <-- 1.991188 s
currentSize : 28 <-- 2.840801 s
currentSize : 30 <-- 2.945992 s

maxsize : 30
nodes : 615517.000000
filtered : 16191780.000000
time : 3.699070
