Parameters: GAD=1 vflib=1 dir=0 label=0 lowerbound=1 fileNameGp=../graphsdb/mcs90/m2D/m2Dr4/mcs90_m2Dr4_s20.A97 fileNameGt=../graphsdb/mcs90/m2D/m2Dr4/mcs90_m2Dr4_s20.B97
Reading graphs...
20 :  36
20 :  36
Initializing...
maxdom : 20
D->valSize : 400
Solving...
currentSize : 9 <-- 0.002223 s
currentSize : 10 <-- 0.002373 s
currentSize : 11 <-- 0.002382 s
currentSize : 12 <-- 0.002403 s
currentSize : 13 <-- 0.002521 s
currentSize : 14 <-- 0.003576 s
currentSize : 16 <-- 0.020964 s

maxsize : 16
nodes : 11058.000000
filtered : 233939.000000
time : 0.045019
