Parameters: GAD=1 vflib=1 dir=0 label=0 lowerbound=1 fileNameGp=../graphsdb/mcs90/bvg/b09m/mcs90_b09m_s25.A39 fileNameGt=../graphsdb/mcs90/bvg/b09m/mcs90_b09m_s25.B39
Reading graphs...
25 :  103
25 :  105
Initializing...
maxdom : 25
D->valSize : 625
Solving...
currentSize : 9 <-- 0.004514 s
currentSize : 10 <-- 0.004572 s
currentSize : 11 <-- 0.004861 s
currentSize : 12 <-- 0.022900 s
currentSize : 13 <-- 1.404875 s
currentSize : 14 <-- 2.508357 s
currentSize : 15 <-- 2.521175 s
currentSize : 22 <-- 2.522350 s

maxsize : 22
nodes : 685649.000000
filtered : 7956791.000000
time : 2.539385
