Parameters: GAD=1 vflib=1 dir=0 label=0 lowerbound=1 fileNameGp=../graphsdb/mcs90/m2D/m2D/mcs90_m2D_s20.A58 fileNameGt=../graphsdb/mcs90/m2D/m2D/mcs90_m2D_s20.B58
Reading graphs...
20 :  31
20 :  31
Initializing...
maxdom : 20
D->valSize : 400
Solving...
currentSize : 12 <-- 0.002214 s
currentSize : 13 <-- 0.002233 s
currentSize : 14 <-- 0.002657 s
currentSize : 15 <-- 0.003051 s
currentSize : 16 <-- 0.018708 s
currentSize : 17 <-- 0.028810 s

maxsize : 17
nodes : 13026.000000
filtered : 180377.000000
time : 0.043666
