Parameters: GAD=1 vflib=1 dir=0 label=0 lowerbound=1 fileNameGp=../graphsdb/mcs90/bvg/b09/mcs90_b09_s25.A90 fileNameGt=../graphsdb/mcs90/bvg/b09/mcs90_b09_s25.B90
Reading graphs...
25 :  111
25 :  111
Initializing...
maxdom : 25
D->valSize : 625
Solving...
currentSize : 10 <-- 0.004482 s
currentSize : 11 <-- 0.004514 s
currentSize : 12 <-- 0.004552 s
currentSize : 14 <-- 0.004571 s
currentSize : 15 <-- 0.004610 s
currentSize : 18 <-- 0.004737 s
currentSize : 22 <-- 0.005588 s
currentSize : 23 <-- 0.029468 s

maxsize : 23
nodes : 4579.000000
filtered : 200589.000000
time : 0.031958
