Parameters: GAD=1 vflib=1 dir=0 label=0 lowerbound=1 fileNameGp=../graphsdb/mcs90/rand/r01/mcs90_r01_s25.A06 fileNameGt=../graphsdb/mcs90/rand/r01/mcs90_r01_s25.B06
Reading graphs...
25 :  56
25 :  54
Initializing...
maxdom : 25
D->valSize : 625
Solving...
currentSize : 10 <-- 0.005002 s
currentSize : 13 <-- 0.005089 s
currentSize : 14 <-- 0.006131 s
currentSize : 16 <-- 0.007057 s
currentSize : 18 <-- 1.048364 s
currentSize : 22 <-- 1.049338 s

maxsize : 22
nodes : 274340.000000
filtered : 4080622.000000
time : 1.055013
