Parameters: GAD=1 vflib=1 dir=0 label=0 lowerbound=1 fileNameGp=../graphsdb/mcs90/m2D/m2Dr4/mcs90_m2Dr4_s30.A63 fileNameGt=../graphsdb/mcs90/m2D/m2Dr4/mcs90_m2Dr4_s30.B63
Reading graphs...
30 :  61
30 :  61
Initializing...
maxdom : 30
D->valSize : 900
Solving...
currentSize : 12 <-- 0.010739 s
currentSize : 13 <-- 0.010761 s
currentSize : 14 <-- 0.010799 s
currentSize : 15 <-- 0.011366 s
currentSize : 16 <-- 0.014829 s
currentSize : 18 <-- 0.018366 s
currentSize : 19 <-- 0.640061 s
currentSize : 20 <-- 5.280809 s
currentSize : 22 <-- 7.263663 s
currentSize : 25 <-- 7.263817 s

maxsize : 25
nodes : 1738023.000000
filtered : 30610498.000000
time : 7.696493
