Parameters: GAD=1 vflib=1 dir=0 label=0 lowerbound=1 fileNameGp=../graphsdb/mcs90/bvg/b09m/mcs90_b09m_s30.A86 fileNameGt=../graphsdb/mcs90/bvg/b09m/mcs90_b09m_s30.B86
Reading graphs...
30 :  133
30 :  132
Initializing...
maxdom : 30
D->valSize : 900
Solving...
currentSize : 9 <-- 0.016283 s
currentSize : 10 <-- 0.016351 s
currentSize : 11 <-- 0.016930 s
currentSize : 12 <-- 0.017544 s
currentSize : 13 <-- 0.067616 s
currentSize : 14 <-- 0.741457 s
currentSize : 15 <-- 0.744972 s
currentSize : 16 <-- 0.812721 s
currentSize : 17 <-- 2.296450 s
currentSize : 18 <-- 9.845159 s
currentSize : 26 <-- 9.845437 s

maxsize : 26
nodes : 2039060.000000
filtered : 39551897.000000
time : 9.900326
