Parameters: GAD=1 vflib=1 dir=0 label=0 lowerbound=1 fileNameGp=../graphsdb/mcs90/m4D/m4Dr6/mcs90_m4Dr6_s20.A95 fileNameGt=../graphsdb/mcs90/m4D/m4Dr6/mcs90_m4Dr6_s20.B95
Reading graphs...
20 :  47
20 :  45
Initializing...
maxdom : 20
D->valSize : 400
Solving...
currentSize : 9 <-- 0.002160 s
currentSize : 11 <-- 0.002210 s
currentSize : 12 <-- 0.003166 s
currentSize : 13 <-- 0.003209 s
currentSize : 14 <-- 0.004257 s
currentSize : 15 <-- 0.005815 s
currentSize : 16 <-- 0.006375 s

maxsize : 16
nodes : 5687.000000
filtered : 157716.000000
time : 0.026461
