Parameters: GAD=1 vflib=1 dir=0 label=0 lowerbound=1 fileNameGp=../graphsdb/mcs90/rand/r02/mcs90_r02_s25.A39 fileNameGt=../graphsdb/mcs90/rand/r02/mcs90_r02_s25.B39
Reading graphs...
25 :  109
25 :  109
Initializing...
maxdom : 25
D->valSize : 625
Solving...
currentSize : 10 <-- 0.004890 s
currentSize : 11 <-- 0.006489 s
currentSize : 12 <-- 0.063357 s
currentSize : 13 <-- 0.243994 s
currentSize : 14 <-- 0.244447 s
currentSize : 15 <-- 2.413815 s
currentSize : 22 <-- 2.503188 s

maxsize : 22
nodes : 670557.000000
filtered : 8542773.000000
time : 2.515961
