Parameters: GAD=1 vflib=1 dir=0 label=0 lowerbound=1 fileNameGp=../graphsdb/mcs90/m2D/m2Dr4/mcs90_m2Dr4_s30.A77 fileNameGt=../graphsdb/mcs90/m2D/m2Dr4/mcs90_m2Dr4_s30.B77
Reading graphs...
30 :  60
30 :  60
Initializing...
maxdom : 30
D->valSize : 900
Solving...
currentSize : 15 <-- 0.018605 s
currentSize : 16 <-- 0.018670 s
currentSize : 19 <-- 0.020922 s
currentSize : 20 <-- 0.240623 s
currentSize : 21 <-- 0.581907 s
currentSize : 25 <-- 6.697050 s

maxsize : 25
nodes : 1349052.000000
filtered : 34072286.000000
time : 7.052031
