Parameters: GAD=1 vflib=1 dir=0 label=0 lowerbound=1 fileNameGp=../graphsdb/mcs90/bvg/b09/mcs90_b09_s35.A92 fileNameGt=../graphsdb/mcs90/bvg/b09/mcs90_b09_s35.B92
Reading graphs...
35 :  156
35 :  157
Initializing...
maxdom : 35
D->valSize : 1225
Solving...
currentSize : 14 <-- 0.018114 s
currentSize : 15 <-- 0.021559 s
currentSize : 16 <-- 0.035657 s
currentSize : 17 <-- 0.156214 s
currentSize : 18 <-- 0.156444 s
currentSize : 19 <-- 0.259847 s
currentSize : 20 <-- 0.259911 s
currentSize : 21 <-- 0.260148 s
currentSize : 22 <-- 0.260209 s
currentSize : 23 <-- 0.260332 s
currentSize : 24 <-- 0.260454 s
currentSize : 26 <-- 0.260756 s
currentSize : 30 <-- 0.279763 s

maxsize : 30
nodes : 119551.000000
filtered : 5087353.000000
time : 0.830263
