Parameters: GAD=1 vflib=1 dir=0 label=0 lowerbound=1 fileNameGp=../graphsdb/mcs90/bvg/b09m/mcs90_b09m_s25.A76 fileNameGt=../graphsdb/mcs90/bvg/b09m/mcs90_b09m_s25.B76
Reading graphs...
25 :  105
25 :  105
Initializing...
maxdom : 25
D->valSize : 625
Solving...
currentSize : 10 <-- 0.004583 s
currentSize : 11 <-- 0.005280 s
currentSize : 12 <-- 0.020891 s
currentSize : 13 <-- 0.233716 s
currentSize : 14 <-- 0.704817 s
currentSize : 16 <-- 0.771623 s
currentSize : 17 <-- 1.233751 s
currentSize : 22 <-- 1.241693 s

maxsize : 22
nodes : 326328.000000
filtered : 4459953.000000
time : 1.251994
