Parameters: GAD=1 vflib=1 dir=0 label=0 lowerbound=1 fileNameGp=../graphsdb/mcs90/bvg/b03m/mcs90_b03m_s25.A50 fileNameGt=../graphsdb/mcs90/bvg/b03m/mcs90_b03m_s25.B50
Reading graphs...
25 :  37
25 :  36
Initializing...
maxdom : 25
D->valSize : 625
Solving...
currentSize : 12 <-- 0.009067 s
currentSize : 13 <-- 0.011237 s
currentSize : 15 <-- 0.011258 s
currentSize : 16 <-- 0.015211 s
currentSize : 17 <-- 0.074012 s
currentSize : 18 <-- 0.074046 s
currentSize : 19 <-- 0.271789 s
currentSize : 20 <-- 0.272497 s
currentSize : 22 <-- 0.274533 s

maxsize : 22
nodes : 74203.000000
filtered : 1057896.000000
time : 0.295493
