Parameters: GAD=1 vflib=1 dir=0 label=0 lowerbound=1 fileNameGp=../graphsdb/mcs90/bvg/b03m/mcs90_b03m_s30.A02 fileNameGt=../graphsdb/mcs90/bvg/b03m/mcs90_b03m_s30.B02
Reading graphs...
30 :  45
30 :  45
Initializing...
maxdom : 30
D->valSize : 900
Solving...
currentSize : 13 <-- 0.011015 s
currentSize : 14 <-- 0.014291 s
currentSize : 17 <-- 0.014306 s
currentSize : 18 <-- 0.050233 s
currentSize : 19 <-- 0.134729 s
currentSize : 20 <-- 0.169748 s
currentSize : 21 <-- 0.175042 s
currentSize : 22 <-- 0.751435 s
currentSize : 23 <-- 1.955320 s
currentSize : 24 <-- 4.015800 s
currentSize : 25 <-- 4.015884 s
currentSize : 26 <-- 4.015935 s
currentSize : 27 <-- 4.104320 s

maxsize : 27
nodes : 887695.000000
filtered : 16848352.000000
time : 4.112607
