Parameters: GAD=1 vflib=1 dir=0 label=0 lowerbound=1 fileNameGp=../graphsdb/mcs90/bvg/b09m/mcs90_b09m_s25.A64 fileNameGt=../graphsdb/mcs90/bvg/b09m/mcs90_b09m_s25.B64
Reading graphs...
25 :  105
25 :  104
Initializing...
maxdom : 25
D->valSize : 625
Solving...
currentSize : 8 <-- 0.007735 s
currentSize : 10 <-- 0.007795 s
currentSize : 11 <-- 0.009063 s
currentSize : 12 <-- 0.016777 s
currentSize : 13 <-- 0.464669 s
currentSize : 14 <-- 1.559732 s
currentSize : 15 <-- 3.485847 s
currentSize : 22 <-- 3.487762 s

maxsize : 22
nodes : 902214.000000
filtered : 12407349.000000
time : 3.494489
