Parameters: GAD=1 vflib=1 dir=0 label=0 lowerbound=1 fileNameGp=../graphsdb/mcs90/bvg/b09/mcs90_b09_s30.A44 fileNameGt=../graphsdb/mcs90/bvg/b09/mcs90_b09_s30.B44
Reading graphs...
30 :  134
30 :  134
Initializing...
maxdom : 30
D->valSize : 900
Solving...
currentSize : 10 <-- 0.016189 s
currentSize : 11 <-- 0.016230 s
currentSize : 12 <-- 0.016261 s
currentSize : 13 <-- 0.020087 s
currentSize : 14 <-- 0.023851 s
currentSize : 15 <-- 0.028041 s
currentSize : 16 <-- 0.028419 s
currentSize : 18 <-- 0.035256 s
currentSize : 19 <-- 0.035439 s
currentSize : 20 <-- 0.044416 s
currentSize : 22 <-- 0.064136 s
currentSize : 26 <-- 0.064312 s

maxsize : 26
nodes : 26451.000000
filtered : 1072773.000000
time : 0.180359
