Parameters: GAD=1 vflib=1 dir=0 label=0 lowerbound=1 fileNameGp=../graphsdb/mcs90/bvg/b06m/mcs90_b06m_s30.A00 fileNameGt=../graphsdb/mcs90/bvg/b06m/mcs90_b06m_s30.B00
Reading graphs...
30 :  85
30 :  87
Initializing...
maxdom : 30
D->valSize : 900
Solving...
currentSize : 14 <-- 0.010084 s
currentSize : 15 <-- 0.010608 s
currentSize : 16 <-- 0.062165 s
currentSize : 17 <-- 0.356445 s
currentSize : 18 <-- 0.541983 s
currentSize : 20 <-- 3.918394 s
currentSize : 21 <-- 4.108633 s
currentSize : 24 <-- 4.563706 s
currentSize : 25 <-- 4.564759 s
currentSize : 27 <-- 4.564877 s

maxsize : 27
nodes : 963639.000000
filtered : 21304259.000000
time : 4.582845
