Parameters: GAD=1 vflib=1 dir=0 label=0 lowerbound=1 fileNameGp=../graphsdb/mcs90/rand/r02/mcs90_r02_s20.A94 fileNameGt=../graphsdb/mcs90/rand/r02/mcs90_r02_s20.B94
Reading graphs...
20 :  69
20 :  68
Initializing...
maxdom : 20
D->valSize : 400
Solving...
currentSize : 8 <-- 0.001972 s
currentSize : 9 <-- 0.002070 s
currentSize : 10 <-- 0.002102 s
currentSize : 11 <-- 0.002734 s
currentSize : 12 <-- 0.016289 s
currentSize : 13 <-- 0.018312 s
currentSize : 18 <-- 0.021329 s

maxsize : 18
nodes : 6818.000000
filtered : 76586.000000
time : 0.024037
