Parameters: GAD=1 vflib=1 dir=0 label=0 lowerbound=1 fileNameGp=../graphsdb/mcs90/bvg/b09/mcs90_b09_s25.A67 fileNameGt=../graphsdb/mcs90/bvg/b09/mcs90_b09_s25.B67
Reading graphs...
25 :  111
25 :  112
Initializing...
maxdom : 25
D->valSize : 625
Solving...
currentSize : 12 <-- 0.004578 s
currentSize : 13 <-- 0.004723 s
currentSize : 15 <-- 0.006643 s
currentSize : 16 <-- 0.009040 s
currentSize : 17 <-- 0.009100 s
currentSize : 21 <-- 0.009324 s
currentSize : 22 <-- 0.015230 s

maxsize : 22
nodes : 4722.000000
filtered : 207500.000000
time : 0.032001
