Parameters: GAD=1 vflib=1 dir=0 label=0 lowerbound=1 fileNameGp=../graphsdb/mcs90/bvg/b06m/mcs90_b06m_s30.A46 fileNameGt=../graphsdb/mcs90/bvg/b06m/mcs90_b06m_s30.B46
Reading graphs...
30 :  85
30 :  86
Initializing...
maxdom : 30
D->valSize : 900
Solving...
currentSize : 13 <-- 0.017550 s
currentSize : 14 <-- 0.017611 s
currentSize : 15 <-- 0.017748 s
currentSize : 16 <-- 0.019474 s
currentSize : 17 <-- 0.031596 s
currentSize : 18 <-- 0.672307 s
currentSize : 19 <-- 1.048309 s
currentSize : 20 <-- 1.335785 s
currentSize : 21 <-- 1.568966 s
currentSize : 24 <-- 1.896367 s
currentSize : 27 <-- 1.954448 s

maxsize : 27
nodes : 355853.000000
filtered : 8903409.000000
time : 1.971707
