Parameters: GAD=1 vflib=1 dir=0 label=0 lowerbound=1 fileNameGp=../graphsdb/mcs90/rand/r005/mcs90_r005_s20.A18 fileNameGt=../graphsdb/mcs90/rand/r005/mcs90_r005_s20.B18
Reading graphs...
20 :  21
20 :  21
Initializing...
maxdom : 20
D->valSize : 400
Solving...
currentSize : 12 <-- 0.002382 s
currentSize : 13 <-- 0.003168 s
currentSize : 14 <-- 0.003860 s
currentSize : 15 <-- 0.006789 s
currentSize : 16 <-- 0.010158 s
currentSize : 17 <-- 0.010167 s
currentSize : 18 <-- 0.010220 s

maxsize : 18
nodes : 3309.000000
filtered : 29997.000000
time : 0.011512
