Parameters: GAD=1 vflib=1 dir=0 label=0 lowerbound=1 fileNameGp=../graphsdb/mcs90/bvg/b06m/mcs90_b06m_s25.A24 fileNameGt=../graphsdb/mcs90/bvg/b06m/mcs90_b06m_s25.B24
Reading graphs...
25 :  72
25 :  72
Initializing...
maxdom : 25
D->valSize : 625
Solving...
currentSize : 9 <-- 0.004867 s
currentSize : 10 <-- 0.004896 s
currentSize : 11 <-- 0.004929 s
currentSize : 12 <-- 0.005189 s
currentSize : 13 <-- 0.005960 s
currentSize : 14 <-- 0.008958 s
currentSize : 15 <-- 0.267767 s
currentSize : 16 <-- 1.307628 s
currentSize : 17 <-- 1.307673 s
currentSize : 18 <-- 1.307691 s
currentSize : 19 <-- 1.307861 s
currentSize : 20 <-- 1.308546 s
currentSize : 22 <-- 1.309064 s

maxsize : 22
nodes : 322232.000000
filtered : 5641459.000000
time : 1.319944
