Parameters: GAD=1 vflib=1 dir=0 label=0 lowerbound=1 fileNameGp=../graphsdb/mcs90/bvg/b06m/mcs90_b06m_s25.A11 fileNameGt=../graphsdb/mcs90/bvg/b06m/mcs90_b06m_s25.B11
Reading graphs...
25 :  75
25 :  75
Initializing...
maxdom : 25
D->valSize : 625
Solving...
currentSize : 10 <-- 0.004774 s
currentSize : 11 <-- 0.004843 s
currentSize : 12 <-- 0.004910 s
currentSize : 13 <-- 0.010028 s
currentSize : 14 <-- 0.015445 s
currentSize : 15 <-- 0.958162 s
currentSize : 16 <-- 1.401599 s
currentSize : 19 <-- 1.866710 s
currentSize : 22 <-- 1.868117 s

maxsize : 22
nodes : 473222.000000
filtered : 7868770.000000
time : 1.876831
