Parameters: GAD=1 vflib=1 dir=0 label=0 lowerbound=1 fileNameGp=../graphsdb/mcs90/bvg/b06m/mcs90_b06m_s20.A40 fileNameGt=../graphsdb/mcs90/bvg/b06m/mcs90_b06m_s20.B40
Reading graphs...
20 :  59
20 :  59
Initializing...
maxdom : 20
D->valSize : 400
Solving...
currentSize : 8 <-- 0.003441 s
currentSize : 10 <-- 0.003953 s
currentSize : 11 <-- 0.010296 s
currentSize : 12 <-- 0.043423 s
currentSize : 13 <-- 0.079272 s
currentSize : 14 <-- 0.079655 s
currentSize : 18 <-- 0.081760 s

maxsize : 18
nodes : 17263.000000
filtered : 166987.000000
time : 0.084190
