Parameters: GAD=1 vflib=1 dir=0 label=0 lowerbound=1 fileNameGp=../graphsdb/mcs90/bvg/b09/mcs90_b09_s30.A25 fileNameGt=../graphsdb/mcs90/bvg/b09/mcs90_b09_s30.B25
Reading graphs...
30 :  134
30 :  135
Initializing...
maxdom : 30
D->valSize : 900
Solving...
currentSize : 13 <-- 0.014395 s
currentSize : 14 <-- 0.014790 s
currentSize : 15 <-- 0.015007 s
currentSize : 22 <-- 0.015147 s
currentSize : 24 <-- 0.024012 s
currentSize : 26 <-- 0.024109 s

maxsize : 26
nodes : 24374.000000
filtered : 1382279.000000
time : 0.193743
