Parameters: GAD=1 vflib=1 dir=0 label=0 lowerbound=1 fileNameGp=../graphsdb/mcs90/m2D/m2Dr6/mcs90_m2Dr6_s30.A05 fileNameGt=../graphsdb/mcs90/m2D/m2Dr6/mcs90_m2Dr6_s30.B05
Reading graphs...
30 :  66
30 :  65
Initializing...
maxdom : 30
D->valSize : 900
Solving...
currentSize : 11 <-- 0.010597 s
currentSize : 12 <-- 0.010644 s
currentSize : 13 <-- 0.010947 s
currentSize : 15 <-- 0.010963 s
currentSize : 16 <-- 0.011111 s
currentSize : 17 <-- 0.011718 s
currentSize : 18 <-- 0.030039 s
currentSize : 19 <-- 0.714760 s
currentSize : 20 <-- 4.359837 s
currentSize : 21 <-- 7.018911 s
currentSize : 23 <-- 9.248494 s
currentSize : 25 <-- 9.250080 s

maxsize : 25
nodes : 1884673.000000
filtered : 44623265.000000
time : 9.413189
