Parameters: GAD=1 vflib=1 dir=0 label=0 lowerbound=1 fileNameGp=../graphsdb/mcs90/bvg/b06/mcs90_b06_s25.A22 fileNameGt=../graphsdb/mcs90/bvg/b06/mcs90_b06_s25.B22
Reading graphs...
25 :  75
25 :  75
Initializing...
maxdom : 25
D->valSize : 625
Solving...
currentSize : 12 <-- 0.004770 s
currentSize : 13 <-- 0.004794 s
currentSize : 14 <-- 0.005328 s
currentSize : 15 <-- 0.005359 s
currentSize : 16 <-- 0.005584 s
currentSize : 18 <-- 0.005752 s
currentSize : 20 <-- 0.007760 s
currentSize : 22 <-- 0.009902 s

maxsize : 22
nodes : 6398.000000
filtered : 199713.000000
time : 0.037175
