Parameters: GAD=1 vflib=1 dir=0 label=0 lowerbound=1 fileNameGp=../graphsdb/mcs90/bvg/b06/mcs90_b06_s35.A52 fileNameGt=../graphsdb/mcs90/bvg/b06/mcs90_b06_s35.B52
Reading graphs...
35 :  105
35 :  105
Initializing...
maxdom : 35
D->valSize : 1225
Solving...
currentSize : 16 <-- 0.019458 s
currentSize : 17 <-- 0.019489 s
currentSize : 18 <-- 0.019515 s
currentSize : 20 <-- 0.019549 s
currentSize : 21 <-- 0.019713 s
currentSize : 22 <-- 0.028124 s
currentSize : 23 <-- 0.053791 s
currentSize : 24 <-- 0.165592 s
currentSize : 26 <-- 0.297492 s
currentSize : 31 <-- 0.297543 s
currentSize : 32 <-- 0.387996 s

maxsize : 32
nodes : 71902.000000
filtered : 2054851.000000
time : 0.413763
