Parameters: GAD=1 vflib=1 dir=0 label=0 lowerbound=1 fileNameGp=../graphsdb/mcs90/m3D/m3Dr2/mcs90_m3Dr2_s30.A06 fileNameGt=../graphsdb/mcs90/m3D/m3Dr2/mcs90_m3Dr2_s30.B06
Reading graphs...
30 :  67
30 :  67
Initializing...
maxdom : 30
D->valSize : 900
Solving...
currentSize : 13 <-- 0.010939 s
currentSize : 14 <-- 0.010956 s
currentSize : 15 <-- 0.012304 s
currentSize : 16 <-- 0.013564 s
currentSize : 17 <-- 0.015269 s
currentSize : 18 <-- 0.028537 s
currentSize : 20 <-- 0.989080 s
currentSize : 21 <-- 1.002160 s
currentSize : 22 <-- 1.132461 s
currentSize : 23 <-- 1.167869 s
currentSize : 24 <-- 1.423838 s
currentSize : 25 <-- 1.447090 s
currentSize : 27 <-- 1.654516 s

maxsize : 27
nodes : 377882.000000
filtered : 7572021.000000
time : 1.663670
