Parameters: GAD=1 vflib=1 dir=0 label=0 lowerbound=1 fileNameGp=../graphsdb/mcs90/m2D/m2D/mcs90_m2D_s30.A29 fileNameGt=../graphsdb/mcs90/m2D/m2D/mcs90_m2D_s30.B29
Reading graphs...
30 :  48
30 :  49
Initializing...
maxdom : 30
D->valSize : 900
Solving...
currentSize : 18 <-- 0.010931 s
currentSize : 19 <-- 0.010947 s
currentSize : 20 <-- 0.011403 s
currentSize : 21 <-- 0.047901 s
currentSize : 22 <-- 0.282049 s
currentSize : 23 <-- 0.357228 s
currentSize : 26 <-- 0.387875 s

maxsize : 26
nodes : 108460.000000
filtered : 2316590.000000
time : 0.535303
