Parameters: GAD=1 vflib=1 dir=0 label=0 lowerbound=1 fileNameGp=../graphsdb/mcs90/bvg/b09m/mcs90_b09m_s20.A53 fileNameGt=../graphsdb/mcs90/bvg/b09m/mcs90_b09m_s20.B53
Reading graphs...
20 :  82
20 :  83
Initializing...
maxdom : 20
D->valSize : 400
Solving...
currentSize : 9 <-- 0.001989 s
currentSize : 10 <-- 0.002020 s
currentSize : 11 <-- 0.002161 s
currentSize : 12 <-- 0.002346 s
currentSize : 13 <-- 0.002384 s
currentSize : 14 <-- 0.002443 s
currentSize : 18 <-- 0.023891 s

maxsize : 18
nodes : 5474.000000
filtered : 125474.000000
time : 0.025113
