Parameters: GAD=1 vflib=1 dir=0 label=0 lowerbound=1 fileNameGp=../graphsdb/mcs90/bvg/b06m/mcs90_b06m_s30.A99 fileNameGt=../graphsdb/mcs90/bvg/b06m/mcs90_b06m_s30.B99
Reading graphs...
30 :  87
30 :  87
Initializing...
maxdom : 30
D->valSize : 900
Solving...
currentSize : 14 <-- 0.010303 s
currentSize : 15 <-- 0.010325 s
currentSize : 16 <-- 0.029459 s
currentSize : 17 <-- 0.114343 s
currentSize : 18 <-- 2.772077 s
currentSize : 19 <-- 5.052321 s
currentSize : 20 <-- 5.052582 s
currentSize : 23 <-- 6.625480 s
currentSize : 26 <-- 7.631633 s
currentSize : 27 <-- 7.631748 s

maxsize : 27
nodes : 1607730.000000
filtered : 35107162.000000
time : 7.639192
