Parameters: GAD=1 vflib=1 dir=0 label=0 lowerbound=1 fileNameGp=../graphsdb/mcs90/rand/r01/mcs90_r01_s20.A63 fileNameGt=../graphsdb/mcs90/rand/r01/mcs90_r01_s20.B63
Reading graphs...
20 :  36
20 :  35
Initializing...
maxdom : 20
D->valSize : 400
Solving...
currentSize : 11 <-- 0.002304 s
currentSize : 12 <-- 0.002537 s
currentSize : 13 <-- 0.003070 s
currentSize : 14 <-- 0.004901 s
currentSize : 15 <-- 0.018155 s
currentSize : 18 <-- 0.021696 s

maxsize : 18
nodes : 6142.000000
filtered : 85804.000000
time : 0.023084
