Parameters: GAD=1 vflib=1 dir=0 label=0 lowerbound=1 fileNameGp=../graphsdb/mcs90/bvg/b03m/mcs90_b03m_s30.A25 fileNameGt=../graphsdb/mcs90/bvg/b03m/mcs90_b03m_s30.B25
Reading graphs...
30 :  44
30 :  44
Initializing...
maxdom : 30
D->valSize : 900
Solving...
currentSize : 9 <-- 0.019561 s
currentSize : 18 <-- 0.019643 s
currentSize : 19 <-- 0.019663 s
currentSize : 20 <-- 0.019764 s
currentSize : 21 <-- 0.019946 s
currentSize : 22 <-- 0.073099 s
currentSize : 23 <-- 0.088395 s
currentSize : 24 <-- 0.088918 s
currentSize : 25 <-- 0.089176 s
currentSize : 26 <-- 0.089948 s

maxsize : 26
nodes : 24228.000000
filtered : 658235.000000
time : 0.177485
