Parameters: GAD=1 vflib=1 dir=0 label=0 lowerbound=1 fileNameGp=../graphsdb/mcs90/m3D/m3Dr6/mcs90_m3Dr6_s30.A00 fileNameGt=../graphsdb/mcs90/m3D/m3Dr6/mcs90_m3Dr6_s30.B00
Reading graphs...
30 :  77
30 :  76
Initializing...
maxdom : 30
D->valSize : 900
Solving...
currentSize : 14 <-- 0.010260 s
currentSize : 16 <-- 0.014020 s
currentSize : 17 <-- 0.135447 s
currentSize : 18 <-- 0.494726 s
currentSize : 19 <-- 4.200417 s
currentSize : 21 <-- 11.475283 s
currentSize : 22 <-- 11.730655 s
currentSize : 23 <-- 12.254887 s
currentSize : 25 <-- 13.403206 s
currentSize : 27 <-- 13.412803 s

maxsize : 27
nodes : 2797245.000000
filtered : 59659157.000000
time : 13.423985
