Parameters: GAD=1 vflib=1 dir=0 label=0 lowerbound=1 fileNameGp=../graphsdb/mcs90/rand/r02/mcs90_r02_s20.A03 fileNameGt=../graphsdb/mcs90/rand/r02/mcs90_r02_s20.B03
Reading graphs...
20 :  71
20 :  72
Initializing...
maxdom : 20
D->valSize : 400
Solving...
currentSize : 8 <-- 0.001948 s
currentSize : 9 <-- 0.002016 s
currentSize : 11 <-- 0.002032 s
currentSize : 12 <-- 0.042530 s
currentSize : 13 <-- 0.084276 s
currentSize : 18 <-- 0.085983 s

maxsize : 18
nodes : 24891.000000
filtered : 348022.000000
time : 0.087256
