Parameters: GAD=1 vflib=1 dir=0 label=0 lowerbound=1 fileNameGp=../graphsdb/mcs90/rand/r02/mcs90_r02_s30.A75 fileNameGt=../graphsdb/mcs90/rand/r02/mcs90_r02_s30.B75
Reading graphs...
30 :  156
30 :  158
Initializing...
maxdom : 30
D->valSize : 900
Solving...
currentSize : 10 <-- 0.015937 s
currentSize : 11 <-- 0.015972 s
currentSize : 12 <-- 0.016607 s
currentSize : 13 <-- 0.024788 s
currentSize : 14 <-- 0.194691 s
currentSize : 15 <-- 0.414858 s
currentSize : 16 <-- 1.240716 s
currentSize : 19 <-- 2.384347 s
currentSize : 27 <-- 2.384827 s

maxsize : 27
nodes : 538222.000000
filtered : 8280320.000000
time : 2.404303
