Parameters: GAD=1 vflib=1 dir=0 label=0 lowerbound=1 fileNameGp=../graphsdb/mcs90/m3D/m3Dr6/mcs90_m3Dr6_s30.A24 fileNameGt=../graphsdb/mcs90/m3D/m3Dr6/mcs90_m3Dr6_s30.B24
Reading graphs...
30 :  79
30 :  76
Initializing...
maxdom : 30
D->valSize : 900
Solving...
currentSize : 13 <-- 0.010201 s
currentSize : 14 <-- 0.010226 s
currentSize : 15 <-- 0.010537 s
currentSize : 16 <-- 0.011007 s
currentSize : 17 <-- 0.012796 s
currentSize : 18 <-- 0.020401 s
currentSize : 19 <-- 0.028294 s
currentSize : 20 <-- 0.028353 s
currentSize : 21 <-- 0.050157 s
currentSize : 23 <-- 1.328514 s
currentSize : 27 <-- 1.956362 s

maxsize : 27
nodes : 332796.000000
filtered : 11454654.000000
time : 1.967277
