Parameters: GAD=1 vflib=1 dir=0 label=0 lowerbound=1 fileNameGp=../graphsdb/mcs90/m2D/m2Dr2/mcs90_m2Dr2_s20.A62 fileNameGt=../graphsdb/mcs90/m2D/m2Dr2/mcs90_m2Dr2_s20.B62
Reading graphs...
20 :  33
20 :  34
Initializing...
maxdom : 20
D->valSize : 400
Solving...
currentSize : 7 <-- 0.002208 s
currentSize : 9 <-- 0.002226 s
currentSize : 11 <-- 0.002235 s
currentSize : 12 <-- 0.002292 s
currentSize : 13 <-- 0.003131 s
currentSize : 15 <-- 0.010995 s
currentSize : 17 <-- 0.011196 s

maxsize : 17
nodes : 5211.000000
filtered : 93056.000000
time : 0.020836
