Parameters: GAD=1 vflib=1 dir=0 label=0 lowerbound=1 fileNameGp=../graphsdb/mcs90/rand/r02/mcs90_r02_s20.A75 fileNameGt=../graphsdb/mcs90/rand/r02/mcs90_r02_s20.B75
Reading graphs...
20 :  68
20 :  67
Initializing...
maxdom : 20
D->valSize : 400
Solving...
currentSize : 7 <-- 0.001989 s
currentSize : 8 <-- 0.002009 s
currentSize : 9 <-- 0.002099 s
currentSize : 10 <-- 0.002770 s
currentSize : 11 <-- 0.006347 s
currentSize : 12 <-- 0.053673 s
currentSize : 13 <-- 0.132530 s
currentSize : 15 <-- 0.133475 s
currentSize : 18 <-- 0.133515 s

maxsize : 18
nodes : 40516.000000
filtered : 479956.000000
time : 0.135230
