Parameters: GAD=1 vflib=1 dir=0 label=0 lowerbound=1 fileNameGp=../graphsdb/mcs90/bvg/b03m/mcs90_b03m_s15.A52 fileNameGt=../graphsdb/mcs90/bvg/b03m/mcs90_b03m_s15.B52
Reading graphs...
15 :  22
15 :  22
Initializing...
maxdom : 15
D->valSize : 225
Solving...
currentSize : 7 <-- 0.000864 s
currentSize : 8 <-- 0.001018 s
currentSize : 9 <-- 0.001822 s
currentSize : 10 <-- 0.002440 s
currentSize : 11 <-- 0.002519 s
currentSize : 12 <-- 0.008321 s

maxsize : 12
nodes : 3858.000000
filtered : 37667.000000
time : 0.010606
