Parameters: GAD=1 vflib=1 dir=0 label=0 lowerbound=1 fileNameGp=../graphsdb/mcs90/bvg/b03/mcs90_b03_s35.A47 fileNameGt=../graphsdb/mcs90/bvg/b03/mcs90_b03_s35.B47
Reading graphs...
35 :  52
35 :  52
Initializing...
maxdom : 35
D->valSize : 1225
Solving...
currentSize : 26 <-- 0.021310 s
currentSize : 27 <-- 0.021379 s
currentSize : 28 <-- 0.021685 s
currentSize : 29 <-- 0.029748 s
currentSize : 30 <-- 0.029793 s
currentSize : 31 <-- 0.053554 s
currentSize : 32 <-- 0.270519 s

maxsize : 32
nodes : 43421.000000
filtered : 1387360.000000
time : 0.314783
