Parameters: GAD=1 vflib=1 dir=0 label=0 lowerbound=1 fileNameGp=../graphsdb/mcs90/bvg/b09/mcs90_b09_s20.A00 fileNameGt=../graphsdb/mcs90/bvg/b09/mcs90_b09_s20.B00
Reading graphs...
20 :  89
20 :  89
Initializing...
maxdom : 20
D->valSize : 400
Solving...
currentSize : 9 <-- 0.001953 s
currentSize : 10 <-- 0.001987 s
currentSize : 14 <-- 0.002029 s
currentSize : 15 <-- 0.002063 s
currentSize : 16 <-- 0.003577 s
currentSize : 18 <-- 0.004568 s

maxsize : 18
nodes : 1121.000000
filtered : 40309.000000
time : 0.007261
