Parameters: GAD=1 vflib=1 dir=0 label=0 lowerbound=1 fileNameGp=../graphsdb/mcs90/rand/r01/mcs90_r01_s35.A43 fileNameGt=../graphsdb/mcs90/rand/r01/mcs90_r01_s35.B43
Reading graphs...
35 :  114
35 :  113
Initializing...
maxdom : 35
D->valSize : 1225
Solving...
currentSize : 14 <-- 0.019389 s
currentSize : 15 <-- 0.019500 s
currentSize : 16 <-- 0.022198 s
currentSize : 17 <-- 0.026515 s
currentSize : 18 <-- 0.233218 s
currentSize : 19 <-- 5.560612 s
currentSize : 20 <-- 90.684013 s
currentSize : 21 <-- 153.536331 s
currentSize : 23 <-- 153.716919 s
currentSize : 24 <-- 177.107239 s
currentSize : 26 <-- 177.897491 s
currentSize : 28 <-- 180.614410 s
currentSize : 31 <-- 180.614609 s

maxsize : 31
nodes : 33980072.000000
filtered : 780654660.000000
time : 180.667511
