Parameters: GAD=1 vflib=1 dir=0 label=0 lowerbound=1 fileNameGp=../graphsdb/mcs90/rand/r01/mcs90_r01_s35.A51 fileNameGt=../graphsdb/mcs90/rand/r01/mcs90_r01_s35.B51
Reading graphs...
35 :  110
35 :  109
Initializing...
maxdom : 35
D->valSize : 1225
Solving...
currentSize : 15 <-- 0.019420 s
currentSize : 16 <-- 0.023182 s
currentSize : 17 <-- 0.063567 s
currentSize : 18 <-- 0.086651 s
currentSize : 19 <-- 0.238940 s
currentSize : 20 <-- 0.370164 s
currentSize : 21 <-- 2.482289 s
currentSize : 22 <-- 2.746742 s
currentSize : 23 <-- 4.760400 s
currentSize : 24 <-- 11.594888 s
currentSize : 26 <-- 13.695372 s
currentSize : 31 <-- 13.709529 s

maxsize : 31
nodes : 2099419.000000
filtered : 75053313.000000
time : 13.777896
