Parameters: GAD=1 vflib=1 dir=0 label=0 lowerbound=1 fileNameGp=../graphsdb/mcs90/bvg/b09m/mcs90_b09m_s35.A19 fileNameGt=../graphsdb/mcs90/bvg/b09m/mcs90_b09m_s35.B19
Reading graphs...
35 :  150
35 :  149
Initializing...
maxdom : 35
D->valSize : 1225
Solving...
currentSize : 11 <-- 0.018213 s
currentSize : 12 <-- 0.018239 s
currentSize : 13 <-- 0.018284 s
currentSize : 14 <-- 0.018615 s
currentSize : 16 <-- 0.122198 s
currentSize : 17 <-- 0.774331 s
currentSize : 18 <-- 2.344658 s
currentSize : 20 <-- 2.345710 s
currentSize : 21 <-- 9.753472 s
currentSize : 22 <-- 28.847523 s
currentSize : 27 <-- 30.308296 s
currentSize : 30 <-- 30.309134 s

maxsize : 30
nodes : 5051626.000000
filtered : 160736995.000000
time : 30.477615
