Parameters: GAD=1 vflib=1 dir=0 label=0 lowerbound=1 fileNameGp=../graphsdb/mcs90/m3D/m3Dr6/mcs90_m3Dr6_s30.A95 fileNameGt=../graphsdb/mcs90/m3D/m3Dr6/mcs90_m3Dr6_s30.B95
Reading graphs...
30 :  77
30 :  76
Initializing...
maxdom : 30
D->valSize : 900
Solving...
currentSize : 15 <-- 0.010263 s
currentSize : 16 <-- 0.010373 s
currentSize : 17 <-- 0.391221 s
currentSize : 18 <-- 9.246413 s
currentSize : 19 <-- 15.245125 s
currentSize : 23 <-- 15.265800 s
currentSize : 27 <-- 15.297582 s

maxsize : 27
nodes : 3666761.000000
filtered : 56832668.000000
time : 15.329932
