Parameters: GAD=1 vflib=1 dir=0 label=0 lowerbound=1 fileNameGp=../graphsdb/mcs90/m3D/m3Dr6/mcs90_m3Dr6_s30.A47 fileNameGt=../graphsdb/mcs90/m3D/m3Dr6/mcs90_m3Dr6_s30.B47
Reading graphs...
30 :  78
30 :  76
Initializing...
maxdom : 30
D->valSize : 900
Solving...
currentSize : 12 <-- 0.017748 s
currentSize : 14 <-- 0.023558 s
currentSize : 15 <-- 0.023735 s
currentSize : 16 <-- 0.026364 s
currentSize : 17 <-- 0.030731 s
currentSize : 18 <-- 1.305985 s
currentSize : 19 <-- 2.017221 s
currentSize : 20 <-- 2.018018 s
currentSize : 22 <-- 2.018143 s
currentSize : 23 <-- 2.018376 s
currentSize : 27 <-- 2.018666 s

maxsize : 27
nodes : 474298.000000
filtered : 7269387.000000
time : 2.042386
