Parameters: GAD=1 vflib=1 dir=0 label=0 lowerbound=1 fileNameGp=../graphsdb/mcs90/bvg/b09/mcs90_b09_s25.A68 fileNameGt=../graphsdb/mcs90/bvg/b09/mcs90_b09_s25.B68
Reading graphs...
25 :  111
25 :  111
Initializing...
maxdom : 25
D->valSize : 625
Solving...
currentSize : 10 <-- 0.004523 s
currentSize : 12 <-- 0.004670 s
currentSize : 13 <-- 0.019198 s
currentSize : 16 <-- 0.035707 s
currentSize : 18 <-- 0.035746 s
currentSize : 22 <-- 0.036379 s

maxsize : 22
nodes : 15427.000000
filtered : 330581.000000
time : 0.069491
