Parameters: GAD=1 vflib=1 dir=0 label=0 lowerbound=1 fileNameGp=../graphsdb/mcs90/bvg/b09m/mcs90_b09m_s30.A66 fileNameGt=../graphsdb/mcs90/bvg/b09m/mcs90_b09m_s30.B66
Reading graphs...
30 :  128
30 :  128
Initializing...
maxdom : 30
D->valSize : 900
Solving...
currentSize : 11 <-- 0.016650 s
currentSize : 12 <-- 0.017445 s
currentSize : 13 <-- 0.022318 s
currentSize : 14 <-- 0.201870 s
currentSize : 15 <-- 0.584199 s
currentSize : 16 <-- 6.305789 s
currentSize : 17 <-- 6.781404 s
currentSize : 18 <-- 6.782723 s
currentSize : 20 <-- 6.782783 s
currentSize : 21 <-- 7.020470 s
currentSize : 22 <-- 7.752062 s
currentSize : 26 <-- 7.759917 s

maxsize : 26
nodes : 1732038.000000
filtered : 29399775.000000
time : 7.818515
