Parameters: GAD=1 vflib=1 dir=0 label=0 lowerbound=1 fileNameGp=../graphsdb/mcs90/m3D/m3D/mcs90_m3D_s30.A66 fileNameGt=../graphsdb/mcs90/m3D/m3D/mcs90_m3D_s30.B66
Reading graphs...
30 :  61
30 :  60
Initializing...
maxdom : 30
D->valSize : 900
Solving...
currentSize : 15 <-- 0.010673 s
currentSize : 16 <-- 0.010781 s
currentSize : 17 <-- 0.011009 s
currentSize : 18 <-- 0.016274 s
currentSize : 19 <-- 0.118229 s
currentSize : 20 <-- 0.243128 s
currentSize : 22 <-- 0.531875 s
currentSize : 23 <-- 0.534434 s
currentSize : 24 <-- 0.809396 s
currentSize : 25 <-- 0.942627 s
currentSize : 26 <-- 0.960748 s
currentSize : 27 <-- 0.960812 s
currentSize : 28 <-- 0.960969 s

maxsize : 28
nodes : 210579.000000
filtered : 3893454.000000
time : 0.969210
