Parameters: GAD=1 vflib=1 dir=0 label=0 lowerbound=1 fileNameGp=../graphsdb/mcs90/m2D/m2D/mcs90_m2D_s30.A95 fileNameGt=../graphsdb/mcs90/m2D/m2D/mcs90_m2D_s30.B95
Reading graphs...
30 :  49
30 :  49
Initializing...
maxdom : 30
D->valSize : 900
Solving...
currentSize : 19 <-- 0.011090 s
currentSize : 20 <-- 0.039472 s
currentSize : 21 <-- 0.043000 s
currentSize : 22 <-- 0.545571 s
currentSize : 23 <-- 0.619351 s
currentSize : 24 <-- 0.860523 s
currentSize : 25 <-- 0.860573 s
currentSize : 26 <-- 0.916484 s

maxsize : 26
nodes : 228796.000000
filtered : 4587078.000000
time : 1.049753
