Parameters: GAD=1 vflib=1 dir=0 label=0 lowerbound=1 fileNameGp=../graphsdb/mcs90/bvg/b09/mcs90_b09_s25.A28 fileNameGt=../graphsdb/mcs90/bvg/b09/mcs90_b09_s25.B28
Reading graphs...
25 :  112
25 :  112
Initializing...
maxdom : 25
D->valSize : 625
Solving...
currentSize : 10 <-- 0.004563 s
currentSize : 11 <-- 0.004677 s
currentSize : 12 <-- 0.004828 s
currentSize : 13 <-- 0.008344 s
currentSize : 18 <-- 0.009335 s
currentSize : 22 <-- 0.012386 s

maxsize : 22
nodes : 6196.000000
filtered : 242620.000000
time : 0.038766
