Parameters: GAD=1 vflib=1 dir=0 label=0 lowerbound=1 fileNameGp=../graphsdb/mcs90/bvg/b09/mcs90_b09_s30.A77 fileNameGt=../graphsdb/mcs90/bvg/b09/mcs90_b09_s30.B77
Reading graphs...
30 :  135
30 :  135
Initializing...
maxdom : 30
D->valSize : 900
Solving...
currentSize : 13 <-- 0.009515 s
currentSize : 14 <-- 0.009619 s
currentSize : 15 <-- 0.009853 s
currentSize : 16 <-- 0.015779 s
currentSize : 17 <-- 0.015865 s
currentSize : 18 <-- 0.026207 s
currentSize : 19 <-- 0.205782 s
currentSize : 21 <-- 0.207044 s
currentSize : 23 <-- 0.220017 s
currentSize : 24 <-- 0.270132 s
currentSize : 26 <-- 0.315801 s

maxsize : 26
nodes : 59808.000000
filtered : 2261894.000000
time : 0.374652
