Parameters: GAD=1 vflib=1 dir=0 label=0 lowerbound=1 fileNameGp=../graphsdb/mcs90/bvg/b09m/mcs90_b09m_s35.A97 fileNameGt=../graphsdb/mcs90/bvg/b09m/mcs90_b09m_s35.B97
Reading graphs...
35 :  154
35 :  155
Initializing...
maxdom : 35
D->valSize : 1225
Solving...
currentSize : 11 <-- 0.018261 s
currentSize : 12 <-- 0.018333 s
currentSize : 13 <-- 0.019038 s
currentSize : 14 <-- 0.021488 s
currentSize : 15 <-- 0.052409 s
currentSize : 16 <-- 0.369459 s
currentSize : 17 <-- 0.777666 s
currentSize : 19 <-- 8.561659 s
currentSize : 20 <-- 10.243143 s
currentSize : 22 <-- 10.943918 s
currentSize : 23 <-- 10.944031 s
currentSize : 25 <-- 13.572138 s
currentSize : 30 <-- 13.625689 s

maxsize : 30
nodes : 2666750.000000
filtered : 57856462.000000
time : 13.888106
