Parameters: GAD=1 vflib=1 dir=0 label=0 lowerbound=1 fileNameGp=../graphsdb/mcs90/bvg/b03m/mcs90_b03m_s30.A28 fileNameGt=../graphsdb/mcs90/bvg/b03m/mcs90_b03m_s30.B28
Reading graphs...
30 :  45
30 :  45
Initializing...
maxdom : 30
D->valSize : 900
Solving...
currentSize : 14 <-- 0.011148 s
currentSize : 16 <-- 0.011179 s
currentSize : 17 <-- 0.012361 s
currentSize : 19 <-- 0.012535 s
currentSize : 20 <-- 0.156109 s
currentSize : 21 <-- 0.157613 s
currentSize : 22 <-- 0.655164 s
currentSize : 23 <-- 0.655213 s
currentSize : 24 <-- 1.773646 s
currentSize : 26 <-- 1.909370 s

maxsize : 26
nodes : 409796.000000
filtered : 8540231.000000
time : 2.006505
