Parameters: GAD=1 vflib=1 dir=0 label=0 lowerbound=1 fileNameGp=../graphsdb/mcs90/m2D/m2D/mcs90_m2D_s20.A08 fileNameGt=../graphsdb/mcs90/m2D/m2D/mcs90_m2D_s20.B08
Reading graphs...
20 :  31
20 :  31
Initializing...
maxdom : 20
D->valSize : 400
Solving...
currentSize : 9 <-- 0.003854 s
currentSize : 10 <-- 0.003890 s
currentSize : 11 <-- 0.004105 s
currentSize : 12 <-- 0.004617 s
currentSize : 13 <-- 0.014686 s
currentSize : 14 <-- 0.014798 s
currentSize : 15 <-- 0.039371 s
currentSize : 16 <-- 0.046946 s
currentSize : 17 <-- 0.049151 s

maxsize : 17
nodes : 13254.000000
filtered : 163551.000000
time : 0.068337
