Parameters: GAD=1 vflib=1 dir=0 label=0 lowerbound=1 fileNameGp=../graphsdb/mcs90/m2D/m2D/mcs90_m2D_s30.A27 fileNameGt=../graphsdb/mcs90/m2D/m2D/mcs90_m2D_s30.B27
Reading graphs...
30 :  49
30 :  49
Initializing...
maxdom : 30
D->valSize : 900
Solving...
currentSize : 11 <-- 0.010917 s
currentSize : 13 <-- 0.010997 s
currentSize : 14 <-- 0.011025 s
currentSize : 17 <-- 0.011066 s
currentSize : 18 <-- 0.011104 s
currentSize : 19 <-- 0.013230 s
currentSize : 20 <-- 0.059220 s
currentSize : 21 <-- 0.245029 s
currentSize : 22 <-- 1.038281 s
currentSize : 23 <-- 2.947615 s
currentSize : 25 <-- 5.685792 s

maxsize : 25
nodes : 1206882.000000
filtered : 26541609.000000
time : 5.932884
