Parameters: GAD=1 vflib=1 dir=0 label=0 lowerbound=1 fileNameGp=../graphsdb/mcs90/bvg/b06m/mcs90_b06m_s35.A58 fileNameGt=../graphsdb/mcs90/bvg/b06m/mcs90_b06m_s35.B58
Reading graphs...
35 :  102
35 :  102
Initializing...
maxdom : 35
D->valSize : 1225
Solving...
currentSize : 14 <-- 0.019527 s
currentSize : 15 <-- 0.019829 s
currentSize : 16 <-- 0.029945 s
currentSize : 17 <-- 0.035202 s
currentSize : 18 <-- 0.040130 s
currentSize : 19 <-- 0.130657 s
currentSize : 20 <-- 0.255146 s
currentSize : 21 <-- 4.346552 s
currentSize : 22 <-- 8.407216 s
currentSize : 23 <-- 10.925581 s
currentSize : 24 <-- 10.965796 s
currentSize : 27 <-- 10.969912 s
currentSize : 31 <-- 11.092843 s

maxsize : 31
nodes : 2126733.000000
filtered : 49062962.000000
time : 11.154642
