Parameters: GAD=1 vflib=1 dir=0 label=0 lowerbound=1 fileNameGp=../graphsdb/mcs90/bvg/b09/mcs90_b09_s30.A09 fileNameGt=../graphsdb/mcs90/bvg/b09/mcs90_b09_s30.B09
Reading graphs...
30 :  135
30 :  135
Initializing...
maxdom : 30
D->valSize : 900
Solving...
currentSize : 10 <-- 0.009503 s
currentSize : 11 <-- 0.009524 s
currentSize : 12 <-- 0.009558 s
currentSize : 13 <-- 0.010793 s
currentSize : 15 <-- 0.083599 s
currentSize : 17 <-- 0.083658 s
currentSize : 18 <-- 0.089346 s
currentSize : 19 <-- 0.120218 s
currentSize : 20 <-- 0.120438 s
currentSize : 22 <-- 0.133024 s
currentSize : 26 <-- 0.141252 s

maxsize : 26
nodes : 46670.000000
filtered : 1624819.000000
time : 0.283525
