Parameters: GAD=1 vflib=1 dir=0 label=0 lowerbound=1 fileNameGp=../graphsdb/mcs90/m2D/m2D/mcs90_m2D_s20.A24 fileNameGt=../graphsdb/mcs90/m2D/m2D/mcs90_m2D_s20.B24
Reading graphs...
20 :  31
20 :  31
Initializing...
maxdom : 20
D->valSize : 400
Solving...
currentSize : 12 <-- 0.002287 s
currentSize : 13 <-- 0.002306 s
currentSize : 14 <-- 0.002476 s
currentSize : 15 <-- 0.002783 s
currentSize : 16 <-- 0.002916 s
currentSize : 17 <-- 0.014413 s
currentSize : 18 <-- 0.014898 s

maxsize : 18
nodes : 3889.000000
filtered : 69262.000000
time : 0.016409
