Parameters: GAD=1 vflib=1 dir=0 label=0 lowerbound=1 fileNameGp=../graphsdb/mcs90/rand/r02/mcs90_r02_s30.A63 fileNameGt=../graphsdb/mcs90/rand/r02/mcs90_r02_s30.B63
Reading graphs...
30 :  162
30 :  165
Initializing...
maxdom : 30
D->valSize : 900
Solving...
currentSize : 11 <-- 0.015721 s
currentSize : 12 <-- 0.015938 s
currentSize : 13 <-- 0.101510 s
currentSize : 14 <-- 2.557054 s
currentSize : 16 <-- 2.817652 s
currentSize : 17 <-- 5.589953 s
currentSize : 19 <-- 5.590885 s
currentSize : 27 <-- 6.016231 s

maxsize : 27
nodes : 1421119.000000
filtered : 19959736.000000
time : 6.033981
