Parameters: GAD=1 vflib=1 dir=0 label=0 lowerbound=1 fileNameGp=../graphsdb/mcs90/bvg/b06/mcs90_b06_s20.A63 fileNameGt=../graphsdb/mcs90/bvg/b06/mcs90_b06_s20.B63
Reading graphs...
20 :  59
20 :  59
Initializing...
maxdom : 20
D->valSize : 400
Solving...
currentSize : 12 <-- 0.002089 s
currentSize : 13 <-- 0.002109 s
currentSize : 14 <-- 0.002164 s
currentSize : 15 <-- 0.002301 s
currentSize : 16 <-- 0.002313 s
currentSize : 18 <-- 0.002738 s

maxsize : 18
nodes : 1481.000000
filtered : 40990.000000
time : 0.008244
