Parameters: GAD=1 vflib=1 dir=0 label=0 lowerbound=1 fileNameGp=../graphsdb/mcs90/rand/r005/mcs90_r005_s30.A21 fileNameGt=../graphsdb/mcs90/rand/r005/mcs90_r005_s30.B21
Reading graphs...
30 :  41
30 :  41
Initializing...
maxdom : 30
D->valSize : 900
Solving...
currentSize : 10 <-- 0.011048 s
currentSize : 11 <-- 0.011071 s
currentSize : 15 <-- 0.011112 s
currentSize : 16 <-- 0.011161 s
currentSize : 17 <-- 0.011295 s
currentSize : 18 <-- 0.015696 s
currentSize : 19 <-- 0.047785 s
currentSize : 20 <-- 0.854384 s
currentSize : 21 <-- 7.399775 s
currentSize : 22 <-- 7.431461 s
currentSize : 23 <-- 7.643484 s
currentSize : 25 <-- 7.821069 s
currentSize : 27 <-- 7.821082 s

maxsize : 27
nodes : 2066830.000000
filtered : 23833602.000000
time : 7.834053
