Parameters: GAD=1 vflib=1 dir=0 label=0 lowerbound=1 fileNameGp=../graphsdb/mcs90/rand/r01/mcs90_r01_s20.A52 fileNameGt=../graphsdb/mcs90/rand/r01/mcs90_r01_s20.B52
Reading graphs...
20 :  37
20 :  37
Initializing...
maxdom : 20
D->valSize : 400
Solving...
currentSize : 8 <-- 0.002183 s
currentSize : 9 <-- 0.002203 s
currentSize : 10 <-- 0.002280 s
currentSize : 11 <-- 0.002363 s
currentSize : 12 <-- 0.004694 s
currentSize : 13 <-- 0.008198 s
currentSize : 15 <-- 0.165195 s
currentSize : 18 <-- 0.165787 s

maxsize : 18
nodes : 49621.000000
filtered : 635121.000000
time : 0.166650
