Parameters: GAD=1 vflib=1 dir=0 label=0 lowerbound=1 fileNameGp=../graphsdb/mcs90/m2D/m2Dr2/mcs90_m2Dr2_s20.A35 fileNameGt=../graphsdb/mcs90/m2D/m2Dr2/mcs90_m2Dr2_s20.B35
Reading graphs...
20 :  35
20 :  34
Initializing...
maxdom : 20
D->valSize : 400
Solving...
currentSize : 11 <-- 0.002215 s
currentSize : 12 <-- 0.002241 s
currentSize : 13 <-- 0.002266 s
currentSize : 14 <-- 0.091135 s
currentSize : 15 <-- 0.105734 s
currentSize : 16 <-- 0.135981 s

maxsize : 16
nodes : 51801.000000
filtered : 659337.000000
time : 0.165962
