Parameters: GAD=1 vflib=1 dir=0 label=0 lowerbound=1 fileNameGp=../graphsdb/mcs90/bvg/b06m/mcs90_b06m_s25.A51 fileNameGt=../graphsdb/mcs90/bvg/b06m/mcs90_b06m_s25.B51
Reading graphs...
25 :  72
25 :  73
Initializing...
maxdom : 25
D->valSize : 625
Solving...
currentSize : 7 <-- 0.004784 s
currentSize : 8 <-- 0.004854 s
currentSize : 12 <-- 0.004970 s
currentSize : 13 <-- 0.005230 s
currentSize : 14 <-- 0.005284 s
currentSize : 15 <-- 0.037177 s
currentSize : 16 <-- 0.582071 s
currentSize : 18 <-- 0.679525 s
currentSize : 22 <-- 0.804533 s

maxsize : 22
nodes : 188937.000000
filtered : 3761464.000000
time : 0.810437
