Parameters: GAD=1 vflib=1 dir=0 label=0 lowerbound=1 fileNameGp=../graphsdb/mcs90/m3D/m3Dr4/mcs90_m3Dr4_s30.A23 fileNameGt=../graphsdb/mcs90/m3D/m3Dr4/mcs90_m3Dr4_s30.B23
Reading graphs...
30 :  72
30 :  72
Initializing...
maxdom : 30
D->valSize : 900
Solving...
currentSize : 15 <-- 0.018097 s
currentSize : 16 <-- 0.018152 s
currentSize : 17 <-- 0.072495 s
currentSize : 18 <-- 1.312607 s
currentSize : 19 <-- 1.399379 s
currentSize : 21 <-- 10.126647 s
currentSize : 22 <-- 11.811552 s
currentSize : 27 <-- 11.820334 s

maxsize : 27
nodes : 2548918.000000
filtered : 49828386.000000
time : 11.847515
