Parameters: GAD=1 vflib=1 dir=0 label=0 lowerbound=1 fileNameGp=../graphsdb/mcs90/m2D/m2D/mcs90_m2D_s30.A40 fileNameGt=../graphsdb/mcs90/m2D/m2D/mcs90_m2D_s30.B40
Reading graphs...
30 :  49
30 :  49
Initializing...
maxdom : 30
D->valSize : 900
Solving...
currentSize : 17 <-- 0.011092 s
currentSize : 18 <-- 0.011600 s
currentSize : 19 <-- 0.034378 s
currentSize : 20 <-- 0.043492 s
currentSize : 22 <-- 0.050903 s
currentSize : 23 <-- 0.139128 s
currentSize : 25 <-- 0.264508 s
currentSize : 27 <-- 0.297369 s

maxsize : 27
nodes : 67808.000000
filtered : 1517294.000000
time : 0.339814
