Parameters: GAD=1 vflib=1 dir=0 label=0 lowerbound=1 fileNameGp=../graphsdb/mcs90/bvg/b06m/mcs90_b06m_s30.A21 fileNameGt=../graphsdb/mcs90/bvg/b06m/mcs90_b06m_s30.B21
Reading graphs...
30 :  89
30 :  90
Initializing...
maxdom : 30
D->valSize : 900
Solving...
currentSize : 13 <-- 0.010050 s
currentSize : 14 <-- 0.011156 s
currentSize : 15 <-- 0.013367 s
currentSize : 16 <-- 0.025724 s
currentSize : 17 <-- 0.090554 s
currentSize : 20 <-- 9.178859 s
currentSize : 21 <-- 9.221870 s
currentSize : 23 <-- 9.221924 s
currentSize : 27 <-- 9.223070 s

maxsize : 27
nodes : 2031805.000000
filtered : 41093092.000000
time : 9.243030
