Parameters: GAD=1 vflib=1 dir=0 label=0 lowerbound=1 fileNameGp=../graphsdb/mcs90/m2D/m2Dr4/mcs90_m2Dr4_s20.A67 fileNameGt=../graphsdb/mcs90/m2D/m2Dr4/mcs90_m2Dr4_s20.B67
Reading graphs...
20 :  38
20 :  38
Initializing...
maxdom : 20
D->valSize : 400
Solving...
currentSize : 9 <-- 0.002298 s
currentSize : 10 <-- 0.002313 s
currentSize : 11 <-- 0.002604 s
currentSize : 12 <-- 0.003192 s
currentSize : 13 <-- 0.007440 s
currentSize : 14 <-- 0.071787 s
currentSize : 15 <-- 0.076826 s
currentSize : 17 <-- 0.132405 s

maxsize : 17
nodes : 37821.000000
filtered : 562360.000000
time : 0.134192
