Parameters: GAD=1 vflib=1 dir=0 label=0 lowerbound=1 fileNameGp=../graphsdb/mcs90/bvg/b09/mcs90_b09_s25.A85 fileNameGt=../graphsdb/mcs90/bvg/b09/mcs90_b09_s25.B85
Reading graphs...
25 :  111
25 :  111
Initializing...
maxdom : 25
D->valSize : 625
Solving...
currentSize : 8 <-- 0.007121 s
currentSize : 10 <-- 0.007155 s
currentSize : 11 <-- 0.007432 s
currentSize : 12 <-- 0.007636 s
currentSize : 13 <-- 0.008676 s
currentSize : 14 <-- 0.009182 s
currentSize : 15 <-- 0.014855 s
currentSize : 16 <-- 0.015227 s
currentSize : 17 <-- 0.017743 s
currentSize : 18 <-- 0.017895 s
currentSize : 22 <-- 0.021879 s

maxsize : 22
nodes : 8930.000000
filtered : 307448.000000
time : 0.054179
