Parameters: GAD=1 vflib=1 dir=0 label=0 lowerbound=1 fileNameGp=../graphsdb/mcs90/rand/r02/mcs90_r02_s25.A45 fileNameGt=../graphsdb/mcs90/rand/r02/mcs90_r02_s25.B45
Reading graphs...
25 :  105
25 :  104
Initializing...
maxdom : 25
D->valSize : 625
Solving...
currentSize : 11 <-- 0.004542 s
currentSize : 12 <-- 0.004605 s
currentSize : 14 <-- 0.004646 s
currentSize : 15 <-- 0.005672 s
currentSize : 16 <-- 0.026431 s
currentSize : 18 <-- 0.038704 s
currentSize : 22 <-- 0.095314 s

maxsize : 22
nodes : 18096.000000
filtered : 592357.000000
time : 0.102492
