Parameters: GAD=1 vflib=1 dir=0 label=0 lowerbound=1 fileNameGp=../graphsdb/mcs90/bvg/b03m/mcs90_b03m_s20.A28 fileNameGt=../graphsdb/mcs90/bvg/b03m/mcs90_b03m_s20.B28
Reading graphs...
20 :  30
20 :  30
Initializing...
maxdom : 20
D->valSize : 400
Solving...
currentSize : 12 <-- 0.002267 s
currentSize : 13 <-- 0.002445 s
currentSize : 14 <-- 0.003096 s
currentSize : 15 <-- 0.008897 s
currentSize : 16 <-- 0.039110 s
currentSize : 18 <-- 0.060366 s

maxsize : 18
nodes : 16712.000000
filtered : 247331.000000
time : 0.060852
