Parameters: GAD=1 vflib=1 dir=0 label=0 lowerbound=1 fileNameGp=../graphsdb/mcs90/m2D/m2Dr4/mcs90_m2Dr4_s30.A85 fileNameGt=../graphsdb/mcs90/m2D/m2Dr4/mcs90_m2Dr4_s30.B85
Reading graphs...
30 :  59
30 :  58
Initializing...
maxdom : 30
D->valSize : 900
Solving...
currentSize : 17 <-- 0.018598 s
currentSize : 18 <-- 0.029252 s
currentSize : 19 <-- 0.064452 s
currentSize : 20 <-- 0.103284 s
currentSize : 22 <-- 4.811620 s
currentSize : 23 <-- 5.086540 s
currentSize : 24 <-- 5.384202 s
currentSize : 25 <-- 5.384784 s

maxsize : 25
nodes : 1164887.000000
filtered : 24262711.000000
time : 5.620249
