Parameters: GAD=1 vflib=1 dir=0 label=0 lowerbound=1 fileNameGp=../graphsdb/mcs90/m2D/m2Dr2/mcs90_m2Dr2_s30.A88 fileNameGt=../graphsdb/mcs90/m2D/m2Dr2/mcs90_m2Dr2_s30.B88
Reading graphs...
30 :  54
30 :  52
Initializing...
maxdom : 30
D->valSize : 900
Solving...
currentSize : 17 <-- 0.018776 s
currentSize : 18 <-- 0.018820 s
currentSize : 19 <-- 0.033753 s
currentSize : 20 <-- 0.134970 s
currentSize : 21 <-- 1.888943 s
currentSize : 22 <-- 9.351610 s
currentSize : 23 <-- 11.202035 s
currentSize : 24 <-- 11.202086 s
currentSize : 25 <-- 11.202197 s

maxsize : 25
nodes : 2378540.000000
filtered : 50850011.000000
time : 11.670583
