Parameters: GAD=1 vflib=1 dir=0 label=0 lowerbound=1 fileNameGp=../graphsdb/mcs90/m3D/m3Dr6/mcs90_m3Dr6_s30.A49 fileNameGt=../graphsdb/mcs90/m3D/m3Dr6/mcs90_m3Dr6_s30.B49
Reading graphs...
30 :  79
30 :  77
Initializing...
maxdom : 30
D->valSize : 900
Solving...
currentSize : 15 <-- 0.017841 s
currentSize : 16 <-- 0.019265 s
currentSize : 17 <-- 0.060677 s
currentSize : 18 <-- 0.438915 s
currentSize : 20 <-- 0.496183 s
currentSize : 22 <-- 0.496993 s
currentSize : 23 <-- 0.497045 s
currentSize : 27 <-- 0.509199 s

maxsize : 27
nodes : 123230.000000
filtered : 1793286.000000
time : 0.540899
