Parameters: GAD=1 vflib=1 dir=0 label=0 lowerbound=1 fileNameGp=../graphsdb/mcs90/rand/r02/mcs90_r02_s15.A05 fileNameGt=../graphsdb/mcs90/rand/r02/mcs90_r02_s15.B05
Reading graphs...
15 :  36
15 :  37
Initializing...
maxdom : 15
D->valSize : 225
Solving...
currentSize : 5 <-- 0.000796 s
currentSize : 7 <-- 0.000823 s
currentSize : 8 <-- 0.000921 s
currentSize : 9 <-- 0.001040 s
currentSize : 11 <-- 0.004986 s
currentSize : 13 <-- 0.005020 s

maxsize : 13
nodes : 1701.000000
filtered : 18763.000000
time : 0.005518
