Parameters: GAD=1 vflib=1 dir=0 label=0 lowerbound=1 fileNameGp=../graphsdb/mcs90/rand/r02/mcs90_r02_s35.A30 fileNameGt=../graphsdb/mcs90/rand/r02/mcs90_r02_s35.B30
Reading graphs...
35 :  216
35 :  219
Initializing...
maxdom : 35
D->valSize : 1225
Solving...
currentSize : 10 <-- 0.017234 s
currentSize : 12 <-- 0.017572 s
currentSize : 13 <-- 0.020183 s
currentSize : 14 <-- 0.027869 s
currentSize : 15 <-- 4.557979 s
currentSize : 17 <-- 6.888492 s
currentSize : 18 <-- 29.473515 s
currentSize : 20 <-- 29.473652 s
currentSize : 24 <-- 29.692698 s
currentSize : 31 <-- 30.676498 s

maxsize : 31
nodes : 6751394.000000
filtered : 88603939.000000
time : 30.795324
