Parameters: GAD=1 vflib=1 dir=0 label=0 lowerbound=1 fileNameGp=../graphsdb/mcs90/bvg/b06/mcs90_b06_s30.A24 fileNameGt=../graphsdb/mcs90/bvg/b06/mcs90_b06_s30.B24
Reading graphs...
30 :  90
30 :  90
Initializing...
maxdom : 30
D->valSize : 900
Solving...
currentSize : 17 <-- 0.009932 s
currentSize : 18 <-- 0.009948 s
currentSize : 19 <-- 0.009968 s
currentSize : 20 <-- 0.010041 s
currentSize : 21 <-- 0.011310 s
currentSize : 22 <-- 0.012164 s
currentSize : 23 <-- 0.012269 s
currentSize : 27 <-- 0.018584 s
currentSize : 28 <-- 0.064439 s

maxsize : 28
nodes : 9774.000000
filtered : 295972.000000
time : 0.068867
