Parameters: GAD=1 vflib=1 dir=0 label=0 lowerbound=1 fileNameGp=../graphsdb/mcs90/bvg/b06/mcs90_b06_s30.A02 fileNameGt=../graphsdb/mcs90/bvg/b06/mcs90_b06_s30.B02
Reading graphs...
30 :  89
30 :  90
Initializing...
maxdom : 30
D->valSize : 900
Solving...
currentSize : 18 <-- 0.017494 s
currentSize : 19 <-- 0.017635 s
currentSize : 20 <-- 0.017740 s
currentSize : 21 <-- 0.017891 s
currentSize : 22 <-- 0.018184 s
currentSize : 23 <-- 0.018289 s
currentSize : 24 <-- 0.023443 s
currentSize : 25 <-- 0.023498 s
currentSize : 27 <-- 0.023799 s

maxsize : 27
nodes : 9064.000000
filtered : 325410.000000
time : 0.087887
