Parameters: GAD=1 vflib=1 dir=0 label=0 lowerbound=1 fileNameGp=../graphsdb/mcs90/m4D/m4Dr4/mcs90_m4Dr4_s20.A29 fileNameGt=../graphsdb/mcs90/m4D/m4Dr4/mcs90_m4Dr4_s20.B29
Reading graphs...
20 :  45
20 :  43
Initializing...
maxdom : 20
D->valSize : 400
Solving...
currentSize : 7 <-- 0.002034 s
currentSize : 8 <-- 0.002051 s
currentSize : 9 <-- 0.002067 s
currentSize : 10 <-- 0.002115 s
currentSize : 11 <-- 0.002849 s
currentSize : 12 <-- 0.013708 s
currentSize : 13 <-- 0.045688 s
currentSize : 14 <-- 0.100124 s
currentSize : 15 <-- 0.150660 s
currentSize : 16 <-- 0.151264 s

maxsize : 16
nodes : 48221.000000
filtered : 695546.000000
time : 0.157496
