Parameters: GAD=1 vflib=1 dir=0 label=0 lowerbound=1 fileNameGp=../graphsdb/mcs90/rand/r005/mcs90_r005_s20.A30 fileNameGt=../graphsdb/mcs90/rand/r005/mcs90_r005_s20.B30
Reading graphs...
20 :  21
20 :  21
Initializing...
maxdom : 20
D->valSize : 400
Solving...
currentSize : 6 <-- 0.002370 s
currentSize : 12 <-- 0.002416 s
currentSize : 13 <-- 0.005764 s
currentSize : 14 <-- 0.010799 s
currentSize : 15 <-- 0.029820 s
currentSize : 17 <-- 0.029899 s
currentSize : 18 <-- 0.030170 s

maxsize : 18
nodes : 12130.000000
filtered : 77506.000000
time : 0.031484
