Parameters: GAD=1 vflib=1 dir=0 label=0 lowerbound=1 fileNameGp=../graphsdb/mcs90/m2D/m2Dr6/mcs90_m2Dr6_s30.A64 fileNameGt=../graphsdb/mcs90/m2D/m2Dr6/mcs90_m2Dr6_s30.B64
Reading graphs...
30 :  64
30 :  63
Initializing...
maxdom : 30
D->valSize : 900
Solving...
currentSize : 12 <-- 0.010637 s
currentSize : 13 <-- 0.010683 s
currentSize : 14 <-- 0.010691 s
currentSize : 15 <-- 0.011284 s
currentSize : 16 <-- 0.013019 s
currentSize : 17 <-- 0.016365 s
currentSize : 18 <-- 0.020344 s
currentSize : 19 <-- 0.425158 s
currentSize : 20 <-- 2.142009 s
currentSize : 22 <-- 4.173395 s
currentSize : 23 <-- 8.972386 s
currentSize : 24 <-- 9.263619 s
currentSize : 25 <-- 9.263650 s

maxsize : 25
nodes : 1752641.000000
filtered : 46233224.000000
time : 9.364535
