Parameters: GAD=1 vflib=1 dir=0 label=0 lowerbound=1 fileNameGp=../graphsdb/mcs90/bvg/b09/mcs90_b09_s20.A38 fileNameGt=../graphsdb/mcs90/bvg/b09/mcs90_b09_s20.B38
Reading graphs...
20 :  90
20 :  89
Initializing...
maxdom : 20
D->valSize : 400
Solving...
currentSize : 8 <-- 0.001932 s
currentSize : 9 <-- 0.005111 s
currentSize : 10 <-- 0.005616 s
currentSize : 11 <-- 0.005812 s
currentSize : 12 <-- 0.006244 s
currentSize : 15 <-- 0.006806 s
currentSize : 16 <-- 0.006895 s
currentSize : 18 <-- 0.006961 s

maxsize : 18
nodes : 3022.000000
filtered : 74007.000000
time : 0.013901
