Parameters: GAD=1 vflib=1 dir=0 label=0 lowerbound=1 fileNameGp=../graphsdb/mcs90/bvg/b09m/mcs90_b09m_s20.A86 fileNameGt=../graphsdb/mcs90/bvg/b09m/mcs90_b09m_s20.B86
Reading graphs...
20 :  85
20 :  85
Initializing...
maxdom : 20
D->valSize : 400
Solving...
currentSize : 6 <-- 0.002069 s
currentSize : 7 <-- 0.002091 s
currentSize : 8 <-- 0.002485 s
currentSize : 10 <-- 0.002599 s
currentSize : 11 <-- 0.010476 s
currentSize : 12 <-- 0.075341 s
currentSize : 18 <-- 0.075907 s

maxsize : 18
nodes : 23203.000000
filtered : 248674.000000
time : 0.078114
