Parameters: GAD=1 vflib=1 dir=0 label=0 lowerbound=1 fileNameGp=../graphsdb/mcs90/bvg/b09m/mcs90_b09m_s35.A54 fileNameGt=../graphsdb/mcs90/bvg/b09m/mcs90_b09m_s35.B54
Reading graphs...
35 :  153
35 :  153
Initializing...
maxdom : 35
D->valSize : 1225
Solving...
currentSize : 11 <-- 0.030833 s
currentSize : 13 <-- 0.030946 s
currentSize : 14 <-- 0.031325 s
currentSize : 15 <-- 0.037361 s
currentSize : 16 <-- 0.044483 s
currentSize : 17 <-- 0.615851 s
currentSize : 18 <-- 43.991985 s
currentSize : 19 <-- 111.740402 s
currentSize : 21 <-- 144.876389 s
currentSize : 24 <-- 145.878571 s
currentSize : 25 <-- 149.127594 s
currentSize : 27 <-- 149.378494 s
currentSize : 30 <-- 149.380219 s

maxsize : 30
nodes : 28419891.000000
filtered : 655483563.000000
time : 149.531097
