Parameters: GAD=1 vflib=1 dir=0 label=0 lowerbound=1 fileNameGp=../graphsdb/mcs90/rand/r005/mcs90_r005_s25.A59 fileNameGt=../graphsdb/mcs90/rand/r005/mcs90_r005_s25.B59
Reading graphs...
25 :  29
25 :  29
Initializing...
maxdom : 25
D->valSize : 625
Solving...
currentSize : 14 <-- 0.005482 s
currentSize : 15 <-- 0.005592 s
currentSize : 16 <-- 0.007031 s
currentSize : 17 <-- 0.007044 s
currentSize : 18 <-- 0.009366 s
currentSize : 20 <-- 0.158803 s
currentSize : 21 <-- 0.158888 s
currentSize : 22 <-- 0.158897 s

maxsize : 22
nodes : 48438.000000
filtered : 519096.000000
time : 0.166667
