Parameters: GAD=1 vflib=1 dir=0 label=0 lowerbound=1 fileNameGp=../graphsdb/mcs90/rand/r005/mcs90_r005_s35.A14 fileNameGt=../graphsdb/mcs90/rand/r005/mcs90_r005_s35.B14
Reading graphs...
35 :  55
35 :  55
Initializing...
maxdom : 35
D->valSize : 1225
Solving...
currentSize : 20 <-- 0.021016 s
currentSize : 21 <-- 0.021097 s
currentSize : 22 <-- 0.021717 s
currentSize : 23 <-- 0.022884 s
currentSize : 24 <-- 0.023120 s
currentSize : 25 <-- 15.687822 s
currentSize : 26 <-- 18.902790 s
currentSize : 27 <-- 18.902807 s
currentSize : 30 <-- 22.388435 s
currentSize : 31 <-- 22.388453 s

maxsize : 31
nodes : 4266968.000000
filtered : 92793004.000000
time : 22.547373
