Parameters: GAD=1 vflib=1 dir=0 label=0 lowerbound=1 fileNameGp=../graphsdb/mcs90/bvg/b06m/mcs90_b06m_s25.A40 fileNameGt=../graphsdb/mcs90/bvg/b06m/mcs90_b06m_s25.B40
Reading graphs...
25 :  75
25 :  75
Initializing...
maxdom : 25
D->valSize : 625
Solving...
currentSize : 8 <-- 0.004745 s
currentSize : 9 <-- 0.004776 s
currentSize : 11 <-- 0.004785 s
currentSize : 12 <-- 0.004876 s
currentSize : 13 <-- 0.005725 s
currentSize : 14 <-- 0.084550 s
currentSize : 15 <-- 0.278255 s
currentSize : 16 <-- 0.434979 s
currentSize : 17 <-- 0.435027 s
currentSize : 22 <-- 0.453911 s

maxsize : 22
nodes : 118254.000000
filtered : 1890124.000000
time : 0.464761
