Parameters: GAD=1 vflib=1 dir=0 label=0 lowerbound=1 fileNameGp=../graphsdb/mcs90/bvg/b09/mcs90_b09_s20.A36 fileNameGt=../graphsdb/mcs90/bvg/b09/mcs90_b09_s20.B36
Reading graphs...
20 :  90
20 :  88
Initializing...
maxdom : 20
D->valSize : 400
Solving...
currentSize : 7 <-- 0.002024 s
currentSize : 8 <-- 0.002062 s
currentSize : 9 <-- 0.002081 s
currentSize : 12 <-- 0.002119 s
currentSize : 14 <-- 0.002143 s
currentSize : 16 <-- 0.002192 s
currentSize : 18 <-- 0.002281 s

maxsize : 18
nodes : 1413.000000
filtered : 61978.000000
time : 0.009607
