Parameters: GAD=1 vflib=1 dir=0 label=0 lowerbound=1 fileNameGp=../graphsdb/mcs90/m2D/m2Dr4/mcs90_m2Dr4_s30.A14 fileNameGt=../graphsdb/mcs90/m2D/m2Dr4/mcs90_m2Dr4_s30.B14
Reading graphs...
30 :  61
30 :  61
Initializing...
maxdom : 30
D->valSize : 900
Solving...
currentSize : 13 <-- 0.010630 s
currentSize : 14 <-- 0.011324 s
currentSize : 15 <-- 0.011357 s
currentSize : 16 <-- 0.011513 s
currentSize : 17 <-- 0.015521 s
currentSize : 18 <-- 0.173183 s
currentSize : 19 <-- 0.200005 s
currentSize : 20 <-- 0.860932 s
currentSize : 21 <-- 2.587339 s
currentSize : 22 <-- 2.832963 s
currentSize : 23 <-- 3.278353 s
currentSize : 25 <-- 3.560459 s

maxsize : 25
nodes : 753944.000000
filtered : 16908519.000000
time : 3.687449
