Parameters: GAD=1 vflib=1 dir=0 label=0 lowerbound=1 fileNameGp=../graphsdb/mcs90/bvg/b06m/mcs90_b06m_s30.A25 fileNameGt=../graphsdb/mcs90/bvg/b06m/mcs90_b06m_s30.B25
Reading graphs...
30 :  88
30 :  87
Initializing...
maxdom : 30
D->valSize : 900
Solving...
currentSize : 11 <-- 0.017495 s
currentSize : 12 <-- 0.017567 s
currentSize : 14 <-- 0.017711 s
currentSize : 15 <-- 0.025963 s
currentSize : 16 <-- 0.053582 s
currentSize : 18 <-- 0.183941 s
currentSize : 19 <-- 0.184456 s
currentSize : 20 <-- 3.814193 s
currentSize : 21 <-- 3.859205 s
currentSize : 23 <-- 3.864032 s
currentSize : 27 <-- 3.864489 s

maxsize : 27
nodes : 727615.000000
filtered : 19599296.000000
time : 3.884428
