Parameters: GAD=1 vflib=1 dir=0 label=0 lowerbound=1 fileNameGp=../graphsdb/mcs90/m3D/m3Dr4/mcs90_m3Dr4_s30.A92 fileNameGt=../graphsdb/mcs90/m3D/m3Dr4/mcs90_m3Dr4_s30.B92
Reading graphs...
30 :  72
30 :  71
Initializing...
maxdom : 30
D->valSize : 900
Solving...
currentSize : 17 <-- 0.010451 s
currentSize : 18 <-- 0.010492 s
currentSize : 19 <-- 0.012395 s
currentSize : 20 <-- 0.047188 s
currentSize : 21 <-- 0.305968 s
currentSize : 22 <-- 4.202908 s
currentSize : 23 <-- 5.502485 s
currentSize : 27 <-- 5.511970 s

maxsize : 27
nodes : 1023052.000000
filtered : 26186534.000000
time : 5.550232
