Parameters: GAD=1 vflib=1 dir=0 label=0 lowerbound=1 fileNameGp=../graphsdb/mcs90/bvg/b03/mcs90_b03_s25.A28 fileNameGt=../graphsdb/mcs90/bvg/b03/mcs90_b03_s25.B28
Reading graphs...
25 :  37
25 :  37
Initializing...
maxdom : 25
D->valSize : 625
Solving...
currentSize : 18 <-- 0.009219 s
currentSize : 19 <-- 0.009302 s
currentSize : 20 <-- 0.009382 s
currentSize : 21 <-- 0.009505 s
currentSize : 22 <-- 0.011463 s
currentSize : 23 <-- 0.017070 s

maxsize : 23
nodes : 3930.000000
filtered : 86776.000000
time : 0.039435
