Parameters: GAD=1 vflib=1 dir=0 label=0 lowerbound=1 fileNameGp=../graphsdb/mcs90/bvg/b09m/mcs90_b09m_s35.A20 fileNameGt=../graphsdb/mcs90/bvg/b09m/mcs90_b09m_s35.B20
Reading graphs...
35 :  149
35 :  148
Initializing...
maxdom : 35
D->valSize : 1225
Solving...
currentSize : 14 <-- 0.018191 s
currentSize : 15 <-- 0.028809 s
currentSize : 16 <-- 0.128120 s
currentSize : 17 <-- 3.719516 s
currentSize : 18 <-- 37.502876 s
currentSize : 19 <-- 63.699886 s
currentSize : 20 <-- 80.640289 s
currentSize : 21 <-- 114.738564 s
currentSize : 23 <-- 114.738647 s
currentSize : 25 <-- 115.570656 s
currentSize : 27 <-- 115.570976 s
currentSize : 30 <-- 115.581833 s
currentSize : 31 <-- 115.582001 s

maxsize : 31
nodes : 22492746.000000
filtered : 489780635.000000
time : 115.653023
