Parameters: GAD=1 vflib=1 dir=0 label=0 lowerbound=1 fileNameGp=../graphsdb/mcs90/m3D/m3Dr2/mcs90_m3Dr2_s30.A35 fileNameGt=../graphsdb/mcs90/m3D/m3Dr2/mcs90_m3Dr2_s30.B35
Reading graphs...
30 :  67
30 :  66
Initializing...
maxdom : 30
D->valSize : 900
Solving...
currentSize : 14 <-- 0.010585 s
currentSize : 15 <-- 0.010762 s
currentSize : 16 <-- 0.021528 s
currentSize : 17 <-- 0.037109 s
currentSize : 18 <-- 0.238371 s
currentSize : 19 <-- 0.677709 s
currentSize : 20 <-- 12.972154 s
currentSize : 21 <-- 12.972252 s
currentSize : 22 <-- 17.375179 s
currentSize : 23 <-- 18.584375 s
currentSize : 24 <-- 18.646061 s
currentSize : 27 <-- 18.732048 s

maxsize : 27
nodes : 4262775.000000
filtered : 76790376.000000
time : 18.759069
