Parameters: GAD=1 vflib=1 dir=0 label=0 lowerbound=1 fileNameGp=../graphsdb/mcs90/m3D/m3Dr4/mcs90_m3Dr4_s30.A04 fileNameGt=../graphsdb/mcs90/m3D/m3Dr4/mcs90_m3Dr4_s30.B04
Reading graphs...
30 :  73
30 :  73
Initializing...
maxdom : 30
D->valSize : 900
Solving...
currentSize : 9 <-- 0.017906 s
currentSize : 10 <-- 0.017932 s
currentSize : 11 <-- 0.017963 s
currentSize : 13 <-- 0.018477 s
currentSize : 15 <-- 0.019228 s
currentSize : 16 <-- 0.035296 s
currentSize : 17 <-- 0.040966 s
currentSize : 18 <-- 0.609634 s
currentSize : 19 <-- 1.424523 s
currentSize : 20 <-- 4.428625 s
currentSize : 21 <-- 8.267373 s
currentSize : 22 <-- 8.290259 s
currentSize : 23 <-- 8.291175 s
currentSize : 25 <-- 8.373830 s
currentSize : 27 <-- 8.539250 s

maxsize : 27
nodes : 1762961.000000
filtered : 36795302.000000
time : 8.541743
