Parameters: GAD=1 vflib=1 dir=0 label=0 lowerbound=1 fileNameGp=../graphsdb/mcs90/m2D/m2Dr4/mcs90_m2Dr4_s20.A05 fileNameGt=../graphsdb/mcs90/m2D/m2Dr4/mcs90_m2Dr4_s20.B05
Reading graphs...
20 :  39
20 :  38
Initializing...
maxdom : 20
D->valSize : 400
Solving...
currentSize : 10 <-- 0.002217 s
currentSize : 11 <-- 0.002246 s
currentSize : 12 <-- 0.002251 s
currentSize : 13 <-- 0.002304 s
currentSize : 14 <-- 0.056024 s
currentSize : 16 <-- 0.298087 s

maxsize : 16
nodes : 88533.000000
filtered : 1306733.000000
time : 0.308405
