Parameters: GAD=1 vflib=1 dir=0 label=0 lowerbound=1 fileNameGp=../graphsdb/mcs90/m2D/m2Dr2/mcs90_m2Dr2_s30.A22 fileNameGt=../graphsdb/mcs90/m2D/m2Dr2/mcs90_m2Dr2_s30.B22
Reading graphs...
30 :  54
30 :  52
Initializing...
maxdom : 30
D->valSize : 900
Solving...
currentSize : 15 <-- 0.018813 s
currentSize : 16 <-- 0.018976 s
currentSize : 17 <-- 0.021544 s
currentSize : 18 <-- 0.037029 s
currentSize : 19 <-- 0.175503 s
currentSize : 20 <-- 0.285061 s
currentSize : 21 <-- 0.520856 s
currentSize : 22 <-- 0.768903 s
currentSize : 25 <-- 1.023232 s

maxsize : 25
nodes : 292321.000000
filtered : 6046320.000000
time : 1.451318
