Parameters: GAD=1 vflib=1 dir=0 label=0 lowerbound=1 fileNameGp=../graphsdb/mcs90/bvg/b03m/mcs90_b03m_s30.A56 fileNameGt=../graphsdb/mcs90/bvg/b03m/mcs90_b03m_s30.B56
Reading graphs...
30 :  44
30 :  44
Initializing...
maxdom : 30
D->valSize : 900
Solving...
currentSize : 14 <-- 0.011143 s
currentSize : 15 <-- 0.011162 s
currentSize : 16 <-- 0.011188 s
currentSize : 17 <-- 0.011381 s
currentSize : 18 <-- 0.011971 s
currentSize : 19 <-- 0.011998 s
currentSize : 20 <-- 0.078794 s
currentSize : 21 <-- 0.814655 s
currentSize : 22 <-- 1.000880 s
currentSize : 23 <-- 1.354772 s
currentSize : 25 <-- 1.613904 s
currentSize : 26 <-- 1.613937 s

maxsize : 26
nodes : 404646.000000
filtered : 5932235.000000
time : 1.721885
