Parameters: GAD=1 vflib=1 dir=0 label=0 lowerbound=1 fileNameGp=../graphsdb/mcs90/bvg/b03m/mcs90_b03m_s20.A71 fileNameGt=../graphsdb/mcs90/bvg/b03m/mcs90_b03m_s20.B71
Reading graphs...
20 :  30
20 :  30
Initializing...
maxdom : 20
D->valSize : 400
Solving...
currentSize : 6 <-- 0.003737 s
currentSize : 8 <-- 0.003766 s
currentSize : 9 <-- 0.003779 s
currentSize : 10 <-- 0.003885 s
currentSize : 11 <-- 0.003917 s
currentSize : 13 <-- 0.004338 s
currentSize : 14 <-- 0.004346 s
currentSize : 15 <-- 0.004983 s
currentSize : 18 <-- 0.014264 s

maxsize : 18
nodes : 3278.000000
filtered : 59821.000000
time : 0.016703
