Parameters: GAD=1 vflib=1 dir=0 label=0 lowerbound=1 fileNameGp=../graphsdb/mcs90/bvg/b03m/mcs90_b03m_s35.A88 fileNameGt=../graphsdb/mcs90/bvg/b03m/mcs90_b03m_s35.B88
Reading graphs...
35 :  52
35 :  52
Initializing...
maxdom : 35
D->valSize : 1225
Solving...
currentSize : 20 <-- 0.036773 s
currentSize : 21 <-- 0.075417 s
currentSize : 22 <-- 2.573457 s
currentSize : 23 <-- 3.776889 s
currentSize : 24 <-- 6.352433 s
currentSize : 25 <-- 10.350510 s
currentSize : 26 <-- 11.959311 s
currentSize : 27 <-- 44.305161 s
currentSize : 28 <-- 44.893929 s
currentSize : 30 <-- 47.002567 s

maxsize : 30
nodes : 9077001.000000
filtered : 206969061.000000
time : 47.493305
