Parameters: GAD=1 vflib=1 dir=0 label=0 lowerbound=1 fileNameGp=../graphsdb/mcs90/m3D/m3D/mcs90_m3D_s30.A93 fileNameGt=../graphsdb/mcs90/m3D/m3D/mcs90_m3D_s30.B93
Reading graphs...
30 :  61
30 :  61
Initializing...
maxdom : 30
D->valSize : 900
Solving...
currentSize : 15 <-- 0.011185 s
currentSize : 17 <-- 0.011217 s
currentSize : 18 <-- 0.018292 s
currentSize : 19 <-- 0.021723 s
currentSize : 20 <-- 0.035875 s
currentSize : 21 <-- 0.046948 s
currentSize : 22 <-- 0.175741 s
currentSize : 23 <-- 0.182188 s
currentSize : 24 <-- 0.214849 s
currentSize : 25 <-- 0.330831 s
currentSize : 26 <-- 0.331172 s
currentSize : 28 <-- 0.332203 s

maxsize : 28
nodes : 68759.000000
filtered : 1661474.000000
time : 0.348282
