Parameters: GAD=1 vflib=1 dir=0 label=0 lowerbound=1 fileNameGp=../graphsdb/mcs90/rand/r01/mcs90_r01_s20.A89 fileNameGt=../graphsdb/mcs90/rand/r01/mcs90_r01_s20.B89
Reading graphs...
20 :  36
20 :  35
Initializing...
maxdom : 20
D->valSize : 400
Solving...
currentSize : 12 <-- 0.002233 s
currentSize : 13 <-- 0.002321 s
currentSize : 14 <-- 0.046707 s
currentSize : 15 <-- 0.116938 s
currentSize : 16 <-- 0.139079 s
currentSize : 18 <-- 0.139274 s

maxsize : 18
nodes : 39841.000000
filtered : 577791.000000
time : 0.139439
