Parameters: GAD=1 vflib=1 dir=0 label=0 lowerbound=1 fileNameGp=../graphsdb/mcs90/bvg/b09m/mcs90_b09m_s25.A97 fileNameGt=../graphsdb/mcs90/bvg/b09m/mcs90_b09m_s25.B97
Reading graphs...
25 :  105
25 :  106
Initializing...
maxdom : 25
D->valSize : 625
Solving...
currentSize : 11 <-- 0.004512 s
currentSize : 12 <-- 0.007048 s
currentSize : 13 <-- 0.235311 s
currentSize : 15 <-- 0.364616 s
currentSize : 18 <-- 0.522333 s
currentSize : 22 <-- 0.632627 s

maxsize : 22
nodes : 159181.000000
filtered : 2572274.000000
time : 0.636220
