Parameters: GAD=1 vflib=1 dir=0 label=0 lowerbound=1 fileNameGp=../graphsdb/mcs90/m4D/m4Dr4/mcs90_m4Dr4_s20.A90 fileNameGt=../graphsdb/mcs90/m4D/m4Dr4/mcs90_m4Dr4_s20.B90
Reading graphs...
20 :  44
20 :  43
Initializing...
maxdom : 20
D->valSize : 400
Solving...
currentSize : 11 <-- 0.002136 s
currentSize : 12 <-- 0.002161 s
currentSize : 13 <-- 0.002684 s
currentSize : 14 <-- 0.007550 s
currentSize : 15 <-- 0.048393 s
currentSize : 16 <-- 0.049446 s

maxsize : 16
nodes : 18178.000000
filtered : 328924.000000
time : 0.069357
