Parameters: GAD=1 vflib=1 dir=0 label=0 lowerbound=1 fileNameGp=../graphsdb/mcs90/m3D/m3Dr2/mcs90_m3Dr2_s30.A54 fileNameGt=../graphsdb/mcs90/m3D/m3Dr2/mcs90_m3Dr2_s30.B54
Reading graphs...
30 :  65
30 :  64
Initializing...
maxdom : 30
D->valSize : 900
Solving...
currentSize : 16 <-- 0.010700 s
currentSize : 18 <-- 0.012122 s
currentSize : 19 <-- 0.012422 s
currentSize : 20 <-- 0.013320 s
currentSize : 22 <-- 0.019915 s
currentSize : 23 <-- 0.021109 s
currentSize : 24 <-- 0.027563 s
currentSize : 27 <-- 0.036877 s

maxsize : 27
nodes : 8619.000000
filtered : 339117.000000
time : 0.067197
