Parameters: GAD=1 vflib=1 dir=0 label=0 lowerbound=1 fileNameGp=../graphsdb/mcs90/m3D/m3Dr6/mcs90_m3Dr6_s30.A07 fileNameGt=../graphsdb/mcs90/m3D/m3Dr6/mcs90_m3Dr6_s30.B07
Reading graphs...
30 :  77
30 :  75
Initializing...
maxdom : 30
D->valSize : 900
Solving...
currentSize : 15 <-- 0.010463 s
currentSize : 16 <-- 0.010832 s
currentSize : 17 <-- 0.055537 s
currentSize : 18 <-- 0.265856 s
currentSize : 19 <-- 10.492723 s
currentSize : 20 <-- 14.976408 s
currentSize : 24 <-- 15.344007 s
currentSize : 27 <-- 15.344059 s

maxsize : 27
nodes : 3493339.000000
filtered : 61028916.000000
time : 15.362667
