Parameters: GAD=1 vflib=1 dir=0 label=0 lowerbound=1 fileNameGp=../graphsdb/mcs90/rand/r01/mcs90_r01_s30.A62 fileNameGt=../graphsdb/mcs90/rand/r01/mcs90_r01_s30.B62
Reading graphs...
30 :  82
30 :  80
Initializing...
maxdom : 30
D->valSize : 900
Solving...
currentSize : 12 <-- 0.010164 s
currentSize : 13 <-- 0.010379 s
currentSize : 14 <-- 0.010598 s
currentSize : 15 <-- 0.014009 s
currentSize : 16 <-- 0.020768 s
currentSize : 17 <-- 0.114720 s
currentSize : 18 <-- 0.804483 s
currentSize : 24 <-- 1.449048 s
currentSize : 27 <-- 1.546900 s

maxsize : 27
nodes : 340335.000000
filtered : 5968282.000000
time : 1.554856
