Parameters: GAD=1 vflib=1 dir=0 label=0 lowerbound=1 fileNameGp=../graphsdb/mcs90/bvg/b06/mcs90_b06_s25.A04 fileNameGt=../graphsdb/mcs90/bvg/b06/mcs90_b06_s25.B04
Reading graphs...
25 :  75
25 :  74
Initializing...
maxdom : 25
D->valSize : 625
Solving...
currentSize : 15 <-- 0.004780 s
currentSize : 17 <-- 0.004828 s
currentSize : 18 <-- 0.004865 s
currentSize : 19 <-- 0.008589 s
currentSize : 20 <-- 0.008626 s
currentSize : 22 <-- 0.010796 s
currentSize : 23 <-- 0.017296 s

maxsize : 23
nodes : 3649.000000
filtered : 96148.000000
time : 0.022603
