Parameters: GAD=1 vflib=1 dir=0 label=0 lowerbound=1 fileNameGp=../graphsdb/mcs90/rand/r005/mcs90_r005_s35.A47 fileNameGt=../graphsdb/mcs90/rand/r005/mcs90_r005_s35.B47
Reading graphs...
35 :  57
35 :  57
Initializing...
maxdom : 35
D->valSize : 1225
Solving...
currentSize : 18 <-- 0.036080 s
currentSize : 19 <-- 0.036127 s
currentSize : 20 <-- 0.598047 s
currentSize : 21 <-- 16.094784 s
currentSize : 22 <-- 420.885925 s
currentSize : 23 <-- 449.197479 s
currentSize : 24 <-- 477.030426 s
currentSize : 25 <-- 477.247772 s
currentSize : 26 <-- 477.387573 s
currentSize : 27 <-- 491.753906 s
currentSize : 28 <-- 491.769073 s
currentSize : 31 <-- 491.787994 s

maxsize : 31
nodes : 147180345.000000
filtered : 1455895358.000000
time : 491.858582
