Parameters: GAD=1 vflib=1 dir=0 label=0 lowerbound=1 fileNameGp=../graphsdb/mcs90/rand/r02/mcs90_r02_s35.A08 fileNameGt=../graphsdb/mcs90/rand/r02/mcs90_r02_s35.B08
Reading graphs...
35 :  217
35 :  215
Initializing...
maxdom : 35
D->valSize : 1225
Solving...
currentSize : 12 <-- 0.017230 s
currentSize : 13 <-- 0.029700 s
currentSize : 14 <-- 0.084607 s
currentSize : 15 <-- 7.210359 s
currentSize : 17 <-- 192.284210 s
currentSize : 18 <-- 200.267883 s
currentSize : 23 <-- 200.362366 s
currentSize : 31 <-- 200.362900 s

maxsize : 31
nodes : 45486362.000000
filtered : 537955159.000000
time : 200.454956
