Parameters: GAD=1 vflib=1 dir=0 label=0 lowerbound=1 fileNameGp=../graphsdb/mcs90/rand/r01/mcs90_r01_s35.A56 fileNameGt=../graphsdb/mcs90/rand/r01/mcs90_r01_s35.B56
Reading graphs...
35 :  115
35 :  112
Initializing...
maxdom : 35
D->valSize : 1225
Solving...
currentSize : 14 <-- 0.032679 s
currentSize : 15 <-- 0.034521 s
currentSize : 16 <-- 0.034533 s
currentSize : 17 <-- 0.121634 s
currentSize : 18 <-- 0.226616 s
currentSize : 19 <-- 3.436921 s
currentSize : 20 <-- 3.509588 s
currentSize : 21 <-- 3.755717 s
currentSize : 22 <-- 4.560187 s
currentSize : 23 <-- 46.880737 s
currentSize : 24 <-- 48.355350 s
currentSize : 26 <-- 49.717216 s
currentSize : 31 <-- 50.430851 s

maxsize : 31
nodes : 8317296.000000
filtered : 257215636.000000
time : 50.481819
