Parameters: GAD=1 vflib=1 dir=0 label=0 lowerbound=1 fileNameGp=../graphsdb/mcs90/bvg/b06m/mcs90_b06m_s20.A77 fileNameGt=../graphsdb/mcs90/bvg/b06m/mcs90_b06m_s20.B77
Reading graphs...
20 :  59
20 :  60
Initializing...
maxdom : 20
D->valSize : 400
Solving...
currentSize : 9 <-- 0.001992 s
currentSize : 10 <-- 0.002090 s
currentSize : 11 <-- 0.002258 s
currentSize : 13 <-- 0.004132 s
currentSize : 14 <-- 0.004603 s
currentSize : 18 <-- 0.011915 s

maxsize : 18
nodes : 3252.000000
filtered : 56513.000000
time : 0.014022
