Parameters: GAD=1 vflib=1 dir=0 label=0 lowerbound=1 fileNameGp=../graphsdb/mcs90/bvg/b09/mcs90_b09_s15.A02 fileNameGt=../graphsdb/mcs90/bvg/b09/mcs90_b09_s15.B02
Reading graphs...
15 :  66
15 :  64
Initializing...
maxdom : 15
D->valSize : 225
Solving...
currentSize : 6 <-- 0.000817 s
currentSize : 7 <-- 0.000834 s
currentSize : 9 <-- 0.001021 s
currentSize : 10 <-- 0.002262 s
currentSize : 11 <-- 0.002315 s
currentSize : 12 <-- 0.002540 s

maxsize : 12
nodes : 2986.000000
filtered : 44584.000000
time : 0.009454
