Parameters: GAD=1 vflib=1 dir=0 label=0 lowerbound=1 fileNameGp=../graphsdb/mcs90/rand/r005/mcs90_r005_s35.A34 fileNameGt=../graphsdb/mcs90/rand/r005/mcs90_r005_s35.B34
Reading graphs...
35 :  58
35 :  58
Initializing...
maxdom : 35
D->valSize : 1225
Solving...
currentSize : 16 <-- 0.025487 s
currentSize : 17 <-- 0.025510 s
currentSize : 18 <-- 0.027836 s
currentSize : 19 <-- 0.027884 s
currentSize : 20 <-- 0.767863 s
currentSize : 21 <-- 1.490776 s
currentSize : 22 <-- 84.726448 s
currentSize : 23 <-- 119.826584 s
currentSize : 24 <-- 174.103363 s
currentSize : 26 <-- 288.957672 s
currentSize : 27 <-- 289.483246 s
currentSize : 28 <-- 289.562744 s
currentSize : 29 <-- 289.564026 s
currentSize : 31 <-- 289.566345 s

maxsize : 31
nodes : 65703835.000000
filtered : 981086201.000000
time : 289.626190
