Parameters: GAD=1 vflib=1 dir=0 label=0 lowerbound=1 fileNameGp=../graphsdb/mcs90/bvg/b06m/mcs90_b06m_s35.A85 fileNameGt=../graphsdb/mcs90/bvg/b06m/mcs90_b06m_s35.B85
Reading graphs...
35 :  103
35 :  103
Initializing...
maxdom : 35
D->valSize : 1225
Solving...
currentSize : 15 <-- 0.019282 s
currentSize : 16 <-- 0.019319 s
currentSize : 17 <-- 0.019438 s
currentSize : 18 <-- 0.025640 s
currentSize : 19 <-- 0.263829 s
currentSize : 20 <-- 0.271967 s
currentSize : 21 <-- 3.179118 s
currentSize : 22 <-- 13.613003 s
currentSize : 23 <-- 14.468009 s
currentSize : 24 <-- 22.285656 s
currentSize : 25 <-- 25.611471 s
currentSize : 27 <-- 25.613056 s
currentSize : 31 <-- 26.526228 s

maxsize : 31
nodes : 4495084.000000
filtered : 139922258.000000
time : 26.597990
