Parameters: GAD=1 vflib=1 dir=0 label=0 lowerbound=1 fileNameGp=../graphsdb/mcs90/bvg/b09m/mcs90_b09m_s30.A97 fileNameGt=../graphsdb/mcs90/bvg/b09m/mcs90_b09m_s30.B97
Reading graphs...
30 :  129
30 :  128
Initializing...
maxdom : 30
D->valSize : 900
Solving...
currentSize : 11 <-- 0.016573 s
currentSize : 12 <-- 0.016830 s
currentSize : 13 <-- 0.019789 s
currentSize : 14 <-- 0.117263 s
currentSize : 15 <-- 10.841381 s
currentSize : 18 <-- 12.051233 s
currentSize : 20 <-- 12.272389 s
currentSize : 26 <-- 13.794849 s

maxsize : 26
nodes : 3313943.000000
filtered : 46686092.000000
time : 13.851590
