Parameters: GAD=1 vflib=1 dir=0 label=0 lowerbound=1 fileNameGp=../graphsdb/mcs90/rand/r01/mcs90_r01_s25.A98 fileNameGt=../graphsdb/mcs90/rand/r01/mcs90_r01_s25.B98
Reading graphs...
25 :  55
25 :  56
Initializing...
maxdom : 25
D->valSize : 625
Solving...
currentSize : 11 <-- 0.004981 s
currentSize : 12 <-- 0.005028 s
currentSize : 13 <-- 0.005253 s
currentSize : 14 <-- 0.012036 s
currentSize : 15 <-- 0.080822 s
currentSize : 16 <-- 0.177322 s
currentSize : 17 <-- 0.422355 s
currentSize : 18 <-- 0.423636 s
currentSize : 20 <-- 0.423669 s
currentSize : 22 <-- 0.431421 s

maxsize : 22
nodes : 115212.000000
filtered : 1633777.000000
time : 0.438732
