Parameters: GAD=1 vflib=1 dir=0 label=0 lowerbound=1 fileNameGp=../graphsdb/mcs90/bvg/b03m/mcs90_b03m_s20.A47 fileNameGt=../graphsdb/mcs90/bvg/b03m/mcs90_b03m_s20.B47
Reading graphs...
20 :  29
20 :  29
Initializing...
maxdom : 20
D->valSize : 400
Solving...
currentSize : 10 <-- 0.002257 s
currentSize : 11 <-- 0.002418 s
currentSize : 12 <-- 0.003663 s
currentSize : 13 <-- 0.003685 s
currentSize : 14 <-- 0.003829 s
currentSize : 18 <-- 0.026662 s

maxsize : 18
nodes : 8700.000000
filtered : 94958.000000
time : 0.028492
