Parameters: GAD=1 vflib=1 dir=0 label=0 lowerbound=1 fileNameGp=../graphsdb/mcs90/bvg/b03/mcs90_b03_s35.A64 fileNameGt=../graphsdb/mcs90/bvg/b03/mcs90_b03_s35.B64
Reading graphs...
35 :  52
35 :  52
Initializing...
maxdom : 35
D->valSize : 1225
Solving...
currentSize : 24 <-- 0.021182 s
currentSize : 25 <-- 0.021216 s
currentSize : 26 <-- 0.107042 s
currentSize : 27 <-- 0.164487 s
currentSize : 28 <-- 0.373765 s
currentSize : 30 <-- 0.388698 s
currentSize : 31 <-- 0.446614 s
currentSize : 32 <-- 0.527922 s
currentSize : 33 <-- 0.552528 s

maxsize : 33
nodes : 102173.000000
filtered : 2286151.000000
time : 0.573034
