Parameters: GAD=1 vflib=1 dir=0 label=0 lowerbound=1 fileNameGp=../graphsdb/mcs90/bvg/b09m/mcs90_b09m_s35.A81 fileNameGt=../graphsdb/mcs90/bvg/b09m/mcs90_b09m_s35.B81
Reading graphs...
35 :  153
35 :  155
Initializing...
maxdom : 35
D->valSize : 1225
Solving...
currentSize : 13 <-- 0.017860 s
currentSize : 14 <-- 0.018036 s
currentSize : 15 <-- 0.025014 s
currentSize : 16 <-- 0.199730 s
currentSize : 17 <-- 5.016399 s
currentSize : 20 <-- 32.890820 s
currentSize : 22 <-- 34.752159 s
currentSize : 30 <-- 43.018375 s

maxsize : 30
nodes : 8588552.000000
filtered : 174856558.000000
time : 43.256611
