Parameters: GAD=1 vflib=1 dir=1 label=1 lowerbound=1 fileNameGp=../graphsdb/mcs10/m4D/m4Dr6/mcs10_m4Dr6_s100.A27 fileNameGt=../graphsdb/mcs10/m4D/m4Dr6/mcs10_m4Dr6_s100.B27
Reading graphs...
100 : 219
100 : 216
Initializing...
maxdom : 6
D->valSize : 331
Solving...
Blb : 2 (clique : 31)
currentSize : 31 <-- 0.003297 s
currentSize : 32 <-- 0.006992 s
currentSize : 33 <-- 0.009465 s
currentSize : 34 <-- 0.172087 s
currentSize : 35 <-- 0.172642 s
currentSize : 36 <-- 47.921436 s
currentSize : 37 <-- 62.323582 s

TIMEOUT
maxsize : 37
nodes : 627373672.000000
filtered : 3613608087.000000
time : 3600.000000
