Parameters: GAD=1 vflib=1 dir=1 label=1 lowerbound=1 fileNameGp=../graphsdb/mcs10/m2D/m2D/mcs10_m2D_s50.A48 fileNameGt=../graphsdb/mcs10/m2D/m2D/mcs10_m2D_s50.B48
Reading graphs...
50 : 85
50 : 85
Initializing...
maxdom : 12
D->valSize : 310
Solving...
Blb : 2 (clique : 17)
currentSize : 17 <-- 0.003517 s
currentSize : 18 <-- 0.036884 s
currentSize : 19 <-- 0.037545 s
currentSize : 20 <-- 0.221059 s
currentSize : 21 <-- 0.433665 s
currentSize : 22 <-- 1162.708496 s

TIMEOUT
maxsize : 22
nodes : 909157201.000000
filtered : 9815085660.000000
time : 3600.000000
