Parameters: GAD=1 vflib=1 dir=1 label=1 lowerbound=1 fileNameGp=../graphsdb/mcs10/bvg/b06m/mcs10_b06m_s70.A15 fileNameGt=../graphsdb/mcs10/bvg/b06m/mcs10_b06m_s70.B15
Reading graphs...
70 : 210
70 : 210
Initializing...
maxdom : 8
D->valSize : 316
Solving...
Blb : 2 (clique : 17)
currentSize : 17 <-- 0.002592 s
currentSize : 18 <-- 0.002732 s
currentSize : 19 <-- 0.002876 s
currentSize : 20 <-- 0.003218 s
currentSize : 21 <-- 0.006400 s
currentSize : 22 <-- 1.648336 s
currentSize : 23 <-- 2.152834 s
currentSize : 24 <-- 1336.877686 s

TIMEOUT
maxsize : 24
nodes : 743470245.000000
filtered : 6848410260.000000
time : 3600.000000
