Parameters: GAD=1 vflib=1 dir=1 label=1 lowerbound=1 fileNameGp=../graphsdb/mcs10/m3D/m3Dr6/mcs10_m3Dr6_s70.A17 fileNameGt=../graphsdb/mcs10/m3D/m3Dr6/mcs10_m3Dr6_s70.B17
Reading graphs...
70 : 201
70 : 200
Initializing...
maxdom : 7
D->valSize : 318
Solving...
Blb : 2 (clique : 20)
currentSize : 20 <-- 0.002662 s
currentSize : 21 <-- 0.003126 s
currentSize : 22 <-- 0.003559 s
currentSize : 23 <-- 0.012385 s
currentSize : 24 <-- 1.768115 s
currentSize : 25 <-- 22.152798 s

maxsize : 25
nodes : 480358332.000000
filtered : 5136145484.000000
time : 2364.644287
