Parameters: GAD=1 vflib=1 dir=1 label=1 lowerbound=1 fileNameGp=../graphsdb/mcs10/m2D/m2Dr4/mcs10_m2Dr4_s60.A15 fileNameGt=../graphsdb/mcs10/m2D/m2Dr4/mcs10_m2Dr4_s60.B15
Reading graphs...
60 : 128
60 : 127
Initializing...
maxdom : 11
D->valSize : 234
Solving...
Blb : 3 (clique : 18)
currentSize : 18 <-- 0.001599 s
currentSize : 19 <-- 0.015218 s
currentSize : 20 <-- 0.015720 s
currentSize : 21 <-- 0.495348 s
currentSize : 22 <-- 7.332453 s

maxsize : 22
nodes : 184895659.000000
filtered : 1379031793.000000
time : 755.174011
