Parameters: GAD=1 vflib=1 dir=1 label=1 lowerbound=1 fileNameGp=../graphsdb/mcs10/bvg/b03m/mcs10_b03m_s50.A21 fileNameGt=../graphsdb/mcs10/bvg/b03m/mcs10_b03m_s50.B21
Reading graphs...
50 : 75
50 : 74
Initializing...
maxdom : 11
D->valSize : 290
Solving...
Blb : 2 (clique : 15)
currentSize : 15 <-- 0.002004 s
currentSize : 16 <-- 0.002135 s
currentSize : 17 <-- 0.002380 s
currentSize : 18 <-- 0.002416 s
currentSize : 19 <-- 0.021855 s
currentSize : 20 <-- 0.234873 s
currentSize : 21 <-- 11.389326 s
currentSize : 22 <-- 589.483948 s
currentSize : 23 <-- 705.244019 s

TIMEOUT
maxsize : 23
nodes : 935253736.000000
filtered : 9181650498.000000
time : 3600.000000
