Parameters: GAD=1 vflib=1 dir=1 label=1 lowerbound=1 fileNameGp=../graphsdb/mcs10/m2D/m2Dr4/mcs10_m2Dr4_s60.A37 fileNameGt=../graphsdb/mcs10/m2D/m2Dr4/mcs10_m2Dr4_s60.B37
Reading graphs...
60 : 128
60 : 128
Initializing...
maxdom : 7
D->valSize : 254
Solving...
Blb : 2 (clique : 20)
currentSize : 20 <-- 0.001840 s
currentSize : 21 <-- 0.009110 s
currentSize : 22 <-- 0.025899 s
currentSize : 23 <-- 0.029519 s
currentSize : 24 <-- 12.301527 s
currentSize : 25 <-- 13.788000 s
currentSize : 26 <-- 1737.270020 s

maxsize : 26
nodes : 726653470.000000
filtered : 5786911741.000000
time : 3040.994385
