Parameters: GAD=1 vflib=1 dir=1 label=1 lowerbound=1 fileNameGp=../graphsdb/mcs10/m3D/m3Dr4/mcs10_m3Dr4_s90.A46 fileNameGt=../graphsdb/mcs10/m3D/m3Dr4/mcs10_m3Dr4_s90.B46
Reading graphs...
90 : 245
90 : 245
Initializing...
maxdom : 7
D->valSize : 521
Solving...
Blb : 2 (clique : 24)
currentSize : 24 <-- 0.005737 s
currentSize : 26 <-- 0.005949 s
currentSize : 27 <-- 0.083153 s
currentSize : 28 <-- 1.306941 s
currentSize : 29 <-- 1.332512 s
currentSize : 30 <-- 29.331938 s
currentSize : 31 <-- 29.706764 s

TIMEOUT
maxsize : 31
nodes : 679984840.000000
filtered : 6187777491.000000
time : 3600.000000
