Parameters: GAD=1 vflib=1 dir=1 label=1 lowerbound=1 fileNameGp=../graphsdb/mcs10/bvg/b03/mcs10_b03_s90.A16 fileNameGt=../graphsdb/mcs10/bvg/b03/mcs10_b03_s90.B16
Reading graphs...
90 : 135
90 : 135
Initializing...
maxdom : 13
D->valSize : 521
Solving...
Blb : 5 (clique : 32)
currentSize : 32 <-- 0.005875 s
currentSize : 33 <-- 1.691631 s
currentSize : 34 <-- 66.312637 s
currentSize : 35 <-- 221.513062 s
currentSize : 36 <-- 378.244995 s
currentSize : 37 <-- 2217.535645 s

TIMEOUT
maxsize : 37
nodes : 611498136.000000
filtered : 5406336932.000000
time : 3600.000000
