Parameters: GAD=1 vflib=1 dir=1 label=1 lowerbound=1 fileNameGp=../graphsdb/mcs10/bvg/b09/mcs10_b09_s100.A97 fileNameGt=../graphsdb/mcs10/bvg/b09/mcs10_b09_s100.B97
Reading graphs...
100 : 450
100 : 450
Initializing...
maxdom : 7
D->valSize : 343
Solving...
Blb : 5 (clique : 20)
currentSize : 20 <-- 0.003362 s
currentSize : 21 <-- 0.004793 s
currentSize : 22 <-- 0.068054 s
currentSize : 23 <-- 1.057094 s
currentSize : 24 <-- 2.487891 s
currentSize : 25 <-- 12.766995 s
currentSize : 26 <-- 45.517288 s
currentSize : 27 <-- 2300.378906 s

TIMEOUT
maxsize : 27
nodes : 660580468.000000
filtered : 4381094445.000000
time : 3600.000000
