Parameters: GAD=1 vflib=1 dir=1 label=1 lowerbound=1 fileNameGp=../graphsdb/mcs10/m3D/m3Dr6/mcs10_m3Dr6_s100.A48 fileNameGt=../graphsdb/mcs10/m3D/m3Dr6/mcs10_m3Dr6_s100.B48
Reading graphs...
100 : 295
100 : 295
Initializing...
maxdom : 7
D->valSize : 321
Solving...
Blb : 2 (clique : 25)
currentSize : 25 <-- 0.003289 s
currentSize : 26 <-- 0.003863 s
currentSize : 27 <-- 0.005795 s
currentSize : 28 <-- 0.009418 s
currentSize : 29 <-- 0.559921 s
currentSize : 30 <-- 9.772819 s

TIMEOUT
maxsize : 30
nodes : 665393356.000000
filtered : 4404954126.000000
time : 3600.000000
