Parameters: GAD=1 vflib=1 dir=1 label=1 lowerbound=1 fileNameGp=../graphsdb/mcs10/bvg/b03m/mcs10_b03m_s100.A67 fileNameGt=../graphsdb/mcs10/bvg/b03m/mcs10_b03m_s100.B67
Reading graphs...
100 : 150
100 : 150
Initializing...
maxdom : 10
D->valSize : 292
Solving...
Blb : 2 (clique : 32)
currentSize : 32 <-- 0.002811 s
currentSize : 33 <-- 0.003058 s
currentSize : 34 <-- 0.003406 s
currentSize : 35 <-- 0.045000 s
currentSize : 36 <-- 0.757017 s
currentSize : 37 <-- 379.108551 s
currentSize : 38 <-- 379.320221 s
currentSize : 39 <-- 1747.849976 s

TIMEOUT
maxsize : 39
nodes : 746442720.000000
filtered : 2565712694.000000
time : 3600.000000
