Parameters: GAD=1 vflib=1 dir=1 label=1 lowerbound=1 fileNameGp=../graphsdb/mcs10/bvg/b09m/mcs10_b09m_s100.A71 fileNameGt=../graphsdb/mcs10/bvg/b09m/mcs10_b09m_s100.B71
Reading graphs...
100 : 450
100 : 450
Initializing...
maxdom : 8
D->valSize : 300
Solving...
Blb : 2 (clique : 20)
currentSize : 20 <-- 0.002789 s
currentSize : 21 <-- 0.023721 s
currentSize : 22 <-- 0.081327 s
currentSize : 23 <-- 0.763609 s
currentSize : 24 <-- 11.381950 s
currentSize : 25 <-- 33.236835 s
currentSize : 26 <-- 83.737343 s

TIMEOUT
maxsize : 26
nodes : 642999753.000000
filtered : 4621426134.000000
time : 3600.000000
