Parameters: GAD=1 vflib=1 dir=1 label=1 lowerbound=1 fileNameGp=../graphsdb/mcs10/m3D/m3Dr2/mcs10_m3Dr2_s70.A91 fileNameGt=../graphsdb/mcs10/m3D/m3Dr2/mcs10_m3Dr2_s70.B91
Reading graphs...
70 : 173
70 : 173
Initializing...
maxdom : 6
D->valSize : 314
Solving...
Blb : 2 (clique : 21)
currentSize : 21 <-- 0.004120 s
currentSize : 22 <-- 0.004385 s
currentSize : 23 <-- 0.005609 s
currentSize : 24 <-- 39.790279 s
currentSize : 25 <-- 440.951233 s
currentSize : 26 <-- 726.751343 s

TIMEOUT
maxsize : 26
nodes : 791449425.000000
filtered : 5801317722.000000
time : 3600.000000
