Parameters: GAD=1 vflib=1 dir=1 label=1 lowerbound=1 fileNameGp=../graphsdb/mcs10/rand/r02/mcs10_r02_s90.A94 fileNameGt=../graphsdb/mcs10/rand/r02/mcs10_r02_s90.B94
Reading graphs...
90 : 1601
90 : 1601
Initializing...
maxdom : 12
D->valSize : 548
Solving...
Blb : 3 (clique : 7)
currentSize : 7 <-- 0.005951 s
currentSize : 8 <-- 0.006062 s
currentSize : 9 <-- 0.006517 s
currentSize : 10 <-- 0.008034 s
currentSize : 11 <-- 0.132981 s
currentSize : 12 <-- 0.477755 s

maxsize : 12
nodes : 1114504.000000
filtered : 20235231.000000
time : 6.671985
