Parameters: GAD=1 vflib=1 dir=1 label=1 lowerbound=1 fileNameGp=../graphsdb/mcs10/m2D/m2Dr6/mcs10_m2Dr6_s40.A96 fileNameGt=../graphsdb/mcs10/m2D/m2Dr6/mcs10_m2Dr6_s40.B96
Reading graphs...
40 : 91
40 : 91
Initializing...
maxdom : 9
D->valSize : 201
Solving...
Blb : 2 (clique : 13)
currentSize : 13 <-- 0.001188 s
currentSize : 14 <-- 0.001278 s
currentSize : 15 <-- 0.003718 s
currentSize : 16 <-- 0.295191 s
currentSize : 17 <-- 0.298479 s
currentSize : 18 <-- 1.726737 s

maxsize : 18
nodes : 782600.000000
filtered : 8926547.000000
time : 3.176045
