Parameters: GAD=1 vflib=1 dir=1 label=1 lowerbound=1 fileNameGp=../graphsdb/mcs10/rand/r005/mcs10_r005_s60.A14 fileNameGt=../graphsdb/mcs10/rand/r005/mcs10_r005_s60.B14
Reading graphs...
60 : 181
60 : 181
Initializing...
maxdom : 8
D->valSize : 228
Solving...
Blb : 3 (clique : 14)
currentSize : 14 <-- 0.001741 s
currentSize : 15 <-- 0.003190 s
currentSize : 16 <-- 0.003787 s
currentSize : 17 <-- 0.028077 s
currentSize : 18 <-- 0.048057 s
currentSize : 19 <-- 0.069011 s

maxsize : 19
nodes : 5471897.000000
filtered : 56630253.000000
time : 24.510529
