Parameters: GAD=1 vflib=1 dir=1 label=1 lowerbound=1 fileNameGp=../graphsdb/mcs10/rand/r005/mcs10_r005_s35.A81 fileNameGt=../graphsdb/mcs10/rand/r005/mcs10_r005_s35.B81
Reading graphs...
35 : 61
35 : 61
Initializing...
maxdom : 6
D->valSize : 162
Solving...
Blb : 2 (clique : 12)
currentSize : 12 <-- 0.000841 s
currentSize : 13 <-- 0.000916 s
currentSize : 14 <-- 0.037113 s
currentSize : 15 <-- 0.072878 s
currentSize : 16 <-- 1.106746 s

maxsize : 16
nodes : 493894.000000
filtered : 3889180.000000
time : 1.754714
