Parameters: GAD=1 vflib=1 dir=1 label=1 lowerbound=1 fileNameGp=../graphsdb/mcs10/bvg/b06m/mcs10_b06m_s80.A95 fileNameGt=../graphsdb/mcs10/bvg/b06m/mcs10_b06m_s80.B95
Reading graphs...
80 : 240
80 : 240
Initializing...
maxdom : 8
D->valSize : 432
Solving...
Blb : 2 (clique : 21)
currentSize : 21 <-- 0.006714 s
currentSize : 23 <-- 0.007002 s
currentSize : 24 <-- 0.017674 s
currentSize : 25 <-- 0.017987 s
currentSize : 26 <-- 13.921258 s
currentSize : 27 <-- 984.353088 s

TIMEOUT
maxsize : 27
nodes : 748810466.000000
filtered : 5948320570.000000
time : 3600.000000
