Parameters: GAD=1 vflib=1 dir=1 label=1 lowerbound=1 fileNameGp=../graphsdb/mcs10/bvg/b09m/mcs10_b09m_s100.A07 fileNameGt=../graphsdb/mcs10/bvg/b09m/mcs10_b09m_s100.B07
Reading graphs...
100 : 450
100 : 450
Initializing...
maxdom : 9
D->valSize : 318
Solving...
Blb : 2 (clique : 22)
currentSize : 22 <-- 0.002974 s
currentSize : 23 <-- 18.496515 s
currentSize : 24 <-- 30.794800 s
currentSize : 25 <-- 42.990280 s
currentSize : 26 <-- 285.141937 s
currentSize : 27 <-- 3099.826904 s

TIMEOUT
maxsize : 27
nodes : 632852507.000000
filtered : 4963166214.000000
time : 3600.000000
