Parameters: GAD=1 vflib=1 dir=1 label=1 lowerbound=1 fileNameGp=../graphsdb/mcs10/rand/r01/mcs10_r01_s90.A75 fileNameGt=../graphsdb/mcs10/rand/r01/mcs10_r01_s90.B75
Reading graphs...
90 : 802
90 : 802
Initializing...
maxdom : 12
D->valSize : 441
Solving...
Blb : 2 (clique : 12)
currentSize : 12 <-- 0.004372 s
currentSize : 13 <-- 0.004687 s
currentSize : 14 <-- 0.016635 s
currentSize : 15 <-- 0.129953 s
currentSize : 16 <-- 52.193409 s
currentSize : 17 <-- 83.526901 s
currentSize : 18 <-- 307.861511 s

maxsize : 18
nodes : 102545089.000000
filtered : 1272441143.000000
time : 580.427002
