Parameters: GAD=1 vflib=1 dir=1 label=1 lowerbound=1 fileNameGp=../graphsdb/mcs10/m3D/m3Dr4/mcs10_m3Dr4_s90.A74 fileNameGt=../graphsdb/mcs10/m3D/m3Dr4/mcs10_m3Dr4_s90.B74
Reading graphs...
90 : 245
90 : 244
Initializing...
maxdom : 10
D->valSize : 487
Solving...
Blb : 2 (clique : 27)
currentSize : 27 <-- 0.005206 s
currentSize : 28 <-- 0.005791 s
currentSize : 29 <-- 0.006382 s
currentSize : 30 <-- 0.027076 s
currentSize : 31 <-- 0.059853 s
currentSize : 32 <-- 520.405579 s

TIMEOUT
maxsize : 32
nodes : 695355596.000000
filtered : 5543078033.000000
time : 3600.000000
