Parameters: GAD=1 vflib=1 dir=1 label=1 lowerbound=1 fileNameGp=../graphsdb/mcs10/m2D/m2Dr2/mcs10_m2Dr2_s70.A66 fileNameGt=../graphsdb/mcs10/m2D/m2Dr2/mcs10_m2Dr2_s70.B66
Reading graphs...
70 : 137
70 : 136
Initializing...
maxdom : 8
D->valSize : 322
Solving...
Blb : 2 (clique : 21)
currentSize : 21 <-- 0.002628 s
currentSize : 23 <-- 0.002772 s
currentSize : 24 <-- 0.003352 s
currentSize : 25 <-- 1.973975 s
currentSize : 26 <-- 21.002443 s
currentSize : 27 <-- 46.940281 s
currentSize : 28 <-- 2008.669556 s

TIMEOUT
maxsize : 28
nodes : 797338130.000000
filtered : 5551695455.000000
time : 3600.000000
