Parameters: GAD=1 vflib=1 dir=1 label=1 lowerbound=1 fileNameGp=../graphsdb/mcs10/rand/r01/mcs10_r01_s50.A77 fileNameGt=../graphsdb/mcs10/rand/r01/mcs10_r01_s50.B77
Reading graphs...
50 : 247
50 : 247
Initializing...
maxdom : 11
D->valSize : 336
Solving...
Blb : 5 (clique : 10)
currentSize : 10 <-- 0.002472 s
currentSize : 11 <-- 0.002889 s
currentSize : 12 <-- 0.003802 s
currentSize : 13 <-- 0.022746 s
currentSize : 14 <-- 0.105964 s
currentSize : 15 <-- 0.145093 s

maxsize : 15
nodes : 628325.000000
filtered : 11543134.000000
time : 3.055883
