Parameters: GAD=1 vflib=1 dir=1 label=1 lowerbound=1 fileNameGp=../graphsdb/mcs10/rand/r001/mcs10_r001_s100.A18 fileNameGt=../graphsdb/mcs10/rand/r001/mcs10_r001_s100.B18
Reading graphs...
100 : 108
100 : 108
Initializing...
maxdom : 7
D->valSize : 315
Solving...
Blb : 5 (clique : 37)
currentSize : 37 <-- 0.003144 s
currentSize : 38 <-- 3.372931 s
currentSize : 39 <-- 7.239202 s
currentSize : 40 <-- 11.561066 s
currentSize : 41 <-- 25.705496 s
currentSize : 42 <-- 39.282997 s
currentSize : 43 <-- 58.326714 s
currentSize : 44 <-- 162.540207 s
currentSize : 45 <-- 246.526230 s
currentSize : 46 <-- 409.388519 s

TIMEOUT
maxsize : 46
nodes : 654818533.000000
filtered : 3263165446.000000
time : 3600.000000
