Parameters: GAD=1 vflib=1 dir=1 label=1 lowerbound=1 fileNameGp=../graphsdb/mcs10/rand/r005/mcs10_r005_s80.A67 fileNameGt=../graphsdb/mcs10/rand/r005/mcs10_r005_s80.B67
Reading graphs...
80 : 321
80 : 321
Initializing...
maxdom : 9
D->valSize : 433
Solving...
Blb : 2 (clique : 18)
currentSize : 18 <-- 0.004183 s
currentSize : 19 <-- 0.007062 s
currentSize : 20 <-- 0.009682 s
currentSize : 21 <-- 0.380125 s
currentSize : 22 <-- 1.261651 s
currentSize : 23 <-- 125.163635 s

TIMEOUT
maxsize : 23
nodes : 710614746.000000
filtered : 7140151777.000000
time : 3600.000000
