Parameters: GAD=1 vflib=1 dir=1 label=1 lowerbound=1 fileNameGp=../graphsdb/mcs10/m2D/m2Dr6/mcs10_m2Dr6_s70.A37 fileNameGt=../graphsdb/mcs10/m2D/m2Dr6/mcs10_m2Dr6_s70.B37
Reading graphs...
70 : 165
70 : 164
Initializing...
maxdom : 7
D->valSize : 317
Solving...
Blb : 3 (clique : 20)
currentSize : 20 <-- 0.002506 s
currentSize : 21 <-- 0.004716 s
currentSize : 22 <-- 0.009627 s
currentSize : 23 <-- 0.038404 s
currentSize : 24 <-- 0.043758 s
currentSize : 25 <-- 0.061620 s
currentSize : 26 <-- 0.499070 s
currentSize : 27 <-- 129.213669 s

TIMEOUT
maxsize : 27
nodes : 781825366.000000
filtered : 5689022445.000000
time : 3600.000000
