Parameters: GAD=1 vflib=1 dir=1 label=1 lowerbound=1 fileNameGp=../graphsdb/mcs10/rand/r01/mcs10_r01_s80.A98 fileNameGt=../graphsdb/mcs10/rand/r01/mcs10_r01_s80.B98
Reading graphs...
80 : 634
80 : 634
Initializing...
maxdom : 10
D->valSize : 408
Solving...
Blb : 2 (clique : 12)
currentSize : 12 <-- 0.005767 s
currentSize : 13 <-- 0.006116 s
currentSize : 14 <-- 0.008671 s
currentSize : 15 <-- 0.124244 s
currentSize : 16 <-- 0.145717 s
currentSize : 17 <-- 0.928491 s

maxsize : 17
nodes : 79030038.000000
filtered : 941844125.000000
time : 416.181335
