Parameters: GAD=1 vflib=1 dir=1 label=1 lowerbound=1 fileNameGp=../graphsdb/mcs10/m2D/m2Dr6/mcs10_m2Dr6_s50.A75 fileNameGt=../graphsdb/mcs10/m2D/m2Dr6/mcs10_m2Dr6_s50.B75
Reading graphs...
50 : 115
50 : 113
Initializing...
maxdom : 8
D->valSize : 326
Solving...
Blb : 2 (clique : 17)
currentSize : 17 <-- 0.003686 s
currentSize : 18 <-- 0.006347 s
currentSize : 19 <-- 0.045012 s
currentSize : 20 <-- 0.061275 s
currentSize : 21 <-- 0.830989 s

maxsize : 21
nodes : 125375844.000000
filtered : 1344752064.000000
time : 545.022156
