Parameters: GAD=1 vflib=1 dir=1 label=1 lowerbound=1 fileNameGp=../graphsdb/mcs10/m3D/m3D/mcs10_m3D_s60.A93 fileNameGt=../graphsdb/mcs10/m3D/m3D/mcs10_m3D_s60.B93
Reading graphs...
60 : 134
60 : 134
Initializing...
maxdom : 10
D->valSize : 257
Solving...
Blb : 2 (clique : 17)
currentSize : 17 <-- 0.003068 s
currentSize : 18 <-- 0.009674 s
currentSize : 19 <-- 0.170764 s
currentSize : 20 <-- 0.207428 s
currentSize : 21 <-- 0.608362 s
currentSize : 22 <-- 4.929629 s
currentSize : 23 <-- 17.323196 s

maxsize : 23
nodes : 15969502.000000
filtered : 160694832.000000
time : 73.273972
