Parameters: GAD=1 vflib=1 dir=1 label=1 lowerbound=1 fileNameGp=../graphsdb/mcs10/m3D/m3D/mcs10_m3D_s70.A06 fileNameGt=../graphsdb/mcs10/m3D/m3D/mcs10_m3D_s70.B06
Reading graphs...
70 : 159
70 : 159
Initializing...
maxdom : 8
D->valSize : 295
Solving...
Blb : 2 (clique : 21)
currentSize : 21 <-- 0.002347 s
currentSize : 22 <-- 0.015894 s
currentSize : 23 <-- 0.060946 s
currentSize : 24 <-- 0.681846 s
currentSize : 25 <-- 14.920106 s
currentSize : 26 <-- 977.676025 s

TIMEOUT
maxsize : 26
nodes : 769869914.000000
filtered : 5630712480.000000
time : 3600.000000
