Parameters: GAD=1 vflib=1 dir=1 label=1 lowerbound=1 fileNameGp=../graphsdb/mcs10/m2D/m2Dr4/mcs10_m2Dr4_s40.A62 fileNameGt=../graphsdb/mcs10/m2D/m2Dr4/mcs10_m2Dr4_s40.B62
Reading graphs...
40 : 83
40 : 83
Initializing...
maxdom : 8
D->valSize : 202
Solving...
Blb : 2 (clique : 12)
currentSize : 12 <-- 0.001773 s
currentSize : 13 <-- 0.001901 s
currentSize : 14 <-- 0.002290 s
currentSize : 15 <-- 0.010403 s
currentSize : 16 <-- 0.027182 s

maxsize : 16
nodes : 2555024.000000
filtered : 31359093.000000
time : 10.523860
