Parameters: GAD=1 vflib=1 dir=1 label=1 lowerbound=1 fileNameGp=../graphsdb/mcs10/bvg/b06m/mcs10_b06m_s100.A00 fileNameGt=../graphsdb/mcs10/bvg/b06m/mcs10_b06m_s100.B00
Reading graphs...
100 : 300
100 : 300
Initializing...
maxdom : 7
D->valSize : 292
Solving...
Blb : 2 (clique : 24)
currentSize : 24 <-- 0.004453 s
currentSize : 25 <-- 0.074306 s
currentSize : 26 <-- 0.167005 s
currentSize : 27 <-- 0.278482 s
currentSize : 28 <-- 24.880316 s
currentSize : 29 <-- 141.815842 s
currentSize : 30 <-- 324.437073 s
currentSize : 31 <-- 500.005157 s
currentSize : 32 <-- 1143.915405 s

TIMEOUT
maxsize : 32
nodes : 674214190.000000
filtered : 3717174844.000000
time : 3600.000000
