Parameters: GAD=1 vflib=1 dir=1 label=1 lowerbound=1 fileNameGp=../graphsdb/mcs10/bvg/b06m/mcs10_b06m_s80.A62 fileNameGt=../graphsdb/mcs10/bvg/b06m/mcs10_b06m_s80.B62
Reading graphs...
80 : 240
80 : 240
Initializing...
maxdom : 9
D->valSize : 413
Solving...
Blb : 2 (clique : 21)
currentSize : 21 <-- 0.006389 s
currentSize : 23 <-- 0.006627 s
currentSize : 24 <-- 0.213373 s
currentSize : 25 <-- 0.605302 s
currentSize : 26 <-- 109.293739 s
currentSize : 27 <-- 117.407227 s
currentSize : 28 <-- 590.332336 s

TIMEOUT
maxsize : 28
nodes : 666662338.000000
filtered : 6096615904.000000
time : 3600.000000
