Parameters: GAD=1 vflib=1 dir=1 label=1 lowerbound=1 fileNameGp=../graphsdb/mcs10/bvg/b06m/mcs10_b06m_s100.A06 fileNameGt=../graphsdb/mcs10/bvg/b06m/mcs10_b06m_s100.B06
Reading graphs...
100 : 300
100 : 300
Initializing...
maxdom : 8
D->valSize : 325
Solving...
Blb : 2 (clique : 24)
currentSize : 24 <-- 0.003115 s
currentSize : 25 <-- 0.004946 s
currentSize : 26 <-- 0.055277 s
currentSize : 27 <-- 0.370165 s
currentSize : 28 <-- 15.734093 s
currentSize : 29 <-- 187.933243 s

TIMEOUT
maxsize : 29
nodes : 693297949.000000
filtered : 3682572160.000000
time : 3600.000000
