Parameters: GAD=1 vflib=1 dir=1 label=1 lowerbound=1 fileNameGp=../graphsdb/mcs10/rand/r02/mcs10_r02_s80.A81 fileNameGt=../graphsdb/mcs10/rand/r02/mcs10_r02_s80.B81
Reading graphs...
80 : 1263
80 : 1263
Initializing...
maxdom : 9
D->valSize : 370
Solving...
Blb : 3 (clique : 7)
currentSize : 7 <-- 0.003599 s
currentSize : 8 <-- 0.003832 s
currentSize : 9 <-- 0.005356 s
currentSize : 10 <-- 0.006219 s
currentSize : 11 <-- 0.203754 s

maxsize : 11
nodes : 241290.000000
filtered : 3478977.000000
time : 1.299442
