Parameters: GAD=1 vflib=1 dir=1 label=1 lowerbound=1 fileNameGp=../graphsdb/mcs10/rand/r005/mcs10_r005_s50.A01 fileNameGt=../graphsdb/mcs10/rand/r005/mcs10_r005_s50.B01
Reading graphs...
50 : 125
50 : 125
Initializing...
maxdom : 9
D->valSize : 298
Solving...
Blb : 5 (clique : 15)
currentSize : 15 <-- 0.003259 s
currentSize : 16 <-- 0.004939 s
currentSize : 17 <-- 0.063035 s
currentSize : 18 <-- 0.069053 s
currentSize : 19 <-- 0.126491 s
currentSize : 20 <-- 3.452729 s

maxsize : 20
nodes : 71837096.000000
filtered : 843807808.000000
time : 326.965271
