Parameters: GAD=1 vflib=1 dir=1 label=1 lowerbound=1 fileNameGp=../graphsdb/mcs10/m2D/m2Dr6/mcs10_m2Dr6_s60.A21 fileNameGt=../graphsdb/mcs10/m2D/m2Dr6/mcs10_m2Dr6_s60.B21
Reading graphs...
60 : 140
60 : 140
Initializing...
maxdom : 9
D->valSize : 194
Solving...
Blb : 2 (clique : 14)
currentSize : 14 <-- 0.002151 s
currentSize : 15 <-- 0.002325 s
currentSize : 16 <-- 0.006439 s
currentSize : 17 <-- 0.006837 s
currentSize : 18 <-- 0.310893 s
currentSize : 19 <-- 0.737616 s
currentSize : 20 <-- 3.844646 s

maxsize : 20
nodes : 1730449.000000
filtered : 12120610.000000
time : 7.332944
