Parameters: GAD=1 vflib=1 dir=1 label=1 lowerbound=1 fileNameGp=../graphsdb/mcs10/m2D/m2Dr6/mcs10_m2Dr6_s40.A62 fileNameGt=../graphsdb/mcs10/m2D/m2Dr6/mcs10_m2Dr6_s40.B62
Reading graphs...
40 : 91
40 : 90
Initializing...
maxdom : 8
D->valSize : 185
Solving...
Blb : 2 (clique : 12)
currentSize : 12 <-- 0.001623 s
currentSize : 13 <-- 0.002477 s
currentSize : 14 <-- 0.024557 s
currentSize : 15 <-- 0.085855 s
currentSize : 16 <-- 0.086717 s
currentSize : 17 <-- 0.364959 s

maxsize : 17
nodes : 123774.000000
filtered : 1365550.000000
time : 0.545345
