Parameters: GAD=1 vflib=1 dir=1 label=1 lowerbound=1 fileNameGp=../graphsdb/mcs10/m2D/m2Dr4/mcs10_m2Dr4_s40.A64 fileNameGt=../graphsdb/mcs10/m2D/m2Dr4/mcs10_m2Dr4_s40.B64
Reading graphs...
40 : 83
40 : 82
Initializing...
maxdom : 9
D->valSize : 209
Solving...
Blb : 2 (clique : 13)
currentSize : 13 <-- 0.001237 s
currentSize : 14 <-- 0.001309 s
currentSize : 15 <-- 0.149940 s
currentSize : 16 <-- 0.242208 s
currentSize : 17 <-- 36.738655 s

maxsize : 17
nodes : 12653771.000000
filtered : 111487153.000000
time : 44.721817
