Parameters: GAD=1 vflib=1 dir=1 label=1 lowerbound=1 fileNameGp=../graphsdb/mcs10/m2D/m2Dr4/mcs10_m2Dr4_s50.A45 fileNameGt=../graphsdb/mcs10/m2D/m2Dr4/mcs10_m2Dr4_s50.B45
Reading graphs...
50 : 105
50 : 105
Initializing...
maxdom : 10
D->valSize : 325
Solving...
Blb : 2 (clique : 17)
currentSize : 17 <-- 0.002648 s
currentSize : 18 <-- 0.003105 s
currentSize : 19 <-- 0.031989 s
currentSize : 20 <-- 0.354338 s
currentSize : 21 <-- 105.869110 s

maxsize : 21
nodes : 630400372.000000
filtered : 8348669977.000000
time : 2853.447754
