Parameters: GAD=1 vflib=1 dir=1 label=1 lowerbound=1 fileNameGp=../graphsdb/mcs10/m3D/m3Dr6/mcs10_m3Dr6_s80.A93 fileNameGt=../graphsdb/mcs10/m3D/m3Dr6/mcs10_m3Dr6_s80.B93
Reading graphs...
80 : 232
80 : 229
Initializing...
maxdom : 7
D->valSize : 418
Solving...
Blb : 2 (clique : 21)
currentSize : 21 <-- 0.007431 s
currentSize : 22 <-- 0.007801 s
currentSize : 23 <-- 0.008422 s
currentSize : 24 <-- 0.009735 s
currentSize : 25 <-- 0.221115 s
currentSize : 26 <-- 4.665502 s
currentSize : 27 <-- 2042.045288 s

TIMEOUT
maxsize : 27
nodes : 778810145.000000
filtered : 5141277604.000000
time : 3600.000000
