Parameters: GAD=1 vflib=1 dir=1 label=1 lowerbound=1 fileNameGp=../graphsdb/mcs10/rand/r005/mcs10_r005_s60.A74 fileNameGt=../graphsdb/mcs10/rand/r005/mcs10_r005_s60.B74
Reading graphs...
60 : 181
60 : 181
Initializing...
maxdom : 7
D->valSize : 237
Solving...
Blb : 2 (clique : 15)
currentSize : 15 <-- 0.002554 s
currentSize : 16 <-- 0.003264 s
currentSize : 17 <-- 0.007401 s
currentSize : 18 <-- 1.729020 s
currentSize : 19 <-- 2.393758 s
currentSize : 20 <-- 5.025347 s

maxsize : 20
nodes : 32051296.000000
filtered : 286114431.000000
time : 136.828674
