Parameters: GAD=1 vflib=1 dir=1 label=1 lowerbound=1 fileNameGp=../graphsdb/mcs10/bvg/b03/mcs10_b03_s60.A42 fileNameGt=../graphsdb/mcs10/bvg/b03/mcs10_b03_s60.B42
Reading graphs...
60 : 90
60 : 90
Initializing...
maxdom : 7
D->valSize : 207
Solving...
Blb : 2 (clique : 20)
currentSize : 20 <-- 0.001491 s
currentSize : 21 <-- 0.001612 s
currentSize : 22 <-- 0.001692 s
currentSize : 23 <-- 0.124282 s
currentSize : 24 <-- 0.334017 s
currentSize : 25 <-- 575.194458 s

maxsize : 25
nodes : 311507207.000000
filtered : 2096842689.000000
time : 1292.930542
