Parameters: GAD=1 vflib=1 dir=1 label=1 lowerbound=1 fileNameGp=../graphsdb/mcs10/m2D/m2Dr4/mcs10_m2Dr4_s60.A56 fileNameGt=../graphsdb/mcs10/m2D/m2Dr4/mcs10_m2Dr4_s60.B56
Reading graphs...
60 : 127
60 : 127
Initializing...
maxdom : 6
D->valSize : 201
Solving...
Blb : 2 (clique : 16)
currentSize : 16 <-- 0.001340 s
currentSize : 17 <-- 0.001465 s
currentSize : 18 <-- 0.001702 s
currentSize : 19 <-- 0.001861 s
currentSize : 20 <-- 0.054453 s
currentSize : 21 <-- 3.026212 s
currentSize : 22 <-- 34.548203 s

maxsize : 22
nodes : 75641324.000000
filtered : 587902997.000000
time : 318.210144
