Parameters: GAD=1 vflib=1 dir=1 label=1 lowerbound=1 fileNameGp=../graphsdb/mcs10/m3D/m3Dr6/mcs10_m3Dr6_s60.A21 fileNameGt=../graphsdb/mcs10/m3D/m3Dr6/mcs10_m3Dr6_s60.B21
Reading graphs...
60 : 170
60 : 167
Initializing...
maxdom : 9
D->valSize : 252
Solving...
Blb : 2 (clique : 16)
currentSize : 16 <-- 0.002847 s
currentSize : 17 <-- 0.003202 s
currentSize : 18 <-- 0.017130 s
currentSize : 19 <-- 0.354478 s
currentSize : 20 <-- 0.492848 s
currentSize : 21 <-- 11.941035 s

maxsize : 21
nodes : 176344133.000000
filtered : 1393083603.000000
time : 735.355530
