Parameters: GAD=1 vflib=1 dir=1 label=1 lowerbound=1 fileNameGp=../graphsdb/mcs10/m2D/m2Dr6/mcs10_m2Dr6_s70.A43 fileNameGt=../graphsdb/mcs10/m2D/m2Dr6/mcs10_m2Dr6_s70.B43
Reading graphs...
70 : 165
70 : 164
Initializing...
maxdom : 9
D->valSize : 306
Solving...
Blb : 5 (clique : 21)
currentSize : 21 <-- 0.002419 s
currentSize : 22 <-- 0.004827 s
currentSize : 23 <-- 0.018521 s
currentSize : 24 <-- 0.229489 s
currentSize : 25 <-- 20.358919 s
currentSize : 26 <-- 45.428066 s

TIMEOUT
maxsize : 26
nodes : 734784680.000000
filtered : 7511066388.000000
time : 3600.000000
