Parameters: GAD=1 vflib=1 dir=1 label=1 lowerbound=1 fileNameGp=../graphsdb/mcs10/rand/r02/mcs10_r02_s80.A10 fileNameGt=../graphsdb/mcs10/rand/r02/mcs10_r02_s80.B10
Reading graphs...
80 : 1263
80 : 1263
Initializing...
maxdom : 9
D->valSize : 398
Solving...
Blb : 2 (clique : 7)
currentSize : 7 <-- 0.005215 s
currentSize : 8 <-- 0.005485 s
currentSize : 9 <-- 0.005548 s
currentSize : 10 <-- 0.224045 s
currentSize : 11 <-- 0.944607 s

maxsize : 11
nodes : 481569.000000
filtered : 6344031.000000
time : 2.622268
