Parameters: GAD=1 vflib=1 dir=1 label=1 lowerbound=1 fileNameGp=../graphsdb/mcs10/rand/r005/mcs10_r005_s90.A92 fileNameGt=../graphsdb/mcs10/rand/r005/mcs10_r005_s90.B92
Reading graphs...
90 : 405
90 : 405
Initializing...
maxdom : 9
D->valSize : 507
Solving...
Blb : 2 (clique : 19)
currentSize : 19 <-- 0.005265 s
currentSize : 20 <-- 0.005484 s
currentSize : 21 <-- 0.030696 s
currentSize : 22 <-- 0.090199 s
currentSize : 23 <-- 60.046196 s
currentSize : 24 <-- 202.620789 s

TIMEOUT
maxsize : 24
nodes : 641949536.000000
filtered : 7029458585.000000
time : 3600.000000
