Parameters: GAD=1 vflib=1 dir=1 label=1 lowerbound=1 fileNameGp=../graphsdb/mcs10/m2D/m2Dr4/mcs10_m2Dr4_s50.A03 fileNameGt=../graphsdb/mcs10/m2D/m2Dr4/mcs10_m2Dr4_s50.B03
Reading graphs...
50 : 105
50 : 105
Initializing...
maxdom : 10
D->valSize : 323
Solving...
Blb : 2 (clique : 17)
currentSize : 17 <-- 0.002419 s
currentSize : 18 <-- 0.005358 s
currentSize : 19 <-- 0.058257 s
currentSize : 20 <-- 0.285874 s
currentSize : 21 <-- 153.640305 s
currentSize : 22 <-- 173.773895 s

maxsize : 22
nodes : 102913498.000000
filtered : 1281720133.000000
time : 482.048340
