Parameters: GAD=1 vflib=1 dir=1 label=1 lowerbound=1 fileNameGp=../graphsdb/mcs10/rand/r005/mcs10_r005_s80.A34 fileNameGt=../graphsdb/mcs10/rand/r005/mcs10_r005_s80.B34
Reading graphs...
80 : 321
80 : 321
Initializing...
maxdom : 9
D->valSize : 408
Solving...
Blb : 5 (clique : 20)
currentSize : 20 <-- 0.003755 s
currentSize : 21 <-- 0.010661 s
currentSize : 22 <-- 0.018120 s
currentSize : 23 <-- 8.940919 s
currentSize : 24 <-- 278.064819 s
currentSize : 25 <-- 941.182190 s

TIMEOUT
maxsize : 25
nodes : 677345423.000000
filtered : 7108424642.000000
time : 3600.000000
