Parameters: GAD=1 vflib=1 dir=1 label=1 lowerbound=1 fileNameGp=../graphsdb/mcs10/bvg/b09/mcs10_b09_s100.A18 fileNameGt=../graphsdb/mcs10/bvg/b09/mcs10_b09_s100.B18
Reading graphs...
100 : 450
100 : 450
Initializing...
maxdom : 7
D->valSize : 329
Solving...
Blb : 2 (clique : 19)
currentSize : 19 <-- 0.003166 s
currentSize : 21 <-- 0.003332 s
currentSize : 22 <-- 0.004050 s
currentSize : 23 <-- 0.019587 s
currentSize : 24 <-- 0.719148 s
currentSize : 25 <-- 7.202247 s

TIMEOUT
maxsize : 25
nodes : 657996216.000000
filtered : 4571374894.000000
time : 3600.000000
