Parameters: GAD=1 vflib=1 dir=1 label=1 lowerbound=1 fileNameGp=../graphsdb/mcs10/rand/r01/mcs10_r01_s50.A69 fileNameGt=../graphsdb/mcs10/rand/r01/mcs10_r01_s50.B69
Reading graphs...
50 : 247
50 : 247
Initializing...
maxdom : 10
D->valSize : 297
Solving...
Blb : 2 (clique : 10)
currentSize : 10 <-- 0.002080 s
currentSize : 11 <-- 0.004735 s
currentSize : 12 <-- 0.015635 s
currentSize : 13 <-- 0.032057 s
currentSize : 14 <-- 0.049128 s

maxsize : 14
nodes : 2499736.000000
filtered : 32632301.000000
time : 10.832036
