Parameters: GAD=1 vflib=1 dir=1 label=1 lowerbound=1 fileNameGp=../graphsdb/mcs10/bvg/b09/mcs10_b09_s100.A68 fileNameGt=../graphsdb/mcs10/bvg/b09/mcs10_b09_s100.B68
Reading graphs...
100 : 450
100 : 450
Initializing...
maxdom : 8
D->valSize : 339
Solving...
Blb : 2 (clique : 22)
currentSize : 22 <-- 0.004803 s
currentSize : 23 <-- 0.005114 s
currentSize : 24 <-- 0.190333 s
currentSize : 25 <-- 0.208875 s
currentSize : 26 <-- 0.209798 s
currentSize : 27 <-- 1.902572 s

TIMEOUT
maxsize : 27
nodes : 627883132.000000
filtered : 5664967339.000000
time : 3600.000000
