Parameters: GAD=1 vflib=1 dir=1 label=1 lowerbound=1 fileNameGp=../graphsdb/mcs10/rand/r005/mcs10_r005_s50.A98 fileNameGt=../graphsdb/mcs10/rand/r005/mcs10_r005_s50.B98
Reading graphs...
50 : 125
50 : 125
Initializing...
maxdom : 11
D->valSize : 321
Solving...
Blb : 2 (clique : 16)
currentSize : 16 <-- 0.002208 s
currentSize : 17 <-- 0.025396 s
currentSize : 18 <-- 1.540674 s
currentSize : 19 <-- 14.232465 s
currentSize : 20 <-- 193.098755 s

maxsize : 20
nodes : 89781629.000000
filtered : 1096852212.000000
time : 374.904053
