Parameters: GAD=1 vflib=1 dir=1 label=1 lowerbound=1 fileNameGp=../graphsdb/mcs10/rand/r005/mcs10_r005_s100.A22 fileNameGt=../graphsdb/mcs10/rand/r005/mcs10_r005_s100.B22
Reading graphs...
100 : 500
100 : 500
Initializing...
maxdom : 7
D->valSize : 333
Solving...
Blb : 5 (clique : 19)
currentSize : 19 <-- 0.003492 s
currentSize : 20 <-- 0.004590 s
currentSize : 21 <-- 0.062827 s
currentSize : 22 <-- 0.236489 s
currentSize : 23 <-- 1.464673 s
currentSize : 24 <-- 17.907598 s
currentSize : 25 <-- 1189.724487 s

TIMEOUT
maxsize : 25
nodes : 658067001.000000
filtered : 4147672497.000000
time : 3600.000000
