Parameters: GAD=1 vflib=1 dir=1 label=1 lowerbound=1 fileNameGp=../graphsdb/mcs10/m3D/m3D/mcs10_m3D_s70.A24 fileNameGt=../graphsdb/mcs10/m3D/m3D/mcs10_m3D_s70.B24
Reading graphs...
70 : 159
70 : 159
Initializing...
maxdom : 8
D->valSize : 284
Solving...
Blb : 2 (clique : 17)
currentSize : 17 <-- 0.003482 s
currentSize : 19 <-- 0.003651 s
currentSize : 20 <-- 0.004296 s
currentSize : 21 <-- 0.031480 s
currentSize : 22 <-- 0.035586 s
currentSize : 23 <-- 0.076265 s
currentSize : 24 <-- 0.137782 s
currentSize : 25 <-- 0.139476 s
currentSize : 26 <-- 2382.211182 s

TIMEOUT
maxsize : 26
nodes : 769887560.000000
filtered : 7011068743.000000
time : 3600.000000
