Parameters: GAD=1 vflib=1 dir=1 label=1 lowerbound=1 fileNameGp=../graphsdb/mcs10/rand/r01/mcs10_r01_s60.A38 fileNameGt=../graphsdb/mcs10/rand/r01/mcs10_r01_s60.B38
Reading graphs...
60 : 356
60 : 356
Initializing...
maxdom : 10
D->valSize : 210
Solving...
Blb : 2 (clique : 10)
currentSize : 10 <-- 0.001960 s
currentSize : 11 <-- 0.004059 s
currentSize : 12 <-- 0.004844 s
currentSize : 13 <-- 0.063485 s
currentSize : 14 <-- 1.029535 s

maxsize : 14
nodes : 527149.000000
filtered : 4848336.000000
time : 2.306148
