Parameters: GAD=1 vflib=1 dir=1 label=1 lowerbound=1 fileNameGp=../graphsdb/mcs10/bvg/b06m/mcs10_b06m_s70.A51 fileNameGt=../graphsdb/mcs10/bvg/b06m/mcs10_b06m_s70.B51
Reading graphs...
70 : 210
70 : 210
Initializing...
maxdom : 10
D->valSize : 326
Solving...
Blb : 2 (clique : 18)
currentSize : 18 <-- 0.002570 s
currentSize : 19 <-- 0.003762 s
currentSize : 20 <-- 0.003986 s
currentSize : 21 <-- 0.004350 s
currentSize : 22 <-- 0.037081 s
currentSize : 23 <-- 137.848999 s

maxsize : 23
nodes : 316754099.000000
filtered : 3387580261.000000
time : 1553.323853
