Parameters: GAD=1 vflib=1 dir=1 label=1 lowerbound=1 fileNameGp=../graphsdb/mcs10/bvg/b03/mcs10_b03_s60.A48 fileNameGt=../graphsdb/mcs10/bvg/b03/mcs10_b03_s60.B48
Reading graphs...
60 : 90
60 : 90
Initializing...
maxdom : 7
D->valSize : 228
Solving...
Blb : 2 (clique : 23)
currentSize : 23 <-- 0.001675 s
currentSize : 24 <-- 0.001876 s
currentSize : 25 <-- 0.002532 s
currentSize : 26 <-- 0.202519 s
currentSize : 27 <-- 8.508065 s
currentSize : 28 <-- 2572.770752 s

TIMEOUT
maxsize : 28
nodes : 898733237.000000
filtered : 5462641376.000000
time : 3600.000000
