Parameters: GAD=1 vflib=1 dir=1 label=1 lowerbound=1 fileNameGp=../graphsdb/mcs10/bvg/b06/mcs10_b06_s70.A02 fileNameGt=../graphsdb/mcs10/bvg/b06/mcs10_b06_s70.B02
Reading graphs...
70 : 210
70 : 210
Initializing...
maxdom : 8
D->valSize : 312
Solving...
Blb : 2 (clique : 20)
currentSize : 20 <-- 0.002514 s
currentSize : 21 <-- 0.003557 s
currentSize : 22 <-- 0.246302 s
currentSize : 23 <-- 1.138823 s
currentSize : 24 <-- 1.178804 s
currentSize : 25 <-- 1.559956 s

TIMEOUT
maxsize : 25
nodes : 768961282.000000
filtered : 6249504991.000000
time : 3600.000000
