Parameters: GAD=1 vflib=1 dir=1 label=1 lowerbound=1 fileNameGp=../graphsdb/mcs10/m3D/m3Dr4/mcs10_m3Dr4_s60.A13 fileNameGt=../graphsdb/mcs10/m3D/m3Dr4/mcs10_m3Dr4_s60.B13
Reading graphs...
60 : 158
60 : 158
Initializing...
maxdom : 6
D->valSize : 220
Solving...
Blb : 3 (clique : 19)
currentSize : 19 <-- 0.001632 s
currentSize : 20 <-- 0.043987 s
currentSize : 21 <-- 0.126873 s
currentSize : 22 <-- 12.246805 s
currentSize : 23 <-- 23.822647 s

maxsize : 23
nodes : 69786145.000000
filtered : 460654574.000000
time : 282.157959
