Parameters: GAD=1 vflib=1 dir=1 label=1 lowerbound=1 fileNameGp=../graphsdb/mcs10/m3D/m3Dr2/mcs10_m3Dr2_s90.A54 fileNameGt=../graphsdb/mcs10/m3D/m3Dr2/mcs10_m3Dr2_s90.B54
Reading graphs...
90 : 227
90 : 227
Initializing...
maxdom : 9
D->valSize : 527
Solving...
Blb : 2 (clique : 26)
currentSize : 26 <-- 0.005835 s
currentSize : 27 <-- 2.705998 s
currentSize : 28 <-- 2.906101 s
currentSize : 29 <-- 9.006937 s
currentSize : 30 <-- 99.544067 s
currentSize : 31 <-- 103.810150 s
currentSize : 32 <-- 121.937546 s

TIMEOUT
maxsize : 32
nodes : 683814841.000000
filtered : 5786785687.000000
time : 3600.000000
