Parameters: GAD=1 vflib=1 dir=1 label=1 lowerbound=1 fileNameGp=../graphsdb/mcs10/m2D/m2Dr6/mcs10_m2Dr6_s60.A99 fileNameGt=../graphsdb/mcs10/m2D/m2Dr6/mcs10_m2Dr6_s60.B99
Reading graphs...
60 : 140
60 : 140
Initializing...
maxdom : 7
D->valSize : 221
Solving...
Blb : 2 (clique : 18)
currentSize : 18 <-- 0.001659 s
currentSize : 19 <-- 0.002250 s
currentSize : 20 <-- 0.667520 s
currentSize : 21 <-- 3.678831 s
currentSize : 22 <-- 8.137804 s
currentSize : 23 <-- 37.971504 s

maxsize : 23
nodes : 27153399.000000
filtered : 196692651.000000
time : 112.642845
