Parameters: GAD=1 vflib=1 dir=1 label=1 lowerbound=1 fileNameGp=../graphsdb/mcs10/m3D/m3Dr2/mcs10_m3Dr2_s60.A78 fileNameGt=../graphsdb/mcs10/m3D/m3Dr2/mcs10_m3Dr2_s60.B78
Reading graphs...
60 : 146
60 : 146
Initializing...
maxdom : 7
D->valSize : 209
Solving...
Blb : 5 (clique : 16)
currentSize : 16 <-- 0.001507 s
currentSize : 17 <-- 0.001792 s
currentSize : 18 <-- 0.007108 s
currentSize : 19 <-- 0.007760 s
currentSize : 20 <-- 0.025031 s
currentSize : 21 <-- 1.456343 s
currentSize : 22 <-- 8.205286 s

maxsize : 22
nodes : 17538457.000000
filtered : 124791695.000000
time : 74.459312
