Parameters: GAD=1 vflib=1 dir=1 label=1 lowerbound=1 fileNameGp=../graphsdb/mcs10/m2D/m2D/mcs10_m2D_s40.A03 fileNameGt=../graphsdb/mcs10/m2D/m2D/mcs10_m2D_s40.B03
Reading graphs...
40 : 67
40 : 67
Initializing...
maxdom : 8
D->valSize : 183
Solving...
Blb : 2 (clique : 13)
currentSize : 13 <-- 0.001605 s
currentSize : 14 <-- 0.002955 s
currentSize : 15 <-- 0.040653 s
currentSize : 16 <-- 2.809308 s
currentSize : 17 <-- 2.860220 s

maxsize : 17
nodes : 2197601.000000
filtered : 15942126.000000
time : 8.811214
