Parameters: GAD=1 vflib=1 dir=1 label=1 lowerbound=1 fileNameGp=../graphsdb/mcs10/bvg/b03m/mcs10_b03m_s40.A76 fileNameGt=../graphsdb/mcs10/bvg/b03m/mcs10_b03m_s40.B76
Reading graphs...
40 : 60
40 : 60
Initializing...
maxdom : 9
D->valSize : 217
Solving...
Blb : 2 (clique : 14)
currentSize : 14 <-- 0.001303 s
currentSize : 15 <-- 0.001565 s
currentSize : 16 <-- 0.907041 s
currentSize : 17 <-- 0.910452 s
currentSize : 18 <-- 2.824953 s

maxsize : 18
nodes : 4500089.000000
filtered : 49593267.000000
time : 17.124752
