Parameters: GAD=1 vflib=1 dir=1 label=1 lowerbound=1 fileNameGp=../graphsdb/mcs10/m2D/m2D/mcs10_m2D_s80.A94 fileNameGt=../graphsdb/mcs10/m2D/m2D/mcs10_m2D_s80.B94
Reading graphs...
80 : 142
80 : 142
Initializing...
maxdom : 9
D->valSize : 408
Solving...
Blb : 3 (clique : 27)
currentSize : 27 <-- 0.004074 s
currentSize : 28 <-- 0.012522 s
currentSize : 29 <-- 0.016208 s
currentSize : 30 <-- 0.205517 s
currentSize : 31 <-- 0.211165 s
currentSize : 32 <-- 2.789515 s
currentSize : 33 <-- 61.454159 s

TIMEOUT
maxsize : 33
nodes : 698710029.000000
filtered : 6177420572.000000
time : 3600.000000
