Parameters: GAD=1 vflib=1 dir=1 label=1 lowerbound=1 fileNameGp=../graphsdb/mcs10/bvg/b06m/mcs10_b06m_s70.A13 fileNameGt=../graphsdb/mcs10/bvg/b06m/mcs10_b06m_s70.B13
Reading graphs...
70 : 210
70 : 210
Initializing...
maxdom : 7
D->valSize : 303
Solving...
Blb : 2 (clique : 20)
currentSize : 20 <-- 0.002306 s
currentSize : 21 <-- 0.256357 s
currentSize : 22 <-- 0.262178 s
currentSize : 23 <-- 6.070773 s
currentSize : 24 <-- 1163.394287 s

maxsize : 24
nodes : 559793302.000000
filtered : 5044783440.000000
time : 2584.606689
