Parameters: GAD=1 vflib=1 dir=1 label=1 lowerbound=1 fileNameGp=../graphsdb/mcs10/bvg/b09m/mcs10_b09m_s100.A76 fileNameGt=../graphsdb/mcs10/bvg/b09m/mcs10_b09m_s100.B76
Reading graphs...
100 : 450
100 : 450
Initializing...
maxdom : 11
D->valSize : 348
Solving...
Blb : 2 (clique : 21)
currentSize : 21 <-- 0.003376 s
currentSize : 22 <-- 0.006943 s
currentSize : 23 <-- 0.035089 s
currentSize : 24 <-- 16.673563 s
currentSize : 25 <-- 21.760044 s
currentSize : 26 <-- 711.529236 s
currentSize : 27 <-- 3062.423340 s

TIMEOUT
maxsize : 27
nodes : 644495570.000000
filtered : 5085086248.000000
time : 3600.000000
