Parameters: GAD=1 vflib=1 dir=1 label=1 lowerbound=1 fileNameGp=../graphsdb/mcs10/bvg/b03m/mcs10_b03m_s50.A02 fileNameGt=../graphsdb/mcs10/bvg/b03m/mcs10_b03m_s50.B02
Reading graphs...
50 : 75
50 : 74
Initializing...
maxdom : 11
D->valSize : 321
Solving...
Blb : 2 (clique : 20)
currentSize : 20 <-- 0.002393 s
currentSize : 21 <-- 0.002549 s
currentSize : 22 <-- 0.002701 s
currentSize : 23 <-- 0.003107 s
currentSize : 24 <-- 0.005269 s
currentSize : 25 <-- 140.853470 s

TIMEOUT
maxsize : 25
nodes : 744246030.000000
filtered : 8203191079.000000
time : 3600.000000
