Parameters: GAD=1 vflib=1 dir=1 label=1 lowerbound=1 fileNameGp=../graphsdb/mcs10/m2D/m2Dr4/mcs10_m2Dr4_s60.A43 fileNameGt=../graphsdb/mcs10/m2D/m2Dr4/mcs10_m2Dr4_s60.B43
Reading graphs...
60 : 128
60 : 127
Initializing...
maxdom : 6
D->valSize : 246
Solving...
Blb : 2 (clique : 17)
currentSize : 17 <-- 0.001878 s
currentSize : 18 <-- 0.001989 s
currentSize : 19 <-- 0.002083 s
currentSize : 20 <-- 0.007097 s
currentSize : 21 <-- 0.094313 s
currentSize : 22 <-- 0.094488 s
currentSize : 23 <-- 0.324163 s
currentSize : 24 <-- 0.954787 s

maxsize : 24
nodes : 325863989.000000
filtered : 2494093702.000000
time : 1381.670410
