Parameters: GAD=1 vflib=1 dir=1 label=1 lowerbound=1 fileNameGp=../graphsdb/mcs10/bvg/b03m/mcs10_b03m_s40.A49 fileNameGt=../graphsdb/mcs10/bvg/b03m/mcs10_b03m_s40.B49
Reading graphs...
40 : 60
40 : 59
Initializing...
maxdom : 7
D->valSize : 186
Solving...
Blb : 2 (clique : 12)
currentSize : 12 <-- 0.001672 s
currentSize : 13 <-- 0.002749 s
currentSize : 14 <-- 0.011191 s
currentSize : 15 <-- 0.030068 s
currentSize : 16 <-- 0.087170 s
currentSize : 17 <-- 1.052824 s
currentSize : 18 <-- 1.347104 s

maxsize : 18
nodes : 784384.000000
filtered : 7587913.000000
time : 2.903769
