Parameters: GAD=1 vflib=1 dir=1 label=1 lowerbound=1 fileNameGp=../graphsdb/mcs10/m2D/m2D/mcs10_m2D_s50.A51 fileNameGt=../graphsdb/mcs10/m2D/m2D/mcs10_m2D_s50.B51
Reading graphs...
50 : 85
50 : 85
Initializing...
maxdom : 9
D->valSize : 331
Solving...
Blb : 2 (clique : 19)
currentSize : 19 <-- 0.003971 s
currentSize : 20 <-- 0.004216 s
currentSize : 21 <-- 0.020167 s
currentSize : 22 <-- 0.153187 s
currentSize : 23 <-- 0.291007 s
currentSize : 24 <-- 0.750975 s
currentSize : 25 <-- 24.810398 s

TIMEOUT
maxsize : 25
nodes : 759311650.000000
filtered : 9385060843.000000
time : 3600.000000
