Parameters: GAD=1 vflib=1 dir=1 label=1 lowerbound=1 fileNameGp=../graphsdb/mcs10/bvg/b09m/mcs10_b09m_s100.A37 fileNameGt=../graphsdb/mcs10/bvg/b09m/mcs10_b09m_s100.B37
Reading graphs...
100 : 450
100 : 450
Initializing...
maxdom : 6
D->valSize : 317
Solving...
Blb : 2 (clique : 19)
currentSize : 19 <-- 0.004533 s
currentSize : 20 <-- 0.010535 s
currentSize : 21 <-- 0.161253 s
currentSize : 22 <-- 3.258858 s
currentSize : 23 <-- 5.123007 s
currentSize : 24 <-- 7.831690 s
currentSize : 25 <-- 123.264626 s
currentSize : 26 <-- 1032.102417 s

TIMEOUT
maxsize : 26
nodes : 664272310.000000
filtered : 4025030677.000000
time : 3600.000000
