Parameters: GAD=1 vflib=1 dir=1 label=1 lowerbound=1 fileNameGp=../graphsdb/mcs10/bvg/b09/mcs10_b09_s100.A23 fileNameGt=../graphsdb/mcs10/bvg/b09/mcs10_b09_s100.B23
Reading graphs...
100 : 450
100 : 450
Initializing...
maxdom : 7
D->valSize : 342
Solving...
Blb : 2 (clique : 19)
currentSize : 19 <-- 0.005163 s
currentSize : 20 <-- 0.009692 s
currentSize : 21 <-- 0.092073 s
currentSize : 22 <-- 0.921530 s
currentSize : 23 <-- 1.124771 s
currentSize : 24 <-- 10.330377 s
currentSize : 25 <-- 90.608856 s
currentSize : 26 <-- 649.356873 s
currentSize : 27 <-- 1517.552368 s

TIMEOUT
maxsize : 27
nodes : 655659275.000000
filtered : 4216064994.000000
time : 3600.000000
