Parameters: GAD=1 vflib=1 dir=1 label=1 lowerbound=1 fileNameGp=../graphsdb/mcs10/m2D/m2D/mcs10_m2D_s60.A41 fileNameGt=../graphsdb/mcs10/m2D/m2D/mcs10_m2D_s60.B41
Reading graphs...
60 : 104
60 : 104
Initializing...
maxdom : 7
D->valSize : 246
Solving...
Blb : 2 (clique : 22)
currentSize : 22 <-- 0.001715 s
currentSize : 23 <-- 0.002458 s
currentSize : 24 <-- 0.025831 s
currentSize : 25 <-- 35.699142 s
currentSize : 26 <-- 43.628803 s
currentSize : 27 <-- 179.095825 s

maxsize : 27
nodes : 196750987.000000
filtered : 1217155814.000000
time : 843.883545
