Parameters: GAD=1 vflib=1 dir=1 label=1 lowerbound=1 fileNameGp=../graphsdb/mcs10/rand/r01/mcs10_r01_s80.A83 fileNameGt=../graphsdb/mcs10/rand/r01/mcs10_r01_s80.B83
Reading graphs...
80 : 634
80 : 634
Initializing...
maxdom : 12
D->valSize : 388
Solving...
Blb : 5 (clique : 11)
currentSize : 11 <-- 0.003303 s
currentSize : 12 <-- 0.003490 s
currentSize : 13 <-- 0.004141 s
currentSize : 14 <-- 0.045316 s
currentSize : 15 <-- 0.551055 s
currentSize : 16 <-- 3.923770 s

maxsize : 16
nodes : 47591968.000000
filtered : 537527997.000000
time : 248.240982
