Parameters: GAD=1 vflib=1 dir=1 label=1 lowerbound=1 fileNameGp=../graphsdb/mcs10/rand/r005/mcs10_r005_s70.A48 fileNameGt=../graphsdb/mcs10/rand/r005/mcs10_r005_s70.B48
Reading graphs...
70 : 245
70 : 245
Initializing...
maxdom : 8
D->valSize : 287
Solving...
Blb : 2 (clique : 17)
currentSize : 17 <-- 0.003536 s
currentSize : 18 <-- 0.003743 s
currentSize : 19 <-- 0.003858 s
currentSize : 20 <-- 0.005892 s
currentSize : 21 <-- 0.006044 s
currentSize : 22 <-- 82.793167 s

maxsize : 22
nodes : 471380170.000000
filtered : 4205867498.000000
time : 2234.826660
