Parameters: GAD=1 vflib=1 dir=1 label=1 lowerbound=1 fileNameGp=../graphsdb/mcs10/bvg/b06/mcs10_b06_s90.A73 fileNameGt=../graphsdb/mcs10/bvg/b06/mcs10_b06_s90.B73
Reading graphs...
90 : 270
90 : 270
Initializing...
maxdom : 11
D->valSize : 526
Solving...
Blb : 2 (clique : 24)
currentSize : 24 <-- 0.005827 s
currentSize : 25 <-- 0.006394 s
currentSize : 26 <-- 0.167764 s
currentSize : 27 <-- 7.295652 s
currentSize : 28 <-- 7.774038 s
currentSize : 29 <-- 270.403595 s

TIMEOUT
maxsize : 29
nodes : 675397882.000000
filtered : 5177914533.000000
time : 3600.000000
