Parameters: GAD=1 vflib=1 dir=1 label=1 lowerbound=1 fileNameGp=../graphsdb/mcs10/m2D/m2Dr4/mcs10_m2Dr4_s60.A04 fileNameGt=../graphsdb/mcs10/m2D/m2Dr4/mcs10_m2Dr4_s60.B04
Reading graphs...
60 : 128
60 : 128
Initializing...
maxdom : 9
D->valSize : 220
Solving...
Blb : 2 (clique : 16)
currentSize : 16 <-- 0.001527 s
currentSize : 17 <-- 0.001716 s
currentSize : 18 <-- 0.001908 s
currentSize : 19 <-- 0.091150 s
currentSize : 20 <-- 0.300566 s
currentSize : 21 <-- 7.538364 s

maxsize : 21
nodes : 8789799.000000
filtered : 87125791.000000
time : 41.078548
