Parameters: GAD=1 vflib=1 dir=1 label=1 lowerbound=1 fileNameGp=../graphsdb/mcs10/m2D/m2D/mcs10_m2D_s100.A57 fileNameGt=../graphsdb/mcs10/m2D/m2D/mcs10_m2D_s100.B57
Reading graphs...
100 : 180
100 : 180
Initializing...
maxdom : 7
D->valSize : 276
Solving...
Blb : 3 (clique : 25)
currentSize : 25 <-- 0.002585 s
currentSize : 26 <-- 0.002994 s
currentSize : 27 <-- 0.003150 s
currentSize : 28 <-- 0.006339 s
currentSize : 29 <-- 39.171467 s
currentSize : 30 <-- 39.332485 s
currentSize : 31 <-- 647.588745 s
currentSize : 32 <-- 1373.262817 s

TIMEOUT
maxsize : 32
nodes : 728802688.000000
filtered : 3646066163.000000
time : 3600.000000
