Parameters: GAD=1 vflib=1 dir=1 label=1 lowerbound=1 fileNameGp=../graphsdb/mcs10/m3D/m3Dr6/mcs10_m3Dr6_s100.A18 fileNameGt=../graphsdb/mcs10/m3D/m3Dr6/mcs10_m3Dr6_s100.B18
Reading graphs...
100 : 295
100 : 294
Initializing...
maxdom : 8
D->valSize : 363
Solving...
Blb : 2 (clique : 24)
currentSize : 24 <-- 0.003701 s
currentSize : 25 <-- 0.011787 s
currentSize : 26 <-- 0.023671 s
currentSize : 27 <-- 0.023993 s
currentSize : 28 <-- 3.750109 s
currentSize : 29 <-- 7.239198 s
currentSize : 30 <-- 125.592903 s

TIMEOUT
maxsize : 30
nodes : 684266359.000000
filtered : 4009299827.000000
time : 3600.000000
