Parameters: GAD=1 vflib=1 dir=1 label=1 lowerbound=1 fileNameGp=../graphsdb/mcs10/m2D/m2Dr6/mcs10_m2Dr6_s60.A37 fileNameGt=../graphsdb/mcs10/m2D/m2Dr6/mcs10_m2Dr6_s60.B37
Reading graphs...
60 : 140
60 : 138
Initializing...
maxdom : 8
D->valSize : 235
Solving...
Blb : 2 (clique : 18)
currentSize : 18 <-- 0.001779 s
currentSize : 19 <-- 0.003809 s
currentSize : 20 <-- 0.029323 s
currentSize : 21 <-- 1.218486 s
currentSize : 22 <-- 479.160339 s

maxsize : 22
nodes : 171868155.000000
filtered : 1337031267.000000
time : 701.634705
