Parameters: GAD=1 vflib=1 dir=1 label=1 lowerbound=1 fileNameGp=../graphsdb/mcs10/bvg/b09/mcs10_b09_s100.A00 fileNameGt=../graphsdb/mcs10/bvg/b09/mcs10_b09_s100.B00
Reading graphs...
100 : 450
100 : 450
Initializing...
maxdom : 6
D->valSize : 322
Solving...
Blb : 2 (clique : 21)
currentSize : 21 <-- 0.003121 s
currentSize : 22 <-- 0.008166 s
currentSize : 23 <-- 0.016306 s
currentSize : 24 <-- 0.314911 s
currentSize : 25 <-- 0.578106 s
currentSize : 26 <-- 524.319092 s

TIMEOUT
maxsize : 26
nodes : 646651390.000000
filtered : 5072873118.000000
time : 3600.000000
