Parameters: GAD=1 vflib=1 dir=1 label=1 lowerbound=1 fileNameGp=../graphsdb/mcs10/bvg/b06m/mcs10_b06m_s70.A87 fileNameGt=../graphsdb/mcs10/bvg/b06m/mcs10_b06m_s70.B87
Reading graphs...
70 : 210
70 : 210
Initializing...
maxdom : 9
D->valSize : 288
Solving...
Blb : 2 (clique : 16)
currentSize : 16 <-- 0.002194 s
currentSize : 17 <-- 0.002697 s
currentSize : 18 <-- 0.011811 s
currentSize : 19 <-- 0.083873 s
currentSize : 20 <-- 6.324103 s
currentSize : 21 <-- 6.658343 s

maxsize : 21
nodes : 297234247.000000
filtered : 2881356308.000000
time : 1329.401733
