Parameters: GAD=1 vflib=1 dir=1 label=1 lowerbound=1 fileNameGp=../graphsdb/mcs10/rand/r005/mcs10_r005_s100.A89 fileNameGt=../graphsdb/mcs10/rand/r005/mcs10_r005_s100.B89
Reading graphs...
100 : 500
100 : 500
Initializing...
maxdom : 7
D->valSize : 357
Solving...
Blb : 2 (clique : 18)
currentSize : 18 <-- 0.005510 s
currentSize : 19 <-- 0.005781 s
currentSize : 20 <-- 0.008294 s
currentSize : 21 <-- 0.085325 s
currentSize : 22 <-- 522.454956 s
currentSize : 23 <-- 580.750977 s
currentSize : 24 <-- 1151.409790 s

TIMEOUT
maxsize : 24
nodes : 645218676.000000
filtered : 4804424629.000000
time : 3600.000000
