Parameters: GAD=1 vflib=1 dir=1 label=1 lowerbound=1 fileNameGp=../graphsdb/mcs10/m2D/m2D/mcs10_m2D_s60.A44 fileNameGt=../graphsdb/mcs10/m2D/m2D/mcs10_m2D_s60.B44
Reading graphs...
60 : 104
60 : 104
Initializing...
maxdom : 7
D->valSize : 223
Solving...
Blb : 2 (clique : 21)
currentSize : 21 <-- 0.001592 s
currentSize : 22 <-- 0.001771 s
currentSize : 23 <-- 0.019823 s
currentSize : 24 <-- 0.709202 s
currentSize : 25 <-- 296.742920 s

maxsize : 25
nodes : 362476869.000000
filtered : 2568945614.000000
time : 1473.874512
