Parameters: GAD=1 vflib=1 dir=1 label=1 lowerbound=1 fileNameGp=../graphsdb/mcs10/rand/r01/mcs10_r01_s90.A38 fileNameGt=../graphsdb/mcs10/rand/r01/mcs10_r01_s90.B38
Reading graphs...
90 : 802
90 : 802
Initializing...
maxdom : 13
D->valSize : 571
Solving...
Blb : 2 (clique : 11)
currentSize : 11 <-- 0.006306 s
currentSize : 12 <-- 0.006465 s
currentSize : 13 <-- 0.006916 s
currentSize : 14 <-- 0.010387 s
currentSize : 15 <-- 0.035862 s
currentSize : 16 <-- 0.082657 s
currentSize : 17 <-- 0.519150 s
currentSize : 18 <-- 4.314901 s
currentSize : 19 <-- 164.241379 s

maxsize : 19
nodes : 150560922.000000
filtered : 2708675261.000000
time : 940.146118
