Parameters: GAD=1 vflib=1 dir=1 label=1 lowerbound=1 fileNameGp=../graphsdb/mcs10/bvg/b03m/mcs10_b03m_s80.A81 fileNameGt=../graphsdb/mcs10/bvg/b03m/mcs10_b03m_s80.B81
Reading graphs...
80 : 120
80 : 120
Initializing...
maxdom : 7
D->valSize : 420
Solving...
Blb : 2 (clique : 27)
currentSize : 27 <-- 0.004131 s
currentSize : 28 <-- 0.004406 s
currentSize : 30 <-- 0.004690 s
currentSize : 31 <-- 0.031116 s
currentSize : 32 <-- 0.528242 s
currentSize : 33 <-- 1.191529 s
currentSize : 34 <-- 312.325928 s

TIMEOUT
maxsize : 34
nodes : 791303947.000000
filtered : 3530998854.000000
time : 3600.000000
