Parameters: GAD=1 vflib=1 dir=1 label=1 lowerbound=1 fileNameGp=../graphsdb/mcs10/m3D/m3D/mcs10_m3D_s60.A89 fileNameGt=../graphsdb/mcs10/m3D/m3D/mcs10_m3D_s60.B89
Reading graphs...
60 : 134
60 : 134
Initializing...
maxdom : 8
D->valSize : 212
Solving...
Blb : 2 (clique : 17)
currentSize : 17 <-- 0.002267 s
currentSize : 18 <-- 0.003306 s
currentSize : 19 <-- 0.338667 s
currentSize : 20 <-- 1.212411 s
currentSize : 21 <-- 1.220298 s
currentSize : 22 <-- 1.270527 s
currentSize : 23 <-- 6.217896 s

maxsize : 23
nodes : 4586937.000000
filtered : 35918817.000000
time : 19.203814
