Parameters: GAD=1 vflib=1 dir=1 label=1 lowerbound=1 fileNameGp=../graphsdb/mcs10/m3D/m3Dr2/mcs10_m3Dr2_s100.A52 fileNameGt=../graphsdb/mcs10/m3D/m3Dr2/mcs10_m3Dr2_s100.B52
Reading graphs...
100 : 255
100 : 254
Initializing...
maxdom : 7
D->valSize : 331
Solving...
Blb : 2 (clique : 28)
currentSize : 28 <-- 0.006008 s
currentSize : 29 <-- 0.036373 s
currentSize : 30 <-- 0.147738 s
currentSize : 31 <-- 0.159078 s
currentSize : 32 <-- 3.176216 s
currentSize : 33 <-- 228.768372 s

TIMEOUT
maxsize : 33
nodes : 715437680.000000
filtered : 3216100592.000000
time : 3600.000000
