Parameters: GAD=1 vflib=1 dir=1 label=1 lowerbound=1 fileNameGp=../graphsdb/mcs10/rand/r005/mcs10_r005_s80.A84 fileNameGt=../graphsdb/mcs10/rand/r005/mcs10_r005_s80.B84
Reading graphs...
80 : 321
80 : 321
Initializing...
maxdom : 11
D->valSize : 408
Solving...
Blb : 5 (clique : 17)
currentSize : 17 <-- 0.006149 s
currentSize : 18 <-- 0.013385 s
currentSize : 19 <-- 0.027413 s
currentSize : 20 <-- 0.027589 s
currentSize : 21 <-- 9.034726 s
currentSize : 22 <-- 10.915146 s
currentSize : 23 <-- 2175.764404 s

TIMEOUT
maxsize : 23
nodes : 729927053.000000
filtered : 5915685432.000000
time : 3600.000000
