Parameters: GAD=1 vflib=1 dir=1 label=1 lowerbound=1 fileNameGp=../graphsdb/mcs10/bvg/b03/mcs10_b03_s70.A42 fileNameGt=../graphsdb/mcs10/bvg/b03/mcs10_b03_s70.B42
Reading graphs...
70 : 105
70 : 105
Initializing...
maxdom : 9
D->valSize : 305
Solving...
Blb : 2 (clique : 26)
currentSize : 26 <-- 0.002453 s
currentSize : 27 <-- 0.003288 s
currentSize : 28 <-- 0.126081 s
currentSize : 29 <-- 90.003838 s
currentSize : 30 <-- 192.413971 s
currentSize : 31 <-- 313.679321 s

TIMEOUT
maxsize : 31
nodes : 879515664.000000
filtered : 5494442724.000000
time : 3600.000000
