Parameters: GAD=1 vflib=1 dir=1 label=1 lowerbound=1 fileNameGp=../graphsdb/mcs10/rand/r005/mcs10_r005_s50.A32 fileNameGt=../graphsdb/mcs10/rand/r005/mcs10_r005_s50.B32
Reading graphs...
50 : 125
50 : 125
Initializing...
maxdom : 10
D->valSize : 298
Solving...
Blb : 2 (clique : 14)
currentSize : 14 <-- 0.002412 s
currentSize : 15 <-- 0.013406 s
currentSize : 16 <-- 0.193111 s
currentSize : 17 <-- 5.313857 s
currentSize : 18 <-- 7.536767 s

maxsize : 18
nodes : 10476499.000000
filtered : 157694441.000000
time : 50.220772
