Parameters: GAD=1 vflib=1 dir=1 label=1 lowerbound=1 fileNameGp=../graphsdb/mcs10/bvg/b09m/mcs10_b09m_s100.A59 fileNameGt=../graphsdb/mcs10/bvg/b09m/mcs10_b09m_s100.B59
Reading graphs...
100 : 450
100 : 450
Initializing...
maxdom : 7
D->valSize : 335
Solving...
Blb : 2 (clique : 22)
currentSize : 22 <-- 0.003111 s
currentSize : 23 <-- 0.003435 s
currentSize : 24 <-- 0.017408 s
currentSize : 25 <-- 0.043467 s
currentSize : 26 <-- 27.277994 s
currentSize : 27 <-- 1461.991699 s

TIMEOUT
maxsize : 27
nodes : 638182742.000000
filtered : 4616981249.000000
time : 3600.000000
