Parameters: GAD=1 vflib=1 dir=1 label=1 lowerbound=1 fileNameGp=../graphsdb/mcs10/bvg/b03/mcs10_b03_s50.A18 fileNameGt=../graphsdb/mcs10/bvg/b03/mcs10_b03_s50.B18
Reading graphs...
50 : 75
50 : 75
Initializing...
maxdom : 12
D->valSize : 295
Solving...
Blb : 2 (clique : 19)
currentSize : 19 <-- 0.002356 s
currentSize : 20 <-- 0.002564 s
currentSize : 21 <-- 0.002709 s
currentSize : 22 <-- 0.022026 s
currentSize : 23 <-- 49.094070 s
currentSize : 24 <-- 255.310852 s
currentSize : 25 <-- 492.361176 s
currentSize : 26 <-- 577.950500 s

maxsize : 26
nodes : 146760545.000000
filtered : 1545460500.000000
time : 605.070801
