Parameters: GAD=1 vflib=1 dir=1 label=1 lowerbound=1 fileNameGp=../graphsdb/mcs10/m3D/m3Dr6/mcs10_m3Dr6_s90.A94 fileNameGt=../graphsdb/mcs10/m3D/m3Dr6/mcs10_m3Dr6_s90.B94
Reading graphs...
90 : 263
90 : 263
Initializing...
maxdom : 12
D->valSize : 530
Solving...
Blb : 2 (clique : 24)
currentSize : 24 <-- 0.005825 s
currentSize : 25 <-- 0.013877 s
currentSize : 26 <-- 5.263380 s
currentSize : 27 <-- 5.365590 s
currentSize : 28 <-- 1401.911255 s
currentSize : 29 <-- 3436.251953 s

TIMEOUT
maxsize : 29
nodes : 704111352.000000
filtered : 5258152107.000000
time : 3600.000000
