Parameters: GAD=1 vflib=1 dir=1 label=1 lowerbound=1 fileNameGp=../graphsdb/mcs10/rand/r01/mcs10_r01_s100.A96 fileNameGt=../graphsdb/mcs10/rand/r01/mcs10_r01_s100.B96
Reading graphs...
100 : 990
100 : 990
Initializing...
maxdom : 8
D->valSize : 286
Solving...
Blb : 5 (clique : 11)
currentSize : 11 <-- 0.002660 s
currentSize : 12 <-- 0.003289 s
currentSize : 13 <-- 0.005671 s
currentSize : 14 <-- 0.021768 s
currentSize : 15 <-- 1.046212 s
currentSize : 16 <-- 6.023966 s

maxsize : 16
nodes : 5160526.000000
filtered : 46914528.000000
time : 30.089224
