Parameters: GAD=1 vflib=1 dir=1 label=1 lowerbound=1 fileNameGp=../graphsdb/mcs10/m3D/m3Dr2/mcs10_m3Dr2_s100.A49 fileNameGt=../graphsdb/mcs10/m3D/m3Dr2/mcs10_m3Dr2_s100.B49
Reading graphs...
100 : 255
100 : 255
Initializing...
maxdom : 6
D->valSize : 332
Solving...
Blb : 2 (clique : 28)
currentSize : 28 <-- 0.003224 s
currentSize : 29 <-- 0.003763 s
currentSize : 31 <-- 0.031764 s
currentSize : 32 <-- 94.471451 s
currentSize : 33 <-- 209.199738 s
currentSize : 34 <-- 1073.345703 s

TIMEOUT
maxsize : 34
nodes : 679397392.000000
filtered : 3523815896.000000
time : 3600.000000
