Parameters: GAD=1 vflib=1 dir=1 label=1 lowerbound=1 fileNameGp=../graphsdb/mcs10/rand/r001/mcs10_r001_s100.A61 fileNameGt=../graphsdb/mcs10/rand/r001/mcs10_r001_s100.B61
Reading graphs...
100 : 108
100 : 108
Initializing...
maxdom : 9
D->valSize : 313
Solving...
Blb : 2 (clique : 40)
currentSize : 40 <-- 0.005201 s
currentSize : 41 <-- 0.006322 s
currentSize : 42 <-- 0.037375 s
currentSize : 43 <-- 0.214980 s
currentSize : 44 <-- 0.216549 s
currentSize : 45 <-- 100.990723 s

TIMEOUT
maxsize : 45
nodes : 753223691.000000
filtered : 3167132975.000000
time : 3600.000000
