Parameters: GAD=1 vflib=1 dir=1 label=1 lowerbound=1 fileNameGp=../graphsdb/mcs10/bvg/b03/mcs10_b03_s100.A68 fileNameGt=../graphsdb/mcs10/bvg/b03/mcs10_b03_s100.B68
Reading graphs...
100 : 150
100 : 150
Initializing...
maxdom : 6
D->valSize : 317
Solving...
Blb : 2 (clique : 36)
currentSize : 36 <-- 0.003295 s
currentSize : 37 <-- 0.791938 s
currentSize : 38 <-- 22.560780 s
currentSize : 39 <-- 22.560907 s
currentSize : 40 <-- 23.523827 s
currentSize : 41 <-- 52.834167 s
currentSize : 42 <-- 506.643768 s
currentSize : 43 <-- 543.736511 s

TIMEOUT
maxsize : 43
nodes : 745061117.000000
filtered : 3279520042.000000
time : 3600.000000
