Parameters: GAD=1 vflib=1 dir=1 label=1 lowerbound=1 fileNameGp=../graphsdb/mcs10/rand/r01/mcs10_r01_s70.A16 fileNameGt=../graphsdb/mcs10/rand/r01/mcs10_r01_s70.B16
Reading graphs...
70 : 485
70 : 485
Initializing...
maxdom : 8
D->valSize : 285
Solving...
Blb : 3 (clique : 11)
currentSize : 11 <-- 0.002114 s
currentSize : 12 <-- 0.011772 s
currentSize : 13 <-- 0.450273 s
currentSize : 14 <-- 2.783243 s
currentSize : 15 <-- 4.998145 s

maxsize : 15
nodes : 2975442.000000
filtered : 30164016.000000
time : 14.383864
