Parameters: GAD=1 vflib=1 dir=1 label=1 lowerbound=1 fileNameGp=../graphsdb/mcs10/m2D/m2D/mcs10_m2D_s100.A64 fileNameGt=../graphsdb/mcs10/m2D/m2D/mcs10_m2D_s100.B64
Reading graphs...
100 : 180
100 : 180
Initializing...
maxdom : 7
D->valSize : 326
Solving...
Blb : 2 (clique : 32)
currentSize : 32 <-- 0.005334 s
currentSize : 33 <-- 0.009083 s
currentSize : 34 <-- 0.084172 s
currentSize : 35 <-- 1.738099 s
currentSize : 36 <-- 47.559010 s
currentSize : 37 <-- 1604.899536 s

TIMEOUT
maxsize : 37
nodes : 731938063.000000
filtered : 3068037001.000000
time : 3600.000000
