Parameters: GAD=1 vflib=1 dir=1 label=1 lowerbound=1 fileNameGp=../graphsdb/mcs10/m2D/m2Dr6/mcs10_m2Dr6_s100.A63 fileNameGt=../graphsdb/mcs10/m2D/m2Dr6/mcs10_m2Dr6_s100.B63
Reading graphs...
100 : 240
100 : 240
Initializing...
maxdom : 6
D->valSize : 331
Solving...
Blb : 2 (clique : 27)
currentSize : 27 <-- 0.005238 s
currentSize : 28 <-- 0.005662 s
currentSize : 29 <-- 0.006060 s
currentSize : 30 <-- 0.007004 s
currentSize : 31 <-- 0.017231 s
currentSize : 32 <-- 13.566122 s
currentSize : 33 <-- 194.242783 s
currentSize : 34 <-- 1103.477783 s
currentSize : 35 <-- 2441.941162 s

TIMEOUT
maxsize : 35
nodes : 744311390.000000
filtered : 3059681032.000000
time : 3600.000000
