Parameters: GAD=1 vflib=1 dir=1 label=1 lowerbound=1 fileNameGp=../graphsdb/mcs10/m3D/m3Dr4/mcs10_m3Dr4_s80.A33 fileNameGt=../graphsdb/mcs10/m3D/m3Dr4/mcs10_m3Dr4_s80.B33
Reading graphs...
80 : 216
80 : 216
Initializing...
maxdom : 10
D->valSize : 431
Solving...
Blb : 2 (clique : 22)
currentSize : 22 <-- 0.004206 s
currentSize : 23 <-- 0.004440 s
currentSize : 24 <-- 0.004764 s
currentSize : 25 <-- 0.018750 s
currentSize : 26 <-- 8.742674 s
currentSize : 27 <-- 24.160995 s
currentSize : 28 <-- 79.500954 s

TIMEOUT
maxsize : 28
nodes : 700782064.000000
filtered : 6327246177.000000
time : 3600.000000
