Parameters: GAD=1 vflib=1 dir=1 label=1 lowerbound=1 fileNameGp=../graphsdb/mcs10/m2D/m2Dr4/mcs10_m2Dr4_s50.A98 fileNameGt=../graphsdb/mcs10/m2D/m2Dr4/mcs10_m2Dr4_s50.B98
Reading graphs...
50 : 105
50 : 104
Initializing...
maxdom : 10
D->valSize : 316
Solving...
Blb : 2 (clique : 17)
currentSize : 17 <-- 0.002354 s
currentSize : 18 <-- 0.049647 s
currentSize : 19 <-- 0.091381 s
currentSize : 20 <-- 0.750358 s
currentSize : 21 <-- 195.284454 s

maxsize : 21
nodes : 413430454.000000
filtered : 4612591941.000000
time : 1638.640381
