Parameters: GAD=1 vflib=1 dir=1 label=1 lowerbound=1 fileNameGp=../graphsdb/mcs10/m3D/m3Dr4/mcs10_m3Dr4_s70.A98 fileNameGt=../graphsdb/mcs10/m3D/m3Dr4/mcs10_m3Dr4_s70.B98
Reading graphs...
70 : 187
70 : 187
Initializing...
maxdom : 8
D->valSize : 288
Solving...
Blb : 2 (clique : 20)
currentSize : 20 <-- 0.003528 s
currentSize : 21 <-- 0.843579 s
currentSize : 22 <-- 0.942384 s
currentSize : 23 <-- 8.241313 s
currentSize : 24 <-- 41.962547 s

maxsize : 24
nodes : 617038300.000000
filtered : 5504469660.000000
time : 2926.520264
