Parameters: GAD=1 vflib=1 dir=1 label=1 lowerbound=1 fileNameGp=../graphsdb/mcs10/bvg/b09m/mcs10_b09m_s100.A62 fileNameGt=../graphsdb/mcs10/bvg/b09m/mcs10_b09m_s100.B62
Reading graphs...
100 : 450
100 : 450
Initializing...
maxdom : 8
D->valSize : 341
Solving...
Blb : 2 (clique : 22)
currentSize : 22 <-- 0.003203 s
currentSize : 23 <-- 0.005947 s
currentSize : 24 <-- 0.163158 s
currentSize : 25 <-- 33.189991 s
currentSize : 26 <-- 539.752869 s
currentSize : 27 <-- 609.767639 s
currentSize : 28 <-- 1238.805542 s

TIMEOUT
maxsize : 28
nodes : 632849757.000000
filtered : 4861151676.000000
time : 3600.000000
