Parameters: GAD=1 vflib=1 dir=1 label=1 lowerbound=1 fileNameGp=../graphsdb/mcs10/m2D/m2Dr4/mcs10_m2Dr4_s70.A05 fileNameGt=../graphsdb/mcs10/m2D/m2Dr4/mcs10_m2Dr4_s70.B05
Reading graphs...
70 : 151
70 : 150
Initializing...
maxdom : 9
D->valSize : 327
Solving...
Blb : 2 (clique : 23)
currentSize : 23 <-- 0.002868 s
currentSize : 24 <-- 0.003217 s
currentSize : 25 <-- 0.115819 s
currentSize : 26 <-- 0.119423 s
currentSize : 27 <-- 0.347983 s
currentSize : 28 <-- 1.650198 s
currentSize : 29 <-- 11.325011 s
currentSize : 30 <-- 916.691223 s

TIMEOUT
maxsize : 30
nodes : 660526134.000000
filtered : 7024617849.000000
time : 3600.000000
