Parameters: GAD=1 vflib=1 dir=1 label=1 lowerbound=1 fileNameGp=../graphsdb/mcs10/rand/r005/mcs10_r005_s80.A99 fileNameGt=../graphsdb/mcs10/rand/r005/mcs10_r005_s80.B99
Reading graphs...
80 : 321
80 : 321
Initializing...
maxdom : 10
D->valSize : 389
Solving...
Blb : 2 (clique : 20)
currentSize : 20 <-- 0.005713 s
currentSize : 21 <-- 5.379237 s
currentSize : 22 <-- 24.563080 s
currentSize : 23 <-- 469.185272 s
currentSize : 24 <-- 561.844727 s
currentSize : 25 <-- 2396.662598 s

TIMEOUT
maxsize : 25
nodes : 691566907.000000
filtered : 7294156790.000000
time : 3600.000000
