Parameters: GAD=1 vflib=1 dir=1 label=1 lowerbound=1 fileNameGp=../graphsdb/mcs10/m2D/m2Dr6/mcs10_m2Dr6_s40.A18 fileNameGt=../graphsdb/mcs10/m2D/m2Dr6/mcs10_m2Dr6_s40.B18
Reading graphs...
40 : 91
40 : 89
Initializing...
maxdom : 8
D->valSize : 200
Solving...
Blb : 2 (clique : 11)
currentSize : 11 <-- 0.001074 s
currentSize : 12 <-- 0.001158 s
currentSize : 13 <-- 0.001248 s
currentSize : 14 <-- 0.001953 s
currentSize : 15 <-- 0.028689 s

maxsize : 15
nodes : 270314.000000
filtered : 3465534.000000
time : 1.022813
