Parameters: GAD=1 vflib=1 dir=1 label=1 lowerbound=1 fileNameGp=../graphsdb/mcs10/rand/r01/mcs10_r01_s100.A51 fileNameGt=../graphsdb/mcs10/rand/r01/mcs10_r01_s100.B51
Reading graphs...
100 : 990
100 : 990
Initializing...
maxdom : 7
D->valSize : 325
Solving...
Blb : 2 (clique : 13)
currentSize : 13 <-- 0.004707 s
currentSize : 14 <-- 0.005529 s
currentSize : 15 <-- 0.008063 s
currentSize : 16 <-- 0.008186 s
currentSize : 17 <-- 0.075819 s

maxsize : 17
nodes : 41316206.000000
filtered : 334933642.000000
time : 233.443787
