Parameters: GAD=1 vflib=1 dir=1 label=1 lowerbound=1 fileNameGp=../graphsdb/mcs10/m2D/m2Dr4/mcs10_m2Dr4_s70.A14 fileNameGt=../graphsdb/mcs10/m2D/m2Dr4/mcs10_m2Dr4_s70.B14
Reading graphs...
70 : 151
70 : 151
Initializing...
maxdom : 8
D->valSize : 332
Solving...
Blb : 5 (clique : 23)
currentSize : 23 <-- 0.004580 s
currentSize : 24 <-- 0.051318 s
currentSize : 25 <-- 0.091526 s
currentSize : 26 <-- 0.225145 s
currentSize : 27 <-- 0.318312 s
currentSize : 28 <-- 16.626465 s

TIMEOUT
maxsize : 28
nodes : 765057385.000000
filtered : 5618405082.000000
time : 3600.000000
