Parameters: GAD=1 vflib=1 dir=1 label=1 lowerbound=1 fileNameGp=../graphsdb/mcs10/rand/r01/mcs10_r01_s70.A51 fileNameGt=../graphsdb/mcs10/rand/r01/mcs10_r01_s70.B51
Reading graphs...
70 : 485
70 : 485
Initializing...
maxdom : 10
D->valSize : 312
Solving...
Blb : 5 (clique : 11)
currentSize : 11 <-- 0.002400 s
currentSize : 12 <-- 0.004736 s
currentSize : 13 <-- 0.014280 s
currentSize : 14 <-- 0.072755 s
currentSize : 15 <-- 11.193992 s
currentSize : 16 <-- 15.815424 s

maxsize : 16
nodes : 4204881.000000
filtered : 45900214.000000
time : 20.077852
