Parameters: GAD=1 vflib=1 dir=1 label=1 lowerbound=1 fileNameGp=../graphsdb/mcs10/m3D/m3D/mcs10_m3D_s70.A85 fileNameGt=../graphsdb/mcs10/m3D/m3D/mcs10_m3D_s70.B85
Reading graphs...
70 : 159
70 : 159
Initializing...
maxdom : 8
D->valSize : 329
Solving...
Blb : 2 (clique : 21)
currentSize : 21 <-- 0.002986 s
currentSize : 22 <-- 0.003142 s
currentSize : 23 <-- 0.050932 s
currentSize : 24 <-- 0.175341 s
currentSize : 25 <-- 0.933052 s
currentSize : 26 <-- 139.598892 s

TIMEOUT
maxsize : 26
nodes : 756920334.000000
filtered : 7203146620.000000
time : 3600.000000
