Parameters: GAD=1 vflib=1 dir=1 label=1 lowerbound=1 fileNameGp=../graphsdb/mcs10/bvg/b03/mcs10_b03_s40.A70 fileNameGt=../graphsdb/mcs10/bvg/b03/mcs10_b03_s40.B70
Reading graphs...
40 : 60
40 : 60
Initializing...
maxdom : 12
D->valSize : 180
Solving...
Blb : 2 (clique : 13)
currentSize : 13 <-- 0.001579 s
currentSize : 14 <-- 0.001962 s
currentSize : 15 <-- 0.007456 s
currentSize : 16 <-- 0.044271 s
currentSize : 17 <-- 0.324879 s

maxsize : 17
nodes : 99247.000000
filtered : 1167007.000000
time : 0.634882
