Parameters: GAD=1 vflib=1 dir=1 label=1 lowerbound=1 fileNameGp=../graphsdb/mcs10/m2D/m2Dr2/mcs10_m2Dr2_s90.A53 fileNameGt=../graphsdb/mcs10/m2D/m2Dr2/mcs10_m2Dr2_s90.B53
Reading graphs...
90 : 179
90 : 179
Initializing...
maxdom : 13
D->valSize : 590
Solving...
Blb : 2 (clique : 30)
currentSize : 30 <-- 0.012198 s
currentSize : 31 <-- 0.094687 s
currentSize : 32 <-- 0.258801 s
currentSize : 33 <-- 0.378355 s
currentSize : 34 <-- 4.255587 s
currentSize : 35 <-- 22.905748 s
currentSize : 36 <-- 253.020782 s

TIMEOUT
maxsize : 36
nodes : 623138631.000000
filtered : 5297284764.000000
time : 3600.000000
