Parameters: GAD=1 vflib=1 dir=1 label=1 lowerbound=1 fileNameGp=../graphsdb/mcs10/m3D/m3Dr6/mcs10_m3Dr6_s60.A57 fileNameGt=../graphsdb/mcs10/m3D/m3Dr6/mcs10_m3Dr6_s60.B57
Reading graphs...
60 : 169
60 : 168
Initializing...
maxdom : 8
D->valSize : 243
Solving...
Blb : 2 (clique : 17)
currentSize : 17 <-- 0.001709 s
currentSize : 18 <-- 0.002021 s
currentSize : 19 <-- 0.075572 s
currentSize : 20 <-- 3.290472 s
currentSize : 21 <-- 13.669891 s

maxsize : 21
nodes : 17638339.000000
filtered : 142762674.000000
time : 74.548859
