Parameters: GAD=1 vflib=1 dir=1 label=1 lowerbound=1 fileNameGp=../graphsdb/mcs10/rand/r02/mcs10_r02_s100.A42 fileNameGt=../graphsdb/mcs10/rand/r02/mcs10_r02_s100.B42
Reading graphs...
100 : 1979
100 : 1979
Initializing...
maxdom : 6
D->valSize : 328
Solving...
Blb : 2 (clique : 7)
currentSize : 7 <-- 0.003145 s
currentSize : 8 <-- 0.003287 s
currentSize : 9 <-- 0.003359 s
currentSize : 10 <-- 0.012901 s
currentSize : 11 <-- 0.461950 s

maxsize : 11
nodes : 334483.000000
filtered : 3194462.000000
time : 1.921121
