Parameters: GAD=1 vflib=1 dir=1 label=1 lowerbound=1 fileNameGp=../graphsdb/mcs10/m2D/m2Dr2/mcs10_m2Dr2_s100.A38 fileNameGt=../graphsdb/mcs10/m2D/m2Dr2/mcs10_m2Dr2_s100.B38
Reading graphs...
100 : 200
100 : 200
Initializing...
maxdom : 8
D->valSize : 310
Solving...
Blb : 5 (clique : 29)
currentSize : 29 <-- 0.003237 s
currentSize : 30 <-- 0.004072 s
currentSize : 31 <-- 0.004209 s
currentSize : 32 <-- 0.021861 s
currentSize : 33 <-- 1.004753 s
currentSize : 34 <-- 47.806957 s
currentSize : 35 <-- 69.439224 s

TIMEOUT
maxsize : 35
nodes : 698671999.000000
filtered : 3075077854.000000
time : 3600.000000
