Parameters: GAD=1 vflib=1 dir=1 label=1 lowerbound=1 fileNameGp=../graphsdb/mcs10/rand/r005/mcs10_r005_s90.A42 fileNameGt=../graphsdb/mcs10/rand/r005/mcs10_r005_s90.B42
Reading graphs...
90 : 405
90 : 405
Initializing...
maxdom : 11
D->valSize : 515
Solving...
Blb : 2 (clique : 19)
currentSize : 19 <-- 0.005474 s
currentSize : 20 <-- 0.005925 s
currentSize : 21 <-- 0.006380 s
currentSize : 22 <-- 0.015059 s
currentSize : 23 <-- 0.861027 s
currentSize : 24 <-- 48.807194 s

TIMEOUT
maxsize : 24
nodes : 669191635.000000
filtered : 6448910771.000000
time : 3600.000000
