Parameters: GAD=1 vflib=1 dir=1 label=1 lowerbound=1 fileNameGp=../graphsdb/mcs10/m3D/m3Dr2/mcs10_m3Dr2_s60.A46 fileNameGt=../graphsdb/mcs10/m3D/m3Dr2/mcs10_m3Dr2_s60.B46
Reading graphs...
60 : 146
60 : 146
Initializing...
maxdom : 6
D->valSize : 232
Solving...
Blb : 5 (clique : 16)
currentSize : 16 <-- 0.002615 s
currentSize : 17 <-- 0.003679 s
currentSize : 18 <-- 0.006874 s
currentSize : 19 <-- 0.368150 s
currentSize : 20 <-- 2.168248 s
currentSize : 21 <-- 8.633870 s
currentSize : 22 <-- 123.284248 s

maxsize : 22
nodes : 64849439.000000
filtered : 518188495.000000
time : 286.420990
