Parameters: GAD=1 vflib=1 dir=1 label=1 lowerbound=1 fileNameGp=../graphsdb/mcs10/rand/r005/mcs10_r005_s70.A26 fileNameGt=../graphsdb/mcs10/rand/r005/mcs10_r005_s70.B26
Reading graphs...
70 : 245
70 : 245
Initializing...
maxdom : 7
D->valSize : 285
Solving...
Blb : 2 (clique : 16)
currentSize : 16 <-- 0.002568 s
currentSize : 17 <-- 0.002737 s
currentSize : 18 <-- 0.002882 s
currentSize : 19 <-- 0.068400 s
currentSize : 20 <-- 0.070963 s
currentSize : 21 <-- 74.382462 s

maxsize : 21
nodes : 304704660.000000
filtered : 2357419446.000000
time : 1385.408936
