Parameters: GAD=1 vflib=1 dir=1 label=1 lowerbound=1 fileNameGp=../graphsdb/mcs10/m2D/m2Dr2/mcs10_m2Dr2_s70.A26 fileNameGt=../graphsdb/mcs10/m2D/m2Dr2/mcs10_m2Dr2_s70.B26
Reading graphs...
70 : 137
70 : 137
Initializing...
maxdom : 6
D->valSize : 310
Solving...
Blb : 2 (clique : 22)
currentSize : 22 <-- 0.002475 s
currentSize : 23 <-- 0.002620 s
currentSize : 24 <-- 0.003140 s
currentSize : 25 <-- 0.021832 s
currentSize : 26 <-- 1.422722 s
currentSize : 27 <-- 82.854042 s

TIMEOUT
maxsize : 27
nodes : 840994151.000000
filtered : 5357589562.000000
time : 3600.000000
