Parameters: GAD=1 vflib=1 dir=1 label=1 lowerbound=1 fileNameGp=../graphsdb/mcs10/bvg/b03/mcs10_b03_s40.A39 fileNameGt=../graphsdb/mcs10/bvg/b03/mcs10_b03_s40.B39
Reading graphs...
40 : 60
40 : 60
Initializing...
maxdom : 7
D->valSize : 181
Solving...
Blb : 3 (clique : 14)
currentSize : 14 <-- 0.001050 s
currentSize : 15 <-- 0.002739 s
currentSize : 16 <-- 0.004449 s
currentSize : 17 <-- 0.925151 s
currentSize : 18 <-- 0.937081 s

maxsize : 18
nodes : 1431444.000000
filtered : 11187604.000000
time : 4.818263
