Parameters: GAD=1 vflib=1 dir=1 label=1 lowerbound=1 fileNameGp=../graphsdb/mcs10/m2D/m2D/mcs10_m2D_s90.A28 fileNameGt=../graphsdb/mcs10/m2D/m2D/mcs10_m2D_s90.B28
Reading graphs...
90 : 161
90 : 161
Initializing...
maxdom : 9
D->valSize : 478
Solving...
Blb : 2 (clique : 32)
currentSize : 32 <-- 0.005284 s
currentSize : 33 <-- 0.067935 s
currentSize : 34 <-- 0.465246 s
currentSize : 35 <-- 0.584968 s
currentSize : 36 <-- 3.725497 s
currentSize : 37 <-- 14.635437 s

TIMEOUT
maxsize : 37
nodes : 729319254.000000
filtered : 5040191410.000000
time : 3600.000000
