Parameters: GAD=1 vflib=1 dir=1 label=1 lowerbound=1 fileNameGp=../graphsdb/mcs10/bvg/b06/mcs10_b06_s100.A47 fileNameGt=../graphsdb/mcs10/bvg/b06/mcs10_b06_s100.B47
Reading graphs...
100 : 300
100 : 300
Initializing...
maxdom : 7
D->valSize : 318
Solving...
Blb : 2 (clique : 25)
currentSize : 25 <-- 0.003130 s
currentSize : 26 <-- 0.012399 s
currentSize : 27 <-- 1.113392 s
currentSize : 28 <-- 1.128144 s
currentSize : 29 <-- 4.322747 s
currentSize : 30 <-- 20.384836 s
currentSize : 31 <-- 1340.569946 s

TIMEOUT
maxsize : 31
nodes : 712700374.000000
filtered : 3357517559.000000
time : 3600.000000
