Parameters: GAD=1 vflib=1 dir=1 label=1 lowerbound=1 fileNameGp=../graphsdb/mcs10/m3D/m3D/mcs10_m3D_s70.A68 fileNameGt=../graphsdb/mcs10/m3D/m3D/mcs10_m3D_s70.B68
Reading graphs...
70 : 159
70 : 159
Initializing...
maxdom : 9
D->valSize : 320
Solving...
Blb : 5 (clique : 21)
currentSize : 21 <-- 0.002839 s
currentSize : 22 <-- 0.021764 s
currentSize : 23 <-- 0.040877 s
currentSize : 24 <-- 0.484558 s
currentSize : 25 <-- 18.469368 s
currentSize : 26 <-- 704.908691 s
currentSize : 27 <-- 1592.648804 s

TIMEOUT
maxsize : 27
nodes : 726692407.000000
filtered : 7135370563.000000
time : 3600.000000
