Parameters: GAD=1 vflib=1 dir=1 label=1 lowerbound=1 fileNameGp=../graphsdb/mcs10/m2D/m2Dr2/mcs10_m2Dr2_s70.A14 fileNameGt=../graphsdb/mcs10/m2D/m2Dr2/mcs10_m2Dr2_s70.B14
Reading graphs...
70 : 137
70 : 137
Initializing...
maxdom : 9
D->valSize : 303
Solving...
Blb : 2 (clique : 21)
currentSize : 21 <-- 0.003871 s
currentSize : 22 <-- 0.004165 s
currentSize : 23 <-- 0.013980 s
currentSize : 24 <-- 0.048329 s
currentSize : 25 <-- 0.399625 s
currentSize : 26 <-- 4.748520 s
currentSize : 27 <-- 27.021177 s
currentSize : 28 <-- 234.125839 s

TIMEOUT
maxsize : 28
nodes : 760805018.000000
filtered : 6155708912.000000
time : 3600.000000
