Parameters: GAD=1 vflib=1 dir=1 label=1 lowerbound=1 fileNameGp=../graphsdb/mcs10/m2D/m2Dr6/mcs10_m2Dr6_s50.A94 fileNameGt=../graphsdb/mcs10/m2D/m2Dr6/mcs10_m2Dr6_s50.B94
Reading graphs...
50 : 115
50 : 114
Initializing...
maxdom : 9
D->valSize : 319
Solving...
Blb : 2 (clique : 14)
currentSize : 14 <-- 0.003576 s
currentSize : 15 <-- 0.005398 s
currentSize : 16 <-- 0.042926 s
currentSize : 17 <-- 1.226861 s
currentSize : 18 <-- 8.603852 s
currentSize : 19 <-- 10.812667 s
currentSize : 20 <-- 348.249664 s

maxsize : 20
nodes : 113995611.000000
filtered : 1195788441.000000
time : 479.513214
