Parameters: GAD=1 vflib=1 dir=1 label=1 lowerbound=1 fileNameGp=../graphsdb/mcs10/m3D/m3Dr4/mcs10_m3Dr4_s70.A44 fileNameGt=../graphsdb/mcs10/m3D/m3Dr4/mcs10_m3Dr4_s70.B44
Reading graphs...
70 : 187
70 : 186
Initializing...
maxdom : 12
D->valSize : 301
Solving...
Blb : 2 (clique : 19)
currentSize : 19 <-- 0.003771 s
currentSize : 20 <-- 0.004274 s
currentSize : 21 <-- 0.005904 s
currentSize : 22 <-- 0.006696 s
currentSize : 23 <-- 0.010125 s
currentSize : 24 <-- 0.028013 s
currentSize : 25 <-- 323.366364 s

maxsize : 25
nodes : 135845055.000000
filtered : 1566705913.000000
time : 695.279541
