Parameters: GAD=1 vflib=1 dir=1 label=1 lowerbound=1 fileNameGp=../graphsdb/mcs10/rand/r005/mcs10_r005_s50.A60 fileNameGt=../graphsdb/mcs10/rand/r005/mcs10_r005_s50.B60
Reading graphs...
50 : 125
50 : 125
Initializing...
maxdom : 15
D->valSize : 295
Solving...
Blb : 2 (clique : 14)
currentSize : 14 <-- 0.002587 s
currentSize : 15 <-- 0.003024 s
currentSize : 16 <-- 0.012710 s
currentSize : 17 <-- 4.483184 s
currentSize : 18 <-- 4.631629 s
currentSize : 19 <-- 18.977320 s

maxsize : 19
nodes : 61116507.000000
filtered : 644913708.000000
time : 276.836639
