Parameters: GAD=1 vflib=1 dir=1 label=1 lowerbound=1 fileNameGp=../graphsdb/mcs10/rand/r01/mcs10_r01_s80.A88 fileNameGt=../graphsdb/mcs10/rand/r01/mcs10_r01_s80.B88
Reading graphs...
80 : 634
80 : 634
Initializing...
maxdom : 10
D->valSize : 425
Solving...
Blb : 2 (clique : 12)
currentSize : 12 <-- 0.006127 s
currentSize : 13 <-- 0.006666 s
currentSize : 14 <-- 0.012143 s
currentSize : 15 <-- 0.239102 s
currentSize : 16 <-- 17.073832 s
currentSize : 17 <-- 63.320683 s

maxsize : 17
nodes : 47978082.000000
filtered : 640905852.000000
time : 260.681305
