Parameters: GAD=1 vflib=1 dir=1 label=1 lowerbound=1 fileNameGp=../graphsdb/mcs10/m3D/m3Dr4/mcs10_m3Dr4_s70.A56 fileNameGt=../graphsdb/mcs10/m3D/m3Dr4/mcs10_m3Dr4_s70.B56
Reading graphs...
70 : 187
70 : 187
Initializing...
maxdom : 8
D->valSize : 322
Solving...
Blb : 2 (clique : 19)
currentSize : 19 <-- 0.002518 s
currentSize : 20 <-- 0.586321 s
currentSize : 21 <-- 1.737124 s
currentSize : 22 <-- 14.600096 s
currentSize : 23 <-- 32.214420 s
currentSize : 24 <-- 72.941696 s
currentSize : 25 <-- 1397.707886 s

TIMEOUT
maxsize : 25
nodes : 798328692.000000
filtered : 5772136007.000000
time : 3600.000000
