Parameters: GAD=1 vflib=1 dir=1 label=1 lowerbound=1 fileNameGp=../graphsdb/mcs10/m2D/m2Dr2/mcs10_m2Dr2_s80.A67 fileNameGt=../graphsdb/mcs10/m2D/m2Dr2/mcs10_m2Dr2_s80.B67
Reading graphs...
80 : 158
80 : 158
Initializing...
maxdom : 8
D->valSize : 424
Solving...
Blb : 2 (clique : 25)
currentSize : 25 <-- 0.004026 s
currentSize : 26 <-- 0.004627 s
currentSize : 27 <-- 0.171250 s
currentSize : 28 <-- 210.583145 s
currentSize : 29 <-- 1048.580322 s
currentSize : 30 <-- 2628.663086 s

TIMEOUT
maxsize : 30
nodes : 815438977.000000
filtered : 4926249669.000000
time : 3600.000000
