Parameters: GAD=1 vflib=1 dir=1 label=1 lowerbound=1 fileNameGp=../graphsdb/mcs10/m3D/m3Dr2/mcs10_m3Dr2_s100.A68 fileNameGt=../graphsdb/mcs10/m3D/m3Dr2/mcs10_m3Dr2_s100.B68
Reading graphs...
100 : 255
100 : 255
Initializing...
maxdom : 7
D->valSize : 345
Solving...
Blb : 2 (clique : 25)
currentSize : 25 <-- 0.005465 s
currentSize : 26 <-- 0.010565 s
currentSize : 27 <-- 0.150319 s
currentSize : 28 <-- 1.426762 s
currentSize : 29 <-- 3.764353 s
currentSize : 30 <-- 7.970108 s
currentSize : 31 <-- 89.603775 s

TIMEOUT
maxsize : 31
nodes : 675106141.000000
filtered : 4303214203.000000
time : 3600.000000
