Parameters: GAD=1 vflib=1 dir=1 label=1 lowerbound=1 fileNameGp=../graphsdb/mcs10/m2D/m2D/mcs10_m2D_s100.A96 fileNameGt=../graphsdb/mcs10/m2D/m2D/mcs10_m2D_s100.B96
Reading graphs...
100 : 180
100 : 180
Initializing...
maxdom : 6
D->valSize : 332
Solving...
Blb : 2 (clique : 32)
currentSize : 32 <-- 0.005452 s
currentSize : 34 <-- 0.005836 s
currentSize : 35 <-- 0.006756 s
currentSize : 36 <-- 0.007030 s
currentSize : 37 <-- 0.012364 s
currentSize : 38 <-- 1879.228271 s
currentSize : 39 <-- 2493.340332 s

TIMEOUT
maxsize : 39
nodes : 778246161.000000
filtered : 2815141601.000000
time : 3600.000000
