Parameters: GAD=1 vflib=1 dir=1 label=1 lowerbound=1 fileNameGp=../graphsdb/mcs10/rand/r01/mcs10_r01_s70.A70 fileNameGt=../graphsdb/mcs10/rand/r01/mcs10_r01_s70.B70
Reading graphs...
70 : 485
70 : 485
Initializing...
maxdom : 9
D->valSize : 320
Solving...
Blb : 2 (clique : 11)
currentSize : 11 <-- 0.002634 s
currentSize : 12 <-- 0.008838 s
currentSize : 13 <-- 0.044038 s
currentSize : 14 <-- 0.191724 s
currentSize : 15 <-- 0.832024 s

maxsize : 15
nodes : 9869325.000000
filtered : 113096058.000000
time : 47.768963
