Parameters: GAD=1 vflib=1 dir=1 label=1 lowerbound=1 fileNameGp=../graphsdb/mcs10/m3D/m3Dr4/mcs10_m3Dr4_s100.A42 fileNameGt=../graphsdb/mcs10/m3D/m3Dr4/mcs10_m3Dr4_s100.B42
Reading graphs...
100 : 275
100 : 273
Initializing...
maxdom : 7
D->valSize : 298
Solving...
Blb : 2 (clique : 27)
currentSize : 27 <-- 0.002962 s
currentSize : 28 <-- 0.096200 s
currentSize : 29 <-- 0.808590 s
currentSize : 30 <-- 6.087280 s
currentSize : 31 <-- 8.145891 s
currentSize : 32 <-- 132.930984 s
currentSize : 33 <-- 1207.242798 s

TIMEOUT
maxsize : 33
nodes : 707056265.000000
filtered : 3387316513.000000
time : 3600.000000
