Parameters: GAD=1 vflib=1 dir=1 label=1 lowerbound=1 fileNameGp=../graphsdb/mcs10/rand/r01/mcs10_r01_s50.A80 fileNameGt=../graphsdb/mcs10/rand/r01/mcs10_r01_s50.B80
Reading graphs...
50 : 247
50 : 247
Initializing...
maxdom : 9
D->valSize : 298
Solving...
Blb : 2 (clique : 10)
currentSize : 10 <-- 0.003248 s
currentSize : 11 <-- 0.003410 s
currentSize : 12 <-- 0.003754 s
currentSize : 13 <-- 0.136141 s
currentSize : 14 <-- 5.449011 s

maxsize : 14
nodes : 2222432.000000
filtered : 28255678.000000
time : 9.446722
