Parameters: GAD=1 vflib=1 dir=1 label=1 lowerbound=1 fileNameGp=../graphsdb/mcs10/rand/r005/mcs10_r005_s100.A53 fileNameGt=../graphsdb/mcs10/rand/r005/mcs10_r005_s100.B53
Reading graphs...
100 : 500
100 : 500
Initializing...
maxdom : 6
D->valSize : 345
Solving...
Blb : 2 (clique : 18)
currentSize : 18 <-- 0.005332 s
currentSize : 19 <-- 0.005720 s
currentSize : 20 <-- 0.032193 s
currentSize : 21 <-- 0.071423 s
currentSize : 22 <-- 7.957947 s
currentSize : 23 <-- 16.799980 s
currentSize : 24 <-- 236.069244 s
currentSize : 25 <-- 1964.247437 s
currentSize : 26 <-- 3282.127441 s

TIMEOUT
maxsize : 26
nodes : 641827335.000000
filtered : 4316146395.000000
time : 3600.000000
