Parameters: GAD=1 vflib=1 dir=1 label=1 lowerbound=1 fileNameGp=../graphsdb/mcs10/bvg/b06m/mcs10_b06m_s100.A72 fileNameGt=../graphsdb/mcs10/bvg/b06m/mcs10_b06m_s100.B72
Reading graphs...
100 : 300
100 : 300
Initializing...
maxdom : 9
D->valSize : 306
Solving...
Blb : 2 (clique : 26)
currentSize : 26 <-- 0.002787 s
currentSize : 27 <-- 0.003821 s
currentSize : 28 <-- 0.015024 s
currentSize : 29 <-- 0.127684 s
currentSize : 30 <-- 73.139336 s
currentSize : 31 <-- 73.142242 s
currentSize : 32 <-- 73.224663 s
currentSize : 33 <-- 2416.934814 s

TIMEOUT
maxsize : 33
nodes : 662434959.000000
filtered : 4801462012.000000
time : 3600.000000
