Parameters: GAD=1 vflib=1 dir=1 label=1 lowerbound=1 fileNameGp=../graphsdb/mcs10/rand/r02/mcs10_r02_s60.A45 fileNameGt=../graphsdb/mcs10/rand/r02/mcs10_r02_s60.B45
Reading graphs...
60 : 707
60 : 707
Initializing...
maxdom : 7
D->valSize : 231
Solving...
Blb : 2 (clique : 6)
currentSize : 6 <-- 0.002041 s
currentSize : 7 <-- 0.002165 s
currentSize : 8 <-- 0.004136 s
currentSize : 9 <-- 0.012013 s
currentSize : 10 <-- 0.025065 s

maxsize : 10
nodes : 32628.000000
filtered : 420420.000000
time : 0.148574
