Parameters: GAD=1 vflib=1 dir=1 label=1 lowerbound=1 fileNameGp=../graphsdb/mcs10/m2D/m2Dr2/mcs10_m2Dr2_s80.A71 fileNameGt=../graphsdb/mcs10/m2D/m2Dr2/mcs10_m2Dr2_s80.B71
Reading graphs...
80 : 158
80 : 158
Initializing...
maxdom : 9
D->valSize : 414
Solving...
Blb : 2 (clique : 25)
currentSize : 25 <-- 0.006440 s
currentSize : 27 <-- 0.006723 s
currentSize : 28 <-- 0.007363 s
currentSize : 29 <-- 0.528930 s
currentSize : 30 <-- 8.232087 s
currentSize : 31 <-- 339.780518 s

TIMEOUT
maxsize : 31
nodes : 685287942.000000
filtered : 5796556643.000000
time : 3600.000000
