Parameters: GAD=1 vflib=1 dir=1 label=1 lowerbound=1 fileNameGp=../graphsdb/mcs10/bvg/b06/mcs10_b06_s80.A35 fileNameGt=../graphsdb/mcs10/bvg/b06/mcs10_b06_s80.B35
Reading graphs...
80 : 240
80 : 240
Initializing...
maxdom : 10
D->valSize : 410
Solving...
Blb : 2 (clique : 23)
currentSize : 23 <-- 0.006344 s
currentSize : 24 <-- 0.006758 s
currentSize : 25 <-- 0.007302 s
currentSize : 26 <-- 0.231747 s
currentSize : 27 <-- 0.526661 s
currentSize : 28 <-- 2767.729980 s
currentSize : 29 <-- 2767.739990 s

TIMEOUT
maxsize : 29
nodes : 746650525.000000
filtered : 6811132420.000000
time : 3600.000000
