Parameters: GAD=1 vflib=1 dir=1 label=1 lowerbound=1 fileNameGp=../graphsdb/mcs10/m4D/m4Dr4/mcs10_m4Dr4_s100.A35 fileNameGt=../graphsdb/mcs10/m4D/m4Dr4/mcs10_m4Dr4_s100.B35
Reading graphs...
100 : 199
100 : 199
Initializing...
maxdom : 7
D->valSize : 332
Solving...
Blb : 2 (clique : 30)
currentSize : 30 <-- 0.006077 s
currentSize : 31 <-- 0.006773 s
currentSize : 32 <-- 0.069621 s
currentSize : 33 <-- 0.287992 s
currentSize : 34 <-- 7.234216 s
currentSize : 35 <-- 11.647522 s
currentSize : 36 <-- 71.410095 s
currentSize : 37 <-- 595.714294 s

TIMEOUT
maxsize : 37
nodes : 752934019.000000
filtered : 3032740409.000000
time : 3600.000000
