Parameters: GAD=1 vflib=1 dir=1 label=1 lowerbound=1 fileNameGp=../graphsdb/mcs10/bvg/b09/mcs10_b09_s100.A80 fileNameGt=../graphsdb/mcs10/bvg/b09/mcs10_b09_s100.B80
Reading graphs...
100 : 450
100 : 450
Initializing...
maxdom : 8
D->valSize : 325
Solving...
Blb : 5 (clique : 21)
currentSize : 21 <-- 0.003031 s
currentSize : 22 <-- 0.004844 s
currentSize : 23 <-- 0.005019 s
currentSize : 24 <-- 0.016132 s
currentSize : 25 <-- 70.704979 s
currentSize : 26 <-- 861.860901 s
currentSize : 27 <-- 2270.892090 s

TIMEOUT
maxsize : 27
nodes : 636007304.000000
filtered : 4620470178.000000
time : 3600.000000
