Parameters: GAD=1 vflib=1 dir=1 label=1 lowerbound=1 fileNameGp=../graphsdb/mcs10/bvg/b06m/mcs10_b06m_s100.A75 fileNameGt=../graphsdb/mcs10/bvg/b06m/mcs10_b06m_s100.B75
Reading graphs...
100 : 300
100 : 300
Initializing...
maxdom : 7
D->valSize : 305
Solving...
Blb : 5 (clique : 25)
currentSize : 25 <-- 0.002925 s
currentSize : 26 <-- 0.016490 s
currentSize : 27 <-- 0.033051 s
currentSize : 28 <-- 1.801234 s
currentSize : 29 <-- 83.481819 s
currentSize : 30 <-- 1339.301392 s
currentSize : 31 <-- 1636.410034 s

TIMEOUT
maxsize : 31
nodes : 686714742.000000
filtered : 4156422005.000000
time : 3600.000000
