Parameters: GAD=1 vflib=1 dir=1 label=1 lowerbound=1 fileNameGp=../graphsdb/mcs10/rand/r005/mcs10_r005_s90.A62 fileNameGt=../graphsdb/mcs10/rand/r005/mcs10_r005_s90.B62
Reading graphs...
90 : 405
90 : 405
Initializing...
maxdom : 11
D->valSize : 505
Solving...
Blb : 2 (clique : 19)
currentSize : 19 <-- 0.005568 s
currentSize : 20 <-- 0.005748 s
currentSize : 21 <-- 0.005891 s
currentSize : 22 <-- 0.013491 s
currentSize : 23 <-- 8.029087 s
currentSize : 24 <-- 13.844225 s

TIMEOUT
maxsize : 24
nodes : 691474737.000000
filtered : 5501461344.000000
time : 3600.000000
