Parameters: GAD=1 vflib=1 dir=1 label=1 lowerbound=1 fileNameGp=../graphsdb/mcs10/bvg/b09/mcs10_b09_s100.A07 fileNameGt=../graphsdb/mcs10/bvg/b09/mcs10_b09_s100.B07
Reading graphs...
100 : 450
100 : 450
Initializing...
maxdom : 9
D->valSize : 317
Solving...
Blb : 2 (clique : 19)
currentSize : 19 <-- 0.002991 s
currentSize : 21 <-- 0.004578 s
currentSize : 23 <-- 0.006549 s
currentSize : 24 <-- 0.016428 s
currentSize : 25 <-- 0.301099 s
currentSize : 26 <-- 0.301287 s
currentSize : 27 <-- 27.914358 s

TIMEOUT
maxsize : 27
nodes : 631838109.000000
filtered : 5353463856.000000
time : 3600.000000
