Parameters: GAD=1 vflib=1 dir=1 label=1 lowerbound=1 fileNameGp=../graphsdb/mcs10/m3D/m3D/mcs10_m3D_s80.A26 fileNameGt=../graphsdb/mcs10/m3D/m3D/mcs10_m3D_s80.B26
Reading graphs...
80 : 184
80 : 184
Initializing...
maxdom : 8
D->valSize : 413
Solving...
Blb : 2 (clique : 23)
currentSize : 23 <-- 0.006306 s
currentSize : 24 <-- 0.006778 s
currentSize : 25 <-- 0.008560 s
currentSize : 26 <-- 0.030061 s
currentSize : 27 <-- 4.309623 s
currentSize : 28 <-- 746.229248 s

TIMEOUT
maxsize : 28
nodes : 786316655.000000
filtered : 4640215837.000000
time : 3600.000000
