Parameters: GAD=1 vflib=1 dir=1 label=1 lowerbound=1 fileNameGp=../graphsdb/mcs10/m2D/m2Dr6/mcs10_m2Dr6_s50.A83 fileNameGt=../graphsdb/mcs10/m2D/m2Dr6/mcs10_m2Dr6_s50.B83
Reading graphs...
50 : 114
50 : 114
Initializing...
maxdom : 10
D->valSize : 301
Solving...
Blb : 2 (clique : 16)
currentSize : 16 <-- 0.002329 s
currentSize : 17 <-- 0.002499 s
currentSize : 18 <-- 0.011980 s
currentSize : 19 <-- 0.012528 s
currentSize : 20 <-- 0.126584 s
currentSize : 21 <-- 777.089722 s

maxsize : 21
nodes : 245019997.000000
filtered : 2839857587.000000
time : 986.593933
