Parameters: GAD=1 vflib=1 dir=1 label=1 lowerbound=1 fileNameGp=../graphsdb/mcs10/bvg/b03m/mcs10_b03m_s50.A69 fileNameGt=../graphsdb/mcs10/bvg/b03m/mcs10_b03m_s50.B69
Reading graphs...
50 : 75
50 : 74
Initializing...
maxdom : 11
D->valSize : 315
Solving...
Blb : 3 (clique : 20)
currentSize : 20 <-- 0.002195 s
currentSize : 21 <-- 5.537366 s
currentSize : 22 <-- 31.273806 s
currentSize : 23 <-- 31.949188 s
currentSize : 24 <-- 58.119732 s
currentSize : 25 <-- 1643.823853 s

maxsize : 25
nodes : 635494202.000000
filtered : 6548878999.000000
time : 2740.304443
