Parameters: GAD=1 vflib=1 dir=1 label=1 lowerbound=1 fileNameGp=../graphsdb/mcs10/m2D/m2D/mcs10_m2D_s60.A54 fileNameGt=../graphsdb/mcs10/m2D/m2D/mcs10_m2D_s60.B54
Reading graphs...
60 : 104
60 : 104
Initializing...
maxdom : 7
D->valSize : 264
Solving...
Blb : 2 (clique : 20)
currentSize : 20 <-- 0.001896 s
currentSize : 21 <-- 0.002026 s
currentSize : 22 <-- 0.003730 s
currentSize : 23 <-- 0.005733 s
currentSize : 24 <-- 0.020457 s
currentSize : 25 <-- 0.362944 s
currentSize : 26 <-- 2.217141 s
currentSize : 27 <-- 21.303707 s
currentSize : 28 <-- 284.587158 s

maxsize : 28
nodes : 123000528.000000
filtered : 1003159231.000000
time : 510.709625
