Parameters: GAD=1 vflib=1 dir=1 label=1 lowerbound=1 fileNameGp=../graphsdb/mcs10/m4D/m4Dr2/mcs10_m4Dr2_s100.A66 fileNameGt=../graphsdb/mcs10/m4D/m4Dr2/mcs10_m4Dr2_s100.B66
Reading graphs...
100 : 179
100 : 179
Initializing...
maxdom : 7
D->valSize : 329
Solving...
Blb : 2 (clique : 33)
currentSize : 33 <-- 0.003367 s
currentSize : 34 <-- 0.003762 s
currentSize : 35 <-- 0.315971 s
currentSize : 36 <-- 0.318797 s
currentSize : 37 <-- 1.914807 s
currentSize : 38 <-- 27.501127 s
currentSize : 39 <-- 128.950684 s

TIMEOUT
maxsize : 39
nodes : 692922498.000000
filtered : 3778819764.000000
time : 3600.000000
