Parameters: GAD=1 vflib=1 dir=1 label=1 lowerbound=1 fileNameGp=../graphsdb/mcs10/rand/r005/mcs10_r005_s60.A66 fileNameGt=../graphsdb/mcs10/rand/r005/mcs10_r005_s60.B66
Reading graphs...
60 : 181
60 : 181
Initializing...
maxdom : 7
D->valSize : 251
Solving...
Blb : 2 (clique : 15)
currentSize : 15 <-- 0.002788 s
currentSize : 16 <-- 0.017217 s
currentSize : 17 <-- 0.022535 s
currentSize : 18 <-- 0.190103 s
currentSize : 19 <-- 0.268747 s
currentSize : 20 <-- 34.734959 s

maxsize : 20
nodes : 32163727.000000
filtered : 298363275.000000
time : 141.405243
