Parameters: GAD=1 vflib=1 dir=1 label=1 lowerbound=1 fileNameGp=../graphsdb/mcs10/bvg/b03/mcs10_b03_s60.A09 fileNameGt=../graphsdb/mcs10/bvg/b03/mcs10_b03_s60.B09
Reading graphs...
60 : 90
60 : 90
Initializing...
maxdom : 9
D->valSize : 256
Solving...
Blb : 2 (clique : 20)
currentSize : 20 <-- 0.001831 s
currentSize : 21 <-- 0.001976 s
currentSize : 22 <-- 0.068858 s
currentSize : 23 <-- 0.596113 s
currentSize : 24 <-- 12.716536 s
currentSize : 25 <-- 97.380066 s
currentSize : 26 <-- 365.768341 s
currentSize : 27 <-- 1105.321289 s

maxsize : 27
nodes : 386304902.000000
filtered : 2318948078.000000
time : 1671.931641
