Parameters: GAD=1 vflib=1 dir=1 label=1 lowerbound=1 fileNameGp=../graphsdb/mcs10/m3D/m3Dr2/mcs10_m3Dr2_s80.A27 fileNameGt=../graphsdb/mcs10/m3D/m3Dr2/mcs10_m3Dr2_s80.B27
Reading graphs...
80 : 200
80 : 200
Initializing...
maxdom : 12
D->valSize : 425
Solving...
Blb : 2 (clique : 20)
currentSize : 20 <-- 0.004058 s
currentSize : 21 <-- 0.004260 s
currentSize : 22 <-- 0.004366 s
currentSize : 23 <-- 0.006215 s
currentSize : 24 <-- 0.006408 s
currentSize : 25 <-- 0.011692 s
currentSize : 26 <-- 0.020690 s
currentSize : 27 <-- 0.043179 s
currentSize : 28 <-- 1.035116 s
currentSize : 29 <-- 3.487536 s
currentSize : 30 <-- 96.793167 s

TIMEOUT
maxsize : 30
nodes : 666747735.000000
filtered : 7423473130.000000
time : 3600.000000
