Parameters: GAD=1 vflib=1 dir=1 label=1 lowerbound=1 fileNameGp=../graphsdb/mcs10/rand/r02/mcs10_r02_s90.A71 fileNameGt=../graphsdb/mcs10/rand/r02/mcs10_r02_s90.B71
Reading graphs...
90 : 1601
90 : 1601
Initializing...
maxdom : 10
D->valSize : 505
Solving...
Blb : 2 (clique : 7)
currentSize : 7 <-- 0.007799 s
currentSize : 8 <-- 0.007963 s
currentSize : 9 <-- 0.012768 s
currentSize : 10 <-- 0.019122 s
currentSize : 11 <-- 1.638657 s

maxsize : 11
nodes : 1278594.000000
filtered : 18552998.000000
time : 7.390694
