Parameters: GAD=1 vflib=1 dir=1 label=1 lowerbound=1 fileNameGp=../graphsdb/mcs10/m2D/m2Dr4/mcs10_m2Dr4_s70.A51 fileNameGt=../graphsdb/mcs10/m2D/m2Dr4/mcs10_m2Dr4_s70.B51
Reading graphs...
70 : 151
70 : 150
Initializing...
maxdom : 7
D->valSize : 305
Solving...
Blb : 2 (clique : 20)
currentSize : 20 <-- 0.002811 s
currentSize : 22 <-- 0.002948 s
currentSize : 23 <-- 0.007275 s
currentSize : 24 <-- 0.017454 s
currentSize : 25 <-- 6.501014 s
currentSize : 26 <-- 39.094154 s
currentSize : 27 <-- 436.244415 s
currentSize : 28 <-- 2224.640137 s

TIMEOUT
maxsize : 28
nodes : 764884336.000000
filtered : 6381613269.000000
time : 3600.000000
