Parameters: GAD=1 vflib=1 dir=1 label=1 lowerbound=1 fileNameGp=../graphsdb/mcs10/rand/r005/mcs10_r005_s100.A57 fileNameGt=../graphsdb/mcs10/rand/r005/mcs10_r005_s100.B57
Reading graphs...
100 : 500
100 : 500
Initializing...
maxdom : 8
D->valSize : 309
Solving...
Blb : 2 (clique : 19)
currentSize : 19 <-- 0.005099 s
currentSize : 20 <-- 0.084529 s
currentSize : 21 <-- 0.086140 s
currentSize : 22 <-- 0.575351 s
currentSize : 23 <-- 3.692900 s
currentSize : 24 <-- 143.076797 s

TIMEOUT
maxsize : 24
nodes : 656840708.000000
filtered : 4175555896.000000
time : 3600.000000
