Parameters: GAD=1 vflib=1 dir=1 label=1 lowerbound=1 fileNameGp=../graphsdb/mcs10/rand/r005/mcs10_r005_s70.A20 fileNameGt=../graphsdb/mcs10/rand/r005/mcs10_r005_s70.B20
Reading graphs...
70 : 245
70 : 245
Initializing...
maxdom : 7
D->valSize : 296
Solving...
Blb : 2 (clique : 17)
currentSize : 17 <-- 0.002233 s
currentSize : 18 <-- 0.004969 s
currentSize : 19 <-- 0.014543 s
currentSize : 20 <-- 0.088404 s
currentSize : 21 <-- 4.621935 s
currentSize : 22 <-- 13.403246 s
currentSize : 23 <-- 28.621059 s

maxsize : 23
nodes : 401386038.000000
filtered : 3562406823.000000
time : 1896.312622
