Parameters: GAD=1 vflib=1 dir=1 label=1 lowerbound=1 fileNameGp=../graphsdb/mcs10/m3D/m3Dr4/mcs10_m3Dr4_s70.A66 fileNameGt=../graphsdb/mcs10/m3D/m3Dr4/mcs10_m3Dr4_s70.B66
Reading graphs...
70 : 187
70 : 187
Initializing...
maxdom : 7
D->valSize : 318
Solving...
Blb : 2 (clique : 19)
currentSize : 19 <-- 0.002735 s
currentSize : 20 <-- 0.002918 s
currentSize : 21 <-- 0.003039 s
currentSize : 22 <-- 0.003390 s
currentSize : 23 <-- 0.019876 s
currentSize : 24 <-- 0.132817 s
currentSize : 25 <-- 12.788930 s
currentSize : 26 <-- 1515.575439 s

TIMEOUT
maxsize : 26
nodes : 754958690.000000
filtered : 7202346533.000000
time : 3600.000000
