Parameters: GAD=1 vflib=1 dir=1 label=1 lowerbound=1 fileNameGp=../graphsdb/mcs10/m3D/m3Dr6/mcs10_m3Dr6_s100.A40 fileNameGt=../graphsdb/mcs10/m3D/m3Dr6/mcs10_m3Dr6_s100.B40
Reading graphs...
100 : 295
100 : 294
Initializing...
maxdom : 7
D->valSize : 310
Solving...
Blb : 2 (clique : 27)
currentSize : 27 <-- 0.002949 s
currentSize : 28 <-- 0.006528 s
currentSize : 29 <-- 5.256786 s
currentSize : 30 <-- 7.253620 s
currentSize : 31 <-- 186.542709 s
currentSize : 32 <-- 412.046906 s

TIMEOUT
maxsize : 32
nodes : 655731907.000000
filtered : 3843151254.000000
time : 3600.000000
