Parameters: GAD=1 vflib=1 dir=1 label=1 lowerbound=1 fileNameGp=../graphsdb/mcs10/bvg/b09/mcs10_b09_s100.A04 fileNameGt=../graphsdb/mcs10/bvg/b09/mcs10_b09_s100.B04
Reading graphs...
100 : 450
100 : 450
Initializing...
maxdom : 8
D->valSize : 311
Solving...
Blb : 5 (clique : 19)
currentSize : 19 <-- 0.002899 s
currentSize : 20 <-- 0.003502 s
currentSize : 21 <-- 0.003697 s
currentSize : 22 <-- 0.007438 s
currentSize : 23 <-- 9.623921 s
currentSize : 24 <-- 239.458237 s
currentSize : 25 <-- 239.737839 s

TIMEOUT
maxsize : 25
nodes : 664665917.000000
filtered : 4343426720.000000
time : 3600.000000
