Parameters: GAD=1 vflib=1 dir=1 label=1 lowerbound=1 fileNameGp=../graphsdb/mcs10/m3D/m3Dr4/mcs10_m3Dr4_s60.A84 fileNameGt=../graphsdb/mcs10/m3D/m3Dr4/mcs10_m3Dr4_s60.B84
Reading graphs...
60 : 158
60 : 158
Initializing...
maxdom : 8
D->valSize : 221
Solving...
Blb : 2 (clique : 17)
currentSize : 17 <-- 0.001566 s
currentSize : 18 <-- 0.005727 s
currentSize : 19 <-- 0.011392 s
currentSize : 20 <-- 5.310722 s
currentSize : 21 <-- 157.710724 s

maxsize : 21
nodes : 48725078.000000
filtered : 384943928.000000
time : 200.000549
