Parameters: GAD=1 vflib=1 dir=1 label=1 lowerbound=1 fileNameGp=../graphsdb/mcs10/m3D/m3Dr2/mcs10_m3Dr2_s100.A46 fileNameGt=../graphsdb/mcs10/m3D/m3Dr2/mcs10_m3Dr2_s100.B46
Reading graphs...
100 : 255
100 : 255
Initializing...
maxdom : 8
D->valSize : 345
Solving...
Blb : 2 (clique : 25)
currentSize : 25 <-- 0.003357 s
currentSize : 26 <-- 0.003591 s
currentSize : 27 <-- 0.010862 s
currentSize : 28 <-- 0.121400 s
currentSize : 29 <-- 1.021830 s
currentSize : 30 <-- 7.314162 s
currentSize : 31 <-- 172.990295 s
currentSize : 32 <-- 545.552612 s

TIMEOUT
maxsize : 32
nodes : 701304273.000000
filtered : 3377283863.000000
time : 3600.000000
