Parameters: GAD=1 vflib=1 dir=1 label=1 lowerbound=1 fileNameGp=../graphsdb/mcs10/m2D/m2D/mcs10_m2D_s60.A76 fileNameGt=../graphsdb/mcs10/m2D/m2D/mcs10_m2D_s60.B76
Reading graphs...
60 : 104
60 : 104
Initializing...
maxdom : 7
D->valSize : 224
Solving...
Blb : 2 (clique : 21)
currentSize : 21 <-- 0.001543 s
currentSize : 22 <-- 0.009218 s
currentSize : 23 <-- 0.071772 s
currentSize : 24 <-- 0.127428 s
currentSize : 25 <-- 0.721957 s
currentSize : 26 <-- 160.000427 s

maxsize : 26
nodes : 455142088.000000
filtered : 2964352552.000000
time : 1787.205322
