Parameters: GAD=1 vflib=1 dir=1 label=1 lowerbound=1 fileNameGp=../graphsdb/mcs10/rand/r01/mcs10_r01_s80.A40 fileNameGt=../graphsdb/mcs10/rand/r01/mcs10_r01_s80.B40
Reading graphs...
80 : 634
80 : 634
Initializing...
maxdom : 8
D->valSize : 400
Solving...
Blb : 2 (clique : 11)
currentSize : 11 <-- 0.003474 s
currentSize : 12 <-- 0.003754 s
currentSize : 13 <-- 0.004100 s
currentSize : 14 <-- 0.009120 s
currentSize : 15 <-- 1.406564 s
currentSize : 16 <-- 15.956064 s

maxsize : 16
nodes : 60146442.000000
filtered : 687376890.000000
time : 314.824402
