Parameters: GAD=1 vflib=1 dir=1 label=1 lowerbound=1 fileNameGp=../graphsdb/mcs10/bvg/b03/mcs10_b03_s70.A19 fileNameGt=../graphsdb/mcs10/bvg/b03/mcs10_b03_s70.B19
Reading graphs...
70 : 105
70 : 105
Initializing...
maxdom : 11
D->valSize : 301
Solving...
Blb : 2 (clique : 27)
currentSize : 27 <-- 0.002444 s
currentSize : 28 <-- 0.167461 s
currentSize : 29 <-- 0.439684 s
currentSize : 30 <-- 1.744607 s
currentSize : 31 <-- 1.751775 s
currentSize : 32 <-- 1575.882446 s

TIMEOUT
maxsize : 32
nodes : 843123619.000000
filtered : 4971716377.000000
time : 3600.000000
