Parameters: GAD=1 vflib=1 dir=1 label=1 lowerbound=1 fileNameGp=../graphsdb/mcs10/m2D/m2Dr2/mcs10_m2Dr2_s70.A20 fileNameGt=../graphsdb/mcs10/m2D/m2Dr2/mcs10_m2Dr2_s70.B20
Reading graphs...
70 : 137
70 : 137
Initializing...
maxdom : 8
D->valSize : 331
Solving...
Blb : 2 (clique : 21)
currentSize : 21 <-- 0.004453 s
currentSize : 22 <-- 0.004789 s
currentSize : 23 <-- 0.024281 s
currentSize : 24 <-- 0.045172 s
currentSize : 25 <-- 18.007692 s
currentSize : 26 <-- 36.573452 s
currentSize : 27 <-- 69.842056 s

TIMEOUT
maxsize : 27
nodes : 764698029.000000
filtered : 6196219828.000000
time : 3600.000000
