Parameters: GAD=1 vflib=1 dir=1 label=1 lowerbound=1 fileNameGp=../graphsdb/mcs10/bvg/b06/mcs10_b06_s80.A39 fileNameGt=../graphsdb/mcs10/bvg/b06/mcs10_b06_s80.B39
Reading graphs...
80 : 240
80 : 240
Initializing...
maxdom : 8
D->valSize : 385
Solving...
Blb : 2 (clique : 20)
currentSize : 20 <-- 0.003502 s
currentSize : 21 <-- 0.003681 s
currentSize : 22 <-- 0.004058 s
currentSize : 23 <-- 0.008308 s
currentSize : 24 <-- 0.149900 s
currentSize : 25 <-- 4.608864 s
currentSize : 26 <-- 155.199509 s
currentSize : 27 <-- 162.571609 s

TIMEOUT
maxsize : 27
nodes : 684790416.000000
filtered : 7487708568.000000
time : 3600.000000
