Parameters: GAD=1 vflib=1 dir=1 label=1 lowerbound=1 fileNameGp=../graphsdb/mcs10/m2D/m2Dr6/mcs10_m2Dr6_s80.A27 fileNameGt=../graphsdb/mcs10/m2D/m2Dr6/mcs10_m2Dr6_s80.B27
Reading graphs...
80 : 190
80 : 189
Initializing...
maxdom : 9
D->valSize : 422
Solving...
Blb : 5 (clique : 23)
currentSize : 23 <-- 0.004096 s
currentSize : 24 <-- 0.483980 s
currentSize : 25 <-- 323.720062 s
currentSize : 26 <-- 323.800415 s
currentSize : 27 <-- 388.791748 s
currentSize : 28 <-- 448.693634 s
currentSize : 29 <-- 451.557404 s
currentSize : 30 <-- 584.992554 s
currentSize : 31 <-- 584.993408 s

TIMEOUT
maxsize : 31
nodes : 739831106.000000
filtered : 6164390297.000000
time : 3600.000000
