Parameters: GAD=1 vflib=1 dir=1 label=1 lowerbound=1 fileNameGp=../graphsdb/mcs10/m2D/m2Dr6/mcs10_m2Dr6_s50.A34 fileNameGt=../graphsdb/mcs10/m2D/m2Dr6/mcs10_m2Dr6_s50.B34
Reading graphs...
50 : 115
50 : 115
Initializing...
maxdom : 10
D->valSize : 309
Solving...
Blb : 2 (clique : 15)
currentSize : 15 <-- 0.002143 s
currentSize : 16 <-- 0.003010 s
currentSize : 17 <-- 0.014432 s
currentSize : 18 <-- 10.848185 s
currentSize : 19 <-- 154.926025 s
currentSize : 20 <-- 198.886978 s

maxsize : 20
nodes : 97138315.000000
filtered : 977894698.000000
time : 392.136292
