Parameters: GAD=1 vflib=1 dir=1 label=1 lowerbound=1 fileNameGp=../graphsdb/mcs10/m2D/m2D/mcs10_m2D_s60.A58 fileNameGt=../graphsdb/mcs10/m2D/m2D/mcs10_m2D_s60.B58
Reading graphs...
60 : 104
60 : 104
Initializing...
maxdom : 6
D->valSize : 224
Solving...
Blb : 2 (clique : 19)
currentSize : 19 <-- 0.001591 s
currentSize : 20 <-- 0.001806 s
currentSize : 21 <-- 0.010905 s
currentSize : 22 <-- 0.070121 s
currentSize : 23 <-- 0.868507 s
currentSize : 24 <-- 30.584686 s
currentSize : 25 <-- 284.396759 s

maxsize : 25
nodes : 213029851.000000
filtered : 1425525994.000000
time : 942.012268
