Parameters: GAD=1 vflib=1 dir=1 label=1 lowerbound=1 fileNameGp=../graphsdb/mcs10/bvg/b03/mcs10_b03_s100.A91 fileNameGt=../graphsdb/mcs10/bvg/b03/mcs10_b03_s100.B91
Reading graphs...
100 : 150
100 : 150
Initializing...
maxdom : 8
D->valSize : 342
Solving...
Blb : 2 (clique : 37)
currentSize : 37 <-- 0.003460 s
currentSize : 38 <-- 0.004036 s
currentSize : 39 <-- 0.005070 s
currentSize : 40 <-- 0.008926 s
currentSize : 41 <-- 7.645911 s
currentSize : 42 <-- 7.946024 s
currentSize : 43 <-- 40.396378 s
currentSize : 44 <-- 53.870228 s

TIMEOUT
maxsize : 44
nodes : 707953006.000000
filtered : 3760593302.000000
time : 3600.000000
