Parameters: GAD=1 vflib=1 dir=1 label=1 lowerbound=1 fileNameGp=../graphsdb/mcs10/m2D/m2D/mcs10_m2D_s50.A02 fileNameGt=../graphsdb/mcs10/m2D/m2D/mcs10_m2D_s50.B02
Reading graphs...
50 : 85
50 : 85
Initializing...
maxdom : 9
D->valSize : 300
Solving...
Blb : 3 (clique : 18)
currentSize : 18 <-- 0.002218 s
currentSize : 19 <-- 0.012599 s
currentSize : 20 <-- 1.721334 s
currentSize : 21 <-- 1.924777 s
currentSize : 22 <-- 125.476883 s
currentSize : 23 <-- 541.082764 s

maxsize : 23
nodes : 458134813.000000
filtered : 5084919730.000000
time : 2048.207764
