Parameters: GAD=1 vflib=1 dir=1 label=1 lowerbound=1 fileNameGp=../graphsdb/mcs10/rand/r005/mcs10_r005_s60.A97 fileNameGt=../graphsdb/mcs10/rand/r005/mcs10_r005_s60.B97
Reading graphs...
60 : 181
60 : 181
Initializing...
maxdom : 7
D->valSize : 213
Solving...
Blb : 2 (clique : 14)
currentSize : 14 <-- 0.002236 s
currentSize : 15 <-- 0.003141 s
currentSize : 16 <-- 0.029475 s
currentSize : 17 <-- 0.481535 s
currentSize : 18 <-- 5.276353 s
currentSize : 19 <-- 26.893524 s

maxsize : 19
nodes : 9325178.000000
filtered : 76115772.000000
time : 39.713474
