Parameters: GAD=1 vflib=1 dir=1 label=1 lowerbound=1 fileNameGp=../graphsdb/mcs10/bvg/b06m/mcs10_b06m_s80.A32 fileNameGt=../graphsdb/mcs10/bvg/b06m/mcs10_b06m_s80.B32
Reading graphs...
80 : 240
80 : 240
Initializing...
maxdom : 8
D->valSize : 381
Solving...
Blb : 2 (clique : 20)
currentSize : 20 <-- 0.003506 s
currentSize : 22 <-- 0.003646 s
currentSize : 23 <-- 0.006240 s
currentSize : 24 <-- 20.728760 s
currentSize : 25 <-- 45.073208 s
currentSize : 26 <-- 1322.019409 s

TIMEOUT
maxsize : 26
nodes : 732453053.000000
filtered : 6123475679.000000
time : 3600.000000
