Parameters: GAD=1 vflib=1 dir=1 label=1 lowerbound=1 fileNameGp=../graphsdb/mcs10/m2D/m2Dr6/mcs10_m2Dr6_s90.A83 fileNameGt=../graphsdb/mcs10/m2D/m2Dr6/mcs10_m2Dr6_s90.B83
Reading graphs...
90 : 215
90 : 212
Initializing...
maxdom : 9
D->valSize : 500
Solving...
Blb : 5 (clique : 28)
currentSize : 28 <-- 0.005586 s
currentSize : 29 <-- 0.006716 s
currentSize : 30 <-- 0.019433 s
currentSize : 31 <-- 9.241649 s
currentSize : 32 <-- 140.068970 s
currentSize : 33 <-- 846.430725 s

TIMEOUT
maxsize : 33
nodes : 658853970.000000
filtered : 5012750291.000000
time : 3600.000000
