Parameters: GAD=1 vflib=1 dir=1 label=1 lowerbound=1 fileNameGp=../graphsdb/mcs10/m2D/m2Dr4/mcs10_m2Dr4_s70.A17 fileNameGt=../graphsdb/mcs10/m2D/m2Dr4/mcs10_m2Dr4_s70.B17
Reading graphs...
70 : 151
70 : 151
Initializing...
maxdom : 7
D->valSize : 323
Solving...
Blb : 2 (clique : 21)
currentSize : 21 <-- 0.002679 s
currentSize : 22 <-- 0.002845 s
currentSize : 23 <-- 0.003086 s
currentSize : 24 <-- 0.009558 s
currentSize : 25 <-- 9.681577 s
currentSize : 26 <-- 41.615028 s
currentSize : 27 <-- 50.093094 s
currentSize : 28 <-- 436.589996 s

TIMEOUT
maxsize : 28
nodes : 793279536.000000
filtered : 5334909985.000000
time : 3600.000000
