Parameters: GAD=1 vflib=1 dir=1 label=1 lowerbound=1 fileNameGp=../graphsdb/mcs10/m2D/m2D/mcs10_m2D_s70.A28 fileNameGt=../graphsdb/mcs10/m2D/m2D/mcs10_m2D_s70.B28
Reading graphs...
70 : 123
70 : 123
Initializing...
maxdom : 7
D->valSize : 292
Solving...
Blb : 2 (clique : 25)
currentSize : 25 <-- 0.002392 s
currentSize : 26 <-- 0.003279 s
currentSize : 27 <-- 0.027720 s
currentSize : 28 <-- 0.029686 s
currentSize : 29 <-- 0.506778 s
currentSize : 30 <-- 45.441647 s
currentSize : 31 <-- 76.003395 s
currentSize : 32 <-- 242.440094 s

TIMEOUT
maxsize : 32
nodes : 801403310.000000
filtered : 6009715895.000000
time : 3600.000000
