Parameters: GAD=1 vflib=1 dir=1 label=1 lowerbound=1 fileNameGp=../graphsdb/mcs10/bvg/b06m/mcs10_b06m_s70.A90 fileNameGt=../graphsdb/mcs10/bvg/b06m/mcs10_b06m_s70.B90
Reading graphs...
70 : 210
70 : 210
Initializing...
maxdom : 8
D->valSize : 312
Solving...
Blb : 2 (clique : 18)
currentSize : 18 <-- 0.002586 s
currentSize : 19 <-- 0.004595 s
currentSize : 20 <-- 0.096850 s
currentSize : 21 <-- 2.028791 s
currentSize : 22 <-- 2.037274 s
currentSize : 23 <-- 45.384945 s
currentSize : 24 <-- 95.367218 s

TIMEOUT
maxsize : 24
nodes : 730260195.000000
filtered : 7566803674.000000
time : 3600.000000
