Parameters: GAD=1 vflib=1 dir=1 label=1 lowerbound=1 fileNameGp=../graphsdb/mcs10/rand/r01/mcs10_r01_s100.A50 fileNameGt=../graphsdb/mcs10/rand/r01/mcs10_r01_s100.B50
Reading graphs...
100 : 990
100 : 990
Initializing...
maxdom : 7
D->valSize : 319
Solving...
Blb : 2 (clique : 11)
currentSize : 11 <-- 0.004610 s
currentSize : 12 <-- 0.005040 s
currentSize : 13 <-- 0.007941 s
currentSize : 14 <-- 0.186321 s
currentSize : 15 <-- 0.285101 s
currentSize : 16 <-- 4.574874 s
currentSize : 17 <-- 10.738310 s

maxsize : 17
nodes : 19419720.000000
filtered : 172644518.000000
time : 110.770782
