Parameters: GAD=1 vflib=1 dir=1 label=1 lowerbound=1 fileNameGp=../graphsdb/mcs10/m2D/m2Dr4/mcs10_m2Dr4_s90.A97 fileNameGt=../graphsdb/mcs10/m2D/m2Dr4/mcs10_m2Dr4_s90.B97
Reading graphs...
90 : 197
90 : 196
Initializing...
maxdom : 12
D->valSize : 502
Solving...
Blb : 2 (clique : 28)
currentSize : 28 <-- 0.009254 s
currentSize : 29 <-- 0.009741 s
currentSize : 30 <-- 0.021376 s
currentSize : 31 <-- 0.049433 s
currentSize : 32 <-- 1.868266 s
currentSize : 33 <-- 70.642097 s

TIMEOUT
maxsize : 33
nodes : 686522425.000000
filtered : 5444719106.000000
time : 3600.000000
