Parameters: GAD=1 vflib=1 dir=1 label=1 lowerbound=1 fileNameGp=../graphsdb/mcs10/rand/r01/mcs10_r01_s100.A01 fileNameGt=../graphsdb/mcs10/rand/r01/mcs10_r01_s100.B01
Reading graphs...
100 : 990
100 : 990
Initializing...
maxdom : 7
D->valSize : 304
Solving...
Blb : 2 (clique : 12)
currentSize : 12 <-- 0.002733 s
currentSize : 13 <-- 0.003284 s
currentSize : 14 <-- 0.014127 s
currentSize : 15 <-- 0.035300 s
currentSize : 16 <-- 2.885506 s

maxsize : 16
nodes : 21567865.000000
filtered : 160004188.000000
time : 121.506386
