Parameters: GAD=1 vflib=1 dir=1 label=1 lowerbound=1 fileNameGp=../graphsdb/mcs10/rand/r02/mcs10_r02_s100.A02 fileNameGt=../graphsdb/mcs10/rand/r02/mcs10_r02_s100.B02
Reading graphs...
100 : 1979
100 : 1979
Initializing...
maxdom : 7
D->valSize : 338
Solving...
Blb : 2 (clique : 7)
currentSize : 7 <-- 0.003221 s
currentSize : 8 <-- 0.003335 s
currentSize : 9 <-- 0.003828 s
currentSize : 11 <-- 0.009961 s
currentSize : 12 <-- 0.069842 s

maxsize : 12
nodes : 232490.000000
filtered : 2763567.000000
time : 1.368152
