Parameters: GAD=1 vflib=1 dir=1 label=1 lowerbound=1 fileNameGp=../graphsdb/mcs10/m2D/m2Dr6/mcs10_m2Dr6_s90.A55 fileNameGt=../graphsdb/mcs10/m2D/m2Dr6/mcs10_m2Dr6_s90.B55
Reading graphs...
90 : 215
90 : 215
Initializing...
maxdom : 9
D->valSize : 517
Solving...
Blb : 2 (clique : 30)
currentSize : 30 <-- 0.005788 s
currentSize : 31 <-- 0.037270 s
currentSize : 32 <-- 0.534465 s
currentSize : 33 <-- 195.571533 s
currentSize : 34 <-- 2873.112793 s
currentSize : 35 <-- 3085.182373 s

TIMEOUT
maxsize : 35
nodes : 651513208.000000
filtered : 4745482056.000000
time : 3600.000000
