Parameters: GAD=1 vflib=1 dir=1 label=1 lowerbound=1 fileNameGp=../graphsdb/mcs10/rand/r01/mcs10_r01_s100.A12 fileNameGt=../graphsdb/mcs10/rand/r01/mcs10_r01_s100.B12
Reading graphs...
100 : 990
100 : 990
Initializing...
maxdom : 6
D->valSize : 304
Solving...
Blb : 5 (clique : 11)
currentSize : 11 <-- 0.004244 s
currentSize : 12 <-- 0.004777 s
currentSize : 13 <-- 0.008753 s
currentSize : 14 <-- 0.212698 s
currentSize : 15 <-- 1.030592 s
currentSize : 16 <-- 9.084329 s
currentSize : 17 <-- 37.613380 s

maxsize : 17
nodes : 25100955.000000
filtered : 195620868.000000
time : 141.160721
