Parameters: GAD=1 vflib=1 dir=1 label=1 lowerbound=1 fileNameGp=../graphsdb/mcs10/rand/r01/mcs10_r01_s100.A72 fileNameGt=../graphsdb/mcs10/rand/r01/mcs10_r01_s100.B72
Reading graphs...
100 : 990
100 : 990
Initializing...
maxdom : 7
D->valSize : 350
Solving...
Blb : 2 (clique : 12)
currentSize : 12 <-- 0.005081 s
currentSize : 13 <-- 0.011317 s
currentSize : 14 <-- 0.017148 s
currentSize : 15 <-- 0.022081 s
currentSize : 16 <-- 38.151535 s
currentSize : 17 <-- 97.244118 s

maxsize : 17
nodes : 47334524.000000
filtered : 436494098.000000
time : 272.308472
