Parameters: GAD=1 vflib=1 dir=1 label=1 lowerbound=1 fileNameGp=../graphsdb/mcs10/bvg/b03m/mcs10_b03m_s40.A47 fileNameGt=../graphsdb/mcs10/bvg/b03m/mcs10_b03m_s40.B47
Reading graphs...
40 : 60
40 : 60
Initializing...
maxdom : 7
D->valSize : 190
Solving...
Blb : 2 (clique : 15)
currentSize : 15 <-- 0.001679 s
currentSize : 16 <-- 0.001862 s
currentSize : 17 <-- 0.011124 s
currentSize : 18 <-- 0.039557 s
currentSize : 19 <-- 0.181050 s

maxsize : 19
nodes : 988149.000000
filtered : 8932161.000000
time : 3.867336
