Parameters: GAD=1 vflib=1 dir=1 label=1 lowerbound=1 fileNameGp=../graphsdb/mcs10/rand/r01/mcs10_r01_s60.A55 fileNameGt=../graphsdb/mcs10/rand/r01/mcs10_r01_s60.B55
Reading graphs...
60 : 356
60 : 356
Initializing...
maxdom : 7
D->valSize : 245
Solving...
Blb : 2 (clique : 10)
currentSize : 10 <-- 0.001716 s
currentSize : 11 <-- 0.006333 s
currentSize : 12 <-- 0.006545 s
currentSize : 13 <-- 0.139909 s
currentSize : 14 <-- 0.273803 s

maxsize : 14
nodes : 2255623.000000
filtered : 19699166.000000
time : 9.645349
