Parameters: GAD=1 vflib=1 dir=1 label=1 lowerbound=1 fileNameGp=../graphsdb/mcs10/m2D/m2Dr6/mcs10_m2Dr6_s40.A43 fileNameGt=../graphsdb/mcs10/m2D/m2Dr6/mcs10_m2Dr6_s40.B43
Reading graphs...
40 : 91
40 : 91
Initializing...
maxdom : 9
D->valSize : 208
Solving...
Blb : 2 (clique : 14)
currentSize : 14 <-- 0.001740 s
currentSize : 15 <-- 0.002945 s
currentSize : 16 <-- 0.011306 s
currentSize : 17 <-- 0.020042 s
currentSize : 18 <-- 3.138148 s

maxsize : 18
nodes : 1354876.000000
filtered : 11752748.000000
time : 4.836865
