Parameters: GAD=1 vflib=1 dir=1 label=1 lowerbound=1 fileNameGp=../graphsdb/mcs10/m3D/m3D/mcs10_m3D_s70.A20 fileNameGt=../graphsdb/mcs10/m3D/m3D/mcs10_m3D_s70.B20
Reading graphs...
70 : 159
70 : 159
Initializing...
maxdom : 7
D->valSize : 305
Solving...
Blb : 2 (clique : 22)
currentSize : 22 <-- 0.003866 s
currentSize : 23 <-- 0.009025 s
currentSize : 24 <-- 0.363778 s
currentSize : 25 <-- 8.304329 s
currentSize : 26 <-- 481.131042 s
currentSize : 27 <-- 1542.869141 s
currentSize : 28 <-- 2122.530762 s

TIMEOUT
maxsize : 28
nodes : 800394265.000000
filtered : 5535024635.000000
time : 3600.000000
