Parameters: GAD=1 vflib=1 dir=1 label=1 lowerbound=1 fileNameGp=../graphsdb/mcs10/m3D/m3Dr4/mcs10_m3Dr4_s80.A90 fileNameGt=../graphsdb/mcs10/m3D/m3Dr4/mcs10_m3Dr4_s80.B90
Reading graphs...
80 : 216
80 : 215
Initializing...
maxdom : 8
D->valSize : 410
Solving...
Blb : 2 (clique : 21)
currentSize : 21 <-- 0.003875 s
currentSize : 23 <-- 0.004133 s
currentSize : 24 <-- 0.124359 s
currentSize : 25 <-- 0.468927 s
currentSize : 26 <-- 1.079145 s
currentSize : 27 <-- 1.110429 s
currentSize : 28 <-- 1.168171 s

TIMEOUT
maxsize : 28
nodes : 802397697.000000
filtered : 5336676473.000000
time : 3600.000000
