Parameters: GAD=1 vflib=1 dir=1 label=1 lowerbound=1 fileNameGp=../graphsdb/mcs10/m3D/m3Dr6/mcs10_m3Dr6_s100.A65 fileNameGt=../graphsdb/mcs10/m3D/m3Dr6/mcs10_m3Dr6_s100.B65
Reading graphs...
100 : 295
100 : 293
Initializing...
maxdom : 5
D->valSize : 315
Solving...
Blb : 2 (clique : 27)
currentSize : 27 <-- 0.002960 s
currentSize : 28 <-- 0.006197 s
currentSize : 30 <-- 0.113813 s
currentSize : 31 <-- 1.072550 s
currentSize : 32 <-- 1178.931396 s
currentSize : 33 <-- 1314.125854 s

TIMEOUT
maxsize : 33
nodes : 689618499.000000
filtered : 3775814417.000000
time : 3600.000000
