Parameters: GAD=1 vflib=1 dir=1 label=1 lowerbound=1 fileNameGp=../graphsdb/mcs10/m2D/m2Dr6/mcs10_m2Dr6_s90.A78 fileNameGt=../graphsdb/mcs10/m2D/m2Dr6/mcs10_m2Dr6_s90.B78
Reading graphs...
90 : 215
90 : 214
Initializing...
maxdom : 9
D->valSize : 515
Solving...
Blb : 2 (clique : 26)
currentSize : 26 <-- 0.009854 s
currentSize : 27 <-- 0.014146 s
currentSize : 28 <-- 2.635610 s
currentSize : 29 <-- 2.636076 s
currentSize : 30 <-- 2.749943 s
currentSize : 31 <-- 10.360340 s
currentSize : 32 <-- 14.285094 s
currentSize : 33 <-- 43.550377 s

TIMEOUT
maxsize : 33
nodes : 661189370.000000
filtered : 6030559302.000000
time : 3600.000000
