Parameters: GAD=1 vflib=1 dir=1 label=1 lowerbound=1 fileNameGp=../graphsdb/mcs10/m2D/m2Dr2/mcs10_m2Dr2_s100.A86 fileNameGt=../graphsdb/mcs10/m2D/m2Dr2/mcs10_m2Dr2_s100.B86
Reading graphs...
100 : 200
100 : 200
Initializing...
maxdom : 7
D->valSize : 315
Solving...
Blb : 2 (clique : 30)
currentSize : 30 <-- 0.002955 s
currentSize : 31 <-- 1.947362 s
currentSize : 32 <-- 4.628362 s
currentSize : 33 <-- 14.774173 s
currentSize : 34 <-- 47.314556 s
currentSize : 35 <-- 361.943359 s

TIMEOUT
maxsize : 35
nodes : 724283335.000000
filtered : 3467597437.000000
time : 3600.000000
