Parameters: GAD=1 vflib=1 dir=1 label=1 lowerbound=1 fileNameGp=../graphsdb/mcs10/m3D/m3Dr2/mcs10_m3Dr2_s100.A25 fileNameGt=../graphsdb/mcs10/m3D/m3Dr2/mcs10_m3Dr2_s100.B25
Reading graphs...
100 : 254
100 : 254
Initializing...
maxdom : 6
D->valSize : 305
Solving...
Blb : 2 (clique : 25)
currentSize : 25 <-- 0.004688 s
currentSize : 26 <-- 0.005017 s
currentSize : 27 <-- 0.007522 s
currentSize : 28 <-- 0.077048 s
currentSize : 29 <-- 1.100232 s
currentSize : 30 <-- 11.815710 s
currentSize : 31 <-- 16.017439 s
currentSize : 32 <-- 486.580475 s
currentSize : 33 <-- 1693.083740 s

TIMEOUT
maxsize : 33
nodes : 636184880.000000
filtered : 2939938725.000000
time : 3600.000000
