Parameters: GAD=1 vflib=1 dir=1 label=1 lowerbound=1 fileNameGp=../graphsdb/mcs10/m2D/m2Dr2/mcs10_m2Dr2_s90.A20 fileNameGt=../graphsdb/mcs10/m2D/m2Dr2/mcs10_m2Dr2_s90.B20
Reading graphs...
90 : 179
90 : 179
Initializing...
maxdom : 9
D->valSize : 478
Solving...
Blb : 3 (clique : 25)
currentSize : 25 <-- 0.005122 s
currentSize : 26 <-- 0.005402 s
currentSize : 27 <-- 0.005621 s
currentSize : 28 <-- 0.005828 s
currentSize : 29 <-- 0.008737 s
currentSize : 30 <-- 0.046721 s
currentSize : 31 <-- 12.672283 s
currentSize : 32 <-- 291.742462 s

TIMEOUT
maxsize : 32
nodes : 694788329.000000
filtered : 5536726354.000000
time : 3600.000000
