Parameters: GAD=1 vflib=1 dir=1 label=1 lowerbound=1 fileNameGp=../graphsdb/mcs10/m2D/m2Dr4/mcs10_m2Dr4_s100.A79 fileNameGt=../graphsdb/mcs10/m2D/m2Dr4/mcs10_m2Dr4_s100.B79
Reading graphs...
100 : 220
100 : 219
Initializing...
maxdom : 9
D->valSize : 320
Solving...
Blb : 2 (clique : 27)
currentSize : 27 <-- 0.004992 s
currentSize : 28 <-- 0.005348 s
currentSize : 29 <-- 0.005492 s
currentSize : 30 <-- 0.010369 s
currentSize : 31 <-- 0.029771 s
currentSize : 32 <-- 0.639107 s
currentSize : 33 <-- 27.535755 s

TIMEOUT
maxsize : 33
nodes : 703676909.000000
filtered : 3826844922.000000
time : 3600.000000
