Parameters: GAD=1 vflib=1 dir=1 label=1 lowerbound=1 fileNameGp=../graphsdb/mcs10/bvg/b03/mcs10_b03_s50.A20 fileNameGt=../graphsdb/mcs10/bvg/b03/mcs10_b03_s50.B20
Reading graphs...
50 : 75
50 : 75
Initializing...
maxdom : 9
D->valSize : 315
Solving...
Blb : 2 (clique : 18)
currentSize : 18 <-- 0.002261 s
currentSize : 19 <-- 0.002390 s
currentSize : 20 <-- 0.002630 s
currentSize : 21 <-- 0.004126 s
currentSize : 22 <-- 0.023598 s
currentSize : 23 <-- 0.026903 s
currentSize : 24 <-- 146.866867 s
currentSize : 25 <-- 632.844360 s

maxsize : 25
nodes : 511288185.000000
filtered : 5709727817.000000
time : 2207.929443
