Parameters: GAD=1 vflib=1 dir=1 label=1 lowerbound=1 fileNameGp=../graphsdb/mcs10/m2D/m2Dr6/mcs10_m2Dr6_s50.A01 fileNameGt=../graphsdb/mcs10/m2D/m2Dr6/mcs10_m2Dr6_s50.B01
Reading graphs...
50 : 115
50 : 114
Initializing...
maxdom : 14
D->valSize : 358
Solving...
Blb : 2 (clique : 16)
currentSize : 16 <-- 0.004435 s
currentSize : 17 <-- 0.004608 s
currentSize : 18 <-- 24.293327 s
currentSize : 19 <-- 60.651154 s
currentSize : 20 <-- 375.341400 s
currentSize : 21 <-- 987.366333 s

maxsize : 21
nodes : 460688256.000000
filtered : 6423281387.000000
time : 2149.540283
