Parameters: GAD=1 vflib=1 dir=1 label=1 lowerbound=1 fileNameGp=../graphsdb/mcs10/bvg/b06m/mcs10_b06m_s90.A70 fileNameGt=../graphsdb/mcs10/bvg/b06m/mcs10_b06m_s90.B70
Reading graphs...
90 : 270
90 : 270
Initializing...
maxdom : 11
D->valSize : 520
Solving...
Blb : 2 (clique : 26)
currentSize : 26 <-- 0.009665 s
currentSize : 27 <-- 0.019607 s
currentSize : 28 <-- 0.156041 s
currentSize : 29 <-- 7.187578 s
currentSize : 30 <-- 7.293244 s
currentSize : 31 <-- 46.935276 s

TIMEOUT
maxsize : 31
nodes : 631625011.000000
filtered : 6760556295.000000
time : 3600.000000
