Parameters: GAD=1 vflib=1 dir=1 label=1 lowerbound=1 fileNameGp=../graphsdb/mcs10/m2D/m2D/mcs10_m2D_s100.A35 fileNameGt=../graphsdb/mcs10/m2D/m2D/mcs10_m2D_s100.B35
Reading graphs...
100 : 180
100 : 180
Initializing...
maxdom : 7
D->valSize : 316
Solving...
Blb : 2 (clique : 30)
currentSize : 30 <-- 0.003138 s
currentSize : 31 <-- 0.019739 s
currentSize : 32 <-- 0.066565 s
currentSize : 33 <-- 0.895683 s
currentSize : 34 <-- 33.937958 s
currentSize : 35 <-- 38.156063 s
currentSize : 36 <-- 60.744759 s
currentSize : 37 <-- 84.077332 s
currentSize : 38 <-- 511.154144 s

TIMEOUT
maxsize : 38
nodes : 760857734.000000
filtered : 2890207303.000000
time : 3600.000000
