Parameters: GAD=1 vflib=1 dir=1 label=1 lowerbound=1 fileNameGp=../graphsdb/mcs10/m2D/m2Dr6/mcs10_m2Dr6_s40.A95 fileNameGt=../graphsdb/mcs10/m2D/m2Dr6/mcs10_m2Dr6_s40.B95
Reading graphs...
40 : 91
40 : 89
Initializing...
maxdom : 9
D->valSize : 217
Solving...
Blb : 2 (clique : 14)
currentSize : 14 <-- 0.001951 s
currentSize : 15 <-- 0.004273 s
currentSize : 16 <-- 1.021373 s
currentSize : 17 <-- 1.076556 s
currentSize : 18 <-- 1.301303 s

maxsize : 18
nodes : 560875.000000
filtered : 4856245.000000
time : 2.188928
