Parameters: GAD=1 vflib=1 dir=1 label=1 lowerbound=1 fileNameGp=../graphsdb/mcs10/bvg/b06m/mcs10_b06m_s80.A25 fileNameGt=../graphsdb/mcs10/bvg/b06m/mcs10_b06m_s80.B25
Reading graphs...
80 : 240
80 : 240
Initializing...
maxdom : 8
D->valSize : 420
Solving...
Blb : 2 (clique : 21)
currentSize : 21 <-- 0.006438 s
currentSize : 22 <-- 0.016984 s
currentSize : 23 <-- 0.020530 s
currentSize : 24 <-- 0.369320 s
currentSize : 25 <-- 3.679470 s
currentSize : 26 <-- 10.609896 s
currentSize : 27 <-- 68.223198 s

TIMEOUT
maxsize : 27
nodes : 702570325.000000
filtered : 5839782908.000000
time : 3600.000000
