Parameters: GAD=1 vflib=1 dir=1 label=1 lowerbound=1 fileNameGp=../graphsdb/mcs10/rand/r005/mcs10_r005_s40.A83 fileNameGt=../graphsdb/mcs10/rand/r005/mcs10_r005_s40.B83
Reading graphs...
40 : 81
40 : 81
Initializing...
maxdom : 10
D->valSize : 249
Solving...
Blb : 2 (clique : 13)
currentSize : 13 <-- 0.001526 s
currentSize : 14 <-- 0.004809 s
currentSize : 15 <-- 0.062379 s
currentSize : 16 <-- 1.642616 s
currentSize : 17 <-- 6.062397 s
currentSize : 18 <-- 6.477240 s

maxsize : 18
nodes : 2064163.000000
filtered : 22230953.000000
time : 8.038452
