Parameters: GAD=1 vflib=1 dir=1 label=1 lowerbound=1 fileNameGp=../graphsdb/mcs10/m3D/m3Dr4/mcs10_m3Dr4_s60.A59 fileNameGt=../graphsdb/mcs10/m3D/m3Dr4/mcs10_m3Dr4_s60.B59
Reading graphs...
60 : 158
60 : 158
Initializing...
maxdom : 8
D->valSize : 235
Solving...
Blb : 2 (clique : 16)
currentSize : 16 <-- 0.002536 s
currentSize : 17 <-- 0.009579 s
currentSize : 18 <-- 0.059083 s
currentSize : 19 <-- 0.868640 s
currentSize : 20 <-- 4.423287 s

maxsize : 20
nodes : 39898878.000000
filtered : 294689537.000000
time : 170.827835
