Parameters: GAD=1 vflib=1 dir=1 label=1 lowerbound=1 fileNameGp=../graphsdb/mcs10/m2D/m2D/mcs10_m2D_s50.A04 fileNameGt=../graphsdb/mcs10/m2D/m2D/mcs10_m2D_s50.B04
Reading graphs...
50 : 85
50 : 85
Initializing...
maxdom : 11
D->valSize : 292
Solving...
Blb : 2 (clique : 18)
currentSize : 18 <-- 0.002036 s
currentSize : 19 <-- 0.002276 s
currentSize : 20 <-- 0.003870 s
currentSize : 21 <-- 0.481204 s
currentSize : 22 <-- 355.548553 s
currentSize : 23 <-- 1571.418823 s

maxsize : 23
nodes : 482059352.000000
filtered : 4698967944.000000
time : 2075.498291
