Parameters: GAD=1 vflib=1 dir=1 label=1 lowerbound=1 fileNameGp=../graphsdb/mcs10/rand/r005/mcs10_r005_s50.A89 fileNameGt=../graphsdb/mcs10/rand/r005/mcs10_r005_s50.B89
Reading graphs...
50 : 125
50 : 125
Initializing...
maxdom : 11
D->valSize : 324
Solving...
Blb : 2 (clique : 15)
currentSize : 15 <-- 0.002351 s
currentSize : 16 <-- 0.002986 s
currentSize : 17 <-- 0.070019 s
currentSize : 18 <-- 0.267564 s
currentSize : 19 <-- 45.023632 s
currentSize : 20 <-- 265.237549 s

maxsize : 20
nodes : 145472065.000000
filtered : 1734154392.000000
time : 610.423340
