Parameters: GAD=1 vflib=1 dir=1 label=1 lowerbound=1 fileNameGp=../graphsdb/mcs10/rand/r02/mcs10_r02_s100.A93 fileNameGt=../graphsdb/mcs10/rand/r02/mcs10_r02_s100.B93
Reading graphs...
100 : 1979
100 : 1979
Initializing...
maxdom : 9
D->valSize : 367
Solving...
Blb : 2 (clique : 7)
currentSize : 7 <-- 0.003934 s
currentSize : 8 <-- 0.004091 s
currentSize : 9 <-- 0.004708 s
currentSize : 10 <-- 0.005187 s
currentSize : 11 <-- 0.445534 s

maxsize : 11
nodes : 311860.000000
filtered : 3858659.000000
time : 1.842005
