Parameters: GAD=1 vflib=1 dir=1 label=1 lowerbound=1 fileNameGp=../graphsdb/mcs10/bvg/b06m/mcs10_b06m_s70.A41 fileNameGt=../graphsdb/mcs10/bvg/b06m/mcs10_b06m_s70.B41
Reading graphs...
70 : 210
70 : 210
Initializing...
maxdom : 7
D->valSize : 318
Solving...
Blb : 2 (clique : 19)
currentSize : 19 <-- 0.002498 s
currentSize : 20 <-- 0.004081 s
currentSize : 21 <-- 0.015470 s
currentSize : 22 <-- 1.361163 s
currentSize : 23 <-- 1.361187 s
currentSize : 24 <-- 3.662917 s
currentSize : 25 <-- 1301.229126 s

TIMEOUT
maxsize : 25
nodes : 756575143.000000
filtered : 6661100071.000000
time : 3600.000000
