Parameters: GAD=1 vflib=1 dir=1 label=1 lowerbound=1 fileNameGp=../graphsdb/mcs10/rand/r01/mcs10_r01_s50.A86 fileNameGt=../graphsdb/mcs10/rand/r01/mcs10_r01_s50.B86
Reading graphs...
50 : 247
50 : 247
Initializing...
maxdom : 9
D->valSize : 304
Solving...
Blb : 2 (clique : 10)
currentSize : 10 <-- 0.002147 s
currentSize : 11 <-- 0.002473 s
currentSize : 12 <-- 0.012642 s
currentSize : 13 <-- 0.060014 s
currentSize : 14 <-- 0.186107 s
currentSize : 15 <-- 0.230005 s
currentSize : 16 <-- 0.294412 s

maxsize : 16
nodes : 1901421.000000
filtered : 29274651.000000
time : 8.892564
