Parameters: GAD=1 vflib=1 dir=1 label=1 lowerbound=1 fileNameGp=../graphsdb/mcs10/m4D/m4Dr4/mcs10_m4Dr4_s100.A25 fileNameGt=../graphsdb/mcs10/m4D/m4Dr4/mcs10_m4Dr4_s100.B25
Reading graphs...
100 : 199
100 : 198
Initializing...
maxdom : 5
D->valSize : 304
Solving...
Blb : 2 (clique : 32)
currentSize : 32 <-- 0.004887 s
currentSize : 33 <-- 0.005756 s
currentSize : 34 <-- 0.007091 s
currentSize : 35 <-- 0.012557 s
currentSize : 36 <-- 0.221597 s
currentSize : 37 <-- 0.236298 s
currentSize : 38 <-- 113.068001 s

TIMEOUT
maxsize : 38
nodes : 723918883.000000
filtered : 2467616602.000000
time : 3600.000000
