Parameters: GAD=1 vflib=1 dir=1 label=1 lowerbound=1 fileNameGp=../graphsdb/mcs10/m2D/m2D/mcs10_m2D_s60.A22 fileNameGt=../graphsdb/mcs10/m2D/m2D/mcs10_m2D_s60.B22
Reading graphs...
60 : 104
60 : 104
Initializing...
maxdom : 9
D->valSize : 250
Solving...
Blb : 2 (clique : 22)
currentSize : 22 <-- 0.001843 s
currentSize : 23 <-- 0.027953 s
currentSize : 24 <-- 0.075073 s
currentSize : 25 <-- 2.385831 s
currentSize : 26 <-- 33.840401 s

maxsize : 26
nodes : 88379024.000000
filtered : 670382378.000000
time : 436.836975
