Parameters: GAD=1 vflib=1 dir=1 label=1 lowerbound=1 fileNameGp=../graphsdb/mcs10/rand/r01/mcs10_r01_s70.A39 fileNameGt=../graphsdb/mcs10/rand/r01/mcs10_r01_s70.B39
Reading graphs...
70 : 485
70 : 485
Initializing...
maxdom : 10
D->valSize : 304
Solving...
Blb : 2 (clique : 11)
currentSize : 11 <-- 0.002288 s
currentSize : 12 <-- 0.002491 s
currentSize : 13 <-- 0.020000 s
currentSize : 14 <-- 0.109381 s
currentSize : 15 <-- 0.338274 s
currentSize : 16 <-- 16.720718 s

maxsize : 16
nodes : 7724283.000000
filtered : 79722694.000000
time : 36.647583
