Parameters: GAD=1 vflib=1 dir=1 label=1 lowerbound=1 fileNameGp=../graphsdb/mcs10/m2D/m2Dr4/mcs10_m2Dr4_s60.A00 fileNameGt=../graphsdb/mcs10/m2D/m2Dr4/mcs10_m2Dr4_s60.B00
Reading graphs...
60 : 127
60 : 127
Initializing...
maxdom : 6
D->valSize : 230
Solving...
Blb : 2 (clique : 18)
currentSize : 18 <-- 0.001687 s
currentSize : 19 <-- 0.001804 s
currentSize : 20 <-- 0.001952 s
currentSize : 21 <-- 0.002183 s
currentSize : 22 <-- 4.738270 s
currentSize : 23 <-- 5.287312 s
currentSize : 24 <-- 98.406906 s

maxsize : 24
nodes : 540696611.000000
filtered : 3922516495.000000
time : 2258.535156
