Parameters: GAD=1 vflib=1 dir=1 label=1 lowerbound=1 fileNameGp=../graphsdb/mcs10/m3D/m3Dr6/mcs10_m3Dr6_s80.A12 fileNameGt=../graphsdb/mcs10/m3D/m3Dr6/mcs10_m3Dr6_s80.B12
Reading graphs...
80 : 232
80 : 230
Initializing...
maxdom : 8
D->valSize : 387
Solving...
Blb : 2 (clique : 21)
currentSize : 21 <-- 0.003614 s
currentSize : 22 <-- 0.115388 s
currentSize : 23 <-- 0.232245 s
currentSize : 24 <-- 40.313007 s
currentSize : 25 <-- 654.063354 s
currentSize : 26 <-- 1592.595825 s

TIMEOUT
maxsize : 26
nodes : 655005513.000000
filtered : 5939039651.000000
time : 3600.000000
