Parameters: GAD=1 vflib=1 dir=1 label=1 lowerbound=1 fileNameGp=../graphsdb/mcs10/bvg/b09/mcs10_b09_s100.A66 fileNameGt=../graphsdb/mcs10/bvg/b09/mcs10_b09_s100.B66
Reading graphs...
100 : 450
100 : 450
Initializing...
maxdom : 9
D->valSize : 308
Solving...
Blb : 2 (clique : 20)
currentSize : 20 <-- 0.002861 s
currentSize : 21 <-- 0.003131 s
currentSize : 22 <-- 0.057245 s
currentSize : 23 <-- 0.070101 s
currentSize : 24 <-- 56.586712 s
currentSize : 25 <-- 708.889587 s

TIMEOUT
maxsize : 25
nodes : 687920332.000000
filtered : 3802644751.000000
time : 3600.000000
