Parameters: GAD=1 vflib=1 dir=1 label=1 lowerbound=1 fileNameGp=../graphsdb/mcs10/m2D/m2D/mcs10_m2D_s100.A16 fileNameGt=../graphsdb/mcs10/m2D/m2D/mcs10_m2D_s100.B16
Reading graphs...
100 : 180
100 : 180
Initializing...
maxdom : 7
D->valSize : 309
Solving...
Blb : 2 (clique : 32)
currentSize : 32 <-- 0.002980 s
currentSize : 33 <-- 0.070880 s
currentSize : 34 <-- 16.793077 s
currentSize : 35 <-- 22.800892 s
currentSize : 36 <-- 52.343258 s
currentSize : 37 <-- 324.830475 s
currentSize : 38 <-- 581.793152 s

TIMEOUT
maxsize : 38
nodes : 679834061.000000
filtered : 3335372001.000000
time : 3600.000000
