Parameters: GAD=1 vflib=1 dir=1 label=1 lowerbound=1 fileNameGp=../graphsdb/mcs10/m2D/m2Dr2/mcs10_m2Dr2_s80.A24 fileNameGt=../graphsdb/mcs10/m2D/m2Dr2/mcs10_m2Dr2_s80.B24
Reading graphs...
80 : 158
80 : 158
Initializing...
maxdom : 9
D->valSize : 464
Solving...
Blb : 2 (clique : 28)
currentSize : 28 <-- 0.004802 s
currentSize : 29 <-- 0.147203 s
currentSize : 30 <-- 1.382783 s
currentSize : 31 <-- 36.926693 s
currentSize : 32 <-- 36.930813 s
currentSize : 33 <-- 1559.739746 s

TIMEOUT
maxsize : 33
nodes : 770560065.000000
filtered : 6470415857.000000
time : 3600.000000
