Parameters: GAD=1 vflib=1 dir=1 label=1 lowerbound=1 fileNameGp=../graphsdb/mcs10/m2D/m2D/mcs10_m2D_s50.A16 fileNameGt=../graphsdb/mcs10/m2D/m2D/mcs10_m2D_s50.B16
Reading graphs...
50 : 85
50 : 85
Initializing...
maxdom : 11
D->valSize : 305
Solving...
Blb : 2 (clique : 16)
currentSize : 16 <-- 0.003428 s
currentSize : 18 <-- 0.003569 s
currentSize : 19 <-- 3.154264 s
currentSize : 20 <-- 3.190599 s
currentSize : 21 <-- 602.096985 s
currentSize : 22 <-- 654.485474 s

maxsize : 22
nodes : 267151774.000000
filtered : 2766489004.000000
time : 1090.423584
