Parameters: GAD=1 vflib=1 dir=1 label=1 lowerbound=1 fileNameGp=../graphsdb/mcs10/m3D/m3Dr2/mcs10_m3Dr2_s80.A48 fileNameGt=../graphsdb/mcs10/m3D/m3Dr2/mcs10_m3Dr2_s80.B48
Reading graphs...
80 : 200
80 : 200
Initializing...
maxdom : 9
D->valSize : 402
Solving...
Blb : 2 (clique : 24)
currentSize : 24 <-- 0.003822 s
currentSize : 25 <-- 0.010023 s
currentSize : 26 <-- 0.318939 s
currentSize : 27 <-- 0.337605 s
currentSize : 28 <-- 6.791605 s
currentSize : 29 <-- 334.040924 s
currentSize : 30 <-- 2083.837402 s

TIMEOUT
maxsize : 30
nodes : 732858229.000000
filtered : 5829758995.000000
time : 3600.000000
