Parameters: GAD=1 vflib=1 dir=1 label=1 lowerbound=1 fileNameGp=../graphsdb/mcs10/bvg/b03m/mcs10_b03m_s100.A09 fileNameGt=../graphsdb/mcs10/bvg/b03m/mcs10_b03m_s100.B09
Reading graphs...
100 : 150
100 : 150
Initializing...
maxdom : 8
D->valSize : 332
Solving...
Blb : 2 (clique : 37)
currentSize : 37 <-- 0.003491 s
currentSize : 38 <-- 0.003879 s
currentSize : 39 <-- 552.856750 s
currentSize : 40 <-- 2153.010742 s
currentSize : 41 <-- 2153.010986 s
currentSize : 42 <-- 2564.732910 s

TIMEOUT
maxsize : 42
nodes : 723930691.000000
filtered : 3187017640.000000
time : 3600.000000
