Parameters: GAD=1 vflib=1 dir=1 label=1 lowerbound=1 fileNameGp=../graphsdb/mcs10/bvg/b06/mcs10_b06_s70.A97 fileNameGt=../graphsdb/mcs10/bvg/b06/mcs10_b06_s70.B97
Reading graphs...
70 : 210
70 : 210
Initializing...
maxdom : 8
D->valSize : 312
Solving...
Blb : 2 (clique : 18)
currentSize : 18 <-- 0.002444 s
currentSize : 19 <-- 0.003132 s
currentSize : 20 <-- 0.051410 s
currentSize : 21 <-- 2.741877 s
currentSize : 22 <-- 5.617510 s
currentSize : 23 <-- 129.013397 s
currentSize : 24 <-- 878.764099 s

TIMEOUT
maxsize : 24
nodes : 785732521.000000
filtered : 6909115532.000000
time : 3600.000000
