Parameters: GAD=1 vflib=1 dir=1 label=1 lowerbound=1 fileNameGp=../graphsdb/mcs10/m2D/m2Dr2/mcs10_m2Dr2_s100.A07 fileNameGt=../graphsdb/mcs10/m2D/m2Dr2/mcs10_m2Dr2_s100.B07
Reading graphs...
100 : 200
100 : 199
Initializing...
maxdom : 7
D->valSize : 318
Solving...
Blb : 2 (clique : 29)
currentSize : 29 <-- 0.003302 s
currentSize : 30 <-- 0.007123 s
currentSize : 31 <-- 2.457311 s
currentSize : 32 <-- 2.486584 s
currentSize : 33 <-- 3.139170 s
currentSize : 34 <-- 4.435275 s
currentSize : 35 <-- 81.192841 s
currentSize : 36 <-- 1380.057495 s

TIMEOUT
maxsize : 36
nodes : 703950951.000000
filtered : 3187204680.000000
time : 3600.000000
