Parameters: GAD=1 vflib=1 dir=1 label=1 lowerbound=1 fileNameGp=../graphsdb/mcs10/rand/r005/mcs10_r005_s100.A40 fileNameGt=../graphsdb/mcs10/rand/r005/mcs10_r005_s100.B40
Reading graphs...
100 : 500
100 : 500
Initializing...
maxdom : 7
D->valSize : 344
Solving...
Blb : 2 (clique : 19)
currentSize : 19 <-- 0.003365 s
currentSize : 20 <-- 0.009393 s
currentSize : 21 <-- 0.015001 s
currentSize : 22 <-- 0.511054 s
currentSize : 23 <-- 22.975420 s
currentSize : 24 <-- 43.577000 s
currentSize : 25 <-- 374.867981 s

TIMEOUT
maxsize : 25
nodes : 631851244.000000
filtered : 5309025611.000000
time : 3600.000000
