Parameters: GAD=1 vflib=1 dir=1 label=1 lowerbound=1 fileNameGp=../graphsdb/mcs10/bvg/b03/mcs10_b03_s40.A14 fileNameGt=../graphsdb/mcs10/bvg/b03/mcs10_b03_s40.B14
Reading graphs...
40 : 60
40 : 60
Initializing...
maxdom : 8
D->valSize : 190
Solving...
Blb : 3 (clique : 16)
currentSize : 16 <-- 0.001349 s
currentSize : 17 <-- 0.138113 s
currentSize : 18 <-- 0.477596 s
currentSize : 19 <-- 6.725288 s
currentSize : 20 <-- 14.323670 s

maxsize : 20
nodes : 7052247.000000
filtered : 61706751.000000
time : 24.867144
