Parameters: GAD=1 vflib=1 dir=1 label=1 lowerbound=1 fileNameGp=../graphsdb/mcs10/m4D/m4Dr4/mcs10_m4Dr4_s100.A05 fileNameGt=../graphsdb/mcs10/m4D/m4Dr4/mcs10_m4Dr4_s100.B05
Reading graphs...
100 : 199
100 : 198
Initializing...
maxdom : 10
D->valSize : 293
Solving...
Blb : 2 (clique : 31)
currentSize : 31 <-- 0.004667 s
currentSize : 32 <-- 0.072974 s
currentSize : 33 <-- 0.180123 s
currentSize : 34 <-- 5.286743 s
currentSize : 35 <-- 93.835823 s
currentSize : 36 <-- 96.295280 s
currentSize : 37 <-- 1284.761719 s

TIMEOUT
maxsize : 37
nodes : 735606890.000000
filtered : 3285937435.000000
time : 3600.000000
