Parameters: GAD=1 vflib=1 dir=1 label=1 lowerbound=1 fileNameGp=../graphsdb/mcs10/bvg/b06m/mcs10_b06m_s70.A76 fileNameGt=../graphsdb/mcs10/bvg/b06m/mcs10_b06m_s70.B76
Reading graphs...
70 : 210
70 : 210
Initializing...
maxdom : 11
D->valSize : 347
Solving...
Blb : 5 (clique : 19)
currentSize : 19 <-- 0.004784 s
currentSize : 20 <-- 0.018157 s
currentSize : 21 <-- 0.019682 s
currentSize : 22 <-- 0.101078 s
currentSize : 23 <-- 6.103936 s
currentSize : 24 <-- 10.105541 s
currentSize : 25 <-- 29.062424 s

TIMEOUT
maxsize : 25
nodes : 714264434.000000
filtered : 7385745088.000000
time : 3600.000000
