Parameters: GAD=1 vflib=1 dir=1 label=1 lowerbound=1 fileNameGp=../graphsdb/mcs10/bvg/b06m/mcs10_b06m_s80.A20 fileNameGt=../graphsdb/mcs10/bvg/b06m/mcs10_b06m_s80.B20
Reading graphs...
80 : 240
80 : 240
Initializing...
maxdom : 8
D->valSize : 379
Solving...
Blb : 2 (clique : 21)
currentSize : 21 <-- 0.005588 s
currentSize : 22 <-- 0.012659 s
currentSize : 23 <-- 4.924530 s
currentSize : 24 <-- 13.618866 s
currentSize : 25 <-- 18.674479 s
currentSize : 26 <-- 31.657394 s
currentSize : 27 <-- 57.275299 s

TIMEOUT
maxsize : 27
nodes : 686252399.000000
filtered : 6113845085.000000
time : 3600.000000
