Parameters: GAD=1 vflib=1 dir=1 label=1 lowerbound=1 fileNameGp=../graphsdb/mcs10/bvg/b03m/mcs10_b03m_s60.A23 fileNameGt=../graphsdb/mcs10/bvg/b03m/mcs10_b03m_s60.B23
Reading graphs...
60 : 90
60 : 89
Initializing...
maxdom : 6
D->valSize : 229
Solving...
Blb : 5 (clique : 21)
currentSize : 21 <-- 0.001846 s
currentSize : 22 <-- 0.028272 s
currentSize : 23 <-- 0.746027 s
currentSize : 24 <-- 4.274941 s
currentSize : 25 <-- 4.839587 s
currentSize : 26 <-- 19.121326 s
currentSize : 27 <-- 3140.510254 s

TIMEOUT
maxsize : 27
nodes : 897304976.000000
filtered : 5896310864.000000
time : 3600.000000
