Parameters: GAD=1 vflib=1 dir=1 label=1 lowerbound=1 fileNameGp=../graphsdb/mcs10/m3D/m3Dr6/mcs10_m3Dr6_s60.A78 fileNameGt=../graphsdb/mcs10/m3D/m3Dr6/mcs10_m3Dr6_s60.B78
Reading graphs...
60 : 170
60 : 168
Initializing...
maxdom : 7
D->valSize : 230
Solving...
Blb : 2 (clique : 16)
currentSize : 16 <-- 0.002567 s
currentSize : 17 <-- 0.002739 s
currentSize : 18 <-- 0.004332 s
currentSize : 19 <-- 0.005399 s
currentSize : 20 <-- 34.746670 s
currentSize : 21 <-- 80.770416 s

maxsize : 21
nodes : 38991451.000000
filtered : 300588850.000000
time : 164.181549
