Parameters: GAD=1 vflib=1 dir=1 label=1 lowerbound=1 fileNameGp=../graphsdb/mcs10/bvg/b06/mcs10_b06_s100.A73 fileNameGt=../graphsdb/mcs10/bvg/b06/mcs10_b06_s100.B73
Reading graphs...
100 : 300
100 : 300
Initializing...
maxdom : 9
D->valSize : 320
Solving...
Blb : 2 (clique : 23)
currentSize : 23 <-- 0.003055 s
currentSize : 24 <-- 0.007642 s
currentSize : 25 <-- 0.041501 s
currentSize : 26 <-- 18.995665 s
currentSize : 27 <-- 72.623444 s
currentSize : 28 <-- 255.957336 s
currentSize : 29 <-- 408.576050 s
currentSize : 30 <-- 433.344177 s
currentSize : 31 <-- 1865.940308 s

TIMEOUT
maxsize : 31
nodes : 662658948.000000
filtered : 3977749143.000000
time : 3600.000000
