Parameters: GAD=1 vflib=1 dir=1 label=1 lowerbound=1 fileNameGp=../graphsdb/mcs10/m3D/m3Dr6/mcs10_m3Dr6_s60.A48 fileNameGt=../graphsdb/mcs10/m3D/m3Dr6/mcs10_m3Dr6_s60.B48
Reading graphs...
60 : 170
60 : 170
Initializing...
maxdom : 8
D->valSize : 231
Solving...
Blb : 2 (clique : 16)
currentSize : 16 <-- 0.001592 s
currentSize : 17 <-- 0.001735 s
currentSize : 18 <-- 0.002064 s
currentSize : 19 <-- 0.003088 s
currentSize : 20 <-- 0.155973 s
currentSize : 21 <-- 0.251834 s
currentSize : 22 <-- 0.409042 s

maxsize : 22
nodes : 4981028.000000
filtered : 47574920.000000
time : 22.410156
