Parameters: GAD=1 vflib=1 dir=1 label=1 lowerbound=1 fileNameGp=../graphsdb/mcs10/m2D/m2D/mcs10_m2D_s70.A21 fileNameGt=../graphsdb/mcs10/m2D/m2D/mcs10_m2D_s70.B21
Reading graphs...
70 : 123
70 : 123
Initializing...
maxdom : 7
D->valSize : 317
Solving...
Blb : 5 (clique : 23)
currentSize : 23 <-- 0.002567 s
currentSize : 24 <-- 0.338424 s
currentSize : 25 <-- 0.605262 s
currentSize : 26 <-- 4.138091 s
currentSize : 27 <-- 4.752807 s
currentSize : 28 <-- 16.034634 s
currentSize : 29 <-- 17.558037 s

TIMEOUT
maxsize : 29
nodes : 810347514.000000
filtered : 6019718320.000000
time : 3600.000000
