Parameters: GAD=1 vflib=1 dir=1 label=1 lowerbound=1 fileNameGp=../graphsdb/mcs10/rand/r005/mcs10_r005_s35.A79 fileNameGt=../graphsdb/mcs10/rand/r005/mcs10_r005_s35.B79
Reading graphs...
35 : 61
35 : 61
Initializing...
maxdom : 7
D->valSize : 154
Solving...
Blb : 2 (clique : 11)
currentSize : 11 <-- 0.000844 s
currentSize : 12 <-- 0.000906 s
currentSize : 13 <-- 0.001340 s
currentSize : 14 <-- 0.001528 s
currentSize : 15 <-- 0.029092 s
currentSize : 16 <-- 0.317798 s

maxsize : 16
nodes : 121440.000000
filtered : 1287204.000000
time : 0.489929
