Parameters: GAD=1 vflib=1 dir=1 label=1 lowerbound=1 fileNameGp=../graphsdb/mcs10/m2D/m2Dr4/mcs10_m2Dr4_s70.A45 fileNameGt=../graphsdb/mcs10/m2D/m2Dr4/mcs10_m2Dr4_s70.B45
Reading graphs...
70 : 151
70 : 151
Initializing...
maxdom : 9
D->valSize : 331
Solving...
Blb : 2 (clique : 21)
currentSize : 21 <-- 0.004969 s
currentSize : 22 <-- 0.074277 s
currentSize : 23 <-- 1.059595 s
currentSize : 24 <-- 1.797726 s
currentSize : 25 <-- 20.236256 s
currentSize : 26 <-- 700.398193 s

TIMEOUT
maxsize : 26
nodes : 788794375.000000
filtered : 7010943580.000000
time : 3600.000000
