Parameters: GAD=1 vflib=1 dir=1 label=1 lowerbound=1 fileNameGp=../graphsdb/mcs10/m3D/m3Dr6/mcs10_m3Dr6_s70.A29 fileNameGt=../graphsdb/mcs10/m3D/m3Dr6/mcs10_m3Dr6_s70.B29
Reading graphs...
70 : 201
70 : 201
Initializing...
maxdom : 12
D->valSize : 310
Solving...
Blb : 2 (clique : 18)
currentSize : 18 <-- 0.002598 s
currentSize : 19 <-- 0.052899 s
currentSize : 20 <-- 0.510367 s
currentSize : 21 <-- 6.938241 s
currentSize : 22 <-- 76.723366 s
currentSize : 23 <-- 545.639709 s
currentSize : 24 <-- 2238.710938 s
currentSize : 25 <-- 2363.884033 s

maxsize : 25
nodes : 693077806.000000
filtered : 5859524801.000000
time : 3242.904785
