Parameters: GAD=1 vflib=1 dir=1 label=1 lowerbound=1 fileNameGp=../graphsdb/mcs10/rand/r01/mcs10_r01_s50.A29 fileNameGt=../graphsdb/mcs10/rand/r01/mcs10_r01_s50.B29
Reading graphs...
50 : 247
50 : 247
Initializing...
maxdom : 12
D->valSize : 314
Solving...
Blb : 2 (clique : 10)
currentSize : 10 <-- 0.002223 s
currentSize : 11 <-- 0.003520 s
currentSize : 12 <-- 0.008193 s
currentSize : 13 <-- 0.033245 s
currentSize : 14 <-- 0.212209 s
currentSize : 15 <-- 6.637617 s

maxsize : 15
nodes : 1865542.000000
filtered : 26677979.000000
time : 8.309694
