Parameters: GAD=1 vflib=1 dir=1 label=1 lowerbound=1 fileNameGp=../graphsdb/mcs10/m2D/m2Dr6/mcs10_m2Dr6_s40.A49 fileNameGt=../graphsdb/mcs10/m2D/m2Dr6/mcs10_m2Dr6_s40.B49
Reading graphs...
40 : 91
40 : 90
Initializing...
maxdom : 9
D->valSize : 184
Solving...
Blb : 5 (clique : 12)
currentSize : 12 <-- 0.001633 s
currentSize : 13 <-- 0.001814 s
currentSize : 14 <-- 0.002391 s
currentSize : 15 <-- 0.295721 s
currentSize : 16 <-- 2.023814 s

maxsize : 16
nodes : 1083115.000000
filtered : 9158756.000000
time : 4.013550
