Parameters: GAD=1 vflib=1 dir=1 label=1 lowerbound=1 fileNameGp=../graphsdb/mcs10/m3D/m3D/mcs10_m3D_s70.A91 fileNameGt=../graphsdb/mcs10/m3D/m3D/mcs10_m3D_s70.B91
Reading graphs...
70 : 159
70 : 159
Initializing...
maxdom : 9
D->valSize : 319
Solving...
Blb : 2 (clique : 19)
currentSize : 19 <-- 0.002616 s
currentSize : 20 <-- 0.003160 s
currentSize : 21 <-- 0.013782 s
currentSize : 22 <-- 0.156778 s
currentSize : 23 <-- 6.546310 s
currentSize : 24 <-- 14.091386 s
currentSize : 25 <-- 526.312317 s
currentSize : 26 <-- 861.172180 s

TIMEOUT
maxsize : 26
nodes : 794186606.000000
filtered : 6875872105.000000
time : 3600.000000
