Parameters: GAD=1 vflib=1 dir=1 label=1 lowerbound=1 fileNameGp=../graphsdb/mcs10/rand/r01/mcs10_r01_s80.A47 fileNameGt=../graphsdb/mcs10/rand/r01/mcs10_r01_s80.B47
Reading graphs...
80 : 634
80 : 634
Initializing...
maxdom : 9
D->valSize : 432
Solving...
Blb : 2 (clique : 12)
currentSize : 12 <-- 0.003919 s
currentSize : 13 <-- 0.004106 s
currentSize : 14 <-- 0.005108 s
currentSize : 15 <-- 0.068691 s
currentSize : 16 <-- 0.824680 s

maxsize : 16
nodes : 100003016.000000
filtered : 1294052156.000000
time : 537.896851
