Parameters: GAD=1 vflib=1 dir=1 label=1 lowerbound=1 fileNameGp=../graphsdb/mcs10/rand/r005/mcs10_r005_s90.A29 fileNameGt=../graphsdb/mcs10/rand/r005/mcs10_r005_s90.B29
Reading graphs...
90 : 405
90 : 405
Initializing...
maxdom : 9
D->valSize : 502
Solving...
Blb : 2 (clique : 19)
currentSize : 19 <-- 0.005287 s
currentSize : 20 <-- 0.005505 s
currentSize : 21 <-- 0.005609 s
currentSize : 22 <-- 0.006048 s
currentSize : 23 <-- 0.007164 s
currentSize : 24 <-- 0.013832 s
currentSize : 25 <-- 0.523680 s
currentSize : 26 <-- 3139.036865 s

TIMEOUT
maxsize : 26
nodes : 678747430.000000
filtered : 5046418829.000000
time : 3600.000000
