Parameters: GAD=1 vflib=1 dir=1 label=1 lowerbound=1 fileNameGp=../graphsdb/mcs10/rand/r01/mcs10_r01_s90.A13 fileNameGt=../graphsdb/mcs10/rand/r01/mcs10_r01_s90.B13
Reading graphs...
90 : 802
90 : 802
Initializing...
maxdom : 9
D->valSize : 508
Solving...
Blb : 2 (clique : 12)
currentSize : 12 <-- 0.005239 s
currentSize : 13 <-- 0.005435 s
currentSize : 14 <-- 0.016843 s
currentSize : 15 <-- 1.684308 s
currentSize : 16 <-- 3.698737 s
currentSize : 17 <-- 446.509949 s
currentSize : 18 <-- 1026.207153 s

maxsize : 18
nodes : 357679318.000000
filtered : 4381886999.000000
time : 2040.095703
