Parameters: GAD=1 vflib=1 dir=1 label=1 lowerbound=1 fileNameGp=../graphsdb/mcs10/bvg/b03/mcs10_b03_s80.A11 fileNameGt=../graphsdb/mcs10/bvg/b03/mcs10_b03_s80.B11
Reading graphs...
80 : 120
80 : 120
Initializing...
maxdom : 11
D->valSize : 419
Solving...
Blb : 5 (clique : 28)
currentSize : 28 <-- 0.006842 s
currentSize : 29 <-- 0.007247 s
currentSize : 30 <-- 0.039279 s
currentSize : 31 <-- 0.193884 s
currentSize : 32 <-- 0.207195 s
currentSize : 33 <-- 7.563441 s
currentSize : 34 <-- 145.085312 s

TIMEOUT
maxsize : 34
nodes : 793988891.000000
filtered : 4043924172.000000
time : 3600.000000
