Parameters: GAD=1 vflib=1 dir=1 label=1 lowerbound=1 fileNameGp=../graphsdb/mcs10/rand/r02/mcs10_r02_s70.A67 fileNameGt=../graphsdb/mcs10/rand/r02/mcs10_r02_s70.B67
Reading graphs...
70 : 965
70 : 965
Initializing...
maxdom : 10
D->valSize : 320
Solving...
Blb : 2 (clique : 7)
currentSize : 7 <-- 0.002601 s
currentSize : 8 <-- 0.002836 s
currentSize : 9 <-- 0.002962 s
currentSize : 10 <-- 0.159461 s
currentSize : 11 <-- 0.276364 s

maxsize : 11
nodes : 119025.000000
filtered : 1665921.000000
time : 0.629386
