Parameters: GAD=1 vflib=1 dir=1 label=1 lowerbound=1 fileNameGp=../graphsdb/mcs10/m4D/m4Dr6/mcs10_m4Dr6_s100.A34 fileNameGt=../graphsdb/mcs10/m4D/m4Dr6/mcs10_m4Dr6_s100.B34
Reading graphs...
100 : 219
100 : 219
Initializing...
maxdom : 9
D->valSize : 307
Solving...
Blb : 5 (clique : 29)
currentSize : 29 <-- 0.003275 s
currentSize : 30 <-- 0.125670 s
currentSize : 31 <-- 4.451909 s
currentSize : 32 <-- 8.412079 s
currentSize : 33 <-- 760.315125 s
currentSize : 34 <-- 771.611694 s

TIMEOUT
maxsize : 34
nodes : 732238952.000000
filtered : 4164320051.000000
time : 3600.000000
