Parameters: GAD=1 vflib=1 dir=1 label=1 lowerbound=1 fileNameGp=../graphsdb/mcs10/m3D/m3D/mcs10_m3D_s60.A57 fileNameGt=../graphsdb/mcs10/m3D/m3D/mcs10_m3D_s60.B57
Reading graphs...
60 : 134
60 : 134
Initializing...
maxdom : 6
D->valSize : 227
Solving...
Blb : 2 (clique : 17)
currentSize : 17 <-- 0.002503 s
currentSize : 18 <-- 0.002678 s
currentSize : 19 <-- 0.005786 s
currentSize : 20 <-- 0.006208 s
currentSize : 21 <-- 0.652508 s
currentSize : 22 <-- 32.463047 s
currentSize : 23 <-- 108.865799 s
currentSize : 24 <-- 242.355347 s

maxsize : 24
nodes : 152592368.000000
filtered : 1099803377.000000
time : 637.282776
