Parameters: GAD=1 vflib=1 dir=1 label=1 lowerbound=1 fileNameGp=../graphsdb/mcs10/bvg/b06/mcs10_b06_s80.A53 fileNameGt=../graphsdb/mcs10/bvg/b06/mcs10_b06_s80.B53
Reading graphs...
80 : 240
80 : 240
Initializing...
maxdom : 9
D->valSize : 415
Solving...
Blb : 2 (clique : 21)
currentSize : 21 <-- 0.003994 s
currentSize : 22 <-- 0.004267 s
currentSize : 23 <-- 0.004386 s
currentSize : 24 <-- 4.111497 s
currentSize : 25 <-- 4.112905 s
currentSize : 26 <-- 16.064491 s
currentSize : 27 <-- 745.835876 s

TIMEOUT
maxsize : 27
nodes : 711145326.000000
filtered : 6584478889.000000
time : 3600.000000
