Parameters: GAD=1 vflib=1 dir=1 label=1 lowerbound=1 fileNameGp=../graphsdb/mcs10/m3D/m3Dr4/mcs10_m3Dr4_s70.A94 fileNameGt=../graphsdb/mcs10/m3D/m3Dr4/mcs10_m3Dr4_s70.B94
Reading graphs...
70 : 187
70 : 186
Initializing...
maxdom : 9
D->valSize : 313
Solving...
Blb : 5 (clique : 18)
currentSize : 18 <-- 0.003927 s
currentSize : 19 <-- 0.007422 s
currentSize : 20 <-- 0.009887 s
currentSize : 21 <-- 0.051372 s
currentSize : 22 <-- 0.716321 s
currentSize : 23 <-- 1.001015 s
currentSize : 24 <-- 7.136421 s
currentSize : 25 <-- 373.210693 s

TIMEOUT
maxsize : 25
nodes : 794495140.000000
filtered : 6363599260.000000
time : 3600.000000
