Parameters: GAD=1 vflib=1 dir=1 label=1 lowerbound=1 fileNameGp=../graphsdb/mcs10/m3D/m3Dr4/mcs10_m3Dr4_s100.A70 fileNameGt=../graphsdb/mcs10/m3D/m3Dr4/mcs10_m3Dr4_s100.B70
Reading graphs...
100 : 275
100 : 274
Initializing...
maxdom : 7
D->valSize : 312
Solving...
Blb : 2 (clique : 25)
currentSize : 25 <-- 0.002955 s
currentSize : 26 <-- 0.003379 s
currentSize : 27 <-- 0.003528 s
currentSize : 28 <-- 0.004593 s
currentSize : 29 <-- 0.004865 s
currentSize : 30 <-- 1.956521 s
currentSize : 31 <-- 521.340759 s
currentSize : 32 <-- 2487.326660 s

TIMEOUT
maxsize : 32
nodes : 688818363.000000
filtered : 3598453367.000000
time : 3600.000000
