Parameters: GAD=1 vflib=1 dir=1 label=1 lowerbound=1 fileNameGp=../graphsdb/mcs10/m2D/m2Dr6/mcs10_m2Dr6_s70.A50 fileNameGt=../graphsdb/mcs10/m2D/m2Dr6/mcs10_m2Dr6_s70.B50
Reading graphs...
70 : 165
70 : 165
Initializing...
maxdom : 8
D->valSize : 337
Solving...
Blb : 2 (clique : 21)
currentSize : 21 <-- 0.002814 s
currentSize : 22 <-- 0.008380 s
currentSize : 23 <-- 0.011818 s
currentSize : 24 <-- 1.272715 s
currentSize : 25 <-- 113.822243 s
currentSize : 26 <-- 483.298035 s
currentSize : 27 <-- 484.571808 s

TIMEOUT
maxsize : 27
nodes : 807774748.000000
filtered : 5567637996.000000
time : 3600.000000
