Parameters: GAD=1 vflib=1 dir=1 label=1 lowerbound=1 fileNameGp=../graphsdb/mcs10/bvg/b03/mcs10_b03_s40.A66 fileNameGt=../graphsdb/mcs10/bvg/b03/mcs10_b03_s40.B66
Reading graphs...
40 : 60
40 : 60
Initializing...
maxdom : 9
D->valSize : 201
Solving...
Blb : 2 (clique : 14)
currentSize : 14 <-- 0.001948 s
currentSize : 15 <-- 0.002138 s
currentSize : 16 <-- 0.004407 s
currentSize : 17 <-- 0.007233 s
currentSize : 18 <-- 0.020705 s
currentSize : 19 <-- 2.441044 s

maxsize : 19
nodes : 2468186.000000
filtered : 24169091.000000
time : 16.147356
