Parameters: GAD=1 vflib=1 dir=1 label=1 lowerbound=1 fileNameGp=../graphsdb/mcs10/m3D/m3Dr2/mcs10_m3Dr2_s60.A13 fileNameGt=../graphsdb/mcs10/m3D/m3Dr2/mcs10_m3Dr2_s60.B13
Reading graphs...
60 : 146
60 : 146
Initializing...
maxdom : 7
D->valSize : 242
Solving...
Blb : 2 (clique : 18)
currentSize : 18 <-- 0.001771 s
currentSize : 19 <-- 0.001912 s
currentSize : 20 <-- 0.002036 s
currentSize : 21 <-- 0.007329 s
currentSize : 22 <-- 0.007787 s
currentSize : 23 <-- 22.378540 s

maxsize : 23
nodes : 16940503.000000
filtered : 151492067.000000
time : 76.109612
