Parameters: GAD=1 vflib=1 dir=1 label=1 lowerbound=1 fileNameGp=../graphsdb/mcs10/m2D/m2D/mcs10_m2D_s60.A19 fileNameGt=../graphsdb/mcs10/m2D/m2D/mcs10_m2D_s60.B19
Reading graphs...
60 : 104
60 : 104
Initializing...
maxdom : 7
D->valSize : 246
Solving...
Blb : 2 (clique : 24)
currentSize : 24 <-- 0.001839 s
currentSize : 25 <-- 0.564412 s
currentSize : 26 <-- 8.262257 s
currentSize : 27 <-- 26.020317 s
currentSize : 28 <-- 38.190334 s
currentSize : 29 <-- 127.561737 s

maxsize : 29
nodes : 59009754.000000
filtered : 420815151.000000
time : 252.264496
