Parameters: GAD=1 vflib=1 dir=1 label=1 lowerbound=1 fileNameGp=../graphsdb/mcs10/m2D/m2Dr2/mcs10_m2Dr2_s80.A49 fileNameGt=../graphsdb/mcs10/m2D/m2Dr2/mcs10_m2Dr2_s80.B49
Reading graphs...
80 : 158
80 : 158
Initializing...
maxdom : 10
D->valSize : 368
Solving...
Blb : 2 (clique : 24)
currentSize : 24 <-- 0.003289 s
currentSize : 25 <-- 0.006750 s
currentSize : 26 <-- 0.065656 s
currentSize : 27 <-- 1.706602 s
currentSize : 28 <-- 7.720258 s
currentSize : 29 <-- 8.004853 s
currentSize : 30 <-- 149.897186 s
currentSize : 31 <-- 1084.866821 s
currentSize : 32 <-- 1441.660645 s

TIMEOUT
maxsize : 32
nodes : 623265695.000000
filtered : 3675769305.000000
time : 3600.000000
