Parameters: GAD=1 vflib=1 dir=1 label=1 lowerbound=1 fileNameGp=../graphsdb/mcs10/rand/r01/mcs10_r01_s100.A22 fileNameGt=../graphsdb/mcs10/rand/r01/mcs10_r01_s100.B22
Reading graphs...
100 : 990
100 : 990
Initializing...
maxdom : 7
D->valSize : 307
Solving...
Blb : 3 (clique : 12)
currentSize : 12 <-- 0.002769 s
currentSize : 13 <-- 0.003706 s
currentSize : 14 <-- 0.008585 s
currentSize : 15 <-- 0.015306 s
currentSize : 16 <-- 2.967111 s

maxsize : 16
nodes : 23151627.000000
filtered : 205704280.000000
time : 131.298660
