Parameters: GAD=1 vflib=1 dir=1 label=1 lowerbound=1 fileNameGp=../graphsdb/mcs10/m3D/m3Dr6/mcs10_m3Dr6_s80.A44 fileNameGt=../graphsdb/mcs10/m3D/m3Dr6/mcs10_m3Dr6_s80.B44
Reading graphs...
80 : 232
80 : 230
Initializing...
maxdom : 10
D->valSize : 377
Solving...
Blb : 2 (clique : 22)
currentSize : 22 <-- 0.005589 s
currentSize : 23 <-- 0.005927 s
currentSize : 24 <-- 0.006411 s
currentSize : 25 <-- 0.629194 s
currentSize : 26 <-- 0.986992 s
currentSize : 27 <-- 105.244095 s

TIMEOUT
maxsize : 27
nodes : 707106334.000000
filtered : 6418605333.000000
time : 3600.000000
