Parameters: GAD=1 vflib=1 dir=1 label=1 lowerbound=1 fileNameGp=../graphsdb/mcs10/m3D/m3Dr4/mcs10_m3Dr4_s60.A27 fileNameGt=../graphsdb/mcs10/m3D/m3Dr4/mcs10_m3Dr4_s60.B27
Reading graphs...
60 : 158
60 : 157
Initializing...
maxdom : 10
D->valSize : 222
Solving...
Blb : 2 (clique : 17)
currentSize : 17 <-- 0.001667 s
currentSize : 18 <-- 0.001838 s
currentSize : 19 <-- 0.110951 s
currentSize : 20 <-- 0.112079 s
currentSize : 21 <-- 7.894450 s
currentSize : 22 <-- 136.818008 s

maxsize : 22
nodes : 39169556.000000
filtered : 251829791.000000
time : 159.528793
