Parameters: GAD=1 vflib=1 dir=1 label=1 lowerbound=1 fileNameGp=../graphsdb/mcs10/rand/r01/mcs10_r01_s100.A73 fileNameGt=../graphsdb/mcs10/rand/r01/mcs10_r01_s100.B73
Reading graphs...
100 : 990
100 : 990
Initializing...
maxdom : 7
D->valSize : 266
Solving...
Blb : 2 (clique : 12)
currentSize : 12 <-- 0.002521 s
currentSize : 13 <-- 0.004282 s
currentSize : 14 <-- 0.044853 s
currentSize : 15 <-- 0.287465 s
currentSize : 16 <-- 8.165649 s

maxsize : 16
nodes : 8997385.000000
filtered : 70129784.000000
time : 50.134720
