Parameters: GAD=1 vflib=1 dir=1 label=1 lowerbound=1 fileNameGp=../graphsdb/mcs10/rand/r02/mcs10_r02_s100.A01 fileNameGt=../graphsdb/mcs10/rand/r02/mcs10_r02_s100.B01
Reading graphs...
100 : 1979
100 : 1979
Initializing...
maxdom : 8
D->valSize : 339
Solving...
Blb : 2 (clique : 7)
currentSize : 7 <-- 0.004777 s
currentSize : 8 <-- 0.004926 s
currentSize : 9 <-- 0.008966 s
currentSize : 10 <-- 0.023402 s
currentSize : 11 <-- 0.560494 s

maxsize : 11
nodes : 328237.000000
filtered : 3359429.000000
time : 1.917166
