Parameters: GAD=1 vflib=1 dir=1 label=1 lowerbound=1 fileNameGp=../graphsdb/mcs10/bvg/b06m/mcs10_b06m_s70.A21 fileNameGt=../graphsdb/mcs10/bvg/b06m/mcs10_b06m_s70.B21
Reading graphs...
70 : 210
70 : 210
Initializing...
maxdom : 8
D->valSize : 289
Solving...
Blb : 2 (clique : 18)
currentSize : 18 <-- 0.002245 s
currentSize : 19 <-- 0.002395 s
currentSize : 20 <-- 0.002463 s
currentSize : 21 <-- 0.003578 s
currentSize : 22 <-- 0.015889 s
currentSize : 23 <-- 0.414671 s
currentSize : 24 <-- 925.989685 s

TIMEOUT
maxsize : 24
nodes : 781027527.000000
filtered : 6022817522.000000
time : 3600.000000
