Parameters: GAD=1 vflib=1 dir=1 label=1 lowerbound=1 fileNameGp=../graphsdb/mcs10/bvg/b09/mcs10_b09_s100.A48 fileNameGt=../graphsdb/mcs10/bvg/b09/mcs10_b09_s100.B48
Reading graphs...
100 : 450
100 : 450
Initializing...
maxdom : 7
D->valSize : 331
Solving...
Blb : 2 (clique : 21)
currentSize : 21 <-- 0.004994 s
currentSize : 22 <-- 0.005400 s
currentSize : 23 <-- 0.011317 s
currentSize : 24 <-- 0.036106 s
currentSize : 25 <-- 7.414278 s
currentSize : 26 <-- 8.061311 s
currentSize : 27 <-- 12.043280 s

TIMEOUT
maxsize : 27
nodes : 643936365.000000
filtered : 4627124046.000000
time : 3600.000000
