Parameters: GAD=1 vflib=1 dir=1 label=1 lowerbound=1 fileNameGp=../graphsdb/mcs10/m3D/m3Dr4/mcs10_m3Dr4_s70.A87 fileNameGt=../graphsdb/mcs10/m3D/m3Dr4/mcs10_m3Dr4_s70.B87
Reading graphs...
70 : 187
70 : 186
Initializing...
maxdom : 8
D->valSize : 309
Solving...
Blb : 2 (clique : 19)
currentSize : 19 <-- 0.002402 s
currentSize : 20 <-- 0.005245 s
currentSize : 21 <-- 0.054016 s
currentSize : 22 <-- 1.011846 s
currentSize : 23 <-- 2.646666 s
currentSize : 24 <-- 152.938065 s
currentSize : 25 <-- 410.413208 s
currentSize : 26 <-- 584.057434 s

TIMEOUT
maxsize : 26
nodes : 744853046.000000
filtered : 6833489562.000000
time : 3600.000000
