Parameters: GAD=1 vflib=1 dir=1 label=1 lowerbound=1 fileNameGp=../graphsdb/mcs10/bvg/b03/mcs10_b03_s70.A47 fileNameGt=../graphsdb/mcs10/bvg/b03/mcs10_b03_s70.B47
Reading graphs...
70 : 105
70 : 105
Initializing...
maxdom : 9
D->valSize : 319
Solving...
Blb : 2 (clique : 26)
currentSize : 26 <-- 0.004198 s
currentSize : 27 <-- 0.006674 s
currentSize : 28 <-- 0.233449 s
currentSize : 29 <-- 1.069851 s
currentSize : 30 <-- 890.385681 s
currentSize : 31 <-- 1063.209351 s

TIMEOUT
maxsize : 31
nodes : 973433086.000000
filtered : 2897582160.000000
time : 3600.000000
