Parameters: GAD=1 vflib=1 dir=1 label=1 lowerbound=1 fileNameGp=../graphsdb/mcs10/m3D/m3Dr2/mcs10_m3Dr2_s60.A02 fileNameGt=../graphsdb/mcs10/m3D/m3Dr2/mcs10_m3Dr2_s60.B02
Reading graphs...
60 : 146
60 : 146
Initializing...
maxdom : 7
D->valSize : 235
Solving...
Blb : 2 (clique : 19)
currentSize : 19 <-- 0.001765 s
currentSize : 20 <-- 0.003505 s
currentSize : 21 <-- 0.017423 s
currentSize : 22 <-- 0.017531 s
currentSize : 23 <-- 19.433935 s
currentSize : 24 <-- 24.043924 s
currentSize : 25 <-- 229.047440 s

maxsize : 25
nodes : 77958862.000000
filtered : 599389407.000000
time : 329.473267
