Parameters: GAD=1 vflib=1 dir=1 label=1 lowerbound=1 fileNameGp=../graphsdb/mcs10/m3D/m3Dr6/mcs10_m3Dr6_s100.A24 fileNameGt=../graphsdb/mcs10/m3D/m3Dr6/mcs10_m3Dr6_s100.B24
Reading graphs...
100 : 295
100 : 294
Initializing...
maxdom : 7
D->valSize : 338
Solving...
Blb : 2 (clique : 25)
currentSize : 25 <-- 0.003176 s
currentSize : 26 <-- 0.003401 s
currentSize : 27 <-- 0.004043 s
currentSize : 28 <-- 0.004128 s
currentSize : 29 <-- 0.029231 s
currentSize : 30 <-- 15.597741 s
currentSize : 31 <-- 254.496140 s

TIMEOUT
maxsize : 31
nodes : 695497278.000000
filtered : 3890269157.000000
time : 3600.000000
