Parameters: GAD=1 vflib=1 dir=1 label=1 lowerbound=1 fileNameGp=../graphsdb/mcs10/m2D/m2D/mcs10_m2D_s100.A04 fileNameGt=../graphsdb/mcs10/m2D/m2D/mcs10_m2D_s100.B04
Reading graphs...
100 : 180
100 : 180
Initializing...
maxdom : 8
D->valSize : 335
Solving...
Blb : 2 (clique : 33)
currentSize : 33 <-- 0.005503 s
currentSize : 34 <-- 0.007269 s
currentSize : 35 <-- 0.007623 s
currentSize : 36 <-- 0.314283 s
currentSize : 37 <-- 1.266037 s
currentSize : 38 <-- 235.454559 s
currentSize : 39 <-- 1746.268188 s

TIMEOUT
maxsize : 39
nodes : 714182269.000000
filtered : 3835822381.000000
time : 3600.000000
