Parameters: GAD=1 vflib=1 dir=1 label=1 lowerbound=1 fileNameGp=../graphsdb/mcs10/bvg/b03/mcs10_b03_s60.A32 fileNameGt=../graphsdb/mcs10/bvg/b03/mcs10_b03_s60.B32
Reading graphs...
60 : 90
60 : 90
Initializing...
maxdom : 8
D->valSize : 208
Solving...
Blb : 2 (clique : 21)
currentSize : 21 <-- 0.001725 s
currentSize : 22 <-- 0.003829 s
currentSize : 23 <-- 0.004443 s
currentSize : 24 <-- 0.747855 s
currentSize : 25 <-- 31.761791 s
currentSize : 26 <-- 55.260361 s

maxsize : 26
nodes : 26745155.000000
filtered : 174351012.000000
time : 114.497368
