Parameters: GAD=1 vflib=1 dir=1 label=1 lowerbound=1 fileNameGp=../graphsdb/mcs10/m2D/m2Dr4/mcs10_m2Dr4_s70.A09 fileNameGt=../graphsdb/mcs10/m2D/m2Dr4/mcs10_m2Dr4_s70.B09
Reading graphs...
70 : 151
70 : 150
Initializing...
maxdom : 10
D->valSize : 316
Solving...
Blb : 2 (clique : 23)
currentSize : 23 <-- 0.002557 s
currentSize : 24 <-- 0.002785 s
currentSize : 25 <-- 0.005793 s
currentSize : 26 <-- 0.116702 s
currentSize : 27 <-- 2.528715 s
currentSize : 28 <-- 11.998590 s
currentSize : 29 <-- 471.063080 s

TIMEOUT
maxsize : 29
nodes : 800836585.000000
filtered : 6284816237.000000
time : 3600.000000
