Parameters: GAD=1 vflib=1 dir=1 label=1 lowerbound=1 fileNameGp=../graphsdb/mcs10/rand/r01/mcs10_r01_s100.A78 fileNameGt=../graphsdb/mcs10/rand/r01/mcs10_r01_s100.B78
Reading graphs...
100 : 990
100 : 990
Initializing...
maxdom : 6
D->valSize : 330
Solving...
Blb : 2 (clique : 11)
currentSize : 11 <-- 0.003195 s
currentSize : 12 <-- 0.003366 s
currentSize : 13 <-- 0.003401 s
currentSize : 14 <-- 0.003684 s
currentSize : 15 <-- 0.006972 s
currentSize : 16 <-- 0.421547 s
currentSize : 17 <-- 4.291384 s

maxsize : 17
nodes : 43380816.000000
filtered : 358845255.000000
time : 245.261246
