Parameters: GAD=1 vflib=1 dir=1 label=1 lowerbound=1 fileNameGp=../graphsdb/mcs10/rand/r01/mcs10_r01_s35.A65 fileNameGt=../graphsdb/mcs10/rand/r01/mcs10_r01_s35.B65
Reading graphs...
35 : 121
35 : 121
Initializing...
maxdom : 11
D->valSize : 142
Solving...
Blb : 2 (clique : 8)
currentSize : 8 <-- 0.000701 s
currentSize : 9 <-- 0.006779 s
currentSize : 10 <-- 0.007183 s
currentSize : 11 <-- 0.015654 s
currentSize : 12 <-- 0.016725 s

maxsize : 12
nodes : 6982.000000
filtered : 72239.000000
time : 0.024221
