Parameters: GAD=1 vflib=1 dir=1 label=1 lowerbound=1 fileNameGp=../graphsdb/mcs10/m2D/m2D/mcs10_m2D_s50.A27 fileNameGt=../graphsdb/mcs10/m2D/m2D/mcs10_m2D_s50.B27
Reading graphs...
50 : 85
50 : 85
Initializing...
maxdom : 10
D->valSize : 336
Solving...
Blb : 2 (clique : 20)
currentSize : 20 <-- 0.002427 s
currentSize : 21 <-- 2.793923 s
currentSize : 22 <-- 6.570764 s
currentSize : 23 <-- 9.511005 s
currentSize : 24 <-- 13.539027 s

maxsize : 24
nodes : 311425112.000000
filtered : 3821554965.000000
time : 1506.473633
