Parameters: GAD=1 vflib=1 dir=1 label=1 lowerbound=1 fileNameGp=../graphsdb/mcs10/m3D/m3Dr4/mcs10_m3Dr4_s60.A32 fileNameGt=../graphsdb/mcs10/m3D/m3Dr4/mcs10_m3Dr4_s60.B32
Reading graphs...
60 : 158
60 : 158
Initializing...
maxdom : 7
D->valSize : 224
Solving...
Blb : 5 (clique : 16)
currentSize : 16 <-- 0.001827 s
currentSize : 17 <-- 0.284149 s
currentSize : 18 <-- 0.311153 s
currentSize : 19 <-- 1.088471 s
currentSize : 20 <-- 3.789486 s
currentSize : 21 <-- 14.151165 s
currentSize : 22 <-- 105.360573 s

maxsize : 22
nodes : 27516947.000000
filtered : 224098023.000000
time : 121.951904
