Parameters: GAD=1 vflib=1 dir=1 label=1 lowerbound=1 fileNameGp=../graphsdb/mcs10/rand/r02/mcs10_r02_s100.A58 fileNameGt=../graphsdb/mcs10/rand/r02/mcs10_r02_s100.B58
Reading graphs...
100 : 1979
100 : 1979
Initializing...
maxdom : 9
D->valSize : 380
Solving...
Blb : 2 (clique : 8)
currentSize : 8 <-- 0.003639 s
currentSize : 9 <-- 0.004195 s
currentSize : 10 <-- 0.011727 s
currentSize : 11 <-- 0.069377 s
currentSize : 12 <-- 0.459922 s

maxsize : 12
nodes : 256989.000000
filtered : 4093036.000000
time : 1.693093
