Parameters: GAD=1 vflib=1 dir=1 label=1 lowerbound=1 fileNameGp=../graphsdb/mcs10/bvg/b03m/mcs10_b03m_s50.A98 fileNameGt=../graphsdb/mcs10/bvg/b03m/mcs10_b03m_s50.B98
Reading graphs...
50 : 75
50 : 75
Initializing...
maxdom : 10
D->valSize : 314
Solving...
Blb : 5 (clique : 21)
currentSize : 21 <-- 0.002427 s
currentSize : 22 <-- 0.002702 s
currentSize : 23 <-- 0.076427 s
currentSize : 24 <-- 0.078733 s
currentSize : 25 <-- 1.398565 s
currentSize : 26 <-- 620.079285 s

maxsize : 26
nodes : 216780172.000000
filtered : 2089709682.000000
time : 923.901367
