Parameters: GAD=1 vflib=1 dir=1 label=1 lowerbound=1 fileNameGp=../graphsdb/mcs10/m2D/m2Dr6/mcs10_m2Dr6_s50.A96 fileNameGt=../graphsdb/mcs10/m2D/m2Dr6/mcs10_m2Dr6_s50.B96
Reading graphs...
50 : 115
50 : 115
Initializing...
maxdom : 10
D->valSize : 320
Solving...
Blb : 2 (clique : 15)
currentSize : 15 <-- 0.002186 s
currentSize : 16 <-- 0.022392 s
currentSize : 17 <-- 0.252674 s
currentSize : 18 <-- 0.440905 s
currentSize : 19 <-- 55.219906 s

maxsize : 19
nodes : 29366803.000000
filtered : 349892710.000000
time : 129.661575
