Parameters: GAD=1 vflib=1 dir=1 label=1 lowerbound=1 fileNameGp=../graphsdb/mcs10/m2D/m2Dr6/mcs10_m2Dr6_s40.A07 fileNameGt=../graphsdb/mcs10/m2D/m2Dr6/mcs10_m2Dr6_s40.B07
Reading graphs...
40 : 90
40 : 90
Initializing...
maxdom : 7
D->valSize : 202
Solving...
Blb : 2 (clique : 13)
currentSize : 13 <-- 0.001294 s
currentSize : 14 <-- 0.001417 s
currentSize : 15 <-- 0.006642 s
currentSize : 16 <-- 0.045310 s
currentSize : 17 <-- 0.546242 s
currentSize : 18 <-- 6.892215 s

maxsize : 18
nodes : 2663644.000000
filtered : 22791846.000000
time : 10.258957
