Parameters: GAD=1 vflib=1 dir=1 label=1 lowerbound=1 fileNameGp=../graphsdb/mcs10/m2D/m2Dr4/mcs10_m2Dr4_s90.A41 fileNameGt=../graphsdb/mcs10/m2D/m2Dr4/mcs10_m2Dr4_s90.B41
Reading graphs...
90 : 197
90 : 196
Initializing...
maxdom : 10
D->valSize : 517
Solving...
Blb : 2 (clique : 30)
currentSize : 30 <-- 0.005760 s
currentSize : 31 <-- 0.009782 s
currentSize : 32 <-- 0.669484 s
currentSize : 33 <-- 10.373939 s
currentSize : 34 <-- 607.900330 s
currentSize : 35 <-- 2628.295898 s

TIMEOUT
maxsize : 35
nodes : 707104183.000000
filtered : 4812949457.000000
time : 3600.000000
