Parameters: GAD=1 vflib=1 dir=1 label=1 lowerbound=1 fileNameGp=../graphsdb/mcs10/bvg/b09m/mcs10_b09m_s100.A64 fileNameGt=../graphsdb/mcs10/bvg/b09m/mcs10_b09m_s100.B64
Reading graphs...
100 : 450
100 : 450
Initializing...
maxdom : 7
D->valSize : 323
Solving...
Blb : 2 (clique : 18)
currentSize : 18 <-- 0.004797 s
currentSize : 19 <-- 0.005039 s
currentSize : 20 <-- 0.005270 s
currentSize : 21 <-- 0.127171 s
currentSize : 22 <-- 0.757864 s
currentSize : 23 <-- 2.365790 s
currentSize : 24 <-- 96.773659 s
currentSize : 25 <-- 239.601318 s
currentSize : 26 <-- 556.533081 s

TIMEOUT
maxsize : 26
nodes : 666945571.000000
filtered : 4419050174.000000
time : 3600.000000
