Parameters: GAD=1 vflib=1 dir=1 label=1 lowerbound=1 fileNameGp=../graphsdb/mcs10/rand/r005/mcs10_r005_s80.A71 fileNameGt=../graphsdb/mcs10/rand/r005/mcs10_r005_s80.B71
Reading graphs...
80 : 321
80 : 321
Initializing...
maxdom : 10
D->valSize : 395
Solving...
Blb : 2 (clique : 17)
currentSize : 17 <-- 0.003658 s
currentSize : 18 <-- 0.004804 s
currentSize : 19 <-- 0.027020 s
currentSize : 20 <-- 0.027761 s
currentSize : 21 <-- 6.976597 s
currentSize : 22 <-- 7.755302 s
currentSize : 23 <-- 946.183655 s

TIMEOUT
maxsize : 23
nodes : 698765948.000000
filtered : 7466379762.000000
time : 3600.000000
