Parameters: GAD=1 vflib=1 dir=1 label=1 lowerbound=1 fileNameGp=../graphsdb/mcs10/bvg/b03m/mcs10_b03m_s100.A99 fileNameGt=../graphsdb/mcs10/bvg/b03m/mcs10_b03m_s100.B99
Reading graphs...
100 : 150
100 : 150
Initializing...
maxdom : 7
D->valSize : 335
Solving...
Blb : 2 (clique : 33)
currentSize : 33 <-- 0.003354 s
currentSize : 34 <-- 0.005940 s
currentSize : 35 <-- 1.434155 s
currentSize : 36 <-- 2.538099 s
currentSize : 37 <-- 2.577903 s
currentSize : 38 <-- 38.575642 s

TIMEOUT
maxsize : 38
nodes : 708798577.000000
filtered : 3417225190.000000
time : 3600.000000
