Parameters: GAD=1 vflib=1 dir=1 label=1 lowerbound=1 fileNameGp=../graphsdb/mcs10/rand/r01/mcs10_r01_s70.A87 fileNameGt=../graphsdb/mcs10/rand/r01/mcs10_r01_s70.B87
Reading graphs...
70 : 485
70 : 485
Initializing...
maxdom : 13
D->valSize : 373
Solving...
Blb : 2 (clique : 10)
currentSize : 10 <-- 0.003011 s
currentSize : 12 <-- 0.003231 s
currentSize : 13 <-- 0.009587 s
currentSize : 14 <-- 0.108591 s
currentSize : 15 <-- 0.262739 s
currentSize : 16 <-- 32.629219 s

maxsize : 16
nodes : 7190193.000000
filtered : 98811242.000000
time : 36.294846
