Parameters: GAD=1 vflib=1 dir=1 label=1 lowerbound=1 fileNameGp=../graphsdb/mcs10/rand/r01/mcs10_r01_s100.A28 fileNameGt=../graphsdb/mcs10/rand/r01/mcs10_r01_s100.B28
Reading graphs...
100 : 990
100 : 990
Initializing...
maxdom : 7
D->valSize : 326
Solving...
Blb : 2 (clique : 13)
currentSize : 13 <-- 0.003108 s
currentSize : 14 <-- 0.003623 s
currentSize : 15 <-- 0.019662 s
currentSize : 16 <-- 4.583240 s
currentSize : 17 <-- 50.287315 s
currentSize : 18 <-- 51.959206 s

maxsize : 18
nodes : 32825721.000000
filtered : 287165352.000000
time : 187.018661
