Parameters: GAD=1 vflib=1 dir=1 label=1 lowerbound=1 fileNameGp=../graphsdb/mcs10/m3D/m3Dr2/mcs10_m3Dr2_s100.A26 fileNameGt=../graphsdb/mcs10/m3D/m3Dr2/mcs10_m3Dr2_s100.B26
Reading graphs...
100 : 255
100 : 255
Initializing...
maxdom : 9
D->valSize : 313
Solving...
Blb : 2 (clique : 25)
currentSize : 25 <-- 0.004839 s
currentSize : 26 <-- 0.005231 s
currentSize : 27 <-- 0.012839 s
currentSize : 28 <-- 1.626075 s
currentSize : 29 <-- 3.184759 s
currentSize : 30 <-- 5.603099 s
currentSize : 31 <-- 141.784607 s
currentSize : 32 <-- 288.832611 s

TIMEOUT
maxsize : 32
nodes : 688906515.000000
filtered : 3854916828.000000
time : 3600.000000
