Parameters: GAD=1 vflib=1 dir=1 label=1 lowerbound=1 fileNameGp=../graphsdb/mcs10/bvg/b03m/mcs10_b03m_s40.A93 fileNameGt=../graphsdb/mcs10/bvg/b03m/mcs10_b03m_s40.B93
Reading graphs...
40 : 60
40 : 60
Initializing...
maxdom : 8
D->valSize : 217
Solving...
Blb : 5 (clique : 15)
currentSize : 15 <-- 0.001374 s
currentSize : 16 <-- 0.027560 s
currentSize : 17 <-- 0.055359 s
currentSize : 18 <-- 1.007335 s
currentSize : 19 <-- 2.360728 s

maxsize : 19
nodes : 5154278.000000
filtered : 57062486.000000
time : 19.377451
