Parameters: GAD=1 vflib=1 dir=1 label=1 lowerbound=1 fileNameGp=../graphsdb/mcs10/bvg/b03m/mcs10_b03m_s80.A75 fileNameGt=../graphsdb/mcs10/bvg/b03m/mcs10_b03m_s80.B75
Reading graphs...
80 : 120
80 : 120
Initializing...
maxdom : 8
D->valSize : 435
Solving...
Blb : 2 (clique : 29)
currentSize : 29 <-- 0.008275 s
currentSize : 30 <-- 0.052160 s
currentSize : 31 <-- 0.692102 s
currentSize : 32 <-- 6.221301 s
currentSize : 33 <-- 6.312216 s
currentSize : 34 <-- 9.521014 s

TIMEOUT
maxsize : 34
nodes : 739449483.000000
filtered : 4694481470.000000
time : 3600.000000
