Parameters: GAD=1 vflib=1 dir=1 label=1 lowerbound=1 fileNameGp=../graphsdb/mcs10/m2D/m2Dr4/mcs10_m2Dr4_s70.A19 fileNameGt=../graphsdb/mcs10/m2D/m2Dr4/mcs10_m2Dr4_s70.B19
Reading graphs...
70 : 151
70 : 150
Initializing...
maxdom : 10
D->valSize : 311
Solving...
Blb : 3 (clique : 22)
currentSize : 22 <-- 0.002459 s
currentSize : 23 <-- 0.013419 s
currentSize : 24 <-- 0.027687 s
currentSize : 25 <-- 4.718159 s
currentSize : 26 <-- 18.873356 s
currentSize : 27 <-- 181.070496 s

TIMEOUT
maxsize : 27
nodes : 821513818.000000
filtered : 5352727618.000000
time : 3600.000000
