Parameters: GAD=1 vflib=1 dir=1 label=1 lowerbound=1 fileNameGp=../graphsdb/mcs10/bvg/b06m/mcs10_b06m_s70.A27 fileNameGt=../graphsdb/mcs10/bvg/b06m/mcs10_b06m_s70.B27
Reading graphs...
70 : 210
70 : 210
Initializing...
maxdom : 9
D->valSize : 302
Solving...
Blb : 2 (clique : 17)
currentSize : 17 <-- 0.002388 s
currentSize : 18 <-- 0.010375 s
currentSize : 19 <-- 0.011195 s
currentSize : 20 <-- 0.027284 s
currentSize : 21 <-- 0.032152 s
currentSize : 22 <-- 0.145147 s
currentSize : 23 <-- 27.007427 s
currentSize : 24 <-- 579.024719 s

TIMEOUT
maxsize : 24
nodes : 765500702.000000
filtered : 7334171478.000000
time : 3600.000000
