Parameters: GAD=1 vflib=1 dir=1 label=1 lowerbound=1 fileNameGp=../graphsdb/mcs10/rand/r01/mcs10_r01_s90.A54 fileNameGt=../graphsdb/mcs10/rand/r01/mcs10_r01_s90.B54
Reading graphs...
90 : 802
90 : 802
Initializing...
maxdom : 11
D->valSize : 525
Solving...
Blb : 5 (clique : 12)
currentSize : 12 <-- 0.005608 s
currentSize : 13 <-- 0.010560 s
currentSize : 14 <-- 0.032639 s
currentSize : 15 <-- 0.038721 s
currentSize : 16 <-- 5.142748 s
currentSize : 17 <-- 7.222669 s
currentSize : 18 <-- 169.120209 s

maxsize : 18
nodes : 222898689.000000
filtered : 3278162487.000000
time : 1324.006958
