Parameters: GAD=1 vflib=1 dir=1 label=1 lowerbound=1 fileNameGp=../graphsdb/mcs10/m2D/m2Dr6/mcs10_m2Dr6_s60.A04 fileNameGt=../graphsdb/mcs10/m2D/m2Dr6/mcs10_m2Dr6_s60.B04
Reading graphs...
60 : 140
60 : 138
Initializing...
maxdom : 7
D->valSize : 227
Solving...
Blb : 2 (clique : 18)
currentSize : 18 <-- 0.001794 s
currentSize : 19 <-- 0.002042 s
currentSize : 20 <-- 0.025520 s
currentSize : 21 <-- 0.144636 s
currentSize : 22 <-- 2.846017 s

maxsize : 22
nodes : 104953001.000000
filtered : 744909901.000000
time : 427.720581
