Parameters: GAD=1 vflib=1 dir=1 label=1 lowerbound=1 fileNameGp=../graphsdb/mcs10/m3D/m3Dr2/mcs10_m3Dr2_s70.A37 fileNameGt=../graphsdb/mcs10/m3D/m3Dr2/mcs10_m3Dr2_s70.B37
Reading graphs...
70 : 173
70 : 173
Initializing...
maxdom : 8
D->valSize : 298
Solving...
Blb : 2 (clique : 21)
currentSize : 21 <-- 0.002329 s
currentSize : 22 <-- 0.787683 s
currentSize : 23 <-- 177.235260 s
currentSize : 24 <-- 1433.371338 s
currentSize : 25 <-- 2036.487671 s
currentSize : 26 <-- 3595.744629 s

TIMEOUT
maxsize : 26
nodes : 799049089.000000
filtered : 5777253595.000000
time : 3600.000000
