Parameters: GAD=1 vflib=1 dir=1 label=1 lowerbound=1 fileNameGp=../graphsdb/mcs10/bvg/b06m/mcs10_b06m_s70.A36 fileNameGt=../graphsdb/mcs10/bvg/b06m/mcs10_b06m_s70.B36
Reading graphs...
70 : 210
70 : 210
Initializing...
maxdom : 8
D->valSize : 301
Solving...
Blb : 2 (clique : 17)
currentSize : 17 <-- 0.002273 s
currentSize : 18 <-- 0.002444 s
currentSize : 19 <-- 0.003073 s
currentSize : 20 <-- 0.412798 s
currentSize : 21 <-- 0.828228 s
currentSize : 22 <-- 1.369518 s
currentSize : 23 <-- 5.170149 s

maxsize : 23
nodes : 658245895.000000
filtered : 5586516216.000000
time : 2989.591309
