Parameters: GAD=1 vflib=1 dir=1 label=1 lowerbound=1 fileNameGp=../graphsdb/mcs10/rand/r01/mcs10_r01_s70.A72 fileNameGt=../graphsdb/mcs10/rand/r01/mcs10_r01_s70.B72
Reading graphs...
70 : 485
70 : 485
Initializing...
maxdom : 6
D->valSize : 310
Solving...
Blb : 2 (clique : 11)
currentSize : 11 <-- 0.002367 s
currentSize : 12 <-- 0.002528 s
currentSize : 13 <-- 0.002687 s
currentSize : 14 <-- 0.087460 s
currentSize : 15 <-- 5.500985 s

maxsize : 15
nodes : 14885887.000000
filtered : 140184037.000000
time : 70.251274
