Parameters: GAD=1 vflib=1 dir=1 label=1 lowerbound=1 fileNameGp=../graphsdb/mcs10/m2D/m2Dr4/mcs10_m2Dr4_s90.A45 fileNameGt=../graphsdb/mcs10/m2D/m2Dr4/mcs10_m2Dr4_s90.B45
Reading graphs...
90 : 197
90 : 196
Initializing...
maxdom : 10
D->valSize : 486
Solving...
Blb : 2 (clique : 28)
currentSize : 28 <-- 0.008644 s
currentSize : 29 <-- 0.010244 s
currentSize : 30 <-- 0.010530 s
currentSize : 31 <-- 8.200450 s
currentSize : 32 <-- 60.662971 s
currentSize : 33 <-- 2748.920166 s
currentSize : 34 <-- 2917.261719 s

TIMEOUT
maxsize : 34
nodes : 668031251.000000
filtered : 4458788468.000000
time : 3600.000000
