Parameters: GAD=1 vflib=1 dir=1 label=1 lowerbound=1 fileNameGp=../graphsdb/mcs10/rand/r01/mcs10_r01_s50.A94 fileNameGt=../graphsdb/mcs10/rand/r01/mcs10_r01_s50.B94
Reading graphs...
50 : 247
50 : 247
Initializing...
maxdom : 9
D->valSize : 329
Solving...
Blb : 2 (clique : 10)
currentSize : 10 <-- 0.003398 s
currentSize : 11 <-- 0.003605 s
currentSize : 12 <-- 0.010044 s
currentSize : 13 <-- 0.014948 s
currentSize : 14 <-- 7.581950 s

maxsize : 14
nodes : 3819773.000000
filtered : 51165740.000000
time : 16.796276
