Parameters: GAD=1 vflib=1 dir=1 label=1 lowerbound=1 fileNameGp=../graphsdb/mcs10/bvg/b03m/mcs10_b03m_s40.A34 fileNameGt=../graphsdb/mcs10/bvg/b03m/mcs10_b03m_s40.B34
Reading graphs...
40 : 60
40 : 60
Initializing...
maxdom : 7
D->valSize : 203
Solving...
Blb : 2 (clique : 16)
currentSize : 16 <-- 0.001850 s
currentSize : 17 <-- 0.011275 s
currentSize : 18 <-- 0.236909 s
currentSize : 19 <-- 9.307087 s
currentSize : 20 <-- 10.044818 s

maxsize : 20
nodes : 7068076.000000
filtered : 56834541.000000
time : 25.790651
