Parameters: GAD=1 vflib=1 dir=1 label=1 lowerbound=1 fileNameGp=../graphsdb/mcs10/m2D/m2D/mcs10_m2D_s80.A19 fileNameGt=../graphsdb/mcs10/m2D/m2D/mcs10_m2D_s80.B19
Reading graphs...
80 : 142
80 : 142
Initializing...
maxdom : 9
D->valSize : 415
Solving...
Blb : 5 (clique : 28)
currentSize : 28 <-- 0.003977 s
currentSize : 29 <-- 0.041535 s
currentSize : 30 <-- 0.044283 s
currentSize : 31 <-- 0.864935 s
currentSize : 32 <-- 0.865075 s
currentSize : 33 <-- 804.413452 s
currentSize : 34 <-- 1049.668945 s

TIMEOUT
maxsize : 34
nodes : 703389931.000000
filtered : 4573356021.000000
time : 3600.000000
