Parameters: GAD=1 vflib=1 dir=1 label=1 lowerbound=1 fileNameGp=../graphsdb/mcs10/m2D/m2Dr2/mcs10_m2Dr2_s70.A45 fileNameGt=../graphsdb/mcs10/m2D/m2Dr2/mcs10_m2Dr2_s70.B45
Reading graphs...
70 : 136
70 : 136
Initializing...
maxdom : 9
D->valSize : 321
Solving...
Blb : 2 (clique : 25)
currentSize : 25 <-- 0.004253 s
currentSize : 26 <-- 0.072651 s
currentSize : 27 <-- 0.075403 s
currentSize : 28 <-- 0.099858 s
currentSize : 29 <-- 2609.976562 s
currentSize : 30 <-- 2609.981201 s

TIMEOUT
maxsize : 30
nodes : 756179912.000000
filtered : 6537163170.000000
time : 3600.000000
