Parameters: GAD=1 vflib=1 dir=1 label=1 lowerbound=1 fileNameGp=../graphsdb/mcs10/bvg/b09/mcs10_b09_s100.A38 fileNameGt=../graphsdb/mcs10/bvg/b09/mcs10_b09_s100.B38
Reading graphs...
100 : 450
100 : 450
Initializing...
maxdom : 8
D->valSize : 319
Solving...
Blb : 5 (clique : 18)
currentSize : 18 <-- 0.003227 s
currentSize : 19 <-- 0.003610 s
currentSize : 20 <-- 0.006660 s
currentSize : 21 <-- 0.027733 s
currentSize : 22 <-- 0.035578 s
currentSize : 23 <-- 0.883329 s
currentSize : 24 <-- 3.525824 s
currentSize : 25 <-- 19.930010 s
currentSize : 26 <-- 20.202805 s
currentSize : 27 <-- 31.258257 s
currentSize : 28 <-- 42.188267 s

maxsize : 28
nodes : 148612606.000000
filtered : 1461335484.000000
time : 890.521790
