Parameters: GAD=1 vflib=1 dir=1 label=1 lowerbound=1 fileNameGp=../graphsdb/mcs10/rand/r01/mcs10_r01_s60.A79 fileNameGt=../graphsdb/mcs10/rand/r01/mcs10_r01_s60.B79
Reading graphs...
60 : 356
60 : 356
Initializing...
maxdom : 8
D->valSize : 213
Solving...
Blb : 3 (clique : 10)
currentSize : 10 <-- 0.001544 s
currentSize : 11 <-- 0.002997 s
currentSize : 12 <-- 0.004004 s
currentSize : 13 <-- 0.168746 s
currentSize : 14 <-- 0.240550 s

maxsize : 14
nodes : 554827.000000
filtered : 4709293.000000
time : 2.362715
