Parameters: GAD=1 vflib=1 dir=1 label=1 lowerbound=1 fileNameGp=../graphsdb/mcs10/m3D/m3Dr6/mcs10_m3Dr6_s70.A25 fileNameGt=../graphsdb/mcs10/m3D/m3Dr6/mcs10_m3Dr6_s70.B25
Reading graphs...
70 : 201
70 : 200
Initializing...
maxdom : 9
D->valSize : 287
Solving...
Blb : 5 (clique : 20)
currentSize : 20 <-- 0.002730 s
currentSize : 21 <-- 0.004542 s
currentSize : 22 <-- 0.035265 s
currentSize : 23 <-- 0.619998 s
currentSize : 24 <-- 11.358726 s

maxsize : 24
nodes : 272988179.000000
filtered : 2492165325.000000
time : 1268.104980
