Parameters: GAD=1 vflib=1 dir=1 label=1 lowerbound=1 fileNameGp=../graphsdb/mcs10/rand/r005/mcs10_r005_s90.A02 fileNameGt=../graphsdb/mcs10/rand/r005/mcs10_r005_s90.B02
Reading graphs...
90 : 405
90 : 405
Initializing...
maxdom : 8
D->valSize : 537
Solving...
Blb : 2 (clique : 20)
currentSize : 20 <-- 0.006003 s
currentSize : 21 <-- 0.006223 s
currentSize : 22 <-- 0.006367 s
currentSize : 23 <-- 0.012818 s
currentSize : 24 <-- 0.171908 s
currentSize : 25 <-- 17.737059 s

TIMEOUT
maxsize : 25
nodes : 662412052.000000
filtered : 5830497973.000000
time : 3600.000000
