Parameters: GAD=1 vflib=1 dir=1 label=1 lowerbound=1 fileNameGp=../graphsdb/mcs10/bvg/b03m/mcs10_b03m_s60.A42 fileNameGt=../graphsdb/mcs10/bvg/b03m/mcs10_b03m_s60.B42
Reading graphs...
60 : 90
60 : 90
Initializing...
maxdom : 6
D->valSize : 212
Solving...
Blb : 5 (clique : 21)
currentSize : 21 <-- 0.001522 s
currentSize : 22 <-- 0.083713 s
currentSize : 23 <-- 0.514269 s
currentSize : 24 <-- 0.797916 s
currentSize : 25 <-- 134.193390 s
currentSize : 26 <-- 426.272095 s

maxsize : 26
nodes : 420806954.000000
filtered : 2107822092.000000
time : 1572.186157
