Parameters: GAD=1 vflib=1 dir=1 label=1 lowerbound=1 fileNameGp=../graphsdb/mcs10/m2D/m2Dr4/mcs10_m2Dr4_s60.A91 fileNameGt=../graphsdb/mcs10/m2D/m2Dr4/mcs10_m2Dr4_s60.B91
Reading graphs...
60 : 127
60 : 127
Initializing...
maxdom : 6
D->valSize : 239
Solving...
Blb : 2 (clique : 20)
currentSize : 20 <-- 0.001729 s
currentSize : 21 <-- 0.012106 s
currentSize : 22 <-- 0.012280 s
currentSize : 23 <-- 0.348449 s
currentSize : 24 <-- 15.029330 s
currentSize : 25 <-- 27.908596 s

maxsize : 25
nodes : 350015883.000000
filtered : 2512605754.000000
time : 1475.551636
