Parameters: GAD=1 vflib=1 dir=1 label=1 lowerbound=1 fileNameGp=../graphsdb/mcs10/m2D/m2Dr2/mcs10_m2Dr2_s90.A95 fileNameGt=../graphsdb/mcs10/m2D/m2Dr2/mcs10_m2Dr2_s90.B95
Reading graphs...
90 : 179
90 : 179
Initializing...
maxdom : 8
D->valSize : 501
Solving...
Blb : 2 (clique : 29)
currentSize : 29 <-- 0.005689 s
currentSize : 32 <-- 0.005916 s
currentSize : 33 <-- 0.268673 s
currentSize : 34 <-- 46.933266 s
currentSize : 35 <-- 2399.083740 s
currentSize : 36 <-- 2608.090820 s

TIMEOUT
maxsize : 36
nodes : 810565026.000000
filtered : 3874565843.000000
time : 3600.000000
