Parameters: GAD=1 vflib=1 dir=1 label=1 lowerbound=1 fileNameGp=../graphsdb/mcs10/rand/r01/mcs10_r01_s70.A29 fileNameGt=../graphsdb/mcs10/rand/r01/mcs10_r01_s70.B29
Reading graphs...
70 : 485
70 : 485
Initializing...
maxdom : 10
D->valSize : 312
Solving...
Blb : 2 (clique : 11)
currentSize : 11 <-- 0.002299 s
currentSize : 12 <-- 0.003089 s
currentSize : 13 <-- 0.044964 s
currentSize : 14 <-- 0.223324 s
currentSize : 15 <-- 0.458501 s
currentSize : 16 <-- 3.237211 s

maxsize : 16
nodes : 4828629.000000
filtered : 60470303.000000
time : 24.455463
