Parameters: GAD=1 vflib=1 dir=1 label=1 lowerbound=1 fileNameGp=../graphsdb/mcs10/bvg/b03m/mcs10_b03m_s40.A46 fileNameGt=../graphsdb/mcs10/bvg/b03m/mcs10_b03m_s40.B46
Reading graphs...
40 : 60
40 : 60
Initializing...
maxdom : 8
D->valSize : 228
Solving...
Blb : 2 (clique : 16)
currentSize : 16 <-- 0.002114 s
currentSize : 17 <-- 0.002284 s
currentSize : 18 <-- 0.003637 s
currentSize : 19 <-- 0.095923 s
currentSize : 20 <-- 0.104560 s
currentSize : 21 <-- 0.120473 s

maxsize : 21
nodes : 271598.000000
filtered : 3268169.000000
time : 1.273599
