Parameters: GAD=1 vflib=1 dir=1 label=1 lowerbound=1 fileNameGp=../graphsdb/mcs10/m4D/m4Dr4/mcs10_m4Dr4_s100.A85 fileNameGt=../graphsdb/mcs10/m4D/m4Dr4/mcs10_m4Dr4_s100.B85
Reading graphs...
100 : 199
100 : 199
Initializing...
maxdom : 6
D->valSize : 337
Solving...
Blb : 2 (clique : 33)
currentSize : 33 <-- 0.003701 s
currentSize : 34 <-- 0.004036 s
currentSize : 35 <-- 0.004267 s
currentSize : 36 <-- 0.185036 s
currentSize : 37 <-- 3.900071 s
currentSize : 38 <-- 22.746759 s

TIMEOUT
maxsize : 38
nodes : 710111632.000000
filtered : 3865096343.000000
time : 3600.000000
