Parameters: GAD=1 vflib=1 dir=1 label=1 lowerbound=1 fileNameGp=../graphsdb/mcs10/m3D/m3Dr2/mcs10_m3Dr2_s80.A93 fileNameGt=../graphsdb/mcs10/m3D/m3Dr2/mcs10_m3Dr2_s80.B93
Reading graphs...
80 : 200
80 : 199
Initializing...
maxdom : 8
D->valSize : 398
Solving...
Blb : 2 (clique : 24)
currentSize : 24 <-- 0.003747 s
currentSize : 25 <-- 0.003992 s
currentSize : 26 <-- 0.005451 s
currentSize : 27 <-- 23.623592 s
currentSize : 28 <-- 28.630116 s
currentSize : 29 <-- 526.992859 s

TIMEOUT
maxsize : 29
nodes : 748209453.000000
filtered : 4871897067.000000
time : 3600.000000
