Parameters: GAD=1 vflib=1 dir=1 label=1 lowerbound=1 fileNameGp=../graphsdb/mcs10/bvg/b06m/mcs10_b06m_s100.A39 fileNameGt=../graphsdb/mcs10/bvg/b06m/mcs10_b06m_s100.B39
Reading graphs...
100 : 300
100 : 300
Initializing...
maxdom : 8
D->valSize : 344
Solving...
Blb : 5 (clique : 27)
currentSize : 27 <-- 0.005512 s
currentSize : 28 <-- 0.682337 s
currentSize : 29 <-- 18.519278 s
currentSize : 30 <-- 209.730896 s
currentSize : 31 <-- 209.913971 s
currentSize : 32 <-- 1650.375122 s

TIMEOUT
maxsize : 32
nodes : 688196367.000000
filtered : 3510733777.000000
time : 3600.000000
