Parameters: GAD=1 vflib=1 dir=1 label=1 lowerbound=1 fileNameGp=../graphsdb/mcs10/m2D/m2D/mcs10_m2D_s60.A00 fileNameGt=../graphsdb/mcs10/m2D/m2D/mcs10_m2D_s60.B00
Reading graphs...
60 : 104
60 : 104
Initializing...
maxdom : 7
D->valSize : 200
Solving...
Blb : 5 (clique : 16)
currentSize : 16 <-- 0.001391 s
currentSize : 17 <-- 0.002443 s
currentSize : 18 <-- 0.005280 s
currentSize : 19 <-- 0.047401 s
currentSize : 20 <-- 0.079600 s
currentSize : 21 <-- 0.666228 s
currentSize : 22 <-- 7.962074 s

maxsize : 22
nodes : 22777328.000000
filtered : 133031074.000000
time : 89.055885
