Parameters: GAD=1 vflib=1 dir=1 label=1 lowerbound=1 fileNameGp=../graphsdb/mcs10/rand/r005/mcs10_r005_s50.A20 fileNameGt=../graphsdb/mcs10/rand/r005/mcs10_r005_s50.B20
Reading graphs...
50 : 125
50 : 125
Initializing...
maxdom : 9
D->valSize : 320
Solving...
Blb : 2 (clique : 15)
currentSize : 15 <-- 0.002283 s
currentSize : 16 <-- 0.004026 s
currentSize : 17 <-- 0.047583 s
currentSize : 18 <-- 1.666810 s
currentSize : 19 <-- 28.337805 s
currentSize : 20 <-- 28.795109 s

maxsize : 20
nodes : 100926840.000000
filtered : 1370542274.000000
time : 495.084290
