Parameters: GAD=1 vflib=1 dir=1 label=1 lowerbound=1 fileNameGp=../graphsdb/mcs10/m2D/m2Dr4/mcs10_m2Dr4_s100.A71 fileNameGt=../graphsdb/mcs10/m2D/m2Dr4/mcs10_m2Dr4_s100.B71
Reading graphs...
100 : 220
100 : 219
Initializing...
maxdom : 7
D->valSize : 336
Solving...
Blb : 3 (clique : 30)
currentSize : 30 <-- 0.005454 s
currentSize : 31 <-- 4.151972 s
currentSize : 32 <-- 15.853237 s
currentSize : 33 <-- 42.661011 s
currentSize : 34 <-- 407.892212 s
currentSize : 35 <-- 430.885223 s
currentSize : 36 <-- 3219.336670 s

TIMEOUT
maxsize : 36
nodes : 720765526.000000
filtered : 3089092896.000000
time : 3600.000000
