Parameters: GAD=1 vflib=1 dir=1 label=1 lowerbound=1 fileNameGp=../graphsdb/mcs10/m2D/m2Dr6/mcs10_m2Dr6_s70.A69 fileNameGt=../graphsdb/mcs10/m2D/m2Dr6/mcs10_m2Dr6_s70.B69
Reading graphs...
70 : 165
70 : 165
Initializing...
maxdom : 10
D->valSize : 291
Solving...
Blb : 2 (clique : 20)
currentSize : 20 <-- 0.003695 s
currentSize : 21 <-- 0.004256 s
currentSize : 22 <-- 0.004973 s
currentSize : 23 <-- 0.114171 s
currentSize : 24 <-- 12.469008 s
currentSize : 25 <-- 316.111694 s
currentSize : 26 <-- 1427.224854 s
currentSize : 27 <-- 3014.309570 s

TIMEOUT
maxsize : 27
nodes : 754209865.000000
filtered : 5668785204.000000
time : 3600.000000
