Parameters: GAD=1 vflib=1 dir=1 label=1 lowerbound=1 fileNameGp=../graphsdb/mcs10/m3D/m3Dr6/mcs10_m3Dr6_s80.A32 fileNameGt=../graphsdb/mcs10/m3D/m3Dr6/mcs10_m3Dr6_s80.B32
Reading graphs...
80 : 232
80 : 232
Initializing...
maxdom : 10
D->valSize : 387
Solving...
Blb : 3 (clique : 20)
currentSize : 20 <-- 0.003714 s
currentSize : 21 <-- 0.003876 s
currentSize : 22 <-- 0.004036 s
currentSize : 23 <-- 0.066980 s
currentSize : 24 <-- 0.689817 s
currentSize : 25 <-- 5.177127 s
currentSize : 26 <-- 990.479187 s
currentSize : 27 <-- 1930.156616 s

TIMEOUT
maxsize : 27
nodes : 739076867.000000
filtered : 5615893762.000000
time : 3600.000000
