Parameters: GAD=1 vflib=1 dir=1 label=1 lowerbound=1 fileNameGp=../graphsdb/mcs10/m2D/m2D/mcs10_m2D_s40.A01 fileNameGt=../graphsdb/mcs10/m2D/m2D/mcs10_m2D_s40.B01
Reading graphs...
40 : 67
40 : 67
Initializing...
maxdom : 7
D->valSize : 193
Solving...
Blb : 5 (clique : 14)
currentSize : 14 <-- 0.001498 s
currentSize : 15 <-- 0.001914 s
currentSize : 16 <-- 0.001974 s
currentSize : 17 <-- 0.298375 s
currentSize : 18 <-- 1.724953 s
currentSize : 19 <-- 6.827841 s

maxsize : 19
nodes : 3735030.000000
filtered : 27327201.000000
time : 13.653116
