Parameters: GAD=1 vflib=1 dir=1 label=1 lowerbound=1 fileNameGp=../graphsdb/mcs10/m2D/m2Dr6/mcs10_m2Dr6_s60.A11 fileNameGt=../graphsdb/mcs10/m2D/m2Dr6/mcs10_m2Dr6_s60.B11
Reading graphs...
60 : 140
60 : 139
Initializing...
maxdom : 8
D->valSize : 229
Solving...
Blb : 5 (clique : 18)
currentSize : 18 <-- 0.002592 s
currentSize : 19 <-- 0.086729 s
currentSize : 20 <-- 2.779543 s
currentSize : 21 <-- 14.611693 s
currentSize : 22 <-- 33.251026 s
currentSize : 23 <-- 66.007751 s
currentSize : 24 <-- 70.369423 s

maxsize : 24
nodes : 89817745.000000
filtered : 662181636.000000
time : 355.769287
