Parameters: GAD=1 vflib=1 dir=1 label=1 lowerbound=1 fileNameGp=../graphsdb/mcs10/m3D/m3D/mcs10_m3D_s60.A44 fileNameGt=../graphsdb/mcs10/m3D/m3D/mcs10_m3D_s60.B44
Reading graphs...
60 : 134
60 : 134
Initializing...
maxdom : 8
D->valSize : 236
Solving...
Blb : 2 (clique : 16)
currentSize : 16 <-- 0.001759 s
currentSize : 17 <-- 0.001959 s
currentSize : 18 <-- 0.805899 s
currentSize : 19 <-- 0.951734 s
currentSize : 20 <-- 6.878319 s
currentSize : 21 <-- 26.447834 s
currentSize : 22 <-- 192.034851 s

maxsize : 22
nodes : 159582672.000000
filtered : 1273433903.000000
time : 640.743958
