Parameters: GAD=1 vflib=1 dir=1 label=1 lowerbound=1 fileNameGp=../graphsdb/mcs10/m2D/m2D/mcs10_m2D_s80.A76 fileNameGt=../graphsdb/mcs10/m2D/m2D/mcs10_m2D_s80.B76
Reading graphs...
80 : 142
80 : 142
Initializing...
maxdom : 8
D->valSize : 384
Solving...
Blb : 2 (clique : 27)
currentSize : 27 <-- 0.005879 s
currentSize : 28 <-- 0.188416 s
currentSize : 29 <-- 0.188758 s
currentSize : 30 <-- 0.248767 s
currentSize : 31 <-- 1.026317 s
currentSize : 32 <-- 1.403191 s
currentSize : 33 <-- 402.553802 s

TIMEOUT
maxsize : 33
nodes : 759095737.000000
filtered : 4820315886.000000
time : 3600.000000
