Parameters: GAD=1 vflib=1 dir=1 label=1 lowerbound=1 fileNameGp=../graphsdb/mcs10/bvg/b06/mcs10_b06_s90.A37 fileNameGt=../graphsdb/mcs10/bvg/b06/mcs10_b06_s90.B37
Reading graphs...
90 : 270
90 : 270
Initializing...
maxdom : 10
D->valSize : 523
Solving...
Blb : 2 (clique : 26)
currentSize : 26 <-- 0.009605 s
currentSize : 27 <-- 0.009939 s
currentSize : 28 <-- 0.010057 s
currentSize : 29 <-- 0.010659 s
currentSize : 30 <-- 0.133903 s
currentSize : 31 <-- 0.565486 s

TIMEOUT
maxsize : 31
nodes : 745952823.000000
filtered : 4881943253.000000
time : 3600.000000
