Parameters: GAD=1 vflib=1 dir=1 label=1 lowerbound=1 fileNameGp=../graphsdb/mcs10/m3D/m3Dr4/mcs10_m3Dr4_s70.A42 fileNameGt=../graphsdb/mcs10/m3D/m3Dr4/mcs10_m3Dr4_s70.B42
Reading graphs...
70 : 186
70 : 186
Initializing...
maxdom : 11
D->valSize : 318
Solving...
Blb : 2 (clique : 18)
currentSize : 18 <-- 0.002611 s
currentSize : 19 <-- 0.003067 s
currentSize : 20 <-- 0.008439 s
currentSize : 21 <-- 0.008512 s
currentSize : 22 <-- 0.041087 s
currentSize : 23 <-- 23.554749 s
currentSize : 24 <-- 99.139130 s
currentSize : 25 <-- 315.022125 s

TIMEOUT
maxsize : 25
nodes : 769964221.000000
filtered : 6039871817.000000
time : 3600.000000
