Parameters: GAD=1 vflib=1 dir=1 label=1 lowerbound=1 fileNameGp=../graphsdb/mcs10/m2D/m2Dr4/mcs10_m2Dr4_s90.A55 fileNameGt=../graphsdb/mcs10/m2D/m2Dr4/mcs10_m2Dr4_s90.B55
Reading graphs...
90 : 196
90 : 195
Initializing...
maxdom : 8
D->valSize : 493
Solving...
Blb : 2 (clique : 26)
currentSize : 26 <-- 0.005543 s
currentSize : 27 <-- 0.006858 s
currentSize : 28 <-- 0.012677 s
currentSize : 29 <-- 10.673930 s
currentSize : 30 <-- 149.832657 s
currentSize : 31 <-- 188.633575 s

TIMEOUT
maxsize : 31
nodes : 765544371.000000
filtered : 5084001163.000000
time : 3600.000000
