Parameters: GAD=1 vflib=1 dir=1 label=1 lowerbound=1 fileNameGp=../graphsdb/mcs10/m2D/m2Dr6/mcs10_m2Dr6_s50.A77 fileNameGt=../graphsdb/mcs10/m2D/m2Dr6/mcs10_m2Dr6_s50.B77
Reading graphs...
50 : 114
50 : 114
Initializing...
maxdom : 9
D->valSize : 325
Solving...
Blb : 2 (clique : 17)
currentSize : 17 <-- 0.002279 s
currentSize : 18 <-- 0.037611 s
currentSize : 19 <-- 0.053023 s
currentSize : 20 <-- 36.670273 s
currentSize : 21 <-- 429.431396 s

maxsize : 21
nodes : 158267507.000000
filtered : 2109626382.000000
time : 707.151367
