Parameters: GAD=1 vflib=1 dir=1 label=1 lowerbound=1 fileNameGp=../graphsdb/mcs10/m2D/m2Dr2/mcs10_m2Dr2_s100.A94 fileNameGt=../graphsdb/mcs10/m2D/m2Dr2/mcs10_m2Dr2_s100.B94
Reading graphs...
100 : 200
100 : 200
Initializing...
maxdom : 7
D->valSize : 322
Solving...
Blb : 2 (clique : 29)
currentSize : 29 <-- 0.003108 s
currentSize : 30 <-- 0.003393 s
currentSize : 31 <-- 0.005065 s
currentSize : 32 <-- 0.008095 s
currentSize : 33 <-- 0.011991 s
currentSize : 34 <-- 0.014848 s
currentSize : 35 <-- 213.242508 s
currentSize : 36 <-- 218.449036 s

TIMEOUT
maxsize : 36
nodes : 711509884.000000
filtered : 2911663773.000000
time : 3600.000000
