Parameters: GAD=1 vflib=1 dir=1 label=1 lowerbound=1 fileNameGp=../graphsdb/mcs10/m2D/m2D/mcs10_m2D_s100.A14 fileNameGt=../graphsdb/mcs10/m2D/m2D/mcs10_m2D_s100.B14
Reading graphs...
100 : 180
100 : 180
Initializing...
maxdom : 8
D->valSize : 313
Solving...
Blb : 2 (clique : 32)
currentSize : 32 <-- 0.003006 s
currentSize : 33 <-- 0.003270 s
currentSize : 34 <-- 0.080985 s
currentSize : 35 <-- 0.656158 s
currentSize : 36 <-- 6.068214 s
currentSize : 37 <-- 144.871902 s

TIMEOUT
maxsize : 37
nodes : 670631523.000000
filtered : 3721851241.000000
time : 3600.000000
