Parameters: GAD=1 vflib=1 dir=1 label=1 lowerbound=1 fileNameGp=../graphsdb/mcs10/bvg/b06m/mcs10_b06m_s70.A64 fileNameGt=../graphsdb/mcs10/bvg/b06m/mcs10_b06m_s70.B64
Reading graphs...
70 : 210
70 : 210
Initializing...
maxdom : 8
D->valSize : 302
Solving...
Blb : 2 (clique : 18)
currentSize : 18 <-- 0.002680 s
currentSize : 19 <-- 0.002812 s
currentSize : 20 <-- 0.003072 s
currentSize : 21 <-- 0.007090 s
currentSize : 22 <-- 0.161945 s
currentSize : 23 <-- 213.980881 s
currentSize : 24 <-- 290.755554 s

TIMEOUT
maxsize : 24
nodes : 783003917.000000
filtered : 6162426918.000000
time : 3600.000000
