Parameters: GAD=1 vflib=1 dir=1 label=1 lowerbound=1 fileNameGp=../graphsdb/mcs10/m3D/m3Dr2/mcs10_m3Dr2_s90.A13 fileNameGt=../graphsdb/mcs10/m3D/m3Dr2/mcs10_m3Dr2_s90.B13
Reading graphs...
90 : 227
90 : 227
Initializing...
maxdom : 12
D->valSize : 523
Solving...
Blb : 2 (clique : 25)
currentSize : 25 <-- 0.005975 s
currentSize : 26 <-- 0.006585 s
currentSize : 27 <-- 0.078079 s
currentSize : 28 <-- 0.537129 s
currentSize : 29 <-- 3.732815 s
currentSize : 30 <-- 8.954632 s

TIMEOUT
maxsize : 30
nodes : 749015808.000000
filtered : 4379847390.000000
time : 3600.000000
