Parameters: GAD=1 vflib=1 dir=1 label=1 lowerbound=1 fileNameGp=../graphsdb/mcs10/rand/r005/mcs10_r005_s60.A83 fileNameGt=../graphsdb/mcs10/rand/r005/mcs10_r005_s60.B83
Reading graphs...
60 : 181
60 : 181
Initializing...
maxdom : 7
D->valSize : 233
Solving...
Blb : 3 (clique : 15)
currentSize : 15 <-- 0.001890 s
currentSize : 16 <-- 0.002264 s
currentSize : 17 <-- 0.002704 s
currentSize : 18 <-- 3.136925 s
currentSize : 19 <-- 41.925674 s

maxsize : 19
nodes : 30330922.000000
filtered : 250837826.000000
time : 135.297012
