Parameters: GAD=1 vflib=1 dir=1 label=1 lowerbound=1 fileNameGp=../graphsdb/mcs10/m3D/m3D/mcs10_m3D_s70.A99 fileNameGt=../graphsdb/mcs10/m3D/m3D/mcs10_m3D_s70.B99
Reading graphs...
70 : 159
70 : 159
Initializing...
maxdom : 8
D->valSize : 290
Solving...
Blb : 2 (clique : 20)
currentSize : 20 <-- 0.003691 s
currentSize : 21 <-- 0.081411 s
currentSize : 22 <-- 0.223866 s
currentSize : 23 <-- 0.274706 s
currentSize : 24 <-- 0.923361 s
currentSize : 25 <-- 2.172112 s
currentSize : 26 <-- 99.437622 s

maxsize : 26
nodes : 351356627.000000
filtered : 3096216961.000000
time : 1658.105835
