Parameters: GAD=1 vflib=1 dir=1 label=1 lowerbound=1 fileNameGp=../graphsdb/mcs10/rand/r01/mcs10_r01_s100.A53 fileNameGt=../graphsdb/mcs10/rand/r01/mcs10_r01_s100.B53
Reading graphs...
100 : 990
100 : 990
Initializing...
maxdom : 8
D->valSize : 299
Solving...
Blb : 3 (clique : 11)
currentSize : 11 <-- 0.002758 s
currentSize : 12 <-- 0.002926 s
currentSize : 13 <-- 0.005022 s
currentSize : 14 <-- 0.038233 s
currentSize : 15 <-- 0.092040 s
currentSize : 16 <-- 2.513133 s

maxsize : 16
nodes : 9877359.000000
filtered : 89817965.000000
time : 56.935112
