Parameters: GAD=1 vflib=1 dir=1 label=1 lowerbound=1 fileNameGp=../graphsdb/mcs10/rand/r005/mcs10_r005_s90.A31 fileNameGt=../graphsdb/mcs10/rand/r005/mcs10_r005_s90.B31
Reading graphs...
90 : 405
90 : 405
Initializing...
maxdom : 11
D->valSize : 512
Solving...
Blb : 3 (clique : 18)
currentSize : 18 <-- 0.005456 s
currentSize : 19 <-- 0.006573 s
currentSize : 20 <-- 0.140104 s
currentSize : 21 <-- 0.548243 s
currentSize : 22 <-- 4.451918 s
currentSize : 23 <-- 72.822495 s
currentSize : 24 <-- 234.082932 s
currentSize : 25 <-- 750.945557 s

TIMEOUT
maxsize : 25
nodes : 609183515.000000
filtered : 6144805607.000000
time : 3600.000000
