Parameters: GAD=1 vflib=1 dir=1 label=1 lowerbound=1 fileNameGp=../graphsdb/mcs10/m3D/m3Dr6/mcs10_m3Dr6_s70.A36 fileNameGt=../graphsdb/mcs10/m3D/m3Dr6/mcs10_m3Dr6_s70.B36
Reading graphs...
70 : 201
70 : 201
Initializing...
maxdom : 9
D->valSize : 314
Solving...
Blb : 3 (clique : 21)
currentSize : 21 <-- 0.002680 s
currentSize : 22 <-- 0.795556 s
currentSize : 23 <-- 1.359427 s
currentSize : 24 <-- 1.587300 s
currentSize : 25 <-- 94.607605 s
currentSize : 26 <-- 284.049438 s

maxsize : 26
nodes : 613651471.000000
filtered : 5943270723.000000
time : 3026.303223
