Parameters: GAD=1 vflib=1 dir=1 label=1 lowerbound=1 fileNameGp=../graphsdb/mcs10/bvg/b06/mcs10_b06_s80.A50 fileNameGt=../graphsdb/mcs10/bvg/b06/mcs10_b06_s80.B50
Reading graphs...
80 : 240
80 : 240
Initializing...
maxdom : 8
D->valSize : 397
Solving...
Blb : 3 (clique : 21)
currentSize : 21 <-- 0.003724 s
currentSize : 22 <-- 0.113542 s
currentSize : 23 <-- 0.647931 s
currentSize : 24 <-- 4.155063 s
currentSize : 25 <-- 88.975647 s
currentSize : 26 <-- 1462.877319 s

TIMEOUT
maxsize : 26
nodes : 772326982.000000
filtered : 5284518864.000000
time : 3600.000000
