Parameters: GAD=1 vflib=1 dir=1 label=1 lowerbound=1 fileNameGp=../graphsdb/mcs10/m2D/m2Dr4/mcs10_m2Dr4_s100.A22 fileNameGt=../graphsdb/mcs10/m2D/m2Dr4/mcs10_m2Dr4_s100.B22
Reading graphs...
100 : 220
100 : 218
Initializing...
maxdom : 8
D->valSize : 350
Solving...
Blb : 2 (clique : 32)
currentSize : 32 <-- 0.003431 s
currentSize : 33 <-- 0.003722 s
currentSize : 34 <-- 0.010274 s
currentSize : 35 <-- 0.097175 s
currentSize : 36 <-- 9.006216 s
currentSize : 37 <-- 2285.323975 s

TIMEOUT
maxsize : 37
nodes : 603166917.000000
filtered : 4170293482.000000
time : 3600.000000
