Parameters: GAD=1 vflib=1 dir=1 label=1 lowerbound=1 fileNameGp=../graphsdb/mcs10/m3D/m3D/mcs10_m3D_s100.A04 fileNameGt=../graphsdb/mcs10/m3D/m3D/mcs10_m3D_s100.B04
Reading graphs...
100 : 235
100 : 235
Initializing...
maxdom : 8
D->valSize : 326
Solving...
Blb : 2 (clique : 25)
currentSize : 25 <-- 0.003200 s
currentSize : 26 <-- 0.003527 s
currentSize : 27 <-- 0.003848 s
currentSize : 28 <-- 0.004851 s
currentSize : 29 <-- 0.005686 s
currentSize : 30 <-- 0.024935 s
currentSize : 31 <-- 2.695561 s
currentSize : 32 <-- 12.506750 s
currentSize : 33 <-- 77.039490 s

TIMEOUT
maxsize : 33
nodes : 652945065.000000
filtered : 3760768965.000000
time : 3600.000000
