Parameters: GAD=1 vflib=1 dir=1 label=1 lowerbound=1 fileNameGp=../graphsdb/mcs10/bvg/b03/mcs10_b03_s40.A13 fileNameGt=../graphsdb/mcs10/bvg/b03/mcs10_b03_s40.B13
Reading graphs...
40 : 60
40 : 60
Initializing...
maxdom : 10
D->valSize : 163
Solving...
Blb : 2 (clique : 15)
currentSize : 15 <-- 0.000912 s
currentSize : 16 <-- 0.000987 s
currentSize : 17 <-- 0.001163 s
currentSize : 18 <-- 0.004678 s
currentSize : 19 <-- 0.024603 s

maxsize : 19
nodes : 7237.000000
filtered : 62819.000000
time : 0.036212
