Parameters: GAD=1 vflib=1 dir=1 label=1 lowerbound=1 fileNameGp=../graphsdb/mcs10/rand/r005/mcs10_r005_s70.A40 fileNameGt=../graphsdb/mcs10/rand/r005/mcs10_r005_s70.B40
Reading graphs...
70 : 245
70 : 245
Initializing...
maxdom : 8
D->valSize : 331
Solving...
Blb : 2 (clique : 16)
currentSize : 16 <-- 0.002742 s
currentSize : 17 <-- 0.002891 s
currentSize : 18 <-- 0.002991 s
currentSize : 19 <-- 0.003320 s
currentSize : 20 <-- 0.006106 s
currentSize : 21 <-- 1.468321 s
currentSize : 22 <-- 63.048946 s

TIMEOUT
maxsize : 22
nodes : 755005336.000000
filtered : 7832897647.000000
time : 3600.000000
