Parameters: GAD=1 vflib=1 dir=1 label=1 lowerbound=1 fileNameGp=../graphsdb/mcs10/rand/r005/mcs10_r005_s60.A36 fileNameGt=../graphsdb/mcs10/rand/r005/mcs10_r005_s60.B36
Reading graphs...
60 : 181
60 : 181
Initializing...
maxdom : 7
D->valSize : 218
Solving...
Blb : 2 (clique : 15)
currentSize : 15 <-- 0.001428 s
currentSize : 16 <-- 0.023581 s
currentSize : 17 <-- 0.087496 s
currentSize : 18 <-- 0.118240 s
currentSize : 19 <-- 1.696889 s
currentSize : 20 <-- 2.912587 s

maxsize : 20
nodes : 17268398.000000
filtered : 139018924.000000
time : 73.627289
