Parameters: GAD=1 vflib=1 dir=1 label=1 lowerbound=1 fileNameGp=../graphsdb/mcs10/m3D/m3Dr6/mcs10_m3Dr6_s70.A61 fileNameGt=../graphsdb/mcs10/m3D/m3Dr6/mcs10_m3Dr6_s70.B61
Reading graphs...
70 : 201
70 : 200
Initializing...
maxdom : 8
D->valSize : 305
Solving...
Blb : 2 (clique : 19)
currentSize : 19 <-- 0.002632 s
currentSize : 20 <-- 0.003446 s
currentSize : 21 <-- 0.093503 s
currentSize : 22 <-- 0.130361 s
currentSize : 23 <-- 5.653076 s
currentSize : 24 <-- 14.782512 s
currentSize : 25 <-- 29.557083 s

maxsize : 25
nodes : 299025261.000000
filtered : 2534339195.000000
time : 1364.775024
