Parameters: GAD=1 vflib=1 dir=1 label=1 lowerbound=1 fileNameGp=../graphsdb/mcs10/rand/r02/mcs10_r02_s90.A56 fileNameGt=../graphsdb/mcs10/rand/r02/mcs10_r02_s90.B56
Reading graphs...
90 : 1601
90 : 1601
Initializing...
maxdom : 11
D->valSize : 506
Solving...
Blb : 2 (clique : 7)
currentSize : 7 <-- 0.005041 s
currentSize : 8 <-- 0.005503 s
currentSize : 9 <-- 0.006026 s
currentSize : 10 <-- 0.039821 s
currentSize : 11 <-- 2.665338 s

maxsize : 11
nodes : 1751886.000000
filtered : 23536849.000000
time : 9.777306
