Parameters: GAD=1 vflib=1 dir=1 label=1 lowerbound=1 fileNameGp=../graphsdb/mcs10/m2D/m2D/mcs10_m2D_s70.A76 fileNameGt=../graphsdb/mcs10/m2D/m2D/mcs10_m2D_s70.B76
Reading graphs...
70 : 123
70 : 123
Initializing...
maxdom : 10
D->valSize : 337
Solving...
Blb : 2 (clique : 25)
currentSize : 25 <-- 0.002821 s
currentSize : 26 <-- 0.003250 s
currentSize : 27 <-- 0.008035 s
currentSize : 28 <-- 0.012794 s
currentSize : 29 <-- 0.033385 s
currentSize : 30 <-- 0.465379 s
currentSize : 31 <-- 373.871307 s

TIMEOUT
maxsize : 31
nodes : 774486146.000000
filtered : 5866017442.000000
time : 3600.000000
