Parameters: GAD=1 vflib=1 dir=1 label=1 lowerbound=1 fileNameGp=../graphsdb/mcs10/m4D/m4Dr6/mcs10_m4Dr6_s100.A36 fileNameGt=../graphsdb/mcs10/m4D/m4Dr6/mcs10_m4Dr6_s100.B36
Reading graphs...
100 : 219
100 : 219
Initializing...
maxdom : 9
D->valSize : 322
Solving...
Blb : 2 (clique : 30)
currentSize : 30 <-- 0.005246 s
currentSize : 32 <-- 0.005719 s
currentSize : 33 <-- 0.007656 s
currentSize : 34 <-- 0.024729 s
currentSize : 35 <-- 0.471337 s
currentSize : 36 <-- 1.794537 s
currentSize : 37 <-- 16.565042 s
currentSize : 38 <-- 1335.135376 s

TIMEOUT
maxsize : 38
nodes : 744023375.000000
filtered : 3686205085.000000
time : 3600.000000
