Parameters: GAD=1 vflib=1 dir=1 label=1 lowerbound=1 fileNameGp=../graphsdb/mcs10/rand/r01/mcs10_r01_s70.A63 fileNameGt=../graphsdb/mcs10/rand/r01/mcs10_r01_s70.B63
Reading graphs...
70 : 485
70 : 485
Initializing...
maxdom : 9
D->valSize : 305
Solving...
Blb : 2 (clique : 11)
currentSize : 11 <-- 0.002438 s
currentSize : 12 <-- 0.002589 s
currentSize : 13 <-- 0.002659 s
currentSize : 14 <-- 0.011821 s
currentSize : 15 <-- 0.695630 s

maxsize : 15
nodes : 6514706.000000
filtered : 71902396.000000
time : 31.610504
