Parameters: GAD=1 vflib=1 dir=1 label=1 lowerbound=1 fileNameGp=../graphsdb/mcs10/rand/r01/mcs10_r01_s70.A18 fileNameGt=../graphsdb/mcs10/rand/r01/mcs10_r01_s70.B18
Reading graphs...
70 : 485
70 : 485
Initializing...
maxdom : 10
D->valSize : 290
Solving...
Blb : 2 (clique : 9)
currentSize : 9 <-- 0.002094 s
currentSize : 10 <-- 0.002203 s
currentSize : 11 <-- 0.002447 s
currentSize : 12 <-- 0.007495 s
currentSize : 13 <-- 0.081480 s
currentSize : 14 <-- 0.602879 s
currentSize : 15 <-- 19.651203 s

maxsize : 15
nodes : 4677204.000000
filtered : 43167821.000000
time : 21.822439
