Parameters: GAD=1 vflib=1 dir=1 label=1 lowerbound=1 fileNameGp=../graphsdb/mcs10/m3D/m3Dr4/mcs10_m3Dr4_s70.A08 fileNameGt=../graphsdb/mcs10/m3D/m3Dr4/mcs10_m3Dr4_s70.B08
Reading graphs...
70 : 186
70 : 185
Initializing...
maxdom : 8
D->valSize : 319
Solving...
Blb : 2 (clique : 19)
currentSize : 19 <-- 0.004211 s
currentSize : 20 <-- 0.004518 s
currentSize : 21 <-- 0.321323 s
currentSize : 22 <-- 0.345650 s
currentSize : 23 <-- 0.367835 s
currentSize : 24 <-- 5.916420 s
currentSize : 25 <-- 2109.209717 s

TIMEOUT
maxsize : 25
nodes : 737803254.000000
filtered : 7468108971.000000
time : 3600.000000
