Parameters: GAD=1 vflib=1 dir=1 label=1 lowerbound=1 fileNameGp=../graphsdb/mcs10/rand/r01/mcs10_r01_s50.A43 fileNameGt=../graphsdb/mcs10/rand/r01/mcs10_r01_s50.B43
Reading graphs...
50 : 247
50 : 247
Initializing...
maxdom : 9
D->valSize : 335
Solving...
Blb : 2 (clique : 10)
currentSize : 10 <-- 0.003583 s
currentSize : 11 <-- 0.003707 s
currentSize : 12 <-- 0.008988 s
currentSize : 13 <-- 0.116889 s
currentSize : 14 <-- 1.631784 s

maxsize : 14
nodes : 1891786.000000
filtered : 30819861.000000
time : 9.002028
