Parameters: GAD=1 vflib=1 dir=1 label=1 lowerbound=1 fileNameGp=../graphsdb/mcs10/m3D/m3Dr6/mcs10_m3Dr6_s60.A38 fileNameGt=../graphsdb/mcs10/m3D/m3Dr6/mcs10_m3Dr6_s60.B38
Reading graphs...
60 : 170
60 : 170
Initializing...
maxdom : 9
D->valSize : 218
Solving...
Blb : 2 (clique : 14)
currentSize : 14 <-- 0.002400 s
currentSize : 15 <-- 0.004215 s
currentSize : 16 <-- 0.004266 s
currentSize : 17 <-- 0.070623 s
currentSize : 18 <-- 0.442733 s
currentSize : 19 <-- 0.442883 s
currentSize : 20 <-- 0.589464 s

maxsize : 20
nodes : 8988147.000000
filtered : 74182644.000000
time : 38.302280
