Parameters: GAD=1 vflib=1 dir=1 label=1 lowerbound=1 fileNameGp=../graphsdb/mcs10/m2D/m2Dr4/mcs10_m2Dr4_s60.A99 fileNameGt=../graphsdb/mcs10/m2D/m2Dr4/mcs10_m2Dr4_s60.B99
Reading graphs...
60 : 128
60 : 128
Initializing...
maxdom : 9
D->valSize : 227
Solving...
Blb : 2 (clique : 18)
currentSize : 18 <-- 0.001515 s
currentSize : 19 <-- 0.001967 s
currentSize : 20 <-- 0.033243 s
currentSize : 21 <-- 1.698144 s
currentSize : 22 <-- 196.374786 s

maxsize : 22
nodes : 103421492.000000
filtered : 676573688.000000
time : 415.495239
