Parameters: GAD=1 vflib=1 dir=1 label=1 lowerbound=1 fileNameGp=../graphsdb/mcs10/m3D/m3D/mcs10_m3D_s100.A18 fileNameGt=../graphsdb/mcs10/m3D/m3D/mcs10_m3D_s100.B18
Reading graphs...
100 : 235
100 : 235
Initializing...
maxdom : 7
D->valSize : 329
Solving...
Blb : 2 (clique : 27)
currentSize : 27 <-- 0.003235 s
currentSize : 28 <-- 0.003483 s
currentSize : 29 <-- 0.003574 s
currentSize : 30 <-- 0.163838 s
currentSize : 31 <-- 0.431167 s
currentSize : 32 <-- 39.826553 s
currentSize : 33 <-- 491.457214 s

TIMEOUT
maxsize : 33
nodes : 718848633.000000
filtered : 2857290660.000000
time : 3600.000000
