Parameters: GAD=1 vflib=1 dir=1 label=1 lowerbound=1 fileNameGp=../graphsdb/mcs10/m3D/m3Dr6/mcs10_m3Dr6_s100.A25 fileNameGt=../graphsdb/mcs10/m3D/m3Dr6/mcs10_m3Dr6_s100.B25
Reading graphs...
100 : 295
100 : 295
Initializing...
maxdom : 8
D->valSize : 328
Solving...
Blb : 2 (clique : 25)
currentSize : 25 <-- 0.005083 s
currentSize : 26 <-- 0.081157 s
currentSize : 27 <-- 0.515987 s
currentSize : 28 <-- 0.597377 s
currentSize : 29 <-- 9.231112 s
currentSize : 30 <-- 45.076912 s
currentSize : 31 <-- 389.570770 s

TIMEOUT
maxsize : 31
nodes : 684097824.000000
filtered : 3959926964.000000
time : 3600.000000
