Parameters: GAD=1 vflib=1 dir=1 label=1 lowerbound=1 fileNameGp=../graphsdb/mcs10/bvg/b03/mcs10_b03_s50.A06 fileNameGt=../graphsdb/mcs10/bvg/b03/mcs10_b03_s50.B06
Reading graphs...
50 : 75
50 : 75
Initializing...
maxdom : 10
D->valSize : 322
Solving...
Blb : 2 (clique : 18)
currentSize : 18 <-- 0.002590 s
currentSize : 20 <-- 0.002722 s
currentSize : 21 <-- 0.002798 s
currentSize : 22 <-- 6.717244 s
currentSize : 23 <-- 29.234297 s
currentSize : 24 <-- 90.997749 s

TIMEOUT
maxsize : 24
nodes : 845175069.000000
filtered : 9617032621.000000
time : 3600.000000
