Parameters: GAD=1 vflib=1 dir=1 label=1 lowerbound=1 fileNameGp=../graphsdb/mcs10/bvg/b03m/mcs10_b03m_s100.A14 fileNameGt=../graphsdb/mcs10/bvg/b03m/mcs10_b03m_s100.B14
Reading graphs...
100 : 150
100 : 150
Initializing...
maxdom : 8
D->valSize : 290
Solving...
Blb : 2 (clique : 34)
currentSize : 34 <-- 0.002932 s
currentSize : 35 <-- 11.509442 s
currentSize : 36 <-- 117.037773 s
currentSize : 37 <-- 129.876190 s
currentSize : 38 <-- 129.964111 s
currentSize : 39 <-- 322.196838 s
currentSize : 40 <-- 2242.909424 s

TIMEOUT
maxsize : 40
nodes : 655114155.000000
filtered : 2864627279.000000
time : 3600.000000
