Parameters: GAD=1 vflib=1 dir=1 label=1 lowerbound=1 fileNameGp=../graphsdb/mcs10/bvg/b06/mcs10_b06_s70.A10 fileNameGt=../graphsdb/mcs10/bvg/b06/mcs10_b06_s70.B10
Reading graphs...
70 : 210
70 : 210
Initializing...
maxdom : 7
D->valSize : 329
Solving...
Blb : 3 (clique : 17)
currentSize : 17 <-- 0.002659 s
currentSize : 18 <-- 0.002990 s
currentSize : 19 <-- 0.003505 s
currentSize : 20 <-- 0.005240 s
currentSize : 21 <-- 0.031341 s
currentSize : 22 <-- 16.517485 s
currentSize : 23 <-- 121.391319 s
currentSize : 24 <-- 233.615829 s
currentSize : 25 <-- 1371.644409 s

TIMEOUT
maxsize : 25
nodes : 764353835.000000
filtered : 7243040634.000000
time : 3600.000000
