Parameters: GAD=1 vflib=1 dir=1 label=1 lowerbound=1 fileNameGp=../graphsdb/mcs10/m2D/m2Dr6/mcs10_m2Dr6_s40.A84 fileNameGt=../graphsdb/mcs10/m2D/m2Dr6/mcs10_m2Dr6_s40.B84
Reading graphs...
40 : 91
40 : 89
Initializing...
maxdom : 6
D->valSize : 200
Solving...
Blb : 2 (clique : 12)
currentSize : 12 <-- 0.001119 s
currentSize : 13 <-- 0.001295 s
currentSize : 14 <-- 0.002772 s
currentSize : 15 <-- 0.054976 s
currentSize : 16 <-- 0.058627 s

maxsize : 16
nodes : 2268942.000000
filtered : 19554702.000000
time : 8.250632
