Parameters: GAD=1 vflib=1 dir=1 label=1 lowerbound=1 fileNameGp=../graphsdb/mcs10/m2D/m2D/mcs10_m2D_s60.A68 fileNameGt=../graphsdb/mcs10/m2D/m2D/mcs10_m2D_s60.B68
Reading graphs...
60 : 104
60 : 104
Initializing...
maxdom : 7
D->valSize : 246
Solving...
Blb : 5 (clique : 19)
currentSize : 19 <-- 0.001776 s
currentSize : 20 <-- 0.001901 s
currentSize : 21 <-- 0.002014 s
currentSize : 22 <-- 0.003250 s
currentSize : 23 <-- 0.034432 s
currentSize : 24 <-- 0.196552 s
currentSize : 25 <-- 2.047492 s
currentSize : 26 <-- 3.902615 s
currentSize : 27 <-- 336.596924 s

maxsize : 27
nodes : 292800125.000000
filtered : 2370364154.000000
time : 1222.884521
