Parameters: GAD=1 vflib=1 dir=1 label=1 lowerbound=1 fileNameGp=../graphsdb/mcs10/rand/r02/mcs10_r02_s100.A89 fileNameGt=../graphsdb/mcs10/rand/r02/mcs10_r02_s100.B89
Reading graphs...
100 : 1979
100 : 1979
Initializing...
maxdom : 7
D->valSize : 325
Solving...
Blb : 5 (clique : 7)
currentSize : 7 <-- 0.003026 s
currentSize : 8 <-- 0.003445 s
currentSize : 9 <-- 0.005093 s
currentSize : 10 <-- 0.120621 s
currentSize : 11 <-- 0.133990 s
currentSize : 12 <-- 0.619447 s
currentSize : 13 <-- 1.029873 s

maxsize : 13
nodes : 252765.000000
filtered : 2757616.000000
time : 1.477805
