Parameters: GAD=1 vflib=1 dir=1 label=1 lowerbound=1 fileNameGp=../graphsdb/mcs10/m3D/m3Dr6/mcs10_m3Dr6_s80.A96 fileNameGt=../graphsdb/mcs10/m3D/m3Dr6/mcs10_m3Dr6_s80.B96
Reading graphs...
80 : 232
80 : 230
Initializing...
maxdom : 8
D->valSize : 427
Solving...
Blb : 2 (clique : 21)
currentSize : 21 <-- 0.003995 s
currentSize : 22 <-- 0.005252 s
currentSize : 23 <-- 0.052640 s
currentSize : 24 <-- 0.629877 s
currentSize : 25 <-- 1.009359 s
currentSize : 26 <-- 7.430413 s
currentSize : 27 <-- 929.354614 s

TIMEOUT
maxsize : 27
nodes : 728907489.000000
filtered : 5937061457.000000
time : 3600.000000
