Parameters: GAD=1 vflib=1 dir=1 label=1 lowerbound=1 fileNameGp=../graphsdb/mcs10/bvg/b03/mcs10_b03_s100.A28 fileNameGt=../graphsdb/mcs10/bvg/b03/mcs10_b03_s100.B28
Reading graphs...
100 : 150
100 : 150
Initializing...
maxdom : 8
D->valSize : 347
Solving...
Blb : 2 (clique : 33)
currentSize : 33 <-- 0.003917 s
currentSize : 34 <-- 0.004226 s
currentSize : 35 <-- 0.185056 s
currentSize : 36 <-- 0.546198 s
currentSize : 37 <-- 6.744538 s
currentSize : 38 <-- 223.202866 s
currentSize : 39 <-- 744.177979 s

TIMEOUT
maxsize : 39
nodes : 711610773.000000
filtered : 3683245746.000000
time : 3600.000000
