Parameters: GAD=1 vflib=1 dir=1 label=1 lowerbound=1 fileNameGp=../graphsdb/mcs10/m3D/m3Dr2/mcs10_m3Dr2_s100.A19 fileNameGt=../graphsdb/mcs10/m3D/m3Dr2/mcs10_m3Dr2_s100.B19
Reading graphs...
100 : 255
100 : 255
Initializing...
maxdom : 6
D->valSize : 298
Solving...
Blb : 2 (clique : 27)
currentSize : 27 <-- 0.002796 s
currentSize : 28 <-- 0.004134 s
currentSize : 29 <-- 0.005290 s
currentSize : 30 <-- 0.848763 s
currentSize : 31 <-- 300.200165 s
currentSize : 32 <-- 938.785767 s
currentSize : 33 <-- 2396.801758 s

TIMEOUT
maxsize : 33
nodes : 676948524.000000
filtered : 3491520106.000000
time : 3600.000000
