Parameters: GAD=1 vflib=1 dir=1 label=1 lowerbound=1 fileNameGp=../graphsdb/mcs10/m2D/m2Dr4/mcs10_m2Dr4_s60.A51 fileNameGt=../graphsdb/mcs10/m2D/m2Dr4/mcs10_m2Dr4_s60.B51
Reading graphs...
60 : 127
60 : 127
Initializing...
maxdom : 7
D->valSize : 222
Solving...
Blb : 2 (clique : 17)
currentSize : 17 <-- 0.001672 s
currentSize : 18 <-- 0.001815 s
currentSize : 19 <-- 0.004808 s
currentSize : 20 <-- 0.009705 s
currentSize : 21 <-- 0.119336 s
currentSize : 22 <-- 1.417062 s
currentSize : 23 <-- 181.337204 s

maxsize : 23
nodes : 134975732.000000
filtered : 986348285.000000
time : 567.801392
