Parameters: GAD=1 vflib=1 dir=1 label=1 lowerbound=1 fileNameGp=../graphsdb/mcs10/rand/r005/mcs10_r005_s35.A04 fileNameGt=../graphsdb/mcs10/rand/r005/mcs10_r005_s35.B04
Reading graphs...
35 : 61
35 : 61
Initializing...
maxdom : 6
D->valSize : 168
Solving...
Blb : 2 (clique : 12)
currentSize : 12 <-- 0.000860 s
currentSize : 13 <-- 0.000936 s
currentSize : 14 <-- 0.000994 s
currentSize : 15 <-- 0.001433 s
currentSize : 16 <-- 0.002653 s
currentSize : 17 <-- 1.950807 s

maxsize : 17
nodes : 606217.000000
filtered : 6305768.000000
time : 2.229779
