Parameters: GAD=1 vflib=1 dir=1 label=1 lowerbound=1 fileNameGp=../graphsdb/mcs10/m4D/m4Dr6/mcs10_m4Dr6_s100.A41 fileNameGt=../graphsdb/mcs10/m4D/m4Dr6/mcs10_m4Dr6_s100.B41
Reading graphs...
100 : 219
100 : 218
Initializing...
maxdom : 6
D->valSize : 322
Solving...
Blb : 2 (clique : 30)
currentSize : 30 <-- 0.003135 s
currentSize : 31 <-- 0.028260 s
currentSize : 32 <-- 3.952089 s
currentSize : 33 <-- 16.909960 s
currentSize : 34 <-- 288.490692 s
currentSize : 35 <-- 495.583069 s

TIMEOUT
maxsize : 35
nodes : 727339876.000000
filtered : 2908464143.000000
time : 3600.000000
