Parameters: GAD=1 vflib=1 dir=1 label=1 lowerbound=1 fileNameGp=../graphsdb/mcs10/m3D/m3Dr6/mcs10_m3Dr6_s70.A99 fileNameGt=../graphsdb/mcs10/m3D/m3Dr6/mcs10_m3Dr6_s70.B99
Reading graphs...
70 : 201
70 : 198
Initializing...
maxdom : 9
D->valSize : 313
Solving...
Blb : 2 (clique : 18)
currentSize : 18 <-- 0.003821 s
currentSize : 19 <-- 0.016581 s
currentSize : 20 <-- 0.017450 s
currentSize : 21 <-- 0.323975 s
currentSize : 22 <-- 3.526979 s
currentSize : 23 <-- 8.323129 s
currentSize : 24 <-- 1604.139038 s

TIMEOUT
maxsize : 24
nodes : 744808755.000000
filtered : 8124801917.000000
time : 3600.000000
