Parameters: GAD=1 vflib=1 dir=1 label=1 lowerbound=1 fileNameGp=../graphsdb/mcs10/m3D/m3D/mcs10_m3D_s60.A64 fileNameGt=../graphsdb/mcs10/m3D/m3D/mcs10_m3D_s60.B64
Reading graphs...
60 : 134
60 : 134
Initializing...
maxdom : 8
D->valSize : 252
Solving...
Blb : 2 (clique : 19)
currentSize : 19 <-- 0.001940 s
currentSize : 20 <-- 0.008073 s
currentSize : 21 <-- 29.535084 s
currentSize : 22 <-- 29.542212 s
currentSize : 23 <-- 44.478363 s

maxsize : 23
nodes : 412752149.000000
filtered : 4307218276.000000
time : 1973.112915
