Parameters: GAD=1 vflib=1 dir=1 label=1 lowerbound=1 fileNameGp=../graphsdb/mcs10/m3D/m3Dr2/mcs10_m3Dr2_s100.A95 fileNameGt=../graphsdb/mcs10/m3D/m3Dr2/mcs10_m3Dr2_s100.B95
Reading graphs...
100 : 255
100 : 254
Initializing...
maxdom : 7
D->valSize : 296
Solving...
Blb : 2 (clique : 28)
currentSize : 28 <-- 0.004491 s
currentSize : 29 <-- 0.004918 s
currentSize : 30 <-- 0.005878 s
currentSize : 31 <-- 0.006133 s
currentSize : 32 <-- 6.824425 s
currentSize : 33 <-- 1375.343384 s

TIMEOUT
maxsize : 33
nodes : 729624664.000000
filtered : 3124211617.000000
time : 3600.000000
