Parameters: GAD=1 vflib=1 dir=1 label=1 lowerbound=1 fileNameGp=../graphsdb/mcs10/m3D/m3Dr2/mcs10_m3Dr2_s100.A47 fileNameGt=../graphsdb/mcs10/m3D/m3Dr2/mcs10_m3Dr2_s100.B47
Reading graphs...
100 : 255
100 : 255
Initializing...
maxdom : 8
D->valSize : 300
Solving...
Blb : 2 (clique : 25)
currentSize : 25 <-- 0.002848 s
currentSize : 26 <-- 0.018971 s
currentSize : 27 <-- 0.022351 s
currentSize : 28 <-- 2.929431 s
currentSize : 29 <-- 17.173719 s
currentSize : 30 <-- 78.600525 s
currentSize : 31 <-- 179.189377 s
currentSize : 32 <-- 225.642715 s
currentSize : 33 <-- 253.818405 s
currentSize : 34 <-- 924.499878 s

TIMEOUT
maxsize : 34
nodes : 731647757.000000
filtered : 3406104772.000000
time : 3600.000000
