Parameters: GAD=1 vflib=1 dir=1 label=1 lowerbound=1 fileNameGp=../graphsdb/mcs10/bvg/b03/mcs10_b03_s80.A83 fileNameGt=../graphsdb/mcs10/bvg/b03/mcs10_b03_s80.B83
Reading graphs...
80 : 120
80 : 120
Initializing...
maxdom : 9
D->valSize : 417
Solving...
Blb : 2 (clique : 28)
currentSize : 28 <-- 0.003971 s
currentSize : 29 <-- 0.004194 s
currentSize : 30 <-- 0.004421 s
currentSize : 31 <-- 0.004645 s
currentSize : 32 <-- 0.004707 s
currentSize : 33 <-- 0.476748 s
currentSize : 34 <-- 2.083948 s
currentSize : 35 <-- 519.498718 s

TIMEOUT
maxsize : 35
nodes : 694738492.000000
filtered : 4628525252.000000
time : 3600.000000
