Parameters: GAD=1 vflib=1 dir=1 label=1 lowerbound=1 fileNameGp=../graphsdb/mcs10/m3D/m3Dr6/mcs10_m3Dr6_s90.A32 fileNameGt=../graphsdb/mcs10/m3D/m3Dr6/mcs10_m3Dr6_s90.B32
Reading graphs...
90 : 263
90 : 262
Initializing...
maxdom : 11
D->valSize : 550
Solving...
Blb : 2 (clique : 27)
currentSize : 27 <-- 0.006316 s
currentSize : 28 <-- 0.006575 s
currentSize : 30 <-- 0.022756 s
currentSize : 31 <-- 0.101329 s
currentSize : 32 <-- 11.074278 s
currentSize : 33 <-- 177.287521 s

TIMEOUT
maxsize : 33
nodes : 642709867.000000
filtered : 8128487009.000000
time : 3600.000000
