Parameters: GAD=1 vflib=1 dir=1 label=1 lowerbound=1 fileNameGp=../graphsdb/mcs10/m4D/m4Dr6/mcs10_m4Dr6_s100.A42 fileNameGt=../graphsdb/mcs10/m4D/m4Dr6/mcs10_m4Dr6_s100.B42
Reading graphs...
100 : 219
100 : 218
Initializing...
maxdom : 7
D->valSize : 312
Solving...
Blb : 2 (clique : 31)
currentSize : 31 <-- 0.004960 s
currentSize : 32 <-- 0.277642 s
currentSize : 33 <-- 6.464534 s
currentSize : 34 <-- 7.237593 s
currentSize : 35 <-- 16.423140 s
currentSize : 36 <-- 51.644543 s
currentSize : 37 <-- 1045.665283 s

TIMEOUT
maxsize : 37
nodes : 715992305.000000
filtered : 3128195716.000000
time : 3600.000000
