Parameters: GAD=1 vflib=1 dir=1 label=1 lowerbound=1 fileNameGp=../graphsdb/mcs10/rand/r01/mcs10_r01_s80.A46 fileNameGt=../graphsdb/mcs10/rand/r01/mcs10_r01_s80.B46
Reading graphs...
80 : 634
80 : 634
Initializing...
maxdom : 9
D->valSize : 440
Solving...
Blb : 3 (clique : 10)
currentSize : 10 <-- 0.003935 s
currentSize : 11 <-- 0.004119 s
currentSize : 12 <-- 0.004319 s
currentSize : 13 <-- 0.004409 s
currentSize : 14 <-- 0.005078 s
currentSize : 15 <-- 0.040359 s
currentSize : 16 <-- 0.170655 s
currentSize : 17 <-- 36.240120 s

maxsize : 17
nodes : 47369863.000000
filtered : 640746397.000000
time : 256.555664
