Parameters: GAD=1 vflib=1 dir=1 label=1 lowerbound=1 fileNameGp=../graphsdb/mcs10/m2D/m2Dr2/mcs10_m2Dr2_s100.A20 fileNameGt=../graphsdb/mcs10/m2D/m2Dr2/mcs10_m2Dr2_s100.B20
Reading graphs...
100 : 200
100 : 200
Initializing...
maxdom : 9
D->valSize : 356
Solving...
Blb : 2 (clique : 31)
currentSize : 31 <-- 0.003581 s
currentSize : 32 <-- 0.008907 s
currentSize : 33 <-- 0.055030 s
currentSize : 34 <-- 0.228861 s
currentSize : 35 <-- 3.183488 s
currentSize : 36 <-- 18.727919 s
currentSize : 37 <-- 24.673883 s

TIMEOUT
maxsize : 37
nodes : 641379516.000000
filtered : 4083073795.000000
time : 3600.000000
