Parameters: GAD=1 vflib=1 dir=1 label=1 lowerbound=1 fileNameGp=../graphsdb/mcs10/m3D/m3Dr6/mcs10_m3Dr6_s100.A34 fileNameGt=../graphsdb/mcs10/m3D/m3Dr6/mcs10_m3Dr6_s100.B34
Reading graphs...
100 : 295
100 : 293
Initializing...
maxdom : 7
D->valSize : 292
Solving...
Blb : 2 (clique : 24)
currentSize : 24 <-- 0.004326 s
currentSize : 25 <-- 0.036426 s
currentSize : 26 <-- 0.120734 s
currentSize : 27 <-- 1.231974 s
currentSize : 28 <-- 294.221558 s
currentSize : 29 <-- 2074.383789 s

TIMEOUT
maxsize : 29
nodes : 654936063.000000
filtered : 3391804450.000000
time : 3600.000000
