Parameters: GAD=1 vflib=1 dir=1 label=1 lowerbound=1 fileNameGp=../graphsdb/mcs10/m4D/m4D/mcs10_m4D_s100.A99 fileNameGt=../graphsdb/mcs10/m4D/m4D/mcs10_m4D_s100.B99
Reading graphs...
100 : 159
100 : 159
Initializing...
maxdom : 7
D->valSize : 309
Solving...
Blb : 2 (clique : 32)
currentSize : 32 <-- 0.004976 s
currentSize : 33 <-- 0.009177 s
currentSize : 34 <-- 0.099200 s
currentSize : 35 <-- 30.067713 s
currentSize : 36 <-- 38.620785 s
currentSize : 37 <-- 176.622803 s

TIMEOUT
maxsize : 37
nodes : 787778674.000000
filtered : 2671338340.000000
time : 3600.000000
