Parameters: GAD=1 vflib=1 dir=1 label=1 lowerbound=1 fileNameGp=../graphsdb/mcs10/m3D/m3Dr2/mcs10_m3Dr2_s60.A20 fileNameGt=../graphsdb/mcs10/m3D/m3Dr2/mcs10_m3Dr2_s60.B20
Reading graphs...
60 : 146
60 : 146
Initializing...
maxdom : 8
D->valSize : 230
Solving...
Blb : 2 (clique : 18)
currentSize : 18 <-- 0.001573 s
currentSize : 19 <-- 0.001799 s
currentSize : 20 <-- 0.005267 s
currentSize : 21 <-- 0.026434 s
currentSize : 22 <-- 0.067548 s
currentSize : 23 <-- 38.152225 s

maxsize : 23
nodes : 25438739.000000
filtered : 226311090.000000
time : 111.598068
