Parameters: GAD=1 vflib=1 dir=1 label=1 lowerbound=1 fileNameGp=../graphsdb/mcs10/m3D/m3Dr2/mcs10_m3Dr2_s70.A53 fileNameGt=../graphsdb/mcs10/m3D/m3Dr2/mcs10_m3Dr2_s70.B53
Reading graphs...
70 : 173
70 : 173
Initializing...
maxdom : 9
D->valSize : 288
Solving...
Blb : 2 (clique : 18)
currentSize : 18 <-- 0.003648 s
currentSize : 19 <-- 0.003849 s
currentSize : 20 <-- 0.017020 s
currentSize : 21 <-- 0.049843 s
currentSize : 22 <-- 3.572382 s
currentSize : 23 <-- 14.926604 s
currentSize : 24 <-- 40.677921 s
currentSize : 25 <-- 111.539162 s

TIMEOUT
maxsize : 25
nodes : 769856589.000000
filtered : 6701730499.000000
time : 3600.000000
