Parameters: GAD=1 vflib=1 dir=1 label=1 lowerbound=1 fileNameGp=../graphsdb/mcs10/rand/r01/mcs10_r01_s70.A10 fileNameGt=../graphsdb/mcs10/rand/r01/mcs10_r01_s70.B10
Reading graphs...
70 : 485
70 : 485
Initializing...
maxdom : 8
D->valSize : 292
Solving...
Blb : 2 (clique : 10)
currentSize : 10 <-- 0.002162 s
currentSize : 11 <-- 0.002302 s
currentSize : 12 <-- 0.005580 s
currentSize : 13 <-- 0.017433 s
currentSize : 14 <-- 0.170141 s
currentSize : 15 <-- 2.922503 s

maxsize : 15
nodes : 7400701.000000
filtered : 67676198.000000
time : 34.485790
