Parameters: GAD=1 vflib=1 dir=1 label=1 lowerbound=1 fileNameGp=../graphsdb/mcs10/bvg/b03m/mcs10_b03m_s40.A51 fileNameGt=../graphsdb/mcs10/bvg/b03m/mcs10_b03m_s40.B51
Reading graphs...
40 : 60
40 : 60
Initializing...
maxdom : 8
D->valSize : 215
Solving...
Blb : 2 (clique : 16)
currentSize : 16 <-- 0.001954 s
currentSize : 17 <-- 0.234363 s
currentSize : 18 <-- 7.165492 s
currentSize : 19 <-- 9.787900 s
currentSize : 20 <-- 83.551407 s

maxsize : 20
nodes : 29814859.000000
filtered : 255250248.000000
time : 108.491264
