Parameters: GAD=1 vflib=1 dir=1 label=1 lowerbound=1 fileNameGp=../graphsdb/mcs10/rand/r01/mcs10_r01_s50.A52 fileNameGt=../graphsdb/mcs10/rand/r01/mcs10_r01_s50.B52
Reading graphs...
50 : 247
50 : 247
Initializing...
maxdom : 9
D->valSize : 294
Solving...
Blb : 2 (clique : 10)
currentSize : 10 <-- 0.001962 s
currentSize : 11 <-- 0.003146 s
currentSize : 12 <-- 0.013505 s
currentSize : 13 <-- 0.102806 s
currentSize : 14 <-- 6.576598 s

maxsize : 14
nodes : 2003510.000000
filtered : 25359877.000000
time : 8.724194
