Parameters: GAD=1 vflib=1 dir=1 label=1 lowerbound=1 fileNameGp=../graphsdb/mcs10/m3D/m3Dr6/mcs10_m3Dr6_s60.A80 fileNameGt=../graphsdb/mcs10/m3D/m3Dr6/mcs10_m3Dr6_s60.B80
Reading graphs...
60 : 169
60 : 168
Initializing...
maxdom : 7
D->valSize : 231
Solving...
Blb : 2 (clique : 16)
currentSize : 16 <-- 0.001645 s
currentSize : 17 <-- 0.001828 s
currentSize : 18 <-- 0.004772 s
currentSize : 19 <-- 0.254460 s
currentSize : 20 <-- 0.577555 s
currentSize : 21 <-- 15.306448 s

maxsize : 21
nodes : 22024763.000000
filtered : 167559923.000000
time : 92.355240
