Parameters: GAD=1 vflib=1 dir=1 label=1 lowerbound=1 fileNameGp=../graphsdb/mcs10/bvg/b06m/mcs10_b06m_s80.A44 fileNameGt=../graphsdb/mcs10/bvg/b06m/mcs10_b06m_s80.B44
Reading graphs...
80 : 240
80 : 240
Initializing...
maxdom : 8
D->valSize : 398
Solving...
Blb : 2 (clique : 20)
currentSize : 20 <-- 0.003720 s
currentSize : 21 <-- 0.004894 s
currentSize : 22 <-- 0.015272 s
currentSize : 23 <-- 0.650839 s
currentSize : 24 <-- 26.948841 s
currentSize : 25 <-- 314.785156 s

TIMEOUT
maxsize : 25
nodes : 740186781.000000
filtered : 7001572916.000000
time : 3600.000000
