Parameters: GAD=1 vflib=1 dir=1 label=1 lowerbound=1 fileNameGp=../graphsdb/mcs10/bvg/b06m/mcs10_b06m_s90.A42 fileNameGt=../graphsdb/mcs10/bvg/b06m/mcs10_b06m_s90.B42
Reading graphs...
90 : 270
90 : 270
Initializing...
maxdom : 10
D->valSize : 548
Solving...
Blb : 2 (clique : 24)
currentSize : 24 <-- 0.010347 s
currentSize : 25 <-- 0.010709 s
currentSize : 26 <-- 0.015754 s
currentSize : 27 <-- 0.019290 s
currentSize : 28 <-- 0.217725 s
currentSize : 29 <-- 446.020813 s
currentSize : 30 <-- 452.176300 s

TIMEOUT
maxsize : 30
nodes : 698122769.000000
filtered : 6108294249.000000
time : 3600.000000
