Parameters: GAD=1 vflib=1 dir=1 label=1 lowerbound=1 fileNameGp=../graphsdb/mcs10/m3D/m3Dr6/mcs10_m3Dr6_s60.A82 fileNameGt=../graphsdb/mcs10/m3D/m3Dr6/mcs10_m3Dr6_s60.B82
Reading graphs...
60 : 170
60 : 170
Initializing...
maxdom : 7
D->valSize : 225
Solving...
Blb : 2 (clique : 15)
currentSize : 15 <-- 0.002490 s
currentSize : 16 <-- 0.002661 s
currentSize : 17 <-- 0.014214 s
currentSize : 18 <-- 0.018177 s
currentSize : 19 <-- 0.247098 s
currentSize : 20 <-- 13.401295 s
currentSize : 21 <-- 27.392563 s

maxsize : 21
nodes : 20423942.000000
filtered : 166763658.000000
time : 88.183243
