Parameters: GAD=1 vflib=1 dir=1 label=1 lowerbound=1 fileNameGp=../graphsdb/mcs10/m3D/m3Dr2/mcs10_m3Dr2_s60.A63 fileNameGt=../graphsdb/mcs10/m3D/m3Dr2/mcs10_m3Dr2_s60.B63
Reading graphs...
60 : 146
60 : 146
Initializing...
maxdom : 6
D->valSize : 238
Solving...
Blb : 2 (clique : 17)
currentSize : 17 <-- 0.002532 s
currentSize : 18 <-- 0.002792 s
currentSize : 19 <-- 0.016003 s
currentSize : 20 <-- 0.233272 s
currentSize : 21 <-- 3.738854 s
currentSize : 22 <-- 85.818474 s
currentSize : 23 <-- 310.621246 s

maxsize : 23
nodes : 147758757.000000
filtered : 1040980144.000000
time : 616.362549
