Parameters: GAD=1 vflib=1 dir=1 label=1 lowerbound=1 fileNameGp=../graphsdb/mcs10/m3D/m3Dr6/mcs10_m3Dr6_s80.A13 fileNameGt=../graphsdb/mcs10/m3D/m3Dr6/mcs10_m3Dr6_s80.B13
Reading graphs...
80 : 232
80 : 231
Initializing...
maxdom : 8
D->valSize : 395
Solving...
Blb : 2 (clique : 21)
currentSize : 21 <-- 0.005877 s
currentSize : 22 <-- 0.006147 s
currentSize : 23 <-- 0.025072 s
currentSize : 24 <-- 0.059073 s
currentSize : 25 <-- 2.570366 s
currentSize : 26 <-- 29.692904 s

TIMEOUT
maxsize : 26
nodes : 766345407.000000
filtered : 5629524306.000000
time : 3600.000000
