Parameters: GAD=1 vflib=1 dir=1 label=1 lowerbound=1 fileNameGp=../graphsdb/mcs10/bvg/b03m/mcs10_b03m_s90.A38 fileNameGt=../graphsdb/mcs10/bvg/b03m/mcs10_b03m_s90.B38
Reading graphs...
90 : 135
90 : 135
Initializing...
maxdom : 9
D->valSize : 518
Solving...
Blb : 2 (clique : 33)
currentSize : 33 <-- 0.009998 s
currentSize : 34 <-- 0.011038 s
currentSize : 35 <-- 0.359293 s
currentSize : 36 <-- 0.359687 s
currentSize : 37 <-- 0.400530 s
currentSize : 38 <-- 1.536407 s
currentSize : 39 <-- 16.251625 s
currentSize : 40 <-- 74.997490 s

TIMEOUT
maxsize : 40
nodes : 715401691.000000
filtered : 5447644804.000000
time : 3600.000000
