Parameters: GAD=1 vflib=1 dir=1 label=1 lowerbound=1 fileNameGp=../graphsdb/mcs10/rand/r01/mcs10_r01_s50.A99 fileNameGt=../graphsdb/mcs10/rand/r01/mcs10_r01_s50.B99
Reading graphs...
50 : 247
50 : 247
Initializing...
maxdom : 10
D->valSize : 328
Solving...
Blb : 2 (clique : 10)
currentSize : 10 <-- 0.002389 s
currentSize : 11 <-- 0.002466 s
currentSize : 12 <-- 0.071065 s
currentSize : 13 <-- 0.076783 s
currentSize : 14 <-- 3.000766 s

maxsize : 14
nodes : 3905096.000000
filtered : 56600944.000000
time : 17.794088
