Parameters: GAD=1 vflib=1 dir=1 label=1 lowerbound=1 fileNameGp=../graphsdb/mcs10/m2D/m2Dr2/mcs10_m2Dr2_s100.A79 fileNameGt=../graphsdb/mcs10/m2D/m2Dr2/mcs10_m2Dr2_s100.B79
Reading graphs...
100 : 200
100 : 199
Initializing...
maxdom : 7
D->valSize : 338
Solving...
Blb : 2 (clique : 30)
currentSize : 30 <-- 0.003705 s
currentSize : 31 <-- 2.383102 s
currentSize : 32 <-- 4.474474 s
currentSize : 33 <-- 17.836624 s
currentSize : 34 <-- 21.862251 s
currentSize : 35 <-- 659.866333 s

TIMEOUT
maxsize : 35
nodes : 707471438.000000
filtered : 3770762087.000000
time : 3600.000000
