Parameters: GAD=1 vflib=1 dir=1 label=1 lowerbound=1 fileNameGp=../graphsdb/mcs10/bvg/b06m/mcs10_b06m_s80.A09 fileNameGt=../graphsdb/mcs10/bvg/b06m/mcs10_b06m_s80.B09
Reading graphs...
80 : 240
80 : 240
Initializing...
maxdom : 9
D->valSize : 404
Solving...
Blb : 2 (clique : 21)
currentSize : 21 <-- 0.003780 s
currentSize : 22 <-- 0.049261 s
currentSize : 23 <-- 0.119440 s
currentSize : 24 <-- 0.153906 s
currentSize : 25 <-- 0.611015 s
currentSize : 26 <-- 568.067993 s

TIMEOUT
maxsize : 26
nodes : 752470150.000000
filtered : 5246281782.000000
time : 3600.000000
