Parameters: GAD=1 vflib=1 dir=1 label=1 lowerbound=1 fileNameGp=../graphsdb/mcs10/m3D/m3Dr6/mcs10_m3Dr6_s100.A80 fileNameGt=../graphsdb/mcs10/m3D/m3Dr6/mcs10_m3Dr6_s100.B80
Reading graphs...
100 : 295
100 : 294
Initializing...
maxdom : 6
D->valSize : 295
Solving...
Blb : 5 (clique : 23)
currentSize : 23 <-- 0.004628 s
currentSize : 24 <-- 0.006200 s
currentSize : 25 <-- 0.008952 s
currentSize : 26 <-- 0.019438 s
currentSize : 27 <-- 3.851991 s
currentSize : 28 <-- 45.015812 s
currentSize : 29 <-- 312.034119 s

TIMEOUT
maxsize : 29
nodes : 687333565.000000
filtered : 3647125764.000000
time : 3600.000000
