Parameters: GAD=1 vflib=1 dir=1 label=1 lowerbound=1 fileNameGp=../graphsdb/mcs10/m3D/m3Dr2/mcs10_m3Dr2_s90.A80 fileNameGt=../graphsdb/mcs10/m3D/m3Dr2/mcs10_m3Dr2_s90.B80
Reading graphs...
90 : 227
90 : 227
Initializing...
maxdom : 12
D->valSize : 521
Solving...
Blb : 5 (clique : 27)
currentSize : 27 <-- 0.005858 s
currentSize : 28 <-- 0.046708 s
currentSize : 29 <-- 0.977287 s
currentSize : 30 <-- 30.671642 s
currentSize : 31 <-- 74.975395 s
currentSize : 32 <-- 111.010925 s
currentSize : 33 <-- 373.652924 s

TIMEOUT
maxsize : 33
nodes : 669293261.000000
filtered : 5967200014.000000
time : 3600.000000
