Parameters: GAD=1 vflib=1 dir=1 label=1 lowerbound=1 fileNameGp=../graphsdb/mcs10/bvg/b06m/mcs10_b06m_s100.A32 fileNameGt=../graphsdb/mcs10/bvg/b06m/mcs10_b06m_s100.B32
Reading graphs...
100 : 300
100 : 300
Initializing...
maxdom : 8
D->valSize : 328
Solving...
Blb : 3 (clique : 25)
currentSize : 25 <-- 0.003358 s
currentSize : 26 <-- 0.086222 s
currentSize : 27 <-- 0.087931 s
currentSize : 28 <-- 0.500807 s
currentSize : 29 <-- 0.666716 s
currentSize : 30 <-- 1.191245 s
currentSize : 31 <-- 1.818214 s
currentSize : 32 <-- 1118.974121 s

TIMEOUT
maxsize : 32
nodes : 605830171.000000
filtered : 3920680336.000000
time : 3600.000000
