Parameters: GAD=1 vflib=1 dir=1 label=1 lowerbound=1 fileNameGp=../graphsdb/mcs10/m2D/m2Dr2/mcs10_m2Dr2_s90.A60 fileNameGt=../graphsdb/mcs10/m2D/m2Dr2/mcs10_m2Dr2_s90.B60
Reading graphs...
90 : 179
90 : 179
Initializing...
maxdom : 11
D->valSize : 519
Solving...
Blb : 2 (clique : 31)
currentSize : 31 <-- 0.009931 s
currentSize : 32 <-- 0.653011 s
currentSize : 33 <-- 1.429787 s
currentSize : 34 <-- 2.086390 s
currentSize : 35 <-- 35.079639 s
currentSize : 36 <-- 407.367371 s
currentSize : 37 <-- 2586.726074 s

TIMEOUT
maxsize : 37
nodes : 615005127.000000
filtered : 5265839833.000000
time : 3600.000000
