Parameters: GAD=1 vflib=1 dir=1 label=1 lowerbound=1 fileNameGp=../graphsdb/mcs10/m3D/m3Dr6/mcs10_m3Dr6_s70.A40 fileNameGt=../graphsdb/mcs10/m3D/m3Dr6/mcs10_m3Dr6_s70.B40
Reading graphs...
70 : 201
70 : 200
Initializing...
maxdom : 11
D->valSize : 313
Solving...
Blb : 2 (clique : 20)
currentSize : 20 <-- 0.002600 s
currentSize : 21 <-- 0.005252 s
currentSize : 22 <-- 0.022582 s
currentSize : 23 <-- 0.026519 s
currentSize : 24 <-- 0.504912 s
currentSize : 25 <-- 22.880478 s
currentSize : 26 <-- 521.044312 s

TIMEOUT
maxsize : 26
nodes : 755211154.000000
filtered : 7505606249.000000
time : 3600.000000
