Parameters: GAD=1 vflib=1 dir=1 label=1 lowerbound=1 fileNameGp=../graphsdb/mcs10/bvg/b03/mcs10_b03_s50.A76 fileNameGt=../graphsdb/mcs10/bvg/b03/mcs10_b03_s50.B76
Reading graphs...
50 : 75
50 : 75
Initializing...
maxdom : 9
D->valSize : 321
Solving...
Blb : 2 (clique : 21)
currentSize : 21 <-- 0.002282 s
currentSize : 22 <-- 0.002998 s
currentSize : 23 <-- 0.757262 s
currentSize : 24 <-- 58.390297 s
currentSize : 25 <-- 197.403503 s
currentSize : 26 <-- 1966.054932 s

TIMEOUT
maxsize : 26
nodes : 795646890.000000
filtered : 9482722899.000000
time : 3600.000000
