Parameters: GAD=1 vflib=1 dir=1 label=1 lowerbound=1 fileNameGp=../graphsdb/mcs10/rand/r01/mcs10_r01_s90.A77 fileNameGt=../graphsdb/mcs10/rand/r01/mcs10_r01_s90.B77
Reading graphs...
90 : 802
90 : 802
Initializing...
maxdom : 8
D->valSize : 502
Solving...
Blb : 2 (clique : 11)
currentSize : 11 <-- 0.005077 s
currentSize : 12 <-- 0.005261 s
currentSize : 13 <-- 0.006502 s
currentSize : 14 <-- 0.043429 s
currentSize : 15 <-- 4.332930 s
currentSize : 16 <-- 5.258138 s
currentSize : 17 <-- 14.556386 s

maxsize : 17
nodes : 201528511.000000
filtered : 2497626170.000000
time : 1147.013794
