Parameters: GAD=1 vflib=1 dir=1 label=1 lowerbound=1 fileNameGp=../graphsdb/mcs10/m2D/m2Dr2/mcs10_m2Dr2_s70.A27 fileNameGt=../graphsdb/mcs10/m2D/m2Dr2/mcs10_m2Dr2_s70.B27
Reading graphs...
70 : 137
70 : 136
Initializing...
maxdom : 7
D->valSize : 335
Solving...
Blb : 3 (clique : 23)
currentSize : 23 <-- 0.002723 s
currentSize : 24 <-- 0.019699 s
currentSize : 25 <-- 0.265512 s
currentSize : 26 <-- 2.623839 s
currentSize : 27 <-- 193.373703 s
currentSize : 28 <-- 449.333252 s
currentSize : 29 <-- 3486.447021 s

TIMEOUT
maxsize : 29
nodes : 748974950.000000
filtered : 6614536196.000000
time : 3600.000000
