Parameters: GAD=1 vflib=1 dir=1 label=1 lowerbound=1 fileNameGp=../graphsdb/mcs10/m2D/m2Dr2/mcs10_m2Dr2_s70.A90 fileNameGt=../graphsdb/mcs10/m2D/m2Dr2/mcs10_m2Dr2_s70.B90
Reading graphs...
70 : 137
70 : 137
Initializing...
maxdom : 10
D->valSize : 383
Solving...
Blb : 2 (clique : 23)
currentSize : 23 <-- 0.003284 s
currentSize : 24 <-- 0.003487 s
currentSize : 25 <-- 0.031936 s
currentSize : 26 <-- 0.770956 s
currentSize : 27 <-- 3.485453 s
currentSize : 28 <-- 1025.964111 s
currentSize : 29 <-- 1393.265381 s

TIMEOUT
maxsize : 29
nodes : 686273482.000000
filtered : 6783940329.000000
time : 3600.000000
