Parameters: GAD=1 vflib=1 dir=1 label=1 lowerbound=1 fileNameGp=../graphsdb/mcs10/bvg/b06/mcs10_b06_s80.A04 fileNameGt=../graphsdb/mcs10/bvg/b06/mcs10_b06_s80.B04
Reading graphs...
80 : 240
80 : 240
Initializing...
maxdom : 9
D->valSize : 401
Solving...
Blb : 2 (clique : 24)
currentSize : 24 <-- 0.003893 s
currentSize : 25 <-- 0.363662 s
currentSize : 26 <-- 0.455176 s
currentSize : 27 <-- 3.081590 s
currentSize : 28 <-- 5.956903 s
currentSize : 29 <-- 39.841625 s
currentSize : 30 <-- 1100.562866 s

TIMEOUT
maxsize : 30
nodes : 703593197.000000
filtered : 6903258460.000000
time : 3600.000000
