Parameters: GAD=1 vflib=1 dir=1 label=1 lowerbound=1 fileNameGp=../graphsdb/mcs10/rand/r005/mcs10_r005_s50.A67 fileNameGt=../graphsdb/mcs10/rand/r005/mcs10_r005_s50.B67
Reading graphs...
50 : 125
50 : 125
Initializing...
maxdom : 10
D->valSize : 342
Solving...
Blb : 2 (clique : 16)
currentSize : 16 <-- 0.004048 s
currentSize : 17 <-- 0.004719 s
currentSize : 18 <-- 0.024494 s
currentSize : 19 <-- 0.068082 s
currentSize : 20 <-- 0.127252 s

maxsize : 20
nodes : 238113510.000000
filtered : 3681082157.000000
time : 1116.421997
