Parameters: GAD=1 vflib=1 dir=1 label=1 lowerbound=1 fileNameGp=../graphsdb/mcs10/m2D/m2Dr6/mcs10_m2Dr6_s70.A58 fileNameGt=../graphsdb/mcs10/m2D/m2Dr6/mcs10_m2Dr6_s70.B58
Reading graphs...
70 : 165
70 : 163
Initializing...
maxdom : 8
D->valSize : 326
Solving...
Blb : 2 (clique : 22)
currentSize : 22 <-- 0.002722 s
currentSize : 23 <-- 0.003106 s
currentSize : 24 <-- 0.023833 s
currentSize : 25 <-- 0.258582 s
currentSize : 26 <-- 8.657600 s
currentSize : 27 <-- 312.654510 s
currentSize : 28 <-- 313.388153 s

TIMEOUT
maxsize : 28
nodes : 791707968.000000
filtered : 6036654607.000000
time : 3600.000000
