Parameters: GAD=1 vflib=1 dir=1 label=1 lowerbound=1 fileNameGp=../graphsdb/mcs10/rand/r005/mcs10_r005_s70.A63 fileNameGt=../graphsdb/mcs10/rand/r005/mcs10_r005_s70.B63
Reading graphs...
70 : 245
70 : 245
Initializing...
maxdom : 7
D->valSize : 319
Solving...
Blb : 2 (clique : 20)
currentSize : 20 <-- 0.002669 s
currentSize : 21 <-- 0.037947 s
currentSize : 22 <-- 0.376077 s
currentSize : 23 <-- 0.378915 s
currentSize : 24 <-- 878.390137 s

maxsize : 24
nodes : 380180545.000000
filtered : 3571813907.000000
time : 1845.710205
