Parameters: GAD=1 vflib=1 dir=1 label=1 lowerbound=1 fileNameGp=../graphsdb/mcs10/bvg/b03m/mcs10_b03m_s100.A72 fileNameGt=../graphsdb/mcs10/bvg/b03m/mcs10_b03m_s100.B72
Reading graphs...
100 : 150
100 : 150
Initializing...
maxdom : 7
D->valSize : 332
Solving...
Blb : 2 (clique : 35)
currentSize : 35 <-- 0.003326 s
currentSize : 36 <-- 0.003656 s
currentSize : 37 <-- 0.003939 s
currentSize : 38 <-- 0.263651 s
currentSize : 39 <-- 41.039921 s
currentSize : 40 <-- 1214.246582 s
currentSize : 41 <-- 1702.094238 s
currentSize : 42 <-- 1750.303833 s

TIMEOUT
maxsize : 42
nodes : 549859342.000000
filtered : 1723406402.000000
time : 3600.000000
