Parameters: GAD=1 vflib=1 dir=1 label=1 lowerbound=1 fileNameGp=../graphsdb/mcs10/m2D/m2Dr6/mcs10_m2Dr6_s50.A62 fileNameGt=../graphsdb/mcs10/m2D/m2Dr6/mcs10_m2Dr6_s50.B62
Reading graphs...
50 : 114
50 : 113
Initializing...
maxdom : 10
D->valSize : 306
Solving...
Blb : 2 (clique : 17)
currentSize : 17 <-- 0.002107 s
currentSize : 18 <-- 0.002669 s
currentSize : 19 <-- 0.011221 s
currentSize : 20 <-- 7.493409 s
currentSize : 21 <-- 442.086731 s

maxsize : 21
nodes : 440328139.000000
filtered : 4498459439.000000
time : 1831.124634
