Parameters: GAD=1 vflib=1 dir=1 label=1 lowerbound=1 fileNameGp=../graphsdb/mcs10/rand/r005/mcs10_r005_s90.A76 fileNameGt=../graphsdb/mcs10/rand/r005/mcs10_r005_s90.B76
Reading graphs...
90 : 405
90 : 405
Initializing...
maxdom : 9
D->valSize : 504
Solving...
Blb : 5 (clique : 19)
currentSize : 19 <-- 0.008779 s
currentSize : 20 <-- 0.009082 s
currentSize : 21 <-- 0.009506 s
currentSize : 22 <-- 0.061628 s
currentSize : 23 <-- 4.362963 s
currentSize : 24 <-- 7.337309 s
currentSize : 25 <-- 9.385224 s

TIMEOUT
maxsize : 25
nodes : 642150335.000000
filtered : 6220211509.000000
time : 3600.000000
