Parameters: GAD=1 vflib=1 dir=1 label=1 lowerbound=1 fileNameGp=../graphsdb/mcs10/rand/r005/mcs10_r005_s100.A74 fileNameGt=../graphsdb/mcs10/rand/r005/mcs10_r005_s100.B74
Reading graphs...
100 : 500
100 : 500
Initializing...
maxdom : 6
D->valSize : 324
Solving...
Blb : 2 (clique : 18)
currentSize : 18 <-- 0.002994 s
currentSize : 19 <-- 0.003196 s
currentSize : 20 <-- 0.003430 s
currentSize : 21 <-- 0.006376 s
currentSize : 22 <-- 0.249743 s
currentSize : 23 <-- 9.333602 s
currentSize : 24 <-- 404.112915 s
currentSize : 25 <-- 1032.914062 s

TIMEOUT
maxsize : 25
nodes : 646605204.000000
filtered : 4612805151.000000
time : 3600.000000
