Parameters: GAD=1 vflib=1 dir=1 label=1 lowerbound=1 fileNameGp=../graphsdb/mcs10/m3D/m3Dr2/mcs10_m3Dr2_s100.A70 fileNameGt=../graphsdb/mcs10/m3D/m3Dr2/mcs10_m3Dr2_s100.B70
Reading graphs...
100 : 255
100 : 255
Initializing...
maxdom : 8
D->valSize : 321
Solving...
Blb : 2 (clique : 28)
currentSize : 28 <-- 0.003109 s
currentSize : 29 <-- 0.003352 s
currentSize : 30 <-- 0.003448 s
currentSize : 31 <-- 0.029581 s
currentSize : 32 <-- 0.057495 s
currentSize : 33 <-- 1.166442 s
currentSize : 34 <-- 3302.445068 s

TIMEOUT
maxsize : 34
nodes : 684696727.000000
filtered : 3853271480.000000
time : 3600.000000
