Parameters: GAD=1 vflib=1 dir=1 label=1 lowerbound=1 fileNameGp=../graphsdb/mcs10/m2D/m2Dr6/mcs10_m2Dr6_s100.A03 fileNameGt=../graphsdb/mcs10/m2D/m2Dr6/mcs10_m2Dr6_s100.B03
Reading graphs...
100 : 240
100 : 238
Initializing...
maxdom : 7
D->valSize : 300
Solving...
Blb : 2 (clique : 28)
currentSize : 28 <-- 0.002962 s
currentSize : 29 <-- 0.109424 s
currentSize : 30 <-- 0.399643 s
currentSize : 31 <-- 1.448248 s
currentSize : 32 <-- 7.415989 s
currentSize : 33 <-- 79.530670 s
currentSize : 34 <-- 195.185043 s

TIMEOUT
maxsize : 34
nodes : 727272287.000000
filtered : 3039561022.000000
time : 3600.000000
