Parameters: GAD=1 vflib=1 dir=1 label=1 lowerbound=1 fileNameGp=../graphsdb/mcs10/bvg/b03m/mcs10_b03m_s100.A66 fileNameGt=../graphsdb/mcs10/bvg/b03m/mcs10_b03m_s100.B66
Reading graphs...
100 : 150
100 : 150
Initializing...
maxdom : 9
D->valSize : 281
Solving...
Blb : 2 (clique : 33)
currentSize : 33 <-- 0.002848 s
currentSize : 34 <-- 0.663460 s
currentSize : 35 <-- 6.891841 s
currentSize : 36 <-- 122.040916 s
currentSize : 37 <-- 845.951599 s
currentSize : 38 <-- 1797.824097 s
currentSize : 39 <-- 2551.966309 s

TIMEOUT
maxsize : 39
nodes : 710794965.000000
filtered : 3077070932.000000
time : 3600.000000
