Parameters: GAD=1 vflib=1 dir=1 label=1 lowerbound=1 fileNameGp=../graphsdb/mcs10/bvg/b03/mcs10_b03_s70.A79 fileNameGt=../graphsdb/mcs10/bvg/b03/mcs10_b03_s70.B79
Reading graphs...
70 : 105
70 : 105
Initializing...
maxdom : 8
D->valSize : 308
Solving...
Blb : 2 (clique : 23)
currentSize : 23 <-- 0.002567 s
currentSize : 24 <-- 0.002745 s
currentSize : 25 <-- 0.003116 s
currentSize : 26 <-- 0.008089 s
currentSize : 27 <-- 384.269409 s
currentSize : 28 <-- 2918.221680 s

TIMEOUT
maxsize : 28
nodes : 893504995.000000
filtered : 5392246454.000000
time : 3600.000000
