Parameters: GAD=1 vflib=1 dir=1 label=1 lowerbound=1 fileNameGp=../graphsdb/mcs10/m4D/m4Dr4/mcs10_m4Dr4_s100.A37 fileNameGt=../graphsdb/mcs10/m4D/m4Dr4/mcs10_m4Dr4_s100.B37
Reading graphs...
100 : 199
100 : 197
Initializing...
maxdom : 7
D->valSize : 329
Solving...
Blb : 2 (clique : 32)
currentSize : 32 <-- 0.005271 s
currentSize : 33 <-- 0.006762 s
currentSize : 34 <-- 0.164762 s
currentSize : 35 <-- 22.507736 s
currentSize : 36 <-- 77.292183 s
currentSize : 37 <-- 1045.662842 s

TIMEOUT
maxsize : 37
nodes : 735252650.000000
filtered : 2959446440.000000
time : 3600.000000
