Parameters: GAD=1 vflib=1 dir=1 label=1 lowerbound=1 fileNameGp=../graphsdb/mcs10/m2D/m2D/mcs10_m2D_s50.A45 fileNameGt=../graphsdb/mcs10/m2D/m2D/mcs10_m2D_s50.B45
Reading graphs...
50 : 85
50 : 85
Initializing...
maxdom : 9
D->valSize : 292
Solving...
Blb : 2 (clique : 18)
currentSize : 18 <-- 0.003180 s
currentSize : 19 <-- 1.440018 s
currentSize : 20 <-- 4.611401 s
currentSize : 21 <-- 20.539412 s
currentSize : 22 <-- 89.323524 s

maxsize : 22
nodes : 42296414.000000
filtered : 412400050.000000
time : 193.075958
