Parameters: GAD=1 vflib=1 dir=1 label=1 lowerbound=1 fileNameGp=../graphsdb/mcs10/rand/r005/mcs10_r005_s40.A44 fileNameGt=../graphsdb/mcs10/rand/r005/mcs10_r005_s40.B44
Reading graphs...
40 : 81
40 : 81
Initializing...
maxdom : 8
D->valSize : 206
Solving...
Blb : 5 (clique : 13)
currentSize : 13 <-- 0.001594 s
currentSize : 14 <-- 0.001750 s
currentSize : 15 <-- 0.022811 s
currentSize : 16 <-- 0.736852 s
currentSize : 17 <-- 2.625957 s

maxsize : 17
nodes : 2253203.000000
filtered : 22466091.000000
time : 8.795307
