Parameters: GAD=1 vflib=1 dir=1 label=1 lowerbound=1 fileNameGp=../graphsdb/mcs10/rand/r005/mcs10_r005_s90.A05 fileNameGt=../graphsdb/mcs10/rand/r005/mcs10_r005_s90.B05
Reading graphs...
90 : 405
90 : 405
Initializing...
maxdom : 11
D->valSize : 512
Solving...
Blb : 2 (clique : 19)
currentSize : 19 <-- 0.005413 s
currentSize : 20 <-- 0.005695 s
currentSize : 21 <-- 2.916796 s
currentSize : 22 <-- 2.954273 s
currentSize : 23 <-- 13.766959 s
currentSize : 24 <-- 53.752228 s
currentSize : 25 <-- 553.836365 s

TIMEOUT
maxsize : 25
nodes : 647794211.000000
filtered : 6570030447.000000
time : 3600.000000
