Parameters: GAD=1 vflib=1 dir=1 label=1 lowerbound=1 fileNameGp=../graphsdb/mcs10/m2D/m2Dr6/mcs10_m2Dr6_s80.A13 fileNameGt=../graphsdb/mcs10/m2D/m2Dr6/mcs10_m2Dr6_s80.B13
Reading graphs...
80 : 190
80 : 190
Initializing...
maxdom : 8
D->valSize : 406
Solving...
Blb : 2 (clique : 23)
currentSize : 23 <-- 0.003871 s
currentSize : 24 <-- 0.004104 s
currentSize : 25 <-- 0.144649 s
currentSize : 26 <-- 1.149746 s
currentSize : 27 <-- 1.540937 s
currentSize : 28 <-- 57.272190 s

TIMEOUT
maxsize : 28
nodes : 743380829.000000
filtered : 4822051636.000000
time : 3600.000000
