Parameters: GAD=1 vflib=1 dir=1 label=1 lowerbound=1 fileNameGp=../graphsdb/mcs10/m3D/m3D/mcs10_m3D_s70.A69 fileNameGt=../graphsdb/mcs10/m3D/m3D/mcs10_m3D_s70.B69
Reading graphs...
70 : 159
70 : 159
Initializing...
maxdom : 9
D->valSize : 328
Solving...
Blb : 2 (clique : 21)
currentSize : 21 <-- 0.004509 s
currentSize : 22 <-- 0.004767 s
currentSize : 23 <-- 0.013729 s
currentSize : 24 <-- 0.220758 s
currentSize : 25 <-- 3.395715 s
currentSize : 26 <-- 674.736450 s

TIMEOUT
maxsize : 26
nodes : 756606391.000000
filtered : 6186338186.000000
time : 3600.000000
