Parameters: GAD=1 vflib=1 dir=1 label=1 lowerbound=1 fileNameGp=../graphsdb/mcs10/bvg/b06m/mcs10_b06m_s70.A04 fileNameGt=../graphsdb/mcs10/bvg/b06m/mcs10_b06m_s70.B04
Reading graphs...
70 : 210
70 : 210
Initializing...
maxdom : 7
D->valSize : 301
Solving...
Blb : 2 (clique : 19)
currentSize : 19 <-- 0.003924 s
currentSize : 20 <-- 0.004267 s
currentSize : 21 <-- 0.006563 s
currentSize : 22 <-- 0.008119 s
currentSize : 23 <-- 0.551514 s
currentSize : 24 <-- 6.874582 s

TIMEOUT
maxsize : 24
nodes : 747484854.000000
filtered : 6713456779.000000
time : 3600.000000
