Parameters: GAD=1 vflib=1 dir=1 label=1 lowerbound=1 fileNameGp=../graphsdb/mcs10/bvg/b06/mcs10_b06_s70.A76 fileNameGt=../graphsdb/mcs10/bvg/b06/mcs10_b06_s70.B76
Reading graphs...
70 : 210
70 : 210
Initializing...
maxdom : 9
D->valSize : 310
Solving...
Blb : 3 (clique : 20)
currentSize : 20 <-- 0.002503 s
currentSize : 21 <-- 0.554766 s
currentSize : 22 <-- 6.229383 s
currentSize : 23 <-- 34.231281 s
currentSize : 24 <-- 220.224106 s
currentSize : 25 <-- 254.203171 s
currentSize : 26 <-- 2622.877930 s

TIMEOUT
maxsize : 26
nodes : 734820990.000000
filtered : 7168379263.000000
time : 3600.000000
