Parameters: GAD=1 vflib=1 dir=1 label=1 lowerbound=1 fileNameGp=../graphsdb/mcs10/bvg/b06m/mcs10_b06m_s70.A91 fileNameGt=../graphsdb/mcs10/bvg/b06m/mcs10_b06m_s70.B91
Reading graphs...
70 : 210
70 : 210
Initializing...
maxdom : 7
D->valSize : 309
Solving...
Blb : 2 (clique : 20)
currentSize : 20 <-- 0.002497 s
currentSize : 21 <-- 0.047166 s
currentSize : 22 <-- 0.052668 s
currentSize : 23 <-- 1.255856 s
currentSize : 24 <-- 8.350907 s
currentSize : 25 <-- 150.672150 s
currentSize : 26 <-- 1095.189819 s

maxsize : 26
nodes : 407856186.000000
filtered : 3574458152.000000
time : 1913.553711
