Parameters: GAD=1 vflib=1 dir=1 label=1 lowerbound=1 fileNameGp=../graphsdb/mcs10/m3D/m3Dr4/mcs10_m3Dr4_s100.A55 fileNameGt=../graphsdb/mcs10/m3D/m3Dr4/mcs10_m3Dr4_s100.B55
Reading graphs...
100 : 275
100 : 275
Initializing...
maxdom : 6
D->valSize : 333
Solving...
Blb : 3 (clique : 28)
currentSize : 28 <-- 0.003197 s
currentSize : 29 <-- 0.011097 s
currentSize : 30 <-- 1.670445 s
currentSize : 31 <-- 32.765076 s
currentSize : 32 <-- 240.543869 s
currentSize : 33 <-- 2047.039429 s

TIMEOUT
maxsize : 33
nodes : 701219951.000000
filtered : 3915536341.000000
time : 3600.000000
