Parameters: GAD=1 vflib=1 dir=1 label=1 lowerbound=1 fileNameGp=../graphsdb/mcs10/bvg/b09/mcs10_b09_s100.A12 fileNameGt=../graphsdb/mcs10/bvg/b09/mcs10_b09_s100.B12
Reading graphs...
100 : 450
100 : 450
Initializing...
maxdom : 9
D->valSize : 334
Solving...
Blb : 2 (clique : 20)
currentSize : 20 <-- 0.003097 s
currentSize : 21 <-- 0.003292 s
currentSize : 22 <-- 0.003361 s
currentSize : 23 <-- 0.007366 s
currentSize : 24 <-- 0.256415 s
currentSize : 25 <-- 6.906736 s

TIMEOUT
maxsize : 25
nodes : 677149553.000000
filtered : 4548760247.000000
time : 3600.000000
