Parameters: GAD=1 vflib=1 dir=1 label=1 lowerbound=1 fileNameGp=../graphsdb/mcs10/m3D/m3D/mcs10_m3D_s60.A87 fileNameGt=../graphsdb/mcs10/m3D/m3D/mcs10_m3D_s60.B87
Reading graphs...
60 : 134
60 : 134
Initializing...
maxdom : 10
D->valSize : 229
Solving...
Blb : 2 (clique : 19)
currentSize : 19 <-- 0.001779 s
currentSize : 20 <-- 0.013737 s
currentSize : 21 <-- 0.375606 s
currentSize : 22 <-- 4.029092 s
currentSize : 23 <-- 32.898781 s

maxsize : 23
nodes : 74075577.000000
filtered : 608072656.000000
time : 365.089020
