Parameters: GAD=1 vflib=1 dir=1 label=1 lowerbound=1 fileNameGp=../graphsdb/mcs10/m3D/m3Dr4/mcs10_m3Dr4_s80.A64 fileNameGt=../graphsdb/mcs10/m3D/m3Dr4/mcs10_m3Dr4_s80.B64
Reading graphs...
80 : 216
80 : 216
Initializing...
maxdom : 9
D->valSize : 407
Solving...
Blb : 2 (clique : 23)
currentSize : 23 <-- 0.006198 s
currentSize : 24 <-- 0.195897 s
currentSize : 25 <-- 0.352132 s
currentSize : 26 <-- 0.375972 s
currentSize : 27 <-- 0.451445 s
currentSize : 28 <-- 130.059906 s
currentSize : 29 <-- 776.268433 s

TIMEOUT
maxsize : 29
nodes : 706336787.000000
filtered : 5716095121.000000
time : 3600.000000
