Parameters: GAD=1 vflib=1 dir=1 label=1 lowerbound=1 fileNameGp=../graphsdb/mcs10/m2D/m2Dr4/mcs10_m2Dr4_s50.A53 fileNameGt=../graphsdb/mcs10/m2D/m2Dr4/mcs10_m2Dr4_s50.B53
Reading graphs...
50 : 105
50 : 105
Initializing...
maxdom : 10
D->valSize : 305
Solving...
Blb : 5 (clique : 17)
currentSize : 17 <-- 0.002228 s
currentSize : 18 <-- 0.002331 s
currentSize : 19 <-- 0.004715 s
currentSize : 20 <-- 1.017024 s
currentSize : 21 <-- 1.391081 s
currentSize : 22 <-- 14.097182 s
currentSize : 23 <-- 87.300674 s

maxsize : 23
nodes : 91412598.000000
filtered : 1039379695.000000
time : 398.609344
