Parameters: GAD=1 vflib=1 dir=1 label=1 lowerbound=1 fileNameGp=../graphsdb/mcs10/m2D/m2Dr6/mcs10_m2Dr6_s40.A72 fileNameGt=../graphsdb/mcs10/m2D/m2Dr6/mcs10_m2Dr6_s40.B72
Reading graphs...
40 : 91
40 : 91
Initializing...
maxdom : 9
D->valSize : 218
Solving...
Blb : 2 (clique : 12)
currentSize : 12 <-- 0.001998 s
currentSize : 13 <-- 0.002449 s
currentSize : 14 <-- 0.035750 s
currentSize : 15 <-- 0.054704 s
currentSize : 16 <-- 6.117571 s

maxsize : 16
nodes : 4458593.000000
filtered : 58341644.000000
time : 17.404980
