Parameters: GAD=1 vflib=1 dir=1 label=1 lowerbound=1 fileNameGp=../graphsdb/mcs10/m3D/m3D/mcs10_m3D_s60.A80 fileNameGt=../graphsdb/mcs10/m3D/m3D/mcs10_m3D_s60.B80
Reading graphs...
60 : 134
60 : 134
Initializing...
maxdom : 9
D->valSize : 226
Solving...
Blb : 2 (clique : 18)
currentSize : 18 <-- 0.001639 s
currentSize : 19 <-- 0.003627 s
currentSize : 20 <-- 0.006265 s
currentSize : 21 <-- 3.772563 s
currentSize : 22 <-- 6.460256 s
currentSize : 23 <-- 65.035393 s

maxsize : 23
nodes : 67672951.000000
filtered : 511653626.000000
time : 288.193848
