Parameters: GAD=1 vflib=1 dir=1 label=1 lowerbound=1 fileNameGp=../graphsdb/mcs10/m3D/m3Dr6/mcs10_m3Dr6_s60.A23 fileNameGt=../graphsdb/mcs10/m3D/m3Dr6/mcs10_m3Dr6_s60.B23
Reading graphs...
60 : 170
60 : 168
Initializing...
maxdom : 6
D->valSize : 227
Solving...
Blb : 2 (clique : 17)
currentSize : 17 <-- 0.002142 s
currentSize : 18 <-- 0.003643 s
currentSize : 19 <-- 0.008045 s
currentSize : 20 <-- 0.009520 s
currentSize : 21 <-- 42.270821 s
currentSize : 22 <-- 63.570133 s

maxsize : 22
nodes : 61726048.000000
filtered : 463467975.000000
time : 261.526672
