Parameters: GAD=1 vflib=1 dir=1 label=1 lowerbound=1 fileNameGp=../graphsdb/mcs10/m2D/m2Dr6/mcs10_m2Dr6_s60.A34 fileNameGt=../graphsdb/mcs10/m2D/m2Dr6/mcs10_m2Dr6_s60.B34
Reading graphs...
60 : 140
60 : 139
Initializing...
maxdom : 7
D->valSize : 229
Solving...
Blb : 5 (clique : 16)
currentSize : 16 <-- 0.002451 s
currentSize : 17 <-- 0.004935 s
currentSize : 18 <-- 0.005019 s
currentSize : 19 <-- 0.017982 s
currentSize : 20 <-- 0.018088 s
currentSize : 21 <-- 7.956067 s
currentSize : 22 <-- 79.476639 s

maxsize : 22
nodes : 58127080.000000
filtered : 436747381.000000
time : 254.012695
