Parameters: GAD=1 vflib=1 dir=1 label=1 lowerbound=1 fileNameGp=../graphsdb/mcs10/bvg/b06m/mcs10_b06m_s100.A45 fileNameGt=../graphsdb/mcs10/bvg/b06m/mcs10_b06m_s100.B45
Reading graphs...
100 : 300
100 : 300
Initializing...
maxdom : 7
D->valSize : 319
Solving...
Blb : 2 (clique : 24)
currentSize : 24 <-- 0.004838 s
currentSize : 25 <-- 0.009005 s
currentSize : 26 <-- 0.231761 s
currentSize : 27 <-- 0.734876 s
currentSize : 28 <-- 2.324443 s
currentSize : 29 <-- 35.755241 s
currentSize : 30 <-- 46.111641 s
currentSize : 31 <-- 826.356323 s
currentSize : 32 <-- 2520.269043 s

TIMEOUT
maxsize : 32
nodes : 662769927.000000
filtered : 4141354216.000000
time : 3600.000000
