Parameters: GAD=1 vflib=1 dir=1 label=1 lowerbound=1 fileNameGp=../graphsdb/mcs10/rand/r01/mcs10_r01_s70.A64 fileNameGt=../graphsdb/mcs10/rand/r01/mcs10_r01_s70.B64
Reading graphs...
70 : 485
70 : 485
Initializing...
maxdom : 8
D->valSize : 326
Solving...
Blb : 2 (clique : 11)
currentSize : 11 <-- 0.002498 s
currentSize : 12 <-- 0.002673 s
currentSize : 13 <-- 0.159708 s
currentSize : 14 <-- 0.168641 s
currentSize : 15 <-- 0.877787 s
currentSize : 16 <-- 3.087287 s

maxsize : 16
nodes : 6021705.000000
filtered : 69693402.000000
time : 29.537443
