Parameters: GAD=1 vflib=1 dir=1 label=1 lowerbound=1 fileNameGp=../graphsdb/mcs10/bvg/b03/mcs10_b03_s40.A32 fileNameGt=../graphsdb/mcs10/bvg/b03/mcs10_b03_s40.B32
Reading graphs...
40 : 60
40 : 60
Initializing...
maxdom : 8
D->valSize : 185
Solving...
Blb : 2 (clique : 14)
currentSize : 14 <-- 0.001644 s
currentSize : 15 <-- 0.001793 s
currentSize : 16 <-- 0.001900 s
currentSize : 17 <-- 0.002029 s
currentSize : 18 <-- 1.280762 s

maxsize : 18
nodes : 1066901.000000
filtered : 9414336.000000
time : 4.411040
