Parameters: GAD=1 vflib=1 dir=1 label=1 lowerbound=1 fileNameGp=../graphsdb/mcs10/rand/r005/mcs10_r005_s90.A58 fileNameGt=../graphsdb/mcs10/rand/r005/mcs10_r005_s90.B58
Reading graphs...
90 : 405
90 : 405
Initializing...
maxdom : 10
D->valSize : 519
Solving...
Blb : 2 (clique : 18)
currentSize : 18 <-- 0.005608 s
currentSize : 19 <-- 0.006646 s
currentSize : 20 <-- 0.236127 s
currentSize : 21 <-- 1.465926 s
currentSize : 22 <-- 1.661291 s
currentSize : 23 <-- 9.991472 s
currentSize : 24 <-- 87.907089 s
currentSize : 25 <-- 895.760498 s

TIMEOUT
maxsize : 25
nodes : 658741148.000000
filtered : 5950126329.000000
time : 3600.000000
