Parameters: GAD=1 vflib=1 dir=1 label=1 lowerbound=1 fileNameGp=../graphsdb/mcs10/bvg/b03/mcs10_b03_s70.A53 fileNameGt=../graphsdb/mcs10/bvg/b03/mcs10_b03_s70.B53
Reading graphs...
70 : 105
70 : 105
Initializing...
maxdom : 8
D->valSize : 290
Solving...
Blb : 2 (clique : 23)
currentSize : 23 <-- 0.003761 s
currentSize : 24 <-- 0.006336 s
currentSize : 25 <-- 0.008504 s
currentSize : 26 <-- 0.010688 s
currentSize : 27 <-- 0.018260 s
currentSize : 28 <-- 17.511580 s
currentSize : 29 <-- 21.638418 s
currentSize : 30 <-- 64.145775 s

TIMEOUT
maxsize : 30
nodes : 729542443.000000
filtered : 5420584345.000000
time : 3600.000000
