Parameters: GAD=1 vflib=1 dir=1 label=1 lowerbound=1 fileNameGp=../graphsdb/mcs10/rand/r01/mcs10_r01_s80.A33 fileNameGt=../graphsdb/mcs10/rand/r01/mcs10_r01_s80.B33
Reading graphs...
80 : 634
80 : 634
Initializing...
maxdom : 9
D->valSize : 427
Solving...
Blb : 2 (clique : 12)
currentSize : 12 <-- 0.003822 s
currentSize : 13 <-- 0.005319 s
currentSize : 14 <-- 0.005964 s
currentSize : 15 <-- 0.056993 s
currentSize : 16 <-- 0.130782 s
currentSize : 17 <-- 20.150305 s

maxsize : 17
nodes : 52238539.000000
filtered : 675472814.000000
time : 282.065826
