Parameters: GAD=1 vflib=1 dir=1 label=1 lowerbound=1 fileNameGp=../graphsdb/mcs10/rand/r01/mcs10_r01_s100.A35 fileNameGt=../graphsdb/mcs10/rand/r01/mcs10_r01_s100.B35
Reading graphs...
100 : 990
100 : 990
Initializing...
maxdom : 7
D->valSize : 309
Solving...
Blb : 2 (clique : 12)
currentSize : 12 <-- 0.002700 s
currentSize : 13 <-- 0.003552 s
currentSize : 14 <-- 0.036034 s
currentSize : 15 <-- 0.200191 s
currentSize : 16 <-- 0.223781 s
currentSize : 17 <-- 10.550950 s
currentSize : 18 <-- 12.706857 s

maxsize : 18
nodes : 26081141.000000
filtered : 226310038.000000
time : 150.347778
