Parameters: GAD=1 vflib=1 dir=1 label=1 lowerbound=1 fileNameGp=../graphsdb/mcs10/m3D/m3Dr4/mcs10_m3Dr4_s70.A52 fileNameGt=../graphsdb/mcs10/m3D/m3Dr4/mcs10_m3Dr4_s70.B52
Reading graphs...
70 : 187
70 : 186
Initializing...
maxdom : 12
D->valSize : 326
Solving...
Blb : 5 (clique : 20)
currentSize : 20 <-- 0.002619 s
currentSize : 21 <-- 0.043290 s
currentSize : 22 <-- 0.044765 s
currentSize : 23 <-- 0.159423 s
currentSize : 24 <-- 1.794022 s
currentSize : 25 <-- 585.235474 s
currentSize : 26 <-- 1878.927368 s
currentSize : 27 <-- 1881.263428 s

maxsize : 27
nodes : 481689454.000000
filtered : 4750756128.000000
time : 2306.541748
