Parameters: GAD=1 vflib=1 dir=1 label=1 lowerbound=1 fileNameGp=../graphsdb/mcs10/m3D/m3D/mcs10_m3D_s60.A55 fileNameGt=../graphsdb/mcs10/m3D/m3D/mcs10_m3D_s60.B55
Reading graphs...
60 : 134
60 : 134
Initializing...
maxdom : 8
D->valSize : 225
Solving...
Blb : 5 (clique : 18)
currentSize : 18 <-- 0.001584 s
currentSize : 19 <-- 0.007186 s
currentSize : 20 <-- 0.010017 s
currentSize : 21 <-- 0.034217 s
currentSize : 22 <-- 0.064006 s

maxsize : 22
nodes : 15916218.000000
filtered : 133139778.000000
time : 69.587166
