Parameters: GAD=1 vflib=1 dir=1 label=1 lowerbound=1 fileNameGp=../graphsdb/mcs10/rand/r005/mcs10_r005_s60.A49 fileNameGt=../graphsdb/mcs10/rand/r005/mcs10_r005_s60.B49
Reading graphs...
60 : 181
60 : 181
Initializing...
maxdom : 6
D->valSize : 236
Solving...
Blb : 5 (clique : 16)
currentSize : 16 <-- 0.001723 s
currentSize : 17 <-- 0.003940 s
currentSize : 18 <-- 0.007581 s
currentSize : 19 <-- 0.936284 s
currentSize : 20 <-- 2.738776 s
currentSize : 21 <-- 12.009381 s

maxsize : 21
nodes : 45247265.000000
filtered : 350570263.000000
time : 190.890579
