Parameters: GAD=1 vflib=1 dir=1 label=1 lowerbound=1 fileNameGp=../graphsdb/mcs10/rand/r01/mcs10_r01_s60.A88 fileNameGt=../graphsdb/mcs10/rand/r01/mcs10_r01_s60.B88
Reading graphs...
60 : 356
60 : 356
Initializing...
maxdom : 7
D->valSize : 228
Solving...
Blb : 2 (clique : 10)
currentSize : 10 <-- 0.001582 s
currentSize : 11 <-- 0.001692 s
currentSize : 12 <-- 0.004322 s
currentSize : 13 <-- 0.006115 s
currentSize : 14 <-- 1.265078 s

maxsize : 14
nodes : 868324.000000
filtered : 8087396.000000
time : 3.707795
