Parameters: GAD=1 vflib=1 dir=1 label=1 lowerbound=1 fileNameGp=../graphsdb/mcs10/m2D/m2Dr4/mcs10_m2Dr4_s70.A25 fileNameGt=../graphsdb/mcs10/m2D/m2Dr4/mcs10_m2Dr4_s70.B25
Reading graphs...
70 : 151
70 : 151
Initializing...
maxdom : 8
D->valSize : 316
Solving...
Blb : 2 (clique : 22)
currentSize : 22 <-- 0.004302 s
currentSize : 23 <-- 0.004566 s
currentSize : 24 <-- 0.148863 s
currentSize : 25 <-- 4.915211 s
currentSize : 26 <-- 126.021667 s
currentSize : 27 <-- 3276.963867 s

TIMEOUT
maxsize : 27
nodes : 778513129.000000
filtered : 5959496343.000000
time : 3600.000000
