Parameters: GAD=1 vflib=1 dir=1 label=1 lowerbound=1 fileNameGp=../graphsdb/mcs10/m3D/m3Dr2/mcs10_m3Dr2_s100.A89 fileNameGt=../graphsdb/mcs10/m3D/m3Dr2/mcs10_m3Dr2_s100.B89
Reading graphs...
100 : 255
100 : 255
Initializing...
maxdom : 7
D->valSize : 316
Solving...
Blb : 2 (clique : 28)
currentSize : 28 <-- 0.004925 s
currentSize : 29 <-- 0.005519 s
currentSize : 30 <-- 0.006410 s
currentSize : 31 <-- 32.176949 s
currentSize : 32 <-- 252.840668 s
currentSize : 33 <-- 519.926819 s
currentSize : 34 <-- 1083.509033 s

TIMEOUT
maxsize : 34
nodes : 686377794.000000
filtered : 3368263443.000000
time : 3600.000000
