Parameters: GAD=1 vflib=1 dir=1 label=1 lowerbound=1 fileNameGp=../graphsdb/mcs10/rand/r01/mcs10_r01_s25.A83 fileNameGt=../graphsdb/mcs10/rand/r01/mcs10_r01_s25.B83
Reading graphs...
25 : 61
25 : 61
Initializing...
maxdom : 10
D->valSize : 152
Solving...
Blb : 3 (clique : 7)
currentSize : 7 <-- 0.000694 s
currentSize : 8 <-- 0.000764 s
currentSize : 9 <-- 0.000801 s
currentSize : 10 <-- 0.001055 s
currentSize : 11 <-- 0.015680 s

maxsize : 11
nodes : 12666.000000
filtered : 197312.000000
time : 0.048869
