Parameters: GAD=1 vflib=1 dir=1 label=1 lowerbound=1 fileNameGp=../graphsdb/mcs10/bvg/b06m/mcs10_b06m_s80.A46 fileNameGt=../graphsdb/mcs10/bvg/b06m/mcs10_b06m_s80.B46
Reading graphs...
80 : 240
80 : 240
Initializing...
maxdom : 11
D->valSize : 445
Solving...
Blb : 2 (clique : 22)
currentSize : 22 <-- 0.004495 s
currentSize : 23 <-- 0.004698 s
currentSize : 24 <-- 0.004949 s
currentSize : 26 <-- 0.005110 s
currentSize : 27 <-- 0.011456 s
currentSize : 28 <-- 44.475361 s
currentSize : 29 <-- 364.426849 s

TIMEOUT
maxsize : 29
nodes : 683072154.000000
filtered : 7107696673.000000
time : 3600.000000
