Parameters: GAD=1 vflib=1 dir=1 label=1 lowerbound=1 fileNameGp=../graphsdb/mcs10/m2D/m2Dr6/mcs10_m2Dr6_s90.A70 fileNameGt=../graphsdb/mcs10/m2D/m2Dr6/mcs10_m2Dr6_s90.B70
Reading graphs...
90 : 215
90 : 214
Initializing...
maxdom : 12
D->valSize : 521
Solving...
Blb : 5 (clique : 27)
currentSize : 27 <-- 0.005820 s
currentSize : 28 <-- 0.090787 s
currentSize : 29 <-- 1.496989 s
currentSize : 30 <-- 2.827541 s
currentSize : 31 <-- 6.631802 s
currentSize : 32 <-- 14.687550 s

TIMEOUT
maxsize : 32
nodes : 689028252.000000
filtered : 5783671493.000000
time : 3600.000000
