Parameters: GAD=1 vflib=1 dir=1 label=1 lowerbound=1 fileNameGp=../graphsdb/mcs10/m2D/m2Dr6/mcs10_m2Dr6_s50.A47 fileNameGt=../graphsdb/mcs10/m2D/m2Dr6/mcs10_m2Dr6_s50.B47
Reading graphs...
50 : 115
50 : 114
Initializing...
maxdom : 10
D->valSize : 310
Solving...
Blb : 2 (clique : 17)
currentSize : 17 <-- 0.003502 s
currentSize : 18 <-- 0.003736 s
currentSize : 19 <-- 0.004236 s
currentSize : 20 <-- 0.827029 s
currentSize : 21 <-- 8.162302 s

maxsize : 21
nodes : 19269666.000000
filtered : 264566484.000000
time : 91.582558
