Parameters: GAD=1 vflib=1 dir=1 label=1 lowerbound=1 fileNameGp=../graphsdb/mcs10/m3D/m3D/mcs10_m3D_s70.A88 fileNameGt=../graphsdb/mcs10/m3D/m3D/mcs10_m3D_s70.B88
Reading graphs...
70 : 159
70 : 159
Initializing...
maxdom : 8
D->valSize : 309
Solving...
Blb : 2 (clique : 20)
currentSize : 20 <-- 0.002562 s
currentSize : 21 <-- 0.003202 s
currentSize : 22 <-- 0.003270 s
currentSize : 23 <-- 2.942135 s
currentSize : 24 <-- 160.760147 s
currentSize : 25 <-- 188.055588 s
currentSize : 26 <-- 2315.629150 s

TIMEOUT
maxsize : 26
nodes : 825148086.000000
filtered : 5975750323.000000
time : 3600.000000
