Parameters: GAD=1 vflib=1 dir=1 label=1 lowerbound=1 fileNameGp=../graphsdb/mcs10/bvg/b09/mcs10_b09_s100.A93 fileNameGt=../graphsdb/mcs10/bvg/b09/mcs10_b09_s100.B93
Reading graphs...
100 : 450
100 : 450
Initializing...
maxdom : 6
D->valSize : 343
Solving...
Blb : 3 (clique : 21)
currentSize : 21 <-- 0.003352 s
currentSize : 22 <-- 0.015270 s
currentSize : 23 <-- 0.070505 s
currentSize : 24 <-- 0.470503 s
currentSize : 25 <-- 3.006454 s
currentSize : 26 <-- 3.007295 s
currentSize : 27 <-- 793.753052 s
currentSize : 28 <-- 1302.397217 s

TIMEOUT
maxsize : 28
nodes : 634010317.000000
filtered : 5302518408.000000
time : 3600.000000
