Parameters: GAD=1 vflib=1 dir=1 label=1 lowerbound=1 fileNameGp=../graphsdb/mcs10/m2D/m2Dr4/mcs10_m2Dr4_s80.A98 fileNameGt=../graphsdb/mcs10/m2D/m2Dr4/mcs10_m2Dr4_s80.B98
Reading graphs...
80 : 174
80 : 173
Initializing...
maxdom : 9
D->valSize : 381
Solving...
Blb : 2 (clique : 24)
currentSize : 24 <-- 0.003439 s
currentSize : 25 <-- 0.148166 s
currentSize : 26 <-- 1.637292 s
currentSize : 27 <-- 6.772182 s
currentSize : 28 <-- 134.216248 s
currentSize : 29 <-- 863.634155 s

TIMEOUT
maxsize : 29
nodes : 673613040.000000
filtered : 6963402274.000000
time : 3600.000000
