Parameters: GAD=1 vflib=1 dir=1 label=1 lowerbound=1 fileNameGp=../graphsdb/mcs10/m3D/m3D/mcs10_m3D_s90.A73 fileNameGt=../graphsdb/mcs10/m3D/m3D/mcs10_m3D_s90.B73
Reading graphs...
90 : 209
90 : 209
Initializing...
maxdom : 13
D->valSize : 525
Solving...
Blb : 2 (clique : 28)
currentSize : 28 <-- 0.009809 s
currentSize : 29 <-- 0.010403 s
currentSize : 30 <-- 0.345394 s
currentSize : 31 <-- 0.806381 s
currentSize : 32 <-- 11.955444 s
currentSize : 33 <-- 1755.707520 s
currentSize : 34 <-- 2814.088135 s

TIMEOUT
maxsize : 34
nodes : 709893227.000000
filtered : 4530362228.000000
time : 3600.000000
