Parameters: GAD=1 vflib=1 dir=1 label=1 lowerbound=1 fileNameGp=../graphsdb/mcs10/rand/r005/mcs10_r005_s100.A65 fileNameGt=../graphsdb/mcs10/rand/r005/mcs10_r005_s100.B65
Reading graphs...
100 : 500
100 : 500
Initializing...
maxdom : 7
D->valSize : 299
Solving...
Blb : 2 (clique : 17)
currentSize : 17 <-- 0.002753 s
currentSize : 18 <-- 0.003137 s
currentSize : 19 <-- 0.013752 s
currentSize : 20 <-- 0.112893 s
currentSize : 21 <-- 1.379776 s
currentSize : 22 <-- 2.889186 s
currentSize : 23 <-- 28.142427 s
currentSize : 24 <-- 53.366638 s

TIMEOUT
maxsize : 24
nodes : 638050739.000000
filtered : 4567845232.000000
time : 3600.000000
