Parameters: GAD=1 vflib=1 dir=1 label=1 lowerbound=1 fileNameGp=../graphsdb/mcs10/rand/r02/mcs10_r02_s90.A09 fileNameGt=../graphsdb/mcs10/rand/r02/mcs10_r02_s90.B09
Reading graphs...
90 : 1601
90 : 1601
Initializing...
maxdom : 9
D->valSize : 498
Solving...
Blb : 2 (clique : 7)
currentSize : 7 <-- 0.005115 s
currentSize : 8 <-- 0.006478 s
currentSize : 9 <-- 0.009503 s
currentSize : 10 <-- 0.119486 s
currentSize : 11 <-- 2.040596 s

maxsize : 11
nodes : 1722514.000000
filtered : 22365364.000000
time : 9.542582
