Parameters: GAD=1 vflib=1 dir=1 label=1 lowerbound=1 fileNameGp=../graphsdb/mcs10/rand/r005/mcs10_r005_s80.A15 fileNameGt=../graphsdb/mcs10/rand/r005/mcs10_r005_s80.B15
Reading graphs...
80 : 321
80 : 321
Initializing...
maxdom : 11
D->valSize : 393
Solving...
Blb : 2 (clique : 17)
currentSize : 17 <-- 0.003563 s
currentSize : 18 <-- 0.004164 s
currentSize : 19 <-- 0.042018 s
currentSize : 20 <-- 0.042088 s
currentSize : 21 <-- 0.047521 s
currentSize : 22 <-- 7.791325 s
currentSize : 23 <-- 380.731873 s
currentSize : 24 <-- 888.679016 s

TIMEOUT
maxsize : 24
nodes : 693141147.000000
filtered : 7358039320.000000
time : 3600.000000
