Parameters: GAD=1 vflib=1 dir=1 label=1 lowerbound=1 fileNameGp=../graphsdb/mcs10/m3D/m3Dr2/mcs10_m3Dr2_s60.A72 fileNameGt=../graphsdb/mcs10/m3D/m3Dr2/mcs10_m3Dr2_s60.B72
Reading graphs...
60 : 146
60 : 145
Initializing...
maxdom : 7
D->valSize : 244
Solving...
Blb : 2 (clique : 19)
currentSize : 19 <-- 0.001681 s
currentSize : 20 <-- 0.001964 s
currentSize : 21 <-- 0.836944 s
currentSize : 22 <-- 22.995773 s
currentSize : 23 <-- 25.664984 s

maxsize : 23
nodes : 49419880.000000
filtered : 381659631.000000
time : 216.443024
