Parameters: GAD=1 vflib=1 dir=1 label=1 lowerbound=1 fileNameGp=../graphsdb/mcs10/m2D/m2Dr4/mcs10_m2Dr4_s70.A57 fileNameGt=../graphsdb/mcs10/m2D/m2Dr4/mcs10_m2Dr4_s70.B57
Reading graphs...
70 : 151
70 : 150
Initializing...
maxdom : 8
D->valSize : 299
Solving...
Blb : 2 (clique : 22)
currentSize : 22 <-- 0.002895 s
currentSize : 23 <-- 0.003233 s
currentSize : 24 <-- 0.055726 s
currentSize : 25 <-- 0.164602 s
currentSize : 26 <-- 1014.690918 s
currentSize : 27 <-- 1380.428711 s

TIMEOUT
maxsize : 27
nodes : 766064152.000000
filtered : 5706105907.000000
time : 3600.000000
