Parameters: GAD=1 vflib=1 dir=1 label=1 lowerbound=1 fileNameGp=../graphsdb/mcs10/m3D/m3Dr6/mcs10_m3Dr6_s100.A21 fileNameGt=../graphsdb/mcs10/m3D/m3Dr6/mcs10_m3Dr6_s100.B21
Reading graphs...
100 : 295
100 : 294
Initializing...
maxdom : 6
D->valSize : 311
Solving...
Blb : 3 (clique : 26)
currentSize : 26 <-- 0.004755 s
currentSize : 27 <-- 0.005687 s
currentSize : 28 <-- 0.007497 s
currentSize : 29 <-- 0.011684 s
currentSize : 30 <-- 5.185056 s
currentSize : 31 <-- 63.562336 s
currentSize : 32 <-- 2205.398193 s

TIMEOUT
maxsize : 32
nodes : 679894491.000000
filtered : 3511430138.000000
time : 3600.000000
