Parameters: GAD=1 vflib=1 dir=1 label=1 lowerbound=1 fileNameGp=../graphsdb/mcs10/m3D/m3D/mcs10_m3D_s70.A38 fileNameGt=../graphsdb/mcs10/m3D/m3D/mcs10_m3D_s70.B38
Reading graphs...
70 : 159
70 : 159
Initializing...
maxdom : 7
D->valSize : 327
Solving...
Blb : 2 (clique : 21)
currentSize : 21 <-- 0.002626 s
currentSize : 22 <-- 0.002787 s
currentSize : 23 <-- 0.146722 s
currentSize : 24 <-- 0.415506 s
currentSize : 25 <-- 4.543841 s
currentSize : 26 <-- 4.937036 s
currentSize : 27 <-- 57.378544 s
currentSize : 28 <-- 451.531189 s

TIMEOUT
maxsize : 28
nodes : 813258473.000000
filtered : 5381817121.000000
time : 3600.000000
