Parameters: GAD=1 vflib=1 dir=1 label=1 lowerbound=1 fileNameGp=../graphsdb/mcs10/bvg/b09m/mcs10_b09m_s100.A92 fileNameGt=../graphsdb/mcs10/bvg/b09m/mcs10_b09m_s100.B92
Reading graphs...
100 : 450
100 : 450
Initializing...
maxdom : 7
D->valSize : 330
Solving...
Blb : 5 (clique : 19)
currentSize : 19 <-- 0.003073 s
currentSize : 20 <-- 0.010741 s
currentSize : 21 <-- 0.010872 s
currentSize : 22 <-- 0.084605 s
currentSize : 23 <-- 0.520243 s
currentSize : 24 <-- 3.314830 s
currentSize : 25 <-- 94.520584 s
currentSize : 26 <-- 274.548096 s
currentSize : 27 <-- 3096.143311 s
currentSize : 28 <-- 3337.777344 s

TIMEOUT
maxsize : 28
nodes : 656072838.000000
filtered : 4651891668.000000
time : 3600.000000
