Parameters: GAD=1 vflib=1 dir=1 label=1 lowerbound=1 fileNameGp=../graphsdb/mcs10/bvg/b03/mcs10_b03_s90.A21 fileNameGt=../graphsdb/mcs10/bvg/b03/mcs10_b03_s90.B21
Reading graphs...
90 : 135
90 : 135
Initializing...
maxdom : 8
D->valSize : 491
Solving...
Blb : 2 (clique : 35)
currentSize : 35 <-- 0.005480 s
currentSize : 36 <-- 0.005765 s
currentSize : 37 <-- 0.005873 s
currentSize : 38 <-- 0.080541 s
currentSize : 39 <-- 0.564617 s
currentSize : 40 <-- 2080.831299 s

TIMEOUT
maxsize : 40
nodes : 721006272.000000
filtered : 4290091021.000000
time : 3600.000000
