Parameters: GAD=1 vflib=1 dir=1 label=1 lowerbound=1 fileNameGp=../graphsdb/mcs10/m2D/m2D/mcs10_m2D_s50.A56 fileNameGt=../graphsdb/mcs10/m2D/m2D/mcs10_m2D_s50.B56
Reading graphs...
50 : 85
50 : 85
Initializing...
maxdom : 13
D->valSize : 366
Solving...
Blb : 2 (clique : 19)
currentSize : 19 <-- 0.004790 s
currentSize : 21 <-- 0.004957 s
currentSize : 22 <-- 0.603772 s
currentSize : 23 <-- 0.630665 s
currentSize : 24 <-- 414.499878 s

maxsize : 24
nodes : 523131839.000000
filtered : 8963593754.000000
time : 2394.400391
