Parameters: GAD=1 vflib=1 dir=1 label=1 lowerbound=1 fileNameGp=../graphsdb/mcs10/m3D/m3D/mcs10_m3D_s60.A49 fileNameGt=../graphsdb/mcs10/m3D/m3D/mcs10_m3D_s60.B49
Reading graphs...
60 : 134
60 : 134
Initializing...
maxdom : 6
D->valSize : 238
Solving...
Blb : 2 (clique : 18)
currentSize : 18 <-- 0.002550 s
currentSize : 19 <-- 0.008586 s
currentSize : 20 <-- 0.132373 s
currentSize : 21 <-- 0.566061 s
currentSize : 22 <-- 8.686852 s
currentSize : 23 <-- 183.989105 s
currentSize : 24 <-- 744.198792 s

maxsize : 24
nodes : 368956637.000000
filtered : 2630294727.000000
time : 1513.484741
