Parameters: GAD=1 vflib=1 dir=1 label=1 lowerbound=1 fileNameGp=../graphsdb/mcs10/bvg/b03/mcs10_b03_s60.A38 fileNameGt=../graphsdb/mcs10/bvg/b03/mcs10_b03_s60.B38
Reading graphs...
60 : 90
60 : 90
Initializing...
maxdom : 8
D->valSize : 234
Solving...
Blb : 2 (clique : 19)
currentSize : 19 <-- 0.001665 s
currentSize : 20 <-- 0.001818 s
currentSize : 21 <-- 0.004080 s
currentSize : 22 <-- 0.065527 s
currentSize : 23 <-- 0.067793 s
currentSize : 24 <-- 0.350339 s
currentSize : 25 <-- 1.140363 s
currentSize : 26 <-- 14.411539 s
currentSize : 27 <-- 30.578629 s
currentSize : 28 <-- 126.630798 s

maxsize : 28
nodes : 43457924.000000
filtered : 288500045.000000
time : 183.449265
