Parameters: GAD=1 vflib=1 dir=1 label=1 lowerbound=1 fileNameGp=../graphsdb/mcs10/m2D/m2D/mcs10_m2D_s70.A48 fileNameGt=../graphsdb/mcs10/m2D/m2D/mcs10_m2D_s70.B48
Reading graphs...
70 : 123
70 : 123
Initializing...
maxdom : 9
D->valSize : 306
Solving...
Blb : 2 (clique : 25)
currentSize : 25 <-- 0.004285 s
currentSize : 26 <-- 0.005807 s
currentSize : 27 <-- 0.007580 s
currentSize : 28 <-- 0.820853 s
currentSize : 29 <-- 0.824412 s
currentSize : 30 <-- 444.753174 s

TIMEOUT
maxsize : 30
nodes : 840335471.000000
filtered : 5209143399.000000
time : 3600.000000
