Parameters: GAD=1 vflib=1 dir=1 label=1 lowerbound=1 fileNameGp=../graphsdb/mcs10/m2D/m2Dr6/mcs10_m2Dr6_s60.A71 fileNameGt=../graphsdb/mcs10/m2D/m2Dr6/mcs10_m2Dr6_s60.B71
Reading graphs...
60 : 140
60 : 139
Initializing...
maxdom : 6
D->valSize : 220
Solving...
Blb : 2 (clique : 17)
currentSize : 17 <-- 0.001555 s
currentSize : 18 <-- 0.001673 s
currentSize : 19 <-- 0.001746 s
currentSize : 20 <-- 0.006804 s
currentSize : 21 <-- 0.016189 s
currentSize : 22 <-- 0.016433 s
currentSize : 23 <-- 1.094967 s
currentSize : 24 <-- 14.407758 s

maxsize : 24
nodes : 52013055.000000
filtered : 403932885.000000
time : 218.607315
