Parameters: GAD=1 vflib=1 dir=1 label=1 lowerbound=1 fileNameGp=../graphsdb/mcs10/m3D/m3Dr4/mcs10_m3Dr4_s100.A47 fileNameGt=../graphsdb/mcs10/m3D/m3Dr4/mcs10_m3Dr4_s100.B47
Reading graphs...
100 : 275
100 : 274
Initializing...
maxdom : 8
D->valSize : 306
Solving...
Blb : 5 (clique : 26)
currentSize : 26 <-- 0.004734 s
currentSize : 27 <-- 8.841418 s
currentSize : 28 <-- 8.876619 s
currentSize : 29 <-- 340.521637 s
currentSize : 30 <-- 455.991058 s
currentSize : 31 <-- 2746.194336 s

TIMEOUT
maxsize : 31
nodes : 717030065.000000
filtered : 3662287243.000000
time : 3600.000000
