Parameters: GAD=1 vflib=1 dir=1 label=1 lowerbound=1 fileNameGp=../graphsdb/mcs10/m2D/m2Dr4/mcs10_m2Dr4_s90.A46 fileNameGt=../graphsdb/mcs10/m2D/m2Dr4/mcs10_m2Dr4_s90.B46
Reading graphs...
90 : 197
90 : 196
Initializing...
maxdom : 9
D->valSize : 498
Solving...
Blb : 2 (clique : 28)
currentSize : 28 <-- 0.005382 s
currentSize : 29 <-- 0.006023 s
currentSize : 30 <-- 0.058149 s
currentSize : 31 <-- 0.194587 s
currentSize : 32 <-- 3.571196 s
currentSize : 33 <-- 5.254011 s
currentSize : 34 <-- 453.574677 s

TIMEOUT
maxsize : 34
nodes : 626878396.000000
filtered : 5671875142.000000
time : 3600.000000
