Parameters: GAD=1 vflib=1 dir=1 label=1 lowerbound=1 fileNameGp=../graphsdb/mcs10/rand/r01/mcs10_r01_s35.A48 fileNameGt=../graphsdb/mcs10/rand/r01/mcs10_r01_s35.B48
Reading graphs...
35 : 121
35 : 121
Initializing...
maxdom : 7
D->valSize : 158
Solving...
Blb : 2 (clique : 8)
currentSize : 8 <-- 0.000888 s
currentSize : 9 <-- 0.001031 s
currentSize : 10 <-- 0.001192 s
currentSize : 11 <-- 0.018204 s
currentSize : 12 <-- 0.025274 s

maxsize : 12
nodes : 45165.000000
filtered : 410097.000000
time : 0.156267
