Parameters: GAD=1 vflib=1 dir=1 label=1 lowerbound=1 fileNameGp=../graphsdb/mcs10/bvg/b06m/mcs10_b06m_s90.A80 fileNameGt=../graphsdb/mcs10/bvg/b06m/mcs10_b06m_s90.B80
Reading graphs...
90 : 270
90 : 270
Initializing...
maxdom : 10
D->valSize : 492
Solving...
Blb : 2 (clique : 25)
currentSize : 25 <-- 0.005352 s
currentSize : 26 <-- 0.120071 s
currentSize : 27 <-- 1.725662 s
currentSize : 28 <-- 7.379239 s
currentSize : 29 <-- 376.339478 s
currentSize : 30 <-- 640.226013 s
currentSize : 31 <-- 648.451416 s

TIMEOUT
maxsize : 31
nodes : 617613662.000000
filtered : 6065012251.000000
time : 3600.000000
