Parameters: GAD=1 vflib=1 dir=1 label=1 lowerbound=1 fileNameGp=../graphsdb/mcs10/m2D/m2Dr4/mcs10_m2Dr4_s90.A99 fileNameGt=../graphsdb/mcs10/m2D/m2Dr4/mcs10_m2Dr4_s90.B99
Reading graphs...
90 : 197
90 : 196
Initializing...
maxdom : 11
D->valSize : 525
Solving...
Blb : 2 (clique : 28)
currentSize : 28 <-- 0.005878 s
currentSize : 29 <-- 0.006210 s
currentSize : 30 <-- 0.039550 s
currentSize : 31 <-- 0.734595 s
currentSize : 32 <-- 8.669158 s
currentSize : 33 <-- 77.820129 s

TIMEOUT
maxsize : 33
nodes : 693409412.000000
filtered : 3953144316.000000
time : 3600.000000
