Parameters: GAD=1 vflib=1 dir=1 label=1 lowerbound=1 fileNameGp=../graphsdb/mcs10/m3D/m3Dr6/mcs10_m3Dr6_s70.A20 fileNameGt=../graphsdb/mcs10/m3D/m3Dr6/mcs10_m3Dr6_s70.B20
Reading graphs...
70 : 201
70 : 200
Initializing...
maxdom : 8
D->valSize : 324
Solving...
Blb : 2 (clique : 19)
currentSize : 19 <-- 0.002645 s
currentSize : 20 <-- 0.002978 s
currentSize : 21 <-- 0.636292 s
currentSize : 22 <-- 4.047006 s
currentSize : 23 <-- 21.862408 s
currentSize : 24 <-- 150.907562 s
currentSize : 25 <-- 3061.231689 s

TIMEOUT
maxsize : 25
nodes : 755445131.000000
filtered : 7013520527.000000
time : 3600.000000
