Parameters: GAD=1 vflib=1 dir=1 label=1 lowerbound=1 fileNameGp=../graphsdb/mcs10/rand/r005/mcs10_r005_s50.A68 fileNameGt=../graphsdb/mcs10/rand/r005/mcs10_r005_s50.B68
Reading graphs...
50 : 125
50 : 125
Initializing...
maxdom : 10
D->valSize : 362
Solving...
Blb : 2 (clique : 17)
currentSize : 17 <-- 0.004325 s
currentSize : 18 <-- 0.007707 s
currentSize : 19 <-- 3.761663 s
currentSize : 20 <-- 5.719185 s
currentSize : 21 <-- 416.889343 s

maxsize : 21
nodes : 148780961.000000
filtered : 2127429615.000000
time : 671.002686
