Parameters: GAD=1 vflib=1 dir=1 label=1 lowerbound=1 fileNameGp=../graphsdb/mcs10/m4D/m4Dr4/mcs10_m4Dr4_s100.A34 fileNameGt=../graphsdb/mcs10/m4D/m4Dr4/mcs10_m4Dr4_s100.B34
Reading graphs...
100 : 199
100 : 198
Initializing...
maxdom : 7
D->valSize : 348
Solving...
Blb : 5 (clique : 31)
currentSize : 31 <-- 0.003533 s
currentSize : 32 <-- 0.003868 s
currentSize : 33 <-- 0.003968 s
currentSize : 34 <-- 0.004105 s
currentSize : 35 <-- 0.005685 s
currentSize : 36 <-- 0.017505 s
currentSize : 37 <-- 0.258402 s
currentSize : 38 <-- 0.531714 s
currentSize : 39 <-- 0.597928 s
currentSize : 40 <-- 32.105488 s

TIMEOUT
maxsize : 40
nodes : 668656836.000000
filtered : 4342144009.000000
time : 3600.000000
