Parameters: GAD=1 vflib=1 dir=1 label=1 lowerbound=1 fileNameGp=../graphsdb/mcs10/m2D/m2Dr6/mcs10_m2Dr6_s80.A31 fileNameGt=../graphsdb/mcs10/m2D/m2Dr6/mcs10_m2Dr6_s80.B31
Reading graphs...
80 : 190
80 : 189
Initializing...
maxdom : 8
D->valSize : 434
Solving...
Blb : 2 (clique : 24)
currentSize : 24 <-- 0.004192 s
currentSize : 25 <-- 0.004535 s
currentSize : 26 <-- 0.405923 s
currentSize : 27 <-- 1.527686 s
currentSize : 28 <-- 500.480774 s
currentSize : 29 <-- 560.260071 s

TIMEOUT
maxsize : 29
nodes : 761267739.000000
filtered : 5632315577.000000
time : 3600.000000
