Parameters: GAD=1 vflib=1 dir=1 label=1 lowerbound=1 fileNameGp=../graphsdb/mcs10/bvg/b09/mcs10_b09_s100.A24 fileNameGt=../graphsdb/mcs10/bvg/b09/mcs10_b09_s100.B24
Reading graphs...
100 : 450
100 : 450
Initializing...
maxdom : 6
D->valSize : 322
Solving...
Blb : 2 (clique : 21)
currentSize : 21 <-- 0.003223 s
currentSize : 22 <-- 0.003608 s
currentSize : 23 <-- 0.024195 s
currentSize : 24 <-- 3.476527 s
currentSize : 25 <-- 99.364243 s
currentSize : 26 <-- 380.828308 s

TIMEOUT
maxsize : 26
nodes : 658410706.000000
filtered : 3629199751.000000
time : 3600.000000
