Parameters: GAD=1 vflib=1 dir=1 label=1 lowerbound=1 fileNameGp=../graphsdb/mcs10/m3D/m3D/mcs10_m3D_s80.A97 fileNameGt=../graphsdb/mcs10/m3D/m3D/mcs10_m3D_s80.B97
Reading graphs...
80 : 184
80 : 184
Initializing...
maxdom : 9
D->valSize : 390
Solving...
Blb : 2 (clique : 25)
currentSize : 25 <-- 0.003601 s
currentSize : 26 <-- 0.003802 s
currentSize : 27 <-- 0.004763 s
currentSize : 28 <-- 0.033707 s
currentSize : 29 <-- 12.666549 s
currentSize : 30 <-- 66.062363 s

TIMEOUT
maxsize : 30
nodes : 737439174.000000
filtered : 4785340442.000000
time : 3600.000000
