Parameters: GAD=1 vflib=1 dir=1 label=1 lowerbound=1 fileNameGp=../graphsdb/mcs10/rand/r005/mcs10_r005_s50.A27 fileNameGt=../graphsdb/mcs10/rand/r005/mcs10_r005_s50.B27
Reading graphs...
50 : 125
50 : 125
Initializing...
maxdom : 9
D->valSize : 324
Solving...
Blb : 2 (clique : 14)
currentSize : 14 <-- 0.003681 s
currentSize : 15 <-- 0.003893 s
currentSize : 16 <-- 0.022401 s
currentSize : 17 <-- 0.170319 s
currentSize : 18 <-- 0.418734 s
currentSize : 19 <-- 158.079193 s

maxsize : 19
nodes : 229498385.000000
filtered : 2345210612.000000
time : 964.149719
