Parameters: GAD=1 vflib=1 dir=1 label=1 lowerbound=1 fileNameGp=../graphsdb/mcs10/m2D/m2Dr6/mcs10_m2Dr6_s90.A17 fileNameGt=../graphsdb/mcs10/m2D/m2Dr6/mcs10_m2Dr6_s90.B17
Reading graphs...
90 : 215
90 : 213
Initializing...
maxdom : 11
D->valSize : 495
Solving...
Blb : 2 (clique : 26)
currentSize : 26 <-- 0.005431 s
currentSize : 27 <-- 0.005658 s
currentSize : 28 <-- 0.073245 s
currentSize : 29 <-- 0.291534 s
currentSize : 30 <-- 1.428457 s
currentSize : 31 <-- 207.841660 s
currentSize : 32 <-- 503.717773 s

TIMEOUT
maxsize : 32
nodes : 745429815.000000
filtered : 4441887996.000000
time : 3600.000000
