Parameters: GAD=1 vflib=1 dir=1 label=1 lowerbound=1 fileNameGp=../graphsdb/mcs10/m2D/m2D/mcs10_m2D_s60.A09 fileNameGt=../graphsdb/mcs10/m2D/m2D/mcs10_m2D_s60.B09
Reading graphs...
60 : 104
60 : 104
Initializing...
maxdom : 7
D->valSize : 227
Solving...
Blb : 5 (clique : 19)
currentSize : 19 <-- 0.001607 s
currentSize : 20 <-- 0.010303 s
currentSize : 21 <-- 0.010763 s
currentSize : 22 <-- 0.032220 s
currentSize : 23 <-- 0.278057 s
currentSize : 24 <-- 3.277510 s
currentSize : 25 <-- 23.436556 s

maxsize : 25
nodes : 108554108.000000
filtered : 708311465.000000
time : 439.013641
