Parameters: GAD=1 vflib=1 dir=1 label=1 lowerbound=1 fileNameGp=../graphsdb/mcs10/m2D/m2Dr6/mcs10_m2Dr6_s70.A42 fileNameGt=../graphsdb/mcs10/m2D/m2Dr6/mcs10_m2Dr6_s70.B42
Reading graphs...
70 : 165
70 : 164
Initializing...
maxdom : 8
D->valSize : 288
Solving...
Blb : 2 (clique : 20)
currentSize : 20 <-- 0.003631 s
currentSize : 21 <-- 0.020950 s
currentSize : 22 <-- 0.134220 s
currentSize : 23 <-- 0.466630 s
currentSize : 24 <-- 1.599721 s
currentSize : 25 <-- 10.478694 s
currentSize : 26 <-- 2155.461914 s

TIMEOUT
maxsize : 26
nodes : 834282017.000000
filtered : 5266169581.000000
time : 3600.000000
