Parameters: GAD=1 vflib=1 dir=1 label=1 lowerbound=1 fileNameGp=../graphsdb/mcs10/bvg/b03/mcs10_b03_s50.A88 fileNameGt=../graphsdb/mcs10/bvg/b03/mcs10_b03_s50.B88
Reading graphs...
50 : 75
50 : 75
Initializing...
maxdom : 13
D->valSize : 365
Solving...
Blb : 3 (clique : 20)
currentSize : 20 <-- 0.002828 s
currentSize : 21 <-- 0.173882 s
currentSize : 22 <-- 0.657498 s
currentSize : 23 <-- 0.723691 s
currentSize : 24 <-- 116.069397 s
currentSize : 25 <-- 1887.974854 s

TIMEOUT
maxsize : 25
nodes : 913169168.000000
filtered : 9368490039.000000
time : 3600.000000
