Parameters: GAD=1 vflib=1 dir=1 label=1 lowerbound=1 fileNameGp=../graphsdb/mcs10/rand/r01/mcs10_r01_s35.A15 fileNameGt=../graphsdb/mcs10/rand/r01/mcs10_r01_s35.B15
Reading graphs...
35 : 121
35 : 121
Initializing...
maxdom : 9
D->valSize : 185
Solving...
Blb : 2 (clique : 8)
currentSize : 8 <-- 0.001002 s
currentSize : 9 <-- 0.001084 s
currentSize : 10 <-- 0.001115 s
currentSize : 11 <-- 0.036177 s
currentSize : 12 <-- 0.160314 s

maxsize : 12
nodes : 66024.000000
filtered : 805329.000000
time : 0.242846
