Parameters: GAD=1 vflib=1 dir=1 label=1 lowerbound=1 fileNameGp=../graphsdb/mcs10/m3D/m3Dr6/mcs10_m3Dr6_s60.A94 fileNameGt=../graphsdb/mcs10/m3D/m3Dr6/mcs10_m3Dr6_s60.B94
Reading graphs...
60 : 170
60 : 169
Initializing...
maxdom : 6
D->valSize : 234
Solving...
Blb : 2 (clique : 18)
currentSize : 18 <-- 0.001672 s
currentSize : 19 <-- 0.010944 s
currentSize : 20 <-- 0.448046 s
currentSize : 21 <-- 7.423558 s
currentSize : 22 <-- 67.193108 s

maxsize : 22
nodes : 46218766.000000
filtered : 343125376.000000
time : 196.602081
