Parameters: GAD=1 vflib=1 dir=1 label=1 lowerbound=1 fileNameGp=../graphsdb/mcs10/m3D/m3Dr2/mcs10_m3Dr2_s100.A80 fileNameGt=../graphsdb/mcs10/m3D/m3Dr2/mcs10_m3Dr2_s100.B80
Reading graphs...
100 : 255
100 : 255
Initializing...
maxdom : 9
D->valSize : 328
Solving...
Blb : 2 (clique : 27)
currentSize : 27 <-- 0.003346 s
currentSize : 28 <-- 0.003648 s
currentSize : 29 <-- 0.005447 s
currentSize : 30 <-- 1.503151 s
currentSize : 31 <-- 1.505325 s
currentSize : 32 <-- 16.297428 s
currentSize : 33 <-- 469.122131 s
currentSize : 34 <-- 760.876099 s
currentSize : 35 <-- 2325.372070 s

TIMEOUT
maxsize : 35
nodes : 686307793.000000
filtered : 3880183169.000000
time : 3600.000000
