Parameters: GAD=1 vflib=1 dir=1 label=1 lowerbound=1 fileNameGp=../graphsdb/mcs10/m2D/m2Dr4/mcs10_m2Dr4_s60.A95 fileNameGt=../graphsdb/mcs10/m2D/m2Dr4/mcs10_m2Dr4_s60.B95
Reading graphs...
60 : 128
60 : 128
Initializing...
maxdom : 9
D->valSize : 226
Solving...
Blb : 5 (clique : 17)
currentSize : 17 <-- 0.001763 s
currentSize : 18 <-- 0.002691 s
currentSize : 19 <-- 0.012524 s
currentSize : 20 <-- 0.453595 s
currentSize : 21 <-- 0.453703 s
currentSize : 22 <-- 3.323031 s

maxsize : 22
nodes : 6588985.000000
filtered : 58621027.000000
time : 29.401651
