Parameters: GAD=1 vflib=1 dir=1 label=1 lowerbound=1 fileNameGp=../graphsdb/mcs10/m3D/m3Dr6/mcs10_m3Dr6_s60.A33 fileNameGt=../graphsdb/mcs10/m3D/m3Dr6/mcs10_m3Dr6_s60.B33
Reading graphs...
60 : 170
60 : 169
Initializing...
maxdom : 7
D->valSize : 236
Solving...
Blb : 2 (clique : 14)
currentSize : 14 <-- 0.001894 s
currentSize : 15 <-- 0.002004 s
currentSize : 17 <-- 0.017509 s
currentSize : 18 <-- 1.157650 s
currentSize : 19 <-- 4.679075 s
currentSize : 20 <-- 11.484847 s

maxsize : 20
nodes : 25797861.000000
filtered : 193393678.000000
time : 107.371521
