Parameters: GAD=1 vflib=1 dir=1 label=1 lowerbound=1 fileNameGp=../graphsdb/mcs10/rand/r02/mcs10_r02_s100.A35 fileNameGt=../graphsdb/mcs10/rand/r02/mcs10_r02_s100.B35
Reading graphs...
100 : 1979
100 : 1979
Initializing...
maxdom : 8
D->valSize : 314
Solving...
Blb : 2 (clique : 8)
currentSize : 8 <-- 0.003059 s
currentSize : 9 <-- 0.009579 s
currentSize : 10 <-- 0.047800 s
currentSize : 11 <-- 0.062028 s
currentSize : 12 <-- 0.062181 s

maxsize : 12
nodes : 152031.000000
filtered : 1725136.000000
time : 0.894124
