Parameters: GAD=1 vflib=1 dir=1 label=1 lowerbound=1 fileNameGp=../graphsdb/mcs10/rand/r01/mcs10_r01_s70.A43 fileNameGt=../graphsdb/mcs10/rand/r01/mcs10_r01_s70.B43
Reading graphs...
70 : 485
70 : 485
Initializing...
maxdom : 7
D->valSize : 307
Solving...
Blb : 2 (clique : 11)
currentSize : 11 <-- 0.002330 s
currentSize : 12 <-- 0.002457 s
currentSize : 13 <-- 0.127042 s
currentSize : 14 <-- 0.455060 s
currentSize : 15 <-- 3.027329 s
currentSize : 16 <-- 13.286449 s

maxsize : 16
nodes : 7431903.000000
filtered : 79099188.000000
time : 35.999462
