Parameters: GAD=1 vflib=1 dir=1 label=1 lowerbound=1 fileNameGp=../graphsdb/mcs10/rand/r02/mcs10_r02_s100.A96 fileNameGt=../graphsdb/mcs10/rand/r02/mcs10_r02_s100.B96
Reading graphs...
100 : 1979
100 : 1979
Initializing...
maxdom : 8
D->valSize : 373
Solving...
Blb : 2 (clique : 7)
currentSize : 7 <-- 0.003656 s
currentSize : 8 <-- 0.003807 s
currentSize : 9 <-- 0.005072 s
currentSize : 10 <-- 0.006615 s
currentSize : 11 <-- 0.153181 s
currentSize : 12 <-- 0.969558 s

maxsize : 12
nodes : 333508.000000
filtered : 4512305.000000
time : 2.024385
