Parameters: GAD=1 vflib=1 dir=1 label=1 lowerbound=1 fileNameGp=../graphsdb/mcs10/m2D/m2D/mcs10_m2D_s90.A90 fileNameGt=../graphsdb/mcs10/m2D/m2D/mcs10_m2D_s90.B90
Reading graphs...
90 : 161
90 : 161
Initializing...
maxdom : 11
D->valSize : 538
Solving...
Blb : 2 (clique : 32)
currentSize : 32 <-- 0.006260 s
currentSize : 33 <-- 0.006530 s
currentSize : 34 <-- 0.026897 s
currentSize : 35 <-- 0.057924 s
currentSize : 36 <-- 0.082934 s
currentSize : 37 <-- 246.270248 s

TIMEOUT
maxsize : 37
nodes : 647215943.000000
filtered : 6543336230.000000
time : 3600.000000
