Parameters: GAD=1 vflib=1 dir=1 label=1 lowerbound=1 fileNameGp=../graphsdb/mcs10/m2D/m2Dr6/mcs10_m2Dr6_s40.A85 fileNameGt=../graphsdb/mcs10/m2D/m2Dr6/mcs10_m2Dr6_s40.B85
Reading graphs...
40 : 91
40 : 90
Initializing...
maxdom : 8
D->valSize : 198
Solving...
Blb : 2 (clique : 12)
currentSize : 12 <-- 0.001741 s
currentSize : 13 <-- 0.001910 s
currentSize : 14 <-- 0.002784 s
currentSize : 15 <-- 0.009284 s
currentSize : 16 <-- 0.025529 s
currentSize : 17 <-- 1.049121 s

maxsize : 17
nodes : 3750727.000000
filtered : 32041364.000000
time : 14.909052
