Parameters: GAD=1 vflib=1 dir=1 label=1 lowerbound=1 fileNameGp=../graphsdb/mcs10/m3D/m3D/mcs10_m3D_s80.A93 fileNameGt=../graphsdb/mcs10/m3D/m3D/mcs10_m3D_s80.B93
Reading graphs...
80 : 184
80 : 184
Initializing...
maxdom : 9
D->valSize : 389
Solving...
Blb : 2 (clique : 23)
currentSize : 23 <-- 0.003729 s
currentSize : 24 <-- 0.003905 s
currentSize : 25 <-- 0.004470 s
currentSize : 26 <-- 0.007511 s
currentSize : 27 <-- 0.028747 s
currentSize : 28 <-- 159.919388 s
currentSize : 29 <-- 821.472717 s
currentSize : 30 <-- 1388.341431 s

TIMEOUT
maxsize : 30
nodes : 722077736.000000
filtered : 5932881810.000000
time : 3600.000000
