Parameters: GAD=1 vflib=1 dir=1 label=1 lowerbound=1 fileNameGp=../graphsdb/mcs10/m3D/m3Dr4/mcs10_m3Dr4_s60.A89 fileNameGt=../graphsdb/mcs10/m3D/m3Dr4/mcs10_m3Dr4_s60.B89
Reading graphs...
60 : 158
60 : 158
Initializing...
maxdom : 6
D->valSize : 244
Solving...
Blb : 2 (clique : 16)
currentSize : 16 <-- 0.002672 s
currentSize : 17 <-- 0.002889 s
currentSize : 18 <-- 0.004798 s
currentSize : 19 <-- 0.011280 s
currentSize : 20 <-- 0.666104 s
currentSize : 21 <-- 18.453821 s
currentSize : 22 <-- 27.988094 s
currentSize : 23 <-- 210.354950 s

maxsize : 23
nodes : 124632939.000000
filtered : 968619886.000000
time : 510.764709
