Parameters: GAD=1 vflib=1 dir=1 label=1 lowerbound=1 fileNameGp=../graphsdb/mcs10/bvg/b03m/mcs10_b03m_s40.A24 fileNameGt=../graphsdb/mcs10/bvg/b03m/mcs10_b03m_s40.B24
Reading graphs...
40 : 60
40 : 60
Initializing...
maxdom : 9
D->valSize : 209
Solving...
Blb : 2 (clique : 15)
currentSize : 15 <-- 0.001336 s
currentSize : 16 <-- 0.001588 s
currentSize : 17 <-- 0.001695 s
currentSize : 18 <-- 0.002067 s
currentSize : 19 <-- 0.002270 s
currentSize : 20 <-- 0.046962 s

maxsize : 20
nodes : 3284177.000000
filtered : 36621600.000000
time : 14.486254
