Parameters: GAD=1 vflib=1 dir=1 label=1 lowerbound=1 fileNameGp=../graphsdb/mcs10/rand/r01/mcs10_r01_s100.A64 fileNameGt=../graphsdb/mcs10/rand/r01/mcs10_r01_s100.B64
Reading graphs...
100 : 990
100 : 990
Initializing...
maxdom : 10
D->valSize : 365
Solving...
Blb : 2 (clique : 12)
currentSize : 12 <-- 0.005391 s
currentSize : 13 <-- 0.014910 s
currentSize : 14 <-- 0.051854 s
currentSize : 15 <-- 0.077482 s
currentSize : 16 <-- 0.564800 s
currentSize : 17 <-- 85.323654 s

maxsize : 17
nodes : 34561117.000000
filtered : 331674360.000000
time : 201.618561
