Parameters: GAD=1 vflib=1 dir=1 label=1 lowerbound=1 fileNameGp=../graphsdb/mcs10/bvg/b06/mcs10_b06_s70.A25 fileNameGt=../graphsdb/mcs10/bvg/b06/mcs10_b06_s70.B25
Reading graphs...
70 : 210
70 : 210
Initializing...
maxdom : 8
D->valSize : 350
Solving...
Blb : 2 (clique : 19)
currentSize : 19 <-- 0.002869 s
currentSize : 20 <-- 0.005873 s
currentSize : 21 <-- 0.039004 s
currentSize : 22 <-- 1.134821 s
currentSize : 23 <-- 104.414383 s
currentSize : 24 <-- 1319.218872 s

TIMEOUT
maxsize : 24
nodes : 744303854.000000
filtered : 7865290963.000000
time : 3600.000000
