Parameters: GAD=1 vflib=1 dir=1 label=1 lowerbound=1 fileNameGp=../graphsdb/mcs10/bvg/b03/mcs10_b03_s50.A25 fileNameGt=../graphsdb/mcs10/bvg/b03/mcs10_b03_s50.B25
Reading graphs...
50 : 75
50 : 75
Initializing...
maxdom : 12
D->valSize : 330
Solving...
Blb : 2 (clique : 19)
currentSize : 19 <-- 0.002351 s
currentSize : 20 <-- 0.008251 s
currentSize : 21 <-- 0.045549 s
currentSize : 22 <-- 6.551140 s
currentSize : 23 <-- 14.212973 s
currentSize : 24 <-- 159.969818 s

maxsize : 24
nodes : 55970007.000000
filtered : 612061759.000000
time : 259.750977
