Parameters: GAD=1 vflib=1 dir=1 label=1 lowerbound=1 fileNameGp=../graphsdb/mcs10/m2D/m2Dr6/mcs10_m2Dr6_s60.A33 fileNameGt=../graphsdb/mcs10/m2D/m2Dr6/mcs10_m2Dr6_s60.B33
Reading graphs...
60 : 140
60 : 139
Initializing...
maxdom : 9
D->valSize : 219
Solving...
Blb : 2 (clique : 16)
currentSize : 16 <-- 0.001637 s
currentSize : 17 <-- 0.002014 s
currentSize : 18 <-- 0.003941 s
currentSize : 19 <-- 7.406386 s
currentSize : 20 <-- 36.614365 s

maxsize : 20
nodes : 29814179.000000
filtered : 259097140.000000
time : 121.097313
