Parameters: GAD=1 vflib=1 dir=1 label=1 lowerbound=1 fileNameGp=../graphsdb/mcs10/bvg/b06/mcs10_b06_s70.A45 fileNameGt=../graphsdb/mcs10/bvg/b06/mcs10_b06_s70.B45
Reading graphs...
70 : 210
70 : 210
Initializing...
maxdom : 9
D->valSize : 270
Solving...
Blb : 3 (clique : 18)
currentSize : 18 <-- 0.002097 s
currentSize : 19 <-- 0.096911 s
currentSize : 20 <-- 0.410373 s
currentSize : 21 <-- 8.045112 s
currentSize : 22 <-- 394.100189 s
currentSize : 23 <-- 521.726318 s

maxsize : 23
nodes : 301500550.000000
filtered : 2287259290.000000
time : 1380.615112
