Parameters: GAD=1 vflib=1 dir=1 label=1 lowerbound=1 fileNameGp=../graphsdb/mcs10/m2D/m2Dr6/mcs10_m2Dr6_s50.A93 fileNameGt=../graphsdb/mcs10/m2D/m2Dr6/mcs10_m2Dr6_s50.B93
Reading graphs...
50 : 115
50 : 115
Initializing...
maxdom : 9
D->valSize : 338
Solving...
Blb : 2 (clique : 17)
currentSize : 17 <-- 0.002469 s
currentSize : 18 <-- 0.249822 s
currentSize : 19 <-- 0.444356 s
currentSize : 20 <-- 1.790368 s
currentSize : 21 <-- 82.226128 s
currentSize : 22 <-- 979.940552 s

maxsize : 22
nodes : 656381889.000000
filtered : 8242781314.000000
time : 2849.838379
