Parameters: GAD=1 vflib=1 dir=1 label=1 lowerbound=1 fileNameGp=../graphsdb/mcs10/m2D/m2Dr4/mcs10_m2Dr4_s50.A02 fileNameGt=../graphsdb/mcs10/m2D/m2Dr4/mcs10_m2Dr4_s50.B02
Reading graphs...
50 : 105
50 : 104
Initializing...
maxdom : 9
D->valSize : 306
Solving...
Blb : 2 (clique : 17)
currentSize : 17 <-- 0.002453 s
currentSize : 18 <-- 0.004362 s
currentSize : 19 <-- 1.883316 s
currentSize : 20 <-- 165.546402 s
currentSize : 21 <-- 187.021759 s
currentSize : 22 <-- 994.968933 s

maxsize : 22
nodes : 514705091.000000
filtered : 5732616976.000000
time : 2148.157227
