Parameters: GAD=1 vflib=1 dir=1 label=1 lowerbound=1 fileNameGp=../graphsdb/mcs10/m2D/m2D/mcs10_m2D_s50.A85 fileNameGt=../graphsdb/mcs10/m2D/m2D/mcs10_m2D_s50.B85
Reading graphs...
50 : 85
50 : 85
Initializing...
maxdom : 8
D->valSize : 313
Solving...
Blb : 2 (clique : 19)
currentSize : 19 <-- 0.002403 s
currentSize : 20 <-- 0.002533 s
currentSize : 21 <-- 0.454543 s
currentSize : 22 <-- 1.838989 s
currentSize : 23 <-- 172.704727 s
currentSize : 24 <-- 538.744141 s

maxsize : 24
nodes : 473547313.000000
filtered : 4805060594.000000
time : 1940.529663
