Parameters: GAD=1 vflib=1 dir=1 label=1 lowerbound=1 fileNameGp=../graphsdb/mcs10/bvg/b03m/mcs10_b03m_s90.A45 fileNameGt=../graphsdb/mcs10/bvg/b03m/mcs10_b03m_s90.B45
Reading graphs...
90 : 135
90 : 135
Initializing...
maxdom : 9
D->valSize : 514
Solving...
Blb : 2 (clique : 36)
currentSize : 36 <-- 0.005938 s
currentSize : 37 <-- 0.007952 s
currentSize : 38 <-- 0.593978 s
currentSize : 39 <-- 0.881048 s
currentSize : 40 <-- 642.128723 s
currentSize : 41 <-- 826.902466 s

TIMEOUT
maxsize : 41
nodes : 664407867.000000
filtered : 3927914263.000000
time : 3600.000000
