Parameters: GAD=1 vflib=1 dir=1 label=1 lowerbound=1 fileNameGp=../graphsdb/mcs10/bvg/b06m/mcs10_b06m_s100.A30 fileNameGt=../graphsdb/mcs10/bvg/b06m/mcs10_b06m_s100.B30
Reading graphs...
100 : 300
100 : 300
Initializing...
maxdom : 7
D->valSize : 311
Solving...
Blb : 2 (clique : 23)
currentSize : 23 <-- 0.002888 s
currentSize : 24 <-- 0.062046 s
currentSize : 25 <-- 0.120857 s
currentSize : 26 <-- 0.273174 s
currentSize : 27 <-- 3.497349 s
currentSize : 28 <-- 59.017231 s
currentSize : 29 <-- 93.204391 s
currentSize : 30 <-- 767.088806 s
currentSize : 31 <-- 1719.343994 s

TIMEOUT
maxsize : 31
nodes : 673459587.000000
filtered : 4432497555.000000
time : 3600.000000
