Parameters: GAD=1 vflib=1 dir=1 label=1 lowerbound=1 fileNameGp=../graphsdb/mcs10/bvg/b06m/mcs10_b06m_s70.A75 fileNameGt=../graphsdb/mcs10/bvg/b06m/mcs10_b06m_s70.B75
Reading graphs...
70 : 210
70 : 210
Initializing...
maxdom : 7
D->valSize : 323
Solving...
Blb : 5 (clique : 19)
currentSize : 19 <-- 0.002570 s
currentSize : 20 <-- 0.031072 s
currentSize : 21 <-- 0.678230 s
currentSize : 22 <-- 2.453061 s
currentSize : 23 <-- 36.410950 s
currentSize : 24 <-- 60.525047 s

TIMEOUT
maxsize : 24
nodes : 777759080.000000
filtered : 6888961114.000000
time : 3600.000000
