Parameters: GAD=1 vflib=1 dir=1 label=1 lowerbound=1 fileNameGp=../graphsdb/mcs10/bvg/b09m/mcs10_b09m_s100.A15 fileNameGt=../graphsdb/mcs10/bvg/b09m/mcs10_b09m_s100.B15
Reading graphs...
100 : 450
100 : 450
Initializing...
maxdom : 9
D->valSize : 318
Solving...
Blb : 2 (clique : 21)
currentSize : 21 <-- 0.004759 s
currentSize : 22 <-- 0.047308 s
currentSize : 23 <-- 0.132140 s
currentSize : 24 <-- 0.637232 s
currentSize : 25 <-- 3.231107 s
currentSize : 26 <-- 3.394553 s
currentSize : 27 <-- 30.213028 s
currentSize : 28 <-- 3274.286621 s

TIMEOUT
maxsize : 28
nodes : 636823561.000000
filtered : 4881621426.000000
time : 3600.000000
