Parameters: GAD=1 vflib=1 dir=1 label=1 lowerbound=1 fileNameGp=../graphsdb/mcs10/m3D/m3Dr6/mcs10_m3Dr6_s60.A86 fileNameGt=../graphsdb/mcs10/m3D/m3Dr6/mcs10_m3Dr6_s60.B86
Reading graphs...
60 : 170
60 : 168
Initializing...
maxdom : 7
D->valSize : 231
Solving...
Blb : 2 (clique : 15)
currentSize : 15 <-- 0.001707 s
currentSize : 16 <-- 0.001827 s
currentSize : 17 <-- 0.001894 s
currentSize : 18 <-- 0.008921 s
currentSize : 19 <-- 0.009038 s
currentSize : 20 <-- 0.009490 s
currentSize : 21 <-- 0.046739 s

maxsize : 21
nodes : 42137306.000000
filtered : 307129052.000000
time : 175.838120
