Parameters: GAD=1 vflib=1 dir=1 label=1 lowerbound=1 fileNameGp=../graphsdb/mcs10/m4D/m4Dr4/mcs10_m4Dr4_s100.A43 fileNameGt=../graphsdb/mcs10/m4D/m4Dr4/mcs10_m4Dr4_s100.B43
Reading graphs...
100 : 198
100 : 198
Initializing...
maxdom : 5
D->valSize : 326
Solving...
Blb : 5 (clique : 32)
currentSize : 32 <-- 0.005225 s
currentSize : 33 <-- 17.177000 s
currentSize : 34 <-- 17.181976 s
currentSize : 35 <-- 17.417711 s
currentSize : 36 <-- 24.945824 s
currentSize : 37 <-- 408.370270 s

TIMEOUT
maxsize : 37
nodes : 707958108.000000
filtered : 2746817206.000000
time : 3600.000000
