Parameters: GAD=1 vflib=1 dir=1 label=1 lowerbound=1 fileNameGp=../graphsdb/mcs10/m2D/m2Dr6/mcs10_m2Dr6_s90.A82 fileNameGt=../graphsdb/mcs10/m2D/m2Dr6/mcs10_m2Dr6_s90.B82
Reading graphs...
90 : 215
90 : 214
Initializing...
maxdom : 9
D->valSize : 517
Solving...
Blb : 2 (clique : 29)
currentSize : 29 <-- 0.009573 s
currentSize : 30 <-- 0.010407 s
currentSize : 31 <-- 0.011999 s
currentSize : 32 <-- 0.034780 s
currentSize : 33 <-- 0.035064 s
currentSize : 34 <-- 3505.280762 s

TIMEOUT
maxsize : 34
nodes : 699138330.000000
filtered : 5537382684.000000
time : 3600.000000
