Parameters: GAD=1 vflib=1 dir=1 label=1 lowerbound=1 fileNameGp=../graphsdb/mcs10/bvg/b03m/mcs10_b03m_s60.A90 fileNameGt=../graphsdb/mcs10/bvg/b03m/mcs10_b03m_s60.B90
Reading graphs...
60 : 90
60 : 90
Initializing...
maxdom : 8
D->valSize : 225
Solving...
Blb : 2 (clique : 22)
currentSize : 22 <-- 0.001570 s
currentSize : 23 <-- 0.020505 s
currentSize : 24 <-- 1.898861 s
currentSize : 25 <-- 87.022530 s
currentSize : 26 <-- 813.091003 s

maxsize : 26
nodes : 614431395.000000
filtered : 4016339047.000000
time : 2544.447754
