Parameters: GAD=1 vflib=1 dir=1 label=1 lowerbound=1 fileNameGp=../graphsdb/mcs10/rand/r005/mcs10_r005_s70.A76 fileNameGt=../graphsdb/mcs10/rand/r005/mcs10_r005_s70.B76
Reading graphs...
70 : 245
70 : 245
Initializing...
maxdom : 9
D->valSize : 314
Solving...
Blb : 2 (clique : 18)
currentSize : 18 <-- 0.002405 s
currentSize : 19 <-- 0.054686 s
currentSize : 20 <-- 0.723843 s
currentSize : 21 <-- 8.899567 s
currentSize : 22 <-- 755.215515 s

maxsize : 22
nodes : 431005911.000000
filtered : 4076148968.000000
time : 2041.919556
