Parameters: GAD=1 vflib=1 dir=1 label=1 lowerbound=1 fileNameGp=../graphsdb/mcs10/m3D/m3Dr6/mcs10_m3Dr6_s80.A85 fileNameGt=../graphsdb/mcs10/m3D/m3Dr6/mcs10_m3Dr6_s80.B85
Reading graphs...
80 : 232
80 : 231
Initializing...
maxdom : 8
D->valSize : 394
Solving...
Blb : 2 (clique : 21)
currentSize : 21 <-- 0.003676 s
currentSize : 23 <-- 0.004153 s
currentSize : 24 <-- 3.027111 s
currentSize : 25 <-- 20.303181 s
currentSize : 26 <-- 30.680864 s
currentSize : 27 <-- 1136.413330 s

TIMEOUT
maxsize : 27
nodes : 699722413.000000
filtered : 5373869011.000000
time : 3600.000000
