Parameters: GAD=1 vflib=1 dir=1 label=1 lowerbound=1 fileNameGp=../graphsdb/mcs10/m4D/m4Dr6/mcs10_m4Dr6_s100.A23 fileNameGt=../graphsdb/mcs10/m4D/m4Dr6/mcs10_m4Dr6_s100.B23
Reading graphs...
100 : 219
100 : 219
Initializing...
maxdom : 7
D->valSize : 375
Solving...
Blb : 5 (clique : 31)
currentSize : 31 <-- 0.006296 s
currentSize : 32 <-- 0.034084 s
currentSize : 33 <-- 2.545691 s
currentSize : 34 <-- 8.852357 s
currentSize : 35 <-- 13.106496 s
currentSize : 36 <-- 81.348289 s

TIMEOUT
maxsize : 36
nodes : 680866485.000000
filtered : 3943543398.000000
time : 3600.000000
