Parameters: GAD=1 vflib=1 dir=1 label=1 lowerbound=1 fileNameGp=../graphsdb/mcs10/m4D/m4Dr4/mcs10_m4Dr4_s100.A87 fileNameGt=../graphsdb/mcs10/m4D/m4Dr4/mcs10_m4Dr4_s100.B87
Reading graphs...
100 : 199
100 : 198
Initializing...
maxdom : 7
D->valSize : 297
Solving...
Blb : 2 (clique : 33)
currentSize : 33 <-- 0.002911 s
currentSize : 34 <-- 0.003204 s
currentSize : 35 <-- 0.034316 s
currentSize : 36 <-- 16.688635 s
currentSize : 37 <-- 47.562321 s
currentSize : 38 <-- 391.593719 s

TIMEOUT
maxsize : 38
nodes : 681815038.000000
filtered : 3406485379.000000
time : 3600.000000
