Parameters: GAD=1 vflib=1 dir=1 label=1 lowerbound=1 fileNameGp=../graphsdb/mcs10/bvg/b03/mcs10_b03_s50.A56 fileNameGt=../graphsdb/mcs10/bvg/b03/mcs10_b03_s50.B56
Reading graphs...
50 : 75
50 : 75
Initializing...
maxdom : 9
D->valSize : 325
Solving...
Blb : 2 (clique : 18)
currentSize : 18 <-- 0.002313 s
currentSize : 19 <-- 0.002430 s
currentSize : 20 <-- 0.003969 s
currentSize : 21 <-- 0.274445 s
currentSize : 22 <-- 0.681420 s
currentSize : 23 <-- 0.757984 s
currentSize : 24 <-- 2.552517 s
currentSize : 25 <-- 68.468765 s

TIMEOUT
maxsize : 25
nodes : 828878179.000000
filtered : 9948615981.000000
time : 3600.000000
