Parameters: GAD=1 vflib=1 dir=1 label=1 lowerbound=1 fileNameGp=../graphsdb/mcs10/rand/r005/mcs10_r005_s80.A49 fileNameGt=../graphsdb/mcs10/rand/r005/mcs10_r005_s80.B49
Reading graphs...
80 : 321
80 : 321
Initializing...
maxdom : 9
D->valSize : 415
Solving...
Blb : 3 (clique : 17)
currentSize : 17 <-- 0.003868 s
currentSize : 18 <-- 0.011867 s
currentSize : 19 <-- 0.013081 s
currentSize : 20 <-- 0.021826 s
currentSize : 21 <-- 1.347325 s
currentSize : 22 <-- 9.703941 s
currentSize : 23 <-- 985.024963 s

TIMEOUT
maxsize : 23
nodes : 715736573.000000
filtered : 6226535997.000000
time : 3600.000000
