Parameters: GAD=1 vflib=1 dir=1 label=1 lowerbound=1 fileNameGp=../graphsdb/mcs10/m4D/m4Dr6/mcs10_m4Dr6_s100.A73 fileNameGt=../graphsdb/mcs10/m4D/m4Dr6/mcs10_m4Dr6_s100.B73
Reading graphs...
100 : 219
100 : 219
Initializing...
maxdom : 6
D->valSize : 308
Solving...
Blb : 2 (clique : 28)
currentSize : 28 <-- 0.004886 s
currentSize : 29 <-- 0.005880 s
currentSize : 30 <-- 0.007894 s
currentSize : 31 <-- 0.058114 s
currentSize : 32 <-- 3.417236 s
currentSize : 33 <-- 21.205408 s
currentSize : 34 <-- 411.565979 s

TIMEOUT
maxsize : 34
nodes : 692401418.000000
filtered : 2960913332.000000
time : 3600.000000
