Parameters: GAD=1 vflib=1 dir=1 label=1 lowerbound=1 fileNameGp=../graphsdb/mcs10/m2D/m2Dr6/mcs10_m2Dr6_s60.A58 fileNameGt=../graphsdb/mcs10/m2D/m2Dr6/mcs10_m2Dr6_s60.B58
Reading graphs...
60 : 140
60 : 138
Initializing...
maxdom : 10
D->valSize : 213
Solving...
Blb : 2 (clique : 17)
currentSize : 17 <-- 0.002268 s
currentSize : 18 <-- 0.005199 s
currentSize : 19 <-- 0.146098 s
currentSize : 20 <-- 0.383045 s
currentSize : 21 <-- 3.238970 s
currentSize : 22 <-- 7.782579 s

maxsize : 22
nodes : 4189674.000000
filtered : 33775533.000000
time : 18.727627
