Parameters: GAD=1 vflib=1 dir=1 label=1 lowerbound=1 fileNameGp=../graphsdb/mcs10/rand/r01/mcs10_r01_s70.A95 fileNameGt=../graphsdb/mcs10/rand/r01/mcs10_r01_s70.B95
Reading graphs...
70 : 485
70 : 485
Initializing...
maxdom : 8
D->valSize : 291
Solving...
Blb : 2 (clique : 11)
currentSize : 11 <-- 0.003427 s
currentSize : 12 <-- 0.003569 s
currentSize : 13 <-- 0.013100 s
currentSize : 14 <-- 0.142002 s
currentSize : 15 <-- 1.154928 s

maxsize : 15
nodes : 5686090.000000
filtered : 56329852.000000
time : 26.629871
