Parameters: GAD=1 vflib=1 dir=1 label=1 lowerbound=1 fileNameGp=../graphsdb/mcs10/rand/r02/mcs10_r02_s100.A75 fileNameGt=../graphsdb/mcs10/rand/r02/mcs10_r02_s100.B75
Reading graphs...
100 : 1979
100 : 1979
Initializing...
maxdom : 7
D->valSize : 348
Solving...
Blb : 2 (clique : 7)
currentSize : 7 <-- 0.003505 s
currentSize : 8 <-- 0.003714 s
currentSize : 9 <-- 0.007355 s
currentSize : 10 <-- 0.008060 s
currentSize : 11 <-- 1.418322 s

maxsize : 11
nodes : 452778.000000
filtered : 4554432.000000
time : 2.591618
