Parameters: GAD=1 vflib=1 dir=1 label=1 lowerbound=1 fileNameGp=../graphsdb/mcs10/rand/r005/mcs10_r005_s50.A28 fileNameGt=../graphsdb/mcs10/rand/r005/mcs10_r005_s50.B28
Reading graphs...
50 : 125
50 : 125
Initializing...
maxdom : 9
D->valSize : 300
Solving...
Blb : 2 (clique : 16)
currentSize : 16 <-- 0.003308 s
currentSize : 17 <-- 0.003791 s
currentSize : 18 <-- 0.007136 s
currentSize : 19 <-- 0.141077 s
currentSize : 20 <-- 3.197837 s
currentSize : 21 <-- 4.284262 s

maxsize : 21
nodes : 21205813.000000
filtered : 278267709.000000
time : 94.845238
