Parameters: GAD=1 vflib=1 dir=1 label=1 lowerbound=1 fileNameGp=../graphsdb/mcs10/m2D/m2Dr6/mcs10_m2Dr6_s50.A45 fileNameGt=../graphsdb/mcs10/m2D/m2Dr6/mcs10_m2Dr6_s50.B45
Reading graphs...
50 : 114
50 : 113
Initializing...
maxdom : 9
D->valSize : 329
Solving...
Blb : 2 (clique : 17)
currentSize : 17 <-- 0.003838 s
currentSize : 18 <-- 0.397627 s
currentSize : 19 <-- 33.839973 s
currentSize : 20 <-- 60.596512 s
currentSize : 21 <-- 2190.842529 s

maxsize : 21
nodes : 713421541.000000
filtered : 8428346589.000000
time : 3033.622314
