Parameters: GAD=1 vflib=1 dir=1 label=1 lowerbound=1 fileNameGp=../graphsdb/mcs10/m3D/m3Dr6/mcs10_m3Dr6_s60.A11 fileNameGt=../graphsdb/mcs10/m3D/m3Dr6/mcs10_m3Dr6_s60.B11
Reading graphs...
60 : 170
60 : 168
Initializing...
maxdom : 9
D->valSize : 200
Solving...
Blb : 2 (clique : 15)
currentSize : 15 <-- 0.001491 s
currentSize : 16 <-- 0.001620 s
currentSize : 17 <-- 0.001712 s
currentSize : 18 <-- 0.002036 s
currentSize : 19 <-- 0.100822 s
currentSize : 20 <-- 23.780355 s

maxsize : 20
nodes : 9327518.000000
filtered : 63737737.000000
time : 38.894295
