Parameters: GAD=1 vflib=1 dir=1 label=1 lowerbound=1 fileNameGp=../graphsdb/mcs10/bvg/b06m/mcs10_b06m_s70.A07 fileNameGt=../graphsdb/mcs10/bvg/b06m/mcs10_b06m_s70.B07
Reading graphs...
70 : 210
70 : 210
Initializing...
maxdom : 8
D->valSize : 331
Solving...
Blb : 2 (clique : 17)
currentSize : 17 <-- 0.004315 s
currentSize : 18 <-- 0.004509 s
currentSize : 19 <-- 0.004587 s
currentSize : 20 <-- 0.004720 s
currentSize : 21 <-- 0.083905 s
currentSize : 22 <-- 0.214499 s
currentSize : 23 <-- 2.312135 s
currentSize : 24 <-- 9.030738 s
currentSize : 25 <-- 451.996155 s

TIMEOUT
maxsize : 25
nodes : 720019111.000000
filtered : 7170941134.000000
time : 3600.000000
