Parameters: GAD=1 vflib=1 dir=1 label=1 lowerbound=1 fileNameGp=../graphsdb/mcs10/rand/r005/mcs10_r005_s50.A14 fileNameGt=../graphsdb/mcs10/rand/r005/mcs10_r005_s50.B14
Reading graphs...
50 : 125
50 : 125
Initializing...
maxdom : 9
D->valSize : 305
Solving...
Blb : 2 (clique : 14)
currentSize : 14 <-- 0.002349 s
currentSize : 15 <-- 0.002524 s
currentSize : 16 <-- 0.002720 s
currentSize : 17 <-- 0.038928 s
currentSize : 18 <-- 3.977688 s
currentSize : 19 <-- 430.363586 s

maxsize : 19
nodes : 170453937.000000
filtered : 1773434871.000000
time : 691.196167
