Parameters: GAD=1 vflib=1 dir=1 label=1 lowerbound=1 fileNameGp=../graphsdb/mcs10/bvg/b06m/mcs10_b06m_s80.A47 fileNameGt=../graphsdb/mcs10/bvg/b06m/mcs10_b06m_s80.B47
Reading graphs...
80 : 240
80 : 240
Initializing...
maxdom : 9
D->valSize : 411
Solving...
Blb : 2 (clique : 21)
currentSize : 21 <-- 0.003854 s
currentSize : 22 <-- 0.004071 s
currentSize : 23 <-- 0.005014 s
currentSize : 24 <-- 0.013498 s
currentSize : 25 <-- 2.976749 s
currentSize : 26 <-- 273.231689 s
currentSize : 27 <-- 824.890625 s

TIMEOUT
maxsize : 27
nodes : 746310495.000000
filtered : 5548651738.000000
time : 3600.000000
