Parameters: GAD=1 vflib=1 dir=1 label=1 lowerbound=1 fileNameGp=../graphsdb/mcs10/bvg/b09m/mcs10_b09m_s100.A42 fileNameGt=../graphsdb/mcs10/bvg/b09m/mcs10_b09m_s100.B42
Reading graphs...
100 : 450
100 : 450
Initializing...
maxdom : 7
D->valSize : 365
Solving...
Blb : 2 (clique : 21)
currentSize : 21 <-- 0.005707 s
currentSize : 22 <-- 0.009107 s
currentSize : 23 <-- 0.038417 s
currentSize : 24 <-- 0.177778 s
currentSize : 25 <-- 54.303169 s
currentSize : 26 <-- 923.460938 s

TIMEOUT
maxsize : 26
nodes : 650684101.000000
filtered : 4808400235.000000
time : 3600.000000
