Parameters: GAD=1 vflib=1 dir=1 label=1 lowerbound=1 fileNameGp=../graphsdb/mcs10/rand/r005/mcs10_r005_s70.A06 fileNameGt=../graphsdb/mcs10/rand/r005/mcs10_r005_s70.B06
Reading graphs...
70 : 245
70 : 245
Initializing...
maxdom : 7
D->valSize : 301
Solving...
Blb : 2 (clique : 16)
currentSize : 16 <-- 0.003982 s
currentSize : 17 <-- 0.004207 s
currentSize : 18 <-- 0.004471 s
currentSize : 19 <-- 0.005466 s
currentSize : 20 <-- 0.308237 s
currentSize : 21 <-- 10.703962 s
currentSize : 22 <-- 40.855946 s

maxsize : 22
nodes : 151201910.000000
filtered : 1321237950.000000
time : 708.263062
