Parameters: GAD=1 vflib=1 dir=1 label=1 lowerbound=1 fileNameGp=../graphsdb/mcs10/bvg/b09/mcs10_b09_s100.A52 fileNameGt=../graphsdb/mcs10/bvg/b09/mcs10_b09_s100.B52
Reading graphs...
100 : 450
100 : 450
Initializing...
maxdom : 8
D->valSize : 349
Solving...
Blb : 2 (clique : 21)
currentSize : 21 <-- 0.003257 s
currentSize : 22 <-- 0.003643 s
currentSize : 23 <-- 0.013107 s
currentSize : 24 <-- 1.057426 s
currentSize : 25 <-- 37.846115 s
currentSize : 26 <-- 216.018951 s
currentSize : 27 <-- 1026.472046 s

TIMEOUT
maxsize : 27
nodes : 621608068.000000
filtered : 5922731741.000000
time : 3600.000000
