Parameters: GAD=1 vflib=1 dir=1 label=1 lowerbound=1 fileNameGp=../graphsdb/mcs10/m2D/m2Dr6/mcs10_m2Dr6_s90.A92 fileNameGt=../graphsdb/mcs10/m2D/m2Dr6/mcs10_m2Dr6_s90.B92
Reading graphs...
90 : 215
90 : 213
Initializing...
maxdom : 14
D->valSize : 500
Solving...
Blb : 2 (clique : 27)
currentSize : 27 <-- 0.009023 s
currentSize : 28 <-- 0.009949 s
currentSize : 29 <-- 0.035388 s
currentSize : 30 <-- 25.655985 s
currentSize : 31 <-- 25.661407 s
currentSize : 32 <-- 3021.216553 s

TIMEOUT
maxsize : 32
nodes : 741397443.000000
filtered : 4170855385.000000
time : 3600.000000
