Parameters: GAD=1 vflib=1 dir=1 label=1 lowerbound=1 fileNameGp=../graphsdb/mcs10/rand/r005/mcs10_r005_s50.A83 fileNameGt=../graphsdb/mcs10/rand/r005/mcs10_r005_s50.B83
Reading graphs...
50 : 125
50 : 125
Initializing...
maxdom : 9
D->valSize : 294
Solving...
Blb : 2 (clique : 15)
currentSize : 15 <-- 0.003138 s
currentSize : 16 <-- 0.297271 s
currentSize : 17 <-- 0.648370 s
currentSize : 18 <-- 6.627408 s
currentSize : 19 <-- 25.842562 s

maxsize : 19
nodes : 45473112.000000
filtered : 538342777.000000
time : 191.859238
