Parameters: GAD=1 vflib=1 dir=1 label=1 lowerbound=1 fileNameGp=../graphsdb/mcs10/m2D/m2Dr6/mcs10_m2Dr6_s80.A34 fileNameGt=../graphsdb/mcs10/m2D/m2Dr6/mcs10_m2Dr6_s80.B34
Reading graphs...
80 : 190
80 : 188
Initializing...
maxdom : 8
D->valSize : 396
Solving...
Blb : 2 (clique : 21)
currentSize : 21 <-- 0.003744 s
currentSize : 22 <-- 0.004250 s
currentSize : 23 <-- 1.330040 s
currentSize : 25 <-- 3.673911 s
currentSize : 26 <-- 4.323364 s
currentSize : 27 <-- 226.607407 s
currentSize : 28 <-- 229.786575 s

TIMEOUT
maxsize : 28
nodes : 653941980.000000
filtered : 6525885844.000000
time : 3600.000000
