Parameters: GAD=1 vflib=1 dir=1 label=1 lowerbound=1 fileNameGp=../graphsdb/mcs10/m2D/m2Dr6/mcs10_m2Dr6_s100.A65 fileNameGt=../graphsdb/mcs10/m2D/m2Dr6/mcs10_m2Dr6_s100.B65
Reading graphs...
100 : 240
100 : 240
Initializing...
maxdom : 10
D->valSize : 367
Solving...
Blb : 2 (clique : 29)
currentSize : 29 <-- 0.003671 s
currentSize : 30 <-- 0.072287 s
currentSize : 31 <-- 0.211563 s
currentSize : 32 <-- 9.190504 s
currentSize : 33 <-- 297.225159 s
currentSize : 34 <-- 637.466492 s

TIMEOUT
maxsize : 34
nodes : 676854175.000000
filtered : 3687464335.000000
time : 3600.000000
