Parameters: GAD=1 vflib=1 dir=1 label=1 lowerbound=1 fileNameGp=../graphsdb/mcs10/m3D/m3Dr6/mcs10_m3Dr6_s80.A71 fileNameGt=../graphsdb/mcs10/m3D/m3Dr6/mcs10_m3Dr6_s80.B71
Reading graphs...
80 : 232
80 : 231
Initializing...
maxdom : 9
D->valSize : 406
Solving...
Blb : 2 (clique : 23)
currentSize : 23 <-- 0.006151 s
currentSize : 24 <-- 0.012350 s
currentSize : 25 <-- 10.680472 s
currentSize : 26 <-- 14.359800 s
currentSize : 27 <-- 27.649267 s
currentSize : 28 <-- 28.380650 s

TIMEOUT
maxsize : 28
nodes : 756653606.000000
filtered : 5566337929.000000
time : 3600.000000
