Parameters: GAD=1 vflib=1 dir=1 label=1 lowerbound=1 fileNameGp=../graphsdb/mcs10/bvg/b03/mcs10_b03_s100.A75 fileNameGt=../graphsdb/mcs10/bvg/b03/mcs10_b03_s100.B75
Reading graphs...
100 : 150
100 : 150
Initializing...
maxdom : 7
D->valSize : 344
Solving...
Blb : 2 (clique : 35)
currentSize : 35 <-- 0.003472 s
currentSize : 37 <-- 0.003728 s
currentSize : 38 <-- 0.003912 s
currentSize : 39 <-- 0.023842 s
currentSize : 40 <-- 0.085703 s
currentSize : 41 <-- 788.208679 s

TIMEOUT
maxsize : 41
nodes : 647570153.000000
filtered : 3584901705.000000
time : 3600.000000
