Parameters: GAD=1 vflib=1 dir=1 label=1 lowerbound=1 fileNameGp=../graphsdb/mcs10/rand/r005/mcs10_r005_s100.A00 fileNameGt=../graphsdb/mcs10/rand/r005/mcs10_r005_s100.B00
Reading graphs...
100 : 500
100 : 500
Initializing...
maxdom : 7
D->valSize : 336
Solving...
Blb : 2 (clique : 16)
currentSize : 16 <-- 0.003153 s
currentSize : 17 <-- 0.003380 s
currentSize : 18 <-- 0.003806 s
currentSize : 19 <-- 0.003933 s
currentSize : 20 <-- 0.006476 s
currentSize : 21 <-- 0.926683 s
currentSize : 22 <-- 3.927274 s
currentSize : 23 <-- 31.495062 s
currentSize : 24 <-- 64.596092 s
currentSize : 25 <-- 3494.813477 s

TIMEOUT
maxsize : 25
nodes : 651709237.000000
filtered : 4210333291.000000
time : 3600.000000
