Parameters: GAD=1 vflib=1 dir=1 label=1 lowerbound=1 fileNameGp=../graphsdb/mcs10/m2D/m2Dr6/mcs10_m2Dr6_s60.A67 fileNameGt=../graphsdb/mcs10/m2D/m2Dr6/mcs10_m2Dr6_s60.B67
Reading graphs...
60 : 140
60 : 139
Initializing...
maxdom : 8
D->valSize : 226
Solving...
Blb : 2 (clique : 18)
currentSize : 18 <-- 0.001790 s
currentSize : 19 <-- 0.002752 s
currentSize : 20 <-- 0.009133 s
currentSize : 21 <-- 0.048443 s
currentSize : 22 <-- 2.687746 s
currentSize : 23 <-- 33.393719 s

maxsize : 23
nodes : 59352778.000000
filtered : 476082745.000000
time : 251.304611
