Parameters: GAD=1 vflib=1 dir=1 label=1 lowerbound=1 fileNameGp=../graphsdb/mcs10/m3D/m3Dr2/mcs10_m3Dr2_s90.A82 fileNameGt=../graphsdb/mcs10/m3D/m3Dr2/mcs10_m3Dr2_s90.B82
Reading graphs...
90 : 227
90 : 227
Initializing...
maxdom : 10
D->valSize : 535
Solving...
Blb : 2 (clique : 28)
currentSize : 28 <-- 0.006373 s
currentSize : 29 <-- 0.015549 s
currentSize : 30 <-- 0.055218 s
currentSize : 31 <-- 0.055289 s
currentSize : 32 <-- 1.969858 s
currentSize : 33 <-- 6.455621 s
currentSize : 34 <-- 9.760544 s

TIMEOUT
maxsize : 34
nodes : 729878005.000000
filtered : 4855652129.000000
time : 3600.000000
