Parameters: GAD=1 vflib=1 dir=1 label=1 lowerbound=1 fileNameGp=../graphsdb/mcs10/bvg/b06m/mcs10_b06m_s90.A69 fileNameGt=../graphsdb/mcs10/bvg/b06m/mcs10_b06m_s90.B69
Reading graphs...
90 : 270
90 : 270
Initializing...
maxdom : 11
D->valSize : 501
Solving...
Blb : 3 (clique : 24)
currentSize : 24 <-- 0.005531 s
currentSize : 25 <-- 10.669611 s
currentSize : 26 <-- 14.086714 s
currentSize : 27 <-- 25.154436 s
currentSize : 28 <-- 73.594238 s
currentSize : 29 <-- 80.019226 s
currentSize : 30 <-- 81.025970 s
currentSize : 31 <-- 1746.784790 s

TIMEOUT
maxsize : 31
nodes : 628986363.000000
filtered : 7087951785.000000
time : 3600.000000
