Parameters: GAD=1 vflib=1 dir=1 label=1 lowerbound=1 fileNameGp=../graphsdb/mcs10/rand/r005/mcs10_r005_s50.A45 fileNameGt=../graphsdb/mcs10/rand/r005/mcs10_r005_s50.B45
Reading graphs...
50 : 125
50 : 125
Initializing...
maxdom : 8
D->valSize : 306
Solving...
Blb : 2 (clique : 14)
currentSize : 14 <-- 0.002407 s
currentSize : 15 <-- 0.002645 s
currentSize : 16 <-- 0.007299 s
currentSize : 17 <-- 0.321467 s
currentSize : 18 <-- 3.591304 s
currentSize : 19 <-- 60.810753 s

maxsize : 19
nodes : 126760665.000000
filtered : 1463617604.000000
time : 557.863525
