Parameters: GAD=1 vflib=1 dir=1 label=1 lowerbound=1 fileNameGp=../graphsdb/mcs10/rand/r01/mcs10_r01_s80.A78 fileNameGt=../graphsdb/mcs10/rand/r01/mcs10_r01_s80.B78
Reading graphs...
80 : 634
80 : 634
Initializing...
maxdom : 11
D->valSize : 423
Solving...
Blb : 2 (clique : 13)
currentSize : 13 <-- 0.003810 s
currentSize : 14 <-- 0.051096 s
currentSize : 15 <-- 0.182505 s
currentSize : 16 <-- 1.898174 s
currentSize : 17 <-- 143.391815 s

maxsize : 17
nodes : 71718842.000000
filtered : 861653445.000000
time : 380.207550
