Parameters: GAD=1 vflib=1 dir=1 label=1 lowerbound=1 fileNameGp=../graphsdb/mcs10/bvg/b03m/mcs10_b03m_s60.A73 fileNameGt=../graphsdb/mcs10/bvg/b03m/mcs10_b03m_s60.B73
Reading graphs...
60 : 90
60 : 90
Initializing...
maxdom : 7
D->valSize : 241
Solving...
Blb : 2 (clique : 21)
currentSize : 21 <-- 0.001671 s
currentSize : 22 <-- 0.001867 s
currentSize : 23 <-- 0.005498 s
currentSize : 24 <-- 0.034886 s
currentSize : 25 <-- 0.047797 s
currentSize : 26 <-- 0.609413 s
currentSize : 27 <-- 195.625244 s
currentSize : 28 <-- 2119.122070 s

maxsize : 28
nodes : 588329191.000000
filtered : 4247880561.000000
time : 2503.064209
