Parameters: GAD=1 vflib=1 dir=1 label=1 lowerbound=1 fileNameGp=../graphsdb/mcs10/bvg/b06/mcs10_b06_s90.A32 fileNameGt=../graphsdb/mcs10/bvg/b06/mcs10_b06_s90.B32
Reading graphs...
90 : 270
90 : 270
Initializing...
maxdom : 11
D->valSize : 487
Solving...
Blb : 2 (clique : 23)
currentSize : 23 <-- 0.008515 s
currentSize : 24 <-- 0.009265 s
currentSize : 25 <-- 0.009498 s
currentSize : 26 <-- 0.200685 s
currentSize : 27 <-- 2.408505 s
currentSize : 28 <-- 318.607513 s
currentSize : 29 <-- 507.409546 s

TIMEOUT
maxsize : 29
nodes : 690331502.000000
filtered : 5501345328.000000
time : 3600.000000
