Parameters: GAD=1 vflib=1 dir=1 label=1 lowerbound=1 fileNameGp=../graphsdb/mcs10/m2D/m2Dr4/mcs10_m2Dr4_s80.A19 fileNameGt=../graphsdb/mcs10/m2D/m2Dr4/mcs10_m2Dr4_s80.B19
Reading graphs...
80 : 174
80 : 173
Initializing...
maxdom : 10
D->valSize : 446
Solving...
Blb : 2 (clique : 24)
currentSize : 24 <-- 0.007395 s
currentSize : 25 <-- 0.007882 s
currentSize : 26 <-- 0.012290 s
currentSize : 27 <-- 0.012788 s
currentSize : 28 <-- 0.117690 s
currentSize : 29 <-- 1.954736 s
currentSize : 30 <-- 41.457207 s
currentSize : 31 <-- 811.436218 s

TIMEOUT
maxsize : 31
nodes : 759495936.000000
filtered : 5105778194.000000
time : 3600.000000
