Parameters: GAD=1 vflib=1 dir=1 label=1 lowerbound=1 fileNameGp=../graphsdb/mcs10/rand/r01/mcs10_r01_s60.A42 fileNameGt=../graphsdb/mcs10/rand/r01/mcs10_r01_s60.B42
Reading graphs...
60 : 356
60 : 356
Initializing...
maxdom : 8
D->valSize : 242
Solving...
Blb : 2 (clique : 10)
currentSize : 10 <-- 0.001624 s
currentSize : 11 <-- 0.001760 s
currentSize : 12 <-- 0.002126 s
currentSize : 13 <-- 0.011677 s
currentSize : 14 <-- 0.092446 s

maxsize : 14
nodes : 992311.000000
filtered : 10366297.000000
time : 4.510023
