Parameters: GAD=1 vflib=1 dir=1 label=1 lowerbound=1 fileNameGp=../graphsdb/mcs10/rand/r005/mcs10_r005_s40.A72 fileNameGt=../graphsdb/mcs10/rand/r005/mcs10_r005_s40.B72
Reading graphs...
40 : 81
40 : 81
Initializing...
maxdom : 9
D->valSize : 200
Solving...
Blb : 2 (clique : 13)
currentSize : 13 <-- 0.001444 s
currentSize : 14 <-- 0.001577 s
currentSize : 15 <-- 0.002016 s
currentSize : 16 <-- 0.132295 s
currentSize : 17 <-- 0.171630 s

maxsize : 17
nodes : 802962.000000
filtered : 7841967.000000
time : 3.159239
