Parameters: GAD=1 vflib=1 dir=1 label=1 lowerbound=1 fileNameGp=../graphsdb/mcs10/rand/r01/mcs10_r01_s80.A82 fileNameGt=../graphsdb/mcs10/rand/r01/mcs10_r01_s80.B82
Reading graphs...
80 : 634
80 : 634
Initializing...
maxdom : 9
D->valSize : 431
Solving...
Blb : 2 (clique : 11)
currentSize : 11 <-- 0.006197 s
currentSize : 13 <-- 0.006517 s
currentSize : 14 <-- 0.007230 s
currentSize : 15 <-- 0.167690 s
currentSize : 16 <-- 0.489335 s
currentSize : 17 <-- 65.226265 s

maxsize : 17
nodes : 81270634.000000
filtered : 1033727212.000000
time : 437.263428
