Parameters: GAD=1 vflib=1 dir=1 label=1 lowerbound=1 fileNameGp=../graphsdb/mcs10/m2D/m2Dr6/mcs10_m2Dr6_s100.A88 fileNameGt=../graphsdb/mcs10/m2D/m2Dr6/mcs10_m2Dr6_s100.B88
Reading graphs...
100 : 240
100 : 239
Initializing...
maxdom : 8
D->valSize : 323
Solving...
Blb : 2 (clique : 26)
currentSize : 26 <-- 0.003394 s
currentSize : 27 <-- 0.003647 s
currentSize : 28 <-- 0.004423 s
currentSize : 29 <-- 0.009585 s
currentSize : 30 <-- 0.018743 s
currentSize : 31 <-- 0.451229 s
currentSize : 32 <-- 32.971233 s

TIMEOUT
maxsize : 32
nodes : 639659086.000000
filtered : 3504565783.000000
time : 3600.000000
