Parameters: GAD=1 vflib=1 dir=1 label=1 lowerbound=1 fileNameGp=../graphsdb/mcs10/m2D/m2Dr4/mcs10_m2Dr4_s70.A71 fileNameGt=../graphsdb/mcs10/m2D/m2Dr4/mcs10_m2Dr4_s70.B71
Reading graphs...
70 : 151
70 : 151
Initializing...
maxdom : 8
D->valSize : 306
Solving...
Blb : 2 (clique : 20)
currentSize : 20 <-- 0.002589 s
currentSize : 21 <-- 0.004413 s
currentSize : 22 <-- 0.005001 s
currentSize : 23 <-- 0.007182 s
currentSize : 24 <-- 1.418204 s
currentSize : 25 <-- 1043.905029 s

TIMEOUT
maxsize : 25
nodes : 871221106.000000
filtered : 6233431263.000000
time : 3600.000000
