Parameters: GAD=1 vflib=1 dir=1 label=1 lowerbound=1 fileNameGp=../graphsdb/mcs10/bvg/b06m/mcs10_b06m_s80.A48 fileNameGt=../graphsdb/mcs10/bvg/b06m/mcs10_b06m_s80.B48
Reading graphs...
80 : 240
80 : 240
Initializing...
maxdom : 9
D->valSize : 389
Solving...
Blb : 2 (clique : 21)
currentSize : 21 <-- 0.003565 s
currentSize : 22 <-- 0.003724 s
currentSize : 23 <-- 0.003765 s
currentSize : 24 <-- 2.090290 s
currentSize : 25 <-- 5.071094 s
currentSize : 26 <-- 5.169559 s
currentSize : 27 <-- 7.580543 s

TIMEOUT
maxsize : 27
nodes : 761212753.000000
filtered : 5784928485.000000
time : 3600.000000
