Parameters: GAD=1 vflib=1 dir=1 label=1 lowerbound=1 fileNameGp=../graphsdb/mcs10/bvg/b03/mcs10_b03_s40.A62 fileNameGt=../graphsdb/mcs10/bvg/b03/mcs10_b03_s40.B62
Reading graphs...
40 : 60
40 : 60
Initializing...
maxdom : 9
D->valSize : 172
Solving...
Blb : 2 (clique : 15)
currentSize : 15 <-- 0.000971 s
currentSize : 16 <-- 0.001062 s
currentSize : 17 <-- 0.001191 s
currentSize : 18 <-- 0.001292 s
currentSize : 19 <-- 0.020630 s

maxsize : 19
nodes : 295292.000000
filtered : 2593297.000000
time : 1.656995
