Parameters: GAD=1 vflib=1 dir=1 label=1 lowerbound=1 fileNameGp=../graphsdb/mcs10/m2D/m2D/mcs10_m2D_s100.A50 fileNameGt=../graphsdb/mcs10/m2D/m2D/mcs10_m2D_s100.B50
Reading graphs...
100 : 180
100 : 180
Initializing...
maxdom : 7
D->valSize : 329
Solving...
Blb : 2 (clique : 32)
currentSize : 32 <-- 0.003209 s
currentSize : 33 <-- 0.055213 s
currentSize : 34 <-- 1.457593 s
currentSize : 35 <-- 20.256811 s
currentSize : 36 <-- 36.367439 s
currentSize : 37 <-- 3335.557373 s

TIMEOUT
maxsize : 37
nodes : 641423657.000000
filtered : 3676418347.000000
time : 3600.000000
