Parameters: GAD=1 vflib=1 dir=1 label=1 lowerbound=1 fileNameGp=../graphsdb/mcs10/m3D/m3Dr2/mcs10_m3Dr2_s90.A76 fileNameGt=../graphsdb/mcs10/m3D/m3Dr2/mcs10_m3Dr2_s90.B76
Reading graphs...
90 : 227
90 : 227
Initializing...
maxdom : 10
D->valSize : 539
Solving...
Blb : 2 (clique : 26)
currentSize : 26 <-- 0.006161 s
currentSize : 27 <-- 0.006443 s
currentSize : 28 <-- 0.006538 s
currentSize : 29 <-- 0.006832 s
currentSize : 30 <-- 0.007126 s
currentSize : 31 <-- 1.412684 s
currentSize : 32 <-- 2290.281982 s

TIMEOUT
maxsize : 32
nodes : 734573376.000000
filtered : 4678129756.000000
time : 3600.000000
