Parameters: GAD=1 vflib=1 dir=1 label=1 lowerbound=1 fileNameGp=../graphsdb/mcs10/rand/r005/mcs10_r005_s30.A60 fileNameGt=../graphsdb/mcs10/rand/r005/mcs10_r005_s30.B60
Reading graphs...
30 : 45
30 : 45
Initializing...
maxdom : 7
D->valSize : 116
Solving...
Blb : 2 (clique : 9)
currentSize : 9 <-- 0.000655 s
currentSize : 10 <-- 0.000718 s
currentSize : 11 <-- 0.000807 s
currentSize : 12 <-- 0.002207 s
currentSize : 13 <-- 0.002909 s
currentSize : 14 <-- 0.010652 s

maxsize : 14
nodes : 29994.000000
filtered : 240296.000000
time : 0.098184
