Parameters: GAD=1 vflib=1 dir=1 label=1 lowerbound=1 fileNameGp=../graphsdb/mcs10/rand/r005/mcs10_r005_s60.A65 fileNameGt=../graphsdb/mcs10/rand/r005/mcs10_r005_s60.B65
Reading graphs...
60 : 181
60 : 181
Initializing...
maxdom : 9
D->valSize : 241
Solving...
Blb : 2 (clique : 16)
currentSize : 16 <-- 0.002598 s
currentSize : 17 <-- 0.005439 s
currentSize : 18 <-- 0.067680 s
currentSize : 19 <-- 3.366147 s
currentSize : 20 <-- 5.466375 s

maxsize : 20
nodes : 27730202.000000
filtered : 260203153.000000
time : 126.724091
