Parameters: GAD=1 vflib=1 dir=1 label=1 lowerbound=1 fileNameGp=../graphsdb/mcs10/m2D/m2Dr2/mcs10_m2Dr2_s80.A70 fileNameGt=../graphsdb/mcs10/m2D/m2Dr2/mcs10_m2Dr2_s80.B70
Reading graphs...
80 : 158
80 : 158
Initializing...
maxdom : 9
D->valSize : 345
Solving...
Blb : 2 (clique : 26)
currentSize : 26 <-- 0.003091 s
currentSize : 27 <-- 0.005790 s
currentSize : 28 <-- 0.046853 s
currentSize : 29 <-- 3.855768 s
currentSize : 30 <-- 52.663967 s
currentSize : 31 <-- 179.894226 s

TIMEOUT
maxsize : 31
nodes : 762111448.000000
filtered : 4628503679.000000
time : 3600.000000
