Parameters: GAD=1 vflib=1 dir=1 label=1 lowerbound=1 fileNameGp=../graphsdb/mcs10/m3D/m3Dr6/mcs10_m3Dr6_s90.A37 fileNameGt=../graphsdb/mcs10/m3D/m3Dr6/mcs10_m3Dr6_s90.B37
Reading graphs...
90 : 263
90 : 263
Initializing...
maxdom : 10
D->valSize : 536
Solving...
Blb : 3 (clique : 24)
currentSize : 24 <-- 0.006092 s
currentSize : 25 <-- 0.006602 s
currentSize : 26 <-- 0.015862 s
currentSize : 28 <-- 1.187036 s
currentSize : 29 <-- 1.219614 s
currentSize : 30 <-- 1.359125 s

TIMEOUT
maxsize : 30
nodes : 651242786.000000
filtered : 5473891945.000000
time : 3600.000000
