Parameters: GAD=1 vflib=1 dir=1 label=1 lowerbound=1 fileNameGp=../graphsdb/mcs10/m2D/m2Dr4/mcs10_m2Dr4_s50.A50 fileNameGt=../graphsdb/mcs10/m2D/m2Dr4/mcs10_m2Dr4_s50.B50
Reading graphs...
50 : 105
50 : 105
Initializing...
maxdom : 9
D->valSize : 314
Solving...
Blb : 5 (clique : 16)
currentSize : 16 <-- 0.002204 s
currentSize : 17 <-- 0.003278 s
currentSize : 18 <-- 0.319686 s
currentSize : 19 <-- 5.056619 s
currentSize : 20 <-- 86.745621 s
currentSize : 21 <-- 294.197693 s

maxsize : 21
nodes : 247058574.000000
filtered : 2947908112.000000
time : 1073.408081
