Parameters: GAD=1 vflib=1 dir=1 label=1 lowerbound=1 fileNameGp=../graphsdb/mcs10/rand/r005/mcs10_r005_s40.A34 fileNameGt=../graphsdb/mcs10/rand/r005/mcs10_r005_s40.B34
Reading graphs...
40 : 81
40 : 81
Initializing...
maxdom : 8
D->valSize : 187
Solving...
Blb : 2 (clique : 12)
currentSize : 12 <-- 0.001104 s
currentSize : 13 <-- 0.001175 s
currentSize : 14 <-- 0.001244 s
currentSize : 15 <-- 0.002263 s
currentSize : 16 <-- 0.029469 s
currentSize : 17 <-- 0.245013 s

maxsize : 17
nodes : 744755.000000
filtered : 5288188.000000
time : 2.882625
