Parameters: GAD=1 vflib=1 dir=1 label=1 lowerbound=1 fileNameGp=../graphsdb/mcs10/m2D/m2Dr2/mcs10_m2Dr2_s70.A81 fileNameGt=../graphsdb/mcs10/m2D/m2Dr2/mcs10_m2Dr2_s70.B81
Reading graphs...
70 : 137
70 : 136
Initializing...
maxdom : 7
D->valSize : 323
Solving...
Blb : 2 (clique : 23)
currentSize : 23 <-- 0.002868 s
currentSize : 24 <-- 0.003223 s
currentSize : 25 <-- 0.061168 s
currentSize : 26 <-- 52.486740 s
currentSize : 27 <-- 295.437286 s
currentSize : 28 <-- 584.609436 s

TIMEOUT
maxsize : 28
nodes : 775180000.000000
filtered : 7028640366.000000
time : 3600.000000
