Parameters: GAD=1 vflib=1 dir=1 label=1 lowerbound=1 fileNameGp=../graphsdb/mcs10/m2D/m2Dr6/mcs10_m2Dr6_s80.A30 fileNameGt=../graphsdb/mcs10/m2D/m2Dr6/mcs10_m2Dr6_s80.B30
Reading graphs...
80 : 190
80 : 190
Initializing...
maxdom : 9
D->valSize : 379
Solving...
Blb : 2 (clique : 21)
currentSize : 21 <-- 0.003497 s
currentSize : 22 <-- 0.003676 s
currentSize : 23 <-- 0.005517 s
currentSize : 24 <-- 0.005992 s
currentSize : 25 <-- 9.844876 s
currentSize : 26 <-- 54.863480 s
currentSize : 27 <-- 235.850571 s

TIMEOUT
maxsize : 27
nodes : 738319213.000000
filtered : 5947823922.000000
time : 3600.000000
