Parameters: GAD=1 vflib=1 dir=1 label=1 lowerbound=1 fileNameGp=../graphsdb/mcs10/m2D/m2Dr4/mcs10_m2Dr4_s70.A60 fileNameGt=../graphsdb/mcs10/m2D/m2Dr4/mcs10_m2Dr4_s70.B60
Reading graphs...
70 : 151
70 : 151
Initializing...
maxdom : 10
D->valSize : 345
Solving...
Blb : 2 (clique : 22)
currentSize : 22 <-- 0.004923 s
currentSize : 23 <-- 0.039644 s
currentSize : 24 <-- 0.087377 s
currentSize : 25 <-- 0.236570 s
currentSize : 26 <-- 4.516404 s
currentSize : 27 <-- 1994.163086 s

TIMEOUT
maxsize : 27
nodes : 802221445.000000
filtered : 5621814512.000000
time : 3600.000000
