Parameters: GAD=1 vflib=1 dir=1 label=1 lowerbound=1 fileNameGp=../graphsdb/mcs10/rand/r005/mcs10_r005_s80.A27 fileNameGt=../graphsdb/mcs10/rand/r005/mcs10_r005_s80.B27
Reading graphs...
80 : 321
80 : 321
Initializing...
maxdom : 10
D->valSize : 392
Solving...
Blb : 2 (clique : 16)
currentSize : 16 <-- 0.003457 s
currentSize : 17 <-- 0.003637 s
currentSize : 18 <-- 0.004953 s
currentSize : 19 <-- 0.008776 s
currentSize : 20 <-- 0.058811 s
currentSize : 21 <-- 0.091102 s
currentSize : 22 <-- 6.518770 s
currentSize : 23 <-- 99.864372 s

TIMEOUT
maxsize : 23
nodes : 708972290.000000
filtered : 6578228393.000000
time : 3600.000000
