Parameters: GAD=1 vflib=1 dir=1 label=1 lowerbound=1 fileNameGp=../graphsdb/mcs10/m2D/m2Dr6/mcs10_m2Dr6_s40.A32 fileNameGt=../graphsdb/mcs10/m2D/m2Dr6/mcs10_m2Dr6_s40.B32
Reading graphs...
40 : 91
40 : 90
Initializing...
maxdom : 11
D->valSize : 214
Solving...
Blb : 2 (clique : 12)
currentSize : 12 <-- 0.001390 s
currentSize : 13 <-- 0.001468 s
currentSize : 14 <-- 0.001510 s
currentSize : 15 <-- 0.018621 s
currentSize : 16 <-- 1.492098 s

maxsize : 16
nodes : 417228.000000
filtered : 4521500.000000
time : 1.724231
