Parameters: GAD=1 vflib=1 dir=1 label=1 lowerbound=1 fileNameGp=../graphsdb/mcs10/rand/r005/mcs10_r005_s60.A44 fileNameGt=../graphsdb/mcs10/rand/r005/mcs10_r005_s60.B44
Reading graphs...
60 : 181
60 : 181
Initializing...
maxdom : 6
D->valSize : 253
Solving...
Blb : 2 (clique : 15)
currentSize : 15 <-- 0.001834 s
currentSize : 16 <-- 0.001950 s
currentSize : 17 <-- 0.002070 s
currentSize : 18 <-- 0.003012 s
currentSize : 19 <-- 0.003554 s
currentSize : 20 <-- 5.114548 s

maxsize : 20
nodes : 31046154.000000
filtered : 273562674.000000
time : 134.466141
