Parameters: GAD=1 vflib=1 dir=1 label=1 lowerbound=1 fileNameGp=../graphsdb/mcs10/bvg/b03m/mcs10_b03m_s40.A25 fileNameGt=../graphsdb/mcs10/bvg/b03m/mcs10_b03m_s40.B25
Reading graphs...
40 : 60
40 : 60
Initializing...
maxdom : 7
D->valSize : 195
Solving...
Blb : 2 (clique : 14)
currentSize : 14 <-- 0.001734 s
currentSize : 15 <-- 0.002095 s
currentSize : 16 <-- 0.008048 s
currentSize : 17 <-- 0.083417 s
currentSize : 18 <-- 0.600198 s

maxsize : 18
nodes : 6894437.000000
filtered : 59275320.000000
time : 24.513041
