Parameters: GAD=1 vflib=1 dir=1 label=1 lowerbound=1 fileNameGp=../graphsdb/mcs10/m2D/m2Dr6/mcs10_m2Dr6_s80.A93 fileNameGt=../graphsdb/mcs10/m2D/m2Dr6/mcs10_m2Dr6_s80.B93
Reading graphs...
80 : 190
80 : 190
Initializing...
maxdom : 9
D->valSize : 413
Solving...
Blb : 2 (clique : 23)
currentSize : 23 <-- 0.003944 s
currentSize : 24 <-- 0.004241 s
currentSize : 25 <-- 0.252756 s
currentSize : 26 <-- 142.903931 s
currentSize : 27 <-- 696.997009 s
currentSize : 28 <-- 1581.717163 s

TIMEOUT
maxsize : 28
nodes : 700092408.000000
filtered : 6617471861.000000
time : 3600.000000
