Parameters: GAD=1 vflib=1 dir=1 label=1 lowerbound=1 fileNameGp=../graphsdb/mcs10/rand/r02/mcs10_r02_s90.A29 fileNameGt=../graphsdb/mcs10/rand/r02/mcs10_r02_s90.B29
Reading graphs...
90 : 1601
90 : 1601
Initializing...
maxdom : 8
D->valSize : 500
Solving...
Blb : 2 (clique : 7)
currentSize : 7 <-- 0.005117 s
currentSize : 8 <-- 0.005233 s
currentSize : 9 <-- 0.005852 s
currentSize : 10 <-- 0.013971 s
currentSize : 11 <-- 0.027505 s
currentSize : 12 <-- 0.783012 s

maxsize : 12
nodes : 1085924.000000
filtered : 16751187.000000
time : 6.314739
