Parameters: GAD=1 vflib=1 dir=1 label=1 lowerbound=1 fileNameGp=../graphsdb/mcs10/m3D/m3Dr2/mcs10_m3Dr2_s90.A58 fileNameGt=../graphsdb/mcs10/m3D/m3Dr2/mcs10_m3Dr2_s90.B58
Reading graphs...
90 : 227
90 : 227
Initializing...
maxdom : 12
D->valSize : 514
Solving...
Blb : 2 (clique : 26)
currentSize : 26 <-- 0.005709 s
currentSize : 27 <-- 0.015927 s
currentSize : 28 <-- 0.157342 s
currentSize : 29 <-- 0.586658 s
currentSize : 30 <-- 2.362633 s
currentSize : 31 <-- 57.921200 s

TIMEOUT
maxsize : 31
nodes : 646398566.000000
filtered : 4846659689.000000
time : 3600.000000
