Parameters: GAD=1 vflib=1 dir=1 label=1 lowerbound=1 fileNameGp=../graphsdb/mcs10/m2D/m2Dr2/mcs10_m2Dr2_s80.A02 fileNameGt=../graphsdb/mcs10/m2D/m2Dr2/mcs10_m2Dr2_s80.B02
Reading graphs...
80 : 158
80 : 158
Initializing...
maxdom : 10
D->valSize : 422
Solving...
Blb : 2 (clique : 27)
currentSize : 27 <-- 0.004128 s
currentSize : 28 <-- 1.177542 s
currentSize : 29 <-- 2.984094 s
currentSize : 30 <-- 79.347313 s
currentSize : 31 <-- 349.838196 s
currentSize : 32 <-- 468.714630 s

TIMEOUT
maxsize : 32
nodes : 738887792.000000
filtered : 5067116226.000000
time : 3600.000000
