Parameters: GAD=1 vflib=1 dir=1 label=1 lowerbound=1 fileNameGp=../graphsdb/mcs10/bvg/b03/mcs10_b03_s40.A37 fileNameGt=../graphsdb/mcs10/bvg/b03/mcs10_b03_s40.B37
Reading graphs...
40 : 60
40 : 60
Initializing...
maxdom : 7
D->valSize : 213
Solving...
Blb : 2 (clique : 15)
currentSize : 15 <-- 0.001280 s
currentSize : 16 <-- 0.001434 s
currentSize : 17 <-- 0.003987 s
currentSize : 18 <-- 3.504138 s
currentSize : 19 <-- 4.374548 s

maxsize : 19
nodes : 17640277.000000
filtered : 172981994.000000
time : 63.566036
