Parameters: GAD=1 vflib=1 dir=1 label=1 lowerbound=1 fileNameGp=../graphsdb/mcs10/bvg/b09/mcs10_b09_s100.A64 fileNameGt=../graphsdb/mcs10/bvg/b09/mcs10_b09_s100.B64
Reading graphs...
100 : 450
100 : 450
Initializing...
maxdom : 8
D->valSize : 343
Solving...
Blb : 3 (clique : 21)
currentSize : 21 <-- 0.003436 s
currentSize : 22 <-- 0.006816 s
currentSize : 23 <-- 0.012210 s
currentSize : 24 <-- 0.336842 s
currentSize : 25 <-- 1.103977 s
currentSize : 26 <-- 2.747553 s
currentSize : 27 <-- 29.643362 s

TIMEOUT
maxsize : 27
nodes : 651714778.000000
filtered : 4628925877.000000
time : 3600.000000
