Parameters: GAD=1 vflib=1 dir=1 label=1 lowerbound=1 fileNameGp=../graphsdb/mcs10/rand/r02/mcs10_r02_s80.A02 fileNameGt=../graphsdb/mcs10/rand/r02/mcs10_r02_s80.B02
Reading graphs...
80 : 1263
80 : 1263
Initializing...
maxdom : 7
D->valSize : 377
Solving...
Blb : 2 (clique : 7)
currentSize : 7 <-- 0.004758 s
currentSize : 8 <-- 0.004933 s
currentSize : 9 <-- 0.005672 s
currentSize : 10 <-- 0.028502 s
currentSize : 11 <-- 0.076605 s

maxsize : 11
nodes : 275367.000000
filtered : 4014584.000000
time : 1.484444
