Parameters: GAD=1 vflib=1 dir=1 label=1 lowerbound=1 fileNameGp=../graphsdb/mcs10/rand/r01/mcs10_r01_s50.A88 fileNameGt=../graphsdb/mcs10/rand/r01/mcs10_r01_s50.B88
Reading graphs...
50 : 247
50 : 247
Initializing...
maxdom : 12
D->valSize : 316
Solving...
Blb : 2 (clique : 9)
currentSize : 9 <-- 0.002190 s
currentSize : 10 <-- 0.002312 s
currentSize : 11 <-- 0.002488 s
currentSize : 12 <-- 0.003281 s
currentSize : 13 <-- 0.011534 s
currentSize : 14 <-- 0.045530 s

maxsize : 14
nodes : 1255958.000000
filtered : 20562474.000000
time : 5.690298
