Parameters: GAD=1 vflib=1 dir=1 label=1 lowerbound=1 fileNameGp=../graphsdb/mcs10/rand/r005/mcs10_r005_s70.A36 fileNameGt=../graphsdb/mcs10/rand/r005/mcs10_r005_s70.B36
Reading graphs...
70 : 245
70 : 245
Initializing...
maxdom : 7
D->valSize : 295
Solving...
Blb : 2 (clique : 19)
currentSize : 19 <-- 0.003586 s
currentSize : 20 <-- 1.185356 s
currentSize : 21 <-- 1.250953 s
currentSize : 22 <-- 300.391479 s
currentSize : 23 <-- 680.295959 s

maxsize : 23
nodes : 634448450.000000
filtered : 5237312979.000000
time : 2994.577393
