Parameters: GAD=1 vflib=1 dir=1 label=1 lowerbound=1 fileNameGp=../graphsdb/mcs10/rand/r005/mcs10_r005_s80.A04 fileNameGt=../graphsdb/mcs10/rand/r005/mcs10_r005_s80.B04
Reading graphs...
80 : 321
80 : 321
Initializing...
maxdom : 8
D->valSize : 417
Solving...
Blb : 2 (clique : 18)
currentSize : 18 <-- 0.006308 s
currentSize : 19 <-- 0.006652 s
currentSize : 20 <-- 0.007917 s
currentSize : 21 <-- 0.026530 s
currentSize : 22 <-- 2.057595 s
currentSize : 23 <-- 16.130989 s
currentSize : 24 <-- 655.643372 s

TIMEOUT
maxsize : 24
nodes : 690429831.000000
filtered : 6582592825.000000
time : 3600.000000
