Parameters: GAD=1 vflib=1 dir=1 label=1 lowerbound=1 fileNameGp=../graphsdb/mcs10/m2D/m2Dr6/mcs10_m2Dr6_s70.A55 fileNameGt=../graphsdb/mcs10/m2D/m2Dr6/mcs10_m2Dr6_s70.B55
Reading graphs...
70 : 165
70 : 163
Initializing...
maxdom : 6
D->valSize : 317
Solving...
Blb : 2 (clique : 22)
currentSize : 22 <-- 0.002540 s
currentSize : 23 <-- 0.003567 s
currentSize : 24 <-- 0.077200 s
currentSize : 25 <-- 0.080772 s
currentSize : 26 <-- 25.076324 s
currentSize : 27 <-- 133.283569 s

TIMEOUT
maxsize : 27
nodes : 761521338.000000
filtered : 7177601454.000000
time : 3600.000000
