Parameters: GAD=1 vflib=1 dir=1 label=1 lowerbound=1 fileNameGp=../graphsdb/mcs10/m2D/m2Dr6/mcs10_m2Dr6_s100.A25 fileNameGt=../graphsdb/mcs10/m2D/m2Dr6/mcs10_m2Dr6_s100.B25
Reading graphs...
100 : 240
100 : 240
Initializing...
maxdom : 9
D->valSize : 333
Solving...
Blb : 2 (clique : 28)
currentSize : 28 <-- 0.005317 s
currentSize : 29 <-- 0.005642 s
currentSize : 30 <-- 0.034806 s
currentSize : 31 <-- 0.044686 s
currentSize : 32 <-- 0.445372 s
currentSize : 33 <-- 12.881866 s

TIMEOUT
maxsize : 33
nodes : 713943679.000000
filtered : 3062501087.000000
time : 3600.000000
