Parameters: GAD=1 vflib=1 dir=1 label=1 lowerbound=1 fileNameGp=../graphsdb/mcs10/m3D/m3Dr2/mcs10_m3Dr2_s100.A30 fileNameGt=../graphsdb/mcs10/m3D/m3Dr2/mcs10_m3Dr2_s100.B30
Reading graphs...
100 : 255
100 : 255
Initializing...
maxdom : 7
D->valSize : 284
Solving...
Blb : 2 (clique : 25)
currentSize : 25 <-- 0.002673 s
currentSize : 26 <-- 0.003081 s
currentSize : 27 <-- 0.685082 s
currentSize : 28 <-- 12.900855 s
currentSize : 29 <-- 45.816944 s
currentSize : 30 <-- 53.951340 s

TIMEOUT
maxsize : 30
nodes : 721018461.000000
filtered : 3716879382.000000
time : 3600.000000
