Parameters: GAD=1 vflib=1 dir=1 label=1 lowerbound=1 fileNameGp=../graphsdb/mcs10/bvg/b03/mcs10_b03_s40.A94 fileNameGt=../graphsdb/mcs10/bvg/b03/mcs10_b03_s40.B94
Reading graphs...
40 : 60
40 : 60
Initializing...
maxdom : 8
D->valSize : 195
Solving...
Blb : 3 (clique : 15)
currentSize : 15 <-- 0.001851 s
currentSize : 16 <-- 0.004151 s
currentSize : 17 <-- 0.014350 s
currentSize : 18 <-- 0.014947 s
currentSize : 19 <-- 0.024837 s

maxsize : 19
nodes : 940216.000000
filtered : 10709040.000000
time : 5.766728
