Parameters: GAD=1 vflib=1 dir=1 label=1 lowerbound=1 fileNameGp=../graphsdb/mcs10/rand/r01/mcs10_r01_s90.A04 fileNameGt=../graphsdb/mcs10/rand/r01/mcs10_r01_s90.B04
Reading graphs...
90 : 802
90 : 802
Initializing...
maxdom : 9
D->valSize : 498
Solving...
Blb : 5 (clique : 13)
currentSize : 13 <-- 0.005080 s
currentSize : 14 <-- 0.006823 s
currentSize : 15 <-- 0.237519 s
currentSize : 16 <-- 1.174923 s
currentSize : 17 <-- 3.026418 s
currentSize : 18 <-- 94.737343 s

maxsize : 18
nodes : 368382134.000000
filtered : 4598182736.000000
time : 2123.584473
