Parameters: GAD=1 vflib=1 dir=1 label=1 lowerbound=1 fileNameGp=../graphsdb/mcs10/bvg/b06m/mcs10_b06m_s100.A79 fileNameGt=../graphsdb/mcs10/bvg/b06m/mcs10_b06m_s100.B79
Reading graphs...
100 : 300
100 : 300
Initializing...
maxdom : 6
D->valSize : 336
Solving...
Blb : 3 (clique : 26)
currentSize : 26 <-- 0.003468 s
currentSize : 27 <-- 0.005899 s
currentSize : 28 <-- 0.163677 s
currentSize : 29 <-- 1.163845 s
currentSize : 30 <-- 12.444504 s
currentSize : 31 <-- 22.527847 s
currentSize : 32 <-- 1069.235962 s
currentSize : 33 <-- 3290.389160 s

TIMEOUT
maxsize : 33
nodes : 682085676.000000
filtered : 3755010156.000000
time : 3600.000000
