Parameters: GAD=1 vflib=1 dir=1 label=1 lowerbound=1 fileNameGp=../graphsdb/mcs10/m2D/m2D/mcs10_m2D_s100.A69 fileNameGt=../graphsdb/mcs10/m2D/m2D/mcs10_m2D_s100.B69
Reading graphs...
100 : 180
100 : 180
Initializing...
maxdom : 7
D->valSize : 346
Solving...
Blb : 5 (clique : 32)
currentSize : 32 <-- 0.003453 s
currentSize : 33 <-- 0.410950 s
currentSize : 34 <-- 4.777850 s
currentSize : 35 <-- 87.201530 s
currentSize : 36 <-- 396.984863 s
currentSize : 37 <-- 533.947693 s

TIMEOUT
maxsize : 37
nodes : 748546798.000000
filtered : 2985027442.000000
time : 3600.000000
