Parameters: GAD=1 vflib=1 dir=1 label=1 lowerbound=1 fileNameGp=../graphsdb/mcs10/m3D/m3Dr4/mcs10_m3Dr4_s90.A87 fileNameGt=../graphsdb/mcs10/m3D/m3Dr4/mcs10_m3Dr4_s90.B87
Reading graphs...
90 : 245
90 : 244
Initializing...
maxdom : 14
D->valSize : 558
Solving...
Blb : 2 (clique : 24)
currentSize : 24 <-- 0.006367 s
currentSize : 25 <-- 0.029372 s
currentSize : 26 <-- 0.304748 s
currentSize : 27 <-- 19.723814 s
currentSize : 28 <-- 142.546127 s
currentSize : 29 <-- 192.143204 s
currentSize : 30 <-- 1312.348877 s

TIMEOUT
maxsize : 30
nodes : 691717864.000000
filtered : 5714843696.000000
time : 3600.000000
