Parameters: GAD=1 vflib=1 dir=1 label=1 lowerbound=1 fileNameGp=../graphsdb/mcs10/m2D/m2D/mcs10_m2D_s100.A34 fileNameGt=../graphsdb/mcs10/m2D/m2D/mcs10_m2D_s100.B34
Reading graphs...
100 : 180
100 : 180
Initializing...
maxdom : 9
D->valSize : 313
Solving...
Blb : 2 (clique : 31)
currentSize : 31 <-- 0.004957 s
currentSize : 33 <-- 0.005590 s
currentSize : 34 <-- 0.020516 s
currentSize : 35 <-- 8.908463 s
currentSize : 36 <-- 279.912933 s
currentSize : 37 <-- 1659.730469 s

TIMEOUT
maxsize : 37
nodes : 579616932.000000
filtered : 3250007694.000000
time : 3600.000000
