Parameters: GAD=1 vflib=1 dir=1 label=1 lowerbound=1 fileNameGp=../graphsdb/mcs10/m3D/m3Dr2/mcs10_m3Dr2_s80.A80 fileNameGt=../graphsdb/mcs10/m3D/m3Dr2/mcs10_m3Dr2_s80.B80
Reading graphs...
80 : 200
80 : 199
Initializing...
maxdom : 8
D->valSize : 396
Solving...
Blb : 2 (clique : 23)
currentSize : 23 <-- 0.003675 s
currentSize : 24 <-- 0.003879 s
currentSize : 25 <-- 0.003967 s
currentSize : 26 <-- 0.004580 s
currentSize : 27 <-- 0.008122 s
currentSize : 28 <-- 0.016768 s
currentSize : 29 <-- 0.139554 s
currentSize : 30 <-- 58.414345 s

TIMEOUT
maxsize : 30
nodes : 699879731.000000
filtered : 6572561725.000000
time : 3600.000000
