Parameters: GAD=1 vflib=1 dir=1 label=1 lowerbound=1 fileNameGp=../graphsdb/mcs10/m3D/m3Dr6/mcs10_m3Dr6_s70.A26 fileNameGt=../graphsdb/mcs10/m3D/m3Dr6/mcs10_m3Dr6_s70.B26
Reading graphs...
70 : 201
70 : 201
Initializing...
maxdom : 9
D->valSize : 268
Solving...
Blb : 5 (clique : 16)
currentSize : 16 <-- 0.003204 s
currentSize : 17 <-- 0.011829 s
currentSize : 18 <-- 0.062081 s
currentSize : 19 <-- 2.242296 s
currentSize : 20 <-- 4.561917 s
currentSize : 21 <-- 34.345901 s
currentSize : 22 <-- 112.288216 s

maxsize : 22
nodes : 192775440.000000
filtered : 1561982385.000000
time : 866.250427
