Parameters: GAD=1 vflib=1 dir=1 label=1 lowerbound=1 fileNameGp=../graphsdb/mcs10/rand/r01/mcs10_r01_s80.A99 fileNameGt=../graphsdb/mcs10/rand/r01/mcs10_r01_s80.B99
Reading graphs...
80 : 634
80 : 634
Initializing...
maxdom : 8
D->valSize : 427
Solving...
Blb : 2 (clique : 11)
currentSize : 11 <-- 0.006152 s
currentSize : 12 <-- 0.007310 s
currentSize : 13 <-- 0.011034 s
currentSize : 14 <-- 0.055400 s
currentSize : 15 <-- 1.012445 s
currentSize : 16 <-- 64.859665 s

maxsize : 16
nodes : 89264882.000000
filtered : 1145658002.000000
time : 474.773987
