Parameters: GAD=1 vflib=1 dir=1 label=1 lowerbound=1 fileNameGp=../graphsdb/mcs10/m2D/m2Dr4/mcs10_m2Dr4_s40.A03 fileNameGt=../graphsdb/mcs10/m2D/m2Dr4/mcs10_m2Dr4_s40.B03
Reading graphs...
40 : 83
40 : 82
Initializing...
maxdom : 7
D->valSize : 203
Solving...
Blb : 2 (clique : 13)
currentSize : 13 <-- 0.001144 s
currentSize : 14 <-- 0.001228 s
currentSize : 15 <-- 0.003303 s
currentSize : 16 <-- 0.070276 s
currentSize : 17 <-- 0.420240 s

maxsize : 17
nodes : 1889151.000000
filtered : 19397877.000000
time : 7.317062
