Parameters: GAD=1 vflib=1 dir=1 label=1 lowerbound=1 fileNameGp=../graphsdb/mcs10/m2D/m2Dr2/mcs10_m2Dr2_s100.A45 fileNameGt=../graphsdb/mcs10/m2D/m2Dr2/mcs10_m2Dr2_s100.B45
Reading graphs...
100 : 200
100 : 200
Initializing...
maxdom : 7
D->valSize : 316
Solving...
Blb : 2 (clique : 29)
currentSize : 29 <-- 0.003233 s
currentSize : 30 <-- 0.003509 s
currentSize : 31 <-- 0.005609 s
currentSize : 32 <-- 0.006417 s
currentSize : 33 <-- 0.073026 s
currentSize : 34 <-- 63.284931 s
currentSize : 35 <-- 1663.435547 s

TIMEOUT
maxsize : 35
nodes : 726332353.000000
filtered : 3050711053.000000
time : 3600.000000
