Parameters: GAD=1 vflib=1 dir=1 label=1 lowerbound=1 fileNameGp=../graphsdb/mcs10/bvg/b03m/mcs10_b03m_s50.A49 fileNameGt=../graphsdb/mcs10/bvg/b03m/mcs10_b03m_s50.B49
Reading graphs...
50 : 75
50 : 75
Initializing...
maxdom : 9
D->valSize : 329
Solving...
Blb : 2 (clique : 20)
currentSize : 20 <-- 0.002421 s
currentSize : 21 <-- 0.069817 s
currentSize : 22 <-- 1.521819 s
currentSize : 23 <-- 1.592992 s
currentSize : 24 <-- 20.489250 s
currentSize : 25 <-- 2656.349609 s

TIMEOUT
maxsize : 25
nodes : 904275722.000000
filtered : 8530225590.000000
time : 3600.000000
