Parameters: GAD=1 vflib=1 dir=1 label=1 lowerbound=1 fileNameGp=../graphsdb/mcs10/m3D/m3Dr4/mcs10_m3Dr4_s60.A88 fileNameGt=../graphsdb/mcs10/m3D/m3Dr4/mcs10_m3Dr4_s60.B88
Reading graphs...
60 : 158
60 : 157
Initializing...
maxdom : 9
D->valSize : 212
Solving...
Blb : 5 (clique : 17)
currentSize : 17 <-- 0.001819 s
currentSize : 18 <-- 0.007596 s
currentSize : 19 <-- 0.008251 s
currentSize : 20 <-- 0.278780 s
currentSize : 21 <-- 1.798305 s
currentSize : 22 <-- 14.282051 s

maxsize : 22
nodes : 4593483.000000
filtered : 30746891.000000
time : 18.818777
