Parameters: GAD=1 vflib=1 dir=1 label=1 lowerbound=1 fileNameGp=../graphsdb/mcs10/m3D/m3Dr4/mcs10_m3Dr4_s80.A97 fileNameGt=../graphsdb/mcs10/m3D/m3Dr4/mcs10_m3Dr4_s80.B97
Reading graphs...
80 : 216
80 : 214
Initializing...
maxdom : 10
D->valSize : 442
Solving...
Blb : 2 (clique : 23)
currentSize : 23 <-- 0.007674 s
currentSize : 24 <-- 0.110632 s
currentSize : 25 <-- 0.113953 s
currentSize : 26 <-- 0.128479 s
currentSize : 27 <-- 1.492393 s
currentSize : 28 <-- 744.852417 s
currentSize : 29 <-- 2791.428467 s

TIMEOUT
maxsize : 29
nodes : 691953230.000000
filtered : 7504106388.000000
time : 3600.000000
