Parameters: GAD=1 vflib=1 dir=1 label=1 lowerbound=1 fileNameGp=../graphsdb/mcs10/bvg/b03m/mcs10_b03m_s50.A64 fileNameGt=../graphsdb/mcs10/bvg/b03m/mcs10_b03m_s50.B64
Reading graphs...
50 : 75
50 : 75
Initializing...
maxdom : 9
D->valSize : 299
Solving...
Blb : 5 (clique : 17)
currentSize : 17 <-- 0.002100 s
currentSize : 18 <-- 0.002344 s
currentSize : 19 <-- 0.002708 s
currentSize : 20 <-- 0.010760 s
currentSize : 21 <-- 14.689626 s
currentSize : 22 <-- 17.054377 s
currentSize : 23 <-- 75.992020 s

TIMEOUT
maxsize : 23
nodes : 1046841928.000000
filtered : 8367327669.000000
time : 3600.000000
