Parameters: GAD=1 vflib=1 dir=1 label=1 lowerbound=1 fileNameGp=../graphsdb/mcs10/m3D/m3Dr6/mcs10_m3Dr6_s80.A97 fileNameGt=../graphsdb/mcs10/m3D/m3Dr6/mcs10_m3Dr6_s80.B97
Reading graphs...
80 : 231
80 : 231
Initializing...
maxdom : 8
D->valSize : 430
Solving...
Blb : 2 (clique : 20)
currentSize : 20 <-- 0.004038 s
currentSize : 21 <-- 0.005600 s
currentSize : 22 <-- 0.064363 s
currentSize : 23 <-- 1.176948 s
currentSize : 24 <-- 12.011113 s
currentSize : 25 <-- 15.049289 s
currentSize : 26 <-- 242.771774 s

TIMEOUT
maxsize : 26
nodes : 686111987.000000
filtered : 7823063240.000000
time : 3600.000000
