Parameters: GAD=1 vflib=1 dir=1 label=1 lowerbound=1 fileNameGp=../graphsdb/mcs10/bvg/b03/mcs10_b03_s70.A15 fileNameGt=../graphsdb/mcs10/bvg/b03/mcs10_b03_s70.B15
Reading graphs...
70 : 105
70 : 105
Initializing...
maxdom : 9
D->valSize : 300
Solving...
Blb : 5 (clique : 27)
currentSize : 27 <-- 0.002418 s
currentSize : 28 <-- 0.004327 s
currentSize : 29 <-- 0.019272 s
currentSize : 30 <-- 2.898475 s
currentSize : 31 <-- 23.115166 s
currentSize : 32 <-- 874.131958 s

TIMEOUT
maxsize : 32
nodes : 819731230.000000
filtered : 4759427796.000000
time : 3600.000000
