Parameters: GAD=1 vflib=1 dir=1 label=1 lowerbound=1 fileNameGp=../graphsdb/mcs10/m3D/m3Dr6/mcs10_m3Dr6_s100.A41 fileNameGt=../graphsdb/mcs10/m3D/m3Dr6/mcs10_m3Dr6_s100.B41
Reading graphs...
100 : 295
100 : 295
Initializing...
maxdom : 7
D->valSize : 306
Solving...
Blb : 2 (clique : 25)
currentSize : 25 <-- 0.002804 s
currentSize : 26 <-- 0.003085 s
currentSize : 27 <-- 0.006884 s
currentSize : 28 <-- 0.030498 s
currentSize : 29 <-- 2.310685 s
currentSize : 30 <-- 33.076851 s

TIMEOUT
maxsize : 30
nodes : 665099376.000000
filtered : 3829834028.000000
time : 3600.000000
