Parameters: GAD=1 vflib=1 dir=1 label=1 lowerbound=1 fileNameGp=../graphsdb/mcs10/m3D/m3Dr6/mcs10_m3Dr6_s60.A79 fileNameGt=../graphsdb/mcs10/m3D/m3Dr6/mcs10_m3Dr6_s60.B79
Reading graphs...
60 : 170
60 : 169
Initializing...
maxdom : 7
D->valSize : 227
Solving...
Blb : 5 (clique : 16)
currentSize : 16 <-- 0.001700 s
currentSize : 17 <-- 0.001882 s
currentSize : 18 <-- 0.803010 s
currentSize : 19 <-- 3.183859 s
currentSize : 20 <-- 3.239369 s
currentSize : 21 <-- 32.259377 s

maxsize : 21
nodes : 35502842.000000
filtered : 278010024.000000
time : 149.068848
