Parameters: GAD=1 vflib=1 dir=1 label=1 lowerbound=1 fileNameGp=../graphsdb/mcs10/m3D/m3Dr6/mcs10_m3Dr6_s90.A04 fileNameGt=../graphsdb/mcs10/m3D/m3Dr6/mcs10_m3Dr6_s90.B04
Reading graphs...
90 : 263
90 : 261
Initializing...
maxdom : 9
D->valSize : 505
Solving...
Blb : 2 (clique : 23)
currentSize : 23 <-- 0.009676 s
currentSize : 24 <-- 0.009993 s
currentSize : 25 <-- 0.010147 s
currentSize : 26 <-- 0.010227 s
currentSize : 27 <-- 0.021264 s
currentSize : 28 <-- 0.067757 s
currentSize : 29 <-- 0.731831 s
currentSize : 30 <-- 79.929474 s

TIMEOUT
maxsize : 30
nodes : 671835426.000000
filtered : 5951264763.000000
time : 3600.000000
