Parameters: GAD=1 vflib=1 dir=1 label=1 lowerbound=1 fileNameGp=../graphsdb/mcs10/bvg/b03m/mcs10_b03m_s60.A65 fileNameGt=../graphsdb/mcs10/bvg/b03m/mcs10_b03m_s60.B65
Reading graphs...
60 : 90
60 : 90
Initializing...
maxdom : 6
D->valSize : 223
Solving...
Blb : 2 (clique : 23)
currentSize : 23 <-- 0.001815 s
currentSize : 24 <-- 0.029732 s
currentSize : 25 <-- 0.765477 s
currentSize : 26 <-- 3.431967 s
currentSize : 27 <-- 45.257919 s
currentSize : 28 <-- 49.133617 s

maxsize : 28
nodes : 43642346.000000
filtered : 393540129.000000
time : 196.408966
