Parameters: GAD=1 vflib=1 dir=1 label=1 lowerbound=1 fileNameGp=../graphsdb/mcs10/bvg/b03m/mcs10_b03m_s50.A26 fileNameGt=../graphsdb/mcs10/bvg/b03m/mcs10_b03m_s50.B26
Reading graphs...
50 : 75
50 : 75
Initializing...
maxdom : 10
D->valSize : 332
Solving...
Blb : 2 (clique : 18)
currentSize : 18 <-- 0.002495 s
currentSize : 19 <-- 0.002930 s
currentSize : 20 <-- 0.207323 s
currentSize : 21 <-- 0.884750 s
currentSize : 22 <-- 134.985809 s
currentSize : 23 <-- 263.737640 s

TIMEOUT
maxsize : 23
nodes : 1006345213.000000
filtered : 8805690763.000000
time : 3600.000000
