Parameters: GAD=1 vflib=1 dir=1 label=1 lowerbound=1 fileNameGp=../graphsdb/mcs10/m2D/m2Dr6/mcs10_m2Dr6_s100.A54 fileNameGt=../graphsdb/mcs10/m2D/m2Dr6/mcs10_m2Dr6_s100.B54
Reading graphs...
100 : 240
100 : 239
Initializing...
maxdom : 7
D->valSize : 325
Solving...
Blb : 2 (clique : 28)
currentSize : 28 <-- 0.003175 s
currentSize : 29 <-- 0.003760 s
currentSize : 30 <-- 0.069551 s
currentSize : 31 <-- 2.822146 s
currentSize : 32 <-- 24.151487 s
currentSize : 33 <-- 569.994934 s
currentSize : 34 <-- 1649.507935 s

TIMEOUT
maxsize : 34
nodes : 698833959.000000
filtered : 3455387253.000000
time : 3600.000000
