Parameters: GAD=1 vflib=1 dir=1 label=1 lowerbound=1 fileNameGp=../graphsdb/mcs10/m3D/m3Dr2/mcs10_m3Dr2_s80.A67 fileNameGt=../graphsdb/mcs10/m3D/m3Dr2/mcs10_m3Dr2_s80.B67
Reading graphs...
80 : 200
80 : 200
Initializing...
maxdom : 10
D->valSize : 419
Solving...
Blb : 2 (clique : 24)
currentSize : 24 <-- 0.004087 s
currentSize : 26 <-- 0.004276 s
currentSize : 27 <-- 0.004499 s
currentSize : 28 <-- 0.010706 s
currentSize : 29 <-- 13.982566 s
currentSize : 30 <-- 35.294464 s

TIMEOUT
maxsize : 30
nodes : 700265226.000000
filtered : 6252451871.000000
time : 3600.000000
