Parameters: GAD=1 vflib=1 dir=1 label=1 lowerbound=1 fileNameGp=../graphsdb/mcs10/bvg/b03m/mcs10_b03m_s100.A17 fileNameGt=../graphsdb/mcs10/bvg/b03m/mcs10_b03m_s100.B17
Reading graphs...
100 : 150
100 : 150
Initializing...
maxdom : 6
D->valSize : 301
Solving...
Blb : 2 (clique : 33)
currentSize : 33 <-- 0.002951 s
currentSize : 34 <-- 0.006551 s
currentSize : 35 <-- 22.950796 s
currentSize : 36 <-- 2108.330566 s
currentSize : 37 <-- 2169.528320 s
currentSize : 38 <-- 2385.288818 s

TIMEOUT
maxsize : 38
nodes : 760280076.000000
filtered : 3067614180.000000
time : 3600.000000
