Parameters: GAD=1 vflib=1 dir=1 label=1 lowerbound=1 fileNameGp=../graphsdb/mcs10/rand/r005/mcs10_r005_s90.A73 fileNameGt=../graphsdb/mcs10/rand/r005/mcs10_r005_s90.B73
Reading graphs...
90 : 405
90 : 405
Initializing...
maxdom : 14
D->valSize : 502
Solving...
Blb : 2 (clique : 20)
currentSize : 20 <-- 0.005394 s
currentSize : 21 <-- 0.021281 s
currentSize : 22 <-- 0.357566 s
currentSize : 23 <-- 0.670516 s
currentSize : 24 <-- 6.383056 s
currentSize : 25 <-- 742.026978 s

TIMEOUT
maxsize : 25
nodes : 629861608.000000
filtered : 7977988880.000000
time : 3600.000000
