Parameters: GAD=1 vflib=1 dir=1 label=1 lowerbound=1 fileNameGp=../graphsdb/mcs10/m3D/m3Dr6/mcs10_m3Dr6_s90.A44 fileNameGt=../graphsdb/mcs10/m3D/m3Dr6/mcs10_m3Dr6_s90.B44
Reading graphs...
90 : 263
90 : 260
Initializing...
maxdom : 11
D->valSize : 495
Solving...
Blb : 2 (clique : 23)
currentSize : 23 <-- 0.005370 s
currentSize : 24 <-- 0.005606 s
currentSize : 25 <-- 0.005999 s
currentSize : 26 <-- 1.748857 s
currentSize : 27 <-- 9.777441 s
currentSize : 28 <-- 1522.644531 s

TIMEOUT
maxsize : 28
nodes : 710901296.000000
filtered : 6039400810.000000
time : 3600.000000
