Parameters: GAD=1 vflib=1 dir=1 label=1 lowerbound=1 fileNameGp=../graphsdb/mcs10/m2D/m2D/mcs10_m2D_s90.A33 fileNameGt=../graphsdb/mcs10/m2D/m2D/mcs10_m2D_s90.B33
Reading graphs...
90 : 161
90 : 161
Initializing...
maxdom : 10
D->valSize : 516
Solving...
Blb : 5 (clique : 28)
currentSize : 28 <-- 0.005824 s
currentSize : 29 <-- 0.006222 s
currentSize : 30 <-- 0.010571 s
currentSize : 31 <-- 0.024563 s
currentSize : 32 <-- 0.597551 s
currentSize : 33 <-- 13.075108 s

TIMEOUT
maxsize : 33
nodes : 744554102.000000
filtered : 5775324413.000000
time : 3600.000000
