Parameters: GAD=1 vflib=1 dir=1 label=1 lowerbound=1 fileNameGp=../graphsdb/mcs10/m3D/m3Dr6/mcs10_m3Dr6_s80.A31 fileNameGt=../graphsdb/mcs10/m3D/m3Dr6/mcs10_m3Dr6_s80.B31
Reading graphs...
80 : 232
80 : 230
Initializing...
maxdom : 9
D->valSize : 410
Solving...
Blb : 2 (clique : 23)
currentSize : 23 <-- 0.006274 s
currentSize : 24 <-- 0.406290 s
currentSize : 25 <-- 1.999222 s
currentSize : 26 <-- 2.286511 s
currentSize : 27 <-- 23.505133 s
currentSize : 28 <-- 580.806152 s

TIMEOUT
maxsize : 28
nodes : 710829774.000000
filtered : 7102736179.000000
time : 3600.000000
