Parameters: GAD=1 vflib=1 dir=1 label=1 lowerbound=1 fileNameGp=../graphsdb/mcs10/m2D/m2Dr4/mcs10_m2Dr4_s70.A33 fileNameGt=../graphsdb/mcs10/m2D/m2Dr4/mcs10_m2Dr4_s70.B33
Reading graphs...
70 : 151
70 : 150
Initializing...
maxdom : 10
D->valSize : 327
Solving...
Blb : 2 (clique : 22)
currentSize : 22 <-- 0.004482 s
currentSize : 23 <-- 0.004802 s
currentSize : 24 <-- 0.008948 s
currentSize : 25 <-- 0.039311 s
currentSize : 26 <-- 0.582359 s
currentSize : 27 <-- 35.352093 s

TIMEOUT
maxsize : 27
nodes : 718236446.000000
filtered : 7340411317.000000
time : 3600.000000
