Parameters: GAD=1 vflib=1 dir=1 label=1 lowerbound=1 fileNameGp=../graphsdb/mcs10/m3D/m3Dr2/mcs10_m3Dr2_s70.A74 fileNameGt=../graphsdb/mcs10/m3D/m3Dr2/mcs10_m3Dr2_s70.B74
Reading graphs...
70 : 173
70 : 172
Initializing...
maxdom : 9
D->valSize : 290
Solving...
Blb : 2 (clique : 21)
currentSize : 21 <-- 0.002577 s
currentSize : 22 <-- 0.084798 s
currentSize : 23 <-- 0.969758 s
currentSize : 24 <-- 1.064027 s
currentSize : 25 <-- 854.576233 s
currentSize : 26 <-- 3365.417480 s

TIMEOUT
maxsize : 26
nodes : 822255427.000000
filtered : 5812904780.000000
time : 3600.000000
