Parameters: GAD=1 vflib=1 dir=1 label=1 lowerbound=1 fileNameGp=../graphsdb/mcs10/m3D/m3Dr6/mcs10_m3Dr6_s70.A89 fileNameGt=../graphsdb/mcs10/m3D/m3Dr6/mcs10_m3Dr6_s70.B89
Reading graphs...
70 : 201
70 : 200
Initializing...
maxdom : 10
D->valSize : 274
Solving...
Blb : 2 (clique : 17)
currentSize : 17 <-- 0.003235 s
currentSize : 18 <-- 0.003499 s
currentSize : 19 <-- 0.004233 s
currentSize : 20 <-- 0.060285 s
currentSize : 21 <-- 0.127174 s
currentSize : 22 <-- 100.649689 s
currentSize : 23 <-- 101.641983 s

maxsize : 23
nodes : 75949517.000000
filtered : 663367618.000000
time : 370.193176
