Parameters: GAD=1 vflib=1 dir=1 label=1 lowerbound=1 fileNameGp=../graphsdb/mcs10/m2D/m2D/mcs10_m2D_s80.A21 fileNameGt=../graphsdb/mcs10/m2D/m2D/mcs10_m2D_s80.B21
Reading graphs...
80 : 142
80 : 142
Initializing...
maxdom : 8
D->valSize : 378
Solving...
Blb : 2 (clique : 26)
currentSize : 26 <-- 0.005683 s
currentSize : 27 <-- 0.005968 s
currentSize : 28 <-- 0.019475 s
currentSize : 29 <-- 0.238425 s
currentSize : 30 <-- 0.390636 s
currentSize : 31 <-- 0.859862 s
currentSize : 32 <-- 15.476694 s

TIMEOUT
maxsize : 32
nodes : 793937855.000000
filtered : 5370721866.000000
time : 3600.000000
