Parameters: GAD=1 vflib=1 dir=1 label=1 lowerbound=1 fileNameGp=../graphsdb/mcs10/m4D/m4Dr4/mcs10_m4Dr4_s100.A44 fileNameGt=../graphsdb/mcs10/m4D/m4Dr4/mcs10_m4Dr4_s100.B44
Reading graphs...
100 : 199
100 : 199
Initializing...
maxdom : 9
D->valSize : 333
Solving...
Blb : 2 (clique : 34)
currentSize : 34 <-- 0.003249 s
currentSize : 35 <-- 0.440111 s
currentSize : 36 <-- 1.016903 s
currentSize : 37 <-- 55.811920 s
currentSize : 38 <-- 509.990692 s
currentSize : 39 <-- 2386.581787 s
currentSize : 40 <-- 2401.102539 s
currentSize : 41 <-- 3521.050293 s

TIMEOUT
maxsize : 41
nodes : 734692467.000000
filtered : 2638391876.000000
time : 3600.000000
