Parameters: GAD=1 vflib=1 dir=1 label=1 lowerbound=1 fileNameGp=../graphsdb/mcs10/m2D/m2Dr6/mcs10_m2Dr6_s70.A18 fileNameGt=../graphsdb/mcs10/m2D/m2Dr6/mcs10_m2Dr6_s70.B18
Reading graphs...
70 : 165
70 : 164
Initializing...
maxdom : 8
D->valSize : 332
Solving...
Blb : 2 (clique : 20)
currentSize : 20 <-- 0.002917 s
currentSize : 21 <-- 0.003091 s
currentSize : 22 <-- 0.003181 s
currentSize : 23 <-- 0.008431 s
currentSize : 24 <-- 0.461795 s
currentSize : 25 <-- 7.334049 s
currentSize : 26 <-- 534.242310 s
currentSize : 27 <-- 2045.665283 s

TIMEOUT
maxsize : 27
nodes : 739082070.000000
filtered : 6165441570.000000
time : 3600.000000
