Parameters: GAD=1 vflib=1 dir=1 label=1 lowerbound=1 fileNameGp=../graphsdb/mcs10/rand/r001/mcs10_r001_s100.A75 fileNameGt=../graphsdb/mcs10/rand/r001/mcs10_r001_s100.B75
Reading graphs...
100 : 108
100 : 108
Initializing...
maxdom : 7
D->valSize : 334
Solving...
Blb : 2 (clique : 40)
currentSize : 40 <-- 0.005628 s
currentSize : 42 <-- 0.006183 s
currentSize : 43 <-- 0.006732 s
currentSize : 44 <-- 14.334615 s
currentSize : 45 <-- 68.543365 s
currentSize : 46 <-- 256.314850 s

TIMEOUT
maxsize : 46
nodes : 599081021.000000
filtered : 1903072744.000000
time : 3600.000000
