Parameters: GAD=1 vflib=1 dir=1 label=1 lowerbound=1 fileNameGp=../graphsdb/mcs10/m3D/m3Dr2/mcs10_m3Dr2_s60.A76 fileNameGt=../graphsdb/mcs10/m3D/m3Dr2/mcs10_m3Dr2_s60.B76
Reading graphs...
60 : 146
60 : 146
Initializing...
maxdom : 8
D->valSize : 225
Solving...
Blb : 2 (clique : 18)
currentSize : 18 <-- 0.001949 s
currentSize : 19 <-- 0.058935 s
currentSize : 20 <-- 0.766130 s
currentSize : 21 <-- 12.357987 s
currentSize : 22 <-- 12.623668 s

maxsize : 22
nodes : 12919432.000000
filtered : 103880033.000000
time : 56.490208
