Parameters: GAD=1 vflib=1 dir=1 label=1 lowerbound=1 fileNameGp=../graphsdb/mcs10/m3D/m3Dr4/mcs10_m3Dr4_s100.A89 fileNameGt=../graphsdb/mcs10/m3D/m3Dr4/mcs10_m3Dr4_s100.B89
Reading graphs...
100 : 275
100 : 275
Initializing...
maxdom : 8
D->valSize : 301
Solving...
Blb : 2 (clique : 22)
currentSize : 22 <-- 0.002795 s
currentSize : 23 <-- 0.003364 s
currentSize : 25 <-- 0.012890 s
currentSize : 26 <-- 0.026468 s
currentSize : 27 <-- 0.195966 s
currentSize : 28 <-- 5.776631 s
currentSize : 29 <-- 8.995198 s
currentSize : 30 <-- 2624.714600 s

TIMEOUT
maxsize : 30
nodes : 688867488.000000
filtered : 3946813856.000000
time : 3600.000000
