Parameters: GAD=1 vflib=1 dir=1 label=1 lowerbound=1 fileNameGp=../graphsdb/mcs10/m2D/m2D/mcs10_m2D_s60.A43 fileNameGt=../graphsdb/mcs10/m2D/m2D/mcs10_m2D_s60.B43
Reading graphs...
60 : 104
60 : 104
Initializing...
maxdom : 7
D->valSize : 231
Solving...
Blb : 2 (clique : 21)
currentSize : 21 <-- 0.001683 s
currentSize : 22 <-- 0.006351 s
currentSize : 23 <-- 8.972965 s
currentSize : 24 <-- 19.301090 s
currentSize : 25 <-- 195.175278 s

maxsize : 25
nodes : 308214310.000000
filtered : 2349445084.000000
time : 1292.681641
