Parameters: GAD=1 vflib=1 dir=1 label=1 lowerbound=1 fileNameGp=../graphsdb/mcs10/rand/r01/mcs10_r01_s80.A97 fileNameGt=../graphsdb/mcs10/rand/r01/mcs10_r01_s80.B97
Reading graphs...
80 : 634
80 : 634
Initializing...
maxdom : 9
D->valSize : 401
Solving...
Blb : 2 (clique : 12)
currentSize : 12 <-- 0.005689 s
currentSize : 13 <-- 0.006033 s
currentSize : 14 <-- 0.006123 s
currentSize : 15 <-- 0.142063 s
currentSize : 16 <-- 41.248737 s
currentSize : 17 <-- 63.642651 s

maxsize : 17
nodes : 56342127.000000
filtered : 656753526.000000
time : 298.704437
