Parameters: GAD=1 vflib=1 dir=1 label=1 lowerbound=1 fileNameGp=../graphsdb/mcs10/rand/r005/mcs10_r005_s100.A30 fileNameGt=../graphsdb/mcs10/rand/r005/mcs10_r005_s100.B30
Reading graphs...
100 : 500
100 : 500
Initializing...
maxdom : 6
D->valSize : 331
Solving...
Blb : 2 (clique : 19)
currentSize : 19 <-- 0.004950 s
currentSize : 20 <-- 0.005258 s
currentSize : 21 <-- 0.069126 s
currentSize : 22 <-- 0.193794 s
currentSize : 23 <-- 0.413480 s
currentSize : 24 <-- 19.863243 s

TIMEOUT
maxsize : 24
nodes : 650938943.000000
filtered : 4471243395.000000
time : 3600.000000
