Parameters: GAD=1 vflib=1 dir=1 label=1 lowerbound=1 fileNameGp=../graphsdb/mcs10/bvg/b03m/mcs10_b03m_s60.A62 fileNameGt=../graphsdb/mcs10/bvg/b03m/mcs10_b03m_s60.B62
Reading graphs...
60 : 90
60 : 90
Initializing...
maxdom : 7
D->valSize : 253
Solving...
Blb : 3 (clique : 20)
currentSize : 20 <-- 0.001854 s
currentSize : 21 <-- 0.027496 s
currentSize : 22 <-- 0.146995 s
currentSize : 23 <-- 0.239431 s
currentSize : 24 <-- 88.711075 s
currentSize : 25 <-- 714.450195 s

TIMEOUT
maxsize : 25
nodes : 984938987.000000
filtered : 5825753685.000000
time : 3600.000000
