Parameters: GAD=1 vflib=1 dir=1 label=1 lowerbound=1 fileNameGp=../graphsdb/mcs10/rand/r01/mcs10_r01_s100.A65 fileNameGt=../graphsdb/mcs10/rand/r01/mcs10_r01_s100.B65
Reading graphs...
100 : 990
100 : 990
Initializing...
maxdom : 7
D->valSize : 305
Solving...
Blb : 2 (clique : 11)
currentSize : 11 <-- 0.002702 s
currentSize : 12 <-- 0.003455 s
currentSize : 13 <-- 0.016699 s
currentSize : 14 <-- 0.054444 s
currentSize : 15 <-- 1.091686 s
currentSize : 16 <-- 3.010586 s

maxsize : 16
nodes : 20981629.000000
filtered : 188195473.000000
time : 119.748886
