Parameters: GAD=1 vflib=1 dir=1 label=1 lowerbound=1 fileNameGp=../graphsdb/mcs10/rand/r01/mcs10_r01_s100.A38 fileNameGt=../graphsdb/mcs10/rand/r01/mcs10_r01_s100.B38
Reading graphs...
100 : 990
100 : 990
Initializing...
maxdom : 11
D->valSize : 300
Solving...
Blb : 5 (clique : 12)
currentSize : 12 <-- 0.004249 s
currentSize : 13 <-- 0.007729 s
currentSize : 14 <-- 0.010683 s
currentSize : 15 <-- 0.156452 s
currentSize : 16 <-- 0.157713 s
currentSize : 17 <-- 3.312598 s
currentSize : 18 <-- 24.233791 s

maxsize : 18
nodes : 13710773.000000
filtered : 124225427.000000
time : 78.977806
