Parameters: GAD=1 vflib=1 dir=1 label=1 lowerbound=1 fileNameGp=../graphsdb/mcs10/m3D/m3Dr6/mcs10_m3Dr6_s70.A80 fileNameGt=../graphsdb/mcs10/m3D/m3Dr6/mcs10_m3Dr6_s70.B80
Reading graphs...
70 : 201
70 : 200
Initializing...
maxdom : 6
D->valSize : 312
Solving...
Blb : 2 (clique : 19)
currentSize : 19 <-- 0.002491 s
currentSize : 20 <-- 0.012477 s
currentSize : 21 <-- 0.033371 s
currentSize : 22 <-- 1.391617 s
currentSize : 23 <-- 412.320740 s
currentSize : 24 <-- 430.103607 s
currentSize : 25 <-- 3181.867676 s

TIMEOUT
maxsize : 25
nodes : 801594731.000000
filtered : 5827291838.000000
time : 3600.000000
