Parameters: GAD=1 vflib=1 dir=1 label=1 lowerbound=1 fileNameGp=../graphsdb/mcs10/m4D/m4D/mcs10_m4D_s100.A29 fileNameGt=../graphsdb/mcs10/m4D/m4D/mcs10_m4D_s100.B29
Reading graphs...
100 : 159
100 : 159
Initializing...
maxdom : 7
D->valSize : 347
Solving...
Blb : 2 (clique : 36)
currentSize : 36 <-- 0.005782 s
currentSize : 37 <-- 0.006612 s
currentSize : 38 <-- 0.008766 s
currentSize : 39 <-- 0.037253 s
currentSize : 40 <-- 0.160396 s
currentSize : 41 <-- 113.264603 s
currentSize : 42 <-- 721.803528 s

TIMEOUT
maxsize : 42
nodes : 721911545.000000
filtered : 3982929672.000000
time : 3600.000000
