Parameters: GAD=1 vflib=1 dir=1 label=1 lowerbound=1 fileNameGp=../graphsdb/mcs10/rand/r005/mcs10_r005_s50.A09 fileNameGt=../graphsdb/mcs10/rand/r005/mcs10_r005_s50.B09
Reading graphs...
50 : 125
50 : 125
Initializing...
maxdom : 9
D->valSize : 285
Solving...
Blb : 2 (clique : 15)
currentSize : 15 <-- 0.001853 s
currentSize : 16 <-- 0.001967 s
currentSize : 17 <-- 0.003430 s
currentSize : 18 <-- 0.007047 s
currentSize : 19 <-- 0.041719 s

maxsize : 19
nodes : 24292578.000000
filtered : 259324408.000000
time : 101.295357
