Parameters: GAD=1 vflib=1 dir=1 label=1 lowerbound=1 fileNameGp=../graphsdb/mcs10/bvg/b06/mcs10_b06_s70.A50 fileNameGt=../graphsdb/mcs10/bvg/b06/mcs10_b06_s70.B50
Reading graphs...
70 : 210
70 : 210
Initializing...
maxdom : 9
D->valSize : 321
Solving...
Blb : 2 (clique : 19)
currentSize : 19 <-- 0.002565 s
currentSize : 20 <-- 0.057917 s
currentSize : 21 <-- 0.516218 s
currentSize : 22 <-- 10.486186 s
currentSize : 23 <-- 211.347427 s
currentSize : 24 <-- 354.457275 s
currentSize : 25 <-- 655.779602 s
currentSize : 26 <-- 975.534546 s

TIMEOUT
maxsize : 26
nodes : 697076173.000000
filtered : 7648055801.000000
time : 3600.000000
