Parameters: GAD=1 vflib=1 dir=1 label=1 lowerbound=1 fileNameGp=../graphsdb/mcs10/bvg/b06/mcs10_b06_s100.A19 fileNameGt=../graphsdb/mcs10/bvg/b06/mcs10_b06_s100.B19
Reading graphs...
100 : 300
100 : 300
Initializing...
maxdom : 6
D->valSize : 308
Solving...
Blb : 5 (clique : 25)
currentSize : 25 <-- 0.002901 s
currentSize : 26 <-- 0.006222 s
currentSize : 27 <-- 1.485671 s
currentSize : 28 <-- 21.239540 s
currentSize : 29 <-- 2154.816162 s
currentSize : 30 <-- 3019.723145 s

TIMEOUT
maxsize : 30
nodes : 690071271.000000
filtered : 3431420042.000000
time : 3600.000000
