Parameters: GAD=1 vflib=1 dir=1 label=1 lowerbound=1 fileNameGp=../graphsdb/mcs10/m3D/m3Dr6/mcs10_m3Dr6_s60.A15 fileNameGt=../graphsdb/mcs10/m3D/m3Dr6/mcs10_m3Dr6_s60.B15
Reading graphs...
60 : 170
60 : 169
Initializing...
maxdom : 8
D->valSize : 206
Solving...
Blb : 5 (clique : 15)
currentSize : 15 <-- 0.001800 s
currentSize : 16 <-- 0.001908 s
currentSize : 17 <-- 0.003396 s
currentSize : 18 <-- 0.006793 s
currentSize : 19 <-- 0.618509 s
currentSize : 20 <-- 73.069199 s

maxsize : 20
nodes : 24629940.000000
filtered : 190613226.000000
time : 101.672340
