Parameters: GAD=1 vflib=1 dir=1 label=1 lowerbound=1 fileNameGp=../graphsdb/mcs10/m2D/m2Dr6/mcs10_m2Dr6_s50.A16 fileNameGt=../graphsdb/mcs10/m2D/m2Dr6/mcs10_m2Dr6_s50.B16
Reading graphs...
50 : 115
50 : 113
Initializing...
maxdom : 9
D->valSize : 299
Solving...
Blb : 2 (clique : 16)
currentSize : 16 <-- 0.003335 s
currentSize : 17 <-- 0.003873 s
currentSize : 18 <-- 0.008463 s
currentSize : 19 <-- 2.334069 s
currentSize : 20 <-- 11.386179 s

maxsize : 20
nodes : 90384951.000000
filtered : 1078230968.000000
time : 411.010132
