Parameters: GAD=1 vflib=1 dir=1 label=1 lowerbound=1 fileNameGp=../graphsdb/mcs10/rand/r02/mcs10_r02_s100.A31 fileNameGt=../graphsdb/mcs10/rand/r02/mcs10_r02_s100.B31
Reading graphs...
100 : 1979
100 : 1979
Initializing...
maxdom : 7
D->valSize : 304
Solving...
Blb : 2 (clique : 7)
currentSize : 7 <-- 0.002840 s
currentSize : 8 <-- 0.002947 s
currentSize : 9 <-- 0.010053 s
currentSize : 10 <-- 0.018540 s
currentSize : 11 <-- 0.027851 s
currentSize : 12 <-- 0.336540 s

maxsize : 12
nodes : 129705.000000
filtered : 1450312.000000
time : 0.761911
