Parameters: GAD=1 vflib=1 dir=1 label=1 lowerbound=1 fileNameGp=../graphsdb/mcs10/m2D/m2Dr2/mcs10_m2Dr2_s90.A28 fileNameGt=../graphsdb/mcs10/m2D/m2Dr2/mcs10_m2Dr2_s90.B28
Reading graphs...
90 : 179
90 : 179
Initializing...
maxdom : 10
D->valSize : 519
Solving...
Blb : 2 (clique : 29)
currentSize : 29 <-- 0.005945 s
currentSize : 30 <-- 0.006188 s
currentSize : 31 <-- 0.109259 s
currentSize : 32 <-- 1.708500 s
currentSize : 33 <-- 8.327768 s
currentSize : 34 <-- 19.221905 s
currentSize : 35 <-- 218.962936 s
currentSize : 36 <-- 1823.765503 s

TIMEOUT
maxsize : 36
nodes : 690894500.000000
filtered : 4513226578.000000
time : 3600.000000
