Parameters: GAD=1 vflib=1 dir=1 label=1 lowerbound=1 fileNameGp=../graphsdb/mcs10/m2D/m2Dr4/mcs10_m2Dr4_s70.A27 fileNameGt=../graphsdb/mcs10/m2D/m2Dr4/mcs10_m2Dr4_s70.B27
Reading graphs...
70 : 151
70 : 150
Initializing...
maxdom : 8
D->valSize : 318
Solving...
Blb : 2 (clique : 23)
currentSize : 23 <-- 0.002646 s
currentSize : 24 <-- 0.012665 s
currentSize : 25 <-- 0.113645 s
currentSize : 26 <-- 0.518026 s
currentSize : 27 <-- 480.549530 s
currentSize : 28 <-- 2877.000244 s

TIMEOUT
maxsize : 28
nodes : 815028851.000000
filtered : 6132804185.000000
time : 3600.000000
