Parameters: GAD=1 vflib=1 dir=1 label=1 lowerbound=1 fileNameGp=../graphsdb/mcs10/m3D/m3D/mcs10_m3D_s60.A72 fileNameGt=../graphsdb/mcs10/m3D/m3D/mcs10_m3D_s60.B72
Reading graphs...
60 : 134
60 : 134
Initializing...
maxdom : 8
D->valSize : 245
Solving...
Blb : 3 (clique : 17)
currentSize : 17 <-- 0.001773 s
currentSize : 18 <-- 0.002043 s
currentSize : 19 <-- 0.002888 s
currentSize : 20 <-- 0.003048 s
currentSize : 21 <-- 0.014951 s
currentSize : 22 <-- 7.145692 s
currentSize : 23 <-- 62.758247 s
currentSize : 24 <-- 93.671616 s

maxsize : 24
nodes : 89329898.000000
filtered : 692948306.000000
time : 407.977234
