Parameters: GAD=1 vflib=1 dir=1 label=1 lowerbound=1 fileNameGp=../graphsdb/mcs10/m3D/m3Dr6/mcs10_m3Dr6_s90.A45 fileNameGt=../graphsdb/mcs10/m3D/m3Dr6/mcs10_m3Dr6_s90.B45
Reading graphs...
90 : 263
90 : 262
Initializing...
maxdom : 10
D->valSize : 516
Solving...
Blb : 2 (clique : 24)
currentSize : 24 <-- 0.005707 s
currentSize : 25 <-- 0.005941 s
currentSize : 26 <-- 0.006169 s
currentSize : 27 <-- 0.406133 s
currentSize : 28 <-- 0.658476 s
currentSize : 29 <-- 33.768066 s
currentSize : 30 <-- 70.007446 s

TIMEOUT
maxsize : 30
nodes : 616665361.000000
filtered : 6467217680.000000
time : 3600.000000
