Parameters: GAD=1 vflib=1 dir=1 label=1 lowerbound=1 fileNameGp=../graphsdb/mcs10/m2D/m2Dr4/mcs10_m2Dr4_s80.A69 fileNameGt=../graphsdb/mcs10/m2D/m2Dr4/mcs10_m2Dr4_s80.B69
Reading graphs...
80 : 174
80 : 173
Initializing...
maxdom : 8
D->valSize : 415
Solving...
Blb : 2 (clique : 27)
currentSize : 27 <-- 0.004010 s
currentSize : 28 <-- 0.011227 s
currentSize : 29 <-- 0.015726 s
currentSize : 30 <-- 0.016835 s
currentSize : 31 <-- 0.072360 s
currentSize : 32 <-- 2762.652344 s

TIMEOUT
maxsize : 32
nodes : 707024865.000000
filtered : 6452778174.000000
time : 3600.000000
