Parameters: GAD=1 vflib=1 dir=1 label=1 lowerbound=1 fileNameGp=../graphsdb/mcs10/m3D/m3D/mcs10_m3D_s60.A34 fileNameGt=../graphsdb/mcs10/m3D/m3D/mcs10_m3D_s60.B34
Reading graphs...
60 : 134
60 : 134
Initializing...
maxdom : 9
D->valSize : 240
Solving...
Blb : 3 (clique : 17)
currentSize : 17 <-- 0.001730 s
currentSize : 18 <-- 0.002200 s
currentSize : 19 <-- 0.094256 s
currentSize : 20 <-- 0.255349 s
currentSize : 21 <-- 9.436444 s
currentSize : 22 <-- 163.074814 s

maxsize : 22
nodes : 97455367.000000
filtered : 689784124.000000
time : 392.137573
