Parameters: GAD=1 vflib=1 dir=1 label=1 lowerbound=1 fileNameGp=../graphsdb/mcs10/rand/r005/mcs10_r005_s100.A81 fileNameGt=../graphsdb/mcs10/rand/r005/mcs10_r005_s100.B81
Reading graphs...
100 : 500
100 : 500
Initializing...
maxdom : 8
D->valSize : 348
Solving...
Blb : 5 (clique : 19)
currentSize : 19 <-- 0.003327 s
currentSize : 20 <-- 0.018318 s
currentSize : 21 <-- 0.027706 s
currentSize : 22 <-- 0.124970 s
currentSize : 23 <-- 6.810679 s
currentSize : 24 <-- 22.600744 s

TIMEOUT
maxsize : 24
nodes : 651041695.000000
filtered : 4551599041.000000
time : 3600.000000
