Parameters: GAD=1 vflib=1 dir=1 label=1 lowerbound=1 fileNameGp=../graphsdb/mcs10/bvg/b09m/mcs10_b09m_s100.A93 fileNameGt=../graphsdb/mcs10/bvg/b09m/mcs10_b09m_s100.B93
Reading graphs...
100 : 450
100 : 450
Initializing...
maxdom : 5
D->valSize : 330
Solving...
Blb : 5 (clique : 19)
currentSize : 19 <-- 0.003024 s
currentSize : 20 <-- 0.006383 s
currentSize : 21 <-- 0.047602 s
currentSize : 22 <-- 1.135828 s
currentSize : 23 <-- 6.794963 s
currentSize : 24 <-- 11.246381 s

TIMEOUT
maxsize : 24
nodes : 690909182.000000
filtered : 3995328458.000000
time : 3600.000000
