Parameters: GAD=1 vflib=1 dir=1 label=1 lowerbound=1 fileNameGp=../graphsdb/mcs10/rand/r005/mcs10_r005_s80.A82 fileNameGt=../graphsdb/mcs10/rand/r005/mcs10_r005_s80.B82
Reading graphs...
80 : 321
80 : 321
Initializing...
maxdom : 7
D->valSize : 414
Solving...
Blb : 2 (clique : 17)
currentSize : 17 <-- 0.003971 s
currentSize : 18 <-- 0.004154 s
currentSize : 19 <-- 0.004175 s
currentSize : 20 <-- 0.004325 s
currentSize : 21 <-- 0.057445 s
currentSize : 22 <-- 129.907532 s
currentSize : 23 <-- 448.670471 s

TIMEOUT
maxsize : 23
nodes : 717089505.000000
filtered : 6928125248.000000
time : 3600.000000
