Parameters: GAD=1 vflib=1 dir=1 label=1 lowerbound=1 fileNameGp=../graphsdb/mcs10/m2D/m2Dr6/mcs10_m2Dr6_s70.A66 fileNameGt=../graphsdb/mcs10/m2D/m2Dr6/mcs10_m2Dr6_s70.B66
Reading graphs...
70 : 165
70 : 163
Initializing...
maxdom : 9
D->valSize : 317
Solving...
Blb : 2 (clique : 22)
currentSize : 22 <-- 0.002526 s
currentSize : 23 <-- 0.002700 s
currentSize : 24 <-- 0.011254 s
currentSize : 25 <-- 0.029723 s
currentSize : 26 <-- 0.074371 s
currentSize : 27 <-- 0.996914 s

TIMEOUT
maxsize : 27
nodes : 758464448.000000
filtered : 6584158847.000000
time : 3600.000000
