Parameters: GAD=1 vflib=1 dir=1 label=1 lowerbound=1 fileNameGp=../graphsdb/mcs10/m2D/m2Dr6/mcs10_m2Dr6_s100.A09 fileNameGt=../graphsdb/mcs10/m2D/m2Dr6/mcs10_m2Dr6_s100.B09
Reading graphs...
100 : 239
100 : 239
Initializing...
maxdom : 8
D->valSize : 342
Solving...
Blb : 2 (clique : 28)
currentSize : 28 <-- 0.003320 s
currentSize : 29 <-- 0.005584 s
currentSize : 30 <-- 0.047607 s
currentSize : 31 <-- 1.305412 s
currentSize : 32 <-- 10.566838 s
currentSize : 33 <-- 57.260933 s
currentSize : 34 <-- 65.001915 s

TIMEOUT
maxsize : 34
nodes : 710356138.000000
filtered : 3755227729.000000
time : 3600.000000
