Parameters: GAD=1 vflib=1 dir=1 label=1 lowerbound=1 fileNameGp=../graphsdb/mcs10/bvg/b03/mcs10_b03_s60.A60 fileNameGt=../graphsdb/mcs10/bvg/b03/mcs10_b03_s60.B60
Reading graphs...
60 : 90
60 : 90
Initializing...
maxdom : 8
D->valSize : 235
Solving...
Blb : 2 (clique : 21)
currentSize : 21 <-- 0.001754 s
currentSize : 22 <-- 0.011231 s
currentSize : 23 <-- 0.047227 s
currentSize : 24 <-- 6.506465 s
currentSize : 25 <-- 176.892212 s
currentSize : 26 <-- 769.320007 s

TIMEOUT
maxsize : 26
nodes : 914729348.000000
filtered : 6417485078.000000
time : 3600.000000
