Parameters: GAD=1 vflib=1 dir=1 label=1 lowerbound=1 fileNameGp=../graphsdb/mcs10/rand/r02/mcs10_r02_s60.A04 fileNameGt=../graphsdb/mcs10/rand/r02/mcs10_r02_s60.B04
Reading graphs...
60 : 707
60 : 707
Initializing...
maxdom : 7
D->valSize : 259
Solving...
Blb : 2 (clique : 6)
currentSize : 6 <-- 0.001713 s
currentSize : 7 <-- 0.001917 s
currentSize : 8 <-- 0.002674 s
currentSize : 9 <-- 0.025783 s
currentSize : 10 <-- 0.064420 s

maxsize : 10
nodes : 51538.000000
filtered : 685934.000000
time : 0.230878
