Parameters: GAD=1 vflib=1 dir=1 label=1 lowerbound=1 fileNameGp=../graphsdb/mcs10/m3D/m3Dr2/mcs10_m3Dr2_s80.A83 fileNameGt=../graphsdb/mcs10/m3D/m3Dr2/mcs10_m3Dr2_s80.B83
Reading graphs...
80 : 200
80 : 199
Initializing...
maxdom : 9
D->valSize : 382
Solving...
Blb : 2 (clique : 21)
currentSize : 21 <-- 0.005715 s
currentSize : 22 <-- 0.006344 s
currentSize : 23 <-- 0.032218 s
currentSize : 24 <-- 0.122734 s
currentSize : 25 <-- 1.579865 s
currentSize : 26 <-- 2.787355 s
currentSize : 27 <-- 49.233849 s

TIMEOUT
maxsize : 27
nodes : 703685413.000000
filtered : 6843086424.000000
time : 3600.000000
