Parameters: GAD=1 vflib=1 dir=1 label=1 lowerbound=1 fileNameGp=../graphsdb/mcs10/rand/r005/mcs10_r005_s100.A10 fileNameGt=../graphsdb/mcs10/rand/r005/mcs10_r005_s100.B10
Reading graphs...
100 : 500
100 : 500
Initializing...
maxdom : 7
D->valSize : 338
Solving...
Blb : 2 (clique : 19)
currentSize : 19 <-- 0.003170 s
currentSize : 20 <-- 0.034074 s
currentSize : 21 <-- 0.207066 s
currentSize : 22 <-- 0.552027 s
currentSize : 23 <-- 11.127712 s
currentSize : 24 <-- 23.360188 s
currentSize : 25 <-- 1964.596069 s

TIMEOUT
maxsize : 25
nodes : 638756990.000000
filtered : 4458550910.000000
time : 3600.000000
