Parameters: GAD=1 vflib=1 dir=1 label=1 lowerbound=1 fileNameGp=../graphsdb/mcs10/m3D/m3Dr4/mcs10_m3Dr4_s70.A26 fileNameGt=../graphsdb/mcs10/m3D/m3Dr4/mcs10_m3Dr4_s70.B26
Reading graphs...
70 : 187
70 : 187
Initializing...
maxdom : 9
D->valSize : 314
Solving...
Blb : 2 (clique : 20)
currentSize : 20 <-- 0.002471 s
currentSize : 21 <-- 0.002642 s
currentSize : 22 <-- 0.422663 s
currentSize : 23 <-- 7.257926 s
currentSize : 24 <-- 7.258099 s
currentSize : 25 <-- 15.172838 s
currentSize : 26 <-- 431.674530 s

TIMEOUT
maxsize : 26
nodes : 722363648.000000
filtered : 7457875464.000000
time : 3600.000000
