Parameters: GAD=1 vflib=1 dir=1 label=1 lowerbound=1 fileNameGp=../graphsdb/mcs10/m3D/m3D/mcs10_m3D_s90.A74 fileNameGt=../graphsdb/mcs10/m3D/m3D/mcs10_m3D_s90.B74
Reading graphs...
90 : 209
90 : 209
Initializing...
maxdom : 9
D->valSize : 522
Solving...
Blb : 2 (clique : 26)
currentSize : 26 <-- 0.009895 s
currentSize : 27 <-- 0.074238 s
currentSize : 28 <-- 0.422111 s
currentSize : 29 <-- 10.199749 s
currentSize : 30 <-- 10.360730 s
currentSize : 31 <-- 113.475372 s
currentSize : 32 <-- 1692.412842 s

TIMEOUT
maxsize : 32
nodes : 774466291.000000
filtered : 4424181319.000000
time : 3600.000000
