Parameters: GAD=1 vflib=1 dir=1 label=1 lowerbound=1 fileNameGp=../graphsdb/mcs10/bvg/b09m/mcs10_b09m_s100.A35 fileNameGt=../graphsdb/mcs10/bvg/b09m/mcs10_b09m_s100.B35
Reading graphs...
100 : 450
100 : 450
Initializing...
maxdom : 7
D->valSize : 327
Solving...
Blb : 2 (clique : 22)
currentSize : 22 <-- 0.003061 s
currentSize : 23 <-- 0.005147 s
currentSize : 24 <-- 0.057215 s
currentSize : 25 <-- 0.379964 s
currentSize : 26 <-- 22.221588 s
currentSize : 27 <-- 110.054039 s

TIMEOUT
maxsize : 27
nodes : 661820209.000000
filtered : 4335532772.000000
time : 3600.000000
