Parameters: GAD=1 vflib=1 dir=1 label=1 lowerbound=1 fileNameGp=../graphsdb/mcs10/rand/r005/mcs10_r005_s100.A47 fileNameGt=../graphsdb/mcs10/rand/r005/mcs10_r005_s100.B47
Reading graphs...
100 : 500
100 : 500
Initializing...
maxdom : 7
D->valSize : 322
Solving...
Blb : 2 (clique : 18)
currentSize : 18 <-- 0.003007 s
currentSize : 19 <-- 0.003184 s
currentSize : 20 <-- 0.003385 s
currentSize : 21 <-- 0.045817 s
currentSize : 22 <-- 0.052161 s
currentSize : 23 <-- 12.472118 s
currentSize : 24 <-- 45.030060 s
currentSize : 25 <-- 64.001785 s

TIMEOUT
maxsize : 25
nodes : 652030263.000000
filtered : 3981951529.000000
time : 3600.000000
