Parameters: GAD=1 vflib=1 dir=1 label=1 lowerbound=1 fileNameGp=../graphsdb/mcs10/bvg/b03m/mcs10_b03m_s100.A27 fileNameGt=../graphsdb/mcs10/bvg/b03m/mcs10_b03m_s100.B27
Reading graphs...
100 : 150
100 : 150
Initializing...
maxdom : 7
D->valSize : 323
Solving...
Blb : 2 (clique : 33)
currentSize : 33 <-- 0.003383 s
currentSize : 34 <-- 0.003700 s
currentSize : 35 <-- 0.003929 s
currentSize : 36 <-- 0.004144 s
currentSize : 37 <-- 2.208545 s
currentSize : 38 <-- 3.730103 s
currentSize : 39 <-- 278.457611 s

TIMEOUT
maxsize : 39
nodes : 653722157.000000
filtered : 3152118003.000000
time : 3600.000000
