Parameters: GAD=1 vflib=1 dir=1 label=1 lowerbound=1 fileNameGp=../graphsdb/mcs10/m3D/m3D/mcs10_m3D_s70.A95 fileNameGt=../graphsdb/mcs10/m3D/m3D/mcs10_m3D_s70.B95
Reading graphs...
70 : 159
70 : 159
Initializing...
maxdom : 8
D->valSize : 335
Solving...
Blb : 5 (clique : 20)
currentSize : 20 <-- 0.004610 s
currentSize : 21 <-- 0.013053 s
currentSize : 22 <-- 0.079566 s
currentSize : 23 <-- 4.304382 s
currentSize : 24 <-- 37.453140 s
currentSize : 25 <-- 999.644958 s

TIMEOUT
maxsize : 25
nodes : 796102997.000000
filtered : 6683968622.000000
time : 3600.000000
