Parameters: GAD=1 vflib=1 dir=1 label=1 lowerbound=1 fileNameGp=../graphsdb/mcs10/m4D/m4Dr4/mcs10_m4Dr4_s100.A41 fileNameGt=../graphsdb/mcs10/m4D/m4Dr4/mcs10_m4Dr4_s100.B41
Reading graphs...
100 : 199
100 : 198
Initializing...
maxdom : 8
D->valSize : 329
Solving...
Blb : 2 (clique : 33)
currentSize : 33 <-- 0.003355 s
currentSize : 34 <-- 0.003849 s
currentSize : 35 <-- 0.004245 s
currentSize : 36 <-- 0.018519 s
currentSize : 37 <-- 0.095887 s
currentSize : 38 <-- 0.287149 s
currentSize : 39 <-- 2.630198 s
currentSize : 40 <-- 3381.286621 s
currentSize : 41 <-- 3487.579102 s

TIMEOUT
maxsize : 41
nodes : 677235386.000000
filtered : 3735571168.000000
time : 3600.000000
