Parameters: GAD=1 vflib=1 dir=1 label=1 lowerbound=1 fileNameGp=../graphsdb/mcs10/bvg/b03m/mcs10_b03m_s40.A78 fileNameGt=../graphsdb/mcs10/bvg/b03m/mcs10_b03m_s40.B78
Reading graphs...
40 : 60
40 : 59
Initializing...
maxdom : 8
D->valSize : 215
Solving...
Blb : 2 (clique : 16)
currentSize : 16 <-- 0.001301 s
currentSize : 17 <-- 0.001425 s
currentSize : 18 <-- 0.207298 s
currentSize : 19 <-- 0.207973 s
currentSize : 20 <-- 7.518536 s

maxsize : 20
nodes : 3859274.000000
filtered : 36863828.000000
time : 14.227653
