Parameters: GAD=1 vflib=1 dir=1 label=1 lowerbound=1 fileNameGp=../graphsdb/mcs10/m2D/m2D/mcs10_m2D_s50.A77 fileNameGt=../graphsdb/mcs10/m2D/m2D/mcs10_m2D_s50.B77
Reading graphs...
50 : 85
50 : 85
Initializing...
maxdom : 10
D->valSize : 313
Solving...
Blb : 2 (clique : 18)
currentSize : 18 <-- 0.003523 s
currentSize : 19 <-- 0.016600 s
currentSize : 20 <-- 0.067704 s
currentSize : 21 <-- 0.411976 s
currentSize : 22 <-- 52.910255 s
currentSize : 23 <-- 94.459023 s
currentSize : 24 <-- 94.691956 s
currentSize : 25 <-- 139.936661 s

maxsize : 25
nodes : 101901954.000000
filtered : 1229547511.000000
time : 439.423035
