Parameters: GAD=1 vflib=1 dir=1 label=1 lowerbound=1 fileNameGp=../graphsdb/mcs10/bvg/b03/mcs10_b03_s90.A85 fileNameGt=../graphsdb/mcs10/bvg/b03/mcs10_b03_s90.B85
Reading graphs...
90 : 135
90 : 135
Initializing...
maxdom : 9
D->valSize : 475
Solving...
Blb : 2 (clique : 34)
currentSize : 34 <-- 0.005326 s
currentSize : 35 <-- 1.760816 s
currentSize : 36 <-- 1.764710 s
currentSize : 37 <-- 3.307553 s
currentSize : 38 <-- 25.006840 s
currentSize : 39 <-- 2413.769043 s

TIMEOUT
maxsize : 39
nodes : 639442109.000000
filtered : 6023254802.000000
time : 3600.000000
