Parameters: GAD=1 vflib=1 dir=1 label=1 lowerbound=1 fileNameGp=../graphsdb/mcs10/m2D/m2Dr4/mcs10_m2Dr4_s90.A36 fileNameGt=../graphsdb/mcs10/m2D/m2Dr4/mcs10_m2Dr4_s90.B36
Reading graphs...
90 : 197
90 : 196
Initializing...
maxdom : 10
D->valSize : 490
Solving...
Blb : 2 (clique : 29)
currentSize : 29 <-- 0.005616 s
currentSize : 30 <-- 0.005902 s
currentSize : 31 <-- 0.044921 s
currentSize : 32 <-- 6.173066 s
currentSize : 33 <-- 2644.119873 s
currentSize : 34 <-- 2747.163330 s

TIMEOUT
maxsize : 34
nodes : 726303308.000000
filtered : 5170895344.000000
time : 3600.000000
