Parameters: GAD=1 vflib=1 dir=1 label=1 lowerbound=1 fileNameGp=../graphsdb/mcs10/m2D/m2D/mcs10_m2D_s40.A36 fileNameGt=../graphsdb/mcs10/m2D/m2D/mcs10_m2D_s40.B36
Reading graphs...
40 : 67
40 : 67
Initializing...
maxdom : 7
D->valSize : 195
Solving...
Blb : 2 (clique : 14)
currentSize : 14 <-- 0.001187 s
currentSize : 15 <-- 0.001263 s
currentSize : 16 <-- 0.001281 s
currentSize : 17 <-- 0.011871 s
currentSize : 18 <-- 0.074795 s
currentSize : 19 <-- 0.733571 s

maxsize : 19
nodes : 4863486.000000
filtered : 48718482.000000
time : 19.884935
