Parameters: GAD=1 vflib=1 dir=1 label=1 lowerbound=1 fileNameGp=../graphsdb/mcs10/m2D/m2Dr6/mcs10_m2Dr6_s80.A74 fileNameGt=../graphsdb/mcs10/m2D/m2Dr6/mcs10_m2Dr6_s80.B74
Reading graphs...
80 : 189
80 : 188
Initializing...
maxdom : 12
D->valSize : 430
Solving...
Blb : 5 (clique : 24)
currentSize : 24 <-- 0.004317 s
currentSize : 25 <-- 0.005465 s
currentSize : 26 <-- 0.038625 s
currentSize : 27 <-- 0.254690 s
currentSize : 28 <-- 0.761745 s
currentSize : 29 <-- 35.653000 s
currentSize : 30 <-- 1517.708618 s
currentSize : 31 <-- 2357.000000 s

TIMEOUT
maxsize : 31
nodes : 685573534.000000
filtered : 6277387676.000000
time : 3600.000000
