Parameters: GAD=1 vflib=1 dir=1 label=1 lowerbound=1 fileNameGp=../graphsdb/mcs10/m3D/m3Dr4/mcs10_m3Dr4_s70.A83 fileNameGt=../graphsdb/mcs10/m3D/m3Dr4/mcs10_m3Dr4_s70.B83
Reading graphs...
70 : 187
70 : 185
Initializing...
maxdom : 9
D->valSize : 300
Solving...
Blb : 2 (clique : 19)
currentSize : 19 <-- 0.002452 s
currentSize : 20 <-- 0.112765 s
currentSize : 21 <-- 0.245489 s
currentSize : 22 <-- 7.085943 s
currentSize : 23 <-- 35.338261 s
currentSize : 24 <-- 468.221954 s
currentSize : 25 <-- 2560.274414 s

TIMEOUT
maxsize : 25
nodes : 768084191.000000
filtered : 6112096057.000000
time : 3600.000000
