Parameters: GAD=1 vflib=1 dir=1 label=1 lowerbound=1 fileNameGp=../graphsdb/mcs10/m2D/m2Dr6/mcs10_m2Dr6_s80.A14 fileNameGt=../graphsdb/mcs10/m2D/m2Dr6/mcs10_m2Dr6_s80.B14
Reading graphs...
80 : 190
80 : 189
Initializing...
maxdom : 9
D->valSize : 411
Solving...
Blb : 2 (clique : 22)
currentSize : 22 <-- 0.003902 s
currentSize : 25 <-- 0.004071 s
currentSize : 26 <-- 0.004909 s
currentSize : 27 <-- 0.070015 s
currentSize : 28 <-- 181.210693 s
currentSize : 29 <-- 2604.101074 s

TIMEOUT
maxsize : 29
nodes : 770901658.000000
filtered : 5204932248.000000
time : 3600.000000
