Parameters: GAD=1 vflib=1 dir=1 label=1 lowerbound=1 fileNameGp=../graphsdb/mcs10/m2D/m2Dr2/mcs10_m2Dr2_s70.A33 fileNameGt=../graphsdb/mcs10/m2D/m2Dr2/mcs10_m2Dr2_s70.B33
Reading graphs...
70 : 137
70 : 137
Initializing...
maxdom : 10
D->valSize : 356
Solving...
Blb : 2 (clique : 23)
currentSize : 23 <-- 0.003058 s
currentSize : 24 <-- 0.127239 s
currentSize : 25 <-- 0.847787 s
currentSize : 26 <-- 8.937822 s
currentSize : 27 <-- 75.995926 s
currentSize : 28 <-- 1886.508301 s

TIMEOUT
maxsize : 28
nodes : 772117669.000000
filtered : 7118602853.000000
time : 3600.000000
