Parameters: GAD=1 vflib=1 dir=1 label=1 lowerbound=1 fileNameGp=../graphsdb/mcs10/m2D/m2Dr2/mcs10_m2Dr2_s70.A35 fileNameGt=../graphsdb/mcs10/m2D/m2Dr2/mcs10_m2Dr2_s70.B35
Reading graphs...
70 : 137
70 : 137
Initializing...
maxdom : 8
D->valSize : 306
Solving...
Blb : 2 (clique : 24)
currentSize : 24 <-- 0.003989 s
currentSize : 25 <-- 1.184219 s
currentSize : 26 <-- 2.081715 s
currentSize : 27 <-- 3.793522 s
currentSize : 28 <-- 150.792694 s
currentSize : 29 <-- 158.930359 s
currentSize : 30 <-- 160.546158 s

TIMEOUT
maxsize : 30
nodes : 832330033.000000
filtered : 4878130197.000000
time : 3600.000000
