Parameters: GAD=1 vflib=1 dir=1 label=1 lowerbound=1 fileNameGp=../graphsdb/mcs10/m2D/m2Dr4/mcs10_m2Dr4_s80.A67 fileNameGt=../graphsdb/mcs10/m2D/m2Dr4/mcs10_m2Dr4_s80.B67
Reading graphs...
80 : 174
80 : 172
Initializing...
maxdom : 11
D->valSize : 408
Solving...
Blb : 2 (clique : 24)
currentSize : 24 <-- 0.003860 s
currentSize : 25 <-- 0.004115 s
currentSize : 26 <-- 0.106976 s
currentSize : 27 <-- 0.287211 s
currentSize : 28 <-- 3.697779 s
currentSize : 29 <-- 65.893616 s
currentSize : 30 <-- 2476.804199 s
currentSize : 31 <-- 2549.081299 s

TIMEOUT
maxsize : 31
nodes : 718726820.000000
filtered : 5708509658.000000
time : 3600.000000
