Parameters: GAD=1 vflib=1 dir=1 label=1 lowerbound=1 fileNameGp=../graphsdb/mcs10/bvg/b06/mcs10_b06_s100.A76 fileNameGt=../graphsdb/mcs10/bvg/b06/mcs10_b06_s100.B76
Reading graphs...
100 : 300
100 : 300
Initializing...
maxdom : 8
D->valSize : 290
Solving...
Blb : 2 (clique : 21)
currentSize : 21 <-- 0.003076 s
currentSize : 22 <-- 0.003450 s
currentSize : 23 <-- 0.067720 s
currentSize : 24 <-- 2.019434 s
currentSize : 25 <-- 30.492163 s
currentSize : 26 <-- 107.666641 s
currentSize : 27 <-- 126.214539 s
currentSize : 28 <-- 742.970398 s
currentSize : 29 <-- 859.808167 s
currentSize : 30 <-- 1019.605469 s

TIMEOUT
maxsize : 30
nodes : 705963904.000000
filtered : 4061390232.000000
time : 3600.000000
