Parameters: GAD=1 vflib=1 dir=1 label=1 lowerbound=1 fileNameGp=../graphsdb/mcs10/m2D/m2Dr6/mcs10_m2Dr6_s70.A70 fileNameGt=../graphsdb/mcs10/m2D/m2Dr6/mcs10_m2Dr6_s70.B70
Reading graphs...
70 : 165
70 : 163
Initializing...
maxdom : 9
D->valSize : 365
Solving...
Blb : 2 (clique : 21)
currentSize : 21 <-- 0.003327 s
currentSize : 22 <-- 1.562374 s
currentSize : 23 <-- 4.553314 s
currentSize : 24 <-- 8.673487 s
currentSize : 25 <-- 146.463409 s
currentSize : 26 <-- 271.056793 s

TIMEOUT
maxsize : 26
nodes : 753863953.000000
filtered : 7202899688.000000
time : 3600.000000
