Parameters: GAD=1 vflib=1 dir=1 label=1 lowerbound=1 fileNameGp=../graphsdb/mcs10/rand/r01/mcs10_r01_s70.A38 fileNameGt=../graphsdb/mcs10/rand/r01/mcs10_r01_s70.B38
Reading graphs...
70 : 485
70 : 485
Initializing...
maxdom : 8
D->valSize : 321
Solving...
Blb : 2 (clique : 11)
currentSize : 11 <-- 0.002464 s
currentSize : 12 <-- 0.002793 s
currentSize : 13 <-- 0.011371 s
currentSize : 14 <-- 0.029231 s
currentSize : 15 <-- 15.250289 s

maxsize : 15
nodes : 11518005.000000
filtered : 119089029.000000
time : 55.165695
