Parameters: GAD=1 vflib=1 dir=1 label=1 lowerbound=1 fileNameGp=../graphsdb/mcs10/m3D/m3D/mcs10_m3D_s100.A55 fileNameGt=../graphsdb/mcs10/m3D/m3D/mcs10_m3D_s100.B55
Reading graphs...
100 : 235
100 : 235
Initializing...
maxdom : 7
D->valSize : 296
Solving...
Blb : 2 (clique : 27)
currentSize : 27 <-- 0.002784 s
currentSize : 28 <-- 0.003010 s
currentSize : 29 <-- 0.003120 s
currentSize : 30 <-- 35.994518 s
currentSize : 31 <-- 37.103474 s
currentSize : 32 <-- 155.185089 s
currentSize : 33 <-- 244.228592 s
currentSize : 34 <-- 774.886780 s
currentSize : 35 <-- 1383.506348 s

TIMEOUT
maxsize : 35
nodes : 681456086.000000
filtered : 3587250483.000000
time : 3600.000000
