Parameters: GAD=1 vflib=1 dir=1 label=1 lowerbound=1 fileNameGp=../graphsdb/mcs10/m3D/m3Dr4/mcs10_m3Dr4_s70.A38 fileNameGt=../graphsdb/mcs10/m3D/m3Dr4/mcs10_m3Dr4_s70.B38
Reading graphs...
70 : 187
70 : 187
Initializing...
maxdom : 10
D->valSize : 314
Solving...
Blb : 2 (clique : 19)
currentSize : 19 <-- 0.002471 s
currentSize : 20 <-- 0.009601 s
currentSize : 21 <-- 0.034498 s
currentSize : 22 <-- 0.101929 s
currentSize : 23 <-- 1.244164 s
currentSize : 24 <-- 17.591969 s

TIMEOUT
maxsize : 24
nodes : 760215258.000000
filtered : 6995160905.000000
time : 3600.000000
