Parameters: GAD=1 vflib=1 dir=1 label=1 lowerbound=1 fileNameGp=../graphsdb/mcs10/rand/r01/mcs10_r01_s70.A53 fileNameGt=../graphsdb/mcs10/rand/r01/mcs10_r01_s70.B53
Reading graphs...
70 : 485
70 : 485
Initializing...
maxdom : 8
D->valSize : 320
Solving...
Blb : 2 (clique : 12)
currentSize : 12 <-- 0.002447 s
currentSize : 13 <-- 0.009707 s
currentSize : 14 <-- 0.920446 s
currentSize : 15 <-- 20.761761 s
currentSize : 16 <-- 47.941685 s

maxsize : 16
nodes : 12914931.000000
filtered : 123812904.000000
time : 60.468609
