Parameters: GAD=1 vflib=1 dir=1 label=1 lowerbound=1 fileNameGp=../graphsdb/mcs10/rand/r01/mcs10_r01_s100.A55 fileNameGt=../graphsdb/mcs10/rand/r01/mcs10_r01_s100.B55
Reading graphs...
100 : 990
100 : 990
Initializing...
maxdom : 6
D->valSize : 349
Solving...
Blb : 2 (clique : 12)
currentSize : 12 <-- 0.003203 s
currentSize : 13 <-- 0.009007 s
currentSize : 14 <-- 0.063310 s
currentSize : 15 <-- 0.471365 s
currentSize : 16 <-- 1.078440 s
currentSize : 17 <-- 8.823115 s

maxsize : 17
nodes : 48129865.000000
filtered : 438154505.000000
time : 277.861725
