Parameters: GAD=1 vflib=1 dir=1 label=1 lowerbound=1 fileNameGp=../graphsdb/mcs10/rand/r005/mcs10_r005_s40.A43 fileNameGt=../graphsdb/mcs10/rand/r005/mcs10_r005_s40.B43
Reading graphs...
40 : 81
40 : 81
Initializing...
maxdom : 7
D->valSize : 208
Solving...
Blb : 2 (clique : 13)
currentSize : 13 <-- 0.001415 s
currentSize : 14 <-- 0.030090 s
currentSize : 15 <-- 0.126502 s
currentSize : 16 <-- 0.261405 s
currentSize : 17 <-- 1.016631 s

maxsize : 17
nodes : 3612826.000000
filtered : 31931996.000000
time : 13.247625
