Parameters: GAD=1 vflib=1 dir=1 label=1 lowerbound=1 fileNameGp=../graphsdb/mcs10/m3D/m3D/mcs10_m3D_s90.A07 fileNameGt=../graphsdb/mcs10/m3D/m3D/mcs10_m3D_s90.B07
Reading graphs...
90 : 209
90 : 209
Initializing...
maxdom : 10
D->valSize : 479
Solving...
Blb : 5 (clique : 27)
currentSize : 27 <-- 0.005250 s
currentSize : 28 <-- 0.016779 s
currentSize : 29 <-- 11.104860 s
currentSize : 30 <-- 30.269112 s
currentSize : 31 <-- 395.634888 s
currentSize : 32 <-- 428.957184 s

TIMEOUT
maxsize : 32
nodes : 730726933.000000
filtered : 4827915919.000000
time : 3600.000000
