Parameters: GAD=1 vflib=1 dir=1 label=1 lowerbound=1 fileNameGp=../graphsdb/mcs10/rand/r005/mcs10_r005_s35.A49 fileNameGt=../graphsdb/mcs10/rand/r005/mcs10_r005_s35.B49
Reading graphs...
35 : 61
35 : 61
Initializing...
maxdom : 7
D->valSize : 151
Solving...
Blb : 3 (clique : 11)
currentSize : 11 <-- 0.000882 s
currentSize : 12 <-- 0.000978 s
currentSize : 13 <-- 0.060528 s
currentSize : 14 <-- 0.159408 s
currentSize : 15 <-- 0.333643 s

maxsize : 15
nodes : 280538.000000
filtered : 2143211.000000
time : 1.064758
