Parameters: GAD=1 vflib=1 dir=1 label=1 lowerbound=1 fileNameGp=../graphsdb/mcs10/bvg/b06m/mcs10_b06m_s80.A05 fileNameGt=../graphsdb/mcs10/bvg/b06m/mcs10_b06m_s80.B05
Reading graphs...
80 : 240
80 : 240
Initializing...
maxdom : 8
D->valSize : 413
Solving...
Blb : 2 (clique : 22)
currentSize : 22 <-- 0.003875 s
currentSize : 23 <-- 0.004278 s
currentSize : 24 <-- 0.009380 s
currentSize : 25 <-- 0.056351 s
currentSize : 26 <-- 2.254783 s
currentSize : 27 <-- 34.036728 s
currentSize : 28 <-- 2229.557617 s

TIMEOUT
maxsize : 28
nodes : 707962017.000000
filtered : 6288389115.000000
time : 3600.000000
