Parameters: GAD=1 vflib=1 dir=1 label=1 lowerbound=1 fileNameGp=../graphsdb/mcs10/m3D/m3Dr6/mcs10_m3Dr6_s100.A61 fileNameGt=../graphsdb/mcs10/m3D/m3Dr6/mcs10_m3Dr6_s100.B61
Reading graphs...
100 : 295
100 : 294
Initializing...
maxdom : 8
D->valSize : 317
Solving...
Blb : 2 (clique : 24)
currentSize : 24 <-- 0.004816 s
currentSize : 25 <-- 1.303070 s
currentSize : 26 <-- 1.309557 s
currentSize : 27 <-- 15.360275 s
currentSize : 28 <-- 32.778515 s
currentSize : 29 <-- 208.632324 s
currentSize : 30 <-- 225.293442 s

TIMEOUT
maxsize : 30
nodes : 710831576.000000
filtered : 3471884278.000000
time : 3600.000000
