Parameters: GAD=1 vflib=1 dir=1 label=1 lowerbound=1 fileNameGp=../graphsdb/mcs10/bvg/b09/mcs10_b09_s100.A11 fileNameGt=../graphsdb/mcs10/bvg/b09/mcs10_b09_s100.B11
Reading graphs...
100 : 450
100 : 450
Initializing...
maxdom : 6
D->valSize : 324
Solving...
Blb : 2 (clique : 19)
currentSize : 19 <-- 0.002983 s
currentSize : 20 <-- 0.003257 s
currentSize : 21 <-- 0.004547 s
currentSize : 22 <-- 0.011604 s
currentSize : 23 <-- 0.031372 s
currentSize : 24 <-- 0.080433 s
currentSize : 25 <-- 3.868024 s
currentSize : 26 <-- 11.331179 s
currentSize : 27 <-- 52.382786 s

TIMEOUT
maxsize : 27
nodes : 669384874.000000
filtered : 3730328642.000000
time : 3600.000000
