Parameters: GAD=1 vflib=1 dir=1 label=1 lowerbound=1 fileNameGp=../graphsdb/mcs10/m3D/m3Dr4/mcs10_m3Dr4_s70.A63 fileNameGt=../graphsdb/mcs10/m3D/m3Dr4/mcs10_m3Dr4_s70.B63
Reading graphs...
70 : 187
70 : 187
Initializing...
maxdom : 9
D->valSize : 297
Solving...
Blb : 2 (clique : 20)
currentSize : 20 <-- 0.002335 s
currentSize : 21 <-- 0.002493 s
currentSize : 22 <-- 0.002696 s
currentSize : 23 <-- 0.077475 s
currentSize : 24 <-- 0.761557 s
currentSize : 25 <-- 13.415441 s
currentSize : 26 <-- 357.557617 s

maxsize : 26
nodes : 281332057.000000
filtered : 2596377817.000000
time : 1371.985718
