Parameters: GAD=1 vflib=1 dir=1 label=1 lowerbound=1 fileNameGp=../graphsdb/mcs10/rand/r01/mcs10_r01_s90.A35 fileNameGt=../graphsdb/mcs10/rand/r01/mcs10_r01_s90.B35
Reading graphs...
90 : 802
90 : 802
Initializing...
maxdom : 9
D->valSize : 524
Solving...
Blb : 2 (clique : 13)
currentSize : 13 <-- 0.005621 s
currentSize : 14 <-- 0.006868 s
currentSize : 15 <-- 0.077957 s
currentSize : 16 <-- 2.019867 s
currentSize : 17 <-- 14.867928 s
currentSize : 18 <-- 426.472198 s

maxsize : 18
nodes : 320432041.000000
filtered : 4372839018.000000
time : 1867.477539
