Parameters: GAD=1 vflib=1 dir=1 label=1 lowerbound=1 fileNameGp=../graphsdb/mcs10/m2D/m2Dr4/mcs10_m2Dr4_s80.A97 fileNameGt=../graphsdb/mcs10/m2D/m2Dr4/mcs10_m2Dr4_s80.B97
Reading graphs...
80 : 174
80 : 174
Initializing...
maxdom : 12
D->valSize : 393
Solving...
Blb : 2 (clique : 26)
currentSize : 26 <-- 0.003619 s
currentSize : 27 <-- 0.229248 s
currentSize : 28 <-- 0.535989 s
currentSize : 29 <-- 2.409284 s
currentSize : 30 <-- 1936.841675 s
currentSize : 31 <-- 1988.317993 s

TIMEOUT
maxsize : 31
nodes : 708798011.000000
filtered : 5625681964.000000
time : 3600.000000
