Parameters: GAD=1 vflib=1 dir=1 label=1 lowerbound=1 fileNameGp=../graphsdb/mcs10/m2D/m2D/mcs10_m2D_s90.A40 fileNameGt=../graphsdb/mcs10/m2D/m2D/mcs10_m2D_s90.B40
Reading graphs...
90 : 161
90 : 161
Initializing...
maxdom : 8
D->valSize : 518
Solving...
Blb : 2 (clique : 31)
currentSize : 31 <-- 0.005741 s
currentSize : 32 <-- 0.006062 s
currentSize : 33 <-- 0.006228 s
currentSize : 34 <-- 1.411406 s
currentSize : 35 <-- 20.193392 s
currentSize : 36 <-- 66.405167 s

TIMEOUT
maxsize : 36
nodes : 703754334.000000
filtered : 4292806012.000000
time : 3600.000000
