Parameters: GAD=1 vflib=1 dir=1 label=1 lowerbound=1 fileNameGp=../graphsdb/mcs10/m3D/m3Dr2/mcs10_m3Dr2_s70.A76 fileNameGt=../graphsdb/mcs10/m3D/m3Dr2/mcs10_m3Dr2_s70.B76
Reading graphs...
70 : 173
70 : 172
Initializing...
maxdom : 8
D->valSize : 303
Solving...
Blb : 2 (clique : 20)
currentSize : 20 <-- 0.002530 s
currentSize : 21 <-- 0.002955 s
currentSize : 22 <-- 0.004247 s
currentSize : 23 <-- 0.022129 s
currentSize : 24 <-- 8.216244 s
currentSize : 25 <-- 462.261139 s
currentSize : 26 <-- 2144.058350 s
currentSize : 27 <-- 2461.914795 s

TIMEOUT
maxsize : 27
nodes : 769973618.000000
filtered : 6120244394.000000
time : 3600.000000
