Parameters: GAD=1 vflib=1 dir=1 label=1 lowerbound=1 fileNameGp=../graphsdb/mcs10/m2D/m2D/mcs10_m2D_s70.A15 fileNameGt=../graphsdb/mcs10/m2D/m2D/mcs10_m2D_s70.B15
Reading graphs...
70 : 123
70 : 123
Initializing...
maxdom : 6
D->valSize : 321
Solving...
Blb : 2 (clique : 25)
currentSize : 25 <-- 0.002664 s
currentSize : 27 <-- 0.004882 s
currentSize : 28 <-- 1.601508 s
currentSize : 29 <-- 5.595883 s
currentSize : 30 <-- 14.442903 s
currentSize : 31 <-- 88.718887 s
currentSize : 32 <-- 902.391663 s

TIMEOUT
maxsize : 32
nodes : 859115424.000000
filtered : 5276431280.000000
time : 3600.000000
