Parameters: GAD=1 vflib=1 dir=1 label=1 lowerbound=1 fileNameGp=../graphsdb/mcs10/rand/r02/mcs10_r02_s100.A11 fileNameGt=../graphsdb/mcs10/rand/r02/mcs10_r02_s100.B11
Reading graphs...
100 : 1979
100 : 1979
Initializing...
maxdom : 6
D->valSize : 314
Solving...
Blb : 2 (clique : 7)
currentSize : 7 <-- 0.002969 s
currentSize : 8 <-- 0.003282 s
currentSize : 9 <-- 0.007198 s
currentSize : 10 <-- 0.151331 s
currentSize : 11 <-- 0.500388 s
currentSize : 12 <-- 0.823858 s

maxsize : 12
nodes : 233902.000000
filtered : 2349415.000000
time : 1.351715
