Parameters: GAD=1 vflib=1 dir=1 label=1 lowerbound=1 fileNameGp=../graphsdb/mcs10/bvg/b03/mcs10_b03_s40.A38 fileNameGt=../graphsdb/mcs10/bvg/b03/mcs10_b03_s40.B38
Reading graphs...
40 : 60
40 : 60
Initializing...
maxdom : 8
D->valSize : 216
Solving...
Blb : 2 (clique : 15)
currentSize : 15 <-- 0.001962 s
currentSize : 16 <-- 0.002477 s
currentSize : 17 <-- 0.003219 s
currentSize : 18 <-- 1.239784 s
currentSize : 19 <-- 2.101473 s
currentSize : 20 <-- 6.342469 s

maxsize : 20
nodes : 2702215.000000
filtered : 25028954.000000
time : 10.177461
