Parameters: GAD=1 vflib=1 dir=1 label=1 lowerbound=1 fileNameGp=../graphsdb/mcs10/m3D/m3Dr4/mcs10_m3Dr4_s60.A82 fileNameGt=../graphsdb/mcs10/m3D/m3Dr4/mcs10_m3Dr4_s60.B82
Reading graphs...
60 : 158
60 : 157
Initializing...
maxdom : 7
D->valSize : 209
Solving...
Blb : 2 (clique : 16)
currentSize : 16 <-- 0.002187 s
currentSize : 17 <-- 0.002351 s
currentSize : 18 <-- 0.002470 s
currentSize : 19 <-- 0.023791 s
currentSize : 21 <-- 0.215622 s
currentSize : 22 <-- 0.281721 s
currentSize : 23 <-- 0.307953 s

maxsize : 23
nodes : 4101668.000000
filtered : 32182285.000000
time : 18.054474
