Parameters: GAD=1 vflib=1 dir=1 label=1 lowerbound=1 fileNameGp=../graphsdb/mcs10/rand/r02/mcs10_r02_s90.A96 fileNameGt=../graphsdb/mcs10/rand/r02/mcs10_r02_s90.B96
Reading graphs...
90 : 1601
90 : 1601
Initializing...
maxdom : 13
D->valSize : 563
Solving...
Blb : 2 (clique : 7)
currentSize : 7 <-- 0.009522 s
currentSize : 8 <-- 0.009720 s
currentSize : 9 <-- 0.010164 s
currentSize : 10 <-- 0.315059 s
currentSize : 11 <-- 0.850534 s

maxsize : 11
nodes : 1670046.000000
filtered : 27520142.000000
time : 9.694655
