Parameters: GAD=1 vflib=1 dir=1 label=1 lowerbound=1 fileNameGp=../graphsdb/mcs10/m2D/m2Dr4/mcs10_m2Dr4_s60.A33 fileNameGt=../graphsdb/mcs10/m2D/m2Dr4/mcs10_m2Dr4_s60.B33
Reading graphs...
60 : 128
60 : 128
Initializing...
maxdom : 7
D->valSize : 212
Solving...
Blb : 2 (clique : 17)
currentSize : 17 <-- 0.001411 s
currentSize : 18 <-- 0.003157 s
currentSize : 19 <-- 0.003300 s
currentSize : 20 <-- 0.411592 s
currentSize : 21 <-- 9.072065 s
currentSize : 22 <-- 19.046116 s

maxsize : 22
nodes : 144010219.000000
filtered : 926757991.000000
time : 560.988464
