Parameters: GAD=1 vflib=1 dir=1 label=1 lowerbound=1 fileNameGp=../graphsdb/mcs10/bvg/b03m/mcs10_b03m_s100.A12 fileNameGt=../graphsdb/mcs10/bvg/b03m/mcs10_b03m_s100.B12
Reading graphs...
100 : 150
100 : 150
Initializing...
maxdom : 8
D->valSize : 305
Solving...
Blb : 2 (clique : 35)
currentSize : 35 <-- 0.003116 s
currentSize : 36 <-- 0.006209 s
currentSize : 37 <-- 0.035277 s
currentSize : 38 <-- 39.657291 s
currentSize : 39 <-- 39.658600 s
currentSize : 40 <-- 39.671200 s
currentSize : 41 <-- 1007.750793 s
currentSize : 42 <-- 1263.626343 s

TIMEOUT
maxsize : 42
nodes : 656997727.000000
filtered : 2232085510.000000
time : 3600.000000
