Parameters: GAD=1 vflib=1 dir=1 label=1 lowerbound=1 fileNameGp=../graphsdb/mcs10/m3D/m3D/mcs10_m3D_s70.A26 fileNameGt=../graphsdb/mcs10/m3D/m3D/mcs10_m3D_s70.B26
Reading graphs...
70 : 159
70 : 159
Initializing...
maxdom : 10
D->valSize : 316
Solving...
Blb : 2 (clique : 22)
currentSize : 22 <-- 0.002498 s
currentSize : 23 <-- 0.003097 s
currentSize : 24 <-- 0.116847 s
currentSize : 25 <-- 3.459875 s
currentSize : 26 <-- 4.110225 s
currentSize : 27 <-- 718.101685 s

maxsize : 27
nodes : 607690784.000000
filtered : 5294848971.000000
time : 2897.653320
