Parameters: GAD=1 vflib=1 dir=1 label=1 lowerbound=1 fileNameGp=../graphsdb/mcs10/m4D/m4Dr2/mcs10_m4Dr2_s100.A89 fileNameGt=../graphsdb/mcs10/m4D/m4Dr2/mcs10_m4Dr2_s100.B89
Reading graphs...
100 : 179
100 : 177
Initializing...
maxdom : 8
D->valSize : 330
Solving...
Blb : 2 (clique : 32)
currentSize : 32 <-- 0.003358 s
currentSize : 33 <-- 0.037072 s
currentSize : 34 <-- 0.602735 s
currentSize : 35 <-- 1.983267 s
currentSize : 36 <-- 10.083031 s
currentSize : 37 <-- 935.585815 s

TIMEOUT
maxsize : 37
nodes : 708238879.000000
filtered : 3186755471.000000
time : 3600.000000
