Parameters: GAD=1 vflib=1 dir=1 label=1 lowerbound=1 fileNameGp=../graphsdb/mcs10/m2D/m2Dr4/mcs10_m2Dr4_s60.A45 fileNameGt=../graphsdb/mcs10/m2D/m2Dr4/mcs10_m2Dr4_s60.B45
Reading graphs...
60 : 128
60 : 128
Initializing...
maxdom : 8
D->valSize : 231
Solving...
Blb : 5 (clique : 18)
currentSize : 18 <-- 0.001574 s
currentSize : 19 <-- 0.032521 s
currentSize : 20 <-- 0.299087 s
currentSize : 21 <-- 0.321526 s
currentSize : 22 <-- 0.790971 s
currentSize : 23 <-- 23.858032 s

maxsize : 23
nodes : 47370519.000000
filtered : 383981541.000000
time : 197.489944
