Parameters: GAD=1 vflib=1 dir=1 label=1 lowerbound=1 fileNameGp=../graphsdb/mcs10/rand/r001/mcs10_r001_s100.A62 fileNameGt=../graphsdb/mcs10/rand/r001/mcs10_r001_s100.B62
Reading graphs...
100 : 108
100 : 108
Initializing...
maxdom : 8
D->valSize : 285
Solving...
Blb : 2 (clique : 38)
currentSize : 38 <-- 0.004620 s
currentSize : 39 <-- 0.032475 s
currentSize : 40 <-- 0.130611 s
currentSize : 41 <-- 10.523042 s
currentSize : 42 <-- 149.842850 s
currentSize : 43 <-- 2574.721191 s

TIMEOUT
maxsize : 43
nodes : 598120902.000000
filtered : 1925154176.000000
time : 3600.000000
