Parameters: GAD=1 vflib=1 dir=1 label=1 lowerbound=1 fileNameGp=../graphsdb/mcs10/m3D/m3Dr2/mcs10_m3Dr2_s100.A79 fileNameGt=../graphsdb/mcs10/m3D/m3Dr2/mcs10_m3Dr2_s100.B79
Reading graphs...
100 : 255
100 : 255
Initializing...
maxdom : 6
D->valSize : 311
Solving...
Blb : 5 (clique : 26)
currentSize : 26 <-- 0.003131 s
currentSize : 27 <-- 0.005015 s
currentSize : 28 <-- 0.013385 s
currentSize : 29 <-- 1.620556 s
currentSize : 30 <-- 61.927734 s
currentSize : 31 <-- 208.971359 s

TIMEOUT
maxsize : 31
nodes : 705435132.000000
filtered : 3499625186.000000
time : 3600.000000
