Parameters: GAD=1 vflib=1 dir=1 label=1 lowerbound=1 fileNameGp=../graphsdb/mcs10/bvg/b03m/mcs10_b03m_s60.A06 fileNameGt=../graphsdb/mcs10/bvg/b03m/mcs10_b03m_s60.B06
Reading graphs...
60 : 90
60 : 90
Initializing...
maxdom : 6
D->valSize : 239
Solving...
Blb : 2 (clique : 22)
currentSize : 22 <-- 0.001731 s
currentSize : 23 <-- 0.001893 s
currentSize : 24 <-- 6.003689 s
currentSize : 25 <-- 70.948341 s
currentSize : 26 <-- 77.998589 s
currentSize : 27 <-- 645.097656 s
currentSize : 28 <-- 1425.844482 s

maxsize : 28
nodes : 500071174.000000
filtered : 3133772392.000000
time : 1982.380127
