Parameters: GAD=1 vflib=1 dir=1 label=1 lowerbound=1 fileNameGp=../graphsdb/mcs10/bvg/b06/mcs10_b06_s100.A96 fileNameGt=../graphsdb/mcs10/bvg/b06/mcs10_b06_s100.B96
Reading graphs...
100 : 300
100 : 300
Initializing...
maxdom : 7
D->valSize : 347
Solving...
Blb : 2 (clique : 25)
currentSize : 25 <-- 0.003375 s
currentSize : 26 <-- 0.003595 s
currentSize : 27 <-- 0.003684 s
currentSize : 28 <-- 0.004763 s
currentSize : 29 <-- 0.518577 s
currentSize : 30 <-- 5.983044 s
currentSize : 31 <-- 1649.474731 s
currentSize : 32 <-- 1649.627075 s

TIMEOUT
maxsize : 32
nodes : 716792390.000000
filtered : 3279864487.000000
time : 3600.000000
