Parameters: GAD=1 vflib=1 dir=1 label=1 lowerbound=1 fileNameGp=../graphsdb/mcs10/rand/r005/mcs10_r005_s50.A36 fileNameGt=../graphsdb/mcs10/rand/r005/mcs10_r005_s50.B36
Reading graphs...
50 : 125
50 : 125
Initializing...
maxdom : 8
D->valSize : 327
Solving...
Blb : 2 (clique : 16)
currentSize : 16 <-- 0.002581 s
currentSize : 17 <-- 0.002906 s
currentSize : 18 <-- 0.003378 s
currentSize : 19 <-- 0.007641 s
currentSize : 20 <-- 0.011019 s
currentSize : 21 <-- 15.054789 s
currentSize : 22 <-- 22.284981 s

maxsize : 22
nodes : 23823901.000000
filtered : 330658962.000000
time : 108.758263
