Parameters: GAD=1 vflib=1 dir=1 label=1 lowerbound=1 fileNameGp=../graphsdb/mcs10/m4D/m4Dr2/mcs10_m4Dr2_s100.A77 fileNameGt=../graphsdb/mcs10/m4D/m4Dr2/mcs10_m4Dr2_s100.B77
Reading graphs...
100 : 179
100 : 179
Initializing...
maxdom : 6
D->valSize : 338
Solving...
Blb : 2 (clique : 33)
currentSize : 33 <-- 0.003493 s
currentSize : 34 <-- 0.006228 s
currentSize : 35 <-- 0.010334 s
currentSize : 36 <-- 0.019128 s
currentSize : 37 <-- 0.022667 s
currentSize : 38 <-- 1.485427 s
currentSize : 39 <-- 2008.347534 s

TIMEOUT
maxsize : 39
nodes : 665469594.000000
filtered : 3871866080.000000
time : 3600.000000
