Parameters: GAD=1 vflib=1 dir=1 label=1 lowerbound=1 fileNameGp=../graphsdb/mcs10/m3D/m3D/mcs10_m3D_s60.A27 fileNameGt=../graphsdb/mcs10/m3D/m3D/mcs10_m3D_s60.B27
Reading graphs...
60 : 134
60 : 134
Initializing...
maxdom : 8
D->valSize : 219
Solving...
Blb : 2 (clique : 19)
currentSize : 19 <-- 0.002442 s
currentSize : 20 <-- 0.002623 s
currentSize : 21 <-- 0.032349 s
currentSize : 22 <-- 11.115089 s
currentSize : 23 <-- 11.663941 s

maxsize : 23
nodes : 20909519.000000
filtered : 164888521.000000
time : 89.932251
