Parameters: GAD=1 vflib=1 dir=1 label=1 lowerbound=1 fileNameGp=../graphsdb/mcs10/rand/r005/mcs10_r005_s35.A52 fileNameGt=../graphsdb/mcs10/rand/r005/mcs10_r005_s35.B52
Reading graphs...
35 : 61
35 : 61
Initializing...
maxdom : 8
D->valSize : 161
Solving...
Blb : 2 (clique : 12)
currentSize : 12 <-- 0.000897 s
currentSize : 13 <-- 0.000979 s
currentSize : 14 <-- 0.001113 s
currentSize : 15 <-- 0.001218 s
currentSize : 16 <-- 0.008044 s

maxsize : 16
nodes : 24510.000000
filtered : 292335.000000
time : 0.096709
