Parameters: GAD=1 vflib=1 dir=1 label=1 lowerbound=1 fileNameGp=../graphsdb/mcs10/m4D/m4Dr2/mcs10_m4Dr2_s100.A87 fileNameGt=../graphsdb/mcs10/m4D/m4Dr2/mcs10_m4Dr2_s100.B87
Reading graphs...
100 : 179
100 : 176
Initializing...
maxdom : 7
D->valSize : 292
Solving...
Blb : 2 (clique : 30)
currentSize : 30 <-- 0.004562 s
currentSize : 32 <-- 0.005035 s
currentSize : 33 <-- 0.007881 s
currentSize : 34 <-- 0.020702 s
currentSize : 35 <-- 0.076777 s
currentSize : 36 <-- 0.354989 s
currentSize : 37 <-- 3025.028320 s

TIMEOUT
maxsize : 37
nodes : 752212873.000000
filtered : 3194986894.000000
time : 3600.000000
