Parameters: GAD=1 vflib=1 dir=1 label=1 lowerbound=1 fileNameGp=../graphsdb/mcs10/m3D/m3D/mcs10_m3D_s80.A83 fileNameGt=../graphsdb/mcs10/m3D/m3D/mcs10_m3D_s80.B83
Reading graphs...
80 : 184
80 : 184
Initializing...
maxdom : 9
D->valSize : 387
Solving...
Blb : 2 (clique : 23)
currentSize : 23 <-- 0.003653 s
currentSize : 24 <-- 0.003849 s
currentSize : 25 <-- 0.007009 s
currentSize : 26 <-- 0.127251 s
currentSize : 27 <-- 14.092624 s
currentSize : 28 <-- 517.970764 s
currentSize : 29 <-- 3312.165527 s

TIMEOUT
maxsize : 29
nodes : 745615245.000000
filtered : 5660100004.000000
time : 3600.000000
