Parameters: GAD=1 vflib=1 dir=1 label=1 lowerbound=1 fileNameGp=../graphsdb/mcs10/bvg/b03m/mcs10_b03m_s70.A13 fileNameGt=../graphsdb/mcs10/bvg/b03m/mcs10_b03m_s70.B13
Reading graphs...
70 : 105
70 : 105
Initializing...
maxdom : 8
D->valSize : 314
Solving...
Blb : 2 (clique : 26)
currentSize : 26 <-- 0.002545 s
currentSize : 27 <-- 0.002713 s
currentSize : 28 <-- 0.023926 s
currentSize : 29 <-- 0.832925 s
currentSize : 30 <-- 875.992188 s
currentSize : 31 <-- 1116.158691 s

TIMEOUT
maxsize : 31
nodes : 780838218.000000
filtered : 5499901580.000000
time : 3600.000000
