Parameters: GAD=1 vflib=1 dir=1 label=1 lowerbound=1 fileNameGp=../graphsdb/mcs10/rand/r02/mcs10_r02_s100.A37 fileNameGt=../graphsdb/mcs10/rand/r02/mcs10_r02_s100.B37
Reading graphs...
100 : 1979
100 : 1979
Initializing...
maxdom : 7
D->valSize : 327
Solving...
Blb : 2 (clique : 7)
currentSize : 7 <-- 0.003087 s
currentSize : 8 <-- 0.003670 s
currentSize : 9 <-- 0.010959 s
currentSize : 10 <-- 0.011441 s
currentSize : 11 <-- 0.165302 s
currentSize : 12 <-- 0.165786 s

maxsize : 12
nodes : 206702.000000
filtered : 2386983.000000
time : 1.219805
