Parameters: GAD=1 vflib=1 dir=1 label=1 lowerbound=1 fileNameGp=../graphsdb/mcs10/rand/r01/mcs10_r01_s70.A65 fileNameGt=../graphsdb/mcs10/rand/r01/mcs10_r01_s70.B65
Reading graphs...
70 : 485
70 : 485
Initializing...
maxdom : 10
D->valSize : 304
Solving...
Blb : 2 (clique : 9)
currentSize : 9 <-- 0.002265 s
currentSize : 10 <-- 0.002377 s
currentSize : 11 <-- 0.002686 s
currentSize : 12 <-- 0.004756 s
currentSize : 13 <-- 0.023860 s
currentSize : 14 <-- 1.267303 s
currentSize : 15 <-- 10.612509 s

maxsize : 15
nodes : 4737668.000000
filtered : 48945527.000000
time : 22.086800
