Parameters: GAD=1 vflib=1 dir=1 label=1 lowerbound=1 fileNameGp=../graphsdb/mcs10/m3D/m3D/mcs10_m3D_s80.A55 fileNameGt=../graphsdb/mcs10/m3D/m3D/mcs10_m3D_s80.B55
Reading graphs...
80 : 184
80 : 184
Initializing...
maxdom : 9
D->valSize : 406
Solving...
Blb : 2 (clique : 22)
currentSize : 22 <-- 0.006215 s
currentSize : 24 <-- 0.006514 s
currentSize : 25 <-- 0.006938 s
currentSize : 26 <-- 0.007986 s
currentSize : 27 <-- 0.025330 s
currentSize : 28 <-- 65.302910 s
currentSize : 29 <-- 890.057556 s
currentSize : 30 <-- 932.448669 s

TIMEOUT
maxsize : 30
nodes : 740035655.000000
filtered : 5595792354.000000
time : 3600.000000
