Parameters: GAD=1 vflib=1 dir=1 label=1 lowerbound=1 fileNameGp=../graphsdb/mcs10/rand/r02/mcs10_r02_s100.A04 fileNameGt=../graphsdb/mcs10/rand/r02/mcs10_r02_s100.B04
Reading graphs...
100 : 1979
100 : 1979
Initializing...
maxdom : 6
D->valSize : 305
Solving...
Blb : 2 (clique : 7)
currentSize : 7 <-- 0.002955 s
currentSize : 8 <-- 0.003172 s
currentSize : 9 <-- 0.011538 s
currentSize : 10 <-- 0.162171 s
currentSize : 11 <-- 0.299669 s

maxsize : 11
nodes : 233192.000000
filtered : 2341434.000000
time : 1.342152
