Parameters: GAD=1 vflib=1 dir=1 label=1 lowerbound=1 fileNameGp=../graphsdb/mcs10/rand/r01/mcs10_r01_s90.A36 fileNameGt=../graphsdb/mcs10/rand/r01/mcs10_r01_s90.B36
Reading graphs...
90 : 802
90 : 802
Initializing...
maxdom : 11
D->valSize : 526
Solving...
Blb : 2 (clique : 12)
currentSize : 12 <-- 0.005649 s
currentSize : 13 <-- 0.008143 s
currentSize : 14 <-- 0.012067 s
currentSize : 15 <-- 0.331727 s
currentSize : 16 <-- 1.218116 s
currentSize : 17 <-- 90.242096 s
currentSize : 18 <-- 1014.444702 s

maxsize : 18
nodes : 445102511.000000
filtered : 5623463011.000000
time : 2525.933838
