Parameters: GAD=1 vflib=1 dir=1 label=1 lowerbound=1 fileNameGp=../graphsdb/mcs10/m2D/m2Dr6/mcs10_m2Dr6_s90.A95 fileNameGt=../graphsdb/mcs10/m2D/m2Dr6/mcs10_m2Dr6_s90.B95
Reading graphs...
90 : 215
90 : 214
Initializing...
maxdom : 9
D->valSize : 492
Solving...
Blb : 2 (clique : 25)
currentSize : 25 <-- 0.005392 s
currentSize : 26 <-- 0.005647 s
currentSize : 27 <-- 0.005847 s
currentSize : 28 <-- 0.006186 s
currentSize : 29 <-- 0.006890 s
currentSize : 30 <-- 1.082591 s
currentSize : 31 <-- 13.526447 s
currentSize : 32 <-- 397.647186 s

TIMEOUT
maxsize : 32
nodes : 623357951.000000
filtered : 4611071186.000000
time : 3600.000000
