Parameters: GAD=1 vflib=1 dir=1 label=1 lowerbound=1 fileNameGp=../graphsdb/mcs10/bvg/b06/mcs10_b06_s70.A20 fileNameGt=../graphsdb/mcs10/bvg/b06/mcs10_b06_s70.B20
Reading graphs...
70 : 210
70 : 210
Initializing...
maxdom : 8
D->valSize : 301
Solving...
Blb : 5 (clique : 19)
currentSize : 19 <-- 0.002385 s
currentSize : 20 <-- 0.002960 s
currentSize : 21 <-- 0.361746 s
currentSize : 22 <-- 1.315767 s
currentSize : 23 <-- 17.023108 s
currentSize : 24 <-- 68.156601 s
currentSize : 25 <-- 1420.560059 s

TIMEOUT
maxsize : 25
nodes : 701843856.000000
filtered : 6662747927.000000
time : 3600.000000
