Parameters: GAD=1 vflib=1 dir=1 label=1 lowerbound=1 fileNameGp=../graphsdb/mcs10/rand/r005/mcs10_r005_s50.A49 fileNameGt=../graphsdb/mcs10/rand/r005/mcs10_r005_s50.B49
Reading graphs...
50 : 125
50 : 125
Initializing...
maxdom : 11
D->valSize : 305
Solving...
Blb : 2 (clique : 14)
currentSize : 14 <-- 0.002267 s
currentSize : 15 <-- 0.002531 s
currentSize : 16 <-- 0.011904 s
currentSize : 17 <-- 2.332467 s
currentSize : 18 <-- 2.829347 s
currentSize : 19 <-- 7.093081 s
currentSize : 20 <-- 10.149798 s
currentSize : 21 <-- 95.709389 s
currentSize : 22 <-- 120.604561 s

maxsize : 22
nodes : 42484490.000000
filtered : 527698215.000000
time : 178.878311
