Parameters: GAD=1 vflib=1 dir=1 label=1 lowerbound=1 fileNameGp=../graphsdb/mcs10/rand/r01/mcs10_r01_s100.A31 fileNameGt=../graphsdb/mcs10/rand/r01/mcs10_r01_s100.B31
Reading graphs...
100 : 990
100 : 990
Initializing...
maxdom : 10
D->valSize : 292
Solving...
Blb : 2 (clique : 12)
currentSize : 12 <-- 0.002744 s
currentSize : 13 <-- 0.003869 s
currentSize : 14 <-- 0.006214 s
currentSize : 15 <-- 0.012272 s
currentSize : 16 <-- 11.159932 s
currentSize : 17 <-- 76.654755 s

maxsize : 17
nodes : 14912457.000000
filtered : 114695798.000000
time : 83.963768
