Parameters: GAD=1 vflib=1 dir=1 label=1 lowerbound=1 fileNameGp=../graphsdb/mcs10/m2D/m2D/mcs10_m2D_s90.A17 fileNameGt=../graphsdb/mcs10/m2D/m2D/mcs10_m2D_s90.B17
Reading graphs...
90 : 161
90 : 161
Initializing...
maxdom : 10
D->valSize : 517
Solving...
Blb : 2 (clique : 33)
currentSize : 33 <-- 0.009825 s
currentSize : 34 <-- 0.060381 s
currentSize : 35 <-- 0.137176 s
currentSize : 36 <-- 24.069103 s
currentSize : 37 <-- 24.253675 s
currentSize : 38 <-- 2838.454590 s

TIMEOUT
maxsize : 38
nodes : 753937482.000000
filtered : 4152515419.000000
time : 3600.000000
