Parameters: GAD=1 vflib=1 dir=1 label=1 lowerbound=1 fileNameGp=../graphsdb/mcs10/m3D/m3Dr6/mcs10_m3Dr6_s60.A61 fileNameGt=../graphsdb/mcs10/m3D/m3Dr6/mcs10_m3Dr6_s60.B61
Reading graphs...
60 : 169
60 : 169
Initializing...
maxdom : 7
D->valSize : 247
Solving...
Blb : 2 (clique : 16)
currentSize : 16 <-- 0.002788 s
currentSize : 17 <-- 0.013511 s
currentSize : 18 <-- 0.014870 s
currentSize : 19 <-- 0.085343 s
currentSize : 20 <-- 0.095476 s
currentSize : 21 <-- 0.751357 s

maxsize : 21
nodes : 37194684.000000
filtered : 298255109.000000
time : 155.925262
