Parameters: GAD=1 vflib=1 dir=1 label=1 lowerbound=1 fileNameGp=../graphsdb/mcs10/m4D/m4Dr6/mcs10_m4Dr6_s100.A94 fileNameGt=../graphsdb/mcs10/m4D/m4Dr6/mcs10_m4Dr6_s100.B94
Reading graphs...
100 : 219
100 : 218
Initializing...
maxdom : 11
D->valSize : 373
Solving...
Blb : 2 (clique : 33)
currentSize : 33 <-- 0.004207 s
currentSize : 34 <-- 0.004519 s
currentSize : 35 <-- 11.685325 s
currentSize : 36 <-- 249.010559 s
currentSize : 37 <-- 360.131134 s
currentSize : 38 <-- 549.180420 s

TIMEOUT
maxsize : 38
nodes : 708968793.000000
filtered : 4354352489.000000
time : 3600.000000
