Parameters: GAD=1 vflib=1 dir=1 label=1 lowerbound=1 fileNameGp=../graphsdb/mcs10/m3D/m3Dr4/mcs10_m3Dr4_s60.A43 fileNameGt=../graphsdb/mcs10/m3D/m3Dr4/mcs10_m3Dr4_s60.B43
Reading graphs...
60 : 158
60 : 156
Initializing...
maxdom : 6
D->valSize : 242
Solving...
Blb : 2 (clique : 17)
currentSize : 17 <-- 0.002663 s
currentSize : 18 <-- 0.004582 s
currentSize : 19 <-- 0.031455 s
currentSize : 20 <-- 0.037307 s
currentSize : 21 <-- 3.404544 s

maxsize : 21
nodes : 113234137.000000
filtered : 890790245.000000
time : 470.970062
