Parameters: GAD=1 vflib=1 dir=1 label=1 lowerbound=1 fileNameGp=../graphsdb/mcs10/m3D/m3Dr4/mcs10_m3Dr4_s100.A39 fileNameGt=../graphsdb/mcs10/m3D/m3Dr4/mcs10_m3Dr4_s100.B39
Reading graphs...
100 : 275
100 : 275
Initializing...
maxdom : 6
D->valSize : 325
Solving...
Blb : 2 (clique : 26)
currentSize : 26 <-- 0.005040 s
currentSize : 27 <-- 0.005427 s
currentSize : 28 <-- 0.005616 s
currentSize : 29 <-- 0.014268 s
currentSize : 30 <-- 6.222829 s
currentSize : 31 <-- 139.256317 s

TIMEOUT
maxsize : 31
nodes : 719780909.000000
filtered : 3241789153.000000
time : 3600.000000
