Parameters: GAD=1 vflib=1 dir=1 label=1 lowerbound=1 fileNameGp=../graphsdb/mcs10/m4D/m4D/mcs10_m4D_s100.A27 fileNameGt=../graphsdb/mcs10/m4D/m4D/mcs10_m4D_s100.B27
Reading graphs...
100 : 159
100 : 159
Initializing...
maxdom : 8
D->valSize : 310
Solving...
Blb : 2 (clique : 35)
currentSize : 35 <-- 0.004960 s
currentSize : 36 <-- 0.005479 s
currentSize : 37 <-- 0.006845 s
currentSize : 38 <-- 0.643337 s
currentSize : 39 <-- 0.657213 s
currentSize : 40 <-- 2573.426758 s

TIMEOUT
maxsize : 40
nodes : 715529269.000000
filtered : 2764715152.000000
time : 3600.000000
