Parameters: GAD=1 vflib=1 dir=1 label=1 lowerbound=1 fileNameGp=../graphsdb/mcs10/m3D/m3Dr6/mcs10_m3Dr6_s100.A42 fileNameGt=../graphsdb/mcs10/m3D/m3Dr6/mcs10_m3Dr6_s100.B42
Reading graphs...
100 : 295
100 : 293
Initializing...
maxdom : 7
D->valSize : 314
Solving...
Blb : 2 (clique : 26)
currentSize : 26 <-- 0.002986 s
currentSize : 27 <-- 0.004407 s
currentSize : 28 <-- 0.607743 s
currentSize : 29 <-- 45.805382 s
currentSize : 30 <-- 299.586334 s
currentSize : 31 <-- 680.416565 s

TIMEOUT
maxsize : 31
nodes : 719385702.000000
filtered : 2750825164.000000
time : 3600.000000
