Parameters: GAD=1 vflib=1 dir=1 label=1 lowerbound=1 fileNameGp=../graphsdb/mcs10/bvg/b03m/mcs10_b03m_s100.A93 fileNameGt=../graphsdb/mcs10/bvg/b03m/mcs10_b03m_s100.B93
Reading graphs...
100 : 150
100 : 150
Initializing...
maxdom : 8
D->valSize : 320
Solving...
Blb : 2 (clique : 36)
currentSize : 36 <-- 0.003155 s
currentSize : 37 <-- 0.831291 s
currentSize : 38 <-- 1.873631 s
currentSize : 39 <-- 44.500870 s
currentSize : 40 <-- 47.712269 s
currentSize : 41 <-- 3403.768066 s

TIMEOUT
maxsize : 41
nodes : 737730390.000000
filtered : 3197339574.000000
time : 3600.000000
