Parameters: GAD=1 vflib=1 dir=1 label=1 lowerbound=1 fileNameGp=../graphsdb/mcs10/m3D/m3Dr2/mcs10_m3Dr2_s60.A27 fileNameGt=../graphsdb/mcs10/m3D/m3Dr2/mcs10_m3Dr2_s60.B27
Reading graphs...
60 : 146
60 : 146
Initializing...
maxdom : 7
D->valSize : 232
Solving...
Blb : 2 (clique : 18)
currentSize : 18 <-- 0.002538 s
currentSize : 19 <-- 0.003147 s
currentSize : 20 <-- 0.219095 s
currentSize : 21 <-- 0.462676 s
currentSize : 22 <-- 1.115961 s
currentSize : 23 <-- 21.131887 s

maxsize : 23
nodes : 73794560.000000
filtered : 540846204.000000
time : 304.504639
