Parameters: GAD=1 vflib=1 dir=1 label=1 lowerbound=1 fileNameGp=../graphsdb/mcs10/m2D/m2Dr2/mcs10_m2Dr2_s90.A94 fileNameGt=../graphsdb/mcs10/m2D/m2Dr2/mcs10_m2Dr2_s90.B94
Reading graphs...
90 : 179
90 : 179
Initializing...
maxdom : 11
D->valSize : 509
Solving...
Blb : 2 (clique : 28)
currentSize : 28 <-- 0.005571 s
currentSize : 29 <-- 0.745620 s
currentSize : 30 <-- 4.022896 s
currentSize : 31 <-- 11.131453 s
currentSize : 32 <-- 156.710205 s
currentSize : 33 <-- 291.421661 s

TIMEOUT
maxsize : 33
nodes : 678632293.000000
filtered : 5117515445.000000
time : 3600.000000
