Parameters: GAD=1 vflib=1 dir=1 label=1 lowerbound=1 fileNameGp=../graphsdb/mcs10/m3D/m3Dr6/mcs10_m3Dr6_s80.A95 fileNameGt=../graphsdb/mcs10/m3D/m3Dr6/mcs10_m3Dr6_s80.B95
Reading graphs...
80 : 231
80 : 230
Initializing...
maxdom : 11
D->valSize : 401
Solving...
Blb : 2 (clique : 22)
currentSize : 22 <-- 0.006130 s
currentSize : 23 <-- 0.043035 s
currentSize : 24 <-- 3.917698 s
currentSize : 25 <-- 25.151981 s
currentSize : 26 <-- 73.370781 s
currentSize : 27 <-- 124.179237 s
currentSize : 28 <-- 2261.819580 s

TIMEOUT
maxsize : 28
nodes : 712897683.000000
filtered : 6810912918.000000
time : 3600.000000
