Parameters: GAD=1 vflib=1 dir=1 label=1 lowerbound=1 fileNameGp=../graphsdb/mcs10/m3D/m3D/mcs10_m3D_s80.A79 fileNameGt=../graphsdb/mcs10/m3D/m3D/mcs10_m3D_s80.B79
Reading graphs...
80 : 184
80 : 184
Initializing...
maxdom : 8
D->valSize : 399
Solving...
Blb : 2 (clique : 26)
currentSize : 26 <-- 0.003746 s
currentSize : 27 <-- 0.006052 s
currentSize : 28 <-- 0.018855 s
currentSize : 29 <-- 1.570845 s
currentSize : 30 <-- 439.867157 s
currentSize : 31 <-- 547.783752 s
currentSize : 32 <-- 1058.820312 s

TIMEOUT
maxsize : 32
nodes : 741511377.000000
filtered : 4875076630.000000
time : 3600.000000
