Parameters: GAD=1 vflib=1 dir=1 label=1 lowerbound=1 fileNameGp=../graphsdb/mcs10/rand/r005/mcs10_r005_s50.A63 fileNameGt=../graphsdb/mcs10/rand/r005/mcs10_r005_s50.B63
Reading graphs...
50 : 125
50 : 125
Initializing...
maxdom : 13
D->valSize : 337
Solving...
Blb : 2 (clique : 16)
currentSize : 16 <-- 0.003878 s
currentSize : 18 <-- 0.004052 s
currentSize : 19 <-- 0.004139 s
currentSize : 20 <-- 1.223140 s
currentSize : 21 <-- 16.734600 s

maxsize : 21
nodes : 41568803.000000
filtered : 613494335.000000
time : 198.505615
