Parameters: GAD=1 vflib=1 dir=1 label=1 lowerbound=1 fileNameGp=../graphsdb/mcs10/rand/r02/mcs10_r02_s100.A24 fileNameGt=../graphsdb/mcs10/rand/r02/mcs10_r02_s100.B24
Reading graphs...
100 : 1979
100 : 1979
Initializing...
maxdom : 7
D->valSize : 296
Solving...
Blb : 2 (clique : 7)
currentSize : 7 <-- 0.002905 s
currentSize : 8 <-- 0.002998 s
currentSize : 9 <-- 0.005300 s
currentSize : 10 <-- 0.015480 s
currentSize : 11 <-- 0.259265 s

maxsize : 11
nodes : 173526.000000
filtered : 1840283.000000
time : 1.006150
