Parameters: GAD=1 vflib=1 dir=1 label=1 lowerbound=1 fileNameGp=../graphsdb/mcs10/m3D/m3Dr6/mcs10_m3Dr6_s100.A54 fileNameGt=../graphsdb/mcs10/m3D/m3Dr6/mcs10_m3Dr6_s100.B54
Reading graphs...
100 : 295
100 : 293
Initializing...
maxdom : 9
D->valSize : 293
Solving...
Blb : 2 (clique : 24)
currentSize : 24 <-- 0.002733 s
currentSize : 25 <-- 0.021012 s
currentSize : 26 <-- 0.023621 s
currentSize : 27 <-- 0.337155 s
currentSize : 28 <-- 48.644814 s
currentSize : 29 <-- 139.868637 s

TIMEOUT
maxsize : 29
nodes : 670421436.000000
filtered : 3787317721.000000
time : 3600.000000
