Parameters: GAD=1 vflib=1 dir=1 label=1 lowerbound=1 fileNameGp=../graphsdb/mcs10/bvg/b03m/mcs10_b03m_s70.A73 fileNameGt=../graphsdb/mcs10/bvg/b03m/mcs10_b03m_s70.B73
Reading graphs...
70 : 105
70 : 105
Initializing...
maxdom : 10
D->valSize : 309
Solving...
Blb : 2 (clique : 26)
currentSize : 26 <-- 0.002550 s
currentSize : 27 <-- 0.002913 s
currentSize : 28 <-- 0.143182 s
currentSize : 29 <-- 38.468891 s
currentSize : 30 <-- 428.628021 s
currentSize : 31 <-- 484.944946 s

TIMEOUT
maxsize : 31
nodes : 741210229.000000
filtered : 5027213985.000000
time : 3600.000000
