Parameters: GAD=1 vflib=1 dir=1 label=1 lowerbound=1 fileNameGp=../graphsdb/mcs10/bvg/b09/mcs10_b09_s100.A35 fileNameGt=../graphsdb/mcs10/bvg/b09/mcs10_b09_s100.B35
Reading graphs...
100 : 450
100 : 450
Initializing...
maxdom : 6
D->valSize : 301
Solving...
Blb : 2 (clique : 20)
currentSize : 20 <-- 0.002741 s
currentSize : 21 <-- 0.003045 s
currentSize : 22 <-- 0.003330 s
currentSize : 23 <-- 0.003395 s
currentSize : 24 <-- 6.415252 s
currentSize : 25 <-- 15.315170 s
currentSize : 26 <-- 210.372406 s
currentSize : 27 <-- 2149.499023 s

TIMEOUT
maxsize : 27
nodes : 643619590.000000
filtered : 4354316280.000000
time : 3600.000000
