Parameters: GAD=1 vflib=1 dir=1 label=1 lowerbound=1 fileNameGp=../graphsdb/mcs10/m3D/m3Dr4/mcs10_m3Dr4_s100.A09 fileNameGt=../graphsdb/mcs10/m3D/m3Dr4/mcs10_m3Dr4_s100.B09
Reading graphs...
100 : 275
100 : 275
Initializing...
maxdom : 6
D->valSize : 324
Solving...
Blb : 2 (clique : 25)
currentSize : 25 <-- 0.003049 s
currentSize : 26 <-- 0.003330 s
currentSize : 27 <-- 1.281702 s
currentSize : 28 <-- 1.281886 s
currentSize : 29 <-- 1.283121 s
currentSize : 30 <-- 1009.741577 s

TIMEOUT
maxsize : 30
nodes : 695806749.000000
filtered : 3814063309.000000
time : 3600.000000
