Parameters: GAD=1 vflib=1 dir=1 label=1 lowerbound=1 fileNameGp=../graphsdb/mcs10/rand/r005/mcs10_r005_s100.A27 fileNameGt=../graphsdb/mcs10/rand/r005/mcs10_r005_s100.B27
Reading graphs...
100 : 500
100 : 500
Initializing...
maxdom : 9
D->valSize : 355
Solving...
Blb : 2 (clique : 19)
currentSize : 19 <-- 0.003484 s
currentSize : 20 <-- 0.003714 s
currentSize : 21 <-- 0.004223 s
currentSize : 22 <-- 8.034400 s
currentSize : 23 <-- 71.653458 s
currentSize : 24 <-- 91.888168 s

TIMEOUT
maxsize : 24
nodes : 613727410.000000
filtered : 5546173109.000000
time : 3600.000000
