Parameters: GAD=1 vflib=1 dir=1 label=1 lowerbound=1 fileNameGp=../graphsdb/mcs10/m3D/m3Dr4/mcs10_m3Dr4_s70.A72 fileNameGt=../graphsdb/mcs10/m3D/m3Dr4/mcs10_m3Dr4_s70.B72
Reading graphs...
70 : 187
70 : 187
Initializing...
maxdom : 11
D->valSize : 296
Solving...
Blb : 5 (clique : 19)
currentSize : 19 <-- 0.002435 s
currentSize : 20 <-- 0.005345 s
currentSize : 21 <-- 0.012508 s
currentSize : 22 <-- 0.047608 s
currentSize : 23 <-- 0.065014 s
currentSize : 24 <-- 4.058271 s

maxsize : 24
nodes : 368685330.000000
filtered : 3563871593.000000
time : 1762.707642
