Parameters: GAD=1 vflib=1 dir=1 label=1 lowerbound=1 fileNameGp=../graphsdb/mcs10/bvg/b06/mcs10_b06_s90.A42 fileNameGt=../graphsdb/mcs10/bvg/b06/mcs10_b06_s90.B42
Reading graphs...
90 : 270
90 : 270
Initializing...
maxdom : 9
D->valSize : 505
Solving...
Blb : 2 (clique : 23)
currentSize : 23 <-- 0.005388 s
currentSize : 24 <-- 0.005664 s
currentSize : 25 <-- 0.006048 s
currentSize : 26 <-- 0.092379 s
currentSize : 27 <-- 0.103828 s
currentSize : 28 <-- 2.867601 s
currentSize : 29 <-- 124.059792 s
currentSize : 30 <-- 894.613953 s

TIMEOUT
maxsize : 30
nodes : 688575799.000000
filtered : 5175257968.000000
time : 3600.000000
