Parameters: GAD=1 vflib=1 dir=1 label=1 lowerbound=1 fileNameGp=../graphsdb/mcs10/m3D/m3Dr2/mcs10_m3Dr2_s60.A23 fileNameGt=../graphsdb/mcs10/m3D/m3Dr2/mcs10_m3Dr2_s60.B23
Reading graphs...
60 : 146
60 : 146
Initializing...
maxdom : 9
D->valSize : 200
Solving...
Blb : 2 (clique : 17)
currentSize : 17 <-- 0.001457 s
currentSize : 18 <-- 0.002290 s
currentSize : 19 <-- 0.002385 s
currentSize : 20 <-- 0.067695 s
currentSize : 21 <-- 1.092006 s
currentSize : 22 <-- 11.036770 s

maxsize : 22
nodes : 16861189.000000
filtered : 101535314.000000
time : 68.211105
