Parameters: GAD=1 vflib=1 dir=1 label=1 lowerbound=1 fileNameGp=../graphsdb/mcs10/rand/r02/mcs10_r02_s80.A98 fileNameGt=../graphsdb/mcs10/rand/r02/mcs10_r02_s80.B98
Reading graphs...
80 : 1263
80 : 1263
Initializing...
maxdom : 11
D->valSize : 432
Solving...
Blb : 2 (clique : 7)
currentSize : 7 <-- 0.005844 s
currentSize : 8 <-- 0.006228 s
currentSize : 9 <-- 0.007167 s
currentSize : 10 <-- 0.051876 s
currentSize : 11 <-- 0.810481 s

maxsize : 11
nodes : 387917.000000
filtered : 5886896.000000
time : 2.176085
