Parameters: GAD=1 vflib=1 dir=1 label=1 lowerbound=1 fileNameGp=../graphsdb/mcs10/m2D/m2Dr6/mcs10_m2Dr6_s100.A31 fileNameGt=../graphsdb/mcs10/m2D/m2Dr6/mcs10_m2Dr6_s100.B31
Reading graphs...
100 : 240
100 : 239
Initializing...
maxdom : 7
D->valSize : 311
Solving...
Blb : 2 (clique : 30)
currentSize : 30 <-- 0.002946 s
currentSize : 31 <-- 0.019333 s
currentSize : 32 <-- 0.115540 s
currentSize : 33 <-- 2.678511 s
currentSize : 34 <-- 22.129787 s
currentSize : 35 <-- 666.196594 s
currentSize : 36 <-- 2198.018311 s

TIMEOUT
maxsize : 36
nodes : 684643062.000000
filtered : 3770592973.000000
time : 3600.000000
