Parameters: GAD=1 vflib=1 dir=1 label=1 lowerbound=1 fileNameGp=../graphsdb/mcs10/m4D/m4Dr2/mcs10_m4Dr2_s100.A32 fileNameGt=../graphsdb/mcs10/m4D/m4Dr2/mcs10_m4Dr2_s100.B32
Reading graphs...
100 : 179
100 : 177
Initializing...
maxdom : 6
D->valSize : 347
Solving...
Blb : 2 (clique : 34)
currentSize : 34 <-- 0.003491 s
currentSize : 35 <-- 20.366953 s
currentSize : 36 <-- 229.978546 s
currentSize : 37 <-- 1716.325195 s
currentSize : 38 <-- 3002.798340 s
currentSize : 39 <-- 3192.582031 s

TIMEOUT
maxsize : 39
nodes : 708010822.000000
filtered : 3733280138.000000
time : 3600.000000
