Parameters: GAD=1 vflib=1 dir=1 label=1 lowerbound=1 fileNameGp=../graphsdb/mcs10/rand/r02/mcs10_r02_s70.A57 fileNameGt=../graphsdb/mcs10/rand/r02/mcs10_r02_s70.B57
Reading graphs...
70 : 965
70 : 965
Initializing...
maxdom : 7
D->valSize : 309
Solving...
Blb : 2 (clique : 6)
currentSize : 6 <-- 0.002366 s
currentSize : 7 <-- 0.002441 s
currentSize : 8 <-- 0.002602 s
currentSize : 9 <-- 0.003379 s
currentSize : 10 <-- 0.132042 s

maxsize : 10
nodes : 163391.000000
filtered : 2012143.000000
time : 0.826075
