Parameters: GAD=1 vflib=1 dir=1 label=1 lowerbound=1 fileNameGp=../graphsdb/mcs10/bvg/b06/mcs10_b06_s70.A38 fileNameGt=../graphsdb/mcs10/bvg/b06/mcs10_b06_s70.B38
Reading graphs...
70 : 210
70 : 210
Initializing...
maxdom : 9
D->valSize : 278
Solving...
Blb : 2 (clique : 16)
currentSize : 16 <-- 0.002127 s
currentSize : 17 <-- 0.002266 s
currentSize : 18 <-- 0.002347 s
currentSize : 19 <-- 0.002536 s
currentSize : 20 <-- 0.583946 s
currentSize : 21 <-- 0.584084 s

maxsize : 21
nodes : 175919384.000000
filtered : 1799647463.000000
time : 860.220398
