Parameters: GAD=1 vflib=1 dir=1 label=1 lowerbound=1 fileNameGp=../graphsdb/mcs10/m2D/m2Dr4/mcs10_m2Dr4_s90.A70 fileNameGt=../graphsdb/mcs10/m2D/m2Dr4/mcs10_m2Dr4_s90.B70
Reading graphs...
90 : 197
90 : 197
Initializing...
maxdom : 10
D->valSize : 481
Solving...
Blb : 2 (clique : 29)
currentSize : 29 <-- 0.005251 s
currentSize : 30 <-- 0.005660 s
currentSize : 31 <-- 9.501273 s
currentSize : 32 <-- 29.755123 s
currentSize : 33 <-- 79.451126 s
currentSize : 34 <-- 79.467926 s
currentSize : 35 <-- 3591.087158 s

TIMEOUT
maxsize : 35
nodes : 715508878.000000
filtered : 4573870206.000000
time : 3600.000000
