Parameters: GAD=1 vflib=1 dir=1 label=1 lowerbound=1 fileNameGp=../graphsdb/mcs10/m2D/m2Dr4/mcs10_m2Dr4_s90.A27 fileNameGt=../graphsdb/mcs10/m2D/m2Dr4/mcs10_m2Dr4_s90.B27
Reading graphs...
90 : 197
90 : 197
Initializing...
maxdom : 8
D->valSize : 540
Solving...
Blb : 5 (clique : 29)
currentSize : 29 <-- 0.006418 s
currentSize : 30 <-- 0.006728 s
currentSize : 31 <-- 2.006942 s
currentSize : 32 <-- 4.390050 s
currentSize : 33 <-- 5.619982 s
currentSize : 34 <-- 54.539879 s

TIMEOUT
maxsize : 34
nodes : 727062813.000000
filtered : 4583982978.000000
time : 3600.000000
