Parameters: GAD=1 vflib=1 dir=1 label=1 lowerbound=1 fileNameGp=../graphsdb/mcs10/bvg/b03/mcs10_b03_s40.A58 fileNameGt=../graphsdb/mcs10/bvg/b03/mcs10_b03_s40.B58
Reading graphs...
40 : 60
40 : 60
Initializing...
maxdom : 6
D->valSize : 197
Solving...
Blb : 2 (clique : 15)
currentSize : 15 <-- 0.001818 s
currentSize : 16 <-- 0.002439 s
currentSize : 17 <-- 0.006591 s
currentSize : 18 <-- 0.234052 s
currentSize : 19 <-- 1.478913 s
currentSize : 20 <-- 5.974360 s

maxsize : 20
nodes : 2360258.000000
filtered : 14804721.000000
time : 12.600564
