Parameters: GAD=1 vflib=1 dir=1 label=1 lowerbound=1 fileNameGp=../graphsdb/mcs10/bvg/b09/mcs10_b09_s100.A41 fileNameGt=../graphsdb/mcs10/bvg/b09/mcs10_b09_s100.B41
Reading graphs...
100 : 450
100 : 450
Initializing...
maxdom : 7
D->valSize : 296
Solving...
Blb : 2 (clique : 18)
currentSize : 18 <-- 0.002850 s
currentSize : 19 <-- 0.003449 s
currentSize : 20 <-- 0.005058 s
currentSize : 21 <-- 0.005127 s
currentSize : 22 <-- 0.432403 s
currentSize : 23 <-- 3.112233 s
currentSize : 24 <-- 73.474670 s
currentSize : 25 <-- 934.572876 s

TIMEOUT
maxsize : 25
nodes : 656063531.000000
filtered : 4807359528.000000
time : 3600.000000
