Parameters: GAD=1 vflib=1 dir=1 label=1 lowerbound=1 fileNameGp=../graphsdb/mcs10/m2D/m2Dr2/mcs10_m2Dr2_s70.A32 fileNameGt=../graphsdb/mcs10/m2D/m2Dr2/mcs10_m2Dr2_s70.B32
Reading graphs...
70 : 137
70 : 137
Initializing...
maxdom : 10
D->valSize : 302
Solving...
Blb : 2 (clique : 22)
currentSize : 22 <-- 0.002395 s
currentSize : 23 <-- 0.005554 s
currentSize : 24 <-- 0.137944 s
currentSize : 25 <-- 0.314549 s
currentSize : 26 <-- 9.720467 s
currentSize : 27 <-- 17.564388 s
currentSize : 28 <-- 322.096222 s
currentSize : 29 <-- 981.828186 s
currentSize : 30 <-- 1681.512329 s

maxsize : 30
nodes : 654297469.000000
filtered : 5019655273.000000
time : 3182.346436
