Parameters: GAD=1 vflib=1 dir=1 label=1 lowerbound=1 fileNameGp=../graphsdb/mcs10/rand/r005/mcs10_r005_s70.A64 fileNameGt=../graphsdb/mcs10/rand/r005/mcs10_r005_s70.B64
Reading graphs...
70 : 245
70 : 245
Initializing...
maxdom : 8
D->valSize : 307
Solving...
Blb : 2 (clique : 17)
currentSize : 17 <-- 0.002394 s
currentSize : 18 <-- 0.002792 s
currentSize : 19 <-- 0.020010 s
currentSize : 20 <-- 1.204489 s
currentSize : 21 <-- 213.279739 s
currentSize : 22 <-- 1622.258911 s

maxsize : 22
nodes : 426809495.000000
filtered : 4215634972.000000
time : 2014.608643
