Parameters: GAD=1 vflib=1 dir=1 label=1 lowerbound=1 fileNameGp=../graphsdb/mcs10/rand/r01/mcs10_r01_s50.A63 fileNameGt=../graphsdb/mcs10/rand/r01/mcs10_r01_s50.B63
Reading graphs...
50 : 247
50 : 247
Initializing...
maxdom : 10
D->valSize : 322
Solving...
Blb : 2 (clique : 10)
currentSize : 10 <-- 0.002121 s
currentSize : 11 <-- 0.002197 s
currentSize : 12 <-- 0.016732 s
currentSize : 13 <-- 0.094879 s
currentSize : 14 <-- 0.127104 s

maxsize : 14
nodes : 5464765.000000
filtered : 77732612.000000
time : 24.528948
