Parameters: GAD=1 vflib=1 dir=1 label=1 lowerbound=1 fileNameGp=../graphsdb/mcs10/bvg/b03m/mcs10_b03m_s40.A92 fileNameGt=../graphsdb/mcs10/bvg/b03m/mcs10_b03m_s40.B92
Reading graphs...
40 : 60
40 : 59
Initializing...
maxdom : 11
D->valSize : 190
Solving...
Blb : 2 (clique : 15)
currentSize : 15 <-- 0.001715 s
currentSize : 16 <-- 0.006407 s
currentSize : 17 <-- 0.006940 s
currentSize : 18 <-- 0.012895 s
currentSize : 19 <-- 0.140705 s

maxsize : 19
nodes : 354617.000000
filtered : 3407701.000000
time : 1.435547
