Parameters: GAD=1 vflib=1 dir=1 label=1 lowerbound=1 fileNameGp=../graphsdb/mcs10/m3D/m3Dr6/mcs10_m3Dr6_s100.A17 fileNameGt=../graphsdb/mcs10/m3D/m3Dr6/mcs10_m3Dr6_s100.B17
Reading graphs...
100 : 295
100 : 295
Initializing...
maxdom : 6
D->valSize : 338
Solving...
Blb : 2 (clique : 25)
currentSize : 25 <-- 0.003282 s
currentSize : 26 <-- 0.003493 s
currentSize : 27 <-- 0.059861 s
currentSize : 28 <-- 0.139758 s
currentSize : 29 <-- 0.584047 s
currentSize : 30 <-- 0.763081 s
currentSize : 31 <-- 0.810325 s
currentSize : 32 <-- 0.899684 s
currentSize : 33 <-- 2587.626709 s

TIMEOUT
maxsize : 33
nodes : 704035690.000000
filtered : 3603369236.000000
time : 3600.000000
