Parameters: GAD=1 vflib=1 dir=1 label=1 lowerbound=1 fileNameGp=../graphsdb/mcs10/bvg/b03m/mcs10_b03m_s60.A60 fileNameGt=../graphsdb/mcs10/bvg/b03m/mcs10_b03m_s60.B60
Reading graphs...
60 : 90
60 : 90
Initializing...
maxdom : 6
D->valSize : 237
Solving...
Blb : 2 (clique : 23)
currentSize : 23 <-- 0.001859 s
currentSize : 24 <-- 0.003533 s
currentSize : 25 <-- 0.003645 s
currentSize : 26 <-- 0.022328 s
currentSize : 27 <-- 1317.217651 s
currentSize : 28 <-- 2941.302734 s

TIMEOUT
maxsize : 28
nodes : 904594377.000000
filtered : 5566986793.000000
time : 3600.000000
