Parameters: GAD=1 vflib=1 dir=1 label=1 lowerbound=1 fileNameGp=../graphsdb/mcs10/m4D/m4Dr2/mcs10_m4Dr2_s100.A25 fileNameGt=../graphsdb/mcs10/m4D/m4Dr2/mcs10_m4Dr2_s100.B25
Reading graphs...
100 : 179
100 : 179
Initializing...
maxdom : 7
D->valSize : 338
Solving...
Blb : 2 (clique : 31)
currentSize : 31 <-- 0.003350 s
currentSize : 32 <-- 0.003701 s
currentSize : 33 <-- 0.004318 s
currentSize : 34 <-- 1.042785 s
currentSize : 35 <-- 2.568720 s
currentSize : 36 <-- 3.498641 s
currentSize : 37 <-- 36.630524 s

TIMEOUT
maxsize : 37
nodes : 726900548.000000
filtered : 3794211174.000000
time : 3600.000000
