Parameters: GAD=1 vflib=1 dir=1 label=1 lowerbound=1 fileNameGp=../graphsdb/mcs10/m3D/m3Dr4/mcs10_m3Dr4_s100.A50 fileNameGt=../graphsdb/mcs10/m3D/m3Dr4/mcs10_m3Dr4_s100.B50
Reading graphs...
100 : 275
100 : 275
Initializing...
maxdom : 6
D->valSize : 306
Solving...
Blb : 2 (clique : 27)
currentSize : 27 <-- 0.004840 s
currentSize : 28 <-- 0.005361 s
currentSize : 29 <-- 0.485545 s
currentSize : 30 <-- 0.701629 s
currentSize : 31 <-- 3.036919 s
currentSize : 32 <-- 27.822008 s
currentSize : 33 <-- 894.568787 s

TIMEOUT
maxsize : 33
nodes : 718515494.000000
filtered : 3419738985.000000
time : 3600.000000
