Parameters: GAD=1 vflib=1 dir=1 label=1 lowerbound=1 fileNameGp=../graphsdb/mcs10/m2D/m2D/mcs10_m2D_s60.A83 fileNameGt=../graphsdb/mcs10/m2D/m2D/mcs10_m2D_s60.B83
Reading graphs...
60 : 104
60 : 104
Initializing...
maxdom : 8
D->valSize : 224
Solving...
Blb : 2 (clique : 21)
currentSize : 21 <-- 0.001612 s
currentSize : 22 <-- 0.001741 s
currentSize : 23 <-- 0.003360 s
currentSize : 24 <-- 0.045371 s
currentSize : 25 <-- 3.844731 s
currentSize : 26 <-- 38.342304 s

maxsize : 26
nodes : 44518959.000000
filtered : 311768245.000000
time : 181.258713
