Parameters: GAD=1 vflib=1 dir=1 label=1 lowerbound=1 fileNameGp=../graphsdb/mcs10/rand/r02/mcs10_r02_s100.A46 fileNameGt=../graphsdb/mcs10/rand/r02/mcs10_r02_s100.B46
Reading graphs...
100 : 1979
100 : 1979
Initializing...
maxdom : 6
D->valSize : 309
Solving...
Blb : 2 (clique : 7)
currentSize : 7 <-- 0.002779 s
currentSize : 8 <-- 0.002892 s
currentSize : 9 <-- 0.006041 s
currentSize : 10 <-- 0.008469 s
currentSize : 11 <-- 0.162738 s
currentSize : 12 <-- 0.164402 s

maxsize : 12
nodes : 194504.000000
filtered : 2118007.000000
time : 1.162403
