Parameters: GAD=1 vflib=1 dir=1 label=1 lowerbound=1 fileNameGp=../graphsdb/mcs10/bvg/b06m/mcs10_b06m_s100.A07 fileNameGt=../graphsdb/mcs10/bvg/b06m/mcs10_b06m_s100.B07
Reading graphs...
100 : 300
100 : 300
Initializing...
maxdom : 7
D->valSize : 312
Solving...
Blb : 2 (clique : 23)
currentSize : 23 <-- 0.002983 s
currentSize : 24 <-- 0.003274 s
currentSize : 25 <-- 0.003578 s
currentSize : 26 <-- 0.005246 s
currentSize : 27 <-- 0.044882 s
currentSize : 28 <-- 0.062702 s
currentSize : 29 <-- 0.078253 s
currentSize : 30 <-- 24.078705 s
currentSize : 31 <-- 30.834034 s
currentSize : 32 <-- 55.280865 s
currentSize : 33 <-- 332.447754 s

TIMEOUT
maxsize : 33
nodes : 684059139.000000
filtered : 3915236113.000000
time : 3600.000000
