Parameters: GAD=1 vflib=1 dir=1 label=1 lowerbound=1 fileNameGp=../graphsdb/mcs10/rand/r01/mcs10_r01_s80.A76 fileNameGt=../graphsdb/mcs10/rand/r01/mcs10_r01_s80.B76
Reading graphs...
80 : 634
80 : 634
Initializing...
maxdom : 11
D->valSize : 452
Solving...
Blb : 3 (clique : 12)
currentSize : 12 <-- 0.004314 s
currentSize : 13 <-- 0.008057 s
currentSize : 14 <-- 0.036069 s
currentSize : 15 <-- 0.140869 s
currentSize : 16 <-- 4.584562 s

maxsize : 16
nodes : 39444151.000000
filtered : 542933741.000000
time : 213.592514
