Parameters: GAD=1 vflib=1 dir=1 label=1 lowerbound=1 fileNameGp=../graphsdb/mcs10/m3D/m3Dr2/mcs10_m3Dr2_s100.A06 fileNameGt=../graphsdb/mcs10/m3D/m3Dr2/mcs10_m3Dr2_s100.B06
Reading graphs...
100 : 255
100 : 255
Initializing...
maxdom : 7
D->valSize : 329
Solving...
Blb : 3 (clique : 22)
currentSize : 22 <-- 0.003080 s
currentSize : 23 <-- 0.007453 s
currentSize : 24 <-- 0.013620 s
currentSize : 25 <-- 0.020186 s
currentSize : 26 <-- 0.758858 s
currentSize : 27 <-- 5.027749 s
currentSize : 28 <-- 5.146573 s
currentSize : 29 <-- 46.172176 s
currentSize : 30 <-- 961.759888 s

TIMEOUT
maxsize : 30
nodes : 650931557.000000
filtered : 4655732109.000000
time : 3600.000000
