Parameters: GAD=1 vflib=1 dir=1 label=1 lowerbound=1 fileNameGp=../graphsdb/mcs10/rand/r005/mcs10_r005_s100.A61 fileNameGt=../graphsdb/mcs10/rand/r005/mcs10_r005_s100.B61
Reading graphs...
100 : 500
100 : 500
Initializing...
maxdom : 7
D->valSize : 319
Solving...
Blb : 2 (clique : 17)
currentSize : 17 <-- 0.003021 s
currentSize : 18 <-- 0.003194 s
currentSize : 19 <-- 0.003315 s
currentSize : 20 <-- 0.003451 s
currentSize : 21 <-- 0.004903 s
currentSize : 22 <-- 0.463399 s
currentSize : 23 <-- 7.073176 s
currentSize : 24 <-- 14.804077 s

TIMEOUT
maxsize : 24
nodes : 666977448.000000
filtered : 4188146994.000000
time : 3600.000000
