Parameters: GAD=1 vflib=1 dir=1 label=1 lowerbound=1 fileNameGp=../graphsdb/mcs10/m3D/m3D/mcs10_m3D_s100.A62 fileNameGt=../graphsdb/mcs10/m3D/m3D/mcs10_m3D_s100.B62
Reading graphs...
100 : 235
100 : 235
Initializing...
maxdom : 8
D->valSize : 327
Solving...
Blb : 2 (clique : 30)
currentSize : 30 <-- 0.003243 s
currentSize : 31 <-- 0.003627 s
currentSize : 32 <-- 0.010018 s
currentSize : 33 <-- 0.010278 s
currentSize : 34 <-- 0.158521 s
currentSize : 35 <-- 1.673583 s
currentSize : 36 <-- 69.525391 s

TIMEOUT
maxsize : 36
nodes : 721890366.000000
filtered : 3158300207.000000
time : 3600.000000
