Parameters: GAD=1 vflib=1 dir=1 label=1 lowerbound=1 fileNameGp=../graphsdb/mcs10/rand/r01/mcs10_r01_s70.A47 fileNameGt=../graphsdb/mcs10/rand/r01/mcs10_r01_s70.B47
Reading graphs...
70 : 485
70 : 485
Initializing...
maxdom : 8
D->valSize : 294
Solving...
Blb : 2 (clique : 10)
currentSize : 10 <-- 0.003425 s
currentSize : 11 <-- 0.004124 s
currentSize : 12 <-- 0.005200 s
currentSize : 13 <-- 0.093496 s
currentSize : 14 <-- 0.228025 s
currentSize : 15 <-- 2.643972 s

maxsize : 15
nodes : 3677404.000000
filtered : 38587227.000000
time : 17.849146
