Parameters: GAD=1 vflib=1 dir=1 label=1 lowerbound=1 fileNameGp=../graphsdb/mcs10/m3D/m3D/mcs10_m3D_s60.A61 fileNameGt=../graphsdb/mcs10/m3D/m3D/mcs10_m3D_s60.B61
Reading graphs...
60 : 134
60 : 134
Initializing...
maxdom : 8
D->valSize : 246
Solving...
Blb : 3 (clique : 18)
currentSize : 18 <-- 0.001981 s
currentSize : 19 <-- 0.002298 s
currentSize : 20 <-- 0.009189 s
currentSize : 21 <-- 0.009992 s
currentSize : 22 <-- 0.627658 s
currentSize : 23 <-- 12.121777 s
currentSize : 24 <-- 65.275948 s
currentSize : 25 <-- 66.049225 s

maxsize : 25
nodes : 48852313.000000
filtered : 540113724.000000
time : 224.705048
