Parameters: GAD=1 vflib=1 dir=1 label=1 lowerbound=1 fileNameGp=../graphsdb/mcs10/m2D/m2Dr2/mcs10_m2Dr2_s70.A83 fileNameGt=../graphsdb/mcs10/m2D/m2Dr2/mcs10_m2Dr2_s70.B83
Reading graphs...
70 : 137
70 : 136
Initializing...
maxdom : 8
D->valSize : 309
Solving...
Blb : 5 (clique : 24)
currentSize : 24 <-- 0.002826 s
currentSize : 25 <-- 0.007970 s
currentSize : 26 <-- 0.049878 s
currentSize : 27 <-- 0.098356 s
currentSize : 28 <-- 11.816893 s
currentSize : 29 <-- 22.653051 s

TIMEOUT
maxsize : 29
nodes : 784486510.000000
filtered : 5891954539.000000
time : 3600.000000
