Parameters: GAD=1 vflib=1 dir=1 label=1 lowerbound=1 fileNameGp=../graphsdb/mcs10/m3D/m3Dr6/mcs10_m3Dr6_s60.A91 fileNameGt=../graphsdb/mcs10/m3D/m3Dr6/mcs10_m3Dr6_s60.B91
Reading graphs...
60 : 170
60 : 169
Initializing...
maxdom : 6
D->valSize : 213
Solving...
Blb : 2 (clique : 15)
currentSize : 15 <-- 0.001690 s
currentSize : 16 <-- 0.001915 s
currentSize : 17 <-- 0.002079 s
currentSize : 18 <-- 0.002176 s
currentSize : 19 <-- 0.003378 s
currentSize : 20 <-- 0.378882 s
currentSize : 21 <-- 0.618664 s

maxsize : 21
nodes : 9937329.000000
filtered : 78660780.000000
time : 42.971809
