Parameters: GAD=1 vflib=1 dir=1 label=1 lowerbound=1 fileNameGp=../graphsdb/mcs10/m3D/m3Dr4/mcs10_m3Dr4_s100.A99 fileNameGt=../graphsdb/mcs10/m3D/m3Dr4/mcs10_m3Dr4_s100.B99
Reading graphs...
100 : 275
100 : 275
Initializing...
maxdom : 8
D->valSize : 317
Solving...
Blb : 2 (clique : 28)
currentSize : 28 <-- 0.004925 s
currentSize : 30 <-- 0.005431 s
currentSize : 31 <-- 0.031166 s
currentSize : 32 <-- 3.147041 s
currentSize : 33 <-- 12.770227 s
currentSize : 34 <-- 1144.729370 s

TIMEOUT
maxsize : 34
nodes : 719153827.000000
filtered : 3052395832.000000
time : 3600.000000
