Parameters: GAD=1 vflib=1 dir=1 label=1 lowerbound=1 fileNameGp=../graphsdb/mcs10/m4D/m4Dr2/mcs10_m4Dr2_s100.A39 fileNameGt=../graphsdb/mcs10/m4D/m4Dr2/mcs10_m4Dr2_s100.B39
Reading graphs...
100 : 179
100 : 178
Initializing...
maxdom : 6
D->valSize : 311
Solving...
Blb : 2 (clique : 30)
currentSize : 30 <-- 0.004891 s
currentSize : 31 <-- 0.036497 s
currentSize : 32 <-- 0.182339 s
currentSize : 33 <-- 0.420029 s
currentSize : 34 <-- 1.169460 s
currentSize : 35 <-- 2.940644 s
currentSize : 36 <-- 136.794907 s

TIMEOUT
maxsize : 36
nodes : 738025882.000000
filtered : 2552066842.000000
time : 3600.000000
