Parameters: GAD=1 vflib=1 dir=1 label=1 lowerbound=1 fileNameGp=../graphsdb/mcs10/bvg/b06m/mcs10_b06m_s70.A42 fileNameGt=../graphsdb/mcs10/bvg/b06m/mcs10_b06m_s70.B42
Reading graphs...
70 : 210
70 : 210
Initializing...
maxdom : 8
D->valSize : 310
Solving...
Blb : 2 (clique : 20)
currentSize : 20 <-- 0.002553 s
currentSize : 21 <-- 0.014620 s
currentSize : 22 <-- 0.039656 s
currentSize : 23 <-- 0.153215 s
currentSize : 24 <-- 172.738342 s
currentSize : 25 <-- 1858.321167 s

maxsize : 25
nodes : 723908558.000000
filtered : 6860137553.000000
time : 3572.359375
