Parameters: GAD=1 vflib=1 dir=1 label=1 lowerbound=1 fileNameGp=../graphsdb/mcs10/rand/r02/mcs10_r02_s70.A80 fileNameGt=../graphsdb/mcs10/rand/r02/mcs10_r02_s70.B80
Reading graphs...
70 : 965
70 : 965
Initializing...
maxdom : 9
D->valSize : 328
Solving...
Blb : 2 (clique : 7)
currentSize : 7 <-- 0.002792 s
currentSize : 8 <-- 0.002887 s
currentSize : 9 <-- 0.002977 s
currentSize : 10 <-- 0.044352 s
currentSize : 11 <-- 0.246464 s

maxsize : 11
nodes : 182248.000000
filtered : 2715026.000000
time : 0.920306
