Parameters: GAD=1 vflib=1 dir=1 label=1 lowerbound=1 fileNameGp=../graphsdb/mcs10/m2D/m2Dr4/mcs10_m2Dr4_s80.A27 fileNameGt=../graphsdb/mcs10/m2D/m2Dr4/mcs10_m2Dr4_s80.B27
Reading graphs...
80 : 174
80 : 174
Initializing...
maxdom : 9
D->valSize : 397
Solving...
Blb : 2 (clique : 22)
currentSize : 22 <-- 0.003722 s
currentSize : 23 <-- 0.003978 s
currentSize : 24 <-- 0.004714 s
currentSize : 25 <-- 0.396704 s
currentSize : 26 <-- 0.396838 s
currentSize : 27 <-- 490.560852 s

TIMEOUT
maxsize : 27
nodes : 778313224.000000
filtered : 4950082149.000000
time : 3600.000000
