Parameters: GAD=1 vflib=1 dir=1 label=1 lowerbound=1 fileNameGp=../graphsdb/mcs10/m3D/m3Dr2/mcs10_m3Dr2_s60.A88 fileNameGt=../graphsdb/mcs10/m3D/m3Dr2/mcs10_m3Dr2_s60.B88
Reading graphs...
60 : 146
60 : 146
Initializing...
maxdom : 9
D->valSize : 231
Solving...
Blb : 2 (clique : 17)
currentSize : 17 <-- 0.002621 s
currentSize : 18 <-- 0.014659 s
currentSize : 19 <-- 0.054806 s
currentSize : 20 <-- 0.089264 s
currentSize : 21 <-- 2.175396 s
currentSize : 22 <-- 21.128874 s

maxsize : 22
nodes : 19173011.000000
filtered : 162523114.000000
time : 84.556709
