Parameters: GAD=1 vflib=1 dir=1 label=1 lowerbound=1 fileNameGp=../graphsdb/mcs10/rand/r01/mcs10_r01_s50.A90 fileNameGt=../graphsdb/mcs10/rand/r01/mcs10_r01_s50.B90
Reading graphs...
50 : 247
50 : 247
Initializing...
maxdom : 10
D->valSize : 340
Solving...
Blb : 2 (clique : 11)
currentSize : 11 <-- 0.002472 s
currentSize : 12 <-- 0.003367 s
currentSize : 13 <-- 0.010204 s
currentSize : 14 <-- 0.053391 s
currentSize : 15 <-- 18.422672 s

maxsize : 15
nodes : 4739404.000000
filtered : 70465936.000000
time : 21.432112
