Parameters: GAD=1 vflib=1 dir=1 label=1 lowerbound=1 fileNameGp=../graphsdb/mcs10/bvg/b06/mcs10_b06_s80.A10 fileNameGt=../graphsdb/mcs10/bvg/b06/mcs10_b06_s80.B10
Reading graphs...
80 : 240
80 : 240
Initializing...
maxdom : 8
D->valSize : 394
Solving...
Blb : 2 (clique : 22)
currentSize : 22 <-- 0.005885 s
currentSize : 23 <-- 0.006186 s
currentSize : 24 <-- 0.136215 s
currentSize : 25 <-- 0.982315 s
currentSize : 26 <-- 8.675252 s
currentSize : 27 <-- 15.861776 s

TIMEOUT
maxsize : 27
nodes : 689557210.000000
filtered : 6840774954.000000
time : 3600.000000
