Parameters: GAD=1 vflib=1 dir=1 label=1 lowerbound=1 fileNameGp=../graphsdb/mcs10/bvg/b03/mcs10_b03_s70.A22 fileNameGt=../graphsdb/mcs10/bvg/b03/mcs10_b03_s70.B22
Reading graphs...
70 : 105
70 : 105
Initializing...
maxdom : 7
D->valSize : 278
Solving...
Blb : 2 (clique : 24)
currentSize : 24 <-- 0.002185 s
currentSize : 26 <-- 0.002332 s
currentSize : 27 <-- 0.007995 s
currentSize : 28 <-- 0.015552 s
currentSize : 29 <-- 102.135445 s
currentSize : 30 <-- 115.676552 s

TIMEOUT
maxsize : 30
nodes : 903860300.000000
filtered : 6138859716.000000
time : 3600.000000
