Parameters: GAD=1 vflib=1 dir=1 label=1 lowerbound=1 fileNameGp=../graphsdb/mcs10/bvg/b09/mcs10_b09_s100.A15 fileNameGt=../graphsdb/mcs10/bvg/b09/mcs10_b09_s100.B15
Reading graphs...
100 : 450
100 : 450
Initializing...
maxdom : 9
D->valSize : 305
Solving...
Blb : 2 (clique : 19)
currentSize : 19 <-- 0.004571 s
currentSize : 21 <-- 0.005050 s
currentSize : 22 <-- 0.171564 s
currentSize : 23 <-- 0.173355 s
currentSize : 24 <-- 1.347182 s
currentSize : 25 <-- 85.665382 s
currentSize : 26 <-- 415.581329 s
currentSize : 27 <-- 418.920807 s
currentSize : 28 <-- 1429.701782 s

TIMEOUT
maxsize : 28
nodes : 644496700.000000
filtered : 4420371277.000000
time : 3600.000000
