Parameters: GAD=1 vflib=1 dir=1 label=1 lowerbound=1 fileNameGp=../graphsdb/mcs10/m3D/m3Dr2/mcs10_m3Dr2_s80.A07 fileNameGt=../graphsdb/mcs10/m3D/m3Dr2/mcs10_m3Dr2_s80.B07
Reading graphs...
80 : 200
80 : 200
Initializing...
maxdom : 9
D->valSize : 435
Solving...
Blb : 2 (clique : 23)
currentSize : 23 <-- 0.004250 s
currentSize : 24 <-- 0.004475 s
currentSize : 25 <-- 0.053675 s
currentSize : 26 <-- 2.746997 s
currentSize : 27 <-- 504.348236 s
currentSize : 28 <-- 511.978516 s
currentSize : 29 <-- 1524.899048 s

TIMEOUT
maxsize : 29
nodes : 700911557.000000
filtered : 5808171273.000000
time : 3600.000000
