Parameters: GAD=1 vflib=1 dir=1 label=1 lowerbound=1 fileNameGp=../graphsdb/mcs10/m2D/m2Dr4/mcs10_m2Dr4_s40.A96 fileNameGt=../graphsdb/mcs10/m2D/m2Dr4/mcs10_m2Dr4_s40.B96
Reading graphs...
40 : 83
40 : 82
Initializing...
maxdom : 9
D->valSize : 209
Solving...
Blb : 2 (clique : 10)
currentSize : 10 <-- 0.001802 s
currentSize : 11 <-- 0.001891 s
currentSize : 12 <-- 0.001918 s
currentSize : 13 <-- 0.002067 s
currentSize : 14 <-- 0.007912 s
currentSize : 15 <-- 0.338977 s
currentSize : 16 <-- 0.410962 s

maxsize : 16
nodes : 737667.000000
filtered : 9371128.000000
time : 3.018017
