Parameters: GAD=1 vflib=1 dir=1 label=1 lowerbound=1 fileNameGp=../graphsdb/mcs10/m4D/m4Dr4/mcs10_m4Dr4_s100.A90 fileNameGt=../graphsdb/mcs10/m4D/m4Dr4/mcs10_m4Dr4_s100.B90
Reading graphs...
100 : 199
100 : 198
Initializing...
maxdom : 7
D->valSize : 328
Solving...
Blb : 2 (clique : 30)
currentSize : 30 <-- 0.003167 s
currentSize : 31 <-- 0.003647 s
currentSize : 32 <-- 0.186820 s
currentSize : 33 <-- 0.190281 s
currentSize : 34 <-- 0.359964 s
currentSize : 35 <-- 292.751923 s
currentSize : 36 <-- 822.533081 s
currentSize : 37 <-- 2991.947021 s

TIMEOUT
maxsize : 37
nodes : 720826231.000000
filtered : 3503228076.000000
time : 3600.000000
