Parameters: GAD=1 vflib=1 dir=1 label=1 lowerbound=1 fileNameGp=../graphsdb/mcs10/rand/r005/mcs10_r005_s80.A95 fileNameGt=../graphsdb/mcs10/rand/r005/mcs10_r005_s80.B95
Reading graphs...
80 : 321
80 : 321
Initializing...
maxdom : 9
D->valSize : 406
Solving...
Blb : 2 (clique : 18)
currentSize : 18 <-- 0.003719 s
currentSize : 19 <-- 0.005555 s
currentSize : 20 <-- 0.054167 s
currentSize : 21 <-- 0.476593 s
currentSize : 22 <-- 21.250509 s
currentSize : 23 <-- 675.022095 s

TIMEOUT
maxsize : 23
nodes : 728282693.000000
filtered : 5765372312.000000
time : 3600.000000
