Parameters: GAD=1 vflib=1 dir=1 label=1 lowerbound=1 fileNameGp=../graphsdb/mcs10/rand/r01/mcs10_r01_s80.A51 fileNameGt=../graphsdb/mcs10/rand/r01/mcs10_r01_s80.B51
Reading graphs...
80 : 634
80 : 634
Initializing...
maxdom : 9
D->valSize : 437
Solving...
Blb : 2 (clique : 11)
currentSize : 11 <-- 0.007271 s
currentSize : 12 <-- 0.007463 s
currentSize : 13 <-- 0.009142 s
currentSize : 14 <-- 0.018276 s
currentSize : 15 <-- 0.486532 s
currentSize : 16 <-- 0.818770 s

maxsize : 16
nodes : 49341794.000000
filtered : 635611838.000000
time : 263.429291
