Parameters: GAD=1 vflib=1 dir=1 label=1 lowerbound=1 fileNameGp=../graphsdb/mcs10/m3D/m3D/mcs10_m3D_s70.A84 fileNameGt=../graphsdb/mcs10/m3D/m3D/mcs10_m3D_s70.B84
Reading graphs...
70 : 159
70 : 159
Initializing...
maxdom : 9
D->valSize : 352
Solving...
Blb : 2 (clique : 20)
currentSize : 20 <-- 0.004862 s
currentSize : 21 <-- 0.005227 s
currentSize : 22 <-- 0.005438 s
currentSize : 23 <-- 0.027778 s
currentSize : 24 <-- 0.040080 s
currentSize : 25 <-- 0.046289 s
currentSize : 26 <-- 6.256408 s
currentSize : 27 <-- 3058.572998 s

TIMEOUT
maxsize : 27
nodes : 772134676.000000
filtered : 6461460499.000000
time : 3600.000000
