Parameters: GAD=1 vflib=1 dir=1 label=1 lowerbound=1 fileNameGp=../graphsdb/mcs10/bvg/b09m/mcs10_b09m_s100.A51 fileNameGt=../graphsdb/mcs10/bvg/b09m/mcs10_b09m_s100.B51
Reading graphs...
100 : 450
100 : 450
Initializing...
maxdom : 8
D->valSize : 311
Solving...
Blb : 3 (clique : 21)
currentSize : 21 <-- 0.002839 s
currentSize : 22 <-- 0.195410 s
currentSize : 23 <-- 1.366543 s
currentSize : 24 <-- 3.401925 s
currentSize : 25 <-- 16.822027 s
currentSize : 26 <-- 38.336617 s
currentSize : 27 <-- 130.364075 s

TIMEOUT
maxsize : 27
nodes : 658035659.000000
filtered : 4911849766.000000
time : 3600.000000
