Parameters: GAD=1 vflib=1 dir=1 label=1 lowerbound=1 fileNameGp=../graphsdb/mcs10/m4D/m4Dr4/mcs10_m4Dr4_s100.A40 fileNameGt=../graphsdb/mcs10/m4D/m4Dr4/mcs10_m4Dr4_s100.B40
Reading graphs...
100 : 199
100 : 198
Initializing...
maxdom : 7
D->valSize : 393
Solving...
Blb : 5 (clique : 35)
currentSize : 35 <-- 0.006840 s
currentSize : 36 <-- 0.007267 s
currentSize : 37 <-- 0.154537 s
currentSize : 38 <-- 0.255227 s
currentSize : 39 <-- 3.881574 s
currentSize : 40 <-- 3285.143799 s

TIMEOUT
maxsize : 40
nodes : 649101469.000000
filtered : 4029797512.000000
time : 3600.000000
