Parameters: GAD=1 vflib=1 dir=1 label=1 lowerbound=1 fileNameGp=../graphsdb/mcs10/bvg/b03m/mcs10_b03m_s40.A17 fileNameGt=../graphsdb/mcs10/bvg/b03m/mcs10_b03m_s40.B17
Reading graphs...
40 : 60
40 : 59
Initializing...
maxdom : 8
D->valSize : 208
Solving...
Blb : 2 (clique : 13)
currentSize : 13 <-- 0.001240 s
currentSize : 15 <-- 0.001320 s
currentSize : 16 <-- 0.001412 s
currentSize : 17 <-- 0.046919 s
currentSize : 18 <-- 0.047142 s
currentSize : 19 <-- 0.669384 s

maxsize : 19
nodes : 7714171.000000
filtered : 86477683.000000
time : 31.034103
