Parameters: GAD=1 vflib=1 dir=1 label=1 lowerbound=1 fileNameGp=../graphsdb/mcs10/m3D/m3Dr6/mcs10_m3Dr6_s100.A70 fileNameGt=../graphsdb/mcs10/m3D/m3Dr6/mcs10_m3Dr6_s100.B70
Reading graphs...
100 : 295
100 : 294
Initializing...
maxdom : 7
D->valSize : 340
Solving...
Blb : 2 (clique : 25)
currentSize : 25 <-- 0.003274 s
currentSize : 26 <-- 0.003533 s
currentSize : 27 <-- 0.003651 s
currentSize : 28 <-- 0.003884 s
currentSize : 29 <-- 22.530788 s
currentSize : 30 <-- 689.407043 s
currentSize : 31 <-- 689.409973 s
currentSize : 32 <-- 690.143738 s

TIMEOUT
maxsize : 32
nodes : 661018341.000000
filtered : 4457683381.000000
time : 3600.000000
