Parameters: GAD=1 vflib=1 dir=1 label=1 lowerbound=1 fileNameGp=../graphsdb/mcs10/m3D/m3Dr2/mcs10_m3Dr2_s70.A17 fileNameGt=../graphsdb/mcs10/m3D/m3Dr2/mcs10_m3Dr2_s70.B17
Reading graphs...
70 : 173
70 : 173
Initializing...
maxdom : 8
D->valSize : 321
Solving...
Blb : 2 (clique : 20)
currentSize : 20 <-- 0.004257 s
currentSize : 21 <-- 0.008451 s
currentSize : 22 <-- 0.098502 s
currentSize : 23 <-- 0.185147 s
currentSize : 24 <-- 0.665679 s
currentSize : 25 <-- 13.701861 s

TIMEOUT
maxsize : 25
nodes : 834355969.000000
filtered : 6177758818.000000
time : 3600.000000
