Parameters: GAD=1 vflib=1 dir=1 label=1 lowerbound=1 fileNameGp=../graphsdb/mcs10/m3D/m3Dr4/mcs10_m3Dr4_s60.A15 fileNameGt=../graphsdb/mcs10/m3D/m3Dr4/mcs10_m3Dr4_s60.B15
Reading graphs...
60 : 158
60 : 158
Initializing...
maxdom : 9
D->valSize : 223
Solving...
Blb : 2 (clique : 17)
currentSize : 17 <-- 0.001698 s
currentSize : 18 <-- 0.002041 s
currentSize : 19 <-- 0.002090 s
currentSize : 20 <-- 88.829315 s
currentSize : 21 <-- 118.469597 s

maxsize : 21
nodes : 48060232.000000
filtered : 384313488.000000
time : 209.167786
