Parameters: GAD=1 vflib=1 dir=1 label=1 lowerbound=1 fileNameGp=../graphsdb/mcs10/m3D/m3D/mcs10_m3D_s70.A62 fileNameGt=../graphsdb/mcs10/m3D/m3D/mcs10_m3D_s70.B62
Reading graphs...
70 : 159
70 : 159
Initializing...
maxdom : 9
D->valSize : 319
Solving...
Blb : 2 (clique : 20)
currentSize : 20 <-- 0.002540 s
currentSize : 21 <-- 0.005222 s
currentSize : 22 <-- 0.196107 s
currentSize : 23 <-- 0.545936 s
currentSize : 24 <-- 5.520406 s
currentSize : 25 <-- 9.719455 s
currentSize : 26 <-- 114.429611 s

TIMEOUT
maxsize : 26
nodes : 784798566.000000
filtered : 7016907396.000000
time : 3600.000000
