Parameters: GAD=1 vflib=1 dir=1 label=1 lowerbound=1 fileNameGp=../graphsdb/mcs10/m2D/m2Dr6/mcs10_m2Dr6_s100.A32 fileNameGt=../graphsdb/mcs10/m2D/m2Dr6/mcs10_m2Dr6_s100.B32
Reading graphs...
100 : 240
100 : 240
Initializing...
maxdom : 6
D->valSize : 322
Solving...
Blb : 5 (clique : 30)
currentSize : 30 <-- 0.003252 s
currentSize : 31 <-- 1.293018 s
currentSize : 32 <-- 1.839600 s
currentSize : 33 <-- 28.545340 s
currentSize : 34 <-- 101.363159 s
currentSize : 35 <-- 102.002121 s
currentSize : 36 <-- 559.604431 s

TIMEOUT
maxsize : 36
nodes : 718780543.000000
filtered : 3436096389.000000
time : 3600.000000
