Parameters: GAD=1 vflib=1 dir=1 label=1 lowerbound=1 fileNameGp=../graphsdb/mcs10/rand/r01/mcs10_r01_s90.A70 fileNameGt=../graphsdb/mcs10/rand/r01/mcs10_r01_s90.B70
Reading graphs...
90 : 802
90 : 802
Initializing...
maxdom : 9
D->valSize : 482
Solving...
Blb : 2 (clique : 13)
currentSize : 13 <-- 0.005140 s
currentSize : 14 <-- 0.005309 s
currentSize : 15 <-- 0.005371 s
currentSize : 16 <-- 26.972494 s
currentSize : 17 <-- 107.057640 s

maxsize : 17
nodes : 131017802.000000
filtered : 1622803440.000000
time : 741.939758
