Parameters: GAD=1 vflib=1 dir=1 label=1 lowerbound=1 fileNameGp=../graphsdb/mcs10/bvg/b03/mcs10_b03_s80.A07 fileNameGt=../graphsdb/mcs10/bvg/b03/mcs10_b03_s80.B07
Reading graphs...
80 : 120
80 : 120
Initializing...
maxdom : 10
D->valSize : 404
Solving...
Blb : 2 (clique : 30)
currentSize : 30 <-- 0.003866 s
currentSize : 31 <-- 0.174649 s
currentSize : 32 <-- 1.755658 s
currentSize : 33 <-- 23.794413 s
currentSize : 34 <-- 26.177011 s
currentSize : 35 <-- 583.996399 s

TIMEOUT
maxsize : 35
nodes : 622433923.000000
filtered : 5348988008.000000
time : 3600.000000
