Parameters: GAD=1 vflib=1 dir=1 label=1 lowerbound=1 fileNameGp=../graphsdb/mcs10/m2D/m2Dr4/mcs10_m2Dr4_s90.A49 fileNameGt=../graphsdb/mcs10/m2D/m2Dr4/mcs10_m2Dr4_s90.B49
Reading graphs...
90 : 197
90 : 196
Initializing...
maxdom : 11
D->valSize : 494
Solving...
Blb : 2 (clique : 28)
currentSize : 28 <-- 0.005338 s
currentSize : 29 <-- 0.005645 s
currentSize : 30 <-- 0.006310 s
currentSize : 31 <-- 0.543803 s
currentSize : 32 <-- 96.935219 s
currentSize : 33 <-- 232.189087 s
currentSize : 34 <-- 3499.908691 s

TIMEOUT
maxsize : 34
nodes : 604711458.000000
filtered : 3337198621.000000
time : 3600.000000
