Parameters: GAD=1 vflib=1 dir=1 label=1 lowerbound=1 fileNameGp=../graphsdb/mcs10/m2D/m2Dr4/mcs10_m2Dr4_s60.A47 fileNameGt=../graphsdb/mcs10/m2D/m2Dr4/mcs10_m2Dr4_s60.B47
Reading graphs...
60 : 127
60 : 127
Initializing...
maxdom : 8
D->valSize : 235
Solving...
Blb : 2 (clique : 18)
currentSize : 18 <-- 0.002601 s
currentSize : 19 <-- 0.008462 s
currentSize : 20 <-- 0.013879 s
currentSize : 21 <-- 0.086730 s
currentSize : 22 <-- 0.263032 s
currentSize : 23 <-- 0.727046 s

maxsize : 23
nodes : 85508658.000000
filtered : 733586404.000000
time : 363.869324
