Parameters: GAD=1 vflib=1 dir=1 label=1 lowerbound=1 fileNameGp=../graphsdb/mcs10/bvg/b03m/mcs10_b03m_s50.A34 fileNameGt=../graphsdb/mcs10/bvg/b03m/mcs10_b03m_s50.B34
Reading graphs...
50 : 75
50 : 75
Initializing...
maxdom : 12
D->valSize : 311
Solving...
Blb : 2 (clique : 19)
currentSize : 19 <-- 0.002170 s
currentSize : 21 <-- 1.817380 s
currentSize : 22 <-- 1.971835 s
currentSize : 23 <-- 629.976624 s
currentSize : 24 <-- 925.396851 s

maxsize : 24
nodes : 294342766.000000
filtered : 2882229216.000000
time : 1357.283325
