Parameters: GAD=1 vflib=1 dir=1 label=1 lowerbound=1 fileNameGp=../graphsdb/mcs10/rand/r005/mcs10_r005_s80.A20 fileNameGt=../graphsdb/mcs10/rand/r005/mcs10_r005_s80.B20
Reading graphs...
80 : 321
80 : 321
Initializing...
maxdom : 8
D->valSize : 415
Solving...
Blb : 2 (clique : 17)
currentSize : 17 <-- 0.003823 s
currentSize : 18 <-- 0.004014 s
currentSize : 19 <-- 0.004142 s
currentSize : 20 <-- 0.006008 s
currentSize : 21 <-- 0.675412 s
currentSize : 22 <-- 47.921017 s
currentSize : 23 <-- 96.438812 s

TIMEOUT
maxsize : 23
nodes : 705143732.000000
filtered : 6602532256.000000
time : 3600.000000
