Parameters: GAD=1 vflib=1 dir=1 label=1 lowerbound=1 fileNameGp=../graphsdb/mcs10/bvg/b06/mcs10_b06_s70.A05 fileNameGt=../graphsdb/mcs10/bvg/b06/mcs10_b06_s70.B05
Reading graphs...
70 : 210
70 : 210
Initializing...
maxdom : 8
D->valSize : 316
Solving...
Blb : 5 (clique : 20)
currentSize : 20 <-- 0.002478 s
currentSize : 21 <-- 0.032500 s
currentSize : 22 <-- 0.198432 s
currentSize : 23 <-- 0.462031 s
currentSize : 24 <-- 79.854286 s
currentSize : 25 <-- 2977.753906 s

TIMEOUT
maxsize : 25
nodes : 783497159.000000
filtered : 7233352967.000000
time : 3600.000000
