Parameters: GAD=1 vflib=1 dir=1 label=1 lowerbound=1 fileNameGp=../graphsdb/mcs10/m2D/m2D/mcs10_m2D_s60.A92 fileNameGt=../graphsdb/mcs10/m2D/m2D/mcs10_m2D_s60.B92
Reading graphs...
60 : 104
60 : 104
Initializing...
maxdom : 9
D->valSize : 227
Solving...
Blb : 2 (clique : 20)
currentSize : 20 <-- 0.001641 s
currentSize : 21 <-- 0.001754 s
currentSize : 22 <-- 0.001989 s
currentSize : 23 <-- 0.473150 s
currentSize : 24 <-- 112.101257 s

maxsize : 24
nodes : 178808674.000000
filtered : 1323326307.000000
time : 721.001709
