Parameters: GAD=1 vflib=1 dir=1 label=1 lowerbound=1 fileNameGp=../graphsdb/mcs10/bvg/b03m/mcs10_b03m_s80.A42 fileNameGt=../graphsdb/mcs10/bvg/b03m/mcs10_b03m_s80.B42
Reading graphs...
80 : 120
80 : 120
Initializing...
maxdom : 9
D->valSize : 400
Solving...
Blb : 2 (clique : 29)
currentSize : 29 <-- 0.004012 s
currentSize : 30 <-- 0.004221 s
currentSize : 31 <-- 0.012561 s
currentSize : 32 <-- 3.752973 s
currentSize : 33 <-- 22.852806 s
currentSize : 34 <-- 481.619995 s

TIMEOUT
maxsize : 34
nodes : 701238205.000000
filtered : 4548849868.000000
time : 3600.000000
