Parameters: GAD=1 vflib=1 dir=1 label=1 lowerbound=1 fileNameGp=../graphsdb/mcs10/rand/r01/mcs10_r01_s70.A54 fileNameGt=../graphsdb/mcs10/rand/r01/mcs10_r01_s70.B54
Reading graphs...
70 : 485
70 : 485
Initializing...
maxdom : 9
D->valSize : 323
Solving...
Blb : 2 (clique : 11)
currentSize : 11 <-- 0.003917 s
currentSize : 12 <-- 0.004087 s
currentSize : 13 <-- 0.005778 s
currentSize : 14 <-- 0.528024 s
currentSize : 15 <-- 0.950259 s

maxsize : 15
nodes : 4444533.000000
filtered : 51186684.000000
time : 21.830952
