Parameters: GAD=1 vflib=1 dir=1 label=1 lowerbound=1 fileNameGp=../graphsdb/mcs10/bvg/b06m/mcs10_b06m_s70.A61 fileNameGt=../graphsdb/mcs10/bvg/b06m/mcs10_b06m_s70.B61
Reading graphs...
70 : 210
70 : 210
Initializing...
maxdom : 8
D->valSize : 296
Solving...
Blb : 2 (clique : 18)
currentSize : 18 <-- 0.003859 s
currentSize : 19 <-- 0.056475 s
currentSize : 20 <-- 0.932933 s
currentSize : 21 <-- 10.353971 s
currentSize : 22 <-- 15.064193 s
currentSize : 23 <-- 26.387625 s
currentSize : 24 <-- 85.335670 s
currentSize : 25 <-- 610.754089 s

TIMEOUT
maxsize : 25
nodes : 755715826.000000
filtered : 6318401083.000000
time : 3600.000000
