Parameters: GAD=1 vflib=1 dir=1 label=1 lowerbound=1 fileNameGp=../graphsdb/mcs10/m3D/m3D/mcs10_m3D_s60.A62 fileNameGt=../graphsdb/mcs10/m3D/m3D/mcs10_m3D_s60.B62
Reading graphs...
60 : 134
60 : 134
Initializing...
maxdom : 7
D->valSize : 239
Solving...
Blb : 2 (clique : 18)
currentSize : 18 <-- 0.002697 s
currentSize : 19 <-- 0.002950 s
currentSize : 20 <-- 0.004020 s
currentSize : 22 <-- 0.070875 s
currentSize : 23 <-- 0.212863 s
currentSize : 24 <-- 0.393758 s

maxsize : 24
nodes : 238018848.000000
filtered : 1838486658.000000
time : 1001.367615
