Parameters: GAD=1 vflib=1 dir=1 label=1 lowerbound=1 fileNameGp=../graphsdb/mcs10/m3D/m3D/mcs10_m3D_s100.A52 fileNameGt=../graphsdb/mcs10/m3D/m3D/mcs10_m3D_s100.B52
Reading graphs...
100 : 235
100 : 235
Initializing...
maxdom : 7
D->valSize : 329
Solving...
Blb : 2 (clique : 28)
currentSize : 28 <-- 0.005287 s
currentSize : 29 <-- 0.005830 s
currentSize : 30 <-- 5.427569 s
currentSize : 31 <-- 6.035756 s
currentSize : 32 <-- 6.713737 s
currentSize : 33 <-- 2896.938965 s

TIMEOUT
maxsize : 33
nodes : 714374928.000000
filtered : 3481040472.000000
time : 3600.000000
