Parameters: GAD=1 vflib=1 dir=1 label=1 lowerbound=1 fileNameGp=../graphsdb/mcs10/m4D/m4Dr6/mcs10_m4Dr6_s100.A93 fileNameGt=../graphsdb/mcs10/m4D/m4Dr6/mcs10_m4Dr6_s100.B93
Reading graphs...
100 : 219
100 : 218
Initializing...
maxdom : 7
D->valSize : 350
Solving...
Blb : 2 (clique : 28)
currentSize : 28 <-- 0.003434 s
currentSize : 31 <-- 0.020609 s
currentSize : 32 <-- 0.083927 s
currentSize : 33 <-- 3.404341 s
currentSize : 34 <-- 3.923811 s
currentSize : 35 <-- 9.996079 s
currentSize : 36 <-- 46.685692 s

TIMEOUT
maxsize : 36
nodes : 673738181.000000
filtered : 4085575408.000000
time : 3600.000000
