Parameters: GAD=1 vflib=1 dir=1 label=1 lowerbound=1 fileNameGp=../graphsdb/mcs10/bvg/b06/mcs10_b06_s100.A63 fileNameGt=../graphsdb/mcs10/bvg/b06/mcs10_b06_s100.B63
Reading graphs...
100 : 300
100 : 300
Initializing...
maxdom : 8
D->valSize : 320
Solving...
Blb : 2 (clique : 23)
currentSize : 23 <-- 0.003049 s
currentSize : 24 <-- 0.003270 s
currentSize : 26 <-- 0.003420 s
currentSize : 27 <-- 0.529043 s
currentSize : 28 <-- 117.818611 s
currentSize : 29 <-- 141.617020 s
currentSize : 30 <-- 1119.642700 s

TIMEOUT
maxsize : 30
nodes : 727836002.000000
filtered : 3225917445.000000
time : 3600.000000
