Parameters: GAD=1 vflib=1 dir=1 label=1 lowerbound=1 fileNameGp=../graphsdb/mcs10/bvg/b03m/mcs10_b03m_s80.A83 fileNameGt=../graphsdb/mcs10/bvg/b03m/mcs10_b03m_s80.B83
Reading graphs...
80 : 120
80 : 120
Initializing...
maxdom : 8
D->valSize : 415
Solving...
Blb : 2 (clique : 27)
currentSize : 27 <-- 0.003962 s
currentSize : 28 <-- 0.004209 s
currentSize : 29 <-- 0.027560 s
currentSize : 30 <-- 0.027664 s
currentSize : 31 <-- 0.176063 s
currentSize : 32 <-- 0.430612 s
currentSize : 33 <-- 2.779033 s
currentSize : 34 <-- 499.594360 s
currentSize : 35 <-- 3535.369873 s

TIMEOUT
maxsize : 35
nodes : 735660715.000000
filtered : 4731917275.000000
time : 3600.000000
