Parameters: GAD=1 vflib=1 dir=1 label=1 lowerbound=1 fileNameGp=../graphsdb/mcs10/m4D/m4D/mcs10_m4D_s100.A95 fileNameGt=../graphsdb/mcs10/m4D/m4D/mcs10_m4D_s100.B95
Reading graphs...
100 : 159
100 : 159
Initializing...
maxdom : 7
D->valSize : 304
Solving...
Blb : 2 (clique : 33)
currentSize : 33 <-- 0.002923 s
currentSize : 34 <-- 0.020181 s
currentSize : 35 <-- 0.021935 s
currentSize : 36 <-- 0.386815 s
currentSize : 37 <-- 2.463253 s
currentSize : 38 <-- 65.872734 s
currentSize : 39 <-- 158.317764 s
currentSize : 40 <-- 506.527069 s

TIMEOUT
maxsize : 40
nodes : 700205184.000000
filtered : 3654155329.000000
time : 3600.000000
