Parameters: GAD=1 vflib=1 dir=1 label=1 lowerbound=1 fileNameGp=../graphsdb/mcs10/m2D/m2Dr4/mcs10_m2Dr4_s100.A44 fileNameGt=../graphsdb/mcs10/m2D/m2Dr4/mcs10_m2Dr4_s100.B44
Reading graphs...
100 : 220
100 : 220
Initializing...
maxdom : 7
D->valSize : 306
Solving...
Blb : 2 (clique : 30)
currentSize : 30 <-- 0.002921 s
currentSize : 31 <-- 0.003286 s
currentSize : 32 <-- 0.003968 s
currentSize : 33 <-- 0.507758 s
currentSize : 34 <-- 201.514465 s
currentSize : 35 <-- 3579.945068 s

TIMEOUT
maxsize : 35
nodes : 726120808.000000
filtered : 3063918846.000000
time : 3600.000000
