Parameters: GAD=1 vflib=1 dir=1 label=1 lowerbound=1 fileNameGp=../graphsdb/mcs10/bvg/b06m/mcs10_b06m_s70.A50 fileNameGt=../graphsdb/mcs10/bvg/b06m/mcs10_b06m_s70.B50
Reading graphs...
70 : 210
70 : 210
Initializing...
maxdom : 8
D->valSize : 348
Solving...
Blb : 2 (clique : 17)
currentSize : 17 <-- 0.004591 s
currentSize : 18 <-- 0.004785 s
currentSize : 19 <-- 0.006551 s
currentSize : 20 <-- 0.021690 s
currentSize : 21 <-- 0.029031 s
currentSize : 22 <-- 0.089115 s
currentSize : 23 <-- 10.009378 s

TIMEOUT
maxsize : 23
nodes : 810727395.000000
filtered : 6701575479.000000
time : 3600.000000
