Parameters: GAD=1 vflib=1 dir=1 label=1 lowerbound=1 fileNameGp=../graphsdb/mcs10/m2D/m2Dr4/mcs10_m2Dr4_s50.A43 fileNameGt=../graphsdb/mcs10/m2D/m2Dr4/mcs10_m2Dr4_s50.B43
Reading graphs...
50 : 105
50 : 105
Initializing...
maxdom : 11
D->valSize : 297
Solving...
Blb : 2 (clique : 16)
currentSize : 16 <-- 0.002058 s
currentSize : 17 <-- 0.002173 s
currentSize : 18 <-- 0.002885 s
currentSize : 19 <-- 0.055050 s
currentSize : 20 <-- 0.304671 s
currentSize : 21 <-- 2.594364 s
currentSize : 22 <-- 5.943557 s

maxsize : 22
nodes : 102196349.000000
filtered : 1162917032.000000
time : 434.179932
