Parameters: GAD=1 vflib=1 dir=1 label=1 lowerbound=1 fileNameGp=../graphsdb/mcs10/m2D/m2Dr4/mcs10_m2Dr4_s60.A61 fileNameGt=../graphsdb/mcs10/m2D/m2Dr4/mcs10_m2Dr4_s60.B61
Reading graphs...
60 : 128
60 : 127
Initializing...
maxdom : 10
D->valSize : 231
Solving...
Blb : 3 (clique : 18)
currentSize : 18 <-- 0.001585 s
currentSize : 19 <-- 0.002217 s
currentSize : 20 <-- 0.072611 s
currentSize : 21 <-- 2.585379 s
currentSize : 22 <-- 29.933954 s
currentSize : 23 <-- 33.913273 s
currentSize : 24 <-- 40.603897 s

maxsize : 24
nodes : 15059552.000000
filtered : 137145521.000000
time : 62.467415
