Parameters: GAD=1 vflib=1 dir=1 label=1 lowerbound=1 fileNameGp=../graphsdb/mcs10/m3D/m3Dr2/mcs10_m3Dr2_s70.A26 fileNameGt=../graphsdb/mcs10/m3D/m3Dr2/mcs10_m3Dr2_s70.B26
Reading graphs...
70 : 173
70 : 172
Initializing...
maxdom : 9
D->valSize : 323
Solving...
Blb : 2 (clique : 21)
currentSize : 21 <-- 0.004177 s
currentSize : 22 <-- 0.024848 s
currentSize : 23 <-- 0.056311 s
currentSize : 24 <-- 1.263831 s
currentSize : 25 <-- 2.029412 s
currentSize : 26 <-- 197.006317 s

TIMEOUT
maxsize : 26
nodes : 810590074.000000
filtered : 6179231069.000000
time : 3600.000000
