Parameters: GAD=1 vflib=1 dir=1 label=1 lowerbound=1 fileNameGp=../graphsdb/mcs10/bvg/b03/mcs10_b03_s40.A92 fileNameGt=../graphsdb/mcs10/bvg/b03/mcs10_b03_s40.B92
Reading graphs...
40 : 60
40 : 60
Initializing...
maxdom : 7
D->valSize : 205
Solving...
Blb : 5 (clique : 14)
currentSize : 14 <-- 0.001947 s
currentSize : 15 <-- 0.006695 s
currentSize : 16 <-- 0.007487 s
currentSize : 17 <-- 0.060522 s
currentSize : 18 <-- 4.273155 s

maxsize : 18
nodes : 13320945.000000
filtered : 112367556.000000
time : 47.594582
