Parameters: GAD=1 vflib=1 dir=1 label=1 lowerbound=1 fileNameGp=../graphsdb/mcs10/bvg/b09/mcs10_b09_s100.A78 fileNameGt=../graphsdb/mcs10/bvg/b09/mcs10_b09_s100.B78
Reading graphs...
100 : 450
100 : 450
Initializing...
maxdom : 9
D->valSize : 356
Solving...
Blb : 2 (clique : 21)
currentSize : 21 <-- 0.003422 s
currentSize : 22 <-- 0.003688 s
currentSize : 23 <-- 0.003809 s
currentSize : 24 <-- 0.008677 s
currentSize : 26 <-- 0.087651 s
currentSize : 27 <-- 0.611207 s
currentSize : 28 <-- 1026.893188 s

TIMEOUT
maxsize : 28
nodes : 618432037.000000
filtered : 5907226027.000000
time : 3600.000000
