Parameters: GAD=1 vflib=1 dir=1 label=1 lowerbound=1 fileNameGp=../graphsdb/mcs10/m2D/m2Dr6/mcs10_m2Dr6_s100.A85 fileNameGt=../graphsdb/mcs10/m2D/m2Dr6/mcs10_m2Dr6_s100.B85
Reading graphs...
100 : 240
100 : 239
Initializing...
maxdom : 7
D->valSize : 317
Solving...
Blb : 5 (clique : 29)
currentSize : 29 <-- 0.003230 s
currentSize : 30 <-- 0.003861 s
currentSize : 31 <-- 0.008852 s
currentSize : 32 <-- 2.626724 s
currentSize : 33 <-- 1370.929443 s
currentSize : 34 <-- 1371.312012 s

TIMEOUT
maxsize : 34
nodes : 635018990.000000
filtered : 3834404671.000000
time : 3600.000000
