Parameters: GAD=1 vflib=1 dir=1 label=1 lowerbound=1 fileNameGp=../graphsdb/mcs10/m3D/m3Dr2/mcs10_m3Dr2_s80.A81 fileNameGt=../graphsdb/mcs10/m3D/m3Dr2/mcs10_m3Dr2_s80.B81
Reading graphs...
80 : 200
80 : 200
Initializing...
maxdom : 8
D->valSize : 388
Solving...
Blb : 5 (clique : 25)
currentSize : 25 <-- 0.003557 s
currentSize : 26 <-- 0.006867 s
currentSize : 27 <-- 0.137634 s
currentSize : 28 <-- 1.298660 s
currentSize : 29 <-- 10.903714 s
currentSize : 30 <-- 1573.089966 s

TIMEOUT
maxsize : 30
nodes : 728058541.000000
filtered : 5697329557.000000
time : 3600.000000
