Parameters: GAD=1 vflib=1 dir=1 label=1 lowerbound=1 fileNameGp=../graphsdb/mcs10/m4D/m4D/mcs10_m4D_s100.A59 fileNameGt=../graphsdb/mcs10/m4D/m4D/mcs10_m4D_s100.B59
Reading graphs...
100 : 159
100 : 159
Initializing...
maxdom : 8
D->valSize : 325
Solving...
Blb : 2 (clique : 36)
currentSize : 36 <-- 0.003362 s
currentSize : 37 <-- 0.376007 s
currentSize : 38 <-- 4.036789 s
currentSize : 39 <-- 40.057636 s
currentSize : 40 <-- 941.040222 s
currentSize : 41 <-- 966.045776 s
currentSize : 42 <-- 1772.281738 s

TIMEOUT
maxsize : 42
nodes : 646625037.000000
filtered : 3925680194.000000
time : 3600.000000
