Parameters: GAD=1 vflib=1 dir=1 label=1 lowerbound=1 fileNameGp=../graphsdb/mcs10/m3D/m3Dr2/mcs10_m3Dr2_s60.A34 fileNameGt=../graphsdb/mcs10/m3D/m3Dr2/mcs10_m3Dr2_s60.B34
Reading graphs...
60 : 146
60 : 146
Initializing...
maxdom : 6
D->valSize : 225
Solving...
Blb : 2 (clique : 18)
currentSize : 18 <-- 0.001602 s
currentSize : 19 <-- 0.003000 s
currentSize : 20 <-- 0.006843 s
currentSize : 21 <-- 0.558951 s
currentSize : 22 <-- 19.587969 s
currentSize : 23 <-- 79.803741 s

maxsize : 23
nodes : 37211632.000000
filtered : 238308015.000000
time : 152.547806
