Parameters: GAD=1 vflib=1 dir=1 label=1 lowerbound=1 fileNameGp=../graphsdb/mcs10/m4D/m4D/mcs10_m4D_s100.A78 fileNameGt=../graphsdb/mcs10/m4D/m4D/mcs10_m4D_s100.B78
Reading graphs...
100 : 159
100 : 159
Initializing...
maxdom : 10
D->valSize : 333
Solving...
Blb : 2 (clique : 37)
currentSize : 37 <-- 0.005604 s
currentSize : 38 <-- 0.057369 s
currentSize : 39 <-- 1.096478 s
currentSize : 40 <-- 37.765102 s
currentSize : 41 <-- 491.155090 s
currentSize : 42 <-- 1759.991455 s
currentSize : 43 <-- 1785.527100 s

TIMEOUT
maxsize : 43
nodes : 712814382.000000
filtered : 2540638861.000000
time : 3600.000000
