Parameters: GAD=1 vflib=1 dir=1 label=1 lowerbound=1 fileNameGp=../graphsdb/mcs10/m3D/m3Dr2/mcs10_m3Dr2_s90.A77 fileNameGt=../graphsdb/mcs10/m3D/m3Dr2/mcs10_m3Dr2_s90.B77
Reading graphs...
90 : 227
90 : 227
Initializing...
maxdom : 10
D->valSize : 529
Solving...
Blb : 2 (clique : 27)
currentSize : 27 <-- 0.005939 s
currentSize : 28 <-- 0.012385 s
currentSize : 29 <-- 0.024218 s
currentSize : 30 <-- 0.040620 s
currentSize : 31 <-- 46.150520 s
currentSize : 32 <-- 416.787048 s
currentSize : 33 <-- 471.888397 s

TIMEOUT
maxsize : 33
nodes : 719106625.000000
filtered : 5309977312.000000
time : 3600.000000
