Parameters: GAD=1 vflib=1 dir=1 label=1 lowerbound=1 fileNameGp=../graphsdb/mcs10/m2D/m2D/mcs10_m2D_s50.A36 fileNameGt=../graphsdb/mcs10/m2D/m2D/mcs10_m2D_s50.B36
Reading graphs...
50 : 85
50 : 85
Initializing...
maxdom : 9
D->valSize : 323
Solving...
Blb : 2 (clique : 20)
currentSize : 20 <-- 0.003836 s
currentSize : 21 <-- 0.008727 s
currentSize : 22 <-- 1.660593 s
currentSize : 23 <-- 7.372860 s
currentSize : 24 <-- 449.800873 s

maxsize : 24
nodes : 227617210.000000
filtered : 2365291812.000000
time : 1026.527710
