Parameters: GAD=1 vflib=1 dir=1 label=1 lowerbound=1 fileNameGp=../graphsdb/mcs10/m2D/m2Dr4/mcs10_m2Dr4_s50.A27 fileNameGt=../graphsdb/mcs10/m2D/m2Dr4/mcs10_m2Dr4_s50.B27
Reading graphs...
50 : 105
50 : 104
Initializing...
maxdom : 10
D->valSize : 319
Solving...
Blb : 5 (clique : 17)
currentSize : 17 <-- 0.002210 s
currentSize : 18 <-- 0.012635 s
currentSize : 19 <-- 0.033279 s
currentSize : 20 <-- 3.083730 s
currentSize : 21 <-- 4.166394 s
currentSize : 22 <-- 243.263031 s

maxsize : 22
nodes : 132310738.000000
filtered : 1479787112.000000
time : 577.421692
