Parameters: GAD=1 vflib=1 dir=1 label=1 lowerbound=1 fileNameGp=../graphsdb/mcs10/rand/r02/mcs10_r02_s80.A60 fileNameGt=../graphsdb/mcs10/rand/r02/mcs10_r02_s80.B60
Reading graphs...
80 : 1263
80 : 1263
Initializing...
maxdom : 9
D->valSize : 389
Solving...
Blb : 2 (clique : 7)
currentSize : 7 <-- 0.003387 s
currentSize : 8 <-- 0.005612 s
currentSize : 9 <-- 0.029171 s
currentSize : 10 <-- 0.045996 s
currentSize : 11 <-- 0.332808 s

maxsize : 11
nodes : 453058.000000
filtered : 6132848.000000
time : 2.371858
