Parameters: GAD=1 vflib=1 dir=1 label=1 lowerbound=1 fileNameGp=../graphsdb/mcs10/m2D/m2Dr6/mcs10_m2Dr6_s70.A21 fileNameGt=../graphsdb/mcs10/m2D/m2Dr6/mcs10_m2Dr6_s70.B21
Reading graphs...
70 : 165
70 : 165
Initializing...
maxdom : 9
D->valSize : 324
Solving...
Blb : 2 (clique : 21)
currentSize : 21 <-- 0.002657 s
currentSize : 22 <-- 0.006228 s
currentSize : 23 <-- 0.043787 s
currentSize : 24 <-- 7.413721 s
currentSize : 25 <-- 13.703248 s
currentSize : 26 <-- 237.822647 s
currentSize : 27 <-- 2713.794922 s

TIMEOUT
maxsize : 27
nodes : 767289302.000000
filtered : 6386284782.000000
time : 3600.000000
