Parameters: GAD=1 vflib=1 dir=1 label=1 lowerbound=1 fileNameGp=../graphsdb/mcs10/rand/r01/mcs10_r01_s80.A16 fileNameGt=../graphsdb/mcs10/rand/r01/mcs10_r01_s80.B16
Reading graphs...
80 : 634
80 : 634
Initializing...
maxdom : 8
D->valSize : 429
Solving...
Blb : 2 (clique : 12)
currentSize : 12 <-- 0.003918 s
currentSize : 13 <-- 0.009533 s
currentSize : 14 <-- 0.016347 s
currentSize : 15 <-- 2.676950 s
currentSize : 16 <-- 86.432571 s

maxsize : 16
nodes : 112843272.000000
filtered : 1266040187.000000
time : 589.677551
