Parameters: GAD=1 vflib=1 dir=1 label=1 lowerbound=1 fileNameGp=../graphsdb/mcs10/m3D/m3Dr6/mcs10_m3Dr6_s100.A52 fileNameGt=../graphsdb/mcs10/m3D/m3Dr6/mcs10_m3Dr6_s100.B52
Reading graphs...
100 : 294
100 : 294
Initializing...
maxdom : 8
D->valSize : 312
Solving...
Blb : 2 (clique : 27)
currentSize : 27 <-- 0.004797 s
currentSize : 28 <-- 0.005201 s
currentSize : 29 <-- 0.005473 s
currentSize : 30 <-- 0.053121 s
currentSize : 31 <-- 16.585464 s
currentSize : 32 <-- 37.121304 s
currentSize : 33 <-- 629.270813 s
currentSize : 34 <-- 854.823120 s

TIMEOUT
maxsize : 34
nodes : 634662586.000000
filtered : 4221097547.000000
time : 3600.000000
