Parameters: GAD=1 vflib=1 dir=1 label=1 lowerbound=1 fileNameGp=../graphsdb/mcs10/m3D/m3Dr6/mcs10_m3Dr6_s60.A53 fileNameGt=../graphsdb/mcs10/m3D/m3Dr6/mcs10_m3Dr6_s60.B53
Reading graphs...
60 : 170
60 : 170
Initializing...
maxdom : 8
D->valSize : 233
Solving...
Blb : 2 (clique : 17)
currentSize : 17 <-- 0.001689 s
currentSize : 18 <-- 0.002584 s
currentSize : 19 <-- 0.110069 s
currentSize : 20 <-- 0.133078 s
currentSize : 21 <-- 5.841448 s
currentSize : 22 <-- 43.318474 s

maxsize : 22
nodes : 31120779.000000
filtered : 257750125.000000
time : 135.898193
