Parameters: GAD=1 vflib=1 dir=1 label=1 lowerbound=1 fileNameGp=../graphsdb/mcs10/m3D/m3Dr2/mcs10_m3Dr2_s60.A92 fileNameGt=../graphsdb/mcs10/m3D/m3Dr2/mcs10_m3Dr2_s60.B92
Reading graphs...
60 : 146
60 : 146
Initializing...
maxdom : 6
D->valSize : 229
Solving...
Blb : 2 (clique : 17)
currentSize : 17 <-- 0.001643 s
currentSize : 18 <-- 0.002020 s
currentSize : 19 <-- 0.008753 s
currentSize : 20 <-- 0.024712 s
currentSize : 21 <-- 21.622175 s
currentSize : 22 <-- 41.022858 s
currentSize : 23 <-- 279.601654 s

maxsize : 23
nodes : 143051151.000000
filtered : 1091906542.000000
time : 605.343262
