Parameters: GAD=1 vflib=1 dir=1 label=1 lowerbound=1 fileNameGp=../graphsdb/mcs10/m2D/m2Dr6/mcs10_m2Dr6_s50.A52 fileNameGt=../graphsdb/mcs10/m2D/m2Dr6/mcs10_m2Dr6_s50.B52
Reading graphs...
50 : 115
50 : 113
Initializing...
maxdom : 10
D->valSize : 319
Solving...
Blb : 2 (clique : 16)
currentSize : 16 <-- 0.002523 s
currentSize : 17 <-- 0.003294 s
currentSize : 18 <-- 0.204745 s
currentSize : 19 <-- 99.692039 s
currentSize : 20 <-- 210.882523 s

maxsize : 20
nodes : 144884094.000000
filtered : 1848773926.000000
time : 609.507141
