Parameters: GAD=1 vflib=1 dir=1 label=1 lowerbound=1 fileNameGp=../graphsdb/mcs10/m3D/m3D/mcs10_m3D_s80.A08 fileNameGt=../graphsdb/mcs10/m3D/m3D/mcs10_m3D_s80.B08
Reading graphs...
80 : 184
80 : 184
Initializing...
maxdom : 11
D->valSize : 353
Solving...
Blb : 2 (clique : 21)
currentSize : 21 <-- 0.003259 s
currentSize : 22 <-- 0.004302 s
currentSize : 23 <-- 0.015313 s
currentSize : 24 <-- 0.040631 s
currentSize : 25 <-- 3.231129 s
currentSize : 26 <-- 199.469406 s
currentSize : 27 <-- 433.197693 s
currentSize : 28 <-- 1849.389771 s

TIMEOUT
maxsize : 28
nodes : 743664825.000000
filtered : 6256994455.000000
time : 3600.000000
