Parameters: GAD=1 vflib=1 dir=1 label=1 lowerbound=1 fileNameGp=../graphsdb/mcs10/m3D/m3Dr6/mcs10_m3Dr6_s80.A49 fileNameGt=../graphsdb/mcs10/m3D/m3Dr6/mcs10_m3Dr6_s80.B49
Reading graphs...
80 : 232
80 : 231
Initializing...
maxdom : 10
D->valSize : 395
Solving...
Blb : 2 (clique : 20)
currentSize : 20 <-- 0.003642 s
currentSize : 21 <-- 0.003987 s
currentSize : 22 <-- 0.005028 s
currentSize : 23 <-- 0.018595 s
currentSize : 24 <-- 0.071987 s
currentSize : 25 <-- 0.195616 s
currentSize : 26 <-- 309.039276 s
currentSize : 27 <-- 434.730164 s

TIMEOUT
maxsize : 27
nodes : 716782484.000000
filtered : 6162507882.000000
time : 3600.000000
