Parameters: GAD=1 vflib=1 dir=1 label=1 lowerbound=1 fileNameGp=../graphsdb/mcs10/m3D/m3D/mcs10_m3D_s80.A24 fileNameGt=../graphsdb/mcs10/m3D/m3D/mcs10_m3D_s80.B24
Reading graphs...
80 : 184
80 : 184
Initializing...
maxdom : 8
D->valSize : 397
Solving...
Blb : 2 (clique : 24)
currentSize : 24 <-- 0.006105 s
currentSize : 25 <-- 0.006420 s
currentSize : 26 <-- 0.009841 s
currentSize : 27 <-- 3.349803 s
currentSize : 28 <-- 3.574337 s
currentSize : 29 <-- 20.231651 s
currentSize : 30 <-- 27.730888 s

TIMEOUT
maxsize : 30
nodes : 793736553.000000
filtered : 4179592358.000000
time : 3600.000000
