Parameters: GAD=1 vflib=1 dir=1 label=1 lowerbound=1 fileNameGp=../graphsdb/mcs30/m3D/m3D/mcs30_m3D_s70.A25 fileNameGt=../graphsdb/mcs30/m3D/m3D/mcs30_m3D_s70.B25
Reading graphs...
70 : 159
70 : 159
Initializing...
maxdom : 7
D->valSize : 309
Solving...
Blb : 2 (clique : 26)
currentSize : 26 <-- 0.002770 s
currentSize : 27 <-- 0.002974 s
currentSize : 28 <-- 0.727142 s
currentSize : 29 <-- 1.819907 s
currentSize : 30 <-- 1.825291 s
currentSize : 31 <-- 1.892249 s
currentSize : 32 <-- 2.745948 s

maxsize : 32
nodes : 19360748.000000
filtered : 157789514.000000
time : 94.945419
