Parameters: GAD=1 vflib=1 dir=1 label=1 lowerbound=1 fileNameGp=../graphsdb/mcs30/m2D/m2Dr4/mcs30_m2Dr4_s80.A74 fileNameGt=../graphsdb/mcs30/m2D/m2Dr4/mcs30_m2Dr4_s80.B74
Reading graphs...
80 : 174
80 : 173
Initializing...
maxdom : 9
D->valSize : 422
Solving...
Blb : 2 (clique : 29)
currentSize : 29 <-- 0.004196 s
currentSize : 30 <-- 0.004427 s
currentSize : 31 <-- 0.004665 s
currentSize : 32 <-- 3.711563 s
currentSize : 33 <-- 35.448158 s
currentSize : 34 <-- 43.173103 s
currentSize : 35 <-- 2562.744629 s

TIMEOUT
maxsize : 35
nodes : 668742146.000000
filtered : 5993093367.000000
time : 3600.000000
