Parameters: GAD=1 vflib=1 dir=1 label=1 lowerbound=1 fileNameGp=../graphsdb/mcs30/m2D/m2Dr4/mcs30_m2Dr4_s100.A28 fileNameGt=../graphsdb/mcs30/m2D/m2Dr4/mcs30_m2Dr4_s100.B28
Reading graphs...
100 : 220
100 : 220
Initializing...
maxdom : 7
D->valSize : 361
Solving...
Blb : 2 (clique : 31)
currentSize : 31 <-- 0.003729 s
currentSize : 32 <-- 0.004163 s
currentSize : 33 <-- 0.006450 s
currentSize : 34 <-- 0.029059 s
currentSize : 35 <-- 0.030146 s
currentSize : 36 <-- 3.210339 s
currentSize : 37 <-- 1824.485474 s

TIMEOUT
maxsize : 37
nodes : 682436870.000000
filtered : 3675486134.000000
time : 3600.000000
