Parameters: GAD=1 vflib=1 dir=1 label=1 lowerbound=1 fileNameGp=../graphsdb/mcs30/m4D/m4Dr2/mcs30_m4Dr2_s80.A43 fileNameGt=../graphsdb/mcs30/m4D/m4Dr2/mcs30_m4Dr2_s80.B43
Reading graphs...
80 : 147
80 : 147
Initializing...
maxdom : 10
D->valSize : 393
Solving...
Blb : 2 (clique : 27)
currentSize : 27 <-- 0.003706 s
currentSize : 28 <-- 0.023216 s
currentSize : 29 <-- 0.046939 s
currentSize : 30 <-- 0.137467 s
currentSize : 31 <-- 5.571294 s
currentSize : 32 <-- 51.725704 s
currentSize : 33 <-- 1375.615967 s

TIMEOUT
maxsize : 33
nodes : 688413862.000000
filtered : 6747577940.000000
time : 3600.000000
