Parameters: GAD=1 vflib=1 dir=1 label=1 lowerbound=1 fileNameGp=../graphsdb/mcs30/bvg/b03m/mcs30_b03m_s70.A27 fileNameGt=../graphsdb/mcs30/bvg/b03m/mcs30_b03m_s70.B27
Reading graphs...
70 : 105
70 : 105
Initializing...
maxdom : 8
D->valSize : 372
Solving...
Blb : 2 (clique : 26)
currentSize : 26 <-- 0.003337 s
currentSize : 27 <-- 0.003544 s
currentSize : 28 <-- 0.003656 s
currentSize : 29 <-- 0.004271 s
currentSize : 30 <-- 0.100439 s
currentSize : 31 <-- 1.565329 s
currentSize : 32 <-- 6.155343 s
currentSize : 33 <-- 6.449966 s

TIMEOUT
maxsize : 33
nodes : 745425462.000000
filtered : 6280240949.000000
time : 3600.000000
