Parameters: GAD=1 vflib=1 dir=1 label=1 lowerbound=1 fileNameGp=../graphsdb/mcs30/bvg/b09m/mcs30_b09m_s60.A53 fileNameGt=../graphsdb/mcs30/bvg/b09m/mcs30_b09m_s60.B53
Reading graphs...
60 : 270
60 : 270
Initializing...
maxdom : 7
D->valSize : 230
Solving...
Blb : 3 (clique : 15)
currentSize : 15 <-- 0.001644 s
currentSize : 16 <-- 0.191113 s
currentSize : 17 <-- 0.191215 s
currentSize : 18 <-- 0.195357 s
currentSize : 19 <-- 0.463701 s
currentSize : 20 <-- 0.470957 s
currentSize : 21 <-- 0.992475 s

maxsize : 21
nodes : 519453.000000
filtered : 3931444.000000
time : 2.207465
