Parameters: GAD=1 vflib=1 dir=1 label=1 lowerbound=1 fileNameGp=../graphsdb/mcs30/rand/r01/mcs30_r01_s80.A49 fileNameGt=../graphsdb/mcs30/rand/r01/mcs30_r01_s80.B49
Reading graphs...
80 : 631
80 : 631
Initializing...
maxdom : 9
D->valSize : 389
Solving...
Blb : 5 (clique : 11)
currentSize : 11 <-- 0.003514 s
currentSize : 12 <-- 0.003726 s
currentSize : 14 <-- 0.007047 s
currentSize : 15 <-- 0.010994 s
currentSize : 16 <-- 0.012904 s
currentSize : 17 <-- 0.392868 s
currentSize : 18 <-- 0.397443 s
currentSize : 19 <-- 4.220836 s
currentSize : 20 <-- 4.231207 s
currentSize : 21 <-- 4.231528 s
currentSize : 22 <-- 12.321424 s
currentSize : 23 <-- 12.324850 s
currentSize : 24 <-- 12.324973 s

maxsize : 24
nodes : 3245845.000000
filtered : 49592850.000000
time : 18.876163
