Parameters: GAD=1 vflib=1 dir=1 label=1 lowerbound=1 fileNameGp=../graphsdb/mcs30/rand/r01/mcs30_r01_s80.A21 fileNameGt=../graphsdb/mcs30/rand/r01/mcs30_r01_s80.B21
Reading graphs...
80 : 631
80 : 631
Initializing...
maxdom : 11
D->valSize : 418
Solving...
Blb : 2 (clique : 12)
currentSize : 12 <-- 0.003824 s
currentSize : 13 <-- 0.003974 s
currentSize : 14 <-- 0.004582 s
currentSize : 15 <-- 0.004856 s
currentSize : 16 <-- 0.022856 s
currentSize : 17 <-- 0.033138 s
currentSize : 18 <-- 0.093685 s
currentSize : 19 <-- 0.443351 s
currentSize : 22 <-- 1.183950 s
currentSize : 23 <-- 3.792979 s
currentSize : 24 <-- 3.793060 s

maxsize : 24
nodes : 1994820.000000
filtered : 39069614.000000
time : 12.940549
