Parameters: GAD=1 vflib=1 dir=1 label=1 lowerbound=1 fileNameGp=../graphsdb/mcs30/m3D/m3Dr4/mcs30_m3Dr4_s80.A04 fileNameGt=../graphsdb/mcs30/m3D/m3Dr4/mcs30_m3Dr4_s80.B04
Reading graphs...
80 : 216
80 : 215
Initializing...
maxdom : 9
D->valSize : 418
Solving...
Blb : 2 (clique : 22)
currentSize : 22 <-- 0.006606 s
currentSize : 23 <-- 0.018748 s
currentSize : 24 <-- 0.052125 s
currentSize : 25 <-- 0.054702 s
currentSize : 26 <-- 3.327679 s
currentSize : 27 <-- 1481.224243 s

TIMEOUT
maxsize : 27
nodes : 727337391.000000
filtered : 5606318108.000000
time : 3600.000000
