Parameters: GAD=1 vflib=1 dir=1 label=1 lowerbound=1 fileNameGp=../graphsdb/mcs30/rand/r01/mcs30_r01_s50.A79 fileNameGt=../graphsdb/mcs30/rand/r01/mcs30_r01_s50.B79
Reading graphs...
50 : 244
50 : 244
Initializing...
maxdom : 10
D->valSize : 350
Solving...
Blb : 2 (clique : 9)
currentSize : 9 <-- 0.002476 s
currentSize : 10 <-- 0.002558 s
currentSize : 12 <-- 0.002601 s
currentSize : 13 <-- 0.009864 s
currentSize : 14 <-- 0.680339 s
currentSize : 15 <-- 0.680387 s
currentSize : 16 <-- 0.729625 s

maxsize : 16
nodes : 2201400.000000
filtered : 44268135.000000
time : 10.791593
