Parameters: GAD=1 vflib=1 dir=1 label=1 lowerbound=1 fileNameGp=../graphsdb/mcs30/m3D/m3Dr4/mcs30_m3Dr4_s80.A44 fileNameGt=../graphsdb/mcs30/m3D/m3Dr4/mcs30_m3Dr4_s80.B44
Reading graphs...
80 : 216
80 : 216
Initializing...
maxdom : 11
D->valSize : 415
Solving...
Blb : 2 (clique : 23)
currentSize : 23 <-- 0.004138 s
currentSize : 24 <-- 0.004457 s
currentSize : 25 <-- 0.008496 s
currentSize : 26 <-- 0.017886 s
currentSize : 27 <-- 0.356059 s
currentSize : 28 <-- 0.789301 s
currentSize : 29 <-- 0.824155 s
currentSize : 30 <-- 596.322693 s
currentSize : 31 <-- 2322.679688 s

TIMEOUT
maxsize : 31
nodes : 636001213.000000
filtered : 7076787881.000000
time : 3600.000000
