Parameters: GAD=1 vflib=1 dir=1 label=1 lowerbound=1 fileNameGp=../graphsdb/mcs30/m2D/m2Dr2/mcs30_m2Dr2_s90.A73 fileNameGt=../graphsdb/mcs30/m2D/m2Dr2/mcs30_m2Dr2_s90.B73
Reading graphs...
90 : 179
90 : 177
Initializing...
maxdom : 9
D->valSize : 532
Solving...
Blb : 2 (clique : 30)
currentSize : 30 <-- 0.006119 s
currentSize : 31 <-- 0.006403 s
currentSize : 32 <-- 0.088602 s
currentSize : 33 <-- 7.202333 s
currentSize : 34 <-- 386.331512 s
currentSize : 35 <-- 2096.413086 s

TIMEOUT
maxsize : 35
nodes : 667013703.000000
filtered : 5469575086.000000
time : 3600.000000
