Parameters: GAD=1 vflib=1 dir=1 label=1 lowerbound=1 fileNameGp=../graphsdb/mcs30/rand/r02/mcs30_r02_s80.A11 fileNameGt=../graphsdb/mcs30/rand/r02/mcs30_r02_s80.B11
Reading graphs...
80 : 1263
80 : 1263
Initializing...
maxdom : 7
D->valSize : 418
Solving...
Blb : 2 (clique : 8)
currentSize : 8 <-- 0.003629 s
currentSize : 9 <-- 0.006991 s
currentSize : 10 <-- 0.008423 s
currentSize : 11 <-- 0.010699 s
currentSize : 12 <-- 0.010786 s
currentSize : 13 <-- 0.016213 s
currentSize : 16 <-- 0.032659 s
currentSize : 17 <-- 0.034987 s
currentSize : 21 <-- 0.061937 s
currentSize : 24 <-- 0.085295 s

maxsize : 24
nodes : 24420.000000
filtered : 675413.000000
time : 0.165614
