Parameters: GAD=1 vflib=1 dir=1 label=1 lowerbound=1 fileNameGp=../graphsdb/mcs30/bvg/b09/mcs30_b09_s60.A09 fileNameGt=../graphsdb/mcs30/bvg/b09/mcs30_b09_s60.B09
Reading graphs...
60 : 270
60 : 270
Initializing...
maxdom : 7
D->valSize : 258
Solving...
Blb : 2 (clique : 17)
currentSize : 17 <-- 0.002034 s
currentSize : 18 <-- 0.004868 s
currentSize : 19 <-- 2.671514 s
currentSize : 20 <-- 2.825235 s
currentSize : 21 <-- 8.787760 s

maxsize : 21
nodes : 2732712.000000
filtered : 24868353.000000
time : 11.919575
