Parameters: GAD=1 vflib=1 dir=1 label=1 lowerbound=1 fileNameGp=../graphsdb/mcs30/rand/r02/mcs30_r02_s80.A99 fileNameGt=../graphsdb/mcs30/rand/r02/mcs30_r02_s80.B99
Reading graphs...
80 : 1263
80 : 1263
Initializing...
maxdom : 8
D->valSize : 430
Solving...
Blb : 2 (clique : 9)
currentSize : 9 <-- 0.003928 s
currentSize : 10 <-- 0.004043 s
currentSize : 13 <-- 0.004100 s
currentSize : 14 <-- 0.004278 s
currentSize : 16 <-- 0.007399 s
currentSize : 18 <-- 0.007454 s
currentSize : 19 <-- 0.072693 s
currentSize : 24 <-- 0.103923 s

maxsize : 24
nodes : 30620.000000
filtered : 853556.000000
time : 0.209332
