Parameters: GAD=1 vflib=1 dir=1 label=1 lowerbound=1 fileNameGp=../graphsdb/mcs30/rand/r02/mcs30_r02_s35.A20 fileNameGt=../graphsdb/mcs30/rand/r02/mcs30_r02_s35.B20
Reading graphs...
35 : 237
35 : 237
Initializing...
maxdom : 10
D->valSize : 164
Solving...
Blb : 2 (clique : 5)
currentSize : 5 <-- 0.000854 s
currentSize : 6 <-- 0.001006 s
currentSize : 7 <-- 0.001104 s
currentSize : 8 <-- 0.001148 s
currentSize : 9 <-- 0.002902 s
currentSize : 10 <-- 0.009486 s

maxsize : 10
nodes : 3184.000000
filtered : 48139.000000
time : 0.012828
