Parameters: GAD=1 vflib=1 dir=1 label=1 lowerbound=1 fileNameGp=../graphsdb/mcs30/bvg/b03m/mcs30_b03m_s90.A15 fileNameGt=../graphsdb/mcs30/bvg/b03m/mcs30_b03m_s90.B15
Reading graphs...
90 : 135
90 : 135
Initializing...
maxdom : 11
D->valSize : 513
Solving...
Blb : 5 (clique : 35)
currentSize : 35 <-- 0.006303 s
currentSize : 36 <-- 0.016379 s
currentSize : 37 <-- 0.035728 s
currentSize : 38 <-- 0.037470 s
currentSize : 39 <-- 0.300779 s
currentSize : 40 <-- 3.721619 s
currentSize : 41 <-- 11.185573 s
currentSize : 42 <-- 50.712063 s
currentSize : 43 <-- 660.393372 s

TIMEOUT
maxsize : 43
nodes : 676102080.000000
filtered : 4539013639.000000
time : 3600.000000
