Parameters: GAD=1 vflib=1 dir=1 label=1 lowerbound=1 fileNameGp=../graphsdb/mcs30/rand/r005/mcs30_r005_s100.A91 fileNameGt=../graphsdb/mcs30/rand/r005/mcs30_r005_s100.B91
Reading graphs...
100 : 494
100 : 494
Initializing...
maxdom : 8
D->valSize : 370
Solving...
Blb : 2 (clique : 23)
currentSize : 23 <-- 0.004105 s
currentSize : 24 <-- 0.004336 s
currentSize : 25 <-- 0.004494 s
currentSize : 26 <-- 0.006103 s
currentSize : 28 <-- 0.008880 s
currentSize : 29 <-- 0.009059 s
currentSize : 30 <-- 5.053657 s
currentSize : 32 <-- 5.053771 s
currentSize : 33 <-- 5.070720 s

TIMEOUT
maxsize : 33
nodes : 572248853.000000
filtered : 5719639793.000000
time : 3600.000000
