Parameters: GAD=1 vflib=1 dir=1 label=1 lowerbound=1 fileNameGp=../graphsdb/mcs30/bvg/b03/mcs30_b03_s100.A85 fileNameGt=../graphsdb/mcs30/bvg/b03/mcs30_b03_s100.B85
Reading graphs...
100 : 150
100 : 150
Initializing...
maxdom : 7
D->valSize : 331
Solving...
Blb : 2 (clique : 33)
currentSize : 33 <-- 0.003562 s
currentSize : 34 <-- 0.004403 s
currentSize : 35 <-- 0.006234 s
currentSize : 36 <-- 0.487501 s
currentSize : 37 <-- 0.996246 s
currentSize : 38 <-- 1.040974 s
currentSize : 39 <-- 2.393646 s
currentSize : 40 <-- 18.790035 s
currentSize : 41 <-- 342.920258 s
currentSize : 42 <-- 409.720947 s

TIMEOUT
maxsize : 42
nodes : 674557030.000000
filtered : 3181242286.000000
time : 3600.000000
