Parameters: GAD=1 vflib=1 dir=1 label=1 lowerbound=1 fileNameGp=../graphsdb/mcs30/m2D/m2D/mcs30_m2D_s60.A41 fileNameGt=../graphsdb/mcs30/m2D/m2D/mcs30_m2D_s60.B41
Reading graphs...
60 : 104
60 : 104
Initializing...
maxdom : 9
D->valSize : 240
Solving...
Blb : 2 (clique : 21)
currentSize : 21 <-- 0.002745 s
currentSize : 22 <-- 0.005352 s
currentSize : 23 <-- 0.663478 s
currentSize : 24 <-- 3.416819 s
currentSize : 25 <-- 5.330121 s
currentSize : 26 <-- 48.105179 s
currentSize : 27 <-- 198.030090 s

maxsize : 27
nodes : 52838210.000000
filtered : 394835852.000000
time : 226.247314
