Parameters: GAD=1 vflib=1 dir=1 label=1 lowerbound=1 fileNameGp=../graphsdb/mcs30/rand/r005/mcs30_r005_s50.A71 fileNameGt=../graphsdb/mcs30/rand/r005/mcs30_r005_s50.B71
Reading graphs...
50 : 126
50 : 126
Initializing...
maxdom : 13
D->valSize : 293
Solving...
Blb : 2 (clique : 16)
currentSize : 16 <-- 0.002191 s
currentSize : 17 <-- 0.004804 s
currentSize : 18 <-- 0.005192 s
currentSize : 19 <-- 0.619077 s
currentSize : 20 <-- 19.771544 s

maxsize : 20
nodes : 12511418.000000
filtered : 174059138.000000
time : 57.494503
