Parameters: GAD=1 vflib=1 dir=1 label=1 lowerbound=1 fileNameGp=../graphsdb/mcs30/m2D/m2Dr6/mcs30_m2Dr6_s80.A98 fileNameGt=../graphsdb/mcs30/m2D/m2Dr6/mcs30_m2Dr6_s80.B98
Reading graphs...
80 : 190
80 : 190
Initializing...
maxdom : 8
D->valSize : 443
Solving...
Blb : 5 (clique : 27)
currentSize : 27 <-- 0.007438 s
currentSize : 28 <-- 0.007821 s
currentSize : 29 <-- 0.008066 s
currentSize : 30 <-- 0.010623 s
currentSize : 31 <-- 79.898705 s
currentSize : 32 <-- 515.826965 s
currentSize : 33 <-- 515.828674 s

TIMEOUT
maxsize : 33
nodes : 698840365.000000
filtered : 6004801482.000000
time : 3600.000000
