Parameters: GAD=1 vflib=1 dir=1 label=1 lowerbound=1 fileNameGp=../graphsdb/mcs30/m2D/m2Dr4/mcs30_m2Dr4_s80.A41 fileNameGt=../graphsdb/mcs30/m2D/m2Dr4/mcs30_m2Dr4_s80.B41
Reading graphs...
80 : 174
80 : 174
Initializing...
maxdom : 9
D->valSize : 445
Solving...
Blb : 2 (clique : 25)
currentSize : 25 <-- 0.004605 s
currentSize : 26 <-- 0.004911 s
currentSize : 27 <-- 0.009465 s
currentSize : 28 <-- 0.018753 s
currentSize : 29 <-- 0.116910 s
currentSize : 30 <-- 0.242532 s
currentSize : 31 <-- 9.292263 s
currentSize : 32 <-- 288.650543 s

TIMEOUT
maxsize : 32
nodes : 733441719.000000
filtered : 5270716383.000000
time : 3600.000000
