Parameters: GAD=1 vflib=1 dir=1 label=1 lowerbound=1 fileNameGp=../graphsdb/mcs30/m3D/m3Dr2/mcs30_m3Dr2_s70.A81 fileNameGt=../graphsdb/mcs30/m3D/m3Dr2/mcs30_m3Dr2_s70.B81
Reading graphs...
70 : 173
70 : 173
Initializing...
maxdom : 7
D->valSize : 325
Solving...
Blb : 2 (clique : 20)
currentSize : 20 <-- 0.002872 s
currentSize : 21 <-- 0.026086 s
currentSize : 22 <-- 1.779745 s
currentSize : 23 <-- 2.346219 s
currentSize : 24 <-- 19.064877 s
currentSize : 25 <-- 77.232857 s
currentSize : 26 <-- 79.615585 s
currentSize : 27 <-- 117.011520 s
currentSize : 28 <-- 117.011658 s
currentSize : 29 <-- 256.248871 s
currentSize : 30 <-- 256.280701 s

maxsize : 30
nodes : 169205386.000000
filtered : 1548205055.000000
time : 837.164185
