Parameters: GAD=1 vflib=1 dir=1 label=1 lowerbound=1 fileNameGp=../graphsdb/mcs30/m4D/m4Dr6/mcs30_m4Dr6_s60.A80 fileNameGt=../graphsdb/mcs30/m4D/m4Dr6/mcs30_m4Dr6_s60.B80
Reading graphs...
60 : 138
60 : 138
Initializing...
maxdom : 9
D->valSize : 226
Solving...
Blb : 2 (clique : 20)
currentSize : 20 <-- 0.002595 s
currentSize : 21 <-- 0.002795 s
currentSize : 22 <-- 0.003988 s
currentSize : 23 <-- 0.016012 s
currentSize : 24 <-- 0.027582 s

maxsize : 24
nodes : 83409521.000000
filtered : 709107525.000000
time : 358.975342
