Parameters: GAD=1 vflib=1 dir=1 label=1 lowerbound=1 fileNameGp=../graphsdb/mcs30/m4D/m4Dr2/mcs30_m4Dr2_s90.A99 fileNameGt=../graphsdb/mcs30/m4D/m4Dr2/mcs30_m4Dr2_s90.B99
Reading graphs...
90 : 164
90 : 163
Initializing...
maxdom : 10
D->valSize : 523
Solving...
Blb : 2 (clique : 31)
currentSize : 31 <-- 0.006131 s
currentSize : 32 <-- 0.006451 s
currentSize : 33 <-- 0.008565 s
currentSize : 34 <-- 5.416413 s
currentSize : 35 <-- 29.060896 s
currentSize : 36 <-- 430.849182 s
currentSize : 37 <-- 461.719116 s

TIMEOUT
maxsize : 37
nodes : 717998022.000000
filtered : 4177549427.000000
time : 3600.000000
