Parameters: GAD=1 vflib=1 dir=1 label=1 lowerbound=1 fileNameGp=../graphsdb/mcs30/rand/r005/mcs30_r005_s70.A02 fileNameGt=../graphsdb/mcs30/rand/r005/mcs30_r005_s70.B02
Reading graphs...
70 : 240
70 : 240
Initializing...
maxdom : 8
D->valSize : 328
Solving...
Blb : 2 (clique : 18)
currentSize : 18 <-- 0.002758 s
currentSize : 19 <-- 0.003230 s
currentSize : 20 <-- 0.003779 s
currentSize : 21 <-- 0.137566 s
currentSize : 22 <-- 11.803927 s
currentSize : 23 <-- 157.860321 s
currentSize : 24 <-- 220.805603 s
currentSize : 25 <-- 1124.755737 s

maxsize : 25
nodes : 412985507.000000
filtered : 4206958251.000000
time : 2053.710938
