Parameters: GAD=1 vflib=1 dir=1 label=1 lowerbound=1 fileNameGp=../graphsdb/mcs30/bvg/b06m/mcs30_b06m_s80.A97 fileNameGt=../graphsdb/mcs30/bvg/b06m/mcs30_b06m_s80.B97
Reading graphs...
80 : 240
80 : 240
Initializing...
maxdom : 8
D->valSize : 400
Solving...
Blb : 5 (clique : 22)
currentSize : 22 <-- 0.006234 s
currentSize : 23 <-- 0.183361 s
currentSize : 24 <-- 1.101208 s
currentSize : 25 <-- 6.364594 s
currentSize : 26 <-- 8.900085 s
currentSize : 27 <-- 271.552246 s

TIMEOUT
maxsize : 27
nodes : 719681531.000000
filtered : 4933144449.000000
time : 3600.000000
