Parameters: GAD=1 vflib=1 dir=1 label=1 lowerbound=1 fileNameGp=../graphsdb/mcs30/m3D/m3Dr2/mcs30_m3Dr2_s70.A22 fileNameGt=../graphsdb/mcs30/m3D/m3Dr2/mcs30_m3Dr2_s70.B22
Reading graphs...
70 : 173
70 : 173
Initializing...
maxdom : 7
D->valSize : 334
Solving...
Blb : 5 (clique : 22)
currentSize : 22 <-- 0.003005 s
currentSize : 23 <-- 0.066804 s
currentSize : 24 <-- 0.678499 s
currentSize : 25 <-- 2.503316 s
currentSize : 26 <-- 123.391106 s
currentSize : 27 <-- 123.428787 s
currentSize : 28 <-- 194.425415 s
currentSize : 29 <-- 1641.515259 s

TIMEOUT
maxsize : 29
nodes : 730594660.000000
filtered : 6691534186.000000
time : 3600.000000
