Parameters: GAD=1 vflib=1 dir=1 label=1 lowerbound=1 fileNameGp=../graphsdb/mcs30/rand/r005/mcs30_r005_s50.A58 fileNameGt=../graphsdb/mcs30/rand/r005/mcs30_r005_s50.B58
Reading graphs...
50 : 126
50 : 126
Initializing...
maxdom : 11
D->valSize : 333
Solving...
Blb : 2 (clique : 15)
currentSize : 15 <-- 0.002441 s
currentSize : 16 <-- 0.002562 s
currentSize : 17 <-- 0.004841 s
currentSize : 18 <-- 2.611907 s
currentSize : 19 <-- 8.879084 s
currentSize : 20 <-- 19.410044 s

maxsize : 20
nodes : 29001267.000000
filtered : 410537162.000000
time : 140.209427
