Parameters: GAD=1 vflib=1 dir=1 label=1 lowerbound=1 fileNameGp=../graphsdb/mcs30/m3D/m3Dr2/mcs30_m3Dr2_s70.A25 fileNameGt=../graphsdb/mcs30/m3D/m3Dr2/mcs30_m3Dr2_s70.B25
Reading graphs...
70 : 173
70 : 172
Initializing...
maxdom : 8
D->valSize : 330
Solving...
Blb : 3 (clique : 24)
currentSize : 24 <-- 0.004454 s
currentSize : 25 <-- 0.004956 s
currentSize : 26 <-- 8.103099 s
currentSize : 28 <-- 36.037384 s
currentSize : 29 <-- 36.045586 s
currentSize : 30 <-- 253.645187 s
currentSize : 31 <-- 253.647873 s
currentSize : 32 <-- 521.806580 s

maxsize : 32
nodes : 160651863.000000
filtered : 1644234318.000000
time : 807.300110
