Parameters: GAD=1 vflib=1 dir=1 label=1 lowerbound=1 fileNameGp=../graphsdb/mcs30/bvg/b03m/mcs30_b03m_s100.A61 fileNameGt=../graphsdb/mcs30/bvg/b03m/mcs30_b03m_s100.B61
Reading graphs...
100 : 150
100 : 150
Initializing...
maxdom : 7
D->valSize : 328
Solving...
Blb : 2 (clique : 35)
currentSize : 35 <-- 0.003454 s
currentSize : 36 <-- 0.003752 s
currentSize : 37 <-- 0.113608 s
currentSize : 38 <-- 0.275027 s
currentSize : 39 <-- 1.419527 s
currentSize : 40 <-- 884.301514 s

TIMEOUT
maxsize : 40
nodes : 746263987.000000
filtered : 2884919905.000000
time : 3600.000000
