Parameters: GAD=1 vflib=1 dir=1 label=1 lowerbound=1 fileNameGp=../graphsdb/mcs30/m2D/m2Dr4/mcs30_m2Dr4_s70.A06 fileNameGt=../graphsdb/mcs30/m2D/m2Dr4/mcs30_m2Dr4_s70.B06
Reading graphs...
70 : 151
70 : 148
Initializing...
maxdom : 7
D->valSize : 316
Solving...
Blb : 2 (clique : 24)
currentSize : 24 <-- 0.002844 s
currentSize : 25 <-- 0.005258 s
currentSize : 26 <-- 0.008265 s
currentSize : 27 <-- 0.012044 s
currentSize : 28 <-- 0.469046 s
currentSize : 29 <-- 0.482001 s
currentSize : 30 <-- 25.184109 s
currentSize : 31 <-- 25.184486 s
currentSize : 32 <-- 25.205517 s

maxsize : 32
nodes : 305481350.000000
filtered : 2791689939.000000
time : 1531.335083
