Parameters: GAD=1 vflib=1 dir=1 label=1 lowerbound=1 fileNameGp=../graphsdb/mcs30/m4D/m4D/mcs30_m4D_s60.A57 fileNameGt=../graphsdb/mcs30/m4D/m4D/mcs30_m4D_s60.B57
Reading graphs...
60 : 102
60 : 102
Initializing...
maxdom : 9
D->valSize : 236
Solving...
Blb : 2 (clique : 22)
currentSize : 22 <-- 0.002483 s
currentSize : 24 <-- 0.002697 s
currentSize : 25 <-- 0.003108 s
currentSize : 26 <-- 0.232182 s
currentSize : 27 <-- 2.058122 s

maxsize : 27
nodes : 168008027.000000
filtered : 1133849824.000000
time : 702.356567
