Parameters: GAD=1 vflib=1 dir=1 label=1 lowerbound=1 fileNameGp=../graphsdb/mcs30/rand/r01/mcs30_r01_s70.A69 fileNameGt=../graphsdb/mcs30/rand/r01/mcs30_r01_s70.B69
Reading graphs...
70 : 482
70 : 482
Initializing...
maxdom : 9
D->valSize : 332
Solving...
Blb : 2 (clique : 13)
currentSize : 13 <-- 0.002662 s
currentSize : 14 <-- 0.015231 s
currentSize : 15 <-- 0.029021 s
currentSize : 16 <-- 0.521875 s
currentSize : 17 <-- 1.736017 s
currentSize : 18 <-- 4.117177 s
currentSize : 19 <-- 7.430711 s
currentSize : 21 <-- 7.437191 s

maxsize : 21
nodes : 1926820.000000
filtered : 25324046.000000
time : 9.977277
