Parameters: GAD=1 vflib=1 dir=1 label=1 lowerbound=1 fileNameGp=../graphsdb/mcs30/bvg/b09/mcs30_b09_s40.A21 fileNameGt=../graphsdb/mcs30/bvg/b09/mcs30_b09_s40.B21
Reading graphs...
40 : 180
40 : 180
Initializing...
maxdom : 9
D->valSize : 222
Solving...
Blb : 2 (clique : 8)
currentSize : 8 <-- 0.001249 s
currentSize : 9 <-- 0.001317 s
currentSize : 10 <-- 0.003638 s
currentSize : 11 <-- 0.007916 s
currentSize : 12 <-- 0.039833 s
currentSize : 13 <-- 0.039907 s
currentSize : 14 <-- 0.041293 s

maxsize : 14
nodes : 14471.000000
filtered : 239155.000000
time : 0.060697
