Parameters: GAD=1 vflib=1 dir=1 label=1 lowerbound=1 fileNameGp=../graphsdb/mcs30/bvg/b09m/mcs30_b09m_s80.A20 fileNameGt=../graphsdb/mcs30/bvg/b09m/mcs30_b09m_s80.B20
Reading graphs...
80 : 360
80 : 360
Initializing...
maxdom : 8
D->valSize : 410
Solving...
Blb : 2 (clique : 26)
currentSize : 26 <-- 0.003841 s
currentSize : 27 <-- 0.004115 s
currentSize : 28 <-- 0.005716 s
currentSize : 29 <-- 6.874862 s
currentSize : 30 <-- 6.879995 s
currentSize : 31 <-- 456.623444 s

maxsize : 31
nodes : 336168790.000000
filtered : 4303721561.000000
time : 1918.786255
