Parameters: GAD=1 vflib=1 dir=1 label=1 lowerbound=1 fileNameGp=../graphsdb/mcs30/bvg/b03m/mcs30_b03m_s50.A54 fileNameGt=../graphsdb/mcs30/bvg/b03m/mcs30_b03m_s50.B54
Reading graphs...
50 : 75
50 : 75
Initializing...
maxdom : 10
D->valSize : 315
Solving...
Blb : 2 (clique : 19)
currentSize : 19 <-- 0.003664 s
currentSize : 20 <-- 0.005425 s
currentSize : 21 <-- 0.201800 s
currentSize : 22 <-- 0.718839 s
currentSize : 23 <-- 1.657991 s
currentSize : 24 <-- 7.665759 s

maxsize : 24
nodes : 94401142.000000
filtered : 1543352868.000000
time : 505.406097
