Parameters: GAD=1 vflib=1 dir=1 label=1 lowerbound=1 fileNameGp=../graphsdb/mcs30/bvg/b06/mcs30_b06_s50.A43 fileNameGt=../graphsdb/mcs30/bvg/b06/mcs30_b06_s50.B43
Reading graphs...
50 : 150
50 : 150
Initializing...
maxdom : 11
D->valSize : 330
Solving...
Blb : 3 (clique : 16)
currentSize : 16 <-- 0.002343 s
currentSize : 17 <-- 0.007650 s
currentSize : 18 <-- 0.680223 s
currentSize : 19 <-- 10.513738 s
currentSize : 20 <-- 22.439888 s

maxsize : 20
nodes : 5254305.000000
filtered : 87932272.000000
time : 25.387829
