Parameters: GAD=1 vflib=1 dir=1 label=1 lowerbound=1 fileNameGp=../graphsdb/mcs30/bvg/b06/mcs30_b06_s40.A14 fileNameGt=../graphsdb/mcs30/bvg/b06/mcs30_b06_s40.B14
Reading graphs...
40 : 120
40 : 120
Initializing...
maxdom : 7
D->valSize : 225
Solving...
Blb : 2 (clique : 10)
currentSize : 10 <-- 0.001294 s
currentSize : 12 <-- 0.001353 s
currentSize : 13 <-- 0.001818 s
currentSize : 14 <-- 0.115829 s
currentSize : 15 <-- 0.185765 s
currentSize : 16 <-- 1.178857 s

maxsize : 16
nodes : 454091.000000
filtered : 5053927.000000
time : 1.744652
