Parameters: GAD=1 vflib=1 dir=1 label=1 lowerbound=1 fileNameGp=../graphsdb/mcs30/rand/r02/mcs30_r02_s80.A18 fileNameGt=../graphsdb/mcs30/rand/r02/mcs30_r02_s80.B18
Reading graphs...
80 : 1263
80 : 1263
Initializing...
maxdom : 9
D->valSize : 446
Solving...
Blb : 5 (clique : 7)
currentSize : 7 <-- 0.004079 s
currentSize : 9 <-- 0.004197 s
currentSize : 10 <-- 0.005144 s
currentSize : 17 <-- 0.012683 s
currentSize : 24 <-- 0.195810 s

maxsize : 24
nodes : 41672.000000
filtered : 1111181.000000
time : 0.275948
