Parameters: GAD=1 vflib=1 dir=1 label=1 lowerbound=1 fileNameGp=../graphsdb/mcs30/bvg/b09m/mcs30_b09m_s80.A10 fileNameGt=../graphsdb/mcs30/bvg/b09m/mcs30_b09m_s80.B10
Reading graphs...
80 : 360
80 : 360
Initializing...
maxdom : 9
D->valSize : 410
Solving...
Blb : 5 (clique : 17)
currentSize : 17 <-- 0.003761 s
currentSize : 18 <-- 0.010755 s
currentSize : 19 <-- 0.364492 s
currentSize : 20 <-- 4.957935 s
currentSize : 21 <-- 21.015726 s
currentSize : 22 <-- 60.027321 s
currentSize : 23 <-- 875.944458 s
currentSize : 24 <-- 875.944519 s
currentSize : 25 <-- 1962.050293 s
currentSize : 26 <-- 1963.977905 s
currentSize : 27 <-- 1963.991821 s

TIMEOUT
maxsize : 27
nodes : 661316575.000000
filtered : 7929819561.000000
time : 3600.000000
