Parameters: GAD=1 vflib=1 dir=1 label=1 lowerbound=1 fileNameGp=../graphsdb/mcs30/bvg/b03m/mcs30_b03m_s40.A98 fileNameGt=../graphsdb/mcs30/bvg/b03m/mcs30_b03m_s40.B98
Reading graphs...
40 : 60
40 : 60
Initializing...
maxdom : 8
D->valSize : 204
Solving...
Blb : 2 (clique : 13)
currentSize : 13 <-- 0.001839 s
currentSize : 14 <-- 0.002251 s
currentSize : 15 <-- 0.005109 s
currentSize : 16 <-- 0.006470 s
currentSize : 17 <-- 0.007917 s
currentSize : 18 <-- 0.008058 s
currentSize : 19 <-- 0.010252 s
currentSize : 20 <-- 0.011621 s

maxsize : 20
nodes : 475014.000000
filtered : 5599566.000000
time : 1.906396
