Parameters: GAD=1 vflib=1 dir=1 label=1 lowerbound=1 fileNameGp=../graphsdb/mcs30/bvg/b03/mcs30_b03_s100.A86 fileNameGt=../graphsdb/mcs30/bvg/b03/mcs30_b03_s100.B86
Reading graphs...
100 : 150
100 : 150
Initializing...
maxdom : 8
D->valSize : 340
Solving...
Blb : 2 (clique : 33)
currentSize : 33 <-- 0.004104 s
currentSize : 34 <-- 0.006694 s
currentSize : 35 <-- 4.183734 s
currentSize : 36 <-- 4.187633 s
currentSize : 37 <-- 54.483662 s
currentSize : 38 <-- 107.205750 s
currentSize : 39 <-- 615.505371 s
currentSize : 40 <-- 615.521667 s
currentSize : 41 <-- 811.715149 s
currentSize : 42 <-- 1976.111572 s

TIMEOUT
maxsize : 42
nodes : 716057154.000000
filtered : 3036322691.000000
time : 3600.000000
