Parameters: GAD=1 vflib=1 dir=1 label=1 lowerbound=1 fileNameGp=../graphsdb/mcs30/m3D/m3Dr2/mcs30_m3Dr2_s90.A56 fileNameGt=../graphsdb/mcs30/m3D/m3Dr2/mcs30_m3Dr2_s90.B56
Reading graphs...
90 : 227
90 : 226
Initializing...
maxdom : 14
D->valSize : 564
Solving...
Blb : 2 (clique : 29)
currentSize : 29 <-- 0.007635 s
currentSize : 30 <-- 0.008030 s
currentSize : 31 <-- 0.009048 s
currentSize : 32 <-- 0.011748 s
currentSize : 33 <-- 0.042123 s
currentSize : 34 <-- 3.520445 s
currentSize : 35 <-- 52.514591 s

TIMEOUT
maxsize : 35
nodes : 686835005.000000
filtered : 5277667389.000000
time : 3600.000000
