Parameters: GAD=1 vflib=1 dir=1 label=1 lowerbound=1 fileNameGp=../graphsdb/mcs30/rand/r02/mcs30_r02_s80.A62 fileNameGt=../graphsdb/mcs30/rand/r02/mcs30_r02_s80.B62
Reading graphs...
80 : 1263
80 : 1263
Initializing...
maxdom : 8
D->valSize : 426
Solving...
Blb : 2 (clique : 11)
currentSize : 11 <-- 0.004177 s
currentSize : 12 <-- 0.004320 s
currentSize : 16 <-- 0.004452 s
currentSize : 18 <-- 0.004475 s
currentSize : 24 <-- 0.004947 s

maxsize : 24
nodes : 22163.000000
filtered : 682338.000000
time : 0.157466
