Parameters: GAD=1 vflib=1 dir=1 label=1 lowerbound=1 fileNameGp=../graphsdb/mcs30/rand/r02/mcs30_r02_s40.A13 fileNameGt=../graphsdb/mcs30/rand/r02/mcs30_r02_s40.B13
Reading graphs...
40 : 311
40 : 311
Initializing...
maxdom : 10
D->valSize : 206
Solving...
Blb : 2 (clique : 6)
currentSize : 6 <-- 0.001193 s
currentSize : 7 <-- 0.001263 s
currentSize : 8 <-- 0.002656 s
currentSize : 9 <-- 0.002677 s
currentSize : 10 <-- 0.003115 s
currentSize : 11 <-- 0.003844 s
currentSize : 12 <-- 0.008291 s

maxsize : 12
nodes : 3747.000000
filtered : 75123.000000
time : 0.017407
