Parameters: GAD=1 vflib=1 dir=1 label=1 lowerbound=1 fileNameGp=../graphsdb/mcs30/m3D/m3Dr2/mcs30_m3Dr2_s100.A70 fileNameGt=../graphsdb/mcs30/m3D/m3Dr2/mcs30_m3Dr2_s100.B70
Reading graphs...
100 : 255
100 : 255
Initializing...
maxdom : 7
D->valSize : 373
Solving...
Blb : 2 (clique : 27)
currentSize : 27 <-- 0.005667 s
currentSize : 28 <-- 0.006552 s
currentSize : 29 <-- 0.006691 s
currentSize : 30 <-- 0.007771 s
currentSize : 31 <-- 10.346435 s
currentSize : 32 <-- 549.577942 s
currentSize : 33 <-- 549.578247 s
currentSize : 34 <-- 2276.932861 s

TIMEOUT
maxsize : 34
nodes : 642275639.000000
filtered : 4970696133.000000
time : 3600.000000
