Parameters: GAD=1 vflib=1 dir=1 label=1 lowerbound=1 fileNameGp=../graphsdb/mcs30/bvg/b03/mcs30_b03_s80.A09 fileNameGt=../graphsdb/mcs30/bvg/b03/mcs30_b03_s80.B09
Reading graphs...
80 : 120
80 : 120
Initializing...
maxdom : 10
D->valSize : 416
Solving...
Blb : 5 (clique : 32)
currentSize : 32 <-- 0.004218 s
currentSize : 33 <-- 0.005438 s
currentSize : 34 <-- 0.273860 s
currentSize : 35 <-- 6.229889 s
currentSize : 36 <-- 33.485477 s
currentSize : 37 <-- 199.795334 s
currentSize : 38 <-- 541.362244 s

TIMEOUT
maxsize : 38
nodes : 713000846.000000
filtered : 5956976561.000000
time : 3600.000000
