Parameters: GAD=1 vflib=1 dir=1 label=1 lowerbound=1 fileNameGp=../graphsdb/mcs30/rand/r01/mcs30_r01_s70.A26 fileNameGt=../graphsdb/mcs30/rand/r01/mcs30_r01_s70.B26
Reading graphs...
70 : 482
70 : 482
Initializing...
maxdom : 9
D->valSize : 336
Solving...
Blb : 5 (clique : 13)
currentSize : 13 <-- 0.002743 s
currentSize : 15 <-- 0.076864 s
currentSize : 16 <-- 0.077036 s
currentSize : 17 <-- 0.134591 s
currentSize : 18 <-- 0.163125 s
currentSize : 19 <-- 1.122897 s
currentSize : 21 <-- 3.114172 s
currentSize : 22 <-- 3.121643 s

maxsize : 22
nodes : 1276957.000000
filtered : 17776734.000000
time : 6.857984
