Parameters: GAD=1 vflib=1 dir=1 label=1 lowerbound=1 fileNameGp=../graphsdb/mcs30/rand/r02/mcs30_r02_s90.A58 fileNameGt=../graphsdb/mcs30/rand/r02/mcs30_r02_s90.B58
Reading graphs...
90 : 1601
90 : 1601
Initializing...
maxdom : 9
D->valSize : 519
Solving...
Blb : 2 (clique : 7)
currentSize : 7 <-- 0.005324 s
currentSize : 8 <-- 0.005797 s
currentSize : 9 <-- 0.006647 s
currentSize : 10 <-- 0.037776 s
currentSize : 12 <-- 0.041540 s
currentSize : 14 <-- 0.041603 s
currentSize : 17 <-- 0.052536 s
currentSize : 18 <-- 0.132114 s
currentSize : 19 <-- 0.224717 s
currentSize : 22 <-- 0.251226 s
currentSize : 27 <-- 0.271263 s

maxsize : 27
nodes : 68068.000000
filtered : 1856536.000000
time : 0.478396
