Parameters: GAD=1 vflib=1 dir=1 label=1 lowerbound=1 fileNameGp=../graphsdb/mcs30/rand/r005/mcs30_r005_s90.A42 fileNameGt=../graphsdb/mcs30/rand/r005/mcs30_r005_s90.B42
Reading graphs...
90 : 399
90 : 399
Initializing...
maxdom : 9
D->valSize : 513
Solving...
Blb : 2 (clique : 22)
currentSize : 22 <-- 0.005726 s
currentSize : 23 <-- 0.250549 s
currentSize : 24 <-- 20.033112 s
currentSize : 25 <-- 78.532448 s
currentSize : 26 <-- 361.783752 s
currentSize : 27 <-- 419.472260 s
currentSize : 28 <-- 1007.772400 s

TIMEOUT
maxsize : 28
nodes : 628682173.000000
filtered : 6262249512.000000
time : 3600.000000
