Parameters: GAD=1 vflib=1 dir=1 label=1 lowerbound=1 fileNameGp=../graphsdb/mcs30/m2D/m2Dr2/mcs30_m2Dr2_s50.A37 fileNameGt=../graphsdb/mcs30/m2D/m2Dr2/mcs30_m2Dr2_s50.B37
Reading graphs...
50 : 95
50 : 95
Initializing...
maxdom : 9
D->valSize : 324
Solving...
Blb : 2 (clique : 17)
currentSize : 17 <-- 0.002642 s
currentSize : 18 <-- 0.002758 s
currentSize : 19 <-- 0.013574 s
currentSize : 20 <-- 0.126695 s
currentSize : 21 <-- 0.139686 s
currentSize : 22 <-- 47.338604 s
currentSize : 23 <-- 1022.154968 s

TIMEOUT
maxsize : 23
nodes : 853188135.000000
filtered : 9010589162.000000
time : 3600.000000
