Parameters: GAD=1 vflib=1 dir=1 label=1 lowerbound=1 fileNameGp=../graphsdb/mcs30/rand/r005/mcs30_r005_s90.A35 fileNameGt=../graphsdb/mcs30/rand/r005/mcs30_r005_s90.B35
Reading graphs...
90 : 399
90 : 399
Initializing...
maxdom : 9
D->valSize : 533
Solving...
Blb : 2 (clique : 20)
currentSize : 20 <-- 0.006021 s
currentSize : 21 <-- 0.006213 s
currentSize : 22 <-- 0.010791 s
currentSize : 24 <-- 5.287699 s
currentSize : 25 <-- 5.287808 s
currentSize : 26 <-- 5.293086 s
currentSize : 27 <-- 5.716326 s
currentSize : 28 <-- 5.721782 s

TIMEOUT
maxsize : 28
nodes : 569370785.000000
filtered : 8515036176.000000
time : 3600.000000
