Parameters: GAD=1 vflib=1 dir=1 label=1 lowerbound=1 fileNameGp=../graphsdb/mcs30/bvg/b09/mcs30_b09_s80.A37 fileNameGt=../graphsdb/mcs30/bvg/b09/mcs30_b09_s80.B37
Reading graphs...
80 : 360
80 : 360
Initializing...
maxdom : 13
D->valSize : 425
Solving...
Blb : 2 (clique : 17)
currentSize : 17 <-- 0.004130 s
currentSize : 18 <-- 0.011811 s
currentSize : 19 <-- 0.044728 s
currentSize : 20 <-- 0.119846 s
currentSize : 21 <-- 0.150443 s
currentSize : 22 <-- 3.584294 s
currentSize : 24 <-- 3.584354 s
currentSize : 25 <-- 3.584577 s
currentSize : 26 <-- 34.700912 s
currentSize : 27 <-- 427.737061 s
currentSize : 28 <-- 1567.691040 s

maxsize : 28
nodes : 313145110.000000
filtered : 3657942282.000000
time : 1702.150757
