Parameters: GAD=1 vflib=1 dir=1 label=1 lowerbound=1 fileNameGp=../graphsdb/mcs30/m2D/m2Dr4/mcs30_m2Dr4_s50.A78 fileNameGt=../graphsdb/mcs30/m2D/m2Dr4/mcs30_m2Dr4_s50.B78
Reading graphs...
50 : 105
50 : 105
Initializing...
maxdom : 11
D->valSize : 328
Solving...
Blb : 2 (clique : 19)
currentSize : 19 <-- 0.002327 s
currentSize : 20 <-- 0.002442 s
currentSize : 21 <-- 0.025261 s
currentSize : 22 <-- 0.026021 s
currentSize : 23 <-- 2.220857 s

maxsize : 23
nodes : 44588196.000000
filtered : 544690627.000000
time : 206.098450
