Parameters: GAD=1 vflib=1 dir=1 label=1 lowerbound=1 fileNameGp=../graphsdb/mcs30/m3D/m3D/mcs30_m3D_s70.A18 fileNameGt=../graphsdb/mcs30/m3D/m3D/mcs30_m3D_s70.B18
Reading graphs...
70 : 159
70 : 159
Initializing...
maxdom : 8
D->valSize : 338
Solving...
Blb : 2 (clique : 22)
currentSize : 22 <-- 0.002911 s
currentSize : 23 <-- 0.003108 s
currentSize : 24 <-- 0.003286 s
currentSize : 25 <-- 0.003830 s
currentSize : 26 <-- 2.359785 s
currentSize : 27 <-- 82.669930 s
currentSize : 28 <-- 176.194244 s
currentSize : 29 <-- 348.850891 s
currentSize : 30 <-- 371.358978 s
currentSize : 31 <-- 663.164246 s
currentSize : 32 <-- 1355.343140 s
currentSize : 33 <-- 1879.789673 s

maxsize : 33
nodes : 430490519.000000
filtered : 4584888281.000000
time : 2227.499023
