Parameters: GAD=1 vflib=1 dir=1 label=1 lowerbound=1 fileNameGp=../graphsdb/mcs30/m2D/m2D/mcs30_m2D_s30.A36 fileNameGt=../graphsdb/mcs30/m2D/m2D/mcs30_m2D_s30.B36
Reading graphs...
30 : 49
30 : 49
Initializing...
maxdom : 5
D->valSize : 129
Solving...
Blb : 2 (clique : 10)
currentSize : 10 <-- 0.000726 s
currentSize : 11 <-- 0.000874 s
currentSize : 12 <-- 0.001610 s
currentSize : 13 <-- 0.001695 s
currentSize : 14 <-- 0.026906 s

maxsize : 14
nodes : 13849.000000
filtered : 127670.000000
time : 0.045494
