Parameters: GAD=1 vflib=1 dir=1 label=1 lowerbound=1 fileNameGp=../graphsdb/mcs30/bvg/b06/mcs30_b06_s50.A41 fileNameGt=../graphsdb/mcs30/bvg/b06/mcs30_b06_s50.B41
Reading graphs...
50 : 150
50 : 150
Initializing...
maxdom : 10
D->valSize : 319
Solving...
Blb : 2 (clique : 15)
currentSize : 15 <-- 0.002348 s
currentSize : 16 <-- 0.003124 s
currentSize : 17 <-- 0.003232 s
currentSize : 18 <-- 6.465213 s
currentSize : 19 <-- 6.465282 s
currentSize : 20 <-- 6.465671 s

maxsize : 20
nodes : 4209434.000000
filtered : 73534076.000000
time : 20.151661
