Parameters: GAD=1 vflib=1 dir=1 label=1 lowerbound=1 fileNameGp=../graphsdb/mcs30/m3D/m3Dr2/mcs30_m3Dr2_s100.A41 fileNameGt=../graphsdb/mcs30/m3D/m3Dr2/mcs30_m3Dr2_s100.B41
Reading graphs...
100 : 255
100 : 255
Initializing...
maxdom : 7
D->valSize : 323
Solving...
Blb : 2 (clique : 27)
currentSize : 27 <-- 0.003300 s
currentSize : 28 <-- 0.003978 s
currentSize : 29 <-- 0.070463 s
currentSize : 30 <-- 0.071339 s
currentSize : 31 <-- 0.963767 s
currentSize : 32 <-- 13.118071 s
currentSize : 33 <-- 227.235229 s
currentSize : 34 <-- 2256.802002 s

TIMEOUT
maxsize : 34
nodes : 673625901.000000
filtered : 3474374991.000000
time : 3600.000000
