Parameters: GAD=1 vflib=1 dir=1 label=1 lowerbound=1 fileNameGp=../graphsdb/mcs30/rand/r01/mcs30_r01_s90.A03 fileNameGt=../graphsdb/mcs30/rand/r01/mcs30_r01_s90.B03
Reading graphs...
90 : 800
90 : 800
Initializing...
maxdom : 9
D->valSize : 528
Solving...
Blb : 2 (clique : 16)
currentSize : 16 <-- 0.005603 s
currentSize : 18 <-- 0.005840 s
currentSize : 19 <-- 0.059297 s
currentSize : 20 <-- 0.059380 s
currentSize : 22 <-- 0.070212 s
currentSize : 23 <-- 0.070305 s
currentSize : 26 <-- 0.071075 s
currentSize : 27 <-- 0.071243 s

maxsize : 27
nodes : 4015860.000000
filtered : 117707211.000000
time : 30.867580
