Parameters: GAD=1 vflib=1 dir=1 label=1 lowerbound=1 fileNameGp=../graphsdb/mcs30/rand/r005/mcs30_r005_s60.A24 fileNameGt=../graphsdb/mcs30/rand/r005/mcs30_r005_s60.B24
Reading graphs...
60 : 179
60 : 179
Initializing...
maxdom : 9
D->valSize : 259
Solving...
Blb : 2 (clique : 18)
currentSize : 18 <-- 0.001795 s
currentSize : 19 <-- 0.002034 s
currentSize : 20 <-- 0.006862 s
currentSize : 21 <-- 0.244644 s
currentSize : 22 <-- 6.298316 s
currentSize : 23 <-- 13.141101 s

maxsize : 23
nodes : 16083624.000000
filtered : 154601811.000000
time : 73.976242
