Parameters: GAD=1 vflib=1 dir=1 label=1 lowerbound=1 fileNameGp=../graphsdb/mcs30/bvg/b03m/mcs30_b03m_s100.A93 fileNameGt=../graphsdb/mcs30/bvg/b03m/mcs30_b03m_s100.B93
Reading graphs...
100 : 150
100 : 150
Initializing...
maxdom : 8
D->valSize : 351
Solving...
Blb : 2 (clique : 34)
currentSize : 34 <-- 0.006627 s
currentSize : 35 <-- 0.007161 s
currentSize : 36 <-- 0.405749 s
currentSize : 37 <-- 31.495918 s
currentSize : 38 <-- 52.472599 s
currentSize : 39 <-- 339.384460 s
currentSize : 40 <-- 454.438477 s
currentSize : 41 <-- 1393.398804 s
currentSize : 42 <-- 1790.235352 s

TIMEOUT
maxsize : 42
nodes : 626923936.000000
filtered : 3397247686.000000
time : 3600.000000
