Parameters: GAD=1 vflib=1 dir=1 label=1 lowerbound=1 fileNameGp=../graphsdb/mcs30/bvg/b09m/mcs30_b09m_s70.A69 fileNameGt=../graphsdb/mcs30/bvg/b09m/mcs30_b09m_s70.B69
Reading graphs...
70 : 315
70 : 315
Initializing...
maxdom : 10
D->valSize : 332
Solving...
Blb : 3 (clique : 19)
currentSize : 19 <-- 0.002835 s
currentSize : 21 <-- 32.730167 s
currentSize : 22 <-- 32.731495 s
currentSize : 23 <-- 32.731579 s
currentSize : 24 <-- 32.731956 s
currentSize : 25 <-- 32.746498 s

maxsize : 25
nodes : 16823920.000000
filtered : 149205811.000000
time : 80.563057
