Parameters: GAD=1 vflib=1 dir=1 label=1 lowerbound=1 fileNameGp=../graphsdb/mcs30/bvg/b09/mcs30_b09_s90.A70 fileNameGt=../graphsdb/mcs30/bvg/b09/mcs30_b09_s90.B70
Reading graphs...
90 : 405
90 : 405
Initializing...
maxdom : 9
D->valSize : 511
Solving...
Blb : 2 (clique : 20)
currentSize : 20 <-- 0.009866 s
currentSize : 21 <-- 2.108475 s
currentSize : 22 <-- 3.817627 s
currentSize : 23 <-- 33.107262 s
currentSize : 24 <-- 34.603039 s
currentSize : 25 <-- 45.226482 s
currentSize : 26 <-- 1336.750610 s
currentSize : 27 <-- 1336.751343 s
currentSize : 28 <-- 1340.704346 s
currentSize : 29 <-- 1345.462891 s

TIMEOUT
maxsize : 29
nodes : 630468745.000000
filtered : 7036274250.000000
time : 3600.000000
