Parameters: GAD=1 vflib=1 dir=1 label=1 lowerbound=1 fileNameGp=../graphsdb/mcs30/m4D/m4Dr4/mcs30_m4Dr4_s50.A50 fileNameGt=../graphsdb/mcs30/m4D/m4Dr4/mcs30_m4Dr4_s50.B50
Reading graphs...
50 : 107
50 : 107
Initializing...
maxdom : 9
D->valSize : 305
Solving...
Blb : 2 (clique : 17)
currentSize : 17 <-- 0.002106 s
currentSize : 18 <-- 0.003734 s
currentSize : 19 <-- 0.004480 s
currentSize : 20 <-- 0.004502 s
currentSize : 21 <-- 0.323251 s
currentSize : 22 <-- 1.274361 s
currentSize : 23 <-- 28.005594 s
currentSize : 24 <-- 251.994141 s

maxsize : 24
nodes : 63554754.000000
filtered : 825601277.000000
time : 289.576263
