Parameters: GAD=1 vflib=1 dir=1 label=1 lowerbound=1 fileNameGp=../graphsdb/mcs30/m3D/m3Dr4/mcs30_m3Dr4_s90.A37 fileNameGt=../graphsdb/mcs30/m3D/m3Dr4/mcs30_m3Dr4_s90.B37
Reading graphs...
90 : 245
90 : 244
Initializing...
maxdom : 8
D->valSize : 527
Solving...
Blb : 5 (clique : 26)
currentSize : 26 <-- 0.009720 s
currentSize : 27 <-- 0.010378 s
currentSize : 28 <-- 0.012018 s
currentSize : 29 <-- 0.014055 s
currentSize : 30 <-- 0.493433 s
currentSize : 31 <-- 832.454651 s
currentSize : 32 <-- 1139.966553 s
currentSize : 33 <-- 1139.967407 s
currentSize : 34 <-- 1140.047241 s
currentSize : 35 <-- 3462.614014 s
currentSize : 36 <-- 3462.614990 s

TIMEOUT
maxsize : 36
nodes : 629406156.000000
filtered : 6036212950.000000
time : 3600.000000
