Parameters: GAD=1 vflib=1 dir=1 label=1 lowerbound=1 fileNameGp=../graphsdb/mcs30/m2D/m2Dr6/mcs30_m2Dr6_s90.A17 fileNameGt=../graphsdb/mcs30/m2D/m2Dr6/mcs30_m2Dr6_s90.B17
Reading graphs...
90 : 215
90 : 214
Initializing...
maxdom : 9
D->valSize : 510
Solving...
Blb : 2 (clique : 33)
currentSize : 33 <-- 0.005879 s
currentSize : 34 <-- 0.006205 s
currentSize : 35 <-- 0.006392 s
currentSize : 36 <-- 0.047530 s
currentSize : 37 <-- 0.157460 s
currentSize : 38 <-- 45.787094 s
currentSize : 39 <-- 970.060791 s

TIMEOUT
maxsize : 39
nodes : 645651572.000000
filtered : 5479360366.000000
time : 3600.000000
