Parameters: GAD=1 vflib=1 dir=1 label=1 lowerbound=1 fileNameGp=../graphsdb/mcs30/bvg/b06m/mcs30_b06m_s100.A59 fileNameGt=../graphsdb/mcs30/bvg/b06m/mcs30_b06m_s100.B59
Reading graphs...
100 : 300
100 : 300
Initializing...
maxdom : 7
D->valSize : 316
Solving...
Blb : 2 (clique : 27)
currentSize : 27 <-- 0.003331 s
currentSize : 28 <-- 2.409768 s
currentSize : 29 <-- 36.458309 s
currentSize : 30 <-- 111.191322 s
currentSize : 31 <-- 150.167404 s
currentSize : 32 <-- 213.894318 s
currentSize : 33 <-- 936.590515 s
currentSize : 34 <-- 1200.166504 s
currentSize : 35 <-- 1227.008301 s

TIMEOUT
maxsize : 35
nodes : 678493933.000000
filtered : 3535913532.000000
time : 3600.000000
