Parameters: GAD=1 vflib=1 dir=1 label=1 lowerbound=1 fileNameGp=../graphsdb/mcs30/m4D/m4D/mcs30_m4D_s50.A99 fileNameGt=../graphsdb/mcs30/m4D/m4D/mcs30_m4D_s50.B99
Reading graphs...
50 : 87
50 : 87
Initializing...
maxdom : 9
D->valSize : 315
Solving...
Blb : 2 (clique : 22)
currentSize : 22 <-- 0.002424 s
currentSize : 23 <-- 0.075185 s
currentSize : 24 <-- 5.310077 s
currentSize : 25 <-- 8.771326 s
currentSize : 26 <-- 169.658676 s

maxsize : 26
nodes : 64615837.000000
filtered : 831900842.000000
time : 307.431427
