Parameters: GAD=1 vflib=1 dir=1 label=1 lowerbound=1 fileNameGp=../graphsdb/mcs30/bvg/b09m/mcs30_b09m_s70.A48 fileNameGt=../graphsdb/mcs30/bvg/b09m/mcs30_b09m_s70.B48
Reading graphs...
70 : 315
70 : 315
Initializing...
maxdom : 7
D->valSize : 326
Solving...
Blb : 2 (clique : 18)
currentSize : 18 <-- 0.004098 s
currentSize : 19 <-- 0.009678 s
currentSize : 20 <-- 0.017205 s
currentSize : 21 <-- 19.965014 s
currentSize : 22 <-- 76.410568 s
currentSize : 23 <-- 277.787506 s

maxsize : 23
nodes : 82115070.000000
filtered : 831623487.000000
time : 402.713196
