Parameters: GAD=1 vflib=1 dir=1 label=1 lowerbound=1 fileNameGp=../graphsdb/mcs30/m2D/m2Dr4/mcs30_m2Dr4_s80.A25 fileNameGt=../graphsdb/mcs30/m2D/m2Dr4/mcs30_m2Dr4_s80.B25
Reading graphs...
80 : 174
80 : 172
Initializing...
maxdom : 12
D->valSize : 399
Solving...
Blb : 2 (clique : 21)
currentSize : 21 <-- 0.006250 s
currentSize : 22 <-- 0.023936 s
currentSize : 23 <-- 0.024401 s
currentSize : 24 <-- 0.843134 s
currentSize : 25 <-- 1.767158 s
currentSize : 26 <-- 1.965141 s
currentSize : 27 <-- 2.061370 s
currentSize : 28 <-- 3.218129 s
currentSize : 29 <-- 15.912599 s
currentSize : 30 <-- 19.491804 s
currentSize : 31 <-- 34.893833 s
currentSize : 32 <-- 238.929977 s
currentSize : 33 <-- 1073.645142 s

TIMEOUT
maxsize : 33
nodes : 658114664.000000
filtered : 6273476074.000000
time : 3600.000000
