Parameters: GAD=1 vflib=1 dir=1 label=1 lowerbound=1 fileNameGp=../graphsdb/mcs30/bvg/b09m/mcs30_b09m_s100.A77 fileNameGt=../graphsdb/mcs30/bvg/b09m/mcs30_b09m_s100.B77
Reading graphs...
100 : 450
100 : 450
Initializing...
maxdom : 6
D->valSize : 346
Solving...
Blb : 3 (clique : 29)
currentSize : 29 <-- 0.003757 s
currentSize : 30 <-- 13.261075 s
currentSize : 31 <-- 124.485550 s
currentSize : 32 <-- 219.301514 s
currentSize : 33 <-- 235.331345 s
currentSize : 34 <-- 435.839996 s

maxsize : 34
nodes : 474587264.000000
filtered : 3172184715.000000
time : 2673.165771
