Parameters: GAD=1 vflib=1 dir=1 label=1 lowerbound=1 fileNameGp=../graphsdb/mcs30/m2D/m2Dr2/mcs30_m2Dr2_s100.A47 fileNameGt=../graphsdb/mcs30/m2D/m2Dr2/mcs30_m2Dr2_s100.B47
Reading graphs...
100 : 200
100 : 200
Initializing...
maxdom : 6
D->valSize : 354
Solving...
Blb : 2 (clique : 33)
currentSize : 33 <-- 0.003718 s
currentSize : 34 <-- 0.015202 s
currentSize : 35 <-- 0.152248 s
currentSize : 36 <-- 0.223682 s
currentSize : 37 <-- 0.440353 s
currentSize : 38 <-- 0.657087 s
currentSize : 39 <-- 0.787920 s

TIMEOUT
maxsize : 39
nodes : 694586078.000000
filtered : 3274217147.000000
time : 3600.000000
