Parameters: GAD=1 vflib=1 dir=1 label=1 lowerbound=1 fileNameGp=../graphsdb/mcs30/m4D/m4D/mcs30_m4D_s70.A98 fileNameGt=../graphsdb/mcs30/m4D/m4D/mcs30_m4D_s70.B98
Reading graphs...
70 : 118
70 : 118
Initializing...
maxdom : 8
D->valSize : 299
Solving...
Blb : 2 (clique : 25)
currentSize : 25 <-- 0.002556 s
currentSize : 26 <-- 4.279901 s
currentSize : 27 <-- 26.035109 s
currentSize : 28 <-- 57.033215 s
currentSize : 29 <-- 1506.355469 s
currentSize : 30 <-- 2408.392090 s

TIMEOUT
maxsize : 30
nodes : 799000850.000000
filtered : 5486311225.000000
time : 3600.000000
