Parameters: GAD=1 vflib=1 dir=1 label=1 lowerbound=1 fileNameGp=../graphsdb/mcs30/m4D/m4D/mcs30_m4D_s60.A76 fileNameGt=../graphsdb/mcs30/m4D/m4D/mcs30_m4D_s60.B76
Reading graphs...
60 : 102
60 : 102
Initializing...
maxdom : 6
D->valSize : 233
Solving...
Blb : 5 (clique : 23)
currentSize : 23 <-- 0.001655 s
currentSize : 24 <-- 4.135301 s
currentSize : 25 <-- 317.842316 s
currentSize : 26 <-- 317.845306 s
currentSize : 27 <-- 317.933289 s
currentSize : 28 <-- 1108.556519 s

maxsize : 28
nodes : 509667151.000000
filtered : 3199482859.000000
time : 2062.436279
