Parameters: GAD=1 vflib=1 dir=1 label=1 lowerbound=1 fileNameGp=../graphsdb/mcs30/m2D/m2Dr2/mcs30_m2Dr2_s90.A25 fileNameGt=../graphsdb/mcs30/m2D/m2Dr2/mcs30_m2Dr2_s90.B25
Reading graphs...
90 : 179
90 : 178
Initializing...
maxdom : 10
D->valSize : 530
Solving...
Blb : 2 (clique : 31)
currentSize : 31 <-- 0.006417 s
currentSize : 32 <-- 0.016167 s
currentSize : 33 <-- 0.021693 s
currentSize : 34 <-- 0.126086 s
currentSize : 35 <-- 0.601549 s
currentSize : 36 <-- 1.042024 s
currentSize : 37 <-- 1.327330 s
currentSize : 38 <-- 1.883216 s
currentSize : 39 <-- 11.252464 s
currentSize : 40 <-- 311.862518 s

TIMEOUT
maxsize : 40
nodes : 638225023.000000
filtered : 5095240927.000000
time : 3600.000000
