Parameters: GAD=1 vflib=1 dir=1 label=1 lowerbound=1 fileNameGp=../graphsdb/mcs30/rand/r01/mcs30_r01_s50.A32 fileNameGt=../graphsdb/mcs30/rand/r01/mcs30_r01_s50.B32
Reading graphs...
50 : 244
50 : 244
Initializing...
maxdom : 9
D->valSize : 319
Solving...
Blb : 2 (clique : 11)
currentSize : 11 <-- 0.002134 s
currentSize : 12 <-- 0.002259 s
currentSize : 13 <-- 0.014246 s
currentSize : 14 <-- 0.115714 s
currentSize : 15 <-- 2.926539 s
currentSize : 16 <-- 14.111146 s

maxsize : 16
nodes : 3627264.000000
filtered : 46147397.000000
time : 15.938549
