Parameters: GAD=1 vflib=1 dir=1 label=1 lowerbound=1 fileNameGp=../graphsdb/mcs30/bvg/b03/mcs30_b03_s80.A39 fileNameGt=../graphsdb/mcs30/bvg/b03/mcs30_b03_s80.B39
Reading graphs...
80 : 120
80 : 120
Initializing...
maxdom : 10
D->valSize : 395
Solving...
Blb : 2 (clique : 32)
currentSize : 32 <-- 0.003909 s
currentSize : 33 <-- 0.004326 s
currentSize : 34 <-- 0.005070 s
currentSize : 35 <-- 0.321553 s
currentSize : 36 <-- 380.738953 s
currentSize : 37 <-- 381.474823 s

TIMEOUT
maxsize : 37
nodes : 783125863.000000
filtered : 5355681837.000000
time : 3600.000000
