Parameters: GAD=1 vflib=1 dir=1 label=1 lowerbound=1 fileNameGp=../graphsdb/mcs30/bvg/b03m/mcs30_b03m_s40.A82 fileNameGt=../graphsdb/mcs30/bvg/b03m/mcs30_b03m_s40.B82
Reading graphs...
40 : 60
40 : 60
Initializing...
maxdom : 9
D->valSize : 225
Solving...
Blb : 2 (clique : 17)
currentSize : 17 <-- 0.001600 s
currentSize : 18 <-- 0.001707 s
currentSize : 19 <-- 0.002609 s
currentSize : 20 <-- 2.869139 s
currentSize : 21 <-- 4.330277 s

maxsize : 21
nodes : 2096392.000000
filtered : 15998134.000000
time : 7.284457
