Parameters: GAD=1 vflib=1 dir=1 label=1 lowerbound=1 fileNameGp=../graphsdb/mcs30/m2D/m2Dr2/mcs30_m2Dr2_s60.A43 fileNameGt=../graphsdb/mcs30/m2D/m2Dr2/mcs30_m2Dr2_s60.B43
Reading graphs...
60 : 116
60 : 115
Initializing...
maxdom : 7
D->valSize : 237
Solving...
Blb : 5 (clique : 22)
currentSize : 22 <-- 0.001788 s
currentSize : 23 <-- 0.022428 s
currentSize : 24 <-- 2.437357 s
currentSize : 25 <-- 201.203339 s
currentSize : 26 <-- 465.042236 s

maxsize : 26
nodes : 121361972.000000
filtered : 909055494.000000
time : 513.396606
