Parameters: GAD=1 vflib=1 dir=1 label=1 lowerbound=1 fileNameGp=../graphsdb/mcs30/rand/r01/mcs30_r01_s100.A35 fileNameGt=../graphsdb/mcs30/rand/r01/mcs30_r01_s100.B35
Reading graphs...
100 : 989
100 : 989
Initializing...
maxdom : 7
D->valSize : 368
Solving...
Blb : 2 (clique : 13)
currentSize : 13 <-- 0.003725 s
currentSize : 14 <-- 0.003980 s
currentSize : 15 <-- 0.004104 s
currentSize : 16 <-- 0.004882 s
currentSize : 17 <-- 0.008733 s
currentSize : 18 <-- 0.052361 s
currentSize : 19 <-- 0.052444 s
currentSize : 20 <-- 0.054465 s
currentSize : 21 <-- 0.408036 s
currentSize : 24 <-- 0.509323 s
currentSize : 25 <-- 9.593126 s
currentSize : 30 <-- 17.016903 s

maxsize : 30
nodes : 4031608.000000
filtered : 44671041.000000
time : 25.433781
