Parameters: GAD=1 vflib=1 dir=1 label=1 lowerbound=1 fileNameGp=../graphsdb/mcs30/m2D/m2Dr2/mcs30_m2Dr2_s90.A51 fileNameGt=../graphsdb/mcs30/m2D/m2Dr2/mcs30_m2Dr2_s90.B51
Reading graphs...
90 : 179
90 : 179
Initializing...
maxdom : 13
D->valSize : 558
Solving...
Blb : 2 (clique : 30)
currentSize : 30 <-- 0.006694 s
currentSize : 33 <-- 0.006958 s
currentSize : 34 <-- 0.006983 s
currentSize : 35 <-- 0.007352 s
currentSize : 36 <-- 0.012105 s
currentSize : 37 <-- 0.142412 s
currentSize : 38 <-- 0.183804 s
currentSize : 39 <-- 2.111538 s

TIMEOUT
maxsize : 39
nodes : 586245519.000000
filtered : 5582577193.000000
time : 3600.000000
