Parameters: GAD=1 vflib=1 dir=1 label=1 lowerbound=1 fileNameGp=../graphsdb/mcs30/m2D/m2Dr4/mcs30_m2Dr4_s50.A29 fileNameGt=../graphsdb/mcs30/m2D/m2Dr4/mcs30_m2Dr4_s50.B29
Reading graphs...
50 : 105
50 : 103
Initializing...
maxdom : 9
D->valSize : 334
Solving...
Blb : 2 (clique : 16)
currentSize : 16 <-- 0.002507 s
currentSize : 17 <-- 0.002623 s
currentSize : 18 <-- 0.028642 s
currentSize : 19 <-- 0.578607 s
currentSize : 20 <-- 0.635445 s
currentSize : 21 <-- 0.743978 s
currentSize : 22 <-- 1.019237 s
currentSize : 23 <-- 153.617828 s
currentSize : 24 <-- 210.690033 s

maxsize : 24
nodes : 129366546.000000
filtered : 1765282888.000000
time : 574.111450
