Parameters: GAD=1 vflib=1 dir=1 label=1 lowerbound=1 fileNameGp=../graphsdb/mcs30/m3D/m3Dr2/mcs30_m3Dr2_s70.A70 fileNameGt=../graphsdb/mcs30/m3D/m3Dr2/mcs30_m3Dr2_s70.B70
Reading graphs...
70 : 173
70 : 172
Initializing...
maxdom : 9
D->valSize : 331
Solving...
Blb : 2 (clique : 25)
currentSize : 25 <-- 0.002918 s
currentSize : 26 <-- 5.023780 s
currentSize : 27 <-- 61.800999 s
currentSize : 28 <-- 1149.479004 s
currentSize : 29 <-- 1150.950317 s
currentSize : 30 <-- 1150.950317 s
currentSize : 31 <-- 1163.695190 s

maxsize : 31
nodes : 385067336.000000
filtered : 3405347852.000000
time : 1879.953125
