Parameters: GAD=1 vflib=1 dir=1 label=1 lowerbound=1 fileNameGp=../graphsdb/mcs30/rand/r005/mcs30_r005_s50.A34 fileNameGt=../graphsdb/mcs30/rand/r005/mcs30_r005_s50.B34
Reading graphs...
50 : 126
50 : 126
Initializing...
maxdom : 12
D->valSize : 331
Solving...
Blb : 2 (clique : 15)
currentSize : 15 <-- 0.002376 s
currentSize : 16 <-- 0.020451 s
currentSize : 17 <-- 0.027095 s
currentSize : 18 <-- 0.059383 s
currentSize : 19 <-- 0.304375 s
currentSize : 20 <-- 13.576936 s

maxsize : 20
nodes : 61200015.000000
filtered : 938589267.000000
time : 301.194702
