Parameters: GAD=1 vflib=1 dir=1 label=1 lowerbound=1 fileNameGp=../graphsdb/mcs30/rand/r01/mcs30_r01_s90.A43 fileNameGt=../graphsdb/mcs30/rand/r01/mcs30_r01_s90.B43
Reading graphs...
90 : 800
90 : 800
Initializing...
maxdom : 9
D->valSize : 571
Solving...
Blb : 2 (clique : 12)
currentSize : 12 <-- 0.006657 s
currentSize : 13 <-- 0.006943 s
currentSize : 14 <-- 0.007185 s
currentSize : 15 <-- 0.054639 s
currentSize : 16 <-- 1.299084 s
currentSize : 17 <-- 7.500739 s
currentSize : 18 <-- 7.642472 s
currentSize : 19 <-- 7.660881 s
currentSize : 20 <-- 9.185091 s
currentSize : 21 <-- 9.509010 s
currentSize : 22 <-- 17.501608 s
currentSize : 23 <-- 33.451126 s
currentSize : 24 <-- 33.451359 s
currentSize : 25 <-- 44.617226 s
currentSize : 26 <-- 62.789387 s
currentSize : 27 <-- 62.789715 s

maxsize : 27
nodes : 14494909.000000
filtered : 299741897.000000
time : 98.889633
