Parameters: GAD=1 vflib=1 dir=1 label=1 lowerbound=1 fileNameGp=../graphsdb/mcs30/bvg/b09/mcs30_b09_s35.A33 fileNameGt=../graphsdb/mcs30/bvg/b09/mcs30_b09_s35.B33
Reading graphs...
35 : 157
35 : 157
Initializing...
maxdom : 7
D->valSize : 190
Solving...
Blb : 2 (clique : 7)
currentSize : 7 <-- 0.000939 s
currentSize : 8 <-- 0.001031 s
currentSize : 9 <-- 0.001225 s
currentSize : 10 <-- 0.008044 s
currentSize : 11 <-- 0.021663 s

maxsize : 11
nodes : 17387.000000
filtered : 271658.000000
time : 0.065560
