Parameters: GAD=1 vflib=1 dir=1 label=1 lowerbound=1 fileNameGp=../graphsdb/mcs30/m4D/m4D/mcs30_m4D_s60.A79 fileNameGt=../graphsdb/mcs30/m4D/m4D/mcs30_m4D_s60.B79
Reading graphs...
60 : 102
60 : 102
Initializing...
maxdom : 8
D->valSize : 238
Solving...
Blb : 2 (clique : 20)
currentSize : 20 <-- 0.002635 s
currentSize : 21 <-- 0.002809 s
currentSize : 22 <-- 0.096072 s
currentSize : 23 <-- 0.426856 s
currentSize : 24 <-- 38.798927 s
currentSize : 25 <-- 1137.431641 s
currentSize : 26 <-- 1242.191406 s

maxsize : 26
nodes : 617372301.000000
filtered : 4025963695.000000
time : 2381.061768
