Parameters: GAD=1 vflib=1 dir=1 label=1 lowerbound=1 fileNameGp=../graphsdb/mcs30/m3D/m3Dr4/mcs30_m3Dr4_s40.A85 fileNameGt=../graphsdb/mcs30/m3D/m3Dr4/mcs30_m3Dr4_s40.B85
Reading graphs...
40 : 99
40 : 98
Initializing...
maxdom : 9
D->valSize : 228
Solving...
Blb : 2 (clique : 13)
currentSize : 13 <-- 0.001469 s
currentSize : 14 <-- 0.001641 s
currentSize : 15 <-- 0.002436 s
currentSize : 16 <-- 0.010914 s
currentSize : 17 <-- 0.067676 s

maxsize : 17
nodes : 180974.000000
filtered : 2599286.000000
time : 0.835282
