Parameters: GAD=1 vflib=1 dir=1 label=1 lowerbound=1 fileNameGp=../graphsdb/mcs30/bvg/b09m/mcs30_b09m_s80.A45 fileNameGt=../graphsdb/mcs30/bvg/b09m/mcs30_b09m_s80.B45
Reading graphs...
80 : 360
80 : 360
Initializing...
maxdom : 10
D->valSize : 379
Solving...
Blb : 3 (clique : 22)
currentSize : 22 <-- 0.003415 s
currentSize : 23 <-- 226.551910 s
currentSize : 24 <-- 230.722977 s
currentSize : 25 <-- 1332.958130 s
currentSize : 26 <-- 1369.654297 s

maxsize : 26
nodes : 413492128.000000
filtered : 4388622357.000000
time : 2225.672363
