Parameters: GAD=1 vflib=1 dir=1 label=1 lowerbound=1 fileNameGp=../graphsdb/mcs30/m3D/m3Dr2/mcs30_m3Dr2_s40.A39 fileNameGt=../graphsdb/mcs30/m3D/m3Dr2/mcs30_m3Dr2_s40.B39
Reading graphs...
40 : 92
40 : 92
Initializing...
maxdom : 9
D->valSize : 198
Solving...
Blb : 2 (clique : 12)
currentSize : 12 <-- 0.001172 s
currentSize : 13 <-- 0.001269 s
currentSize : 14 <-- 0.001527 s
currentSize : 15 <-- 0.169094 s
currentSize : 16 <-- 0.229112 s

maxsize : 16
nodes : 716208.000000
filtered : 7589622.000000
time : 2.896166
