Parameters: GAD=1 vflib=1 dir=1 label=1 lowerbound=1 fileNameGp=../graphsdb/mcs30/m2D/m2Dr2/mcs30_m2Dr2_s70.A14 fileNameGt=../graphsdb/mcs30/m2D/m2Dr2/mcs30_m2Dr2_s70.B14
Reading graphs...
70 : 137
70 : 137
Initializing...
maxdom : 7
D->valSize : 340
Solving...
Blb : 2 (clique : 23)
currentSize : 23 <-- 0.004991 s
currentSize : 24 <-- 0.005421 s
currentSize : 25 <-- 0.005690 s
currentSize : 26 <-- 0.006964 s
currentSize : 27 <-- 0.053353 s
currentSize : 28 <-- 3.426773 s
currentSize : 29 <-- 17.975843 s
currentSize : 30 <-- 140.802017 s

TIMEOUT
maxsize : 30
nodes : 751827092.000000
filtered : 6597118406.000000
time : 3600.000000
