Parameters: GAD=1 vflib=1 dir=1 label=1 lowerbound=1 fileNameGp=../graphsdb/mcs30/m3D/m3Dr2/mcs30_m3Dr2_s80.A18 fileNameGt=../graphsdb/mcs30/m3D/m3Dr2/mcs30_m3Dr2_s80.B18
Reading graphs...
80 : 200
80 : 199
Initializing...
maxdom : 12
D->valSize : 411
Solving...
Blb : 2 (clique : 21)
currentSize : 21 <-- 0.004156 s
currentSize : 22 <-- 0.005538 s
currentSize : 23 <-- 0.014378 s
currentSize : 24 <-- 0.030299 s
currentSize : 25 <-- 1.151596 s
currentSize : 26 <-- 237.836380 s
currentSize : 27 <-- 382.073822 s
currentSize : 28 <-- 827.525635 s
currentSize : 29 <-- 1841.777954 s
currentSize : 30 <-- 1860.114014 s

TIMEOUT
maxsize : 30
nodes : 616185447.000000
filtered : 6602416222.000000
time : 3600.000000
