Parameters: GAD=1 vflib=1 dir=1 label=1 lowerbound=1 fileNameGp=../graphsdb/mcs30/rand/r02/mcs30_r02_s60.A37 fileNameGt=../graphsdb/mcs30/rand/r02/mcs30_r02_s60.B37
Reading graphs...
60 : 707
60 : 707
Initializing...
maxdom : 7
D->valSize : 247
Solving...
Blb : 2 (clique : 6)
currentSize : 6 <-- 0.001772 s
currentSize : 7 <-- 0.001938 s
currentSize : 8 <-- 0.002196 s
currentSize : 13 <-- 0.008033 s
currentSize : 16 <-- 0.008440 s
currentSize : 18 <-- 0.008523 s

maxsize : 18
nodes : 5140.000000
filtered : 96232.000000
time : 0.028609
