Parameters: GAD=1 vflib=1 dir=1 label=1 lowerbound=1 fileNameGp=../graphsdb/mcs30/m2D/m2Dr6/mcs30_m2Dr6_s100.A13 fileNameGt=../graphsdb/mcs30/m2D/m2Dr6/mcs30_m2Dr6_s100.B13
Reading graphs...
100 : 240
100 : 239
Initializing...
maxdom : 7
D->valSize : 338
Solving...
Blb : 2 (clique : 28)
currentSize : 28 <-- 0.003432 s
currentSize : 29 <-- 0.003710 s
currentSize : 30 <-- 0.072242 s
currentSize : 31 <-- 0.142862 s
currentSize : 32 <-- 1.344352 s
currentSize : 33 <-- 120.042160 s
currentSize : 34 <-- 560.740906 s
currentSize : 35 <-- 583.882812 s
currentSize : 36 <-- 3295.809570 s

TIMEOUT
maxsize : 36
nodes : 695074578.000000
filtered : 3600209057.000000
time : 3600.000000
