Parameters: GAD=1 vflib=1 dir=1 label=1 lowerbound=1 fileNameGp=../graphsdb/mcs30/m4D/m4Dr4/mcs30_m4Dr4_s70.A16 fileNameGt=../graphsdb/mcs30/m4D/m4Dr4/mcs30_m4Dr4_s70.B16
Reading graphs...
70 : 146
70 : 145
Initializing...
maxdom : 8
D->valSize : 305
Solving...
Blb : 2 (clique : 22)
currentSize : 22 <-- 0.002576 s
currentSize : 23 <-- 0.006854 s
currentSize : 24 <-- 0.082217 s
currentSize : 25 <-- 0.345422 s
currentSize : 26 <-- 4.210221 s
currentSize : 27 <-- 8.707581 s
currentSize : 28 <-- 20.078356 s
currentSize : 29 <-- 61.986359 s

TIMEOUT
maxsize : 29
nodes : 824609797.000000
filtered : 5243261230.000000
time : 3600.000000
