Parameters: GAD=1 vflib=1 dir=1 label=1 lowerbound=1 fileNameGp=../graphsdb/mcs30/bvg/b06/mcs30_b06_s60.A44 fileNameGt=../graphsdb/mcs30/bvg/b06/mcs30_b06_s60.B44
Reading graphs...
60 : 180
60 : 180
Initializing...
maxdom : 9
D->valSize : 249
Solving...
Blb : 2 (clique : 15)
currentSize : 15 <-- 0.001671 s
currentSize : 16 <-- 0.003175 s
currentSize : 17 <-- 0.012458 s
currentSize : 18 <-- 0.055820 s
currentSize : 19 <-- 0.705172 s
currentSize : 20 <-- 3.570104 s
currentSize : 21 <-- 26.326017 s
currentSize : 22 <-- 26.406536 s

maxsize : 22
nodes : 16121977.000000
filtered : 144006560.000000
time : 73.744362
