Parameters: GAD=1 vflib=1 dir=1 label=1 lowerbound=1 fileNameGp=../graphsdb/mcs30/bvg/b06m/mcs30_b06m_s50.A87 fileNameGt=../graphsdb/mcs30/bvg/b06m/mcs30_b06m_s50.B87
Reading graphs...
50 : 150
50 : 150
Initializing...
maxdom : 9
D->valSize : 351
Solving...
Blb : 3 (clique : 16)
currentSize : 16 <-- 0.002775 s
currentSize : 17 <-- 0.092976 s
currentSize : 18 <-- 0.259280 s
currentSize : 19 <-- 1.829349 s
currentSize : 20 <-- 5.878147 s

maxsize : 20
nodes : 11996582.000000
filtered : 217623211.000000
time : 60.375687
