Parameters: GAD=1 vflib=1 dir=1 label=1 lowerbound=1 fileNameGp=../graphsdb/mcs30/m2D/m2Dr6/mcs30_m2Dr6_s90.A62 fileNameGt=../graphsdb/mcs30/m2D/m2Dr6/mcs30_m2Dr6_s90.B62
Reading graphs...
90 : 215
90 : 215
Initializing...
maxdom : 9
D->valSize : 535
Solving...
Blb : 2 (clique : 29)
currentSize : 29 <-- 0.006169 s
currentSize : 30 <-- 0.006442 s
currentSize : 31 <-- 0.006702 s
currentSize : 32 <-- 0.006944 s
currentSize : 33 <-- 0.046258 s
currentSize : 34 <-- 0.074513 s
currentSize : 35 <-- 0.105770 s

TIMEOUT
maxsize : 35
nodes : 623903735.000000
filtered : 6972269187.000000
time : 3600.000000
