Parameters: GAD=1 vflib=1 dir=1 label=1 lowerbound=1 fileNameGp=../graphsdb/mcs30/m2D/m2D/mcs30_m2D_s50.A79 fileNameGt=../graphsdb/mcs30/m2D/m2D/mcs30_m2D_s50.B79
Reading graphs...
50 : 85
50 : 85
Initializing...
maxdom : 9
D->valSize : 331
Solving...
Blb : 2 (clique : 19)
currentSize : 19 <-- 0.003927 s
currentSize : 21 <-- 0.004098 s
currentSize : 22 <-- 0.004221 s
currentSize : 23 <-- 0.099939 s
currentSize : 24 <-- 0.395815 s
currentSize : 25 <-- 850.145691 s

maxsize : 25
nodes : 693167695.000000
filtered : 8193214398.000000
time : 3084.011719
