Parameters: GAD=1 vflib=1 dir=1 label=1 lowerbound=1 fileNameGp=../graphsdb/mcs30/bvg/b09m/mcs30_b09m_s60.A23 fileNameGt=../graphsdb/mcs30/bvg/b09m/mcs30_b09m_s60.B23
Reading graphs...
60 : 270
60 : 270
Initializing...
maxdom : 7
D->valSize : 228
Solving...
Blb : 2 (clique : 14)
currentSize : 14 <-- 0.001754 s
currentSize : 17 <-- 0.001850 s
currentSize : 18 <-- 0.002024 s
currentSize : 19 <-- 0.035992 s
currentSize : 20 <-- 0.036137 s
currentSize : 21 <-- 0.088936 s

maxsize : 21
nodes : 1134013.000000
filtered : 11307020.000000
time : 5.170633
