Parameters: GAD=1 vflib=1 dir=1 label=1 lowerbound=1 fileNameGp=../graphsdb/mcs30/m3D/m3Dr4/mcs30_m3Dr4_s70.A60 fileNameGt=../graphsdb/mcs30/m3D/m3Dr4/mcs30_m3Dr4_s70.B60
Reading graphs...
70 : 187
70 : 187
Initializing...
maxdom : 7
D->valSize : 308
Solving...
Blb : 2 (clique : 20)
currentSize : 20 <-- 0.002577 s
currentSize : 21 <-- 0.003801 s
currentSize : 22 <-- 0.004101 s
currentSize : 23 <-- 0.004127 s
currentSize : 24 <-- 0.066359 s
currentSize : 25 <-- 0.067402 s
currentSize : 26 <-- 0.149291 s
currentSize : 27 <-- 0.189373 s
currentSize : 28 <-- 0.190166 s
currentSize : 29 <-- 0.304246 s
currentSize : 30 <-- 0.308379 s

maxsize : 30
nodes : 12336745.000000
filtered : 146785622.000000
time : 66.051056
