Parameters: GAD=1 vflib=1 dir=1 label=1 lowerbound=1 fileNameGp=../graphsdb/mcs30/m3D/m3D/mcs30_m3D_s40.A85 fileNameGt=../graphsdb/mcs30/m3D/m3D/mcs30_m3D_s40.B85
Reading graphs...
40 : 84
40 : 84
Initializing...
maxdom : 10
D->valSize : 200
Solving...
Blb : 5 (clique : 12)
currentSize : 12 <-- 0.001106 s
currentSize : 13 <-- 0.001346 s
currentSize : 14 <-- 0.001500 s
currentSize : 15 <-- 0.008936 s
currentSize : 16 <-- 0.017381 s
currentSize : 17 <-- 1.927900 s

maxsize : 17
nodes : 552141.000000
filtered : 6776226.000000
time : 2.536256
