Parameters: GAD=1 vflib=1 dir=1 label=1 lowerbound=1 fileNameGp=../graphsdb/mcs30/m2D/m2Dr6/mcs30_m2Dr6_s100.A90 fileNameGt=../graphsdb/mcs30/m2D/m2Dr6/mcs30_m2Dr6_s100.B90
Reading graphs...
100 : 240
100 : 238
Initializing...
maxdom : 6
D->valSize : 321
Solving...
Blb : 2 (clique : 30)
currentSize : 30 <-- 0.003466 s
currentSize : 31 <-- 0.003768 s
currentSize : 32 <-- 0.004585 s
currentSize : 33 <-- 1.253612 s
currentSize : 34 <-- 1.946731 s
currentSize : 35 <-- 18.924608 s
currentSize : 36 <-- 36.960068 s

TIMEOUT
maxsize : 36
nodes : 635783921.000000
filtered : 3426329578.000000
time : 3600.000000
