Parameters: GAD=1 vflib=1 dir=1 label=1 lowerbound=1 fileNameGp=../graphsdb/mcs30/m4D/m4D/mcs30_m4D_s90.A37 fileNameGt=../graphsdb/mcs30/m4D/m4D/mcs30_m4D_s90.B37
Reading graphs...
90 : 146
90 : 146
Initializing...
maxdom : 9
D->valSize : 564
Solving...
Blb : 5 (clique : 35)
currentSize : 35 <-- 0.007222 s
currentSize : 37 <-- 0.007498 s
currentSize : 38 <-- 0.007660 s
currentSize : 39 <-- 0.028383 s
currentSize : 40 <-- 54.520004 s
currentSize : 41 <-- 90.983681 s

TIMEOUT
maxsize : 41
nodes : 678246430.000000
filtered : 5101681698.000000
time : 3600.000000
