Parameters: GAD=1 vflib=1 dir=1 label=1 lowerbound=1 fileNameGp=../graphsdb/mcs30/m2D/m2Dr2/mcs30_m2Dr2_s60.A35 fileNameGt=../graphsdb/mcs30/m2D/m2Dr2/mcs30_m2Dr2_s60.B35
Reading graphs...
60 : 116
60 : 116
Initializing...
maxdom : 9
D->valSize : 262
Solving...
Blb : 2 (clique : 21)
currentSize : 21 <-- 0.003078 s
currentSize : 22 <-- 0.047889 s
currentSize : 23 <-- 1.055913 s
currentSize : 24 <-- 1.388917 s
currentSize : 25 <-- 2.896950 s
currentSize : 26 <-- 76.293991 s
currentSize : 27 <-- 217.625900 s

maxsize : 27
nodes : 85504724.000000
filtered : 723816749.000000
time : 381.798523
