Parameters: GAD=1 vflib=1 dir=1 label=1 lowerbound=1 fileNameGp=../graphsdb/mcs30/bvg/b09/mcs30_b09_s60.A19 fileNameGt=../graphsdb/mcs30/bvg/b09/mcs30_b09_s60.B19
Reading graphs...
60 : 270
60 : 270
Initializing...
maxdom : 5
D->valSize : 223
Solving...
Blb : 3 (clique : 15)
currentSize : 15 <-- 0.002325 s
currentSize : 16 <-- 0.003604 s
currentSize : 17 <-- 0.050469 s
currentSize : 18 <-- 0.428744 s
currentSize : 19 <-- 0.891735 s
currentSize : 20 <-- 4.262558 s

maxsize : 20
nodes : 1752950.000000
filtered : 15667839.000000
time : 7.798085
