Parameters: GAD=1 vflib=1 dir=1 label=1 lowerbound=1 fileNameGp=../graphsdb/mcs30/rand/r02/mcs30_r02_s80.A33 fileNameGt=../graphsdb/mcs30/rand/r02/mcs30_r02_s80.B33
Reading graphs...
80 : 1263
80 : 1263
Initializing...
maxdom : 12
D->valSize : 401
Solving...
Blb : 3 (clique : 8)
currentSize : 8 <-- 0.003873 s
currentSize : 9 <-- 0.004026 s
currentSize : 10 <-- 0.011222 s
currentSize : 12 <-- 0.076637 s
currentSize : 13 <-- 0.099592 s
currentSize : 14 <-- 0.121971 s
currentSize : 18 <-- 0.167668 s
currentSize : 24 <-- 0.167775 s

maxsize : 24
nodes : 41774.000000
filtered : 707662.000000
time : 0.242601
