Parameters: GAD=1 vflib=1 dir=1 label=1 lowerbound=1 fileNameGp=../graphsdb/mcs30/m2D/m2D/mcs30_m2D_s90.A32 fileNameGt=../graphsdb/mcs30/m2D/m2D/mcs30_m2D_s90.B32
Reading graphs...
90 : 161
90 : 161
Initializing...
maxdom : 10
D->valSize : 521
Solving...
Blb : 2 (clique : 32)
currentSize : 32 <-- 0.006071 s
currentSize : 33 <-- 0.006389 s
currentSize : 34 <-- 0.021328 s
currentSize : 35 <-- 1.235509 s
currentSize : 36 <-- 166.716354 s
currentSize : 37 <-- 386.260590 s
currentSize : 38 <-- 698.166626 s

TIMEOUT
maxsize : 38
nodes : 691588495.000000
filtered : 5776674770.000000
time : 3600.000000
