Parameters: GAD=1 vflib=1 dir=1 label=1 lowerbound=1 fileNameGp=../graphsdb/mcs30/m4D/m4Dr2/mcs30_m4Dr2_s50.A29 fileNameGt=../graphsdb/mcs30/m4D/m4Dr2/mcs30_m4Dr2_s50.B29
Reading graphs...
50 : 97
50 : 97
Initializing...
maxdom : 10
D->valSize : 325
Solving...
Blb : 2 (clique : 20)
currentSize : 20 <-- 0.003791 s
currentSize : 21 <-- 0.336587 s
currentSize : 22 <-- 7.398465 s
currentSize : 23 <-- 151.178177 s
currentSize : 24 <-- 151.186127 s

maxsize : 24
nodes : 71333023.000000
filtered : 997652775.000000
time : 336.748138
