Parameters: GAD=1 vflib=1 dir=1 label=1 lowerbound=1 fileNameGp=../graphsdb/mcs30/bvg/b06/mcs30_b06_s40.A60 fileNameGt=../graphsdb/mcs30/bvg/b06/mcs30_b06_s40.B60
Reading graphs...
40 : 120
40 : 120
Initializing...
maxdom : 8
D->valSize : 200
Solving...
Blb : 2 (clique : 11)
currentSize : 11 <-- 0.001285 s
currentSize : 12 <-- 0.001406 s
currentSize : 13 <-- 0.001874 s
currentSize : 14 <-- 0.028346 s
currentSize : 15 <-- 0.028548 s
currentSize : 16 <-- 0.158255 s
currentSize : 17 <-- 0.204850 s

maxsize : 17
nodes : 96943.000000
filtered : 1053972.000000
time : 0.372674
