Parameters: GAD=1 vflib=1 dir=1 label=1 lowerbound=1 fileNameGp=../graphsdb/mcs30/m3D/m3Dr4/mcs30_m3Dr4_s80.A88 fileNameGt=../graphsdb/mcs30/m3D/m3Dr4/mcs30_m3Dr4_s80.B88
Reading graphs...
80 : 216
80 : 214
Initializing...
maxdom : 9
D->valSize : 425
Solving...
Blb : 2 (clique : 29)
currentSize : 29 <-- 0.006764 s
currentSize : 30 <-- 0.007156 s
currentSize : 31 <-- 0.007286 s
currentSize : 32 <-- 0.015867 s
currentSize : 33 <-- 0.036274 s
currentSize : 34 <-- 0.441130 s

TIMEOUT
maxsize : 34
nodes : 633916250.000000
filtered : 7273921563.000000
time : 3600.000000
