Parameters: GAD=1 vflib=1 dir=1 label=1 lowerbound=1 fileNameGp=../graphsdb/mcs30/m2D/m2Dr4/mcs30_m2Dr4_s50.A69 fileNameGt=../graphsdb/mcs30/m2D/m2Dr4/mcs30_m2Dr4_s50.B69
Reading graphs...
50 : 105
50 : 103
Initializing...
maxdom : 9
D->valSize : 330
Solving...
Blb : 2 (clique : 19)
currentSize : 19 <-- 0.002359 s
currentSize : 20 <-- 3.042152 s
currentSize : 21 <-- 29.685272 s
currentSize : 22 <-- 34.736252 s
currentSize : 23 <-- 97.185677 s

maxsize : 23
nodes : 65148529.000000
filtered : 877562822.000000
time : 307.925812
