Parameters: GAD=1 vflib=1 dir=1 label=1 lowerbound=1 fileNameGp=../graphsdb/mcs30/rand/r01/mcs30_r01_s35.A02 fileNameGt=../graphsdb/mcs30/rand/r01/mcs30_r01_s35.B02
Reading graphs...
35 : 119
35 : 119
Initializing...
maxdom : 7
D->valSize : 147
Solving...
Blb : 2 (clique : 9)
currentSize : 9 <-- 0.000774 s
currentSize : 10 <-- 0.001615 s
currentSize : 11 <-- 0.001675 s
currentSize : 12 <-- 0.004199 s
currentSize : 13 <-- 0.077951 s

maxsize : 13
nodes : 34470.000000
filtered : 357223.000000
time : 0.126237
