Parameters: GAD=1 vflib=1 dir=1 label=1 lowerbound=1 fileNameGp=../graphsdb/mcs30/m2D/m2D/mcs30_m2D_s50.A25 fileNameGt=../graphsdb/mcs30/m2D/m2D/mcs30_m2D_s50.B25
Reading graphs...
50 : 85
50 : 85
Initializing...
maxdom : 10
D->valSize : 299
Solving...
Blb : 2 (clique : 19)
currentSize : 19 <-- 0.002274 s
currentSize : 20 <-- 0.058255 s
currentSize : 21 <-- 0.151706 s
currentSize : 22 <-- 17.902437 s
currentSize : 23 <-- 56.266079 s
currentSize : 24 <-- 57.608921 s

maxsize : 24
nodes : 65215034.000000
filtered : 930407166.000000
time : 310.738617
