Parameters: GAD=1 vflib=1 dir=1 label=1 lowerbound=1 fileNameGp=../graphsdb/mcs30/bvg/b06m/mcs30_b06m_s40.A17 fileNameGt=../graphsdb/mcs30/bvg/b06m/mcs30_b06m_s40.B17
Reading graphs...
40 : 120
40 : 120
Initializing...
maxdom : 7
D->valSize : 205
Solving...
Blb : 2 (clique : 9)
currentSize : 9 <-- 0.001397 s
currentSize : 10 <-- 0.001465 s
currentSize : 11 <-- 0.002043 s
currentSize : 12 <-- 0.008357 s
currentSize : 13 <-- 0.042082 s
currentSize : 14 <-- 0.058424 s
currentSize : 15 <-- 0.072815 s

maxsize : 15
nodes : 126726.000000
filtered : 2164582.000000
time : 0.552629
