Parameters: GAD=1 vflib=1 dir=1 label=1 lowerbound=1 fileNameGp=../graphsdb/mcs30/rand/r02/mcs30_r02_s80.A37 fileNameGt=../graphsdb/mcs30/rand/r02/mcs30_r02_s80.B37
Reading graphs...
80 : 1263
80 : 1263
Initializing...
maxdom : 8
D->valSize : 423
Solving...
Blb : 2 (clique : 9)
currentSize : 9 <-- 0.003701 s
currentSize : 10 <-- 0.007423 s
currentSize : 11 <-- 0.019407 s
currentSize : 13 <-- 0.030990 s
currentSize : 15 <-- 0.130702 s
currentSize : 24 <-- 0.130787 s

maxsize : 24
nodes : 44039.000000
filtered : 998339.000000
time : 0.277524
