Parameters: GAD=1 vflib=1 dir=1 label=1 lowerbound=1 fileNameGp=../graphsdb/mcs30/bvg/b06/mcs30_b06_s60.A53 fileNameGt=../graphsdb/mcs30/bvg/b06/mcs30_b06_s60.B53
Reading graphs...
60 : 180
60 : 180
Initializing...
maxdom : 8
D->valSize : 239
Solving...
Blb : 2 (clique : 17)
currentSize : 17 <-- 0.002615 s
currentSize : 18 <-- 0.002888 s
currentSize : 19 <-- 0.040700 s
currentSize : 20 <-- 0.092772 s
currentSize : 21 <-- 0.092826 s
currentSize : 22 <-- 0.145193 s

maxsize : 22
nodes : 2280566.000000
filtered : 24920597.000000
time : 10.802358
