Parameters: GAD=1 vflib=1 dir=1 label=1 lowerbound=1 fileNameGp=../graphsdb/mcs30/m4D/m4Dr6/mcs30_m4Dr6_s50.A28 fileNameGt=../graphsdb/mcs30/m4D/m4Dr6/mcs30_m4Dr6_s50.B28
Reading graphs...
50 : 117
50 : 116
Initializing...
maxdom : 9
D->valSize : 309
Solving...
Blb : 3 (clique : 16)
currentSize : 16 <-- 0.002265 s
currentSize : 17 <-- 0.003394 s
currentSize : 18 <-- 0.004782 s
currentSize : 19 <-- 2.357937 s
currentSize : 20 <-- 5.712230 s
currentSize : 21 <-- 88.161201 s
currentSize : 22 <-- 131.974121 s
currentSize : 23 <-- 165.393295 s

maxsize : 23
nodes : 38734212.000000
filtered : 475944471.000000
time : 180.838730
