Parameters: GAD=1 vflib=1 dir=1 label=1 lowerbound=1 fileNameGp=../graphsdb/mcs30/m3D/m3Dr6/mcs30_m3Dr6_s80.A55 fileNameGt=../graphsdb/mcs30/m3D/m3Dr6/mcs30_m3Dr6_s80.B55
Reading graphs...
80 : 232
80 : 231
Initializing...
maxdom : 10
D->valSize : 425
Solving...
Blb : 2 (clique : 22)
currentSize : 22 <-- 0.004054 s
currentSize : 23 <-- 0.004256 s
currentSize : 24 <-- 0.004592 s
currentSize : 25 <-- 0.007621 s
currentSize : 26 <-- 1.105841 s
currentSize : 27 <-- 8.552896 s
currentSize : 28 <-- 11.999926 s
currentSize : 29 <-- 249.380173 s
currentSize : 30 <-- 249.529892 s
currentSize : 31 <-- 583.395630 s

TIMEOUT
maxsize : 31
nodes : 682679378.000000
filtered : 6439299808.000000
time : 3600.000000
