Parameters: GAD=1 vflib=1 dir=1 label=1 lowerbound=1 fileNameGp=../graphsdb/mcs30/m2D/m2D/mcs30_m2D_s100.A32 fileNameGt=../graphsdb/mcs30/m2D/m2D/mcs30_m2D_s100.B32
Reading graphs...
100 : 180
100 : 180
Initializing...
maxdom : 8
D->valSize : 331
Solving...
Blb : 2 (clique : 30)
currentSize : 30 <-- 0.005395 s
currentSize : 31 <-- 0.032939 s
currentSize : 32 <-- 2.298288 s
currentSize : 33 <-- 3.763630 s
currentSize : 34 <-- 6.908726 s
currentSize : 35 <-- 485.028503 s

TIMEOUT
maxsize : 35
nodes : 747530475.000000
filtered : 3388644682.000000
time : 3600.000000
