Parameters: GAD=1 vflib=1 dir=1 label=1 lowerbound=1 fileNameGp=../graphsdb/mcs30/rand/r02/mcs30_r02_s40.A74 fileNameGt=../graphsdb/mcs30/rand/r02/mcs30_r02_s40.B74
Reading graphs...
40 : 311
40 : 311
Initializing...
maxdom : 10
D->valSize : 244
Solving...
Blb : 2 (clique : 6)
currentSize : 6 <-- 0.001342 s
currentSize : 7 <-- 0.001423 s
currentSize : 8 <-- 0.001787 s
currentSize : 9 <-- 0.002846 s
currentSize : 10 <-- 0.024593 s
currentSize : 12 <-- 0.024687 s

maxsize : 12
nodes : 8852.000000
filtered : 170744.000000
time : 0.039250
