Parameters: GAD=1 vflib=1 dir=1 label=1 lowerbound=1 fileNameGp=../graphsdb/mcs30/bvg/b06m/mcs30_b06m_s60.A59 fileNameGt=../graphsdb/mcs30/bvg/b06m/mcs30_b06m_s60.B59
Reading graphs...
60 : 180
60 : 180
Initializing...
maxdom : 8
D->valSize : 267
Solving...
Blb : 2 (clique : 19)
currentSize : 19 <-- 0.002001 s
currentSize : 21 <-- 0.002128 s
currentSize : 22 <-- 0.002690 s
currentSize : 23 <-- 0.005615 s
currentSize : 24 <-- 0.919641 s

maxsize : 24
nodes : 28576424.000000
filtered : 282521999.000000
time : 134.016403
