Parameters: GAD=1 vflib=1 dir=1 label=1 lowerbound=1 fileNameGp=../graphsdb/mcs30/rand/r005/mcs30_r005_s80.A75 fileNameGt=../graphsdb/mcs30/rand/r005/mcs30_r005_s80.B75
Reading graphs...
80 : 315
80 : 315
Initializing...
maxdom : 8
D->valSize : 430
Solving...
Blb : 2 (clique : 23)
currentSize : 23 <-- 0.004320 s
currentSize : 24 <-- 0.005420 s
currentSize : 25 <-- 0.005731 s
currentSize : 26 <-- 0.406408 s
currentSize : 27 <-- 70.717712 s
currentSize : 28 <-- 71.193848 s

TIMEOUT
maxsize : 28
nodes : 624498439.000000
filtered : 7740952931.000000
time : 3600.000000
