Parameters: GAD=1 vflib=1 dir=1 label=1 lowerbound=1 fileNameGp=../graphsdb/mcs30/bvg/b06m/mcs30_b06m_s60.A83 fileNameGt=../graphsdb/mcs30/bvg/b06m/mcs30_b06m_s60.B83
Reading graphs...
60 : 180
60 : 180
Initializing...
maxdom : 6
D->valSize : 217
Solving...
Blb : 5 (clique : 17)
currentSize : 17 <-- 0.001472 s
currentSize : 18 <-- 0.003193 s
currentSize : 19 <-- 0.024063 s
currentSize : 20 <-- 0.045847 s
currentSize : 21 <-- 0.047003 s
currentSize : 22 <-- 8.638235 s
currentSize : 23 <-- 20.479736 s

maxsize : 23
nodes : 21253097.000000
filtered : 135129190.000000
time : 89.117241
