Parameters: GAD=1 vflib=1 dir=1 label=1 lowerbound=1 fileNameGp=../graphsdb/mcs30/m3D/m3Dr2/mcs30_m3Dr2_s70.A58 fileNameGt=../graphsdb/mcs30/m3D/m3Dr2/mcs30_m3Dr2_s70.B58
Reading graphs...
70 : 173
70 : 173
Initializing...
maxdom : 8
D->valSize : 320
Solving...
Blb : 2 (clique : 22)
currentSize : 22 <-- 0.002951 s
currentSize : 23 <-- 0.006551 s
currentSize : 24 <-- 5.911902 s
currentSize : 25 <-- 53.126022 s
currentSize : 26 <-- 53.127247 s
currentSize : 27 <-- 63.500565 s
currentSize : 28 <-- 320.968262 s
currentSize : 29 <-- 531.596619 s
currentSize : 30 <-- 640.951721 s
currentSize : 31 <-- 640.978699 s

maxsize : 31
nodes : 260526538.000000
filtered : 2101719877.000000
time : 1269.062256
