Parameters: GAD=1 vflib=1 dir=1 label=1 lowerbound=1 fileNameGp=../graphsdb/mcs30/m4D/m4Dr6/mcs30_m4Dr6_s80.A17 fileNameGt=../graphsdb/mcs30/m4D/m4Dr6/mcs30_m4Dr6_s80.B17
Reading graphs...
80 : 179
80 : 178
Initializing...
maxdom : 8
D->valSize : 431
Solving...
Blb : 2 (clique : 27)
currentSize : 27 <-- 0.004272 s
currentSize : 29 <-- 0.004476 s
currentSize : 31 <-- 0.005070 s
currentSize : 32 <-- 0.007377 s
currentSize : 33 <-- 0.061302 s
currentSize : 34 <-- 0.198445 s

TIMEOUT
maxsize : 34
nodes : 639855385.000000
filtered : 7030978066.000000
time : 3600.000000
