Parameters: GAD=1 vflib=1 dir=1 label=1 lowerbound=1 fileNameGp=../graphsdb/mcs30/m4D/m4Dr6/mcs30_m4Dr6_s60.A02 fileNameGt=../graphsdb/mcs30/m4D/m4Dr6/mcs30_m4Dr6_s60.B02
Reading graphs...
60 : 138
60 : 136
Initializing...
maxdom : 7
D->valSize : 224
Solving...
Blb : 2 (clique : 18)
currentSize : 18 <-- 0.002517 s
currentSize : 19 <-- 0.136863 s
currentSize : 20 <-- 3.956841 s
currentSize : 21 <-- 5.490195 s
currentSize : 22 <-- 10.073967 s
currentSize : 23 <-- 24.903152 s
currentSize : 24 <-- 32.602661 s

maxsize : 24
nodes : 9649113.000000
filtered : 84211965.000000
time : 43.694508
