Parameters: GAD=1 vflib=1 dir=1 label=1 lowerbound=1 fileNameGp=../graphsdb/mcs30/m2D/m2Dr2/mcs30_m2Dr2_s90.A56 fileNameGt=../graphsdb/mcs30/m2D/m2Dr2/mcs30_m2Dr2_s90.B56
Reading graphs...
90 : 179
90 : 179
Initializing...
maxdom : 11
D->valSize : 518
Solving...
Blb : 2 (clique : 31)
currentSize : 31 <-- 0.010596 s
currentSize : 32 <-- 0.882398 s
currentSize : 33 <-- 12.573537 s
currentSize : 34 <-- 77.013939 s
currentSize : 35 <-- 219.829330 s
currentSize : 36 <-- 1561.335327 s

TIMEOUT
maxsize : 36
nodes : 650197600.000000
filtered : 6025661218.000000
time : 3600.000000
