Parameters: GAD=1 vflib=1 dir=1 label=1 lowerbound=1 fileNameGp=../graphsdb/mcs30/bvg/b06m/mcs30_b06m_s100.A28 fileNameGt=../graphsdb/mcs30/bvg/b06m/mcs30_b06m_s100.B28
Reading graphs...
100 : 300
100 : 300
Initializing...
maxdom : 8
D->valSize : 328
Solving...
Blb : 2 (clique : 31)
currentSize : 31 <-- 0.003523 s
currentSize : 32 <-- 8.572265 s
currentSize : 33 <-- 47.987000 s
currentSize : 34 <-- 55.984528 s
currentSize : 35 <-- 1020.735229 s
currentSize : 36 <-- 1186.558594 s
currentSize : 37 <-- 1512.681641 s

TIMEOUT
maxsize : 37
nodes : 694962219.000000
filtered : 3549582278.000000
time : 3600.000000
