Parameters: GAD=1 vflib=1 dir=1 label=1 lowerbound=1 fileNameGp=../graphsdb/mcs30/m3D/m3Dr4/mcs30_m3Dr4_s70.A00 fileNameGt=../graphsdb/mcs30/m3D/m3Dr4/mcs30_m3Dr4_s70.B00
Reading graphs...
70 : 187
70 : 187
Initializing...
maxdom : 7
D->valSize : 325
Solving...
Blb : 2 (clique : 20)
currentSize : 20 <-- 0.002735 s
currentSize : 21 <-- 0.004978 s
currentSize : 22 <-- 0.005811 s
currentSize : 23 <-- 0.009778 s
currentSize : 24 <-- 0.670871 s
currentSize : 25 <-- 0.953848 s
currentSize : 26 <-- 46.116505 s
currentSize : 27 <-- 173.914627 s
currentSize : 28 <-- 599.827209 s

maxsize : 28
nodes : 227279289.000000
filtered : 2340715493.000000
time : 1134.828247
