Parameters: GAD=1 vflib=1 dir=1 label=1 lowerbound=1 fileNameGp=../graphsdb/mcs30/rand/r01/mcs30_r01_s40.A79 fileNameGt=../graphsdb/mcs30/rand/r01/mcs30_r01_s40.B79
Reading graphs...
40 : 155
40 : 155
Initializing...
maxdom : 9
D->valSize : 209
Solving...
Blb : 2 (clique : 9)
currentSize : 9 <-- 0.001245 s
currentSize : 10 <-- 0.001330 s
currentSize : 11 <-- 0.002543 s
currentSize : 12 <-- 0.004229 s
currentSize : 13 <-- 0.024522 s
currentSize : 14 <-- 0.088433 s

maxsize : 14
nodes : 39150.000000
filtered : 535541.000000
time : 0.165294
