Parameters: GAD=1 vflib=1 dir=1 label=1 lowerbound=1 fileNameGp=../graphsdb/mcs30/rand/r02/mcs30_r02_s40.A99 fileNameGt=../graphsdb/mcs30/rand/r02/mcs30_r02_s40.B99
Reading graphs...
40 : 311
40 : 311
Initializing...
maxdom : 9
D->valSize : 211
Solving...
Blb : 2 (clique : 7)
currentSize : 7 <-- 0.001123 s
currentSize : 8 <-- 0.002970 s
currentSize : 9 <-- 0.005070 s
currentSize : 10 <-- 0.005411 s
currentSize : 12 <-- 0.007155 s

maxsize : 12
nodes : 4335.000000
filtered : 83005.000000
time : 0.019702
