Parameters: GAD=1 vflib=1 dir=1 label=1 lowerbound=1 fileNameGp=../graphsdb/mcs30/m3D/m3Dr6/mcs30_m3Dr6_s40.A37 fileNameGt=../graphsdb/mcs30/m3D/m3Dr6/mcs30_m3Dr6_s40.B37
Reading graphs...
40 : 107
40 : 105
Initializing...
maxdom : 9
D->valSize : 228
Solving...
Blb : 2 (clique : 12)
currentSize : 12 <-- 0.002073 s
currentSize : 13 <-- 0.002228 s
currentSize : 14 <-- 0.002693 s
currentSize : 15 <-- 0.019508 s
currentSize : 16 <-- 0.575399 s

maxsize : 16
nodes : 415116.000000
filtered : 5742815.000000
time : 1.786553
