Parameters: GAD=1 vflib=1 dir=1 label=1 lowerbound=1 fileNameGp=../graphsdb/mcs30/m2D/m2Dr4/mcs30_m2Dr4_s70.A60 fileNameGt=../graphsdb/mcs30/m2D/m2Dr4/mcs30_m2Dr4_s70.B60
Reading graphs...
70 : 151
70 : 151
Initializing...
maxdom : 9
D->valSize : 350
Solving...
Blb : 3 (clique : 24)
currentSize : 24 <-- 0.004891 s
currentSize : 25 <-- 0.009232 s
currentSize : 26 <-- 0.326880 s
currentSize : 27 <-- 0.479095 s
currentSize : 28 <-- 0.772152 s
currentSize : 29 <-- 16.526571 s
currentSize : 30 <-- 126.874100 s
currentSize : 31 <-- 137.680786 s
currentSize : 32 <-- 262.215881 s

maxsize : 32
nodes : 249670476.000000
filtered : 2731934666.000000
time : 1318.898804
