Parameters: GAD=1 vflib=1 dir=1 label=1 lowerbound=1 fileNameGp=../graphsdb/mcs30/rand/r02/mcs30_r02_s40.A76 fileNameGt=../graphsdb/mcs30/rand/r02/mcs30_r02_s40.B76
Reading graphs...
40 : 311
40 : 311
Initializing...
maxdom : 8
D->valSize : 209
Solving...
Blb : 2 (clique : 6)
currentSize : 6 <-- 0.001122 s
currentSize : 7 <-- 0.001209 s
currentSize : 8 <-- 0.001249 s
currentSize : 9 <-- 0.006658 s
currentSize : 12 <-- 0.006739 s

maxsize : 12
nodes : 6447.000000
filtered : 122930.000000
time : 0.028734
