Parameters: GAD=1 vflib=1 dir=1 label=1 lowerbound=1 fileNameGp=../graphsdb/mcs30/rand/r005/mcs30_r005_s60.A44 fileNameGt=../graphsdb/mcs30/rand/r005/mcs30_r005_s60.B44
Reading graphs...
60 : 179
60 : 179
Initializing...
maxdom : 6
D->valSize : 238
Solving...
Blb : 2 (clique : 16)
currentSize : 16 <-- 0.001919 s
currentSize : 18 <-- 0.002018 s
currentSize : 19 <-- 0.005167 s
currentSize : 20 <-- 0.026584 s
currentSize : 21 <-- 55.764725 s

maxsize : 21
nodes : 21938802.000000
filtered : 211861169.000000
time : 99.162308
