Parameters: GAD=1 vflib=1 dir=1 label=1 lowerbound=1 fileNameGp=../graphsdb/mcs30/m4D/m4Dr6/mcs30_m4Dr6_s50.A12 fileNameGt=../graphsdb/mcs30/m4D/m4Dr6/mcs30_m4Dr6_s50.B12
Reading graphs...
50 : 117
50 : 116
Initializing...
maxdom : 9
D->valSize : 321
Solving...
Blb : 2 (clique : 16)
currentSize : 16 <-- 0.002305 s
currentSize : 17 <-- 0.008055 s
currentSize : 18 <-- 0.008103 s
currentSize : 19 <-- 14.430058 s
currentSize : 21 <-- 28.671017 s
currentSize : 22 <-- 28.671057 s
currentSize : 23 <-- 28.673168 s

maxsize : 23
nodes : 10446262.000000
filtered : 126856726.000000
time : 44.964153
