Parameters: GAD=1 vflib=1 dir=1 label=1 lowerbound=1 fileNameGp=../graphsdb/mcs30/m4D/m4Dr2/mcs30_m4Dr2_s90.A06 fileNameGt=../graphsdb/mcs30/m4D/m4Dr2/mcs30_m4Dr2_s90.B06
Reading graphs...
90 : 164
90 : 163
Initializing...
maxdom : 11
D->valSize : 540
Solving...
Blb : 2 (clique : 33)
currentSize : 33 <-- 0.010631 s
currentSize : 34 <-- 0.011255 s
currentSize : 35 <-- 0.171322 s
currentSize : 36 <-- 5.777043 s
currentSize : 37 <-- 195.936523 s
currentSize : 38 <-- 1131.547119 s
currentSize : 39 <-- 2238.622070 s

TIMEOUT
maxsize : 39
nodes : 753797500.000000
filtered : 4610263737.000000
time : 3600.000000
