Parameters: GAD=1 vflib=1 dir=1 label=1 lowerbound=1 fileNameGp=../graphsdb/mcs30/rand/r01/mcs30_r01_s40.A50 fileNameGt=../graphsdb/mcs30/rand/r01/mcs30_r01_s40.B50
Reading graphs...
40 : 155
40 : 155
Initializing...
maxdom : 8
D->valSize : 225
Solving...
Blb : 2 (clique : 9)
currentSize : 9 <-- 0.001973 s
currentSize : 10 <-- 0.005789 s
currentSize : 11 <-- 0.016570 s
currentSize : 12 <-- 0.455019 s
currentSize : 13 <-- 0.455080 s

maxsize : 13
nodes : 309371.000000
filtered : 3735622.000000
time : 1.393958
