Parameters: GAD=1 vflib=1 dir=1 label=1 lowerbound=1 fileNameGp=../graphsdb/mcs30/bvg/b09/mcs30_b09_s40.A74 fileNameGt=../graphsdb/mcs30/bvg/b09/mcs30_b09_s40.B74
Reading graphs...
40 : 180
40 : 180
Initializing...
maxdom : 12
D->valSize : 219
Solving...
Blb : 2 (clique : 10)
currentSize : 10 <-- 0.001256 s
currentSize : 11 <-- 0.002214 s
currentSize : 12 <-- 0.010488 s
currentSize : 13 <-- 0.010527 s
currentSize : 14 <-- 0.035046 s

maxsize : 14
nodes : 14955.000000
filtered : 229378.000000
time : 0.061528
