Parameters: GAD=1 vflib=1 dir=1 label=1 lowerbound=1 fileNameGp=../graphsdb/mcs30/rand/r02/mcs30_r02_s100.A74 fileNameGt=../graphsdb/mcs30/rand/r02/mcs30_r02_s100.B74
Reading graphs...
100 : 1979
100 : 1979
Initializing...
maxdom : 8
D->valSize : 350
Solving...
Blb : 2 (clique : 10)
currentSize : 10 <-- 0.005041 s
currentSize : 12 <-- 0.006804 s
currentSize : 17 <-- 0.007793 s
currentSize : 21 <-- 0.029532 s
currentSize : 30 <-- 0.036005 s

maxsize : 30
nodes : 13745.000000
filtered : 257824.000000
time : 0.120632
