Parameters: GAD=1 vflib=1 dir=1 label=1 lowerbound=1 fileNameGp=../graphsdb/mcs30/rand/r005/mcs30_r005_s100.A03 fileNameGt=../graphsdb/mcs30/rand/r005/mcs30_r005_s100.B03
Reading graphs...
100 : 494
100 : 494
Initializing...
maxdom : 8
D->valSize : 329
Solving...
Blb : 2 (clique : 21)
currentSize : 21 <-- 0.005011 s
currentSize : 22 <-- 0.005394 s
currentSize : 23 <-- 0.005937 s
currentSize : 24 <-- 7.494613 s
currentSize : 25 <-- 7.799352 s
currentSize : 26 <-- 46.830109 s
currentSize : 27 <-- 2394.190918 s
currentSize : 28 <-- 2436.198486 s

TIMEOUT
maxsize : 28
nodes : 654916908.000000
filtered : 4093117396.000000
time : 3600.000000
