Parameters: GAD=1 vflib=1 dir=1 label=1 lowerbound=1 fileNameGp=../graphsdb/mcs30/m3D/m3Dr2/mcs30_m3Dr2_s70.A66 fileNameGt=../graphsdb/mcs30/m3D/m3Dr2/mcs30_m3Dr2_s70.B66
Reading graphs...
70 : 173
70 : 173
Initializing...
maxdom : 9
D->valSize : 335
Solving...
Blb : 3 (clique : 26)
currentSize : 26 <-- 0.002825 s
currentSize : 27 <-- 1.846295 s
currentSize : 28 <-- 59.118538 s
currentSize : 29 <-- 107.557457 s
currentSize : 30 <-- 109.656586 s
currentSize : 31 <-- 1217.783447 s

maxsize : 31
nodes : 403030184.000000
filtered : 4374129180.000000
time : 2085.582275
