Parameters: GAD=1 vflib=1 dir=1 label=1 lowerbound=1 fileNameGp=../graphsdb/mcs30/bvg/b06m/mcs30_b06m_s40.A77 fileNameGt=../graphsdb/mcs30/bvg/b06m/mcs30_b06m_s40.B77
Reading graphs...
40 : 120
40 : 120
Initializing...
maxdom : 8
D->valSize : 215
Solving...
Blb : 2 (clique : 10)
currentSize : 10 <-- 0.001295 s
currentSize : 11 <-- 0.001409 s
currentSize : 12 <-- 0.001676 s
currentSize : 13 <-- 0.005444 s
currentSize : 15 <-- 0.007830 s
currentSize : 16 <-- 0.037255 s

maxsize : 16
nodes : 125270.000000
filtered : 1398755.000000
time : 0.536052
