Parameters: GAD=1 vflib=1 dir=1 label=1 lowerbound=1 fileNameGp=../graphsdb/mcs30/rand/r01/mcs30_r01_s25.A03 fileNameGt=../graphsdb/mcs30/rand/r01/mcs30_r01_s25.B03
Reading graphs...
25 : 62
25 : 62
Initializing...
maxdom : 12
D->valSize : 211
Solving...
Blb : 2 (clique : 7)
currentSize : 7 <-- 0.001052 s
currentSize : 8 <-- 0.001107 s
currentSize : 9 <-- 0.001169 s
currentSize : 10 <-- 0.001208 s
currentSize : 11 <-- 0.001406 s

maxsize : 11
nodes : 3708.000000
filtered : 99980.000000
time : 0.018615
