Parameters: GAD=1 vflib=1 dir=1 label=1 lowerbound=1 fileNameGp=../graphsdb/mcs30/m2D/m2Dr4/mcs30_m2Dr4_s80.A68 fileNameGt=../graphsdb/mcs30/m2D/m2Dr4/mcs30_m2Dr4_s80.B68
Reading graphs...
80 : 174
80 : 171
Initializing...
maxdom : 8
D->valSize : 411
Solving...
Blb : 2 (clique : 27)
currentSize : 27 <-- 0.003958 s
currentSize : 28 <-- 0.004194 s
currentSize : 29 <-- 0.015548 s
currentSize : 30 <-- 2.998542 s
currentSize : 31 <-- 150.221863 s
currentSize : 32 <-- 819.806702 s
currentSize : 33 <-- 1219.388184 s
currentSize : 34 <-- 1382.107178 s
currentSize : 35 <-- 2074.500977 s

TIMEOUT
maxsize : 35
nodes : 718723582.000000
filtered : 5093542836.000000
time : 3600.000000
