Parameters: GAD=1 vflib=1 dir=1 label=1 lowerbound=1 fileNameGp=../graphsdb/mcs30/rand/r01/mcs30_r01_s40.A28 fileNameGt=../graphsdb/mcs30/rand/r01/mcs30_r01_s40.B28
Reading graphs...
40 : 155
40 : 155
Initializing...
maxdom : 7
D->valSize : 202
Solving...
Blb : 5 (clique : 9)
currentSize : 9 <-- 0.001697 s
currentSize : 10 <-- 0.001865 s
currentSize : 11 <-- 0.005455 s
currentSize : 12 <-- 0.008993 s
currentSize : 13 <-- 0.032554 s

maxsize : 13
nodes : 101904.000000
filtered : 1266711.000000
time : 0.416246
