Parameters: GAD=1 vflib=1 dir=1 label=1 lowerbound=1 fileNameGp=../graphsdb/mcs30/m2D/m2D/mcs30_m2D_s100.A58 fileNameGt=../graphsdb/mcs30/m2D/m2D/mcs30_m2D_s100.B58
Reading graphs...
100 : 180
100 : 180
Initializing...
maxdom : 6
D->valSize : 341
Solving...
Blb : 2 (clique : 33)
currentSize : 33 <-- 0.005742 s
currentSize : 34 <-- 0.062240 s
currentSize : 35 <-- 67.291138 s
currentSize : 36 <-- 117.745407 s
currentSize : 37 <-- 229.533279 s
currentSize : 38 <-- 496.726349 s
currentSize : 39 <-- 990.347656 s

TIMEOUT
maxsize : 39
nodes : 728326827.000000
filtered : 3150765469.000000
time : 3600.000000
