Parameters: GAD=1 vflib=1 dir=1 label=1 lowerbound=1 fileNameGp=../graphsdb/mcs30/rand/r02/mcs30_r02_s100.A39 fileNameGt=../graphsdb/mcs30/rand/r02/mcs30_r02_s100.B39
Reading graphs...
100 : 1979
100 : 1979
Initializing...
maxdom : 8
D->valSize : 364
Solving...
Blb : 3 (clique : 9)
currentSize : 9 <-- 0.005034 s
currentSize : 10 <-- 0.005711 s
currentSize : 14 <-- 0.009941 s
currentSize : 15 <-- 0.012128 s
currentSize : 16 <-- 0.012348 s
currentSize : 18 <-- 0.015295 s
currentSize : 22 <-- 0.017387 s
currentSize : 23 <-- 0.070998 s
currentSize : 30 <-- 0.079731 s

maxsize : 30
nodes : 22102.000000
filtered : 421092.000000
time : 0.175397
