Parameters: GAD=1 vflib=1 dir=1 label=1 lowerbound=1 fileNameGp=../graphsdb/mcs30/bvg/b06m/mcs30_b06m_s35.A88 fileNameGt=../graphsdb/mcs30/bvg/b06m/mcs30_b06m_s35.B88
Reading graphs...
35 : 105
35 : 105
Initializing...
maxdom : 8
D->valSize : 181
Solving...
Blb : 2 (clique : 10)
currentSize : 10 <-- 0.001077 s
currentSize : 11 <-- 0.001167 s
currentSize : 12 <-- 0.001324 s
currentSize : 13 <-- 0.002841 s
currentSize : 14 <-- 0.003818 s

maxsize : 14
nodes : 67789.000000
filtered : 769325.000000
time : 0.250924
