Parameters: GAD=1 vflib=1 dir=1 label=1 lowerbound=1 fileNameGp=../graphsdb/mcs30/m4D/m4Dr4/mcs30_m4Dr4_s50.A68 fileNameGt=../graphsdb/mcs30/m4D/m4Dr4/mcs30_m4Dr4_s50.B68
Reading graphs...
50 : 107
50 : 106
Initializing...
maxdom : 10
D->valSize : 348
Solving...
Blb : 2 (clique : 18)
currentSize : 18 <-- 0.004160 s
currentSize : 19 <-- 0.005435 s
currentSize : 20 <-- 0.012836 s
currentSize : 21 <-- 0.152944 s
currentSize : 22 <-- 26.445889 s
currentSize : 23 <-- 138.141266 s

maxsize : 23
nodes : 60441139.000000
filtered : 1006447902.000000
time : 316.993378
