Parameters: GAD=1 vflib=1 dir=1 label=1 lowerbound=1 fileNameGp=../graphsdb/mcs30/rand/r01/mcs30_r01_s40.A89 fileNameGt=../graphsdb/mcs30/rand/r01/mcs30_r01_s40.B89
Reading graphs...
40 : 155
40 : 155
Initializing...
maxdom : 9
D->valSize : 229
Solving...
Blb : 2 (clique : 8)
currentSize : 8 <-- 0.001967 s
currentSize : 9 <-- 0.002089 s
currentSize : 10 <-- 0.004074 s
currentSize : 11 <-- 0.004132 s
currentSize : 12 <-- 0.004180 s
currentSize : 13 <-- 0.095282 s
currentSize : 14 <-- 0.491831 s

maxsize : 14
nodes : 134814.000000
filtered : 2036656.000000
time : 0.773676
