Parameters: GAD=1 vflib=1 dir=1 label=1 lowerbound=1 fileNameGp=../graphsdb/mcs30/m2D/m2Dr2/mcs30_m2Dr2_s80.A56 fileNameGt=../graphsdb/mcs30/m2D/m2Dr2/mcs30_m2Dr2_s80.B56
Reading graphs...
80 : 158
80 : 158
Initializing...
maxdom : 8
D->valSize : 436
Solving...
Blb : 2 (clique : 26)
currentSize : 26 <-- 0.004446 s
currentSize : 28 <-- 0.004649 s
currentSize : 29 <-- 0.015494 s
currentSize : 30 <-- 0.063052 s
currentSize : 31 <-- 8.803750 s
currentSize : 32 <-- 205.667282 s
currentSize : 33 <-- 2591.920410 s

TIMEOUT
maxsize : 33
nodes : 732184181.000000
filtered : 5597475287.000000
time : 3600.000000
