Parameters: GAD=1 vflib=1 dir=1 label=1 lowerbound=1 fileNameGp=../graphsdb/mcs30/m4D/m4Dr4/mcs30_m4Dr4_s60.A50 fileNameGt=../graphsdb/mcs30/m4D/m4Dr4/mcs30_m4Dr4_s60.B50
Reading graphs...
60 : 126
60 : 125
Initializing...
maxdom : 6
D->valSize : 237
Solving...
Blb : 2 (clique : 19)
currentSize : 19 <-- 0.001798 s
currentSize : 20 <-- 0.002018 s
currentSize : 21 <-- 0.005541 s
currentSize : 22 <-- 0.015188 s
currentSize : 23 <-- 0.228979 s
currentSize : 24 <-- 4.747197 s
currentSize : 25 <-- 52.949131 s

maxsize : 25
nodes : 81814210.000000
filtered : 654185490.000000
time : 346.610809
