Parameters: GAD=1 vflib=1 dir=1 label=1 lowerbound=1 fileNameGp=../graphsdb/mcs30/m3D/m3D/mcs30_m3D_s100.A74 fileNameGt=../graphsdb/mcs30/m3D/m3D/mcs30_m3D_s100.B74
Reading graphs...
100 : 235
100 : 235
Initializing...
maxdom : 9
D->valSize : 356
Solving...
Blb : 5 (clique : 29)
currentSize : 29 <-- 0.003660 s
currentSize : 31 <-- 0.007031 s
currentSize : 32 <-- 0.177851 s
currentSize : 33 <-- 174.423141 s
currentSize : 34 <-- 176.530685 s
currentSize : 35 <-- 3230.879395 s

TIMEOUT
maxsize : 35
nodes : 694634048.000000
filtered : 4162189055.000000
time : 3600.000000
