Parameters: GAD=1 vflib=1 dir=1 label=1 lowerbound=1 fileNameGp=../graphsdb/mcs30/bvg/b09m/mcs30_b09m_s40.A80 fileNameGt=../graphsdb/mcs30/bvg/b09m/mcs30_b09m_s40.B80
Reading graphs...
40 : 180
40 : 180
Initializing...
maxdom : 9
D->valSize : 191
Solving...
Blb : 3 (clique : 9)
currentSize : 9 <-- 0.001006 s
currentSize : 10 <-- 0.001442 s
currentSize : 11 <-- 0.002772 s
currentSize : 12 <-- 0.003283 s
currentSize : 13 <-- 0.060398 s

maxsize : 13
nodes : 25526.000000
filtered : 326405.000000
time : 0.100024
