Parameters: GAD=1 vflib=1 dir=1 label=1 lowerbound=1 fileNameGp=../graphsdb/mcs30/m3D/m3Dr6/mcs30_m3Dr6_s100.A47 fileNameGt=../graphsdb/mcs30/m3D/m3Dr6/mcs30_m3Dr6_s100.B47
Reading graphs...
100 : 294
100 : 292
Initializing...
maxdom : 7
D->valSize : 346
Solving...
Blb : 2 (clique : 29)
currentSize : 29 <-- 0.005610 s
currentSize : 30 <-- 0.015410 s
currentSize : 31 <-- 7.014466 s
currentSize : 32 <-- 112.364609 s
currentSize : 33 <-- 237.303741 s
currentSize : 34 <-- 616.035034 s

TIMEOUT
maxsize : 34
nodes : 650142959.000000
filtered : 4006735128.000000
time : 3600.000000
