Parameters: GAD=1 vflib=1 dir=1 label=1 lowerbound=1 fileNameGp=../graphsdb/mcs30/m4D/m4Dr2/mcs30_m4Dr2_s60.A10 fileNameGt=../graphsdb/mcs30/m4D/m4Dr2/mcs30_m4Dr2_s60.B10
Reading graphs...
60 : 114
60 : 114
Initializing...
maxdom : 7
D->valSize : 235
Solving...
Blb : 3 (clique : 24)
currentSize : 24 <-- 0.001799 s
currentSize : 25 <-- 33.657841 s
currentSize : 26 <-- 33.669842 s
currentSize : 27 <-- 33.670708 s
currentSize : 28 <-- 33.940193 s

maxsize : 28
nodes : 13298711.000000
filtered : 105715461.000000
time : 57.931026
