Parameters: GAD=1 vflib=1 dir=1 label=1 lowerbound=1 fileNameGp=../graphsdb/mcs30/m4D/m4Dr4/mcs30_m4Dr4_s50.A25 fileNameGt=../graphsdb/mcs30/m4D/m4Dr4/mcs30_m4Dr4_s50.B25
Reading graphs...
50 : 107
50 : 106
Initializing...
maxdom : 11
D->valSize : 311
Solving...
Blb : 2 (clique : 17)
currentSize : 17 <-- 0.003522 s
currentSize : 18 <-- 0.004033 s
currentSize : 19 <-- 0.007254 s
currentSize : 20 <-- 1.159624 s
currentSize : 21 <-- 4.296906 s
currentSize : 22 <-- 76.661987 s
currentSize : 23 <-- 334.521851 s

maxsize : 23
nodes : 77707532.000000
filtered : 1134692775.000000
time : 344.004028
