Parameters: GAD=1 vflib=1 dir=1 label=1 lowerbound=1 fileNameGp=../graphsdb/mcs30/bvg/b03/mcs30_b03_s60.A12 fileNameGt=../graphsdb/mcs30/bvg/b03/mcs30_b03_s60.B12
Reading graphs...
60 : 90
60 : 90
Initializing...
maxdom : 7
D->valSize : 232
Solving...
Blb : 2 (clique : 23)
currentSize : 23 <-- 0.001769 s
currentSize : 24 <-- 0.003688 s
currentSize : 25 <-- 0.009652 s
currentSize : 26 <-- 0.571840 s
currentSize : 27 <-- 24.209316 s
currentSize : 28 <-- 102.900162 s
currentSize : 29 <-- 102.959000 s

maxsize : 29
nodes : 29148280.000000
filtered : 230082750.000000
time : 134.472046
