Parameters: GAD=1 vflib=1 dir=1 label=1 lowerbound=1 fileNameGp=../graphsdb/mcs30/rand/r01/mcs30_r01_s70.A02 fileNameGt=../graphsdb/mcs30/rand/r01/mcs30_r01_s70.B02
Reading graphs...
70 : 482
70 : 482
Initializing...
maxdom : 6
D->valSize : 334
Solving...
Blb : 2 (clique : 11)
currentSize : 11 <-- 0.004228 s
currentSize : 12 <-- 0.004473 s
currentSize : 13 <-- 0.004912 s
currentSize : 14 <-- 0.005264 s
currentSize : 15 <-- 0.202101 s
currentSize : 16 <-- 1.242878 s
currentSize : 17 <-- 1.381583 s
currentSize : 19 <-- 2.901483 s
currentSize : 20 <-- 4.309625 s
currentSize : 21 <-- 4.309679 s

maxsize : 21
nodes : 2471675.000000
filtered : 33384090.000000
time : 12.999742
