Parameters: GAD=1 vflib=1 dir=1 label=1 lowerbound=1 fileNameGp=../graphsdb/mcs30/m4D/m4Dr4/mcs30_m4Dr4_s50.A28 fileNameGt=../graphsdb/mcs30/m4D/m4Dr4/mcs30_m4Dr4_s50.B28
Reading graphs...
50 : 107
50 : 107
Initializing...
maxdom : 10
D->valSize : 345
Solving...
Blb : 2 (clique : 17)
currentSize : 17 <-- 0.002654 s
currentSize : 18 <-- 0.003060 s
currentSize : 19 <-- 0.074334 s
currentSize : 20 <-- 0.340190 s
currentSize : 21 <-- 0.940308 s
currentSize : 22 <-- 63.710869 s
currentSize : 23 <-- 257.240692 s
currentSize : 24 <-- 525.162842 s

maxsize : 24
nodes : 167386879.000000
filtered : 1985366004.000000
time : 748.280823
