Parameters: GAD=1 vflib=1 dir=1 label=1 lowerbound=1 fileNameGp=../graphsdb/mcs30/bvg/b03/mcs30_b03_s40.A06 fileNameGt=../graphsdb/mcs30/bvg/b03/mcs30_b03_s40.B06
Reading graphs...
40 : 60
40 : 60
Initializing...
maxdom : 7
D->valSize : 212
Solving...
Blb : 2 (clique : 17)
currentSize : 17 <-- 0.001934 s
currentSize : 18 <-- 0.002077 s
currentSize : 19 <-- 0.018791 s
currentSize : 20 <-- 0.060211 s
currentSize : 21 <-- 0.419618 s

maxsize : 21
nodes : 1985896.000000
filtered : 20482642.000000
time : 7.906237
