Parameters: GAD=1 vflib=1 dir=1 label=1 lowerbound=1 fileNameGp=../graphsdb/mcs30/m2D/m2D/mcs30_m2D_s100.A88 fileNameGt=../graphsdb/mcs30/m2D/m2D/mcs30_m2D_s100.B88
Reading graphs...
100 : 180
100 : 180
Initializing...
maxdom : 6
D->valSize : 318
Solving...
Blb : 2 (clique : 34)
currentSize : 34 <-- 0.003553 s
currentSize : 35 <-- 0.019592 s
currentSize : 36 <-- 0.252023 s
currentSize : 37 <-- 5.387236 s
currentSize : 38 <-- 11.935808 s
currentSize : 39 <-- 51.575649 s
currentSize : 40 <-- 65.308006 s
currentSize : 41 <-- 532.330750 s

TIMEOUT
maxsize : 41
nodes : 674504119.000000
filtered : 3600176885.000000
time : 3600.000000
