Parameters: GAD=1 vflib=1 dir=1 label=1 lowerbound=1 fileNameGp=../graphsdb/mcs30/bvg/b06/mcs30_b06_s90.A24 fileNameGt=../graphsdb/mcs30/bvg/b06/mcs30_b06_s90.B24
Reading graphs...
90 : 270
90 : 270
Initializing...
maxdom : 11
D->valSize : 565
Solving...
Blb : 2 (clique : 30)
currentSize : 30 <-- 0.006620 s
currentSize : 31 <-- 0.008199 s
currentSize : 32 <-- 0.018442 s
currentSize : 33 <-- 0.241760 s
currentSize : 34 <-- 1.225705 s
currentSize : 35 <-- 9.046941 s
currentSize : 36 <-- 49.904232 s

TIMEOUT
maxsize : 36
nodes : 689396535.000000
filtered : 4883311575.000000
time : 3600.000000
