Parameters: GAD=1 vflib=1 dir=1 label=1 lowerbound=1 fileNameGp=../graphsdb/mcs30/m3D/m3Dr2/mcs30_m3Dr2_s70.A86 fileNameGt=../graphsdb/mcs30/m3D/m3Dr2/mcs30_m3Dr2_s70.B86
Reading graphs...
70 : 173
70 : 173
Initializing...
maxdom : 7
D->valSize : 330
Solving...
Blb : 2 (clique : 24)
currentSize : 24 <-- 0.002965 s
currentSize : 25 <-- 0.008522 s
currentSize : 26 <-- 0.008675 s
currentSize : 28 <-- 0.070483 s
currentSize : 29 <-- 2.834169 s
currentSize : 30 <-- 18.540024 s
currentSize : 31 <-- 19.396397 s
currentSize : 32 <-- 53.559353 s
currentSize : 33 <-- 65.898308 s

maxsize : 33
nodes : 177357858.000000
filtered : 1366679006.000000
time : 870.608887
