Parameters: GAD=1 vflib=1 dir=1 label=1 lowerbound=1 fileNameGp=../graphsdb/mcs30/m4D/m4Dr4/mcs30_m4Dr4_s70.A82 fileNameGt=../graphsdb/mcs30/m4D/m4Dr4/mcs30_m4Dr4_s70.B82
Reading graphs...
70 : 146
70 : 146
Initializing...
maxdom : 7
D->valSize : 332
Solving...
Blb : 3 (clique : 23)
currentSize : 23 <-- 0.002833 s
currentSize : 24 <-- 0.002985 s
currentSize : 25 <-- 0.006535 s
currentSize : 26 <-- 0.018451 s
currentSize : 27 <-- 0.086332 s
currentSize : 28 <-- 0.115235 s
currentSize : 29 <-- 1.170360 s
currentSize : 30 <-- 2.238147 s
currentSize : 31 <-- 33.700008 s

TIMEOUT
maxsize : 31
nodes : 760586660.000000
filtered : 6618096596.000000
time : 3600.000000
