Parameters: GAD=1 vflib=1 dir=1 label=1 lowerbound=1 fileNameGp=../graphsdb/mcs30/m4D/m4D/mcs30_m4D_s60.A83 fileNameGt=../graphsdb/mcs30/m4D/m4D/mcs30_m4D_s60.B83
Reading graphs...
60 : 102
60 : 102
Initializing...
maxdom : 8
D->valSize : 238
Solving...
Blb : 2 (clique : 24)
currentSize : 24 <-- 0.002725 s
currentSize : 25 <-- 0.003498 s
currentSize : 26 <-- 0.007398 s
currentSize : 27 <-- 2.547870 s
currentSize : 28 <-- 3.178882 s

maxsize : 28
nodes : 82410852.000000
filtered : 620649215.000000
time : 351.954773
