Parameters: GAD=1 vflib=1 dir=1 label=1 lowerbound=1 fileNameGp=../graphsdb/mcs30/m2D/m2D/mcs30_m2D_s60.A90 fileNameGt=../graphsdb/mcs30/m2D/m2D/mcs30_m2D_s60.B90
Reading graphs...
60 : 104
60 : 104
Initializing...
maxdom : 7
D->valSize : 220
Solving...
Blb : 2 (clique : 19)
currentSize : 19 <-- 0.001663 s
currentSize : 20 <-- 0.003673 s
currentSize : 21 <-- 0.055367 s
currentSize : 22 <-- 0.459854 s
currentSize : 23 <-- 2.157060 s
currentSize : 24 <-- 6.574948 s

maxsize : 24
nodes : 85309387.000000
filtered : 590624273.000000
time : 348.354950
