Parameters: GAD=1 vflib=1 dir=1 label=1 lowerbound=1 fileNameGp=../graphsdb/mcs30/bvg/b09/mcs30_b09_s90.A67 fileNameGt=../graphsdb/mcs30/bvg/b09/mcs30_b09_s90.B67
Reading graphs...
90 : 405
90 : 405
Initializing...
maxdom : 8
D->valSize : 533
Solving...
Blb : 3 (clique : 23)
currentSize : 23 <-- 0.009768 s
currentSize : 24 <-- 0.015565 s
currentSize : 25 <-- 0.016557 s
currentSize : 27 <-- 21.198257 s
currentSize : 28 <-- 21.200596 s
currentSize : 29 <-- 21.219831 s
currentSize : 30 <-- 1862.956299 s
currentSize : 31 <-- 2601.546631 s

TIMEOUT
maxsize : 31
nodes : 563605810.000000
filtered : 8844857228.000000
time : 3600.000000
