Parameters: GAD=1 vflib=1 dir=1 label=1 lowerbound=1 fileNameGp=../graphsdb/mcs30/m2D/m2Dr4/mcs30_m2Dr4_s90.A01 fileNameGt=../graphsdb/mcs30/m2D/m2Dr4/mcs30_m2Dr4_s90.B01
Reading graphs...
90 : 197
90 : 197
Initializing...
maxdom : 11
D->valSize : 516
Solving...
Blb : 2 (clique : 29)
currentSize : 29 <-- 0.010174 s
currentSize : 30 <-- 0.013042 s
currentSize : 31 <-- 0.089573 s
currentSize : 32 <-- 16.677431 s
currentSize : 33 <-- 277.190033 s
currentSize : 34 <-- 570.848511 s

TIMEOUT
maxsize : 34
nodes : 689058242.000000
filtered : 6300315617.000000
time : 3600.000000
