Parameters: GAD=1 vflib=1 dir=1 label=1 lowerbound=1 fileNameGp=../graphsdb/mcs30/bvg/b03/mcs30_b03_s40.A90 fileNameGt=../graphsdb/mcs30/bvg/b03/mcs30_b03_s40.B90
Reading graphs...
40 : 60
40 : 60
Initializing...
maxdom : 10
D->valSize : 221
Solving...
Blb : 2 (clique : 17)
currentSize : 17 <-- 0.001385 s
currentSize : 18 <-- 0.002301 s
currentSize : 19 <-- 0.007886 s
currentSize : 20 <-- 0.010955 s
currentSize : 21 <-- 0.141629 s
currentSize : 22 <-- 1.851070 s

maxsize : 22
nodes : 1157851.000000
filtered : 10454343.000000
time : 4.325627
