Parameters: GAD=1 vflib=1 dir=1 label=1 lowerbound=1 fileNameGp=../graphsdb/mcs30/rand/r01/mcs30_r01_s80.A32 fileNameGt=../graphsdb/mcs30/rand/r01/mcs30_r01_s80.B32
Reading graphs...
80 : 631
80 : 631
Initializing...
maxdom : 10
D->valSize : 421
Solving...
Blb : 2 (clique : 12)
currentSize : 12 <-- 0.003951 s
currentSize : 13 <-- 0.004077 s
currentSize : 14 <-- 0.004691 s
currentSize : 15 <-- 0.018854 s
currentSize : 16 <-- 0.106362 s
currentSize : 17 <-- 0.209312 s
currentSize : 18 <-- 2.480647 s
currentSize : 19 <-- 11.155411 s
currentSize : 20 <-- 15.777166 s
currentSize : 22 <-- 31.652020 s
currentSize : 24 <-- 31.652102 s

maxsize : 24
nodes : 7000557.000000
filtered : 109766905.000000
time : 40.997444
