Parameters: GAD=1 vflib=1 dir=1 label=1 lowerbound=1 fileNameGp=../graphsdb/mcs30/m3D/m3Dr4/mcs30_m3Dr4_s80.A62 fileNameGt=../graphsdb/mcs30/m3D/m3Dr4/mcs30_m3Dr4_s80.B62
Reading graphs...
80 : 216
80 : 214
Initializing...
maxdom : 10
D->valSize : 451
Solving...
Blb : 2 (clique : 22)
currentSize : 22 <-- 0.004603 s
currentSize : 23 <-- 0.004828 s
currentSize : 24 <-- 0.025512 s
currentSize : 25 <-- 0.122299 s
currentSize : 26 <-- 25.224112 s
currentSize : 27 <-- 25.235044 s
currentSize : 28 <-- 25.451153 s

TIMEOUT
maxsize : 28
nodes : 715650072.000000
filtered : 6580704817.000000
time : 3600.000000
