Parameters: GAD=1 vflib=1 dir=1 label=1 lowerbound=1 fileNameGp=../graphsdb/mcs30/rand/r01/mcs30_r01_s35.A74 fileNameGt=../graphsdb/mcs30/rand/r01/mcs30_r01_s35.B74
Reading graphs...
35 : 119
35 : 119
Initializing...
maxdom : 8
D->valSize : 153
Solving...
Blb : 3 (clique : 8)
currentSize : 8 <-- 0.000779 s
currentSize : 9 <-- 0.004047 s
currentSize : 10 <-- 0.004380 s
currentSize : 11 <-- 0.006259 s
currentSize : 13 <-- 0.009005 s

maxsize : 13
nodes : 12340.000000
filtered : 153869.000000
time : 0.047212
