Parameters: GAD=1 vflib=1 dir=1 label=1 lowerbound=1 fileNameGp=../graphsdb/mcs30/m3D/m3Dr4/mcs30_m3Dr4_s90.A86 fileNameGt=../graphsdb/mcs30/m3D/m3Dr4/mcs30_m3Dr4_s90.B86
Reading graphs...
90 : 245
90 : 244
Initializing...
maxdom : 12
D->valSize : 523
Solving...
Blb : 2 (clique : 27)
currentSize : 27 <-- 0.006184 s
currentSize : 28 <-- 0.043167 s
currentSize : 29 <-- 0.063899 s
currentSize : 30 <-- 27.792191 s
currentSize : 31 <-- 404.092651 s
currentSize : 32 <-- 1098.768799 s

TIMEOUT
maxsize : 32
nodes : 672264869.000000
filtered : 5514838962.000000
time : 3600.000000
