Parameters: GAD=1 vflib=1 dir=1 label=1 lowerbound=1 fileNameGp=../graphsdb/mcs30/rand/r01/mcs30_r01_s25.A10 fileNameGt=../graphsdb/mcs30/rand/r01/mcs30_r01_s25.B10
Reading graphs...
25 : 62
25 : 62
Initializing...
maxdom : 10
D->valSize : 176
Solving...
Blb : 2 (clique : 7)
currentSize : 7 <-- 0.000812 s
currentSize : 8 <-- 0.001529 s
currentSize : 9 <-- 0.001761 s
currentSize : 10 <-- 0.005753 s
currentSize : 11 <-- 0.049500 s

maxsize : 11
nodes : 16611.000000
filtered : 225296.000000
time : 0.057109
