Parameters: GAD=1 vflib=1 dir=1 label=1 lowerbound=1 fileNameGp=../graphsdb/mcs30/bvg/b06m/mcs30_b06m_s70.A96 fileNameGt=../graphsdb/mcs30/bvg/b06m/mcs30_b06m_s70.B96
Reading graphs...
70 : 210
70 : 210
Initializing...
maxdom : 8
D->valSize : 320
Solving...
Blb : 3 (clique : 22)
currentSize : 22 <-- 0.004345 s
currentSize : 23 <-- 0.026458 s
currentSize : 24 <-- 0.314483 s
currentSize : 25 <-- 10.260556 s
currentSize : 26 <-- 12.573558 s
currentSize : 27 <-- 240.047836 s

maxsize : 27
nodes : 188318062.000000
filtered : 1561960985.000000
time : 892.859497
