Parameters: GAD=1 vflib=1 dir=1 label=1 lowerbound=1 fileNameGp=../graphsdb/mcs30/bvg/b06m/mcs30_b06m_s80.A93 fileNameGt=../graphsdb/mcs30/bvg/b06m/mcs30_b06m_s80.B93
Reading graphs...
80 : 240
80 : 240
Initializing...
maxdom : 10
D->valSize : 447
Solving...
Blb : 3 (clique : 23)
currentSize : 23 <-- 0.004374 s
currentSize : 24 <-- 0.005253 s
currentSize : 25 <-- 0.015182 s
currentSize : 26 <-- 0.015387 s
currentSize : 27 <-- 4.148354 s
currentSize : 28 <-- 547.497986 s
currentSize : 29 <-- 553.200806 s
currentSize : 30 <-- 656.291504 s
currentSize : 31 <-- 786.136230 s

TIMEOUT
maxsize : 31
nodes : 677745728.000000
filtered : 6856230182.000000
time : 3600.000000
