Parameters: GAD=1 vflib=1 dir=1 label=1 lowerbound=1 fileNameGp=../graphsdb/mcs30/m4D/m4D/mcs30_m4D_s70.A27 fileNameGt=../graphsdb/mcs30/m4D/m4D/mcs30_m4D_s70.B27
Reading graphs...
70 : 118
70 : 118
Initializing...
maxdom : 8
D->valSize : 318
Solving...
Blb : 3 (clique : 24)
currentSize : 24 <-- 0.002856 s
currentSize : 25 <-- 0.003282 s
currentSize : 26 <-- 0.035201 s
currentSize : 27 <-- 0.509014 s
currentSize : 28 <-- 4.430892 s
currentSize : 29 <-- 16.681744 s
currentSize : 30 <-- 3133.241943 s

TIMEOUT
maxsize : 30
nodes : 879460651.000000
filtered : 5278659698.000000
time : 3600.000000
