Parameters: GAD=1 vflib=1 dir=1 label=1 lowerbound=1 fileNameGp=../graphsdb/mcs30/m4D/m4Dr6/mcs30_m4Dr6_s70.A25 fileNameGt=../graphsdb/mcs30/m4D/m4Dr6/mcs30_m4Dr6_s70.B25
Reading graphs...
70 : 160
70 : 159
Initializing...
maxdom : 9
D->valSize : 323
Solving...
Blb : 2 (clique : 23)
currentSize : 23 <-- 0.002752 s
currentSize : 24 <-- 0.445351 s
currentSize : 25 <-- 6.675276 s
currentSize : 26 <-- 6.733891 s
currentSize : 27 <-- 124.949532 s
currentSize : 28 <-- 2677.867676 s

TIMEOUT
maxsize : 28
nodes : 796143281.000000
filtered : 6154309714.000000
time : 3600.000000
