Parameters: GAD=1 vflib=1 dir=1 label=1 lowerbound=1 fileNameGp=../graphsdb/mcs30/bvg/b03m/mcs30_b03m_s60.A55 fileNameGt=../graphsdb/mcs30/bvg/b03m/mcs30_b03m_s60.B55
Reading graphs...
60 : 90
60 : 90
Initializing...
maxdom : 6
D->valSize : 225
Solving...
Blb : 5 (clique : 23)
currentSize : 23 <-- 0.001577 s
currentSize : 24 <-- 0.001751 s
currentSize : 25 <-- 0.001922 s
currentSize : 26 <-- 0.007538 s
currentSize : 27 <-- 32.762371 s

maxsize : 27
nodes : 587773166.000000
filtered : 3803179429.000000
time : 2360.484131
