Parameters: GAD=1 vflib=1 dir=1 label=1 lowerbound=1 fileNameGp=../graphsdb/mcs30/bvg/b03/mcs30_b03_s90.A95 fileNameGt=../graphsdb/mcs30/bvg/b03/mcs30_b03_s90.B95
Reading graphs...
90 : 135
90 : 135
Initializing...
maxdom : 10
D->valSize : 492
Solving...
Blb : 2 (clique : 31)
currentSize : 31 <-- 0.005698 s
currentSize : 35 <-- 0.005962 s
currentSize : 36 <-- 0.006240 s
currentSize : 37 <-- 0.361868 s
currentSize : 38 <-- 12.033929 s
currentSize : 39 <-- 12.427212 s
currentSize : 40 <-- 190.345795 s

TIMEOUT
maxsize : 40
nodes : 768785727.000000
filtered : 4981118512.000000
time : 3600.000000
