Parameters: GAD=1 vflib=1 dir=1 label=1 lowerbound=1 fileNameGp=../graphsdb/mcs30/rand/r01/mcs30_r01_s40.A46 fileNameGt=../graphsdb/mcs30/rand/r01/mcs30_r01_s40.B46
Reading graphs...
40 : 155
40 : 155
Initializing...
maxdom : 7
D->valSize : 195
Solving...
Blb : 2 (clique : 9)
currentSize : 9 <-- 0.001645 s
currentSize : 10 <-- 0.001774 s
currentSize : 11 <-- 0.003337 s
currentSize : 12 <-- 0.014154 s
currentSize : 13 <-- 0.103242 s

maxsize : 13
nodes : 161431.000000
filtered : 1610153.000000
time : 0.750697
