Parameters: GAD=1 vflib=1 dir=1 label=1 lowerbound=1 fileNameGp=../graphsdb/mcs30/rand/r01/mcs30_r01_s60.A40 fileNameGt=../graphsdb/mcs30/rand/r01/mcs30_r01_s60.B40
Reading graphs...
60 : 353
60 : 353
Initializing...
maxdom : 7
D->valSize : 235
Solving...
Blb : 2 (clique : 12)
currentSize : 12 <-- 0.002464 s
currentSize : 13 <-- 0.002626 s
currentSize : 14 <-- 0.002727 s
currentSize : 15 <-- 0.003217 s
currentSize : 16 <-- 0.003311 s
currentSize : 18 <-- 0.411752 s
currentSize : 19 <-- 0.411828 s

maxsize : 19
nodes : 268749.000000
filtered : 3027197.000000
time : 1.320122
