Parameters: GAD=1 vflib=1 dir=1 label=1 lowerbound=1 fileNameGp=../graphsdb/mcs30/rand/r005/mcs30_r005_s70.A78 fileNameGt=../graphsdb/mcs30/rand/r005/mcs30_r005_s70.B78
Reading graphs...
70 : 240
70 : 240
Initializing...
maxdom : 12
D->valSize : 350
Solving...
Blb : 2 (clique : 17)
currentSize : 17 <-- 0.003086 s
currentSize : 18 <-- 0.003399 s
currentSize : 19 <-- 0.028210 s
currentSize : 20 <-- 1.996384 s
currentSize : 21 <-- 30.902731 s
currentSize : 22 <-- 30.909161 s
currentSize : 23 <-- 34.718746 s
currentSize : 24 <-- 433.893219 s
currentSize : 25 <-- 661.469910 s

maxsize : 25
nodes : 174634857.000000
filtered : 2068009777.000000
time : 912.393677
