Parameters: GAD=1 vflib=1 dir=1 label=1 lowerbound=1 fileNameGp=../graphsdb/mcs30/m2D/m2Dr2/mcs30_m2Dr2_s50.A47 fileNameGt=../graphsdb/mcs30/m2D/m2Dr2/mcs30_m2Dr2_s50.B47
Reading graphs...
50 : 95
50 : 95
Initializing...
maxdom : 10
D->valSize : 327
Solving...
Blb : 2 (clique : 18)
currentSize : 18 <-- 0.002359 s
currentSize : 19 <-- 0.002471 s
currentSize : 20 <-- 0.014506 s
currentSize : 21 <-- 0.014571 s
currentSize : 22 <-- 0.110016 s
currentSize : 23 <-- 53.801159 s

maxsize : 23
nodes : 211405538.000000
filtered : 2505241716.000000
time : 911.355591
