Parameters: GAD=1 vflib=1 dir=1 label=1 lowerbound=1 fileNameGp=../graphsdb/mcs30/bvg/b06/mcs30_b06_s70.A74 fileNameGt=../graphsdb/mcs30/bvg/b06/mcs30_b06_s70.B74
Reading graphs...
70 : 210
70 : 210
Initializing...
maxdom : 9
D->valSize : 304
Solving...
Blb : 3 (clique : 20)
currentSize : 20 <-- 0.002438 s
currentSize : 21 <-- 0.027225 s
currentSize : 22 <-- 0.029833 s
currentSize : 23 <-- 3.867877 s
currentSize : 24 <-- 5.038137 s
currentSize : 25 <-- 5.246774 s
currentSize : 26 <-- 391.814850 s
currentSize : 27 <-- 391.825562 s

maxsize : 27
nodes : 171379572.000000
filtered : 1834790438.000000
time : 845.468201
