Parameters: GAD=1 vflib=1 dir=1 label=1 lowerbound=1 fileNameGp=../graphsdb/mcs30/rand/r01/mcs30_r01_s60.A52 fileNameGt=../graphsdb/mcs30/rand/r01/mcs30_r01_s60.B52
Reading graphs...
60 : 353
60 : 353
Initializing...
maxdom : 7
D->valSize : 247
Solving...
Blb : 2 (clique : 11)
currentSize : 11 <-- 0.001755 s
currentSize : 12 <-- 0.001879 s
currentSize : 14 <-- 0.002845 s
currentSize : 15 <-- 0.002918 s
currentSize : 16 <-- 0.002965 s
currentSize : 17 <-- 0.042281 s
currentSize : 18 <-- 0.042369 s
currentSize : 19 <-- 0.042438 s

maxsize : 19
nodes : 227638.000000
filtered : 3090599.000000
time : 1.146911
