Parameters: GAD=1 vflib=1 dir=1 label=1 lowerbound=1 fileNameGp=../graphsdb/mcs30/rand/r01/mcs30_r01_s90.A70 fileNameGt=../graphsdb/mcs30/rand/r01/mcs30_r01_s90.B70
Reading graphs...
90 : 800
90 : 800
Initializing...
maxdom : 9
D->valSize : 523
Solving...
Blb : 5 (clique : 13)
currentSize : 13 <-- 0.005718 s
currentSize : 14 <-- 0.005880 s
currentSize : 15 <-- 0.012720 s
currentSize : 16 <-- 0.044363 s
currentSize : 17 <-- 0.058919 s
currentSize : 18 <-- 1.488666 s
currentSize : 19 <-- 4.554752 s
currentSize : 20 <-- 4.764905 s
currentSize : 21 <-- 14.972912 s
currentSize : 25 <-- 35.780273 s
currentSize : 27 <-- 35.800320 s

maxsize : 27
nodes : 12786459.000000
filtered : 254574048.000000
time : 85.364891
