Parameters: GAD=1 vflib=1 dir=1 label=1 lowerbound=1 fileNameGp=../graphsdb/mcs30/bvg/b03/mcs30_b03_s80.A54 fileNameGt=../graphsdb/mcs30/bvg/b03/mcs30_b03_s80.B54
Reading graphs...
80 : 120
80 : 120
Initializing...
maxdom : 13
D->valSize : 401
Solving...
Blb : 2 (clique : 31)
currentSize : 31 <-- 0.003870 s
currentSize : 32 <-- 0.004505 s
currentSize : 33 <-- 0.007679 s
currentSize : 34 <-- 0.038584 s
currentSize : 35 <-- 82.212982 s
currentSize : 36 <-- 351.892914 s

TIMEOUT
maxsize : 36
nodes : 699689393.000000
filtered : 5736254953.000000
time : 3600.000000
