Parameters: GAD=1 vflib=1 dir=1 label=1 lowerbound=1 fileNameGp=../graphsdb/mcs30/m3D/m3Dr2/mcs30_m3Dr2_s70.A56 fileNameGt=../graphsdb/mcs30/m3D/m3Dr2/mcs30_m3Dr2_s70.B56
Reading graphs...
70 : 173
70 : 173
Initializing...
maxdom : 9
D->valSize : 321
Solving...
Blb : 3 (clique : 26)
currentSize : 26 <-- 0.002855 s
currentSize : 27 <-- 10.873814 s
currentSize : 28 <-- 10.874566 s
currentSize : 29 <-- 262.095215 s
currentSize : 30 <-- 402.470459 s
currentSize : 31 <-- 649.289612 s
currentSize : 32 <-- 742.721558 s

maxsize : 32
nodes : 242499162.000000
filtered : 2113145904.000000
time : 1194.543823
