Parameters: GAD=1 vflib=1 dir=1 label=1 lowerbound=1 fileNameGp=../graphsdb/mcs30/bvg/b03/mcs30_b03_s40.A79 fileNameGt=../graphsdb/mcs30/bvg/b03/mcs30_b03_s40.B79
Reading graphs...
40 : 60
40 : 60
Initializing...
maxdom : 6
D->valSize : 202
Solving...
Blb : 2 (clique : 14)
currentSize : 14 <-- 0.001776 s
currentSize : 15 <-- 0.001941 s
currentSize : 16 <-- 0.002583 s
currentSize : 17 <-- 0.395847 s
currentSize : 18 <-- 8.375676 s
currentSize : 19 <-- 98.738251 s

maxsize : 19
nodes : 39911303.000000
filtered : 410682979.000000
time : 128.551270
