Parameters: GAD=1 vflib=1 dir=1 label=1 lowerbound=1 fileNameGp=../graphsdb/mcs30/m3D/m3Dr2/mcs30_m3Dr2_s70.A28 fileNameGt=../graphsdb/mcs30/m3D/m3Dr2/mcs30_m3Dr2_s70.B28
Reading graphs...
70 : 173
70 : 172
Initializing...
maxdom : 9
D->valSize : 322
Solving...
Blb : 2 (clique : 24)
currentSize : 24 <-- 0.002760 s
currentSize : 25 <-- 0.003071 s
currentSize : 26 <-- 0.010350 s
currentSize : 27 <-- 0.011132 s
currentSize : 28 <-- 0.710028 s
currentSize : 29 <-- 513.902832 s
currentSize : 30 <-- 627.748596 s

maxsize : 30
nodes : 250459604.000000
filtered : 2271290120.000000
time : 1216.509155
