Parameters: GAD=1 vflib=1 dir=1 label=1 lowerbound=1 fileNameGp=../graphsdb/mcs30/m4D/m4Dr6/mcs30_m4Dr6_s80.A53 fileNameGt=../graphsdb/mcs30/m4D/m4Dr6/mcs30_m4Dr6_s80.B53
Reading graphs...
80 : 179
80 : 178
Initializing...
maxdom : 8
D->valSize : 424
Solving...
Blb : 5 (clique : 25)
currentSize : 25 <-- 0.004107 s
currentSize : 26 <-- 0.041663 s
currentSize : 27 <-- 0.806442 s
currentSize : 28 <-- 4.012174 s
currentSize : 29 <-- 130.943375 s
currentSize : 30 <-- 132.565887 s

TIMEOUT
maxsize : 30
nodes : 747712120.000000
filtered : 4987295649.000000
time : 3600.000000
