Parameters: GAD=1 vflib=1 dir=1 label=1 lowerbound=1 fileNameGp=../graphsdb/mcs30/bvg/b06m/mcs30_b06m_s50.A73 fileNameGt=../graphsdb/mcs30/bvg/b06m/mcs30_b06m_s50.B73
Reading graphs...
50 : 150
50 : 150
Initializing...
maxdom : 9
D->valSize : 344
Solving...
Blb : 3 (clique : 16)
currentSize : 16 <-- 0.004575 s
currentSize : 17 <-- 0.025209 s
currentSize : 18 <-- 2.041642 s
currentSize : 19 <-- 4.441915 s
currentSize : 20 <-- 13.064797 s
currentSize : 21 <-- 71.580391 s

maxsize : 21
nodes : 22367283.000000
filtered : 319279063.000000
time : 105.761841
