Parameters: GAD=1 vflib=1 dir=1 label=1 lowerbound=1 fileNameGp=../graphsdb/mcs30/rand/r005/mcs30_r005_s60.A15 fileNameGt=../graphsdb/mcs30/rand/r005/mcs30_r005_s60.B15
Reading graphs...
60 : 179
60 : 179
Initializing...
maxdom : 8
D->valSize : 252
Solving...
Blb : 5 (clique : 18)
currentSize : 18 <-- 0.002866 s
currentSize : 19 <-- 0.810462 s
currentSize : 20 <-- 4.275953 s
currentSize : 21 <-- 29.326916 s
currentSize : 22 <-- 43.011475 s
currentSize : 23 <-- 49.259918 s

maxsize : 23
nodes : 13362419.000000
filtered : 116234203.000000
time : 60.089603
