Parameters: GAD=1 vflib=1 dir=1 label=1 lowerbound=1 fileNameGp=../graphsdb/mcs30/bvg/b09m/mcs30_b09m_s80.A98 fileNameGt=../graphsdb/mcs30/bvg/b09m/mcs30_b09m_s80.B98
Reading graphs...
80 : 360
80 : 360
Initializing...
maxdom : 9
D->valSize : 418
Solving...
Blb : 5 (clique : 23)
currentSize : 23 <-- 0.006343 s
currentSize : 24 <-- 49.695751 s
currentSize : 25 <-- 49.792580 s
currentSize : 26 <-- 978.185059 s
currentSize : 27 <-- 978.185181 s
currentSize : 28 <-- 978.185364 s
currentSize : 29 <-- 978.186951 s
currentSize : 30 <-- 978.187439 s

maxsize : 30
nodes : 286497558.000000
filtered : 3176845928.000000
time : 1522.535034
