Parameters: GAD=1 vflib=1 dir=1 label=1 lowerbound=1 fileNameGp=../graphsdb/mcs30/m2D/m2Dr2/mcs30_m2Dr2_s50.A11 fileNameGt=../graphsdb/mcs30/m2D/m2Dr2/mcs30_m2Dr2_s50.B11
Reading graphs...
50 : 95
50 : 94
Initializing...
maxdom : 9
D->valSize : 335
Solving...
Blb : 2 (clique : 19)
currentSize : 19 <-- 0.003921 s
currentSize : 20 <-- 0.051998 s
currentSize : 21 <-- 0.053245 s
currentSize : 22 <-- 105.693024 s
currentSize : 23 <-- 234.649307 s

maxsize : 23
nodes : 568422240.000000
filtered : 7033005142.000000
time : 2631.905518
