Parameters: GAD=1 vflib=1 dir=1 label=1 lowerbound=1 fileNameGp=../graphsdb/mcs30/m2D/m2Dr4/mcs30_m2Dr4_s70.A84 fileNameGt=../graphsdb/mcs30/m2D/m2Dr4/mcs30_m2Dr4_s70.B84
Reading graphs...
70 : 151
70 : 149
Initializing...
maxdom : 8
D->valSize : 332
Solving...
Blb : 2 (clique : 22)
currentSize : 22 <-- 0.002832 s
currentSize : 25 <-- 0.002977 s
currentSize : 26 <-- 0.003272 s
currentSize : 27 <-- 17.002905 s
currentSize : 28 <-- 95.349495 s
currentSize : 29 <-- 640.539307 s
currentSize : 30 <-- 1622.825562 s

TIMEOUT
maxsize : 30
nodes : 729391964.000000
filtered : 7404196493.000000
time : 3600.000000
