Parameters: GAD=1 vflib=1 dir=1 label=1 lowerbound=1 fileNameGp=../graphsdb/mcs30/bvg/b06/mcs30_b06_s100.A40 fileNameGt=../graphsdb/mcs30/bvg/b06/mcs30_b06_s100.B40
Reading graphs...
100 : 300
100 : 300
Initializing...
maxdom : 7
D->valSize : 320
Solving...
Blb : 2 (clique : 29)
currentSize : 29 <-- 0.005240 s
currentSize : 30 <-- 0.007029 s
currentSize : 32 <-- 2.058403 s
currentSize : 33 <-- 2.058455 s
currentSize : 34 <-- 2.061800 s
currentSize : 36 <-- 2.249845 s
currentSize : 37 <-- 57.014225 s

TIMEOUT
maxsize : 37
nodes : 701529568.000000
filtered : 3165707231.000000
time : 3600.000000
