Parameters: GAD=1 vflib=1 dir=1 label=1 lowerbound=1 fileNameGp=../graphsdb/mcs30/m2D/m2Dr2/mcs30_m2Dr2_s80.A84 fileNameGt=../graphsdb/mcs30/m2D/m2Dr2/mcs30_m2Dr2_s80.B84
Reading graphs...
80 : 158
80 : 157
Initializing...
maxdom : 8
D->valSize : 435
Solving...
Blb : 2 (clique : 30)
currentSize : 30 <-- 0.004343 s
currentSize : 31 <-- 0.004740 s
currentSize : 32 <-- 0.438442 s
currentSize : 33 <-- 0.448171 s
currentSize : 34 <-- 80.034477 s
currentSize : 35 <-- 2127.627441 s

TIMEOUT
maxsize : 35
nodes : 708996192.000000
filtered : 5860120189.000000
time : 3600.000000
