Parameters: GAD=1 vflib=1 dir=1 label=1 lowerbound=1 fileNameGp=../graphsdb/mcs30/bvg/b06/mcs30_b06_s60.A12 fileNameGt=../graphsdb/mcs30/bvg/b06/mcs30_b06_s60.B12
Reading graphs...
60 : 180
60 : 180
Initializing...
maxdom : 6
D->valSize : 242
Solving...
Blb : 2 (clique : 17)
currentSize : 17 <-- 0.002719 s
currentSize : 18 <-- 0.003098 s
currentSize : 19 <-- 0.003300 s
currentSize : 20 <-- 0.008762 s
currentSize : 21 <-- 2.073460 s
currentSize : 22 <-- 2.401049 s
currentSize : 23 <-- 28.753096 s

maxsize : 23
nodes : 23027535.000000
filtered : 179859802.000000
time : 101.966141
