Parameters: GAD=1 vflib=1 dir=1 label=1 lowerbound=1 fileNameGp=../graphsdb/mcs30/m3D/m3Dr6/mcs30_m3Dr6_s100.A35 fileNameGt=../graphsdb/mcs30/m3D/m3Dr6/mcs30_m3Dr6_s100.B35
Reading graphs...
100 : 295
100 : 295
Initializing...
maxdom : 9
D->valSize : 360
Solving...
Blb : 2 (clique : 29)
currentSize : 29 <-- 0.006522 s
currentSize : 30 <-- 0.007299 s
currentSize : 31 <-- 0.007784 s
currentSize : 32 <-- 0.440625 s
currentSize : 33 <-- 4.240371 s
currentSize : 34 <-- 84.463905 s
currentSize : 35 <-- 112.909889 s

TIMEOUT
maxsize : 35
nodes : 640395236.000000
filtered : 3923988626.000000
time : 3600.000000
