Parameters: GAD=1 vflib=1 dir=1 label=1 lowerbound=1 fileNameGp=../graphsdb/mcs30/bvg/b09m/mcs30_b09m_s100.A21 fileNameGt=../graphsdb/mcs30/bvg/b09m/mcs30_b09m_s100.B21
Reading graphs...
100 : 450
100 : 450
Initializing...
maxdom : 7
D->valSize : 317
Solving...
Blb : 2 (clique : 20)
currentSize : 20 <-- 0.003171 s
currentSize : 21 <-- 0.003537 s
currentSize : 22 <-- 0.003740 s
currentSize : 23 <-- 0.003929 s
currentSize : 24 <-- 0.574308 s
currentSize : 25 <-- 2.487339 s
currentSize : 26 <-- 3.729837 s
currentSize : 27 <-- 15.113530 s
currentSize : 28 <-- 52.274841 s
currentSize : 29 <-- 109.222336 s
currentSize : 30 <-- 2548.630127 s
currentSize : 31 <-- 2548.681152 s
currentSize : 32 <-- 2548.812012 s
currentSize : 33 <-- 2548.917969 s
currentSize : 34 <-- 2654.412842 s
currentSize : 35 <-- 3156.193848 s

TIMEOUT
maxsize : 35
nodes : 658372047.000000
filtered : 4166215526.000000
time : 3600.000000
