Parameters: GAD=1 vflib=1 dir=1 label=1 lowerbound=1 fileNameGp=../graphsdb/mcs30/rand/r005/mcs30_r005_s35.A96 fileNameGt=../graphsdb/mcs30/rand/r005/mcs30_r005_s35.B96
Reading graphs...
35 : 64
35 : 64
Initializing...
maxdom : 6
D->valSize : 162
Solving...
Blb : 2 (clique : 11)
currentSize : 11 <-- 0.000883 s
currentSize : 12 <-- 0.000949 s
currentSize : 13 <-- 0.003243 s
currentSize : 14 <-- 0.076028 s
currentSize : 15 <-- 1.030114 s

maxsize : 15
nodes : 770177.000000
filtered : 5619753.000000
time : 2.488980
