Parameters: GAD=1 vflib=1 dir=1 label=1 lowerbound=1 fileNameGp=../graphsdb/mcs30/bvg/b06m/mcs30_b06m_s100.A51 fileNameGt=../graphsdb/mcs30/bvg/b06m/mcs30_b06m_s100.B51
Reading graphs...
100 : 300
100 : 300
Initializing...
maxdom : 7
D->valSize : 350
Solving...
Blb : 3 (clique : 28)
currentSize : 28 <-- 0.003599 s
currentSize : 29 <-- 0.025902 s
currentSize : 30 <-- 0.976232 s
currentSize : 32 <-- 1.064641 s
currentSize : 33 <-- 1.348534 s
currentSize : 34 <-- 1.980563 s
currentSize : 35 <-- 100.509514 s
currentSize : 36 <-- 100.540276 s
currentSize : 37 <-- 100.744225 s
currentSize : 38 <-- 104.433472 s
currentSize : 39 <-- 104.536797 s
currentSize : 40 <-- 894.159668 s

TIMEOUT
maxsize : 40
nodes : 666653470.000000
filtered : 3523007811.000000
time : 3600.000000
