Parameters: GAD=1 vflib=1 dir=1 label=1 lowerbound=1 fileNameGp=../graphsdb/mcs30/m2D/m2Dr2/mcs30_m2Dr2_s70.A01 fileNameGt=../graphsdb/mcs30/m2D/m2Dr2/mcs30_m2Dr2_s70.B01
Reading graphs...
70 : 137
70 : 137
Initializing...
maxdom : 10
D->valSize : 314
Solving...
Blb : 2 (clique : 25)
currentSize : 25 <-- 0.002750 s
currentSize : 26 <-- 598.562805 s
currentSize : 27 <-- 2206.146729 s
currentSize : 28 <-- 2490.167969 s
currentSize : 29 <-- 2504.742188 s
currentSize : 30 <-- 2507.567627 s

TIMEOUT
maxsize : 30
nodes : 787534388.000000
filtered : 7073519096.000000
time : 3600.000000
