Parameters: GAD=1 vflib=1 dir=1 label=1 lowerbound=1 fileNameGp=../graphsdb/mcs30/m4D/m4Dr2/mcs30_m4Dr2_s50.A54 fileNameGt=../graphsdb/mcs30/m4D/m4Dr2/mcs30_m4Dr2_s50.B54
Reading graphs...
50 : 97
50 : 97
Initializing...
maxdom : 9
D->valSize : 311
Solving...
Blb : 2 (clique : 19)
currentSize : 19 <-- 0.002159 s
currentSize : 20 <-- 0.032180 s
currentSize : 21 <-- 7.559796 s
currentSize : 22 <-- 25.085575 s
currentSize : 23 <-- 93.343216 s
currentSize : 24 <-- 106.586113 s

maxsize : 24
nodes : 51470668.000000
filtered : 813552453.000000
time : 244.912415
