Parameters: GAD=1 vflib=1 dir=1 label=1 lowerbound=1 fileNameGp=../graphsdb/mcs30/m3D/m3Dr6/mcs30_m3Dr6_s100.A74 fileNameGt=../graphsdb/mcs30/m3D/m3Dr6/mcs30_m3Dr6_s100.B74
Reading graphs...
100 : 295
100 : 295
Initializing...
maxdom : 7
D->valSize : 337
Solving...
Blb : 2 (clique : 26)
currentSize : 26 <-- 0.003484 s
currentSize : 27 <-- 0.015497 s
currentSize : 28 <-- 7.879565 s
currentSize : 29 <-- 63.477047 s
currentSize : 30 <-- 75.344994 s
currentSize : 31 <-- 943.477722 s
currentSize : 32 <-- 1176.068970 s
currentSize : 33 <-- 1537.565674 s

TIMEOUT
maxsize : 33
nodes : 673565002.000000
filtered : 3502998844.000000
time : 3600.000000
