Parameters: GAD=1 vflib=1 dir=1 label=1 lowerbound=1 fileNameGp=../graphsdb/mcs30/rand/r005/mcs30_r005_s60.A07 fileNameGt=../graphsdb/mcs30/rand/r005/mcs30_r005_s60.B07
Reading graphs...
60 : 179
60 : 179
Initializing...
maxdom : 7
D->valSize : 259
Solving...
Blb : 2 (clique : 14)
currentSize : 14 <-- 0.001961 s
currentSize : 15 <-- 0.002052 s
currentSize : 16 <-- 0.002164 s
currentSize : 17 <-- 0.002344 s
currentSize : 18 <-- 0.003161 s
currentSize : 19 <-- 0.122152 s
currentSize : 20 <-- 1.916856 s
currentSize : 21 <-- 73.455658 s
currentSize : 22 <-- 91.874382 s

maxsize : 22
nodes : 32859962.000000
filtered : 311832397.000000
time : 146.818970
