Parameters: GAD=1 vflib=1 dir=1 label=1 lowerbound=1 fileNameGp=../graphsdb/mcs30/m3D/m3Dr2/mcs30_m3Dr2_s80.A94 fileNameGt=../graphsdb/mcs30/m3D/m3Dr2/mcs30_m3Dr2_s80.B94
Reading graphs...
80 : 200
80 : 200
Initializing...
maxdom : 11
D->valSize : 417
Solving...
Blb : 2 (clique : 22)
currentSize : 22 <-- 0.004142 s
currentSize : 23 <-- 0.004326 s
currentSize : 24 <-- 0.005791 s
currentSize : 25 <-- 0.939936 s
currentSize : 26 <-- 168.055542 s
currentSize : 27 <-- 271.692902 s
currentSize : 28 <-- 652.347656 s
currentSize : 29 <-- 668.772095 s
currentSize : 30 <-- 2944.030029 s

TIMEOUT
maxsize : 30
nodes : 707838016.000000
filtered : 7219943739.000000
time : 3600.000000
