Parameters: GAD=1 vflib=1 dir=1 label=1 lowerbound=1 fileNameGp=../graphsdb/mcs30/m3D/m3Dr4/mcs30_m3Dr4_s80.A64 fileNameGt=../graphsdb/mcs30/m3D/m3Dr4/mcs30_m3Dr4_s80.B64
Reading graphs...
80 : 216
80 : 216
Initializing...
maxdom : 8
D->valSize : 386
Solving...
Blb : 2 (clique : 26)
currentSize : 26 <-- 0.005837 s
currentSize : 28 <-- 0.006124 s
currentSize : 29 <-- 0.007452 s
currentSize : 30 <-- 0.008675 s
currentSize : 31 <-- 0.009786 s
currentSize : 32 <-- 0.038354 s
currentSize : 33 <-- 0.165685 s
currentSize : 34 <-- 0.313476 s

TIMEOUT
maxsize : 34
nodes : 670843455.000000
filtered : 6264080339.000000
time : 3600.000000
