Parameters: GAD=1 vflib=1 dir=1 label=1 lowerbound=1 fileNameGp=../graphsdb/mcs30/rand/r02/mcs30_r02_s90.A67 fileNameGt=../graphsdb/mcs30/rand/r02/mcs30_r02_s90.B67
Reading graphs...
90 : 1601
90 : 1601
Initializing...
maxdom : 8
D->valSize : 529
Solving...
Blb : 2 (clique : 7)
currentSize : 7 <-- 0.005515 s
currentSize : 8 <-- 0.005643 s
currentSize : 9 <-- 0.006406 s
currentSize : 10 <-- 0.008653 s
currentSize : 11 <-- 0.009544 s
currentSize : 13 <-- 0.009827 s
currentSize : 14 <-- 0.035520 s
currentSize : 19 <-- 0.035570 s
currentSize : 20 <-- 0.065023 s
currentSize : 22 <-- 0.236979 s
currentSize : 27 <-- 0.300468 s

maxsize : 27
nodes : 68332.000000
filtered : 2217616.000000
time : 0.512223
