Parameters: GAD=1 vflib=1 dir=1 label=1 lowerbound=1 fileNameGp=../graphsdb/mcs30/rand/r01/mcs30_r01_s60.A30 fileNameGt=../graphsdb/mcs30/rand/r01/mcs30_r01_s60.B30
Reading graphs...
60 : 353
60 : 353
Initializing...
maxdom : 7
D->valSize : 250
Solving...
Blb : 2 (clique : 11)
currentSize : 11 <-- 0.002600 s
currentSize : 12 <-- 0.002812 s
currentSize : 13 <-- 0.085004 s
currentSize : 14 <-- 0.085827 s
currentSize : 15 <-- 0.087131 s
currentSize : 16 <-- 0.291899 s
currentSize : 18 <-- 2.250259 s

maxsize : 18
nodes : 590591.000000
filtered : 6207843.000000
time : 2.771451
