Parameters: GAD=1 vflib=1 dir=1 label=1 lowerbound=1 fileNameGp=../graphsdb/mcs30/bvg/b03/mcs30_b03_s100.A30 fileNameGt=../graphsdb/mcs30/bvg/b03/mcs30_b03_s100.B30
Reading graphs...
100 : 150
100 : 150
Initializing...
maxdom : 7
D->valSize : 341
Solving...
Blb : 2 (clique : 38)
currentSize : 38 <-- 0.004062 s
currentSize : 39 <-- 0.004422 s
currentSize : 40 <-- 0.082176 s
currentSize : 41 <-- 0.331609 s
currentSize : 42 <-- 24.607624 s
currentSize : 43 <-- 2844.665527 s

TIMEOUT
maxsize : 43
nodes : 746410246.000000
filtered : 2694219722.000000
time : 3600.000000
