Parameters: GAD=1 vflib=1 dir=1 label=1 lowerbound=1 fileNameGp=../graphsdb/mcs30/m4D/m4Dr4/mcs30_m4Dr4_s90.A46 fileNameGt=../graphsdb/mcs30/m4D/m4Dr4/mcs30_m4Dr4_s90.B46
Reading graphs...
90 : 182
90 : 182
Initializing...
maxdom : 8
D->valSize : 497
Solving...
Blb : 2 (clique : 25)
currentSize : 25 <-- 0.005520 s
currentSize : 26 <-- 0.007330 s
currentSize : 27 <-- 0.392646 s
currentSize : 28 <-- 0.430373 s
currentSize : 29 <-- 2.560187 s
currentSize : 30 <-- 55.048950 s
currentSize : 31 <-- 226.939529 s
currentSize : 32 <-- 3454.241699 s

TIMEOUT
maxsize : 32
nodes : 729590833.000000
filtered : 4229793218.000000
time : 3600.000000
