Parameters: GAD=1 vflib=1 dir=1 label=1 lowerbound=1 fileNameGp=../graphsdb/mcs30/rand/r01/mcs30_r01_s60.A12 fileNameGt=../graphsdb/mcs30/rand/r01/mcs30_r01_s60.B12
Reading graphs...
60 : 353
60 : 353
Initializing...
maxdom : 9
D->valSize : 227
Solving...
Blb : 2 (clique : 10)
currentSize : 10 <-- 0.001651 s
currentSize : 11 <-- 0.001761 s
currentSize : 12 <-- 0.006269 s
currentSize : 13 <-- 0.035325 s
currentSize : 14 <-- 0.123729 s
currentSize : 16 <-- 0.531440 s
currentSize : 17 <-- 0.531545 s
currentSize : 18 <-- 0.531772 s

maxsize : 18
nodes : 215563.000000
filtered : 2335173.000000
time : 1.002040
