Parameters: GAD=1 vflib=1 dir=1 label=1 lowerbound=1 fileNameGp=../graphsdb/mcs30/m3D/m3Dr2/mcs30_m3Dr2_s90.A64 fileNameGt=../graphsdb/mcs30/m3D/m3Dr2/mcs30_m3Dr2_s90.B64
Reading graphs...
90 : 227
90 : 227
Initializing...
maxdom : 11
D->valSize : 552
Solving...
Blb : 2 (clique : 26)
currentSize : 26 <-- 0.006658 s
currentSize : 27 <-- 0.006899 s
currentSize : 28 <-- 0.008802 s
currentSize : 29 <-- 0.008847 s
currentSize : 30 <-- 0.061499 s
currentSize : 31 <-- 0.504483 s
currentSize : 32 <-- 55.416691 s
currentSize : 33 <-- 508.825378 s

TIMEOUT
maxsize : 33
nodes : 704825715.000000
filtered : 6016282573.000000
time : 3600.000000
