Parameters: GAD=1 vflib=1 dir=1 label=1 lowerbound=1 fileNameGp=../graphsdb/mcs30/rand/r02/mcs30_r02_s70.A21 fileNameGt=../graphsdb/mcs30/rand/r02/mcs30_r02_s70.B21
Reading graphs...
70 : 965
70 : 965
Initializing...
maxdom : 9
D->valSize : 350
Solving...
Blb : 2 (clique : 7)
currentSize : 7 <-- 0.002690 s
currentSize : 9 <-- 0.002791 s
currentSize : 14 <-- 0.002937 s
currentSize : 15 <-- 0.054429 s
currentSize : 16 <-- 0.054657 s
currentSize : 21 <-- 0.054767 s

maxsize : 21
nodes : 13049.000000
filtered : 296102.000000
time : 0.118129
