Parameters: GAD=1 vflib=1 dir=1 label=1 lowerbound=1 fileNameGp=../graphsdb/mcs30/rand/r005/mcs30_r005_s60.A18 fileNameGt=../graphsdb/mcs30/rand/r005/mcs30_r005_s60.B18
Reading graphs...
60 : 179
60 : 179
Initializing...
maxdom : 8
D->valSize : 234
Solving...
Blb : 2 (clique : 18)
currentSize : 18 <-- 0.001781 s
currentSize : 19 <-- 0.016690 s
currentSize : 20 <-- 0.021956 s
currentSize : 21 <-- 0.309376 s
currentSize : 22 <-- 1.271984 s

maxsize : 22
nodes : 7822524.000000
filtered : 72439472.000000
time : 35.324001
