Parameters: GAD=1 vflib=1 dir=1 label=1 lowerbound=1 fileNameGp=../graphsdb/mcs30/m4D/m4Dr4/mcs30_m4Dr4_s50.A30 fileNameGt=../graphsdb/mcs30/m4D/m4Dr4/mcs30_m4Dr4_s50.B30
Reading graphs...
50 : 107
50 : 105
Initializing...
maxdom : 10
D->valSize : 325
Solving...
Blb : 3 (clique : 18)
currentSize : 18 <-- 0.003830 s
currentSize : 19 <-- 0.005002 s
currentSize : 20 <-- 0.335719 s
currentSize : 21 <-- 0.339315 s
currentSize : 22 <-- 1.250071 s
currentSize : 23 <-- 77.848671 s

maxsize : 23
nodes : 62780624.000000
filtered : 964493154.000000
time : 302.442322
