Parameters: GAD=1 vflib=1 dir=1 label=1 lowerbound=1 fileNameGp=../graphsdb/mcs30/m2D/m2Dr2/mcs30_m2Dr2_s60.A71 fileNameGt=../graphsdb/mcs30/m2D/m2Dr2/mcs30_m2Dr2_s60.B71
Reading graphs...
60 : 116
60 : 115
Initializing...
maxdom : 6
D->valSize : 242
Solving...
Blb : 2 (clique : 21)
currentSize : 21 <-- 0.002922 s
currentSize : 22 <-- 0.003174 s
currentSize : 23 <-- 0.003322 s
currentSize : 24 <-- 0.012665 s
currentSize : 25 <-- 1.353165 s
currentSize : 26 <-- 48.637150 s
currentSize : 27 <-- 797.210754 s

maxsize : 27
nodes : 256591255.000000
filtered : 1749956852.000000
time : 1088.353027
