Parameters: GAD=1 vflib=1 dir=1 label=1 lowerbound=1 fileNameGp=../graphsdb/mcs30/bvg/b06/mcs30_b06_s70.A45 fileNameGt=../graphsdb/mcs30/bvg/b06/mcs30_b06_s70.B45
Reading graphs...
70 : 210
70 : 210
Initializing...
maxdom : 8
D->valSize : 343
Solving...
Blb : 5 (clique : 18)
currentSize : 18 <-- 0.003038 s
currentSize : 22 <-- 0.003172 s
currentSize : 23 <-- 0.003265 s
currentSize : 24 <-- 0.028160 s
currentSize : 25 <-- 119.918839 s
currentSize : 26 <-- 172.496475 s
currentSize : 27 <-- 172.503021 s
currentSize : 28 <-- 978.331604 s

maxsize : 28
nodes : 246337387.000000
filtered : 2592779511.000000
time : 1225.994019
