Parameters: GAD=1 vflib=1 dir=1 label=1 lowerbound=1 fileNameGp=../graphsdb/mcs30/bvg/b09m/mcs30_b09m_s50.A64 fileNameGt=../graphsdb/mcs30/bvg/b09m/mcs30_b09m_s50.B64
Reading graphs...
50 : 225
50 : 225
Initializing...
maxdom : 9
D->valSize : 327
Solving...
Blb : 3 (clique : 13)
currentSize : 13 <-- 0.003569 s
currentSize : 14 <-- 0.016267 s
currentSize : 15 <-- 0.017481 s
currentSize : 16 <-- 0.263929 s
currentSize : 17 <-- 1.188753 s
currentSize : 18 <-- 1.188777 s

maxsize : 18
nodes : 1232317.000000
filtered : 21945777.000000
time : 6.293076
