Parameters: GAD=1 vflib=1 dir=1 label=1 lowerbound=1 fileNameGp=../graphsdb/mcs30/m3D/m3Dr4/mcs30_m3Dr4_s30.A08 fileNameGt=../graphsdb/mcs30/m3D/m3Dr4/mcs30_m3Dr4_s30.B08
Reading graphs...
30 : 73
30 : 73
Initializing...
maxdom : 6
D->valSize : 114
Solving...
Blb : 2 (clique : 7)
currentSize : 7 <-- 0.000601 s
currentSize : 8 <-- 0.000804 s
currentSize : 9 <-- 0.001035 s
currentSize : 10 <-- 0.002430 s
currentSize : 11 <-- 0.006472 s

maxsize : 11
nodes : 10748.000000
filtered : 92872.000000
time : 0.034550
