Parameters: GAD=1 vflib=1 dir=1 label=1 lowerbound=1 fileNameGp=../graphsdb/mcs30/rand/r02/mcs30_r02_s80.A95 fileNameGt=../graphsdb/mcs30/rand/r02/mcs30_r02_s80.B95
Reading graphs...
80 : 1263
80 : 1263
Initializing...
maxdom : 9
D->valSize : 437
Solving...
Blb : 2 (clique : 8)
currentSize : 8 <-- 0.005929 s
currentSize : 9 <-- 0.008020 s
currentSize : 11 <-- 0.086154 s
currentSize : 13 <-- 0.138813 s
currentSize : 15 <-- 0.183113 s
currentSize : 17 <-- 0.183168 s
currentSize : 18 <-- 0.183313 s
currentSize : 24 <-- 0.183409 s

maxsize : 24
nodes : 50053.000000
filtered : 980644.000000
time : 0.325421
