Parameters: GAD=1 vflib=1 dir=1 label=1 lowerbound=1 fileNameGp=../graphsdb/mcs30/m4D/m4Dr4/mcs30_m4Dr4_s70.A92 fileNameGt=../graphsdb/mcs30/m4D/m4Dr4/mcs30_m4Dr4_s70.B92
Reading graphs...
70 : 146
70 : 146
Initializing...
maxdom : 8
D->valSize : 319
Solving...
Blb : 2 (clique : 24)
currentSize : 24 <-- 0.002803 s
currentSize : 25 <-- 0.036920 s
currentSize : 26 <-- 0.072372 s
currentSize : 27 <-- 12.952031 s
currentSize : 28 <-- 13.593265 s
currentSize : 29 <-- 2157.387939 s
currentSize : 30 <-- 2192.243896 s

TIMEOUT
maxsize : 30
nodes : 770167902.000000
filtered : 6124484188.000000
time : 3600.000000
