Parameters: GAD=1 vflib=1 dir=1 label=1 lowerbound=1 fileNameGp=../graphsdb/mcs30/rand/r01/mcs30_r01_s100.A50 fileNameGt=../graphsdb/mcs30/rand/r01/mcs30_r01_s100.B50
Reading graphs...
100 : 989
100 : 989
Initializing...
maxdom : 7
D->valSize : 346
Solving...
Blb : 2 (clique : 13)
currentSize : 13 <-- 0.005185 s
currentSize : 15 <-- 0.005450 s
currentSize : 16 <-- 0.008643 s
currentSize : 17 <-- 0.404396 s
currentSize : 18 <-- 2.556935 s
currentSize : 19 <-- 2.598924 s
currentSize : 20 <-- 3.108598 s
currentSize : 21 <-- 3.111134 s
currentSize : 22 <-- 8.357302 s
currentSize : 23 <-- 8.357399 s
currentSize : 24 <-- 8.359111 s
currentSize : 25 <-- 8.359397 s
currentSize : 26 <-- 8.359541 s
currentSize : 28 <-- 8.359639 s
currentSize : 30 <-- 8.360272 s

maxsize : 30
nodes : 2136428.000000
filtered : 20514743.000000
time : 12.721456
