Parameters: GAD=1 vflib=1 dir=1 label=1 lowerbound=1 fileNameGp=../graphsdb/mcs30/rand/r02/mcs30_r02_s80.A72 fileNameGt=../graphsdb/mcs30/rand/r02/mcs30_r02_s80.B72
Reading graphs...
80 : 1263
80 : 1263
Initializing...
maxdom : 9
D->valSize : 411
Solving...
Blb : 3 (clique : 8)
currentSize : 8 <-- 0.003695 s
currentSize : 9 <-- 0.004104 s
currentSize : 10 <-- 0.014986 s
currentSize : 11 <-- 0.018926 s
currentSize : 12 <-- 0.046091 s
currentSize : 14 <-- 0.046148 s
currentSize : 15 <-- 0.061695 s
currentSize : 18 <-- 0.204323 s
currentSize : 24 <-- 0.231086 s

maxsize : 24
nodes : 51290.000000
filtered : 1048293.000000
time : 0.311417
