Parameters: GAD=1 vflib=1 dir=1 label=1 lowerbound=1 fileNameGp=../graphsdb/mcs30/bvg/b09/mcs30_b09_s100.A61 fileNameGt=../graphsdb/mcs30/bvg/b09/mcs30_b09_s100.B61
Reading graphs...
100 : 450
100 : 450
Initializing...
maxdom : 7
D->valSize : 375
Solving...
Blb : 3 (clique : 28)
currentSize : 28 <-- 0.006228 s
currentSize : 29 <-- 64.773354 s
currentSize : 30 <-- 222.172897 s
currentSize : 31 <-- 1092.936523 s
currentSize : 32 <-- 1762.478149 s
currentSize : 33 <-- 1971.822510 s
currentSize : 34 <-- 2143.734131 s
currentSize : 35 <-- 2143.765625 s
currentSize : 36 <-- 2143.833740 s

TIMEOUT
maxsize : 36
nodes : 662809008.000000
filtered : 3874564457.000000
time : 3600.000000
