Parameters: GAD=1 vflib=1 dir=1 label=1 lowerbound=1 fileNameGp=../graphsdb/mcs30/rand/r01/mcs30_r01_s90.A80 fileNameGt=../graphsdb/mcs30/rand/r01/mcs30_r01_s90.B80
Reading graphs...
90 : 800
90 : 800
Initializing...
maxdom : 10
D->valSize : 510
Solving...
Blb : 2 (clique : 14)
currentSize : 14 <-- 0.005484 s
currentSize : 15 <-- 0.005641 s
currentSize : 17 <-- 0.005689 s
currentSize : 19 <-- 0.005775 s
currentSize : 20 <-- 0.005935 s
currentSize : 21 <-- 0.007173 s
currentSize : 22 <-- 0.009479 s
currentSize : 23 <-- 0.027021 s
currentSize : 24 <-- 0.027100 s
currentSize : 26 <-- 0.030901 s
currentSize : 27 <-- 0.032284 s

maxsize : 27
nodes : 9471347.000000
filtered : 206207140.000000
time : 67.197418
