Parameters: GAD=1 vflib=1 dir=1 label=1 lowerbound=1 fileNameGp=../graphsdb/mcs30/m4D/m4Dr4/mcs30_m4Dr4_s70.A35 fileNameGt=../graphsdb/mcs30/m4D/m4Dr4/mcs30_m4Dr4_s70.B35
Reading graphs...
70 : 146
70 : 144
Initializing...
maxdom : 8
D->valSize : 306
Solving...
Blb : 2 (clique : 23)
currentSize : 23 <-- 0.004085 s
currentSize : 24 <-- 0.004325 s
currentSize : 25 <-- 0.004870 s
currentSize : 26 <-- 0.005110 s
currentSize : 27 <-- 0.907702 s
currentSize : 28 <-- 26.381752 s
currentSize : 29 <-- 161.282394 s

maxsize : 29
nodes : 332062530.000000
filtered : 3600777615.000000
time : 1691.537720
