Parameters: GAD=1 vflib=1 dir=1 label=1 lowerbound=1 fileNameGp=../graphsdb/mcs30/bvg/b03m/mcs30_b03m_s35.A18 fileNameGt=../graphsdb/mcs30/bvg/b03m/mcs30_b03m_s35.B18
Reading graphs...
35 : 52
35 : 52
Initializing...
maxdom : 8
D->valSize : 172
Solving...
Blb : 2 (clique : 14)
currentSize : 14 <-- 0.000926 s
currentSize : 15 <-- 0.001018 s
currentSize : 16 <-- 0.009332 s
currentSize : 17 <-- 0.011406 s
currentSize : 18 <-- 0.172236 s
currentSize : 19 <-- 0.175954 s

maxsize : 19
nodes : 111239.000000
filtered : 1283735.000000
time : 0.425492
