Parameters: GAD=1 vflib=1 dir=1 label=1 lowerbound=1 fileNameGp=../graphsdb/mcs30/bvg/b09m/mcs30_b09m_s90.A97 fileNameGt=../graphsdb/mcs30/bvg/b09m/mcs30_b09m_s90.B97
Reading graphs...
90 : 405
90 : 405
Initializing...
maxdom : 8
D->valSize : 521
Solving...
Blb : 3 (clique : 22)
currentSize : 22 <-- 0.005814 s
currentSize : 23 <-- 0.012158 s
currentSize : 24 <-- 0.039979 s
currentSize : 25 <-- 1.591303 s
currentSize : 26 <-- 31.628296 s
currentSize : 27 <-- 1394.023682 s
currentSize : 28 <-- 1543.435913 s
currentSize : 29 <-- 1543.436157 s

TIMEOUT
maxsize : 29
nodes : 617594688.000000
filtered : 7804984575.000000
time : 3600.000000
