Parameters: GAD=1 vflib=1 dir=1 label=1 lowerbound=1 fileNameGp=../graphsdb/mcs30/m2D/m2Dr2/mcs30_m2Dr2_s60.A49 fileNameGt=../graphsdb/mcs30/m2D/m2Dr2/mcs30_m2Dr2_s60.B49
Reading graphs...
60 : 116
60 : 116
Initializing...
maxdom : 10
D->valSize : 249
Solving...
Blb : 2 (clique : 21)
currentSize : 21 <-- 0.001868 s
currentSize : 22 <-- 0.004375 s
currentSize : 23 <-- 0.080262 s
currentSize : 24 <-- 11.250370 s
currentSize : 25 <-- 149.310577 s
currentSize : 26 <-- 149.633408 s

maxsize : 26
nodes : 53716230.000000
filtered : 340175459.000000
time : 204.731552
