Parameters: GAD=1 vflib=1 dir=1 label=1 lowerbound=1 fileNameGp=../graphsdb/mcs30/m4D/m4Dr6/mcs30_m4Dr6_s60.A08 fileNameGt=../graphsdb/mcs30/m4D/m4Dr6/mcs30_m4Dr6_s60.B08
Reading graphs...
60 : 138
60 : 137
Initializing...
maxdom : 7
D->valSize : 250
Solving...
Blb : 2 (clique : 21)
currentSize : 21 <-- 0.002981 s
currentSize : 22 <-- 0.003215 s
currentSize : 23 <-- 0.003338 s
currentSize : 24 <-- 0.003612 s
currentSize : 25 <-- 0.044201 s
currentSize : 26 <-- 354.657745 s

maxsize : 26
nodes : 185968008.000000
filtered : 1560052915.000000
time : 827.394714
