Parameters: GAD=1 vflib=1 dir=1 label=1 lowerbound=1 fileNameGp=../graphsdb/mcs30/m3D/m3Dr6/mcs30_m3Dr6_s40.A98 fileNameGt=../graphsdb/mcs30/m3D/m3Dr6/mcs30_m3Dr6_s40.B98
Reading graphs...
40 : 108
40 : 108
Initializing...
maxdom : 7
D->valSize : 197
Solving...
Blb : 3 (clique : 11)
currentSize : 11 <-- 0.001152 s
currentSize : 12 <-- 0.002106 s
currentSize : 13 <-- 0.004278 s
currentSize : 14 <-- 0.056917 s
currentSize : 15 <-- 0.084030 s

maxsize : 15
nodes : 957368.000000
filtered : 11419583.000000
time : 3.838731
