Parameters: GAD=1 vflib=1 dir=1 label=1 lowerbound=1 fileNameGp=../graphsdb/mcs30/rand/r005/mcs30_r005_s100.A77 fileNameGt=../graphsdb/mcs30/rand/r005/mcs30_r005_s100.B77
Reading graphs...
100 : 494
100 : 494
Initializing...
maxdom : 6
D->valSize : 332
Solving...
Blb : 2 (clique : 23)
currentSize : 23 <-- 0.003427 s
currentSize : 24 <-- 0.004839 s
currentSize : 25 <-- 1.585179 s
currentSize : 26 <-- 6.205748 s
currentSize : 27 <-- 76.614990 s
currentSize : 29 <-- 890.448547 s

TIMEOUT
maxsize : 29
nodes : 599488123.000000
filtered : 5210696212.000000
time : 3600.000000
