Parameters: GAD=1 vflib=1 dir=1 label=1 lowerbound=1 fileNameGp=../graphsdb/mcs30/rand/r01/mcs30_r01_s70.A36 fileNameGt=../graphsdb/mcs30/rand/r01/mcs30_r01_s70.B36
Reading graphs...
70 : 482
70 : 482
Initializing...
maxdom : 8
D->valSize : 345
Solving...
Blb : 5 (clique : 12)
currentSize : 12 <-- 0.002853 s
currentSize : 13 <-- 0.026181 s
currentSize : 14 <-- 0.042385 s
currentSize : 15 <-- 0.262818 s
currentSize : 16 <-- 0.641525 s
currentSize : 17 <-- 2.106616 s
currentSize : 18 <-- 4.428250 s
currentSize : 19 <-- 7.109091 s
currentSize : 20 <-- 11.330657 s
currentSize : 21 <-- 12.137551 s

maxsize : 21
nodes : 2707042.000000
filtered : 32431530.000000
time : 13.818438
