Parameters: GAD=1 vflib=1 dir=1 label=1 lowerbound=1 fileNameGp=../graphsdb/mcs30/rand/r005/mcs30_r005_s40.A80 fileNameGt=../graphsdb/mcs30/rand/r005/mcs30_r005_s40.B80
Reading graphs...
40 : 83
40 : 83
Initializing...
maxdom : 7
D->valSize : 214
Solving...
Blb : 2 (clique : 13)
currentSize : 13 <-- 0.001286 s
currentSize : 14 <-- 0.002762 s
currentSize : 15 <-- 0.025836 s
currentSize : 16 <-- 0.165228 s
currentSize : 17 <-- 0.196419 s
currentSize : 18 <-- 0.547557 s

maxsize : 18
nodes : 1243663.000000
filtered : 13629720.000000
time : 4.984947
