Parameters: GAD=1 vflib=1 dir=1 label=1 lowerbound=1 fileNameGp=../graphsdb/mcs30/m3D/m3D/mcs30_m3D_s40.A41 fileNameGt=../graphsdb/mcs30/m3D/m3D/mcs30_m3D_s40.B41
Reading graphs...
40 : 84
40 : 84
Initializing...
maxdom : 7
D->valSize : 196
Solving...
Blb : 2 (clique : 12)
currentSize : 12 <-- 0.001367 s
currentSize : 13 <-- 0.001448 s
currentSize : 14 <-- 0.003357 s
currentSize : 15 <-- 0.037818 s
currentSize : 16 <-- 0.183178 s

maxsize : 16
nodes : 2781319.000000
filtered : 26128061.000000
time : 10.359744
