Parameters: GAD=1 vflib=1 dir=1 label=1 lowerbound=1 fileNameGp=../graphsdb/mcs30/m3D/m3Dr2/mcs30_m3Dr2_s30.A65 fileNameGt=../graphsdb/mcs30/m3D/m3Dr2/mcs30_m3Dr2_s30.B65
Reading graphs...
30 : 67
30 : 66
Initializing...
maxdom : 8
D->valSize : 119
Solving...
Blb : 5 (clique : 9)
currentSize : 9 <-- 0.000680 s
currentSize : 10 <-- 0.000892 s
currentSize : 11 <-- 0.001525 s
currentSize : 12 <-- 0.005163 s
currentSize : 13 <-- 0.010672 s

maxsize : 13
nodes : 7367.000000
filtered : 68078.000000
time : 0.027000
