Parameters: GAD=1 vflib=1 dir=1 label=1 lowerbound=1 fileNameGp=../graphsdb/mcs30/m2D/m2Dr2/mcs30_m2Dr2_s90.A04 fileNameGt=../graphsdb/mcs30/m2D/m2Dr2/mcs30_m2Dr2_s90.B04
Reading graphs...
90 : 179
90 : 179
Initializing...
maxdom : 10
D->valSize : 485
Solving...
Blb : 2 (clique : 31)
currentSize : 31 <-- 0.009012 s
currentSize : 32 <-- 0.071530 s
currentSize : 33 <-- 2.213642 s
currentSize : 34 <-- 13.132385 s
currentSize : 35 <-- 138.369278 s
currentSize : 36 <-- 2579.948242 s

TIMEOUT
maxsize : 36
nodes : 673993067.000000
filtered : 5648327498.000000
time : 3600.000000
