Parameters: GAD=1 vflib=1 dir=1 label=1 lowerbound=1 fileNameGp=../graphsdb/mcs30/bvg/b03/mcs30_b03_s30.A72 fileNameGt=../graphsdb/mcs30/bvg/b03/mcs30_b03_s30.B72
Reading graphs...
30 : 45
30 : 45
Initializing...
maxdom : 6
D->valSize : 118
Solving...
Blb : 2 (clique : 11)
currentSize : 11 <-- 0.000609 s
currentSize : 12 <-- 0.000997 s
currentSize : 13 <-- 0.007152 s
currentSize : 14 <-- 0.043764 s
currentSize : 15 <-- 0.055729 s

maxsize : 15
nodes : 24055.000000
filtered : 144619.000000
time : 0.075175
