Parameters: GAD=1 vflib=1 dir=1 label=1 lowerbound=1 fileNameGp=../graphsdb/mcs30/m2D/m2Dr4/mcs30_m2Dr4_s50.A44 fileNameGt=../graphsdb/mcs30/m2D/m2Dr4/mcs30_m2Dr4_s50.B44
Reading graphs...
50 : 105
50 : 104
Initializing...
maxdom : 11
D->valSize : 344
Solving...
Blb : 2 (clique : 17)
currentSize : 17 <-- 0.002532 s
currentSize : 18 <-- 0.002796 s
currentSize : 19 <-- 0.502652 s
currentSize : 20 <-- 10.639030 s
currentSize : 21 <-- 11.863571 s
currentSize : 22 <-- 11.872802 s
currentSize : 23 <-- 272.117035 s

maxsize : 23
nodes : 74784289.000000
filtered : 1085379672.000000
time : 369.315765
