Parameters: GAD=1 vflib=1 dir=1 label=1 lowerbound=1 fileNameGp=../graphsdb/mcs30/m3D/m3Dr2/mcs30_m3Dr2_s40.A71 fileNameGt=../graphsdb/mcs30/m3D/m3Dr2/mcs30_m3Dr2_s40.B71
Reading graphs...
40 : 92
40 : 92
Initializing...
maxdom : 8
D->valSize : 217
Solving...
Blb : 2 (clique : 13)
currentSize : 13 <-- 0.001955 s
currentSize : 14 <-- 0.088996 s
currentSize : 15 <-- 0.094099 s
currentSize : 16 <-- 0.096085 s
currentSize : 17 <-- 0.109032 s
currentSize : 18 <-- 0.163671 s

maxsize : 18
nodes : 855949.000000
filtered : 10235293.000000
time : 3.599358
