Parameters: GAD=1 vflib=1 dir=1 label=1 lowerbound=1 fileNameGp=../graphsdb/mcs30/m4D/m4D/mcs30_m4D_s80.A95 fileNameGt=../graphsdb/mcs30/m4D/m4D/mcs30_m4D_s80.B95
Reading graphs...
80 : 131
80 : 131
Initializing...
maxdom : 11
D->valSize : 423
Solving...
Blb : 2 (clique : 29)
currentSize : 29 <-- 0.004340 s
currentSize : 30 <-- 1.233305 s
currentSize : 31 <-- 1.377158 s
currentSize : 32 <-- 2.986129 s
currentSize : 33 <-- 87.975502 s
currentSize : 34 <-- 88.266747 s
currentSize : 35 <-- 654.216919 s

TIMEOUT
maxsize : 35
nodes : 722358517.000000
filtered : 5485438372.000000
time : 3600.000000
