Parameters: GAD=1 vflib=1 dir=1 label=1 lowerbound=1 fileNameGp=../graphsdb/mcs30/m4D/m4Dr6/mcs30_m4Dr6_s50.A30 fileNameGt=../graphsdb/mcs30/m4D/m4Dr6/mcs30_m4Dr6_s50.B30
Reading graphs...
50 : 117
50 : 117
Initializing...
maxdom : 9
D->valSize : 344
Solving...
Blb : 2 (clique : 16)
currentSize : 16 <-- 0.002710 s
currentSize : 17 <-- 0.004102 s
currentSize : 18 <-- 0.005426 s
currentSize : 19 <-- 0.106630 s
currentSize : 20 <-- 0.107395 s
currentSize : 21 <-- 100.754997 s
currentSize : 22 <-- 280.733063 s

maxsize : 22
nodes : 332839259.000000
filtered : 4793402985.000000
time : 1528.067261
