Parameters: GAD=1 vflib=1 dir=1 label=1 lowerbound=1 fileNameGp=../graphsdb/mcs30/rand/r02/mcs30_r02_s40.A23 fileNameGt=../graphsdb/mcs30/rand/r02/mcs30_r02_s40.B23
Reading graphs...
40 : 311
40 : 311
Initializing...
maxdom : 7
D->valSize : 224
Solving...
Blb : 2 (clique : 6)
currentSize : 6 <-- 0.001206 s
currentSize : 7 <-- 0.001270 s
currentSize : 8 <-- 0.001779 s
currentSize : 9 <-- 0.002957 s
currentSize : 10 <-- 0.004398 s
currentSize : 12 <-- 0.016390 s

maxsize : 12
nodes : 5735.000000
filtered : 113909.000000
time : 0.026111
