Parameters: GAD=1 vflib=1 dir=1 label=1 lowerbound=1 fileNameGp=../graphsdb/mcs30/m2D/m2Dr4/mcs30_m2Dr4_s100.A47 fileNameGt=../graphsdb/mcs30/m2D/m2Dr4/mcs30_m2Dr4_s100.B47
Reading graphs...
100 : 220
100 : 219
Initializing...
maxdom : 7
D->valSize : 304
Solving...
Blb : 5 (clique : 28)
currentSize : 28 <-- 0.002986 s
currentSize : 29 <-- 0.003293 s
currentSize : 30 <-- 0.003562 s
currentSize : 31 <-- 0.035532 s
currentSize : 32 <-- 0.073742 s
currentSize : 33 <-- 13.615942 s

TIMEOUT
maxsize : 33
nodes : 736936088.000000
filtered : 3859847090.000000
time : 3600.000000
