Parameters: GAD=1 vflib=1 dir=1 label=1 lowerbound=1 fileNameGp=../graphsdb/mcs30/rand/r005/mcs30_r005_s90.A41 fileNameGt=../graphsdb/mcs30/rand/r005/mcs30_r005_s90.B41
Reading graphs...
90 : 399
90 : 399
Initializing...
maxdom : 8
D->valSize : 504
Solving...
Blb : 2 (clique : 20)
currentSize : 20 <-- 0.005583 s
currentSize : 21 <-- 0.005836 s
currentSize : 22 <-- 0.015231 s
currentSize : 23 <-- 0.018486 s
currentSize : 24 <-- 14.280161 s
currentSize : 25 <-- 101.894691 s
currentSize : 26 <-- 698.455505 s
currentSize : 27 <-- 2309.220947 s

TIMEOUT
maxsize : 27
nodes : 631447450.000000
filtered : 6264647675.000000
time : 3600.000000
