Parameters: GAD=1 vflib=1 dir=1 label=1 lowerbound=1 fileNameGp=../graphsdb/mcs30/bvg/b06m/mcs30_b06m_s70.A65 fileNameGt=../graphsdb/mcs30/bvg/b06m/mcs30_b06m_s70.B65
Reading graphs...
70 : 210
70 : 210
Initializing...
maxdom : 9
D->valSize : 318
Solving...
Blb : 3 (clique : 21)
currentSize : 21 <-- 0.002596 s
currentSize : 22 <-- 0.117593 s
currentSize : 23 <-- 4.190480 s
currentSize : 24 <-- 8.925980 s
currentSize : 25 <-- 104.908295 s
currentSize : 26 <-- 104.977715 s
currentSize : 27 <-- 105.673676 s
currentSize : 28 <-- 186.043488 s

maxsize : 28
nodes : 67902294.000000
filtered : 719955010.000000
time : 334.362183
