Parameters: GAD=1 vflib=1 dir=1 label=1 lowerbound=1 fileNameGp=../graphsdb/mcs30/m4D/m4Dr2/mcs30_m4Dr2_s80.A81 fileNameGt=../graphsdb/mcs30/m4D/m4Dr2/mcs30_m4Dr2_s80.B81
Reading graphs...
80 : 147
80 : 146
Initializing...
maxdom : 9
D->valSize : 436
Solving...
Blb : 2 (clique : 26)
currentSize : 26 <-- 0.004547 s
currentSize : 28 <-- 0.302584 s
currentSize : 29 <-- 1.000836 s
currentSize : 30 <-- 2.231189 s
currentSize : 31 <-- 2.231727 s
currentSize : 32 <-- 3.356679 s
currentSize : 33 <-- 120.586395 s
currentSize : 34 <-- 275.319122 s

TIMEOUT
maxsize : 34
nodes : 732730440.000000
filtered : 4238880583.000000
time : 3600.000000
