Parameters: GAD=1 vflib=1 dir=1 label=1 lowerbound=1 fileNameGp=../graphsdb/mcs30/m2D/m2D/mcs30_m2D_s50.A27 fileNameGt=../graphsdb/mcs30/m2D/m2D/mcs30_m2D_s50.B27
Reading graphs...
50 : 85
50 : 85
Initializing...
maxdom : 9
D->valSize : 323
Solving...
Blb : 2 (clique : 21)
currentSize : 21 <-- 0.004008 s
currentSize : 22 <-- 0.004244 s
currentSize : 23 <-- 0.008933 s
currentSize : 24 <-- 0.295197 s
currentSize : 25 <-- 124.260422 s

maxsize : 25
nodes : 337164054.000000
filtered : 3319611122.000000
time : 1405.759888
