Parameters: GAD=1 vflib=1 dir=1 label=1 lowerbound=1 fileNameGp=../graphsdb/mcs30/bvg/b03m/mcs30_b03m_s100.A05 fileNameGt=../graphsdb/mcs30/bvg/b03m/mcs30_b03m_s100.B05
Reading graphs...
100 : 150
100 : 150
Initializing...
maxdom : 7
D->valSize : 361
Solving...
Blb : 3 (clique : 37)
currentSize : 37 <-- 0.006445 s
currentSize : 39 <-- 0.013736 s
currentSize : 40 <-- 0.014323 s
currentSize : 41 <-- 0.048591 s
currentSize : 42 <-- 0.094089 s
currentSize : 43 <-- 53.318020 s
currentSize : 44 <-- 743.278625 s

TIMEOUT
maxsize : 44
nodes : 712078715.000000
filtered : 2956108809.000000
time : 3600.000000
