Parameters: GAD=1 vflib=1 dir=1 label=1 lowerbound=1 fileNameGp=../graphsdb/mcs30/m2D/m2Dr2/mcs30_m2Dr2_s100.A20 fileNameGt=../graphsdb/mcs30/m2D/m2Dr2/mcs30_m2Dr2_s100.B20
Reading graphs...
100 : 200
100 : 200
Initializing...
maxdom : 7
D->valSize : 335
Solving...
Blb : 2 (clique : 29)
currentSize : 29 <-- 0.003361 s
currentSize : 30 <-- 0.006831 s
currentSize : 31 <-- 0.018137 s
currentSize : 32 <-- 1.221149 s
currentSize : 33 <-- 101.173264 s
currentSize : 34 <-- 1936.182373 s

TIMEOUT
maxsize : 34
nodes : 724320275.000000
filtered : 3695266518.000000
time : 3600.000000
