Parameters: GAD=1 vflib=1 dir=1 label=1 lowerbound=1 fileNameGp=../graphsdb/mcs30/m4D/m4D/mcs30_m4D_s50.A96 fileNameGt=../graphsdb/mcs30/m4D/m4D/mcs30_m4D_s50.B96
Reading graphs...
50 : 87
50 : 87
Initializing...
maxdom : 9
D->valSize : 304
Solving...
Blb : 2 (clique : 21)
currentSize : 21 <-- 0.003520 s
currentSize : 22 <-- 0.039152 s
currentSize : 23 <-- 0.072759 s
currentSize : 24 <-- 0.602904 s
currentSize : 25 <-- 127.374664 s

maxsize : 25
nodes : 135183614.000000
filtered : 1768653944.000000
time : 582.523987
