Parameters: GAD=1 vflib=1 dir=1 label=1 lowerbound=1 fileNameGp=../graphsdb/mcs30/rand/r02/mcs30_r02_s60.A08 fileNameGt=../graphsdb/mcs30/rand/r02/mcs30_r02_s60.B08
Reading graphs...
60 : 707
60 : 707
Initializing...
maxdom : 8
D->valSize : 239
Solving...
Blb : 2 (clique : 6)
currentSize : 6 <-- 0.002175 s
currentSize : 7 <-- 0.002263 s
currentSize : 8 <-- 0.003035 s
currentSize : 10 <-- 0.008356 s
currentSize : 11 <-- 0.015494 s
currentSize : 12 <-- 0.023889 s
currentSize : 14 <-- 0.023937 s
currentSize : 18 <-- 0.024045 s

maxsize : 18
nodes : 7521.000000
filtered : 121298.000000
time : 0.042070
