Parameters: GAD=1 vflib=1 dir=1 label=1 lowerbound=1 fileNameGp=../graphsdb/mcs30/m4D/m4Dr6/mcs30_m4Dr6_s90.A13 fileNameGt=../graphsdb/mcs30/m4D/m4Dr6/mcs30_m4Dr6_s90.B13
Reading graphs...
90 : 200
90 : 200
Initializing...
maxdom : 9
D->valSize : 541
Solving...
Blb : 2 (clique : 29)
currentSize : 29 <-- 0.006305 s
currentSize : 30 <-- 0.006686 s
currentSize : 31 <-- 0.016999 s
currentSize : 32 <-- 0.031089 s
currentSize : 33 <-- 0.219928 s
currentSize : 34 <-- 92.241455 s
currentSize : 35 <-- 351.901550 s
currentSize : 36 <-- 1855.219482 s

TIMEOUT
maxsize : 36
nodes : 686423908.000000
filtered : 5897579824.000000
time : 3600.000000
