Parameters: GAD=1 vflib=1 dir=1 label=1 lowerbound=1 fileNameGp=../graphsdb/mcs30/bvg/b09/mcs30_b09_s80.A24 fileNameGt=../graphsdb/mcs30/bvg/b09/mcs30_b09_s80.B24
Reading graphs...
80 : 360
80 : 360
Initializing...
maxdom : 10
D->valSize : 438
Solving...
Blb : 2 (clique : 25)
currentSize : 25 <-- 0.004158 s
currentSize : 26 <-- 0.004698 s
currentSize : 27 <-- 0.004768 s
currentSize : 28 <-- 0.004854 s
currentSize : 29 <-- 0.873856 s
currentSize : 30 <-- 1.067428 s

maxsize : 30
nodes : 85307502.000000
filtered : 1171514040.000000
time : 509.494751
