Parameters: GAD=1 vflib=1 dir=1 label=1 lowerbound=1 fileNameGp=../graphsdb/mcs30/m2D/m2Dr2/mcs30_m2Dr2_s60.A02 fileNameGt=../graphsdb/mcs30/m2D/m2Dr2/mcs30_m2Dr2_s60.B02
Reading graphs...
60 : 116
60 : 115
Initializing...
maxdom : 7
D->valSize : 224
Solving...
Blb : 2 (clique : 18)
currentSize : 18 <-- 0.002463 s
currentSize : 19 <-- 0.002991 s
currentSize : 20 <-- 0.013659 s
currentSize : 21 <-- 0.019133 s
currentSize : 22 <-- 0.351255 s
currentSize : 23 <-- 2.336421 s
currentSize : 24 <-- 5.348554 s
currentSize : 25 <-- 11.445900 s
currentSize : 26 <-- 82.035309 s

maxsize : 26
nodes : 44966916.000000
filtered : 318756918.000000
time : 189.615677
