Parameters: GAD=1 vflib=1 dir=1 label=1 lowerbound=1 fileNameGp=../graphsdb/mcs30/m2D/m2Dr6/mcs30_m2Dr6_s80.A79 fileNameGt=../graphsdb/mcs30/m2D/m2Dr6/mcs30_m2Dr6_s80.B79
Reading graphs...
80 : 190
80 : 189
Initializing...
maxdom : 10
D->valSize : 433
Solving...
Blb : 3 (clique : 25)
currentSize : 25 <-- 0.004572 s
currentSize : 26 <-- 0.005335 s
currentSize : 27 <-- 0.082976 s
currentSize : 28 <-- 0.125684 s
currentSize : 29 <-- 0.135104 s
currentSize : 30 <-- 1.956063 s
currentSize : 31 <-- 877.410156 s

TIMEOUT
maxsize : 31
nodes : 690494553.000000
filtered : 6899733400.000000
time : 3600.000000
