Parameters: GAD=1 vflib=1 dir=1 label=1 lowerbound=1 fileNameGp=../graphsdb/mcs30/bvg/b03/mcs30_b03_s60.A35 fileNameGt=../graphsdb/mcs30/bvg/b03/mcs30_b03_s60.B35
Reading graphs...
60 : 90
60 : 90
Initializing...
maxdom : 7
D->valSize : 256
Solving...
Blb : 5 (clique : 25)
currentSize : 25 <-- 0.001872 s
currentSize : 26 <-- 0.002025 s
currentSize : 27 <-- 88.166725 s
currentSize : 28 <-- 88.336884 s
currentSize : 29 <-- 257.989380 s
currentSize : 30 <-- 550.622070 s

maxsize : 30
nodes : 444995321.000000
filtered : 3307717856.000000
time : 1978.273804
