Parameters: GAD=1 vflib=1 dir=1 label=1 lowerbound=1 fileNameGp=../graphsdb/mcs30/m2D/m2D/mcs30_m2D_s70.A80 fileNameGt=../graphsdb/mcs30/m2D/m2D/mcs30_m2D_s70.B80
Reading graphs...
70 : 123
70 : 123
Initializing...
maxdom : 11
D->valSize : 338
Solving...
Blb : 5 (clique : 26)
currentSize : 26 <-- 0.003084 s
currentSize : 27 <-- 0.015775 s
currentSize : 28 <-- 0.032105 s
currentSize : 29 <-- 3.368500 s
currentSize : 30 <-- 13.395715 s
currentSize : 31 <-- 175.079330 s
currentSize : 32 <-- 324.644104 s
currentSize : 33 <-- 425.391815 s
currentSize : 34 <-- 425.528046 s
currentSize : 35 <-- 734.213989 s
currentSize : 36 <-- 1752.675171 s

maxsize : 36
nodes : 531522600.000000
filtered : 4919846693.000000
time : 2692.584961
