Parameters: GAD=1 vflib=1 dir=1 label=1 lowerbound=1 fileNameGp=../graphsdb/mcs30/m4D/m4D/mcs30_m4D_s60.A88 fileNameGt=../graphsdb/mcs30/m4D/m4D/mcs30_m4D_s60.B88
Reading graphs...
60 : 102
60 : 102
Initializing...
maxdom : 9
D->valSize : 237
Solving...
Blb : 2 (clique : 21)
currentSize : 21 <-- 0.002820 s
currentSize : 22 <-- 0.009550 s
currentSize : 23 <-- 0.009872 s
currentSize : 24 <-- 0.011488 s
currentSize : 25 <-- 0.030857 s
currentSize : 26 <-- 4.083466 s
currentSize : 27 <-- 66.891617 s

maxsize : 27
nodes : 95663770.000000
filtered : 760810306.000000
time : 407.946381
