Parameters: GAD=1 vflib=1 dir=1 label=1 lowerbound=1 fileNameGp=../graphsdb/mcs30/m4D/m4Dr2/mcs30_m4Dr2_s80.A30 fileNameGt=../graphsdb/mcs30/m4D/m4Dr2/mcs30_m4Dr2_s80.B30
Reading graphs...
80 : 147
80 : 147
Initializing...
maxdom : 8
D->valSize : 414
Solving...
Blb : 2 (clique : 28)
currentSize : 28 <-- 0.006757 s
currentSize : 29 <-- 0.266474 s
currentSize : 30 <-- 1.238739 s
currentSize : 31 <-- 8.890173 s
currentSize : 32 <-- 106.353394 s
currentSize : 33 <-- 3532.440918 s

TIMEOUT
maxsize : 33
nodes : 797835392.000000
filtered : 5673573156.000000
time : 3600.000000
