Parameters: GAD=1 vflib=1 dir=1 label=1 lowerbound=1 fileNameGp=../graphsdb/mcs30/bvg/b06/mcs30_b06_s70.A12 fileNameGt=../graphsdb/mcs30/bvg/b06/mcs30_b06_s70.B12
Reading graphs...
70 : 210
70 : 210
Initializing...
maxdom : 8
D->valSize : 337
Solving...
Blb : 2 (clique : 22)
currentSize : 22 <-- 0.002987 s
currentSize : 23 <-- 0.003169 s
currentSize : 24 <-- 0.003261 s
currentSize : 25 <-- 0.011694 s
currentSize : 26 <-- 0.048424 s
currentSize : 27 <-- 19.109100 s
currentSize : 28 <-- 45.576241 s

maxsize : 28
nodes : 201965441.000000
filtered : 1870310922.000000
time : 985.352356
