Parameters: GAD=1 vflib=1 dir=1 label=1 lowerbound=1 fileNameGp=../graphsdb/mcs30/m4D/m4Dr4/mcs30_m4Dr4_s50.A04 fileNameGt=../graphsdb/mcs30/m4D/m4Dr4/mcs30_m4Dr4_s50.B04
Reading graphs...
50 : 107
50 : 106
Initializing...
maxdom : 12
D->valSize : 323
Solving...
Blb : 2 (clique : 19)
currentSize : 19 <-- 0.002309 s
currentSize : 20 <-- 0.004634 s
currentSize : 21 <-- 0.006249 s
currentSize : 22 <-- 5.298864 s
currentSize : 23 <-- 66.729645 s

maxsize : 23
nodes : 38663395.000000
filtered : 512997570.000000
time : 171.183105
