Parameters: GAD=1 vflib=1 dir=1 label=1 lowerbound=1 fileNameGp=../graphsdb/mcs30/m3D/m3D/mcs30_m3D_s70.A20 fileNameGt=../graphsdb/mcs30/m3D/m3D/mcs30_m3D_s70.B20
Reading graphs...
70 : 159
70 : 159
Initializing...
maxdom : 8
D->valSize : 337
Solving...
Blb : 2 (clique : 23)
currentSize : 23 <-- 0.003085 s
currentSize : 24 <-- 0.006041 s
currentSize : 25 <-- 0.007816 s
currentSize : 26 <-- 0.014135 s
currentSize : 27 <-- 0.057221 s
currentSize : 28 <-- 0.728849 s
currentSize : 29 <-- 2.545498 s
currentSize : 30 <-- 17.893915 s
currentSize : 31 <-- 18.583029 s
currentSize : 32 <-- 56.543667 s
currentSize : 33 <-- 323.572174 s
currentSize : 34 <-- 392.933044 s

maxsize : 34
nodes : 288851787.000000
filtered : 2712634397.000000
time : 1513.788452
