Parameters: GAD=1 vflib=1 dir=1 label=1 lowerbound=1 fileNameGp=../graphsdb/mcs30/rand/r005/mcs30_r005_s25.A82 fileNameGt=../graphsdb/mcs30/rand/r005/mcs30_r005_s25.B82
Reading graphs...
25 : 34
25 : 34
Initializing...
maxdom : 7
D->valSize : 163
Solving...
Blb : 2 (clique : 10)
currentSize : 10 <-- 0.000750 s
currentSize : 11 <-- 0.000828 s
currentSize : 12 <-- 0.000901 s
currentSize : 13 <-- 0.001856 s
currentSize : 14 <-- 0.060646 s

maxsize : 14
nodes : 47443.000000
filtered : 527142.000000
time : 0.206453
