Parameters: GAD=1 vflib=1 dir=1 label=1 lowerbound=1 fileNameGp=../graphsdb/mcs30/bvg/b06/mcs30_b06_s60.A28 fileNameGt=../graphsdb/mcs30/bvg/b06/mcs30_b06_s60.B28
Reading graphs...
60 : 180
60 : 180
Initializing...
maxdom : 7
D->valSize : 239
Solving...
Blb : 3 (clique : 18)
currentSize : 18 <-- 0.001782 s
currentSize : 19 <-- 0.002278 s
currentSize : 20 <-- 0.435190 s
currentSize : 21 <-- 8.208677 s
currentSize : 22 <-- 8.210627 s

maxsize : 22
nodes : 6573958.000000
filtered : 61100192.000000
time : 28.960512
