Parameters: GAD=1 vflib=1 dir=1 label=1 lowerbound=1 fileNameGp=../graphsdb/mcs30/m3D/m3Dr6/mcs30_m3Dr6_s90.A58 fileNameGt=../graphsdb/mcs30/m3D/m3Dr6/mcs30_m3Dr6_s90.B58
Reading graphs...
90 : 263
90 : 262
Initializing...
maxdom : 11
D->valSize : 504
Solving...
Blb : 2 (clique : 30)
currentSize : 30 <-- 0.009350 s
currentSize : 31 <-- 0.010543 s
currentSize : 32 <-- 0.018285 s
currentSize : 33 <-- 0.341615 s
currentSize : 34 <-- 0.636874 s
currentSize : 35 <-- 592.123352 s

TIMEOUT
maxsize : 35
nodes : 617229751.000000
filtered : 6545130446.000000
time : 3600.000000
