Parameters: GAD=1 vflib=1 dir=1 label=1 lowerbound=1 fileNameGp=../graphsdb/mcs30/m2D/m2Dr6/mcs30_m2Dr6_s70.A07 fileNameGt=../graphsdb/mcs30/m2D/m2Dr6/mcs30_m2Dr6_s70.B07
Reading graphs...
70 : 165
70 : 165
Initializing...
maxdom : 8
D->valSize : 355
Solving...
Blb : 2 (clique : 25)
currentSize : 25 <-- 0.003138 s
currentSize : 26 <-- 0.003406 s
currentSize : 27 <-- 0.003453 s
currentSize : 28 <-- 0.008791 s
currentSize : 29 <-- 0.043731 s
currentSize : 30 <-- 2.087630 s
currentSize : 31 <-- 2.479249 s
currentSize : 32 <-- 7.406824 s
currentSize : 33 <-- 1173.570923 s

maxsize : 33
nodes : 269315124.000000
filtered : 2987093166.000000
time : 1460.365723
