Parameters: GAD=1 vflib=1 dir=1 label=1 lowerbound=1 fileNameGp=../graphsdb/mcs30/bvg/b09m/mcs30_b09m_s70.A75 fileNameGt=../graphsdb/mcs30/bvg/b09m/mcs30_b09m_s70.B75
Reading graphs...
70 : 315
70 : 315
Initializing...
maxdom : 8
D->valSize : 324
Solving...
Blb : 2 (clique : 15)
currentSize : 15 <-- 0.002547 s
currentSize : 16 <-- 0.011203 s
currentSize : 17 <-- 0.294505 s
currentSize : 18 <-- 0.540650 s
currentSize : 19 <-- 26.367344 s
currentSize : 20 <-- 26.970261 s
currentSize : 21 <-- 58.160408 s
currentSize : 22 <-- 59.306595 s
currentSize : 23 <-- 61.938183 s
currentSize : 24 <-- 62.628063 s

maxsize : 24
nodes : 17916777.000000
filtered : 178806175.000000
time : 87.220085
