Parameters: GAD=1 vflib=1 dir=1 label=1 lowerbound=1 fileNameGp=../graphsdb/mcs30/m2D/m2Dr2/mcs30_m2Dr2_s60.A59 fileNameGt=../graphsdb/mcs30/m2D/m2Dr2/mcs30_m2Dr2_s60.B59
Reading graphs...
60 : 116
60 : 116
Initializing...
maxdom : 7
D->valSize : 247
Solving...
Blb : 2 (clique : 18)
currentSize : 18 <-- 0.002693 s
currentSize : 20 <-- 0.002875 s
currentSize : 21 <-- 0.008836 s
currentSize : 22 <-- 0.027677 s
currentSize : 23 <-- 25.839617 s
currentSize : 24 <-- 245.713669 s

maxsize : 24
nodes : 98087087.000000
filtered : 795951816.000000
time : 418.480774
