Parameters: GAD=1 vflib=1 dir=1 label=1 lowerbound=1 fileNameGp=../graphsdb/mcs30/m3D/m3Dr4/mcs30_m3Dr4_s40.A38 fileNameGt=../graphsdb/mcs30/m3D/m3Dr4/mcs30_m3Dr4_s40.B38
Reading graphs...
40 : 100
40 : 98
Initializing...
maxdom : 15
D->valSize : 272
Solving...
Blb : 2 (clique : 12)
currentSize : 12 <-- 0.001651 s
currentSize : 13 <-- 0.001846 s
currentSize : 14 <-- 0.007254 s
currentSize : 15 <-- 0.488992 s
currentSize : 16 <-- 1.014037 s
currentSize : 17 <-- 1.384907 s

maxsize : 17
nodes : 526499.000000
filtered : 8113966.000000
time : 2.245705
