Parameters: GAD=1 vflib=1 dir=1 label=1 lowerbound=1 fileNameGp=../graphsdb/mcs30/m4D/m4D/mcs30_m4D_s60.A51 fileNameGt=../graphsdb/mcs30/m4D/m4D/mcs30_m4D_s60.B51
Reading graphs...
60 : 102
60 : 102
Initializing...
maxdom : 7
D->valSize : 232
Solving...
Blb : 3 (clique : 21)
currentSize : 21 <-- 0.002049 s
currentSize : 22 <-- 0.002465 s
currentSize : 23 <-- 0.003183 s
currentSize : 24 <-- 0.053652 s
currentSize : 25 <-- 30.308016 s
currentSize : 26 <-- 76.771896 s
currentSize : 27 <-- 463.418213 s

maxsize : 27
nodes : 244064355.000000
filtered : 1882189291.000000
time : 1069.391602
