Parameters: GAD=1 vflib=1 dir=1 label=1 lowerbound=1 fileNameGp=../graphsdb/mcs30/m4D/m4Dr2/mcs30_m4Dr2_s60.A71 fileNameGt=../graphsdb/mcs30/m4D/m4Dr2/mcs30_m4Dr2_s60.B71
Reading graphs...
60 : 114
60 : 114
Initializing...
maxdom : 8
D->valSize : 257
Solving...
Blb : 2 (clique : 21)
currentSize : 21 <-- 0.001923 s
currentSize : 22 <-- 0.031201 s
currentSize : 23 <-- 0.104004 s
currentSize : 24 <-- 4.524519 s
currentSize : 25 <-- 4.605181 s
currentSize : 26 <-- 23.232128 s
currentSize : 27 <-- 37.245838 s

maxsize : 27
nodes : 29730186.000000
filtered : 268065854.000000
time : 139.912079
