Parameters: GAD=1 vflib=1 dir=1 label=1 lowerbound=1 fileNameGp=../graphsdb/mcs30/m3D/m3Dr2/mcs30_m3Dr2_s40.A08 fileNameGt=../graphsdb/mcs30/m3D/m3Dr2/mcs30_m3Dr2_s40.B08
Reading graphs...
40 : 92
40 : 92
Initializing...
maxdom : 10
D->valSize : 235
Solving...
Blb : 2 (clique : 12)
currentSize : 12 <-- 0.001327 s
currentSize : 13 <-- 0.003578 s
currentSize : 14 <-- 0.030772 s
currentSize : 15 <-- 0.048115 s
currentSize : 16 <-- 6.216016 s

maxsize : 16
nodes : 2296568.000000
filtered : 36072432.000000
time : 8.973058
