Parameters: GAD=1 vflib=1 dir=1 label=1 lowerbound=1 fileNameGp=../graphsdb/mcs30/rand/r005/mcs30_r005_s60.A38 fileNameGt=../graphsdb/mcs30/rand/r005/mcs30_r005_s60.B38
Reading graphs...
60 : 179
60 : 179
Initializing...
maxdom : 8
D->valSize : 245
Solving...
Blb : 2 (clique : 16)
currentSize : 16 <-- 0.001790 s
currentSize : 17 <-- 0.002068 s
currentSize : 18 <-- 0.002080 s
currentSize : 19 <-- 0.025757 s
currentSize : 20 <-- 0.149646 s
currentSize : 21 <-- 4.394749 s
currentSize : 22 <-- 6.380638 s

maxsize : 22
nodes : 36925351.000000
filtered : 329427282.000000
time : 161.924881
