Parameters: GAD=1 vflib=1 dir=1 label=1 lowerbound=1 fileNameGp=../graphsdb/mcs30/m2D/m2Dr2/mcs30_m2Dr2_s90.A58 fileNameGt=../graphsdb/mcs30/m2D/m2Dr2/mcs30_m2Dr2_s90.B58
Reading graphs...
90 : 179
90 : 178
Initializing...
maxdom : 10
D->valSize : 545
Solving...
Blb : 2 (clique : 31)
currentSize : 31 <-- 0.006517 s
currentSize : 32 <-- 0.130688 s
currentSize : 33 <-- 0.136397 s
currentSize : 34 <-- 0.895163 s
currentSize : 35 <-- 120.716492 s
currentSize : 36 <-- 1534.800903 s
currentSize : 37 <-- 1534.946167 s
currentSize : 38 <-- 3170.298828 s

TIMEOUT
maxsize : 38
nodes : 724097893.000000
filtered : 5085018148.000000
time : 3600.000000
