Parameters: GAD=1 vflib=1 dir=1 label=1 lowerbound=1 fileNameGp=../graphsdb/mcs30/m2D/m2Dr6/mcs30_m2Dr6_s70.A12 fileNameGt=../graphsdb/mcs30/m2D/m2Dr6/mcs30_m2Dr6_s70.B12
Reading graphs...
70 : 165
70 : 165
Initializing...
maxdom : 9
D->valSize : 329
Solving...
Blb : 2 (clique : 22)
currentSize : 22 <-- 0.004496 s
currentSize : 23 <-- 0.005707 s
currentSize : 24 <-- 0.229452 s
currentSize : 25 <-- 55.968117 s
currentSize : 26 <-- 172.829361 s
currentSize : 27 <-- 600.464783 s
currentSize : 28 <-- 600.464905 s
currentSize : 29 <-- 600.465332 s
currentSize : 30 <-- 730.130310 s
currentSize : 31 <-- 1758.283813 s
currentSize : 32 <-- 1758.335815 s

maxsize : 32
nodes : 604778835.000000
filtered : 5927825624.000000
time : 2956.233887
