Parameters: GAD=1 vflib=1 dir=1 label=1 lowerbound=1 fileNameGp=../graphsdb/mcs30/m2D/m2Dr2/mcs30_m2Dr2_s100.A48 fileNameGt=../graphsdb/mcs30/m2D/m2Dr2/mcs30_m2Dr2_s100.B48
Reading graphs...
100 : 200
100 : 199
Initializing...
maxdom : 6
D->valSize : 316
Solving...
Blb : 2 (clique : 32)
currentSize : 32 <-- 0.003270 s
currentSize : 33 <-- 0.003686 s
currentSize : 34 <-- 0.032980 s
currentSize : 35 <-- 0.304347 s
currentSize : 36 <-- 4.289539 s
currentSize : 37 <-- 61.782986 s
currentSize : 38 <-- 1642.563721 s
currentSize : 39 <-- 1642.697876 s

TIMEOUT
maxsize : 39
nodes : 669779724.000000
filtered : 3887459590.000000
time : 3600.000000
