Parameters: GAD=1 vflib=1 dir=1 label=1 lowerbound=1 fileNameGp=../graphsdb/mcs30/rand/r02/mcs30_r02_s80.A44 fileNameGt=../graphsdb/mcs30/rand/r02/mcs30_r02_s80.B44
Reading graphs...
80 : 1263
80 : 1263
Initializing...
maxdom : 8
D->valSize : 410
Solving...
Blb : 2 (clique : 8)
currentSize : 8 <-- 0.003717 s
currentSize : 9 <-- 0.004411 s
currentSize : 10 <-- 0.007156 s
currentSize : 11 <-- 0.012230 s
currentSize : 12 <-- 0.012561 s
currentSize : 13 <-- 0.028272 s
currentSize : 18 <-- 0.045667 s
currentSize : 24 <-- 0.046452 s

maxsize : 24
nodes : 23869.000000
filtered : 587962.000000
time : 0.154854
