Parameters: GAD=1 vflib=1 dir=1 label=1 lowerbound=1 fileNameGp=../graphsdb/mcs30/m2D/m2Dr2/mcs30_m2Dr2_s50.A39 fileNameGt=../graphsdb/mcs30/m2D/m2Dr2/mcs30_m2Dr2_s50.B39
Reading graphs...
50 : 95
50 : 95
Initializing...
maxdom : 10
D->valSize : 313
Solving...
Blb : 2 (clique : 18)
currentSize : 18 <-- 0.003626 s
currentSize : 19 <-- 0.021426 s
currentSize : 20 <-- 0.024323 s
currentSize : 21 <-- 0.088446 s
currentSize : 22 <-- 0.241639 s
currentSize : 23 <-- 0.260245 s
currentSize : 24 <-- 1.380737 s
currentSize : 25 <-- 1.382688 s
currentSize : 26 <-- 44.959625 s

maxsize : 26
nodes : 36129524.000000
filtered : 480621938.000000
time : 172.818405
