Parameters: GAD=1 vflib=1 dir=1 label=1 lowerbound=1 fileNameGp=../graphsdb/mcs30/bvg/b06/mcs30_b06_s100.A37 fileNameGt=../graphsdb/mcs30/bvg/b06/mcs30_b06_s100.B37
Reading graphs...
100 : 300
100 : 300
Initializing...
maxdom : 6
D->valSize : 334
Solving...
Blb : 3 (clique : 30)
currentSize : 30 <-- 0.003351 s
currentSize : 32 <-- 0.142391 s
currentSize : 33 <-- 0.198646 s
currentSize : 34 <-- 4.602038 s
currentSize : 35 <-- 4.756895 s
currentSize : 36 <-- 4.800245 s
currentSize : 37 <-- 71.440392 s
currentSize : 38 <-- 1703.281128 s
currentSize : 39 <-- 2583.185547 s
currentSize : 40 <-- 2712.334229 s

TIMEOUT
maxsize : 40
nodes : 665296549.000000
filtered : 3469801923.000000
time : 3600.000000
