Parameters: GAD=1 vflib=1 dir=1 label=1 lowerbound=1 fileNameGp=../graphsdb/mcs30/bvg/b06m/mcs30_b06m_s30.A84 fileNameGt=../graphsdb/mcs30/bvg/b06m/mcs30_b06m_s30.B84
Reading graphs...
30 : 90
30 : 90
Initializing...
maxdom : 7
D->valSize : 123
Solving...
Blb : 2 (clique : 8)
currentSize : 8 <-- 0.000637 s
currentSize : 9 <-- 0.000694 s
currentSize : 10 <-- 0.000870 s
currentSize : 11 <-- 0.017364 s
currentSize : 12 <-- 0.017809 s

maxsize : 12
nodes : 7460.000000
filtered : 59875.000000
time : 0.023656
