Parameters: GAD=1 vflib=1 dir=1 label=1 lowerbound=1 fileNameGp=../graphsdb/mcs30/m2D/m2Dr2/mcs30_m2Dr2_s90.A76 fileNameGt=../graphsdb/mcs30/m2D/m2Dr2/mcs30_m2Dr2_s90.B76
Reading graphs...
90 : 179
90 : 178
Initializing...
maxdom : 10
D->valSize : 470
Solving...
Blb : 2 (clique : 30)
currentSize : 30 <-- 0.005101 s
currentSize : 31 <-- 0.007751 s
currentSize : 32 <-- 0.010406 s
currentSize : 33 <-- 0.710403 s
currentSize : 34 <-- 124.878006 s
currentSize : 35 <-- 125.644623 s
currentSize : 36 <-- 2450.008789 s

TIMEOUT
maxsize : 36
nodes : 614477893.000000
filtered : 4660496233.000000
time : 3600.000000
