Parameters: GAD=1 vflib=1 dir=1 label=1 lowerbound=1 fileNameGp=../graphsdb/mcs30/bvg/b06m/mcs30_b06m_s50.A24 fileNameGt=../graphsdb/mcs30/bvg/b06m/mcs30_b06m_s50.B24
Reading graphs...
50 : 150
50 : 150
Initializing...
maxdom : 9
D->valSize : 316
Solving...
Blb : 2 (clique : 15)
currentSize : 15 <-- 0.003430 s
currentSize : 16 <-- 0.003572 s
currentSize : 17 <-- 0.005422 s
currentSize : 18 <-- 0.072012 s
currentSize : 19 <-- 1.084046 s
currentSize : 20 <-- 1.094392 s
currentSize : 21 <-- 4.992433 s

maxsize : 21
nodes : 8190839.000000
filtered : 136132032.000000
time : 39.843536
