Parameters: GAD=1 vflib=1 dir=1 label=1 lowerbound=1 fileNameGp=../graphsdb/mcs30/bvg/b09/mcs30_b09_s70.A84 fileNameGt=../graphsdb/mcs30/bvg/b09/mcs30_b09_s70.B84
Reading graphs...
70 : 315
70 : 315
Initializing...
maxdom : 9
D->valSize : 356
Solving...
Blb : 2 (clique : 14)
currentSize : 14 <-- 0.003038 s
currentSize : 15 <-- 0.003179 s
currentSize : 16 <-- 0.012472 s
currentSize : 17 <-- 0.035712 s
currentSize : 18 <-- 0.045773 s
currentSize : 19 <-- 0.183954 s
currentSize : 20 <-- 7.780838 s
currentSize : 21 <-- 97.474670 s
currentSize : 22 <-- 145.769485 s

maxsize : 22
nodes : 44976477.000000
filtered : 679192638.000000
time : 237.177856
