Parameters: GAD=1 vflib=1 dir=1 label=1 lowerbound=1 fileNameGp=../graphsdb/mcs30/rand/r02/mcs30_r02_s80.A81 fileNameGt=../graphsdb/mcs30/rand/r02/mcs30_r02_s80.B81
Reading graphs...
80 : 1263
80 : 1263
Initializing...
maxdom : 7
D->valSize : 415
Solving...
Blb : 2 (clique : 8)
currentSize : 8 <-- 0.003656 s
currentSize : 9 <-- 0.003772 s
currentSize : 10 <-- 0.005982 s
currentSize : 11 <-- 0.010184 s
currentSize : 12 <-- 0.028565 s
currentSize : 14 <-- 0.052893 s
currentSize : 16 <-- 0.060499 s
currentSize : 17 <-- 0.061178 s
currentSize : 18 <-- 0.209305 s
currentSize : 19 <-- 0.209655 s
currentSize : 24 <-- 0.209708 s

maxsize : 24
nodes : 54693.000000
filtered : 1162940.000000
time : 0.336664
