Parameters: GAD=1 vflib=1 dir=1 label=1 lowerbound=1 fileNameGp=../graphsdb/mcs30/rand/r005/mcs30_r005_s60.A78 fileNameGt=../graphsdb/mcs30/rand/r005/mcs30_r005_s60.B78
Reading graphs...
60 : 179
60 : 179
Initializing...
maxdom : 10
D->valSize : 250
Solving...
Blb : 2 (clique : 17)
currentSize : 17 <-- 0.001850 s
currentSize : 18 <-- 0.002877 s
currentSize : 19 <-- 0.003459 s
currentSize : 20 <-- 0.032069 s
currentSize : 21 <-- 1.437626 s

maxsize : 21
nodes : 17873462.000000
filtered : 164987727.000000
time : 76.221138
