Parameters: GAD=1 vflib=1 dir=1 label=1 lowerbound=1 fileNameGp=../graphsdb/mcs30/m3D/m3Dr6/mcs30_m3Dr6_s70.A24 fileNameGt=../graphsdb/mcs30/m3D/m3Dr6/mcs30_m3Dr6_s70.B24
Reading graphs...
70 : 201
70 : 199
Initializing...
maxdom : 12
D->valSize : 351
Solving...
Blb : 2 (clique : 21)
currentSize : 21 <-- 0.003028 s
currentSize : 22 <-- 0.003241 s
currentSize : 23 <-- 0.003564 s
currentSize : 24 <-- 0.003676 s
currentSize : 25 <-- 4.886467 s
currentSize : 26 <-- 4.886649 s
currentSize : 27 <-- 4.887189 s
currentSize : 28 <-- 6.856211 s
currentSize : 29 <-- 6.859299 s
currentSize : 30 <-- 77.356728 s
currentSize : 31 <-- 173.822388 s

maxsize : 31
nodes : 57199079.000000
filtered : 553649609.000000
time : 281.073914
