Parameters: GAD=1 vflib=1 dir=1 label=1 lowerbound=1 fileNameGp=../graphsdb/mcs30/bvg/b03m/mcs30_b03m_s50.A06 fileNameGt=../graphsdb/mcs30/bvg/b03m/mcs30_b03m_s50.B06
Reading graphs...
50 : 75
50 : 75
Initializing...
maxdom : 8
D->valSize : 314
Solving...
Blb : 3 (clique : 19)
currentSize : 19 <-- 0.002311 s
currentSize : 21 <-- 0.079300 s
currentSize : 22 <-- 0.224150 s
currentSize : 23 <-- 0.224260 s
currentSize : 24 <-- 244.320816 s
currentSize : 25 <-- 244.322845 s
currentSize : 26 <-- 244.364777 s

maxsize : 26
nodes : 71757718.000000
filtered : 750782284.000000
time : 276.421600
