Parameters: GAD=1 vflib=1 dir=1 label=1 lowerbound=1 fileNameGp=../graphsdb/mcs30/m4D/m4D/mcs30_m4D_s50.A98 fileNameGt=../graphsdb/mcs30/m4D/m4D/mcs30_m4D_s50.B98
Reading graphs...
50 : 87
50 : 87
Initializing...
maxdom : 9
D->valSize : 332
Solving...
Blb : 3 (clique : 20)
currentSize : 20 <-- 0.002628 s
currentSize : 22 <-- 0.002912 s
currentSize : 23 <-- 0.003150 s
currentSize : 24 <-- 0.021505 s
currentSize : 25 <-- 14.270576 s
currentSize : 26 <-- 223.345184 s

maxsize : 26
nodes : 112605597.000000
filtered : 1307085392.000000
time : 494.623108
