Parameters: GAD=1 vflib=1 dir=1 label=1 lowerbound=1 fileNameGp=../graphsdb/mcs30/rand/r005/mcs30_r005_s100.A92 fileNameGt=../graphsdb/mcs30/rand/r005/mcs30_r005_s100.B92
Reading graphs...
100 : 494
100 : 494
Initializing...
maxdom : 9
D->valSize : 374
Solving...
Blb : 5 (clique : 22)
currentSize : 22 <-- 0.006502 s
currentSize : 23 <-- 0.122438 s
currentSize : 24 <-- 0.123062 s
currentSize : 25 <-- 1.494302 s
currentSize : 26 <-- 1.617487 s
currentSize : 27 <-- 1.714332 s
currentSize : 28 <-- 3.139192 s
currentSize : 29 <-- 3.139684 s
currentSize : 30 <-- 52.376831 s
currentSize : 31 <-- 126.303375 s

TIMEOUT
maxsize : 31
nodes : 591428134.000000
filtered : 5559824488.000000
time : 3600.000000
