Parameters: GAD=1 vflib=1 dir=1 label=1 lowerbound=1 fileNameGp=../graphsdb/mcs30/rand/r01/mcs30_r01_s80.A46 fileNameGt=../graphsdb/mcs30/rand/r01/mcs30_r01_s80.B46
Reading graphs...
80 : 631
80 : 631
Initializing...
maxdom : 8
D->valSize : 438
Solving...
Blb : 2 (clique : 12)
currentSize : 12 <-- 0.004041 s
currentSize : 13 <-- 0.004352 s
currentSize : 14 <-- 0.004496 s
currentSize : 15 <-- 0.006661 s
currentSize : 16 <-- 0.330425 s
currentSize : 17 <-- 0.416560 s
currentSize : 18 <-- 24.340452 s
currentSize : 19 <-- 31.524391 s
currentSize : 20 <-- 31.524921 s
currentSize : 21 <-- 31.871651 s
currentSize : 24 <-- 31.872055 s

maxsize : 24
nodes : 9145066.000000
filtered : 126668154.000000
time : 51.655663
