Parameters: GAD=1 vflib=1 dir=1 label=1 lowerbound=1 fileNameGp=../graphsdb/mcs30/bvg/b09/mcs30_b09_s100.A40 fileNameGt=../graphsdb/mcs30/bvg/b09/mcs30_b09_s100.B40
Reading graphs...
100 : 450
100 : 450
Initializing...
maxdom : 7
D->valSize : 331
Solving...
Blb : 3 (clique : 26)
currentSize : 26 <-- 0.003237 s
currentSize : 27 <-- 0.005284 s
currentSize : 28 <-- 0.317552 s
currentSize : 30 <-- 852.173462 s
currentSize : 32 <-- 852.473083 s
currentSize : 33 <-- 853.792786 s
currentSize : 34 <-- 855.290161 s

maxsize : 34
nodes : 535826969.000000
filtered : 3167827967.000000
time : 2978.366699
