Parameters: GAD=1 vflib=1 dir=1 label=1 lowerbound=1 fileNameGp=../graphsdb/mcs30/m2D/m2Dr2/mcs30_m2Dr2_s80.A62 fileNameGt=../graphsdb/mcs30/m2D/m2Dr2/mcs30_m2Dr2_s80.B62
Reading graphs...
80 : 158
80 : 158
Initializing...
maxdom : 9
D->valSize : 459
Solving...
Blb : 2 (clique : 29)
currentSize : 29 <-- 0.004797 s
currentSize : 30 <-- 10.149211 s
currentSize : 31 <-- 10.188345 s
currentSize : 32 <-- 78.172752 s
currentSize : 33 <-- 79.502228 s
currentSize : 34 <-- 99.298393 s
currentSize : 35 <-- 482.221893 s
currentSize : 36 <-- 1212.633179 s

TIMEOUT
maxsize : 36
nodes : 648523101.000000
filtered : 7261365036.000000
time : 3600.000000
