Parameters: GAD=1 vflib=1 dir=1 label=1 lowerbound=1 fileNameGp=../graphsdb/mcs30/bvg/b06m/mcs30_b06m_s70.A50 fileNameGt=../graphsdb/mcs30/bvg/b06m/mcs30_b06m_s70.B50
Reading graphs...
70 : 210
70 : 210
Initializing...
maxdom : 8
D->valSize : 308
Solving...
Blb : 3 (clique : 23)
currentSize : 23 <-- 0.003675 s
currentSize : 24 <-- 0.600287 s
currentSize : 25 <-- 14.574841 s
currentSize : 26 <-- 15.519557 s
currentSize : 27 <-- 24.565552 s

maxsize : 27
nodes : 220924717.000000
filtered : 2405633035.000000
time : 1121.346191
