Parameters: GAD=1 vflib=1 dir=1 label=1 lowerbound=1 fileNameGp=../graphsdb/mcs30/m2D/m2Dr6/mcs30_m2Dr6_s90.A24 fileNameGt=../graphsdb/mcs30/m2D/m2Dr6/mcs30_m2Dr6_s90.B24
Reading graphs...
90 : 215
90 : 214
Initializing...
maxdom : 9
D->valSize : 493
Solving...
Blb : 5 (clique : 26)
currentSize : 26 <-- 0.005513 s
currentSize : 27 <-- 0.005987 s
currentSize : 28 <-- 0.007048 s
currentSize : 29 <-- 0.014747 s
currentSize : 30 <-- 0.057555 s
currentSize : 31 <-- 2.579359 s
currentSize : 32 <-- 253.436615 s
currentSize : 33 <-- 1506.309448 s

TIMEOUT
maxsize : 33
nodes : 658209560.000000
filtered : 6154399709.000000
time : 3600.000000
