Parameters: GAD=1 vflib=1 dir=1 label=1 lowerbound=1 fileNameGp=../graphsdb/mcs30/bvg/b03/mcs30_b03_s70.A00 fileNameGt=../graphsdb/mcs30/bvg/b03/mcs30_b03_s70.B00
Reading graphs...
70 : 105
70 : 105
Initializing...
maxdom : 11
D->valSize : 322
Solving...
Blb : 2 (clique : 25)
currentSize : 25 <-- 0.002797 s
currentSize : 27 <-- 0.004139 s
currentSize : 28 <-- 0.561606 s
currentSize : 29 <-- 1.030449 s
currentSize : 30 <-- 11.220524 s
currentSize : 31 <-- 20.884523 s
currentSize : 32 <-- 249.919510 s
currentSize : 33 <-- 2053.252686 s
currentSize : 34 <-- 2059.910645 s
currentSize : 35 <-- 2215.849609 s
currentSize : 36 <-- 2375.682861 s

maxsize : 36
nodes : 792605122.000000
filtered : 5673464931.000000
time : 3545.857422
