Parameters: GAD=1 vflib=1 dir=1 label=1 lowerbound=1 fileNameGp=../graphsdb/mcs30/bvg/b06/mcs30_b06_s50.A73 fileNameGt=../graphsdb/mcs30/bvg/b06/mcs30_b06_s50.B73
Reading graphs...
50 : 150
50 : 150
Initializing...
maxdom : 12
D->valSize : 345
Solving...
Blb : 3 (clique : 14)
currentSize : 14 <-- 0.002648 s
currentSize : 15 <-- 0.002830 s
currentSize : 16 <-- 0.002942 s
currentSize : 17 <-- 0.017670 s
currentSize : 18 <-- 0.109988 s
currentSize : 19 <-- 8.133996 s
currentSize : 20 <-- 12.964811 s
currentSize : 21 <-- 16.818110 s

maxsize : 21
nodes : 6561008.000000
filtered : 93444411.000000
time : 31.233404
