Parameters: GAD=1 vflib=1 dir=1 label=1 lowerbound=1 fileNameGp=../graphsdb/mcs30/m3D/m3Dr2/mcs30_m3Dr2_s80.A54 fileNameGt=../graphsdb/mcs30/m3D/m3Dr2/mcs30_m3Dr2_s80.B54
Reading graphs...
80 : 200
80 : 200
Initializing...
maxdom : 9
D->valSize : 421
Solving...
Blb : 2 (clique : 24)
currentSize : 24 <-- 0.004133 s
currentSize : 25 <-- 0.371864 s
currentSize : 26 <-- 1.253120 s
currentSize : 27 <-- 1.260625 s
currentSize : 28 <-- 18.948954 s
currentSize : 29 <-- 30.786232 s
currentSize : 30 <-- 39.008816 s
currentSize : 31 <-- 1233.754150 s
currentSize : 32 <-- 1233.772583 s
currentSize : 33 <-- 1235.155151 s
currentSize : 34 <-- 1367.511719 s

TIMEOUT
maxsize : 34
nodes : 670864818.000000
filtered : 7080268834.000000
time : 3600.000000
