Parameters: GAD=1 vflib=1 dir=1 label=1 lowerbound=1 fileNameGp=../graphsdb/mcs30/rand/r01/mcs30_r01_s100.A79 fileNameGt=../graphsdb/mcs30/rand/r01/mcs30_r01_s100.B79
Reading graphs...
100 : 989
100 : 989
Initializing...
maxdom : 6
D->valSize : 325
Solving...
Blb : 2 (clique : 13)
currentSize : 13 <-- 0.003044 s
currentSize : 14 <-- 0.003604 s
currentSize : 15 <-- 0.004934 s
currentSize : 16 <-- 0.018948 s
currentSize : 17 <-- 0.063423 s
currentSize : 20 <-- 0.122301 s
currentSize : 22 <-- 0.122357 s
currentSize : 24 <-- 0.122505 s
currentSize : 25 <-- 0.123169 s
currentSize : 28 <-- 2.193470 s
currentSize : 29 <-- 2.193766 s
currentSize : 30 <-- 2.194054 s

maxsize : 30
nodes : 1127601.000000
filtered : 12439823.000000
time : 7.157712
