Parameters: GAD=1 vflib=1 dir=1 label=1 lowerbound=1 fileNameGp=../graphsdb/mcs30/m2D/m2Dr6/mcs30_m2Dr6_s50.A96 fileNameGt=../graphsdb/mcs30/m2D/m2Dr6/mcs30_m2Dr6_s50.B96
Reading graphs...
50 : 115
50 : 114
Initializing...
maxdom : 9
D->valSize : 310
Solving...
Blb : 2 (clique : 17)
currentSize : 17 <-- 0.002321 s
currentSize : 18 <-- 0.050302 s
currentSize : 19 <-- 0.050470 s
currentSize : 20 <-- 1.825275 s
currentSize : 21 <-- 2.429349 s
currentSize : 22 <-- 2.899828 s
currentSize : 23 <-- 9.796248 s

maxsize : 23
nodes : 10028502.000000
filtered : 138315154.000000
time : 46.914516
