Parameters: GAD=1 vflib=1 dir=1 label=1 lowerbound=1 fileNameGp=../graphsdb/mcs30/m2D/m2Dr2/mcs30_m2Dr2_s80.A24 fileNameGt=../graphsdb/mcs30/m2D/m2Dr2/mcs30_m2Dr2_s80.B24
Reading graphs...
80 : 158
80 : 158
Initializing...
maxdom : 10
D->valSize : 419
Solving...
Blb : 2 (clique : 31)
currentSize : 31 <-- 0.004219 s
currentSize : 32 <-- 0.044921 s
currentSize : 33 <-- 0.604727 s
currentSize : 34 <-- 2.631425 s
currentSize : 35 <-- 7.896969 s
currentSize : 36 <-- 19.729902 s
currentSize : 37 <-- 434.164734 s
currentSize : 38 <-- 435.072693 s

TIMEOUT
maxsize : 38
nodes : 633490629.000000
filtered : 6204685218.000000
time : 3600.000000
