Parameters: GAD=1 vflib=1 dir=1 label=1 lowerbound=1 fileNameGp=../graphsdb/mcs30/m2D/m2Dr4/mcs30_m2Dr4_s80.A47 fileNameGt=../graphsdb/mcs30/m2D/m2Dr4/mcs30_m2Dr4_s80.B47
Reading graphs...
80 : 174
80 : 174
Initializing...
maxdom : 9
D->valSize : 412
Solving...
Blb : 2 (clique : 24)
currentSize : 24 <-- 0.003937 s
currentSize : 29 <-- 0.004140 s
currentSize : 30 <-- 0.004215 s
currentSize : 31 <-- 2.980315 s
currentSize : 32 <-- 229.508789 s
currentSize : 33 <-- 229.989197 s
currentSize : 34 <-- 272.780121 s

TIMEOUT
maxsize : 34
nodes : 769737142.000000
filtered : 4854541788.000000
time : 3600.000000
