Parameters: GAD=1 vflib=1 dir=1 label=1 lowerbound=1 fileNameGp=../graphsdb/mcs30/bvg/b09/mcs30_b09_s90.A53 fileNameGt=../graphsdb/mcs30/bvg/b09/mcs30_b09_s90.B53
Reading graphs...
90 : 405
90 : 405
Initializing...
maxdom : 10
D->valSize : 531
Solving...
Blb : 3 (clique : 23)
currentSize : 23 <-- 0.009890 s
currentSize : 24 <-- 0.014738 s
currentSize : 25 <-- 10.400371 s
currentSize : 26 <-- 10.512430 s
currentSize : 27 <-- 49.258457 s
currentSize : 28 <-- 2025.217163 s
currentSize : 29 <-- 3241.335693 s

TIMEOUT
maxsize : 29
nodes : 602041723.000000
filtered : 7913013417.000000
time : 3600.000000
