Parameters: GAD=1 vflib=1 dir=1 label=1 lowerbound=1 fileNameGp=../graphsdb/mcs30/m4D/m4D/mcs30_m4D_s70.A74 fileNameGt=../graphsdb/mcs30/m4D/m4D/mcs30_m4D_s70.B74
Reading graphs...
70 : 118
70 : 118
Initializing...
maxdom : 9
D->valSize : 318
Solving...
Blb : 2 (clique : 26)
currentSize : 26 <-- 0.002774 s
currentSize : 27 <-- 0.007126 s
currentSize : 28 <-- 0.038221 s
currentSize : 29 <-- 0.107694 s
currentSize : 30 <-- 0.191540 s
currentSize : 31 <-- 1.027111 s
currentSize : 32 <-- 126.565758 s

TIMEOUT
maxsize : 32
nodes : 779782806.000000
filtered : 6074932187.000000
time : 3600.000000
