Parameters: GAD=1 vflib=1 dir=1 label=1 lowerbound=1 fileNameGp=../graphsdb/mcs30/m3D/m3Dr2/mcs30_m3Dr2_s90.A00 fileNameGt=../graphsdb/mcs30/m3D/m3Dr2/mcs30_m3Dr2_s90.B00
Reading graphs...
90 : 227
90 : 227
Initializing...
maxdom : 8
D->valSize : 507
Solving...
Blb : 2 (clique : 26)
currentSize : 26 <-- 0.005699 s
currentSize : 27 <-- 0.007735 s
currentSize : 28 <-- 0.030342 s
currentSize : 29 <-- 0.114355 s
currentSize : 30 <-- 10.039057 s
currentSize : 31 <-- 139.257492 s
currentSize : 32 <-- 1288.500488 s
currentSize : 33 <-- 3215.063721 s

TIMEOUT
maxsize : 33
nodes : 695130762.000000
filtered : 5552165980.000000
time : 3600.000000
