Parameters: GAD=1 vflib=1 dir=1 label=1 lowerbound=1 fileNameGp=../graphsdb/mcs30/m2D/m2Dr2/mcs30_m2Dr2_s60.A33 fileNameGt=../graphsdb/mcs30/m2D/m2Dr2/mcs30_m2Dr2_s60.B33
Reading graphs...
60 : 116
60 : 116
Initializing...
maxdom : 8
D->valSize : 216
Solving...
Blb : 2 (clique : 23)
currentSize : 23 <-- 0.001580 s
currentSize : 24 <-- 0.042042 s
currentSize : 25 <-- 12.736289 s
currentSize : 26 <-- 16.494675 s
currentSize : 27 <-- 16.500868 s

maxsize : 27
nodes : 8921565.000000
filtered : 54605360.000000
time : 36.149113
