Parameters: GAD=1 vflib=1 dir=1 label=1 lowerbound=1 fileNameGp=../graphsdb/mcs30/bvg/b09/mcs30_b09_s100.A66 fileNameGt=../graphsdb/mcs30/bvg/b09/mcs30_b09_s100.B66
Reading graphs...
100 : 450
100 : 450
Initializing...
maxdom : 8
D->valSize : 331
Solving...
Blb : 2 (clique : 24)
currentSize : 24 <-- 0.003305 s
currentSize : 25 <-- 0.055303 s
currentSize : 26 <-- 0.968106 s
currentSize : 27 <-- 1.712440 s
currentSize : 28 <-- 25.948780 s
currentSize : 29 <-- 25.950178 s
currentSize : 30 <-- 25.959080 s
currentSize : 31 <-- 25.965191 s
currentSize : 32 <-- 25.983452 s
currentSize : 33 <-- 87.792130 s
currentSize : 34 <-- 824.967346 s

TIMEOUT
maxsize : 34
nodes : 694738656.000000
filtered : 3220879756.000000
time : 3600.000000
