Parameters: GAD=1 vflib=1 dir=1 label=1 lowerbound=1 fileNameGp=../graphsdb/mcs30/bvg/b09m/mcs30_b09m_s100.A89 fileNameGt=../graphsdb/mcs30/bvg/b09m/mcs30_b09m_s100.B89
Reading graphs...
100 : 450
100 : 450
Initializing...
maxdom : 8
D->valSize : 342
Solving...
Blb : 2 (clique : 20)
currentSize : 20 <-- 0.005301 s
currentSize : 21 <-- 0.025425 s
currentSize : 22 <-- 0.241458 s
currentSize : 23 <-- 1.663956 s
currentSize : 24 <-- 5.807376 s
currentSize : 25 <-- 30.800264 s
currentSize : 26 <-- 129.871994 s
currentSize : 27 <-- 330.776398 s
currentSize : 28 <-- 342.361877 s
currentSize : 29 <-- 642.176025 s
currentSize : 30 <-- 770.117126 s
currentSize : 31 <-- 770.121399 s
currentSize : 32 <-- 783.585266 s
currentSize : 33 <-- 852.840881 s
currentSize : 34 <-- 1501.555298 s
currentSize : 35 <-- 1557.025146 s

maxsize : 35
nodes : 625257655.000000
filtered : 4473451113.000000
time : 3465.693604
