Parameters: GAD=1 vflib=1 dir=1 label=1 lowerbound=1 fileNameGp=../graphsdb/mcs30/m4D/m4Dr2/mcs30_m4Dr2_s60.A64 fileNameGt=../graphsdb/mcs30/m4D/m4Dr2/mcs30_m4Dr2_s60.B64
Reading graphs...
60 : 114
60 : 114
Initializing...
maxdom : 11
D->valSize : 237
Solving...
Blb : 2 (clique : 21)
currentSize : 21 <-- 0.001944 s
currentSize : 22 <-- 0.002084 s
currentSize : 23 <-- 0.002128 s
currentSize : 24 <-- 0.002553 s
currentSize : 25 <-- 0.009956 s
currentSize : 26 <-- 1.706589 s

maxsize : 26
nodes : 26036348.000000
filtered : 224382819.000000
time : 115.787697
