Parameters: GAD=1 vflib=1 dir=1 label=1 lowerbound=1 fileNameGp=../graphsdb/mcs30/m2D/m2Dr6/mcs30_m2Dr6_s50.A17 fileNameGt=../graphsdb/mcs30/m2D/m2Dr6/mcs30_m2Dr6_s50.B17
Reading graphs...
50 : 115
50 : 114
Initializing...
maxdom : 9
D->valSize : 337
Solving...
Blb : 2 (clique : 18)
currentSize : 18 <-- 0.004102 s
currentSize : 19 <-- 0.004468 s
currentSize : 20 <-- 0.006040 s
currentSize : 21 <-- 0.007930 s
currentSize : 22 <-- 0.265709 s
currentSize : 23 <-- 10.460494 s
currentSize : 24 <-- 11.162387 s

maxsize : 24
nodes : 20047166.000000
filtered : 312058771.000000
time : 99.007812
