Parameters: GAD=1 vflib=1 dir=1 label=1 lowerbound=1 fileNameGp=../graphsdb/mcs30/m2D/m2Dr4/mcs30_m2Dr4_s50.A72 fileNameGt=../graphsdb/mcs30/m2D/m2Dr4/mcs30_m2Dr4_s50.B72
Reading graphs...
50 : 105
50 : 105
Initializing...
maxdom : 11
D->valSize : 336
Solving...
Blb : 5 (clique : 18)
currentSize : 18 <-- 0.002506 s
currentSize : 19 <-- 0.032285 s
currentSize : 20 <-- 0.094883 s
currentSize : 21 <-- 1.488857 s
currentSize : 22 <-- 5.355176 s
currentSize : 23 <-- 59.160404 s

maxsize : 23
nodes : 103978400.000000
filtered : 1605873442.000000
time : 502.860260
