Parameters: GAD=1 vflib=1 dir=1 label=1 lowerbound=1 fileNameGp=../graphsdb/mcs30/m4D/m4Dr2/mcs30_m4Dr2_s70.A01 fileNameGt=../graphsdb/mcs30/m4D/m4Dr2/mcs30_m4Dr2_s70.B01
Reading graphs...
70 : 131
70 : 131
Initializing...
maxdom : 9
D->valSize : 310
Solving...
Blb : 3 (clique : 22)
currentSize : 22 <-- 0.002724 s
currentSize : 23 <-- 0.003408 s
currentSize : 24 <-- 0.003457 s
currentSize : 25 <-- 0.006434 s
currentSize : 26 <-- 0.019425 s
currentSize : 27 <-- 4.666177 s
currentSize : 28 <-- 10.818472 s
currentSize : 29 <-- 19.825594 s

TIMEOUT
maxsize : 29
nodes : 793313081.000000
filtered : 5963719749.000000
time : 3600.000000
