Parameters: GAD=1 vflib=1 dir=1 label=1 lowerbound=1 fileNameGp=../graphsdb/mcs30/bvg/b09/mcs30_b09_s60.A87 fileNameGt=../graphsdb/mcs30/bvg/b09/mcs30_b09_s60.B87
Reading graphs...
60 : 270
60 : 270
Initializing...
maxdom : 8
D->valSize : 237
Solving...
Blb : 2 (clique : 13)
currentSize : 13 <-- 0.002402 s
currentSize : 14 <-- 0.003155 s
currentSize : 15 <-- 0.037229 s
currentSize : 16 <-- 0.260411 s
currentSize : 17 <-- 0.336586 s
currentSize : 18 <-- 9.421077 s
currentSize : 19 <-- 9.421156 s
currentSize : 20 <-- 11.056378 s

maxsize : 20
nodes : 2888273.000000
filtered : 28286487.000000
time : 12.806232
