Parameters: GAD=1 vflib=1 dir=1 label=1 lowerbound=1 fileNameGp=../graphsdb/mcs30/bvg/b06/mcs30_b06_s80.A70 fileNameGt=../graphsdb/mcs30/bvg/b06/mcs30_b06_s80.B70
Reading graphs...
80 : 240
80 : 240
Initializing...
maxdom : 11
D->valSize : 441
Solving...
Blb : 2 (clique : 22)
currentSize : 22 <-- 0.004561 s
currentSize : 24 <-- 0.004753 s
currentSize : 25 <-- 0.038166 s
currentSize : 26 <-- 74.963387 s
currentSize : 27 <-- 421.476135 s
currentSize : 28 <-- 431.605377 s
currentSize : 29 <-- 3194.550781 s

TIMEOUT
maxsize : 29
nodes : 667242490.000000
filtered : 8216715916.000000
time : 3600.000000
