Parameters: GAD=1 vflib=1 dir=1 label=1 lowerbound=1 fileNameGp=../graphsdb/mcs30/m3D/m3Dr4/mcs30_m3Dr4_s70.A86 fileNameGt=../graphsdb/mcs30/m3D/m3Dr4/mcs30_m3Dr4_s70.B86
Reading graphs...
70 : 187
70 : 187
Initializing...
maxdom : 9
D->valSize : 350
Solving...
Blb : 3 (clique : 26)
currentSize : 26 <-- 0.003112 s
currentSize : 27 <-- 28.209845 s
currentSize : 28 <-- 66.965797 s
currentSize : 29 <-- 137.520889 s
currentSize : 30 <-- 149.014481 s
currentSize : 31 <-- 202.272339 s

maxsize : 31
nodes : 75881345.000000
filtered : 931405800.000000
time : 410.724213
