Parameters: GAD=1 vflib=1 dir=1 label=1 lowerbound=1 fileNameGp=../graphsdb/mcs30/bvg/b03m/mcs30_b03m_s50.A40 fileNameGt=../graphsdb/mcs30/bvg/b03m/mcs30_b03m_s50.B40
Reading graphs...
50 : 75
50 : 75
Initializing...
maxdom : 10
D->valSize : 327
Solving...
Blb : 2 (clique : 20)
currentSize : 20 <-- 0.002513 s
currentSize : 21 <-- 0.044373 s
currentSize : 22 <-- 35.251305 s
currentSize : 23 <-- 159.616852 s
currentSize : 24 <-- 160.135635 s
currentSize : 25 <-- 741.503235 s

maxsize : 25
nodes : 181687691.000000
filtered : 1803449200.000000
time : 784.020569
