Parameters: GAD=1 vflib=1 dir=1 label=1 lowerbound=1 fileNameGp=../graphsdb/mcs30/m4D/m4Dr4/mcs30_m4Dr4_s60.A95 fileNameGt=../graphsdb/mcs30/m4D/m4Dr4/mcs30_m4Dr4_s60.B95
Reading graphs...
60 : 126
60 : 125
Initializing...
maxdom : 9
D->valSize : 255
Solving...
Blb : 5 (clique : 20)
currentSize : 20 <-- 0.003243 s
currentSize : 21 <-- 0.010814 s
currentSize : 22 <-- 0.016122 s
currentSize : 23 <-- 0.029117 s
currentSize : 24 <-- 43.107239 s
currentSize : 25 <-- 94.500648 s
currentSize : 26 <-- 94.501846 s
currentSize : 27 <-- 205.872940 s

maxsize : 27
nodes : 70601815.000000
filtered : 643363991.000000
time : 318.897583
