Parameters: GAD=1 vflib=1 dir=1 label=1 lowerbound=1 fileNameGp=../graphsdb/mcs30/rand/r01/mcs30_r01_s70.A60 fileNameGt=../graphsdb/mcs30/rand/r01/mcs30_r01_s70.B60
Reading graphs...
70 : 482
70 : 482
Initializing...
maxdom : 7
D->valSize : 336
Solving...
Blb : 5 (clique : 15)
currentSize : 15 <-- 0.002745 s
currentSize : 16 <-- 0.029845 s
currentSize : 17 <-- 0.054208 s
currentSize : 18 <-- 0.429646 s
currentSize : 19 <-- 2.520448 s
currentSize : 20 <-- 4.093208 s
currentSize : 21 <-- 4.542456 s
currentSize : 22 <-- 4.542532 s

maxsize : 22
nodes : 1519711.000000
filtered : 20676249.000000
time : 8.108289
