Parameters: GAD=1 vflib=1 dir=1 label=1 lowerbound=1 fileNameGp=../graphsdb/mcs30/m3D/m3D/mcs30_m3D_s70.A46 fileNameGt=../graphsdb/mcs30/m3D/m3D/mcs30_m3D_s70.B46
Reading graphs...
70 : 159
70 : 159
Initializing...
maxdom : 10
D->valSize : 341
Solving...
Blb : 2 (clique : 23)
currentSize : 23 <-- 0.002922 s
currentSize : 24 <-- 0.003090 s
currentSize : 25 <-- 0.003151 s
currentSize : 27 <-- 0.003364 s
currentSize : 28 <-- 0.012540 s
currentSize : 29 <-- 0.023683 s
currentSize : 30 <-- 22.716017 s

maxsize : 30
nodes : 414727321.000000
filtered : 4030223569.000000
time : 2070.988770
