Parameters: GAD=1 vflib=1 dir=1 label=1 lowerbound=1 fileNameGp=../graphsdb/mcs30/rand/r02/mcs30_r02_s60.A70 fileNameGt=../graphsdb/mcs30/rand/r02/mcs30_r02_s60.B70
Reading graphs...
60 : 707
60 : 707
Initializing...
maxdom : 6
D->valSize : 220
Solving...
Blb : 2 (clique : 7)
currentSize : 7 <-- 0.001417 s
currentSize : 9 <-- 0.001719 s
currentSize : 11 <-- 0.024801 s
currentSize : 12 <-- 0.024872 s
currentSize : 16 <-- 0.025393 s
currentSize : 18 <-- 0.025755 s

maxsize : 18
nodes : 9455.000000
filtered : 118465.000000
time : 0.044514
