Parameters: GAD=1 vflib=1 dir=1 label=1 lowerbound=1 fileNameGp=../graphsdb/mcs30/m4D/m4Dr2/mcs30_m4Dr2_s50.A45 fileNameGt=../graphsdb/mcs30/m4D/m4Dr2/mcs30_m4Dr2_s50.B45
Reading graphs...
50 : 97
50 : 97
Initializing...
maxdom : 10
D->valSize : 332
Solving...
Blb : 2 (clique : 19)
currentSize : 19 <-- 0.004289 s
currentSize : 20 <-- 0.004837 s
currentSize : 21 <-- 0.117780 s
currentSize : 22 <-- 0.139416 s
currentSize : 23 <-- 43.877651 s
currentSize : 24 <-- 194.725403 s
currentSize : 25 <-- 194.729630 s
currentSize : 26 <-- 195.206284 s

maxsize : 26
nodes : 163779679.000000
filtered : 2290500049.000000
time : 749.761536
