Parameters: GAD=1 vflib=1 dir=1 label=1 lowerbound=1 fileNameGp=../graphsdb/mcs30/m3D/m3Dr2/mcs30_m3Dr2_s100.A67 fileNameGt=../graphsdb/mcs30/m3D/m3Dr2/mcs30_m3Dr2_s100.B67
Reading graphs...
100 : 255
100 : 255
Initializing...
maxdom : 7
D->valSize : 328
Solving...
Blb : 2 (clique : 26)
currentSize : 26 <-- 0.003235 s
currentSize : 27 <-- 0.003461 s
currentSize : 28 <-- 0.003551 s
currentSize : 29 <-- 0.031225 s
currentSize : 30 <-- 0.097096 s
currentSize : 31 <-- 5.224453 s
currentSize : 32 <-- 27.723040 s
currentSize : 33 <-- 30.698460 s
currentSize : 34 <-- 810.669250 s

TIMEOUT
maxsize : 34
nodes : 640121986.000000
filtered : 4081300130.000000
time : 3600.000000
