Parameters: GAD=1 vflib=1 dir=1 label=1 lowerbound=1 fileNameGp=../graphsdb/mcs30/bvg/b06/mcs30_b06_s60.A69 fileNameGt=../graphsdb/mcs30/bvg/b06/mcs30_b06_s60.B69
Reading graphs...
60 : 180
60 : 180
Initializing...
maxdom : 7
D->valSize : 244
Solving...
Blb : 2 (clique : 17)
currentSize : 17 <-- 0.002739 s
currentSize : 18 <-- 0.002908 s
currentSize : 19 <-- 0.300250 s
currentSize : 20 <-- 0.492104 s
currentSize : 21 <-- 0.548358 s
currentSize : 22 <-- 1.050048 s
currentSize : 23 <-- 10.904607 s

maxsize : 23
nodes : 5063816.000000
filtered : 47110302.000000
time : 22.693180
