Parameters: GAD=1 vflib=1 dir=1 label=1 lowerbound=1 fileNameGp=../graphsdb/mcs30/m2D/m2Dr2/mcs30_m2Dr2_s90.A47 fileNameGt=../graphsdb/mcs30/m2D/m2Dr2/mcs30_m2Dr2_s90.B47
Reading graphs...
90 : 179
90 : 178
Initializing...
maxdom : 14
D->valSize : 564
Solving...
Blb : 2 (clique : 29)
currentSize : 29 <-- 0.006864 s
currentSize : 30 <-- 0.007439 s
currentSize : 31 <-- 0.052775 s
currentSize : 32 <-- 0.283293 s
currentSize : 33 <-- 0.861032 s
currentSize : 34 <-- 8.235555 s
currentSize : 35 <-- 93.772789 s

TIMEOUT
maxsize : 35
nodes : 682206130.000000
filtered : 6687357577.000000
time : 3600.000000
