Parameters: GAD=1 vflib=1 dir=1 label=1 lowerbound=1 fileNameGp=../graphsdb/mcs30/rand/r02/mcs30_r02_s50.A69 fileNameGt=../graphsdb/mcs30/rand/r02/mcs30_r02_s50.B69
Reading graphs...
50 : 489
50 : 489
Initializing...
maxdom : 10
D->valSize : 317
Solving...
Blb : 2 (clique : 7)
currentSize : 7 <-- 0.003075 s
currentSize : 8 <-- 0.003234 s
currentSize : 11 <-- 0.003863 s
currentSize : 12 <-- 0.020470 s
currentSize : 15 <-- 0.020525 s

maxsize : 15
nodes : 10980.000000
filtered : 313593.000000
time : 0.065818
