Parameters: GAD=1 vflib=1 dir=1 label=1 lowerbound=1 fileNameGp=../graphsdb/mcs30/rand/r01/mcs30_r01_s80.A83 fileNameGt=../graphsdb/mcs30/rand/r01/mcs30_r01_s80.B83
Reading graphs...
80 : 631
80 : 631
Initializing...
maxdom : 11
D->valSize : 485
Solving...
Blb : 2 (clique : 13)
currentSize : 13 <-- 0.004898 s
currentSize : 15 <-- 0.005689 s
currentSize : 16 <-- 0.030946 s
currentSize : 17 <-- 0.833763 s
currentSize : 18 <-- 0.834790 s
currentSize : 19 <-- 0.834832 s
currentSize : 20 <-- 0.838628 s
currentSize : 21 <-- 14.291178 s
currentSize : 22 <-- 37.934208 s
currentSize : 23 <-- 37.957199 s
currentSize : 24 <-- 37.957291 s
currentSize : 25 <-- 37.957375 s

maxsize : 25
nodes : 7897900.000000
filtered : 163960061.000000
time : 49.909389
