Parameters: GAD=1 vflib=1 dir=1 label=1 lowerbound=1 fileNameGp=../graphsdb/mcs30/rand/r01/mcs30_r01_s70.A66 fileNameGt=../graphsdb/mcs30/rand/r01/mcs30_r01_s70.B66
Reading graphs...
70 : 482
70 : 482
Initializing...
maxdom : 7
D->valSize : 315
Solving...
Blb : 5 (clique : 12)
currentSize : 12 <-- 0.002512 s
currentSize : 13 <-- 0.004974 s
currentSize : 14 <-- 0.005561 s
currentSize : 15 <-- 0.024404 s
currentSize : 16 <-- 0.110872 s
currentSize : 17 <-- 0.111605 s
currentSize : 18 <-- 0.677554 s
currentSize : 19 <-- 2.903892 s
currentSize : 20 <-- 12.712415 s
currentSize : 21 <-- 12.712576 s

maxsize : 21
nodes : 3960778.000000
filtered : 44375550.000000
time : 20.112526
