Parameters: GAD=1 vflib=1 dir=1 label=1 lowerbound=1 fileNameGp=../graphsdb/mcs30/bvg/b06/mcs30_b06_s70.A42 fileNameGt=../graphsdb/mcs30/bvg/b06/mcs30_b06_s70.B42
Reading graphs...
70 : 210
70 : 210
Initializing...
maxdom : 9
D->valSize : 338
Solving...
Blb : 2 (clique : 19)
currentSize : 19 <-- 0.004480 s
currentSize : 20 <-- 0.006613 s
currentSize : 21 <-- 0.120689 s
currentSize : 22 <-- 0.125064 s
currentSize : 23 <-- 0.234971 s
currentSize : 24 <-- 0.515397 s
currentSize : 25 <-- 0.516918 s
currentSize : 26 <-- 6.335128 s

TIMEOUT
maxsize : 26
nodes : 735364306.000000
filtered : 6793683171.000000
time : 3600.000000
