Parameters: GAD=1 vflib=1 dir=1 label=1 lowerbound=1 fileNameGp=../graphsdb/mcs30/m2D/m2D/mcs30_m2D_s70.A02 fileNameGt=../graphsdb/mcs30/m2D/m2D/mcs30_m2D_s70.B02
Reading graphs...
70 : 123
70 : 123
Initializing...
maxdom : 7
D->valSize : 349
Solving...
Blb : 2 (clique : 25)
currentSize : 25 <-- 0.003080 s
currentSize : 27 <-- 0.003249 s
currentSize : 28 <-- 0.003721 s
currentSize : 29 <-- 0.008286 s
currentSize : 30 <-- 0.059020 s
currentSize : 31 <-- 0.077677 s
currentSize : 32 <-- 0.103609 s
currentSize : 33 <-- 481.481750 s

TIMEOUT
maxsize : 33
nodes : 718221711.000000
filtered : 7203995791.000000
time : 3600.000000
