Parameters: GAD=1 vflib=1 dir=1 label=1 lowerbound=1 fileNameGp=../graphsdb/mcs30/m4D/m4D/mcs30_m4D_s80.A14 fileNameGt=../graphsdb/mcs30/m4D/m4D/mcs30_m4D_s80.B14
Reading graphs...
80 : 131
80 : 131
Initializing...
maxdom : 10
D->valSize : 419
Solving...
Blb : 2 (clique : 29)
currentSize : 29 <-- 0.004288 s
currentSize : 30 <-- 0.004505 s
currentSize : 31 <-- 0.015629 s
currentSize : 32 <-- 0.017125 s
currentSize : 33 <-- 0.032679 s
currentSize : 34 <-- 0.193956 s
currentSize : 35 <-- 20.994301 s
currentSize : 36 <-- 191.537018 s
currentSize : 37 <-- 196.983139 s
currentSize : 38 <-- 321.767853 s
currentSize : 39 <-- 325.813538 s

TIMEOUT
maxsize : 39
nodes : 708831619.000000
filtered : 6166685593.000000
time : 3600.000000
