Parameters: GAD=1 vflib=1 dir=1 label=1 lowerbound=1 fileNameGp=../graphsdb/mcs30/m4D/m4D/mcs30_m4D_s60.A31 fileNameGt=../graphsdb/mcs30/m4D/m4D/mcs30_m4D_s60.B31
Reading graphs...
60 : 102
60 : 102
Initializing...
maxdom : 6
D->valSize : 240
Solving...
Blb : 2 (clique : 23)
currentSize : 23 <-- 0.001772 s
currentSize : 24 <-- 0.076102 s
currentSize : 25 <-- 6.645410 s
currentSize : 26 <-- 11.630341 s
currentSize : 27 <-- 24.519323 s

maxsize : 27
nodes : 388684816.000000
filtered : 2554100709.000000
time : 1572.244507
