Parameters: GAD=1 vflib=1 dir=1 label=1 lowerbound=1 fileNameGp=../graphsdb/mcs30/bvg/b09m/mcs30_b09m_s80.A15 fileNameGt=../graphsdb/mcs30/bvg/b09m/mcs30_b09m_s80.B15
Reading graphs...
80 : 360
80 : 360
Initializing...
maxdom : 10
D->valSize : 434
Solving...
Blb : 3 (clique : 23)
currentSize : 23 <-- 0.004216 s
currentSize : 24 <-- 0.005003 s
currentSize : 25 <-- 2.509896 s
currentSize : 26 <-- 5.368255 s
currentSize : 27 <-- 255.914474 s
currentSize : 28 <-- 1177.655273 s

maxsize : 28
nodes : 301207655.000000
filtered : 4024616182.000000
time : 1689.079712
