Parameters: GAD=1 vflib=1 dir=1 label=1 lowerbound=1 fileNameGp=../graphsdb/mcs30/m2D/m2Dr2/mcs30_m2Dr2_s60.A94 fileNameGt=../graphsdb/mcs30/m2D/m2Dr2/mcs30_m2Dr2_s60.B94
Reading graphs...
60 : 116
60 : 115
Initializing...
maxdom : 7
D->valSize : 264
Solving...
Blb : 2 (clique : 22)
currentSize : 22 <-- 0.001922 s
currentSize : 23 <-- 0.002193 s
currentSize : 24 <-- 0.009614 s
currentSize : 25 <-- 0.141049 s
currentSize : 26 <-- 23.437580 s
currentSize : 27 <-- 55.536705 s

maxsize : 27
nodes : 170026039.000000
filtered : 1591972278.000000
time : 757.745422
