Parameters: GAD=1 vflib=1 dir=1 label=1 lowerbound=1 fileNameGp=../graphsdb/mcs30/rand/r005/mcs30_r005_s70.A19 fileNameGt=../graphsdb/mcs30/rand/r005/mcs30_r005_s70.B19
Reading graphs...
70 : 240
70 : 240
Initializing...
maxdom : 9
D->valSize : 328
Solving...
Blb : 3 (clique : 18)
currentSize : 18 <-- 0.004095 s
currentSize : 19 <-- 0.008964 s
currentSize : 20 <-- 0.291750 s
currentSize : 21 <-- 0.867078 s
currentSize : 22 <-- 0.883816 s
currentSize : 23 <-- 19.933012 s
currentSize : 24 <-- 1399.685791 s
currentSize : 25 <-- 1995.834106 s

maxsize : 25
nodes : 590689427.000000
filtered : 5489537045.000000
time : 2877.238770
