Parameters: GAD=1 vflib=1 dir=1 label=1 lowerbound=1 fileNameGp=../graphsdb/mcs30/rand/r005/mcs30_r005_s70.A67 fileNameGt=../graphsdb/mcs30/rand/r005/mcs30_r005_s70.B67
Reading graphs...
70 : 240
70 : 240
Initializing...
maxdom : 10
D->valSize : 326
Solving...
Blb : 2 (clique : 19)
currentSize : 19 <-- 0.002672 s
currentSize : 20 <-- 0.006498 s
currentSize : 21 <-- 3.813928 s
currentSize : 22 <-- 24.838411 s
currentSize : 23 <-- 234.737701 s
currentSize : 24 <-- 672.262939 s

maxsize : 24
nodes : 375280986.000000
filtered : 3520962390.000000
time : 1863.714844
