Parameters: GAD=1 vflib=1 dir=1 label=1 lowerbound=1 fileNameGp=../graphsdb/mcs30/bvg/b06/mcs30_b06_s90.A15 fileNameGt=../graphsdb/mcs30/bvg/b06/mcs30_b06_s90.B15
Reading graphs...
90 : 270
90 : 270
Initializing...
maxdom : 10
D->valSize : 517
Solving...
Blb : 2 (clique : 24)
currentSize : 24 <-- 0.005734 s
currentSize : 25 <-- 0.006041 s
currentSize : 26 <-- 0.019687 s
currentSize : 27 <-- 0.247023 s
currentSize : 28 <-- 75.543922 s
currentSize : 29 <-- 75.697563 s
currentSize : 30 <-- 76.938576 s
currentSize : 31 <-- 92.413940 s
currentSize : 32 <-- 132.203384 s

TIMEOUT
maxsize : 32
nodes : 615965495.000000
filtered : 6600817745.000000
time : 3600.000000
