Parameters: GAD=1 vflib=1 dir=1 label=1 lowerbound=1 fileNameGp=../graphsdb/mcs30/rand/r01/mcs30_r01_s100.A84 fileNameGt=../graphsdb/mcs30/rand/r01/mcs30_r01_s100.B84
Reading graphs...
100 : 989
100 : 989
Initializing...
maxdom : 7
D->valSize : 377
Solving...
Blb : 2 (clique : 12)
currentSize : 12 <-- 0.003558 s
currentSize : 13 <-- 0.003952 s
currentSize : 14 <-- 0.004861 s
currentSize : 15 <-- 0.009973 s
currentSize : 16 <-- 0.015868 s
currentSize : 17 <-- 0.030851 s
currentSize : 19 <-- 0.042982 s
currentSize : 21 <-- 0.168467 s
currentSize : 22 <-- 0.580907 s
currentSize : 26 <-- 0.984576 s
currentSize : 29 <-- 1.298868 s
currentSize : 30 <-- 3.724322 s

maxsize : 30
nodes : 933772.000000
filtered : 12645805.000000
time : 6.177238
