Parameters: GAD=1 vflib=1 dir=1 label=1 lowerbound=1 fileNameGp=../graphsdb/mcs30/bvg/b03m/mcs30_b03m_s100.A35 fileNameGt=../graphsdb/mcs30/bvg/b03m/mcs30_b03m_s100.B35
Reading graphs...
100 : 150
100 : 150
Initializing...
maxdom : 6
D->valSize : 311
Solving...
Blb : 3 (clique : 36)
currentSize : 36 <-- 0.003192 s
currentSize : 37 <-- 0.092532 s
currentSize : 38 <-- 2.308987 s
currentSize : 39 <-- 281.958405 s
currentSize : 40 <-- 282.826263 s
currentSize : 41 <-- 2823.361084 s

TIMEOUT
maxsize : 41
nodes : 723330964.000000
filtered : 2330789366.000000
time : 3600.000000
