Parameters: GAD=1 vflib=1 dir=1 label=1 lowerbound=1 fileNameGp=../graphsdb/mcs30/rand/r01/mcs30_r01_s50.A59 fileNameGt=../graphsdb/mcs30/rand/r01/mcs30_r01_s50.B59
Reading graphs...
50 : 244
50 : 244
Initializing...
maxdom : 9
D->valSize : 311
Solving...
Blb : 5 (clique : 10)
currentSize : 10 <-- 0.003590 s
currentSize : 11 <-- 0.005688 s
currentSize : 12 <-- 0.010226 s
currentSize : 13 <-- 0.018390 s
currentSize : 14 <-- 0.142518 s
currentSize : 15 <-- 0.929537 s
currentSize : 17 <-- 2.258423 s

maxsize : 17
nodes : 932674.000000
filtered : 14221146.000000
time : 4.291490
