Parameters: GAD=1 vflib=1 dir=1 label=1 lowerbound=1 fileNameGp=../graphsdb/mcs30/rand/r01/mcs30_r01_s100.A36 fileNameGt=../graphsdb/mcs30/rand/r01/mcs30_r01_s100.B36
Reading graphs...
100 : 989
100 : 989
Initializing...
maxdom : 6
D->valSize : 328
Solving...
Blb : 2 (clique : 12)
currentSize : 12 <-- 0.003092 s
currentSize : 13 <-- 0.006075 s
currentSize : 14 <-- 0.012021 s
currentSize : 15 <-- 0.119248 s
currentSize : 16 <-- 0.119455 s
currentSize : 17 <-- 0.119641 s
currentSize : 18 <-- 0.120052 s
currentSize : 21 <-- 0.836427 s
currentSize : 23 <-- 2.311045 s
currentSize : 24 <-- 2.311270 s
currentSize : 25 <-- 4.768234 s
currentSize : 26 <-- 4.768581 s
currentSize : 27 <-- 4.770813 s
currentSize : 28 <-- 4.771291 s
currentSize : 30 <-- 4.771407 s

maxsize : 30
nodes : 1516821.000000
filtered : 15204530.000000
time : 9.474353
