Parameters: GAD=1 vflib=1 dir=1 label=1 lowerbound=1 fileNameGp=../graphsdb/mcs30/rand/r01/mcs30_r01_s100.A41 fileNameGt=../graphsdb/mcs30/rand/r01/mcs30_r01_s100.B41
Reading graphs...
100 : 989
100 : 989
Initializing...
maxdom : 9
D->valSize : 381
Solving...
Blb : 2 (clique : 13)
currentSize : 13 <-- 0.003887 s
currentSize : 14 <-- 0.004061 s
currentSize : 15 <-- 0.004459 s
currentSize : 16 <-- 0.066546 s
currentSize : 17 <-- 0.067495 s
currentSize : 18 <-- 0.068361 s
currentSize : 19 <-- 0.100373 s
currentSize : 20 <-- 0.657754 s
currentSize : 21 <-- 0.657955 s
currentSize : 22 <-- 0.671358 s
currentSize : 24 <-- 0.671589 s
currentSize : 25 <-- 3.128054 s
currentSize : 30 <-- 3.141876 s

maxsize : 30
nodes : 1263398.000000
filtered : 17782078.000000
time : 8.378253
