Parameters: GAD=1 vflib=1 dir=1 label=1 lowerbound=1 fileNameGp=../graphsdb/mcs30/m2D/m2D/mcs30_m2D_s60.A35 fileNameGt=../graphsdb/mcs30/m2D/m2D/mcs30_m2D_s60.B35
Reading graphs...
60 : 104
60 : 104
Initializing...
maxdom : 7
D->valSize : 243
Solving...
Blb : 2 (clique : 20)
currentSize : 20 <-- 0.002789 s
currentSize : 21 <-- 0.118273 s
currentSize : 22 <-- 0.334226 s
currentSize : 23 <-- 0.738261 s
currentSize : 24 <-- 206.462540 s
currentSize : 25 <-- 442.246246 s

maxsize : 25
nodes : 483628681.000000
filtered : 3030554426.000000
time : 1980.818481
