Parameters: GAD=1 vflib=1 dir=1 label=1 lowerbound=1 fileNameGp=../graphsdb/mcs30/m2D/m2Dr4/mcs30_m2Dr4_s100.A35 fileNameGt=../graphsdb/mcs30/m2D/m2Dr4/mcs30_m2Dr4_s100.B35
Reading graphs...
100 : 220
100 : 220
Initializing...
maxdom : 6
D->valSize : 322
Solving...
Blb : 5 (clique : 31)
currentSize : 31 <-- 0.003328 s
currentSize : 32 <-- 0.005758 s
currentSize : 33 <-- 0.713493 s
currentSize : 34 <-- 4.747017 s
currentSize : 35 <-- 15.159856 s
currentSize : 36 <-- 16.175261 s
currentSize : 37 <-- 20.976658 s

TIMEOUT
maxsize : 37
nodes : 694410004.000000
filtered : 3407963136.000000
time : 3600.000000
