Parameters: GAD=1 vflib=1 dir=1 label=1 lowerbound=1 fileNameGp=../graphsdb/mcs30/m3D/m3Dr2/mcs30_m3Dr2_s70.A40 fileNameGt=../graphsdb/mcs30/m3D/m3Dr2/mcs30_m3Dr2_s70.B40
Reading graphs...
70 : 173
70 : 171
Initializing...
maxdom : 8
D->valSize : 336
Solving...
Blb : 3 (clique : 24)
currentSize : 24 <-- 0.004664 s
currentSize : 25 <-- 0.005053 s
currentSize : 26 <-- 0.005553 s
currentSize : 27 <-- 0.749602 s
currentSize : 28 <-- 77.249519 s
currentSize : 29 <-- 161.983200 s
currentSize : 30 <-- 284.426117 s
currentSize : 31 <-- 1359.203735 s
currentSize : 32 <-- 1522.288208 s

TIMEOUT
maxsize : 32
nodes : 683122457.000000
filtered : 6419150149.000000
time : 3600.000000
