Parameters: GAD=1 vflib=1 dir=1 label=1 lowerbound=1 fileNameGp=../graphsdb/mcs30/m4D/m4Dr4/mcs30_m4Dr4_s70.A83 fileNameGt=../graphsdb/mcs30/m4D/m4Dr4/mcs30_m4Dr4_s70.B83
Reading graphs...
70 : 146
70 : 145
Initializing...
maxdom : 7
D->valSize : 330
Solving...
Blb : 3 (clique : 23)
currentSize : 23 <-- 0.002715 s
currentSize : 24 <-- 0.107928 s
currentSize : 25 <-- 0.126645 s
currentSize : 26 <-- 0.649129 s
currentSize : 27 <-- 1.400595 s
currentSize : 28 <-- 3.176758 s
currentSize : 29 <-- 7.444076 s
currentSize : 30 <-- 905.223633 s

TIMEOUT
maxsize : 30
nodes : 773919212.000000
filtered : 6432523715.000000
time : 3600.000000
