Parameters: GAD=1 vflib=1 dir=1 label=1 lowerbound=1 fileNameGp=../graphsdb/mcs30/m3D/m3Dr2/mcs30_m3Dr2_s90.A38 fileNameGt=../graphsdb/mcs30/m3D/m3Dr2/mcs30_m3Dr2_s90.B38
Reading graphs...
90 : 227
90 : 227
Initializing...
maxdom : 10
D->valSize : 550
Solving...
Blb : 2 (clique : 27)
currentSize : 27 <-- 0.010604 s
currentSize : 28 <-- 0.011013 s
currentSize : 29 <-- 0.011347 s
currentSize : 30 <-- 0.011477 s
currentSize : 31 <-- 0.013390 s
currentSize : 32 <-- 0.103159 s
currentSize : 33 <-- 0.268402 s
currentSize : 34 <-- 32.620880 s
currentSize : 35 <-- 161.112961 s

TIMEOUT
maxsize : 35
nodes : 650998365.000000
filtered : 6345736628.000000
time : 3600.000000
