Parameters: GAD=1 vflib=1 dir=1 label=1 lowerbound=1 fileNameGp=../graphsdb/mcs30/m2D/m2Dr2/mcs30_m2Dr2_s70.A92 fileNameGt=../graphsdb/mcs30/m2D/m2Dr2/mcs30_m2Dr2_s70.B92
Reading graphs...
70 : 137
70 : 137
Initializing...
maxdom : 7
D->valSize : 308
Solving...
Blb : 5 (clique : 23)
currentSize : 23 <-- 0.002607 s
currentSize : 24 <-- 2.410045 s
currentSize : 25 <-- 2.410102 s
currentSize : 26 <-- 2.410198 s
currentSize : 27 <-- 2.416238 s
currentSize : 28 <-- 2.518002 s
currentSize : 29 <-- 74.183792 s
currentSize : 30 <-- 131.155060 s
currentSize : 31 <-- 341.860382 s
currentSize : 32 <-- 352.584045 s

maxsize : 32
nodes : 282279921.000000
filtered : 2450999412.000000
time : 1395.401733
