Parameters: GAD=1 vflib=1 dir=1 label=1 lowerbound=1 fileNameGp=../graphsdb/mcs30/bvg/b03m/mcs30_b03m_s100.A72 fileNameGt=../graphsdb/mcs30/bvg/b03m/mcs30_b03m_s100.B72
Reading graphs...
100 : 150
100 : 150
Initializing...
maxdom : 8
D->valSize : 339
Solving...
Blb : 2 (clique : 37)
currentSize : 37 <-- 0.003706 s
currentSize : 38 <-- 0.004227 s
currentSize : 39 <-- 0.203573 s
currentSize : 40 <-- 0.219410 s
currentSize : 41 <-- 0.415126 s
currentSize : 42 <-- 44.095802 s

TIMEOUT
maxsize : 42
nodes : 684713136.000000
filtered : 3190603092.000000
time : 3600.000000
