Parameters: GAD=1 vflib=1 dir=1 label=1 lowerbound=1 fileNameGp=../graphsdb/mcs30/bvg/b03/mcs30_b03_s80.A17 fileNameGt=../graphsdb/mcs30/bvg/b03/mcs30_b03_s80.B17
Reading graphs...
80 : 120
80 : 120
Initializing...
maxdom : 8
D->valSize : 425
Solving...
Blb : 5 (clique : 26)
currentSize : 26 <-- 0.007690 s
currentSize : 27 <-- 0.069996 s
currentSize : 28 <-- 0.076871 s
currentSize : 29 <-- 0.147883 s
currentSize : 30 <-- 134.219498 s
currentSize : 31 <-- 134.232559 s
currentSize : 32 <-- 1158.734619 s
currentSize : 33 <-- 1602.174927 s

TIMEOUT
maxsize : 33
nodes : 773211799.000000
filtered : 5218357122.000000
time : 3600.000000
