Parameters: GAD=1 vflib=1 dir=1 label=1 lowerbound=1 fileNameGp=../graphsdb/mcs30/m4D/m4Dr6/mcs30_m4Dr6_s70.A09 fileNameGt=../graphsdb/mcs30/m4D/m4Dr6/mcs30_m4Dr6_s70.B09
Reading graphs...
70 : 160
70 : 157
Initializing...
maxdom : 9
D->valSize : 339
Solving...
Blb : 2 (clique : 22)
currentSize : 22 <-- 0.002958 s
currentSize : 23 <-- 0.003316 s
currentSize : 24 <-- 1.228940 s
currentSize : 25 <-- 2.576429 s
currentSize : 26 <-- 27.307276 s
currentSize : 27 <-- 75.017998 s

TIMEOUT
maxsize : 27
nodes : 842525648.000000
filtered : 6703874796.000000
time : 3600.000000
