Parameters: GAD=1 vflib=1 dir=1 label=1 lowerbound=1 fileNameGp=../graphsdb/mcs30/bvg/b03m/mcs30_b03m_s70.A14 fileNameGt=../graphsdb/mcs30/bvg/b03m/mcs30_b03m_s70.B14
Reading graphs...
70 : 105
70 : 105
Initializing...
maxdom : 8
D->valSize : 340
Solving...
Blb : 2 (clique : 28)
currentSize : 28 <-- 0.002977 s
currentSize : 29 <-- 0.003454 s
currentSize : 30 <-- 0.003714 s
currentSize : 31 <-- 0.005546 s
currentSize : 32 <-- 0.032858 s
currentSize : 33 <-- 145.837234 s

TIMEOUT
maxsize : 33
nodes : 851171323.000000
filtered : 5141281700.000000
time : 3600.000000
