Parameters: GAD=1 vflib=1 dir=1 label=1 lowerbound=1 fileNameGp=../graphsdb/mcs30/m3D/m3Dr4/mcs30_m3Dr4_s30.A46 fileNameGt=../graphsdb/mcs30/m3D/m3Dr4/mcs30_m3Dr4_s30.B46
Reading graphs...
30 : 73
30 : 73
Initializing...
maxdom : 6
D->valSize : 121
Solving...
Blb : 2 (clique : 9)
currentSize : 9 <-- 0.000710 s
currentSize : 10 <-- 0.000866 s
currentSize : 11 <-- 0.001449 s
currentSize : 12 <-- 0.004273 s
currentSize : 13 <-- 0.024922 s

maxsize : 13
nodes : 13364.000000
filtered : 102802.000000
time : 0.042969
