Parameters: GAD=1 vflib=1 dir=1 label=1 lowerbound=1 fileNameGp=../graphsdb/mcs30/bvg/b03m/mcs30_b03m_s40.A61 fileNameGt=../graphsdb/mcs30/bvg/b03m/mcs30_b03m_s40.B61
Reading graphs...
40 : 60
40 : 60
Initializing...
maxdom : 8
D->valSize : 195
Solving...
Blb : 2 (clique : 14)
currentSize : 14 <-- 0.001419 s
currentSize : 15 <-- 0.002284 s
currentSize : 16 <-- 0.781747 s
currentSize : 17 <-- 0.785743 s
currentSize : 18 <-- 0.816959 s
currentSize : 19 <-- 1.554405 s
currentSize : 20 <-- 4.953439 s

maxsize : 20
nodes : 1722006.000000
filtered : 13530953.000000
time : 6.753015
