Parameters: GAD=1 vflib=1 dir=1 label=1 lowerbound=1 fileNameGp=../graphsdb/mcs30/bvg/b06m/mcs30_b06m_s100.A21 fileNameGt=../graphsdb/mcs30/bvg/b06m/mcs30_b06m_s100.B21
Reading graphs...
100 : 300
100 : 300
Initializing...
maxdom : 7
D->valSize : 342
Solving...
Blb : 2 (clique : 28)
currentSize : 28 <-- 0.003429 s
currentSize : 29 <-- 0.267919 s
currentSize : 30 <-- 0.326170 s
currentSize : 31 <-- 2.253798 s
currentSize : 32 <-- 185.254639 s
currentSize : 33 <-- 190.681305 s
currentSize : 34 <-- 2747.077393 s

TIMEOUT
maxsize : 34
nodes : 657370209.000000
filtered : 3862192419.000000
time : 3600.000000
