Parameters: GAD=1 vflib=1 dir=1 label=1 lowerbound=1 fileNameGp=../graphsdb/mcs30/rand/r005/mcs30_r005_s70.A71 fileNameGt=../graphsdb/mcs30/rand/r005/mcs30_r005_s70.B71
Reading graphs...
70 : 240
70 : 240
Initializing...
maxdom : 8
D->valSize : 342
Solving...
Blb : 2 (clique : 18)
currentSize : 18 <-- 0.002921 s
currentSize : 19 <-- 0.003105 s
currentSize : 20 <-- 0.003799 s
currentSize : 21 <-- 0.020112 s
currentSize : 22 <-- 0.022717 s
currentSize : 23 <-- 0.285316 s
currentSize : 24 <-- 1.709474 s
currentSize : 25 <-- 6.103477 s
currentSize : 26 <-- 54.947193 s
currentSize : 27 <-- 271.561371 s

maxsize : 27
nodes : 244800487.000000
filtered : 2855983507.000000
time : 1260.985107
