Parameters: GAD=1 vflib=1 dir=1 label=1 lowerbound=1 fileNameGp=../graphsdb/mcs30/rand/r005/mcs30_r005_s70.A97 fileNameGt=../graphsdb/mcs30/rand/r005/mcs30_r005_s70.B97
Reading graphs...
70 : 240
70 : 240
Initializing...
maxdom : 11
D->valSize : 345
Solving...
Blb : 5 (clique : 18)
currentSize : 18 <-- 0.002946 s
currentSize : 19 <-- 0.014967 s
currentSize : 20 <-- 0.038029 s
currentSize : 21 <-- 0.349952 s
currentSize : 22 <-- 2.889711 s
currentSize : 23 <-- 12.583770 s
currentSize : 24 <-- 1399.875000 s

maxsize : 24
nodes : 336201364.000000
filtered : 3842846876.000000
time : 1693.743286
