Parameters: GAD=1 vflib=1 dir=1 label=1 lowerbound=1 fileNameGp=../graphsdb/mcs30/bvg/b09/mcs30_b09_s80.A87 fileNameGt=../graphsdb/mcs30/bvg/b09/mcs30_b09_s80.B87
Reading graphs...
80 : 360
80 : 360
Initializing...
maxdom : 10
D->valSize : 433
Solving...
Blb : 3 (clique : 19)
currentSize : 19 <-- 0.005025 s
currentSize : 20 <-- 0.083521 s
currentSize : 21 <-- 1.639850 s
currentSize : 22 <-- 2.787473 s
currentSize : 23 <-- 77.973770 s
currentSize : 24 <-- 122.378067 s
currentSize : 25 <-- 166.295792 s
currentSize : 26 <-- 204.144028 s
currentSize : 27 <-- 678.522583 s

maxsize : 27
nodes : 292595635.000000
filtered : 4042302502.000000
time : 1702.924072
