Parameters: GAD=1 vflib=1 dir=1 label=1 lowerbound=1 fileNameGp=../graphsdb/mcs30/m2D/m2D/mcs30_m2D_s70.A99 fileNameGt=../graphsdb/mcs30/m2D/m2D/mcs30_m2D_s70.B99
Reading graphs...
70 : 123
70 : 123
Initializing...
maxdom : 9
D->valSize : 313
Solving...
Blb : 2 (clique : 24)
currentSize : 24 <-- 0.002716 s
currentSize : 26 <-- 0.002878 s
currentSize : 27 <-- 0.003930 s
currentSize : 28 <-- 0.052883 s
currentSize : 29 <-- 11.564498 s
currentSize : 30 <-- 168.882202 s
currentSize : 31 <-- 3150.338135 s

TIMEOUT
maxsize : 31
nodes : 803080640.000000
filtered : 5558298321.000000
time : 3600.000000
