Parameters: GAD=1 vflib=1 dir=1 label=1 lowerbound=1 fileNameGp=../graphsdb/mcs30/m2D/m2Dr2/mcs30_m2Dr2_s70.A45 fileNameGt=../graphsdb/mcs30/m2D/m2Dr2/mcs30_m2Dr2_s70.B45
Reading graphs...
70 : 137
70 : 137
Initializing...
maxdom : 11
D->valSize : 320
Solving...
Blb : 2 (clique : 26)
currentSize : 26 <-- 0.002803 s
currentSize : 27 <-- 0.003073 s
currentSize : 28 <-- 0.004043 s
currentSize : 30 <-- 0.278882 s
currentSize : 31 <-- 11.201736 s
currentSize : 32 <-- 1686.347778 s

TIMEOUT
maxsize : 32
nodes : 696206794.000000
filtered : 6937389810.000000
time : 3600.000000
