Parameters: GAD=1 vflib=1 dir=1 label=1 lowerbound=1 fileNameGp=../graphsdb/mcs30/rand/r02/mcs30_r02_s70.A97 fileNameGt=../graphsdb/mcs30/rand/r02/mcs30_r02_s70.B97
Reading graphs...
70 : 965
70 : 965
Initializing...
maxdom : 8
D->valSize : 308
Solving...
Blb : 5 (clique : 9)
currentSize : 9 <-- 0.002401 s
currentSize : 10 <-- 0.003472 s
currentSize : 12 <-- 0.003521 s
currentSize : 13 <-- 0.019483 s
currentSize : 14 <-- 0.070698 s
currentSize : 15 <-- 0.086438 s
currentSize : 21 <-- 0.093096 s

maxsize : 21
nodes : 24544.000000
filtered : 419746.000000
time : 0.136182
