Parameters: GAD=1 vflib=1 dir=1 label=1 lowerbound=1 fileNameGp=../graphsdb/mcs30/bvg/b06m/mcs30_b06m_s50.A83 fileNameGt=../graphsdb/mcs30/bvg/b06m/mcs30_b06m_s50.B83
Reading graphs...
50 : 150
50 : 150
Initializing...
maxdom : 12
D->valSize : 310
Solving...
Blb : 2 (clique : 13)
currentSize : 13 <-- 0.002179 s
currentSize : 14 <-- 0.002296 s
currentSize : 15 <-- 0.009645 s
currentSize : 16 <-- 0.329453 s
currentSize : 17 <-- 1.422379 s
currentSize : 18 <-- 14.764873 s
currentSize : 19 <-- 15.733814 s

maxsize : 19
nodes : 25615458.000000
filtered : 422516484.000000
time : 116.871338
