Parameters: GAD=1 vflib=1 dir=1 label=1 lowerbound=1 fileNameGp=../graphsdb/mcs30/m2D/m2Dr4/mcs30_m2Dr4_s50.A25 fileNameGt=../graphsdb/mcs30/m2D/m2Dr4/mcs30_m2Dr4_s50.B25
Reading graphs...
50 : 105
50 : 103
Initializing...
maxdom : 9
D->valSize : 334
Solving...
Blb : 2 (clique : 19)
currentSize : 19 <-- 0.004005 s
currentSize : 20 <-- 0.007031 s
currentSize : 21 <-- 21.379047 s
currentSize : 22 <-- 25.167849 s
currentSize : 23 <-- 100.941910 s

maxsize : 23
nodes : 47373961.000000
filtered : 597650830.000000
time : 216.195099
