Parameters: GAD=1 vflib=1 dir=1 label=1 lowerbound=1 fileNameGp=../graphsdb/mcs30/m4D/m4Dr2/mcs30_m4Dr2_s80.A70 fileNameGt=../graphsdb/mcs30/m4D/m4Dr2/mcs30_m4Dr2_s80.B70
Reading graphs...
80 : 147
80 : 146
Initializing...
maxdom : 9
D->valSize : 404
Solving...
Blb : 3 (clique : 28)
currentSize : 28 <-- 0.004018 s
currentSize : 29 <-- 0.016117 s
currentSize : 30 <-- 0.016474 s
currentSize : 31 <-- 95.273384 s
currentSize : 32 <-- 311.378143 s
currentSize : 33 <-- 2365.503174 s

TIMEOUT
maxsize : 33
nodes : 703553611.000000
filtered : 5461690486.000000
time : 3600.000000
