Parameters: GAD=1 vflib=1 dir=1 label=1 lowerbound=1 fileNameGp=../graphsdb/mcs30/m3D/m3Dr2/mcs30_m3Dr2_s90.A89 fileNameGt=../graphsdb/mcs30/m3D/m3Dr2/mcs30_m3Dr2_s90.B89
Reading graphs...
90 : 227
90 : 226
Initializing...
maxdom : 11
D->valSize : 551
Solving...
Blb : 2 (clique : 26)
currentSize : 26 <-- 0.006346 s
currentSize : 28 <-- 0.006568 s
currentSize : 29 <-- 0.021009 s
currentSize : 30 <-- 0.358250 s
currentSize : 31 <-- 1.236519 s
currentSize : 32 <-- 1.918202 s
currentSize : 33 <-- 85.301727 s

TIMEOUT
maxsize : 33
nodes : 698031648.000000
filtered : 5536693489.000000
time : 3600.000000
