Parameters: GAD=1 vflib=1 dir=1 label=1 lowerbound=1 fileNameGp=../graphsdb/mcs30/bvg/b09/mcs30_b09_s100.A08 fileNameGt=../graphsdb/mcs30/bvg/b09/mcs30_b09_s100.B08
Reading graphs...
100 : 450
100 : 450
Initializing...
maxdom : 6
D->valSize : 346
Solving...
Blb : 3 (clique : 26)
currentSize : 26 <-- 0.003572 s
currentSize : 27 <-- 29.566368 s
currentSize : 28 <-- 425.744446 s
currentSize : 29 <-- 510.799927 s
currentSize : 30 <-- 1844.268799 s
currentSize : 31 <-- 1918.327515 s
currentSize : 32 <-- 1918.421143 s

TIMEOUT
maxsize : 32
nodes : 648817675.000000
filtered : 4257097045.000000
time : 3600.000000
