Parameters: GAD=1 vflib=1 dir=1 label=1 lowerbound=1 fileNameGp=../graphsdb/mcs30/m2D/m2D/mcs30_m2D_s100.A01 fileNameGt=../graphsdb/mcs30/m2D/m2D/mcs30_m2D_s100.B01
Reading graphs...
100 : 180
100 : 180
Initializing...
maxdom : 7
D->valSize : 320
Solving...
Blb : 2 (clique : 33)
currentSize : 33 <-- 0.003462 s
currentSize : 34 <-- 0.022026 s
currentSize : 35 <-- 0.488157 s
currentSize : 36 <-- 0.876080 s
currentSize : 37 <-- 1.478230 s
currentSize : 38 <-- 3.493887 s
currentSize : 39 <-- 49.778030 s
currentSize : 40 <-- 287.751068 s
currentSize : 41 <-- 652.558167 s
currentSize : 42 <-- 696.429260 s
currentSize : 43 <-- 1798.704346 s

TIMEOUT
maxsize : 43
nodes : 682911336.000000
filtered : 3598932993.000000
time : 3600.000000
