Parameters: GAD=1 vflib=1 dir=1 label=1 lowerbound=1 fileNameGp=../graphsdb/mcs30/m4D/m4Dr6/mcs30_m4Dr6_s70.A12 fileNameGt=../graphsdb/mcs30/m4D/m4Dr6/mcs30_m4Dr6_s70.B12
Reading graphs...
70 : 160
70 : 159
Initializing...
maxdom : 9
D->valSize : 341
Solving...
Blb : 2 (clique : 22)
currentSize : 22 <-- 0.002868 s
currentSize : 23 <-- 0.472024 s
currentSize : 24 <-- 0.526801 s
currentSize : 25 <-- 19.816624 s
currentSize : 26 <-- 172.520554 s
currentSize : 27 <-- 204.735931 s
currentSize : 28 <-- 420.752991 s
currentSize : 29 <-- 2291.287354 s

TIMEOUT
maxsize : 29
nodes : 731277562.000000
filtered : 7571255161.000000
time : 3600.000000
