Parameters: GAD=1 vflib=1 dir=1 label=1 lowerbound=1 fileNameGp=../graphsdb/mcs30/m4D/m4Dr2/mcs30_m4Dr2_s60.A85 fileNameGt=../graphsdb/mcs30/m4D/m4Dr2/mcs30_m4Dr2_s60.B85
Reading graphs...
60 : 114
60 : 114
Initializing...
maxdom : 8
D->valSize : 263
Solving...
Blb : 2 (clique : 20)
currentSize : 20 <-- 0.002075 s
currentSize : 21 <-- 0.002267 s
currentSize : 22 <-- 13.649483 s
currentSize : 23 <-- 13.650196 s
currentSize : 24 <-- 13.679752 s
currentSize : 25 <-- 101.295860 s
currentSize : 26 <-- 101.358902 s

maxsize : 26
nodes : 64366982.000000
filtered : 520508628.000000
time : 279.518555
