Parameters: GAD=1 vflib=1 dir=1 label=1 lowerbound=1 fileNameGp=../graphsdb/mcs30/rand/r02/mcs30_r02_s50.A28 fileNameGt=../graphsdb/mcs30/rand/r02/mcs30_r02_s50.B28
Reading graphs...
50 : 489
50 : 489
Initializing...
maxdom : 12
D->valSize : 312
Solving...
Blb : 2 (clique : 6)
currentSize : 6 <-- 0.002255 s
currentSize : 7 <-- 0.002362 s
currentSize : 8 <-- 0.009319 s
currentSize : 9 <-- 0.015651 s
currentSize : 11 <-- 0.019856 s
currentSize : 12 <-- 0.038721 s
currentSize : 15 <-- 0.038859 s

maxsize : 15
nodes : 10821.000000
filtered : 214123.000000
time : 0.054105
