Parameters: GAD=1 vflib=1 dir=1 label=1 lowerbound=1 fileNameGp=../graphsdb/mcs30/m3D/m3Dr4/mcs30_m3Dr4_s80.A60 fileNameGt=../graphsdb/mcs30/m3D/m3Dr4/mcs30_m3Dr4_s80.B60
Reading graphs...
80 : 216
80 : 214
Initializing...
maxdom : 9
D->valSize : 426
Solving...
Blb : 2 (clique : 24)
currentSize : 24 <-- 0.007015 s
currentSize : 25 <-- 0.007448 s
currentSize : 26 <-- 0.013274 s
currentSize : 27 <-- 0.126931 s
currentSize : 28 <-- 29.859274 s
currentSize : 29 <-- 2188.749512 s

TIMEOUT
maxsize : 29
nodes : 735097330.000000
filtered : 5721664700.000000
time : 3600.000000
