Parameters: GAD=1 vflib=1 dir=1 label=1 lowerbound=1 fileNameGp=../graphsdb/mcs30/m2D/m2Dr2/mcs30_m2Dr2_s60.A38 fileNameGt=../graphsdb/mcs30/m2D/m2Dr2/mcs30_m2Dr2_s60.B38
Reading graphs...
60 : 116
60 : 116
Initializing...
maxdom : 8
D->valSize : 224
Solving...
Blb : 2 (clique : 18)
currentSize : 18 <-- 0.001808 s
currentSize : 19 <-- 0.001977 s
currentSize : 20 <-- 0.002061 s
currentSize : 21 <-- 0.002222 s
currentSize : 22 <-- 0.002478 s
currentSize : 23 <-- 0.002673 s
currentSize : 24 <-- 0.004102 s
currentSize : 25 <-- 0.628549 s
currentSize : 26 <-- 1.318343 s
currentSize : 27 <-- 187.093903 s

maxsize : 27
nodes : 67064359.000000
filtered : 460755133.000000
time : 287.624054
