Parameters: GAD=1 vflib=1 dir=1 label=1 lowerbound=1 fileNameGp=../graphsdb/mcs30/m2D/m2Dr4/mcs30_m2Dr4_s60.A02 fileNameGt=../graphsdb/mcs30/m2D/m2Dr4/mcs30_m2Dr4_s60.B02
Reading graphs...
60 : 128
60 : 128
Initializing...
maxdom : 9
D->valSize : 276
Solving...
Blb : 2 (clique : 20)
currentSize : 20 <-- 0.002179 s
currentSize : 21 <-- 0.002330 s
currentSize : 22 <-- 0.002433 s
currentSize : 23 <-- 0.027525 s
currentSize : 24 <-- 0.282451 s
currentSize : 25 <-- 171.992081 s

maxsize : 25
nodes : 128906814.000000
filtered : 1174191567.000000
time : 566.294800
