Parameters: GAD=1 vflib=1 dir=1 label=1 lowerbound=1 fileNameGp=../graphsdb/mcs30/m2D/m2Dr4/mcs30_m2Dr4_s70.A91 fileNameGt=../graphsdb/mcs30/m2D/m2Dr4/mcs30_m2Dr4_s70.B91
Reading graphs...
70 : 151
70 : 151
Initializing...
maxdom : 10
D->valSize : 293
Solving...
Blb : 2 (clique : 21)
currentSize : 21 <-- 0.003843 s
currentSize : 22 <-- 0.004141 s
currentSize : 23 <-- 0.015343 s
currentSize : 24 <-- 1.426842 s
currentSize : 25 <-- 1.637988 s
currentSize : 26 <-- 3.060511 s
currentSize : 27 <-- 22.786676 s
currentSize : 28 <-- 384.337708 s
currentSize : 29 <-- 621.530640 s
currentSize : 30 <-- 2290.924561 s

maxsize : 30
nodes : 646387839.000000
filtered : 5209698926.000000
time : 3105.864502
