Parameters: GAD=1 vflib=1 dir=1 label=1 lowerbound=1 fileNameGp=../graphsdb/mcs30/rand/r01/mcs30_r01_s60.A78 fileNameGt=../graphsdb/mcs30/rand/r01/mcs30_r01_s60.B78
Reading graphs...
60 : 353
60 : 353
Initializing...
maxdom : 8
D->valSize : 239
Solving...
Blb : 2 (clique : 11)
currentSize : 11 <-- 0.002457 s
currentSize : 12 <-- 0.002840 s
currentSize : 13 <-- 0.004571 s
currentSize : 14 <-- 0.018710 s
currentSize : 15 <-- 0.075375 s
currentSize : 16 <-- 0.075413 s
currentSize : 17 <-- 0.836489 s
currentSize : 18 <-- 0.836601 s

maxsize : 18
nodes : 564158.000000
filtered : 5701082.000000
time : 2.594420
