Parameters: GAD=1 vflib=1 dir=1 label=1 lowerbound=1 fileNameGp=../graphsdb/mcs30/bvg/b06m/mcs30_b06m_s50.A92 fileNameGt=../graphsdb/mcs30/bvg/b06m/mcs30_b06m_s50.B92
Reading graphs...
50 : 150
50 : 150
Initializing...
maxdom : 10
D->valSize : 313
Solving...
Blb : 2 (clique : 16)
currentSize : 16 <-- 0.002313 s
currentSize : 17 <-- 0.251143 s
currentSize : 18 <-- 0.442199 s
currentSize : 19 <-- 5.711561 s
currentSize : 20 <-- 25.287651 s

maxsize : 20
nodes : 19355340.000000
filtered : 241814710.000000
time : 83.192062
