Parameters: GAD=1 vflib=1 dir=1 label=1 lowerbound=1 fileNameGp=../graphsdb/mcs30/m4D/m4Dr4/mcs30_m4Dr4_s60.A23 fileNameGt=../graphsdb/mcs30/m4D/m4Dr4/mcs30_m4Dr4_s60.B23
Reading graphs...
60 : 126
60 : 126
Initializing...
maxdom : 7
D->valSize : 224
Solving...
Blb : 2 (clique : 19)
currentSize : 19 <-- 0.001517 s
currentSize : 20 <-- 0.001811 s
currentSize : 21 <-- 0.002845 s
currentSize : 22 <-- 0.322707 s
currentSize : 23 <-- 4.876979 s
currentSize : 24 <-- 324.371582 s

maxsize : 24
nodes : 458179116.000000
filtered : 3525339313.000000
time : 1791.102173
