Parameters: GAD=1 vflib=1 dir=1 label=1 lowerbound=1 fileNameGp=../graphsdb/mcs30/m2D/m2Dr6/mcs30_m2Dr6_s90.A77 fileNameGt=../graphsdb/mcs30/m2D/m2Dr6/mcs30_m2Dr6_s90.B77
Reading graphs...
90 : 215
90 : 213
Initializing...
maxdom : 8
D->valSize : 525
Solving...
Blb : 2 (clique : 28)
currentSize : 28 <-- 0.005982 s
currentSize : 31 <-- 0.006205 s
currentSize : 32 <-- 0.040655 s
currentSize : 33 <-- 0.040838 s
currentSize : 34 <-- 0.428575 s
currentSize : 35 <-- 0.429502 s
currentSize : 36 <-- 37.442177 s
currentSize : 37 <-- 2299.817383 s

TIMEOUT
maxsize : 37
nodes : 720186921.000000
filtered : 4627179084.000000
time : 3600.000000
