Parameters: GAD=1 vflib=1 dir=1 label=1 lowerbound=1 fileNameGp=../graphsdb/mcs30/m4D/m4Dr6/mcs30_m4Dr6_s70.A03 fileNameGt=../graphsdb/mcs30/m4D/m4Dr6/mcs30_m4Dr6_s70.B03
Reading graphs...
70 : 160
70 : 159
Initializing...
maxdom : 8
D->valSize : 317
Solving...
Blb : 2 (clique : 22)
currentSize : 22 <-- 0.004245 s
currentSize : 23 <-- 0.006311 s
currentSize : 24 <-- 1.873103 s
currentSize : 25 <-- 3.539723 s
currentSize : 26 <-- 18.391508 s
currentSize : 27 <-- 64.224319 s
currentSize : 28 <-- 244.946213 s
currentSize : 29 <-- 471.705414 s

TIMEOUT
maxsize : 29
nodes : 743066421.000000
filtered : 5840148299.000000
time : 3600.000000
