Parameters: GAD=1 vflib=1 dir=1 label=1 lowerbound=1 fileNameGp=../graphsdb/mcs30/m3D/m3Dr6/mcs30_m3Dr6_s30.A53 fileNameGt=../graphsdb/mcs30/m3D/m3Dr6/mcs30_m3Dr6_s30.B53
Reading graphs...
30 : 79
30 : 78
Initializing...
maxdom : 7
D->valSize : 101
Solving...
Blb : 5 (clique : 8)
currentSize : 8 <-- 0.000671 s
currentSize : 9 <-- 0.000858 s
currentSize : 10 <-- 0.001929 s
currentSize : 11 <-- 0.004801 s
currentSize : 12 <-- 0.004908 s

maxsize : 12
nodes : 2188.000000
filtered : 16046.000000
time : 0.008631
