Parameters: GAD=1 vflib=1 dir=1 label=1 lowerbound=1 fileNameGp=../graphsdb/mcs30/m2D/m2Dr6/mcs30_m2Dr6_s70.A66 fileNameGt=../graphsdb/mcs30/m2D/m2Dr6/mcs30_m2Dr6_s70.B66
Reading graphs...
70 : 165
70 : 164
Initializing...
maxdom : 7
D->valSize : 325
Solving...
Blb : 2 (clique : 26)
currentSize : 26 <-- 0.002754 s
currentSize : 27 <-- 0.031734 s
currentSize : 28 <-- 0.094425 s
currentSize : 29 <-- 0.117746 s
currentSize : 30 <-- 87.435661 s
currentSize : 31 <-- 237.202011 s

TIMEOUT
maxsize : 31
nodes : 711888671.000000
filtered : 6689684400.000000
time : 3600.000000
