Parameters: GAD=1 vflib=1 dir=1 label=1 lowerbound=1 fileNameGp=../graphsdb/mcs30/m3D/m3Dr4/mcs30_m3Dr4_s30.A71 fileNameGt=../graphsdb/mcs30/m3D/m3Dr4/mcs30_m3Dr4_s30.B71
Reading graphs...
30 : 73
30 : 73
Initializing...
maxdom : 8
D->valSize : 130
Solving...
Blb : 3 (clique : 8)
currentSize : 8 <-- 0.000685 s
currentSize : 9 <-- 0.001087 s
currentSize : 10 <-- 0.001229 s
currentSize : 11 <-- 0.003121 s
currentSize : 12 <-- 0.005523 s

maxsize : 12
nodes : 3979.000000
filtered : 41832.000000
time : 0.014627
