Parameters: GAD=1 vflib=1 dir=1 label=1 lowerbound=1 fileNameGp=../graphsdb/mcs30/bvg/b06/mcs30_b06_s50.A98 fileNameGt=../graphsdb/mcs30/bvg/b06/mcs30_b06_s50.B98
Reading graphs...
50 : 150
50 : 150
Initializing...
maxdom : 11
D->valSize : 339
Solving...
Blb : 2 (clique : 16)
currentSize : 16 <-- 0.003893 s
currentSize : 17 <-- 0.016372 s
currentSize : 18 <-- 2.253249 s
currentSize : 19 <-- 2.472739 s
currentSize : 20 <-- 16.707537 s
currentSize : 21 <-- 21.404524 s

maxsize : 21
nodes : 7019231.000000
filtered : 128332273.000000
time : 34.713253
