Parameters: GAD=1 vflib=1 dir=1 label=1 lowerbound=1 fileNameGp=../graphsdb/mcs30/rand/r02/mcs30_r02_s60.A90 fileNameGt=../graphsdb/mcs30/rand/r02/mcs30_r02_s60.B90
Reading graphs...
60 : 707
60 : 707
Initializing...
maxdom : 7
D->valSize : 242
Solving...
Blb : 3 (clique : 7)
currentSize : 7 <-- 0.002327 s
currentSize : 8 <-- 0.002457 s
currentSize : 10 <-- 0.003256 s
currentSize : 11 <-- 0.011773 s
currentSize : 12 <-- 0.019361 s
currentSize : 14 <-- 0.019517 s
currentSize : 17 <-- 0.019603 s
currentSize : 18 <-- 0.019705 s

maxsize : 18
nodes : 5731.000000
filtered : 105269.000000
time : 0.047395
