Parameters: GAD=1 vflib=1 dir=1 label=1 lowerbound=1 fileNameGp=../graphsdb/mcs30/rand/r005/mcs30_r005_s70.A47 fileNameGt=../graphsdb/mcs30/rand/r005/mcs30_r005_s70.B47
Reading graphs...
70 : 240
70 : 240
Initializing...
maxdom : 8
D->valSize : 314
Solving...
Blb : 2 (clique : 19)
currentSize : 19 <-- 0.004172 s
currentSize : 20 <-- 0.056315 s
currentSize : 21 <-- 0.341594 s
currentSize : 22 <-- 0.358092 s
currentSize : 23 <-- 11.957110 s
currentSize : 24 <-- 173.560455 s
currentSize : 25 <-- 252.911789 s

maxsize : 25
nodes : 124400658.000000
filtered : 1301821713.000000
time : 608.921692
