Parameters: GAD=1 vflib=1 dir=1 label=1 lowerbound=1 fileNameGp=../graphsdb/mcs30/m4D/m4Dr2/mcs30_m4Dr2_s60.A63 fileNameGt=../graphsdb/mcs30/m4D/m4Dr2/mcs30_m4Dr2_s60.B63
Reading graphs...
60 : 114
60 : 114
Initializing...
maxdom : 8
D->valSize : 222
Solving...
Blb : 2 (clique : 20)
currentSize : 20 <-- 0.001602 s
currentSize : 21 <-- 0.001737 s
currentSize : 22 <-- 0.002176 s
currentSize : 23 <-- 0.005325 s
currentSize : 24 <-- 0.117984 s
currentSize : 25 <-- 0.446290 s
currentSize : 26 <-- 4.292976 s

maxsize : 26
nodes : 27015011.000000
filtered : 181517755.000000
time : 111.296829
