Parameters: GAD=1 vflib=1 dir=1 label=1 lowerbound=1 fileNameGp=../graphsdb/mcs30/rand/r01/mcs30_r01_s90.A41 fileNameGt=../graphsdb/mcs30/rand/r01/mcs30_r01_s90.B41
Reading graphs...
90 : 800
90 : 800
Initializing...
maxdom : 10
D->valSize : 542
Solving...
Blb : 2 (clique : 15)
currentSize : 15 <-- 0.005899 s
currentSize : 17 <-- 0.006084 s
currentSize : 18 <-- 0.009885 s
currentSize : 20 <-- 0.617888 s
currentSize : 21 <-- 33.846111 s
currentSize : 22 <-- 36.506454 s
currentSize : 25 <-- 50.042965 s
currentSize : 26 <-- 50.043102 s
currentSize : 27 <-- 50.044456 s

maxsize : 27
nodes : 15592732.000000
filtered : 297556860.000000
time : 103.748795
