Parameters: GAD=1 vflib=1 dir=1 label=1 lowerbound=1 fileNameGp=../graphsdb/mcs30/m3D/m3D/mcs30_m3D_s70.A96 fileNameGt=../graphsdb/mcs30/m3D/m3D/mcs30_m3D_s70.B96
Reading graphs...
70 : 159
70 : 159
Initializing...
maxdom : 8
D->valSize : 329
Solving...
Blb : 2 (clique : 24)
currentSize : 24 <-- 0.002975 s
currentSize : 25 <-- 9.912817 s
currentSize : 26 <-- 69.804024 s
currentSize : 27 <-- 330.840698 s
currentSize : 28 <-- 608.539795 s
currentSize : 29 <-- 1361.981567 s
currentSize : 30 <-- 1361.984009 s
currentSize : 31 <-- 1362.121582 s
currentSize : 32 <-- 1362.327515 s
currentSize : 33 <-- 2295.962891 s
currentSize : 34 <-- 2295.983398 s

TIMEOUT
maxsize : 34
nodes : 744158334.000000
filtered : 6334411500.000000
time : 3600.000000
