Parameters: GAD=1 vflib=1 dir=1 label=1 lowerbound=1 fileNameGp=../graphsdb/mcs30/m4D/m4Dr2/mcs30_m4Dr2_s60.A54 fileNameGt=../graphsdb/mcs30/m4D/m4Dr2/mcs30_m4Dr2_s60.B54
Reading graphs...
60 : 114
60 : 114
Initializing...
maxdom : 6
D->valSize : 228
Solving...
Blb : 5 (clique : 20)
currentSize : 20 <-- 0.001766 s
currentSize : 21 <-- 0.177306 s
currentSize : 23 <-- 2.118461 s
currentSize : 24 <-- 2.138088 s
currentSize : 25 <-- 3.636060 s
currentSize : 26 <-- 20.389826 s

maxsize : 26
nodes : 77954317.000000
filtered : 524956221.000000
time : 333.302795
