Parameters: GAD=1 vflib=1 dir=1 label=1 lowerbound=1 fileNameGp=../graphsdb/mcs30/rand/r01/mcs30_r01_s80.A13 fileNameGt=../graphsdb/mcs30/rand/r01/mcs30_r01_s80.B13
Reading graphs...
80 : 631
80 : 631
Initializing...
maxdom : 9
D->valSize : 441
Solving...
Blb : 2 (clique : 12)
currentSize : 12 <-- 0.004155 s
currentSize : 13 <-- 0.005661 s
currentSize : 14 <-- 0.006152 s
currentSize : 15 <-- 0.027517 s
currentSize : 16 <-- 0.042825 s
currentSize : 17 <-- 0.043766 s
currentSize : 18 <-- 0.043820 s
currentSize : 21 <-- 1.505053 s
currentSize : 22 <-- 1.505120 s
currentSize : 24 <-- 10.834220 s

maxsize : 24
nodes : 5685045.000000
filtered : 107698773.000000
time : 35.705383
