Parameters: GAD=1 vflib=1 dir=1 label=1 lowerbound=1 fileNameGp=../graphsdb/mcs30/m2D/m2D/mcs30_m2D_s90.A14 fileNameGt=../graphsdb/mcs30/m2D/m2D/mcs30_m2D_s90.B14
Reading graphs...
90 : 161
90 : 161
Initializing...
maxdom : 9
D->valSize : 515
Solving...
Blb : 2 (clique : 35)
currentSize : 35 <-- 0.006031 s
currentSize : 36 <-- 0.006462 s
currentSize : 37 <-- 0.007756 s
currentSize : 38 <-- 0.016038 s
currentSize : 39 <-- 0.027027 s
currentSize : 40 <-- 347.843994 s

TIMEOUT
maxsize : 40
nodes : 694055120.000000
filtered : 4632391569.000000
time : 3600.000000
