Parameters: GAD=1 vflib=1 dir=1 label=1 lowerbound=1 fileNameGp=../graphsdb/mcs30/m4D/m4D/mcs30_m4D_s60.A37 fileNameGt=../graphsdb/mcs30/m4D/m4D/mcs30_m4D_s60.B37
Reading graphs...
60 : 102
60 : 102
Initializing...
maxdom : 7
D->valSize : 251
Solving...
Blb : 2 (clique : 22)
currentSize : 22 <-- 0.002813 s
currentSize : 23 <-- 0.003078 s
currentSize : 24 <-- 0.003994 s
currentSize : 25 <-- 0.008299 s
currentSize : 26 <-- 0.032560 s
currentSize : 27 <-- 214.513809 s

maxsize : 27
nodes : 73472886.000000
filtered : 639345207.000000
time : 322.087494
