Parameters: GAD=1 vflib=1 dir=1 label=1 lowerbound=1 fileNameGp=../graphsdb/mcs30/bvg/b09/mcs30_b09_s60.A36 fileNameGt=../graphsdb/mcs30/bvg/b09/mcs30_b09_s60.B36
Reading graphs...
60 : 270
60 : 270
Initializing...
maxdom : 7
D->valSize : 253
Solving...
Blb : 5 (clique : 16)
currentSize : 16 <-- 0.002523 s
currentSize : 17 <-- 0.470972 s
currentSize : 18 <-- 0.699415 s
currentSize : 20 <-- 0.704795 s
currentSize : 21 <-- 3.011675 s

maxsize : 21
nodes : 1250235.000000
filtered : 12215130.000000
time : 5.590589
