Parameters: GAD=1 vflib=1 dir=1 label=1 lowerbound=1 fileNameGp=../graphsdb/mcs30/bvg/b06m/mcs30_b06m_s60.A09 fileNameGt=../graphsdb/mcs30/bvg/b06m/mcs30_b06m_s60.B09
Reading graphs...
60 : 180
60 : 180
Initializing...
maxdom : 7
D->valSize : 226
Solving...
Blb : 2 (clique : 18)
currentSize : 18 <-- 0.001593 s
currentSize : 19 <-- 0.075047 s
currentSize : 20 <-- 0.681974 s
currentSize : 21 <-- 7.506905 s
currentSize : 22 <-- 20.405813 s

maxsize : 22
nodes : 10083589.000000
filtered : 75997001.000000
time : 42.940857
