Parameters: GAD=1 vflib=1 dir=1 label=1 lowerbound=1 fileNameGp=../graphsdb/mcs30/bvg/b03m/mcs30_b03m_s40.A47 fileNameGt=../graphsdb/mcs30/bvg/b03m/mcs30_b03m_s40.B47
Reading graphs...
40 : 60
40 : 60
Initializing...
maxdom : 9
D->valSize : 224
Solving...
Blb : 3 (clique : 15)
currentSize : 15 <-- 0.001375 s
currentSize : 16 <-- 0.007442 s
currentSize : 17 <-- 0.008264 s
currentSize : 18 <-- 0.022873 s
currentSize : 19 <-- 0.084415 s
currentSize : 20 <-- 0.249474 s
currentSize : 21 <-- 8.735075 s

maxsize : 21
nodes : 9148202.000000
filtered : 92518493.000000
time : 33.672890
