Parameters: GAD=1 vflib=1 dir=1 label=1 lowerbound=1 fileNameGp=../graphsdb/mcs30/bvg/b03m/mcs30_b03m_s70.A86 fileNameGt=../graphsdb/mcs30/bvg/b03m/mcs30_b03m_s70.B86
Reading graphs...
70 : 105
70 : 105
Initializing...
maxdom : 10
D->valSize : 315
Solving...
Blb : 5 (clique : 26)
currentSize : 26 <-- 0.002655 s
currentSize : 27 <-- 0.003574 s
currentSize : 28 <-- 0.003730 s
currentSize : 29 <-- 0.005503 s
currentSize : 30 <-- 0.011139 s
currentSize : 31 <-- 143.718750 s
currentSize : 32 <-- 1068.533691 s

maxsize : 32
nodes : 364304717.000000
filtered : 3377468571.000000
time : 1760.719360
