Parameters: GAD=1 vflib=1 dir=1 label=1 lowerbound=1 fileNameGp=../graphsdb/mcs30/bvg/b09m/mcs30_b09m_s50.A86 fileNameGt=../graphsdb/mcs30/bvg/b09m/mcs30_b09m_s50.B86
Reading graphs...
50 : 225
50 : 225
Initializing...
maxdom : 11
D->valSize : 339
Solving...
Blb : 3 (clique : 14)
currentSize : 14 <-- 0.002319 s
currentSize : 15 <-- 0.010977 s
currentSize : 16 <-- 0.011027 s
currentSize : 17 <-- 2.018061 s
currentSize : 18 <-- 2.906924 s

maxsize : 18
nodes : 1652124.000000
filtered : 27884585.000000
time : 8.039504
