Parameters: GAD=1 vflib=1 dir=1 label=1 lowerbound=1 fileNameGp=../graphsdb/mcs30/m3D/m3Dr4/mcs30_m3Dr4_s25.A80 fileNameGt=../graphsdb/mcs30/m3D/m3Dr4/mcs30_m3Dr4_s25.B80
Reading graphs...
25 : 59
25 : 57
Initializing...
maxdom : 11
D->valSize : 155
Solving...
Blb : 2 (clique : 7)
currentSize : 7 <-- 0.000800 s
currentSize : 8 <-- 0.000885 s
currentSize : 9 <-- 0.000937 s
currentSize : 10 <-- 0.002614 s
currentSize : 11 <-- 0.017512 s

maxsize : 11
nodes : 6986.000000
filtered : 101079.000000
time : 0.026440
