Parameters: GAD=1 vflib=1 dir=1 label=1 lowerbound=1 fileNameGp=../graphsdb/mcs30/rand/r02/mcs30_r02_s35.A95 fileNameGt=../graphsdb/mcs30/rand/r02/mcs30_r02_s35.B95
Reading graphs...
35 : 237
35 : 237
Initializing...
maxdom : 7
D->valSize : 161
Solving...
Blb : 2 (clique : 6)
currentSize : 6 <-- 0.000890 s
currentSize : 7 <-- 0.000939 s
currentSize : 8 <-- 0.001163 s
currentSize : 9 <-- 0.004344 s
currentSize : 10 <-- 0.008628 s

maxsize : 10
nodes : 3847.000000
filtered : 48806.000000
time : 0.015322
