Parameters: GAD=1 vflib=1 dir=1 label=1 lowerbound=1 fileNameGp=../graphsdb/mcs30/bvg/b03/mcs30_b03_s35.A12 fileNameGt=../graphsdb/mcs30/bvg/b03/mcs30_b03_s35.B12
Reading graphs...
35 : 52
35 : 52
Initializing...
maxdom : 9
D->valSize : 152
Solving...
Blb : 2 (clique : 14)
currentSize : 14 <-- 0.001285 s
currentSize : 15 <-- 0.005076 s
currentSize : 16 <-- 0.061355 s
currentSize : 17 <-- 0.206371 s
currentSize : 18 <-- 0.313271 s

maxsize : 18
nodes : 95348.000000
filtered : 684220.000000
time : 0.349163
