Parameters: GAD=1 vflib=1 dir=1 label=1 lowerbound=1 fileNameGp=../graphsdb/mcs30/rand/r02/mcs30_r02_s40.A36 fileNameGt=../graphsdb/mcs30/rand/r02/mcs30_r02_s40.B36
Reading graphs...
40 : 311
40 : 311
Initializing...
maxdom : 12
D->valSize : 231
Solving...
Blb : 3 (clique : 6)
currentSize : 6 <-- 0.001365 s
currentSize : 7 <-- 0.001426 s
currentSize : 8 <-- 0.001919 s
currentSize : 9 <-- 0.004339 s
currentSize : 12 <-- 0.019128 s

maxsize : 12
nodes : 6566.000000
filtered : 126302.000000
time : 0.029330
