Parameters: GAD=1 vflib=1 dir=1 label=1 lowerbound=1 fileNameGp=../graphsdb/mcs30/rand/r005/mcs30_r005_s80.A08 fileNameGt=../graphsdb/mcs30/rand/r005/mcs30_r005_s80.B08
Reading graphs...
80 : 315
80 : 315
Initializing...
maxdom : 9
D->valSize : 386
Solving...
Blb : 2 (clique : 18)
currentSize : 18 <-- 0.003607 s
currentSize : 19 <-- 0.003771 s
currentSize : 20 <-- 0.024118 s
currentSize : 21 <-- 0.319704 s
currentSize : 22 <-- 0.407049 s
currentSize : 23 <-- 3.514271 s
currentSize : 24 <-- 835.857849 s
currentSize : 25 <-- 2493.977539 s
currentSize : 26 <-- 2674.743652 s

TIMEOUT
maxsize : 26
nodes : 702667258.000000
filtered : 6369952322.000000
time : 3600.000000
