Parameters: GAD=1 vflib=1 dir=1 label=1 lowerbound=1 fileNameGp=../graphsdb/mcs30/m2D/m2Dr6/mcs30_m2Dr6_s50.A34 fileNameGt=../graphsdb/mcs30/m2D/m2Dr6/mcs30_m2Dr6_s50.B34
Reading graphs...
50 : 115
50 : 114
Initializing...
maxdom : 8
D->valSize : 332
Solving...
Blb : 2 (clique : 19)
currentSize : 19 <-- 0.002630 s
currentSize : 20 <-- 0.031700 s
currentSize : 21 <-- 188.836594 s
currentSize : 22 <-- 216.170959 s
currentSize : 23 <-- 340.035614 s

maxsize : 23
nodes : 149490002.000000
filtered : 1835477895.000000
time : 650.365295
