Parameters: GAD=1 vflib=1 dir=1 label=1 lowerbound=1 fileNameGp=../graphsdb/mcs30/bvg/b03/mcs30_b03_s25.A80 fileNameGt=../graphsdb/mcs30/bvg/b03/mcs30_b03_s25.B80
Reading graphs...
25 : 37
25 : 37
Initializing...
maxdom : 10
D->valSize : 169
Solving...
Blb : 2 (clique : 9)
currentSize : 9 <-- 0.001215 s
currentSize : 10 <-- 0.001414 s
currentSize : 11 <-- 0.001434 s
currentSize : 12 <-- 0.001637 s
currentSize : 13 <-- 0.045203 s
currentSize : 14 <-- 0.180659 s

maxsize : 14
nodes : 43630.000000
filtered : 706579.000000
time : 0.229158
