Parameters: GAD=1 vflib=1 dir=1 label=1 lowerbound=1 fileNameGp=../graphsdb/mcs30/bvg/b09m/mcs30_b09m_s35.A57 fileNameGt=../graphsdb/mcs30/bvg/b09m/mcs30_b09m_s35.B57
Reading graphs...
35 : 157
35 : 157
Initializing...
maxdom : 6
D->valSize : 158
Solving...
Blb : 5 (clique : 8)
currentSize : 8 <-- 0.000845 s
currentSize : 9 <-- 0.000940 s
currentSize : 10 <-- 0.001404 s
currentSize : 11 <-- 0.004041 s
currentSize : 12 <-- 0.034069 s

maxsize : 12
nodes : 11497.000000
filtered : 156452.000000
time : 0.044011
