Parameters: GAD=1 vflib=1 dir=1 label=1 lowerbound=1 fileNameGp=../graphsdb/mcs30/m3D/m3D/mcs30_m3D_s90.A12 fileNameGt=../graphsdb/mcs30/m3D/m3D/mcs30_m3D_s90.B12
Reading graphs...
90 : 209
90 : 209
Initializing...
maxdom : 11
D->valSize : 613
Solving...
Blb : 3 (clique : 31)
currentSize : 31 <-- 0.007707 s
currentSize : 32 <-- 0.014511 s
currentSize : 33 <-- 0.381921 s
currentSize : 34 <-- 8.561317 s
currentSize : 35 <-- 313.199799 s
currentSize : 36 <-- 821.078064 s
currentSize : 37 <-- 2391.205078 s

TIMEOUT
maxsize : 37
nodes : 566522311.000000
filtered : 6556451900.000000
time : 3600.000000
