Parameters: GAD=1 vflib=1 dir=1 label=1 lowerbound=1 fileNameGp=../graphsdb/mcs30/m3D/m3Dr4/mcs30_m3Dr4_s100.A64 fileNameGt=../graphsdb/mcs30/m3D/m3Dr4/mcs30_m3Dr4_s100.B64
Reading graphs...
100 : 275
100 : 275
Initializing...
maxdom : 7
D->valSize : 344
Solving...
Blb : 2 (clique : 27)
currentSize : 27 <-- 0.003627 s
currentSize : 28 <-- 0.055541 s
currentSize : 29 <-- 0.055724 s
currentSize : 30 <-- 23.736912 s
currentSize : 31 <-- 43.539234 s
currentSize : 32 <-- 321.667358 s
currentSize : 33 <-- 933.140869 s
currentSize : 34 <-- 2701.912109 s

TIMEOUT
maxsize : 34
nodes : 646376248.000000
filtered : 4108499752.000000
time : 3600.000000
