Parameters: GAD=1 vflib=1 dir=1 label=1 lowerbound=1 fileNameGp=../graphsdb/mcs30/rand/r005/mcs30_r005_s60.A53 fileNameGt=../graphsdb/mcs30/rand/r005/mcs30_r005_s60.B53
Reading graphs...
60 : 179
60 : 179
Initializing...
maxdom : 7
D->valSize : 247
Solving...
Blb : 2 (clique : 18)
currentSize : 18 <-- 0.002707 s
currentSize : 19 <-- 0.018692 s
currentSize : 20 <-- 0.152225 s
currentSize : 21 <-- 2.606625 s
currentSize : 22 <-- 93.972008 s

maxsize : 22
nodes : 40699858.000000
filtered : 325100743.000000
time : 180.773438
