Parameters: GAD=1 vflib=1 dir=1 label=1 lowerbound=1 fileNameGp=../graphsdb/mcs30/m2D/m2Dr2/mcs30_m2Dr2_s50.A95 fileNameGt=../graphsdb/mcs30/m2D/m2Dr2/mcs30_m2Dr2_s50.B95
Reading graphs...
50 : 95
50 : 95
Initializing...
maxdom : 11
D->valSize : 334
Solving...
Blb : 5 (clique : 17)
currentSize : 17 <-- 0.002485 s
currentSize : 18 <-- 0.002740 s
currentSize : 19 <-- 0.003882 s
currentSize : 20 <-- 0.017416 s
currentSize : 21 <-- 1.411848 s
currentSize : 22 <-- 2.055881 s
currentSize : 23 <-- 497.037567 s
currentSize : 24 <-- 987.073608 s

maxsize : 24
nodes : 269054281.000000
filtered : 4183824698.000000
time : 1236.933838
