Parameters: GAD=1 vflib=1 dir=1 label=1 lowerbound=1 fileNameGp=../graphsdb/mcs30/bvg/b06/mcs30_b06_s90.A62 fileNameGt=../graphsdb/mcs30/bvg/b06/mcs30_b06_s90.B62
Reading graphs...
90 : 270
90 : 270
Initializing...
maxdom : 12
D->valSize : 548
Solving...
Blb : 2 (clique : 23)
currentSize : 23 <-- 0.006500 s
currentSize : 24 <-- 0.010061 s
currentSize : 25 <-- 0.065502 s
currentSize : 26 <-- 0.198292 s
currentSize : 27 <-- 6.153499 s
currentSize : 28 <-- 64.305222 s
currentSize : 29 <-- 1453.669067 s

TIMEOUT
maxsize : 29
nodes : 707780114.000000
filtered : 5111431147.000000
time : 3600.000000
