Parameters: GAD=1 vflib=1 dir=1 label=1 lowerbound=1 fileNameGp=../graphsdb/mcs30/rand/r01/mcs30_r01_s70.A47 fileNameGt=../graphsdb/mcs30/rand/r01/mcs30_r01_s70.B47
Reading graphs...
70 : 482
70 : 482
Initializing...
maxdom : 8
D->valSize : 346
Solving...
Blb : 5 (clique : 13)
currentSize : 13 <-- 0.002836 s
currentSize : 14 <-- 0.005057 s
currentSize : 15 <-- 0.019374 s
currentSize : 16 <-- 0.257500 s
currentSize : 17 <-- 0.258657 s
currentSize : 18 <-- 0.348867 s
currentSize : 19 <-- 0.976369 s
currentSize : 20 <-- 3.609196 s
currentSize : 21 <-- 4.510206 s

maxsize : 21
nodes : 1876509.000000
filtered : 28681784.000000
time : 10.251366
