Parameters: GAD=1 vflib=1 dir=1 label=1 lowerbound=1 fileNameGp=../graphsdb/mcs30/m3D/m3D/mcs30_m3D_s70.A52 fileNameGt=../graphsdb/mcs30/m3D/m3D/mcs30_m3D_s70.B52
Reading graphs...
70 : 159
70 : 159
Initializing...
maxdom : 8
D->valSize : 328
Solving...
Blb : 2 (clique : 23)
currentSize : 23 <-- 0.004505 s
currentSize : 24 <-- 0.004867 s
currentSize : 25 <-- 0.010868 s
currentSize : 26 <-- 0.022015 s
currentSize : 27 <-- 0.022260 s
currentSize : 28 <-- 0.024654 s
currentSize : 29 <-- 0.263167 s
currentSize : 30 <-- 363.314575 s
currentSize : 31 <-- 363.619537 s
currentSize : 32 <-- 363.941681 s
currentSize : 33 <-- 364.808685 s

maxsize : 33
nodes : 92425614.000000
filtered : 773297248.000000
time : 441.621857
