Parameters: GAD=1 vflib=1 dir=1 label=1 lowerbound=1 fileNameGp=../graphsdb/mcs30/m3D/m3Dr6/mcs30_m3Dr6_s80.A96 fileNameGt=../graphsdb/mcs30/m3D/m3Dr6/mcs30_m3Dr6_s80.B96
Reading graphs...
80 : 232
80 : 232
Initializing...
maxdom : 14
D->valSize : 437
Solving...
Blb : 2 (clique : 21)
currentSize : 21 <-- 0.004349 s
currentSize : 22 <-- 0.004551 s
currentSize : 23 <-- 0.033712 s
currentSize : 24 <-- 0.408260 s
currentSize : 25 <-- 3.311178 s
currentSize : 26 <-- 8.549378 s
currentSize : 27 <-- 119.761810 s

TIMEOUT
maxsize : 27
nodes : 677972499.000000
filtered : 7603722966.000000
time : 3600.000000
