Parameters: GAD=1 vflib=1 dir=1 label=1 lowerbound=1 fileNameGp=../graphsdb/mcs30/bvg/b06/mcs30_b06_s70.A04 fileNameGt=../graphsdb/mcs30/bvg/b06/mcs30_b06_s70.B04
Reading graphs...
70 : 210
70 : 210
Initializing...
maxdom : 8
D->valSize : 356
Solving...
Blb : 3 (clique : 22)
currentSize : 22 <-- 0.004739 s
currentSize : 23 <-- 5.330945 s
currentSize : 24 <-- 30.028868 s
currentSize : 25 <-- 66.106812 s
currentSize : 26 <-- 705.081299 s
currentSize : 27 <-- 3425.330566 s

TIMEOUT
maxsize : 27
nodes : 768573572.000000
filtered : 6965309938.000000
time : 3600.000000
