Parameters: GAD=1 vflib=1 dir=1 label=1 lowerbound=1 fileNameGp=../graphsdb/mcs30/rand/r005/mcs30_r005_s35.A18 fileNameGt=../graphsdb/mcs30/rand/r005/mcs30_r005_s35.B18
Reading graphs...
35 : 64
35 : 64
Initializing...
maxdom : 6
D->valSize : 170
Solving...
Blb : 2 (clique : 12)
currentSize : 12 <-- 0.001089 s
currentSize : 13 <-- 0.001193 s
currentSize : 14 <-- 0.002021 s
currentSize : 15 <-- 0.009490 s
currentSize : 16 <-- 0.026069 s

maxsize : 16
nodes : 125586.000000
filtered : 1260983.000000
time : 0.483668
