Parameters: GAD=1 vflib=1 dir=1 label=1 lowerbound=1 fileNameGp=../graphsdb/mcs30/bvg/b06/mcs30_b06_s80.A75 fileNameGt=../graphsdb/mcs30/bvg/b06/mcs30_b06_s80.B75
Reading graphs...
80 : 240
80 : 240
Initializing...
maxdom : 10
D->valSize : 442
Solving...
Blb : 2 (clique : 23)
currentSize : 23 <-- 0.004384 s
currentSize : 24 <-- 0.005862 s
currentSize : 25 <-- 0.008686 s
currentSize : 26 <-- 0.065857 s
currentSize : 27 <-- 30.686460 s
currentSize : 28 <-- 997.966858 s
currentSize : 29 <-- 1744.600708 s
currentSize : 30 <-- 1746.442871 s
currentSize : 31 <-- 2498.004395 s

TIMEOUT
maxsize : 31
nodes : 679604943.000000
filtered : 7148723294.000000
time : 3600.000000
