Parameters: GAD=1 vflib=1 dir=1 label=1 lowerbound=1 fileNameGp=../graphsdb/mcs30/m3D/m3Dr6/mcs30_m3Dr6_s70.A55 fileNameGt=../graphsdb/mcs30/m3D/m3Dr6/mcs30_m3Dr6_s70.B55
Reading graphs...
70 : 201
70 : 199
Initializing...
maxdom : 10
D->valSize : 334
Solving...
Blb : 2 (clique : 27)
currentSize : 27 <-- 0.003153 s
currentSize : 28 <-- 0.003602 s
currentSize : 29 <-- 0.005691 s
currentSize : 30 <-- 0.745378 s
currentSize : 31 <-- 72.772209 s

maxsize : 31
nodes : 37206522.000000
filtered : 296210537.000000
time : 178.763474
