Parameters: GAD=1 vflib=1 dir=1 label=1 lowerbound=1 fileNameGp=../graphsdb/mcs30/m3D/m3Dr2/mcs30_m3Dr2_s70.A33 fileNameGt=../graphsdb/mcs30/m3D/m3Dr2/mcs30_m3Dr2_s70.B33
Reading graphs...
70 : 173
70 : 172
Initializing...
maxdom : 11
D->valSize : 332
Solving...
Blb : 2 (clique : 27)
currentSize : 27 <-- 0.002920 s
currentSize : 28 <-- 0.003366 s
currentSize : 29 <-- 0.379453 s
currentSize : 31 <-- 0.379579 s
currentSize : 32 <-- 0.380850 s

maxsize : 32
nodes : 9049103.000000
filtered : 80879609.000000
time : 43.529034
