Parameters: GAD=1 vflib=1 dir=1 label=1 lowerbound=1 fileNameGp=../graphsdb/mcs30/rand/r02/mcs30_r02_s60.A22 fileNameGt=../graphsdb/mcs30/rand/r02/mcs30_r02_s60.B22
Reading graphs...
60 : 707
60 : 707
Initializing...
maxdom : 8
D->valSize : 249
Solving...
Blb : 3 (clique : 7)
currentSize : 7 <-- 0.002413 s
currentSize : 9 <-- 0.002497 s
currentSize : 10 <-- 0.007508 s
currentSize : 11 <-- 0.007565 s
currentSize : 14 <-- 0.013637 s
currentSize : 15 <-- 0.032758 s
currentSize : 18 <-- 0.032824 s

maxsize : 18
nodes : 9265.000000
filtered : 157248.000000
time : 0.047939
