Parameters: GAD=1 vflib=1 dir=1 label=1 lowerbound=1 fileNameGp=../graphsdb/mcs30/bvg/b06m/mcs30_b06m_s60.A01 fileNameGt=../graphsdb/mcs30/bvg/b06m/mcs30_b06m_s60.B01
Reading graphs...
60 : 180
60 : 180
Initializing...
maxdom : 7
D->valSize : 240
Solving...
Blb : 2 (clique : 17)
currentSize : 17 <-- 0.001732 s
currentSize : 18 <-- 0.002060 s
currentSize : 19 <-- 0.022425 s
currentSize : 20 <-- 1.387153 s
currentSize : 21 <-- 1.574967 s
currentSize : 22 <-- 1.575344 s
currentSize : 23 <-- 1.578653 s

maxsize : 23
nodes : 4297141.000000
filtered : 30759010.000000
time : 18.343653
