Parameters: GAD=1 vflib=1 dir=1 label=1 lowerbound=1 fileNameGp=../graphsdb/mcs30/rand/r01/mcs30_r01_s100.A53 fileNameGt=../graphsdb/mcs30/rand/r01/mcs30_r01_s100.B53
Reading graphs...
100 : 989
100 : 989
Initializing...
maxdom : 8
D->valSize : 342
Solving...
Blb : 2 (clique : 16)
currentSize : 16 <-- 0.005080 s
currentSize : 17 <-- 0.007033 s
currentSize : 18 <-- 0.142846 s
currentSize : 19 <-- 0.143276 s
currentSize : 20 <-- 0.147968 s
currentSize : 21 <-- 0.329617 s
currentSize : 23 <-- 0.349782 s
currentSize : 25 <-- 0.349901 s
currentSize : 26 <-- 0.460619 s
currentSize : 27 <-- 1.751783 s
currentSize : 28 <-- 1.791425 s
currentSize : 30 <-- 1.791519 s

maxsize : 30
nodes : 1127067.000000
filtered : 14539247.000000
time : 7.481411
