Parameters: GAD=1 vflib=1 dir=1 label=1 lowerbound=1 fileNameGp=../graphsdb/mcs30/m3D/m3Dr4/mcs30_m3Dr4_s40.A37 fileNameGt=../graphsdb/mcs30/m3D/m3Dr4/mcs30_m3Dr4_s40.B37
Reading graphs...
40 : 100
40 : 99
Initializing...
maxdom : 8
D->valSize : 202
Solving...
Blb : 3 (clique : 12)
currentSize : 12 <-- 0.001102 s
currentSize : 13 <-- 0.001177 s
currentSize : 14 <-- 0.002880 s
currentSize : 15 <-- 0.043523 s
currentSize : 16 <-- 0.649985 s

maxsize : 16
nodes : 412304.000000
filtered : 4650163.000000
time : 1.682484
