Parameters: GAD=1 vflib=1 dir=1 label=1 lowerbound=1 fileNameGp=../graphsdb/mcs30/m3D/m3Dr6/mcs30_m3Dr6_s80.A92 fileNameGt=../graphsdb/mcs30/m3D/m3Dr6/mcs30_m3Dr6_s80.B92
Reading graphs...
80 : 232
80 : 231
Initializing...
maxdom : 12
D->valSize : 426
Solving...
Blb : 2 (clique : 21)
currentSize : 21 <-- 0.006702 s
currentSize : 22 <-- 0.039280 s
currentSize : 23 <-- 0.066509 s
currentSize : 24 <-- 0.275004 s
currentSize : 25 <-- 0.644977 s
currentSize : 26 <-- 2.544219 s
currentSize : 27 <-- 11.321016 s
currentSize : 28 <-- 36.760784 s
currentSize : 29 <-- 46.878273 s
currentSize : 30 <-- 461.662720 s
currentSize : 31 <-- 461.857697 s

TIMEOUT
maxsize : 31
nodes : 615046355.000000
filtered : 7137543151.000000
time : 3600.000000
