Parameters: GAD=1 vflib=1 dir=1 label=1 lowerbound=1 fileNameGp=../graphsdb/mcs30/m2D/m2Dr6/mcs30_m2Dr6_s70.A50 fileNameGt=../graphsdb/mcs30/m2D/m2Dr6/mcs30_m2Dr6_s70.B50
Reading graphs...
70 : 165
70 : 163
Initializing...
maxdom : 8
D->valSize : 320
Solving...
Blb : 2 (clique : 26)
currentSize : 26 <-- 0.004291 s
currentSize : 27 <-- 0.004659 s
currentSize : 28 <-- 0.020735 s
currentSize : 29 <-- 2.033756 s
currentSize : 30 <-- 4.359796 s

maxsize : 30
nodes : 42380423.000000
filtered : 352139971.000000
time : 209.186508
