Parameters: GAD=1 vflib=1 dir=1 label=1 lowerbound=1 fileNameGp=../graphsdb/mcs30/bvg/b09m/mcs30_b09m_s100.A67 fileNameGt=../graphsdb/mcs30/bvg/b09m/mcs30_b09m_s100.B67
Reading graphs...
100 : 450
100 : 450
Initializing...
maxdom : 7
D->valSize : 359
Solving...
Blb : 2 (clique : 26)
currentSize : 26 <-- 0.003689 s
currentSize : 27 <-- 0.026278 s
currentSize : 28 <-- 19.983652 s
currentSize : 29 <-- 145.297638 s
currentSize : 30 <-- 145.300949 s
currentSize : 31 <-- 145.302124 s
currentSize : 32 <-- 169.760132 s
currentSize : 33 <-- 189.613098 s
currentSize : 34 <-- 262.621124 s

TIMEOUT
maxsize : 34
nodes : 672194670.000000
filtered : 3443655695.000000
time : 3600.000000
