Parameters: GAD=1 vflib=1 dir=1 label=1 lowerbound=1 fileNameGp=../graphsdb/mcs30/bvg/b09/mcs30_b09_s90.A09 fileNameGt=../graphsdb/mcs30/bvg/b09/mcs30_b09_s90.B09
Reading graphs...
90 : 405
90 : 405
Initializing...
maxdom : 11
D->valSize : 534
Solving...
Blb : 5 (clique : 20)
currentSize : 20 <-- 0.005919 s
currentSize : 21 <-- 0.092423 s
currentSize : 22 <-- 4.293208 s
currentSize : 23 <-- 33.050648 s
currentSize : 24 <-- 708.459656 s
currentSize : 25 <-- 866.434448 s
currentSize : 26 <-- 2462.059082 s

TIMEOUT
maxsize : 26
nodes : 646520938.000000
filtered : 7912283933.000000
time : 3600.000000
