Parameters: GAD=1 vflib=1 dir=1 label=1 lowerbound=1 fileNameGp=../graphsdb/mcs30/rand/r005/mcs30_r005_s60.A99 fileNameGt=../graphsdb/mcs30/rand/r005/mcs30_r005_s60.B99
Reading graphs...
60 : 179
60 : 179
Initializing...
maxdom : 8
D->valSize : 243
Solving...
Blb : 2 (clique : 15)
currentSize : 15 <-- 0.002641 s
currentSize : 16 <-- 0.002815 s
currentSize : 17 <-- 0.004493 s
currentSize : 18 <-- 0.005302 s
currentSize : 19 <-- 2.098825 s
currentSize : 20 <-- 11.479773 s
currentSize : 21 <-- 67.251411 s

maxsize : 21
nodes : 19403608.000000
filtered : 188734256.000000
time : 86.040543
