Parameters: GAD=1 vflib=1 dir=1 label=1 lowerbound=1 fileNameGp=../graphsdb/mcs30/m3D/m3Dr4/mcs30_m3Dr4_s70.A89 fileNameGt=../graphsdb/mcs30/m3D/m3Dr4/mcs30_m3Dr4_s70.B89
Reading graphs...
70 : 187
70 : 186
Initializing...
maxdom : 9
D->valSize : 350
Solving...
Blb : 2 (clique : 26)
currentSize : 26 <-- 0.003155 s
currentSize : 27 <-- 0.008734 s
currentSize : 28 <-- 2.868879 s
currentSize : 29 <-- 197.961136 s
currentSize : 30 <-- 249.494965 s

maxsize : 30
nodes : 306771554.000000
filtered : 2645131604.000000
time : 1533.459595
