Parameters: GAD=1 vflib=1 dir=1 label=1 lowerbound=1 fileNameGp=../graphsdb/mcs30/bvg/b09/mcs30_b09_s90.A29 fileNameGt=../graphsdb/mcs30/bvg/b09/mcs30_b09_s90.B29
Reading graphs...
90 : 405
90 : 405
Initializing...
maxdom : 10
D->valSize : 505
Solving...
Blb : 2 (clique : 21)
currentSize : 21 <-- 0.005514 s
currentSize : 22 <-- 0.007903 s
currentSize : 23 <-- 4.009044 s
currentSize : 24 <-- 5.430296 s
currentSize : 25 <-- 119.680328 s
currentSize : 26 <-- 163.845337 s
currentSize : 27 <-- 329.023224 s

TIMEOUT
maxsize : 27
nodes : 652173786.000000
filtered : 6266819108.000000
time : 3600.000000
