Parameters: GAD=1 vflib=1 dir=1 label=1 lowerbound=1 fileNameGp=../graphsdb/mcs30/bvg/b09/mcs30_b09_s60.A44 fileNameGt=../graphsdb/mcs30/bvg/b09/mcs30_b09_s60.B44
Reading graphs...
60 : 270
60 : 270
Initializing...
maxdom : 6
D->valSize : 250
Solving...
Blb : 2 (clique : 14)
currentSize : 14 <-- 0.001763 s
currentSize : 15 <-- 0.024060 s
currentSize : 16 <-- 0.105889 s
currentSize : 17 <-- 0.106159 s
currentSize : 19 <-- 0.106797 s
currentSize : 20 <-- 0.600734 s

maxsize : 20
nodes : 1528349.000000
filtered : 13553514.000000
time : 6.744134
