Parameters: GAD=1 vflib=1 dir=1 label=1 lowerbound=1 fileNameGp=../graphsdb/mcs30/m3D/m3D/mcs30_m3D_s70.A94 fileNameGt=../graphsdb/mcs30/m3D/m3D/mcs30_m3D_s70.B94
Reading graphs...
70 : 159
70 : 159
Initializing...
maxdom : 10
D->valSize : 365
Solving...
Blb : 5 (clique : 21)
currentSize : 21 <-- 0.003233 s
currentSize : 22 <-- 0.003773 s
currentSize : 23 <-- 0.584993 s
currentSize : 24 <-- 0.645766 s
currentSize : 25 <-- 0.838429 s
currentSize : 26 <-- 3.496414 s
currentSize : 27 <-- 3.496682 s
currentSize : 28 <-- 5.741725 s
currentSize : 29 <-- 11.917993 s
currentSize : 30 <-- 31.389685 s
currentSize : 31 <-- 194.993408 s
currentSize : 32 <-- 432.512451 s

maxsize : 32
nodes : 113065084.000000
filtered : 996203883.000000
time : 577.239319
