Parameters: GAD=1 vflib=1 dir=1 label=1 lowerbound=1 fileNameGp=../graphsdb/mcs30/rand/r02/mcs30_r02_s100.A28 fileNameGt=../graphsdb/mcs30/rand/r02/mcs30_r02_s100.B28
Reading graphs...
100 : 1979
100 : 1979
Initializing...
maxdom : 8
D->valSize : 375
Solving...
Blb : 2 (clique : 12)
currentSize : 12 <-- 0.003735 s
currentSize : 14 <-- 0.003864 s
currentSize : 18 <-- 0.004760 s
currentSize : 19 <-- 0.021081 s
currentSize : 20 <-- 0.039648 s
currentSize : 30 <-- 0.055707 s

maxsize : 30
nodes : 17937.000000
filtered : 378022.000000
time : 0.129917
