Parameters: GAD=1 vflib=1 dir=1 label=1 lowerbound=1 fileNameGp=../graphsdb/mcs30/m2D/m2D/mcs30_m2D_s100.A49 fileNameGt=../graphsdb/mcs30/m2D/m2D/mcs30_m2D_s100.B49
Reading graphs...
100 : 180
100 : 180
Initializing...
maxdom : 7
D->valSize : 343
Solving...
Blb : 2 (clique : 34)
currentSize : 34 <-- 0.003457 s
currentSize : 35 <-- 0.003805 s
currentSize : 36 <-- 0.209616 s
currentSize : 37 <-- 2.001416 s
currentSize : 38 <-- 8.966224 s
currentSize : 39 <-- 2593.735352 s

TIMEOUT
maxsize : 39
nodes : 743501193.000000
filtered : 2404619052.000000
time : 3600.000000
