Parameters: GAD=1 vflib=1 dir=1 label=1 lowerbound=1 fileNameGp=../graphsdb/mcs30/bvg/b09m/mcs30_b09m_s90.A95 fileNameGt=../graphsdb/mcs30/bvg/b09m/mcs30_b09m_s90.B95
Reading graphs...
90 : 405
90 : 405
Initializing...
maxdom : 9
D->valSize : 500
Solving...
Blb : 5 (clique : 20)
currentSize : 20 <-- 0.005354 s
currentSize : 21 <-- 0.011152 s
currentSize : 22 <-- 0.507260 s
currentSize : 23 <-- 11.163087 s
currentSize : 24 <-- 22.674780 s
currentSize : 25 <-- 978.510071 s
currentSize : 26 <-- 1911.070068 s
currentSize : 27 <-- 1911.335327 s

TIMEOUT
maxsize : 27
nodes : 654434653.000000
filtered : 6151860693.000000
time : 3600.000000
