Parameters: GAD=1 vflib=1 dir=1 label=1 lowerbound=1 fileNameGp=../graphsdb/mcs30/rand/r02/mcs30_r02_s90.A55 fileNameGt=../graphsdb/mcs30/rand/r02/mcs30_r02_s90.B55
Reading graphs...
90 : 1601
90 : 1601
Initializing...
maxdom : 9
D->valSize : 509
Solving...
Blb : 2 (clique : 8)
currentSize : 8 <-- 0.007979 s
currentSize : 9 <-- 0.008316 s
currentSize : 10 <-- 0.008611 s
currentSize : 11 <-- 0.012968 s
currentSize : 13 <-- 0.013417 s
currentSize : 14 <-- 0.025765 s
currentSize : 15 <-- 0.244264 s
currentSize : 16 <-- 0.244364 s
currentSize : 19 <-- 0.283521 s
currentSize : 27 <-- 0.354515 s

maxsize : 27
nodes : 81625.000000
filtered : 2008436.000000
time : 0.590013
