Parameters: GAD=1 vflib=1 dir=1 label=1 lowerbound=1 fileNameGp=../graphsdb/mcs30/bvg/b09/mcs30_b09_s60.A79 fileNameGt=../graphsdb/mcs30/bvg/b09/mcs30_b09_s60.B79
Reading graphs...
60 : 270
60 : 270
Initializing...
maxdom : 7
D->valSize : 236
Solving...
Blb : 2 (clique : 13)
currentSize : 13 <-- 0.001566 s
currentSize : 14 <-- 0.001855 s
currentSize : 15 <-- 0.003059 s
currentSize : 16 <-- 0.003352 s
currentSize : 17 <-- 0.003480 s
currentSize : 18 <-- 0.014128 s
currentSize : 19 <-- 0.014213 s
currentSize : 20 <-- 0.314390 s

maxsize : 20
nodes : 876185.000000
filtered : 6239829.000000
time : 3.608210
