Parameters: GAD=1 vflib=1 dir=1 label=1 lowerbound=1 fileNameGp=../graphsdb/mcs30/m3D/m3D/mcs30_m3D_s70.A30 fileNameGt=../graphsdb/mcs30/m3D/m3D/mcs30_m3D_s70.B30
Reading graphs...
70 : 159
70 : 159
Initializing...
maxdom : 8
D->valSize : 356
Solving...
Blb : 2 (clique : 22)
currentSize : 22 <-- 0.003153 s
currentSize : 23 <-- 0.003579 s
currentSize : 24 <-- 0.006618 s
currentSize : 25 <-- 40.439308 s
currentSize : 26 <-- 63.868904 s
currentSize : 27 <-- 126.563858 s
currentSize : 28 <-- 126.587173 s
currentSize : 29 <-- 173.497070 s
currentSize : 30 <-- 173.497818 s
currentSize : 31 <-- 299.096893 s
currentSize : 33 <-- 299.104858 s
currentSize : 34 <-- 745.618225 s
currentSize : 35 <-- 745.619812 s

maxsize : 35
nodes : 169226384.000000
filtered : 1664821721.000000
time : 857.442139
