Parameters: GAD=1 vflib=1 dir=1 label=1 lowerbound=1 fileNameGp=../graphsdb/mcs30/m2D/m2Dr6/mcs30_m2Dr6_s70.A22 fileNameGt=../graphsdb/mcs30/m2D/m2Dr6/mcs30_m2Dr6_s70.B22
Reading graphs...
70 : 165
70 : 163
Initializing...
maxdom : 8
D->valSize : 318
Solving...
Blb : 2 (clique : 25)
currentSize : 25 <-- 0.002790 s
currentSize : 26 <-- 0.003076 s
currentSize : 27 <-- 0.003468 s
currentSize : 28 <-- 0.003719 s
currentSize : 29 <-- 0.041148 s
currentSize : 30 <-- 0.041387 s
currentSize : 31 <-- 0.092587 s
currentSize : 32 <-- 1720.658936 s

TIMEOUT
maxsize : 32
nodes : 732093090.000000
filtered : 6321575666.000000
time : 3600.000000
