Parameters: GAD=1 vflib=1 dir=1 label=1 lowerbound=1 fileNameGp=../graphsdb/mcs30/m4D/m4Dr4/mcs30_m4Dr4_s70.A74 fileNameGt=../graphsdb/mcs30/m4D/m4Dr4/mcs30_m4Dr4_s70.B74
Reading graphs...
70 : 146
70 : 146
Initializing...
maxdom : 7
D->valSize : 300
Solving...
Blb : 2 (clique : 22)
currentSize : 22 <-- 0.002460 s
currentSize : 23 <-- 0.002678 s
currentSize : 24 <-- 0.003064 s
currentSize : 25 <-- 0.003503 s
currentSize : 26 <-- 0.009275 s
currentSize : 27 <-- 1.621088 s
currentSize : 28 <-- 480.856476 s

TIMEOUT
maxsize : 28
nodes : 844881290.000000
filtered : 5093616568.000000
time : 3600.000000
