Parameters: GAD=1 vflib=1 dir=1 label=1 lowerbound=1 fileNameGp=../graphsdb/mcs30/m2D/m2Dr6/mcs30_m2Dr6_s80.A13 fileNameGt=../graphsdb/mcs30/m2D/m2Dr6/mcs30_m2Dr6_s80.B13
Reading graphs...
80 : 190
80 : 188
Initializing...
maxdom : 10
D->valSize : 402
Solving...
Blb : 2 (clique : 22)
currentSize : 22 <-- 0.006189 s
currentSize : 23 <-- 0.006835 s
currentSize : 24 <-- 0.009076 s
currentSize : 25 <-- 0.168159 s
currentSize : 26 <-- 20.303759 s
currentSize : 27 <-- 57.553757 s
currentSize : 28 <-- 57.709652 s
currentSize : 29 <-- 308.654999 s
currentSize : 30 <-- 308.691986 s
currentSize : 31 <-- 1055.287964 s

TIMEOUT
maxsize : 31
nodes : 712469729.000000
filtered : 6082637351.000000
time : 3600.000000
