Parameters: GAD=1 vflib=1 dir=1 label=1 lowerbound=1 fileNameGp=../graphsdb/mcs30/m2D/m2Dr4/mcs30_m2Dr4_s100.A22 fileNameGt=../graphsdb/mcs30/m2D/m2Dr4/mcs30_m2Dr4_s100.B22
Reading graphs...
100 : 220
100 : 219
Initializing...
maxdom : 7
D->valSize : 335
Solving...
Blb : 2 (clique : 29)
currentSize : 29 <-- 0.003490 s
currentSize : 30 <-- 0.004259 s
currentSize : 31 <-- 0.024548 s
currentSize : 32 <-- 0.038027 s
currentSize : 33 <-- 0.184261 s
currentSize : 34 <-- 27.646809 s
currentSize : 35 <-- 59.197350 s

TIMEOUT
maxsize : 35
nodes : 662946684.000000
filtered : 3605123762.000000
time : 3600.000000
