Parameters: GAD=1 vflib=1 dir=1 label=1 lowerbound=1 fileNameGp=../graphsdb/mcs30/rand/r01/mcs30_r01_s80.A98 fileNameGt=../graphsdb/mcs30/rand/r01/mcs30_r01_s80.B98
Reading graphs...
80 : 631
80 : 631
Initializing...
maxdom : 8
D->valSize : 391
Solving...
Blb : 2 (clique : 12)
currentSize : 12 <-- 0.003628 s
currentSize : 13 <-- 0.003975 s
currentSize : 14 <-- 0.017504 s
currentSize : 15 <-- 0.248291 s
currentSize : 16 <-- 2.001094 s
currentSize : 17 <-- 4.516319 s
currentSize : 18 <-- 9.968663 s
currentSize : 20 <-- 10.587293 s
currentSize : 21 <-- 14.721156 s
currentSize : 22 <-- 21.675243 s
currentSize : 24 <-- 24.164127 s

maxsize : 24
nodes : 5654414.000000
filtered : 77472369.000000
time : 31.844860
