Parameters: GAD=1 vflib=1 dir=1 label=1 lowerbound=1 fileNameGp=../graphsdb/mcs30/m4D/m4Dr4/mcs30_m4Dr4_s80.A48 fileNameGt=../graphsdb/mcs30/m4D/m4Dr4/mcs30_m4Dr4_s80.B48
Reading graphs...
80 : 163
80 : 163
Initializing...
maxdom : 10
D->valSize : 430
Solving...
Blb : 2 (clique : 29)
currentSize : 29 <-- 0.004455 s
currentSize : 30 <-- 6.631811 s
currentSize : 31 <-- 24.041988 s
currentSize : 32 <-- 27.901268 s
currentSize : 33 <-- 106.108253 s
currentSize : 34 <-- 109.165878 s

TIMEOUT
maxsize : 34
nodes : 765569522.000000
filtered : 4484676829.000000
time : 3600.000000
