Parameters: GAD=1 vflib=1 dir=1 label=1 lowerbound=1 fileNameGp=../graphsdb/mcs30/m4D/m4Dr6/mcs30_m4Dr6_s50.A57 fileNameGt=../graphsdb/mcs30/m4D/m4Dr6/mcs30_m4Dr6_s50.B57
Reading graphs...
50 : 117
50 : 114
Initializing...
maxdom : 10
D->valSize : 337
Solving...
Blb : 2 (clique : 14)
currentSize : 14 <-- 0.002503 s
currentSize : 15 <-- 0.011321 s
currentSize : 16 <-- 0.011780 s
currentSize : 17 <-- 0.034935 s
currentSize : 18 <-- 1.226545 s
currentSize : 19 <-- 1.421902 s
currentSize : 20 <-- 2.293862 s
currentSize : 21 <-- 299.170563 s
currentSize : 22 <-- 545.533752 s

maxsize : 22
nodes : 214658726.000000
filtered : 3083042780.000000
time : 959.313904
