Parameters: GAD=1 vflib=1 dir=1 label=1 lowerbound=1 fileNameGp=../graphsdb/mcs30/rand/r01/mcs30_r01_s100.A05 fileNameGt=../graphsdb/mcs30/rand/r01/mcs30_r01_s100.B05
Reading graphs...
100 : 989
100 : 989
Initializing...
maxdom : 6
D->valSize : 328
Solving...
Blb : 2 (clique : 11)
currentSize : 11 <-- 0.003303 s
currentSize : 12 <-- 0.003416 s
currentSize : 13 <-- 0.003482 s
currentSize : 14 <-- 0.003570 s
currentSize : 15 <-- 0.004800 s
currentSize : 16 <-- 0.036939 s
currentSize : 17 <-- 0.600248 s
currentSize : 18 <-- 2.229821 s
currentSize : 19 <-- 2.495049 s
currentSize : 21 <-- 2.587068 s
currentSize : 22 <-- 10.634928 s
currentSize : 27 <-- 10.635137 s
currentSize : 28 <-- 10.689672 s
currentSize : 30 <-- 10.689759 s

maxsize : 30
nodes : 2742510.000000
filtered : 24516435.000000
time : 16.332455
