Parameters: GAD=1 vflib=1 dir=1 label=1 lowerbound=1 fileNameGp=../graphsdb/mcs30/rand/r02/mcs30_r02_s70.A51 fileNameGt=../graphsdb/mcs30/rand/r02/mcs30_r02_s70.B51
Reading graphs...
70 : 965
70 : 965
Initializing...
maxdom : 10
D->valSize : 372
Solving...
Blb : 2 (clique : 6)
currentSize : 6 <-- 0.002957 s
currentSize : 7 <-- 0.003035 s
currentSize : 8 <-- 0.003894 s
currentSize : 9 <-- 0.004501 s
currentSize : 10 <-- 0.005537 s
currentSize : 14 <-- 0.012134 s
currentSize : 16 <-- 0.043099 s
currentSize : 21 <-- 0.069950 s

maxsize : 21
nodes : 16135.000000
filtered : 390458.000000
time : 0.097393
