Parameters: GAD=1 vflib=1 dir=1 label=1 lowerbound=1 fileNameGp=../graphsdb/mcs30/m3D/m3Dr2/mcs30_m3Dr2_s80.A92 fileNameGt=../graphsdb/mcs30/m3D/m3Dr2/mcs30_m3Dr2_s80.B92
Reading graphs...
80 : 200
80 : 200
Initializing...
maxdom : 11
D->valSize : 407
Solving...
Blb : 2 (clique : 28)
currentSize : 28 <-- 0.004120 s
currentSize : 30 <-- 0.004305 s
currentSize : 31 <-- 0.005287 s
currentSize : 32 <-- 7.678368 s
currentSize : 33 <-- 398.037445 s
currentSize : 34 <-- 1632.239502 s

TIMEOUT
maxsize : 34
nodes : 628056920.000000
filtered : 6920763838.000000
time : 3600.000000
