Parameters: GAD=1 vflib=1 dir=1 label=1 lowerbound=1 fileNameGp=../graphsdb/mcs30/bvg/b03m/mcs30_b03m_s80.A56 fileNameGt=../graphsdb/mcs30/bvg/b03m/mcs30_b03m_s80.B56
Reading graphs...
80 : 120
80 : 120
Initializing...
maxdom : 9
D->valSize : 403
Solving...
Blb : 2 (clique : 27)
currentSize : 27 <-- 0.006493 s
currentSize : 28 <-- 0.006819 s
currentSize : 29 <-- 0.008080 s
currentSize : 30 <-- 0.174266 s
currentSize : 31 <-- 4.023971 s
currentSize : 32 <-- 4.870291 s
currentSize : 33 <-- 11.775490 s
currentSize : 34 <-- 3203.678711 s

TIMEOUT
maxsize : 34
nodes : 728727827.000000
filtered : 5525610236.000000
time : 3600.000000
