Parameters: GAD=1 vflib=1 dir=1 label=1 lowerbound=1 fileNameGp=../graphsdb/mcs30/m2D/m2D/mcs30_m2D_s60.A38 fileNameGt=../graphsdb/mcs30/m2D/m2D/mcs30_m2D_s60.B38
Reading graphs...
60 : 104
60 : 104
Initializing...
maxdom : 8
D->valSize : 265
Solving...
Blb : 2 (clique : 21)
currentSize : 21 <-- 0.001983 s
currentSize : 22 <-- 0.002143 s
currentSize : 23 <-- 0.031437 s
currentSize : 24 <-- 0.757804 s
currentSize : 25 <-- 3.711728 s
currentSize : 26 <-- 337.222900 s

maxsize : 26
nodes : 418654243.000000
filtered : 3481331047.000000
time : 1735.891113
