Parameters: GAD=1 vflib=1 dir=1 label=1 lowerbound=1 fileNameGp=../graphsdb/mcs30/m4D/m4Dr6/mcs30_m4Dr6_s60.A31 fileNameGt=../graphsdb/mcs30/m4D/m4Dr6/mcs30_m4Dr6_s60.B31
Reading graphs...
60 : 138
60 : 135
Initializing...
maxdom : 7
D->valSize : 250
Solving...
Blb : 2 (clique : 20)
currentSize : 20 <-- 0.001764 s
currentSize : 21 <-- 0.002614 s
currentSize : 22 <-- 0.014497 s
currentSize : 23 <-- 0.015936 s
currentSize : 24 <-- 0.070360 s
currentSize : 25 <-- 0.071705 s

maxsize : 25
nodes : 41672175.000000
filtered : 439041422.000000
time : 191.170364
