Parameters: GAD=1 vflib=1 dir=1 label=1 lowerbound=1 fileNameGp=../graphsdb/mcs30/bvg/b03m/mcs30_b03m_s70.A37 fileNameGt=../graphsdb/mcs30/bvg/b03m/mcs30_b03m_s70.B37
Reading graphs...
70 : 105
70 : 105
Initializing...
maxdom : 9
D->valSize : 297
Solving...
Blb : 3 (clique : 26)
currentSize : 26 <-- 0.002696 s
currentSize : 27 <-- 0.432880 s
currentSize : 28 <-- 1.857896 s
currentSize : 29 <-- 8.360908 s
currentSize : 30 <-- 10.487439 s
currentSize : 31 <-- 131.498734 s

TIMEOUT
maxsize : 31
nodes : 833144194.000000
filtered : 5730693086.000000
time : 3600.000000
