Parameters: GAD=1 vflib=1 dir=1 label=1 lowerbound=1 fileNameGp=../graphsdb/mcs30/bvg/b06m/mcs30_b06m_s70.A01 fileNameGt=../graphsdb/mcs30/bvg/b06m/mcs30_b06m_s70.B01
Reading graphs...
70 : 210
70 : 210
Initializing...
maxdom : 8
D->valSize : 318
Solving...
Blb : 2 (clique : 19)
currentSize : 19 <-- 0.002732 s
currentSize : 20 <-- 0.008596 s
currentSize : 21 <-- 0.029311 s
currentSize : 22 <-- 13.313314 s
currentSize : 23 <-- 47.466183 s
currentSize : 24 <-- 113.462387 s
currentSize : 25 <-- 181.663788 s
currentSize : 26 <-- 181.812805 s
currentSize : 27 <-- 511.603027 s

maxsize : 27
nodes : 132168470.000000
filtered : 1129133938.000000
time : 634.411438
