Parameters: GAD=1 vflib=1 dir=1 label=1 lowerbound=1 fileNameGp=../graphsdb/mcs30/m3D/m3Dr6/mcs30_m3Dr6_s80.A28 fileNameGt=../graphsdb/mcs30/m3D/m3Dr6/mcs30_m3Dr6_s80.B28
Reading graphs...
80 : 232
80 : 232
Initializing...
maxdom : 13
D->valSize : 408
Solving...
Blb : 2 (clique : 23)
currentSize : 23 <-- 0.004018 s
currentSize : 26 <-- 0.004194 s
currentSize : 27 <-- 0.004284 s
currentSize : 28 <-- 0.009175 s
currentSize : 29 <-- 0.024188 s
currentSize : 30 <-- 0.306263 s
currentSize : 31 <-- 0.495450 s
currentSize : 32 <-- 1.289984 s
currentSize : 33 <-- 1.899391 s

TIMEOUT
maxsize : 33
nodes : 674001826.000000
filtered : 6260392157.000000
time : 3600.000000
