Parameters: GAD=1 vflib=1 dir=1 label=1 lowerbound=1 fileNameGp=../graphsdb/mcs30/bvg/b09/mcs30_b09_s70.A45 fileNameGt=../graphsdb/mcs30/bvg/b09/mcs30_b09_s70.B45
Reading graphs...
70 : 315
70 : 315
Initializing...
maxdom : 9
D->valSize : 295
Solving...
Blb : 3 (clique : 17)
currentSize : 17 <-- 0.002460 s
currentSize : 18 <-- 0.006726 s
currentSize : 19 <-- 0.123002 s
currentSize : 20 <-- 1.494429 s
currentSize : 21 <-- 1.497225 s
currentSize : 22 <-- 20.422108 s
currentSize : 23 <-- 43.031311 s

maxsize : 23
nodes : 10253841.000000
filtered : 110295295.000000
time : 49.844273
