Parameters: GAD=1 vflib=1 dir=1 label=1 lowerbound=1 fileNameGp=../graphsdb/mcs30/rand/r005/mcs30_r005_s80.A67 fileNameGt=../graphsdb/mcs30/rand/r005/mcs30_r005_s80.B67
Reading graphs...
80 : 315
80 : 315
Initializing...
maxdom : 9
D->valSize : 395
Solving...
Blb : 2 (clique : 21)
currentSize : 21 <-- 0.005928 s
currentSize : 22 <-- 0.006300 s
currentSize : 23 <-- 0.298553 s
currentSize : 24 <-- 3.158147 s
currentSize : 25 <-- 34.330982 s
currentSize : 26 <-- 157.050003 s
currentSize : 27 <-- 1111.596069 s

TIMEOUT
maxsize : 27
nodes : 671079015.000000
filtered : 6966868386.000000
time : 3600.000000
