Parameters: GAD=1 vflib=1 dir=1 label=1 lowerbound=1 fileNameGp=../graphsdb/mcs30/bvg/b09m/mcs30_b09m_s90.A56 fileNameGt=../graphsdb/mcs30/bvg/b09m/mcs30_b09m_s90.B56
Reading graphs...
90 : 405
90 : 405
Initializing...
maxdom : 9
D->valSize : 535
Solving...
Blb : 2 (clique : 24)
currentSize : 24 <-- 0.005924 s
currentSize : 25 <-- 8.503074 s
currentSize : 26 <-- 13.472502 s
currentSize : 27 <-- 232.670761 s
currentSize : 28 <-- 423.961517 s
currentSize : 29 <-- 423.961792 s
currentSize : 30 <-- 423.962830 s
currentSize : 31 <-- 841.241333 s

TIMEOUT
maxsize : 31
nodes : 575304170.000000
filtered : 8104180624.000000
time : 3600.000000
