Parameters: GAD=1 vflib=1 dir=1 label=1 lowerbound=1 fileNameGp=../graphsdb/mcs30/bvg/b09/mcs30_b09_s70.A33 fileNameGt=../graphsdb/mcs30/bvg/b09/mcs30_b09_s70.B33
Reading graphs...
70 : 315
70 : 315
Initializing...
maxdom : 8
D->valSize : 327
Solving...
Blb : 3 (clique : 20)
currentSize : 20 <-- 0.002705 s
currentSize : 21 <-- 0.551197 s
currentSize : 22 <-- 1.226221 s
currentSize : 23 <-- 3.147669 s
currentSize : 24 <-- 78.594269 s

maxsize : 24
nodes : 44880209.000000
filtered : 510214367.000000
time : 231.440002
