Parameters: GAD=1 vflib=1 dir=1 label=1 lowerbound=1 fileNameGp=../graphsdb/mcs30/m2D/m2Dr6/mcs30_m2Dr6_s60.A33 fileNameGt=../graphsdb/mcs30/m2D/m2Dr6/mcs30_m2Dr6_s60.B33
Reading graphs...
60 : 140
60 : 139
Initializing...
maxdom : 8
D->valSize : 239
Solving...
Blb : 3 (clique : 19)
currentSize : 19 <-- 0.002714 s
currentSize : 20 <-- 0.507113 s
currentSize : 21 <-- 0.777301 s
currentSize : 22 <-- 1.399325 s
currentSize : 23 <-- 4.262824 s
currentSize : 24 <-- 76.646500 s
currentSize : 25 <-- 98.267494 s

maxsize : 25
nodes : 27027215.000000
filtered : 197654810.000000
time : 112.139046
