Parameters: GAD=1 vflib=1 dir=1 label=1 lowerbound=1 fileNameGp=../graphsdb/mcs30/rand/r02/mcs30_r02_s30.A20 fileNameGt=../graphsdb/mcs30/rand/r02/mcs30_r02_s30.B20
Reading graphs...
30 : 173
30 : 173
Initializing...
maxdom : 9
D->valSize : 123
Solving...
Blb : 2 (clique : 5)
currentSize : 5 <-- 0.000672 s
currentSize : 6 <-- 0.000709 s
currentSize : 7 <-- 0.000724 s
currentSize : 8 <-- 0.003112 s
currentSize : 9 <-- 0.003771 s

maxsize : 9
nodes : 1401.000000
filtered : 16419.000000
time : 0.005276
