Parameters: GAD=1 vflib=1 dir=1 label=1 lowerbound=1 fileNameGp=../graphsdb/mcs30/m4D/m4Dr6/mcs30_m4Dr6_s90.A80 fileNameGt=../graphsdb/mcs30/m4D/m4Dr6/mcs30_m4Dr6_s90.B80
Reading graphs...
90 : 200
90 : 199
Initializing...
maxdom : 9
D->valSize : 517
Solving...
Blb : 2 (clique : 29)
currentSize : 29 <-- 0.005792 s
currentSize : 30 <-- 0.013040 s
currentSize : 31 <-- 0.026773 s
currentSize : 32 <-- 0.037045 s
currentSize : 33 <-- 41.843384 s
currentSize : 34 <-- 41.844398 s
currentSize : 35 <-- 80.393013 s
currentSize : 36 <-- 592.328003 s

TIMEOUT
maxsize : 36
nodes : 684107435.000000
filtered : 4616632921.000000
time : 3600.000000
