Parameters: GAD=1 vflib=1 dir=1 label=1 lowerbound=1 fileNameGp=../graphsdb/mcs30/m2D/m2Dr6/mcs30_m2Dr6_s50.A95 fileNameGt=../graphsdb/mcs30/m2D/m2Dr6/mcs30_m2Dr6_s50.B95
Reading graphs...
50 : 115
50 : 115
Initializing...
maxdom : 9
D->valSize : 315
Solving...
Blb : 5 (clique : 15)
currentSize : 15 <-- 0.003555 s
currentSize : 16 <-- 0.071032 s
currentSize : 17 <-- 2.068800 s
currentSize : 18 <-- 2.459832 s
currentSize : 19 <-- 5.118586 s
currentSize : 20 <-- 23.923672 s
currentSize : 21 <-- 23.924036 s
currentSize : 22 <-- 24.178761 s

maxsize : 22
nodes : 39498700.000000
filtered : 434982983.000000
time : 170.629730
