Parameters: GAD=1 vflib=1 dir=1 label=1 lowerbound=1 fileNameGp=../graphsdb/mcs30/bvg/b09m/mcs30_b09m_s80.A96 fileNameGt=../graphsdb/mcs30/bvg/b09m/mcs30_b09m_s80.B96
Reading graphs...
80 : 360
80 : 360
Initializing...
maxdom : 8
D->valSize : 447
Solving...
Blb : 2 (clique : 17)
currentSize : 17 <-- 0.006937 s
currentSize : 18 <-- 0.007197 s
currentSize : 19 <-- 0.007295 s
currentSize : 20 <-- 0.009223 s
currentSize : 21 <-- 0.011064 s
currentSize : 22 <-- 0.034183 s
currentSize : 23 <-- 0.078243 s
currentSize : 24 <-- 0.140902 s
currentSize : 26 <-- 418.939880 s
currentSize : 27 <-- 420.521454 s

TIMEOUT
maxsize : 27
nodes : 611242080.000000
filtered : 9023846262.000000
time : 3600.000000
