Parameters: GAD=1 vflib=1 dir=1 label=1 lowerbound=1 fileNameGp=../graphsdb/mcs30/bvg/b06m/mcs30_b06m_s40.A54 fileNameGt=../graphsdb/mcs30/bvg/b06m/mcs30_b06m_s40.B54
Reading graphs...
40 : 120
40 : 120
Initializing...
maxdom : 7
D->valSize : 201
Solving...
Blb : 2 (clique : 11)
currentSize : 11 <-- 0.001708 s
currentSize : 12 <-- 0.010122 s
currentSize : 13 <-- 0.012705 s
currentSize : 14 <-- 0.012878 s
currentSize : 15 <-- 0.012927 s
currentSize : 16 <-- 0.116024 s
currentSize : 17 <-- 0.272673 s

maxsize : 17
nodes : 165871.000000
filtered : 1673746.000000
time : 0.809290
