Parameters: GAD=1 vflib=1 dir=1 label=1 lowerbound=1 fileNameGp=../graphsdb/mcs30/rand/r01/mcs30_r01_s90.A75 fileNameGt=../graphsdb/mcs30/rand/r01/mcs30_r01_s90.B75
Reading graphs...
90 : 800
90 : 800
Initializing...
maxdom : 11
D->valSize : 559
Solving...
Blb : 2 (clique : 13)
currentSize : 13 <-- 0.006192 s
currentSize : 14 <-- 0.006356 s
currentSize : 15 <-- 0.011871 s
currentSize : 16 <-- 0.237642 s
currentSize : 17 <-- 0.399382 s
currentSize : 19 <-- 0.891609 s
currentSize : 20 <-- 0.892006 s
currentSize : 21 <-- 1.953665 s
currentSize : 22 <-- 4.963524 s
currentSize : 23 <-- 68.858299 s
currentSize : 24 <-- 68.858467 s
currentSize : 25 <-- 68.858772 s
currentSize : 27 <-- 68.858841 s

maxsize : 27
nodes : 15032418.000000
filtered : 324999276.000000
time : 101.302063
