Parameters: GAD=1 vflib=1 dir=1 label=1 lowerbound=1 fileNameGp=../graphsdb/mcs30/rand/r01/mcs30_r01_s90.A54 fileNameGt=../graphsdb/mcs30/rand/r01/mcs30_r01_s90.B54
Reading graphs...
90 : 800
90 : 800
Initializing...
maxdom : 12
D->valSize : 579
Solving...
Blb : 2 (clique : 14)
currentSize : 14 <-- 0.006618 s
currentSize : 15 <-- 0.006805 s
currentSize : 17 <-- 0.051473 s
currentSize : 18 <-- 0.057034 s
currentSize : 19 <-- 0.949496 s
currentSize : 20 <-- 2.113071 s
currentSize : 21 <-- 5.194109 s
currentSize : 23 <-- 8.473563 s
currentSize : 24 <-- 33.073814 s
currentSize : 27 <-- 92.001923 s

maxsize : 27
nodes : 14696519.000000
filtered : 341007318.000000
time : 102.400826
