Parameters: GAD=1 vflib=1 dir=1 label=1 lowerbound=1 fileNameGp=../graphsdb/mcs30/m2D/m2D/mcs30_m2D_s60.A94 fileNameGt=../graphsdb/mcs30/m2D/m2D/mcs30_m2D_s60.B94
Reading graphs...
60 : 104
60 : 104
Initializing...
maxdom : 7
D->valSize : 255
Solving...
Blb : 5 (clique : 21)
currentSize : 21 <-- 0.001924 s
currentSize : 22 <-- 0.015000 s
currentSize : 23 <-- 0.018544 s
currentSize : 24 <-- 0.196857 s
currentSize : 25 <-- 0.205871 s
currentSize : 26 <-- 28.457535 s
currentSize : 27 <-- 741.529053 s

maxsize : 27
nodes : 654788976.000000
filtered : 5357019093.000000
time : 2791.982178
