Parameters: GAD=1 vflib=1 dir=1 label=1 lowerbound=1 fileNameGp=../graphsdb/mcs30/m3D/m3Dr2/mcs30_m3Dr2_s40.A94 fileNameGt=../graphsdb/mcs30/m3D/m3Dr2/mcs30_m3Dr2_s40.B94
Reading graphs...
40 : 92
40 : 92
Initializing...
maxdom : 8
D->valSize : 203
Solving...
Blb : 2 (clique : 13)
currentSize : 13 <-- 0.001774 s
currentSize : 14 <-- 0.003106 s
currentSize : 15 <-- 0.018706 s
currentSize : 16 <-- 0.018873 s
currentSize : 17 <-- 2.679956 s

maxsize : 17
nodes : 1471414.000000
filtered : 12883714.000000
time : 5.409260
