Parameters: GAD=1 vflib=1 dir=1 label=1 lowerbound=1 fileNameGp=../graphsdb/mcs30/rand/r005/mcs30_r005_s60.A59 fileNameGt=../graphsdb/mcs30/rand/r005/mcs30_r005_s60.B59
Reading graphs...
60 : 179
60 : 179
Initializing...
maxdom : 7
D->valSize : 254
Solving...
Blb : 2 (clique : 17)
currentSize : 17 <-- 0.001963 s
currentSize : 18 <-- 0.003477 s
currentSize : 19 <-- 0.006115 s
currentSize : 20 <-- 0.100427 s
currentSize : 21 <-- 0.226271 s

maxsize : 21
nodes : 75831726.000000
filtered : 630016440.000000
time : 328.280853
