Parameters: GAD=1 vflib=1 dir=1 label=1 lowerbound=1 fileNameGp=../graphsdb/mcs30/rand/r02/mcs30_r02_s80.A26 fileNameGt=../graphsdb/mcs30/rand/r02/mcs30_r02_s80.B26
Reading graphs...
80 : 1263
80 : 1263
Initializing...
maxdom : 9
D->valSize : 434
Solving...
Blb : 2 (clique : 8)
currentSize : 8 <-- 0.004011 s
currentSize : 9 <-- 0.004121 s
currentSize : 10 <-- 0.004368 s
currentSize : 11 <-- 0.008206 s
currentSize : 12 <-- 0.010749 s
currentSize : 13 <-- 0.011139 s
currentSize : 17 <-- 0.014021 s
currentSize : 19 <-- 0.115579 s
currentSize : 24 <-- 0.147738 s

maxsize : 24
nodes : 33755.000000
filtered : 918008.000000
time : 0.223751
