Parameters: GAD=1 vflib=1 dir=1 label=1 lowerbound=1 fileNameGp=../graphsdb/mcs30/bvg/b09/mcs30_b09_s70.A77 fileNameGt=../graphsdb/mcs30/bvg/b09/mcs30_b09_s70.B77
Reading graphs...
70 : 315
70 : 315
Initializing...
maxdom : 8
D->valSize : 345
Solving...
Blb : 3 (clique : 19)
currentSize : 19 <-- 0.002895 s
currentSize : 20 <-- 0.003201 s
currentSize : 21 <-- 0.171390 s
currentSize : 22 <-- 0.225353 s
currentSize : 23 <-- 4.067162 s
currentSize : 24 <-- 97.172577 s

maxsize : 24
nodes : 24788348.000000
filtered : 344311984.000000
time : 127.770393
