Parameters: GAD=1 vflib=1 dir=1 label=1 lowerbound=1 fileNameGp=../graphsdb/mcs30/bvg/b09/mcs30_b09_s90.A16 fileNameGt=../graphsdb/mcs30/bvg/b09/mcs30_b09_s90.B16
Reading graphs...
90 : 405
90 : 405
Initializing...
maxdom : 12
D->valSize : 540
Solving...
Blb : 3 (clique : 21)
currentSize : 21 <-- 0.006026 s
currentSize : 22 <-- 0.015363 s
currentSize : 23 <-- 0.102073 s
currentSize : 24 <-- 62.930065 s
currentSize : 25 <-- 777.520264 s
currentSize : 26 <-- 3415.856201 s

TIMEOUT
maxsize : 26
nodes : 666023430.000000
filtered : 6490952530.000000
time : 3600.000000
