Parameters: GAD=1 vflib=1 dir=1 label=1 lowerbound=1 fileNameGp=../graphsdb/mcs30/m2D/m2Dr6/mcs30_m2Dr6_s60.A63 fileNameGt=../graphsdb/mcs30/m2D/m2Dr6/mcs30_m2Dr6_s60.B63
Reading graphs...
60 : 140
60 : 139
Initializing...
maxdom : 8
D->valSize : 235
Solving...
Blb : 2 (clique : 20)
currentSize : 20 <-- 0.001866 s
currentSize : 21 <-- 0.106873 s
currentSize : 22 <-- 0.367496 s
currentSize : 23 <-- 1.104998 s
currentSize : 24 <-- 105.300095 s

maxsize : 24
nodes : 108843653.000000
filtered : 751233976.000000
time : 467.460297
