Parameters: GAD=1 vflib=1 dir=1 label=1 lowerbound=1 fileNameGp=../graphsdb/mcs30/rand/r005/mcs30_r005_s35.A04 fileNameGt=../graphsdb/mcs30/rand/r005/mcs30_r005_s35.B04
Reading graphs...
35 : 64
35 : 64
Initializing...
maxdom : 6
D->valSize : 152
Solving...
Blb : 5 (clique : 12)
currentSize : 12 <-- 0.000810 s
currentSize : 13 <-- 0.004199 s
currentSize : 14 <-- 0.008019 s
currentSize : 15 <-- 0.011532 s
currentSize : 16 <-- 0.065251 s

maxsize : 16
nodes : 87255.000000
filtered : 823475.000000
time : 0.300012
