Parameters: GAD=1 vflib=1 dir=1 label=1 lowerbound=1 fileNameGp=../graphsdb/mcs30/m4D/m4Dr2/mcs30_m4Dr2_s60.A58 fileNameGt=../graphsdb/mcs30/m4D/m4Dr2/mcs30_m4Dr2_s60.B58
Reading graphs...
60 : 114
60 : 113
Initializing...
maxdom : 8
D->valSize : 260
Solving...
Blb : 2 (clique : 23)
currentSize : 23 <-- 0.002997 s
currentSize : 24 <-- 0.045261 s
currentSize : 25 <-- 0.100786 s
currentSize : 26 <-- 0.154395 s
currentSize : 27 <-- 11.866696 s

maxsize : 27
nodes : 203209917.000000
filtered : 1715444929.000000
time : 869.620483
