Parameters: GAD=1 vflib=1 dir=1 label=1 lowerbound=1 fileNameGp=../graphsdb/mcs30/m4D/m4Dr2/mcs30_m4Dr2_s80.A23 fileNameGt=../graphsdb/mcs30/m4D/m4Dr2/mcs30_m4Dr2_s80.B23
Reading graphs...
80 : 147
80 : 147
Initializing...
maxdom : 9
D->valSize : 420
Solving...
Blb : 5 (clique : 28)
currentSize : 28 <-- 0.004194 s
currentSize : 29 <-- 0.080942 s
currentSize : 30 <-- 0.102727 s
currentSize : 31 <-- 4.205542 s
currentSize : 32 <-- 140.735352 s
currentSize : 33 <-- 286.348389 s
currentSize : 34 <-- 293.591461 s

TIMEOUT
maxsize : 34
nodes : 789210078.000000
filtered : 4328936571.000000
time : 3600.000000
