Parameters: GAD=1 vflib=1 dir=1 label=1 lowerbound=1 fileNameGp=../graphsdb/mcs30/m2D/m2Dr2/mcs30_m2Dr2_s100.A74 fileNameGt=../graphsdb/mcs30/m2D/m2Dr2/mcs30_m2Dr2_s100.B74
Reading graphs...
100 : 200
100 : 199
Initializing...
maxdom : 8
D->valSize : 333
Solving...
Blb : 2 (clique : 32)
currentSize : 32 <-- 0.003446 s
currentSize : 33 <-- 0.016910 s
currentSize : 34 <-- 0.073826 s
currentSize : 35 <-- 0.158386 s
currentSize : 36 <-- 37.431301 s
currentSize : 37 <-- 176.747467 s
currentSize : 38 <-- 280.605896 s
currentSize : 39 <-- 390.498596 s
currentSize : 40 <-- 1707.867188 s

TIMEOUT
maxsize : 40
nodes : 676759395.000000
filtered : 3688277294.000000
time : 3600.000000
