Parameters: GAD=1 vflib=1 dir=1 label=1 lowerbound=1 fileNameGp=../graphsdb/mcs30/m3D/m3Dr2/mcs30_m3Dr2_s80.A08 fileNameGt=../graphsdb/mcs30/m3D/m3Dr2/mcs30_m3Dr2_s80.B08
Reading graphs...
80 : 200
80 : 200
Initializing...
maxdom : 8
D->valSize : 422
Solving...
Blb : 2 (clique : 23)
currentSize : 23 <-- 0.004321 s
currentSize : 24 <-- 0.004570 s
currentSize : 25 <-- 0.005172 s
currentSize : 26 <-- 2.121018 s
currentSize : 27 <-- 5.837665 s
currentSize : 28 <-- 22.054350 s
currentSize : 29 <-- 152.006226 s
currentSize : 30 <-- 201.247162 s
currentSize : 31 <-- 2676.040771 s

TIMEOUT
maxsize : 31
nodes : 716014608.000000
filtered : 6032861261.000000
time : 3600.000000
