Parameters: GAD=1 vflib=1 dir=1 label=1 lowerbound=1 fileNameGp=../graphsdb/mcs30/bvg/b03m/mcs30_b03m_s80.A25 fileNameGt=../graphsdb/mcs30/bvg/b03m/mcs30_b03m_s80.B25
Reading graphs...
80 : 120
80 : 120
Initializing...
maxdom : 9
D->valSize : 417
Solving...
Blb : 2 (clique : 32)
currentSize : 32 <-- 0.004051 s
currentSize : 33 <-- 0.004322 s
currentSize : 34 <-- 0.004419 s
currentSize : 35 <-- 0.058228 s
currentSize : 36 <-- 277.657745 s
currentSize : 37 <-- 278.015503 s

TIMEOUT
maxsize : 37
nodes : 698250172.000000
filtered : 5049333222.000000
time : 3600.000000
