Parameters: GAD=1 vflib=1 dir=1 label=1 lowerbound=1 fileNameGp=../graphsdb/mcs30/m3D/m3Dr6/mcs30_m3Dr6_s80.A49 fileNameGt=../graphsdb/mcs30/m3D/m3Dr6/mcs30_m3Dr6_s80.B49
Reading graphs...
80 : 232
80 : 229
Initializing...
maxdom : 9
D->valSize : 406
Solving...
Blb : 2 (clique : 24)
currentSize : 24 <-- 0.004052 s
currentSize : 26 <-- 0.005069 s
currentSize : 27 <-- 0.005153 s
currentSize : 28 <-- 0.014114 s
currentSize : 30 <-- 0.065889 s
currentSize : 31 <-- 0.069257 s
currentSize : 32 <-- 24.823132 s

TIMEOUT
maxsize : 32
nodes : 627333988.000000
filtered : 6516017169.000000
time : 3600.000000
