Parameters: GAD=1 vflib=1 dir=1 label=1 lowerbound=1 fileNameGp=../graphsdb/mcs30/m3D/m3Dr6/mcs30_m3Dr6_s40.A93 fileNameGt=../graphsdb/mcs30/m3D/m3Dr6/mcs30_m3Dr6_s40.B93
Reading graphs...
40 : 108
40 : 107
Initializing...
maxdom : 7
D->valSize : 214
Solving...
Blb : 2 (clique : 11)
currentSize : 11 <-- 0.001867 s
currentSize : 12 <-- 0.003271 s
currentSize : 13 <-- 0.004582 s
currentSize : 14 <-- 0.032634 s
currentSize : 15 <-- 0.059148 s
currentSize : 16 <-- 0.238313 s

maxsize : 16
nodes : 799744.000000
filtered : 10833879.000000
time : 3.865427
