Parameters: GAD=1 vflib=1 dir=1 label=1 lowerbound=1 fileNameGp=../graphsdb/mcs30/bvg/b06/mcs30_b06_s60.A05 fileNameGt=../graphsdb/mcs30/bvg/b06/mcs30_b06_s60.B05
Reading graphs...
60 : 180
60 : 180
Initializing...
maxdom : 8
D->valSize : 215
Solving...
Blb : 2 (clique : 16)
currentSize : 16 <-- 0.001575 s
currentSize : 17 <-- 0.037108 s
currentSize : 18 <-- 0.419812 s
currentSize : 19 <-- 0.508997 s
currentSize : 20 <-- 0.531641 s
currentSize : 21 <-- 1.743931 s
currentSize : 22 <-- 4.979012 s

maxsize : 22
nodes : 4340800.000000
filtered : 31257918.000000
time : 18.464533
