Parameters: GAD=1 vflib=1 dir=1 label=1 lowerbound=1 fileNameGp=../graphsdb/mcs30/bvg/b03m/mcs30_b03m_s70.A89 fileNameGt=../graphsdb/mcs30/bvg/b03m/mcs30_b03m_s70.B89
Reading graphs...
70 : 105
70 : 105
Initializing...
maxdom : 9
D->valSize : 315
Solving...
Blb : 2 (clique : 27)
currentSize : 27 <-- 0.002696 s
currentSize : 28 <-- 1.497000 s
currentSize : 29 <-- 10.115854 s
currentSize : 30 <-- 10.566321 s
currentSize : 31 <-- 1313.781250 s
currentSize : 32 <-- 2846.486816 s

TIMEOUT
maxsize : 32
nodes : 820408457.000000
filtered : 4834525891.000000
time : 3600.000000
