Parameters: GAD=1 vflib=1 dir=1 label=1 lowerbound=1 fileNameGp=../graphsdb/mcs30/rand/r01/mcs30_r01_s50.A03 fileNameGt=../graphsdb/mcs30/rand/r01/mcs30_r01_s50.B03
Reading graphs...
50 : 244
50 : 244
Initializing...
maxdom : 12
D->valSize : 302
Solving...
Blb : 2 (clique : 9)
currentSize : 9 <-- 0.003142 s
currentSize : 11 <-- 0.003238 s
currentSize : 12 <-- 0.005295 s
currentSize : 13 <-- 0.028581 s
currentSize : 14 <-- 0.693922 s
currentSize : 15 <-- 1.492005 s

maxsize : 15
nodes : 508180.000000
filtered : 8600254.000000
time : 2.502617
