Parameters: GAD=1 vflib=1 dir=1 label=1 lowerbound=1 fileNameGp=../graphsdb/mcs30/m2D/m2Dr2/mcs30_m2Dr2_s80.A51 fileNameGt=../graphsdb/mcs30/m2D/m2Dr2/mcs30_m2Dr2_s80.B51
Reading graphs...
80 : 158
80 : 158
Initializing...
maxdom : 10
D->valSize : 436
Solving...
Blb : 2 (clique : 26)
currentSize : 26 <-- 0.004612 s
currentSize : 27 <-- 0.031865 s
currentSize : 28 <-- 0.064829 s
currentSize : 29 <-- 1.040685 s
currentSize : 30 <-- 118.425560 s
currentSize : 31 <-- 118.438972 s
currentSize : 32 <-- 184.998489 s
currentSize : 33 <-- 3145.934082 s

TIMEOUT
maxsize : 33
nodes : 650339464.000000
filtered : 5415309523.000000
time : 3600.000000
