Parameters: GAD=1 vflib=1 dir=1 label=1 lowerbound=1 fileNameGp=../graphsdb/mcs30/m4D/m4D/mcs30_m4D_s80.A05 fileNameGt=../graphsdb/mcs30/m4D/m4D/mcs30_m4D_s80.B05
Reading graphs...
80 : 131
80 : 131
Initializing...
maxdom : 10
D->valSize : 439
Solving...
Blb : 2 (clique : 31)
currentSize : 31 <-- 0.007483 s
currentSize : 32 <-- 0.012076 s
currentSize : 33 <-- 0.019155 s
currentSize : 34 <-- 0.030038 s
currentSize : 35 <-- 1.136673 s
currentSize : 36 <-- 112.726135 s
currentSize : 37 <-- 530.934265 s

TIMEOUT
maxsize : 37
nodes : 750842409.000000
filtered : 5343172224.000000
time : 3600.000000
