Parameters: GAD=1 vflib=1 dir=1 label=1 lowerbound=1 fileNameGp=../graphsdb/mcs30/m2D/m2Dr4/mcs30_m2Dr4_s50.A70 fileNameGt=../graphsdb/mcs30/m2D/m2Dr4/mcs30_m2Dr4_s50.B70
Reading graphs...
50 : 105
50 : 104
Initializing...
maxdom : 9
D->valSize : 319
Solving...
Blb : 2 (clique : 17)
currentSize : 17 <-- 0.002262 s
currentSize : 18 <-- 0.004255 s
currentSize : 19 <-- 0.750972 s
currentSize : 20 <-- 4.423921 s
currentSize : 21 <-- 60.123463 s
currentSize : 22 <-- 151.306686 s
currentSize : 23 <-- 321.397522 s

maxsize : 23
nodes : 147016736.000000
filtered : 1791282821.000000
time : 674.692566
