Parameters: GAD=1 vflib=1 dir=1 label=1 lowerbound=1 fileNameGp=../graphsdb/mcs30/m4D/m4Dr6/mcs30_m4Dr6_s70.A83 fileNameGt=../graphsdb/mcs30/m4D/m4Dr6/mcs30_m4Dr6_s70.B83
Reading graphs...
70 : 160
70 : 157
Initializing...
maxdom : 7
D->valSize : 311
Solving...
Blb : 2 (clique : 21)
currentSize : 21 <-- 0.002630 s
currentSize : 22 <-- 0.044564 s
currentSize : 23 <-- 0.044588 s
currentSize : 24 <-- 0.044710 s
currentSize : 25 <-- 0.092846 s
currentSize : 26 <-- 0.594865 s
currentSize : 27 <-- 0.621007 s

TIMEOUT
maxsize : 27
nodes : 799755597.000000
filtered : 6174014833.000000
time : 3600.000000
