Parameters: GAD=1 vflib=1 dir=1 label=1 lowerbound=1 fileNameGp=../graphsdb/mcs30/m4D/m4Dr6/mcs30_m4Dr6_s50.A63 fileNameGt=../graphsdb/mcs30/m4D/m4Dr6/mcs30_m4Dr6_s50.B63
Reading graphs...
50 : 117
50 : 116
Initializing...
maxdom : 9
D->valSize : 320
Solving...
Blb : 2 (clique : 15)
currentSize : 15 <-- 0.003697 s
currentSize : 16 <-- 0.003882 s
currentSize : 17 <-- 0.004226 s
currentSize : 18 <-- 0.189925 s
currentSize : 19 <-- 0.327218 s
currentSize : 20 <-- 0.632185 s
currentSize : 21 <-- 24.858458 s
currentSize : 22 <-- 27.778193 s
currentSize : 23 <-- 38.821770 s
currentSize : 24 <-- 92.886124 s

maxsize : 24
nodes : 25705944.000000
filtered : 293968468.000000
time : 115.290848
