Parameters: GAD=1 vflib=1 dir=1 label=1 lowerbound=1 fileNameGp=../graphsdb/mcs30/bvg/b03m/mcs30_b03m_s60.A23 fileNameGt=../graphsdb/mcs30/bvg/b03m/mcs30_b03m_s60.B23
Reading graphs...
60 : 90
60 : 90
Initializing...
maxdom : 8
D->valSize : 234
Solving...
Blb : 2 (clique : 23)
currentSize : 23 <-- 0.001887 s
currentSize : 24 <-- 0.002594 s
currentSize : 25 <-- 0.003493 s
currentSize : 26 <-- 0.006438 s
currentSize : 27 <-- 3.958670 s
currentSize : 28 <-- 4.727006 s
currentSize : 29 <-- 42.557121 s
currentSize : 30 <-- 342.590210 s

maxsize : 30
nodes : 132812355.000000
filtered : 885521450.000000
time : 534.430481
