Parameters: GAD=1 vflib=1 dir=1 label=1 lowerbound=1 fileNameGp=../graphsdb/mcs30/m2D/m2D/mcs30_m2D_s60.A93 fileNameGt=../graphsdb/mcs30/m2D/m2D/mcs30_m2D_s60.B93
Reading graphs...
60 : 104
60 : 104
Initializing...
maxdom : 6
D->valSize : 225
Solving...
Blb : 2 (clique : 20)
currentSize : 20 <-- 0.002613 s
currentSize : 21 <-- 0.003157 s
currentSize : 22 <-- 0.005367 s
currentSize : 23 <-- 0.987812 s
currentSize : 24 <-- 6.670962 s
currentSize : 25 <-- 283.116119 s
currentSize : 26 <-- 298.412567 s

maxsize : 26
nodes : 120759938.000000
filtered : 808483991.000000
time : 505.348236
