Parameters: GAD=1 vflib=1 dir=1 label=1 lowerbound=1 fileNameGp=../graphsdb/mcs30/m2D/m2Dr2/mcs30_m2Dr2_s100.A80 fileNameGt=../graphsdb/mcs30/m2D/m2Dr2/mcs30_m2Dr2_s100.B80
Reading graphs...
100 : 200
100 : 200
Initializing...
maxdom : 6
D->valSize : 335
Solving...
Blb : 2 (clique : 33)
currentSize : 33 <-- 0.003473 s
currentSize : 34 <-- 0.005585 s
currentSize : 35 <-- 1.749438 s
currentSize : 36 <-- 2.152838 s
currentSize : 37 <-- 10.378590 s
currentSize : 38 <-- 662.964905 s
currentSize : 39 <-- 2181.906738 s

TIMEOUT
maxsize : 39
nodes : 714920337.000000
filtered : 3240657960.000000
time : 3600.000000
