Parameters: GAD=1 vflib=1 dir=1 label=1 lowerbound=1 fileNameGp=../graphsdb/mcs30/m4D/m4Dr6/mcs30_m4Dr6_s70.A42 fileNameGt=../graphsdb/mcs30/m4D/m4Dr6/mcs30_m4Dr6_s70.B42
Reading graphs...
70 : 160
70 : 157
Initializing...
maxdom : 11
D->valSize : 302
Solving...
Blb : 2 (clique : 22)
currentSize : 22 <-- 0.002618 s
currentSize : 23 <-- 0.005048 s
currentSize : 24 <-- 0.310390 s
currentSize : 25 <-- 22.726528 s
currentSize : 26 <-- 40.931492 s
currentSize : 27 <-- 65.007530 s
currentSize : 28 <-- 156.274765 s
currentSize : 29 <-- 179.448929 s

maxsize : 29
nodes : 488036414.000000
filtered : 4917778891.000000
time : 2456.975830
