Parameters: GAD=1 vflib=1 dir=1 label=1 lowerbound=1 fileNameGp=../graphsdb/mcs30/m2D/m2Dr2/mcs30_m2Dr2_s100.A57 fileNameGt=../graphsdb/mcs30/m2D/m2Dr2/mcs30_m2Dr2_s100.B57
Reading graphs...
100 : 200
100 : 199
Initializing...
maxdom : 7
D->valSize : 343
Solving...
Blb : 2 (clique : 32)
currentSize : 32 <-- 0.005647 s
currentSize : 33 <-- 0.023033 s
currentSize : 34 <-- 0.024187 s
currentSize : 35 <-- 10.235090 s
currentSize : 36 <-- 26.871964 s
currentSize : 37 <-- 1521.901611 s

TIMEOUT
maxsize : 37
nodes : 724652260.000000
filtered : 3000105697.000000
time : 3600.000000
