Parameters: GAD=1 vflib=1 dir=1 label=1 lowerbound=1 fileNameGp=../graphsdb/mcs30/rand/r005/mcs30_r005_s100.A45 fileNameGt=../graphsdb/mcs30/rand/r005/mcs30_r005_s100.B45
Reading graphs...
100 : 494
100 : 494
Initializing...
maxdom : 6
D->valSize : 343
Solving...
Blb : 2 (clique : 20)
currentSize : 20 <-- 0.003468 s
currentSize : 21 <-- 0.003691 s
currentSize : 22 <-- 0.005677 s
currentSize : 23 <-- 0.008661 s
currentSize : 25 <-- 0.030999 s
currentSize : 26 <-- 2.090446 s
currentSize : 27 <-- 5.464566 s
currentSize : 28 <-- 11.801492 s
currentSize : 29 <-- 11.801669 s
currentSize : 30 <-- 322.653381 s
currentSize : 31 <-- 406.636902 s
currentSize : 32 <-- 406.637115 s
currentSize : 33 <-- 408.474152 s

maxsize : 33
nodes : 295090146.000000
filtered : 2582566825.000000
time : 1811.666260
