Parameters: GAD=1 vflib=1 dir=1 label=1 lowerbound=1 fileNameGp=../graphsdb/mcs30/m3D/m3Dr4/mcs30_m3Dr4_s100.A51 fileNameGt=../graphsdb/mcs30/m3D/m3Dr4/mcs30_m3Dr4_s100.B51
Reading graphs...
100 : 275
100 : 274
Initializing...
maxdom : 6
D->valSize : 314
Solving...
Blb : 2 (clique : 28)
currentSize : 28 <-- 0.003018 s
currentSize : 29 <-- 0.003310 s
currentSize : 30 <-- 0.003620 s
currentSize : 31 <-- 2.311295 s
currentSize : 32 <-- 4.304111 s
currentSize : 33 <-- 1508.455200 s

TIMEOUT
maxsize : 33
nodes : 730484614.000000
filtered : 2836183562.000000
time : 3600.000000
