Parameters: GAD=1 vflib=1 dir=1 label=1 lowerbound=1 fileNameGp=../graphsdb/mcs30/bvg/b09m/mcs30_b09m_s100.A48 fileNameGt=../graphsdb/mcs30/bvg/b09m/mcs30_b09m_s100.B48
Reading graphs...
100 : 450
100 : 450
Initializing...
maxdom : 5
D->valSize : 328
Solving...
Blb : 3 (clique : 27)
currentSize : 27 <-- 0.003219 s
currentSize : 28 <-- 1.141219 s
currentSize : 29 <-- 335.266266 s
currentSize : 30 <-- 335.408478 s
currentSize : 31 <-- 340.903381 s
currentSize : 32 <-- 340.904022 s
currentSize : 33 <-- 341.021271 s
currentSize : 34 <-- 1109.010132 s
currentSize : 35 <-- 1473.279419 s

maxsize : 35
nodes : 545784137.000000
filtered : 2624717922.000000
time : 2955.099609
