Parameters: GAD=1 vflib=1 dir=1 label=1 lowerbound=1 fileNameGp=../graphsdb/mcs30/bvg/b09m/mcs30_b09m_s80.A13 fileNameGt=../graphsdb/mcs30/bvg/b09m/mcs30_b09m_s80.B13
Reading graphs...
80 : 360
80 : 360
Initializing...
maxdom : 8
D->valSize : 409
Solving...
Blb : 2 (clique : 18)
currentSize : 18 <-- 0.006070 s
currentSize : 19 <-- 0.006337 s
currentSize : 20 <-- 0.006375 s
currentSize : 21 <-- 0.006493 s
currentSize : 23 <-- 0.010312 s
currentSize : 24 <-- 0.010442 s
currentSize : 25 <-- 0.711676 s
currentSize : 26 <-- 0.713337 s
currentSize : 27 <-- 26.403732 s
currentSize : 28 <-- 557.565552 s

maxsize : 28
nodes : 479337028.000000
filtered : 5418047720.000000
time : 2617.330566
