Parameters: GAD=1 vflib=1 dir=1 label=1 lowerbound=1 fileNameGp=../graphsdb/mcs30/m3D/m3Dr2/mcs30_m3Dr2_s70.A37 fileNameGt=../graphsdb/mcs30/m3D/m3Dr2/mcs30_m3Dr2_s70.B37
Reading graphs...
70 : 173
70 : 173
Initializing...
maxdom : 6
D->valSize : 318
Solving...
Blb : 2 (clique : 27)
currentSize : 27 <-- 0.002615 s
currentSize : 30 <-- 0.003017 s
currentSize : 31 <-- 0.402055 s
currentSize : 32 <-- 40.819107 s
currentSize : 33 <-- 226.680115 s

maxsize : 33
nodes : 259639165.000000
filtered : 1904368911.000000
time : 1239.523071
