Parameters: GAD=1 vflib=1 dir=1 label=1 lowerbound=1 fileNameGp=../graphsdb/mcs30/bvg/b09/mcs30_b09_s50.A60 fileNameGt=../graphsdb/mcs30/bvg/b09/mcs30_b09_s50.B60
Reading graphs...
50 : 225
50 : 225
Initializing...
maxdom : 9
D->valSize : 343
Solving...
Blb : 2 (clique : 12)
currentSize : 12 <-- 0.002336 s
currentSize : 13 <-- 0.002437 s
currentSize : 14 <-- 0.012613 s
currentSize : 15 <-- 0.281882 s
currentSize : 16 <-- 2.896052 s
currentSize : 17 <-- 3.777211 s

maxsize : 17
nodes : 1999957.000000
filtered : 37267742.000000
time : 9.604610
