Parameters: GAD=1 vflib=1 dir=1 label=1 lowerbound=1 fileNameGp=../graphsdb/mcs30/bvg/b03/mcs30_b03_s60.A29 fileNameGt=../graphsdb/mcs30/bvg/b03/mcs30_b03_s60.B29
Reading graphs...
60 : 90
60 : 90
Initializing...
maxdom : 9
D->valSize : 273
Solving...
Blb : 2 (clique : 20)
currentSize : 20 <-- 0.002118 s
currentSize : 22 <-- 0.002240 s
currentSize : 23 <-- 0.002294 s
currentSize : 24 <-- 0.003137 s
currentSize : 25 <-- 0.222774 s
currentSize : 26 <-- 20.970301 s
currentSize : 27 <-- 303.864685 s

maxsize : 27
nodes : 358458000.000000
filtered : 3066908340.000000
time : 1596.521606
