Parameters: GAD=1 vflib=1 dir=1 label=1 lowerbound=1 fileNameGp=../graphsdb/mcs30/bvg/b06/mcs30_b06_s80.A44 fileNameGt=../graphsdb/mcs30/bvg/b06/mcs30_b06_s80.B44
Reading graphs...
80 : 240
80 : 240
Initializing...
maxdom : 9
D->valSize : 443
Solving...
Blb : 5 (clique : 23)
currentSize : 23 <-- 0.007155 s
currentSize : 24 <-- 0.009275 s
currentSize : 25 <-- 0.022962 s
currentSize : 26 <-- 0.140569 s
currentSize : 27 <-- 11.726314 s
currentSize : 28 <-- 140.050949 s
currentSize : 29 <-- 3157.626221 s

TIMEOUT
maxsize : 29
nodes : 685947637.000000
filtered : 7125750926.000000
time : 3600.000000
