Parameters: GAD=1 vflib=1 dir=1 label=1 lowerbound=1 fileNameGp=../graphsdb/mcs30/m2D/m2Dr4/mcs30_m2Dr4_s70.A52 fileNameGt=../graphsdb/mcs30/m2D/m2Dr4/mcs30_m2Dr4_s70.B52
Reading graphs...
70 : 151
70 : 151
Initializing...
maxdom : 7
D->valSize : 329
Solving...
Blb : 2 (clique : 25)
currentSize : 25 <-- 0.002767 s
currentSize : 26 <-- 0.002950 s
currentSize : 27 <-- 0.003036 s
currentSize : 28 <-- 0.010543 s
currentSize : 29 <-- 0.355136 s
currentSize : 30 <-- 0.364628 s
currentSize : 31 <-- 0.488641 s
currentSize : 32 <-- 1.061156 s
currentSize : 33 <-- 3139.248291 s

TIMEOUT
maxsize : 33
nodes : 672003218.000000
filtered : 7764598754.000000
time : 3600.000000
