Parameters: GAD=1 vflib=1 dir=1 label=1 lowerbound=1 fileNameGp=../graphsdb/mcs30/bvg/b06m/mcs30_b06m_s35.A55 fileNameGt=../graphsdb/mcs30/bvg/b06m/mcs30_b06m_s35.B55
Reading graphs...
35 : 105
35 : 105
Initializing...
maxdom : 9
D->valSize : 166
Solving...
Blb : 2 (clique : 9)
currentSize : 9 <-- 0.000840 s
currentSize : 10 <-- 0.001222 s
currentSize : 11 <-- 0.003803 s
currentSize : 12 <-- 0.021800 s
currentSize : 13 <-- 0.071452 s
currentSize : 14 <-- 0.127545 s

maxsize : 14
nodes : 37375.000000
filtered : 388003.000000
time : 0.136626
