Parameters: GAD=1 vflib=1 dir=1 label=1 lowerbound=1 fileNameGp=../graphsdb/mcs30/bvg/b09/mcs30_b09_s50.A52 fileNameGt=../graphsdb/mcs30/bvg/b09/mcs30_b09_s50.B52
Reading graphs...
50 : 225
50 : 225
Initializing...
maxdom : 12
D->valSize : 331
Solving...
Blb : 3 (clique : 12)
currentSize : 12 <-- 0.003655 s
currentSize : 13 <-- 0.050811 s
currentSize : 14 <-- 0.073932 s
currentSize : 15 <-- 0.417525 s
currentSize : 16 <-- 1.009789 s
currentSize : 17 <-- 6.118175 s

maxsize : 17
nodes : 2319003.000000
filtered : 37569414.000000
time : 11.312244
