Parameters: GAD=1 vflib=1 dir=1 label=1 lowerbound=1 fileNameGp=../graphsdb/mcs30/m2D/m2Dr4/mcs30_m2Dr4_s50.A13 fileNameGt=../graphsdb/mcs30/m2D/m2Dr4/mcs30_m2Dr4_s50.B13
Reading graphs...
50 : 105
50 : 105
Initializing...
maxdom : 11
D->valSize : 344
Solving...
Blb : 3 (clique : 19)
currentSize : 19 <-- 0.002608 s
currentSize : 20 <-- 2.033905 s
currentSize : 21 <-- 7.055431 s
currentSize : 22 <-- 55.066296 s
currentSize : 23 <-- 74.752823 s

maxsize : 23
nodes : 28827267.000000
filtered : 377674286.000000
time : 131.915222
