Parameters: GAD=1 vflib=1 dir=1 label=1 lowerbound=1 fileNameGp=../graphsdb/mcs30/bvg/b06m/mcs30_b06m_s80.A07 fileNameGt=../graphsdb/mcs30/bvg/b06m/mcs30_b06m_s80.B07
Reading graphs...
80 : 240
80 : 240
Initializing...
maxdom : 9
D->valSize : 438
Solving...
Blb : 3 (clique : 24)
currentSize : 24 <-- 0.004346 s
currentSize : 25 <-- 4.699318 s
currentSize : 26 <-- 29.259560 s
currentSize : 27 <-- 51.579681 s
currentSize : 28 <-- 118.602760 s
currentSize : 29 <-- 664.446289 s
currentSize : 30 <-- 1670.119263 s

TIMEOUT
maxsize : 30
nodes : 657684487.000000
filtered : 7575696768.000000
time : 3600.000000
