Parameters: GAD=1 vflib=1 dir=1 label=1 lowerbound=1 fileNameGp=../graphsdb/mcs30/m2D/m2Dr2/mcs30_m2Dr2_s50.A20 fileNameGt=../graphsdb/mcs30/m2D/m2Dr2/mcs30_m2Dr2_s50.B20
Reading graphs...
50 : 95
50 : 93
Initializing...
maxdom : 11
D->valSize : 317
Solving...
Blb : 2 (clique : 18)
currentSize : 18 <-- 0.002412 s
currentSize : 19 <-- 0.002990 s
currentSize : 20 <-- 0.010177 s
currentSize : 21 <-- 27.845631 s
currentSize : 22 <-- 27.846321 s
currentSize : 23 <-- 42.343941 s
currentSize : 24 <-- 60.146812 s
currentSize : 25 <-- 62.524982 s

maxsize : 25
nodes : 19526686.000000
filtered : 254722140.000000
time : 92.192574
