Parameters: GAD=1 vflib=1 dir=1 label=1 lowerbound=1 fileNameGp=../graphsdb/mcs30/bvg/b03m/mcs30_b03m_s60.A77 fileNameGt=../graphsdb/mcs30/bvg/b03m/mcs30_b03m_s60.B77
Reading graphs...
60 : 90
60 : 90
Initializing...
maxdom : 7
D->valSize : 242
Solving...
Blb : 5 (clique : 24)
currentSize : 24 <-- 0.001809 s
currentSize : 25 <-- 0.576386 s
currentSize : 26 <-- 27.267488 s
currentSize : 27 <-- 48.806370 s
currentSize : 28 <-- 957.238342 s

maxsize : 28
nodes : 708526064.000000
filtered : 4668984612.000000
time : 3113.296143
