Parameters: GAD=1 vflib=1 dir=1 label=1 lowerbound=1 fileNameGp=../graphsdb/mcs30/m4D/m4Dr2/mcs30_m4Dr2_s70.A03 fileNameGt=../graphsdb/mcs30/m4D/m4Dr2/mcs30_m4Dr2_s70.B03
Reading graphs...
70 : 132
70 : 132
Initializing...
maxdom : 11
D->valSize : 330
Solving...
Blb : 2 (clique : 24)
currentSize : 24 <-- 0.002863 s
currentSize : 25 <-- 1.203463 s
currentSize : 26 <-- 10.366297 s
currentSize : 27 <-- 147.280334 s
currentSize : 28 <-- 920.409363 s
currentSize : 29 <-- 1939.217896 s

TIMEOUT
maxsize : 29
nodes : 798006456.000000
filtered : 6863396025.000000
time : 3600.000000
