Parameters: GAD=1 vflib=1 dir=1 label=1 lowerbound=1 fileNameGp=../graphsdb/mcs30/m2D/m2Dr2/mcs30_m2Dr2_s80.A37 fileNameGt=../graphsdb/mcs30/m2D/m2Dr2/mcs30_m2Dr2_s80.B37
Reading graphs...
80 : 158
80 : 158
Initializing...
maxdom : 7
D->valSize : 425
Solving...
Blb : 2 (clique : 31)
currentSize : 31 <-- 0.004211 s
currentSize : 32 <-- 0.004467 s
currentSize : 33 <-- 0.004749 s
currentSize : 34 <-- 0.152383 s
currentSize : 35 <-- 0.162889 s
currentSize : 36 <-- 0.167626 s
currentSize : 37 <-- 0.812312 s

TIMEOUT
maxsize : 37
nodes : 738615735.000000
filtered : 5250748785.000000
time : 3600.000000
