Parameters: GAD=1 vflib=1 dir=1 label=1 lowerbound=1 fileNameGp=../graphsdb/mcs30/m3D/m3Dr2/mcs30_m3Dr2_s70.A60 fileNameGt=../graphsdb/mcs30/m3D/m3Dr2/mcs30_m3Dr2_s70.B60
Reading graphs...
70 : 173
70 : 173
Initializing...
maxdom : 7
D->valSize : 321
Solving...
Blb : 3 (clique : 23)
currentSize : 23 <-- 0.002806 s
currentSize : 24 <-- 74.926399 s
currentSize : 25 <-- 161.579010 s
currentSize : 26 <-- 168.083618 s
currentSize : 27 <-- 424.610840 s
currentSize : 28 <-- 1829.758179 s
currentSize : 29 <-- 1918.284302 s
currentSize : 30 <-- 1918.848633 s
currentSize : 31 <-- 2512.019287 s

maxsize : 31
nodes : 540452862.000000
filtered : 4677569165.000000
time : 2672.170898
