Parameters: GAD=1 vflib=1 dir=1 label=1 lowerbound=1 fileNameGp=../graphsdb/mcs30/m2D/m2Dr4/mcs30_m2Dr4_s80.A02 fileNameGt=../graphsdb/mcs30/m2D/m2Dr4/mcs30_m2Dr4_s80.B02
Reading graphs...
80 : 174
80 : 174
Initializing...
maxdom : 9
D->valSize : 429
Solving...
Blb : 2 (clique : 25)
currentSize : 25 <-- 0.004255 s
currentSize : 26 <-- 3.258350 s
currentSize : 27 <-- 42.716988 s
currentSize : 28 <-- 251.022766 s
currentSize : 29 <-- 416.283447 s
currentSize : 30 <-- 1249.318604 s
currentSize : 31 <-- 3501.987549 s

TIMEOUT
maxsize : 31
nodes : 753091368.000000
filtered : 5624439394.000000
time : 3600.000000
