Parameters: GAD=1 vflib=1 dir=1 label=1 lowerbound=1 fileNameGp=../graphsdb/mcs30/m3D/m3Dr6/mcs30_m3Dr6_s100.A34 fileNameGt=../graphsdb/mcs30/m3D/m3Dr6/mcs30_m3Dr6_s100.B34
Reading graphs...
100 : 295
100 : 295
Initializing...
maxdom : 7
D->valSize : 342
Solving...
Blb : 3 (clique : 28)
currentSize : 28 <-- 0.003534 s
currentSize : 29 <-- 0.005262 s
currentSize : 30 <-- 0.006052 s
currentSize : 31 <-- 5.147260 s
currentSize : 32 <-- 32.723244 s
currentSize : 33 <-- 57.295410 s
currentSize : 34 <-- 244.235413 s
currentSize : 35 <-- 2061.489014 s

TIMEOUT
maxsize : 35
nodes : 710088283.000000
filtered : 2672537257.000000
time : 3600.000000
