Parameters: GAD=1 vflib=1 dir=1 label=1 lowerbound=1 fileNameGp=../graphsdb/mcs30/m2D/m2Dr4/mcs30_m2Dr4_s60.A99 fileNameGt=../graphsdb/mcs30/m2D/m2Dr4/mcs30_m2Dr4_s60.B99
Reading graphs...
60 : 128
60 : 128
Initializing...
maxdom : 10
D->valSize : 261
Solving...
Blb : 2 (clique : 20)
currentSize : 20 <-- 0.001915 s
currentSize : 21 <-- 0.002090 s
currentSize : 22 <-- 0.177657 s
currentSize : 23 <-- 0.655032 s
currentSize : 24 <-- 112.045380 s
currentSize : 25 <-- 113.594337 s

maxsize : 25
nodes : 93084985.000000
filtered : 789907624.000000
time : 397.477142
