Parameters: GAD=1 vflib=1 dir=1 label=1 lowerbound=1 fileNameGp=../graphsdb/mcs30/m4D/m4D/mcs30_m4D_s90.A32 fileNameGt=../graphsdb/mcs30/m4D/m4D/mcs30_m4D_s90.B32
Reading graphs...
90 : 146
90 : 146
Initializing...
maxdom : 9
D->valSize : 491
Solving...
Blb : 2 (clique : 34)
currentSize : 34 <-- 0.005607 s
currentSize : 35 <-- 24.032312 s
currentSize : 36 <-- 24.032482 s
currentSize : 37 <-- 88.437386 s
currentSize : 38 <-- 1016.679932 s
currentSize : 39 <-- 2136.265381 s

TIMEOUT
maxsize : 39
nodes : 685173970.000000
filtered : 4849661626.000000
time : 3600.000000
