Parameters: GAD=1 vflib=1 dir=1 label=1 lowerbound=1 fileNameGp=../graphsdb/mcs30/m2D/m2Dr6/mcs30_m2Dr6_s50.A81 fileNameGt=../graphsdb/mcs30/m2D/m2Dr6/mcs30_m2Dr6_s50.B81
Reading graphs...
50 : 115
50 : 113
Initializing...
maxdom : 10
D->valSize : 331
Solving...
Blb : 2 (clique : 16)
currentSize : 16 <-- 0.003851 s
currentSize : 17 <-- 0.004177 s
currentSize : 18 <-- 0.017673 s
currentSize : 19 <-- 6.704624 s
currentSize : 20 <-- 9.912210 s
currentSize : 21 <-- 20.804968 s
currentSize : 22 <-- 44.237019 s

maxsize : 22
nodes : 53533615.000000
filtered : 801004259.000000
time : 249.969925
