Parameters: GAD=1 vflib=1 dir=1 label=1 lowerbound=1 fileNameGp=../graphsdb/mcs30/m2D/m2Dr2/mcs30_m2Dr2_s60.A18 fileNameGt=../graphsdb/mcs30/m2D/m2Dr2/mcs30_m2Dr2_s60.B18
Reading graphs...
60 : 116
60 : 115
Initializing...
maxdom : 7
D->valSize : 238
Solving...
Blb : 2 (clique : 23)
currentSize : 23 <-- 0.001744 s
currentSize : 24 <-- 0.001903 s
currentSize : 25 <-- 0.004043 s
currentSize : 26 <-- 127.262680 s
currentSize : 27 <-- 127.266586 s

maxsize : 27
nodes : 45421889.000000
filtered : 332120370.000000
time : 194.055923
