Parameters: GAD=1 vflib=1 dir=1 label=1 lowerbound=1 fileNameGp=../graphsdb/mcs30/rand/r01/mcs30_r01_s50.A57 fileNameGt=../graphsdb/mcs30/rand/r01/mcs30_r01_s50.B57
Reading graphs...
50 : 244
50 : 244
Initializing...
maxdom : 9
D->valSize : 311
Solving...
Blb : 2 (clique : 9)
currentSize : 9 <-- 0.002151 s
currentSize : 10 <-- 0.002645 s
currentSize : 11 <-- 0.003628 s
currentSize : 12 <-- 0.007175 s
currentSize : 13 <-- 0.040090 s
currentSize : 14 <-- 0.079382 s
currentSize : 15 <-- 0.101535 s

maxsize : 15
nodes : 1664768.000000
filtered : 23759093.000000
time : 7.518485
