Parameters: GAD=1 vflib=1 dir=1 label=1 lowerbound=1 fileNameGp=../graphsdb/mcs30/m2D/m2Dr2/mcs30_m2Dr2_s60.A69 fileNameGt=../graphsdb/mcs30/m2D/m2Dr2/mcs30_m2Dr2_s60.B69
Reading graphs...
60 : 116
60 : 116
Initializing...
maxdom : 8
D->valSize : 248
Solving...
Blb : 2 (clique : 19)
currentSize : 19 <-- 0.002134 s
currentSize : 20 <-- 0.002256 s
currentSize : 21 <-- 0.002450 s
currentSize : 23 <-- 0.002942 s
currentSize : 24 <-- 0.006479 s
currentSize : 25 <-- 4.425394 s
currentSize : 26 <-- 108.818283 s

maxsize : 26
nodes : 176610711.000000
filtered : 1305506518.000000
time : 761.266846
