Parameters: GAD=1 vflib=1 dir=1 label=1 lowerbound=1 fileNameGp=../graphsdb/mcs30/m2D/m2Dr2/mcs30_m2Dr2_s50.A63 fileNameGt=../graphsdb/mcs30/m2D/m2Dr2/mcs30_m2Dr2_s50.B63
Reading graphs...
50 : 95
50 : 95
Initializing...
maxdom : 10
D->valSize : 342
Solving...
Blb : 3 (clique : 17)
currentSize : 17 <-- 0.004197 s
currentSize : 18 <-- 0.005283 s
currentSize : 19 <-- 0.015512 s
currentSize : 20 <-- 0.098092 s
currentSize : 21 <-- 0.835871 s
currentSize : 22 <-- 3.943569 s
currentSize : 23 <-- 228.901428 s
currentSize : 24 <-- 668.875427 s

maxsize : 24
nodes : 237258981.000000
filtered : 3906861009.000000
time : 1182.753906
