Parameters: GAD=1 vflib=1 dir=1 label=1 lowerbound=1 fileNameGp=../graphsdb/mcs30/m3D/m3Dr4/mcs30_m3Dr4_s40.A82 fileNameGt=../graphsdb/mcs30/m3D/m3Dr4/mcs30_m3Dr4_s40.B82
Reading graphs...
40 : 99
40 : 99
Initializing...
maxdom : 7
D->valSize : 210
Solving...
Blb : 2 (clique : 11)
currentSize : 11 <-- 0.001255 s
currentSize : 12 <-- 0.001373 s
currentSize : 13 <-- 0.001604 s
currentSize : 14 <-- 0.516566 s
currentSize : 15 <-- 3.365388 s

maxsize : 15
nodes : 1217979.000000
filtered : 12163403.000000
time : 4.454790
