Parameters: GAD=1 vflib=1 dir=1 label=1 lowerbound=1 fileNameGp=../graphsdb/mcs30/m3D/m3Dr4/mcs30_m3Dr4_s80.A75 fileNameGt=../graphsdb/mcs30/m3D/m3Dr4/mcs30_m3Dr4_s80.B75
Reading graphs...
80 : 216
80 : 216
Initializing...
maxdom : 10
D->valSize : 412
Solving...
Blb : 2 (clique : 23)
currentSize : 23 <-- 0.003965 s
currentSize : 24 <-- 0.004400 s
currentSize : 25 <-- 0.014380 s
currentSize : 26 <-- 0.182378 s
currentSize : 27 <-- 41.502731 s
currentSize : 28 <-- 363.822388 s

TIMEOUT
maxsize : 28
nodes : 719165022.000000
filtered : 6674711588.000000
time : 3600.000000
