Parameters: GAD=1 vflib=1 dir=1 label=1 lowerbound=1 fileNameGp=../graphsdb/mcs30/bvg/b06m/mcs30_b06m_s50.A97 fileNameGt=../graphsdb/mcs30/bvg/b06m/mcs30_b06m_s50.B97
Reading graphs...
50 : 150
50 : 150
Initializing...
maxdom : 11
D->valSize : 332
Solving...
Blb : 2 (clique : 15)
currentSize : 15 <-- 0.003762 s
currentSize : 16 <-- 0.003941 s
currentSize : 17 <-- 0.004503 s
currentSize : 18 <-- 0.006258 s
currentSize : 19 <-- 31.288996 s
currentSize : 20 <-- 31.299875 s

maxsize : 20
nodes : 10556530.000000
filtered : 147716624.000000
time : 46.792088
