Parameters: GAD=1 vflib=1 dir=1 label=1 lowerbound=1 fileNameGp=../graphsdb/mcs30/m3D/m3Dr6/mcs30_m3Dr6_s80.A69 fileNameGt=../graphsdb/mcs30/m3D/m3Dr6/mcs30_m3Dr6_s80.B69
Reading graphs...
80 : 232
80 : 230
Initializing...
maxdom : 10
D->valSize : 454
Solving...
Blb : 2 (clique : 26)
currentSize : 26 <-- 0.004782 s
currentSize : 28 <-- 0.004986 s
currentSize : 31 <-- 0.005569 s
currentSize : 32 <-- 0.008545 s
currentSize : 33 <-- 4.416725 s
currentSize : 34 <-- 155.338791 s

TIMEOUT
maxsize : 34
nodes : 634356437.000000
filtered : 7565444670.000000
time : 3600.000000
