Parameters: GAD=1 vflib=1 dir=1 label=1 lowerbound=1 fileNameGp=../graphsdb/mcs30/bvg/b09m/mcs30_b09m_s80.A46 fileNameGt=../graphsdb/mcs30/bvg/b09m/mcs30_b09m_s80.B46
Reading graphs...
80 : 360
80 : 360
Initializing...
maxdom : 9
D->valSize : 401
Solving...
Blb : 3 (clique : 22)
currentSize : 22 <-- 0.003655 s
currentSize : 23 <-- 109.402016 s
currentSize : 24 <-- 294.264099 s
currentSize : 25 <-- 687.660095 s
currentSize : 26 <-- 976.537231 s
currentSize : 27 <-- 976.734741 s
currentSize : 28 <-- 976.755676 s

maxsize : 28
nodes : 251217372.000000
filtered : 2708699522.000000
time : 1349.630615
