Parameters: GAD=1 vflib=1 dir=1 label=1 lowerbound=1 fileNameGp=../graphsdb/mcs30/rand/r02/mcs30_r02_s40.A58 fileNameGt=../graphsdb/mcs30/rand/r02/mcs30_r02_s40.B58
Reading graphs...
40 : 311
40 : 311
Initializing...
maxdom : 8
D->valSize : 195
Solving...
Blb : 2 (clique : 5)
currentSize : 5 <-- 0.001012 s
currentSize : 6 <-- 0.001085 s
currentSize : 7 <-- 0.001125 s
currentSize : 8 <-- 0.007504 s
currentSize : 9 <-- 0.009143 s
currentSize : 12 <-- 0.029599 s

maxsize : 12
nodes : 9450.000000
filtered : 130338.000000
time : 0.038333
