Parameters: GAD=1 vflib=1 dir=1 label=1 lowerbound=1 fileNameGp=../graphsdb/mcs30/m3D/m3Dr4/mcs30_m3Dr4_s70.A49 fileNameGt=../graphsdb/mcs30/m3D/m3Dr4/mcs30_m3Dr4_s70.B49
Reading graphs...
70 : 187
70 : 187
Initializing...
maxdom : 8
D->valSize : 335
Solving...
Blb : 2 (clique : 21)
currentSize : 21 <-- 0.002996 s
currentSize : 22 <-- 0.114084 s
currentSize : 23 <-- 0.258440 s
currentSize : 24 <-- 0.262347 s
currentSize : 25 <-- 35.280117 s
currentSize : 26 <-- 187.592102 s
currentSize : 27 <-- 374.585114 s
currentSize : 28 <-- 943.376282 s
currentSize : 29 <-- 943.379456 s
currentSize : 30 <-- 943.431946 s
currentSize : 31 <-- 943.852905 s

maxsize : 31
nodes : 375647874.000000
filtered : 4323255456.000000
time : 1977.993652
