Parameters: GAD=1 vflib=1 dir=1 label=1 lowerbound=1 fileNameGp=../graphsdb/mcs30/m3D/m3D/mcs30_m3D_s100.A89 fileNameGt=../graphsdb/mcs30/m3D/m3D/mcs30_m3D_s100.B89
Reading graphs...
100 : 235
100 : 235
Initializing...
maxdom : 7
D->valSize : 326
Solving...
Blb : 2 (clique : 28)
currentSize : 28 <-- 0.003216 s
currentSize : 29 <-- 0.009645 s
currentSize : 30 <-- 0.021027 s
currentSize : 31 <-- 0.095479 s
currentSize : 32 <-- 1.105796 s
currentSize : 33 <-- 10.670549 s
currentSize : 34 <-- 442.627533 s
currentSize : 35 <-- 623.681519 s

TIMEOUT
maxsize : 35
nodes : 734895743.000000
filtered : 3272864955.000000
time : 3600.000000
