Parameters: GAD=1 vflib=1 dir=1 label=1 lowerbound=1 fileNameGp=../graphsdb/mcs30/rand/r01/mcs30_r01_s50.A56 fileNameGt=../graphsdb/mcs30/rand/r01/mcs30_r01_s50.B56
Reading graphs...
50 : 244
50 : 244
Initializing...
maxdom : 8
D->valSize : 326
Solving...
Blb : 2 (clique : 10)
currentSize : 10 <-- 0.003538 s
currentSize : 11 <-- 0.003665 s
currentSize : 12 <-- 0.007108 s
currentSize : 13 <-- 0.015810 s
currentSize : 14 <-- 0.285462 s
currentSize : 15 <-- 0.441983 s
currentSize : 16 <-- 1.657173 s

maxsize : 16
nodes : 971613.000000
filtered : 15522622.000000
time : 4.707746
