Parameters: GAD=1 vflib=1 dir=1 label=1 lowerbound=1 fileNameGp=../graphsdb/mcs30/bvg/b06m/mcs30_b06m_s30.A57 fileNameGt=../graphsdb/mcs30/bvg/b06m/mcs30_b06m_s30.B57
Reading graphs...
30 : 90
30 : 90
Initializing...
maxdom : 6
D->valSize : 116
Solving...
Blb : 2 (clique : 7)
currentSize : 7 <-- 0.000631 s
currentSize : 8 <-- 0.000687 s
currentSize : 9 <-- 0.000793 s
currentSize : 10 <-- 0.002271 s
currentSize : 11 <-- 0.009216 s

maxsize : 11
nodes : 5907.000000
filtered : 44770.000000
time : 0.019902
