Parameters: GAD=1 vflib=1 dir=1 label=1 lowerbound=1 fileNameGp=../graphsdb/mcs30/m4D/m4Dr4/mcs30_m4Dr4_s70.A47 fileNameGt=../graphsdb/mcs30/m4D/m4Dr4/mcs30_m4Dr4_s70.B47
Reading graphs...
70 : 146
70 : 144
Initializing...
maxdom : 8
D->valSize : 303
Solving...
Blb : 2 (clique : 20)
currentSize : 20 <-- 0.002856 s
currentSize : 21 <-- 0.008548 s
currentSize : 22 <-- 0.030236 s
currentSize : 23 <-- 0.381082 s
currentSize : 24 <-- 0.406607 s
currentSize : 25 <-- 10.394752 s
currentSize : 26 <-- 11.010929 s
currentSize : 27 <-- 47.162697 s
currentSize : 28 <-- 380.284332 s
currentSize : 29 <-- 380.284637 s
currentSize : 30 <-- 382.447479 s

maxsize : 30
nodes : 420424501.000000
filtered : 3611020524.000000
time : 2063.664307
