Parameters: GAD=1 vflib=1 dir=1 label=1 lowerbound=1 fileNameGp=../graphsdb/mcs30/m4D/m4Dr4/mcs30_m4Dr4_s60.A49 fileNameGt=../graphsdb/mcs30/m4D/m4Dr4/mcs30_m4Dr4_s60.B49
Reading graphs...
60 : 126
60 : 126
Initializing...
maxdom : 7
D->valSize : 229
Solving...
Blb : 2 (clique : 19)
currentSize : 19 <-- 0.002575 s
currentSize : 20 <-- 0.053776 s
currentSize : 22 <-- 2.663369 s
currentSize : 23 <-- 2.663476 s
currentSize : 24 <-- 11.686220 s
currentSize : 25 <-- 11.690721 s
currentSize : 26 <-- 39.699841 s

maxsize : 26
nodes : 30309513.000000
filtered : 228114445.000000
time : 127.819427
