Parameters: GAD=1 vflib=1 dir=1 label=1 lowerbound=1 fileNameGp=../graphsdb/mcs30/m2D/m2Dr4/mcs30_m2Dr4_s60.A85 fileNameGt=../graphsdb/mcs30/m2D/m2Dr4/mcs30_m2Dr4_s60.B85
Reading graphs...
60 : 128
60 : 128
Initializing...
maxdom : 8
D->valSize : 233
Solving...
Blb : 2 (clique : 19)
currentSize : 19 <-- 0.001922 s
currentSize : 20 <-- 0.002326 s
currentSize : 21 <-- 0.006296 s
currentSize : 22 <-- 0.051895 s
currentSize : 23 <-- 32.362534 s
currentSize : 24 <-- 105.731796 s

maxsize : 24
nodes : 85891736.000000
filtered : 642544520.000000
time : 379.681580
