Parameters: GAD=1 vflib=1 dir=1 label=1 lowerbound=1 fileNameGp=../graphsdb/mcs30/m2D/m2D/mcs30_m2D_s100.A24 fileNameGt=../graphsdb/mcs30/m2D/m2D/mcs30_m2D_s100.B24
Reading graphs...
100 : 180
100 : 180
Initializing...
maxdom : 8
D->valSize : 326
Solving...
Blb : 2 (clique : 30)
currentSize : 30 <-- 0.003484 s
currentSize : 31 <-- 0.003807 s
currentSize : 32 <-- 0.004051 s
currentSize : 33 <-- 0.004582 s
currentSize : 34 <-- 0.094301 s
currentSize : 35 <-- 0.309768 s
currentSize : 36 <-- 106.880943 s
currentSize : 37 <-- 524.426758 s
currentSize : 38 <-- 2665.514893 s

TIMEOUT
maxsize : 38
nodes : 733695954.000000
filtered : 2812100767.000000
time : 3600.000000
