Parameters: GAD=1 vflib=1 dir=1 label=1 lowerbound=1 fileNameGp=../graphsdb/mcs30/m4D/m4Dr6/mcs30_m4Dr6_s70.A13 fileNameGt=../graphsdb/mcs30/m4D/m4Dr6/mcs30_m4Dr6_s70.B13
Reading graphs...
70 : 160
70 : 159
Initializing...
maxdom : 10
D->valSize : 321
Solving...
Blb : 2 (clique : 21)
currentSize : 21 <-- 0.002658 s
currentSize : 22 <-- 0.002890 s
currentSize : 23 <-- 0.003069 s
currentSize : 24 <-- 33.573143 s
currentSize : 25 <-- 34.143703 s
currentSize : 26 <-- 44.370056 s
currentSize : 27 <-- 1437.349121 s
currentSize : 28 <-- 3454.770508 s

TIMEOUT
maxsize : 28
nodes : 738062458.000000
filtered : 7864169063.000000
time : 3600.000000
