Parameters: GAD=1 vflib=1 dir=1 label=1 lowerbound=1 fileNameGp=../graphsdb/mcs30/rand/r02/mcs30_r02_s100.A54 fileNameGt=../graphsdb/mcs30/rand/r02/mcs30_r02_s100.B54
Reading graphs...
100 : 1979
100 : 1979
Initializing...
maxdom : 7
D->valSize : 332
Solving...
Blb : 2 (clique : 9)
currentSize : 9 <-- 0.003254 s
currentSize : 12 <-- 0.009598 s
currentSize : 15 <-- 0.017744 s
currentSize : 19 <-- 0.017971 s
currentSize : 21 <-- 0.025751 s
currentSize : 24 <-- 0.062726 s
currentSize : 30 <-- 0.077468 s

maxsize : 30
nodes : 23766.000000
filtered : 458115.000000
time : 0.170028
