Parameters: GAD=1 vflib=1 dir=1 label=1 lowerbound=1 fileNameGp=../graphsdb/mcs30/m2D/m2Dr6/mcs30_m2Dr6_s80.A34 fileNameGt=../graphsdb/mcs30/m2D/m2Dr6/mcs30_m2Dr6_s80.B34
Reading graphs...
80 : 190
80 : 190
Initializing...
maxdom : 9
D->valSize : 440
Solving...
Blb : 2 (clique : 31)
currentSize : 31 <-- 0.004628 s
currentSize : 32 <-- 0.091735 s
currentSize : 33 <-- 103.125549 s
currentSize : 34 <-- 1450.573608 s
currentSize : 35 <-- 1450.668457 s
currentSize : 36 <-- 1452.449341 s

TIMEOUT
maxsize : 36
nodes : 695627639.000000
filtered : 5161019560.000000
time : 3600.000000
