Parameters: GAD=1 vflib=1 dir=1 label=1 lowerbound=1 fileNameGp=../graphsdb/mcs30/bvg/b09m/mcs30_b09m_s50.A17 fileNameGt=../graphsdb/mcs30/bvg/b09m/mcs30_b09m_s50.B17
Reading graphs...
50 : 225
50 : 225
Initializing...
maxdom : 8
D->valSize : 311
Solving...
Blb : 3 (clique : 12)
currentSize : 12 <-- 0.003260 s
currentSize : 13 <-- 0.005957 s
currentSize : 14 <-- 0.046929 s
currentSize : 15 <-- 0.196568 s
currentSize : 16 <-- 0.356448 s
currentSize : 17 <-- 5.656083 s

maxsize : 17
nodes : 2169676.000000
filtered : 29399461.000000
time : 9.730593
