Parameters: GAD=1 vflib=1 dir=1 label=1 lowerbound=1 fileNameGp=../graphsdb/mcs30/bvg/b03m/mcs30_b03m_s50.A12 fileNameGt=../graphsdb/mcs30/bvg/b03m/mcs30_b03m_s50.B12
Reading graphs...
50 : 75
50 : 75
Initializing...
maxdom : 9
D->valSize : 299
Solving...
Blb : 2 (clique : 19)
currentSize : 19 <-- 0.003394 s
currentSize : 20 <-- 16.668356 s
currentSize : 21 <-- 350.501190 s
currentSize : 22 <-- 350.508209 s
currentSize : 23 <-- 354.743958 s
currentSize : 24 <-- 1785.484741 s

maxsize : 24
nodes : 584385438.000000
filtered : 5725503737.000000
time : 2334.647705
