Parameters: GAD=1 vflib=1 dir=1 label=1 lowerbound=1 fileNameGp=../graphsdb/mcs30/m4D/m4Dr2/mcs30_m4Dr2_s50.A77 fileNameGt=../graphsdb/mcs30/m4D/m4Dr2/mcs30_m4Dr2_s50.B77
Reading graphs...
50 : 97
50 : 97
Initializing...
maxdom : 9
D->valSize : 313
Solving...
Blb : 3 (clique : 17)
currentSize : 17 <-- 0.002383 s
currentSize : 18 <-- 0.002755 s
currentSize : 19 <-- 0.052902 s
currentSize : 20 <-- 0.525557 s
currentSize : 21 <-- 9.963519 s
currentSize : 22 <-- 10.315382 s
currentSize : 23 <-- 51.876766 s
currentSize : 24 <-- 385.105530 s

maxsize : 24
nodes : 109320588.000000
filtered : 1312690708.000000
time : 468.204712
