Parameters: GAD=1 vflib=1 dir=1 label=1 lowerbound=1 fileNameGp=../graphsdb/mcs30/bvg/b09m/mcs30_b09m_s100.A42 fileNameGt=../graphsdb/mcs30/bvg/b09m/mcs30_b09m_s100.B42
Reading graphs...
100 : 450
100 : 450
Initializing...
maxdom : 7
D->valSize : 350
Solving...
Blb : 2 (clique : 27)
currentSize : 27 <-- 0.003515 s
currentSize : 28 <-- 0.010926 s
currentSize : 29 <-- 0.022624 s
currentSize : 30 <-- 0.085540 s
currentSize : 31 <-- 0.133363 s
currentSize : 32 <-- 1.453619 s
currentSize : 33 <-- 1.797084 s
currentSize : 34 <-- 1.816251 s

maxsize : 34
nodes : 392514144.000000
filtered : 2299612544.000000
time : 2152.957520
