Parameters: GAD=1 vflib=1 dir=1 label=1 lowerbound=1 fileNameGp=../graphsdb/mcs30/m4D/m4Dr6/mcs30_m4Dr6_s90.A69 fileNameGt=../graphsdb/mcs30/m4D/m4Dr6/mcs30_m4Dr6_s90.B69
Reading graphs...
90 : 200
90 : 199
Initializing...
maxdom : 9
D->valSize : 501
Solving...
Blb : 2 (clique : 29)
currentSize : 29 <-- 0.005588 s
currentSize : 31 <-- 0.006463 s
currentSize : 32 <-- 0.017689 s
currentSize : 33 <-- 0.024454 s
currentSize : 34 <-- 0.047162 s
currentSize : 35 <-- 0.049825 s
currentSize : 36 <-- 0.324971 s

TIMEOUT
maxsize : 36
nodes : 714974751.000000
filtered : 4307477497.000000
time : 3600.000000
