Parameters: GAD=1 vflib=1 dir=1 label=1 lowerbound=1 fileNameGp=../graphsdb/mcs30/m2D/m2Dr4/mcs30_m2Dr4_s100.A41 fileNameGt=../graphsdb/mcs30/m2D/m2Dr4/mcs30_m2Dr4_s100.B41
Reading graphs...
100 : 220
100 : 220
Initializing...
maxdom : 8
D->valSize : 367
Solving...
Blb : 5 (clique : 31)
currentSize : 31 <-- 0.006256 s
currentSize : 32 <-- 0.038891 s
currentSize : 33 <-- 0.051643 s
currentSize : 34 <-- 0.316167 s
currentSize : 35 <-- 8.521697 s
currentSize : 36 <-- 21.382879 s
currentSize : 37 <-- 419.194061 s
currentSize : 38 <-- 2789.094482 s
currentSize : 39 <-- 3491.370605 s

TIMEOUT
maxsize : 39
nodes : 692314785.000000
filtered : 3499509868.000000
time : 3600.000000
