Parameters: GAD=1 vflib=1 dir=1 label=1 lowerbound=1 fileNameGp=../graphsdb/mcs30/m4D/m4Dr4/mcs30_m4Dr4_s80.A28 fileNameGt=../graphsdb/mcs30/m4D/m4Dr4/mcs30_m4Dr4_s80.B28
Reading graphs...
80 : 163
80 : 163
Initializing...
maxdom : 10
D->valSize : 428
Solving...
Blb : 2 (clique : 27)
currentSize : 27 <-- 0.007654 s
currentSize : 28 <-- 0.277865 s
currentSize : 29 <-- 0.888749 s
currentSize : 30 <-- 1.681718 s
currentSize : 31 <-- 68.742393 s
currentSize : 32 <-- 2345.268555 s

TIMEOUT
maxsize : 32
nodes : 752067004.000000
filtered : 5838656679.000000
time : 3600.000000
