Parameters: GAD=1 vflib=1 dir=1 label=1 lowerbound=1 fileNameGp=../graphsdb/mcs30/m3D/m3Dr2/mcs30_m3Dr2_s70.A46 fileNameGt=../graphsdb/mcs30/m3D/m3Dr2/mcs30_m3Dr2_s70.B46
Reading graphs...
70 : 173
70 : 173
Initializing...
maxdom : 8
D->valSize : 320
Solving...
Blb : 2 (clique : 20)
currentSize : 20 <-- 0.004300 s
currentSize : 21 <-- 0.006193 s
currentSize : 22 <-- 0.055844 s
currentSize : 23 <-- 0.696015 s
currentSize : 24 <-- 8.728056 s
currentSize : 25 <-- 15.815418 s
currentSize : 26 <-- 15.815690 s
currentSize : 27 <-- 40.654751 s
currentSize : 28 <-- 51.362167 s
currentSize : 29 <-- 51.491264 s
currentSize : 30 <-- 65.814163 s
currentSize : 31 <-- 172.899918 s

maxsize : 31
nodes : 47291874.000000
filtered : 429256522.000000
time : 236.776688
