Parameters: GAD=1 vflib=1 dir=1 label=1 lowerbound=1 fileNameGp=../graphsdb/mcs30/rand/r005/mcs30_r005_s90.A91 fileNameGt=../graphsdb/mcs30/rand/r005/mcs30_r005_s90.B91
Reading graphs...
90 : 399
90 : 399
Initializing...
maxdom : 9
D->valSize : 556
Solving...
Blb : 5 (clique : 19)
currentSize : 19 <-- 0.006720 s
currentSize : 20 <-- 0.006924 s
currentSize : 21 <-- 0.026392 s
currentSize : 22 <-- 0.073558 s
currentSize : 23 <-- 221.792618 s
currentSize : 24 <-- 222.458588 s
currentSize : 25 <-- 2729.260986 s
currentSize : 26 <-- 2734.647217 s

TIMEOUT
maxsize : 26
nodes : 668366636.000000
filtered : 6332256201.000000
time : 3600.000000
