Parameters: GAD=1 vflib=1 dir=1 label=1 lowerbound=1 fileNameGp=../graphsdb/mcs30/m2D/m2Dr6/mcs30_m2Dr6_s90.A33 fileNameGt=../graphsdb/mcs30/m2D/m2Dr6/mcs30_m2Dr6_s90.B33
Reading graphs...
90 : 215
90 : 211
Initializing...
maxdom : 10
D->valSize : 553
Solving...
Blb : 2 (clique : 28)
currentSize : 28 <-- 0.006403 s
currentSize : 29 <-- 0.007097 s
currentSize : 30 <-- 0.015582 s
currentSize : 31 <-- 0.015751 s
currentSize : 32 <-- 0.029440 s
currentSize : 33 <-- 0.156686 s
currentSize : 34 <-- 0.318138 s
currentSize : 35 <-- 0.880497 s
currentSize : 36 <-- 0.880901 s
currentSize : 37 <-- 10.152573 s
currentSize : 38 <-- 623.988525 s

TIMEOUT
maxsize : 38
nodes : 665665955.000000
filtered : 4975185903.000000
time : 3600.000000
