Parameters: GAD=1 vflib=1 dir=1 label=1 lowerbound=1 fileNameGp=../graphsdb/mcs30/m2D/m2D/mcs30_m2D_s100.A21 fileNameGt=../graphsdb/mcs30/m2D/m2D/mcs30_m2D_s100.B21
Reading graphs...
100 : 180
100 : 180
Initializing...
maxdom : 6
D->valSize : 322
Solving...
Blb : 2 (clique : 33)
currentSize : 33 <-- 0.003381 s
currentSize : 34 <-- 0.003702 s
currentSize : 35 <-- 0.008764 s
currentSize : 36 <-- 0.060705 s
currentSize : 37 <-- 0.320436 s
currentSize : 38 <-- 2795.418701 s
currentSize : 39 <-- 3097.967529 s

TIMEOUT
maxsize : 39
nodes : 678416658.000000
filtered : 2627264884.000000
time : 3600.000000
