Parameters: GAD=1 vflib=1 dir=1 label=1 lowerbound=1 fileNameGp=../graphsdb/mcs30/bvg/b06/mcs30_b06_s50.A76 fileNameGt=../graphsdb/mcs30/bvg/b06/mcs30_b06_s50.B76
Reading graphs...
50 : 150
50 : 150
Initializing...
maxdom : 8
D->valSize : 321
Solving...
Blb : 3 (clique : 14)
currentSize : 14 <-- 0.002214 s
currentSize : 15 <-- 0.004561 s
currentSize : 16 <-- 0.008912 s
currentSize : 17 <-- 0.888447 s
currentSize : 18 <-- 2.647065 s
currentSize : 19 <-- 5.271539 s
currentSize : 20 <-- 7.078267 s
currentSize : 21 <-- 9.683832 s

maxsize : 21
nodes : 11559290.000000
filtered : 169302263.000000
time : 54.527222
