Parameters: GAD=1 vflib=1 dir=1 label=1 lowerbound=1 fileNameGp=../graphsdb/mcs30/m2D/m2D/mcs30_m2D_s100.A91 fileNameGt=../graphsdb/mcs30/m2D/m2D/mcs30_m2D_s100.B91
Reading graphs...
100 : 180
100 : 180
Initializing...
maxdom : 7
D->valSize : 346
Solving...
Blb : 2 (clique : 31)
currentSize : 31 <-- 0.003763 s
currentSize : 32 <-- 0.004046 s
currentSize : 33 <-- 0.005520 s
currentSize : 34 <-- 0.014274 s
currentSize : 35 <-- 0.245696 s
currentSize : 36 <-- 2.768543 s
currentSize : 37 <-- 48.660538 s
currentSize : 38 <-- 956.407837 s

TIMEOUT
maxsize : 38
nodes : 675738613.000000
filtered : 3744834104.000000
time : 3600.000000
