Parameters: GAD=1 vflib=1 dir=1 label=1 lowerbound=1 fileNameGp=../graphsdb/mcs30/m3D/m3D/mcs30_m3D_s80.A26 fileNameGt=../graphsdb/mcs30/m3D/m3D/mcs30_m3D_s80.B26
Reading graphs...
80 : 184
80 : 184
Initializing...
maxdom : 9
D->valSize : 418
Solving...
Blb : 2 (clique : 23)
currentSize : 23 <-- 0.006492 s
currentSize : 26 <-- 0.006756 s
currentSize : 27 <-- 0.007005 s
currentSize : 29 <-- 0.009081 s
currentSize : 30 <-- 0.009283 s
currentSize : 31 <-- 0.029810 s
currentSize : 32 <-- 5.694689 s
currentSize : 33 <-- 5.983344 s

TIMEOUT
maxsize : 33
nodes : 627981919.000000
filtered : 7147850049.000000
time : 3600.000000
