Parameters: GAD=1 vflib=1 dir=1 label=1 lowerbound=1 fileNameGp=../graphsdb/mcs30/rand/r005/mcs30_r005_s80.A37 fileNameGt=../graphsdb/mcs30/rand/r005/mcs30_r005_s80.B37
Reading graphs...
80 : 315
80 : 315
Initializing...
maxdom : 11
D->valSize : 403
Solving...
Blb : 2 (clique : 20)
currentSize : 20 <-- 0.003951 s
currentSize : 21 <-- 0.349428 s
currentSize : 22 <-- 0.620949 s
currentSize : 23 <-- 0.667832 s
currentSize : 24 <-- 26.043619 s
currentSize : 25 <-- 49.033207 s
currentSize : 26 <-- 103.009819 s
currentSize : 28 <-- 1660.232422 s
currentSize : 29 <-- 1660.267944 s

TIMEOUT
maxsize : 29
nodes : 628590960.000000
filtered : 7586253587.000000
time : 3600.000000
