Parameters: GAD=1 vflib=1 dir=1 label=1 lowerbound=1 fileNameGp=../graphsdb/mcs30/bvg/b06/mcs30_b06_s100.A19 fileNameGt=../graphsdb/mcs30/bvg/b06/mcs30_b06_s100.B19
Reading graphs...
100 : 300
100 : 300
Initializing...
maxdom : 7
D->valSize : 320
Solving...
Blb : 2 (clique : 27)
currentSize : 27 <-- 0.005246 s
currentSize : 28 <-- 0.005642 s
currentSize : 29 <-- 0.008344 s
currentSize : 30 <-- 0.099933 s
currentSize : 31 <-- 0.179047 s
currentSize : 32 <-- 1.111082 s
currentSize : 33 <-- 2.507896 s
currentSize : 34 <-- 2.882622 s
currentSize : 35 <-- 831.267029 s

TIMEOUT
maxsize : 35
nodes : 687297897.000000
filtered : 3533700053.000000
time : 3600.000000
