Parameters: GAD=1 vflib=1 dir=1 label=1 lowerbound=1 fileNameGp=../graphsdb/mcs30/m3D/m3D/mcs30_m3D_s70.A41 fileNameGt=../graphsdb/mcs30/m3D/m3D/mcs30_m3D_s70.B41
Reading graphs...
70 : 159
70 : 159
Initializing...
maxdom : 11
D->valSize : 342
Solving...
Blb : 2 (clique : 22)
currentSize : 22 <-- 0.003151 s
currentSize : 23 <-- 0.848598 s
currentSize : 24 <-- 1.301991 s
currentSize : 25 <-- 20.791813 s
currentSize : 26 <-- 28.544727 s
currentSize : 27 <-- 91.636803 s
currentSize : 28 <-- 591.044983 s
currentSize : 29 <-- 1431.831421 s
currentSize : 30 <-- 1431.831909 s

maxsize : 30
nodes : 490740492.000000
filtered : 4380886063.000000
time : 2429.991699
