Parameters: GAD=1 vflib=1 dir=1 label=1 lowerbound=1 fileNameGp=../graphsdb/mcs30/m2D/m2Dr6/mcs30_m2Dr6_s100.A89 fileNameGt=../graphsdb/mcs30/m2D/m2Dr6/mcs30_m2Dr6_s100.B89
Reading graphs...
100 : 240
100 : 240
Initializing...
maxdom : 7
D->valSize : 328
Solving...
Blb : 2 (clique : 30)
currentSize : 30 <-- 0.003282 s
currentSize : 31 <-- 0.003552 s
currentSize : 32 <-- 0.003739 s
currentSize : 33 <-- 0.004127 s
currentSize : 34 <-- 0.374365 s
currentSize : 35 <-- 612.783691 s
currentSize : 36 <-- 1568.267822 s

TIMEOUT
maxsize : 36
nodes : 669428569.000000
filtered : 3641877048.000000
time : 3600.000000
