Parameters: GAD=1 vflib=1 dir=1 label=1 lowerbound=1 fileNameGp=../graphsdb/mcs30/rand/r01/mcs30_r01_s60.A15 fileNameGt=../graphsdb/mcs30/rand/r01/mcs30_r01_s60.B15
Reading graphs...
60 : 353
60 : 353
Initializing...
maxdom : 8
D->valSize : 261
Solving...
Blb : 2 (clique : 12)
currentSize : 12 <-- 0.001824 s
currentSize : 14 <-- 0.001985 s
currentSize : 15 <-- 0.002941 s
currentSize : 17 <-- 0.015024 s
currentSize : 18 <-- 0.017457 s

maxsize : 18
nodes : 384593.000000
filtered : 5688097.000000
time : 1.928093
