Parameters: GAD=1 vflib=1 dir=1 label=1 lowerbound=1 fileNameGp=../graphsdb/mcs30/rand/r02/mcs30_r02_s60.A33 fileNameGt=../graphsdb/mcs30/rand/r02/mcs30_r02_s60.B33
Reading graphs...
60 : 707
60 : 707
Initializing...
maxdom : 9
D->valSize : 231
Solving...
Blb : 2 (clique : 6)
currentSize : 6 <-- 0.001553 s
currentSize : 8 <-- 0.001607 s
currentSize : 9 <-- 0.002692 s
currentSize : 11 <-- 0.002769 s
currentSize : 14 <-- 0.008316 s
currentSize : 18 <-- 0.008368 s

maxsize : 18
nodes : 3969.000000
filtered : 74134.000000
time : 0.021957
