Parameters: GAD=1 vflib=1 dir=1 label=1 lowerbound=1 fileNameGp=../graphsdb/mcs30/m4D/m4Dr2/mcs30_m4Dr2_s50.A02 fileNameGt=../graphsdb/mcs30/m4D/m4Dr2/mcs30_m4Dr2_s50.B02
Reading graphs...
50 : 97
50 : 97
Initializing...
maxdom : 9
D->valSize : 315
Solving...
Blb : 3 (clique : 18)
currentSize : 18 <-- 0.002236 s
currentSize : 19 <-- 0.052630 s
currentSize : 20 <-- 0.179596 s
currentSize : 21 <-- 2.426523 s
currentSize : 22 <-- 84.605911 s
currentSize : 23 <-- 1701.910889 s
currentSize : 24 <-- 1717.893433 s

maxsize : 24
nodes : 492459679.000000
filtered : 4822311452.000000
time : 1977.162354
