Parameters: GAD=1 vflib=1 dir=1 label=1 lowerbound=1 fileNameGp=../graphsdb/mcs30/bvg/b06/mcs30_b06_s35.A89 fileNameGt=../graphsdb/mcs30/bvg/b06/mcs30_b06_s35.B89
Reading graphs...
35 : 105
35 : 105
Initializing...
maxdom : 7
D->valSize : 154
Solving...
Blb : 2 (clique : 10)
currentSize : 10 <-- 0.000801 s
currentSize : 11 <-- 0.001745 s
currentSize : 12 <-- 0.017164 s
currentSize : 13 <-- 0.017791 s
currentSize : 14 <-- 0.036835 s
currentSize : 15 <-- 0.036894 s

maxsize : 15
nodes : 32494.000000
filtered : 295795.000000
time : 0.111964
