Parameters: GAD=1 vflib=1 dir=1 label=1 lowerbound=1 fileNameGp=../graphsdb/mcs30/m3D/m3Dr4/mcs30_m3Dr4_s80.A93 fileNameGt=../graphsdb/mcs30/m3D/m3Dr4/mcs30_m3Dr4_s80.B93
Reading graphs...
80 : 216
80 : 216
Initializing...
maxdom : 8
D->valSize : 429
Solving...
Blb : 5 (clique : 23)
currentSize : 23 <-- 0.004204 s
currentSize : 24 <-- 0.005593 s
currentSize : 25 <-- 0.005881 s
currentSize : 26 <-- 0.032734 s
currentSize : 27 <-- 10.868141 s
currentSize : 28 <-- 371.328186 s
currentSize : 29 <-- 1818.852295 s

TIMEOUT
maxsize : 29
nodes : 722210526.000000
filtered : 5891486833.000000
time : 3600.000000
