Parameters: GAD=1 vflib=1 dir=1 label=1 lowerbound=1 fileNameGp=../graphsdb/mcs30/bvg/b06m/mcs30_b06m_s90.A58 fileNameGt=../graphsdb/mcs30/bvg/b06m/mcs30_b06m_s90.B58
Reading graphs...
90 : 270
90 : 270
Initializing...
maxdom : 9
D->valSize : 533
Solving...
Blb : 2 (clique : 26)
currentSize : 26 <-- 0.006102 s
currentSize : 30 <-- 0.006327 s
currentSize : 31 <-- 0.006407 s
currentSize : 32 <-- 0.006473 s
currentSize : 33 <-- 0.006566 s
currentSize : 34 <-- 0.007412 s
currentSize : 35 <-- 0.081472 s

TIMEOUT
maxsize : 35
nodes : 635448311.000000
filtered : 5364681092.000000
time : 3600.000000
