Parameters: GAD=1 vflib=1 dir=1 label=1 lowerbound=1 fileNameGp=../graphsdb/mcs30/rand/r01/mcs30_r01_s80.A22 fileNameGt=../graphsdb/mcs30/rand/r01/mcs30_r01_s80.B22
Reading graphs...
80 : 631
80 : 631
Initializing...
maxdom : 8
D->valSize : 416
Solving...
Blb : 2 (clique : 13)
currentSize : 13 <-- 0.003655 s
currentSize : 14 <-- 0.010514 s
currentSize : 15 <-- 0.016075 s
currentSize : 16 <-- 2.222828 s
currentSize : 17 <-- 4.400572 s
currentSize : 18 <-- 11.998331 s
currentSize : 19 <-- 12.005905 s
currentSize : 21 <-- 12.008174 s
currentSize : 22 <-- 12.008373 s
currentSize : 23 <-- 12.008454 s
currentSize : 24 <-- 12.061996 s

maxsize : 24
nodes : 5159039.000000
filtered : 81226391.000000
time : 30.092733
