Parameters: GAD=1 vflib=1 dir=1 label=1 lowerbound=1 fileNameGp=../graphsdb/mcs30/rand/r02/mcs30_r02_s70.A92 fileNameGt=../graphsdb/mcs30/rand/r02/mcs30_r02_s70.B92
Reading graphs...
70 : 965
70 : 965
Initializing...
maxdom : 8
D->valSize : 314
Solving...
Blb : 2 (clique : 10)
currentSize : 10 <-- 0.002607 s
currentSize : 11 <-- 0.002709 s
currentSize : 12 <-- 0.002783 s
currentSize : 18 <-- 0.002918 s
currentSize : 21 <-- 0.002968 s

maxsize : 21
nodes : 9740.000000
filtered : 243770.000000
time : 0.061759
