Parameters: GAD=1 vflib=1 dir=1 label=1 lowerbound=1 fileNameGp=../graphsdb/mcs30/m3D/m3Dr2/mcs30_m3Dr2_s80.A26 fileNameGt=../graphsdb/mcs30/m3D/m3Dr2/mcs30_m3Dr2_s80.B26
Reading graphs...
80 : 200
80 : 199
Initializing...
maxdom : 11
D->valSize : 413
Solving...
Blb : 2 (clique : 22)
currentSize : 22 <-- 0.006625 s
currentSize : 23 <-- 0.007504 s
currentSize : 24 <-- 0.011237 s
currentSize : 25 <-- 0.018908 s
currentSize : 26 <-- 1.746217 s
currentSize : 27 <-- 21.547153 s
currentSize : 28 <-- 28.005335 s
currentSize : 29 <-- 34.212940 s
currentSize : 30 <-- 41.306381 s
currentSize : 31 <-- 41.308372 s
currentSize : 32 <-- 118.460587 s
currentSize : 33 <-- 118.460762 s
currentSize : 34 <-- 118.478279 s
currentSize : 35 <-- 118.660110 s
currentSize : 36 <-- 202.085861 s

TIMEOUT
maxsize : 36
nodes : 598259941.000000
filtered : 7668031057.000000
time : 3600.000000
