Parameters: GAD=1 vflib=1 dir=1 label=1 lowerbound=1 fileNameGp=../graphsdb/mcs30/bvg/b09m/mcs30_b09m_s80.A89 fileNameGt=../graphsdb/mcs30/bvg/b09m/mcs30_b09m_s80.B89
Reading graphs...
80 : 360
80 : 360
Initializing...
maxdom : 10
D->valSize : 431
Solving...
Blb : 3 (clique : 25)
currentSize : 25 <-- 0.004243 s
currentSize : 26 <-- 0.176644 s
currentSize : 27 <-- 0.369327 s
currentSize : 28 <-- 5.060509 s
currentSize : 29 <-- 1203.805786 s
currentSize : 30 <-- 1315.977051 s

maxsize : 30
nodes : 297743796.000000
filtered : 4041939513.000000
time : 1730.218262
