Parameters: GAD=1 vflib=1 dir=1 label=1 lowerbound=1 fileNameGp=../graphsdb/mcs30/m3D/m3Dr6/mcs30_m3Dr6_s90.A40 fileNameGt=../graphsdb/mcs30/m3D/m3Dr6/mcs30_m3Dr6_s90.B40
Reading graphs...
90 : 263
90 : 262
Initializing...
maxdom : 9
D->valSize : 527
Solving...
Blb : 2 (clique : 29)
currentSize : 29 <-- 0.005925 s
currentSize : 31 <-- 0.006215 s
currentSize : 32 <-- 0.006507 s
currentSize : 33 <-- 0.010333 s
currentSize : 34 <-- 0.023406 s
currentSize : 35 <-- 0.580279 s
currentSize : 36 <-- 46.380798 s
currentSize : 37 <-- 104.346451 s

TIMEOUT
maxsize : 37
nodes : 634881353.000000
filtered : 6034188323.000000
time : 3600.000000
