Parameters: GAD=1 vflib=1 dir=1 label=1 lowerbound=1 fileNameGp=../graphsdb/mcs30/m3D/m3Dr6/mcs30_m3Dr6_s40.A45 fileNameGt=../graphsdb/mcs30/m3D/m3Dr6/mcs30_m3Dr6_s40.B45
Reading graphs...
40 : 108
40 : 107
Initializing...
maxdom : 9
D->valSize : 235
Solving...
Blb : 5 (clique : 12)
currentSize : 12 <-- 0.001301 s
currentSize : 13 <-- 0.003579 s
currentSize : 14 <-- 0.160357 s
currentSize : 15 <-- 1.011295 s
currentSize : 16 <-- 1.011567 s

maxsize : 16
nodes : 496978.000000
filtered : 6298910.000000
time : 1.963439
