Parameters: GAD=1 vflib=1 dir=1 label=1 lowerbound=1 fileNameGp=../graphsdb/mcs30/rand/r01/mcs30_r01_s60.A17 fileNameGt=../graphsdb/mcs30/rand/r01/mcs30_r01_s60.B17
Reading graphs...
60 : 353
60 : 353
Initializing...
maxdom : 8
D->valSize : 263
Solving...
Blb : 2 (clique : 14)
currentSize : 14 <-- 0.001774 s
currentSize : 15 <-- 0.001934 s
currentSize : 16 <-- 0.047389 s
currentSize : 17 <-- 0.737970 s
currentSize : 18 <-- 0.778962 s
currentSize : 19 <-- 0.994892 s
currentSize : 21 <-- 1.024968 s

maxsize : 21
nodes : 322197.000000
filtered : 3707205.000000
time : 1.495746
