Parameters: GAD=1 vflib=1 dir=1 label=1 lowerbound=1 fileNameGp=../graphsdb/mcs30/m2D/m2D/mcs30_m2D_s60.A82 fileNameGt=../graphsdb/mcs30/m2D/m2D/mcs30_m2D_s60.B82
Reading graphs...
60 : 104
60 : 104
Initializing...
maxdom : 6
D->valSize : 220
Solving...
Blb : 2 (clique : 19)
currentSize : 19 <-- 0.001942 s
currentSize : 20 <-- 0.002376 s
currentSize : 21 <-- 0.002640 s
currentSize : 22 <-- 0.002787 s
currentSize : 23 <-- 0.020245 s
currentSize : 24 <-- 1.687598 s
currentSize : 25 <-- 2.252882 s
currentSize : 26 <-- 10.027575 s

maxsize : 26
nodes : 30610326.000000
filtered : 225679853.000000
time : 133.837997
