Parameters: GAD=1 vflib=1 dir=1 label=1 lowerbound=1 fileNameGp=../graphsdb/mcs30/m3D/m3Dr4/mcs30_m3Dr4_s90.A69 fileNameGt=../graphsdb/mcs30/m3D/m3Dr4/mcs30_m3Dr4_s90.B69
Reading graphs...
90 : 245
90 : 245
Initializing...
maxdom : 11
D->valSize : 533
Solving...
Blb : 2 (clique : 26)
currentSize : 26 <-- 0.009987 s
currentSize : 27 <-- 0.010402 s
currentSize : 28 <-- 0.014278 s
currentSize : 29 <-- 0.019543 s
currentSize : 30 <-- 0.045116 s
currentSize : 31 <-- 10.007789 s
currentSize : 32 <-- 10.043587 s
currentSize : 33 <-- 46.300228 s
currentSize : 34 <-- 148.709854 s
currentSize : 35 <-- 312.066711 s
currentSize : 36 <-- 336.005859 s

TIMEOUT
maxsize : 36
nodes : 649082851.000000
filtered : 5969968002.000000
time : 3600.000000
