Parameters: GAD=1 vflib=1 dir=1 label=1 lowerbound=1 fileNameGp=../graphsdb/mcs30/m4D/m4D/mcs30_m4D_s60.A12 fileNameGt=../graphsdb/mcs30/m4D/m4D/mcs30_m4D_s60.B12
Reading graphs...
60 : 102
60 : 102
Initializing...
maxdom : 8
D->valSize : 245
Solving...
Blb : 2 (clique : 20)
currentSize : 20 <-- 0.002826 s
currentSize : 21 <-- 0.003083 s
currentSize : 22 <-- 0.003260 s
currentSize : 23 <-- 0.015417 s
currentSize : 24 <-- 0.118880 s
currentSize : 25 <-- 1.110229 s
currentSize : 26 <-- 6.452734 s
currentSize : 27 <-- 106.255219 s
currentSize : 28 <-- 867.958740 s

maxsize : 28
nodes : 261769952.000000
filtered : 2145809453.000000
time : 1141.008301
