Parameters: GAD=1 vflib=1 dir=1 label=1 lowerbound=1 fileNameGp=../graphsdb/mcs30/bvg/b06m/mcs30_b06m_s80.A09 fileNameGt=../graphsdb/mcs30/bvg/b06m/mcs30_b06m_s80.B09
Reading graphs...
80 : 240
80 : 240
Initializing...
maxdom : 9
D->valSize : 434
Solving...
Blb : 3 (clique : 24)
currentSize : 24 <-- 0.004224 s
currentSize : 25 <-- 2.374352 s
currentSize : 26 <-- 44.518860 s
currentSize : 27 <-- 243.898209 s
currentSize : 28 <-- 980.101013 s
currentSize : 29 <-- 3345.148682 s
currentSize : 30 <-- 3345.149170 s
currentSize : 31 <-- 3345.188965 s
currentSize : 32 <-- 3345.189209 s
currentSize : 33 <-- 3345.189453 s
currentSize : 34 <-- 3345.313477 s

TIMEOUT
maxsize : 34
nodes : 667282540.000000
filtered : 6580963580.000000
time : 3600.000000
