Parameters: GAD=1 vflib=1 dir=1 label=1 lowerbound=1 fileNameGp=../graphsdb/mcs30/rand/r02/mcs30_r02_s70.A25 fileNameGt=../graphsdb/mcs30/rand/r02/mcs30_r02_s70.B25
Reading graphs...
70 : 965
70 : 965
Initializing...
maxdom : 11
D->valSize : 339
Solving...
Blb : 2 (clique : 7)
currentSize : 7 <-- 0.002523 s
currentSize : 8 <-- 0.002641 s
currentSize : 9 <-- 0.002671 s
currentSize : 11 <-- 0.003623 s
currentSize : 13 <-- 0.009174 s
currentSize : 15 <-- 0.009216 s
currentSize : 18 <-- 0.025804 s
currentSize : 21 <-- 0.025875 s

maxsize : 21
nodes : 14289.000000
filtered : 352625.000000
time : 0.087744
