Parameters: GAD=1 vflib=1 dir=1 label=1 lowerbound=1 fileNameGp=../graphsdb/mcs30/rand/r005/mcs30_r005_s60.A29 fileNameGt=../graphsdb/mcs30/rand/r005/mcs30_r005_s60.B29
Reading graphs...
60 : 179
60 : 179
Initializing...
maxdom : 9
D->valSize : 248
Solving...
Blb : 2 (clique : 18)
currentSize : 18 <-- 0.001881 s
currentSize : 19 <-- 0.002215 s
currentSize : 20 <-- 0.005695 s
currentSize : 21 <-- 0.016490 s
currentSize : 22 <-- 1.148583 s
currentSize : 23 <-- 45.933815 s

maxsize : 23
nodes : 34927918.000000
filtered : 297466530.000000
time : 156.488922
