Parameters: GAD=1 vflib=1 dir=1 label=1 lowerbound=1 fileNameGp=../graphsdb/mcs30/rand/r01/mcs30_r01_s70.A01 fileNameGt=../graphsdb/mcs30/rand/r01/mcs30_r01_s70.B01
Reading graphs...
70 : 482
70 : 482
Initializing...
maxdom : 9
D->valSize : 289
Solving...
Blb : 2 (clique : 11)
currentSize : 11 <-- 0.002378 s
currentSize : 12 <-- 0.002513 s
currentSize : 13 <-- 0.002580 s
currentSize : 14 <-- 0.011387 s
currentSize : 15 <-- 0.031450 s
currentSize : 16 <-- 0.134591 s
currentSize : 17 <-- 0.254055 s
currentSize : 18 <-- 0.410984 s
currentSize : 19 <-- 0.411579 s
currentSize : 20 <-- 0.850295 s
currentSize : 21 <-- 0.850374 s

maxsize : 21
nodes : 545319.000000
filtered : 8216648.000000
time : 2.978674
