Parameters: GAD=1 vflib=1 dir=1 label=1 lowerbound=1 fileNameGp=../graphsdb/mcs30/rand/r01/mcs30_r01_s100.A15 fileNameGt=../graphsdb/mcs30/rand/r01/mcs30_r01_s100.B15
Reading graphs...
100 : 989
100 : 989
Initializing...
maxdom : 7
D->valSize : 331
Solving...
Blb : 2 (clique : 12)
currentSize : 12 <-- 0.003082 s
currentSize : 13 <-- 0.003441 s
currentSize : 14 <-- 0.015333 s
currentSize : 16 <-- 0.018863 s
currentSize : 17 <-- 0.157609 s
currentSize : 18 <-- 0.171469 s
currentSize : 19 <-- 0.234409 s
currentSize : 20 <-- 0.672454 s
currentSize : 22 <-- 0.881261 s
currentSize : 23 <-- 1.179307 s
currentSize : 24 <-- 2.129367 s
currentSize : 25 <-- 4.131704 s
currentSize : 27 <-- 4.539399 s
currentSize : 28 <-- 5.417232 s
currentSize : 30 <-- 6.938511 s

maxsize : 30
nodes : 1430362.000000
filtered : 13654389.000000
time : 8.659388
