Parameters: GAD=1 vflib=1 dir=1 label=1 lowerbound=1 fileNameGp=../graphsdb/mcs30/m4D/m4Dr4/mcs30_m4Dr4_s50.A31 fileNameGt=../graphsdb/mcs30/m4D/m4Dr4/mcs30_m4Dr4_s50.B31
Reading graphs...
50 : 107
50 : 107
Initializing...
maxdom : 9
D->valSize : 323
Solving...
Blb : 2 (clique : 21)
currentSize : 21 <-- 0.002443 s
currentSize : 22 <-- 0.002612 s
currentSize : 23 <-- 0.006034 s
currentSize : 24 <-- 5.731431 s
currentSize : 25 <-- 5.733027 s

maxsize : 25
nodes : 14988081.000000
filtered : 208534892.000000
time : 71.219757
