Parameters: GAD=1 vflib=1 dir=1 label=1 lowerbound=1 fileNameGp=../graphsdb/mcs30/m3D/m3Dr2/mcs30_m3Dr2_s100.A97 fileNameGt=../graphsdb/mcs30/m3D/m3Dr2/mcs30_m3Dr2_s100.B97
Reading graphs...
100 : 255
100 : 255
Initializing...
maxdom : 7
D->valSize : 321
Solving...
Blb : 2 (clique : 29)
currentSize : 29 <-- 0.003316 s
currentSize : 31 <-- 0.003681 s
currentSize : 32 <-- 0.004087 s
currentSize : 33 <-- 0.186356 s
currentSize : 34 <-- 13.538671 s
currentSize : 35 <-- 75.185081 s
currentSize : 36 <-- 76.265305 s
currentSize : 37 <-- 1516.142578 s

TIMEOUT
maxsize : 37
nodes : 666116868.000000
filtered : 3692553874.000000
time : 3600.000000
