Parameters: GAD=1 vflib=1 dir=1 label=1 lowerbound=1 fileNameGp=../graphsdb/mcs30/m2D/m2Dr6/mcs30_m2Dr6_s30.A52 fileNameGt=../graphsdb/mcs30/m2D/m2Dr6/mcs30_m2Dr6_s30.B52
Reading graphs...
30 : 67
30 : 67
Initializing...
maxdom : 8
D->valSize : 115
Solving...
Blb : 2 (clique : 8)
currentSize : 8 <-- 0.000580 s
currentSize : 9 <-- 0.000717 s
currentSize : 10 <-- 0.002031 s
currentSize : 11 <-- 0.003493 s
currentSize : 12 <-- 0.005247 s
currentSize : 13 <-- 0.005292 s

maxsize : 13
nodes : 2426.000000
filtered : 21651.000000
time : 0.008582
