Parameters: GAD=1 vflib=1 dir=1 label=1 lowerbound=1 fileNameGp=../graphsdb/mcs30/bvg/b03m/mcs30_b03m_s100.A19 fileNameGt=../graphsdb/mcs30/bvg/b03m/mcs30_b03m_s100.B19
Reading graphs...
100 : 150
100 : 150
Initializing...
maxdom : 7
D->valSize : 336
Solving...
Blb : 2 (clique : 37)
currentSize : 37 <-- 0.003506 s
currentSize : 38 <-- 0.009210 s
currentSize : 39 <-- 0.020201 s
currentSize : 40 <-- 0.023831 s
currentSize : 42 <-- 0.082289 s
currentSize : 43 <-- 0.082655 s
currentSize : 44 <-- 54.246700 s

TIMEOUT
maxsize : 44
nodes : 738405614.000000
filtered : 2743994977.000000
time : 3600.000000
