Parameters: GAD=1 vflib=1 dir=1 label=1 lowerbound=1 fileNameGp=../graphsdb/mcs30/m2D/m2Dr2/mcs30_m2Dr2_s50.A80 fileNameGt=../graphsdb/mcs30/m2D/m2Dr2/mcs30_m2Dr2_s50.B80
Reading graphs...
50 : 95
50 : 95
Initializing...
maxdom : 10
D->valSize : 316
Solving...
Blb : 2 (clique : 18)
currentSize : 18 <-- 0.002436 s
currentSize : 20 <-- 0.002554 s
currentSize : 21 <-- 0.002657 s
currentSize : 22 <-- 27.764269 s
currentSize : 23 <-- 27.857492 s

maxsize : 23
nodes : 17958123.000000
filtered : 228105499.000000
time : 78.418350
