Parameters: GAD=1 vflib=1 dir=1 label=1 lowerbound=1 fileNameGp=../graphsdb/mcs30/m3D/m3Dr2/mcs30_m3Dr2_s40.A13 fileNameGt=../graphsdb/mcs30/m3D/m3Dr2/mcs30_m3Dr2_s40.B13
Reading graphs...
40 : 92
40 : 92
Initializing...
maxdom : 7
D->valSize : 186
Solving...
Blb : 2 (clique : 12)
currentSize : 12 <-- 0.001602 s
currentSize : 13 <-- 0.001737 s
currentSize : 14 <-- 0.001902 s
currentSize : 15 <-- 0.801283 s
currentSize : 16 <-- 1.030124 s

maxsize : 16
nodes : 486194.000000
filtered : 4206357.000000
time : 1.848752
