Parameters: GAD=1 vflib=1 dir=1 label=1 lowerbound=1 fileNameGp=../graphsdb/mcs30/m2D/m2Dr4/mcs30_m2Dr4_s80.A69 fileNameGt=../graphsdb/mcs30/m2D/m2Dr4/mcs30_m2Dr4_s80.B69
Reading graphs...
80 : 174
80 : 173
Initializing...
maxdom : 8
D->valSize : 408
Solving...
Blb : 2 (clique : 27)
currentSize : 27 <-- 0.007228 s
currentSize : 28 <-- 0.010665 s
currentSize : 29 <-- 0.011172 s
currentSize : 30 <-- 0.013740 s
currentSize : 31 <-- 3.972675 s
currentSize : 32 <-- 352.973602 s

TIMEOUT
maxsize : 32
nodes : 723205329.000000
filtered : 5292112960.000000
time : 3600.000000
