Parameters: GAD=1 vflib=1 dir=1 label=1 lowerbound=1 fileNameGp=../graphsdb/mcs30/bvg/b09/mcs30_b09_s100.A11 fileNameGt=../graphsdb/mcs30/bvg/b09/mcs30_b09_s100.B11
Reading graphs...
100 : 450
100 : 450
Initializing...
maxdom : 7
D->valSize : 314
Solving...
Blb : 3 (clique : 22)
currentSize : 22 <-- 0.003120 s
currentSize : 23 <-- 0.061889 s
currentSize : 24 <-- 0.062301 s
currentSize : 25 <-- 207.795731 s
currentSize : 27 <-- 619.013550 s
currentSize : 28 <-- 619.013672 s
currentSize : 29 <-- 619.015320 s
currentSize : 30 <-- 620.238342 s
currentSize : 31 <-- 952.285278 s
currentSize : 32 <-- 1200.350342 s
currentSize : 33 <-- 2521.215576 s
currentSize : 34 <-- 3306.693604 s
currentSize : 35 <-- 3326.066895 s

TIMEOUT
maxsize : 35
nodes : 651121897.000000
filtered : 4245148913.000000
time : 3600.000000
