Parameters: GAD=1 vflib=1 dir=1 label=1 lowerbound=1 fileNameGp=../graphsdb/mcs30/bvg/b03m/mcs30_b03m_s40.A75 fileNameGt=../graphsdb/mcs30/bvg/b03m/mcs30_b03m_s40.B75
Reading graphs...
40 : 60
40 : 60
Initializing...
maxdom : 10
D->valSize : 216
Solving...
Blb : 3 (clique : 16)
currentSize : 16 <-- 0.001971 s
currentSize : 17 <-- 0.126689 s
currentSize : 18 <-- 1.167822 s
currentSize : 19 <-- 1.234006 s
currentSize : 20 <-- 3.760123 s

maxsize : 20
nodes : 1449730.000000
filtered : 9445746.000000
time : 5.079505
