Parameters: GAD=1 vflib=1 dir=1 label=1 lowerbound=1 fileNameGp=../graphsdb/mcs30/rand/r02/mcs30_r02_s100.A63 fileNameGt=../graphsdb/mcs30/rand/r02/mcs30_r02_s100.B63
Reading graphs...
100 : 1979
100 : 1979
Initializing...
maxdom : 9
D->valSize : 338
Solving...
Blb : 2 (clique : 10)
currentSize : 10 <-- 0.003250 s
currentSize : 11 <-- 0.003386 s
currentSize : 13 <-- 0.003523 s
currentSize : 15 <-- 0.003590 s
currentSize : 19 <-- 0.004008 s
currentSize : 20 <-- 0.030408 s
currentSize : 21 <-- 0.081972 s
currentSize : 30 <-- 0.082392 s

maxsize : 30
nodes : 22065.000000
filtered : 415317.000000
time : 0.153998
