Parameters: GAD=1 vflib=1 dir=1 label=1 lowerbound=1 fileNameGp=../graphsdb/mcs30/m4D/m4Dr2/mcs30_m4Dr2_s60.A51 fileNameGt=../graphsdb/mcs30/m4D/m4Dr2/mcs30_m4Dr2_s60.B51
Reading graphs...
60 : 114
60 : 114
Initializing...
maxdom : 7
D->valSize : 257
Solving...
Blb : 2 (clique : 21)
currentSize : 21 <-- 0.002032 s
currentSize : 22 <-- 0.029123 s
currentSize : 23 <-- 3.047282 s
currentSize : 24 <-- 68.519310 s
currentSize : 25 <-- 109.231857 s
currentSize : 26 <-- 110.477631 s
currentSize : 27 <-- 111.476990 s

maxsize : 27
nodes : 47607536.000000
filtered : 314446092.000000
time : 201.240921
