Parameters: GAD=1 vflib=1 dir=1 label=1 lowerbound=1 fileNameGp=../graphsdb/mcs30/m3D/m3D/mcs30_m3D_s80.A22 fileNameGt=../graphsdb/mcs30/m3D/m3D/mcs30_m3D_s80.B22
Reading graphs...
80 : 184
80 : 184
Initializing...
maxdom : 8
D->valSize : 401
Solving...
Blb : 2 (clique : 29)
currentSize : 29 <-- 0.003820 s
currentSize : 30 <-- 0.535127 s
currentSize : 31 <-- 18.604897 s
currentSize : 32 <-- 61.794735 s
currentSize : 33 <-- 228.251404 s
currentSize : 34 <-- 228.261154 s
currentSize : 35 <-- 291.770538 s
currentSize : 36 <-- 293.169464 s

TIMEOUT
maxsize : 36
nodes : 668826754.000000
filtered : 6672942181.000000
time : 3600.000000
