Parameters: GAD=1 vflib=1 dir=1 label=1 lowerbound=1 fileNameGp=../graphsdb/mcs30/bvg/b06/mcs30_b06_s50.A74 fileNameGt=../graphsdb/mcs30/bvg/b06/mcs30_b06_s50.B74
Reading graphs...
50 : 150
50 : 150
Initializing...
maxdom : 10
D->valSize : 299
Solving...
Blb : 2 (clique : 13)
currentSize : 13 <-- 0.002034 s
currentSize : 14 <-- 0.002481 s
currentSize : 15 <-- 0.003114 s
currentSize : 16 <-- 0.010583 s
currentSize : 17 <-- 0.013128 s
currentSize : 18 <-- 0.142910 s
currentSize : 19 <-- 2.042015 s
currentSize : 20 <-- 2.042158 s
currentSize : 21 <-- 7.702828 s

maxsize : 21
nodes : 2025702.000000
filtered : 29141481.000000
time : 9.224123
