Parameters: GAD=1 vflib=1 dir=1 label=1 lowerbound=1 fileNameGp=../graphsdb/mcs30/bvg/b03m/mcs30_b03m_s40.A01 fileNameGt=../graphsdb/mcs30/bvg/b03m/mcs30_b03m_s40.B01
Reading graphs...
40 : 60
40 : 60
Initializing...
maxdom : 9
D->valSize : 225
Solving...
Blb : 2 (clique : 17)
currentSize : 17 <-- 0.001296 s
currentSize : 18 <-- 0.109256 s
currentSize : 19 <-- 0.468476 s
currentSize : 20 <-- 0.659834 s
currentSize : 21 <-- 1.806708 s

maxsize : 21
nodes : 1236064.000000
filtered : 14240867.000000
time : 5.104250
