Parameters: GAD=1 vflib=1 dir=1 label=1 lowerbound=1 fileNameGp=../graphsdb/mcs30/bvg/b06m/mcs30_b06m_s60.A71 fileNameGt=../graphsdb/mcs30/bvg/b06m/mcs30_b06m_s60.B71
Reading graphs...
60 : 180
60 : 180
Initializing...
maxdom : 7
D->valSize : 246
Solving...
Blb : 3 (clique : 19)
currentSize : 19 <-- 0.002769 s
currentSize : 20 <-- 0.268901 s
currentSize : 21 <-- 4.986484 s
currentSize : 22 <-- 14.211674 s
currentSize : 23 <-- 42.383282 s

maxsize : 23
nodes : 16059318.000000
filtered : 156682098.000000
time : 72.267937
