Parameters: GAD=1 vflib=1 dir=1 label=1 lowerbound=1 fileNameGp=../graphsdb/mcs30/m4D/m4Dr2/mcs30_m4Dr2_s70.A15 fileNameGt=../graphsdb/mcs30/m4D/m4Dr2/mcs30_m4Dr2_s70.B15
Reading graphs...
70 : 132
70 : 131
Initializing...
maxdom : 9
D->valSize : 301
Solving...
Blb : 5 (clique : 22)
currentSize : 22 <-- 0.002438 s
currentSize : 23 <-- 0.002606 s
currentSize : 24 <-- 0.003037 s
currentSize : 25 <-- 0.070065 s
currentSize : 26 <-- 0.070456 s
currentSize : 27 <-- 0.594229 s
currentSize : 28 <-- 0.594384 s

TIMEOUT
maxsize : 28
nodes : 842242355.000000
filtered : 5801169010.000000
time : 3600.000000
