Parameters: GAD=1 vflib=1 dir=1 label=1 lowerbound=1 fileNameGp=../graphsdb/mcs30/m2D/m2D/mcs30_m2D_s60.A09 fileNameGt=../graphsdb/mcs30/m2D/m2D/mcs30_m2D_s60.B09
Reading graphs...
60 : 104
60 : 104
Initializing...
maxdom : 7
D->valSize : 231
Solving...
Blb : 2 (clique : 22)
currentSize : 22 <-- 0.002618 s
currentSize : 23 <-- 0.002887 s
currentSize : 24 <-- 0.010576 s
currentSize : 25 <-- 0.021147 s
currentSize : 26 <-- 0.033820 s
currentSize : 27 <-- 0.103854 s
currentSize : 28 <-- 161.253860 s
currentSize : 29 <-- 375.710144 s

maxsize : 29
nodes : 120801042.000000
filtered : 813356269.000000
time : 505.004761
