Parameters: GAD=1 vflib=1 dir=1 label=1 lowerbound=1 fileNameGp=../graphsdb/mcs30/m2D/m2Dr6/mcs30_m2Dr6_s70.A29 fileNameGt=../graphsdb/mcs30/m2D/m2Dr6/mcs30_m2Dr6_s70.B29
Reading graphs...
70 : 165
70 : 161
Initializing...
maxdom : 9
D->valSize : 340
Solving...
Blb : 2 (clique : 24)
currentSize : 24 <-- 0.004595 s
currentSize : 26 <-- 0.004972 s
currentSize : 27 <-- 0.098362 s
currentSize : 28 <-- 39.825897 s
currentSize : 29 <-- 2507.323730 s
currentSize : 30 <-- 2512.637207 s

TIMEOUT
maxsize : 30
nodes : 760551484.000000
filtered : 6820137025.000000
time : 3600.000000
