Parameters: GAD=1 vflib=1 dir=1 label=1 lowerbound=1 fileNameGp=../graphsdb/mcs30/m2D/m2Dr6/mcs30_m2Dr6_s70.A75 fileNameGt=../graphsdb/mcs30/m2D/m2Dr6/mcs30_m2Dr6_s70.B75
Reading graphs...
70 : 165
70 : 163
Initializing...
maxdom : 7
D->valSize : 320
Solving...
Blb : 2 (clique : 22)
currentSize : 22 <-- 0.002743 s
currentSize : 23 <-- 0.003656 s
currentSize : 24 <-- 0.004898 s
currentSize : 25 <-- 0.183747 s
currentSize : 26 <-- 0.612046 s
currentSize : 27 <-- 0.897411 s
currentSize : 28 <-- 1.218690 s
currentSize : 29 <-- 1.270905 s
currentSize : 30 <-- 514.544067 s

maxsize : 30
nodes : 173470608.000000
filtered : 1689429759.000000
time : 878.309082
