Parameters: GAD=1 vflib=1 dir=1 label=1 lowerbound=1 fileNameGp=../graphsdb/mcs30/m4D/m4Dr6/mcs30_m4Dr6_s60.A69 fileNameGt=../graphsdb/mcs30/m4D/m4Dr6/mcs30_m4Dr6_s60.B69
Reading graphs...
60 : 138
60 : 138
Initializing...
maxdom : 8
D->valSize : 259
Solving...
Blb : 3 (clique : 18)
currentSize : 18 <-- 0.002963 s
currentSize : 19 <-- 0.053739 s
currentSize : 20 <-- 0.065530 s
currentSize : 21 <-- 3.728123 s
currentSize : 22 <-- 4.288805 s
currentSize : 23 <-- 32.592175 s
currentSize : 24 <-- 32.618851 s
currentSize : 25 <-- 89.035263 s

maxsize : 25
nodes : 49167439.000000
filtered : 427295108.000000
time : 226.360535
