Parameters: GAD=1 vflib=1 dir=1 label=1 lowerbound=1 fileNameGp=../graphsdb/mcs30/rand/r005/mcs30_r005_s50.A37 fileNameGt=../graphsdb/mcs30/rand/r005/mcs30_r005_s50.B37
Reading graphs...
50 : 126
50 : 126
Initializing...
maxdom : 10
D->valSize : 326
Solving...
Blb : 2 (clique : 15)
currentSize : 15 <-- 0.003743 s
currentSize : 16 <-- 0.023072 s
currentSize : 17 <-- 2.625386 s
currentSize : 18 <-- 2.626658 s
currentSize : 19 <-- 4.015064 s
currentSize : 20 <-- 9.889141 s
currentSize : 21 <-- 95.324471 s

maxsize : 21
nodes : 44391037.000000
filtered : 701466193.000000
time : 208.815887
