Parameters: GAD=1 vflib=1 dir=1 label=1 lowerbound=1 fileNameGp=../graphsdb/mcs30/m4D/m4Dr4/mcs30_m4Dr4_s70.A77 fileNameGt=../graphsdb/mcs30/m4D/m4Dr4/mcs30_m4Dr4_s70.B77
Reading graphs...
70 : 146
70 : 145
Initializing...
maxdom : 7
D->valSize : 314
Solving...
Blb : 2 (clique : 23)
currentSize : 23 <-- 0.002941 s
currentSize : 24 <-- 0.003246 s
currentSize : 25 <-- 0.732583 s
currentSize : 26 <-- 1.802659 s
currentSize : 27 <-- 5.340369 s
currentSize : 28 <-- 165.387390 s
currentSize : 29 <-- 3117.253906 s

TIMEOUT
maxsize : 29
nodes : 762218115.000000
filtered : 6931268069.000000
time : 3600.000000
