Parameters: GAD=1 vflib=1 dir=1 label=1 lowerbound=1 fileNameGp=../graphsdb/mcs30/rand/r01/mcs30_r01_s100.A95 fileNameGt=../graphsdb/mcs30/rand/r01/mcs30_r01_s100.B95
Reading graphs...
100 : 989
100 : 989
Initializing...
maxdom : 8
D->valSize : 340
Solving...
Blb : 2 (clique : 15)
currentSize : 15 <-- 0.005315 s
currentSize : 16 <-- 0.005616 s
currentSize : 17 <-- 0.005838 s
currentSize : 18 <-- 0.006405 s
currentSize : 19 <-- 0.006909 s
currentSize : 22 <-- 0.008231 s
currentSize : 23 <-- 0.008535 s
currentSize : 24 <-- 0.014776 s
currentSize : 25 <-- 0.014912 s
currentSize : 26 <-- 0.014986 s
currentSize : 27 <-- 0.082421 s
currentSize : 30 <-- 0.082456 s

maxsize : 30
nodes : 1600924.000000
filtered : 16717017.000000
time : 9.978770
