Parameters: GAD=1 vflib=1 dir=1 label=1 lowerbound=1 fileNameGp=../graphsdb/mcs30/bvg/b09/mcs30_b09_s90.A59 fileNameGt=../graphsdb/mcs30/bvg/b09/mcs30_b09_s90.B59
Reading graphs...
90 : 405
90 : 405
Initializing...
maxdom : 9
D->valSize : 517
Solving...
Blb : 5 (clique : 23)
currentSize : 23 <-- 0.009192 s
currentSize : 24 <-- 491.187805 s
currentSize : 25 <-- 491.218689 s
currentSize : 26 <-- 1853.876587 s
currentSize : 27 <-- 1853.879028 s
currentSize : 28 <-- 2753.716309 s

TIMEOUT
maxsize : 28
nodes : 603797551.000000
filtered : 7718632710.000000
time : 3600.000000
