Parameters: GAD=1 vflib=1 dir=1 label=1 lowerbound=1 fileNameGp=../graphsdb/mcs30/rand/r005/mcs30_r005_s70.A25 fileNameGt=../graphsdb/mcs30/rand/r005/mcs30_r005_s70.B25
Reading graphs...
70 : 240
70 : 240
Initializing...
maxdom : 10
D->valSize : 323
Solving...
Blb : 2 (clique : 19)
currentSize : 19 <-- 0.004185 s
currentSize : 20 <-- 0.053141 s
currentSize : 21 <-- 0.714415 s
currentSize : 22 <-- 6.770881 s
currentSize : 23 <-- 105.362740 s
currentSize : 24 <-- 121.581940 s

maxsize : 24
nodes : 73907713.000000
filtered : 946408367.000000
time : 409.394897
