Parameters: GAD=1 vflib=1 dir=1 label=1 lowerbound=1 fileNameGp=../graphsdb/mcs30/m3D/m3Dr4/mcs30_m3Dr4_s90.A95 fileNameGt=../graphsdb/mcs30/m3D/m3Dr4/mcs30_m3Dr4_s90.B95
Reading graphs...
90 : 245
90 : 245
Initializing...
maxdom : 9
D->valSize : 513
Solving...
Blb : 2 (clique : 27)
currentSize : 27 <-- 0.005657 s
currentSize : 28 <-- 0.007273 s
currentSize : 29 <-- 0.009857 s
currentSize : 30 <-- 0.057517 s
currentSize : 31 <-- 130.170517 s
currentSize : 32 <-- 526.321960 s

TIMEOUT
maxsize : 32
nodes : 721085583.000000
filtered : 5132971155.000000
time : 3600.000000
