Parameters: GAD=1 vflib=1 dir=1 label=1 lowerbound=1 fileNameGp=../graphsdb/mcs30/bvg/b06m/mcs30_b06m_s60.A21 fileNameGt=../graphsdb/mcs30/bvg/b06m/mcs30_b06m_s60.B21
Reading graphs...
60 : 180
60 : 180
Initializing...
maxdom : 6
D->valSize : 240
Solving...
Blb : 3 (clique : 17)
currentSize : 17 <-- 0.001618 s
currentSize : 18 <-- 0.001804 s
currentSize : 19 <-- 0.001834 s
currentSize : 20 <-- 0.007134 s
currentSize : 21 <-- 0.087701 s
currentSize : 22 <-- 0.236625 s
currentSize : 23 <-- 0.584831 s

maxsize : 23
nodes : 31173393.000000
filtered : 235766411.000000
time : 134.974915
