Parameters: GAD=1 vflib=1 dir=1 label=1 lowerbound=1 fileNameGp=../graphsdb/mcs30/m4D/m4Dr4/mcs30_m4Dr4_s70.A11 fileNameGt=../graphsdb/mcs30/m4D/m4Dr4/mcs30_m4Dr4_s70.B11
Reading graphs...
70 : 145
70 : 145
Initializing...
maxdom : 8
D->valSize : 295
Solving...
Blb : 2 (clique : 22)
currentSize : 22 <-- 0.002460 s
currentSize : 23 <-- 0.002667 s
currentSize : 24 <-- 0.005242 s
currentSize : 25 <-- 1.433047 s
currentSize : 26 <-- 4.297715 s
currentSize : 27 <-- 6.117293 s
currentSize : 28 <-- 52.819466 s
currentSize : 29 <-- 159.483292 s
currentSize : 30 <-- 1608.729370 s

TIMEOUT
maxsize : 30
nodes : 769365688.000000
filtered : 5327474161.000000
time : 3600.000000
