Parameters: GAD=1 vflib=1 dir=1 label=1 lowerbound=1 fileNameGp=../graphsdb/mcs30/rand/r01/mcs30_r01_s60.A92 fileNameGt=../graphsdb/mcs30/rand/r01/mcs30_r01_s60.B92
Reading graphs...
60 : 353
60 : 353
Initializing...
maxdom : 8
D->valSize : 252
Solving...
Blb : 2 (clique : 10)
currentSize : 10 <-- 0.001846 s
currentSize : 13 <-- 0.001929 s
currentSize : 14 <-- 0.041785 s
currentSize : 15 <-- 0.077601 s
currentSize : 16 <-- 0.077671 s
currentSize : 17 <-- 0.187214 s
currentSize : 18 <-- 1.070384 s

maxsize : 18
nodes : 375684.000000
filtered : 4538622.000000
time : 1.778542
