Parameters: GAD=1 vflib=1 dir=1 label=1 lowerbound=1 fileNameGp=../graphsdb/mcs30/m3D/m3D/mcs30_m3D_s70.A13 fileNameGt=../graphsdb/mcs30/m3D/m3D/mcs30_m3D_s70.B13
Reading graphs...
70 : 159
70 : 159
Initializing...
maxdom : 7
D->valSize : 324
Solving...
Blb : 2 (clique : 29)
currentSize : 29 <-- 0.002974 s
currentSize : 30 <-- 0.003900 s
currentSize : 31 <-- 0.052875 s
currentSize : 32 <-- 0.055919 s
currentSize : 33 <-- 12.651905 s

maxsize : 33
nodes : 128551290.000000
filtered : 1213991907.000000
time : 651.026672
