Parameters: GAD=1 vflib=1 dir=1 label=1 lowerbound=1 fileNameGp=../graphsdb/mcs30/m2D/m2Dr2/mcs30_m2Dr2_s90.A71 fileNameGt=../graphsdb/mcs30/m2D/m2Dr2/mcs30_m2Dr2_s90.B71
Reading graphs...
90 : 179
90 : 179
Initializing...
maxdom : 11
D->valSize : 538
Solving...
Blb : 2 (clique : 31)
currentSize : 31 <-- 0.010420 s
currentSize : 32 <-- 0.913456 s
currentSize : 33 <-- 30.281988 s
currentSize : 34 <-- 30.283611 s
currentSize : 35 <-- 416.220123 s
currentSize : 36 <-- 416.230804 s
currentSize : 37 <-- 752.555908 s
currentSize : 38 <-- 753.019287 s

TIMEOUT
maxsize : 38
nodes : 617275292.000000
filtered : 5876543303.000000
time : 3600.000000
