Parameters: GAD=1 vflib=1 dir=1 label=1 lowerbound=1 fileNameGp=../graphsdb/mcs30/rand/r005/mcs30_r005_s60.A22 fileNameGt=../graphsdb/mcs30/rand/r005/mcs30_r005_s60.B22
Reading graphs...
60 : 179
60 : 179
Initializing...
maxdom : 8
D->valSize : 245
Solving...
Blb : 2 (clique : 16)
currentSize : 16 <-- 0.002652 s
currentSize : 17 <-- 0.002963 s
currentSize : 18 <-- 0.003503 s
currentSize : 19 <-- 0.018245 s
currentSize : 20 <-- 0.350768 s
currentSize : 21 <-- 7.135513 s
currentSize : 22 <-- 10.284983 s
currentSize : 23 <-- 10.370593 s

maxsize : 23
nodes : 4765516.000000
filtered : 41958007.000000
time : 23.507689
