Parameters: GAD=1 vflib=1 dir=1 label=1 lowerbound=1 fileNameGp=../graphsdb/mcs30/m3D/m3D/mcs30_m3D_s25.A91 fileNameGt=../graphsdb/mcs30/m3D/m3D/mcs30_m3D_s25.B91
Reading graphs...
25 : 49
25 : 49
Initializing...
maxdom : 10
D->valSize : 168
Solving...
Blb : 2 (clique : 9)
currentSize : 9 <-- 0.001167 s
currentSize : 10 <-- 0.001230 s
currentSize : 11 <-- 0.004446 s
currentSize : 12 <-- 0.016222 s
currentSize : 13 <-- 0.025590 s

maxsize : 13
nodes : 5224.000000
filtered : 93334.000000
time : 0.035320
