Parameters: GAD=1 vflib=1 dir=1 label=1 lowerbound=1 fileNameGp=../graphsdb/mcs30/bvg/b03/mcs30_b03_s80.A42 fileNameGt=../graphsdb/mcs30/bvg/b03/mcs30_b03_s80.B42
Reading graphs...
80 : 120
80 : 120
Initializing...
maxdom : 10
D->valSize : 452
Solving...
Blb : 2 (clique : 32)
currentSize : 32 <-- 0.007595 s
currentSize : 33 <-- 0.008015 s
currentSize : 34 <-- 0.012267 s
currentSize : 35 <-- 0.247037 s
currentSize : 36 <-- 21.293247 s
currentSize : 37 <-- 359.076721 s

TIMEOUT
maxsize : 37
nodes : 856668972.000000
filtered : 4872966741.000000
time : 3600.000000
