Parameters: GAD=1 vflib=1 dir=1 label=1 lowerbound=1 fileNameGp=../graphsdb/mcs30/bvg/b09/mcs30_b09_s80.A11 fileNameGt=../graphsdb/mcs30/bvg/b09/mcs30_b09_s80.B11
Reading graphs...
80 : 360
80 : 360
Initializing...
maxdom : 9
D->valSize : 427
Solving...
Blb : 3 (clique : 19)
currentSize : 19 <-- 0.004197 s
currentSize : 20 <-- 0.056794 s
currentSize : 21 <-- 0.111705 s
currentSize : 22 <-- 1.209105 s
currentSize : 23 <-- 3.301217 s
currentSize : 24 <-- 3.310120 s
currentSize : 25 <-- 16.729761 s
currentSize : 26 <-- 16.738726 s
currentSize : 27 <-- 146.576614 s

maxsize : 27
nodes : 630877657.000000
filtered : 8655141276.000000
time : 3599.551514
