Parameters: GAD=1 vflib=1 dir=1 label=1 lowerbound=1 fileNameGp=../graphsdb/mcs30/bvg/b09/mcs30_b09_s100.A04 fileNameGt=../graphsdb/mcs30/bvg/b09/mcs30_b09_s100.B04
Reading graphs...
100 : 450
100 : 450
Initializing...
maxdom : 8
D->valSize : 339
Solving...
Blb : 2 (clique : 21)
currentSize : 21 <-- 0.003474 s
currentSize : 23 <-- 0.003773 s
currentSize : 24 <-- 0.023331 s
currentSize : 25 <-- 0.071799 s
currentSize : 26 <-- 0.465236 s
currentSize : 28 <-- 2.297765 s
currentSize : 29 <-- 2.383950 s
currentSize : 30 <-- 2.413903 s
currentSize : 31 <-- 2.693326 s
currentSize : 32 <-- 3.333205 s
currentSize : 33 <-- 3.410817 s
currentSize : 34 <-- 431.802521 s

maxsize : 34
nodes : 513340666.000000
filtered : 3612731976.000000
time : 2918.392334
