Parameters: GAD=1 vflib=1 dir=1 label=1 lowerbound=1 fileNameGp=../graphsdb/mcs30/rand/r02/mcs30_r02_s100.A09 fileNameGt=../graphsdb/mcs30/rand/r02/mcs30_r02_s100.B09
Reading graphs...
100 : 1979
100 : 1979
Initializing...
maxdom : 7
D->valSize : 357
Solving...
Blb : 2 (clique : 7)
currentSize : 7 <-- 0.003359 s
currentSize : 8 <-- 0.003510 s
currentSize : 10 <-- 0.003667 s
currentSize : 11 <-- 0.004002 s
currentSize : 13 <-- 0.004325 s
currentSize : 14 <-- 0.004641 s
currentSize : 15 <-- 0.005265 s
currentSize : 18 <-- 0.005343 s
currentSize : 20 <-- 0.041135 s
currentSize : 21 <-- 0.074079 s
currentSize : 30 <-- 0.076490 s

maxsize : 30
nodes : 19355.000000
filtered : 428137.000000
time : 0.141609
