Parameters: GAD=1 vflib=1 dir=1 label=1 lowerbound=1 fileNameGp=../graphsdb/mcs30/m3D/m3Dr2/mcs30_m3Dr2_s40.A66 fileNameGt=../graphsdb/mcs30/m3D/m3Dr2/mcs30_m3Dr2_s40.B66
Reading graphs...
40 : 92
40 : 92
Initializing...
maxdom : 10
D->valSize : 177
Solving...
Blb : 2 (clique : 12)
currentSize : 12 <-- 0.001483 s
currentSize : 13 <-- 0.001624 s
currentSize : 14 <-- 0.010095 s
currentSize : 15 <-- 0.011492 s
currentSize : 16 <-- 0.069235 s

maxsize : 16
nodes : 82227.000000
filtered : 867510.000000
time : 0.331067
