Parameters: GAD=1 vflib=1 dir=1 label=1 lowerbound=1 fileNameGp=../graphsdb/mcs30/m3D/m3Dr6/mcs30_m3Dr6_s70.A97 fileNameGt=../graphsdb/mcs30/m3D/m3Dr6/mcs30_m3Dr6_s70.B97
Reading graphs...
70 : 201
70 : 200
Initializing...
maxdom : 7
D->valSize : 311
Solving...
Blb : 2 (clique : 21)
currentSize : 21 <-- 0.002659 s
currentSize : 22 <-- 0.010077 s
currentSize : 23 <-- 0.010931 s
currentSize : 24 <-- 2.945388 s
currentSize : 25 <-- 3.058950 s
currentSize : 26 <-- 83.023041 s
currentSize : 27 <-- 83.333801 s
currentSize : 28 <-- 99.207245 s
currentSize : 29 <-- 125.107430 s
currentSize : 30 <-- 129.508347 s

maxsize : 30
nodes : 38135710.000000
filtered : 319809360.000000
time : 191.126511
