Parameters: GAD=1 vflib=1 dir=1 label=1 lowerbound=1 fileNameGp=../graphsdb/mcs30/m2D/m2Dr4/mcs30_m2Dr4_s60.A03 fileNameGt=../graphsdb/mcs30/m2D/m2Dr4/mcs30_m2Dr4_s60.B03
Reading graphs...
60 : 128
60 : 128
Initializing...
maxdom : 6
D->valSize : 247
Solving...
Blb : 2 (clique : 18)
currentSize : 18 <-- 0.002811 s
currentSize : 19 <-- 0.003425 s
currentSize : 20 <-- 0.005604 s
currentSize : 21 <-- 0.598810 s
currentSize : 22 <-- 2.358356 s
currentSize : 23 <-- 2.374496 s
currentSize : 24 <-- 53.447643 s
currentSize : 25 <-- 161.800400 s
currentSize : 26 <-- 191.421097 s

maxsize : 26
nodes : 68091246.000000
filtered : 514310476.000000
time : 291.894012
