Parameters: GAD=1 vflib=1 dir=1 label=1 lowerbound=1 fileNameGp=../graphsdb/mcs30/m2D/m2D/mcs30_m2D_s60.A75 fileNameGt=../graphsdb/mcs30/m2D/m2D/mcs30_m2D_s60.B75
Reading graphs...
60 : 104
60 : 104
Initializing...
maxdom : 7
D->valSize : 261
Solving...
Blb : 2 (clique : 24)
currentSize : 24 <-- 0.002244 s
currentSize : 25 <-- 0.797213 s
currentSize : 26 <-- 0.874657 s
currentSize : 27 <-- 3.899113 s
currentSize : 28 <-- 7.518517 s

maxsize : 28
nodes : 4317840.000000
filtered : 39034264.000000
time : 20.124794
