Parameters: GAD=1 vflib=1 dir=1 label=1 lowerbound=1 fileNameGp=../graphsdb/mcs30/rand/r001/mcs30_r001_s100.A89 fileNameGt=../graphsdb/mcs30/rand/r001/mcs30_r001_s100.B89
Reading graphs...
100 : 120
100 : 120
Initializing...
maxdom : 8
D->valSize : 360
Solving...
Blb : 2 (clique : 38)
currentSize : 38 <-- 0.003862 s
currentSize : 39 <-- 2.217697 s
currentSize : 40 <-- 2.383602 s
currentSize : 41 <-- 1524.409424 s
currentSize : 42 <-- 1530.283936 s
currentSize : 43 <-- 1569.032349 s
currentSize : 44 <-- 3090.785645 s
currentSize : 45 <-- 3250.138184 s

TIMEOUT
maxsize : 45
nodes : 756039755.000000
filtered : 2464062857.000000
time : 3600.000000
