Parameters: GAD=1 vflib=1 dir=1 label=1 lowerbound=1 fileNameGp=../graphsdb/mcs30/m2D/m2Dr4/mcs30_m2Dr4_s90.A94 fileNameGt=../graphsdb/mcs30/m2D/m2Dr4/mcs30_m2Dr4_s90.B94
Reading graphs...
90 : 197
90 : 197
Initializing...
maxdom : 8
D->valSize : 521
Solving...
Blb : 2 (clique : 29)
currentSize : 29 <-- 0.005956 s
currentSize : 31 <-- 0.006188 s
currentSize : 32 <-- 0.006668 s
currentSize : 33 <-- 0.009107 s
currentSize : 34 <-- 0.156797 s
currentSize : 35 <-- 0.322040 s
currentSize : 36 <-- 1.051141 s
currentSize : 37 <-- 5.860147 s
currentSize : 38 <-- 49.914219 s

TIMEOUT
maxsize : 38
nodes : 659639229.000000
filtered : 4802276459.000000
time : 3600.000000
