Parameters: GAD=1 vflib=1 dir=1 label=1 lowerbound=1 fileNameGp=../graphsdb/mcs30/rand/r02/mcs30_r02_s70.A30 fileNameGt=../graphsdb/mcs30/rand/r02/mcs30_r02_s70.B30
Reading graphs...
70 : 965
70 : 965
Initializing...
maxdom : 9
D->valSize : 323
Solving...
Blb : 2 (clique : 12)
currentSize : 12 <-- 0.003750 s
currentSize : 14 <-- 0.003917 s
currentSize : 16 <-- 0.003963 s
currentSize : 17 <-- 0.004100 s
currentSize : 19 <-- 0.004188 s
currentSize : 21 <-- 0.021626 s

maxsize : 21
nodes : 11749.000000
filtered : 280466.000000
time : 0.082493
