Parameters: GAD=1 vflib=1 dir=1 label=1 lowerbound=1 fileNameGp=../graphsdb/mcs30/rand/r02/mcs30_r02_s70.A46 fileNameGt=../graphsdb/mcs30/rand/r02/mcs30_r02_s70.B46
Reading graphs...
70 : 965
70 : 965
Initializing...
maxdom : 11
D->valSize : 355
Solving...
Blb : 2 (clique : 9)
currentSize : 9 <-- 0.002923 s
currentSize : 10 <-- 0.004033 s
currentSize : 11 <-- 0.004470 s
currentSize : 13 <-- 0.010272 s
currentSize : 15 <-- 0.019753 s
currentSize : 19 <-- 0.022215 s
currentSize : 20 <-- 0.028691 s
currentSize : 21 <-- 0.032422 s

maxsize : 21
nodes : 9945.000000
filtered : 263255.000000
time : 0.063896
