Parameters: GAD=1 vflib=1 dir=1 label=1 lowerbound=1 fileNameGp=../graphsdb/mcs30/m4D/m4Dr6/mcs30_m4Dr6_s60.A30 fileNameGt=../graphsdb/mcs30/m4D/m4Dr6/mcs30_m4Dr6_s60.B30
Reading graphs...
60 : 138
60 : 137
Initializing...
maxdom : 7
D->valSize : 226
Solving...
Blb : 5 (clique : 19)
currentSize : 19 <-- 0.001719 s
currentSize : 20 <-- 0.126147 s
currentSize : 21 <-- 0.219389 s
currentSize : 22 <-- 0.333271 s
currentSize : 23 <-- 71.999512 s

maxsize : 23
nodes : 56401964.000000
filtered : 441243293.000000
time : 231.713135
