Parameters: GAD=1 vflib=1 dir=1 label=1 lowerbound=1 fileNameGp=../graphsdb/mcs30/m2D/m2Dr2/mcs30_m2Dr2_s60.A89 fileNameGt=../graphsdb/mcs30/m2D/m2Dr2/mcs30_m2Dr2_s60.B89
Reading graphs...
60 : 116
60 : 115
Initializing...
maxdom : 7
D->valSize : 260
Solving...
Blb : 2 (clique : 20)
currentSize : 20 <-- 0.001873 s
currentSize : 21 <-- 0.001991 s
currentSize : 22 <-- 0.004363 s
currentSize : 23 <-- 16.001022 s
currentSize : 24 <-- 18.502516 s
currentSize : 25 <-- 1330.002075 s

TIMEOUT
maxsize : 25
nodes : 905496253.000000
filtered : 6041391262.000000
time : 3600.000000
