Parameters: GAD=1 vflib=1 dir=1 label=1 lowerbound=1 fileNameGp=../graphsdb/mcs30/m4D/m4Dr4/mcs30_m4Dr4_s70.A61 fileNameGt=../graphsdb/mcs30/m4D/m4Dr4/mcs30_m4Dr4_s70.B61
Reading graphs...
70 : 146
70 : 145
Initializing...
maxdom : 8
D->valSize : 319
Solving...
Blb : 2 (clique : 23)
currentSize : 23 <-- 0.002746 s
currentSize : 24 <-- 0.016961 s
currentSize : 25 <-- 0.543561 s
currentSize : 26 <-- 4.224194 s
currentSize : 27 <-- 23.946081 s
currentSize : 28 <-- 32.864304 s
currentSize : 29 <-- 728.851562 s

TIMEOUT
maxsize : 29
nodes : 765884286.000000
filtered : 6896130231.000000
time : 3600.000000
