Parameters: GAD=1 vflib=1 dir=1 label=1 lowerbound=1 fileNameGp=../graphsdb/mcs30/m2D/m2Dr6/mcs30_m2Dr6_s50.A21 fileNameGt=../graphsdb/mcs30/m2D/m2Dr6/mcs30_m2Dr6_s50.B21
Reading graphs...
50 : 115
50 : 114
Initializing...
maxdom : 8
D->valSize : 318
Solving...
Blb : 2 (clique : 17)
currentSize : 17 <-- 0.003739 s
currentSize : 18 <-- 0.003926 s
currentSize : 19 <-- 0.106096 s
currentSize : 20 <-- 1.970279 s
currentSize : 21 <-- 155.782913 s
currentSize : 22 <-- 388.616791 s

maxsize : 22
nodes : 136684371.000000
filtered : 1988883492.000000
time : 616.937073
