Parameters: GAD=1 vflib=1 dir=1 label=1 lowerbound=1 fileNameGp=../graphsdb/mcs30/m2D/m2Dr4/mcs30_m2Dr4_s60.A97 fileNameGt=../graphsdb/mcs30/m2D/m2Dr4/mcs30_m2Dr4_s60.B97
Reading graphs...
60 : 128
60 : 128
Initializing...
maxdom : 7
D->valSize : 251
Solving...
Blb : 2 (clique : 21)
currentSize : 21 <-- 0.001846 s
currentSize : 22 <-- 0.001994 s
currentSize : 23 <-- 0.002183 s
currentSize : 24 <-- 0.002907 s
currentSize : 25 <-- 0.012308 s
currentSize : 26 <-- 421.557129 s

maxsize : 26
nodes : 157859692.000000
filtered : 1223769860.000000
time : 685.391907
