Parameters: GAD=1 vflib=1 dir=1 label=1 lowerbound=1 fileNameGp=../graphsdb/mcs30/m3D/m3D/mcs30_m3D_s30.A67 fileNameGt=../graphsdb/mcs30/m3D/m3D/mcs30_m3D_s30.B67
Reading graphs...
30 : 61
30 : 61
Initializing...
maxdom : 6
D->valSize : 119
Solving...
Blb : 5 (clique : 9)
currentSize : 9 <-- 0.000583 s
currentSize : 10 <-- 0.000684 s
currentSize : 11 <-- 0.000770 s
currentSize : 12 <-- 0.009396 s
currentSize : 13 <-- 0.016666 s

maxsize : 13
nodes : 13861.000000
filtered : 119127.000000
time : 0.043458
