Parameters: GAD=1 vflib=1 dir=1 label=1 lowerbound=1 fileNameGp=../graphsdb/mcs30/m2D/m2Dr4/mcs30_m2Dr4_s60.A06 fileNameGt=../graphsdb/mcs30/m2D/m2Dr4/mcs30_m2Dr4_s60.B06
Reading graphs...
60 : 128
60 : 127
Initializing...
maxdom : 8
D->valSize : 261
Solving...
Blb : 3 (clique : 18)
currentSize : 18 <-- 0.003092 s
currentSize : 19 <-- 0.003760 s
currentSize : 20 <-- 0.265829 s
currentSize : 21 <-- 7.668956 s
currentSize : 22 <-- 874.399597 s
currentSize : 23 <-- 874.399963 s

maxsize : 23
nodes : 633661065.000000
filtered : 4755202905.000000
time : 2548.163574
