Parameters: GAD=1 vflib=1 dir=1 label=1 lowerbound=1 fileNameGp=../graphsdb/mcs30/m3D/m3Dr2/mcs30_m3Dr2_s30.A59 fileNameGt=../graphsdb/mcs30/m3D/m3Dr2/mcs30_m3Dr2_s30.B59
Reading graphs...
30 : 67
30 : 67
Initializing...
maxdom : 7
D->valSize : 128
Solving...
Blb : 2 (clique : 8)
currentSize : 8 <-- 0.000680 s
currentSize : 9 <-- 0.000895 s
currentSize : 10 <-- 0.006445 s
currentSize : 11 <-- 0.032681 s
currentSize : 12 <-- 0.049569 s

maxsize : 12
nodes : 21276.000000
filtered : 215316.000000
time : 0.071422
