Parameters: GAD=1 vflib=1 dir=1 label=1 lowerbound=1 fileNameGp=../graphsdb/mcs30/m4D/m4Dr4/mcs30_m4Dr4_s80.A76 fileNameGt=../graphsdb/mcs30/m4D/m4Dr4/mcs30_m4Dr4_s80.B76
Reading graphs...
80 : 163
80 : 162
Initializing...
maxdom : 9
D->valSize : 408
Solving...
Blb : 2 (clique : 28)
currentSize : 28 <-- 0.006525 s
currentSize : 29 <-- 0.011099 s
currentSize : 30 <-- 0.025261 s
currentSize : 31 <-- 0.064277 s
currentSize : 32 <-- 0.114316 s
currentSize : 33 <-- 326.439209 s
currentSize : 34 <-- 435.980621 s

TIMEOUT
maxsize : 34
nodes : 757168489.000000
filtered : 5803470337.000000
time : 3600.000000
