Parameters: GAD=1 vflib=1 dir=1 label=1 lowerbound=1 fileNameGp=../graphsdb/mcs30/m4D/m4Dr2/mcs30_m4Dr2_s50.A56 fileNameGt=../graphsdb/mcs30/m4D/m4Dr2/mcs30_m4Dr2_s50.B56
Reading graphs...
50 : 97
50 : 96
Initializing...
maxdom : 12
D->valSize : 343
Solving...
Blb : 3 (clique : 19)
currentSize : 19 <-- 0.002654 s
currentSize : 20 <-- 0.003527 s
currentSize : 21 <-- 0.153101 s
currentSize : 22 <-- 16.353477 s
currentSize : 23 <-- 151.459610 s

maxsize : 23
nodes : 222468455.000000
filtered : 3224748884.000000
time : 1023.946533
