Parameters: GAD=1 vflib=1 dir=1 label=1 lowerbound=1 fileNameGp=../graphsdb/mcs30/bvg/b06m/mcs30_b06m_s25.A94 fileNameGt=../graphsdb/mcs30/bvg/b06m/mcs30_b06m_s25.B94
Reading graphs...
25 : 75
25 : 75
Initializing...
maxdom : 10
D->valSize : 168
Solving...
Blb : 2 (clique : 7)
currentSize : 7 <-- 0.001206 s
currentSize : 8 <-- 0.001273 s
currentSize : 9 <-- 0.001332 s
currentSize : 10 <-- 0.003872 s
currentSize : 11 <-- 0.017850 s

maxsize : 11
nodes : 5297.000000
filtered : 78524.000000
time : 0.031300
