Parameters: GAD=1 vflib=1 dir=1 label=1 lowerbound=1 fileNameGp=../graphsdb/mcs30/bvg/b09/mcs30_b09_s70.A13 fileNameGt=../graphsdb/mcs30/bvg/b09/mcs30_b09_s70.B13
Reading graphs...
70 : 315
70 : 315
Initializing...
maxdom : 9
D->valSize : 339
Solving...
Blb : 3 (clique : 19)
currentSize : 19 <-- 0.004430 s
currentSize : 20 <-- 0.130585 s
currentSize : 21 <-- 0.992467 s
currentSize : 22 <-- 7.114892 s
currentSize : 23 <-- 42.306271 s
currentSize : 24 <-- 147.480774 s
currentSize : 25 <-- 187.962326 s

maxsize : 25
nodes : 49634010.000000
filtered : 508211619.000000
time : 241.781082
