Parameters: GAD=1 vflib=1 dir=1 label=1 lowerbound=1 fileNameGp=../graphsdb/mcs30/rand/r02/mcs30_r02_s60.A43 fileNameGt=../graphsdb/mcs30/rand/r02/mcs30_r02_s60.B43
Reading graphs...
60 : 707
60 : 707
Initializing...
maxdom : 6
D->valSize : 240
Solving...
Blb : 2 (clique : 6)
currentSize : 6 <-- 0.001639 s
currentSize : 9 <-- 0.001734 s
currentSize : 10 <-- 0.002386 s
currentSize : 11 <-- 0.005472 s
currentSize : 13 <-- 0.005545 s
currentSize : 15 <-- 0.042198 s
currentSize : 18 <-- 0.042364 s

maxsize : 18
nodes : 10582.000000
filtered : 162088.000000
time : 0.053144
