Parameters: GAD=1 vflib=1 dir=1 label=1 lowerbound=1 fileNameGp=../graphsdb/mcs30/m3D/m3D/mcs30_m3D_s80.A56 fileNameGt=../graphsdb/mcs30/m3D/m3D/mcs30_m3D_s80.B56
Reading graphs...
80 : 184
80 : 184
Initializing...
maxdom : 8
D->valSize : 422
Solving...
Blb : 2 (clique : 27)
currentSize : 27 <-- 0.004406 s
currentSize : 28 <-- 0.004635 s
currentSize : 29 <-- 0.006534 s
currentSize : 30 <-- 0.670312 s
currentSize : 31 <-- 1.313075 s
currentSize : 32 <-- 285.042145 s
currentSize : 33 <-- 288.455994 s
currentSize : 34 <-- 1183.014404 s

TIMEOUT
maxsize : 34
nodes : 670248873.000000
filtered : 5650829627.000000
time : 3600.000000
