Parameters: GAD=1 vflib=1 dir=1 label=1 lowerbound=1 fileNameGp=../graphsdb/mcs30/bvg/b03/mcs30_b03_s50.A84 fileNameGt=../graphsdb/mcs30/bvg/b03/mcs30_b03_s50.B84
Reading graphs...
50 : 75
50 : 75
Initializing...
maxdom : 9
D->valSize : 323
Solving...
Blb : 2 (clique : 20)
currentSize : 20 <-- 0.002296 s
currentSize : 21 <-- 0.003305 s
currentSize : 22 <-- 0.973866 s
currentSize : 23 <-- 0.974181 s
currentSize : 24 <-- 11.373572 s
currentSize : 25 <-- 35.106979 s

maxsize : 25
nodes : 378073725.000000
filtered : 4216651134.000000
time : 1612.056519
