Parameters: GAD=1 vflib=1 dir=1 label=1 lowerbound=1 fileNameGp=../graphsdb/mcs30/bvg/b03/mcs30_b03_s35.A98 fileNameGt=../graphsdb/mcs30/bvg/b03/mcs30_b03_s35.B98
Reading graphs...
35 : 52
35 : 52
Initializing...
maxdom : 9
D->valSize : 163
Solving...
Blb : 2 (clique : 12)
currentSize : 12 <-- 0.001371 s
currentSize : 13 <-- 0.001507 s
currentSize : 14 <-- 0.131645 s
currentSize : 15 <-- 0.132120 s
currentSize : 16 <-- 0.134981 s
currentSize : 17 <-- 0.193643 s
currentSize : 18 <-- 0.312792 s

maxsize : 18
nodes : 148503.000000
filtered : 1264445.000000
time : 0.527227
