Parameters: GAD=1 vflib=1 dir=1 label=1 lowerbound=1 fileNameGp=../graphsdb/mcs30/bvg/b03/mcs30_b03_s60.A43 fileNameGt=../graphsdb/mcs30/bvg/b03/mcs30_b03_s60.B43
Reading graphs...
60 : 90
60 : 90
Initializing...
maxdom : 7
D->valSize : 249
Solving...
Blb : 2 (clique : 21)
currentSize : 21 <-- 0.001873 s
currentSize : 22 <-- 0.035742 s
currentSize : 23 <-- 0.158663 s
currentSize : 24 <-- 0.453028 s
currentSize : 25 <-- 2.211264 s
currentSize : 26 <-- 2.510075 s
currentSize : 27 <-- 67.353119 s
currentSize : 28 <-- 67.536087 s

maxsize : 28
nodes : 246314741.000000
filtered : 2257354585.000000
time : 1040.594849
