Parameters: GAD=1 vflib=1 dir=1 label=1 lowerbound=1 fileNameGp=../graphsdb/mcs30/m2D/m2Dr4/mcs30_m2Dr4_s90.A44 fileNameGt=../graphsdb/mcs30/m2D/m2Dr4/mcs30_m2Dr4_s90.B44
Reading graphs...
90 : 197
90 : 197
Initializing...
maxdom : 11
D->valSize : 535
Solving...
Blb : 2 (clique : 29)
currentSize : 29 <-- 0.006087 s
currentSize : 30 <-- 0.006445 s
currentSize : 31 <-- 0.007133 s
currentSize : 32 <-- 0.007825 s
currentSize : 33 <-- 0.008637 s
currentSize : 34 <-- 0.015673 s
currentSize : 35 <-- 0.040195 s
currentSize : 36 <-- 4.770575 s
currentSize : 37 <-- 5.970912 s

TIMEOUT
maxsize : 37
nodes : 613592400.000000
filtered : 5315683563.000000
time : 3600.000000
