Parameters: GAD=1 vflib=1 dir=1 label=1 lowerbound=1 fileNameGp=../graphsdb/mcs30/m2D/m2Dr2/mcs30_m2Dr2_s80.A13 fileNameGt=../graphsdb/mcs30/m2D/m2Dr2/mcs30_m2Dr2_s80.B13
Reading graphs...
80 : 158
80 : 158
Initializing...
maxdom : 10
D->valSize : 420
Solving...
Blb : 5 (clique : 25)
currentSize : 25 <-- 0.004184 s
currentSize : 30 <-- 0.004382 s
currentSize : 31 <-- 0.005412 s
currentSize : 32 <-- 0.111482 s
currentSize : 33 <-- 0.111535 s
currentSize : 34 <-- 1.034686 s
currentSize : 35 <-- 1168.965942 s
currentSize : 36 <-- 1169.242310 s
currentSize : 37 <-- 1171.868896 s

TIMEOUT
maxsize : 37
nodes : 670552045.000000
filtered : 6702508560.000000
time : 3600.000000
