Parameters: GAD=1 vflib=1 dir=1 label=1 lowerbound=1 fileNameGp=../graphsdb/mcs30/bvg/b06/mcs30_b06_s50.A39 fileNameGt=../graphsdb/mcs30/bvg/b06/mcs30_b06_s50.B39
Reading graphs...
50 : 150
50 : 150
Initializing...
maxdom : 7
D->valSize : 309
Solving...
Blb : 3 (clique : 15)
currentSize : 15 <-- 0.002331 s
currentSize : 16 <-- 0.092417 s
currentSize : 17 <-- 0.245535 s
currentSize : 18 <-- 3.717059 s
currentSize : 19 <-- 3.717128 s
currentSize : 20 <-- 3.717355 s
currentSize : 21 <-- 3.717834 s

maxsize : 21
nodes : 4136694.000000
filtered : 55970418.000000
time : 19.156408
