Parameters: GAD=1 vflib=1 dir=1 label=1 lowerbound=1 fileNameGp=../graphsdb/mcs30/m4D/m4Dr6/mcs30_m4Dr6_s50.A49 fileNameGt=../graphsdb/mcs30/m4D/m4Dr6/mcs30_m4Dr6_s50.B49
Reading graphs...
50 : 117
50 : 116
Initializing...
maxdom : 13
D->valSize : 334
Solving...
Blb : 2 (clique : 14)
currentSize : 14 <-- 0.002410 s
currentSize : 15 <-- 0.002634 s
currentSize : 16 <-- 0.051144 s
currentSize : 17 <-- 0.664703 s
currentSize : 18 <-- 0.981965 s
currentSize : 19 <-- 1.488083 s
currentSize : 20 <-- 70.142555 s
currentSize : 21 <-- 98.685776 s
currentSize : 22 <-- 98.686172 s

maxsize : 22
nodes : 26981307.000000
filtered : 417695091.000000
time : 126.832848
