Parameters: GAD=1 vflib=1 dir=1 label=1 lowerbound=1 fileNameGp=../graphsdb/mcs30/m3D/m3Dr2/mcs30_m3Dr2_s80.A23 fileNameGt=../graphsdb/mcs30/m3D/m3Dr2/mcs30_m3Dr2_s80.B23
Reading graphs...
80 : 200
80 : 200
Initializing...
maxdom : 8
D->valSize : 416
Solving...
Blb : 2 (clique : 31)
currentSize : 31 <-- 0.006690 s
currentSize : 32 <-- 0.007129 s
currentSize : 33 <-- 0.007738 s
currentSize : 34 <-- 0.008896 s
currentSize : 35 <-- 0.591351 s
currentSize : 36 <-- 4.515495 s
currentSize : 37 <-- 5.677216 s

TIMEOUT
maxsize : 37
nodes : 607404111.000000
filtered : 7233310796.000000
time : 3600.000000
