Parameters: GAD=1 vflib=1 dir=1 label=1 lowerbound=1 fileNameGp=../graphsdb/mcs30/m4D/m4D/mcs30_m4D_s60.A69 fileNameGt=../graphsdb/mcs30/m4D/m4D/mcs30_m4D_s60.B69
Reading graphs...
60 : 102
60 : 102
Initializing...
maxdom : 7
D->valSize : 243
Solving...
Blb : 2 (clique : 22)
currentSize : 22 <-- 0.001809 s
currentSize : 23 <-- 0.001974 s
currentSize : 24 <-- 0.003110 s
currentSize : 25 <-- 12.232014 s
currentSize : 26 <-- 81.964188 s
currentSize : 27 <-- 553.657410 s

TIMEOUT
maxsize : 27
nodes : 936325365.000000
filtered : 6748635727.000000
time : 3600.000000
