Parameters: GAD=1 vflib=1 dir=1 label=1 lowerbound=1 fileNameGp=../graphsdb/mcs30/bvg/b03m/mcs30_b03m_s90.A99 fileNameGt=../graphsdb/mcs30/bvg/b03m/mcs30_b03m_s90.B99
Reading graphs...
90 : 135
90 : 135
Initializing...
maxdom : 12
D->valSize : 549
Solving...
Blb : 2 (clique : 36)
currentSize : 36 <-- 0.006427 s
currentSize : 37 <-- 0.024978 s
currentSize : 38 <-- 0.025348 s
currentSize : 39 <-- 0.026228 s
currentSize : 40 <-- 274.884705 s
currentSize : 41 <-- 632.742065 s

TIMEOUT
maxsize : 41
nodes : 645855159.000000
filtered : 5537541945.000000
time : 3600.000000
