Parameters: GAD=1 vflib=1 dir=1 label=1 lowerbound=1 fileNameGp=../graphsdb/mcs30/bvg/b09m/mcs30_b09m_s60.A72 fileNameGt=../graphsdb/mcs30/bvg/b09m/mcs30_b09m_s60.B72
Reading graphs...
60 : 270
60 : 270
Initializing...
maxdom : 9
D->valSize : 206
Solving...
Blb : 2 (clique : 16)
currentSize : 16 <-- 0.001693 s
currentSize : 17 <-- 0.001886 s
currentSize : 18 <-- 0.002972 s
currentSize : 19 <-- 0.003512 s
currentSize : 20 <-- 0.148006 s
currentSize : 21 <-- 0.166572 s

maxsize : 21
nodes : 129761.000000
filtered : 839983.000000
time : 0.531333
