Parameters: GAD=1 vflib=1 dir=1 label=1 lowerbound=1 fileNameGp=../graphsdb/mcs30/m3D/m3Dr2/mcs30_m3Dr2_s70.A13 fileNameGt=../graphsdb/mcs30/m3D/m3Dr2/mcs30_m3Dr2_s70.B13
Reading graphs...
70 : 173
70 : 173
Initializing...
maxdom : 7
D->valSize : 343
Solving...
Blb : 2 (clique : 23)
currentSize : 23 <-- 0.002985 s
currentSize : 26 <-- 0.003138 s
currentSize : 27 <-- 0.019223 s
currentSize : 28 <-- 31.601664 s
currentSize : 29 <-- 36.413280 s
currentSize : 30 <-- 71.285118 s
currentSize : 31 <-- 325.994629 s
currentSize : 32 <-- 340.686249 s

maxsize : 32
nodes : 113174723.000000
filtered : 1202514035.000000
time : 582.753845
