Parameters: GAD=1 vflib=1 dir=1 label=1 lowerbound=1 fileNameGp=../graphsdb/mcs30/m3D/m3Dr2/mcs30_m3Dr2_s70.A98 fileNameGt=../graphsdb/mcs30/m3D/m3Dr2/mcs30_m3Dr2_s70.B98
Reading graphs...
70 : 173
70 : 173
Initializing...
maxdom : 8
D->valSize : 338
Solving...
Blb : 2 (clique : 26)
currentSize : 26 <-- 0.004623 s
currentSize : 27 <-- 0.004960 s
currentSize : 28 <-- 0.009586 s
currentSize : 29 <-- 0.037183 s
currentSize : 30 <-- 0.330889 s
currentSize : 31 <-- 0.593338 s
currentSize : 32 <-- 224.341354 s
currentSize : 33 <-- 401.987213 s
currentSize : 34 <-- 401.987549 s

maxsize : 34
nodes : 137364355.000000
filtered : 1343081735.000000
time : 718.785583
