Parameters: GAD=1 vflib=1 dir=1 label=1 lowerbound=1 fileNameGp=../graphsdb/mcs30/m4D/m4Dr6/mcs30_m4Dr6_s80.A70 fileNameGt=../graphsdb/mcs30/m4D/m4Dr6/mcs30_m4Dr6_s80.B70
Reading graphs...
80 : 179
80 : 179
Initializing...
maxdom : 8
D->valSize : 431
Solving...
Blb : 2 (clique : 26)
currentSize : 26 <-- 0.004319 s
currentSize : 28 <-- 0.004514 s
currentSize : 29 <-- 0.004822 s
currentSize : 30 <-- 3.710530 s
currentSize : 31 <-- 2433.971680 s
currentSize : 32 <-- 2600.127441 s

TIMEOUT
maxsize : 32
nodes : 735154971.000000
filtered : 5908677696.000000
time : 3600.000000
