Parameters: GAD=1 vflib=1 dir=1 label=1 lowerbound=1 fileNameGp=../graphsdb/mcs30/rand/r01/mcs30_r01_s50.A93 fileNameGt=../graphsdb/mcs30/rand/r01/mcs30_r01_s50.B93
Reading graphs...
50 : 244
50 : 244
Initializing...
maxdom : 10
D->valSize : 357
Solving...
Blb : 2 (clique : 11)
currentSize : 11 <-- 0.004096 s
currentSize : 12 <-- 0.020902 s
currentSize : 13 <-- 0.031395 s
currentSize : 14 <-- 0.681063 s
currentSize : 15 <-- 1.266813 s
currentSize : 16 <-- 2.126431 s

maxsize : 16
nodes : 1257559.000000
filtered : 22636082.000000
time : 6.322506
