Parameters: GAD=1 vflib=1 dir=1 label=1 lowerbound=1 fileNameGp=../graphsdb/mcs30/rand/r02/mcs30_r02_s100.A97 fileNameGt=../graphsdb/mcs30/rand/r02/mcs30_r02_s100.B97
Reading graphs...
100 : 1979
100 : 1979
Initializing...
maxdom : 7
D->valSize : 328
Solving...
Blb : 2 (clique : 8)
currentSize : 8 <-- 0.002931 s
currentSize : 9 <-- 0.003689 s
currentSize : 10 <-- 0.003804 s
currentSize : 11 <-- 0.004569 s
currentSize : 12 <-- 0.004639 s
currentSize : 13 <-- 0.006542 s
currentSize : 15 <-- 0.007250 s
currentSize : 16 <-- 0.008384 s
currentSize : 21 <-- 0.008546 s
currentSize : 30 <-- 0.039499 s

maxsize : 30
nodes : 15194.000000
filtered : 310130.000000
time : 0.110065
