Parameters: GAD=1 vflib=1 dir=1 label=1 lowerbound=1 fileNameGp=../graphsdb/mcs30/bvg/b06/mcs30_b06_s50.A52 fileNameGt=../graphsdb/mcs30/bvg/b06/mcs30_b06_s50.B52
Reading graphs...
50 : 150
50 : 150
Initializing...
maxdom : 12
D->valSize : 340
Solving...
Blb : 3 (clique : 16)
currentSize : 16 <-- 0.004222 s
currentSize : 17 <-- 0.020317 s
currentSize : 18 <-- 0.165030 s
currentSize : 19 <-- 0.581550 s
currentSize : 20 <-- 3.754075 s
currentSize : 21 <-- 105.290535 s

maxsize : 21
nodes : 28294337.000000
filtered : 490714942.000000
time : 139.152420
