Parameters: GAD=1 vflib=1 dir=1 label=1 lowerbound=1 fileNameGp=../graphsdb/mcs30/m2D/m2Dr2/mcs30_m2Dr2_s50.A89 fileNameGt=../graphsdb/mcs30/m2D/m2Dr2/mcs30_m2Dr2_s50.B89
Reading graphs...
50 : 95
50 : 95
Initializing...
maxdom : 7
D->valSize : 315
Solving...
Blb : 2 (clique : 18)
currentSize : 18 <-- 0.003666 s
currentSize : 19 <-- 0.003842 s
currentSize : 20 <-- 0.003915 s
currentSize : 21 <-- 0.018480 s
currentSize : 22 <-- 1.058490 s
currentSize : 23 <-- 36.679600 s

maxsize : 23
nodes : 253220202.000000
filtered : 2783844725.000000
time : 1063.292847
