Parameters: GAD=1 vflib=1 dir=1 label=1 lowerbound=1 fileNameGp=../graphsdb/mcs30/m4D/m4D/mcs30_m4D_s70.A08 fileNameGt=../graphsdb/mcs30/m4D/m4D/mcs30_m4D_s70.B08
Reading graphs...
70 : 118
70 : 118
Initializing...
maxdom : 9
D->valSize : 314
Solving...
Blb : 2 (clique : 25)
currentSize : 25 <-- 0.002626 s
currentSize : 26 <-- 0.003426 s
currentSize : 27 <-- 0.291991 s
currentSize : 28 <-- 8.030525 s
currentSize : 29 <-- 39.787273 s
currentSize : 30 <-- 1185.672974 s

TIMEOUT
maxsize : 30
nodes : 872390156.000000
filtered : 5337520629.000000
time : 3600.000000
