Parameters: GAD=1 vflib=1 dir=1 label=1 lowerbound=1 fileNameGp=../graphsdb/mcs30/m2D/m2Dr2/mcs30_m2Dr2_s70.A84 fileNameGt=../graphsdb/mcs30/m2D/m2Dr2/mcs30_m2Dr2_s70.B84
Reading graphs...
70 : 137
70 : 136
Initializing...
maxdom : 8
D->valSize : 311
Solving...
Blb : 2 (clique : 23)
currentSize : 23 <-- 0.002633 s
currentSize : 24 <-- 0.002816 s
currentSize : 25 <-- 0.974993 s
currentSize : 26 <-- 2.411985 s
currentSize : 27 <-- 4.910145 s
currentSize : 28 <-- 14.610126 s
currentSize : 29 <-- 45.787716 s
currentSize : 30 <-- 60.278824 s
currentSize : 31 <-- 71.053871 s
currentSize : 32 <-- 98.457993 s
currentSize : 33 <-- 256.162354 s

maxsize : 33
nodes : 73387427.000000
filtered : 607922095.000000
time : 386.787781
