Parameters: GAD=1 vflib=1 dir=1 label=1 lowerbound=1 fileNameGp=../graphsdb/mcs30/m3D/m3Dr2/mcs30_m3Dr2_s90.A88 fileNameGt=../graphsdb/mcs30/m3D/m3Dr2/mcs30_m3Dr2_s90.B88
Reading graphs...
90 : 227
90 : 227
Initializing...
maxdom : 12
D->valSize : 547
Solving...
Blb : 3 (clique : 28)
currentSize : 28 <-- 0.006467 s
currentSize : 29 <-- 0.006844 s
currentSize : 30 <-- 0.040775 s
currentSize : 31 <-- 0.040985 s
currentSize : 32 <-- 20.197580 s
currentSize : 33 <-- 420.594330 s
currentSize : 34 <-- 424.618591 s
currentSize : 35 <-- 3052.483643 s

TIMEOUT
maxsize : 35
nodes : 598588925.000000
filtered : 5568273856.000000
time : 3600.000000
