Parameters: GAD=1 vflib=1 dir=1 label=1 lowerbound=1 fileNameGp=../graphsdb/mcs30/bvg/b09m/mcs30_b09m_s90.A48 fileNameGt=../graphsdb/mcs30/bvg/b09m/mcs30_b09m_s90.B48
Reading graphs...
90 : 405
90 : 405
Initializing...
maxdom : 13
D->valSize : 541
Solving...
Blb : 3 (clique : 19)
currentSize : 19 <-- 0.006132 s
currentSize : 20 <-- 0.007959 s
currentSize : 21 <-- 0.297861 s
currentSize : 22 <-- 0.775528 s
currentSize : 23 <-- 88.851059 s
currentSize : 24 <-- 414.991791 s
currentSize : 25 <-- 805.301453 s

TIMEOUT
maxsize : 25
nodes : 647703516.000000
filtered : 7715939727.000000
time : 3600.000000
