Parameters: GAD=1 vflib=1 dir=1 label=1 lowerbound=1 fileNameGp=../graphsdb/mcs30/rand/r01/mcs30_r01_s90.A81 fileNameGt=../graphsdb/mcs30/rand/r01/mcs30_r01_s90.B81
Reading graphs...
90 : 800
90 : 800
Initializing...
maxdom : 10
D->valSize : 535
Solving...
Blb : 2 (clique : 14)
currentSize : 14 <-- 0.009268 s
currentSize : 15 <-- 0.009553 s
currentSize : 16 <-- 0.009809 s
currentSize : 17 <-- 0.009968 s
currentSize : 19 <-- 0.011092 s
currentSize : 20 <-- 32.038330 s
currentSize : 21 <-- 32.038673 s
currentSize : 22 <-- 32.041248 s
currentSize : 23 <-- 32.041729 s
currentSize : 24 <-- 32.049446 s
currentSize : 27 <-- 32.076229 s

maxsize : 27
nodes : 14147405.000000
filtered : 299223769.000000
time : 96.973724
