Parameters: GAD=1 vflib=1 dir=1 label=1 lowerbound=1 fileNameGp=../graphsdb/mcs30/m2D/m2Dr4/mcs30_m2Dr4_s50.A64 fileNameGt=../graphsdb/mcs30/m2D/m2Dr4/mcs30_m2Dr4_s50.B64
Reading graphs...
50 : 105
50 : 105
Initializing...
maxdom : 10
D->valSize : 329
Solving...
Blb : 2 (clique : 16)
currentSize : 16 <-- 0.002389 s
currentSize : 17 <-- 0.018780 s
currentSize : 18 <-- 0.020311 s
currentSize : 19 <-- 2.239905 s
currentSize : 20 <-- 3.256517 s
currentSize : 21 <-- 6.157311 s
currentSize : 22 <-- 11.513133 s
currentSize : 23 <-- 15.941307 s

maxsize : 23
nodes : 14957789.000000
filtered : 202554056.000000
time : 73.257202
