Parameters: GAD=1 vflib=1 dir=1 label=1 lowerbound=1 fileNameGp=../graphsdb/mcs30/bvg/b09m/mcs30_b09m_s80.A21 fileNameGt=../graphsdb/mcs30/bvg/b09m/mcs30_b09m_s80.B21
Reading graphs...
80 : 360
80 : 360
Initializing...
maxdom : 8
D->valSize : 429
Solving...
Blb : 2 (clique : 23)
currentSize : 23 <-- 0.004054 s
currentSize : 24 <-- 0.029537 s
currentSize : 26 <-- 0.430665 s
currentSize : 27 <-- 20.419846 s
currentSize : 28 <-- 141.262283 s
currentSize : 29 <-- 196.016098 s

maxsize : 29
nodes : 158750173.000000
filtered : 1723666295.000000
time : 865.109009
