Parameters: GAD=1 vflib=1 dir=1 label=1 lowerbound=1 fileNameGp=../graphsdb/mcs30/m2D/m2Dr6/mcs30_m2Dr6_s60.A94 fileNameGt=../graphsdb/mcs30/m2D/m2Dr6/mcs30_m2Dr6_s60.B94
Reading graphs...
60 : 140
60 : 137
Initializing...
maxdom : 8
D->valSize : 231
Solving...
Blb : 2 (clique : 18)
currentSize : 18 <-- 0.002617 s
currentSize : 21 <-- 0.002777 s
currentSize : 23 <-- 0.003208 s
currentSize : 24 <-- 0.212885 s
currentSize : 25 <-- 0.240138 s

maxsize : 25
nodes : 10737919.000000
filtered : 98378052.000000
time : 47.929325
