Parameters: GAD=1 vflib=1 dir=1 label=1 lowerbound=1 fileNameGp=../graphsdb/mcs30/rand/r005/mcs30_r005_s50.A83 fileNameGt=../graphsdb/mcs30/rand/r005/mcs30_r005_s50.B83
Reading graphs...
50 : 126
50 : 126
Initializing...
maxdom : 8
D->valSize : 333
Solving...
Blb : 2 (clique : 17)
currentSize : 17 <-- 0.003822 s
currentSize : 18 <-- 0.056439 s
currentSize : 19 <-- 0.133066 s
currentSize : 20 <-- 0.135802 s
currentSize : 21 <-- 3.678688 s
currentSize : 22 <-- 171.630081 s

maxsize : 22
nodes : 52501128.000000
filtered : 704537185.000000
time : 244.705566
