Parameters: GAD=1 vflib=1 dir=1 label=1 lowerbound=1 fileNameGp=../graphsdb/mcs30/bvg/b06m/mcs30_b06m_s60.A37 fileNameGt=../graphsdb/mcs30/bvg/b06m/mcs30_b06m_s60.B37
Reading graphs...
60 : 180
60 : 180
Initializing...
maxdom : 7
D->valSize : 236
Solving...
Blb : 2 (clique : 18)
currentSize : 18 <-- 0.002493 s
currentSize : 19 <-- 0.002712 s
currentSize : 21 <-- 0.006319 s
currentSize : 22 <-- 0.503565 s
currentSize : 23 <-- 7.327388 s

maxsize : 23
nodes : 2433077.000000
filtered : 19869955.000000
time : 10.544322
