Parameters: GAD=1 vflib=1 dir=1 label=1 lowerbound=1 fileNameGp=../graphsdb/mcs30/m3D/m3D/mcs30_m3D_s70.A04 fileNameGt=../graphsdb/mcs30/m3D/m3D/mcs30_m3D_s70.B04
Reading graphs...
70 : 159
70 : 159
Initializing...
maxdom : 9
D->valSize : 316
Solving...
Blb : 2 (clique : 23)
currentSize : 23 <-- 0.002740 s
currentSize : 25 <-- 0.002889 s
currentSize : 26 <-- 0.002929 s
currentSize : 27 <-- 0.064039 s
currentSize : 28 <-- 36.546940 s
currentSize : 29 <-- 52.766399 s
currentSize : 30 <-- 407.801453 s
currentSize : 31 <-- 408.127686 s

maxsize : 31
nodes : 476102626.000000
filtered : 4761138736.000000
time : 2372.521484
