Parameters: GAD=1 vflib=1 dir=1 label=1 lowerbound=1 fileNameGp=../graphsdb/mcs30/bvg/b06/mcs30_b06_s50.A95 fileNameGt=../graphsdb/mcs30/bvg/b06/mcs30_b06_s50.B95
Reading graphs...
50 : 150
50 : 150
Initializing...
maxdom : 10
D->valSize : 327
Solving...
Blb : 2 (clique : 13)
currentSize : 13 <-- 0.002392 s
currentSize : 14 <-- 0.002747 s
currentSize : 15 <-- 0.003682 s
currentSize : 16 <-- 0.004201 s
currentSize : 17 <-- 0.063123 s
currentSize : 18 <-- 1.092113 s
currentSize : 19 <-- 2.699128 s
currentSize : 20 <-- 2.699177 s

maxsize : 20
nodes : 16180777.000000
filtered : 223722042.000000
time : 74.205498
