Parameters: GAD=1 vflib=1 dir=1 label=1 lowerbound=1 fileNameGp=../graphsdb/mcs30/m4D/m4Dr4/mcs30_m4Dr4_s60.A71 fileNameGt=../graphsdb/mcs30/m4D/m4Dr4/mcs30_m4Dr4_s60.B71
Reading graphs...
60 : 126
60 : 126
Initializing...
maxdom : 6
D->valSize : 237
Solving...
Blb : 3 (clique : 21)
currentSize : 21 <-- 0.001829 s
currentSize : 22 <-- 1.479919 s
currentSize : 23 <-- 8.651683 s
currentSize : 24 <-- 86.164719 s
currentSize : 25 <-- 86.180405 s
currentSize : 26 <-- 625.146240 s

maxsize : 26
nodes : 159035613.000000
filtered : 1247380342.000000
time : 701.748901
