Parameters: GAD=1 vflib=1 dir=1 label=1 lowerbound=1 fileNameGp=../graphsdb/mcs30/bvg/b06m/mcs30_b06m_s60.A84 fileNameGt=../graphsdb/mcs30/bvg/b06m/mcs30_b06m_s60.B84
Reading graphs...
60 : 180
60 : 180
Initializing...
maxdom : 6
D->valSize : 266
Solving...
Blb : 2 (clique : 18)
currentSize : 18 <-- 0.003001 s
currentSize : 19 <-- 0.003232 s
currentSize : 20 <-- 0.003496 s
currentSize : 21 <-- 0.003643 s
currentSize : 22 <-- 0.020880 s
currentSize : 23 <-- 0.267576 s
currentSize : 24 <-- 0.763027 s
currentSize : 25 <-- 5.417008 s

maxsize : 25
nodes : 9412806.000000
filtered : 95760169.000000
time : 44.153885
