Parameters: GAD=1 vflib=1 dir=1 label=1 lowerbound=1 fileNameGp=../graphsdb/mcs30/bvg/b09m/mcs30_b09m_s60.A54 fileNameGt=../graphsdb/mcs30/bvg/b09m/mcs30_b09m_s60.B54
Reading graphs...
60 : 270
60 : 270
Initializing...
maxdom : 8
D->valSize : 245
Solving...
Blb : 2 (clique : 12)
currentSize : 12 <-- 0.001702 s
currentSize : 13 <-- 0.001801 s
currentSize : 14 <-- 0.004742 s
currentSize : 15 <-- 0.006301 s
currentSize : 16 <-- 0.652099 s
currentSize : 17 <-- 2.652251 s
currentSize : 18 <-- 2.653576 s
currentSize : 19 <-- 2.905844 s

maxsize : 19
nodes : 2079057.000000
filtered : 18149778.000000
time : 9.328959
