Parameters: GAD=1 vflib=1 dir=1 label=1 lowerbound=1 fileNameGp=../graphsdb/mcs30/bvg/b09/mcs30_b09_s100.A23 fileNameGt=../graphsdb/mcs30/bvg/b09/mcs30_b09_s100.B23
Reading graphs...
100 : 450
100 : 450
Initializing...
maxdom : 6
D->valSize : 319
Solving...
Blb : 3 (clique : 29)
currentSize : 29 <-- 0.003310 s
currentSize : 30 <-- 3.200896 s
currentSize : 31 <-- 15.920499 s
currentSize : 32 <-- 21.574480 s
currentSize : 33 <-- 352.829803 s
currentSize : 34 <-- 359.152527 s
currentSize : 35 <-- 1728.088867 s

maxsize : 35
nodes : 493201964.000000
filtered : 3197283622.000000
time : 2815.222412
