Parameters: GAD=1 vflib=1 dir=1 label=1 lowerbound=1 fileNameGp=../graphsdb/mcs30/bvg/b06m/mcs30_b06m_s30.A88 fileNameGt=../graphsdb/mcs30/bvg/b06m/mcs30_b06m_s30.B88
Reading graphs...
30 : 90
30 : 90
Initializing...
maxdom : 7
D->valSize : 116
Solving...
Blb : 2 (clique : 8)
currentSize : 8 <-- 0.000578 s
currentSize : 9 <-- 0.000639 s
currentSize : 10 <-- 0.001294 s
currentSize : 11 <-- 0.006559 s
currentSize : 12 <-- 0.006707 s

maxsize : 12
nodes : 5341.000000
filtered : 45743.000000
time : 0.017762
