Parameters: GAD=1 vflib=1 dir=1 label=1 lowerbound=1 fileNameGp=../graphsdb/mcs30/m3D/m3D/mcs30_m3D_s80.A82 fileNameGt=../graphsdb/mcs30/m3D/m3D/mcs30_m3D_s80.B82
Reading graphs...
80 : 184
80 : 184
Initializing...
maxdom : 10
D->valSize : 399
Solving...
Blb : 2 (clique : 26)
currentSize : 26 <-- 0.003859 s
currentSize : 27 <-- 6.891782 s
currentSize : 28 <-- 10.525323 s
currentSize : 29 <-- 40.992126 s
currentSize : 31 <-- 137.605225 s
currentSize : 32 <-- 137.665802 s
currentSize : 33 <-- 2707.875732 s
currentSize : 34 <-- 2707.949463 s

TIMEOUT
maxsize : 34
nodes : 708790805.000000
filtered : 6327104617.000000
time : 3600.000000
