Parameters: GAD=1 vflib=1 dir=1 label=1 lowerbound=1 fileNameGp=../graphsdb/mcs30/m3D/m3D/mcs30_m3D_s90.A45 fileNameGt=../graphsdb/mcs30/m3D/m3D/mcs30_m3D_s90.B45
Reading graphs...
90 : 209
90 : 209
Initializing...
maxdom : 14
D->valSize : 548
Solving...
Blb : 2 (clique : 34)
currentSize : 34 <-- 0.010755 s
currentSize : 35 <-- 0.025061 s
currentSize : 36 <-- 0.898183 s
currentSize : 37 <-- 0.993791 s
currentSize : 38 <-- 5.435482 s
currentSize : 39 <-- 57.781418 s

TIMEOUT
maxsize : 39
nodes : 598187536.000000
filtered : 6763632923.000000
time : 3600.000000
