Parameters: GAD=1 vflib=1 dir=1 label=1 lowerbound=1 fileNameGp=../graphsdb/mcs30/m4D/m4Dr6/mcs30_m4Dr6_s50.A43 fileNameGt=../graphsdb/mcs30/m4D/m4Dr6/mcs30_m4Dr6_s50.B43
Reading graphs...
50 : 117
50 : 116
Initializing...
maxdom : 10
D->valSize : 338
Solving...
Blb : 2 (clique : 17)
currentSize : 17 <-- 0.004003 s
currentSize : 18 <-- 12.930684 s
currentSize : 19 <-- 17.473757 s
currentSize : 20 <-- 19.793444 s
currentSize : 21 <-- 31.411251 s
currentSize : 22 <-- 77.518066 s
currentSize : 23 <-- 285.542908 s
currentSize : 24 <-- 374.753052 s

maxsize : 24
nodes : 95894156.000000
filtered : 1348883470.000000
time : 439.520935
