Parameters: GAD=1 vflib=1 dir=1 label=1 lowerbound=1 fileNameGp=../graphsdb/mcs30/bvg/b03m/mcs30_b03m_s100.A20 fileNameGt=../graphsdb/mcs30/bvg/b03m/mcs30_b03m_s100.B20
Reading graphs...
100 : 150
100 : 150
Initializing...
maxdom : 8
D->valSize : 303
Solving...
Blb : 2 (clique : 38)
currentSize : 38 <-- 0.003263 s
currentSize : 39 <-- 0.003622 s
currentSize : 40 <-- 0.003840 s
currentSize : 41 <-- 0.006246 s
currentSize : 42 <-- 0.055992 s
currentSize : 43 <-- 841.508728 s

TIMEOUT
maxsize : 43
nodes : 748882031.000000
filtered : 2370978369.000000
time : 3600.000000
