Parameters: GAD=1 vflib=1 dir=1 label=1 lowerbound=1 fileNameGp=../graphsdb/mcs30/rand/r01/mcs30_r01_s90.A26 fileNameGt=../graphsdb/mcs30/rand/r01/mcs30_r01_s90.B26
Reading graphs...
90 : 800
90 : 800
Initializing...
maxdom : 10
D->valSize : 537
Solving...
Blb : 5 (clique : 13)
currentSize : 13 <-- 0.005979 s
currentSize : 14 <-- 0.006288 s
currentSize : 15 <-- 0.007214 s
currentSize : 16 <-- 0.013554 s
currentSize : 17 <-- 0.013652 s
currentSize : 18 <-- 0.873918 s
currentSize : 20 <-- 0.874008 s
currentSize : 21 <-- 1.379090 s
currentSize : 22 <-- 1.444330 s
currentSize : 23 <-- 3.442614 s
currentSize : 24 <-- 5.048019 s
currentSize : 25 <-- 28.698977 s
currentSize : 27 <-- 68.459503 s

maxsize : 27
nodes : 11132309.000000
filtered : 235661746.000000
time : 77.036156
