Parameters: GAD=1 vflib=1 dir=1 label=1 lowerbound=1 fileNameGp=../graphsdb/mcs30/m2D/m2Dr2/mcs30_m2Dr2_s70.A42 fileNameGt=../graphsdb/mcs30/m2D/m2Dr2/mcs30_m2Dr2_s70.B42
Reading graphs...
70 : 137
70 : 137
Initializing...
maxdom : 6
D->valSize : 317
Solving...
Blb : 2 (clique : 24)
currentSize : 24 <-- 0.002706 s
currentSize : 25 <-- 0.003216 s
currentSize : 26 <-- 135.885788 s
currentSize : 27 <-- 342.001556 s
currentSize : 28 <-- 2018.735840 s
currentSize : 29 <-- 2431.554199 s

TIMEOUT
maxsize : 29
nodes : 843060304.000000
filtered : 4889745426.000000
time : 3600.000000
