Parameters: GAD=1 vflib=1 dir=1 label=1 lowerbound=1 fileNameGp=../graphsdb/mcs30/rand/r01/mcs30_r01_s70.A92 fileNameGt=../graphsdb/mcs30/rand/r01/mcs30_r01_s70.B92
Reading graphs...
70 : 482
70 : 482
Initializing...
maxdom : 10
D->valSize : 314
Solving...
Blb : 2 (clique : 15)
currentSize : 15 <-- 0.003527 s
currentSize : 16 <-- 0.003793 s
currentSize : 17 <-- 0.004212 s
currentSize : 18 <-- 0.004600 s
currentSize : 19 <-- 0.012148 s
currentSize : 21 <-- 0.014378 s

maxsize : 21
nodes : 863970.000000
filtered : 13735565.000000
time : 4.745000
