Parameters: GAD=1 vflib=1 dir=1 label=1 lowerbound=1 fileNameGp=../graphsdb/mcs30/m4D/m4Dr6/mcs30_m4Dr6_s80.A84 fileNameGt=../graphsdb/mcs30/m4D/m4Dr6/mcs30_m4Dr6_s80.B84
Reading graphs...
80 : 179
80 : 179
Initializing...
maxdom : 8
D->valSize : 407
Solving...
Blb : 2 (clique : 26)
currentSize : 26 <-- 0.004083 s
currentSize : 27 <-- 0.004293 s
currentSize : 28 <-- 0.004797 s
currentSize : 29 <-- 20.924820 s
currentSize : 30 <-- 1438.907593 s
currentSize : 31 <-- 1450.028564 s

TIMEOUT
maxsize : 31
nodes : 771897672.000000
filtered : 4613414909.000000
time : 3600.000000
