Parameters: GAD=1 vflib=1 dir=1 label=1 lowerbound=1 fileNameGp=../graphsdb/mcs30/rand/r005/mcs30_r005_s80.A35 fileNameGt=../graphsdb/mcs30/rand/r005/mcs30_r005_s80.B35
Reading graphs...
80 : 315
80 : 315
Initializing...
maxdom : 7
D->valSize : 407
Solving...
Blb : 2 (clique : 21)
currentSize : 21 <-- 0.003897 s
currentSize : 22 <-- 0.005423 s
currentSize : 23 <-- 0.267728 s
currentSize : 24 <-- 2.738149 s
currentSize : 25 <-- 12.006415 s
currentSize : 26 <-- 195.506607 s
currentSize : 27 <-- 518.494019 s

TIMEOUT
maxsize : 27
nodes : 692551032.000000
filtered : 6473415753.000000
time : 3600.000000
