Parameters: GAD=1 vflib=1 dir=1 label=1 lowerbound=1 fileNameGp=../graphsdb/mcs30/bvg/b09m/mcs30_b09m_s90.A53 fileNameGt=../graphsdb/mcs30/bvg/b09m/mcs30_b09m_s90.B53
Reading graphs...
90 : 405
90 : 405
Initializing...
maxdom : 10
D->valSize : 516
Solving...
Blb : 2 (clique : 20)
currentSize : 20 <-- 0.005711 s
currentSize : 21 <-- 0.005896 s
currentSize : 22 <-- 0.005967 s
currentSize : 23 <-- 0.031482 s
currentSize : 25 <-- 0.168297 s
currentSize : 26 <-- 0.168782 s
currentSize : 27 <-- 0.545184 s
currentSize : 28 <-- 1.923555 s
currentSize : 29 <-- 2.270115 s

TIMEOUT
maxsize : 29
nodes : 585623788.000000
filtered : 9069102766.000000
time : 3600.000000
