Parameters: GAD=1 vflib=1 dir=1 label=1 lowerbound=1 fileNameGp=../graphsdb/mcs30/bvg/b06/mcs30_b06_s60.A75 fileNameGt=../graphsdb/mcs30/bvg/b06/mcs30_b06_s60.B75
Reading graphs...
60 : 180
60 : 180
Initializing...
maxdom : 7
D->valSize : 211
Solving...
Blb : 2 (clique : 18)
currentSize : 18 <-- 0.002323 s
currentSize : 19 <-- 0.002529 s
currentSize : 20 <-- 0.002795 s
currentSize : 21 <-- 0.004707 s
currentSize : 22 <-- 0.010055 s
currentSize : 23 <-- 0.413034 s
currentSize : 24 <-- 2.137395 s
currentSize : 25 <-- 17.057772 s

maxsize : 25
nodes : 8270628.000000
filtered : 55699776.000000
time : 35.224960
