Parameters: GAD=1 vflib=1 dir=1 label=1 lowerbound=1 fileNameGp=../graphsdb/mcs30/m3D/m3D/mcs30_m3D_s40.A39 fileNameGt=../graphsdb/mcs30/m3D/m3D/mcs30_m3D_s40.B39
Reading graphs...
40 : 84
40 : 84
Initializing...
maxdom : 9
D->valSize : 211
Solving...
Blb : 2 (clique : 12)
currentSize : 12 <-- 0.001876 s
currentSize : 13 <-- 0.001976 s
currentSize : 14 <-- 0.003411 s
currentSize : 15 <-- 0.046339 s
currentSize : 16 <-- 2.231178 s

maxsize : 16
nodes : 749549.000000
filtered : 8662460.000000
time : 2.997540
