Parameters: GAD=1 vflib=1 dir=1 label=1 lowerbound=1 fileNameGp=../graphsdb/mcs30/bvg/b06/mcs30_b06_s50.A62 fileNameGt=../graphsdb/mcs30/bvg/b06/mcs30_b06_s50.B62
Reading graphs...
50 : 150
50 : 150
Initializing...
maxdom : 12
D->valSize : 341
Solving...
Blb : 3 (clique : 15)
currentSize : 15 <-- 0.002549 s
currentSize : 16 <-- 0.009923 s
currentSize : 17 <-- 0.107719 s
currentSize : 18 <-- 0.567667 s
currentSize : 19 <-- 0.737534 s
currentSize : 20 <-- 2.117255 s
currentSize : 21 <-- 11.202707 s

maxsize : 21
nodes : 2521216.000000
filtered : 39447755.000000
time : 12.503140
