Parameters: GAD=1 vflib=1 dir=1 label=1 lowerbound=1 fileNameGp=../graphsdb/mcs30/m2D/m2Dr4/mcs30_m2Dr4_s60.A71 fileNameGt=../graphsdb/mcs30/m2D/m2Dr4/mcs30_m2Dr4_s60.B71
Reading graphs...
60 : 128
60 : 127
Initializing...
maxdom : 8
D->valSize : 237
Solving...
Blb : 2 (clique : 20)
currentSize : 20 <-- 0.001828 s
currentSize : 21 <-- 0.002308 s
currentSize : 22 <-- 0.094250 s
currentSize : 23 <-- 2.751275 s
currentSize : 24 <-- 4.810664 s
currentSize : 25 <-- 69.346596 s

maxsize : 25
nodes : 59567411.000000
filtered : 458764647.000000
time : 254.232269
