Parameters: GAD=1 vflib=1 dir=1 label=1 lowerbound=1 fileNameGp=../graphsdb/mcs30/bvg/b09/mcs30_b09_s40.A16 fileNameGt=../graphsdb/mcs30/bvg/b09/mcs30_b09_s40.B16
Reading graphs...
40 : 180
40 : 180
Initializing...
maxdom : 8
D->valSize : 210
Solving...
Blb : 5 (clique : 8)
currentSize : 8 <-- 0.001286 s
currentSize : 9 <-- 0.002717 s
currentSize : 10 <-- 0.003991 s
currentSize : 11 <-- 0.004020 s
currentSize : 12 <-- 0.008333 s
currentSize : 13 <-- 0.008383 s

maxsize : 13
nodes : 46422.000000
filtered : 682555.000000
time : 0.186544
