Parameters: GAD=1 vflib=1 dir=1 label=1 lowerbound=1 fileNameGp=../graphsdb/mcs30/bvg/b06/mcs30_b06_s90.A71 fileNameGt=../graphsdb/mcs30/bvg/b06/mcs30_b06_s90.B71
Reading graphs...
90 : 270
90 : 270
Initializing...
maxdom : 10
D->valSize : 510
Solving...
Blb : 2 (clique : 27)
currentSize : 27 <-- 0.005636 s
currentSize : 28 <-- 0.005914 s
currentSize : 29 <-- 0.006892 s
currentSize : 30 <-- 0.018618 s
currentSize : 31 <-- 79.674606 s
currentSize : 32 <-- 165.033066 s
currentSize : 33 <-- 726.024536 s
currentSize : 34 <-- 732.226135 s
currentSize : 35 <-- 2402.367188 s
currentSize : 36 <-- 2402.653076 s

TIMEOUT
maxsize : 36
nodes : 615099994.000000
filtered : 6722134745.000000
time : 3600.000000
