Parameters: GAD=1 vflib=1 dir=1 label=1 lowerbound=1 fileNameGp=../graphsdb/mcs30/m3D/m3Dr6/mcs30_m3Dr6_s70.A15 fileNameGt=../graphsdb/mcs30/m3D/m3Dr6/mcs30_m3Dr6_s70.B15
Reading graphs...
70 : 201
70 : 200
Initializing...
maxdom : 10
D->valSize : 343
Solving...
Blb : 2 (clique : 19)
currentSize : 19 <-- 0.002895 s
currentSize : 21 <-- 0.003373 s
currentSize : 22 <-- 0.003592 s
currentSize : 23 <-- 0.003747 s
currentSize : 24 <-- 0.038232 s
currentSize : 25 <-- 0.057616 s
currentSize : 26 <-- 0.070919 s
currentSize : 27 <-- 0.442581 s
currentSize : 28 <-- 17.537273 s
currentSize : 29 <-- 142.832428 s
currentSize : 30 <-- 262.236023 s
currentSize : 31 <-- 309.169952 s

maxsize : 31
nodes : 131487034.000000
filtered : 1111707079.000000
time : 654.350403
