Parameters: GAD=1 vflib=1 dir=1 label=1 lowerbound=1 fileNameGp=../graphsdb/mcs30/bvg/b03/mcs30_b03_s60.A61 fileNameGt=../graphsdb/mcs30/bvg/b03/mcs30_b03_s60.B61
Reading graphs...
60 : 90
60 : 90
Initializing...
maxdom : 9
D->valSize : 248
Solving...
Blb : 2 (clique : 22)
currentSize : 22 <-- 0.002119 s
currentSize : 23 <-- 0.002611 s
currentSize : 26 <-- 0.390891 s
currentSize : 27 <-- 0.496943 s
currentSize : 28 <-- 0.496989 s
currentSize : 29 <-- 0.877423 s

maxsize : 29
nodes : 37799048.000000
filtered : 287039971.000000
time : 167.524017
