Parameters: GAD=1 vflib=1 dir=1 label=1 lowerbound=1 fileNameGp=../graphsdb/mcs30/m3D/m3D/mcs30_m3D_s90.A58 fileNameGt=../graphsdb/mcs30/m3D/m3D/mcs30_m3D_s90.B58
Reading graphs...
90 : 209
90 : 209
Initializing...
maxdom : 10
D->valSize : 538
Solving...
Blb : 2 (clique : 33)
currentSize : 33 <-- 0.010332 s
currentSize : 34 <-- 0.011365 s
currentSize : 35 <-- 0.012608 s
currentSize : 36 <-- 0.234894 s
currentSize : 37 <-- 0.251658 s
currentSize : 38 <-- 1.244934 s
currentSize : 39 <-- 1.427701 s

TIMEOUT
maxsize : 39
nodes : 653960301.000000
filtered : 5411150703.000000
time : 3600.000000
