Parameters: GAD=1 vflib=1 dir=1 label=1 lowerbound=1 fileNameGp=../graphsdb/mcs30/rand/r01/mcs30_r01_s70.A95 fileNameGt=../graphsdb/mcs30/rand/r01/mcs30_r01_s70.B95
Reading graphs...
70 : 482
70 : 482
Initializing...
maxdom : 7
D->valSize : 292
Solving...
Blb : 2 (clique : 12)
currentSize : 12 <-- 0.003566 s
currentSize : 13 <-- 0.003773 s
currentSize : 14 <-- 0.003936 s
currentSize : 15 <-- 0.004139 s
currentSize : 16 <-- 0.022574 s
currentSize : 17 <-- 0.275974 s
currentSize : 18 <-- 0.528977 s
currentSize : 19 <-- 1.235896 s
currentSize : 20 <-- 5.802333 s
currentSize : 21 <-- 8.420728 s

maxsize : 21
nodes : 1953867.000000
filtered : 22462198.000000
time : 10.037827
