Parameters: GAD=1 vflib=1 dir=1 label=1 lowerbound=1 fileNameGp=../graphsdb/mcs30/rand/r005/mcs30_r005_s25.A35 fileNameGt=../graphsdb/mcs30/rand/r005/mcs30_r005_s25.B35
Reading graphs...
25 : 34
25 : 34
Initializing...
maxdom : 9
D->valSize : 154
Solving...
Blb : 2 (clique : 9)
currentSize : 9 <-- 0.000867 s
currentSize : 10 <-- 0.001004 s
currentSize : 11 <-- 0.001477 s
currentSize : 12 <-- 0.002137 s
currentSize : 13 <-- 0.086102 s

maxsize : 13
nodes : 28626.000000
filtered : 338104.000000
time : 0.102828
