Parameters: GAD=1 vflib=1 dir=1 label=1 lowerbound=1 fileNameGp=../graphsdb/mcs30/rand/r005/mcs30_r005_s40.A37 fileNameGt=../graphsdb/mcs30/rand/r005/mcs30_r005_s40.B37
Reading graphs...
40 : 83
40 : 83
Initializing...
maxdom : 9
D->valSize : 224
Solving...
Blb : 2 (clique : 12)
currentSize : 12 <-- 0.002040 s
currentSize : 13 <-- 0.006067 s
currentSize : 14 <-- 0.012010 s
currentSize : 15 <-- 1.712560 s
currentSize : 16 <-- 1.768649 s
currentSize : 17 <-- 4.998561 s

maxsize : 17
nodes : 1430151.000000
filtered : 13194116.000000
time : 5.570270
