Parameters: GAD=1 vflib=1 dir=1 label=1 lowerbound=1 fileNameGp=../graphsdb/mcs30/bvg/b03m/mcs30_b03m_s50.A03 fileNameGt=../graphsdb/mcs30/bvg/b03m/mcs30_b03m_s50.B03
Reading graphs...
50 : 75
50 : 75
Initializing...
maxdom : 9
D->valSize : 339
Solving...
Blb : 2 (clique : 21)
currentSize : 21 <-- 0.004133 s
currentSize : 22 <-- 8.376250 s
currentSize : 23 <-- 14.059044 s
currentSize : 24 <-- 839.376648 s
currentSize : 25 <-- 865.968140 s
currentSize : 26 <-- 1000.376831 s

maxsize : 26
nodes : 573648842.000000
filtered : 6282194578.000000
time : 2464.282227
