Parameters: GAD=1 vflib=1 dir=1 label=1 lowerbound=1 fileNameGp=../graphsdb/mcs30/m2D/m2Dr2/mcs30_m2Dr2_s70.A43 fileNameGt=../graphsdb/mcs30/m2D/m2Dr2/mcs30_m2Dr2_s70.B43
Reading graphs...
70 : 137
70 : 136
Initializing...
maxdom : 8
D->valSize : 342
Solving...
Blb : 2 (clique : 29)
currentSize : 29 <-- 0.004891 s
currentSize : 30 <-- 0.005749 s
currentSize : 31 <-- 0.075117 s
currentSize : 32 <-- 104.575607 s
currentSize : 33 <-- 105.366226 s

maxsize : 33
nodes : 410324437.000000
filtered : 3854261459.000000
time : 2174.331299
