Parameters: GAD=1 vflib=1 dir=1 label=1 lowerbound=1 fileNameGp=../graphsdb/mcs30/rand/r02/mcs30_r02_s90.A28 fileNameGt=../graphsdb/mcs30/rand/r02/mcs30_r02_s90.B28
Reading graphs...
90 : 1601
90 : 1601
Initializing...
maxdom : 9
D->valSize : 524
Solving...
Blb : 5 (clique : 8)
currentSize : 8 <-- 0.005435 s
currentSize : 9 <-- 0.005718 s
currentSize : 10 <-- 0.007646 s
currentSize : 12 <-- 0.012328 s
currentSize : 13 <-- 0.015137 s
currentSize : 14 <-- 0.047196 s
currentSize : 16 <-- 0.047264 s
currentSize : 20 <-- 0.118358 s
currentSize : 27 <-- 0.224847 s

maxsize : 27
nodes : 61156.000000
filtered : 1703556.000000
time : 0.435544
