Parameters: GAD=1 vflib=1 dir=1 label=1 lowerbound=1 fileNameGp=../graphsdb/mcs30/rand/r01/mcs30_r01_s60.A47 fileNameGt=../graphsdb/mcs30/rand/r01/mcs30_r01_s60.B47
Reading graphs...
60 : 353
60 : 353
Initializing...
maxdom : 8
D->valSize : 255
Solving...
Blb : 2 (clique : 10)
currentSize : 10 <-- 0.002657 s
currentSize : 11 <-- 0.003451 s
currentSize : 12 <-- 0.007913 s
currentSize : 13 <-- 0.089226 s
currentSize : 14 <-- 0.744052 s
currentSize : 15 <-- 0.744552 s
currentSize : 16 <-- 0.754085 s
currentSize : 17 <-- 0.756189 s
currentSize : 18 <-- 0.756206 s

maxsize : 18
nodes : 377996.000000
filtered : 4392038.000000
time : 1.900317
