Parameters: GAD=1 vflib=1 dir=1 label=1 lowerbound=1 fileNameGp=../graphsdb/mcs30/m2D/m2Dr6/mcs30_m2Dr6_s60.A69 fileNameGt=../graphsdb/mcs30/m2D/m2Dr6/mcs30_m2Dr6_s60.B69
Reading graphs...
60 : 140
60 : 138
Initializing...
maxdom : 9
D->valSize : 242
Solving...
Blb : 2 (clique : 20)
currentSize : 20 <-- 0.002690 s
currentSize : 21 <-- 0.003649 s
currentSize : 22 <-- 0.044810 s
currentSize : 23 <-- 0.045366 s
currentSize : 24 <-- 3.422350 s

maxsize : 24
nodes : 44750310.000000
filtered : 432625052.000000
time : 200.120590
