Parameters: GAD=1 vflib=1 dir=1 label=1 lowerbound=1 fileNameGp=../graphsdb/mcs30/m3D/m3Dr4/mcs30_m3Dr4_s90.A33 fileNameGt=../graphsdb/mcs30/m3D/m3Dr4/mcs30_m3Dr4_s90.B33
Reading graphs...
90 : 245
90 : 244
Initializing...
maxdom : 12
D->valSize : 564
Solving...
Blb : 2 (clique : 25)
currentSize : 25 <-- 0.011062 s
currentSize : 26 <-- 0.011893 s
currentSize : 27 <-- 0.060882 s
currentSize : 28 <-- 0.116520 s
currentSize : 29 <-- 208.874069 s
currentSize : 30 <-- 679.017334 s
currentSize : 31 <-- 1931.327637 s

TIMEOUT
maxsize : 31
nodes : 656847892.000000
filtered : 4861688146.000000
time : 3600.000000
