Parameters: GAD=1 vflib=1 dir=1 label=1 lowerbound=1 fileNameGp=../graphsdb/mcs30/m4D/m4Dr2/mcs30_m4Dr2_s60.A29 fileNameGt=../graphsdb/mcs30/m4D/m4Dr2/mcs30_m4Dr2_s60.B29
Reading graphs...
60 : 114
60 : 113
Initializing...
maxdom : 9
D->valSize : 228
Solving...
Blb : 5 (clique : 20)
currentSize : 20 <-- 0.001786 s
currentSize : 21 <-- 0.011692 s
currentSize : 22 <-- 0.019816 s
currentSize : 23 <-- 0.029238 s
currentSize : 24 <-- 0.313244 s
currentSize : 25 <-- 55.734783 s
currentSize : 26 <-- 229.573898 s

maxsize : 26
nodes : 78689530.000000
filtered : 552710867.000000
time : 315.309509
