Parameters: GAD=1 vflib=1 dir=1 label=1 lowerbound=1 fileNameGp=../graphsdb/mcs30/m2D/m2D/mcs30_m2D_s60.A19 fileNameGt=../graphsdb/mcs30/m2D/m2D/mcs30_m2D_s60.B19
Reading graphs...
60 : 104
60 : 104
Initializing...
maxdom : 8
D->valSize : 242
Solving...
Blb : 2 (clique : 20)
currentSize : 20 <-- 0.002683 s
currentSize : 21 <-- 0.003839 s
currentSize : 22 <-- 0.005749 s
currentSize : 23 <-- 0.018461 s
currentSize : 24 <-- 5.618002 s
currentSize : 25 <-- 11.487507 s
currentSize : 26 <-- 12.439283 s
currentSize : 27 <-- 307.453613 s

maxsize : 27
nodes : 112860965.000000
filtered : 960615934.000000
time : 471.621490
