Parameters: GAD=1 vflib=1 dir=1 label=1 lowerbound=1 fileNameGp=../graphsdb/mcs30/m4D/m4Dr2/mcs30_m4Dr2_s60.A61 fileNameGt=../graphsdb/mcs30/m4D/m4Dr2/mcs30_m4Dr2_s60.B61
Reading graphs...
60 : 114
60 : 113
Initializing...
maxdom : 7
D->valSize : 232
Solving...
Blb : 3 (clique : 20)
currentSize : 20 <-- 0.001802 s
currentSize : 21 <-- 0.001960 s
currentSize : 22 <-- 0.004056 s
currentSize : 23 <-- 0.013542 s
currentSize : 24 <-- 0.322592 s
currentSize : 25 <-- 14.933799 s
currentSize : 26 <-- 105.336746 s
currentSize : 27 <-- 368.987061 s
currentSize : 28 <-- 458.764221 s

maxsize : 28
nodes : 177142283.000000
filtered : 1100087677.000000
time : 716.521240
