Parameters: GAD=1 vflib=1 dir=1 label=1 lowerbound=1 fileNameGp=../graphsdb/mcs30/m2D/m2Dr6/mcs30_m2Dr6_s60.A18 fileNameGt=../graphsdb/mcs30/m2D/m2Dr6/mcs30_m2Dr6_s60.B18
Reading graphs...
60 : 140
60 : 139
Initializing...
maxdom : 9
D->valSize : 268
Solving...
Blb : 5 (clique : 18)
currentSize : 18 <-- 0.001891 s
currentSize : 19 <-- 0.011926 s
currentSize : 20 <-- 0.062554 s
currentSize : 21 <-- 3.689011 s
currentSize : 22 <-- 3.690346 s
currentSize : 23 <-- 316.713867 s

maxsize : 23
nodes : 84439237.000000
filtered : 734572671.000000
time : 364.390747
