Parameters: GAD=1 vflib=1 dir=1 label=1 lowerbound=1 fileNameGp=../graphsdb/mcs30/bvg/b09m/mcs30_b09m_s100.A20 fileNameGt=../graphsdb/mcs30/bvg/b09m/mcs30_b09m_s100.B20
Reading graphs...
100 : 450
100 : 450
Initializing...
maxdom : 8
D->valSize : 309
Solving...
Blb : 2 (clique : 25)
currentSize : 25 <-- 0.003193 s
currentSize : 26 <-- 0.003429 s
currentSize : 27 <-- 0.003748 s
currentSize : 28 <-- 0.006952 s
currentSize : 29 <-- 0.021651 s
currentSize : 30 <-- 0.022925 s
currentSize : 31 <-- 7.176023 s
currentSize : 32 <-- 15.723669 s
currentSize : 33 <-- 68.194778 s

TIMEOUT
maxsize : 33
nodes : 702079989.000000
filtered : 3153949437.000000
time : 3600.000000
