Parameters: GAD=1 vflib=1 dir=1 label=1 lowerbound=1 fileNameGp=../graphsdb/mcs30/m2D/m2Dr2/mcs30_m2Dr2_s30.A33 fileNameGt=../graphsdb/mcs30/m2D/m2Dr2/mcs30_m2Dr2_s30.B33
Reading graphs...
30 : 55
30 : 55
Initializing...
maxdom : 6
D->valSize : 135
Solving...
Blb : 2 (clique : 10)
currentSize : 10 <-- 0.000751 s
currentSize : 11 <-- 0.000813 s
currentSize : 12 <-- 0.017229 s
currentSize : 13 <-- 0.073715 s
currentSize : 14 <-- 0.101644 s

maxsize : 14
nodes : 36070.000000
filtered : 304847.000000
time : 0.121345
