Parameters: GAD=1 vflib=1 dir=1 label=1 lowerbound=1 fileNameGp=../graphsdb/mcs30/rand/r01/mcs30_r01_s90.A10 fileNameGt=../graphsdb/mcs30/rand/r01/mcs30_r01_s90.B10
Reading graphs...
90 : 800
90 : 800
Initializing...
maxdom : 11
D->valSize : 531
Solving...
Blb : 2 (clique : 12)
currentSize : 12 <-- 0.005742 s
currentSize : 13 <-- 0.006585 s
currentSize : 14 <-- 0.011056 s
currentSize : 15 <-- 0.078000 s
currentSize : 16 <-- 0.761888 s
currentSize : 17 <-- 1.346232 s
currentSize : 18 <-- 1.346258 s
currentSize : 19 <-- 1.445488 s
currentSize : 20 <-- 13.230838 s
currentSize : 22 <-- 18.882000 s
currentSize : 23 <-- 25.531948 s
currentSize : 24 <-- 68.657860 s
currentSize : 26 <-- 81.019760 s
currentSize : 27 <-- 81.020248 s

maxsize : 27
nodes : 14853898.000000
filtered : 291583768.000000
time : 98.671242
