Parameters: GAD=1 vflib=1 dir=1 label=1 lowerbound=1 fileNameGp=../graphsdb/mcs30/bvg/b06/mcs30_b06_s80.A48 fileNameGt=../graphsdb/mcs30/bvg/b06/mcs30_b06_s80.B48
Reading graphs...
80 : 240
80 : 240
Initializing...
maxdom : 10
D->valSize : 416
Solving...
Blb : 3 (clique : 23)
currentSize : 23 <-- 0.003993 s
currentSize : 24 <-- 0.005259 s
currentSize : 25 <-- 7.382909 s
currentSize : 26 <-- 36.047955 s
currentSize : 27 <-- 51.840378 s
currentSize : 28 <-- 579.574402 s
currentSize : 29 <-- 596.832336 s
currentSize : 30 <-- 1296.791748 s
currentSize : 31 <-- 1633.936646 s

TIMEOUT
maxsize : 31
nodes : 644324827.000000
filtered : 7776722560.000000
time : 3600.000000
