Parameters: GAD=1 vflib=1 dir=1 label=1 lowerbound=1 fileNameGp=../graphsdb/mcs30/bvg/b09m/mcs30_b09m_s50.A71 fileNameGt=../graphsdb/mcs30/bvg/b09m/mcs30_b09m_s50.B71
Reading graphs...
50 : 225
50 : 225
Initializing...
maxdom : 10
D->valSize : 313
Solving...
Blb : 2 (clique : 13)
currentSize : 13 <-- 0.002217 s
currentSize : 14 <-- 0.002323 s
currentSize : 15 <-- 0.002348 s
currentSize : 16 <-- 0.002606 s
currentSize : 17 <-- 0.030058 s

maxsize : 17
nodes : 778951.000000
filtered : 12542968.000000
time : 3.779106
