Parameters: GAD=1 vflib=1 dir=1 label=1 lowerbound=1 fileNameGp=../graphsdb/mcs30/m2D/m2Dr2/mcs30_m2Dr2_s50.A69 fileNameGt=../graphsdb/mcs30/m2D/m2Dr2/mcs30_m2Dr2_s50.B69
Reading graphs...
50 : 95
50 : 95
Initializing...
maxdom : 10
D->valSize : 319
Solving...
Blb : 2 (clique : 17)
currentSize : 17 <-- 0.003677 s
currentSize : 18 <-- 0.003898 s
currentSize : 19 <-- 0.004327 s
currentSize : 20 <-- 0.004527 s
currentSize : 21 <-- 0.326815 s
currentSize : 22 <-- 14.485519 s
currentSize : 23 <-- 14.628320 s

maxsize : 23
nodes : 69133162.000000
filtered : 883530004.000000
time : 304.614624
