Parameters: GAD=1 vflib=1 dir=1 label=1 lowerbound=1 fileNameGp=../graphsdb/mcs30/bvg/b03/mcs30_b03_s100.A57 fileNameGt=../graphsdb/mcs30/bvg/b03/mcs30_b03_s100.B57
Reading graphs...
100 : 150
100 : 150
Initializing...
maxdom : 7
D->valSize : 348
Solving...
Blb : 5 (clique : 36)
currentSize : 36 <-- 0.003581 s
currentSize : 37 <-- 0.003873 s
currentSize : 38 <-- 0.004150 s
currentSize : 39 <-- 0.653219 s
currentSize : 40 <-- 25.206556 s
currentSize : 41 <-- 1531.306641 s

TIMEOUT
maxsize : 41
nodes : 676285188.000000
filtered : 3565750798.000000
time : 3600.000000
