Parameters: GAD=1 vflib=1 dir=1 label=1 lowerbound=1 fileNameGp=../graphsdb/mcs30/m2D/m2Dr4/mcs30_m2Dr4_s70.A87 fileNameGt=../graphsdb/mcs30/m2D/m2Dr4/mcs30_m2Dr4_s70.B87
Reading graphs...
70 : 151
70 : 148
Initializing...
maxdom : 12
D->valSize : 353
Solving...
Blb : 2 (clique : 22)
currentSize : 22 <-- 0.003099 s
currentSize : 23 <-- 0.004623 s
currentSize : 24 <-- 0.004683 s
currentSize : 25 <-- 0.009359 s
currentSize : 26 <-- 0.308858 s
currentSize : 27 <-- 0.323987 s
currentSize : 28 <-- 26.424723 s
currentSize : 29 <-- 26.794716 s
currentSize : 30 <-- 26.794865 s
currentSize : 31 <-- 453.221405 s
currentSize : 32 <-- 639.154175 s

maxsize : 32
nodes : 321949490.000000
filtered : 3360156028.000000
time : 1660.112061
