Parameters: GAD=1 vflib=1 dir=1 label=1 lowerbound=1 fileNameGp=../graphsdb/mcs30/m3D/m3Dr6/mcs30_m3Dr6_s70.A84 fileNameGt=../graphsdb/mcs30/m3D/m3Dr6/mcs30_m3Dr6_s70.B84
Reading graphs...
70 : 201
70 : 200
Initializing...
maxdom : 8
D->valSize : 318
Solving...
Blb : 2 (clique : 20)
currentSize : 20 <-- 0.002736 s
currentSize : 23 <-- 0.002890 s
currentSize : 24 <-- 0.003046 s
currentSize : 25 <-- 0.024964 s
currentSize : 26 <-- 0.187320 s
currentSize : 27 <-- 0.627755 s
currentSize : 28 <-- 0.632752 s
currentSize : 29 <-- 0.757124 s
currentSize : 30 <-- 0.768103 s
currentSize : 31 <-- 2.284683 s

maxsize : 31
nodes : 49288381.000000
filtered : 517677044.000000
time : 257.754456
