Parameters: GAD=1 vflib=1 dir=1 label=1 lowerbound=1 fileNameGp=../graphsdb/mcs30/bvg/b06/mcs30_b06_s60.A49 fileNameGt=../graphsdb/mcs30/bvg/b06/mcs30_b06_s60.B49
Reading graphs...
60 : 180
60 : 180
Initializing...
maxdom : 7
D->valSize : 242
Solving...
Blb : 5 (clique : 17)
currentSize : 17 <-- 0.001689 s
currentSize : 18 <-- 0.001839 s
currentSize : 19 <-- 0.005580 s
currentSize : 21 <-- 0.008661 s
currentSize : 22 <-- 0.025944 s
currentSize : 23 <-- 0.287841 s

maxsize : 23
nodes : 2607792.000000
filtered : 23337074.000000
time : 11.805912
