Parameters: GAD=1 vflib=1 dir=1 label=1 lowerbound=1 fileNameGp=../graphsdb/mcs30/m2D/m2Dr4/mcs30_m2Dr4_s60.A01 fileNameGt=../graphsdb/mcs30/m2D/m2Dr4/mcs30_m2Dr4_s60.B01
Reading graphs...
60 : 128
60 : 128
Initializing...
maxdom : 7
D->valSize : 221
Solving...
Blb : 2 (clique : 19)
currentSize : 19 <-- 0.001739 s
currentSize : 20 <-- 0.001940 s
currentSize : 21 <-- 0.010229 s
currentSize : 22 <-- 0.043391 s
currentSize : 23 <-- 1.454450 s
currentSize : 24 <-- 6.198734 s
currentSize : 25 <-- 6.201161 s

maxsize : 25
nodes : 4616322.000000
filtered : 33311549.000000
time : 20.186380
