Parameters: GAD=1 vflib=1 dir=1 label=1 lowerbound=1 fileNameGp=../graphsdb/mcs30/m2D/m2Dr4/mcs30_m2Dr4_s50.A40 fileNameGt=../graphsdb/mcs30/m2D/m2Dr4/mcs30_m2Dr4_s50.B40
Reading graphs...
50 : 104
50 : 103
Initializing...
maxdom : 13
D->valSize : 336
Solving...
Blb : 2 (clique : 18)
currentSize : 18 <-- 0.002451 s
currentSize : 20 <-- 0.002566 s
currentSize : 21 <-- 0.002708 s
currentSize : 22 <-- 0.002772 s
currentSize : 23 <-- 0.082056 s
currentSize : 24 <-- 198.837982 s

maxsize : 24
nodes : 88252456.000000
filtered : 1100430363.000000
time : 416.156342
