Parameters: GAD=1 vflib=1 dir=1 label=1 lowerbound=1 fileNameGp=../graphsdb/mcs30/rand/r005/mcs30_r005_s70.A64 fileNameGt=../graphsdb/mcs30/rand/r005/mcs30_r005_s70.B64
Reading graphs...
70 : 240
70 : 240
Initializing...
maxdom : 8
D->valSize : 316
Solving...
Blb : 2 (clique : 20)
currentSize : 20 <-- 0.002715 s
currentSize : 21 <-- 0.002963 s
currentSize : 22 <-- 0.004134 s
currentSize : 23 <-- 1.689901 s
currentSize : 24 <-- 828.293030 s
currentSize : 25 <-- 885.240356 s

maxsize : 25
nodes : 489635655.000000
filtered : 5027430197.000000
time : 2493.641357
