Parameters: GAD=1 vflib=1 dir=1 label=1 lowerbound=1 fileNameGp=../graphsdb/mcs30/m2D/m2Dr4/mcs30_m2Dr4_s50.A10 fileNameGt=../graphsdb/mcs30/m2D/m2Dr4/mcs30_m2Dr4_s50.B10
Reading graphs...
50 : 105
50 : 105
Initializing...
maxdom : 10
D->valSize : 346
Solving...
Blb : 2 (clique : 18)
currentSize : 18 <-- 0.002517 s
currentSize : 19 <-- 0.002704 s
currentSize : 20 <-- 0.002879 s
currentSize : 21 <-- 0.268137 s
currentSize : 22 <-- 0.658400 s
currentSize : 23 <-- 3.958540 s
currentSize : 24 <-- 9.621796 s
currentSize : 25 <-- 9.629253 s

maxsize : 25
nodes : 14028186.000000
filtered : 194106221.000000
time : 70.199219
