Parameters: GAD=1 vflib=1 dir=1 label=1 lowerbound=1 fileNameGp=../graphsdb/mcs30/bvg/b03/mcs30_b03_s30.A73 fileNameGt=../graphsdb/mcs30/bvg/b03/mcs30_b03_s30.B73
Reading graphs...
30 : 45
30 : 45
Initializing...
maxdom : 7
D->valSize : 132
Solving...
Blb : 2 (clique : 10)
currentSize : 10 <-- 0.000782 s
currentSize : 11 <-- 0.000837 s
currentSize : 12 <-- 0.000859 s
currentSize : 13 <-- 0.001366 s
currentSize : 14 <-- 0.006452 s
currentSize : 15 <-- 0.006986 s

maxsize : 15
nodes : 15083.000000
filtered : 123875.000000
time : 0.052551
