Parameters: GAD=1 vflib=1 dir=1 label=1 lowerbound=1 fileNameGp=../graphsdb/mcs30/bvg/b06/mcs30_b06_s60.A13 fileNameGt=../graphsdb/mcs30/bvg/b06/mcs30_b06_s60.B13
Reading graphs...
60 : 180
60 : 180
Initializing...
maxdom : 8
D->valSize : 257
Solving...
Blb : 2 (clique : 19)
currentSize : 19 <-- 0.002044 s
currentSize : 20 <-- 0.002174 s
currentSize : 21 <-- 0.002235 s
currentSize : 22 <-- 0.004580 s
currentSize : 23 <-- 0.007692 s
currentSize : 24 <-- 0.746361 s

maxsize : 24
nodes : 18146182.000000
filtered : 222793892.000000
time : 88.810654
