Parameters: GAD=1 vflib=1 dir=1 label=1 lowerbound=1 fileNameGp=../graphsdb/mcs30/m3D/m3D/mcs30_m3D_s100.A38 fileNameGt=../graphsdb/mcs30/m3D/m3D/mcs30_m3D_s100.B38
Reading graphs...
100 : 235
100 : 235
Initializing...
maxdom : 6
D->valSize : 307
Solving...
Blb : 2 (clique : 29)
currentSize : 29 <-- 0.003109 s
currentSize : 30 <-- 0.004318 s
currentSize : 31 <-- 1.611191 s
currentSize : 32 <-- 39.740166 s
currentSize : 33 <-- 128.439209 s
currentSize : 34 <-- 1153.988403 s

TIMEOUT
maxsize : 34
nodes : 723646740.000000
filtered : 2557353420.000000
time : 3600.000000
