Parameters: GAD=1 vflib=1 dir=1 label=1 lowerbound=1 fileNameGp=../graphsdb/mcs30/bvg/b06/mcs30_b06_s40.A21 fileNameGt=../graphsdb/mcs30/bvg/b06/mcs30_b06_s40.B21
Reading graphs...
40 : 120
40 : 120
Initializing...
maxdom : 7
D->valSize : 215
Solving...
Blb : 3 (clique : 12)
currentSize : 12 <-- 0.001877 s
currentSize : 13 <-- 0.002111 s
currentSize : 14 <-- 0.185093 s
currentSize : 15 <-- 0.185310 s
currentSize : 16 <-- 0.445396 s

maxsize : 16
nodes : 330844.000000
filtered : 4066023.000000
time : 1.379366
