Parameters: GAD=1 vflib=1 dir=1 label=1 lowerbound=1 fileNameGp=../graphsdb/mcs30/m3D/m3D/mcs30_m3D_s70.A60 fileNameGt=../graphsdb/mcs30/m3D/m3D/mcs30_m3D_s70.B60
Reading graphs...
70 : 159
70 : 159
Initializing...
maxdom : 9
D->valSize : 318
Solving...
Blb : 2 (clique : 27)
currentSize : 27 <-- 0.002858 s
currentSize : 28 <-- 0.050020 s
currentSize : 29 <-- 0.051269 s
currentSize : 30 <-- 1.078749 s
currentSize : 31 <-- 2.053324 s

maxsize : 31
nodes : 32267451.000000
filtered : 289411464.000000
time : 158.212128
