Parameters: GAD=1 vflib=1 dir=1 label=1 lowerbound=1 fileNameGp=../graphsdb/mcs30/m2D/m2D/mcs30_m2D_s100.A47 fileNameGt=../graphsdb/mcs30/m2D/m2D/mcs30_m2D_s100.B47
Reading graphs...
100 : 180
100 : 180
Initializing...
maxdom : 7
D->valSize : 320
Solving...
Blb : 2 (clique : 36)
currentSize : 36 <-- 0.005445 s
currentSize : 37 <-- 0.005968 s
currentSize : 38 <-- 0.024186 s
currentSize : 39 <-- 0.716307 s
currentSize : 40 <-- 196.384048 s
currentSize : 41 <-- 953.964722 s
currentSize : 42 <-- 1513.351562 s

TIMEOUT
maxsize : 42
nodes : 676460528.000000
filtered : 3156135061.000000
time : 3600.000000
