Parameters: GAD=1 vflib=1 dir=1 label=1 lowerbound=1 fileNameGp=../graphsdb/mcs30/m4D/m4D/mcs30_m4D_s70.A06 fileNameGt=../graphsdb/mcs30/m4D/m4D/mcs30_m4D_s70.B06
Reading graphs...
70 : 118
70 : 118
Initializing...
maxdom : 8
D->valSize : 322
Solving...
Blb : 2 (clique : 25)
currentSize : 25 <-- 0.002741 s
currentSize : 26 <-- 0.006797 s
currentSize : 27 <-- 0.211488 s
currentSize : 28 <-- 1.540290 s
currentSize : 29 <-- 26.779247 s
currentSize : 30 <-- 104.951859 s
currentSize : 31 <-- 1787.803833 s
currentSize : 32 <-- 1842.836548 s

TIMEOUT
maxsize : 32
nodes : 777366711.000000
filtered : 5725984610.000000
time : 3600.000000
