Parameters: GAD=1 vflib=1 dir=1 label=1 lowerbound=1 fileNameGp=../graphsdb/mcs30/rand/r01/mcs30_r01_s70.A06 fileNameGt=../graphsdb/mcs30/rand/r01/mcs30_r01_s70.B06
Reading graphs...
70 : 482
70 : 482
Initializing...
maxdom : 7
D->valSize : 334
Solving...
Blb : 2 (clique : 13)
currentSize : 13 <-- 0.002800 s
currentSize : 15 <-- 0.002955 s
currentSize : 17 <-- 0.006994 s
currentSize : 18 <-- 0.007105 s
currentSize : 19 <-- 0.009460 s
currentSize : 20 <-- 0.009547 s
currentSize : 21 <-- 0.056876 s
currentSize : 22 <-- 0.057088 s

maxsize : 22
nodes : 287607.000000
filtered : 5830135.000000
time : 1.745450
