Parameters: GAD=1 vflib=1 dir=1 label=1 lowerbound=1 fileNameGp=../graphsdb/mcs30/m2D/m2Dr2/mcs30_m2Dr2_s90.A22 fileNameGt=../graphsdb/mcs30/m2D/m2Dr2/mcs30_m2Dr2_s90.B22
Reading graphs...
90 : 179
90 : 179
Initializing...
maxdom : 11
D->valSize : 516
Solving...
Blb : 2 (clique : 30)
currentSize : 30 <-- 0.006033 s
currentSize : 31 <-- 0.015308 s
currentSize : 32 <-- 0.035287 s
currentSize : 33 <-- 182.088135 s
currentSize : 34 <-- 999.128296 s
currentSize : 35 <-- 1685.023926 s

TIMEOUT
maxsize : 35
nodes : 666483430.000000
filtered : 5679628834.000000
time : 3600.000000
