Parameters: GAD=1 vflib=1 dir=1 label=1 lowerbound=1 fileNameGp=../graphsdb/mcs30/m2D/m2D/mcs30_m2D_s100.A55 fileNameGt=../graphsdb/mcs30/m2D/m2D/mcs30_m2D_s100.B55
Reading graphs...
100 : 180
100 : 180
Initializing...
maxdom : 7
D->valSize : 327
Solving...
Blb : 2 (clique : 29)
currentSize : 29 <-- 0.006165 s
currentSize : 31 <-- 0.006487 s
currentSize : 32 <-- 0.006647 s
currentSize : 33 <-- 0.007070 s
currentSize : 34 <-- 0.014882 s
currentSize : 35 <-- 0.015309 s
currentSize : 36 <-- 11.385627 s
currentSize : 37 <-- 2991.047607 s

TIMEOUT
maxsize : 37
nodes : 808141929.000000
filtered : 2759309744.000000
time : 3600.000000
