Parameters: GAD=1 vflib=1 dir=1 label=1 lowerbound=1 fileNameGp=../graphsdb/mcs30/m4D/m4D/mcs30_m4D_s80.A99 fileNameGt=../graphsdb/mcs30/m4D/m4D/mcs30_m4D_s80.B99
Reading graphs...
80 : 131
80 : 131
Initializing...
maxdom : 9
D->valSize : 394
Solving...
Blb : 2 (clique : 29)
currentSize : 29 <-- 0.004065 s
currentSize : 30 <-- 0.157734 s
currentSize : 31 <-- 0.961818 s
currentSize : 32 <-- 2.684946 s
currentSize : 33 <-- 52.254971 s
currentSize : 34 <-- 60.190319 s

TIMEOUT
maxsize : 34
nodes : 756006816.000000
filtered : 5062410835.000000
time : 3600.000000
