Parameters: GAD=1 vflib=1 dir=1 label=1 lowerbound=1 fileNameGp=../graphsdb/mcs30/rand/r02/mcs30_r02_s30.A33 fileNameGt=../graphsdb/mcs30/rand/r02/mcs30_r02_s30.B33
Reading graphs...
30 : 173
30 : 173
Initializing...
maxdom : 6
D->valSize : 118
Solving...
Blb : 2 (clique : 5)
currentSize : 5 <-- 0.000623 s
currentSize : 6 <-- 0.000690 s
currentSize : 7 <-- 0.000763 s
currentSize : 8 <-- 0.001957 s
currentSize : 10 <-- 0.002299 s

maxsize : 10
nodes : 869.000000
filtered : 11896.000000
time : 0.003712
