Parameters: GAD=1 vflib=1 dir=1 label=1 lowerbound=1 fileNameGp=../graphsdb/mcs30/m4D/m4Dr6/mcs30_m4Dr6_s70.A89 fileNameGt=../graphsdb/mcs30/m4D/m4Dr6/mcs30_m4Dr6_s70.B89
Reading graphs...
70 : 160
70 : 160
Initializing...
maxdom : 9
D->valSize : 332
Solving...
Blb : 5 (clique : 23)
currentSize : 23 <-- 0.002879 s
currentSize : 24 <-- 0.003307 s
currentSize : 25 <-- 0.004148 s
currentSize : 26 <-- 0.021479 s
currentSize : 27 <-- 0.146650 s
currentSize : 28 <-- 29.816767 s
currentSize : 29 <-- 308.466522 s
currentSize : 30 <-- 1767.963867 s

TIMEOUT
maxsize : 30
nodes : 793590404.000000
filtered : 6795247067.000000
time : 3600.000000
