Parameters: GAD=1 vflib=1 dir=1 label=1 lowerbound=1 fileNameGp=../graphsdb/mcs30/m3D/m3Dr2/mcs30_m3Dr2_s40.A91 fileNameGt=../graphsdb/mcs30/m3D/m3Dr2/mcs30_m3Dr2_s40.B91
Reading graphs...
40 : 92
40 : 92
Initializing...
maxdom : 7
D->valSize : 211
Solving...
Blb : 3 (clique : 12)
currentSize : 12 <-- 0.001226 s
currentSize : 13 <-- 0.001400 s
currentSize : 14 <-- 0.036490 s
currentSize : 15 <-- 0.140720 s
currentSize : 16 <-- 0.141159 s

maxsize : 16
nodes : 2563923.000000
filtered : 26867210.000000
time : 9.708678
