Parameters: GAD=1 vflib=1 dir=1 label=1 lowerbound=1 fileNameGp=../graphsdb/mcs30/m4D/m4Dr6/mcs30_m4Dr6_s90.A04 fileNameGt=../graphsdb/mcs30/m4D/m4Dr6/mcs30_m4Dr6_s90.B04
Reading graphs...
90 : 200
90 : 199
Initializing...
maxdom : 10
D->valSize : 509
Solving...
Blb : 2 (clique : 26)
currentSize : 26 <-- 0.005925 s
currentSize : 30 <-- 0.006139 s
currentSize : 31 <-- 25.269016 s
currentSize : 32 <-- 102.908943 s
currentSize : 33 <-- 523.532654 s
currentSize : 34 <-- 1665.344727 s
currentSize : 35 <-- 3252.293945 s
currentSize : 36 <-- 3259.100098 s

TIMEOUT
maxsize : 36
nodes : 664790911.000000
filtered : 4819615688.000000
time : 3600.000000
