Parameters: GAD=1 vflib=1 dir=1 label=1 lowerbound=1 fileNameGp=../graphsdb/mcs30/bvg/b09m/mcs30_b09m_s90.A71 fileNameGt=../graphsdb/mcs30/bvg/b09m/mcs30_b09m_s90.B71
Reading graphs...
90 : 405
90 : 405
Initializing...
maxdom : 12
D->valSize : 576
Solving...
Blb : 2 (clique : 21)
currentSize : 21 <-- 0.010919 s
currentSize : 22 <-- 0.014213 s
currentSize : 23 <-- 0.043115 s
currentSize : 24 <-- 0.162283 s
currentSize : 25 <-- 0.323224 s
currentSize : 26 <-- 2.764361 s
currentSize : 27 <-- 179.218048 s
currentSize : 28 <-- 3129.316162 s

TIMEOUT
maxsize : 28
nodes : 600593321.000000
filtered : 8246124625.000000
time : 3600.000000
