Parameters: GAD=1 vflib=1 dir=1 label=1 lowerbound=1 fileNameGp=../graphsdb/mcs30/m4D/m4D/mcs30_m4D_s60.A02 fileNameGt=../graphsdb/mcs30/m4D/m4D/mcs30_m4D_s60.B02
Reading graphs...
60 : 102
60 : 102
Initializing...
maxdom : 9
D->valSize : 237
Solving...
Blb : 3 (clique : 26)
currentSize : 26 <-- 0.002829 s
currentSize : 27 <-- 0.222446 s
currentSize : 28 <-- 0.230937 s
currentSize : 29 <-- 0.414727 s
currentSize : 30 <-- 0.423510 s

maxsize : 30
nodes : 3014945.000000
filtered : 22617352.000000
time : 13.566288
