Parameters: GAD=1 vflib=1 dir=1 label=1 lowerbound=1 fileNameGp=../graphsdb/mcs30/m4D/m4Dr4/mcs30_m4Dr4_s90.A83 fileNameGt=../graphsdb/mcs30/m4D/m4Dr4/mcs30_m4Dr4_s90.B83
Reading graphs...
90 : 182
90 : 181
Initializing...
maxdom : 11
D->valSize : 521
Solving...
Blb : 2 (clique : 33)
currentSize : 33 <-- 0.005965 s
currentSize : 35 <-- 0.006234 s
currentSize : 36 <-- 0.008734 s
currentSize : 37 <-- 0.053179 s
currentSize : 38 <-- 0.125674 s
currentSize : 39 <-- 108.031456 s

TIMEOUT
maxsize : 39
nodes : 725223007.000000
filtered : 5058565924.000000
time : 3600.000000
