Parameters: GAD=1 vflib=1 dir=1 label=1 lowerbound=1 fileNameGp=../graphsdb/mcs30/m2D/m2Dr2/mcs30_m2Dr2_s50.A94 fileNameGt=../graphsdb/mcs30/m2D/m2Dr2/mcs30_m2Dr2_s50.B94
Reading graphs...
50 : 95
50 : 95
Initializing...
maxdom : 10
D->valSize : 317
Solving...
Blb : 2 (clique : 18)
currentSize : 18 <-- 0.002569 s
currentSize : 22 <-- 0.002687 s
currentSize : 23 <-- 0.003001 s
currentSize : 24 <-- 0.130959 s
currentSize : 25 <-- 396.917603 s

maxsize : 25
nodes : 140987225.000000
filtered : 1710843852.000000
time : 635.742371
