Parameters: GAD=1 vflib=1 dir=1 label=1 lowerbound=1 fileNameGp=../graphsdb/mcs30/bvg/b09m/mcs30_b09m_s80.A66 fileNameGt=../graphsdb/mcs30/bvg/b09m/mcs30_b09m_s80.B66
Reading graphs...
80 : 360
80 : 360
Initializing...
maxdom : 9
D->valSize : 416
Solving...
Blb : 2 (clique : 19)
currentSize : 19 <-- 0.003885 s
currentSize : 20 <-- 0.004049 s
currentSize : 21 <-- 0.004471 s
currentSize : 22 <-- 0.007528 s
currentSize : 23 <-- 0.007664 s
currentSize : 24 <-- 0.039741 s
currentSize : 25 <-- 0.042699 s
currentSize : 26 <-- 984.575378 s
currentSize : 27 <-- 1103.317017 s
currentSize : 28 <-- 2685.765625 s

TIMEOUT
maxsize : 28
nodes : 633488449.000000
filtered : 8509888709.000000
time : 3600.000000
