Parameters: GAD=1 vflib=1 dir=1 label=1 lowerbound=1 fileNameGp=../graphsdb/mcs30/bvg/b09/mcs30_b09_s70.A62 fileNameGt=../graphsdb/mcs30/bvg/b09/mcs30_b09_s70.B62
Reading graphs...
70 : 315
70 : 315
Initializing...
maxdom : 7
D->valSize : 327
Solving...
Blb : 2 (clique : 17)
currentSize : 17 <-- 0.002709 s
currentSize : 18 <-- 0.002859 s
currentSize : 19 <-- 0.003002 s
currentSize : 20 <-- 0.003119 s
currentSize : 21 <-- 10.693037 s
currentSize : 22 <-- 43.322857 s
currentSize : 23 <-- 43.323288 s

maxsize : 23
nodes : 21310082.000000
filtered : 301516857.000000
time : 116.488197
