Parameters: GAD=1 vflib=1 dir=1 label=1 lowerbound=1 fileNameGp=../graphsdb/mcs30/m2D/m2Dr6/mcs30_m2Dr6_s50.A86 fileNameGt=../graphsdb/mcs30/m2D/m2Dr6/mcs30_m2Dr6_s50.B86
Reading graphs...
50 : 115
50 : 113
Initializing...
maxdom : 12
D->valSize : 305
Solving...
Blb : 2 (clique : 17)
currentSize : 17 <-- 0.002157 s
currentSize : 18 <-- 0.002284 s
currentSize : 19 <-- 0.003667 s
currentSize : 20 <-- 0.065994 s
currentSize : 21 <-- 81.889297 s
currentSize : 22 <-- 236.610657 s

maxsize : 22
nodes : 106107264.000000
filtered : 1181596372.000000
time : 461.901794
