Parameters: GAD=1 vflib=1 dir=1 label=1 lowerbound=1 fileNameGp=../graphsdb/mcs30/m3D/m3Dr6/mcs30_m3Dr6_s80.A16 fileNameGt=../graphsdb/mcs30/m3D/m3Dr6/mcs30_m3Dr6_s80.B16
Reading graphs...
80 : 232
80 : 232
Initializing...
maxdom : 8
D->valSize : 399
Solving...
Blb : 2 (clique : 23)
currentSize : 23 <-- 0.006145 s
currentSize : 24 <-- 0.006788 s
currentSize : 25 <-- 0.007777 s
currentSize : 27 <-- 0.039411 s
currentSize : 28 <-- 184.616989 s
currentSize : 29 <-- 3014.559570 s

TIMEOUT
maxsize : 29
nodes : 714722084.000000
filtered : 6362553991.000000
time : 3600.000000
