Parameters: GAD=1 vflib=1 dir=1 label=1 lowerbound=1 fileNameGp=../graphsdb/mcs30/m3D/m3Dr4/mcs30_m3Dr4_s80.A85 fileNameGt=../graphsdb/mcs30/m3D/m3Dr4/mcs30_m3Dr4_s80.B85
Reading graphs...
80 : 216
80 : 214
Initializing...
maxdom : 8
D->valSize : 404
Solving...
Blb : 2 (clique : 22)
currentSize : 22 <-- 0.006257 s
currentSize : 24 <-- 0.006570 s
currentSize : 25 <-- 0.006745 s
currentSize : 26 <-- 0.099205 s
currentSize : 28 <-- 1.467898 s
currentSize : 29 <-- 1.467941 s
currentSize : 30 <-- 1.469796 s
currentSize : 31 <-- 1195.741577 s

TIMEOUT
maxsize : 31
nodes : 706274040.000000
filtered : 5601595066.000000
time : 3600.000000
