Parameters: GAD=1 vflib=1 dir=1 label=1 lowerbound=1 fileNameGp=../graphsdb/mcs30/rand/r02/mcs30_r02_s80.A50 fileNameGt=../graphsdb/mcs30/rand/r02/mcs30_r02_s80.B50
Reading graphs...
80 : 1263
80 : 1263
Initializing...
maxdom : 9
D->valSize : 433
Solving...
Blb : 3 (clique : 7)
currentSize : 7 <-- 0.003885 s
currentSize : 8 <-- 0.004091 s
currentSize : 9 <-- 0.004536 s
currentSize : 12 <-- 0.010241 s
currentSize : 17 <-- 0.010310 s
currentSize : 18 <-- 0.050390 s
currentSize : 24 <-- 0.097485 s

maxsize : 24
nodes : 23217.000000
filtered : 686260.000000
time : 0.159949
