Parameters: GAD=1 vflib=1 dir=1 label=1 lowerbound=1 fileNameGp=../graphsdb/mcs30/bvg/b03m/mcs30_b03m_s50.A93 fileNameGt=../graphsdb/mcs30/bvg/b03m/mcs30_b03m_s50.B93
Reading graphs...
50 : 75
50 : 75
Initializing...
maxdom : 10
D->valSize : 292
Solving...
Blb : 2 (clique : 16)
currentSize : 16 <-- 0.003266 s
currentSize : 17 <-- 0.004037 s
currentSize : 18 <-- 0.023673 s
currentSize : 19 <-- 0.059290 s
currentSize : 20 <-- 0.862500 s
currentSize : 21 <-- 4.504283 s
currentSize : 22 <-- 2012.275879 s
currentSize : 23 <-- 3117.330566 s
currentSize : 24 <-- 3256.441650 s

TIMEOUT
maxsize : 24
nodes : 1089873712.000000
filtered : 7465839332.000000
time : 3600.000000
