Parameters: GAD=1 vflib=1 dir=1 label=1 lowerbound=1 fileNameGp=../graphsdb/mcs30/bvg/b09/mcs30_b09_s50.A43 fileNameGt=../graphsdb/mcs30/bvg/b09/mcs30_b09_s50.B43
Reading graphs...
50 : 225
50 : 225
Initializing...
maxdom : 11
D->valSize : 353
Solving...
Blb : 2 (clique : 13)
currentSize : 13 <-- 0.002521 s
currentSize : 14 <-- 0.007367 s
currentSize : 15 <-- 0.007439 s
currentSize : 16 <-- 0.095521 s
currentSize : 17 <-- 0.596499 s

maxsize : 17
nodes : 2395913.000000
filtered : 57219967.000000
time : 12.575613
