Parameters: GAD=1 vflib=1 dir=1 label=1 lowerbound=1 fileNameGp=../graphsdb/mcs30/m2D/m2Dr4/mcs30_m2Dr4_s60.A12 fileNameGt=../graphsdb/mcs30/m2D/m2Dr4/mcs30_m2Dr4_s60.B12
Reading graphs...
60 : 128
60 : 127
Initializing...
maxdom : 10
D->valSize : 294
Solving...
Blb : 5 (clique : 20)
currentSize : 20 <-- 0.002219 s
currentSize : 21 <-- 0.003463 s
currentSize : 22 <-- 0.008248 s
currentSize : 23 <-- 0.021099 s
currentSize : 24 <-- 3.059319 s
currentSize : 25 <-- 18.870180 s

maxsize : 25
nodes : 64355992.000000
filtered : 641311653.000000
time : 299.520020
