Parameters: GAD=1 vflib=1 dir=1 label=1 lowerbound=1 fileNameGp=../graphsdb/mcs30/m4D/m4Dr2/mcs30_m4Dr2_s50.A34 fileNameGt=../graphsdb/mcs30/m4D/m4Dr2/mcs30_m4Dr2_s50.B34
Reading graphs...
50 : 97
50 : 97
Initializing...
maxdom : 12
D->valSize : 366
Solving...
Blb : 2 (clique : 19)
currentSize : 19 <-- 0.002720 s
currentSize : 20 <-- 0.073508 s
currentSize : 21 <-- 1.266496 s
currentSize : 22 <-- 7.090480 s
currentSize : 23 <-- 15.647641 s
currentSize : 24 <-- 15.679516 s
currentSize : 25 <-- 61.221695 s

maxsize : 25
nodes : 86420216.000000
filtered : 1296349565.000000
time : 435.565735
