Parameters: GAD=1 vflib=1 dir=1 label=1 lowerbound=1 fileNameGp=../graphsdb/mcs30/bvg/b03m/mcs30_b03m_s80.A88 fileNameGt=../graphsdb/mcs30/bvg/b03m/mcs30_b03m_s80.B88
Reading graphs...
80 : 120
80 : 120
Initializing...
maxdom : 9
D->valSize : 406
Solving...
Blb : 2 (clique : 30)
currentSize : 30 <-- 0.004116 s
currentSize : 32 <-- 0.004336 s
currentSize : 33 <-- 0.005906 s
currentSize : 34 <-- 0.007102 s
currentSize : 35 <-- 0.047674 s
currentSize : 36 <-- 0.541236 s
currentSize : 37 <-- 3216.789795 s

TIMEOUT
maxsize : 37
nodes : 793942289.000000
filtered : 5167719674.000000
time : 3600.000000
