Parameters: GAD=1 vflib=1 dir=1 label=1 lowerbound=1 fileNameGp=../graphsdb/mcs30/m3D/m3Dr4/mcs30_m3Dr4_s80.A00 fileNameGt=../graphsdb/mcs30/m3D/m3Dr4/mcs30_m3Dr4_s80.B00
Reading graphs...
80 : 216
80 : 214
Initializing...
maxdom : 10
D->valSize : 439
Solving...
Blb : 2 (clique : 25)
currentSize : 25 <-- 0.004376 s
currentSize : 26 <-- 0.097855 s
currentSize : 27 <-- 0.114112 s
currentSize : 28 <-- 1.350704 s
currentSize : 29 <-- 2.762976 s
currentSize : 30 <-- 7.152465 s
currentSize : 31 <-- 152.597473 s
currentSize : 32 <-- 423.044098 s

TIMEOUT
maxsize : 32
nodes : 667973051.000000
filtered : 6408309728.000000
time : 3600.000000
