Parameters: GAD=1 vflib=1 dir=1 label=1 lowerbound=1 fileNameGp=../graphsdb/mcs30/m2D/m2D/mcs30_m2D_s50.A53 fileNameGt=../graphsdb/mcs30/m2D/m2D/mcs30_m2D_s50.B53
Reading graphs...
50 : 85
50 : 85
Initializing...
maxdom : 9
D->valSize : 303
Solving...
Blb : 2 (clique : 21)
currentSize : 21 <-- 0.002228 s
currentSize : 22 <-- 1.138913 s
currentSize : 23 <-- 7.726411 s
currentSize : 24 <-- 19.595486 s
currentSize : 25 <-- 609.210022 s

maxsize : 25
nodes : 341640878.000000
filtered : 3182449245.000000
time : 1455.629028
