Parameters: GAD=1 vflib=1 dir=1 label=1 lowerbound=1 fileNameGp=../graphsdb/mcs30/rand/r02/mcs30_r02_s90.A41 fileNameGt=../graphsdb/mcs30/rand/r02/mcs30_r02_s90.B41
Reading graphs...
90 : 1601
90 : 1601
Initializing...
maxdom : 9
D->valSize : 542
Solving...
Blb : 2 (clique : 7)
currentSize : 7 <-- 0.005666 s
currentSize : 8 <-- 0.005770 s
currentSize : 9 <-- 0.006225 s
currentSize : 10 <-- 0.007495 s
currentSize : 11 <-- 0.072565 s
currentSize : 15 <-- 0.100683 s
currentSize : 17 <-- 0.131942 s
currentSize : 27 <-- 0.132136 s

maxsize : 27
nodes : 51338.000000
filtered : 1486466.000000
time : 0.367003
