Parameters: GAD=1 vflib=1 dir=1 label=1 lowerbound=1 fileNameGp=../graphsdb/mcs30/bvg/b06/mcs30_b06_s60.A89 fileNameGt=../graphsdb/mcs30/bvg/b06/mcs30_b06_s60.B89
Reading graphs...
60 : 180
60 : 180
Initializing...
maxdom : 9
D->valSize : 230
Solving...
Blb : 3 (clique : 17)
currentSize : 17 <-- 0.001642 s
currentSize : 18 <-- 0.003628 s
currentSize : 19 <-- 0.014943 s
currentSize : 20 <-- 0.028211 s
currentSize : 21 <-- 0.377743 s
currentSize : 22 <-- 3.330535 s

maxsize : 22
nodes : 4368924.000000
filtered : 44136421.000000
time : 20.126810
