Parameters: GAD=1 vflib=1 dir=1 label=1 lowerbound=1 fileNameGp=../graphsdb/mcs30/rand/r005/mcs30_r005_s50.A12 fileNameGt=../graphsdb/mcs30/rand/r005/mcs30_r005_s50.B12
Reading graphs...
50 : 126
50 : 126
Initializing...
maxdom : 8
D->valSize : 312
Solving...
Blb : 2 (clique : 18)
currentSize : 18 <-- 0.003511 s
currentSize : 19 <-- 0.005613 s
currentSize : 20 <-- 0.005648 s
currentSize : 21 <-- 2.440606 s
currentSize : 22 <-- 52.673080 s

maxsize : 22
nodes : 33586351.000000
filtered : 416754300.000000
time : 150.376251
