Parameters: GAD=1 vflib=1 dir=1 label=1 lowerbound=1 fileNameGp=../graphsdb/mcs30/m2D/m2Dr2/mcs30_m2Dr2_s60.A84 fileNameGt=../graphsdb/mcs30/m2D/m2Dr2/mcs30_m2Dr2_s60.B84
Reading graphs...
60 : 116
60 : 114
Initializing...
maxdom : 8
D->valSize : 250
Solving...
Blb : 2 (clique : 20)
currentSize : 20 <-- 0.002782 s
currentSize : 21 <-- 0.004102 s
currentSize : 22 <-- 0.034700 s
currentSize : 23 <-- 0.355316 s
currentSize : 24 <-- 2.423218 s
currentSize : 25 <-- 19.179535 s
currentSize : 26 <-- 125.868614 s
currentSize : 27 <-- 2367.900635 s

maxsize : 27
nodes : 720378269.000000
filtered : 5144473111.000000
time : 2902.689209
