Parameters: GAD=1 vflib=1 dir=1 label=1 lowerbound=1 fileNameGp=../graphsdb/mcs30/bvg/b06m/mcs30_b06m_s60.A32 fileNameGt=../graphsdb/mcs30/bvg/b06m/mcs30_b06m_s60.B32
Reading graphs...
60 : 180
60 : 180
Initializing...
maxdom : 9
D->valSize : 260
Solving...
Blb : 2 (clique : 19)
currentSize : 19 <-- 0.001986 s
currentSize : 20 <-- 0.002159 s
currentSize : 21 <-- 0.002238 s
currentSize : 23 <-- 0.279652 s
currentSize : 24 <-- 0.507886 s

maxsize : 24
nodes : 3322704.000000
filtered : 36763780.000000
time : 15.604480
