Parameters: GAD=1 vflib=1 dir=1 label=1 lowerbound=1 fileNameGp=../graphsdb/mcs30/bvg/b06/mcs30_b06_s40.A61 fileNameGt=../graphsdb/mcs30/bvg/b06/mcs30_b06_s40.B61
Reading graphs...
40 : 120
40 : 120
Initializing...
maxdom : 9
D->valSize : 211
Solving...
Blb : 3 (clique : 12)
currentSize : 12 <-- 0.001822 s
currentSize : 13 <-- 0.026344 s
currentSize : 14 <-- 0.053584 s
currentSize : 15 <-- 0.112815 s
currentSize : 16 <-- 0.120479 s

maxsize : 16
nodes : 187438.000000
filtered : 1962896.000000
time : 0.735784
