Parameters: GAD=1 vflib=1 dir=1 label=1 lowerbound=1 fileNameGp=../graphsdb/mcs30/m2D/m2Dr6/mcs30_m2Dr6_s30.A82 fileNameGt=../graphsdb/mcs30/m2D/m2Dr6/mcs30_m2Dr6_s30.B82
Reading graphs...
30 : 67
30 : 67
Initializing...
maxdom : 7
D->valSize : 113
Solving...
Blb : 2 (clique : 8)
currentSize : 8 <-- 0.000651 s
currentSize : 9 <-- 0.000714 s
currentSize : 10 <-- 0.000770 s
currentSize : 11 <-- 0.017258 s
currentSize : 12 <-- 0.032978 s

maxsize : 12
nodes : 18865.000000
filtered : 149902.000000
time : 0.062513
