Parameters: GAD=1 vflib=1 dir=1 label=1 lowerbound=1 fileNameGp=../graphsdb/mcs30/bvg/b09/mcs30_b09_s100.A12 fileNameGt=../graphsdb/mcs30/bvg/b09/mcs30_b09_s100.B12
Reading graphs...
100 : 450
100 : 450
Initializing...
maxdom : 8
D->valSize : 360
Solving...
Blb : 2 (clique : 22)
currentSize : 22 <-- 0.003640 s
currentSize : 23 <-- 0.003862 s
currentSize : 24 <-- 0.004318 s
currentSize : 25 <-- 0.005052 s
currentSize : 26 <-- 0.005978 s
currentSize : 27 <-- 0.056844 s
currentSize : 28 <-- 1.818205 s
currentSize : 29 <-- 1.898593 s
currentSize : 30 <-- 1.903075 s
currentSize : 31 <-- 3.756632 s
currentSize : 32 <-- 6.157143 s

TIMEOUT
maxsize : 32
nodes : 659099762.000000
filtered : 3631587772.000000
time : 3600.000000
