Parameters: GAD=1 vflib=1 dir=1 label=1 lowerbound=1 fileNameGp=../graphsdb/mcs30/m4D/m4Dr4/mcs30_m4Dr4_s60.A21 fileNameGt=../graphsdb/mcs30/m4D/m4Dr4/mcs30_m4Dr4_s60.B21
Reading graphs...
60 : 126
60 : 126
Initializing...
maxdom : 6
D->valSize : 241
Solving...
Blb : 2 (clique : 20)
currentSize : 20 <-- 0.001699 s
currentSize : 21 <-- 0.013584 s
currentSize : 22 <-- 0.013642 s
currentSize : 23 <-- 0.844151 s
currentSize : 24 <-- 2.064419 s
currentSize : 25 <-- 66.476990 s
currentSize : 26 <-- 97.444878 s

maxsize : 26
nodes : 309328979.000000
filtered : 2368032440.000000
time : 1323.319458
