Parameters: GAD=1 vflib=1 dir=1 label=1 lowerbound=1 fileNameGp=../graphsdb/mcs30/m2D/m2Dr4/mcs30_m2Dr4_s60.A90 fileNameGt=../graphsdb/mcs30/m2D/m2Dr4/mcs30_m2Dr4_s60.B90
Reading graphs...
60 : 128
60 : 127
Initializing...
maxdom : 7
D->valSize : 235
Solving...
Blb : 2 (clique : 20)
currentSize : 20 <-- 0.001807 s
currentSize : 21 <-- 0.001962 s
currentSize : 23 <-- 0.002257 s
currentSize : 24 <-- 0.027439 s
currentSize : 25 <-- 0.436564 s

maxsize : 25
nodes : 5420465.000000
filtered : 55428236.000000
time : 25.050987
