Parameters: GAD=1 vflib=1 dir=1 label=1 lowerbound=1 fileNameGp=../graphsdb/mcs30/rand/r02/mcs30_r02_s90.A80 fileNameGt=../graphsdb/mcs30/rand/r02/mcs30_r02_s90.B80
Reading graphs...
90 : 1601
90 : 1601
Initializing...
maxdom : 11
D->valSize : 530
Solving...
Blb : 3 (clique : 8)
currentSize : 8 <-- 0.005882 s
currentSize : 9 <-- 0.006221 s
currentSize : 10 <-- 0.006288 s
currentSize : 12 <-- 0.013793 s
currentSize : 13 <-- 0.015430 s
currentSize : 15 <-- 0.015488 s
currentSize : 17 <-- 0.240706 s
currentSize : 27 <-- 0.240807 s

maxsize : 27
nodes : 68367.000000
filtered : 1777893.000000
time : 0.475305
