Parameters: GAD=1 vflib=1 dir=1 label=1 lowerbound=1 fileNameGp=../graphsdb/mcs30/bvg/b09m/mcs30_b09m_s70.A66 fileNameGt=../graphsdb/mcs30/bvg/b09m/mcs30_b09m_s70.B66
Reading graphs...
70 : 315
70 : 315
Initializing...
maxdom : 7
D->valSize : 344
Solving...
Blb : 3 (clique : 21)
currentSize : 21 <-- 0.003013 s
currentSize : 22 <-- 3.843758 s
currentSize : 23 <-- 3.995392 s
currentSize : 24 <-- 4.063957 s
currentSize : 25 <-- 90.356529 s

maxsize : 25
nodes : 50718218.000000
filtered : 446532073.000000
time : 243.864029
