Parameters: GAD=1 vflib=1 dir=1 label=1 lowerbound=1 fileNameGp=../graphsdb/mcs30/m2D/m2Dr6/mcs30_m2Dr6_s80.A29 fileNameGt=../graphsdb/mcs30/m2D/m2Dr6/mcs30_m2Dr6_s80.B29
Reading graphs...
80 : 190
80 : 190
Initializing...
maxdom : 9
D->valSize : 410
Solving...
Blb : 2 (clique : 26)
currentSize : 26 <-- 0.003993 s
currentSize : 27 <-- 0.044087 s
currentSize : 28 <-- 0.632590 s
currentSize : 29 <-- 18.025961 s
currentSize : 30 <-- 22.977903 s
currentSize : 31 <-- 23.124680 s
currentSize : 32 <-- 79.753326 s

TIMEOUT
maxsize : 32
nodes : 687013810.000000
filtered : 6179015080.000000
time : 3600.000000
