Parameters: GAD=1 vflib=1 dir=1 label=1 lowerbound=1 fileNameGp=../graphsdb/mcs30/m4D/m4Dr2/mcs30_m4Dr2_s60.A27 fileNameGt=../graphsdb/mcs30/m4D/m4Dr2/mcs30_m4Dr2_s60.B27
Reading graphs...
60 : 114
60 : 114
Initializing...
maxdom : 8
D->valSize : 244
Solving...
Blb : 2 (clique : 21)
currentSize : 21 <-- 0.001820 s
currentSize : 22 <-- 0.001941 s
currentSize : 23 <-- 0.005440 s
currentSize : 24 <-- 5.437633 s
currentSize : 25 <-- 162.938812 s
currentSize : 26 <-- 660.458069 s

maxsize : 26
nodes : 227352963.000000
filtered : 1934198539.000000
time : 1008.726135
