Parameters: GAD=1 vflib=1 dir=1 label=1 lowerbound=1 fileNameGp=../graphsdb/mcs30/rand/r01/mcs30_r01_s100.A60 fileNameGt=../graphsdb/mcs30/rand/r01/mcs30_r01_s100.B60
Reading graphs...
100 : 989
100 : 989
Initializing...
maxdom : 8
D->valSize : 336
Solving...
Blb : 2 (clique : 16)
currentSize : 16 <-- 0.003314 s
currentSize : 17 <-- 0.003546 s
currentSize : 18 <-- 0.004187 s
currentSize : 19 <-- 0.041736 s
currentSize : 20 <-- 0.624721 s
currentSize : 21 <-- 1.577966 s
currentSize : 23 <-- 4.346597 s
currentSize : 25 <-- 4.748574 s
currentSize : 26 <-- 4.749277 s
currentSize : 30 <-- 4.749522 s

maxsize : 30
nodes : 1491028.000000
filtered : 15531920.000000
time : 9.267306
