Parameters: GAD=1 vflib=1 dir=1 label=1 lowerbound=1 fileNameGp=../graphsdb/mcs30/bvg/b09m/mcs30_b09m_s90.A14 fileNameGt=../graphsdb/mcs30/bvg/b09m/mcs30_b09m_s90.B14
Reading graphs...
90 : 405
90 : 405
Initializing...
maxdom : 13
D->valSize : 530
Solving...
Blb : 3 (clique : 22)
currentSize : 22 <-- 0.005830 s
currentSize : 23 <-- 0.010716 s
currentSize : 24 <-- 0.402389 s
currentSize : 25 <-- 1.684028 s
currentSize : 26 <-- 37.659195 s
currentSize : 27 <-- 1978.085938 s
currentSize : 28 <-- 2291.348633 s

TIMEOUT
maxsize : 28
nodes : 651748449.000000
filtered : 6753090951.000000
time : 3600.000000
