Parameters: GAD=1 vflib=1 dir=1 label=1 lowerbound=1 fileNameGp=../graphsdb/mcs30/m4D/m4Dr2/mcs30_m4Dr2_s70.A04 fileNameGt=../graphsdb/mcs30/m4D/m4Dr2/mcs30_m4Dr2_s70.B04
Reading graphs...
70 : 132
70 : 132
Initializing...
maxdom : 8
D->valSize : 313
Solving...
Blb : 2 (clique : 23)
currentSize : 23 <-- 0.003177 s
currentSize : 24 <-- 0.003369 s
currentSize : 25 <-- 0.003537 s
currentSize : 26 <-- 0.005448 s
currentSize : 27 <-- 0.053756 s
currentSize : 28 <-- 3.991937 s
currentSize : 29 <-- 47.717945 s
currentSize : 30 <-- 207.350098 s

TIMEOUT
maxsize : 30
nodes : 736623284.000000
filtered : 6423291083.000000
time : 3600.000000
