Parameters: GAD=1 vflib=1 dir=1 label=1 lowerbound=1 fileNameGp=../graphsdb/mcs30/m2D/m2Dr2/mcs30_m2Dr2_s60.A58 fileNameGt=../graphsdb/mcs30/m2D/m2Dr2/mcs30_m2Dr2_s60.B58
Reading graphs...
60 : 116
60 : 116
Initializing...
maxdom : 6
D->valSize : 233
Solving...
Blb : 2 (clique : 18)
currentSize : 18 <-- 0.002746 s
currentSize : 19 <-- 0.002963 s
currentSize : 20 <-- 0.003138 s
currentSize : 21 <-- 0.199265 s
currentSize : 22 <-- 0.217383 s
currentSize : 23 <-- 0.314141 s
currentSize : 24 <-- 1.276224 s
currentSize : 25 <-- 1.955014 s
currentSize : 26 <-- 40.332855 s

maxsize : 26
nodes : 89798621.000000
filtered : 680631487.000000
time : 383.146881
