Parameters: GAD=1 vflib=1 dir=1 label=1 lowerbound=1 fileNameGp=../graphsdb/mcs30/rand/r01/mcs30_r01_s40.A39 fileNameGt=../graphsdb/mcs30/rand/r01/mcs30_r01_s40.B39
Reading graphs...
40 : 155
40 : 155
Initializing...
maxdom : 8
D->valSize : 198
Solving...
Blb : 2 (clique : 10)
currentSize : 10 <-- 0.001675 s
currentSize : 11 <-- 0.001795 s
currentSize : 12 <-- 0.002066 s
currentSize : 13 <-- 0.087335 s
currentSize : 14 <-- 0.305350 s
currentSize : 15 <-- 0.305747 s

maxsize : 15
nodes : 120580.000000
filtered : 1356770.000000
time : 0.577464
