Parameters: GAD=1 vflib=1 dir=1 label=1 lowerbound=1 fileNameGp=../graphsdb/mcs30/bvg/b09/mcs30_b09_s90.A15 fileNameGt=../graphsdb/mcs30/bvg/b09/mcs30_b09_s90.B15
Reading graphs...
90 : 405
90 : 405
Initializing...
maxdom : 10
D->valSize : 544
Solving...
Blb : 2 (clique : 25)
currentSize : 25 <-- 0.006236 s
currentSize : 26 <-- 0.006923 s
currentSize : 27 <-- 0.008095 s
currentSize : 28 <-- 0.118269 s
currentSize : 29 <-- 0.965988 s
currentSize : 30 <-- 10.867788 s

TIMEOUT
maxsize : 30
nodes : 673492301.000000
filtered : 5181774667.000000
time : 3600.000000
