Parameters: GAD=1 vflib=1 dir=1 label=1 lowerbound=1 fileNameGp=../graphsdb/mcs30/rand/r005/mcs30_r005_s70.A60 fileNameGt=../graphsdb/mcs30/rand/r005/mcs30_r005_s70.B60
Reading graphs...
70 : 240
70 : 240
Initializing...
maxdom : 8
D->valSize : 303
Solving...
Blb : 2 (clique : 17)
currentSize : 17 <-- 0.002493 s
currentSize : 18 <-- 0.002628 s
currentSize : 19 <-- 0.002687 s
currentSize : 20 <-- 0.023494 s
currentSize : 21 <-- 0.038833 s
currentSize : 22 <-- 1.289803 s
currentSize : 23 <-- 50.145668 s
currentSize : 24 <-- 85.854301 s

maxsize : 24
nodes : 124146704.000000
filtered : 1143236420.000000
time : 595.426941
