Parameters: GAD=1 vflib=1 dir=1 label=1 lowerbound=1 fileNameGp=../graphsdb/mcs30/rand/r01/mcs30_r01_s70.A74 fileNameGt=../graphsdb/mcs30/rand/r01/mcs30_r01_s70.B74
Reading graphs...
70 : 482
70 : 482
Initializing...
maxdom : 9
D->valSize : 326
Solving...
Blb : 2 (clique : 12)
currentSize : 12 <-- 0.002712 s
currentSize : 14 <-- 0.002836 s
currentSize : 15 <-- 0.005734 s
currentSize : 16 <-- 0.019454 s
currentSize : 17 <-- 0.020058 s
currentSize : 18 <-- 0.193892 s
currentSize : 19 <-- 2.192709 s
currentSize : 20 <-- 2.192816 s
currentSize : 21 <-- 2.192894 s

maxsize : 21
nodes : 1514075.000000
filtered : 22635519.000000
time : 8.192150
