Parameters: GAD=1 vflib=1 dir=1 label=1 lowerbound=1 fileNameGp=../graphsdb/mcs30/m2D/m2Dr6/mcs30_m2Dr6_s60.A59 fileNameGt=../graphsdb/mcs30/m2D/m2Dr6/mcs30_m2Dr6_s60.B59
Reading graphs...
60 : 140
60 : 140
Initializing...
maxdom : 8
D->valSize : 236
Solving...
Blb : 2 (clique : 19)
currentSize : 19 <-- 0.001705 s
currentSize : 20 <-- 0.001833 s
currentSize : 21 <-- 0.025466 s
currentSize : 22 <-- 37.949223 s
currentSize : 23 <-- 138.047623 s
currentSize : 24 <-- 160.297653 s
currentSize : 25 <-- 160.390274 s

maxsize : 25
nodes : 47168758.000000
filtered : 307251830.000000
time : 191.124115
