Parameters: GAD=1 vflib=1 dir=1 label=1 lowerbound=1 fileNameGp=../graphsdb/mcs30/m4D/m4Dr2/mcs30_m4Dr2_s50.A27 fileNameGt=../graphsdb/mcs30/m4D/m4Dr2/mcs30_m4Dr2_s50.B27
Reading graphs...
50 : 97
50 : 96
Initializing...
maxdom : 10
D->valSize : 324
Solving...
Blb : 2 (clique : 19)
currentSize : 19 <-- 0.002287 s
currentSize : 20 <-- 0.002400 s
currentSize : 21 <-- 0.008782 s
currentSize : 22 <-- 0.056973 s
currentSize : 23 <-- 19.809423 s
currentSize : 24 <-- 278.218292 s

maxsize : 24
nodes : 350870234.000000
filtered : 4041530540.000000
time : 1548.991821
