Parameters: GAD=1 vflib=1 dir=1 label=1 lowerbound=1 fileNameGp=../graphsdb/mcs30/bvg/b03m/mcs30_b03m_s100.A85 fileNameGt=../graphsdb/mcs30/bvg/b03m/mcs30_b03m_s100.B85
Reading graphs...
100 : 150
100 : 150
Initializing...
maxdom : 7
D->valSize : 354
Solving...
Blb : 3 (clique : 38)
currentSize : 38 <-- 0.003963 s
currentSize : 39 <-- 0.005207 s
currentSize : 40 <-- 0.070293 s
currentSize : 41 <-- 2.342670 s
currentSize : 42 <-- 3.947863 s
currentSize : 43 <-- 681.577637 s

TIMEOUT
maxsize : 43
nodes : 768782222.000000
filtered : 3177420889.000000
time : 3600.000000
