Parameters: GAD=1 vflib=1 dir=1 label=1 lowerbound=1 fileNameGp=../graphsdb/mcs30/bvg/b09/mcs30_b09_s100.A00 fileNameGt=../graphsdb/mcs30/bvg/b09/mcs30_b09_s100.B00
Reading graphs...
100 : 450
100 : 450
Initializing...
maxdom : 7
D->valSize : 333
Solving...
Blb : 3 (clique : 25)
currentSize : 25 <-- 0.005319 s
currentSize : 27 <-- 0.411966 s
currentSize : 28 <-- 0.420062 s
currentSize : 29 <-- 1.607459 s
currentSize : 30 <-- 81.571594 s
currentSize : 31 <-- 281.739899 s
currentSize : 32 <-- 349.088470 s
currentSize : 33 <-- 662.218872 s
currentSize : 34 <-- 792.416077 s
currentSize : 35 <-- 1165.234985 s
currentSize : 36 <-- 1831.182861 s

maxsize : 36
nodes : 409428206.000000
filtered : 2904111279.000000
time : 2257.590820
