Parameters: GAD=1 vflib=1 dir=1 label=1 lowerbound=1 fileNameGp=../graphsdb/mcs30/bvg/b03m/mcs30_b03m_s80.A99 fileNameGt=../graphsdb/mcs30/bvg/b03m/mcs30_b03m_s80.B99
Reading graphs...
80 : 120
80 : 120
Initializing...
maxdom : 9
D->valSize : 430
Solving...
Blb : 2 (clique : 31)
currentSize : 31 <-- 0.004372 s
currentSize : 32 <-- 0.004622 s
currentSize : 33 <-- 0.005010 s
currentSize : 34 <-- 0.005816 s
currentSize : 35 <-- 0.017642 s
currentSize : 36 <-- 0.028532 s
currentSize : 37 <-- 0.087158 s
currentSize : 38 <-- 0.155653 s
currentSize : 39 <-- 1.043333 s
currentSize : 40 <-- 219.153168 s

TIMEOUT
maxsize : 40
nodes : 652961394.000000
filtered : 5360138895.000000
time : 3600.000000
