Parameters: GAD=1 vflib=1 dir=1 label=1 lowerbound=1 fileNameGp=../graphsdb/mcs30/rand/r005/mcs30_r005_s80.A68 fileNameGt=../graphsdb/mcs30/rand/r005/mcs30_r005_s80.B68
Reading graphs...
80 : 315
80 : 315
Initializing...
maxdom : 8
D->valSize : 400
Solving...
Blb : 2 (clique : 20)
currentSize : 20 <-- 0.003783 s
currentSize : 21 <-- 0.020175 s
currentSize : 22 <-- 0.090245 s
currentSize : 23 <-- 0.183145 s
currentSize : 24 <-- 0.294884 s
currentSize : 25 <-- 0.295010 s
currentSize : 26 <-- 27.863680 s
currentSize : 27 <-- 392.619537 s

TIMEOUT
maxsize : 27
nodes : 642251447.000000
filtered : 7304883616.000000
time : 3600.000000
