Parameters: GAD=1 vflib=1 dir=1 label=1 lowerbound=1 fileNameGp=../graphsdb/mcs30/bvg/b06m/mcs30_b06m_s70.A67 fileNameGt=../graphsdb/mcs30/bvg/b06m/mcs30_b06m_s70.B67
Reading graphs...
70 : 210
70 : 210
Initializing...
maxdom : 9
D->valSize : 343
Solving...
Blb : 3 (clique : 23)
currentSize : 23 <-- 0.002926 s
currentSize : 24 <-- 0.534004 s
currentSize : 25 <-- 0.590198 s
currentSize : 26 <-- 30.883728 s
currentSize : 27 <-- 114.622040 s
currentSize : 28 <-- 1853.782104 s

maxsize : 28
nodes : 605650166.000000
filtered : 5278709264.000000
time : 2917.103516
