Parameters: GAD=1 vflib=1 dir=1 label=1 lowerbound=1 fileNameGp=../graphsdb/mcs30/m2D/m2Dr4/mcs30_m2Dr4_s70.A56 fileNameGt=../graphsdb/mcs30/m2D/m2Dr4/mcs30_m2Dr4_s70.B56
Reading graphs...
70 : 151
70 : 150
Initializing...
maxdom : 9
D->valSize : 325
Solving...
Blb : 2 (clique : 24)
currentSize : 24 <-- 0.004872 s
currentSize : 25 <-- 0.005178 s
currentSize : 26 <-- 0.005802 s
currentSize : 27 <-- 0.006314 s
currentSize : 28 <-- 0.009213 s
currentSize : 29 <-- 0.025904 s
currentSize : 30 <-- 1.258897 s

TIMEOUT
maxsize : 30
nodes : 739458137.000000
filtered : 5988168991.000000
time : 3600.000000
