Parameters: GAD=1 vflib=1 dir=1 label=1 lowerbound=1 fileNameGp=../graphsdb/mcs30/m4D/m4D/mcs30_m4D_s80.A55 fileNameGt=../graphsdb/mcs30/m4D/m4D/mcs30_m4D_s80.B55
Reading graphs...
80 : 131
80 : 131
Initializing...
maxdom : 8
D->valSize : 394
Solving...
Blb : 3 (clique : 30)
currentSize : 30 <-- 0.003901 s
currentSize : 31 <-- 0.271003 s
currentSize : 32 <-- 0.652609 s
currentSize : 33 <-- 1.680442 s
currentSize : 34 <-- 4.490998 s
currentSize : 35 <-- 388.040802 s

TIMEOUT
maxsize : 35
nodes : 696650779.000000
filtered : 5256700256.000000
time : 3600.000000
