Parameters: GAD=1 vflib=1 dir=1 label=1 lowerbound=1 fileNameGp=../graphsdb/mcs30/bvg/b03m/mcs30_b03m_s60.A30 fileNameGt=../graphsdb/mcs30/bvg/b03m/mcs30_b03m_s60.B30
Reading graphs...
60 : 90
60 : 90
Initializing...
maxdom : 7
D->valSize : 241
Solving...
Blb : 3 (clique : 22)
currentSize : 22 <-- 0.001764 s
currentSize : 23 <-- 0.010164 s
currentSize : 24 <-- 0.091517 s
currentSize : 25 <-- 0.586080 s
currentSize : 26 <-- 1.114304 s
currentSize : 27 <-- 6.531775 s
currentSize : 28 <-- 6.658961 s

maxsize : 28
nodes : 153202705.000000
filtered : 889097378.000000
time : 610.377563
