Parameters: GAD=1 vflib=1 dir=1 label=1 lowerbound=1 fileNameGp=../graphsdb/mcs30/bvg/b03/mcs30_b03_s100.A88 fileNameGt=../graphsdb/mcs30/bvg/b03/mcs30_b03_s100.B88
Reading graphs...
100 : 150
100 : 150
Initializing...
maxdom : 9
D->valSize : 357
Solving...
Blb : 2 (clique : 33)
currentSize : 33 <-- 0.006173 s
currentSize : 34 <-- 0.009985 s
currentSize : 35 <-- 0.241148 s
currentSize : 36 <-- 7.676242 s
currentSize : 37 <-- 17.229740 s
currentSize : 38 <-- 31.868460 s
currentSize : 39 <-- 70.570694 s
currentSize : 40 <-- 163.152588 s
currentSize : 41 <-- 189.198303 s
currentSize : 42 <-- 337.921204 s
currentSize : 43 <-- 714.897522 s
currentSize : 44 <-- 3338.171631 s

TIMEOUT
maxsize : 44
nodes : 733714370.000000
filtered : 3247534829.000000
time : 3600.000000
