Parameters: GAD=1 vflib=1 dir=1 label=1 lowerbound=1 fileNameGp=../graphsdb/mcs30/m4D/m4Dr2/mcs30_m4Dr2_s70.A23 fileNameGt=../graphsdb/mcs30/m4D/m4Dr2/mcs30_m4Dr2_s70.B23
Reading graphs...
70 : 132
70 : 131
Initializing...
maxdom : 9
D->valSize : 337
Solving...
Blb : 2 (clique : 23)
currentSize : 23 <-- 0.003155 s
currentSize : 24 <-- 0.004299 s
currentSize : 25 <-- 0.036019 s
currentSize : 26 <-- 0.062729 s
currentSize : 27 <-- 0.117740 s
currentSize : 28 <-- 0.136102 s
currentSize : 29 <-- 13.686374 s
currentSize : 30 <-- 19.672325 s

TIMEOUT
maxsize : 30
nodes : 790139776.000000
filtered : 7312073079.000000
time : 3600.000000
