Parameters: GAD=1 vflib=1 dir=1 label=1 lowerbound=1 fileNameGp=../graphsdb/mcs30/m2D/m2Dr2/mcs30_m2Dr2_s90.A52 fileNameGt=../graphsdb/mcs30/m2D/m2Dr2/mcs30_m2Dr2_s90.B52
Reading graphs...
90 : 179
90 : 178
Initializing...
maxdom : 10
D->valSize : 525
Solving...
Blb : 5 (clique : 31)
currentSize : 31 <-- 0.010224 s
currentSize : 32 <-- 0.010630 s
currentSize : 33 <-- 0.010964 s
currentSize : 34 <-- 0.012068 s
currentSize : 35 <-- 0.074794 s
currentSize : 36 <-- 0.440855 s
currentSize : 37 <-- 330.114441 s

TIMEOUT
maxsize : 37
nodes : 672844708.000000
filtered : 6538554820.000000
time : 3600.000000
