Parameters: GAD=1 vflib=1 dir=1 label=1 lowerbound=1 fileNameGp=../graphsdb/mcs30/rand/r005/mcs30_r005_s80.A49 fileNameGt=../graphsdb/mcs30/rand/r005/mcs30_r005_s80.B49
Reading graphs...
80 : 315
80 : 315
Initializing...
maxdom : 9
D->valSize : 470
Solving...
Blb : 2 (clique : 20)
currentSize : 20 <-- 0.004738 s
currentSize : 21 <-- 0.018721 s
currentSize : 22 <-- 0.018773 s
currentSize : 23 <-- 2.197145 s
currentSize : 24 <-- 691.388184 s
currentSize : 25 <-- 1181.747681 s
currentSize : 26 <-- 3558.059814 s

TIMEOUT
maxsize : 26
nodes : 684377008.000000
filtered : 7322522697.000000
time : 3600.000000
