Parameters: GAD=1 vflib=1 dir=1 label=1 lowerbound=1 fileNameGp=../graphsdb/mcs30/m3D/m3Dr4/mcs30_m3Dr4_s80.A36 fileNameGt=../graphsdb/mcs30/m3D/m3Dr4/mcs30_m3Dr4_s80.B36
Reading graphs...
80 : 216
80 : 215
Initializing...
maxdom : 8
D->valSize : 411
Solving...
Blb : 2 (clique : 28)
currentSize : 28 <-- 0.004428 s
currentSize : 29 <-- 0.008478 s
currentSize : 30 <-- 0.088532 s
currentSize : 31 <-- 0.121468 s
currentSize : 32 <-- 2.130917 s
currentSize : 33 <-- 6.783589 s
currentSize : 34 <-- 272.733643 s

TIMEOUT
maxsize : 34
nodes : 671853519.000000
filtered : 6296085866.000000
time : 3600.000000
