Parameters: GAD=1 vflib=1 dir=1 label=1 lowerbound=1 fileNameGp=../graphsdb/mcs30/m2D/m2Dr2/mcs30_m2Dr2_s60.A01 fileNameGt=../graphsdb/mcs30/m2D/m2Dr2/mcs30_m2Dr2_s60.B01
Reading graphs...
60 : 116
60 : 116
Initializing...
maxdom : 6
D->valSize : 228
Solving...
Blb : 2 (clique : 20)
currentSize : 20 <-- 0.001716 s
currentSize : 21 <-- 0.015744 s
currentSize : 22 <-- 0.045270 s
currentSize : 23 <-- 0.200135 s
currentSize : 24 <-- 0.354014 s
currentSize : 25 <-- 8.573363 s
currentSize : 26 <-- 21.382868 s

maxsize : 26
nodes : 92510107.000000
filtered : 586075375.000000
time : 378.094513
