Parameters: GAD=1 vflib=1 dir=1 label=1 lowerbound=1 fileNameGp=../graphsdb/mcs30/rand/r02/mcs30_r02_s50.A97 fileNameGt=../graphsdb/mcs30/rand/r02/mcs30_r02_s50.B97
Reading graphs...
50 : 489
50 : 489
Initializing...
maxdom : 9
D->valSize : 333
Solving...
Blb : 2 (clique : 7)
currentSize : 7 <-- 0.002261 s
currentSize : 8 <-- 0.002461 s
currentSize : 9 <-- 0.007000 s
currentSize : 10 <-- 0.008915 s
currentSize : 11 <-- 0.027949 s
currentSize : 12 <-- 0.041819 s
currentSize : 14 <-- 0.041870 s
currentSize : 15 <-- 0.047378 s

maxsize : 15
nodes : 17437.000000
filtered : 459041.000000
time : 0.095103
