Parameters: GAD=1 vflib=1 dir=1 label=1 lowerbound=1 fileNameGp=../graphsdb/mcs30/m2D/m2Dr6/mcs30_m2Dr6_s60.A55 fileNameGt=../graphsdb/mcs30/m2D/m2Dr6/mcs30_m2Dr6_s60.B55
Reading graphs...
60 : 140
60 : 139
Initializing...
maxdom : 8
D->valSize : 243
Solving...
Blb : 2 (clique : 15)
currentSize : 15 <-- 0.001724 s
currentSize : 16 <-- 0.001896 s
currentSize : 17 <-- 0.003814 s
currentSize : 18 <-- 0.005069 s
currentSize : 19 <-- 0.005867 s
currentSize : 20 <-- 0.014807 s
currentSize : 21 <-- 0.119089 s
currentSize : 22 <-- 0.127332 s
currentSize : 23 <-- 1.175178 s
currentSize : 24 <-- 1.175277 s
currentSize : 25 <-- 1.189247 s
currentSize : 26 <-- 1.501972 s

maxsize : 26
nodes : 6539725.000000
filtered : 60186421.000000
time : 31.112635
