Parameters: GAD=1 vflib=1 dir=1 label=1 lowerbound=1 fileNameGp=../graphsdb/mcs30/m2D/m2Dr4/mcs30_m2Dr4_s60.A83 fileNameGt=../graphsdb/mcs30/m2D/m2Dr4/mcs30_m2Dr4_s60.B83
Reading graphs...
60 : 128
60 : 128
Initializing...
maxdom : 6
D->valSize : 230
Solving...
Blb : 2 (clique : 19)
currentSize : 19 <-- 0.001707 s
currentSize : 20 <-- 0.001834 s
currentSize : 21 <-- 0.014618 s
currentSize : 22 <-- 2.045978 s
currentSize : 23 <-- 2.086196 s
currentSize : 24 <-- 13.695996 s
currentSize : 25 <-- 54.094704 s
currentSize : 26 <-- 78.877998 s

maxsize : 26
nodes : 51694040.000000
filtered : 340531630.000000
time : 213.132767
