Parameters: GAD=1 vflib=1 dir=1 label=1 lowerbound=1 fileNameGp=../graphsdb/mcs30/rand/r02/mcs30_r02_s50.A39 fileNameGt=../graphsdb/mcs30/rand/r02/mcs30_r02_s50.B39
Reading graphs...
50 : 489
50 : 489
Initializing...
maxdom : 13
D->valSize : 359
Solving...
Blb : 2 (clique : 7)
currentSize : 7 <-- 0.003826 s
currentSize : 8 <-- 0.004344 s
currentSize : 9 <-- 0.004478 s
currentSize : 10 <-- 0.007904 s
currentSize : 11 <-- 0.008131 s
currentSize : 12 <-- 0.009699 s
currentSize : 13 <-- 0.028608 s
currentSize : 15 <-- 0.062383 s

maxsize : 15
nodes : 17345.000000
filtered : 518619.000000
time : 0.147551
