Parameters: GAD=1 vflib=1 dir=1 label=1 lowerbound=1 fileNameGp=../graphsdb/mcs30/m4D/m4Dr2/mcs30_m4Dr2_s90.A53 fileNameGt=../graphsdb/mcs30/m4D/m4Dr2/mcs30_m4Dr2_s90.B53
Reading graphs...
90 : 164
90 : 164
Initializing...
maxdom : 12
D->valSize : 543
Solving...
Blb : 2 (clique : 32)
currentSize : 32 <-- 0.006524 s
currentSize : 33 <-- 0.006801 s
currentSize : 34 <-- 0.007101 s
currentSize : 35 <-- 0.253209 s
currentSize : 36 <-- 25.305704 s
currentSize : 37 <-- 25.306219 s
currentSize : 38 <-- 223.169998 s

TIMEOUT
maxsize : 38
nodes : 707593258.000000
filtered : 4086153334.000000
time : 3600.000000
