Parameters: GAD=1 vflib=1 dir=1 label=1 lowerbound=1 fileNameGp=../graphsdb/mcs30/m4D/m4Dr6/mcs30_m4Dr6_s60.A90 fileNameGt=../graphsdb/mcs30/m4D/m4Dr6/mcs30_m4Dr6_s60.B90
Reading graphs...
60 : 138
60 : 137
Initializing...
maxdom : 9
D->valSize : 249
Solving...
Blb : 5 (clique : 19)
currentSize : 19 <-- 0.002799 s
currentSize : 20 <-- 0.012516 s
currentSize : 21 <-- 0.013464 s
currentSize : 22 <-- 0.878340 s
currentSize : 23 <-- 0.885197 s
currentSize : 24 <-- 3.710466 s
currentSize : 25 <-- 7.160585 s

maxsize : 25
nodes : 10712685.000000
filtered : 83993552.000000
time : 46.998138
