Parameters: GAD=1 vflib=1 dir=1 label=1 lowerbound=1 fileNameGp=../graphsdb/mcs30/m4D/m4Dr4/mcs30_m4Dr4_s80.A11 fileNameGt=../graphsdb/mcs30/m4D/m4Dr4/mcs30_m4Dr4_s80.B11
Reading graphs...
80 : 163
80 : 162
Initializing...
maxdom : 10
D->valSize : 385
Solving...
Blb : 5 (clique : 24)
currentSize : 24 <-- 0.003677 s
currentSize : 25 <-- 0.005718 s
currentSize : 26 <-- 0.007693 s
currentSize : 27 <-- 0.008729 s
currentSize : 28 <-- 0.009274 s
currentSize : 29 <-- 38.583881 s
currentSize : 30 <-- 729.522461 s

TIMEOUT
maxsize : 30
nodes : 788229218.000000
filtered : 6034117894.000000
time : 3600.000000
