Parameters: GAD=1 vflib=1 dir=1 label=1 lowerbound=1 fileNameGp=../graphsdb/mcs30/m4D/m4Dr6/mcs30_m4Dr6_s50.A97 fileNameGt=../graphsdb/mcs30/m4D/m4Dr6/mcs30_m4Dr6_s50.B97
Reading graphs...
50 : 117
50 : 117
Initializing...
maxdom : 8
D->valSize : 328
Solving...
Blb : 3 (clique : 18)
currentSize : 18 <-- 0.002387 s
currentSize : 19 <-- 0.002578 s
currentSize : 20 <-- 0.044430 s
currentSize : 21 <-- 1.011471 s
currentSize : 22 <-- 4.417316 s
currentSize : 23 <-- 10.831834 s
currentSize : 24 <-- 10.832066 s

maxsize : 24
nodes : 12499722.000000
filtered : 205448560.000000
time : 62.132641
