Parameters: GAD=1 vflib=1 dir=1 label=1 lowerbound=1 fileNameGp=../graphsdb/mcs30/rand/r001/mcs30_r001_s100.A51 fileNameGt=../graphsdb/mcs30/rand/r001/mcs30_r001_s100.B51
Reading graphs...
100 : 120
100 : 120
Initializing...
maxdom : 8
D->valSize : 363
Solving...
Blb : 2 (clique : 40)
currentSize : 40 <-- 0.006509 s
currentSize : 41 <-- 0.014431 s
currentSize : 42 <-- 76.769035 s
currentSize : 43 <-- 211.524902 s
currentSize : 44 <-- 211.525146 s
currentSize : 45 <-- 376.132904 s

TIMEOUT
maxsize : 45
nodes : 730397285.000000
filtered : 3018174022.000000
time : 3600.000000
