Parameters: GAD=1 vflib=1 dir=1 label=1 lowerbound=1 fileNameGp=../graphsdb/mcs30/rand/r02/mcs30_r02_s50.A24 fileNameGt=../graphsdb/mcs30/rand/r02/mcs30_r02_s50.B24
Reading graphs...
50 : 489
50 : 489
Initializing...
maxdom : 9
D->valSize : 354
Solving...
Blb : 2 (clique : 6)
currentSize : 6 <-- 0.002423 s
currentSize : 7 <-- 0.002496 s
currentSize : 8 <-- 0.002529 s
currentSize : 9 <-- 0.003960 s
currentSize : 10 <-- 0.047383 s
currentSize : 11 <-- 0.047404 s
currentSize : 13 <-- 0.047453 s
currentSize : 15 <-- 0.047496 s

maxsize : 15
nodes : 25762.000000
filtered : 646828.000000
time : 0.135331
