Parameters: GAD=1 vflib=1 dir=1 label=1 lowerbound=1 fileNameGp=../graphsdb/mcs30/rand/r02/mcs30_r02_s80.A77 fileNameGt=../graphsdb/mcs30/rand/r02/mcs30_r02_s80.B77
Reading graphs...
80 : 1263
80 : 1263
Initializing...
maxdom : 10
D->valSize : 413
Solving...
Blb : 2 (clique : 9)
currentSize : 9 <-- 0.003786 s
currentSize : 10 <-- 0.006327 s
currentSize : 11 <-- 0.007226 s
currentSize : 12 <-- 0.007586 s
currentSize : 15 <-- 0.008504 s
currentSize : 16 <-- 0.021332 s
currentSize : 19 <-- 0.110611 s
currentSize : 24 <-- 0.110686 s

maxsize : 24
nodes : 33270.000000
filtered : 813500.000000
time : 0.216059
