Parameters: GAD=1 vflib=1 dir=1 label=1 lowerbound=1 fileNameGp=../graphsdb/mcs30/bvg/b09/mcs30_b09_s80.A29 fileNameGt=../graphsdb/mcs30/bvg/b09/mcs30_b09_s80.B29
Reading graphs...
80 : 360
80 : 360
Initializing...
maxdom : 10
D->valSize : 435
Solving...
Blb : 3 (clique : 18)
currentSize : 18 <-- 0.004164 s
currentSize : 19 <-- 0.027382 s
currentSize : 20 <-- 0.030441 s
currentSize : 21 <-- 0.565667 s
currentSize : 22 <-- 0.576700 s
currentSize : 23 <-- 0.587842 s
currentSize : 24 <-- 5.915520 s
currentSize : 25 <-- 13.233541 s
currentSize : 26 <-- 13.309506 s
currentSize : 27 <-- 13.603124 s
currentSize : 28 <-- 128.271393 s

maxsize : 28
nodes : 103071346.000000
filtered : 1646756869.000000
time : 615.755066
