Parameters: GAD=1 vflib=1 dir=1 label=1 lowerbound=1 fileNameGp=../graphsdb/mcs30/rand/r005/mcs30_r005_s60.A63 fileNameGt=../graphsdb/mcs30/rand/r005/mcs30_r005_s60.B63
Reading graphs...
60 : 179
60 : 179
Initializing...
maxdom : 7
D->valSize : 229
Solving...
Blb : 2 (clique : 15)
currentSize : 15 <-- 0.001532 s
currentSize : 16 <-- 0.002053 s
currentSize : 17 <-- 0.011586 s
currentSize : 18 <-- 0.042938 s
currentSize : 19 <-- 0.302625 s
currentSize : 20 <-- 1.177846 s
currentSize : 21 <-- 8.019463 s

maxsize : 21
nodes : 15756995.000000
filtered : 116273720.000000
time : 67.015663
