Parameters: GAD=1 vflib=1 dir=1 label=1 lowerbound=1 fileNameGp=../graphsdb/mcs30/m2D/m2Dr2/mcs30_m2Dr2_s100.A83 fileNameGt=../graphsdb/mcs30/m2D/m2Dr2/mcs30_m2Dr2_s100.B83
Reading graphs...
100 : 200
100 : 199
Initializing...
maxdom : 8
D->valSize : 370
Solving...
Blb : 2 (clique : 34)
currentSize : 34 <-- 0.004023 s
currentSize : 35 <-- 0.004304 s
currentSize : 36 <-- 0.039784 s
currentSize : 37 <-- 1.073950 s
currentSize : 38 <-- 4.033060 s
currentSize : 39 <-- 18.012880 s
currentSize : 40 <-- 32.981335 s

TIMEOUT
maxsize : 40
nodes : 663545213.000000
filtered : 4008453460.000000
time : 3600.000000
