Parameters: GAD=1 vflib=1 dir=1 label=1 lowerbound=1 fileNameGp=../graphsdb/mcs30/m3D/m3Dr6/mcs30_m3Dr6_s90.A80 fileNameGt=../graphsdb/mcs30/m3D/m3Dr6/mcs30_m3Dr6_s90.B80
Reading graphs...
90 : 263
90 : 260
Initializing...
maxdom : 9
D->valSize : 515
Solving...
Blb : 2 (clique : 29)
currentSize : 29 <-- 0.005784 s
currentSize : 30 <-- 0.006062 s
currentSize : 31 <-- 0.006507 s
currentSize : 32 <-- 0.023864 s
currentSize : 33 <-- 0.072334 s
currentSize : 34 <-- 5.627591 s
currentSize : 35 <-- 495.108398 s

TIMEOUT
maxsize : 35
nodes : 688333363.000000
filtered : 5091087781.000000
time : 3600.000000
