Parameters: GAD=1 vflib=1 dir=1 label=1 lowerbound=1 fileNameGp=../graphsdb/mcs30/m2D/m2D/mcs30_m2D_s90.A48 fileNameGt=../graphsdb/mcs30/m2D/m2D/mcs30_m2D_s90.B48
Reading graphs...
90 : 161
90 : 161
Initializing...
maxdom : 10
D->valSize : 516
Solving...
Blb : 2 (clique : 36)
currentSize : 36 <-- 0.010081 s
currentSize : 37 <-- 0.014610 s
currentSize : 38 <-- 0.061120 s
currentSize : 39 <-- 0.336060 s
currentSize : 40 <-- 0.336282 s
currentSize : 41 <-- 270.939514 s
currentSize : 42 <-- 753.767944 s

TIMEOUT
maxsize : 42
nodes : 719488088.000000
filtered : 4924029569.000000
time : 3600.000000
