Parameters: GAD=1 vflib=1 dir=1 label=1 lowerbound=1 fileNameGp=../graphsdb/mcs30/m3D/m3Dr6/mcs30_m3Dr6_s80.A24 fileNameGt=../graphsdb/mcs30/m3D/m3Dr6/mcs30_m3Dr6_s80.B24
Reading graphs...
80 : 232
80 : 231
Initializing...
maxdom : 9
D->valSize : 434
Solving...
Blb : 2 (clique : 24)
currentSize : 24 <-- 0.004525 s
currentSize : 25 <-- 0.004775 s
currentSize : 26 <-- 0.004960 s
currentSize : 27 <-- 0.005172 s
currentSize : 28 <-- 0.005908 s
currentSize : 29 <-- 0.006102 s
currentSize : 30 <-- 0.009700 s
currentSize : 31 <-- 26.713575 s
currentSize : 32 <-- 1908.345215 s
currentSize : 33 <-- 1908.451660 s
currentSize : 34 <-- 1915.107422 s

TIMEOUT
maxsize : 34
nodes : 644030062.000000
filtered : 6873227668.000000
time : 3600.000000
