Parameters: GAD=1 vflib=1 dir=1 label=1 lowerbound=1 fileNameGp=../graphsdb/mcs30/m4D/m4D/mcs30_m4D_s50.A94 fileNameGt=../graphsdb/mcs30/m4D/m4D/mcs30_m4D_s50.B94
Reading graphs...
50 : 87
50 : 87
Initializing...
maxdom : 10
D->valSize : 319
Solving...
Blb : 2 (clique : 22)
currentSize : 22 <-- 0.003767 s
currentSize : 23 <-- 0.004098 s
currentSize : 24 <-- 0.004434 s
currentSize : 25 <-- 0.005902 s
currentSize : 26 <-- 108.040413 s

maxsize : 26
nodes : 68428011.000000
filtered : 943538365.000000
time : 316.491028
