Parameters: GAD=1 vflib=1 dir=1 label=1 lowerbound=1 fileNameGp=../graphsdb/mcs30/m2D/m2Dr6/mcs30_m2Dr6_s100.A82 fileNameGt=../graphsdb/mcs30/m2D/m2Dr6/mcs30_m2Dr6_s100.B82
Reading graphs...
100 : 240
100 : 239
Initializing...
maxdom : 8
D->valSize : 362
Solving...
Blb : 2 (clique : 31)
currentSize : 31 <-- 0.006123 s
currentSize : 32 <-- 0.006530 s
currentSize : 33 <-- 0.008289 s
currentSize : 34 <-- 10.615541 s
currentSize : 35 <-- 169.749695 s
currentSize : 36 <-- 325.696930 s

TIMEOUT
maxsize : 36
nodes : 718406981.000000
filtered : 3510191277.000000
time : 3600.000000
