Parameters: GAD=1 vflib=1 dir=1 label=1 lowerbound=1 fileNameGp=../graphsdb/mcs30/rand/r01/mcs30_r01_s50.A42 fileNameGt=../graphsdb/mcs30/rand/r01/mcs30_r01_s50.B42
Reading graphs...
50 : 244
50 : 244
Initializing...
maxdom : 11
D->valSize : 365
Solving...
Blb : 2 (clique : 11)
currentSize : 11 <-- 0.004149 s
currentSize : 12 <-- 0.004875 s
currentSize : 13 <-- 0.165049 s
currentSize : 14 <-- 2.234611 s
currentSize : 15 <-- 2.260959 s
currentSize : 16 <-- 2.363346 s

maxsize : 16
nodes : 2713511.000000
filtered : 43805232.000000
time : 12.843971
