Parameters: GAD=1 vflib=1 dir=1 label=1 lowerbound=1 fileNameGp=../graphsdb/mcs30/m3D/m3D/mcs30_m3D_s90.A05 fileNameGt=../graphsdb/mcs30/m3D/m3D/mcs30_m3D_s90.B05
Reading graphs...
90 : 209
90 : 209
Initializing...
maxdom : 12
D->valSize : 528
Solving...
Blb : 2 (clique : 27)
currentSize : 27 <-- 0.006024 s
currentSize : 28 <-- 0.006275 s
currentSize : 29 <-- 0.006492 s
currentSize : 30 <-- 0.007509 s
currentSize : 31 <-- 1.136437 s
currentSize : 32 <-- 214.403641 s
currentSize : 33 <-- 3193.034180 s

TIMEOUT
maxsize : 33
nodes : 708765761.000000
filtered : 5948363208.000000
time : 3600.000000
