Parameters: GAD=1 vflib=1 dir=1 label=1 lowerbound=1 fileNameGp=../graphsdb/mcs30/m3D/m3Dr4/mcs30_m3Dr4_s70.A36 fileNameGt=../graphsdb/mcs30/m3D/m3Dr4/mcs30_m3Dr4_s70.B36
Reading graphs...
70 : 187
70 : 185
Initializing...
maxdom : 9
D->valSize : 312
Solving...
Blb : 2 (clique : 23)
currentSize : 23 <-- 0.004043 s
currentSize : 24 <-- 0.649401 s
currentSize : 25 <-- 1.069775 s
currentSize : 26 <-- 17.530909 s
currentSize : 27 <-- 17.531029 s
currentSize : 28 <-- 28.035551 s
currentSize : 29 <-- 28.035681 s
currentSize : 30 <-- 28.097908 s
currentSize : 31 <-- 67.857651 s

maxsize : 31
nodes : 27825928.000000
filtered : 208576754.000000
time : 130.434738
