Parameters: GAD=1 vflib=1 dir=1 label=1 lowerbound=1 fileNameGp=../graphsdb/mcs30/m3D/m3Dr4/mcs30_m3Dr4_s90.A07 fileNameGt=../graphsdb/mcs30/m3D/m3Dr4/mcs30_m3Dr4_s90.B07
Reading graphs...
90 : 245
90 : 245
Initializing...
maxdom : 9
D->valSize : 510
Solving...
Blb : 2 (clique : 24)
currentSize : 24 <-- 0.009344 s
currentSize : 26 <-- 0.009634 s
currentSize : 27 <-- 0.010196 s
currentSize : 28 <-- 0.039254 s
currentSize : 29 <-- 2.414098 s
currentSize : 30 <-- 26.310064 s

TIMEOUT
maxsize : 30
nodes : 675410921.000000
filtered : 5802462644.000000
time : 3600.000000
