Parameters: GAD=1 vflib=1 dir=1 label=1 lowerbound=1 fileNameGp=../graphsdb/mcs30/bvg/b09m/mcs30_b09m_s90.A23 fileNameGt=../graphsdb/mcs30/bvg/b09m/mcs30_b09m_s90.B23
Reading graphs...
90 : 405
90 : 405
Initializing...
maxdom : 9
D->valSize : 512
Solving...
Blb : 2 (clique : 19)
currentSize : 19 <-- 0.005706 s
currentSize : 20 <-- 0.006249 s
currentSize : 21 <-- 0.075078 s
currentSize : 22 <-- 0.354575 s
currentSize : 23 <-- 33.198784 s
currentSize : 24 <-- 33.236721 s
currentSize : 25 <-- 33.238003 s
currentSize : 26 <-- 305.818176 s
currentSize : 27 <-- 305.843719 s

TIMEOUT
maxsize : 27
nodes : 659792242.000000
filtered : 6402046945.000000
time : 3600.000000
