Parameters: GAD=1 vflib=1 dir=1 label=1 lowerbound=1 fileNameGp=../graphsdb/mcs30/m4D/m4Dr2/mcs30_m4Dr2_s50.A62 fileNameGt=../graphsdb/mcs30/m4D/m4Dr2/mcs30_m4Dr2_s50.B62
Reading graphs...
50 : 97
50 : 97
Initializing...
maxdom : 10
D->valSize : 339
Solving...
Blb : 2 (clique : 19)
currentSize : 19 <-- 0.002570 s
currentSize : 21 <-- 0.002903 s
currentSize : 22 <-- 0.008819 s
currentSize : 23 <-- 8.259986 s
currentSize : 24 <-- 492.076843 s
currentSize : 25 <-- 492.729279 s

maxsize : 25
nodes : 112719798.000000
filtered : 1359787077.000000
time : 517.653015
