Parameters: GAD=1 vflib=1 dir=1 label=1 lowerbound=1 fileNameGp=../graphsdb/mcs30/m2D/m2Dr4/mcs30_m2Dr4_s100.A50 fileNameGt=../graphsdb/mcs30/m2D/m2Dr4/mcs30_m2Dr4_s100.B50
Reading graphs...
100 : 220
100 : 220
Initializing...
maxdom : 7
D->valSize : 337
Solving...
Blb : 2 (clique : 31)
currentSize : 31 <-- 0.003515 s
currentSize : 32 <-- 0.003852 s
currentSize : 33 <-- 0.004267 s
currentSize : 34 <-- 1.038302 s
currentSize : 35 <-- 1.889764 s
currentSize : 36 <-- 2.224106 s
currentSize : 37 <-- 6.048326 s
currentSize : 38 <-- 61.157368 s

TIMEOUT
maxsize : 38
nodes : 706634881.000000
filtered : 3194094923.000000
time : 3600.000000
