Parameters: GAD=1 vflib=1 dir=1 label=1 lowerbound=1 fileNameGp=../graphsdb/mcs30/m3D/m3Dr2/mcs30_m3Dr2_s70.A99 fileNameGt=../graphsdb/mcs30/m3D/m3Dr2/mcs30_m3Dr2_s70.B99
Reading graphs...
70 : 173
70 : 173
Initializing...
maxdom : 7
D->valSize : 308
Solving...
Blb : 2 (clique : 26)
currentSize : 26 <-- 0.004422 s
currentSize : 27 <-- 0.004931 s
currentSize : 28 <-- 0.009165 s
currentSize : 29 <-- 248.179581 s
currentSize : 30 <-- 339.208405 s
currentSize : 31 <-- 339.209778 s
currentSize : 32 <-- 591.645203 s

maxsize : 32
nodes : 155232977.000000
filtered : 1416601892.000000
time : 772.525696
