Parameters: GAD=1 vflib=1 dir=1 label=1 lowerbound=1 fileNameGp=../graphsdb/mcs30/m4D/m4Dr2/mcs30_m4Dr2_s70.A57 fileNameGt=../graphsdb/mcs30/m4D/m4Dr2/mcs30_m4Dr2_s70.B57
Reading graphs...
70 : 132
70 : 132
Initializing...
maxdom : 7
D->valSize : 315
Solving...
Blb : 3 (clique : 22)
currentSize : 22 <-- 0.002722 s
currentSize : 23 <-- 0.023735 s
currentSize : 24 <-- 1.258294 s
currentSize : 25 <-- 1.992638 s
currentSize : 26 <-- 33.725929 s
currentSize : 27 <-- 39.258316 s
currentSize : 28 <-- 301.182251 s

TIMEOUT
maxsize : 28
nodes : 855725748.000000
filtered : 4803606513.000000
time : 3600.000000
