Parameters: GAD=1 vflib=1 dir=1 label=1 lowerbound=1 fileNameGp=../graphsdb/mcs30/rand/r005/mcs30_r005_s100.A50 fileNameGt=../graphsdb/mcs30/rand/r005/mcs30_r005_s100.B50
Reading graphs...
100 : 494
100 : 494
Initializing...
maxdom : 8
D->valSize : 352
Solving...
Blb : 2 (clique : 20)
currentSize : 20 <-- 0.003542 s
currentSize : 21 <-- 0.004020 s
currentSize : 22 <-- 0.005160 s
currentSize : 23 <-- 0.005243 s
currentSize : 24 <-- 0.007043 s
currentSize : 25 <-- 0.585425 s
currentSize : 26 <-- 0.588178 s
currentSize : 27 <-- 10.554811 s
currentSize : 28 <-- 10.884396 s
currentSize : 29 <-- 10.951367 s
currentSize : 30 <-- 17.117096 s
currentSize : 31 <-- 17.117216 s

TIMEOUT
maxsize : 31
nodes : 577349608.000000
filtered : 5820541779.000000
time : 3600.000000
