Parameters: GAD=1 vflib=1 dir=1 label=1 lowerbound=1 fileNameGp=../graphsdb/mcs30/m3D/m3Dr4/mcs30_m3Dr4_s30.A82 fileNameGt=../graphsdb/mcs30/m3D/m3Dr4/mcs30_m3Dr4_s30.B82
Reading graphs...
30 : 73
30 : 73
Initializing...
maxdom : 5
D->valSize : 121
Solving...
Blb : 3 (clique : 9)
currentSize : 9 <-- 0.000656 s
currentSize : 10 <-- 0.001157 s
currentSize : 11 <-- 0.001829 s
currentSize : 12 <-- 0.003107 s
currentSize : 13 <-- 0.020519 s

maxsize : 13
nodes : 14288.000000
filtered : 116535.000000
time : 0.047578
