Parameters: GAD=1 vflib=1 dir=1 label=1 lowerbound=1 fileNameGp=../graphsdb/mcs30/bvg/b06/mcs30_b06_s70.A97 fileNameGt=../graphsdb/mcs30/bvg/b06/mcs30_b06_s70.B97
Reading graphs...
70 : 210
70 : 210
Initializing...
maxdom : 7
D->valSize : 304
Solving...
Blb : 2 (clique : 20)
currentSize : 20 <-- 0.002383 s
currentSize : 21 <-- 0.002551 s
currentSize : 22 <-- 0.003339 s
currentSize : 23 <-- 0.017652 s
currentSize : 24 <-- 0.029946 s
currentSize : 25 <-- 13.024156 s
currentSize : 26 <-- 13.028649 s
currentSize : 27 <-- 13.032051 s
currentSize : 28 <-- 13.064803 s

maxsize : 28
nodes : 11415209.000000
filtered : 83307252.000000
time : 52.648071
