Parameters: GAD=1 vflib=1 dir=1 label=1 lowerbound=1 fileNameGp=../graphsdb/mcs30/rand/r01/mcs30_r01_s40.A30 fileNameGt=../graphsdb/mcs30/rand/r01/mcs30_r01_s40.B30
Reading graphs...
40 : 155
40 : 155
Initializing...
maxdom : 7
D->valSize : 208
Solving...
Blb : 2 (clique : 9)
currentSize : 9 <-- 0.001198 s
currentSize : 10 <-- 0.001299 s
currentSize : 11 <-- 0.001398 s
currentSize : 12 <-- 0.071203 s
currentSize : 13 <-- 0.072163 s

maxsize : 13
nodes : 158682.000000
filtered : 1745404.000000
time : 0.636414
