Parameters: GAD=1 vflib=1 dir=1 label=1 lowerbound=1 fileNameGp=../graphsdb/mcs30/m2D/m2D/mcs30_m2D_s50.A33 fileNameGt=../graphsdb/mcs30/m2D/m2D/mcs30_m2D_s50.B33
Reading graphs...
50 : 85
50 : 85
Initializing...
maxdom : 10
D->valSize : 330
Solving...
Blb : 2 (clique : 20)
currentSize : 20 <-- 0.002452 s
currentSize : 21 <-- 0.547460 s
currentSize : 22 <-- 0.834999 s
currentSize : 23 <-- 1.450738 s
currentSize : 24 <-- 18.043125 s
currentSize : 25 <-- 18.076700 s

maxsize : 25
nodes : 60098905.000000
filtered : 760630046.000000
time : 273.218109
