Parameters: GAD=1 vflib=1 dir=1 label=1 lowerbound=1 fileNameGp=../graphsdb/mcs30/bvg/b03/mcs30_b03_s70.A56 fileNameGt=../graphsdb/mcs30/bvg/b03/mcs30_b03_s70.B56
Reading graphs...
70 : 105
70 : 105
Initializing...
maxdom : 8
D->valSize : 298
Solving...
Blb : 2 (clique : 25)
currentSize : 25 <-- 0.002434 s
currentSize : 26 <-- 0.002672 s
currentSize : 27 <-- 0.005679 s
currentSize : 28 <-- 0.095187 s
currentSize : 29 <-- 0.215693 s
currentSize : 30 <-- 3.625033 s
currentSize : 31 <-- 138.676346 s

TIMEOUT
maxsize : 31
nodes : 784348854.000000
filtered : 5918538451.000000
time : 3600.000000
