Parameters: GAD=1 vflib=1 dir=1 label=1 lowerbound=1 fileNameGp=../graphsdb/mcs30/rand/r01/mcs30_r01_s50.A22 fileNameGt=../graphsdb/mcs30/rand/r01/mcs30_r01_s50.B22
Reading graphs...
50 : 244
50 : 244
Initializing...
maxdom : 10
D->valSize : 334
Solving...
Blb : 2 (clique : 12)
currentSize : 12 <-- 0.002441 s
currentSize : 13 <-- 0.002570 s
currentSize : 14 <-- 0.007654 s
currentSize : 15 <-- 0.730328 s
currentSize : 16 <-- 1.171947 s
currentSize : 17 <-- 1.957781 s

maxsize : 17
nodes : 1062238.000000
filtered : 16729570.000000
time : 5.167444
