Parameters: GAD=1 vflib=1 dir=1 label=1 lowerbound=1 fileNameGp=../graphsdb/mcs30/rand/r02/mcs30_r02_s35.A74 fileNameGt=../graphsdb/mcs30/rand/r02/mcs30_r02_s35.B74
Reading graphs...
35 : 237
35 : 237
Initializing...
maxdom : 7
D->valSize : 162
Solving...
Blb : 2 (clique : 6)
currentSize : 6 <-- 0.000924 s
currentSize : 7 <-- 0.001076 s
currentSize : 8 <-- 0.001138 s
currentSize : 9 <-- 0.001181 s
currentSize : 10 <-- 0.001232 s

maxsize : 10
nodes : 1642.000000
filtered : 27315.000000
time : 0.008072
