Parameters: GAD=1 vflib=1 dir=1 label=1 lowerbound=1 fileNameGp=../graphsdb/mcs30/bvg/b06/mcs30_b06_s50.A72 fileNameGt=../graphsdb/mcs30/bvg/b06/mcs30_b06_s50.B72
Reading graphs...
50 : 150
50 : 150
Initializing...
maxdom : 13
D->valSize : 372
Solving...
Blb : 3 (clique : 16)
currentSize : 16 <-- 0.003032 s
currentSize : 17 <-- 0.003668 s
currentSize : 18 <-- 0.028855 s
currentSize : 19 <-- 18.934195 s
currentSize : 20 <-- 18.943399 s
currentSize : 21 <-- 18.977468 s

maxsize : 21
nodes : 6372988.000000
filtered : 132298415.000000
time : 32.878475
