Parameters: GAD=1 vflib=1 dir=1 label=1 lowerbound=1 fileNameGp=../graphsdb/mcs30/bvg/b03/mcs30_b03_s40.A26 fileNameGt=../graphsdb/mcs30/bvg/b03/mcs30_b03_s40.B26
Reading graphs...
40 : 60
40 : 60
Initializing...
maxdom : 7
D->valSize : 215
Solving...
Blb : 2 (clique : 16)
currentSize : 16 <-- 0.001986 s
currentSize : 17 <-- 0.002136 s
currentSize : 18 <-- 0.002415 s
currentSize : 19 <-- 0.066377 s
currentSize : 20 <-- 2.043134 s

maxsize : 20
nodes : 14749837.000000
filtered : 131384671.000000
time : 51.847713
