Parameters: GAD=1 vflib=1 dir=1 label=1 lowerbound=1 fileNameGp=../graphsdb/mcs30/m4D/m4Dr6/mcs30_m4Dr6_s80.A46 fileNameGt=../graphsdb/mcs30/m4D/m4Dr6/mcs30_m4Dr6_s80.B46
Reading graphs...
80 : 179
80 : 178
Initializing...
maxdom : 9
D->valSize : 426
Solving...
Blb : 2 (clique : 25)
currentSize : 25 <-- 0.004164 s
currentSize : 26 <-- 0.004345 s
currentSize : 27 <-- 0.008911 s
currentSize : 28 <-- 0.009342 s
currentSize : 29 <-- 125.627823 s
currentSize : 30 <-- 1822.650146 s
currentSize : 31 <-- 2210.687500 s
currentSize : 32 <-- 2264.282959 s

TIMEOUT
maxsize : 32
nodes : 726581379.000000
filtered : 6039716581.000000
time : 3600.000000
