Parameters: GAD=1 vflib=1 dir=1 label=1 lowerbound=1 fileNameGp=../graphsdb/mcs30/rand/r005/mcs30_r005_s70.A43 fileNameGt=../graphsdb/mcs30/rand/r005/mcs30_r005_s70.B43
Reading graphs...
70 : 240
70 : 240
Initializing...
maxdom : 7
D->valSize : 315
Solving...
Blb : 2 (clique : 19)
currentSize : 19 <-- 0.002726 s
currentSize : 20 <-- 0.050944 s
currentSize : 21 <-- 0.262889 s
currentSize : 22 <-- 9.363454 s
currentSize : 23 <-- 253.417206 s
currentSize : 24 <-- 2462.242920 s

TIMEOUT
maxsize : 24
nodes : 776634549.000000
filtered : 6371817995.000000
time : 3600.000000
