Parameters: GAD=1 vflib=1 dir=1 label=1 lowerbound=1 fileNameGp=../graphsdb/mcs30/rand/r005/mcs30_r005_s60.A65 fileNameGt=../graphsdb/mcs30/rand/r005/mcs30_r005_s60.B65
Reading graphs...
60 : 179
60 : 179
Initializing...
maxdom : 8
D->valSize : 275
Solving...
Blb : 2 (clique : 19)
currentSize : 19 <-- 0.002085 s
currentSize : 20 <-- 0.002231 s
currentSize : 21 <-- 0.002317 s
currentSize : 22 <-- 0.003564 s
currentSize : 24 <-- 55.804382 s

maxsize : 24
nodes : 30840715.000000
filtered : 314229373.000000
time : 140.474121
