Parameters: GAD=1 vflib=1 dir=1 label=1 lowerbound=1 fileNameGp=../graphsdb/mcs30/m4D/m4Dr4/mcs30_m4Dr4_s70.A12 fileNameGt=../graphsdb/mcs30/m4D/m4Dr4/mcs30_m4Dr4_s70.B12
Reading graphs...
70 : 146
70 : 146
Initializing...
maxdom : 8
D->valSize : 338
Solving...
Blb : 3 (clique : 22)
currentSize : 22 <-- 0.002986 s
currentSize : 23 <-- 0.007451 s
currentSize : 24 <-- 0.146616 s
currentSize : 25 <-- 0.938087 s
currentSize : 26 <-- 6.374636 s
currentSize : 27 <-- 12.336959 s
currentSize : 28 <-- 201.936096 s
currentSize : 29 <-- 809.943420 s
currentSize : 30 <-- 996.015930 s

TIMEOUT
maxsize : 30
nodes : 758891040.000000
filtered : 6907503560.000000
time : 3600.000000
