Parameters: GAD=1 vflib=1 dir=1 label=1 lowerbound=1 fileNameGp=../graphsdb/mcs30/rand/r02/mcs30_r02_s80.A30 fileNameGt=../graphsdb/mcs30/rand/r02/mcs30_r02_s80.B30
Reading graphs...
80 : 1263
80 : 1263
Initializing...
maxdom : 7
D->valSize : 403
Solving...
Blb : 2 (clique : 7)
currentSize : 7 <-- 0.005117 s
currentSize : 8 <-- 0.005696 s
currentSize : 9 <-- 0.006730 s
currentSize : 10 <-- 0.007302 s
currentSize : 12 <-- 0.032581 s
currentSize : 13 <-- 0.032608 s
currentSize : 14 <-- 0.032637 s
currentSize : 15 <-- 0.057500 s
currentSize : 24 <-- 0.220355 s

maxsize : 24
nodes : 56406.000000
filtered : 1272823.000000
time : 0.357907
