Parameters: GAD=1 vflib=1 dir=1 label=1 lowerbound=1 fileNameGp=../graphsdb/mcs30/rand/r02/mcs30_r02_s90.A27 fileNameGt=../graphsdb/mcs30/rand/r02/mcs30_r02_s90.B27
Reading graphs...
90 : 1601
90 : 1601
Initializing...
maxdom : 9
D->valSize : 534
Solving...
Blb : 2 (clique : 8)
currentSize : 8 <-- 0.005790 s
currentSize : 9 <-- 0.006019 s
currentSize : 10 <-- 0.011432 s
currentSize : 11 <-- 0.011713 s
currentSize : 12 <-- 0.011839 s
currentSize : 13 <-- 0.014101 s
currentSize : 14 <-- 0.760253 s
currentSize : 16 <-- 0.760318 s
currentSize : 17 <-- 0.760491 s
currentSize : 23 <-- 0.760654 s
currentSize : 27 <-- 0.760754 s

maxsize : 27
nodes : 167277.000000
filtered : 3447286.000000
time : 1.060871
