Parameters: GAD=1 vflib=1 dir=1 label=1 lowerbound=1 fileNameGp=../graphsdb/mcs30/rand/r01/mcs30_r01_s80.A60 fileNameGt=../graphsdb/mcs30/rand/r01/mcs30_r01_s80.B60
Reading graphs...
80 : 631
80 : 631
Initializing...
maxdom : 7
D->valSize : 403
Solving...
Blb : 2 (clique : 12)
currentSize : 12 <-- 0.006070 s
currentSize : 13 <-- 0.013906 s
currentSize : 14 <-- 0.016942 s
currentSize : 15 <-- 0.514646 s
currentSize : 16 <-- 1.111752 s
currentSize : 17 <-- 1.814790 s
currentSize : 18 <-- 4.537049 s
currentSize : 19 <-- 5.420435 s
currentSize : 20 <-- 8.083045 s
currentSize : 22 <-- 48.827671 s
currentSize : 24 <-- 48.827831 s

maxsize : 24
nodes : 10891635.000000
filtered : 147469312.000000
time : 61.964424
