Parameters: GAD=1 vflib=1 dir=1 label=1 lowerbound=1 fileNameGp=../graphsdb/mcs30/m3D/m3Dr2/mcs30_m3Dr2_s70.A94 fileNameGt=../graphsdb/mcs30/m3D/m3Dr2/mcs30_m3Dr2_s70.B94
Reading graphs...
70 : 173
70 : 173
Initializing...
maxdom : 8
D->valSize : 329
Solving...
Blb : 2 (clique : 25)
currentSize : 25 <-- 0.002959 s
currentSize : 26 <-- 0.003164 s
currentSize : 27 <-- 0.003446 s
currentSize : 28 <-- 0.779100 s
currentSize : 29 <-- 19.156441 s
currentSize : 30 <-- 744.099365 s

maxsize : 30
nodes : 445573660.000000
filtered : 4585080081.000000
time : 2252.220459
