Parameters: GAD=1 vflib=1 dir=1 label=1 lowerbound=1 fileNameGp=../graphsdb/mcs30/m2D/m2Dr4/mcs30_m2Dr4_s100.A88 fileNameGt=../graphsdb/mcs30/m2D/m2Dr4/mcs30_m2Dr4_s100.B88
Reading graphs...
100 : 220
100 : 220
Initializing...
maxdom : 9
D->valSize : 333
Solving...
Blb : 2 (clique : 30)
currentSize : 30 <-- 0.005567 s
currentSize : 31 <-- 0.005976 s
currentSize : 32 <-- 0.006609 s
currentSize : 33 <-- 0.045965 s
currentSize : 34 <-- 2.186486 s
currentSize : 35 <-- 4.405495 s
currentSize : 36 <-- 25.742861 s

TIMEOUT
maxsize : 36
nodes : 648178612.000000
filtered : 3102040596.000000
time : 3600.000000
