Parameters: GAD=1 vflib=1 dir=1 label=1 lowerbound=1 fileNameGp=../graphsdb/mcs30/bvg/b09m/mcs30_b09m_s90.A44 fileNameGt=../graphsdb/mcs30/bvg/b09m/mcs30_b09m_s90.B44
Reading graphs...
90 : 405
90 : 405
Initializing...
maxdom : 10
D->valSize : 546
Solving...
Blb : 3 (clique : 18)
currentSize : 18 <-- 0.006405 s
currentSize : 19 <-- 0.006599 s
currentSize : 20 <-- 0.007364 s
currentSize : 21 <-- 0.012880 s
currentSize : 22 <-- 2.770478 s
currentSize : 23 <-- 5.074224 s
currentSize : 24 <-- 12.519309 s
currentSize : 25 <-- 38.452656 s
currentSize : 26 <-- 167.319427 s

TIMEOUT
maxsize : 26
nodes : 641752851.000000
filtered : 6715434687.000000
time : 3600.000000
