Parameters: GAD=1 vflib=1 dir=1 label=1 lowerbound=1 fileNameGp=../graphsdb/mcs30/m2D/m2D/mcs30_m2D_s70.A92 fileNameGt=../graphsdb/mcs30/m2D/m2D/mcs30_m2D_s70.B92
Reading graphs...
70 : 123
70 : 123
Initializing...
maxdom : 10
D->valSize : 337
Solving...
Blb : 2 (clique : 24)
currentSize : 24 <-- 0.004673 s
currentSize : 28 <-- 0.004943 s
currentSize : 29 <-- 0.006242 s
currentSize : 30 <-- 0.007126 s
currentSize : 31 <-- 0.015614 s
currentSize : 32 <-- 0.120666 s
currentSize : 33 <-- 0.606102 s
currentSize : 34 <-- 0.606216 s

maxsize : 34
nodes : 480838265.000000
filtered : 4826873342.000000
time : 2505.887939
