Parameters: GAD=1 vflib=1 dir=1 label=1 lowerbound=1 fileNameGp=../graphsdb/mcs30/m4D/m4Dr2/mcs30_m4Dr2_s70.A69 fileNameGt=../graphsdb/mcs30/m4D/m4Dr2/mcs30_m4Dr2_s70.B69
Reading graphs...
70 : 132
70 : 131
Initializing...
maxdom : 10
D->valSize : 345
Solving...
Blb : 2 (clique : 25)
currentSize : 25 <-- 0.003020 s
currentSize : 26 <-- 0.036950 s
currentSize : 27 <-- 0.202055 s
currentSize : 28 <-- 6.779885 s
currentSize : 29 <-- 61.258472 s
currentSize : 30 <-- 171.271912 s
currentSize : 31 <-- 1021.062012 s

TIMEOUT
maxsize : 31
nodes : 693792276.000000
filtered : 6694984685.000000
time : 3600.000000
