Parameters: GAD=1 vflib=1 dir=1 label=1 lowerbound=1 fileNameGp=../graphsdb/mcs30/m4D/m4Dr6/mcs30_m4Dr6_s60.A60 fileNameGt=../graphsdb/mcs30/m4D/m4Dr6/mcs30_m4Dr6_s60.B60
Reading graphs...
60 : 138
60 : 137
Initializing...
maxdom : 11
D->valSize : 303
Solving...
Blb : 3 (clique : 20)
currentSize : 20 <-- 0.002459 s
currentSize : 21 <-- 0.003207 s
currentSize : 22 <-- 1.473600 s
currentSize : 23 <-- 1.478240 s
currentSize : 24 <-- 8.210697 s
currentSize : 25 <-- 86.431190 s

maxsize : 25
nodes : 50230120.000000
filtered : 529636668.000000
time : 245.789230
