Parameters: GAD=1 vflib=1 dir=1 label=1 lowerbound=1 fileNameGp=../graphsdb/mcs30/rand/r01/mcs30_r01_s50.A81 fileNameGt=../graphsdb/mcs30/rand/r01/mcs30_r01_s50.B81
Reading graphs...
50 : 244
50 : 244
Initializing...
maxdom : 9
D->valSize : 308
Solving...
Blb : 3 (clique : 11)
currentSize : 11 <-- 0.003206 s
currentSize : 12 <-- 0.003373 s
currentSize : 13 <-- 0.018999 s
currentSize : 14 <-- 0.143685 s
currentSize : 15 <-- 0.475298 s
currentSize : 16 <-- 0.476269 s

maxsize : 16
nodes : 1278980.000000
filtered : 19648146.000000
time : 6.034583
