Parameters: GAD=1 vflib=1 dir=1 label=1 lowerbound=1 fileNameGp=../graphsdb/mcs30/rand/r02/mcs30_r02_s60.A44 fileNameGt=../graphsdb/mcs30/rand/r02/mcs30_r02_s60.B44
Reading graphs...
60 : 707
60 : 707
Initializing...
maxdom : 8
D->valSize : 229
Solving...
Blb : 2 (clique : 7)
currentSize : 7 <-- 0.001783 s
currentSize : 8 <-- 0.001878 s
currentSize : 9 <-- 0.002123 s
currentSize : 10 <-- 0.004924 s
currentSize : 11 <-- 0.012732 s
currentSize : 13 <-- 0.016419 s
currentSize : 14 <-- 0.018781 s
currentSize : 15 <-- 0.020696 s
currentSize : 18 <-- 0.023206 s

maxsize : 18
nodes : 5075.000000
filtered : 76878.000000
time : 0.026398
