Parameters: GAD=1 vflib=1 dir=1 label=1 lowerbound=1 fileNameGp=../graphsdb/mcs30/bvg/b03m/mcs30_b03m_s40.A24 fileNameGt=../graphsdb/mcs30/bvg/b03m/mcs30_b03m_s40.B24
Reading graphs...
40 : 60
40 : 60
Initializing...
maxdom : 6
D->valSize : 198
Solving...
Blb : 3 (clique : 16)
currentSize : 16 <-- 0.001848 s
currentSize : 17 <-- 0.003681 s
currentSize : 18 <-- 0.119966 s
currentSize : 19 <-- 0.120139 s
currentSize : 20 <-- 5.240468 s

maxsize : 20
nodes : 3748906.000000
filtered : 34617099.000000
time : 13.567674
