Parameters: GAD=1 vflib=1 dir=1 label=1 lowerbound=1 fileNameGp=../graphsdb/mcs30/rand/r02/mcs30_r02_s50.A06 fileNameGt=../graphsdb/mcs30/rand/r02/mcs30_r02_s50.B06
Reading graphs...
50 : 489
50 : 489
Initializing...
maxdom : 10
D->valSize : 321
Solving...
Blb : 2 (clique : 5)
currentSize : 5 <-- 0.003210 s
currentSize : 6 <-- 0.003318 s
currentSize : 7 <-- 0.003471 s
currentSize : 8 <-- 0.012716 s
currentSize : 9 <-- 0.055174 s
currentSize : 10 <-- 0.079063 s
currentSize : 11 <-- 0.079129 s
currentSize : 15 <-- 0.079190 s

maxsize : 15
nodes : 18549.000000
filtered : 411750.000000
time : 0.142020
