Parameters: GAD=1 vflib=1 dir=1 label=1 lowerbound=1 fileNameGp=../graphsdb/mcs30/bvg/b03m/mcs30_b03m_s35.A26 fileNameGt=../graphsdb/mcs30/bvg/b03m/mcs30_b03m_s35.B26
Reading graphs...
35 : 52
35 : 52
Initializing...
maxdom : 8
D->valSize : 170
Solving...
Blb : 2 (clique : 14)
currentSize : 14 <-- 0.001066 s
currentSize : 15 <-- 0.020817 s
currentSize : 16 <-- 0.021485 s
currentSize : 17 <-- 0.065933 s
currentSize : 18 <-- 0.228855 s

maxsize : 18
nodes : 96564.000000
filtered : 877732.000000
time : 0.345037
