Parameters: GAD=1 vflib=1 dir=1 label=1 lowerbound=1 fileNameGp=../graphsdb/mcs30/m3D/m3Dr4/mcs30_m3Dr4_s70.A70 fileNameGt=../graphsdb/mcs30/m3D/m3Dr4/mcs30_m3Dr4_s70.B70
Reading graphs...
70 : 187
70 : 187
Initializing...
maxdom : 7
D->valSize : 315
Solving...
Blb : 2 (clique : 20)
currentSize : 20 <-- 0.002552 s
currentSize : 22 <-- 0.002719 s
currentSize : 23 <-- 0.002823 s
currentSize : 24 <-- 0.003374 s
currentSize : 25 <-- 0.130825 s
currentSize : 26 <-- 0.785051 s
currentSize : 27 <-- 11.172289 s
currentSize : 28 <-- 18.952999 s
currentSize : 29 <-- 20.200476 s
currentSize : 30 <-- 64.708321 s
currentSize : 31 <-- 83.066360 s
currentSize : 32 <-- 89.718933 s

maxsize : 32
nodes : 45328858.000000
filtered : 395757459.000000
time : 220.471268
