Parameters: GAD=1 vflib=1 dir=1 label=1 lowerbound=1 fileNameGp=../graphsdb/mcs30/m2D/m2D/mcs30_m2D_s100.A37 fileNameGt=../graphsdb/mcs30/m2D/m2D/mcs30_m2D_s100.B37
Reading graphs...
100 : 180
100 : 180
Initializing...
maxdom : 6
D->valSize : 312
Solving...
Blb : 2 (clique : 32)
currentSize : 32 <-- 0.003192 s
currentSize : 33 <-- 0.299053 s
currentSize : 34 <-- 0.299836 s
currentSize : 35 <-- 3.419206 s
currentSize : 36 <-- 38.596382 s
currentSize : 37 <-- 571.987305 s

TIMEOUT
maxsize : 37
nodes : 705756135.000000
filtered : 3290146228.000000
time : 3600.000000
