Parameters: GAD=1 vflib=1 dir=1 label=1 lowerbound=1 fileNameGp=../graphsdb/mcs30/m3D/m3D/mcs30_m3D_s70.A29 fileNameGt=../graphsdb/mcs30/m3D/m3D/mcs30_m3D_s70.B29
Reading graphs...
70 : 159
70 : 159
Initializing...
maxdom : 10
D->valSize : 320
Solving...
Blb : 2 (clique : 24)
currentSize : 24 <-- 0.004270 s
currentSize : 26 <-- 0.004503 s
currentSize : 27 <-- 0.005179 s
currentSize : 28 <-- 0.006789 s
currentSize : 29 <-- 0.283936 s
currentSize : 30 <-- 4.278695 s
currentSize : 31 <-- 234.902267 s
currentSize : 32 <-- 234.903183 s
currentSize : 33 <-- 234.903580 s
currentSize : 34 <-- 234.904846 s
currentSize : 35 <-- 237.223923 s

maxsize : 35
nodes : 218456245.000000
filtered : 1811031581.000000
time : 1072.722900
