Parameters: GAD=1 vflib=1 dir=1 label=1 lowerbound=1 fileNameGp=../graphsdb/mcs30/m3D/m3Dr6/mcs30_m3Dr6_s80.A47 fileNameGt=../graphsdb/mcs30/m3D/m3Dr6/mcs30_m3Dr6_s80.B47
Reading graphs...
80 : 232
80 : 231
Initializing...
maxdom : 9
D->valSize : 402
Solving...
Blb : 3 (clique : 23)
currentSize : 23 <-- 0.003798 s
currentSize : 24 <-- 0.004260 s
currentSize : 25 <-- 5.292422 s
currentSize : 26 <-- 10.849000 s
currentSize : 27 <-- 14.272249 s
currentSize : 28 <-- 746.792969 s
currentSize : 29 <-- 1174.234131 s

TIMEOUT
maxsize : 29
nodes : 746220691.000000
filtered : 6216722472.000000
time : 3600.000000
