Parameters: GAD=1 vflib=1 dir=1 label=1 lowerbound=1 fileNameGp=../graphsdb/mcs30/m3D/m3Dr2/mcs30_m3Dr2_s70.A44 fileNameGt=../graphsdb/mcs30/m3D/m3Dr2/mcs30_m3Dr2_s70.B44
Reading graphs...
70 : 173
70 : 173
Initializing...
maxdom : 8
D->valSize : 334
Solving...
Blb : 2 (clique : 21)
currentSize : 21 <-- 0.002903 s
currentSize : 22 <-- 0.006896 s
currentSize : 23 <-- 0.281180 s
currentSize : 24 <-- 2.383774 s
currentSize : 25 <-- 27.523808 s
currentSize : 26 <-- 2276.737793 s
currentSize : 27 <-- 2285.582764 s
currentSize : 28 <-- 2289.789062 s

TIMEOUT
maxsize : 28
nodes : 791246047.000000
filtered : 6242910288.000000
time : 3600.000000
