Parameters: GAD=1 vflib=1 dir=1 label=1 lowerbound=1 fileNameGp=../graphsdb/mcs30/m4D/m4D/mcs30_m4D_s90.A73 fileNameGt=../graphsdb/mcs30/m4D/m4D/mcs30_m4D_s90.B73
Reading graphs...
90 : 146
90 : 146
Initializing...
maxdom : 10
D->valSize : 539
Solving...
Blb : 2 (clique : 35)
currentSize : 35 <-- 0.006469 s
currentSize : 36 <-- 0.098430 s
currentSize : 37 <-- 0.137427 s
currentSize : 38 <-- 0.888151 s
currentSize : 39 <-- 8.408511 s
currentSize : 40 <-- 77.473473 s
currentSize : 41 <-- 1151.890991 s
currentSize : 42 <-- 3240.197998 s

TIMEOUT
maxsize : 42
nodes : 721848113.000000
filtered : 3541197332.000000
time : 3600.000000
