Parameters: GAD=1 vflib=1 dir=1 label=1 lowerbound=1 fileNameGp=../graphsdb/mcs30/m2D/m2Dr2/mcs30_m2Dr2_s50.A09 fileNameGt=../graphsdb/mcs30/m2D/m2Dr2/mcs30_m2Dr2_s50.B09
Reading graphs...
50 : 95
50 : 95
Initializing...
maxdom : 9
D->valSize : 332
Solving...
Blb : 2 (clique : 17)
currentSize : 17 <-- 0.003926 s
currentSize : 18 <-- 0.004114 s
currentSize : 19 <-- 0.013810 s
currentSize : 20 <-- 0.591750 s
currentSize : 21 <-- 68.899345 s
currentSize : 22 <-- 1512.838257 s
currentSize : 23 <-- 1690.525513 s

maxsize : 23
nodes : 655154754.000000
filtered : 8801168754.000000
time : 2814.305176
