Parameters: GAD=1 vflib=1 dir=1 label=1 lowerbound=1 fileNameGp=../graphsdb/mcs30/m2D/m2Dr2/mcs30_m2Dr2_s80.A87 fileNameGt=../graphsdb/mcs30/m2D/m2Dr2/mcs30_m2Dr2_s80.B87
Reading graphs...
80 : 158
80 : 158
Initializing...
maxdom : 10
D->valSize : 455
Solving...
Blb : 2 (clique : 25)
currentSize : 25 <-- 0.004708 s
currentSize : 26 <-- 0.006391 s
currentSize : 27 <-- 0.055743 s
currentSize : 28 <-- 0.087862 s
currentSize : 29 <-- 0.455322 s
currentSize : 30 <-- 5.381156 s
currentSize : 31 <-- 7.387487 s
currentSize : 32 <-- 71.758308 s
currentSize : 33 <-- 288.161011 s
currentSize : 34 <-- 468.316315 s
currentSize : 35 <-- 1444.570190 s

TIMEOUT
maxsize : 35
nodes : 642434000.000000
filtered : 7127860313.000000
time : 3600.000000
