Parameters: GAD=1 vflib=1 dir=1 label=1 lowerbound=1 fileNameGp=../graphsdb/mcs30/rand/r001/mcs30_r001_s100.A05 fileNameGt=../graphsdb/mcs30/rand/r001/mcs30_r001_s100.B05
Reading graphs...
100 : 120
100 : 120
Initializing...
maxdom : 7
D->valSize : 359
Solving...
Blb : 3 (clique : 42)
currentSize : 42 <-- 0.003838 s
currentSize : 43 <-- 0.008490 s
currentSize : 44 <-- 0.022259 s
currentSize : 45 <-- 0.146873 s
currentSize : 46 <-- 433.370270 s
currentSize : 47 <-- 1306.659912 s

TIMEOUT
maxsize : 47
nodes : 714740298.000000
filtered : 2740083933.000000
time : 3600.000000
