Parameters: GAD=1 vflib=1 dir=1 label=1 lowerbound=1 fileNameGp=../graphsdb/mcs30/bvg/b06/mcs30_b06_s35.A82 fileNameGt=../graphsdb/mcs30/bvg/b06/mcs30_b06_s35.B82
Reading graphs...
35 : 105
35 : 105
Initializing...
maxdom : 7
D->valSize : 170
Solving...
Blb : 2 (clique : 8)
currentSize : 8 <-- 0.000929 s
currentSize : 9 <-- 0.000983 s
currentSize : 10 <-- 0.001213 s
currentSize : 12 <-- 0.001691 s
currentSize : 13 <-- 0.057056 s

maxsize : 13
nodes : 49960.000000
filtered : 602565.000000
time : 0.185841
