Parameters: GAD=1 vflib=1 dir=1 label=1 lowerbound=1 fileNameGp=../graphsdb/mcs30/m4D/m4Dr2/mcs30_m4Dr2_s70.A06 fileNameGt=../graphsdb/mcs30/m4D/m4Dr2/mcs30_m4Dr2_s70.B06
Reading graphs...
70 : 132
70 : 131
Initializing...
maxdom : 7
D->valSize : 313
Solving...
Blb : 2 (clique : 26)
currentSize : 26 <-- 0.004283 s
currentSize : 27 <-- 1.894700 s
currentSize : 28 <-- 29.526625 s
currentSize : 29 <-- 187.580475 s
currentSize : 30 <-- 314.899292 s
currentSize : 31 <-- 2654.020752 s

TIMEOUT
maxsize : 31
nodes : 701641808.000000
filtered : 7733916771.000000
time : 3600.000000
