Parameters: GAD=1 vflib=1 dir=1 label=1 lowerbound=1 fileNameGp=../graphsdb/mcs30/rand/r02/mcs30_r02_s60.A52 fileNameGt=../graphsdb/mcs30/rand/r02/mcs30_r02_s60.B52
Reading graphs...
60 : 707
60 : 707
Initializing...
maxdom : 7
D->valSize : 240
Solving...
Blb : 2 (clique : 6)
currentSize : 6 <-- 0.001591 s
currentSize : 7 <-- 0.001693 s
currentSize : 8 <-- 0.002034 s
currentSize : 9 <-- 0.002170 s
currentSize : 10 <-- 0.003396 s
currentSize : 11 <-- 0.015133 s
currentSize : 12 <-- 0.015180 s
currentSize : 18 <-- 0.019162 s

maxsize : 18
nodes : 9242.000000
filtered : 150620.000000
time : 0.048105
