Parameters: GAD=1 vflib=1 dir=1 label=1 lowerbound=1 fileNameGp=../graphsdb/mcs30/m3D/m3Dr4/mcs30_m3Dr4_s80.A56 fileNameGt=../graphsdb/mcs30/m3D/m3Dr4/mcs30_m3Dr4_s80.B56
Reading graphs...
80 : 216
80 : 215
Initializing...
maxdom : 8
D->valSize : 414
Solving...
Blb : 3 (clique : 22)
currentSize : 22 <-- 0.006975 s
currentSize : 23 <-- 0.021069 s
currentSize : 24 <-- 0.145185 s
currentSize : 25 <-- 0.519227 s
currentSize : 26 <-- 1.125328 s
currentSize : 27 <-- 6.472978 s

TIMEOUT
maxsize : 27
nodes : 733147471.000000
filtered : 6276745211.000000
time : 3600.000000
