Parameters: GAD=1 vflib=1 dir=1 label=1 lowerbound=1 fileNameGp=../graphsdb/mcs30/rand/r005/mcs30_r005_s60.A62 fileNameGt=../graphsdb/mcs30/rand/r005/mcs30_r005_s60.B62
Reading graphs...
60 : 179
60 : 179
Initializing...
maxdom : 8
D->valSize : 250
Solving...
Blb : 2 (clique : 17)
currentSize : 17 <-- 0.002791 s
currentSize : 18 <-- 0.003180 s
currentSize : 19 <-- 0.004025 s
currentSize : 20 <-- 0.007908 s
currentSize : 21 <-- 6.179591 s
currentSize : 22 <-- 54.066254 s

maxsize : 22
nodes : 21684991.000000
filtered : 199506386.000000
time : 99.234413
