Parameters: GAD=1 vflib=1 dir=1 label=1 lowerbound=1 fileNameGp=../graphsdb/mcs30/rand/r005/mcs30_r005_s90.A23 fileNameGt=../graphsdb/mcs30/rand/r005/mcs30_r005_s90.B23
Reading graphs...
90 : 399
90 : 399
Initializing...
maxdom : 9
D->valSize : 548
Solving...
Blb : 2 (clique : 20)
currentSize : 20 <-- 0.009462 s
currentSize : 21 <-- 0.009696 s
currentSize : 22 <-- 0.009832 s
currentSize : 23 <-- 0.010810 s
currentSize : 24 <-- 0.029133 s
currentSize : 25 <-- 32.235073 s
currentSize : 26 <-- 83.947136 s
currentSize : 27 <-- 3457.390137 s

TIMEOUT
maxsize : 27
nodes : 638784121.000000
filtered : 6955997459.000000
time : 3600.000000
