Parameters: GAD=1 vflib=1 dir=1 label=1 lowerbound=1 fileNameGp=../graphsdb/mcs30/bvg/b09/mcs30_b09_s60.A33 fileNameGt=../graphsdb/mcs30/bvg/b09/mcs30_b09_s60.B33
Reading graphs...
60 : 270
60 : 270
Initializing...
maxdom : 8
D->valSize : 237
Solving...
Blb : 2 (clique : 16)
currentSize : 16 <-- 0.001783 s
currentSize : 17 <-- 0.001939 s
currentSize : 18 <-- 0.001992 s
currentSize : 19 <-- 0.002046 s
currentSize : 20 <-- 0.003525 s
currentSize : 21 <-- 0.006015 s

maxsize : 21
nodes : 893319.000000
filtered : 8380855.000000
time : 3.995744
