Parameters: GAD=1 vflib=1 dir=1 label=1 lowerbound=1 fileNameGp=../graphsdb/mcs30/m2D/m2D/mcs30_m2D_s70.A91 fileNameGt=../graphsdb/mcs30/m2D/m2D/mcs30_m2D_s70.B91
Reading graphs...
70 : 123
70 : 123
Initializing...
maxdom : 10
D->valSize : 356
Solving...
Blb : 2 (clique : 26)
currentSize : 26 <-- 0.003074 s
currentSize : 27 <-- 5.052162 s
currentSize : 28 <-- 77.542847 s
currentSize : 29 <-- 130.477020 s
currentSize : 30 <-- 179.994614 s
currentSize : 31 <-- 179.996063 s

TIMEOUT
maxsize : 31
nodes : 719069764.000000
filtered : 6902138574.000000
time : 3600.000000
