Parameters: GAD=1 vflib=1 dir=1 label=1 lowerbound=1 fileNameGp=../graphsdb/mcs30/bvg/b06m/mcs30_b06m_s100.A75 fileNameGt=../graphsdb/mcs30/bvg/b06m/mcs30_b06m_s100.B75
Reading graphs...
100 : 300
100 : 300
Initializing...
maxdom : 7
D->valSize : 333
Solving...
Blb : 2 (clique : 28)
currentSize : 28 <-- 0.003405 s
currentSize : 30 <-- 0.005169 s
currentSize : 31 <-- 0.148223 s
currentSize : 32 <-- 0.579981 s
currentSize : 33 <-- 41.796883 s
currentSize : 34 <-- 535.465027 s

TIMEOUT
maxsize : 34
nodes : 674914833.000000
filtered : 3923487926.000000
time : 3600.000000
