Parameters: GAD=1 vflib=1 dir=1 label=1 lowerbound=1 fileNameGp=../graphsdb/mcs30/m2D/m2Dr6/mcs30_m2Dr6_s90.A97 fileNameGt=../graphsdb/mcs30/m2D/m2Dr6/mcs30_m2Dr6_s90.B97
Reading graphs...
90 : 215
90 : 214
Initializing...
maxdom : 12
D->valSize : 514
Solving...
Blb : 2 (clique : 28)
currentSize : 28 <-- 0.006149 s
currentSize : 29 <-- 0.008622 s
currentSize : 30 <-- 11.006437 s
currentSize : 31 <-- 16.586941 s
currentSize : 32 <-- 26.530005 s
currentSize : 33 <-- 362.506073 s
currentSize : 34 <-- 1367.446777 s

TIMEOUT
maxsize : 34
nodes : 644175867.000000
filtered : 6964310722.000000
time : 3600.000000
