Parameters: GAD=1 vflib=1 dir=1 label=1 lowerbound=1 fileNameGp=../graphsdb/mcs30/bvg/b06/mcs30_b06_s100.A45 fileNameGt=../graphsdb/mcs30/bvg/b06/mcs30_b06_s100.B45
Reading graphs...
100 : 300
100 : 300
Initializing...
maxdom : 7
D->valSize : 312
Solving...
Blb : 2 (clique : 26)
currentSize : 26 <-- 0.003089 s
currentSize : 27 <-- 0.003338 s
currentSize : 28 <-- 0.004590 s
currentSize : 29 <-- 0.006289 s
currentSize : 30 <-- 0.008267 s
currentSize : 31 <-- 0.299997 s
currentSize : 32 <-- 19.806690 s
currentSize : 33 <-- 71.590355 s
currentSize : 34 <-- 3376.850586 s
currentSize : 35 <-- 3595.648682 s

TIMEOUT
maxsize : 35
nodes : 688889116.000000
filtered : 3064433816.000000
time : 3600.000000
