Parameters: GAD=1 vflib=1 dir=1 label=1 lowerbound=1 fileNameGp=../graphsdb/mcs30/m2D/m2Dr4/mcs30_m2Dr4_s50.A32 fileNameGt=../graphsdb/mcs30/m2D/m2Dr4/mcs30_m2Dr4_s50.B32
Reading graphs...
50 : 105
50 : 104
Initializing...
maxdom : 8
D->valSize : 319
Solving...
Blb : 2 (clique : 17)
currentSize : 17 <-- 0.003760 s
currentSize : 18 <-- 2.353963 s
currentSize : 19 <-- 13.680114 s
currentSize : 20 <-- 25.258987 s
currentSize : 21 <-- 25.260679 s
currentSize : 22 <-- 25.261829 s
currentSize : 23 <-- 25.270647 s

maxsize : 23
nodes : 33306132.000000
filtered : 424907273.000000
time : 153.252182
