Parameters: GAD=1 vflib=1 dir=1 label=1 lowerbound=1 fileNameGp=../graphsdb/mcs30/rand/r01/mcs30_r01_s100.A14 fileNameGt=../graphsdb/mcs30/rand/r01/mcs30_r01_s100.B14
Reading graphs...
100 : 989
100 : 989
Initializing...
maxdom : 7
D->valSize : 338
Solving...
Blb : 2 (clique : 12)
currentSize : 12 <-- 0.003281 s
currentSize : 13 <-- 0.003605 s
currentSize : 14 <-- 0.003733 s
currentSize : 15 <-- 0.004230 s
currentSize : 16 <-- 0.115352 s
currentSize : 17 <-- 0.333739 s
currentSize : 18 <-- 0.396579 s
currentSize : 19 <-- 1.027662 s
currentSize : 20 <-- 1.188469 s
currentSize : 22 <-- 1.188592 s
currentSize : 23 <-- 2.228076 s
currentSize : 24 <-- 2.235121 s
currentSize : 27 <-- 2.237059 s
currentSize : 28 <-- 2.245902 s
currentSize : 31 <-- 2.246037 s

maxsize : 31
nodes : 814080.000000
filtered : 10244368.000000
time : 5.257477
