Parameters: GAD=1 vflib=1 dir=1 label=1 lowerbound=1 fileNameGp=../graphsdb/mcs30/rand/r005/mcs30_r005_s35.A70 fileNameGt=../graphsdb/mcs30/rand/r005/mcs30_r005_s35.B70
Reading graphs...
35 : 64
35 : 64
Initializing...
maxdom : 7
D->valSize : 165
Solving...
Blb : 2 (clique : 12)
currentSize : 12 <-- 0.001278 s
currentSize : 13 <-- 0.001469 s
currentSize : 14 <-- 0.018982 s
currentSize : 15 <-- 0.023168 s
currentSize : 16 <-- 0.023479 s

maxsize : 16
nodes : 59844.000000
filtered : 555158.000000
time : 0.276529
