Parameters: GAD=1 vflib=1 dir=1 label=1 lowerbound=1 fileNameGp=../graphsdb/mcs30/m4D/m4Dr6/mcs30_m4Dr6_s50.A05 fileNameGt=../graphsdb/mcs30/m4D/m4Dr6/mcs30_m4Dr6_s50.B05
Reading graphs...
50 : 117
50 : 117
Initializing...
maxdom : 8
D->valSize : 317
Solving...
Blb : 2 (clique : 19)
currentSize : 19 <-- 0.002405 s
currentSize : 20 <-- 0.109357 s
currentSize : 21 <-- 14.282611 s
currentSize : 22 <-- 26.696695 s
currentSize : 23 <-- 49.766949 s

maxsize : 23
nodes : 58815426.000000
filtered : 645118306.000000
time : 261.164001
