Parameters: GAD=1 vflib=1 dir=1 label=1 lowerbound=1 fileNameGp=../graphsdb/mcs30/m3D/m3Dr6/mcs30_m3Dr6_s90.A59 fileNameGt=../graphsdb/mcs30/m3D/m3Dr6/mcs30_m3Dr6_s90.B59
Reading graphs...
90 : 263
90 : 263
Initializing...
maxdom : 10
D->valSize : 527
Solving...
Blb : 2 (clique : 32)
currentSize : 32 <-- 0.006030 s
currentSize : 33 <-- 0.028328 s
currentSize : 34 <-- 0.028406 s
currentSize : 35 <-- 0.486922 s
currentSize : 36 <-- 0.682144 s
currentSize : 37 <-- 1.073771 s
currentSize : 38 <-- 5.571088 s

TIMEOUT
maxsize : 38
nodes : 540414794.000000
filtered : 8568456232.000000
time : 3600.000000
