Parameters: GAD=1 vflib=1 dir=1 label=1 lowerbound=1 fileNameGp=../graphsdb/mcs30/bvg/b09/mcs30_b09_s90.A63 fileNameGt=../graphsdb/mcs30/bvg/b09/mcs30_b09_s90.B63
Reading graphs...
90 : 405
90 : 405
Initializing...
maxdom : 10
D->valSize : 521
Solving...
Blb : 2 (clique : 20)
currentSize : 20 <-- 0.005774 s
currentSize : 21 <-- 0.052529 s
currentSize : 22 <-- 0.060714 s
currentSize : 23 <-- 0.488974 s
currentSize : 24 <-- 19.571341 s
currentSize : 25 <-- 56.415485 s
currentSize : 26 <-- 186.307220 s
currentSize : 27 <-- 190.874374 s
currentSize : 28 <-- 190.876419 s
currentSize : 29 <-- 276.147400 s
currentSize : 30 <-- 1472.879150 s

TIMEOUT
maxsize : 30
nodes : 580123640.000000
filtered : 7755924268.000000
time : 3600.000000
