Parameters: GAD=1 vflib=1 dir=1 label=1 lowerbound=1 fileNameGp=../graphsdb/mcs30/m4D/m4Dr2/mcs30_m4Dr2_s50.A76 fileNameGt=../graphsdb/mcs30/m4D/m4Dr2/mcs30_m4Dr2_s50.B76
Reading graphs...
50 : 97
50 : 97
Initializing...
maxdom : 8
D->valSize : 310
Solving...
Blb : 2 (clique : 17)
currentSize : 17 <-- 0.002506 s
currentSize : 18 <-- 0.002636 s
currentSize : 19 <-- 0.020959 s
currentSize : 20 <-- 0.021976 s
currentSize : 21 <-- 0.056167 s
currentSize : 22 <-- 0.148357 s
currentSize : 23 <-- 48.980679 s
currentSize : 24 <-- 142.315338 s

maxsize : 24
nodes : 342792715.000000
filtered : 3947306294.000000
time : 1471.704102
