Parameters: GAD=1 vflib=1 dir=1 label=1 lowerbound=1 fileNameGp=../graphsdb/mcs30/m4D/m4Dr2/mcs30_m4Dr2_s60.A55 fileNameGt=../graphsdb/mcs30/m4D/m4Dr2/mcs30_m4Dr2_s60.B55
Reading graphs...
60 : 114
60 : 114
Initializing...
maxdom : 7
D->valSize : 251
Solving...
Blb : 2 (clique : 19)
currentSize : 19 <-- 0.001881 s
currentSize : 20 <-- 0.002057 s
currentSize : 21 <-- 0.002172 s
currentSize : 22 <-- 0.003759 s
currentSize : 23 <-- 0.003805 s
currentSize : 24 <-- 0.052453 s
currentSize : 25 <-- 0.251899 s
currentSize : 26 <-- 51.495865 s
currentSize : 27 <-- 463.683746 s

maxsize : 27
nodes : 150548706.000000
filtered : 1128630686.000000
time : 651.020386
