Parameters: GAD=1 vflib=1 dir=1 label=1 lowerbound=1 fileNameGp=../graphsdb/mcs30/bvg/b06/mcs30_b06_s50.A01 fileNameGt=../graphsdb/mcs30/bvg/b06/mcs30_b06_s50.B01
Reading graphs...
50 : 150
50 : 150
Initializing...
maxdom : 11
D->valSize : 340
Solving...
Blb : 2 (clique : 17)
currentSize : 17 <-- 0.002481 s
currentSize : 18 <-- 0.002636 s
currentSize : 19 <-- 0.005830 s
currentSize : 20 <-- 0.006071 s
currentSize : 21 <-- 0.153464 s
currentSize : 22 <-- 7.719713 s

maxsize : 22
nodes : 3095388.000000
filtered : 60133588.000000
time : 16.395695
