Parameters: GAD=1 vflib=1 dir=1 label=1 lowerbound=1 fileNameGp=../graphsdb/mcs30/rand/r01/mcs30_r01_s40.A68 fileNameGt=../graphsdb/mcs30/rand/r01/mcs30_r01_s40.B68
Reading graphs...
40 : 155
40 : 155
Initializing...
maxdom : 9
D->valSize : 194
Solving...
Blb : 2 (clique : 8)
currentSize : 8 <-- 0.001094 s
currentSize : 9 <-- 0.001311 s
currentSize : 10 <-- 0.001469 s
currentSize : 11 <-- 0.002264 s
currentSize : 12 <-- 0.002373 s
currentSize : 13 <-- 0.004123 s
currentSize : 14 <-- 0.016857 s

maxsize : 14
nodes : 14012.000000
filtered : 204987.000000
time : 0.060326
