Parameters: GAD=1 vflib=1 dir=1 label=1 lowerbound=1 fileNameGp=../graphsdb/mcs30/bvg/b06m/mcs30_b06m_s90.A01 fileNameGt=../graphsdb/mcs30/bvg/b06m/mcs30_b06m_s90.B01
Reading graphs...
90 : 270
90 : 270
Initializing...
maxdom : 9
D->valSize : 585
Solving...
Blb : 2 (clique : 26)
currentSize : 26 <-- 0.006947 s
currentSize : 27 <-- 0.007222 s
currentSize : 28 <-- 0.007483 s
currentSize : 29 <-- 0.007649 s
currentSize : 30 <-- 0.060812 s
currentSize : 31 <-- 125.569771 s
currentSize : 32 <-- 125.594582 s
currentSize : 33 <-- 2381.576416 s

TIMEOUT
maxsize : 33
nodes : 624074557.000000
filtered : 7487910990.000000
time : 3600.000000
