Parameters: GAD=1 vflib=1 dir=1 label=1 lowerbound=1 fileNameGp=../graphsdb/mcs30/rand/r02/mcs30_r02_s80.A54 fileNameGt=../graphsdb/mcs30/rand/r02/mcs30_r02_s80.B54
Reading graphs...
80 : 1263
80 : 1263
Initializing...
maxdom : 10
D->valSize : 399
Solving...
Blb : 3 (clique : 7)
currentSize : 7 <-- 0.003529 s
currentSize : 8 <-- 0.003751 s
currentSize : 9 <-- 0.005075 s
currentSize : 12 <-- 0.012037 s
currentSize : 13 <-- 0.012100 s
currentSize : 15 <-- 0.033510 s
currentSize : 24 <-- 0.079981 s

maxsize : 24
nodes : 27510.000000
filtered : 676540.000000
time : 0.176094
