Parameters: GAD=1 vflib=1 dir=1 label=1 lowerbound=1 fileNameGp=../graphsdb/mcs30/bvg/b06/mcs30_b06_s50.A85 fileNameGt=../graphsdb/mcs30/bvg/b06/mcs30_b06_s50.B85
Reading graphs...
50 : 150
50 : 150
Initializing...
maxdom : 10
D->valSize : 309
Solving...
Blb : 2 (clique : 18)
currentSize : 18 <-- 0.003478 s
currentSize : 19 <-- 0.004685 s
currentSize : 20 <-- 0.093854 s
currentSize : 21 <-- 0.341214 s
currentSize : 22 <-- 4.375461 s
currentSize : 23 <-- 31.934668 s

maxsize : 23
nodes : 6902773.000000
filtered : 122863220.000000
time : 34.913681
