Parameters: GAD=1 vflib=1 dir=1 label=1 lowerbound=1 fileNameGp=../graphsdb/mcs30/rand/r02/mcs30_r02_s60.A85 fileNameGt=../graphsdb/mcs30/rand/r02/mcs30_r02_s60.B85
Reading graphs...
60 : 707
60 : 707
Initializing...
maxdom : 8
D->valSize : 239
Solving...
Blb : 2 (clique : 6)
currentSize : 6 <-- 0.001636 s
currentSize : 7 <-- 0.001709 s
currentSize : 8 <-- 0.002554 s
currentSize : 9 <-- 0.003203 s
currentSize : 11 <-- 0.013586 s
currentSize : 13 <-- 0.020078 s
currentSize : 16 <-- 0.020252 s
currentSize : 18 <-- 0.020312 s

maxsize : 18
nodes : 9690.000000
filtered : 150405.000000
time : 0.049092
