Parameters: GAD=1 vflib=1 dir=1 label=1 lowerbound=1 fileNameGp=../graphsdb/mcs30/m2D/m2D/mcs30_m2D_s60.A39 fileNameGt=../graphsdb/mcs30/m2D/m2D/mcs30_m2D_s60.B39
Reading graphs...
60 : 104
60 : 104
Initializing...
maxdom : 7
D->valSize : 220
Solving...
Blb : 3 (clique : 21)
currentSize : 21 <-- 0.001497 s
currentSize : 22 <-- 0.001647 s
currentSize : 23 <-- 0.002451 s
currentSize : 24 <-- 0.007858 s
currentSize : 25 <-- 3.349578 s
currentSize : 26 <-- 43.079071 s

maxsize : 26
nodes : 40566771.000000
filtered : 346319011.000000
time : 177.790543
