Parameters: GAD=1 vflib=1 dir=1 label=1 lowerbound=1 fileNameGp=../graphsdb/mcs30/m3D/m3D/mcs30_m3D_s70.A58 fileNameGt=../graphsdb/mcs30/m3D/m3D/mcs30_m3D_s70.B58
Reading graphs...
70 : 159
70 : 159
Initializing...
maxdom : 9
D->valSize : 366
Solving...
Blb : 2 (clique : 25)
currentSize : 25 <-- 0.003228 s
currentSize : 26 <-- 0.025099 s
currentSize : 29 <-- 0.144117 s
currentSize : 30 <-- 0.424810 s
currentSize : 31 <-- 2.247506 s
currentSize : 32 <-- 2.263249 s

maxsize : 32
nodes : 101108502.000000
filtered : 1240663426.000000
time : 550.377991
