Parameters: GAD=1 vflib=1 dir=1 label=1 lowerbound=1 fileNameGp=../graphsdb/mcs30/rand/r005/mcs30_r005_s100.A72 fileNameGt=../graphsdb/mcs30/rand/r005/mcs30_r005_s100.B72
Reading graphs...
100 : 494
100 : 494
Initializing...
maxdom : 6
D->valSize : 356
Solving...
Blb : 2 (clique : 21)
currentSize : 21 <-- 0.003583 s
currentSize : 22 <-- 0.003821 s
currentSize : 23 <-- 0.004029 s
currentSize : 24 <-- 0.007586 s
currentSize : 25 <-- 1.006417 s
currentSize : 26 <-- 1.006602 s
currentSize : 27 <-- 4.308913 s
currentSize : 28 <-- 160.282181 s
currentSize : 29 <-- 160.518494 s
currentSize : 30 <-- 160.937439 s
currentSize : 31 <-- 726.618042 s
currentSize : 32 <-- 726.619324 s

TIMEOUT
maxsize : 32
nodes : 586001178.000000
filtered : 5419862424.000000
time : 3600.000000
