Parameters: GAD=1 vflib=1 dir=1 label=1 lowerbound=1 fileNameGp=../graphsdb/mcs30/rand/r02/mcs30_r02_s80.A19 fileNameGt=../graphsdb/mcs30/rand/r02/mcs30_r02_s80.B19
Reading graphs...
80 : 1263
80 : 1263
Initializing...
maxdom : 7
D->valSize : 408
Solving...
Blb : 5 (clique : 9)
currentSize : 9 <-- 0.003621 s
currentSize : 10 <-- 0.021681 s
currentSize : 11 <-- 0.107029 s
currentSize : 13 <-- 0.107082 s
currentSize : 15 <-- 0.125032 s
currentSize : 16 <-- 0.125125 s
currentSize : 24 <-- 0.125236 s

maxsize : 24
nodes : 46843.000000
filtered : 1025681.000000
time : 0.294656
