Parameters: GAD=1 vflib=1 dir=1 label=1 lowerbound=1 fileNameGp=../graphsdb/mcs30/m3D/m3D/mcs30_m3D_s40.A03 fileNameGt=../graphsdb/mcs30/m3D/m3D/mcs30_m3D_s40.B03
Reading graphs...
40 : 84
40 : 84
Initializing...
maxdom : 8
D->valSize : 222
Solving...
Blb : 2 (clique : 13)
currentSize : 13 <-- 0.001328 s
currentSize : 14 <-- 0.001423 s
currentSize : 15 <-- 0.001841 s
currentSize : 16 <-- 0.052861 s
currentSize : 17 <-- 0.052913 s

maxsize : 17
nodes : 501805.000000
filtered : 6590206.000000
time : 2.095817
