Parameters: GAD=1 vflib=1 dir=1 label=1 lowerbound=1 fileNameGp=../graphsdb/mcs30/bvg/b06/mcs30_b06_s40.A45 fileNameGt=../graphsdb/mcs30/bvg/b06/mcs30_b06_s40.B45
Reading graphs...
40 : 120
40 : 120
Initializing...
maxdom : 10
D->valSize : 208
Solving...
Blb : 2 (clique : 10)
currentSize : 10 <-- 0.001778 s
currentSize : 11 <-- 0.001982 s
currentSize : 12 <-- 0.004335 s
currentSize : 13 <-- 0.041874 s
currentSize : 14 <-- 0.121794 s

maxsize : 14
nodes : 86435.000000
filtered : 1098197.000000
time : 0.416358
