Parameters: GAD=1 vflib=1 dir=1 label=1 lowerbound=1 fileNameGp=../graphsdb/mcs30/m2D/m2D/mcs30_m2D_s80.A58 fileNameGt=../graphsdb/mcs30/m2D/m2D/mcs30_m2D_s80.B58
Reading graphs...
80 : 142
80 : 142
Initializing...
maxdom : 10
D->valSize : 462
Solving...
Blb : 2 (clique : 27)
currentSize : 27 <-- 0.005037 s
currentSize : 28 <-- 0.005268 s
currentSize : 29 <-- 0.416700 s
currentSize : 30 <-- 6.540529 s
currentSize : 31 <-- 18.323963 s
currentSize : 32 <-- 130.698029 s
currentSize : 33 <-- 170.362656 s
currentSize : 34 <-- 1002.776306 s

TIMEOUT
maxsize : 34
nodes : 693022004.000000
filtered : 6398245915.000000
time : 3600.000000
