Parameters: GAD=1 vflib=1 dir=1 label=1 lowerbound=1 fileNameGp=../graphsdb/mcs30/m4D/m4D/mcs30_m4D_s60.A63 fileNameGt=../graphsdb/mcs30/m4D/m4D/mcs30_m4D_s60.B63
Reading graphs...
60 : 102
60 : 102
Initializing...
maxdom : 9
D->valSize : 258
Solving...
Blb : 2 (clique : 22)
currentSize : 22 <-- 0.001966 s
currentSize : 23 <-- 0.002240 s
currentSize : 24 <-- 0.559199 s
currentSize : 25 <-- 2.146641 s
currentSize : 26 <-- 995.506775 s

maxsize : 26
nodes : 449324143.000000
filtered : 3751467640.000000
time : 1984.497681
