Parameters: GAD=1 vflib=1 dir=1 label=1 lowerbound=1 fileNameGp=../graphsdb/mcs30/rand/r01/mcs30_r01_s100.A07 fileNameGt=../graphsdb/mcs30/rand/r01/mcs30_r01_s100.B07
Reading graphs...
100 : 989
100 : 989
Initializing...
maxdom : 7
D->valSize : 367
Solving...
Blb : 2 (clique : 15)
currentSize : 15 <-- 0.003604 s
currentSize : 16 <-- 0.003805 s
currentSize : 18 <-- 0.004065 s
currentSize : 22 <-- 0.048373 s
currentSize : 24 <-- 3.116756 s
currentSize : 27 <-- 4.686690 s
currentSize : 30 <-- 4.686891 s

maxsize : 30
nodes : 1556245.000000
filtered : 20687495.000000
time : 10.300825
