Parameters: GAD=1 vflib=1 dir=1 label=1 lowerbound=1 fileNameGp=../graphsdb/mcs30/rand/r02/mcs30_r02_s40.A24 fileNameGt=../graphsdb/mcs30/rand/r02/mcs30_r02_s40.B24
Reading graphs...
40 : 311
40 : 311
Initializing...
maxdom : 7
D->valSize : 195
Solving...
Blb : 2 (clique : 7)
currentSize : 7 <-- 0.001094 s
currentSize : 8 <-- 0.001698 s
currentSize : 9 <-- 0.001780 s
currentSize : 10 <-- 0.002153 s
currentSize : 11 <-- 0.003548 s
currentSize : 12 <-- 0.006777 s

maxsize : 12
nodes : 3414.000000
filtered : 61667.000000
time : 0.015517
