Parameters: GAD=1 vflib=1 dir=1 label=1 lowerbound=1 fileNameGp=../graphsdb/mcs30/rand/r005/mcs30_r005_s80.A02 fileNameGt=../graphsdb/mcs30/rand/r005/mcs30_r005_s80.B02
Reading graphs...
80 : 315
80 : 315
Initializing...
maxdom : 11
D->valSize : 443
Solving...
Blb : 2 (clique : 19)
currentSize : 19 <-- 0.004460 s
currentSize : 20 <-- 0.007006 s
currentSize : 21 <-- 0.118920 s
currentSize : 22 <-- 0.264285 s
currentSize : 23 <-- 0.605663 s
currentSize : 24 <-- 576.509460 s
currentSize : 25 <-- 1500.821289 s

TIMEOUT
maxsize : 25
nodes : 698687126.000000
filtered : 6518929721.000000
time : 3600.000000
