Parameters: GAD=1 vflib=1 dir=1 label=1 lowerbound=1 fileNameGp=../graphsdb/mcs30/m4D/m4Dr2/mcs30_m4Dr2_s60.A53 fileNameGt=../graphsdb/mcs30/m4D/m4Dr2/mcs30_m4Dr2_s60.B53
Reading graphs...
60 : 114
60 : 114
Initializing...
maxdom : 8
D->valSize : 250
Solving...
Blb : 2 (clique : 24)
currentSize : 24 <-- 0.001886 s
currentSize : 25 <-- 0.002675 s
currentSize : 26 <-- 0.520287 s
currentSize : 27 <-- 7.866142 s
currentSize : 28 <-- 8.221853 s

maxsize : 28
nodes : 405305245.000000
filtered : 3003328651.000000
time : 1717.898804
