Parameters: GAD=1 vflib=1 dir=1 label=1 lowerbound=1 fileNameGp=../graphsdb/mcs30/m3D/m3Dr4/mcs30_m3Dr4_s80.A08 fileNameGt=../graphsdb/mcs30/m3D/m3Dr4/mcs30_m3Dr4_s80.B08
Reading graphs...
80 : 216
80 : 216
Initializing...
maxdom : 8
D->valSize : 426
Solving...
Blb : 2 (clique : 27)
currentSize : 27 <-- 0.004177 s
currentSize : 28 <-- 0.004419 s
currentSize : 29 <-- 0.004551 s
currentSize : 30 <-- 0.004697 s
currentSize : 31 <-- 0.005118 s
currentSize : 32 <-- 0.006615 s
currentSize : 33 <-- 0.006821 s
currentSize : 34 <-- 0.015875 s
currentSize : 35 <-- 1067.368530 s
currentSize : 36 <-- 2902.697510 s
currentSize : 37 <-- 2902.724365 s
currentSize : 38 <-- 2902.724609 s

TIMEOUT
maxsize : 38
nodes : 613501907.000000
filtered : 7126103768.000000
time : 3600.000000
