Parameters: GAD=1 vflib=1 dir=1 label=1 lowerbound=1 fileNameGp=../graphsdb/mcs30/bvg/b06m/mcs30_b06m_s90.A66 fileNameGt=../graphsdb/mcs30/bvg/b06m/mcs30_b06m_s90.B66
Reading graphs...
90 : 270
90 : 270
Initializing...
maxdom : 9
D->valSize : 542
Solving...
Blb : 2 (clique : 24)
currentSize : 24 <-- 0.006325 s
currentSize : 25 <-- 0.007022 s
currentSize : 26 <-- 0.064386 s
currentSize : 27 <-- 0.088528 s
currentSize : 28 <-- 2.932713 s
currentSize : 29 <-- 1815.924194 s
currentSize : 30 <-- 1850.991699 s

TIMEOUT
maxsize : 30
nodes : 661852622.000000
filtered : 6610841866.000000
time : 3600.000000
