Parameters: GAD=1 vflib=1 dir=1 label=1 lowerbound=1 fileNameGp=../graphsdb/mcs30/m2D/m2Dr6/mcs30_m2Dr6_s70.A64 fileNameGt=../graphsdb/mcs30/m2D/m2Dr6/mcs30_m2Dr6_s70.B64
Reading graphs...
70 : 165
70 : 165
Initializing...
maxdom : 8
D->valSize : 336
Solving...
Blb : 5 (clique : 23)
currentSize : 23 <-- 0.004872 s
currentSize : 25 <-- 0.005132 s
currentSize : 26 <-- 0.010267 s
currentSize : 27 <-- 56.451221 s
currentSize : 28 <-- 104.175880 s
currentSize : 29 <-- 537.376770 s
currentSize : 30 <-- 1244.817871 s

TIMEOUT
maxsize : 30
nodes : 747049647.000000
filtered : 6383186021.000000
time : 3600.000000
