Parameters: GAD=1 vflib=1 dir=1 label=1 lowerbound=1 fileNameGp=../graphsdb/mcs30/rand/r02/mcs30_r02_s60.A29 fileNameGt=../graphsdb/mcs30/rand/r02/mcs30_r02_s60.B29
Reading graphs...
60 : 707
60 : 707
Initializing...
maxdom : 7
D->valSize : 235
Solving...
Blb : 5 (clique : 7)
currentSize : 7 <-- 0.002286 s
currentSize : 8 <-- 0.005152 s
currentSize : 10 <-- 0.006611 s
currentSize : 11 <-- 0.009681 s
currentSize : 12 <-- 0.016019 s
currentSize : 15 <-- 0.044079 s
currentSize : 18 <-- 0.044244 s

maxsize : 18
nodes : 10071.000000
filtered : 143813.000000
time : 0.077105
