Parameters: GAD=1 vflib=1 dir=1 label=1 lowerbound=1 fileNameGp=../graphsdb/mcs30/bvg/b09m/mcs30_b09m_s100.A04 fileNameGt=../graphsdb/mcs30/bvg/b09m/mcs30_b09m_s100.B04
Reading graphs...
100 : 450
100 : 450
Initializing...
maxdom : 7
D->valSize : 355
Solving...
Blb : 2 (clique : 24)
currentSize : 24 <-- 0.003553 s
currentSize : 25 <-- 0.003804 s
currentSize : 26 <-- 0.004962 s
currentSize : 27 <-- 0.006293 s
currentSize : 28 <-- 1.797452 s
currentSize : 29 <-- 33.966381 s
currentSize : 30 <-- 33.968296 s
currentSize : 31 <-- 33.985100 s
currentSize : 32 <-- 33.985409 s
currentSize : 33 <-- 1210.481079 s
currentSize : 34 <-- 1426.737183 s

TIMEOUT
maxsize : 34
nodes : 706669327.000000
filtered : 2856257252.000000
time : 3600.000000
