Parameters: GAD=1 vflib=1 dir=1 label=1 lowerbound=1 fileNameGp=../graphsdb/mcs30/bvg/b06m/mcs30_b06m_s25.A78 fileNameGt=../graphsdb/mcs30/bvg/b06m/mcs30_b06m_s25.B78
Reading graphs...
25 : 75
25 : 75
Initializing...
maxdom : 8
D->valSize : 161
Solving...
Blb : 2 (clique : 6)
currentSize : 6 <-- 0.001083 s
currentSize : 7 <-- 0.001155 s
currentSize : 8 <-- 0.001882 s
currentSize : 9 <-- 0.002938 s
currentSize : 10 <-- 0.006157 s

maxsize : 10
nodes : 5894.000000
filtered : 81698.000000
time : 0.020683
