Parameters: GAD=1 vflib=1 dir=1 label=1 lowerbound=1 fileNameGp=../graphsdb/mcs30/m2D/m2D/mcs30_m2D_s60.A58 fileNameGt=../graphsdb/mcs30/m2D/m2D/mcs30_m2D_s60.B58
Reading graphs...
60 : 104
60 : 104
Initializing...
maxdom : 10
D->valSize : 258
Solving...
Blb : 2 (clique : 21)
currentSize : 21 <-- 0.003069 s
currentSize : 22 <-- 0.007762 s
currentSize : 23 <-- 0.018471 s
currentSize : 24 <-- 0.475708 s
currentSize : 25 <-- 2.663280 s
currentSize : 26 <-- 2.675494 s

maxsize : 26
nodes : 61607632.000000
filtered : 523454812.000000
time : 271.952576
