Parameters: GAD=1 vflib=1 dir=1 label=1 lowerbound=1 fileNameGp=../graphsdb/mcs30/rand/r01/mcs30_r01_s100.A11 fileNameGt=../graphsdb/mcs30/rand/r01/mcs30_r01_s100.B11
Reading graphs...
100 : 989
100 : 989
Initializing...
maxdom : 10
D->valSize : 354
Solving...
Blb : 2 (clique : 13)
currentSize : 13 <-- 0.003409 s
currentSize : 14 <-- 0.005178 s
currentSize : 15 <-- 0.019959 s
currentSize : 16 <-- 0.124716 s
currentSize : 17 <-- 0.554852 s
currentSize : 18 <-- 0.589665 s
currentSize : 19 <-- 0.627725 s
currentSize : 20 <-- 0.629201 s
currentSize : 22 <-- 1.040888 s
currentSize : 23 <-- 1.044822 s
currentSize : 26 <-- 2.271851 s
currentSize : 27 <-- 3.290098 s
currentSize : 30 <-- 3.290360 s

maxsize : 30
nodes : 870844.000000
filtered : 9703239.000000
time : 5.486724
