Parameters: GAD=1 vflib=1 dir=1 label=1 lowerbound=1 fileNameGp=../graphsdb/mcs30/rand/r01/mcs30_r01_s60.A18 fileNameGt=../graphsdb/mcs30/rand/r01/mcs30_r01_s60.B18
Reading graphs...
60 : 353
60 : 353
Initializing...
maxdom : 7
D->valSize : 240
Solving...
Blb : 2 (clique : 12)
currentSize : 12 <-- 0.001654 s
currentSize : 13 <-- 0.001768 s
currentSize : 15 <-- 0.002136 s
currentSize : 17 <-- 0.002800 s
currentSize : 18 <-- 0.006417 s

maxsize : 18
nodes : 282458.000000
filtered : 3269997.000000
time : 1.415772
