Parameters: GAD=1 vflib=1 dir=1 label=1 lowerbound=1 fileNameGp=../graphsdb/mcs30/bvg/b06m/mcs30_b06m_s70.A89 fileNameGt=../graphsdb/mcs30/bvg/b06m/mcs30_b06m_s70.B89
Reading graphs...
70 : 210
70 : 210
Initializing...
maxdom : 8
D->valSize : 298
Solving...
Blb : 2 (clique : 21)
currentSize : 21 <-- 0.002637 s
currentSize : 22 <-- 5.746729 s
currentSize : 23 <-- 5.747594 s
currentSize : 24 <-- 26.524378 s
currentSize : 25 <-- 31.024908 s
currentSize : 26 <-- 37.302376 s
currentSize : 27 <-- 41.755989 s
currentSize : 28 <-- 75.381348 s

maxsize : 28
nodes : 19848001.000000
filtered : 208016874.000000
time : 100.284050
