Parameters: GAD=1 vflib=1 dir=1 label=1 lowerbound=1 fileNameGp=../graphsdb/mcs30/rand/r01/mcs30_r01_s70.A82 fileNameGt=../graphsdb/mcs30/rand/r01/mcs30_r01_s70.B82
Reading graphs...
70 : 482
70 : 482
Initializing...
maxdom : 7
D->valSize : 312
Solving...
Blb : 2 (clique : 16)
currentSize : 16 <-- 0.003730 s
currentSize : 17 <-- 1.790864 s
currentSize : 18 <-- 2.099822 s
currentSize : 19 <-- 3.673646 s
currentSize : 20 <-- 5.276654 s
currentSize : 21 <-- 5.502558 s

maxsize : 21
nodes : 1449324.000000
filtered : 18356205.000000
time : 7.694757
