Parameters: GAD=1 vflib=1 dir=1 label=1 lowerbound=1 fileNameGp=../graphsdb/mcs30/m3D/m3D/mcs30_m3D_s70.A16 fileNameGt=../graphsdb/mcs30/m3D/m3D/mcs30_m3D_s70.B16
Reading graphs...
70 : 159
70 : 159
Initializing...
maxdom : 9
D->valSize : 346
Solving...
Blb : 2 (clique : 23)
currentSize : 23 <-- 0.003079 s
currentSize : 24 <-- 0.046611 s
currentSize : 25 <-- 86.209633 s
currentSize : 26 <-- 243.316544 s
currentSize : 27 <-- 2191.614014 s
currentSize : 28 <-- 2196.744141 s
currentSize : 29 <-- 2196.861816 s

maxsize : 29
nodes : 678332528.000000
filtered : 6743657626.000000
time : 3360.860840
