Parameters: GAD=1 vflib=1 dir=1 label=1 lowerbound=1 fileNameGp=../graphsdb/mcs30/m2D/m2Dr2/mcs30_m2Dr2_s70.A87 fileNameGt=../graphsdb/mcs30/m2D/m2Dr2/mcs30_m2Dr2_s70.B87
Reading graphs...
70 : 137
70 : 137
Initializing...
maxdom : 8
D->valSize : 322
Solving...
Blb : 2 (clique : 25)
currentSize : 25 <-- 0.002783 s
currentSize : 26 <-- 0.003046 s
currentSize : 27 <-- 0.008839 s
currentSize : 28 <-- 0.082467 s
currentSize : 29 <-- 1.483520 s
currentSize : 30 <-- 1.483712 s
currentSize : 31 <-- 1.516535 s
currentSize : 32 <-- 1.540584 s

TIMEOUT
maxsize : 32
nodes : 776267100.000000
filtered : 6335579049.000000
time : 3600.000000
