Parameters: GAD=1 vflib=1 dir=1 label=1 lowerbound=1 fileNameGp=../graphsdb/mcs30/m3D/m3Dr6/mcs30_m3Dr6_s70.A69 fileNameGt=../graphsdb/mcs30/m3D/m3Dr6/mcs30_m3Dr6_s70.B69
Reading graphs...
70 : 200
70 : 197
Initializing...
maxdom : 8
D->valSize : 341
Solving...
Blb : 2 (clique : 21)
currentSize : 21 <-- 0.002774 s
currentSize : 23 <-- 0.002950 s
currentSize : 24 <-- 0.003105 s
currentSize : 25 <-- 0.004864 s
currentSize : 26 <-- 0.010012 s
currentSize : 28 <-- 0.011584 s
currentSize : 29 <-- 0.015926 s
currentSize : 30 <-- 0.018194 s
currentSize : 31 <-- 1.081618 s

maxsize : 31
nodes : 13257369.000000
filtered : 139826282.000000
time : 70.412758
