Parameters: GAD=1 vflib=1 dir=1 label=1 lowerbound=1 fileNameGp=../graphsdb/mcs30/bvg/b03m/mcs30_b03m_s60.A75 fileNameGt=../graphsdb/mcs30/bvg/b03m/mcs30_b03m_s60.B75
Reading graphs...
60 : 90
60 : 90
Initializing...
maxdom : 7
D->valSize : 224
Solving...
Blb : 3 (clique : 22)
currentSize : 22 <-- 0.002536 s
currentSize : 24 <-- 0.002725 s
currentSize : 25 <-- 0.002885 s
currentSize : 26 <-- 0.940896 s
currentSize : 27 <-- 2.105299 s
currentSize : 28 <-- 7.553742 s

maxsize : 28
nodes : 33937803.000000
filtered : 229497493.000000
time : 145.375641
