Parameters: GAD=1 vflib=1 dir=1 label=1 lowerbound=1 fileNameGp=../graphsdb/mcs30/bvg/b03m/mcs30_b03m_s40.A40 fileNameGt=../graphsdb/mcs30/bvg/b03m/mcs30_b03m_s40.B40
Reading graphs...
40 : 60
40 : 60
Initializing...
maxdom : 10
D->valSize : 217
Solving...
Blb : 2 (clique : 14)
currentSize : 14 <-- 0.001989 s
currentSize : 15 <-- 0.002168 s
currentSize : 18 <-- 0.002402 s
currentSize : 19 <-- 0.003111 s
currentSize : 20 <-- 0.121936 s
currentSize : 21 <-- 1.442972 s

maxsize : 21
nodes : 646952.000000
filtered : 4193401.000000
time : 2.363859
