Parameters: GAD=1 vflib=1 dir=1 label=1 lowerbound=1 fileNameGp=../graphsdb/mcs30/bvg/b03m/mcs30_b03m_s100.A66 fileNameGt=../graphsdb/mcs30/bvg/b03m/mcs30_b03m_s100.B66
Reading graphs...
100 : 150
100 : 150
Initializing...
maxdom : 7
D->valSize : 342
Solving...
Blb : 2 (clique : 38)
currentSize : 38 <-- 0.003647 s
currentSize : 39 <-- 0.106339 s
currentSize : 40 <-- 2.050287 s
currentSize : 41 <-- 2.467121 s
currentSize : 42 <-- 2.551842 s
currentSize : 43 <-- 33.896553 s
currentSize : 44 <-- 33.927120 s

TIMEOUT
maxsize : 44
nodes : 759872675.000000
filtered : 2648863248.000000
time : 3600.000000
