Parameters: GAD=1 vflib=1 dir=1 label=1 lowerbound=1 fileNameGp=../graphsdb/mcs30/rand/r005/mcs30_r005_s50.A43 fileNameGt=../graphsdb/mcs30/rand/r005/mcs30_r005_s50.B43
Reading graphs...
50 : 126
50 : 126
Initializing...
maxdom : 9
D->valSize : 323
Solving...
Blb : 2 (clique : 15)
currentSize : 15 <-- 0.002243 s
currentSize : 16 <-- 0.002350 s
currentSize : 17 <-- 0.024131 s
currentSize : 18 <-- 0.024196 s
currentSize : 19 <-- 3.197015 s
currentSize : 20 <-- 23.603279 s

maxsize : 20
nodes : 542295985.000000
filtered : 6414631990.000000
time : 2417.648682
