Parameters: GAD=1 vflib=1 dir=1 label=1 lowerbound=1 fileNameGp=../graphsdb/mcs30/m4D/m4Dr4/mcs30_m4Dr4_s60.A37 fileNameGt=../graphsdb/mcs30/m4D/m4Dr4/mcs30_m4Dr4_s60.B37
Reading graphs...
60 : 126
60 : 126
Initializing...
maxdom : 8
D->valSize : 266
Solving...
Blb : 3 (clique : 20)
currentSize : 20 <-- 0.002041 s
currentSize : 21 <-- 0.005580 s
currentSize : 22 <-- 0.008530 s
currentSize : 23 <-- 0.031421 s
currentSize : 24 <-- 1.939830 s
currentSize : 25 <-- 113.839577 s
currentSize : 26 <-- 114.104683 s
currentSize : 27 <-- 235.689651 s

maxsize : 27
nodes : 62155056.000000
filtered : 493510627.000000
time : 263.429901
