Parameters: GAD=1 vflib=1 dir=1 label=1 lowerbound=1 fileNameGp=../graphsdb/mcs30/m2D/m2D/mcs30_m2D_s50.A83 fileNameGt=../graphsdb/mcs30/m2D/m2D/mcs30_m2D_s50.B83
Reading graphs...
50 : 85
50 : 85
Initializing...
maxdom : 10
D->valSize : 310
Solving...
Blb : 2 (clique : 18)
currentSize : 18 <-- 0.003580 s
currentSize : 19 <-- 0.003857 s
currentSize : 20 <-- 0.004397 s
currentSize : 21 <-- 0.148197 s
currentSize : 22 <-- 5.231087 s
currentSize : 23 <-- 55.999454 s
currentSize : 24 <-- 59.108120 s
currentSize : 25 <-- 326.692505 s

maxsize : 25
nodes : 105822977.000000
filtered : 1064261075.000000
time : 458.009277
