Parameters: GAD=1 vflib=1 dir=1 label=1 lowerbound=1 fileNameGp=../graphsdb/mcs30/bvg/b06/mcs30_b06_s90.A88 fileNameGt=../graphsdb/mcs30/bvg/b06/mcs30_b06_s90.B88
Reading graphs...
90 : 270
90 : 270
Initializing...
maxdom : 9
D->valSize : 518
Solving...
Blb : 3 (clique : 27)
currentSize : 27 <-- 0.009623 s
currentSize : 28 <-- 0.010024 s
currentSize : 29 <-- 0.010414 s
currentSize : 30 <-- 0.015314 s
currentSize : 31 <-- 224.558685 s
currentSize : 32 <-- 1176.556274 s

TIMEOUT
maxsize : 32
nodes : 654362455.000000
filtered : 5926490070.000000
time : 3600.000000
