Parameters: GAD=1 vflib=1 dir=1 label=1 lowerbound=1 fileNameGp=../graphsdb/mcs30/m3D/m3Dr2/mcs30_m3Dr2_s70.A36 fileNameGt=../graphsdb/mcs30/m3D/m3Dr2/mcs30_m3Dr2_s70.B36
Reading graphs...
70 : 173
70 : 173
Initializing...
maxdom : 9
D->valSize : 340
Solving...
Blb : 5 (clique : 23)
currentSize : 23 <-- 0.002888 s
currentSize : 24 <-- 2.525684 s
currentSize : 25 <-- 12.699483 s
currentSize : 26 <-- 32.347965 s
currentSize : 27 <-- 71.616302 s
currentSize : 28 <-- 325.193207 s
currentSize : 29 <-- 1018.287659 s
currentSize : 30 <-- 1738.221313 s
currentSize : 31 <-- 2263.769775 s

maxsize : 31
nodes : 519372140.000000
filtered : 5650662049.000000
time : 2671.853760
