Parameters: GAD=1 vflib=1 dir=1 label=1 lowerbound=1 fileNameGp=../graphsdb/mcs30/m4D/m4Dr2/mcs30_m4Dr2_s60.A23 fileNameGt=../graphsdb/mcs30/m4D/m4Dr2/mcs30_m4Dr2_s60.B23
Reading graphs...
60 : 114
60 : 114
Initializing...
maxdom : 8
D->valSize : 239
Solving...
Blb : 3 (clique : 19)
currentSize : 19 <-- 0.001867 s
currentSize : 20 <-- 0.002011 s
currentSize : 21 <-- 0.002171 s
currentSize : 22 <-- 1.862444 s
currentSize : 23 <-- 1.885782 s
currentSize : 24 <-- 4.178521 s
currentSize : 25 <-- 349.318909 s
currentSize : 26 <-- 2746.486572 s
currentSize : 27 <-- 2746.486816 s

maxsize : 27
nodes : 737491841.000000
filtered : 4869946801.000000
time : 2960.479980
