Parameters: GAD=1 vflib=1 dir=1 label=1 lowerbound=1 fileNameGp=../graphsdb/mcs30/m4D/m4Dr2/mcs30_m4Dr2_s70.A32 fileNameGt=../graphsdb/mcs30/m4D/m4Dr2/mcs30_m4Dr2_s70.B32
Reading graphs...
70 : 132
70 : 132
Initializing...
maxdom : 7
D->valSize : 330
Solving...
Blb : 2 (clique : 26)
currentSize : 26 <-- 0.003133 s
currentSize : 27 <-- 0.175414 s
currentSize : 28 <-- 1.224829 s
currentSize : 29 <-- 5.797361 s
currentSize : 30 <-- 19.755020 s
currentSize : 31 <-- 1213.573486 s

TIMEOUT
maxsize : 31
nodes : 852162345.000000
filtered : 6509596679.000000
time : 3600.000000
