Parameters: GAD=1 vflib=1 dir=1 label=1 lowerbound=1 fileNameGp=../graphsdb/mcs30/bvg/b06m/mcs30_b06m_s100.A56 fileNameGt=../graphsdb/mcs30/bvg/b06m/mcs30_b06m_s100.B56
Reading graphs...
100 : 300
100 : 300
Initializing...
maxdom : 6
D->valSize : 329
Solving...
Blb : 5 (clique : 29)
currentSize : 29 <-- 0.003399 s
currentSize : 30 <-- 0.004093 s
currentSize : 31 <-- 0.007146 s
currentSize : 32 <-- 0.014042 s
currentSize : 33 <-- 1.603049 s
currentSize : 34 <-- 9.852127 s
currentSize : 35 <-- 11.545665 s
currentSize : 36 <-- 12.596469 s
currentSize : 37 <-- 38.597244 s
currentSize : 38 <-- 86.619194 s

TIMEOUT
maxsize : 38
nodes : 680606432.000000
filtered : 2981268755.000000
time : 3600.000000
