Parameters: GAD=1 vflib=1 dir=1 label=1 lowerbound=1 fileNameGp=../graphsdb/mcs30/m3D/m3Dr4/mcs30_m3Dr4_s80.A02 fileNameGt=../graphsdb/mcs30/m3D/m3Dr4/mcs30_m3Dr4_s80.B02
Reading graphs...
80 : 216
80 : 215
Initializing...
maxdom : 10
D->valSize : 429
Solving...
Blb : 2 (clique : 27)
currentSize : 27 <-- 0.004199 s
currentSize : 28 <-- 0.004472 s
currentSize : 29 <-- 0.005128 s
currentSize : 30 <-- 0.014592 s
currentSize : 31 <-- 5.979668 s
currentSize : 32 <-- 7.335245 s
currentSize : 33 <-- 10.318295 s
currentSize : 34 <-- 1204.324707 s

TIMEOUT
maxsize : 34
nodes : 647654921.000000
filtered : 6993451725.000000
time : 3600.000000
