Parameters: GAD=1 vflib=1 dir=1 label=1 lowerbound=1 fileNameGp=../graphsdb/mcs30/rand/r005/mcs30_r005_s40.A36 fileNameGt=../graphsdb/mcs30/rand/r005/mcs30_r005_s40.B36
Reading graphs...
40 : 83
40 : 83
Initializing...
maxdom : 7
D->valSize : 203
Solving...
Blb : 2 (clique : 13)
currentSize : 13 <-- 0.001117 s
currentSize : 14 <-- 0.002031 s
currentSize : 15 <-- 0.199121 s
currentSize : 16 <-- 0.472528 s
currentSize : 17 <-- 0.712332 s

maxsize : 17
nodes : 2530358.000000
filtered : 24296478.000000
time : 10.155417
