Parameters: GAD=1 vflib=1 dir=1 label=1 lowerbound=1 fileNameGp=../graphsdb/mcs30/m3D/m3D/mcs30_m3D_s70.A78 fileNameGt=../graphsdb/mcs30/m3D/m3D/mcs30_m3D_s70.B78
Reading graphs...
70 : 159
70 : 159
Initializing...
maxdom : 9
D->valSize : 358
Solving...
Blb : 2 (clique : 30)
currentSize : 30 <-- 0.003159 s
currentSize : 31 <-- 0.003843 s
currentSize : 32 <-- 0.014930 s
currentSize : 33 <-- 1.369533 s
currentSize : 34 <-- 1.397311 s
currentSize : 35 <-- 2.062641 s

maxsize : 35
nodes : 105957860.000000
filtered : 1315887515.000000
time : 608.093933
