Parameters: GAD=1 vflib=1 dir=1 label=1 lowerbound=1 fileNameGp=../graphsdb/mcs30/m2D/m2Dr6/mcs30_m2Dr6_s100.A17 fileNameGt=../graphsdb/mcs30/m2D/m2Dr6/mcs30_m2Dr6_s100.B17
Reading graphs...
100 : 240
100 : 240
Initializing...
maxdom : 6
D->valSize : 331
Solving...
Blb : 2 (clique : 31)
currentSize : 31 <-- 0.003407 s
currentSize : 32 <-- 0.010269 s
currentSize : 33 <-- 0.013642 s
currentSize : 34 <-- 0.059431 s
currentSize : 35 <-- 0.511955 s
currentSize : 36 <-- 0.612475 s
currentSize : 37 <-- 1.730095 s
currentSize : 38 <-- 2.184200 s
currentSize : 39 <-- 26.660460 s

TIMEOUT
maxsize : 39
nodes : 653418126.000000
filtered : 3819307946.000000
time : 3600.000000
