Parameters: GAD=1 vflib=1 dir=1 label=1 lowerbound=1 fileNameGp=../graphsdb/mcs30/rand/r01/mcs30_r01_s60.A90 fileNameGt=../graphsdb/mcs30/rand/r01/mcs30_r01_s60.B90
Reading graphs...
60 : 353
60 : 353
Initializing...
maxdom : 6
D->valSize : 224
Solving...
Blb : 2 (clique : 12)
currentSize : 12 <-- 0.001929 s
currentSize : 13 <-- 0.002255 s
currentSize : 14 <-- 0.046646 s
currentSize : 15 <-- 0.055990 s
currentSize : 16 <-- 0.955814 s
currentSize : 17 <-- 0.966256 s
currentSize : 18 <-- 0.966571 s

maxsize : 18
nodes : 527499.000000
filtered : 4751470.000000
time : 2.406817
