Parameters: GAD=1 vflib=1 dir=1 label=1 lowerbound=1 fileNameGp=../graphsdb/mcs30/m3D/m3Dr4/mcs30_m3Dr4_s90.A17 fileNameGt=../graphsdb/mcs30/m3D/m3Dr4/mcs30_m3Dr4_s90.B17
Reading graphs...
90 : 245
90 : 243
Initializing...
maxdom : 8
D->valSize : 519
Solving...
Blb : 2 (clique : 26)
currentSize : 26 <-- 0.006022 s
currentSize : 31 <-- 0.006250 s
currentSize : 32 <-- 0.006353 s
currentSize : 33 <-- 0.006484 s
currentSize : 34 <-- 0.010212 s
currentSize : 35 <-- 0.010522 s

TIMEOUT
maxsize : 35
nodes : 658254389.000000
filtered : 5552721441.000000
time : 3600.000000
