Parameters: GAD=1 vflib=1 dir=1 label=1 lowerbound=1 fileNameGp=../graphsdb/mcs30/bvg/b09/mcs30_b09_s90.A60 fileNameGt=../graphsdb/mcs30/bvg/b09/mcs30_b09_s90.B60
Reading graphs...
90 : 405
90 : 405
Initializing...
maxdom : 10
D->valSize : 528
Solving...
Blb : 2 (clique : 23)
currentSize : 23 <-- 0.005846 s
currentSize : 24 <-- 0.006055 s
currentSize : 25 <-- 0.006293 s
currentSize : 26 <-- 0.006384 s
currentSize : 27 <-- 0.050831 s
currentSize : 28 <-- 0.932336 s
currentSize : 29 <-- 1.307509 s
currentSize : 30 <-- 1.308072 s

TIMEOUT
maxsize : 30
nodes : 630885389.000000
filtered : 6745583881.000000
time : 3600.000000
