Parameters: GAD=1 vflib=1 dir=1 label=1 lowerbound=1 fileNameGp=../graphsdb/mcs30/m4D/m4Dr4/mcs30_m4Dr4_s70.A99 fileNameGt=../graphsdb/mcs30/m4D/m4Dr4/mcs30_m4Dr4_s70.B99
Reading graphs...
70 : 146
70 : 145
Initializing...
maxdom : 8
D->valSize : 313
Solving...
Blb : 3 (clique : 22)
currentSize : 22 <-- 0.004143 s
currentSize : 24 <-- 0.007047 s
currentSize : 25 <-- 1.584486 s
currentSize : 26 <-- 46.879871 s
currentSize : 27 <-- 558.458984 s
currentSize : 28 <-- 750.078735 s
currentSize : 29 <-- 2124.969971 s

TIMEOUT
maxsize : 29
nodes : 751048201.000000
filtered : 6424396569.000000
time : 3600.000000
