Parameters: GAD=1 vflib=1 dir=1 label=1 lowerbound=1 fileNameGp=../graphsdb/mcs30/bvg/b06/mcs30_b06_s100.A48 fileNameGt=../graphsdb/mcs30/bvg/b06/mcs30_b06_s100.B48
Reading graphs...
100 : 300
100 : 300
Initializing...
maxdom : 8
D->valSize : 338
Solving...
Blb : 2 (clique : 30)
currentSize : 30 <-- 0.003445 s
currentSize : 31 <-- 0.009213 s
currentSize : 32 <-- 0.027876 s
currentSize : 33 <-- 0.372923 s
currentSize : 34 <-- 93.683807 s
currentSize : 35 <-- 106.744476 s
currentSize : 36 <-- 267.596863 s

TIMEOUT
maxsize : 36
nodes : 651093328.000000
filtered : 3825558497.000000
time : 3600.000000
