Parameters: GAD=1 vflib=1 dir=1 label=1 lowerbound=1 fileNameGp=../graphsdb/mcs30/rand/r01/mcs30_r01_s90.A71 fileNameGt=../graphsdb/mcs30/rand/r01/mcs30_r01_s90.B71
Reading graphs...
90 : 800
90 : 800
Initializing...
maxdom : 12
D->valSize : 548
Solving...
Blb : 5 (clique : 12)
currentSize : 12 <-- 0.006079 s
currentSize : 13 <-- 0.006214 s
currentSize : 14 <-- 0.006284 s
currentSize : 15 <-- 0.006761 s
currentSize : 16 <-- 0.515715 s
currentSize : 17 <-- 1.366983 s
currentSize : 18 <-- 1.367041 s
currentSize : 19 <-- 14.747704 s
currentSize : 20 <-- 16.440336 s
currentSize : 21 <-- 20.465143 s
currentSize : 23 <-- 21.367428 s
currentSize : 24 <-- 26.927464 s
currentSize : 27 <-- 26.927565 s

maxsize : 27
nodes : 7600238.000000
filtered : 164736175.000000
time : 50.856880
