Parameters: GAD=1 vflib=1 dir=1 label=1 lowerbound=1 fileNameGp=../graphsdb/mcs30/bvg/b09/mcs30_b09_s70.A12 fileNameGt=../graphsdb/mcs30/bvg/b09/mcs30_b09_s70.B12
Reading graphs...
70 : 315
70 : 315
Initializing...
maxdom : 11
D->valSize : 330
Solving...
Blb : 3 (clique : 17)
currentSize : 17 <-- 0.002665 s
currentSize : 18 <-- 0.848783 s
currentSize : 19 <-- 134.316895 s
currentSize : 20 <-- 231.319061 s
currentSize : 22 <-- 231.319199 s
currentSize : 24 <-- 231.725967 s

maxsize : 24
nodes : 57655583.000000
filtered : 515319429.000000
time : 265.821045
