Parameters: GAD=1 vflib=1 dir=1 label=1 lowerbound=1 fileNameGp=../graphsdb/mcs30/m4D/m4Dr6/mcs30_m4Dr6_s60.A57 fileNameGt=../graphsdb/mcs30/m4D/m4Dr6/mcs30_m4Dr6_s60.B57
Reading graphs...
60 : 137
60 : 137
Initializing...
maxdom : 6
D->valSize : 238
Solving...
Blb : 3 (clique : 19)
currentSize : 19 <-- 0.001702 s
currentSize : 20 <-- 0.205879 s
currentSize : 21 <-- 13.762336 s
currentSize : 22 <-- 21.025768 s
currentSize : 23 <-- 21.026968 s
currentSize : 24 <-- 21.222095 s

maxsize : 24
nodes : 24769716.000000
filtered : 203477994.000000
time : 114.060295
