Parameters: GAD=1 vflib=1 dir=1 label=1 lowerbound=1 fileNameGp=../graphsdb/mcs30/bvg/b09m/mcs30_b09m_s70.A12 fileNameGt=../graphsdb/mcs30/bvg/b09m/mcs30_b09m_s70.B12
Reading graphs...
70 : 315
70 : 315
Initializing...
maxdom : 10
D->valSize : 361
Solving...
Blb : 2 (clique : 15)
currentSize : 15 <-- 0.002991 s
currentSize : 16 <-- 0.003539 s
currentSize : 17 <-- 0.017388 s
currentSize : 18 <-- 0.074696 s
currentSize : 19 <-- 0.555980 s
currentSize : 20 <-- 2.857877 s
currentSize : 21 <-- 12.515338 s
currentSize : 22 <-- 14.275335 s
currentSize : 23 <-- 14.282313 s
currentSize : 24 <-- 24.388889 s

maxsize : 24
nodes : 10462246.000000
filtered : 140887346.000000
time : 54.996609
