Parameters: GAD=1 vflib=1 dir=1 label=1 lowerbound=1 fileNameGp=../graphsdb/mcs30/bvg/b09m/mcs30_b09m_s40.A45 fileNameGt=../graphsdb/mcs30/bvg/b09m/mcs30_b09m_s40.B45
Reading graphs...
40 : 180
40 : 180
Initializing...
maxdom : 8
D->valSize : 196
Solving...
Blb : 3 (clique : 11)
currentSize : 11 <-- 0.001648 s
currentSize : 12 <-- 0.017132 s
currentSize : 13 <-- 0.032007 s
currentSize : 14 <-- 0.032314 s
currentSize : 15 <-- 0.061283 s

maxsize : 15
nodes : 23519.000000
filtered : 309920.000000
time : 0.117795
