Parameters: GAD=1 vflib=1 dir=1 label=1 lowerbound=1 fileNameGp=../graphsdb/mcs30/m4D/m4Dr2/mcs30_m4Dr2_s70.A43 fileNameGt=../graphsdb/mcs30/m4D/m4Dr2/mcs30_m4Dr2_s70.B43
Reading graphs...
70 : 132
70 : 131
Initializing...
maxdom : 8
D->valSize : 328
Solving...
Blb : 5 (clique : 25)
currentSize : 25 <-- 0.002980 s
currentSize : 26 <-- 5.827775 s
currentSize : 27 <-- 20.798477 s
currentSize : 28 <-- 285.084747 s
currentSize : 29 <-- 882.591980 s
currentSize : 30 <-- 3494.514648 s

TIMEOUT
maxsize : 30
nodes : 788256934.000000
filtered : 4625484130.000000
time : 3600.000000
