Parameters: GAD=1 vflib=1 dir=1 label=1 lowerbound=1 fileNameGp=../graphsdb/mcs30/m4D/m4Dr6/mcs30_m4Dr6_s50.A66 fileNameGt=../graphsdb/mcs30/m4D/m4Dr6/mcs30_m4Dr6_s50.B66
Reading graphs...
50 : 117
50 : 117
Initializing...
maxdom : 11
D->valSize : 332
Solving...
Blb : 3 (clique : 18)
currentSize : 18 <-- 0.002430 s
currentSize : 19 <-- 0.002908 s
currentSize : 20 <-- 11.457575 s
currentSize : 21 <-- 86.031837 s
currentSize : 22 <-- 86.031906 s
currentSize : 23 <-- 86.031952 s
currentSize : 24 <-- 96.991722 s

maxsize : 24
nodes : 29775720.000000
filtered : 333048048.000000
time : 126.334885
