Parameters: GAD=1 vflib=1 dir=1 label=1 lowerbound=1 fileNameGp=../graphsdb/mcs30/bvg/b03m/mcs30_b03m_s40.A64 fileNameGt=../graphsdb/mcs30/bvg/b03m/mcs30_b03m_s40.B64
Reading graphs...
40 : 60
40 : 60
Initializing...
maxdom : 7
D->valSize : 196
Solving...
Blb : 2 (clique : 16)
currentSize : 16 <-- 0.001181 s
currentSize : 17 <-- 0.001277 s
currentSize : 18 <-- 0.001374 s
currentSize : 19 <-- 1.079271 s
currentSize : 20 <-- 2.832054 s

maxsize : 20
nodes : 5231021.000000
filtered : 50380256.000000
time : 23.598692
