Parameters: GAD=1 vflib=1 dir=1 label=1 lowerbound=1 fileNameGp=../graphsdb/mcs30/m4D/m4Dr6/mcs30_m4Dr6_s70.A70 fileNameGt=../graphsdb/mcs30/m4D/m4Dr6/mcs30_m4Dr6_s70.B70
Reading graphs...
70 : 160
70 : 160
Initializing...
maxdom : 8
D->valSize : 322
Solving...
Blb : 3 (clique : 22)
currentSize : 22 <-- 0.002791 s
currentSize : 23 <-- 0.010412 s
currentSize : 24 <-- 0.885256 s
currentSize : 25 <-- 2.302183 s
currentSize : 26 <-- 82.870247 s
currentSize : 27 <-- 886.762939 s
currentSize : 28 <-- 1038.760742 s
currentSize : 29 <-- 1631.200806 s
currentSize : 30 <-- 3089.442871 s

maxsize : 30
nodes : 682830500.000000
filtered : 6758971768.000000
time : 3238.642090
