Parameters: GAD=1 vflib=1 dir=1 label=1 lowerbound=1 fileNameGp=../graphsdb/mcs30/m2D/m2Dr4/mcs30_m2Dr4_s70.A43 fileNameGt=../graphsdb/mcs30/m2D/m2Dr4/mcs30_m2Dr4_s70.B43
Reading graphs...
70 : 151
70 : 149
Initializing...
maxdom : 9
D->valSize : 321
Solving...
Blb : 2 (clique : 23)
currentSize : 23 <-- 0.002855 s
currentSize : 24 <-- 0.003442 s
currentSize : 25 <-- 4.162265 s
currentSize : 26 <-- 7.209071 s
currentSize : 27 <-- 24.581097 s
currentSize : 28 <-- 24.685789 s
currentSize : 29 <-- 191.536880 s
currentSize : 30 <-- 1352.916626 s
currentSize : 31 <-- 1352.916748 s
currentSize : 32 <-- 2328.654785 s
currentSize : 33 <-- 2328.661133 s

maxsize : 33
nodes : 614087208.000000
filtered : 5728253294.000000
time : 3115.430176
