Parameters: GAD=1 vflib=1 dir=1 label=1 lowerbound=1 fileNameGp=../graphsdb/mcs30/m4D/m4Dr2/mcs30_m4Dr2_s80.A87 fileNameGt=../graphsdb/mcs30/m4D/m4Dr2/mcs30_m4Dr2_s80.B87
Reading graphs...
80 : 147
80 : 146
Initializing...
maxdom : 9
D->valSize : 388
Solving...
Blb : 2 (clique : 25)
currentSize : 25 <-- 0.006380 s
currentSize : 26 <-- 0.006825 s
currentSize : 27 <-- 0.015849 s
currentSize : 28 <-- 0.874385 s
currentSize : 29 <-- 100.379517 s
currentSize : 30 <-- 100.874794 s
currentSize : 31 <-- 101.236290 s

TIMEOUT
maxsize : 31
nodes : 596703478.000000
filtered : 4949305916.000000
time : 3600.000000
