Parameters: GAD=1 vflib=1 dir=1 label=1 lowerbound=1 fileNameGp=../graphsdb/mcs30/bvg/b06m/mcs30_b06m_s90.A34 fileNameGt=../graphsdb/mcs30/bvg/b06m/mcs30_b06m_s90.B34
Reading graphs...
90 : 270
90 : 270
Initializing...
maxdom : 9
D->valSize : 523
Solving...
Blb : 2 (clique : 31)
currentSize : 31 <-- 0.009778 s
currentSize : 33 <-- 0.010196 s
currentSize : 34 <-- 0.011800 s
currentSize : 35 <-- 0.029132 s
currentSize : 36 <-- 0.029359 s
currentSize : 37 <-- 0.102109 s

TIMEOUT
maxsize : 37
nodes : 612627377.000000
filtered : 7245738081.000000
time : 3600.000000
