Parameters: GAD=1 vflib=1 dir=1 label=1 lowerbound=1 fileNameGp=../graphsdb/mcs30/bvg/b09/mcs30_b09_s80.A12 fileNameGt=../graphsdb/mcs30/bvg/b09/mcs30_b09_s80.B12
Reading graphs...
80 : 360
80 : 360
Initializing...
maxdom : 10
D->valSize : 437
Solving...
Blb : 3 (clique : 20)
currentSize : 20 <-- 0.004200 s
currentSize : 21 <-- 0.006089 s
currentSize : 22 <-- 1.514732 s
currentSize : 23 <-- 360.175507 s
currentSize : 24 <-- 360.180023 s
currentSize : 25 <-- 374.721710 s
currentSize : 26 <-- 855.912354 s
currentSize : 27 <-- 855.927673 s

maxsize : 27
nodes : 235268232.000000
filtered : 3201195687.000000
time : 1313.288208
