Parameters: GAD=1 vflib=1 dir=1 label=1 lowerbound=1 fileNameGp=../graphsdb/mcs30/m4D/m4Dr4/mcs30_m4Dr4_s90.A51 fileNameGt=../graphsdb/mcs30/m4D/m4Dr4/mcs30_m4Dr4_s90.B51
Reading graphs...
90 : 182
90 : 181
Initializing...
maxdom : 11
D->valSize : 510
Solving...
Blb : 2 (clique : 28)
currentSize : 28 <-- 0.005851 s
currentSize : 29 <-- 0.006095 s
currentSize : 30 <-- 0.006180 s
currentSize : 31 <-- 0.018494 s
currentSize : 32 <-- 0.671919 s
currentSize : 33 <-- 50.216427 s

TIMEOUT
maxsize : 33
nodes : 662063953.000000
filtered : 4891300483.000000
time : 3600.000000
