Parameters: GAD=1 vflib=1 dir=1 label=1 lowerbound=1 fileNameGp=../graphsdb/mcs30/bvg/b09m/mcs30_b09m_s40.A65 fileNameGt=../graphsdb/mcs30/bvg/b09m/mcs30_b09m_s40.B65
Reading graphs...
40 : 180
40 : 180
Initializing...
maxdom : 8
D->valSize : 214
Solving...
Blb : 2 (clique : 9)
currentSize : 9 <-- 0.001198 s
currentSize : 10 <-- 0.001275 s
currentSize : 11 <-- 0.009045 s
currentSize : 12 <-- 0.009092 s
currentSize : 13 <-- 0.023331 s
currentSize : 14 <-- 0.103233 s

maxsize : 14
nodes : 48478.000000
filtered : 611248.000000
time : 0.190250
