Parameters: GAD=1 vflib=1 dir=1 label=1 lowerbound=1 fileNameGp=../graphsdb/mcs30/bvg/b06m/mcs30_b06m_s70.A06 fileNameGt=../graphsdb/mcs30/bvg/b06m/mcs30_b06m_s70.B06
Reading graphs...
70 : 210
70 : 210
Initializing...
maxdom : 8
D->valSize : 349
Solving...
Blb : 2 (clique : 21)
currentSize : 21 <-- 0.002992 s
currentSize : 23 <-- 0.003244 s
currentSize : 24 <-- 0.025546 s
currentSize : 25 <-- 26.120468 s
currentSize : 26 <-- 770.006897 s
currentSize : 27 <-- 1417.057007 s

maxsize : 27
nodes : 679175220.000000
filtered : 8247392590.000000
time : 3577.544434
