Parameters: GAD=1 vflib=1 dir=1 label=1 lowerbound=1 fileNameGp=../graphsdb/mcs30/m2D/m2Dr6/mcs30_m2Dr6_s60.A11 fileNameGt=../graphsdb/mcs30/m2D/m2Dr6/mcs30_m2Dr6_s60.B11
Reading graphs...
60 : 140
60 : 138
Initializing...
maxdom : 6
D->valSize : 239
Solving...
Blb : 3 (clique : 19)
currentSize : 19 <-- 0.001916 s
currentSize : 20 <-- 0.006181 s
currentSize : 21 <-- 0.031731 s
currentSize : 22 <-- 0.146875 s
currentSize : 23 <-- 0.584291 s
currentSize : 24 <-- 62.781891 s

maxsize : 24
nodes : 194675860.000000
filtered : 1536374833.000000
time : 862.307800
