Parameters: GAD=1 vflib=1 dir=1 label=1 lowerbound=1 fileNameGp=../graphsdb/mcs30/rand/r02/mcs30_r02_s35.A72 fileNameGt=../graphsdb/mcs30/rand/r02/mcs30_r02_s35.B72
Reading graphs...
35 : 237
35 : 237
Initializing...
maxdom : 6
D->valSize : 167
Solving...
Blb : 3 (clique : 6)
currentSize : 6 <-- 0.000880 s
currentSize : 7 <-- 0.001052 s
currentSize : 8 <-- 0.001272 s
currentSize : 9 <-- 0.008225 s
currentSize : 10 <-- 0.008261 s

maxsize : 10
nodes : 5982.000000
filtered : 75728.000000
time : 0.021470
