Parameters: GAD=1 vflib=1 dir=1 label=1 lowerbound=1 fileNameGp=../graphsdb/mcs30/m3D/m3Dr6/mcs30_m3Dr6_s80.A81 fileNameGt=../graphsdb/mcs30/m3D/m3Dr6/mcs30_m3Dr6_s80.B81
Reading graphs...
80 : 232
80 : 231
Initializing...
maxdom : 13
D->valSize : 433
Solving...
Blb : 2 (clique : 21)
currentSize : 21 <-- 0.004017 s
currentSize : 22 <-- 0.004213 s
currentSize : 23 <-- 0.004450 s
currentSize : 24 <-- 0.016595 s
currentSize : 25 <-- 1.200191 s
currentSize : 26 <-- 207.032608 s
currentSize : 27 <-- 212.323700 s
currentSize : 28 <-- 273.628113 s
currentSize : 29 <-- 3233.867432 s

TIMEOUT
maxsize : 29
nodes : 687795890.000000
filtered : 6862689863.000000
time : 3600.000000
