Parameters: GAD=1 vflib=1 dir=1 label=1 lowerbound=1 fileNameGp=../graphsdb/mcs30/bvg/b03m/mcs30_b03m_s20.A46 fileNameGt=../graphsdb/mcs30/bvg/b03m/mcs30_b03m_s20.B46
Reading graphs...
20 : 30
20 : 29
Initializing...
maxdom : 6
D->valSize : 100
Solving...
Blb : 2 (clique : 8)
currentSize : 8 <-- 0.000658 s
currentSize : 9 <-- 0.000888 s
currentSize : 10 <-- 0.001129 s
currentSize : 11 <-- 0.002542 s
currentSize : 12 <-- 0.002565 s

maxsize : 12
nodes : 703.000000
filtered : 6470.000000
time : 0.003733
