Parameters: GAD=1 vflib=1 dir=1 label=1 lowerbound=1 fileNameGp=../graphsdb/mcs30/m2D/m2D/mcs30_m2D_s90.A92 fileNameGt=../graphsdb/mcs30/m2D/m2D/mcs30_m2D_s90.B92
Reading graphs...
90 : 161
90 : 161
Initializing...
maxdom : 10
D->valSize : 535
Solving...
Blb : 2 (clique : 33)
currentSize : 33 <-- 0.007709 s
currentSize : 35 <-- 0.007969 s
currentSize : 36 <-- 0.009562 s
currentSize : 37 <-- 0.255671 s
currentSize : 38 <-- 2.717676 s
currentSize : 39 <-- 363.842163 s

TIMEOUT
maxsize : 39
nodes : 720185525.000000
filtered : 3863009736.000000
time : 3600.000000
