Parameters: GAD=1 vflib=1 dir=1 label=1 lowerbound=1 fileNameGp=../graphsdb/mcs30/m2D/m2Dr4/mcs30_m2Dr4_s70.A34 fileNameGt=../graphsdb/mcs30/m2D/m2Dr4/mcs30_m2Dr4_s70.B34
Reading graphs...
70 : 151
70 : 151
Initializing...
maxdom : 9
D->valSize : 332
Solving...
Blb : 2 (clique : 21)
currentSize : 21 <-- 0.002842 s
currentSize : 22 <-- 0.002996 s
currentSize : 23 <-- 0.003727 s
currentSize : 25 <-- 0.004037 s
currentSize : 26 <-- 0.006581 s
currentSize : 27 <-- 0.010249 s
currentSize : 28 <-- 0.025956 s
currentSize : 29 <-- 106.660851 s
currentSize : 30 <-- 558.015259 s
currentSize : 31 <-- 558.015381 s
currentSize : 32 <-- 558.016663 s
currentSize : 33 <-- 558.078430 s

maxsize : 33
nodes : 382855573.000000
filtered : 4337105428.000000
time : 2080.136230
