Parameters: GAD=1 vflib=1 dir=1 label=1 lowerbound=1 fileNameGp=../graphsdb/mcs30/m2D/m2Dr2/mcs30_m2Dr2_s70.A56 fileNameGt=../graphsdb/mcs30/m2D/m2Dr2/mcs30_m2Dr2_s70.B56
Reading graphs...
70 : 137
70 : 136
Initializing...
maxdom : 7
D->valSize : 312
Solving...
Blb : 2 (clique : 23)
currentSize : 23 <-- 0.002583 s
currentSize : 24 <-- 0.017607 s
currentSize : 25 <-- 0.017780 s
currentSize : 26 <-- 0.026330 s
currentSize : 27 <-- 0.026545 s
currentSize : 28 <-- 0.332537 s
currentSize : 29 <-- 5.658350 s
currentSize : 30 <-- 8.831695 s
currentSize : 31 <-- 25.426092 s
currentSize : 32 <-- 92.770966 s
currentSize : 33 <-- 286.390594 s
currentSize : 34 <-- 899.680908 s

maxsize : 34
nodes : 600327756.000000
filtered : 5795015436.000000
time : 3029.884521
