Parameters: GAD=1 vflib=1 dir=1 label=1 lowerbound=1 fileNameGp=../graphsdb/mcs30/rand/r01/mcs30_r01_s70.A16 fileNameGt=../graphsdb/mcs30/rand/r01/mcs30_r01_s70.B16
Reading graphs...
70 : 482
70 : 482
Initializing...
maxdom : 8
D->valSize : 327
Solving...
Blb : 2 (clique : 12)
currentSize : 12 <-- 0.002569 s
currentSize : 13 <-- 0.042672 s
currentSize : 14 <-- 0.054042 s
currentSize : 15 <-- 0.074481 s
currentSize : 19 <-- 0.200517 s
currentSize : 21 <-- 0.200915 s

maxsize : 21
nodes : 807973.000000
filtered : 12542097.000000
time : 4.553706
