Parameters: GAD=1 vflib=1 dir=1 label=1 lowerbound=1 fileNameGp=../graphsdb/mcs30/m4D/m4D/mcs30_m4D_s50.A72 fileNameGt=../graphsdb/mcs30/m4D/m4D/mcs30_m4D_s50.B72
Reading graphs...
50 : 87
50 : 87
Initializing...
maxdom : 9
D->valSize : 300
Solving...
Blb : 5 (clique : 19)
currentSize : 19 <-- 0.003479 s
currentSize : 20 <-- 0.003898 s
currentSize : 21 <-- 0.012723 s
currentSize : 22 <-- 119.670166 s
currentSize : 23 <-- 1707.255859 s

maxsize : 23
nodes : 511178434.000000
filtered : 4691591305.000000
time : 1981.731201
