Parameters: GAD=1 vflib=1 dir=1 label=1 lowerbound=1 fileNameGp=../graphsdb/mcs30/m4D/m4D/mcs30_m4D_s70.A91 fileNameGt=../graphsdb/mcs30/m4D/m4D/mcs30_m4D_s70.B91
Reading graphs...
70 : 118
70 : 118
Initializing...
maxdom : 10
D->valSize : 328
Solving...
Blb : 2 (clique : 25)
currentSize : 25 <-- 0.005004 s
currentSize : 26 <-- 0.005901 s
currentSize : 27 <-- 0.007972 s
currentSize : 28 <-- 0.018456 s
currentSize : 29 <-- 0.038359 s
currentSize : 30 <-- 0.248292 s
currentSize : 31 <-- 294.048889 s

TIMEOUT
maxsize : 31
nodes : 700761296.000000
filtered : 7104703158.000000
time : 3600.000000
