Parameters: GAD=1 vflib=1 dir=1 label=1 lowerbound=1 fileNameGp=../graphsdb/mcs30/bvg/b06m/mcs30_b06m_s70.A07 fileNameGt=../graphsdb/mcs30/bvg/b06m/mcs30_b06m_s70.B07
Reading graphs...
70 : 210
70 : 210
Initializing...
maxdom : 10
D->valSize : 282
Solving...
Blb : 5 (clique : 20)
currentSize : 20 <-- 0.002456 s
currentSize : 21 <-- 0.906931 s
currentSize : 22 <-- 5.179648 s
currentSize : 23 <-- 18.592785 s
currentSize : 24 <-- 76.043442 s
currentSize : 25 <-- 156.176544 s
currentSize : 26 <-- 188.056717 s
currentSize : 27 <-- 188.074661 s
currentSize : 28 <-- 208.915741 s

maxsize : 28
nodes : 47215807.000000
filtered : 434908950.000000
time : 225.457703
