Parameters: GAD=1 vflib=1 dir=1 label=1 lowerbound=1 fileNameGp=../graphsdb/mcs30/bvg/b06/mcs30_b06_s60.A39 fileNameGt=../graphsdb/mcs30/bvg/b06/mcs30_b06_s60.B39
Reading graphs...
60 : 180
60 : 180
Initializing...
maxdom : 8
D->valSize : 259
Solving...
Blb : 3 (clique : 17)
currentSize : 17 <-- 0.002045 s
currentSize : 18 <-- 0.003098 s
currentSize : 19 <-- 0.004961 s
currentSize : 20 <-- 0.107090 s
currentSize : 21 <-- 0.258687 s
currentSize : 22 <-- 0.267796 s
currentSize : 23 <-- 1.096462 s

maxsize : 23
nodes : 9038234.000000
filtered : 102061599.000000
time : 42.407738
