Parameters: GAD=1 vflib=1 dir=1 label=1 lowerbound=1 fileNameGp=../graphsdb/mcs30/rand/r01/mcs30_r01_s35.A91 fileNameGt=../graphsdb/mcs30/rand/r01/mcs30_r01_s35.B91
Reading graphs...
35 : 119
35 : 119
Initializing...
maxdom : 7
D->valSize : 154
Solving...
Blb : 2 (clique : 9)
currentSize : 9 <-- 0.000890 s
currentSize : 10 <-- 0.001065 s
currentSize : 11 <-- 0.003536 s
currentSize : 12 <-- 0.015570 s
currentSize : 13 <-- 0.038577 s

maxsize : 13
nodes : 23454.000000
filtered : 251614.000000
time : 0.086083
