Parameters: GAD=1 vflib=1 dir=1 label=1 lowerbound=1 fileNameGp=../graphsdb/mcs30/rand/r005/mcs30_r005_s60.A49 fileNameGt=../graphsdb/mcs30/rand/r005/mcs30_r005_s60.B49
Reading graphs...
60 : 179
60 : 179
Initializing...
maxdom : 10
D->valSize : 230
Solving...
Blb : 2 (clique : 17)
currentSize : 17 <-- 0.002463 s
currentSize : 18 <-- 0.098683 s
currentSize : 19 <-- 0.372297 s
currentSize : 20 <-- 0.829626 s
currentSize : 21 <-- 5.228648 s
currentSize : 22 <-- 11.459376 s

maxsize : 22
nodes : 3940251.000000
filtered : 33390296.000000
time : 18.362749
