Parameters: GAD=1 vflib=1 dir=1 label=1 lowerbound=1 fileNameGp=../graphsdb/mcs30/rand/r01/mcs30_r01_s25.A72 fileNameGt=../graphsdb/mcs30/rand/r01/mcs30_r01_s25.B72
Reading graphs...
25 : 62
25 : 62
Initializing...
maxdom : 8
D->valSize : 156
Solving...
Blb : 2 (clique : 7)
currentSize : 7 <-- 0.001148 s
currentSize : 8 <-- 0.001218 s
currentSize : 9 <-- 0.001404 s
currentSize : 10 <-- 0.002562 s
currentSize : 11 <-- 0.003433 s

maxsize : 11
nodes : 5057.000000
filtered : 80228.000000
time : 0.030109
