Parameters: GAD=1 vflib=1 dir=1 label=1 lowerbound=1 fileNameGp=../graphsdb/mcs30/m4D/m4Dr6/mcs30_m4Dr6_s90.A12 fileNameGt=../graphsdb/mcs30/m4D/m4Dr6/mcs30_m4Dr6_s90.B12
Reading graphs...
90 : 200
90 : 199
Initializing...
maxdom : 9
D->valSize : 523
Solving...
Blb : 2 (clique : 30)
currentSize : 30 <-- 0.006251 s
currentSize : 31 <-- 0.015927 s
currentSize : 32 <-- 0.167702 s
currentSize : 33 <-- 7.512046 s
currentSize : 34 <-- 37.736614 s
currentSize : 35 <-- 160.580688 s
currentSize : 36 <-- 3054.346680 s

TIMEOUT
maxsize : 36
nodes : 749672181.000000
filtered : 4589570279.000000
time : 3600.000000
