Parameters: GAD=1 vflib=1 dir=1 label=1 lowerbound=1 fileNameGp=../graphsdb/mcs30/m3D/m3Dr4/mcs30_m3Dr4_s100.A07 fileNameGt=../graphsdb/mcs30/m3D/m3Dr4/mcs30_m3Dr4_s100.B07
Reading graphs...
100 : 275
100 : 274
Initializing...
maxdom : 7
D->valSize : 341
Solving...
Blb : 2 (clique : 29)
currentSize : 29 <-- 0.005528 s
currentSize : 30 <-- 0.009861 s
currentSize : 31 <-- 0.024153 s
currentSize : 32 <-- 0.435362 s
currentSize : 33 <-- 0.445656 s
currentSize : 34 <-- 7.101167 s

TIMEOUT
maxsize : 34
nodes : 629241404.000000
filtered : 4260320285.000000
time : 3600.000000
