Parameters: GAD=1 vflib=1 dir=1 label=1 lowerbound=1 fileNameGp=../graphsdb/mcs30/m3D/m3Dr4/mcs30_m3Dr4_s70.A54 fileNameGt=../graphsdb/mcs30/m3D/m3Dr4/mcs30_m3Dr4_s70.B54
Reading graphs...
70 : 187
70 : 186
Initializing...
maxdom : 11
D->valSize : 313
Solving...
Blb : 2 (clique : 21)
currentSize : 21 <-- 0.002615 s
currentSize : 22 <-- 0.070356 s
currentSize : 23 <-- 0.103561 s
currentSize : 24 <-- 0.193393 s
currentSize : 25 <-- 1.440147 s
currentSize : 26 <-- 2.489909 s
currentSize : 27 <-- 7.865949 s
currentSize : 28 <-- 7.914581 s
currentSize : 29 <-- 26.732883 s
currentSize : 30 <-- 26.794107 s

maxsize : 30
nodes : 34972809.000000
filtered : 354916701.000000
time : 184.598953
