Parameters: GAD=1 vflib=1 dir=1 label=1 lowerbound=1 fileNameGp=../graphsdb/mcs30/m2D/m2Dr6/mcs30_m2Dr6_s70.A80 fileNameGt=../graphsdb/mcs30/m2D/m2Dr6/mcs30_m2Dr6_s70.B80
Reading graphs...
70 : 165
70 : 164
Initializing...
maxdom : 7
D->valSize : 320
Solving...
Blb : 2 (clique : 24)
currentSize : 24 <-- 0.004363 s
currentSize : 25 <-- 0.336176 s
currentSize : 26 <-- 10.074707 s
currentSize : 27 <-- 59.255714 s
currentSize : 28 <-- 221.722900 s
currentSize : 29 <-- 221.729385 s
currentSize : 30 <-- 221.730209 s
currentSize : 31 <-- 221.754486 s

maxsize : 31
nodes : 681598894.000000
filtered : 6267741026.000000
time : 3419.452881
