Parameters: GAD=1 vflib=1 dir=1 label=1 lowerbound=1 fileNameGp=../graphsdb/mcs30/bvg/b09m/mcs30_b09m_s90.A13 fileNameGt=../graphsdb/mcs30/bvg/b09m/mcs30_b09m_s90.B13
Reading graphs...
90 : 405
90 : 405
Initializing...
maxdom : 9
D->valSize : 491
Solving...
Blb : 2 (clique : 20)
currentSize : 20 <-- 0.005475 s
currentSize : 21 <-- 0.005749 s
currentSize : 22 <-- 0.007210 s
currentSize : 23 <-- 0.042642 s
currentSize : 24 <-- 1.308340 s
currentSize : 25 <-- 264.727661 s
currentSize : 26 <-- 2791.788818 s

TIMEOUT
maxsize : 26
nodes : 665802799.000000
filtered : 6748963574.000000
time : 3600.000000
