Parameters: GAD=1 vflib=1 dir=1 label=1 lowerbound=1 fileNameGp=../graphsdb/mcs30/m4D/m4Dr2/mcs30_m4Dr2_s60.A16 fileNameGt=../graphsdb/mcs30/m4D/m4Dr2/mcs30_m4Dr2_s60.B16
Reading graphs...
60 : 114
60 : 113
Initializing...
maxdom : 7
D->valSize : 237
Solving...
Blb : 2 (clique : 24)
currentSize : 24 <-- 0.002803 s
currentSize : 25 <-- 0.043296 s
currentSize : 26 <-- 0.747567 s
currentSize : 27 <-- 2.753150 s
currentSize : 28 <-- 828.756714 s

maxsize : 28
nodes : 354068658.000000
filtered : 2225686892.000000
time : 1442.238281
