Parameters: GAD=1 vflib=1 dir=1 label=1 lowerbound=1 fileNameGp=../graphsdb/mcs30/bvg/b06/mcs30_b06_s70.A93 fileNameGt=../graphsdb/mcs30/bvg/b06/mcs30_b06_s70.B93
Reading graphs...
70 : 210
70 : 210
Initializing...
maxdom : 9
D->valSize : 326
Solving...
Blb : 2 (clique : 22)
currentSize : 22 <-- 0.004242 s
currentSize : 23 <-- 0.004570 s
currentSize : 24 <-- 0.034743 s
currentSize : 25 <-- 2.805343 s
currentSize : 26 <-- 1302.599243 s
currentSize : 27 <-- 1302.599365 s

TIMEOUT
maxsize : 27
nodes : 735701448.000000
filtered : 6769673150.000000
time : 3600.000000
