Parameters: GAD=1 vflib=1 dir=1 label=1 lowerbound=1 fileNameGp=../graphsdb/mcs30/bvg/b03m/mcs30_b03m_s40.A97 fileNameGt=../graphsdb/mcs30/bvg/b03m/mcs30_b03m_s40.B97
Reading graphs...
40 : 60
40 : 60
Initializing...
maxdom : 8
D->valSize : 207
Solving...
Blb : 2 (clique : 17)
currentSize : 17 <-- 0.001887 s
currentSize : 18 <-- 0.100505 s
currentSize : 19 <-- 1.069319 s
currentSize : 20 <-- 12.262050 s
currentSize : 21 <-- 12.275970 s
currentSize : 22 <-- 12.276306 s

maxsize : 22
nodes : 3526066.000000
filtered : 27127252.000000
time : 13.425465
