Parameters: GAD=1 vflib=1 dir=1 label=1 lowerbound=1 fileNameGp=../graphsdb/mcs30/m4D/m4Dr6/mcs30_m4Dr6_s80.A13 fileNameGt=../graphsdb/mcs30/m4D/m4Dr6/mcs30_m4Dr6_s80.B13
Reading graphs...
80 : 179
80 : 179
Initializing...
maxdom : 9
D->valSize : 414
Solving...
Blb : 2 (clique : 26)
currentSize : 26 <-- 0.004057 s
currentSize : 27 <-- 0.863671 s
currentSize : 28 <-- 15.383179 s
currentSize : 29 <-- 117.667068 s
currentSize : 30 <-- 1150.737793 s
currentSize : 31 <-- 1196.121460 s

TIMEOUT
maxsize : 31
nodes : 734655961.000000
filtered : 5693648980.000000
time : 3600.000000
