Parameters: GAD=1 vflib=1 dir=1 label=1 lowerbound=1 fileNameGp=../graphsdb/mcs30/bvg/b09m/mcs30_b09m_s60.A86 fileNameGt=../graphsdb/mcs30/bvg/b09m/mcs30_b09m_s60.B86
Reading graphs...
60 : 270
60 : 270
Initializing...
maxdom : 10
D->valSize : 218
Solving...
Blb : 3 (clique : 15)
currentSize : 15 <-- 0.001551 s
currentSize : 16 <-- 0.015638 s
currentSize : 17 <-- 0.096156 s
currentSize : 18 <-- 0.314225 s
currentSize : 19 <-- 0.830509 s

maxsize : 19
nodes : 324508.000000
filtered : 2080682.000000
time : 1.337122
