Parameters: GAD=1 vflib=1 dir=1 label=1 lowerbound=1 fileNameGp=../graphsdb/mcs30/m3D/m3Dr2/mcs30_m3Dr2_s70.A10 fileNameGt=../graphsdb/mcs30/m3D/m3Dr2/mcs30_m3Dr2_s70.B10
Reading graphs...
70 : 173
70 : 173
Initializing...
maxdom : 8
D->valSize : 308
Solving...
Blb : 2 (clique : 21)
currentSize : 21 <-- 0.002556 s
currentSize : 22 <-- 0.004300 s
currentSize : 23 <-- 0.007270 s
currentSize : 24 <-- 0.021139 s
currentSize : 25 <-- 0.164345 s
currentSize : 26 <-- 0.987925 s
currentSize : 27 <-- 1.052780 s
currentSize : 28 <-- 3.163769 s
currentSize : 29 <-- 3.208122 s
currentSize : 30 <-- 716.854309 s

maxsize : 30
nodes : 596385584.000000
filtered : 4549700811.000000
time : 2824.830322
