Parameters: GAD=1 vflib=1 dir=1 label=1 lowerbound=1 fileNameGp=../graphsdb/mcs30/m2D/m2Dr2/mcs30_m2Dr2_s100.A05 fileNameGt=../graphsdb/mcs30/m2D/m2Dr2/mcs30_m2Dr2_s100.B05
Reading graphs...
100 : 200
100 : 200
Initializing...
maxdom : 8
D->valSize : 331
Solving...
Blb : 5 (clique : 34)
currentSize : 34 <-- 0.005481 s
currentSize : 35 <-- 0.017815 s
currentSize : 36 <-- 0.027120 s
currentSize : 37 <-- 3.387546 s
currentSize : 38 <-- 3.476333 s
currentSize : 39 <-- 3.991821 s
currentSize : 40 <-- 6.679601 s
currentSize : 41 <-- 2152.056152 s

TIMEOUT
maxsize : 41
nodes : 660355217.000000
filtered : 3354205012.000000
time : 3600.000000
