Parameters: GAD=1 vflib=1 dir=1 label=1 lowerbound=1 fileNameGp=../graphsdb/mcs30/bvg/b09m/mcs30_b09m_s90.A73 fileNameGt=../graphsdb/mcs30/bvg/b09m/mcs30_b09m_s90.B73
Reading graphs...
90 : 405
90 : 405
Initializing...
maxdom : 9
D->valSize : 509
Solving...
Blb : 3 (clique : 19)
currentSize : 19 <-- 0.005407 s
currentSize : 21 <-- 0.005572 s
currentSize : 22 <-- 0.005643 s
currentSize : 25 <-- 0.006025 s
currentSize : 26 <-- 0.024724 s
currentSize : 27 <-- 736.866821 s
currentSize : 28 <-- 737.124084 s
currentSize : 29 <-- 2024.034424 s

TIMEOUT
maxsize : 29
nodes : 614280175.000000
filtered : 7494932353.000000
time : 3600.000000
