Parameters: GAD=1 vflib=1 dir=1 label=1 lowerbound=1 fileNameGp=../graphsdb/mcs30/bvg/b06m/mcs30_b06m_s50.A89 fileNameGt=../graphsdb/mcs30/bvg/b06m/mcs30_b06m_s50.B89
Reading graphs...
50 : 150
50 : 150
Initializing...
maxdom : 9
D->valSize : 337
Solving...
Blb : 3 (clique : 15)
currentSize : 15 <-- 0.002391 s
currentSize : 16 <-- 0.405475 s
currentSize : 17 <-- 1.580890 s
currentSize : 18 <-- 2.276263 s
currentSize : 19 <-- 3.037762 s
currentSize : 20 <-- 24.958092 s
currentSize : 21 <-- 44.893791 s

maxsize : 21
nodes : 10544870.000000
filtered : 157348700.000000
time : 50.148502
