Parameters: GAD=1 vflib=1 dir=1 label=1 lowerbound=1 fileNameGp=../graphsdb/mcs30/bvg/b09m/mcs30_b09m_s100.A43 fileNameGt=../graphsdb/mcs30/bvg/b09m/mcs30_b09m_s100.B43
Reading graphs...
100 : 450
100 : 450
Initializing...
maxdom : 8
D->valSize : 348
Solving...
Blb : 3 (clique : 29)
currentSize : 29 <-- 0.003521 s
currentSize : 30 <-- 1357.864502 s
currentSize : 31 <-- 3424.176025 s
currentSize : 32 <-- 3429.282471 s
currentSize : 33 <-- 3429.510498 s
currentSize : 34 <-- 3506.880859 s
currentSize : 35 <-- 3512.458740 s

TIMEOUT
maxsize : 35
nodes : 648810253.000000
filtered : 4264355299.000000
time : 3600.000000
