Parameters: GAD=1 vflib=1 dir=1 label=1 lowerbound=1 fileNameGp=../graphsdb/mcs30/m2D/m2D/mcs30_m2D_s50.A70 fileNameGt=../graphsdb/mcs30/m2D/m2D/mcs30_m2D_s50.B70
Reading graphs...
50 : 85
50 : 85
Initializing...
maxdom : 10
D->valSize : 316
Solving...
Blb : 2 (clique : 19)
currentSize : 19 <-- 0.003659 s
currentSize : 20 <-- 0.003849 s
currentSize : 21 <-- 0.013929 s
currentSize : 22 <-- 4.700091 s
currentSize : 23 <-- 98.898460 s
currentSize : 24 <-- 178.948959 s
currentSize : 25 <-- 411.260559 s
currentSize : 26 <-- 415.130493 s

maxsize : 26
nodes : 132739516.000000
filtered : 1550017814.000000
time : 582.204773
