Parameters: GAD=1 vflib=1 dir=1 label=1 lowerbound=1 fileNameGp=../graphsdb/mcs30/bvg/b06m/mcs30_b06m_s70.A25 fileNameGt=../graphsdb/mcs30/bvg/b06m/mcs30_b06m_s70.B25
Reading graphs...
70 : 210
70 : 210
Initializing...
maxdom : 8
D->valSize : 330
Solving...
Blb : 2 (clique : 22)
currentSize : 22 <-- 0.002878 s
currentSize : 23 <-- 0.003066 s
currentSize : 24 <-- 0.003214 s
currentSize : 25 <-- 0.003296 s
currentSize : 26 <-- 0.088472 s
currentSize : 27 <-- 0.088557 s

maxsize : 27
nodes : 370263882.000000
filtered : 4189355121.000000
time : 1897.046143
