Parameters: GAD=1 vflib=1 dir=1 label=1 lowerbound=1 fileNameGp=../graphsdb/mcs30/m3D/m3Dr2/mcs30_m3Dr2_s80.A42 fileNameGt=../graphsdb/mcs30/m3D/m3Dr2/mcs30_m3Dr2_s80.B42
Reading graphs...
80 : 200
80 : 200
Initializing...
maxdom : 9
D->valSize : 440
Solving...
Blb : 2 (clique : 30)
currentSize : 30 <-- 0.004406 s
currentSize : 31 <-- 0.004951 s
currentSize : 32 <-- 0.019387 s
currentSize : 33 <-- 4.403187 s
currentSize : 34 <-- 23.295160 s
currentSize : 35 <-- 58.813961 s

TIMEOUT
maxsize : 35
nodes : 609131278.000000
filtered : 6975287453.000000
time : 3600.000000
