Parameters: GAD=1 vflib=1 dir=1 label=1 lowerbound=1 fileNameGp=../graphsdb/mcs30/m4D/m4Dr6/mcs30_m4Dr6_s50.A44 fileNameGt=../graphsdb/mcs30/m4D/m4Dr6/mcs30_m4Dr6_s50.B44
Reading graphs...
50 : 116
50 : 116
Initializing...
maxdom : 9
D->valSize : 330
Solving...
Blb : 2 (clique : 18)
currentSize : 18 <-- 0.002662 s
currentSize : 19 <-- 0.045429 s
currentSize : 20 <-- 0.830266 s
currentSize : 21 <-- 76.181648 s
currentSize : 22 <-- 693.864807 s

maxsize : 22
nodes : 373506166.000000
filtered : 5736378724.000000
time : 1699.147949
