Parameters: GAD=1 vflib=1 dir=1 label=1 lowerbound=1 fileNameGp=../graphsdb/mcs30/bvg/b09/mcs30_b09_s80.A76 fileNameGt=../graphsdb/mcs30/bvg/b09/mcs30_b09_s80.B76
Reading graphs...
80 : 360
80 : 360
Initializing...
maxdom : 8
D->valSize : 404
Solving...
Blb : 3 (clique : 21)
currentSize : 21 <-- 0.003696 s
currentSize : 22 <-- 0.077212 s
currentSize : 23 <-- 0.272927 s
currentSize : 24 <-- 27.884359 s
currentSize : 25 <-- 52.299889 s
currentSize : 26 <-- 53.343651 s
currentSize : 27 <-- 68.612228 s
currentSize : 28 <-- 221.506851 s
currentSize : 29 <-- 513.131531 s
currentSize : 30 <-- 677.253723 s
currentSize : 31 <-- 677.454651 s

maxsize : 31
nodes : 202812023.000000
filtered : 2131982962.000000
time : 1107.168335
