Parameters: GAD=1 vflib=1 dir=1 label=1 lowerbound=1 fileNameGp=../graphsdb/mcs30/rand/r01/mcs30_r01_s80.A77 fileNameGt=../graphsdb/mcs30/rand/r01/mcs30_r01_s80.B77
Reading graphs...
80 : 631
80 : 631
Initializing...
maxdom : 10
D->valSize : 455
Solving...
Blb : 2 (clique : 13)
currentSize : 13 <-- 0.004410 s
currentSize : 14 <-- 0.004540 s
currentSize : 15 <-- 0.004623 s
currentSize : 16 <-- 0.010362 s
currentSize : 18 <-- 0.037693 s
currentSize : 19 <-- 0.037851 s
currentSize : 20 <-- 1.473430 s
currentSize : 21 <-- 3.509287 s
currentSize : 22 <-- 3.526826 s
currentSize : 24 <-- 20.827288 s

maxsize : 24
nodes : 7442762.000000
filtered : 137736059.000000
time : 46.177921
