Parameters: GAD=1 vflib=1 dir=1 label=1 lowerbound=1 fileNameGp=../graphsdb/mcs30/m4D/m4Dr2/mcs30_m4Dr2_s90.A67 fileNameGt=../graphsdb/mcs30/m4D/m4Dr2/mcs30_m4Dr2_s90.B67
Reading graphs...
90 : 164
90 : 163
Initializing...
maxdom : 10
D->valSize : 505
Solving...
Blb : 2 (clique : 29)
currentSize : 29 <-- 0.005910 s
currentSize : 30 <-- 0.006222 s
currentSize : 31 <-- 0.006496 s
currentSize : 32 <-- 0.210862 s
currentSize : 33 <-- 181.731445 s
currentSize : 34 <-- 1553.389160 s
currentSize : 35 <-- 2555.963135 s

TIMEOUT
maxsize : 35
nodes : 661663869.000000
filtered : 4695291960.000000
time : 3600.000000
