Parameters: GAD=1 vflib=1 dir=1 label=1 lowerbound=1 fileNameGp=../graphsdb/mcs30/bvg/b06/mcs30_b06_s80.A69 fileNameGt=../graphsdb/mcs30/bvg/b06/mcs30_b06_s80.B69
Reading graphs...
80 : 240
80 : 240
Initializing...
maxdom : 10
D->valSize : 408
Solving...
Blb : 2 (clique : 21)
currentSize : 21 <-- 0.003861 s
currentSize : 22 <-- 0.012315 s
currentSize : 23 <-- 0.094118 s
currentSize : 24 <-- 0.556076 s
currentSize : 25 <-- 33.074505 s
currentSize : 26 <-- 76.649643 s
currentSize : 27 <-- 76.653038 s
currentSize : 28 <-- 76.656189 s
currentSize : 29 <-- 76.840675 s

TIMEOUT
maxsize : 29
nodes : 648284704.000000
filtered : 7723679857.000000
time : 3600.000000
