Parameters: GAD=1 vflib=1 dir=1 label=1 lowerbound=1 fileNameGp=../graphsdb/mcs30/rand/r01/mcs30_r01_s100.A86 fileNameGt=../graphsdb/mcs30/rand/r01/mcs30_r01_s100.B86
Reading graphs...
100 : 989
100 : 989
Initializing...
maxdom : 7
D->valSize : 351
Solving...
Blb : 2 (clique : 12)
currentSize : 12 <-- 0.003276 s
currentSize : 13 <-- 0.003694 s
currentSize : 14 <-- 0.004511 s
currentSize : 15 <-- 0.015744 s
currentSize : 16 <-- 0.106958 s
currentSize : 17 <-- 0.778232 s
currentSize : 18 <-- 1.909165 s
currentSize : 20 <-- 5.162773 s
currentSize : 21 <-- 5.220482 s
currentSize : 24 <-- 5.220544 s
currentSize : 26 <-- 6.971545 s
currentSize : 27 <-- 7.050898 s
currentSize : 30 <-- 7.050993 s

maxsize : 30
nodes : 2145358.000000
filtered : 23575157.000000
time : 13.336688
