Parameters: GAD=1 vflib=1 dir=1 label=1 lowerbound=1 fileNameGp=../graphsdb/mcs30/m4D/m4D/mcs30_m4D_s60.A47 fileNameGt=../graphsdb/mcs30/m4D/m4D/mcs30_m4D_s60.B47
Reading graphs...
60 : 102
60 : 102
Initializing...
maxdom : 8
D->valSize : 249
Solving...
Blb : 2 (clique : 20)
currentSize : 20 <-- 0.002045 s
currentSize : 21 <-- 0.002284 s
currentSize : 22 <-- 0.002667 s
currentSize : 23 <-- 0.003487 s
currentSize : 24 <-- 0.483901 s
currentSize : 25 <-- 19.212521 s
currentSize : 26 <-- 33.518303 s
currentSize : 27 <-- 94.715782 s

maxsize : 27
nodes : 294626668.000000
filtered : 2357479430.000000
time : 1258.892334
