Parameters: GAD=1 vflib=1 dir=1 label=1 lowerbound=1 fileNameGp=../graphsdb/mcs30/bvg/b06/mcs30_b06_s90.A04 fileNameGt=../graphsdb/mcs30/bvg/b06/mcs30_b06_s90.B04
Reading graphs...
90 : 270
90 : 270
Initializing...
maxdom : 9
D->valSize : 546
Solving...
Blb : 2 (clique : 25)
currentSize : 25 <-- 0.010459 s
currentSize : 26 <-- 0.048303 s
currentSize : 27 <-- 0.084350 s
currentSize : 28 <-- 0.108038 s
currentSize : 29 <-- 1.930516 s
currentSize : 30 <-- 1332.701416 s

TIMEOUT
maxsize : 30
nodes : 682850883.000000
filtered : 6389484464.000000
time : 3600.000000
