Parameters: GAD=1 vflib=1 dir=1 label=1 lowerbound=1 fileNameGp=../graphsdb/mcs30/m3D/m3Dr2/mcs30_m3Dr2_s90.A82 fileNameGt=../graphsdb/mcs30/m3D/m3Dr2/mcs30_m3Dr2_s90.B82
Reading graphs...
90 : 227
90 : 227
Initializing...
maxdom : 8
D->valSize : 509
Solving...
Blb : 2 (clique : 32)
currentSize : 32 <-- 0.005806 s
currentSize : 33 <-- 0.006133 s
currentSize : 34 <-- 0.006722 s
currentSize : 35 <-- 0.009338 s
currentSize : 36 <-- 57.129112 s
currentSize : 37 <-- 486.764648 s

TIMEOUT
maxsize : 37
nodes : 666574272.000000
filtered : 4986746042.000000
time : 3600.000000
