Parameters: GAD=1 vflib=1 dir=1 label=1 lowerbound=1 fileNameGp=../graphsdb/mcs30/m2D/m2Dr6/mcs30_m2Dr6_s90.A11 fileNameGt=../graphsdb/mcs30/m2D/m2Dr6/mcs30_m2Dr6_s90.B11
Reading graphs...
90 : 215
90 : 212
Initializing...
maxdom : 13
D->valSize : 506
Solving...
Blb : 2 (clique : 29)
currentSize : 29 <-- 0.005583 s
currentSize : 30 <-- 0.021364 s
currentSize : 31 <-- 0.796131 s
currentSize : 32 <-- 4.779625 s
currentSize : 33 <-- 228.413696 s
currentSize : 34 <-- 228.413818 s
currentSize : 35 <-- 228.422394 s

TIMEOUT
maxsize : 35
nodes : 578958012.000000
filtered : 7654593988.000000
time : 3600.000000
