Parameters: GAD=1 vflib=1 dir=1 label=1 lowerbound=1 fileNameGp=../graphsdb/mcs30/m3D/m3Dr2/mcs30_m3Dr2_s100.A46 fileNameGt=../graphsdb/mcs30/m3D/m3Dr2/mcs30_m3Dr2_s100.B46
Reading graphs...
100 : 255
100 : 255
Initializing...
maxdom : 8
D->valSize : 345
Solving...
Blb : 2 (clique : 29)
currentSize : 29 <-- 0.005427 s
currentSize : 30 <-- 0.005907 s
currentSize : 31 <-- 0.007127 s
currentSize : 32 <-- 0.007505 s
currentSize : 33 <-- 0.279030 s
currentSize : 34 <-- 4.353610 s
currentSize : 35 <-- 51.183067 s
currentSize : 36 <-- 704.142883 s
currentSize : 37 <-- 818.213013 s
currentSize : 38 <-- 3008.992920 s

TIMEOUT
maxsize : 38
nodes : 707995745.000000
filtered : 3153876846.000000
time : 3600.000000
