Parameters: GAD=1 vflib=1 dir=1 label=1 lowerbound=1 fileNameGp=../graphsdb/mcs30/rand/r02/mcs30_r02_s90.A62 fileNameGt=../graphsdb/mcs30/rand/r02/mcs30_r02_s90.B62
Reading graphs...
90 : 1601
90 : 1601
Initializing...
maxdom : 10
D->valSize : 536
Solving...
Blb : 2 (clique : 8)
currentSize : 8 <-- 0.005820 s
currentSize : 9 <-- 0.006306 s
currentSize : 11 <-- 0.015578 s
currentSize : 12 <-- 0.017181 s
currentSize : 14 <-- 0.021407 s
currentSize : 18 <-- 0.055238 s
currentSize : 19 <-- 0.125700 s
currentSize : 27 <-- 0.174106 s

maxsize : 27
nodes : 48132.000000
filtered : 1451668.000000
time : 0.353088
