Parameters: GAD=1 vflib=1 dir=1 label=1 lowerbound=1 fileNameGp=../graphsdb/mcs30/bvg/b03m/mcs30_b03m_s100.A97 fileNameGt=../graphsdb/mcs30/bvg/b03m/mcs30_b03m_s100.B97
Reading graphs...
100 : 150
100 : 150
Initializing...
maxdom : 8
D->valSize : 371
Solving...
Blb : 2 (clique : 35)
currentSize : 35 <-- 0.006475 s
currentSize : 36 <-- 0.006986 s
currentSize : 37 <-- 0.007308 s
currentSize : 38 <-- 0.094460 s
currentSize : 39 <-- 1.155050 s
currentSize : 40 <-- 3.251545 s
currentSize : 41 <-- 7.796371 s
currentSize : 42 <-- 348.315460 s
currentSize : 43 <-- 769.993286 s
currentSize : 44 <-- 3374.711182 s

TIMEOUT
maxsize : 44
nodes : 647305600.000000
filtered : 4197290050.000000
time : 3600.000000
