Parameters: GAD=1 vflib=1 dir=1 label=1 lowerbound=1 fileNameGp=../graphsdb/mcs30/m4D/m4Dr6/mcs30_m4Dr6_s70.A34 fileNameGt=../graphsdb/mcs30/m4D/m4Dr6/mcs30_m4Dr6_s70.B34
Reading graphs...
70 : 160
70 : 159
Initializing...
maxdom : 9
D->valSize : 313
Solving...
Blb : 5 (clique : 23)
currentSize : 23 <-- 0.002693 s
currentSize : 24 <-- 0.008763 s
currentSize : 25 <-- 1.143591 s
currentSize : 26 <-- 1.530128 s
currentSize : 27 <-- 25.594748 s
currentSize : 28 <-- 1056.157471 s

TIMEOUT
maxsize : 28
nodes : 711642376.000000
filtered : 5829252202.000000
time : 3600.000000
