Parameters: GAD=1 vflib=1 dir=1 label=1 lowerbound=1 fileNameGp=../graphsdb/mcs30/bvg/b09m/mcs30_b09m_s40.A41 fileNameGt=../graphsdb/mcs30/bvg/b09m/mcs30_b09m_s40.B41
Reading graphs...
40 : 180
40 : 180
Initializing...
maxdom : 7
D->valSize : 201
Solving...
Blb : 5 (clique : 8)
currentSize : 8 <-- 0.001058 s
currentSize : 9 <-- 0.001233 s
currentSize : 10 <-- 0.001364 s
currentSize : 11 <-- 0.002024 s
currentSize : 12 <-- 0.100473 s
currentSize : 13 <-- 0.100702 s
currentSize : 14 <-- 0.100887 s

maxsize : 14
nodes : 75074.000000
filtered : 715608.000000
time : 0.290937
