Parameters: GAD=1 vflib=1 dir=1 label=1 lowerbound=1 fileNameGp=../graphsdb/mcs30/bvg/b06/mcs30_b06_s70.A84 fileNameGt=../graphsdb/mcs30/bvg/b06/mcs30_b06_s70.B84
Reading graphs...
70 : 210
70 : 210
Initializing...
maxdom : 11
D->valSize : 324
Solving...
Blb : 3 (clique : 22)
currentSize : 22 <-- 0.004251 s
currentSize : 25 <-- 0.004480 s
currentSize : 26 <-- 0.526663 s
currentSize : 27 <-- 400.736237 s
currentSize : 28 <-- 400.947510 s

maxsize : 28
nodes : 156275724.000000
filtered : 1420010365.000000
time : 771.639771
