Parameters: GAD=1 vflib=1 dir=1 label=1 lowerbound=1 fileNameGp=../graphsdb/mcs30/rand/r02/mcs30_r02_s30.A61 fileNameGt=../graphsdb/mcs30/rand/r02/mcs30_r02_s30.B61
Reading graphs...
30 : 173
30 : 173
Initializing...
maxdom : 7
D->valSize : 117
Solving...
Blb : 2 (clique : 5)
currentSize : 5 <-- 0.000621 s
currentSize : 6 <-- 0.000672 s
currentSize : 7 <-- 0.001359 s
currentSize : 8 <-- 0.003387 s
currentSize : 9 <-- 0.003407 s

maxsize : 9
nodes : 1973.000000
filtered : 21989.000000
time : 0.006882
