Parameters: GAD=1 vflib=1 dir=1 label=1 lowerbound=1 fileNameGp=../graphsdb/mcs30/m2D/m2Dr6/mcs30_m2Dr6_s100.A98 fileNameGt=../graphsdb/mcs30/m2D/m2Dr6/mcs30_m2Dr6_s100.B98
Reading graphs...
100 : 240
100 : 239
Initializing...
maxdom : 8
D->valSize : 313
Solving...
Blb : 3 (clique : 30)
currentSize : 30 <-- 0.005009 s
currentSize : 31 <-- 0.006682 s
currentSize : 32 <-- 0.011330 s
currentSize : 33 <-- 0.134074 s
currentSize : 34 <-- 1.067907 s
currentSize : 35 <-- 3.946417 s
currentSize : 36 <-- 5.100756 s
currentSize : 37 <-- 14.217460 s
currentSize : 38 <-- 14.912969 s
currentSize : 39 <-- 3041.239258 s

TIMEOUT
maxsize : 39
nodes : 611471664.000000
filtered : 4079754664.000000
time : 3600.000000
