Parameters: GAD=1 vflib=1 dir=1 label=1 lowerbound=1 fileNameGp=../graphsdb/mcs30/m4D/m4Dr6/mcs30_m4Dr6_s60.A46 fileNameGt=../graphsdb/mcs30/m4D/m4Dr6/mcs30_m4Dr6_s60.B46
Reading graphs...
60 : 138
60 : 137
Initializing...
maxdom : 7
D->valSize : 241
Solving...
Blb : 3 (clique : 19)
currentSize : 19 <-- 0.002704 s
currentSize : 20 <-- 0.255568 s
currentSize : 21 <-- 0.667074 s
currentSize : 22 <-- 0.718083 s
currentSize : 23 <-- 2.366027 s
currentSize : 24 <-- 6.833681 s
currentSize : 25 <-- 6.848295 s
currentSize : 26 <-- 22.670315 s

maxsize : 26
nodes : 5661583.000000
filtered : 52038155.000000
time : 25.248943
