Parameters: GAD=1 vflib=1 dir=1 label=1 lowerbound=1 fileNameGp=../graphsdb/mcs30/rand/r005/mcs30_r005_s60.A32 fileNameGt=../graphsdb/mcs30/rand/r005/mcs30_r005_s60.B32
Reading graphs...
60 : 179
60 : 179
Initializing...
maxdom : 9
D->valSize : 275
Solving...
Blb : 2 (clique : 16)
currentSize : 16 <-- 0.002133 s
currentSize : 17 <-- 0.002478 s
currentSize : 18 <-- 0.007915 s
currentSize : 19 <-- 0.017799 s
currentSize : 20 <-- 0.019727 s
currentSize : 21 <-- 0.307366 s
currentSize : 22 <-- 5.128841 s

maxsize : 22
nodes : 6436628.000000
filtered : 71143527.000000
time : 33.265495
