Parameters: GAD=1 vflib=1 dir=1 label=1 lowerbound=1 fileNameGp=../graphsdb/mcs30/m2D/m2Dr6/mcs30_m2Dr6_s70.A42 fileNameGt=../graphsdb/mcs30/m2D/m2Dr6/mcs30_m2Dr6_s70.B42
Reading graphs...
70 : 165
70 : 161
Initializing...
maxdom : 14
D->valSize : 409
Solving...
Blb : 2 (clique : 25)
currentSize : 25 <-- 0.003700 s
currentSize : 26 <-- 56.547501 s
currentSize : 27 <-- 155.408966 s
currentSize : 28 <-- 155.425568 s
currentSize : 29 <-- 155.425812 s
currentSize : 30 <-- 213.503250 s
currentSize : 31 <-- 942.533264 s

maxsize : 31
nodes : 381831706.000000
filtered : 4132924523.000000
time : 2013.975220
