Parameters: GAD=1 vflib=1 dir=1 label=1 lowerbound=1 fileNameGp=../graphsdb/mcs30/m4D/m4Dr6/mcs30_m4Dr6_s90.A86 fileNameGt=../graphsdb/mcs30/m4D/m4Dr6/mcs30_m4Dr6_s90.B86
Reading graphs...
90 : 200
90 : 200
Initializing...
maxdom : 10
D->valSize : 542
Solving...
Blb : 2 (clique : 29)
currentSize : 29 <-- 0.006708 s
currentSize : 30 <-- 0.006989 s
currentSize : 31 <-- 0.007191 s
currentSize : 32 <-- 0.022806 s
currentSize : 33 <-- 6.439180 s
currentSize : 34 <-- 107.292877 s
currentSize : 35 <-- 1550.616211 s

TIMEOUT
maxsize : 35
nodes : 750318090.000000
filtered : 5724767727.000000
time : 3600.000000
