Parameters: GAD=1 vflib=1 dir=1 label=1 lowerbound=1 fileNameGp=../graphsdb/mcs30/bvg/b06/mcs30_b06_s90.A60 fileNameGt=../graphsdb/mcs30/bvg/b06/mcs30_b06_s90.B60
Reading graphs...
90 : 270
90 : 270
Initializing...
maxdom : 9
D->valSize : 545
Solving...
Blb : 2 (clique : 25)
currentSize : 25 <-- 0.006179 s
currentSize : 26 <-- 0.006452 s
currentSize : 27 <-- 0.031232 s
currentSize : 28 <-- 0.031306 s
currentSize : 29 <-- 0.081466 s
currentSize : 30 <-- 766.567932 s

TIMEOUT
maxsize : 30
nodes : 627667599.000000
filtered : 7478208594.000000
time : 3600.000000
