Parameters: GAD=1 vflib=1 dir=1 label=1 lowerbound=1 fileNameGp=../graphsdb/mcs30/bvg/b03/mcs30_b03_s40.A95 fileNameGt=../graphsdb/mcs30/bvg/b03/mcs30_b03_s40.B95
Reading graphs...
40 : 60
40 : 60
Initializing...
maxdom : 9
D->valSize : 222
Solving...
Blb : 2 (clique : 15)
currentSize : 15 <-- 0.001357 s
currentSize : 16 <-- 0.002160 s
currentSize : 17 <-- 0.011403 s
currentSize : 18 <-- 1.480014 s
currentSize : 19 <-- 4.407494 s
currentSize : 20 <-- 5.962277 s

maxsize : 20
nodes : 2362402.000000
filtered : 19639067.000000
time : 8.880060
