Parameters: GAD=1 vflib=1 dir=1 label=1 lowerbound=1 fileNameGp=../graphsdb/mcs30/bvg/b03/mcs30_b03_s70.A93 fileNameGt=../graphsdb/mcs30/bvg/b03/mcs30_b03_s70.B93
Reading graphs...
70 : 105
70 : 105
Initializing...
maxdom : 11
D->valSize : 335
Solving...
Blb : 2 (clique : 24)
currentSize : 24 <-- 0.003197 s
currentSize : 25 <-- 0.007129 s
currentSize : 26 <-- 0.742400 s
currentSize : 27 <-- 2.215484 s
currentSize : 28 <-- 3.475845 s
currentSize : 29 <-- 4.564002 s
currentSize : 30 <-- 34.042015 s
currentSize : 31 <-- 519.789551 s
currentSize : 32 <-- 3504.078125 s

TIMEOUT
maxsize : 32
nodes : 679762487.000000
filtered : 8264155551.000000
time : 3600.000000
