Parameters: GAD=1 vflib=1 dir=1 label=1 lowerbound=1 fileNameGp=../graphsdb/mcs30/bvg/b09/mcs30_b09_s60.A30 fileNameGt=../graphsdb/mcs30/bvg/b09/mcs30_b09_s60.B30
Reading graphs...
60 : 270
60 : 270
Initializing...
maxdom : 9
D->valSize : 232
Solving...
Blb : 2 (clique : 12)
currentSize : 12 <-- 0.002342 s
currentSize : 13 <-- 0.002535 s
currentSize : 14 <-- 0.015720 s
currentSize : 15 <-- 0.313969 s
currentSize : 16 <-- 1.954564 s
currentSize : 17 <-- 3.317231 s
currentSize : 18 <-- 3.553776 s
currentSize : 19 <-- 8.476110 s
currentSize : 20 <-- 8.875223 s

maxsize : 20
nodes : 2277015.000000
filtered : 17052897.000000
time : 9.491059
