Parameters: GAD=1 vflib=1 dir=1 label=1 lowerbound=1 fileNameGp=../graphsdb/mcs30/rand/r005/mcs30_r005_s60.A31 fileNameGt=../graphsdb/mcs30/rand/r005/mcs30_r005_s60.B31
Reading graphs...
60 : 179
60 : 179
Initializing...
maxdom : 7
D->valSize : 276
Solving...
Blb : 2 (clique : 17)
currentSize : 17 <-- 0.003068 s
currentSize : 18 <-- 0.004336 s
currentSize : 19 <-- 0.011241 s
currentSize : 20 <-- 1.313949 s
currentSize : 21 <-- 49.873898 s
currentSize : 22 <-- 53.042580 s

maxsize : 22
nodes : 16900079.000000
filtered : 184638328.000000
time : 81.405083
