Parameters: GAD=1 vflib=1 dir=1 label=1 lowerbound=1 fileNameGp=../graphsdb/mcs30/m2D/m2Dr4/mcs30_m2Dr4_s90.A72 fileNameGt=../graphsdb/mcs30/m2D/m2Dr4/mcs30_m2Dr4_s90.B72
Reading graphs...
90 : 197
90 : 197
Initializing...
maxdom : 10
D->valSize : 528
Solving...
Blb : 2 (clique : 30)
currentSize : 30 <-- 0.010109 s
currentSize : 31 <-- 0.010557 s
currentSize : 32 <-- 23.760258 s
currentSize : 33 <-- 394.128113 s
currentSize : 34 <-- 440.577454 s
currentSize : 35 <-- 1075.444336 s
currentSize : 36 <-- 1388.318848 s

TIMEOUT
maxsize : 36
nodes : 631159880.000000
filtered : 6040630071.000000
time : 3600.000000
