Parameters: GAD=1 vflib=1 dir=1 label=1 lowerbound=1 fileNameGp=../graphsdb/mcs30/bvg/b03m/mcs30_b03m_s60.A73 fileNameGt=../graphsdb/mcs30/bvg/b03m/mcs30_b03m_s60.B73
Reading graphs...
60 : 90
60 : 90
Initializing...
maxdom : 9
D->valSize : 266
Solving...
Blb : 2 (clique : 26)
currentSize : 26 <-- 0.002275 s
currentSize : 27 <-- 0.002517 s
currentSize : 28 <-- 1.017642 s
currentSize : 29 <-- 4.369142 s
currentSize : 30 <-- 9.869401 s

maxsize : 30
nodes : 14680794.000000
filtered : 109778151.000000
time : 62.801086
