Parameters: GAD=1 vflib=1 dir=1 label=1 lowerbound=1 fileNameGp=../graphsdb/mcs30/m2D/m2Dr4/mcs30_m2Dr4_s90.A90 fileNameGt=../graphsdb/mcs30/m2D/m2Dr4/mcs30_m2Dr4_s90.B90
Reading graphs...
90 : 197
90 : 196
Initializing...
maxdom : 11
D->valSize : 555
Solving...
Blb : 2 (clique : 29)
currentSize : 29 <-- 0.006653 s
currentSize : 30 <-- 0.328976 s
currentSize : 31 <-- 0.360055 s
currentSize : 32 <-- 0.651329 s
currentSize : 33 <-- 1.780470 s
currentSize : 34 <-- 16.233072 s

TIMEOUT
maxsize : 34
nodes : 700843634.000000
filtered : 5317310253.000000
time : 3600.000000
