Parameters: GAD=1 vflib=1 dir=1 label=1 lowerbound=1 fileNameGp=../graphsdb/mcs30/m2D/m2Dr6/mcs30_m2Dr6_s100.A93 fileNameGt=../graphsdb/mcs30/m2D/m2Dr6/mcs30_m2Dr6_s100.B93
Reading graphs...
100 : 240
100 : 239
Initializing...
maxdom : 7
D->valSize : 322
Solving...
Blb : 2 (clique : 32)
currentSize : 32 <-- 0.003358 s
currentSize : 33 <-- 0.006264 s
currentSize : 34 <-- 1.132528 s
currentSize : 35 <-- 8.963922 s
currentSize : 36 <-- 31.128212 s
currentSize : 37 <-- 154.116608 s

TIMEOUT
maxsize : 37
nodes : 651625149.000000
filtered : 3842277227.000000
time : 3600.000000
