Parameters: GAD=1 vflib=1 dir=1 label=1 lowerbound=1 fileNameGp=../graphsdb/mcs30/bvg/b06/mcs30_b06_s100.A21 fileNameGt=../graphsdb/mcs30/bvg/b06/mcs30_b06_s100.B21
Reading graphs...
100 : 300
100 : 300
Initializing...
maxdom : 7
D->valSize : 348
Solving...
Blb : 3 (clique : 29)
currentSize : 29 <-- 0.003388 s
currentSize : 30 <-- 0.004562 s
currentSize : 31 <-- 0.005712 s
currentSize : 32 <-- 0.043569 s
currentSize : 33 <-- 29.108681 s
currentSize : 35 <-- 29.113844 s
currentSize : 36 <-- 29.130768 s
currentSize : 37 <-- 250.354385 s
currentSize : 38 <-- 267.246582 s

TIMEOUT
maxsize : 38
nodes : 611965779.000000
filtered : 4165083592.000000
time : 3600.000000
