Parameters: GAD=1 vflib=1 dir=1 label=1 lowerbound=1 fileNameGp=../graphsdb/mcs30/bvg/b03/mcs30_b03_s40.A10 fileNameGt=../graphsdb/mcs30/bvg/b03/mcs30_b03_s40.B10
Reading graphs...
40 : 60
40 : 60
Initializing...
maxdom : 8
D->valSize : 208
Solving...
Blb : 5 (clique : 15)
currentSize : 15 <-- 0.001189 s
currentSize : 16 <-- 0.001581 s
currentSize : 17 <-- 0.002310 s
currentSize : 18 <-- 0.025195 s
currentSize : 19 <-- 0.399324 s

maxsize : 19
nodes : 2258729.000000
filtered : 22096572.000000
time : 8.338353
