Parameters: GAD=1 vflib=1 dir=1 label=1 lowerbound=1 fileNameGp=../graphsdb/mcs30/m4D/m4Dr4/mcs30_m4Dr4_s60.A13 fileNameGt=../graphsdb/mcs30/m4D/m4Dr4/mcs30_m4Dr4_s60.B13
Reading graphs...
60 : 126
60 : 126
Initializing...
maxdom : 7
D->valSize : 226
Solving...
Blb : 2 (clique : 19)
currentSize : 19 <-- 0.001758 s
currentSize : 20 <-- 0.001912 s
currentSize : 21 <-- 0.002010 s
currentSize : 22 <-- 0.171310 s
currentSize : 23 <-- 1.138938 s
currentSize : 24 <-- 22.010872 s
currentSize : 25 <-- 387.180450 s

maxsize : 25
nodes : 178045936.000000
filtered : 1317764662.000000
time : 751.796265
