Parameters: GAD=1 vflib=1 dir=1 label=1 lowerbound=1 fileNameGp=../graphsdb/mcs30/m2D/m2D/mcs30_m2D_s60.A10 fileNameGt=../graphsdb/mcs30/m2D/m2D/mcs30_m2D_s60.B10
Reading graphs...
60 : 104
60 : 104
Initializing...
maxdom : 9
D->valSize : 259
Solving...
Blb : 2 (clique : 23)
currentSize : 23 <-- 0.002942 s
currentSize : 24 <-- 0.526915 s
currentSize : 25 <-- 26.465012 s
currentSize : 26 <-- 68.618843 s
currentSize : 27 <-- 1786.718140 s
currentSize : 28 <-- 2103.085938 s

maxsize : 28
nodes : 551041813.000000
filtered : 4261811899.000000
time : 2337.847412
