Parameters: GAD=1 vflib=1 dir=1 label=1 lowerbound=1 fileNameGp=../graphsdb/mcs30/rand/r005/mcs30_r005_s70.A53 fileNameGt=../graphsdb/mcs30/rand/r005/mcs30_r005_s70.B53
Reading graphs...
70 : 240
70 : 240
Initializing...
maxdom : 8
D->valSize : 322
Solving...
Blb : 2 (clique : 19)
currentSize : 19 <-- 0.004285 s
currentSize : 20 <-- 0.004572 s
currentSize : 21 <-- 0.004911 s
currentSize : 22 <-- 0.005879 s
currentSize : 23 <-- 0.382026 s
currentSize : 24 <-- 0.428813 s
currentSize : 25 <-- 4.894988 s

maxsize : 25
nodes : 555201053.000000
filtered : 5660246086.000000
time : 2774.884766
