Parameters: GAD=1 vflib=1 dir=1 label=1 lowerbound=1 fileNameGp=../graphsdb/mcs30/bvg/b09/mcs30_b09_s50.A44 fileNameGt=../graphsdb/mcs30/bvg/b09/mcs30_b09_s50.B44
Reading graphs...
50 : 225
50 : 225
Initializing...
maxdom : 10
D->valSize : 316
Solving...
Blb : 2 (clique : 12)
currentSize : 12 <-- 0.003353 s
currentSize : 13 <-- 0.014224 s
currentSize : 14 <-- 0.194578 s
currentSize : 15 <-- 0.194629 s
currentSize : 16 <-- 0.194726 s

maxsize : 16
nodes : 1936329.000000
filtered : 35519225.000000
time : 9.302653
