Parameters: GAD=1 vflib=1 dir=1 label=1 lowerbound=1 fileNameGp=../graphsdb/mcs30/bvg/b09/mcs30_b09_s90.A10 fileNameGt=../graphsdb/mcs30/bvg/b09/mcs30_b09_s90.B10
Reading graphs...
90 : 405
90 : 405
Initializing...
maxdom : 13
D->valSize : 537
Solving...
Blb : 2 (clique : 20)
currentSize : 20 <-- 0.006157 s
currentSize : 21 <-- 0.010644 s
currentSize : 22 <-- 0.052163 s
currentSize : 23 <-- 0.076611 s
currentSize : 24 <-- 5.419057 s
currentSize : 25 <-- 5.445010 s
currentSize : 26 <-- 5.569097 s
currentSize : 27 <-- 12.578103 s
currentSize : 28 <-- 12.578423 s
currentSize : 29 <-- 29.207703 s
currentSize : 30 <-- 29.550631 s
currentSize : 31 <-- 76.412720 s
currentSize : 32 <-- 1424.438965 s
currentSize : 33 <-- 2281.679199 s

TIMEOUT
maxsize : 33
nodes : 586519436.000000
filtered : 8500065825.000000
time : 3600.000000
