Parameters: GAD=1 vflib=1 dir=1 label=1 lowerbound=1 fileNameGp=../graphsdb/mcs30/m3D/m3Dr4/mcs30_m3Dr4_s80.A32 fileNameGt=../graphsdb/mcs30/m3D/m3Dr4/mcs30_m3Dr4_s80.B32
Reading graphs...
80 : 216
80 : 215
Initializing...
maxdom : 10
D->valSize : 466
Solving...
Blb : 5 (clique : 23)
currentSize : 23 <-- 0.004792 s
currentSize : 24 <-- 0.005399 s
currentSize : 25 <-- 0.025564 s
currentSize : 26 <-- 0.070850 s
currentSize : 27 <-- 9.003764 s
currentSize : 28 <-- 13.676352 s
currentSize : 29 <-- 474.562469 s
currentSize : 30 <-- 755.311646 s
currentSize : 31 <-- 849.674255 s
currentSize : 32 <-- 890.569885 s

TIMEOUT
maxsize : 32
nodes : 640602363.000000
filtered : 7597633558.000000
time : 3600.000000
