Parameters: GAD=1 vflib=1 dir=1 label=1 lowerbound=1 fileNameGp=../graphsdb/mcs30/rand/r02/mcs30_r02_s50.A87 fileNameGt=../graphsdb/mcs30/rand/r02/mcs30_r02_s50.B87
Reading graphs...
50 : 489
50 : 489
Initializing...
maxdom : 10
D->valSize : 331
Solving...
Blb : 2 (clique : 7)
currentSize : 7 <-- 0.002412 s
currentSize : 8 <-- 0.002729 s
currentSize : 9 <-- 0.011774 s
currentSize : 10 <-- 0.017220 s
currentSize : 11 <-- 0.021663 s
currentSize : 13 <-- 0.028705 s
currentSize : 14 <-- 0.059406 s
currentSize : 15 <-- 0.072631 s

maxsize : 15
nodes : 16997.000000
filtered : 399684.000000
time : 0.089428
