Parameters: GAD=1 vflib=1 dir=1 label=1 lowerbound=1 fileNameGp=../graphsdb/mcs30/bvg/b06/mcs30_b06_s80.A68 fileNameGt=../graphsdb/mcs30/bvg/b06/mcs30_b06_s80.B68
Reading graphs...
80 : 240
80 : 240
Initializing...
maxdom : 8
D->valSize : 439
Solving...
Blb : 2 (clique : 23)
currentSize : 23 <-- 0.007028 s
currentSize : 24 <-- 0.007835 s
currentSize : 25 <-- 0.014640 s
currentSize : 26 <-- 6.020987 s
currentSize : 27 <-- 6.022864 s
currentSize : 28 <-- 6.030848 s
currentSize : 29 <-- 13.026107 s
currentSize : 30 <-- 76.938377 s
currentSize : 31 <-- 88.708458 s
currentSize : 32 <-- 88.711258 s

TIMEOUT
maxsize : 32
nodes : 603010173.000000
filtered : 8090338562.000000
time : 3600.000000
