Parameters: GAD=1 vflib=1 dir=1 label=1 lowerbound=1 fileNameGp=../graphsdb/mcs30/bvg/b06/mcs30_b06_s70.A69 fileNameGt=../graphsdb/mcs30/bvg/b06/mcs30_b06_s70.B69
Reading graphs...
70 : 210
70 : 210
Initializing...
maxdom : 10
D->valSize : 362
Solving...
Blb : 3 (clique : 19)
currentSize : 19 <-- 0.004887 s
currentSize : 20 <-- 0.008861 s
currentSize : 21 <-- 0.025387 s
currentSize : 22 <-- 0.176497 s
currentSize : 23 <-- 1.267349 s
currentSize : 24 <-- 7.667327 s
currentSize : 25 <-- 281.034424 s
currentSize : 26 <-- 1949.916870 s
currentSize : 27 <-- 1950.016846 s
currentSize : 28 <-- 1950.018799 s
currentSize : 29 <-- 1955.144165 s

maxsize : 29
nodes : 509604160.000000
filtered : 5947563038.000000
time : 2584.931396
