Parameters: GAD=1 vflib=1 dir=1 label=1 lowerbound=1 fileNameGp=../graphsdb/mcs30/m3D/m3Dr6/mcs30_m3Dr6_s90.A90 fileNameGt=../graphsdb/mcs30/m3D/m3Dr6/mcs30_m3Dr6_s90.B90
Reading graphs...
90 : 263
90 : 263
Initializing...
maxdom : 13
D->valSize : 529
Solving...
Blb : 2 (clique : 30)
currentSize : 30 <-- 0.006017 s
currentSize : 31 <-- 0.006304 s
currentSize : 32 <-- 0.008745 s
currentSize : 33 <-- 0.008836 s
currentSize : 34 <-- 0.011449 s
currentSize : 35 <-- 0.023304 s
currentSize : 36 <-- 0.204997 s
currentSize : 37 <-- 1903.354248 s

TIMEOUT
maxsize : 37
nodes : 621448015.000000
filtered : 5862816053.000000
time : 3600.000000
