Parameters: GAD=1 vflib=1 dir=1 label=1 lowerbound=1 fileNameGp=../graphsdb/mcs30/bvg/b06m/mcs30_b06m_s35.A37 fileNameGt=../graphsdb/mcs30/bvg/b06m/mcs30_b06m_s35.B37
Reading graphs...
35 : 105
35 : 105
Initializing...
maxdom : 8
D->valSize : 162
Solving...
Blb : 3 (clique : 8)
currentSize : 8 <-- 0.000804 s
currentSize : 9 <-- 0.000877 s
currentSize : 10 <-- 0.001547 s
currentSize : 12 <-- 0.009390 s
currentSize : 13 <-- 0.009487 s
currentSize : 14 <-- 0.021971 s

maxsize : 14
nodes : 26030.000000
filtered : 266671.000000
time : 0.096224
