Parameters: GAD=1 vflib=1 dir=1 label=1 lowerbound=1 fileNameGp=../graphsdb/mcs30/m4D/m4Dr6/mcs30_m4Dr6_s70.A01 fileNameGt=../graphsdb/mcs30/m4D/m4Dr6/mcs30_m4Dr6_s70.B01
Reading graphs...
70 : 160
70 : 159
Initializing...
maxdom : 10
D->valSize : 332
Solving...
Blb : 3 (clique : 23)
currentSize : 23 <-- 0.002922 s
currentSize : 24 <-- 0.003204 s
currentSize : 25 <-- 0.012218 s
currentSize : 26 <-- 2.315483 s
currentSize : 27 <-- 2.317989 s
currentSize : 28 <-- 2.761339 s
currentSize : 29 <-- 5.199182 s
currentSize : 30 <-- 90.084221 s

TIMEOUT
maxsize : 30
nodes : 750275749.000000
filtered : 6443794542.000000
time : 3600.000000
