Parameters: GAD=1 vflib=1 dir=1 label=1 lowerbound=1 fileNameGp=../graphsdb/mcs30/bvg/b09m/mcs30_b09m_s35.A82 fileNameGt=../graphsdb/mcs30/bvg/b09m/mcs30_b09m_s35.B82
Reading graphs...
35 : 157
35 : 157
Initializing...
maxdom : 6
D->valSize : 161
Solving...
Blb : 3 (clique : 8)
currentSize : 8 <-- 0.000906 s
currentSize : 9 <-- 0.005357 s
currentSize : 10 <-- 0.010233 s
currentSize : 11 <-- 0.017112 s
currentSize : 12 <-- 0.022295 s

maxsize : 12
nodes : 14602.000000
filtered : 165281.000000
time : 0.052596
