Parameters: GAD=1 vflib=1 dir=1 label=1 lowerbound=1 fileNameGp=../graphsdb/mcs30/rand/r02/mcs30_r02_s50.A25 fileNameGt=../graphsdb/mcs30/rand/r02/mcs30_r02_s50.B25
Reading graphs...
50 : 489
50 : 489
Initializing...
maxdom : 8
D->valSize : 299
Solving...
Blb : 2 (clique : 7)
currentSize : 7 <-- 0.001941 s
currentSize : 9 <-- 0.002774 s
currentSize : 10 <-- 0.013394 s
currentSize : 11 <-- 0.020193 s
currentSize : 12 <-- 0.059991 s
currentSize : 15 <-- 0.069094 s

maxsize : 15
nodes : 20357.000000
filtered : 372664.000000
time : 0.097164
