Parameters: GAD=1 vflib=1 dir=1 label=1 lowerbound=1 fileNameGp=../graphsdb/mcs30/m2D/m2Dr4/mcs30_m2Dr4_s70.A68 fileNameGt=../graphsdb/mcs30/m2D/m2Dr4/mcs30_m2Dr4_s70.B68
Reading graphs...
70 : 151
70 : 150
Initializing...
maxdom : 8
D->valSize : 338
Solving...
Blb : 2 (clique : 22)
currentSize : 22 <-- 0.002930 s
currentSize : 23 <-- 0.003406 s
currentSize : 24 <-- 0.003508 s
currentSize : 25 <-- 0.183383 s
currentSize : 26 <-- 146.055252 s
currentSize : 27 <-- 1659.106567 s
currentSize : 28 <-- 3273.282715 s

TIMEOUT
maxsize : 28
nodes : 816282284.000000
filtered : 6412936974.000000
time : 3600.000000
