Parameters: GAD=1 vflib=1 dir=1 label=1 lowerbound=1 fileNameGp=../graphsdb/mcs30/bvg/b09m/mcs30_b09m_s50.A97 fileNameGt=../graphsdb/mcs30/bvg/b09m/mcs30_b09m_s50.B97
Reading graphs...
50 : 225
50 : 225
Initializing...
maxdom : 10
D->valSize : 316
Solving...
Blb : 3 (clique : 12)
currentSize : 12 <-- 0.002169 s
currentSize : 13 <-- 0.002357 s
currentSize : 14 <-- 0.003751 s
currentSize : 16 <-- 0.859412 s
currentSize : 17 <-- 0.859454 s
currentSize : 18 <-- 0.868949 s

maxsize : 18
nodes : 359186.000000
filtered : 5159648.000000
time : 1.624469
