Parameters: GAD=1 vflib=1 dir=1 label=1 lowerbound=1 fileNameGp=../graphsdb/mcs30/m3D/m3Dr6/mcs30_m3Dr6_s70.A74 fileNameGt=../graphsdb/mcs30/m3D/m3Dr6/mcs30_m3Dr6_s70.B74
Reading graphs...
70 : 201
70 : 200
Initializing...
maxdom : 8
D->valSize : 321
Solving...
Blb : 2 (clique : 21)
currentSize : 21 <-- 0.002665 s
currentSize : 22 <-- 0.002852 s
currentSize : 24 <-- 0.003372 s
currentSize : 25 <-- 0.004502 s
currentSize : 27 <-- 0.014788 s
currentSize : 28 <-- 0.263500 s
currentSize : 29 <-- 0.267117 s
currentSize : 30 <-- 1.234423 s
currentSize : 31 <-- 1.235873 s
currentSize : 32 <-- 1.246114 s

maxsize : 32
nodes : 7279470.000000
filtered : 71903286.000000
time : 37.067177
