Parameters: GAD=1 vflib=1 dir=1 label=1 lowerbound=1 fileNameGp=../graphsdb/mcs30/rand/r01/mcs30_r01_s80.A23 fileNameGt=../graphsdb/mcs30/rand/r01/mcs30_r01_s80.B23
Reading graphs...
80 : 631
80 : 631
Initializing...
maxdom : 9
D->valSize : 428
Solving...
Blb : 2 (clique : 11)
currentSize : 11 <-- 0.004100 s
currentSize : 12 <-- 0.006968 s
currentSize : 13 <-- 0.008296 s
currentSize : 14 <-- 0.073028 s
currentSize : 15 <-- 0.106358 s
currentSize : 16 <-- 2.552362 s
currentSize : 17 <-- 20.854467 s
currentSize : 18 <-- 20.854548 s
currentSize : 19 <-- 20.856457 s
currentSize : 20 <-- 20.857168 s
currentSize : 21 <-- 23.032461 s
currentSize : 24 <-- 23.036844 s

maxsize : 24
nodes : 7067320.000000
filtered : 96725764.000000
time : 40.062462
