Parameters: GAD=1 vflib=1 dir=1 label=1 lowerbound=1 fileNameGp=../graphsdb/mcs30/bvg/b06/mcs30_b06_s70.A75 fileNameGt=../graphsdb/mcs30/bvg/b06/mcs30_b06_s70.B75
Reading graphs...
70 : 210
70 : 210
Initializing...
maxdom : 10
D->valSize : 329
Solving...
Blb : 5 (clique : 21)
currentSize : 21 <-- 0.004216 s
currentSize : 22 <-- 2.387643 s
currentSize : 23 <-- 122.713760 s
currentSize : 24 <-- 227.100006 s
currentSize : 25 <-- 227.107025 s
currentSize : 26 <-- 227.374939 s
currentSize : 27 <-- 1112.098267 s

maxsize : 27
nodes : 325238310.000000
filtered : 3313204681.000000
time : 1655.815308
