Parameters: GAD=1 vflib=1 dir=1 label=1 lowerbound=1 fileNameGp=../graphsdb/mcs30/m2D/m2Dr2/mcs30_m2Dr2_s70.A52 fileNameGt=../graphsdb/mcs30/m2D/m2Dr2/mcs30_m2Dr2_s70.B52
Reading graphs...
70 : 137
70 : 136
Initializing...
maxdom : 10
D->valSize : 353
Solving...
Blb : 2 (clique : 28)
currentSize : 28 <-- 0.003197 s
currentSize : 29 <-- 0.004982 s
currentSize : 30 <-- 0.012129 s
currentSize : 31 <-- 16.249317 s
currentSize : 32 <-- 188.765579 s
currentSize : 33 <-- 515.340149 s
currentSize : 34 <-- 515.660583 s

maxsize : 34
nodes : 146099019.000000
filtered : 1592020422.000000
time : 751.975037
