Parameters: GAD=1 vflib=1 dir=1 label=1 lowerbound=1 fileNameGp=../graphsdb/mcs30/m3D/m3Dr6/mcs30_m3Dr6_s80.A59 fileNameGt=../graphsdb/mcs30/m3D/m3Dr6/mcs30_m3Dr6_s80.B59
Reading graphs...
80 : 232
80 : 232
Initializing...
maxdom : 9
D->valSize : 416
Solving...
Blb : 2 (clique : 20)
currentSize : 20 <-- 0.004096 s
currentSize : 22 <-- 0.016836 s
currentSize : 23 <-- 0.045750 s
currentSize : 24 <-- 1.598308 s
currentSize : 25 <-- 7.831156 s
currentSize : 26 <-- 10.389620 s
currentSize : 27 <-- 22.191484 s

TIMEOUT
maxsize : 27
nodes : 720442594.000000
filtered : 6091576156.000000
time : 3600.000000
