Parameters: GAD=1 vflib=1 dir=1 label=1 lowerbound=1 fileNameGp=../graphsdb/mcs30/m4D/m4Dr6/mcs30_m4Dr6_s70.A53 fileNameGt=../graphsdb/mcs30/m4D/m4Dr6/mcs30_m4Dr6_s70.B53
Reading graphs...
70 : 160
70 : 160
Initializing...
maxdom : 7
D->valSize : 337
Solving...
Blb : 2 (clique : 24)
currentSize : 24 <-- 0.002965 s
currentSize : 25 <-- 0.003200 s
currentSize : 26 <-- 0.005513 s
currentSize : 27 <-- 0.503591 s
currentSize : 28 <-- 5.102684 s
currentSize : 29 <-- 5.132735 s

TIMEOUT
maxsize : 29
nodes : 751466532.000000
filtered : 6954132820.000000
time : 3600.000000
