Parameters: GAD=1 vflib=1 dir=1 label=1 lowerbound=1 fileNameGp=../graphsdb/mcs30/m4D/m4Dr6/mcs30_m4Dr6_s50.A95 fileNameGt=../graphsdb/mcs30/m4D/m4Dr6/mcs30_m4Dr6_s50.B95
Reading graphs...
50 : 117
50 : 116
Initializing...
maxdom : 9
D->valSize : 305
Solving...
Blb : 2 (clique : 17)
currentSize : 17 <-- 0.003408 s
currentSize : 20 <-- 0.003566 s
currentSize : 21 <-- 0.005041 s
currentSize : 22 <-- 0.025638 s
currentSize : 23 <-- 0.025760 s
currentSize : 24 <-- 0.026261 s
currentSize : 25 <-- 0.054334 s

maxsize : 25
nodes : 5044198.000000
filtered : 72370551.000000
time : 24.158720
