Parameters: GAD=1 vflib=1 dir=1 label=1 lowerbound=1 fileNameGp=../graphsdb/mcs30/rand/r02/mcs30_r02_s60.A71 fileNameGt=../graphsdb/mcs30/rand/r02/mcs30_r02_s60.B71
Reading graphs...
60 : 707
60 : 707
Initializing...
maxdom : 9
D->valSize : 236
Solving...
Blb : 2 (clique : 10)
currentSize : 10 <-- 0.001616 s
currentSize : 11 <-- 0.015387 s
currentSize : 13 <-- 0.015430 s
currentSize : 16 <-- 0.015749 s
currentSize : 18 <-- 0.015837 s

maxsize : 18
nodes : 7818.000000
filtered : 129386.000000
time : 0.040495
