Parameters: GAD=1 vflib=1 dir=1 label=1 lowerbound=1 fileNameGp=../graphsdb/mcs30/rand/r005/mcs30_r005_s100.A47 fileNameGt=../graphsdb/mcs30/rand/r005/mcs30_r005_s100.B47
Reading graphs...
100 : 494
100 : 494
Initializing...
maxdom : 7
D->valSize : 338
Solving...
Blb : 2 (clique : 22)
currentSize : 22 <-- 0.003274 s
currentSize : 23 <-- 0.003488 s
currentSize : 24 <-- 0.032851 s
currentSize : 25 <-- 0.317137 s
currentSize : 26 <-- 0.506655 s
currentSize : 27 <-- 0.506812 s
currentSize : 28 <-- 0.515132 s
currentSize : 29 <-- 0.761782 s
currentSize : 30 <-- 6.482662 s
currentSize : 32 <-- 12.680255 s
currentSize : 33 <-- 27.874254 s

maxsize : 33
nodes : 134189021.000000
filtered : 1302459488.000000
time : 843.603882
