Parameters: GAD=1 vflib=1 dir=1 label=1 lowerbound=1 fileNameGp=../graphsdb/mcs30/bvg/b06/mcs30_b06_s50.A80 fileNameGt=../graphsdb/mcs30/bvg/b06/mcs30_b06_s50.B80
Reading graphs...
50 : 150
50 : 150
Initializing...
maxdom : 9
D->valSize : 327
Solving...
Blb : 2 (clique : 15)
currentSize : 15 <-- 0.002262 s
currentSize : 17 <-- 0.002409 s
currentSize : 19 <-- 0.002737 s
currentSize : 20 <-- 0.137042 s
currentSize : 21 <-- 0.204965 s

maxsize : 21
nodes : 5315307.000000
filtered : 87107381.000000
time : 27.371132
