Parameters: GAD=1 vflib=1 dir=1 label=1 lowerbound=1 fileNameGp=../graphsdb/mcs30/bvg/b09m/mcs30_b09m_s50.A38 fileNameGt=../graphsdb/mcs30/bvg/b09m/mcs30_b09m_s50.B38
Reading graphs...
50 : 225
50 : 225
Initializing...
maxdom : 11
D->valSize : 332
Solving...
Blb : 2 (clique : 13)
currentSize : 13 <-- 0.002224 s
currentSize : 15 <-- 0.002779 s
currentSize : 16 <-- 0.002823 s
currentSize : 17 <-- 0.330116 s
currentSize : 18 <-- 2.966957 s

maxsize : 18
nodes : 1629899.000000
filtered : 32713817.000000
time : 8.033429
