Parameters: GAD=1 vflib=1 dir=1 label=1 lowerbound=1 fileNameGp=../graphsdb/mcs30/m2D/m2D/mcs30_m2D_s60.A79 fileNameGt=../graphsdb/mcs30/m2D/m2D/mcs30_m2D_s60.B79
Reading graphs...
60 : 104
60 : 104
Initializing...
maxdom : 7
D->valSize : 236
Solving...
Blb : 2 (clique : 22)
currentSize : 22 <-- 0.002652 s
currentSize : 23 <-- 0.132393 s
currentSize : 24 <-- 0.172183 s
currentSize : 25 <-- 0.411529 s
currentSize : 26 <-- 21.091801 s

maxsize : 26
nodes : 13380147.000000
filtered : 103789997.000000
time : 57.882114
