Parameters: GAD=1 vflib=1 dir=1 label=1 lowerbound=1 fileNameGp=../graphsdb/mcs30/m4D/m4Dr4/mcs30_m4Dr4_s80.A53 fileNameGt=../graphsdb/mcs30/m4D/m4Dr4/mcs30_m4Dr4_s80.B53
Reading graphs...
80 : 163
80 : 162
Initializing...
maxdom : 8
D->valSize : 429
Solving...
Blb : 2 (clique : 28)
currentSize : 28 <-- 0.004233 s
currentSize : 29 <-- 0.005715 s
currentSize : 30 <-- 0.075897 s
currentSize : 31 <-- 0.274918 s
currentSize : 32 <-- 19.766321 s
currentSize : 33 <-- 298.544647 s

TIMEOUT
maxsize : 33
nodes : 772469615.000000
filtered : 4410885495.000000
time : 3600.000000
