Parameters: GAD=1 vflib=1 dir=1 label=1 lowerbound=1 fileNameGp=../graphsdb/mcs30/rand/r02/mcs30_r02_s80.A04 fileNameGt=../graphsdb/mcs30/rand/r02/mcs30_r02_s80.B04
Reading graphs...
80 : 1263
80 : 1263
Initializing...
maxdom : 10
D->valSize : 503
Solving...
Blb : 2 (clique : 7)
currentSize : 7 <-- 0.004947 s
currentSize : 8 <-- 0.005101 s
currentSize : 9 <-- 0.005750 s
currentSize : 11 <-- 0.006754 s
currentSize : 12 <-- 0.011707 s
currentSize : 15 <-- 0.035414 s
currentSize : 17 <-- 0.137335 s
currentSize : 18 <-- 0.171759 s
currentSize : 24 <-- 0.274401 s

maxsize : 24
nodes : 55388.000000
filtered : 1727627.000000
time : 0.380137
