Parameters: GAD=1 vflib=1 dir=1 label=1 lowerbound=1 fileNameGp=../graphsdb/mcs30/m3D/m3Dr4/mcs30_m3Dr4_s70.A53 fileNameGt=../graphsdb/mcs30/m3D/m3Dr4/mcs30_m3Dr4_s70.B53
Reading graphs...
70 : 187
70 : 186
Initializing...
maxdom : 8
D->valSize : 358
Solving...
Blb : 3 (clique : 21)
currentSize : 21 <-- 0.003233 s
currentSize : 22 <-- 0.004741 s
currentSize : 23 <-- 0.008282 s
currentSize : 24 <-- 0.394980 s
currentSize : 25 <-- 1.204910 s
currentSize : 26 <-- 44.237980 s
currentSize : 27 <-- 44.928272 s
currentSize : 28 <-- 551.786011 s
currentSize : 29 <-- 780.480896 s
currentSize : 30 <-- 783.886414 s

maxsize : 30
nodes : 345707919.000000
filtered : 3623812347.000000
time : 1817.994507
