Parameters: GAD=1 vflib=1 dir=1 label=1 lowerbound=1 fileNameGp=../graphsdb/mcs30/rand/r02/mcs30_r02_s80.A83 fileNameGt=../graphsdb/mcs30/rand/r02/mcs30_r02_s80.B83
Reading graphs...
80 : 1263
80 : 1263
Initializing...
maxdom : 9
D->valSize : 432
Solving...
Blb : 2 (clique : 7)
currentSize : 7 <-- 0.003962 s
currentSize : 8 <-- 0.004206 s
currentSize : 9 <-- 0.010904 s
currentSize : 10 <-- 0.035257 s
currentSize : 14 <-- 0.036758 s
currentSize : 20 <-- 0.126924 s
currentSize : 24 <-- 0.159076 s

maxsize : 24
nodes : 41654.000000
filtered : 922321.000000
time : 0.258950
