Parameters: GAD=1 vflib=1 dir=1 label=1 lowerbound=1 fileNameGp=../graphsdb/mcs30/bvg/b03/mcs30_b03_s100.A98 fileNameGt=../graphsdb/mcs30/bvg/b03/mcs30_b03_s100.B98
Reading graphs...
100 : 150
100 : 150
Initializing...
maxdom : 9
D->valSize : 370
Solving...
Blb : 5 (clique : 36)
currentSize : 36 <-- 0.003849 s
currentSize : 37 <-- 0.004170 s
currentSize : 38 <-- 0.004264 s
currentSize : 39 <-- 0.004714 s
currentSize : 40 <-- 6.341277 s
currentSize : 41 <-- 67.614433 s
currentSize : 42 <-- 122.216240 s
currentSize : 43 <-- 368.260651 s
currentSize : 44 <-- 2006.012451 s

TIMEOUT
maxsize : 44
nodes : 690180833.000000
filtered : 3606026855.000000
time : 3600.000000
