Parameters: GAD=1 vflib=1 dir=1 label=1 lowerbound=1 fileNameGp=../graphsdb/mcs30/m4D/m4Dr4/mcs30_m4Dr4_s60.A89 fileNameGt=../graphsdb/mcs30/m4D/m4Dr4/mcs30_m4Dr4_s60.B89
Reading graphs...
60 : 126
60 : 126
Initializing...
maxdom : 7
D->valSize : 250
Solving...
Blb : 2 (clique : 22)
currentSize : 22 <-- 0.002940 s
currentSize : 23 <-- 0.003508 s
currentSize : 24 <-- 0.057917 s
currentSize : 25 <-- 0.145129 s
currentSize : 26 <-- 200.959198 s

maxsize : 26
nodes : 170555296.000000
filtered : 1355511006.000000
time : 756.334473
