Parameters: GAD=1 vflib=1 dir=1 label=1 lowerbound=1 fileNameGp=../graphsdb/mcs30/rand/r02/mcs30_r02_s90.A64 fileNameGt=../graphsdb/mcs30/rand/r02/mcs30_r02_s90.B64
Reading graphs...
90 : 1601
90 : 1601
Initializing...
maxdom : 10
D->valSize : 535
Solving...
Blb : 2 (clique : 9)
currentSize : 9 <-- 0.005882 s
currentSize : 10 <-- 0.006640 s
currentSize : 11 <-- 0.014839 s
currentSize : 12 <-- 0.014895 s
currentSize : 14 <-- 0.146734 s
currentSize : 19 <-- 0.146956 s
currentSize : 20 <-- 0.338749 s
currentSize : 27 <-- 0.375225 s

maxsize : 27
nodes : 82145.000000
filtered : 2342715.000000
time : 0.581492
