Parameters: GAD=1 vflib=1 dir=1 label=1 lowerbound=1 fileNameGp=../graphsdb/mcs30/m3D/m3Dr4/mcs30_m3Dr4_s70.A21 fileNameGt=../graphsdb/mcs30/m3D/m3Dr4/mcs30_m3Dr4_s70.B21
Reading graphs...
70 : 187
70 : 186
Initializing...
maxdom : 8
D->valSize : 346
Solving...
Blb : 2 (clique : 25)
currentSize : 25 <-- 0.003080 s
currentSize : 27 <-- 0.003276 s
currentSize : 28 <-- 0.004866 s
currentSize : 29 <-- 0.007795 s
currentSize : 30 <-- 0.007931 s
currentSize : 31 <-- 0.008152 s

maxsize : 31
nodes : 41414460.000000
filtered : 389708285.000000
time : 211.556381
