Parameters: GAD=1 vflib=1 dir=1 label=1 lowerbound=1 fileNameGp=../graphsdb/mcs30/m3D/m3Dr6/mcs30_m3Dr6_s40.A17 fileNameGt=../graphsdb/mcs30/m3D/m3Dr6/mcs30_m3Dr6_s40.B17
Reading graphs...
40 : 108
40 : 106
Initializing...
maxdom : 8
D->valSize : 210
Solving...
Blb : 2 (clique : 11)
currentSize : 11 <-- 0.001246 s
currentSize : 12 <-- 0.001332 s
currentSize : 13 <-- 0.001409 s
currentSize : 14 <-- 0.001523 s
currentSize : 15 <-- 0.001586 s
currentSize : 16 <-- 0.704755 s

maxsize : 16
nodes : 552105.000000
filtered : 6472716.000000
time : 2.147741
