Parameters: GAD=1 vflib=1 dir=1 label=1 lowerbound=1 fileNameGp=../graphsdb/mcs30/m2D/m2D/mcs30_m2D_s60.A05 fileNameGt=../graphsdb/mcs30/m2D/m2D/mcs30_m2D_s60.B05
Reading graphs...
60 : 104
60 : 104
Initializing...
maxdom : 9
D->valSize : 234
Solving...
Blb : 2 (clique : 20)
currentSize : 20 <-- 0.001720 s
currentSize : 21 <-- 0.001942 s
currentSize : 22 <-- 0.007582 s
currentSize : 23 <-- 0.018970 s
currentSize : 24 <-- 0.048875 s
currentSize : 25 <-- 0.759024 s
currentSize : 26 <-- 1.261667 s
currentSize : 27 <-- 1.557151 s
currentSize : 28 <-- 3.130350 s

maxsize : 28
nodes : 32096335.000000
filtered : 218366560.000000
time : 136.864838
