Parameters: GAD=1 vflib=1 dir=1 label=1 lowerbound=1 fileNameGp=../graphsdb/mcs30/m3D/m3Dr6/mcs30_m3Dr6_s40.A87 fileNameGt=../graphsdb/mcs30/m3D/m3Dr6/mcs30_m3Dr6_s40.B87
Reading graphs...
40 : 107
40 : 107
Initializing...
maxdom : 9
D->valSize : 198
Solving...
Blb : 2 (clique : 11)
currentSize : 11 <-- 0.001691 s
currentSize : 13 <-- 0.002206 s
currentSize : 14 <-- 0.089558 s
currentSize : 15 <-- 0.790061 s
currentSize : 16 <-- 1.549376 s

maxsize : 16
nodes : 697245.000000
filtered : 8191523.000000
time : 2.758946
