Parameters: GAD=1 vflib=1 dir=1 label=1 lowerbound=1 fileNameGp=../graphsdb/mcs30/rand/r02/mcs30_r02_s80.A60 fileNameGt=../graphsdb/mcs30/rand/r02/mcs30_r02_s80.B60
Reading graphs...
80 : 1263
80 : 1263
Initializing...
maxdom : 11
D->valSize : 448
Solving...
Blb : 2 (clique : 9)
currentSize : 9 <-- 0.004017 s
currentSize : 10 <-- 0.007986 s
currentSize : 11 <-- 0.021398 s
currentSize : 12 <-- 0.022037 s
currentSize : 14 <-- 0.025211 s
currentSize : 15 <-- 0.025291 s
currentSize : 18 <-- 0.116517 s
currentSize : 24 <-- 0.116893 s

maxsize : 24
nodes : 36822.000000
filtered : 975680.000000
time : 0.246250
