Parameters: GAD=1 vflib=1 dir=1 label=1 lowerbound=1 fileNameGp=../graphsdb/mcs30/m2D/m2Dr6/mcs30_m2Dr6_s50.A69 fileNameGt=../graphsdb/mcs30/m2D/m2Dr6/mcs30_m2Dr6_s50.B69
Reading graphs...
50 : 115
50 : 114
Initializing...
maxdom : 10
D->valSize : 318
Solving...
Blb : 2 (clique : 17)
currentSize : 17 <-- 0.002349 s
currentSize : 18 <-- 0.003057 s
currentSize : 19 <-- 0.005922 s
currentSize : 20 <-- 1.160180 s
currentSize : 21 <-- 16.414883 s
currentSize : 22 <-- 16.439777 s
currentSize : 23 <-- 43.055695 s

maxsize : 23
nodes : 13445998.000000
filtered : 162227104.000000
time : 59.345860
