Parameters: GAD=1 vflib=1 dir=1 label=1 lowerbound=1 fileNameGp=../graphsdb/mcs30/m2D/m2Dr2/mcs30_m2Dr2_s80.A29 fileNameGt=../graphsdb/mcs30/m2D/m2Dr2/mcs30_m2Dr2_s80.B29
Reading graphs...
80 : 158
80 : 158
Initializing...
maxdom : 8
D->valSize : 418
Solving...
Blb : 2 (clique : 25)
currentSize : 25 <-- 0.006701 s
currentSize : 26 <-- 0.032317 s
currentSize : 27 <-- 1.231470 s
currentSize : 28 <-- 5.001858 s
currentSize : 29 <-- 5.895222 s
currentSize : 30 <-- 6.328525 s
currentSize : 31 <-- 11.605391 s
currentSize : 32 <-- 60.949039 s
currentSize : 33 <-- 168.168869 s

TIMEOUT
maxsize : 33
nodes : 747639709.000000
filtered : 5234441165.000000
time : 3600.000000
