Parameters: GAD=1 vflib=1 dir=1 label=1 lowerbound=1 fileNameGp=../graphsdb/mcs30/bvg/b06m/mcs30_b06m_s100.A55 fileNameGt=../graphsdb/mcs30/bvg/b06m/mcs30_b06m_s100.B55
Reading graphs...
100 : 300
100 : 300
Initializing...
maxdom : 9
D->valSize : 318
Solving...
Blb : 2 (clique : 30)
currentSize : 30 <-- 0.003026 s
currentSize : 31 <-- 0.003280 s
currentSize : 32 <-- 0.004106 s
currentSize : 33 <-- 0.194775 s
currentSize : 34 <-- 0.195389 s
currentSize : 35 <-- 13.123379 s
currentSize : 36 <-- 109.295135 s
currentSize : 37 <-- 2695.653320 s
currentSize : 38 <-- 2900.763428 s

TIMEOUT
maxsize : 38
nodes : 697105745.000000
filtered : 3304155788.000000
time : 3600.000000
