Parameters: GAD=1 vflib=1 dir=1 label=1 lowerbound=1 fileNameGp=../graphsdb/mcs30/rand/r01/mcs30_r01_s60.A80 fileNameGt=../graphsdb/mcs30/rand/r01/mcs30_r01_s60.B80
Reading graphs...
60 : 353
60 : 353
Initializing...
maxdom : 7
D->valSize : 235
Solving...
Blb : 5 (clique : 9)
currentSize : 9 <-- 0.002178 s
currentSize : 10 <-- 0.002927 s
currentSize : 11 <-- 0.003659 s
currentSize : 12 <-- 0.009500 s
currentSize : 13 <-- 0.065032 s
currentSize : 14 <-- 0.137254 s
currentSize : 15 <-- 0.299418 s
currentSize : 17 <-- 0.676992 s
currentSize : 18 <-- 0.678736 s
currentSize : 19 <-- 0.679754 s

maxsize : 19
nodes : 268370.000000
filtered : 2637963.000000
time : 1.231429
