Parameters: GAD=1 vflib=1 dir=1 label=1 lowerbound=1 fileNameGp=../graphsdb/mcs30/m4D/m4D/mcs30_m4D_s90.A43 fileNameGt=../graphsdb/mcs30/m4D/m4D/mcs30_m4D_s90.B43
Reading graphs...
90 : 146
90 : 146
Initializing...
maxdom : 12
D->valSize : 494
Solving...
Blb : 2 (clique : 30)
currentSize : 30 <-- 0.010327 s
currentSize : 31 <-- 0.011300 s
currentSize : 32 <-- 0.233884 s
currentSize : 33 <-- 13.729691 s
currentSize : 34 <-- 36.514805 s
currentSize : 35 <-- 299.852295 s
currentSize : 36 <-- 304.048309 s
currentSize : 37 <-- 342.046478 s
currentSize : 38 <-- 1530.457642 s

TIMEOUT
maxsize : 38
nodes : 770632705.000000
filtered : 3291850741.000000
time : 3600.000000
