Parameters: GAD=1 vflib=1 dir=1 label=1 lowerbound=1 fileNameGp=../graphsdb/mcs30/rand/r01/mcs30_r01_s80.A36 fileNameGt=../graphsdb/mcs30/rand/r01/mcs30_r01_s80.B36
Reading graphs...
80 : 631
80 : 631
Initializing...
maxdom : 11
D->valSize : 470
Solving...
Blb : 2 (clique : 11)
currentSize : 11 <-- 0.004652 s
currentSize : 12 <-- 0.004805 s
currentSize : 13 <-- 0.006400 s
currentSize : 14 <-- 0.107893 s
currentSize : 15 <-- 0.165178 s
currentSize : 16 <-- 1.005612 s
currentSize : 17 <-- 1.101635 s
currentSize : 18 <-- 3.510734 s
currentSize : 19 <-- 4.525765 s
currentSize : 20 <-- 4.530115 s
currentSize : 22 <-- 6.148607 s
currentSize : 24 <-- 8.819859 s

maxsize : 24
nodes : 2190885.000000
filtered : 42733683.000000
time : 13.398777
