Parameters: GAD=1 vflib=1 dir=1 label=1 lowerbound=1 fileNameGp=../graphsdb/mcs30/bvg/b06/mcs30_b06_s90.A51 fileNameGt=../graphsdb/mcs30/bvg/b06/mcs30_b06_s90.B51
Reading graphs...
90 : 270
90 : 270
Initializing...
maxdom : 10
D->valSize : 523
Solving...
Blb : 2 (clique : 25)
currentSize : 25 <-- 0.009645 s
currentSize : 26 <-- 0.010096 s
currentSize : 27 <-- 0.010571 s
currentSize : 28 <-- 0.025753 s
currentSize : 29 <-- 0.051074 s
currentSize : 30 <-- 0.343308 s
currentSize : 31 <-- 0.358677 s
currentSize : 32 <-- 3.529221 s
currentSize : 33 <-- 3.530153 s
currentSize : 34 <-- 3.548662 s
currentSize : 35 <-- 106.792412 s
currentSize : 36 <-- 838.185974 s

TIMEOUT
maxsize : 36
nodes : 629547619.000000
filtered : 6314466561.000000
time : 3600.000000
