Parameters: GAD=1 vflib=1 dir=1 label=1 lowerbound=1 fileNameGp=../graphsdb/mcs30/bvg/b09m/mcs30_b09m_s60.A99 fileNameGt=../graphsdb/mcs30/bvg/b09m/mcs30_b09m_s60.B99
Reading graphs...
60 : 270
60 : 270
Initializing...
maxdom : 7
D->valSize : 264
Solving...
Blb : 2 (clique : 17)
currentSize : 17 <-- 0.001902 s
currentSize : 18 <-- 0.011725 s
currentSize : 19 <-- 0.065059 s
currentSize : 20 <-- 0.527995 s
currentSize : 21 <-- 1.038712 s

maxsize : 21
nodes : 2455906.000000
filtered : 30016816.000000
time : 11.491075
