Parameters: GAD=1 vflib=1 dir=1 label=1 lowerbound=1 fileNameGp=../graphsdb/mcs30/m3D/m3Dr2/mcs30_m3Dr2_s40.A55 fileNameGt=../graphsdb/mcs30/m3D/m3Dr2/mcs30_m3Dr2_s40.B55
Reading graphs...
40 : 92
40 : 92
Initializing...
maxdom : 9
D->valSize : 189
Solving...
Blb : 2 (clique : 12)
currentSize : 12 <-- 0.001681 s
currentSize : 13 <-- 0.001783 s
currentSize : 14 <-- 0.029103 s
currentSize : 15 <-- 0.683019 s
currentSize : 16 <-- 0.683853 s

maxsize : 16
nodes : 228357.000000
filtered : 2226104.000000
time : 1.063959
