Parameters: GAD=1 vflib=1 dir=1 label=1 lowerbound=1 fileNameGp=../graphsdb/mcs30/rand/r02/mcs30_r02_s100.A72 fileNameGt=../graphsdb/mcs30/rand/r02/mcs30_r02_s100.B72
Reading graphs...
100 : 1979
100 : 1979
Initializing...
maxdom : 6
D->valSize : 317
Solving...
Blb : 3 (clique : 9)
currentSize : 9 <-- 0.003069 s
currentSize : 10 <-- 0.003849 s
currentSize : 11 <-- 0.005687 s
currentSize : 13 <-- 0.005739 s
currentSize : 15 <-- 0.006931 s
currentSize : 17 <-- 0.007050 s
currentSize : 20 <-- 0.041159 s
currentSize : 30 <-- 0.047544 s

maxsize : 30
nodes : 16511.000000
filtered : 300269.000000
time : 0.116173
