Parameters: GAD=1 vflib=1 dir=1 label=1 lowerbound=1 fileNameGp=../graphsdb/mcs30/m4D/m4Dr2/mcs30_m4Dr2_s70.A13 fileNameGt=../graphsdb/mcs30/m4D/m4Dr2/mcs30_m4Dr2_s70.B13
Reading graphs...
70 : 132
70 : 132
Initializing...
maxdom : 9
D->valSize : 315
Solving...
Blb : 2 (clique : 25)
currentSize : 25 <-- 0.002800 s
currentSize : 26 <-- 0.032711 s
currentSize : 27 <-- 4.426907 s
currentSize : 28 <-- 8.529542 s
currentSize : 29 <-- 129.332901 s
currentSize : 30 <-- 1199.554932 s
currentSize : 31 <-- 1330.861328 s

TIMEOUT
maxsize : 31
nodes : 812650681.000000
filtered : 5918113298.000000
time : 3600.000000
