Parameters: GAD=1 vflib=1 dir=1 label=1 lowerbound=1 fileNameGp=../graphsdb/mcs30/m2D/m2Dr6/mcs30_m2Dr6_s50.A43 fileNameGt=../graphsdb/mcs30/m2D/m2Dr6/mcs30_m2Dr6_s50.B43
Reading graphs...
50 : 115
50 : 114
Initializing...
maxdom : 11
D->valSize : 352
Solving...
Blb : 2 (clique : 16)
currentSize : 16 <-- 0.004166 s
currentSize : 17 <-- 0.004347 s
currentSize : 18 <-- 0.004523 s
currentSize : 19 <-- 0.514116 s
currentSize : 20 <-- 0.514189 s
currentSize : 21 <-- 0.518122 s
currentSize : 22 <-- 1.544122 s
currentSize : 23 <-- 9.717509 s
currentSize : 24 <-- 10.046687 s

maxsize : 24
nodes : 7648420.000000
filtered : 134708272.000000
time : 41.371544
