Parameters: GAD=1 vflib=1 dir=1 label=1 lowerbound=1 fileNameGp=../graphsdb/mcs30/rand/r02/mcs30_r02_s60.A64 fileNameGt=../graphsdb/mcs30/rand/r02/mcs30_r02_s60.B64
Reading graphs...
60 : 707
60 : 707
Initializing...
maxdom : 8
D->valSize : 249
Solving...
Blb : 2 (clique : 7)
currentSize : 7 <-- 0.002367 s
currentSize : 8 <-- 0.002476 s
currentSize : 10 <-- 0.003399 s
currentSize : 12 <-- 0.003472 s
currentSize : 13 <-- 0.003610 s
currentSize : 14 <-- 0.008911 s
currentSize : 18 <-- 0.030469 s

maxsize : 18
nodes : 7274.000000
filtered : 131027.000000
time : 0.059327
