Parameters: GAD=1 vflib=1 dir=1 label=1 lowerbound=1 fileNameGp=../graphsdb/mcs30/bvg/b06m/mcs30_b06m_s50.A11 fileNameGt=../graphsdb/mcs30/bvg/b06m/mcs30_b06m_s50.B11
Reading graphs...
50 : 150
50 : 150
Initializing...
maxdom : 9
D->valSize : 304
Solving...
Blb : 2 (clique : 15)
currentSize : 15 <-- 0.002430 s
currentSize : 16 <-- 0.005678 s
currentSize : 17 <-- 0.067572 s
currentSize : 18 <-- 9.414511 s
currentSize : 19 <-- 170.836304 s

maxsize : 19
nodes : 57974060.000000
filtered : 722775433.000000
time : 252.860168
