Parameters: GAD=1 vflib=1 dir=1 label=1 lowerbound=1 fileNameGp=../graphsdb/mcs30/rand/r02/mcs30_r02_s70.A13 fileNameGt=../graphsdb/mcs30/rand/r02/mcs30_r02_s70.B13
Reading graphs...
70 : 965
70 : 965
Initializing...
maxdom : 8
D->valSize : 336
Solving...
Blb : 5 (clique : 7)
currentSize : 7 <-- 0.002610 s
currentSize : 8 <-- 0.002728 s
currentSize : 9 <-- 0.009702 s
currentSize : 11 <-- 0.010085 s
currentSize : 12 <-- 0.017818 s
currentSize : 13 <-- 0.078414 s
currentSize : 21 <-- 0.078495 s

maxsize : 21
nodes : 24057.000000
filtered : 407771.000000
time : 0.130905
