Parameters: GAD=1 vflib=1 dir=1 label=1 lowerbound=1 fileNameGp=../graphsdb/mcs30/m3D/m3D/mcs30_m3D_s80.A33 fileNameGt=../graphsdb/mcs30/m3D/m3D/mcs30_m3D_s80.B33
Reading graphs...
80 : 184
80 : 184
Initializing...
maxdom : 7
D->valSize : 415
Solving...
Blb : 2 (clique : 28)
currentSize : 28 <-- 0.004101 s
currentSize : 29 <-- 0.004378 s
currentSize : 30 <-- 0.005767 s
currentSize : 31 <-- 0.020780 s
currentSize : 32 <-- 2.657257 s
currentSize : 33 <-- 13.681482 s
currentSize : 34 <-- 89.538544 s
currentSize : 35 <-- 829.220764 s

TIMEOUT
maxsize : 35
nodes : 690357794.000000
filtered : 6203504482.000000
time : 3600.000000
