Parameters: GAD=1 vflib=1 dir=1 label=1 lowerbound=1 fileNameGp=../graphsdb/mcs30/m2D/m2Dr4/mcs30_m2Dr4_s70.A51 fileNameGt=../graphsdb/mcs30/m2D/m2Dr4/mcs30_m2Dr4_s70.B51
Reading graphs...
70 : 151
70 : 151
Initializing...
maxdom : 8
D->valSize : 361
Solving...
Blb : 2 (clique : 24)
currentSize : 24 <-- 0.004987 s
currentSize : 25 <-- 0.007904 s
currentSize : 26 <-- 0.049370 s
currentSize : 27 <-- 0.344393 s
currentSize : 28 <-- 360.492889 s
currentSize : 29 <-- 360.494263 s
currentSize : 30 <-- 360.621307 s
currentSize : 31 <-- 713.709900 s
currentSize : 32 <-- 3053.165283 s
currentSize : 33 <-- 3053.196777 s

TIMEOUT
maxsize : 33
nodes : 709889583.000000
filtered : 6868637878.000000
time : 3600.000000
