Parameters: GAD=1 vflib=1 dir=1 label=1 lowerbound=1 fileNameGp=../graphsdb/mcs30/bvg/b03/mcs30_b03_s100.A82 fileNameGt=../graphsdb/mcs30/bvg/b03/mcs30_b03_s100.B82
Reading graphs...
100 : 150
100 : 150
Initializing...
maxdom : 6
D->valSize : 305
Solving...
Blb : 2 (clique : 36)
currentSize : 36 <-- 0.003232 s
currentSize : 37 <-- 0.003581 s
currentSize : 38 <-- 0.061295 s
currentSize : 39 <-- 0.173193 s
currentSize : 40 <-- 1.826610 s
currentSize : 41 <-- 4.479377 s

TIMEOUT
maxsize : 41
nodes : 663107484.000000
filtered : 2432195367.000000
time : 3600.000000
