Parameters: GAD=1 vflib=1 dir=1 label=1 lowerbound=1 fileNameGp=../graphsdb/mcs30/rand/r01/mcs30_r01_s50.A46 fileNameGt=../graphsdb/mcs30/rand/r01/mcs30_r01_s50.B46
Reading graphs...
50 : 244
50 : 244
Initializing...
maxdom : 8
D->valSize : 308
Solving...
Blb : 2 (clique : 11)
currentSize : 11 <-- 0.002147 s
currentSize : 12 <-- 0.002247 s
currentSize : 13 <-- 0.003811 s
currentSize : 14 <-- 0.366868 s
currentSize : 15 <-- 0.746634 s
currentSize : 16 <-- 1.433910 s
currentSize : 17 <-- 1.439004 s

maxsize : 17
nodes : 841996.000000
filtered : 12805803.000000
time : 3.916446
