Parameters: GAD=1 vflib=1 dir=1 label=1 lowerbound=1 fileNameGp=../graphsdb/mcs30/m4D/m4Dr6/mcs30_m4Dr6_s70.A66 fileNameGt=../graphsdb/mcs30/m4D/m4Dr6/mcs30_m4Dr6_s70.B66
Reading graphs...
70 : 160
70 : 158
Initializing...
maxdom : 6
D->valSize : 327
Solving...
Blb : 2 (clique : 25)
currentSize : 25 <-- 0.003189 s
currentSize : 26 <-- 0.004180 s
currentSize : 27 <-- 0.024233 s
currentSize : 28 <-- 4.414115 s
currentSize : 29 <-- 2528.810547 s
currentSize : 30 <-- 2528.858398 s

TIMEOUT
maxsize : 30
nodes : 770139032.000000
filtered : 6574104005.000000
time : 3600.000000
