Parameters: GAD=1 vflib=1 dir=1 label=1 lowerbound=1 fileNameGp=../graphsdb/mcs30/rand/r02/mcs30_r02_s50.A11 fileNameGt=../graphsdb/mcs30/rand/r02/mcs30_r02_s50.B11
Reading graphs...
50 : 489
50 : 489
Initializing...
maxdom : 8
D->valSize : 310
Solving...
Blb : 2 (clique : 7)
currentSize : 7 <-- 0.003085 s
currentSize : 8 <-- 0.003540 s
currentSize : 9 <-- 0.012559 s
currentSize : 11 <-- 0.034514 s
currentSize : 15 <-- 0.096818 s

maxsize : 15
nodes : 23428.000000
filtered : 540368.000000
time : 0.182785
