Parameters: GAD=1 vflib=1 dir=1 label=1 lowerbound=1 fileNameGp=../graphsdb/mcs30/rand/r005/mcs30_r005_s40.A14 fileNameGt=../graphsdb/mcs30/rand/r005/mcs30_r005_s40.B14
Reading graphs...
40 : 83
40 : 83
Initializing...
maxdom : 9
D->valSize : 213
Solving...
Blb : 2 (clique : 14)
currentSize : 14 <-- 0.001269 s
currentSize : 15 <-- 0.001461 s
currentSize : 16 <-- 0.001897 s
currentSize : 17 <-- 0.002489 s
currentSize : 18 <-- 0.005782 s
currentSize : 19 <-- 3.360297 s

maxsize : 19
nodes : 1182004.000000
filtered : 11669677.000000
time : 4.800876
