Parameters: GAD=1 vflib=1 dir=1 label=1 lowerbound=1 fileNameGp=../graphsdb/mcs30/m2D/m2Dr6/mcs30_m2Dr6_s60.A52 fileNameGt=../graphsdb/mcs30/m2D/m2Dr6/mcs30_m2Dr6_s60.B52
Reading graphs...
60 : 140
60 : 138
Initializing...
maxdom : 6
D->valSize : 241
Solving...
Blb : 3 (clique : 21)
currentSize : 21 <-- 0.001680 s
currentSize : 22 <-- 0.043247 s
currentSize : 23 <-- 0.051264 s
currentSize : 24 <-- 1.546031 s
currentSize : 25 <-- 6.313871 s
currentSize : 26 <-- 70.232277 s

maxsize : 26
nodes : 30254086.000000
filtered : 256809256.000000
time : 133.406403
