Parameters: GAD=1 vflib=1 dir=1 label=1 lowerbound=1 fileNameGp=../graphsdb/mcs30/bvg/b09/mcs30_b09_s100.A96 fileNameGt=../graphsdb/mcs30/bvg/b09/mcs30_b09_s100.B96
Reading graphs...
100 : 450
100 : 450
Initializing...
maxdom : 7
D->valSize : 344
Solving...
Blb : 2 (clique : 25)
currentSize : 25 <-- 0.003447 s
currentSize : 26 <-- 0.003883 s
currentSize : 27 <-- 0.004071 s
currentSize : 28 <-- 4.202540 s
currentSize : 29 <-- 1749.822632 s
currentSize : 30 <-- 1752.230957 s
currentSize : 31 <-- 1752.416748 s
currentSize : 32 <-- 1768.773071 s
currentSize : 34 <-- 1768.773193 s
currentSize : 35 <-- 1768.773315 s

TIMEOUT
maxsize : 35
nodes : 698995496.000000
filtered : 3227014569.000000
time : 3600.000000
