Parameters: GAD=1 vflib=1 dir=1 label=1 lowerbound=1 fileNameGp=../graphsdb/mcs30/rand/r005/mcs30_r005_s50.A16 fileNameGt=../graphsdb/mcs30/rand/r005/mcs30_r005_s50.B16
Reading graphs...
50 : 126
50 : 126
Initializing...
maxdom : 10
D->valSize : 317
Solving...
Blb : 2 (clique : 15)
currentSize : 15 <-- 0.002349 s
currentSize : 16 <-- 0.018461 s
currentSize : 17 <-- 0.021326 s
currentSize : 18 <-- 0.064695 s
currentSize : 19 <-- 1.319964 s
currentSize : 20 <-- 7.850611 s

maxsize : 20
nodes : 20968336.000000
filtered : 317958060.000000
time : 95.823792
