Parameters: GAD=1 vflib=1 dir=1 label=1 lowerbound=1 fileNameGp=../graphsdb/mcs30/rand/r02/mcs30_r02_s40.A42 fileNameGt=../graphsdb/mcs30/rand/r02/mcs30_r02_s40.B42
Reading graphs...
40 : 311
40 : 311
Initializing...
maxdom : 8
D->valSize : 205
Solving...
Blb : 2 (clique : 5)
currentSize : 5 <-- 0.001133 s
currentSize : 6 <-- 0.001178 s
currentSize : 7 <-- 0.001207 s
currentSize : 10 <-- 0.001532 s
currentSize : 11 <-- 0.006704 s
currentSize : 13 <-- 0.007673 s

maxsize : 13
nodes : 4184.000000
filtered : 76971.000000
time : 0.019159
