Parameters: GAD=1 vflib=1 dir=1 label=1 lowerbound=1 fileNameGp=../graphsdb/mcs30/m4D/m4Dr6/mcs30_m4Dr6_s80.A83 fileNameGt=../graphsdb/mcs30/m4D/m4Dr6/mcs30_m4Dr6_s80.B83
Reading graphs...
80 : 179
80 : 177
Initializing...
maxdom : 8
D->valSize : 403
Solving...
Blb : 2 (clique : 24)
currentSize : 24 <-- 0.003930 s
currentSize : 25 <-- 0.004426 s
currentSize : 26 <-- 0.005006 s
currentSize : 27 <-- 0.007085 s
currentSize : 28 <-- 0.025116 s
currentSize : 29 <-- 189.243164 s
currentSize : 30 <-- 267.759918 s

TIMEOUT
maxsize : 30
nodes : 763381131.000000
filtered : 4619270766.000000
time : 3600.000000
