Parameters: GAD=1 vflib=1 dir=1 label=1 lowerbound=1 fileNameGp=../graphsdb/mcs30/rand/r005/mcs30_r005_s70.A88 fileNameGt=../graphsdb/mcs30/rand/r005/mcs30_r005_s70.B88
Reading graphs...
70 : 240
70 : 240
Initializing...
maxdom : 10
D->valSize : 341
Solving...
Blb : 2 (clique : 17)
currentSize : 17 <-- 0.004515 s
currentSize : 19 <-- 0.004853 s
currentSize : 20 <-- 0.009283 s
currentSize : 21 <-- 0.013136 s
currentSize : 22 <-- 5.367737 s
currentSize : 23 <-- 26.066347 s
currentSize : 24 <-- 210.733795 s

maxsize : 24
nodes : 73211524.000000
filtered : 876362887.000000
time : 378.329681
