Parameters: GAD=1 vflib=1 dir=1 label=1 lowerbound=1 fileNameGp=../graphsdb/mcs30/m2D/m2Dr6/mcs30_m2Dr6_s70.A68 fileNameGt=../graphsdb/mcs30/m2D/m2Dr6/mcs30_m2Dr6_s70.B68
Reading graphs...
70 : 165
70 : 164
Initializing...
maxdom : 7
D->valSize : 319
Solving...
Blb : 2 (clique : 25)
currentSize : 25 <-- 0.004231 s
currentSize : 26 <-- 1.202430 s
currentSize : 27 <-- 607.272705 s
currentSize : 28 <-- 1035.880859 s
currentSize : 29 <-- 1035.881104 s
currentSize : 30 <-- 1335.272095 s
currentSize : 31 <-- 1602.025269 s
currentSize : 32 <-- 3002.850830 s

maxsize : 32
nodes : 674303637.000000
filtered : 5506854563.000000
time : 3238.542480
