Parameters: GAD=1 vflib=1 dir=1 label=1 lowerbound=1 fileNameGp=../graphsdb/mcs30/rand/r005/mcs30_r005_s80.A45 fileNameGt=../graphsdb/mcs30/rand/r005/mcs30_r005_s80.B45
Reading graphs...
80 : 315
80 : 315
Initializing...
maxdom : 11
D->valSize : 428
Solving...
Blb : 2 (clique : 18)
currentSize : 18 <-- 0.004051 s
currentSize : 19 <-- 0.004403 s
currentSize : 20 <-- 0.004523 s
currentSize : 21 <-- 0.005704 s
currentSize : 22 <-- 0.524570 s
currentSize : 23 <-- 2.249119 s
currentSize : 24 <-- 2.249627 s
currentSize : 25 <-- 6.880042 s
currentSize : 26 <-- 39.710960 s
currentSize : 27 <-- 295.894623 s
currentSize : 28 <-- 3088.982178 s

TIMEOUT
maxsize : 28
nodes : 634111329.000000
filtered : 8103347451.000000
time : 3600.000000
