Parameters: GAD=1 vflib=1 dir=1 label=1 lowerbound=1 fileNameGp=../graphsdb/mcs30/m3D/m3D/mcs30_m3D_s70.A74 fileNameGt=../graphsdb/mcs30/m3D/m3D/mcs30_m3D_s70.B74
Reading graphs...
70 : 159
70 : 159
Initializing...
maxdom : 8
D->valSize : 354
Solving...
Blb : 2 (clique : 27)
currentSize : 27 <-- 0.003156 s
currentSize : 28 <-- 0.003378 s
currentSize : 29 <-- 0.363063 s
currentSize : 30 <-- 0.363111 s
currentSize : 31 <-- 0.438659 s
currentSize : 32 <-- 1.718265 s
currentSize : 33 <-- 6.695162 s

maxsize : 33
nodes : 92628326.000000
filtered : 1194230020.000000
time : 548.542847
