Parameters: GAD=1 vflib=1 dir=1 label=1 lowerbound=1 fileNameGp=../graphsdb/mcs30/rand/r02/mcs30_r02_s80.A24 fileNameGt=../graphsdb/mcs30/rand/r02/mcs30_r02_s80.B24
Reading graphs...
80 : 1263
80 : 1263
Initializing...
maxdom : 10
D->valSize : 421
Solving...
Blb : 5 (clique : 7)
currentSize : 7 <-- 0.004128 s
currentSize : 8 <-- 0.004335 s
currentSize : 9 <-- 0.004645 s
currentSize : 11 <-- 0.007073 s
currentSize : 12 <-- 0.014864 s
currentSize : 13 <-- 0.015048 s
currentSize : 15 <-- 0.015148 s
currentSize : 17 <-- 0.038598 s
currentSize : 18 <-- 0.136279 s
currentSize : 19 <-- 0.148152 s
currentSize : 24 <-- 0.148349 s

maxsize : 24
nodes : 31670.000000
filtered : 815070.000000
time : 0.209625
