Parameters: GAD=1 vflib=1 dir=1 label=1 lowerbound=1 fileNameGp=../graphsdb/mcs30/bvg/b03m/mcs30_b03m_s60.A88 fileNameGt=../graphsdb/mcs30/bvg/b03m/mcs30_b03m_s60.B88
Reading graphs...
60 : 90
60 : 90
Initializing...
maxdom : 9
D->valSize : 254
Solving...
Blb : 3 (clique : 25)
currentSize : 25 <-- 0.002016 s
currentSize : 26 <-- 0.023597 s
currentSize : 27 <-- 6.494607 s
currentSize : 28 <-- 6.666582 s
currentSize : 29 <-- 17.748877 s
currentSize : 30 <-- 1370.704346 s

maxsize : 30
nodes : 428497932.000000
filtered : 3062925725.000000
time : 1830.780273
