Parameters: GAD=1 vflib=1 dir=1 label=1 lowerbound=1 fileNameGp=../graphsdb/mcs30/m3D/m3Dr2/mcs30_m3Dr2_s70.A79 fileNameGt=../graphsdb/mcs30/m3D/m3Dr2/mcs30_m3Dr2_s70.B79
Reading graphs...
70 : 173
70 : 173
Initializing...
maxdom : 8
D->valSize : 326
Solving...
Blb : 2 (clique : 25)
currentSize : 25 <-- 0.002716 s
currentSize : 26 <-- 0.149164 s
currentSize : 27 <-- 5.128037 s
currentSize : 28 <-- 36.651131 s
currentSize : 29 <-- 173.005615 s
currentSize : 30 <-- 173.035339 s
currentSize : 31 <-- 332.130859 s
currentSize : 32 <-- 332.131073 s
currentSize : 33 <-- 332.134430 s

maxsize : 33
nodes : 183992498.000000
filtered : 1548568687.000000
time : 907.022522
