Parameters: GAD=1 vflib=1 dir=1 label=1 lowerbound=1 fileNameGp=../graphsdb/mcs30/bvg/b03/mcs30_b03_s50.A26 fileNameGt=../graphsdb/mcs30/bvg/b03/mcs30_b03_s50.B26
Reading graphs...
50 : 75
50 : 75
Initializing...
maxdom : 8
D->valSize : 333
Solving...
Blb : 2 (clique : 21)
currentSize : 21 <-- 0.002504 s
currentSize : 22 <-- 0.002664 s
currentSize : 23 <-- 0.017616 s
currentSize : 24 <-- 0.017734 s
currentSize : 25 <-- 1.326864 s
currentSize : 26 <-- 14.185228 s

TIMEOUT
maxsize : 26
nodes : 830983463.000000
filtered : 9442292623.000000
time : 3600.000000
