Parameters: GAD=1 vflib=1 dir=1 label=1 lowerbound=1 fileNameGp=../graphsdb/mcs30/m4D/m4Dr2/mcs30_m4Dr2_s60.A74 fileNameGt=../graphsdb/mcs30/m4D/m4Dr2/mcs30_m4Dr2_s60.B74
Reading graphs...
60 : 114
60 : 114
Initializing...
maxdom : 7
D->valSize : 231
Solving...
Blb : 2 (clique : 21)
currentSize : 21 <-- 0.001800 s
currentSize : 22 <-- 0.003090 s
currentSize : 23 <-- 0.003290 s
currentSize : 24 <-- 8.397652 s
currentSize : 25 <-- 43.741684 s
currentSize : 26 <-- 233.999435 s

maxsize : 26
nodes : 129396227.000000
filtered : 903950733.000000
time : 535.766602
