Parameters: GAD=1 vflib=1 dir=1 label=1 lowerbound=1 fileNameGp=../graphsdb/mcs30/bvg/b03/mcs30_b03_s40.A07 fileNameGt=../graphsdb/mcs30/bvg/b03/mcs30_b03_s40.B07
Reading graphs...
40 : 60
40 : 60
Initializing...
maxdom : 8
D->valSize : 194
Solving...
Blb : 2 (clique : 16)
currentSize : 16 <-- 0.001154 s
currentSize : 17 <-- 0.250332 s
currentSize : 18 <-- 0.547880 s
currentSize : 19 <-- 0.567923 s
currentSize : 20 <-- 0.568440 s

maxsize : 20
nodes : 670281.000000
filtered : 5433791.000000
time : 2.404735
