Parameters: GAD=1 vflib=1 dir=1 label=1 lowerbound=1 fileNameGp=../graphsdb/mcs30/rand/r005/mcs30_r005_s25.A47 fileNameGt=../graphsdb/mcs30/rand/r005/mcs30_r005_s25.B47
Reading graphs...
25 : 34
25 : 34
Initializing...
maxdom : 10
D->valSize : 145
Solving...
Blb : 2 (clique : 9)
currentSize : 9 <-- 0.001023 s
currentSize : 10 <-- 0.001133 s
currentSize : 11 <-- 0.001232 s
currentSize : 12 <-- 0.139749 s
currentSize : 13 <-- 0.142850 s

maxsize : 13
nodes : 41772.000000
filtered : 392665.000000
time : 0.165872
