Parameters: GAD=1 vflib=1 dir=1 label=1 lowerbound=1 fileNameGp=../graphsdb/mcs30/m2D/m2Dr2/mcs30_m2Dr2_s60.A76 fileNameGt=../graphsdb/mcs30/m2D/m2Dr2/mcs30_m2Dr2_s60.B76
Reading graphs...
60 : 116
60 : 116
Initializing...
maxdom : 7
D->valSize : 234
Solving...
Blb : 5 (clique : 21)
currentSize : 21 <-- 0.001759 s
currentSize : 22 <-- 0.018320 s
currentSize : 23 <-- 7.127525 s
currentSize : 24 <-- 62.442322 s
currentSize : 25 <-- 72.176979 s
currentSize : 26 <-- 222.991806 s

maxsize : 26
nodes : 101313893.000000
filtered : 886733866.000000
time : 465.315674
