Parameters: GAD=1 vflib=1 dir=1 label=1 lowerbound=1 fileNameGp=../graphsdb/mcs30/bvg/b06m/mcs30_b06m_s90.A09 fileNameGt=../graphsdb/mcs30/bvg/b06m/mcs30_b06m_s90.B09
Reading graphs...
90 : 270
90 : 270
Initializing...
maxdom : 10
D->valSize : 527
Solving...
Blb : 2 (clique : 28)
currentSize : 28 <-- 0.006075 s
currentSize : 30 <-- 0.006293 s
currentSize : 32 <-- 0.006365 s
currentSize : 33 <-- 0.531906 s
currentSize : 34 <-- 74.860031 s
currentSize : 35 <-- 74.860336 s
currentSize : 36 <-- 432.209991 s
currentSize : 37 <-- 972.378540 s

TIMEOUT
maxsize : 37
nodes : 591313592.000000
filtered : 7365682973.000000
time : 3600.000000
