Parameters: GAD=1 vflib=1 dir=1 label=1 lowerbound=1 fileNameGp=../graphsdb/mcs30/bvg/b03/mcs30_b03_s100.A29 fileNameGt=../graphsdb/mcs30/bvg/b03/mcs30_b03_s100.B29
Reading graphs...
100 : 150
100 : 150
Initializing...
maxdom : 6
D->valSize : 329
Solving...
Blb : 3 (clique : 37)
currentSize : 37 <-- 0.005495 s
currentSize : 38 <-- 5.181409 s
currentSize : 39 <-- 5.197043 s
currentSize : 40 <-- 5.336419 s
currentSize : 41 <-- 286.700623 s
currentSize : 42 <-- 1425.896362 s

TIMEOUT
maxsize : 42
nodes : 708911875.000000
filtered : 2929572110.000000
time : 3600.000000
