Parameters: GAD=1 vflib=1 dir=1 label=1 lowerbound=1 fileNameGp=../graphsdb/mcs30/rand/r01/mcs30_r01_s70.A61 fileNameGt=../graphsdb/mcs30/rand/r01/mcs30_r01_s70.B61
Reading graphs...
70 : 482
70 : 482
Initializing...
maxdom : 8
D->valSize : 336
Solving...
Blb : 2 (clique : 11)
currentSize : 11 <-- 0.004122 s
currentSize : 12 <-- 0.004914 s
currentSize : 13 <-- 0.023126 s
currentSize : 14 <-- 0.108694 s
currentSize : 15 <-- 1.536885 s
currentSize : 16 <-- 1.735569 s
currentSize : 17 <-- 3.102588 s
currentSize : 18 <-- 3.104099 s
currentSize : 20 <-- 6.684931 s
currentSize : 21 <-- 6.685055 s

maxsize : 21
nodes : 1984081.000000
filtered : 25608845.000000
time : 10.423034
