Parameters: GAD=1 vflib=1 dir=1 label=1 lowerbound=1 fileNameGp=../graphsdb/mcs30/m2D/m2Dr6/mcs30_m2Dr6_s70.A35 fileNameGt=../graphsdb/mcs30/m2D/m2Dr6/mcs30_m2Dr6_s70.B35
Reading graphs...
70 : 165
70 : 164
Initializing...
maxdom : 8
D->valSize : 322
Solving...
Blb : 2 (clique : 24)
currentSize : 24 <-- 0.004341 s
currentSize : 25 <-- 0.004680 s
currentSize : 26 <-- 0.006011 s
currentSize : 27 <-- 0.007860 s
currentSize : 28 <-- 0.052372 s
currentSize : 29 <-- 0.079156 s
currentSize : 30 <-- 0.143820 s
currentSize : 31 <-- 0.498377 s
currentSize : 32 <-- 1.592290 s
currentSize : 33 <-- 285.758850 s

maxsize : 33
nodes : 83734422.000000
filtered : 685828584.000000
time : 421.981567
