Parameters: GAD=1 vflib=1 dir=1 label=1 lowerbound=1 fileNameGp=../graphsdb/mcs30/rand/r01/mcs30_r01_s90.A36 fileNameGt=../graphsdb/mcs30/rand/r01/mcs30_r01_s90.B36
Reading graphs...
90 : 800
90 : 800
Initializing...
maxdom : 9
D->valSize : 523
Solving...
Blb : 2 (clique : 12)
currentSize : 12 <-- 0.005677 s
currentSize : 13 <-- 0.005861 s
currentSize : 14 <-- 0.006981 s
currentSize : 15 <-- 0.009451 s
currentSize : 16 <-- 0.166999 s
currentSize : 17 <-- 0.750473 s
currentSize : 18 <-- 0.772523 s
currentSize : 19 <-- 1.072506 s
currentSize : 20 <-- 2.987565 s
currentSize : 22 <-- 3.873787 s
currentSize : 24 <-- 15.994037 s
currentSize : 27 <-- 23.495926 s

maxsize : 27
nodes : 7487662.000000
filtered : 162111209.000000
time : 51.148010
