Parameters: GAD=1 vflib=1 dir=1 label=1 lowerbound=1 fileNameGp=../graphsdb/mcs30/m4D/m4Dr2/mcs30_m4Dr2_s90.A69 fileNameGt=../graphsdb/mcs30/m4D/m4Dr2/mcs30_m4Dr2_s90.B69
Reading graphs...
90 : 164
90 : 164
Initializing...
maxdom : 9
D->valSize : 519
Solving...
Blb : 5 (clique : 32)
currentSize : 32 <-- 0.009859 s
currentSize : 33 <-- 0.166852 s
currentSize : 34 <-- 12.623692 s
currentSize : 35 <-- 49.081860 s
currentSize : 36 <-- 525.943604 s
currentSize : 37 <-- 1538.817871 s

TIMEOUT
maxsize : 37
nodes : 780442348.000000
filtered : 4737677865.000000
time : 3600.000000
