Parameters: GAD=1 vflib=1 dir=1 label=1 lowerbound=1 fileNameGp=../graphsdb/mcs30/m2D/m2D/mcs30_m2D_s100.A22 fileNameGt=../graphsdb/mcs30/m2D/m2D/mcs30_m2D_s100.B22
Reading graphs...
100 : 180
100 : 180
Initializing...
maxdom : 6
D->valSize : 328
Solving...
Blb : 2 (clique : 34)
currentSize : 34 <-- 0.003279 s
currentSize : 35 <-- 0.007309 s
currentSize : 36 <-- 0.007414 s
currentSize : 37 <-- 0.042789 s
currentSize : 38 <-- 0.111031 s
currentSize : 39 <-- 0.807779 s

TIMEOUT
maxsize : 39
nodes : 721710345.000000
filtered : 2918661389.000000
time : 3600.000000
