Parameters: GAD=1 vflib=1 dir=1 label=1 lowerbound=1 fileNameGp=../graphsdb/mcs30/bvg/b06m/mcs30_b06m_s50.A37 fileNameGt=../graphsdb/mcs30/bvg/b06m/mcs30_b06m_s50.B37
Reading graphs...
50 : 150
50 : 150
Initializing...
maxdom : 9
D->valSize : 319
Solving...
Blb : 3 (clique : 14)
currentSize : 14 <-- 0.002504 s
currentSize : 16 <-- 0.002675 s
currentSize : 17 <-- 0.002870 s
currentSize : 18 <-- 0.286525 s
currentSize : 20 <-- 1.877721 s
currentSize : 21 <-- 1.877905 s
currentSize : 22 <-- 4.526335 s

maxsize : 22
nodes : 2877931.000000
filtered : 44720418.000000
time : 13.663216
