Parameters: GAD=1 vflib=1 dir=1 label=1 lowerbound=1 fileNameGp=../graphsdb/mcs30/rand/r01/mcs30_r01_s70.A34 fileNameGt=../graphsdb/mcs30/rand/r01/mcs30_r01_s70.B34
Reading graphs...
70 : 482
70 : 482
Initializing...
maxdom : 10
D->valSize : 351
Solving...
Blb : 2 (clique : 12)
currentSize : 12 <-- 0.002726 s
currentSize : 13 <-- 0.004042 s
currentSize : 14 <-- 0.009428 s
currentSize : 15 <-- 0.139744 s
currentSize : 16 <-- 0.212371 s
currentSize : 17 <-- 2.318071 s
currentSize : 19 <-- 2.325025 s
currentSize : 20 <-- 5.121858 s
currentSize : 21 <-- 5.123260 s

maxsize : 21
nodes : 1521856.000000
filtered : 21403423.000000
time : 8.141078
