Parameters: GAD=1 vflib=1 dir=1 label=1 lowerbound=1 fileNameGp=../graphsdb/mcs30/bvg/b09/mcs30_b09_s50.A57 fileNameGt=../graphsdb/mcs30/bvg/b09/mcs30_b09_s50.B57
Reading graphs...
50 : 225
50 : 225
Initializing...
maxdom : 9
D->valSize : 328
Solving...
Blb : 2 (clique : 11)
currentSize : 11 <-- 0.003482 s
currentSize : 12 <-- 0.004888 s
currentSize : 13 <-- 0.004978 s
currentSize : 14 <-- 0.026322 s
currentSize : 15 <-- 0.082415 s
currentSize : 16 <-- 0.353489 s
currentSize : 17 <-- 8.526892 s

maxsize : 17
nodes : 2241916.000000
filtered : 35943691.000000
time : 10.693228
