Parameters: GAD=1 vflib=1 dir=1 label=1 lowerbound=1 fileNameGp=../graphsdb/mcs30/bvg/b03/mcs30_b03_s60.A60 fileNameGt=../graphsdb/mcs30/bvg/b03/mcs30_b03_s60.B60
Reading graphs...
60 : 90
60 : 90
Initializing...
maxdom : 7
D->valSize : 268
Solving...
Blb : 5 (clique : 23)
currentSize : 23 <-- 0.002012 s
currentSize : 25 <-- 0.002156 s
currentSize : 26 <-- 0.002690 s
currentSize : 27 <-- 0.104818 s
currentSize : 28 <-- 115.902138 s
currentSize : 29 <-- 115.929108 s

maxsize : 29
nodes : 228417364.000000
filtered : 1669119601.000000
time : 979.940430
