Parameters: GAD=1 vflib=1 dir=1 label=1 lowerbound=1 fileNameGp=../graphsdb/mcs30/m4D/m4Dr6/mcs30_m4Dr6_s90.A07 fileNameGt=../graphsdb/mcs30/m4D/m4Dr6/mcs30_m4Dr6_s90.B07
Reading graphs...
90 : 200
90 : 199
Initializing...
maxdom : 12
D->valSize : 530
Solving...
Blb : 3 (clique : 31)
currentSize : 31 <-- 0.006387 s
currentSize : 32 <-- 0.009477 s
currentSize : 33 <-- 0.111865 s
currentSize : 34 <-- 0.801580 s
currentSize : 35 <-- 68.429314 s
currentSize : 36 <-- 611.179016 s
currentSize : 37 <-- 2308.691162 s

TIMEOUT
maxsize : 37
nodes : 722537946.000000
filtered : 4357154787.000000
time : 3600.000000
