Parameters: GAD=1 vflib=1 dir=1 label=1 lowerbound=1 fileNameGp=../graphsdb/mcs30/m4D/m4Dr2/mcs30_m4Dr2_s70.A95 fileNameGt=../graphsdb/mcs30/m4D/m4Dr2/mcs30_m4Dr2_s70.B95
Reading graphs...
70 : 132
70 : 132
Initializing...
maxdom : 9
D->valSize : 321
Solving...
Blb : 2 (clique : 23)
currentSize : 23 <-- 0.002887 s
currentSize : 24 <-- 0.003059 s
currentSize : 25 <-- 0.009401 s
currentSize : 26 <-- 0.026169 s
currentSize : 27 <-- 0.670119 s
currentSize : 28 <-- 5.333328 s
currentSize : 29 <-- 70.336121 s
currentSize : 30 <-- 90.463516 s
currentSize : 31 <-- 1766.059937 s

TIMEOUT
maxsize : 31
nodes : 844437763.000000
filtered : 6206513817.000000
time : 3600.000000
