Parameters: GAD=1 vflib=1 dir=1 label=1 lowerbound=1 fileNameGp=../graphsdb/mcs30/m3D/m3Dr4/mcs30_m3Dr4_s90.A01 fileNameGt=../graphsdb/mcs30/m3D/m3Dr4/mcs30_m3Dr4_s90.B01
Reading graphs...
90 : 245
90 : 245
Initializing...
maxdom : 10
D->valSize : 517
Solving...
Blb : 2 (clique : 25)
currentSize : 25 <-- 0.005953 s
currentSize : 27 <-- 0.006159 s
currentSize : 28 <-- 0.006486 s
currentSize : 29 <-- 0.007774 s
currentSize : 30 <-- 0.216977 s
currentSize : 31 <-- 1.528837 s

TIMEOUT
maxsize : 31
nodes : 702678976.000000
filtered : 4781849686.000000
time : 3600.000000
