Parameters: GAD=1 vflib=1 dir=1 label=1 lowerbound=1 fileNameGp=../graphsdb/mcs30/m3D/m3Dr4/mcs30_m3Dr4_s90.A63 fileNameGt=../graphsdb/mcs30/m3D/m3Dr4/mcs30_m3Dr4_s90.B63
Reading graphs...
90 : 245
90 : 244
Initializing...
maxdom : 10
D->valSize : 549
Solving...
Blb : 2 (clique : 26)
currentSize : 26 <-- 0.006426 s
currentSize : 27 <-- 0.007382 s
currentSize : 28 <-- 0.007579 s
currentSize : 29 <-- 0.581730 s
currentSize : 30 <-- 11.326875 s
currentSize : 31 <-- 17.240784 s
currentSize : 32 <-- 757.182556 s

TIMEOUT
maxsize : 32
nodes : 665439300.000000
filtered : 5615344495.000000
time : 3600.000000
