Parameters: GAD=1 vflib=1 dir=1 label=1 lowerbound=1 fileNameGp=../graphsdb/mcs30/m3D/m3Dr2/mcs30_m3Dr2_s40.A01 fileNameGt=../graphsdb/mcs30/m3D/m3Dr2/mcs30_m3Dr2_s40.B01
Reading graphs...
40 : 92
40 : 92
Initializing...
maxdom : 7
D->valSize : 219
Solving...
Blb : 2 (clique : 12)
currentSize : 12 <-- 0.001299 s
currentSize : 13 <-- 0.001486 s
currentSize : 14 <-- 0.025458 s
currentSize : 15 <-- 0.040088 s
currentSize : 16 <-- 0.252438 s
currentSize : 17 <-- 5.162733 s

maxsize : 17
nodes : 3724442.000000
filtered : 38027876.000000
time : 13.946670
