Parameters: GAD=1 vflib=1 dir=1 label=1 lowerbound=1 fileNameGp=../graphsdb/mcs30/m4D/m4Dr2/mcs30_m4Dr2_s80.A75 fileNameGt=../graphsdb/mcs30/m4D/m4Dr2/mcs30_m4Dr2_s80.B75
Reading graphs...
80 : 147
80 : 147
Initializing...
maxdom : 10
D->valSize : 423
Solving...
Blb : 2 (clique : 28)
currentSize : 28 <-- 0.006862 s
currentSize : 29 <-- 0.007240 s
currentSize : 30 <-- 0.327806 s
currentSize : 31 <-- 1.643640 s
currentSize : 32 <-- 3.731721 s
currentSize : 33 <-- 356.043457 s
currentSize : 34 <-- 1442.619629 s

TIMEOUT
maxsize : 34
nodes : 658102415.000000
filtered : 5532131576.000000
time : 3600.000000
