Parameters: GAD=1 vflib=1 dir=1 label=1 lowerbound=1 fileNameGp=../graphsdb/mcs30/rand/r01/mcs30_r01_s35.A29 fileNameGt=../graphsdb/mcs30/rand/r01/mcs30_r01_s35.B29
Reading graphs...
35 : 119
35 : 119
Initializing...
maxdom : 7
D->valSize : 157
Solving...
Blb : 2 (clique : 8)
currentSize : 8 <-- 0.000799 s
currentSize : 9 <-- 0.000864 s
currentSize : 10 <-- 0.001784 s
currentSize : 11 <-- 0.014502 s
currentSize : 12 <-- 0.044344 s

maxsize : 12
nodes : 42282.000000
filtered : 415135.000000
time : 0.144877
