Parameters: GAD=1 vflib=1 dir=1 label=1 lowerbound=1 fileNameGp=../graphsdb/mcs30/m3D/m3D/mcs30_m3D_s40.A43 fileNameGt=../graphsdb/mcs30/m3D/m3D/mcs30_m3D_s40.B43
Reading graphs...
40 : 84
40 : 84
Initializing...
maxdom : 10
D->valSize : 230
Solving...
Blb : 2 (clique : 13)
currentSize : 13 <-- 0.002038 s
currentSize : 14 <-- 0.019301 s
currentSize : 15 <-- 0.039051 s
currentSize : 16 <-- 0.890104 s
currentSize : 17 <-- 10.883909 s

maxsize : 17
nodes : 3421065.000000
filtered : 33638232.000000
time : 12.388642
