Parameters: GAD=1 vflib=1 dir=1 label=1 lowerbound=1 fileNameGp=../graphsdb/mcs30/rand/r01/mcs30_r01_s90.A48 fileNameGt=../graphsdb/mcs30/rand/r01/mcs30_r01_s90.B48
Reading graphs...
90 : 800
90 : 800
Initializing...
maxdom : 11
D->valSize : 530
Solving...
Blb : 2 (clique : 17)
currentSize : 17 <-- 0.009124 s
currentSize : 18 <-- 0.569883 s
currentSize : 19 <-- 1.027545 s
currentSize : 20 <-- 1.027586 s
currentSize : 22 <-- 1.498297 s
currentSize : 23 <-- 1.667174 s
currentSize : 24 <-- 18.337223 s
currentSize : 26 <-- 18.337765 s
currentSize : 27 <-- 18.350817 s

maxsize : 27
nodes : 9998139.000000
filtered : 209680416.000000
time : 68.735550
