Parameters: GAD=1 vflib=1 dir=1 label=1 lowerbound=1 fileNameGp=../graphsdb/mcs30/m4D/m4Dr2/mcs30_m4Dr2_s60.A91 fileNameGt=../graphsdb/mcs30/m4D/m4Dr2/mcs30_m4Dr2_s60.B91
Reading graphs...
60 : 114
60 : 113
Initializing...
maxdom : 7
D->valSize : 251
Solving...
Blb : 2 (clique : 20)
currentSize : 20 <-- 0.001846 s
currentSize : 21 <-- 0.001997 s
currentSize : 22 <-- 0.002069 s
currentSize : 23 <-- 0.075949 s
currentSize : 24 <-- 1.490064 s
currentSize : 25 <-- 34.133213 s
currentSize : 26 <-- 363.966827 s

TIMEOUT
maxsize : 26
nodes : 889747291.000000
filtered : 7181088929.000000
time : 3600.000000
