Parameters: GAD=1 vflib=1 dir=1 label=1 lowerbound=1 fileNameGp=../graphsdb/mcs30/rand/r005/mcs30_r005_s60.A75 fileNameGt=../graphsdb/mcs30/rand/r005/mcs30_r005_s60.B75
Reading graphs...
60 : 179
60 : 179
Initializing...
maxdom : 7
D->valSize : 230
Solving...
Blb : 2 (clique : 18)
currentSize : 18 <-- 0.001645 s
currentSize : 19 <-- 0.004957 s
currentSize : 20 <-- 0.022419 s
currentSize : 21 <-- 10.348109 s
currentSize : 22 <-- 14.144444 s

maxsize : 22
nodes : 57286116.000000
filtered : 431271966.000000
time : 249.671509
