Parameters: GAD=1 vflib=1 dir=1 label=1 lowerbound=1 fileNameGp=../graphsdb/mcs30/bvg/b06m/mcs30_b06m_s50.A85 fileNameGt=../graphsdb/mcs30/bvg/b06m/mcs30_b06m_s50.B85
Reading graphs...
50 : 150
50 : 150
Initializing...
maxdom : 8
D->valSize : 319
Solving...
Blb : 2 (clique : 15)
currentSize : 15 <-- 0.002305 s
currentSize : 16 <-- 0.002875 s
currentSize : 17 <-- 0.030944 s
currentSize : 18 <-- 5.720775 s
currentSize : 19 <-- 7.664478 s
currentSize : 20 <-- 30.240883 s

maxsize : 20
nodes : 53426857.000000
filtered : 698334365.000000
time : 236.793518
