Parameters: GAD=1 vflib=1 dir=1 label=1 lowerbound=1 fileNameGp=../graphsdb/mcs30/m4D/m4D/mcs30_m4D_s60.A75 fileNameGt=../graphsdb/mcs30/m4D/m4D/mcs30_m4D_s60.B75
Reading graphs...
60 : 102
60 : 102
Initializing...
maxdom : 7
D->valSize : 250
Solving...
Blb : 2 (clique : 22)
currentSize : 22 <-- 0.001756 s
currentSize : 23 <-- 0.001908 s
currentSize : 24 <-- 0.005123 s
currentSize : 25 <-- 0.009019 s
currentSize : 26 <-- 0.023950 s
currentSize : 27 <-- 0.059019 s
currentSize : 28 <-- 0.692600 s

maxsize : 28
nodes : 78014604.000000
filtered : 657812109.000000
time : 347.351654
