Parameters: GAD=1 vflib=1 dir=1 label=1 lowerbound=1 fileNameGp=../graphsdb/mcs30/bvg/b06m/mcs30_b06m_s80.A50 fileNameGt=../graphsdb/mcs30/bvg/b06m/mcs30_b06m_s80.B50
Reading graphs...
80 : 240
80 : 240
Initializing...
maxdom : 9
D->valSize : 414
Solving...
Blb : 3 (clique : 22)
currentSize : 22 <-- 0.006471 s
currentSize : 23 <-- 0.010981 s
currentSize : 24 <-- 0.017989 s
currentSize : 25 <-- 0.687060 s
currentSize : 26 <-- 3.344171 s
currentSize : 27 <-- 6.381464 s
currentSize : 28 <-- 8.258683 s
currentSize : 29 <-- 2401.458984 s

TIMEOUT
maxsize : 29
nodes : 707479043.000000
filtered : 5561151761.000000
time : 3600.000000
