Parameters: GAD=1 vflib=1 dir=1 label=1 lowerbound=1 fileNameGp=../graphsdb/mcs30/bvg/b06/mcs30_b06_s60.A87 fileNameGt=../graphsdb/mcs30/bvg/b06/mcs30_b06_s60.B87
Reading graphs...
60 : 180
60 : 180
Initializing...
maxdom : 6
D->valSize : 246
Solving...
Blb : 2 (clique : 18)
currentSize : 18 <-- 0.001787 s
currentSize : 19 <-- 0.068281 s
currentSize : 20 <-- 0.578414 s
currentSize : 21 <-- 1.260857 s
currentSize : 22 <-- 7.932502 s
currentSize : 23 <-- 7.934480 s

maxsize : 23
nodes : 6876427.000000
filtered : 63273344.000000
time : 31.824928
