Parameters: GAD=1 vflib=1 dir=1 label=1 lowerbound=1 fileNameGp=../graphsdb/mcs30/m4D/m4D/mcs30_m4D_s70.A85 fileNameGt=../graphsdb/mcs30/m4D/m4D/mcs30_m4D_s70.B85
Reading graphs...
70 : 118
70 : 118
Initializing...
maxdom : 9
D->valSize : 317
Solving...
Blb : 2 (clique : 25)
currentSize : 25 <-- 0.002633 s
currentSize : 26 <-- 0.002798 s
currentSize : 27 <-- 0.007426 s
currentSize : 28 <-- 0.115464 s
currentSize : 29 <-- 0.483463 s
currentSize : 30 <-- 0.574627 s
currentSize : 31 <-- 2.967732 s

TIMEOUT
maxsize : 31
nodes : 822191452.000000
filtered : 5660156589.000000
time : 3600.000000
