Parameters: GAD=1 vflib=1 dir=1 label=1 lowerbound=1 fileNameGp=../graphsdb/mcs30/m2D/m2Dr2/mcs30_m2Dr2_s60.A87 fileNameGt=../graphsdb/mcs30/m2D/m2Dr2/mcs30_m2Dr2_s60.B87
Reading graphs...
60 : 116
60 : 116
Initializing...
maxdom : 7
D->valSize : 245
Solving...
Blb : 2 (clique : 19)
currentSize : 19 <-- 0.002807 s
currentSize : 20 <-- 0.020391 s
currentSize : 21 <-- 0.213815 s
currentSize : 22 <-- 0.255191 s
currentSize : 23 <-- 0.261937 s
currentSize : 24 <-- 175.885590 s
currentSize : 25 <-- 375.610077 s

maxsize : 25
nodes : 263377511.000000
filtered : 1936508165.000000
time : 1105.084961
