Parameters: GAD=1 vflib=1 dir=1 label=1 lowerbound=1 fileNameGp=../graphsdb/mcs30/rand/r001/mcs30_r001_s100.A08 fileNameGt=../graphsdb/mcs30/rand/r001/mcs30_r001_s100.B08
Reading graphs...
100 : 120
100 : 120
Initializing...
maxdom : 7
D->valSize : 335
Solving...
Blb : 2 (clique : 40)
currentSize : 40 <-- 0.003658 s
currentSize : 41 <-- 0.003994 s
currentSize : 43 <-- 0.006476 s
currentSize : 44 <-- 0.319738 s
currentSize : 45 <-- 0.319892 s
currentSize : 46 <-- 0.476867 s
currentSize : 47 <-- 1366.739014 s

TIMEOUT
maxsize : 47
nodes : 795697368.000000
filtered : 2409777644.000000
time : 3600.000000
