Parameters: GAD=1 vflib=1 dir=1 label=1 lowerbound=1 fileNameGp=../graphsdb/mcs30/m2D/m2Dr2/mcs30_m2Dr2_s80.A53 fileNameGt=../graphsdb/mcs30/m2D/m2Dr2/mcs30_m2Dr2_s80.B53
Reading graphs...
80 : 158
80 : 157
Initializing...
maxdom : 8
D->valSize : 456
Solving...
Blb : 2 (clique : 30)
currentSize : 30 <-- 0.004579 s
currentSize : 31 <-- 0.004960 s
currentSize : 32 <-- 0.126825 s
currentSize : 33 <-- 0.138250 s
currentSize : 34 <-- 0.141518 s
currentSize : 35 <-- 1.076589 s
currentSize : 36 <-- 1797.407837 s
currentSize : 37 <-- 2353.411621 s

TIMEOUT
maxsize : 37
nodes : 717439557.000000
filtered : 5981963645.000000
time : 3600.000000
