Parameters: GAD=1 vflib=1 dir=1 label=1 lowerbound=1 fileNameGp=../graphsdb/mcs30/rand/r02/mcs30_r02_s40.A80 fileNameGt=../graphsdb/mcs30/rand/r02/mcs30_r02_s40.B80
Reading graphs...
40 : 311
40 : 311
Initializing...
maxdom : 9
D->valSize : 235
Solving...
Blb : 3 (clique : 7)
currentSize : 7 <-- 0.001278 s
currentSize : 8 <-- 0.001934 s
currentSize : 9 <-- 0.002196 s
currentSize : 11 <-- 0.002238 s
currentSize : 12 <-- 0.002284 s

maxsize : 12
nodes : 3014.000000
filtered : 72783.000000
time : 0.015256
