Parameters: GAD=1 vflib=1 dir=1 label=1 lowerbound=1 fileNameGp=../graphsdb/mcs30/bvg/b06/mcs30_b06_s60.A04 fileNameGt=../graphsdb/mcs30/bvg/b06/mcs30_b06_s60.B04
Reading graphs...
60 : 180
60 : 180
Initializing...
maxdom : 8
D->valSize : 264
Solving...
Blb : 2 (clique : 20)
currentSize : 20 <-- 0.001900 s
currentSize : 21 <-- 0.002050 s
currentSize : 22 <-- 0.002104 s
currentSize : 23 <-- 0.002895 s
currentSize : 24 <-- 0.121795 s

maxsize : 24
nodes : 1355664.000000
filtered : 17541416.000000
time : 6.747281
