Parameters: GAD=1 vflib=1 dir=1 label=1 lowerbound=1 fileNameGp=../graphsdb/mcs30/bvg/b09m/mcs30_b09m_s50.A11 fileNameGt=../graphsdb/mcs30/bvg/b09m/mcs30_b09m_s50.B11
Reading graphs...
50 : 225
50 : 225
Initializing...
maxdom : 8
D->valSize : 312
Solving...
Blb : 5 (clique : 13)
currentSize : 13 <-- 0.003358 s
currentSize : 14 <-- 0.005193 s
currentSize : 15 <-- 1.531792 s
currentSize : 16 <-- 2.829068 s
currentSize : 17 <-- 2.849099 s

maxsize : 17
nodes : 2492354.000000
filtered : 34768891.000000
time : 11.448788
