Parameters: GAD=1 vflib=1 dir=1 label=1 lowerbound=1 fileNameGp=../graphsdb/mcs30/rand/r02/mcs30_r02_s70.A74 fileNameGt=../graphsdb/mcs30/rand/r02/mcs30_r02_s70.B74
Reading graphs...
70 : 965
70 : 965
Initializing...
maxdom : 7
D->valSize : 295
Solving...
Blb : 2 (clique : 12)
currentSize : 12 <-- 0.003351 s
currentSize : 14 <-- 0.040754 s
currentSize : 15 <-- 0.040848 s
currentSize : 17 <-- 0.072157 s
currentSize : 21 <-- 0.072926 s

maxsize : 21
nodes : 17509.000000
filtered : 313232.000000
time : 0.153710
