Parameters: GAD=1 vflib=1 dir=1 label=1 lowerbound=1 fileNameGp=../graphsdb/mcs30/m3D/m3Dr6/mcs30_m3Dr6_s80.A40 fileNameGt=../graphsdb/mcs30/m3D/m3Dr6/mcs30_m3Dr6_s80.B40
Reading graphs...
80 : 232
80 : 231
Initializing...
maxdom : 9
D->valSize : 455
Solving...
Blb : 3 (clique : 22)
currentSize : 22 <-- 0.004550 s
currentSize : 23 <-- 0.006571 s
currentSize : 24 <-- 0.012000 s
currentSize : 25 <-- 0.934833 s
currentSize : 26 <-- 0.967905 s
currentSize : 27 <-- 1.349602 s
currentSize : 28 <-- 577.959473 s
currentSize : 29 <-- 1872.814331 s
currentSize : 30 <-- 1873.044922 s
currentSize : 31 <-- 1873.256104 s

TIMEOUT
maxsize : 31
nodes : 673883133.000000
filtered : 6689754561.000000
time : 3600.000000
