Parameters: GAD=1 vflib=1 dir=1 label=1 lowerbound=1 fileNameGp=../graphsdb/mcs30/rand/r01/mcs30_r01_s70.A08 fileNameGt=../graphsdb/mcs30/rand/r01/mcs30_r01_s70.B08
Reading graphs...
70 : 482
70 : 482
Initializing...
maxdom : 10
D->valSize : 303
Solving...
Blb : 2 (clique : 13)
currentSize : 13 <-- 0.002579 s
currentSize : 14 <-- 0.033353 s
currentSize : 15 <-- 0.066497 s
currentSize : 16 <-- 0.067866 s
currentSize : 17 <-- 0.068701 s
currentSize : 18 <-- 4.652169 s
currentSize : 19 <-- 7.676440 s
currentSize : 21 <-- 11.282506 s
currentSize : 22 <-- 11.327185 s

maxsize : 22
nodes : 2504090.000000
filtered : 26172964.000000
time : 12.450321
