Parameters: GAD=1 vflib=1 dir=1 label=1 lowerbound=1 fileNameGp=../graphsdb/mcs30/m4D/m4Dr6/mcs30_m4Dr6_s60.A07 fileNameGt=../graphsdb/mcs30/m4D/m4Dr6/mcs30_m4Dr6_s60.B07
Reading graphs...
60 : 138
60 : 135
Initializing...
maxdom : 8
D->valSize : 234
Solving...
Blb : 2 (clique : 16)
currentSize : 16 <-- 0.001871 s
currentSize : 17 <-- 0.001985 s
currentSize : 18 <-- 0.002076 s
currentSize : 19 <-- 0.002163 s
currentSize : 20 <-- 0.003722 s
currentSize : 21 <-- 0.052974 s
currentSize : 22 <-- 0.188037 s
currentSize : 23 <-- 23.398108 s
currentSize : 24 <-- 108.913033 s

maxsize : 24
nodes : 53428127.000000
filtered : 527530973.000000
time : 245.455444
