Parameters: GAD=1 vflib=1 dir=1 label=1 lowerbound=1 fileNameGp=../graphsdb/mcs30/rand/r01/mcs30_r01_s90.A93 fileNameGt=../graphsdb/mcs30/rand/r01/mcs30_r01_s90.B93
Reading graphs...
90 : 800
90 : 800
Initializing...
maxdom : 11
D->valSize : 513
Solving...
Blb : 2 (clique : 11)
currentSize : 11 <-- 0.005248 s
currentSize : 12 <-- 0.006544 s
currentSize : 13 <-- 0.008184 s
currentSize : 14 <-- 0.008286 s
currentSize : 15 <-- 0.063210 s
currentSize : 16 <-- 3.138220 s
currentSize : 17 <-- 4.065106 s
currentSize : 18 <-- 31.428850 s
currentSize : 19 <-- 33.910618 s
currentSize : 20 <-- 46.204178 s
currentSize : 21 <-- 46.207737 s
currentSize : 23 <-- 58.988159 s
currentSize : 25 <-- 58.991360 s
currentSize : 27 <-- 58.991737 s

maxsize : 27
nodes : 15626824.000000
filtered : 250962876.000000
time : 96.930717
