Parameters: GAD=1 vflib=1 dir=1 label=1 lowerbound=1 fileNameGp=../graphsdb/mcs30/m4D/m4Dr6/mcs30_m4Dr6_s50.A60 fileNameGt=../graphsdb/mcs30/m4D/m4Dr6/mcs30_m4Dr6_s50.B60
Reading graphs...
50 : 117
50 : 117
Initializing...
maxdom : 11
D->valSize : 326
Solving...
Blb : 2 (clique : 17)
currentSize : 17 <-- 0.002245 s
currentSize : 18 <-- 0.002356 s
currentSize : 19 <-- 0.002525 s
currentSize : 20 <-- 0.013659 s
currentSize : 21 <-- 3.095863 s
currentSize : 22 <-- 61.823177 s
currentSize : 23 <-- 62.021244 s

maxsize : 23
nodes : 51116895.000000
filtered : 628871479.000000
time : 229.696274
