Parameters: GAD=1 vflib=1 dir=1 label=1 lowerbound=1 fileNameGp=../graphsdb/mcs30/bvg/b06m/mcs30_b06m_s80.A62 fileNameGt=../graphsdb/mcs30/bvg/b06m/mcs30_b06m_s80.B62
Reading graphs...
80 : 240
80 : 240
Initializing...
maxdom : 10
D->valSize : 432
Solving...
Blb : 2 (clique : 24)
currentSize : 24 <-- 0.004364 s
currentSize : 25 <-- 0.006695 s
currentSize : 26 <-- 0.007278 s
currentSize : 27 <-- 5.098928 s
currentSize : 28 <-- 12.948325 s
currentSize : 29 <-- 40.845741 s
currentSize : 30 <-- 137.828384 s
currentSize : 31 <-- 258.651184 s

TIMEOUT
maxsize : 31
nodes : 640455546.000000
filtered : 7379813213.000000
time : 3600.000000
