Parameters: GAD=1 vflib=1 dir=1 label=1 lowerbound=1 fileNameGp=../graphsdb/mcs30/m3D/m3D/mcs30_m3D_s100.A55 fileNameGt=../graphsdb/mcs30/m3D/m3D/mcs30_m3D_s100.B55
Reading graphs...
100 : 235
100 : 235
Initializing...
maxdom : 7
D->valSize : 308
Solving...
Blb : 2 (clique : 29)
currentSize : 29 <-- 0.003211 s
currentSize : 30 <-- 0.003523 s
currentSize : 31 <-- 0.003854 s
currentSize : 32 <-- 0.008649 s
currentSize : 33 <-- 3.879378 s
currentSize : 34 <-- 4.526590 s
currentSize : 35 <-- 521.679382 s
currentSize : 36 <-- 878.979004 s
currentSize : 37 <-- 1619.844360 s

TIMEOUT
maxsize : 37
nodes : 695516871.000000
filtered : 2808164904.000000
time : 3600.000000
