Parameters: GAD=1 vflib=1 dir=1 label=1 lowerbound=1 fileNameGp=../graphsdb/mcs30/m3D/m3Dr6/mcs30_m3Dr6_s25.A00 fileNameGt=../graphsdb/mcs30/m3D/m3Dr6/mcs30_m3Dr6_s25.B00
Reading graphs...
25 : 64
25 : 62
Initializing...
maxdom : 9
D->valSize : 171
Solving...
Blb : 2 (clique : 6)
currentSize : 6 <-- 0.001184 s
currentSize : 8 <-- 0.001252 s
currentSize : 9 <-- 0.003058 s
currentSize : 10 <-- 0.003341 s
currentSize : 11 <-- 0.006930 s
currentSize : 12 <-- 0.011442 s

maxsize : 12
nodes : 5031.000000
filtered : 88984.000000
time : 0.030139
