Parameters: GAD=1 vflib=1 dir=1 label=1 lowerbound=1 fileNameGp=../graphsdb/mcs30/m3D/m3Dr2/mcs30_m3Dr2_s40.A21 fileNameGt=../graphsdb/mcs30/m3D/m3Dr2/mcs30_m3Dr2_s40.B21
Reading graphs...
40 : 92
40 : 92
Initializing...
maxdom : 7
D->valSize : 189
Solving...
Blb : 2 (clique : 11)
currentSize : 11 <-- 0.001636 s
currentSize : 12 <-- 0.001765 s
currentSize : 13 <-- 0.002224 s
currentSize : 14 <-- 0.002498 s
currentSize : 15 <-- 0.002613 s
currentSize : 16 <-- 0.002893 s

maxsize : 16
nodes : 108509.000000
filtered : 1195229.000000
time : 0.436007
