Parameters: GAD=1 vflib=1 dir=1 label=1 lowerbound=1 fileNameGp=../graphsdb/mcs30/rand/r001/mcs30_r001_s100.A48 fileNameGt=../graphsdb/mcs30/rand/r001/mcs30_r001_s100.B48
Reading graphs...
100 : 120
100 : 120
Initializing...
maxdom : 7
D->valSize : 325
Solving...
Blb : 2 (clique : 41)
currentSize : 41 <-- 0.005798 s
currentSize : 42 <-- 2.815836 s
currentSize : 43 <-- 3.583072 s
currentSize : 44 <-- 1303.203247 s
currentSize : 45 <-- 1726.926147 s
currentSize : 46 <-- 1730.291504 s
currentSize : 47 <-- 1949.709717 s

TIMEOUT
maxsize : 47
nodes : 747505497.000000
filtered : 2363689357.000000
time : 3600.000000
