Parameters: GAD=1 vflib=1 dir=1 label=1 lowerbound=1 fileNameGp=../graphsdb/mcs30/m4D/m4Dr6/mcs30_m4Dr6_s50.A29 fileNameGt=../graphsdb/mcs30/m4D/m4Dr6/mcs30_m4Dr6_s50.B29
Reading graphs...
50 : 116
50 : 113
Initializing...
maxdom : 9
D->valSize : 323
Solving...
Blb : 2 (clique : 17)
currentSize : 17 <-- 0.003823 s
currentSize : 18 <-- 0.119401 s
currentSize : 19 <-- 0.402186 s
currentSize : 20 <-- 8.713048 s
currentSize : 21 <-- 15.573301 s
currentSize : 22 <-- 34.627426 s
currentSize : 23 <-- 34.627529 s
currentSize : 24 <-- 138.820160 s
currentSize : 25 <-- 138.820602 s

maxsize : 25
nodes : 35216185.000000
filtered : 385320774.000000
time : 159.661530
