Parameters: GAD=1 vflib=1 dir=1 label=1 lowerbound=1 fileNameGp=../graphsdb/mcs30/bvg/b09/mcs30_b09_s80.A51 fileNameGt=../graphsdb/mcs30/bvg/b09/mcs30_b09_s80.B51
Reading graphs...
80 : 360
80 : 360
Initializing...
maxdom : 8
D->valSize : 434
Solving...
Blb : 2 (clique : 18)
currentSize : 18 <-- 0.004072 s
currentSize : 22 <-- 0.004222 s
currentSize : 23 <-- 0.004300 s
currentSize : 24 <-- 0.004432 s
currentSize : 25 <-- 0.064229 s
currentSize : 26 <-- 0.212895 s

TIMEOUT
maxsize : 26
nodes : 611994733.000000
filtered : 9434265691.000000
time : 3600.000000
