Parameters: GAD=1 vflib=1 dir=1 label=1 lowerbound=1 fileNameGp=../graphsdb/mcs30/bvg/b06m/mcs30_b06m_s60.A66 fileNameGt=../graphsdb/mcs30/bvg/b06m/mcs30_b06m_s60.B66
Reading graphs...
60 : 180
60 : 180
Initializing...
maxdom : 7
D->valSize : 239
Solving...
Blb : 3 (clique : 17)
currentSize : 17 <-- 0.001618 s
currentSize : 18 <-- 1.165041 s
currentSize : 19 <-- 2.175866 s
currentSize : 20 <-- 2.464197 s
currentSize : 21 <-- 2.464412 s
currentSize : 22 <-- 2.564449 s
currentSize : 23 <-- 3.965910 s

maxsize : 23
nodes : 2748247.000000
filtered : 17439821.000000
time : 11.308486
