Parameters: GAD=1 vflib=1 dir=1 label=1 lowerbound=1 fileNameGp=../graphsdb/mcs30/bvg/b06/mcs30_b06_s80.A87 fileNameGt=../graphsdb/mcs30/bvg/b06/mcs30_b06_s80.B87
Reading graphs...
80 : 240
80 : 240
Initializing...
maxdom : 9
D->valSize : 446
Solving...
Blb : 2 (clique : 25)
currentSize : 25 <-- 0.004351 s
currentSize : 26 <-- 80.604614 s
currentSize : 27 <-- 264.921967 s
currentSize : 28 <-- 264.922180 s
currentSize : 29 <-- 264.923126 s
currentSize : 30 <-- 264.924011 s
currentSize : 31 <-- 487.970734 s
currentSize : 32 <-- 581.083313 s

TIMEOUT
maxsize : 32
nodes : 609570423.000000
filtered : 7648663705.000000
time : 3600.000000
