Parameters: GAD=1 vflib=1 dir=1 label=1 lowerbound=1 fileNameGp=../graphsdb/mcs30/m2D/m2D/mcs30_m2D_s30.A42 fileNameGt=../graphsdb/mcs30/m2D/m2D/mcs30_m2D_s30.B42
Reading graphs...
30 : 49
30 : 49
Initializing...
maxdom : 6
D->valSize : 122
Solving...
Blb : 5 (clique : 10)
currentSize : 10 <-- 0.000608 s
currentSize : 11 <-- 0.000657 s
currentSize : 12 <-- 0.006613 s
currentSize : 13 <-- 0.012230 s
currentSize : 14 <-- 0.137052 s

maxsize : 14
nodes : 55065.000000
filtered : 515069.000000
time : 0.182376
