Parameters: GAD=1 vflib=1 dir=1 label=1 lowerbound=1 fileNameGp=../graphsdb/mcs30/m4D/m4Dr2/mcs30_m4Dr2_s90.A95 fileNameGt=../graphsdb/mcs30/m4D/m4Dr2/mcs30_m4Dr2_s90.B95
Reading graphs...
90 : 164
90 : 164
Initializing...
maxdom : 8
D->valSize : 522
Solving...
Blb : 2 (clique : 32)
currentSize : 32 <-- 0.010659 s
currentSize : 33 <-- 0.016610 s
currentSize : 34 <-- 24.602480 s
currentSize : 35 <-- 42.243614 s
currentSize : 36 <-- 3385.709229 s
currentSize : 37 <-- 3591.116455 s

TIMEOUT
maxsize : 37
nodes : 782144661.000000
filtered : 3620944846.000000
time : 3600.000000
