Parameters: GAD=1 vflib=1 dir=1 label=1 lowerbound=1 fileNameGp=../graphsdb/mcs30/bvg/b03/mcs30_b03_s40.A56 fileNameGt=../graphsdb/mcs30/bvg/b03/mcs30_b03_s40.B56
Reading graphs...
40 : 60
40 : 60
Initializing...
maxdom : 7
D->valSize : 196
Solving...
Blb : 2 (clique : 16)
currentSize : 16 <-- 0.001745 s
currentSize : 17 <-- 0.001884 s
currentSize : 18 <-- 0.009692 s
currentSize : 19 <-- 1.435167 s
currentSize : 20 <-- 2.593856 s

maxsize : 20
nodes : 1983159.000000
filtered : 19016093.000000
time : 7.823402
