Parameters: GAD=1 vflib=1 dir=1 label=1 lowerbound=1 fileNameGp=../graphsdb/mcs30/m4D/m4Dr2/mcs30_m4Dr2_s60.A05 fileNameGt=../graphsdb/mcs30/m4D/m4Dr2/mcs30_m4Dr2_s60.B05
Reading graphs...
60 : 114
60 : 113
Initializing...
maxdom : 6
D->valSize : 230
Solving...
Blb : 2 (clique : 21)
currentSize : 21 <-- 0.002598 s
currentSize : 22 <-- 11.262074 s
currentSize : 23 <-- 30.046532 s
currentSize : 24 <-- 83.736221 s
currentSize : 25 <-- 234.939728 s
currentSize : 26 <-- 242.395691 s
currentSize : 27 <-- 1451.218384 s

maxsize : 27
nodes : 477847393.000000
filtered : 3081113672.000000
time : 2011.397461
