Parameters: GAD=1 vflib=1 dir=1 label=1 lowerbound=1 fileNameGp=../graphsdb/mcs30/m3D/m3Dr2/mcs30_m3Dr2_s90.A21 fileNameGt=../graphsdb/mcs30/m3D/m3Dr2/mcs30_m3Dr2_s90.B21
Reading graphs...
90 : 227
90 : 227
Initializing...
maxdom : 10
D->valSize : 506
Solving...
Blb : 2 (clique : 27)
currentSize : 27 <-- 0.009336 s
currentSize : 28 <-- 0.070424 s
currentSize : 29 <-- 0.085662 s
currentSize : 30 <-- 0.179668 s
currentSize : 31 <-- 12.655686 s
currentSize : 32 <-- 226.890060 s

TIMEOUT
maxsize : 32
nodes : 705459166.000000
filtered : 4824514130.000000
time : 3600.000000
