Parameters: GAD=1 vflib=1 dir=1 label=1 lowerbound=1 fileNameGp=../graphsdb/mcs30/m4D/m4Dr2/mcs30_m4Dr2_s50.A71 fileNameGt=../graphsdb/mcs30/m4D/m4Dr2/mcs30_m4Dr2_s50.B71
Reading graphs...
50 : 97
50 : 97
Initializing...
maxdom : 9
D->valSize : 313
Solving...
Blb : 2 (clique : 20)
currentSize : 20 <-- 0.002265 s
currentSize : 21 <-- 2.967308 s
currentSize : 22 <-- 8.455089 s
currentSize : 23 <-- 11.455088 s
currentSize : 24 <-- 181.939301 s
currentSize : 25 <-- 185.486115 s

maxsize : 25
nodes : 65779153.000000
filtered : 759718602.000000
time : 282.964844
