Parameters: GAD=1 vflib=1 dir=1 label=1 lowerbound=1 fileNameGp=../graphsdb/mcs30/m2D/m2Dr6/mcs30_m2Dr6_s60.A91 fileNameGt=../graphsdb/mcs30/m2D/m2Dr6/mcs30_m2Dr6_s60.B91
Reading graphs...
60 : 140
60 : 138
Initializing...
maxdom : 6
D->valSize : 260
Solving...
Blb : 2 (clique : 18)
currentSize : 18 <-- 0.002794 s
currentSize : 19 <-- 0.012198 s
currentSize : 20 <-- 0.014362 s
currentSize : 21 <-- 0.275956 s
currentSize : 22 <-- 43.515545 s
currentSize : 23 <-- 197.171036 s
currentSize : 24 <-- 227.698563 s

maxsize : 24
nodes : 113605167.000000
filtered : 915156613.000000
time : 487.055054
