Parameters: GAD=1 vflib=1 dir=1 label=1 lowerbound=1 fileNameGp=../graphsdb/mcs30/m4D/m4Dr4/mcs30_m4Dr4_s50.A90 fileNameGt=../graphsdb/mcs30/m4D/m4Dr4/mcs30_m4Dr4_s50.B90
Reading graphs...
50 : 107
50 : 107
Initializing...
maxdom : 10
D->valSize : 312
Solving...
Blb : 2 (clique : 18)
currentSize : 18 <-- 0.002376 s
currentSize : 19 <-- 0.002781 s
currentSize : 20 <-- 0.003224 s
currentSize : 21 <-- 0.142671 s
currentSize : 22 <-- 1.307721 s
currentSize : 23 <-- 21.095802 s
currentSize : 24 <-- 37.876125 s

maxsize : 24
nodes : 15239644.000000
filtered : 191631658.000000
time : 72.017105
