Parameters: GAD=1 vflib=1 dir=1 label=1 lowerbound=1 fileNameGp=../graphsdb/mcs30/bvg/b06m/mcs30_b06m_s70.A38 fileNameGt=../graphsdb/mcs30/bvg/b06m/mcs30_b06m_s70.B38
Reading graphs...
70 : 210
70 : 210
Initializing...
maxdom : 7
D->valSize : 321
Solving...
Blb : 2 (clique : 24)
currentSize : 24 <-- 0.002825 s
currentSize : 25 <-- 15.278779 s
currentSize : 26 <-- 15.302219 s
currentSize : 27 <-- 16.347551 s
currentSize : 28 <-- 39.835705 s

maxsize : 28
nodes : 166293211.000000
filtered : 1428446793.000000
time : 802.648804
