Parameters: GAD=1 vflib=1 dir=1 label=1 lowerbound=1 fileNameGp=../graphsdb/mcs30/rand/r01/mcs30_r01_s60.A02 fileNameGt=../graphsdb/mcs30/rand/r01/mcs30_r01_s60.B02
Reading graphs...
60 : 353
60 : 353
Initializing...
maxdom : 8
D->valSize : 244
Solving...
Blb : 2 (clique : 13)
currentSize : 13 <-- 0.001848 s
currentSize : 14 <-- 0.001993 s
currentSize : 15 <-- 0.002269 s
currentSize : 16 <-- 0.002447 s
currentSize : 17 <-- 0.002523 s
currentSize : 18 <-- 0.107180 s
currentSize : 19 <-- 0.107344 s

maxsize : 19
nodes : 61283.000000
filtered : 849349.000000
time : 0.311182
