Parameters: GAD=1 vflib=1 dir=1 label=1 lowerbound=1 fileNameGp=../graphsdb/mcs30/m2D/m2Dr4/mcs30_m2Dr4_s80.A94 fileNameGt=../graphsdb/mcs30/m2D/m2Dr4/mcs30_m2Dr4_s80.B94
Reading graphs...
80 : 174
80 : 173
Initializing...
maxdom : 12
D->valSize : 466
Solving...
Blb : 2 (clique : 27)
currentSize : 27 <-- 0.007946 s
currentSize : 29 <-- 0.008273 s
currentSize : 30 <-- 0.008636 s
currentSize : 31 <-- 0.009257 s
currentSize : 32 <-- 0.011319 s
currentSize : 33 <-- 0.059624 s
currentSize : 34 <-- 2.509977 s
currentSize : 35 <-- 11.339756 s
currentSize : 36 <-- 11.857087 s
currentSize : 37 <-- 49.333099 s

TIMEOUT
maxsize : 37
nodes : 636535890.000000
filtered : 7065349534.000000
time : 3600.000000
