Parameters: GAD=1 vflib=1 dir=1 label=1 lowerbound=1 fileNameGp=../graphsdb/mcs30/bvg/b06m/mcs30_b06m_s60.A25 fileNameGt=../graphsdb/mcs30/bvg/b06m/mcs30_b06m_s60.B25
Reading graphs...
60 : 180
60 : 180
Initializing...
maxdom : 6
D->valSize : 218
Solving...
Blb : 2 (clique : 18)
currentSize : 18 <-- 0.001773 s
currentSize : 19 <-- 0.001943 s
currentSize : 20 <-- 0.003263 s
currentSize : 21 <-- 3.764741 s
currentSize : 22 <-- 4.019575 s
currentSize : 23 <-- 4.308245 s

maxsize : 23
nodes : 2936573.000000
filtered : 21712733.000000
time : 12.833902
