Parameters: GAD=1 vflib=1 dir=1 label=1 lowerbound=1 fileNameGp=../graphsdb/mcs30/m3D/m3Dr2/mcs30_m3Dr2_s80.A66 fileNameGt=../graphsdb/mcs30/m3D/m3Dr2/mcs30_m3Dr2_s80.B66
Reading graphs...
80 : 200
80 : 200
Initializing...
maxdom : 11
D->valSize : 412
Solving...
Blb : 2 (clique : 24)
currentSize : 24 <-- 0.006447 s
currentSize : 25 <-- 0.006910 s
currentSize : 26 <-- 0.081493 s
currentSize : 27 <-- 4.333290 s
currentSize : 28 <-- 8.823405 s
currentSize : 29 <-- 30.062977 s
currentSize : 30 <-- 496.808441 s
currentSize : 31 <-- 1222.243652 s

TIMEOUT
maxsize : 31
nodes : 718408595.000000
filtered : 5593922521.000000
time : 3600.000000
