Parameters: GAD=1 vflib=1 dir=1 label=1 lowerbound=1 fileNameGp=../graphsdb/mcs30/m2D/m2Dr6/mcs30_m2Dr6_s90.A63 fileNameGt=../graphsdb/mcs30/m2D/m2Dr6/mcs30_m2Dr6_s90.B63
Reading graphs...
90 : 215
90 : 213
Initializing...
maxdom : 10
D->valSize : 523
Solving...
Blb : 5 (clique : 25)
currentSize : 25 <-- 0.005846 s
currentSize : 26 <-- 0.006059 s
currentSize : 27 <-- 0.006568 s
currentSize : 28 <-- 0.034608 s
currentSize : 29 <-- 1.438015 s
currentSize : 30 <-- 22.915239 s
currentSize : 31 <-- 29.590755 s
currentSize : 32 <-- 503.289673 s
currentSize : 33 <-- 594.587402 s
currentSize : 34 <-- 953.099731 s

TIMEOUT
maxsize : 34
nodes : 646745040.000000
filtered : 5381184773.000000
time : 3600.000000
