Parameters: GAD=1 vflib=1 dir=1 label=1 lowerbound=1 fileNameGp=../graphsdb/mcs30/rand/r01/mcs30_r01_s70.A52 fileNameGt=../graphsdb/mcs30/rand/r01/mcs30_r01_s70.B52
Reading graphs...
70 : 482
70 : 482
Initializing...
maxdom : 10
D->valSize : 333
Solving...
Blb : 2 (clique : 11)
currentSize : 11 <-- 0.002624 s
currentSize : 12 <-- 0.003096 s
currentSize : 13 <-- 0.003586 s
currentSize : 14 <-- 0.012375 s
currentSize : 15 <-- 0.038678 s
currentSize : 18 <-- 0.092855 s
currentSize : 20 <-- 0.544523 s
currentSize : 21 <-- 0.544636 s

maxsize : 21
nodes : 441801.000000
filtered : 7017176.000000
time : 2.460679
