Parameters: GAD=1 vflib=1 dir=1 label=1 lowerbound=1 fileNameGp=../graphsdb/mcs30/rand/r02/mcs30_r02_s40.A79 fileNameGt=../graphsdb/mcs30/rand/r02/mcs30_r02_s40.B79
Reading graphs...
40 : 311
40 : 311
Initializing...
maxdom : 9
D->valSize : 200
Solving...
Blb : 2 (clique : 7)
currentSize : 7 <-- 0.001140 s
currentSize : 8 <-- 0.001305 s
currentSize : 9 <-- 0.001440 s
currentSize : 11 <-- 0.002717 s
currentSize : 12 <-- 0.013770 s

maxsize : 12
nodes : 3992.000000
filtered : 72409.000000
time : 0.018277
