Parameters: GAD=1 vflib=1 dir=1 label=1 lowerbound=1 fileNameGp=../graphsdb/mcs30/rand/r01/mcs30_r01_s70.A75 fileNameGt=../graphsdb/mcs30/rand/r01/mcs30_r01_s70.B75
Reading graphs...
70 : 482
70 : 482
Initializing...
maxdom : 8
D->valSize : 317
Solving...
Blb : 5 (clique : 14)
currentSize : 14 <-- 0.002513 s
currentSize : 15 <-- 0.067010 s
currentSize : 16 <-- 1.787191 s
currentSize : 17 <-- 2.518826 s
currentSize : 19 <-- 2.534427 s
currentSize : 20 <-- 2.556547 s
currentSize : 21 <-- 3.498451 s

maxsize : 21
nodes : 1283194.000000
filtered : 16649865.000000
time : 6.708959
