Parameters: GAD=1 vflib=1 dir=1 label=1 lowerbound=1 fileNameGp=../graphsdb/mcs30/m4D/m4Dr4/mcs30_m4Dr4_s50.A59 fileNameGt=../graphsdb/mcs30/m4D/m4Dr4/mcs30_m4Dr4_s50.B59
Reading graphs...
50 : 107
50 : 107
Initializing...
maxdom : 11
D->valSize : 303
Solving...
Blb : 2 (clique : 16)
currentSize : 16 <-- 0.002175 s
currentSize : 17 <-- 0.002506 s
currentSize : 18 <-- 0.007019 s
currentSize : 19 <-- 0.015224 s
currentSize : 20 <-- 219.658463 s
currentSize : 21 <-- 239.841125 s
currentSize : 22 <-- 246.360657 s
currentSize : 23 <-- 314.881226 s

maxsize : 23
nodes : 95461905.000000
filtered : 572116899.000000
time : 317.244263
