Parameters: GAD=1 vflib=1 dir=1 label=1 lowerbound=1 fileNameGp=../graphsdb/mcs30/m4D/m4Dr4/mcs30_m4Dr4_s60.A11 fileNameGt=../graphsdb/mcs30/m4D/m4Dr4/mcs30_m4Dr4_s60.B11
Reading graphs...
60 : 126
60 : 126
Initializing...
maxdom : 8
D->valSize : 278
Solving...
Blb : 3 (clique : 20)
currentSize : 20 <-- 0.002037 s
currentSize : 21 <-- 0.217838 s
currentSize : 22 <-- 0.918053 s
currentSize : 23 <-- 2.936841 s
currentSize : 24 <-- 61.916870 s
currentSize : 25 <-- 61.917774 s
currentSize : 26 <-- 72.489471 s
currentSize : 27 <-- 96.439323 s

maxsize : 27
nodes : 44201953.000000
filtered : 369761784.000000
time : 189.345139
