Parameters: GAD=1 vflib=1 dir=1 label=1 lowerbound=1 fileNameGp=../graphsdb/mcs30/bvg/b09m/mcs30_b09m_s70.A85 fileNameGt=../graphsdb/mcs30/bvg/b09m/mcs30_b09m_s70.B85
Reading graphs...
70 : 315
70 : 315
Initializing...
maxdom : 8
D->valSize : 323
Solving...
Blb : 2 (clique : 18)
currentSize : 18 <-- 0.002943 s
currentSize : 19 <-- 0.003087 s
currentSize : 20 <-- 0.003502 s
currentSize : 21 <-- 0.009917 s
currentSize : 22 <-- 8.148040 s
currentSize : 23 <-- 19.446018 s
currentSize : 24 <-- 19.516993 s

maxsize : 24
nodes : 21056274.000000
filtered : 247497488.000000
time : 107.914467
