Parameters: GAD=1 vflib=1 dir=1 label=1 lowerbound=1 fileNameGp=../graphsdb/mcs30/m2D/m2Dr2/mcs30_m2Dr2_s50.A06 fileNameGt=../graphsdb/mcs30/m2D/m2Dr2/mcs30_m2Dr2_s50.B06
Reading graphs...
50 : 95
50 : 95
Initializing...
maxdom : 10
D->valSize : 325
Solving...
Blb : 5 (clique : 17)
currentSize : 17 <-- 0.002522 s
currentSize : 19 <-- 0.019652 s
currentSize : 20 <-- 0.024506 s
currentSize : 21 <-- 0.025009 s
currentSize : 22 <-- 1.253105 s
currentSize : 23 <-- 19.084641 s
currentSize : 24 <-- 41.210358 s

maxsize : 24
nodes : 244335970.000000
filtered : 3427702747.000000
time : 1115.579468
