Parameters: GAD=1 vflib=1 dir=1 label=1 lowerbound=1 fileNameGp=../graphsdb/mcs30/m2D/m2Dr2/mcs30_m2Dr2_s80.A10 fileNameGt=../graphsdb/mcs30/m2D/m2Dr2/mcs30_m2Dr2_s80.B10
Reading graphs...
80 : 158
80 : 158
Initializing...
maxdom : 11
D->valSize : 410
Solving...
Blb : 2 (clique : 26)
currentSize : 26 <-- 0.004296 s
currentSize : 27 <-- 0.004549 s
currentSize : 28 <-- 0.005729 s
currentSize : 29 <-- 0.030832 s
currentSize : 30 <-- 0.034003 s
currentSize : 31 <-- 0.545050 s

TIMEOUT
maxsize : 31
nodes : 685955916.000000
filtered : 6095185820.000000
time : 3600.000000
