Parameters: GAD=1 vflib=1 dir=1 label=1 lowerbound=1 fileNameGp=../graphsdb/mcs30/bvg/b06m/mcs30_b06m_s60.A53 fileNameGt=../graphsdb/mcs30/bvg/b06m/mcs30_b06m_s60.B53
Reading graphs...
60 : 180
60 : 180
Initializing...
maxdom : 10
D->valSize : 315
Solving...
Blb : 5 (clique : 18)
currentSize : 18 <-- 0.002344 s
currentSize : 19 <-- 0.072685 s
currentSize : 20 <-- 0.085125 s
currentSize : 22 <-- 1.448792 s
currentSize : 23 <-- 1.448990 s
currentSize : 24 <-- 7.159118 s

maxsize : 24
nodes : 3426350.000000
filtered : 42372952.000000
time : 16.680569
