Parameters: GAD=1 vflib=1 dir=1 label=1 lowerbound=1 fileNameGp=../graphsdb/mcs30/m2D/m2D/mcs30_m2D_s70.A12 fileNameGt=../graphsdb/mcs30/m2D/m2D/mcs30_m2D_s70.B12
Reading graphs...
70 : 123
70 : 123
Initializing...
maxdom : 8
D->valSize : 317
Solving...
Blb : 2 (clique : 24)
currentSize : 24 <-- 0.004426 s
currentSize : 26 <-- 0.140231 s
currentSize : 27 <-- 0.320325 s
currentSize : 28 <-- 1.311096 s
currentSize : 29 <-- 2.105681 s
currentSize : 30 <-- 10.894289 s
currentSize : 31 <-- 240.210938 s
currentSize : 32 <-- 240.376511 s
currentSize : 33 <-- 335.807617 s

TIMEOUT
maxsize : 33
nodes : 753389192.000000
filtered : 5906373060.000000
time : 3600.000000
