Parameters: GAD=1 vflib=1 dir=1 label=1 lowerbound=1 fileNameGp=../graphsdb/mcs30/m2D/m2D/mcs30_m2D_s80.A47 fileNameGt=../graphsdb/mcs30/m2D/m2D/mcs30_m2D_s80.B47
Reading graphs...
80 : 142
80 : 142
Initializing...
maxdom : 9
D->valSize : 408
Solving...
Blb : 2 (clique : 32)
currentSize : 32 <-- 0.003914 s
currentSize : 33 <-- 0.004198 s
currentSize : 34 <-- 0.016500 s
currentSize : 35 <-- 0.027892 s
currentSize : 36 <-- 0.421473 s
currentSize : 37 <-- 34.885799 s

TIMEOUT
maxsize : 37
nodes : 715625352.000000
filtered : 6156626194.000000
time : 3600.000000
