Parameters: GAD=1 vflib=1 dir=1 label=1 lowerbound=1 fileNameGp=../graphsdb/mcs30/m3D/m3Dr4/mcs30_m3Dr4_s90.A12 fileNameGt=../graphsdb/mcs30/m3D/m3Dr4/mcs30_m3Dr4_s90.B12
Reading graphs...
90 : 245
90 : 244
Initializing...
maxdom : 10
D->valSize : 524
Solving...
Blb : 2 (clique : 32)
currentSize : 32 <-- 0.009876 s
currentSize : 33 <-- 0.010547 s
currentSize : 34 <-- 0.010867 s
currentSize : 35 <-- 0.015382 s
currentSize : 36 <-- 0.018511 s
currentSize : 37 <-- 0.062670 s
currentSize : 38 <-- 0.185662 s

TIMEOUT
maxsize : 38
nodes : 658920993.000000
filtered : 4907320062.000000
time : 3600.000000
