Parameters: GAD=1 vflib=1 dir=1 label=1 lowerbound=1 fileNameGp=../graphsdb/mcs30/m4D/m4Dr2/mcs30_m4Dr2_s70.A55 fileNameGt=../graphsdb/mcs30/m4D/m4Dr2/mcs30_m4Dr2_s70.B55
Reading graphs...
70 : 132
70 : 132
Initializing...
maxdom : 8
D->valSize : 315
Solving...
Blb : 2 (clique : 23)
currentSize : 23 <-- 0.002611 s
currentSize : 24 <-- 0.002843 s
currentSize : 25 <-- 0.003714 s
currentSize : 26 <-- 0.003874 s
currentSize : 27 <-- 0.010217 s
currentSize : 28 <-- 0.069717 s
currentSize : 29 <-- 0.384528 s
currentSize : 30 <-- 1.146523 s
currentSize : 31 <-- 4.564675 s

TIMEOUT
maxsize : 31
nodes : 770219820.000000
filtered : 6521685847.000000
time : 3600.000000
