Parameters: GAD=1 vflib=1 dir=1 label=1 lowerbound=1 fileNameGp=../graphsdb/mcs30/rand/r001/mcs30_r001_s100.A25 fileNameGt=../graphsdb/mcs30/rand/r001/mcs30_r001_s100.B25
Reading graphs...
100 : 120
100 : 120
Initializing...
maxdom : 6
D->valSize : 334
Solving...
Blb : 2 (clique : 37)
currentSize : 37 <-- 0.003667 s
currentSize : 38 <-- 0.004096 s
currentSize : 39 <-- 0.004472 s
currentSize : 40 <-- 0.695170 s
currentSize : 41 <-- 1.869567 s
currentSize : 42 <-- 111.002098 s
currentSize : 43 <-- 328.137024 s
currentSize : 44 <-- 546.438538 s
currentSize : 45 <-- 1512.980347 s
currentSize : 46 <-- 2088.561768 s
currentSize : 47 <-- 2088.570068 s
currentSize : 48 <-- 2809.910156 s

TIMEOUT
maxsize : 48
nodes : 727501711.000000
filtered : 2677108948.000000
time : 3600.000000
