Parameters: GAD=1 vflib=1 dir=1 label=1 lowerbound=1 fileNameGp=../graphsdb/mcs30/m2D/m2Dr4/mcs30_m2Dr4_s90.A63 fileNameGt=../graphsdb/mcs30/m2D/m2Dr4/mcs30_m2Dr4_s90.B63
Reading graphs...
90 : 197
90 : 195
Initializing...
maxdom : 9
D->valSize : 555
Solving...
Blb : 5 (clique : 31)
currentSize : 31 <-- 0.010968 s
currentSize : 32 <-- 149.953461 s
currentSize : 33 <-- 150.051605 s
currentSize : 34 <-- 254.833878 s
currentSize : 35 <-- 890.414307 s
currentSize : 36 <-- 1971.108276 s

TIMEOUT
maxsize : 36
nodes : 644080301.000000
filtered : 6765905827.000000
time : 3600.000000
