Parameters: GAD=1 vflib=1 dir=1 label=1 lowerbound=1 fileNameGp=../graphsdb/mcs30/m4D/m4Dr6/mcs30_m4Dr6_s70.A69 fileNameGt=../graphsdb/mcs30/m4D/m4Dr6/mcs30_m4Dr6_s70.B69
Reading graphs...
70 : 160
70 : 158
Initializing...
maxdom : 7
D->valSize : 306
Solving...
Blb : 2 (clique : 25)
currentSize : 25 <-- 0.002716 s
currentSize : 26 <-- 0.012325 s
currentSize : 27 <-- 1.189890 s
currentSize : 28 <-- 1.382014 s
currentSize : 29 <-- 11.322105 s
currentSize : 30 <-- 29.547468 s

maxsize : 30
nodes : 456843405.000000
filtered : 4406436000.000000
time : 2283.588623
