Parameters: GAD=1 vflib=1 dir=1 label=1 lowerbound=1 fileNameGp=../graphsdb/mcs30/bvg/b06m/mcs30_b06m_s35.A90 fileNameGt=../graphsdb/mcs30/bvg/b06m/mcs30_b06m_s35.B90
Reading graphs...
35 : 105
35 : 105
Initializing...
maxdom : 8
D->valSize : 141
Solving...
Blb : 5 (clique : 10)
currentSize : 10 <-- 0.000739 s
currentSize : 11 <-- 0.000873 s
currentSize : 12 <-- 0.001178 s
currentSize : 13 <-- 0.001352 s
currentSize : 14 <-- 0.003672 s

maxsize : 14
nodes : 5624.000000
filtered : 51675.000000
time : 0.020235
