Parameters: GAD=1 vflib=1 dir=1 label=1 lowerbound=1 fileNameGp=../graphsdb/mcs30/rand/r02/mcs30_r02_s50.A00 fileNameGt=../graphsdb/mcs30/rand/r02/mcs30_r02_s50.B00
Reading graphs...
50 : 489
50 : 489
Initializing...
maxdom : 9
D->valSize : 299
Solving...
Blb : 2 (clique : 7)
currentSize : 7 <-- 0.001955 s
currentSize : 8 <-- 0.002159 s
currentSize : 10 <-- 0.027881 s
currentSize : 12 <-- 0.028007 s
currentSize : 15 <-- 0.028109 s

maxsize : 15
nodes : 15692.000000
filtered : 336290.000000
time : 0.078467
