Parameters: GAD=1 vflib=1 dir=1 label=1 lowerbound=1 fileNameGp=../graphsdb/mcs30/m3D/m3Dr4/mcs30_m3Dr4_s80.A42 fileNameGt=../graphsdb/mcs30/m3D/m3Dr4/mcs30_m3Dr4_s80.B42
Reading graphs...
80 : 216
80 : 216
Initializing...
maxdom : 8
D->valSize : 438
Solving...
Blb : 2 (clique : 23)
currentSize : 23 <-- 0.007185 s
currentSize : 24 <-- 0.019194 s
currentSize : 25 <-- 0.103665 s
currentSize : 26 <-- 0.571464 s
currentSize : 27 <-- 1.948700 s
currentSize : 28 <-- 482.877228 s
currentSize : 29 <-- 1370.664307 s
currentSize : 30 <-- 1753.588013 s

TIMEOUT
maxsize : 30
nodes : 665328906.000000
filtered : 7368934687.000000
time : 3600.000000
