Parameters: GAD=1 vflib=1 dir=1 label=1 lowerbound=1 fileNameGp=../graphsdb/mcs30/rand/r005/mcs30_r005_s80.A93 fileNameGt=../graphsdb/mcs30/rand/r005/mcs30_r005_s80.B93
Reading graphs...
80 : 315
80 : 315
Initializing...
maxdom : 11
D->valSize : 433
Solving...
Blb : 2 (clique : 21)
currentSize : 21 <-- 0.007448 s
currentSize : 22 <-- 3.822899 s
currentSize : 23 <-- 6.141586 s
currentSize : 24 <-- 11.470670 s
currentSize : 25 <-- 29.045828 s
currentSize : 26 <-- 34.461990 s
currentSize : 27 <-- 36.985752 s
currentSize : 28 <-- 2572.506348 s
currentSize : 29 <-- 2582.050781 s

TIMEOUT
maxsize : 29
nodes : 633600107.000000
filtered : 7754456512.000000
time : 3600.000000
