Parameters: GAD=1 vflib=1 dir=1 label=1 lowerbound=1 fileNameGp=../graphsdb/mcs30/rand/r01/mcs30_r01_s70.A28 fileNameGt=../graphsdb/mcs30/rand/r01/mcs30_r01_s70.B28
Reading graphs...
70 : 482
70 : 482
Initializing...
maxdom : 8
D->valSize : 340
Solving...
Blb : 3 (clique : 13)
currentSize : 13 <-- 0.002746 s
currentSize : 14 <-- 0.144312 s
currentSize : 15 <-- 0.369826 s
currentSize : 16 <-- 0.486469 s
currentSize : 17 <-- 0.488402 s
currentSize : 18 <-- 2.650130 s
currentSize : 20 <-- 6.359965 s
currentSize : 21 <-- 6.362336 s

maxsize : 21
nodes : 1576575.000000
filtered : 23134966.000000
time : 8.638048
