Parameters: GAD=1 vflib=1 dir=1 label=1 lowerbound=1 fileNameGp=../graphsdb/mcs30/m2D/m2Dr2/mcs30_m2Dr2_s70.A32 fileNameGt=../graphsdb/mcs30/m2D/m2Dr2/mcs30_m2Dr2_s70.B32
Reading graphs...
70 : 137
70 : 137
Initializing...
maxdom : 7
D->valSize : 316
Solving...
Blb : 2 (clique : 26)
currentSize : 26 <-- 0.002804 s
currentSize : 27 <-- 0.326457 s
currentSize : 28 <-- 2.427763 s
currentSize : 29 <-- 43.518036 s
currentSize : 30 <-- 85.476875 s
currentSize : 31 <-- 239.962021 s
currentSize : 32 <-- 240.033401 s
currentSize : 33 <-- 240.041168 s
currentSize : 34 <-- 339.392090 s
currentSize : 35 <-- 428.436676 s

maxsize : 35
nodes : 150193989.000000
filtered : 1300241137.000000
time : 756.649780
