Parameters: GAD=1 vflib=1 dir=1 label=1 lowerbound=1 fileNameGp=../graphsdb/mcs30/m3D/m3D/mcs30_m3D_s100.A35 fileNameGt=../graphsdb/mcs30/m3D/m3D/mcs30_m3D_s100.B35
Reading graphs...
100 : 235
100 : 235
Initializing...
maxdom : 8
D->valSize : 334
Solving...
Blb : 2 (clique : 29)
currentSize : 29 <-- 0.003354 s
currentSize : 30 <-- 0.003646 s
currentSize : 31 <-- 0.019985 s
currentSize : 32 <-- 0.026310 s
currentSize : 33 <-- 2.242981 s
currentSize : 34 <-- 12.274364 s
currentSize : 35 <-- 336.843292 s
currentSize : 36 <-- 445.393463 s

TIMEOUT
maxsize : 36
nodes : 689714004.000000
filtered : 4080913134.000000
time : 3600.000000
