Parameters: GAD=1 vflib=1 dir=1 label=1 lowerbound=1 fileNameGp=../graphsdb/mcs30/m3D/m3Dr4/mcs30_m3Dr4_s90.A22 fileNameGt=../graphsdb/mcs30/m3D/m3Dr4/mcs30_m3Dr4_s90.B22
Reading graphs...
90 : 245
90 : 243
Initializing...
maxdom : 12
D->valSize : 525
Solving...
Blb : 2 (clique : 25)
currentSize : 25 <-- 0.006005 s
currentSize : 26 <-- 0.006511 s
currentSize : 27 <-- 0.006672 s
currentSize : 28 <-- 0.007782 s
currentSize : 29 <-- 0.008278 s
currentSize : 30 <-- 299.614319 s

TIMEOUT
maxsize : 30
nodes : 781818415.000000
filtered : 4298570742.000000
time : 3600.000000
