Parameters: GAD=1 vflib=1 dir=1 label=1 lowerbound=1 fileNameGp=../graphsdb/mcs30/m4D/m4Dr2/mcs30_m4Dr2_s60.A84 fileNameGt=../graphsdb/mcs30/m4D/m4Dr2/mcs30_m4Dr2_s60.B84
Reading graphs...
60 : 114
60 : 114
Initializing...
maxdom : 9
D->valSize : 259
Solving...
Blb : 2 (clique : 21)
currentSize : 21 <-- 0.002940 s
currentSize : 22 <-- 0.885602 s
currentSize : 23 <-- 10.378420 s
currentSize : 24 <-- 10.894867 s
currentSize : 25 <-- 113.128616 s
currentSize : 26 <-- 142.292221 s
currentSize : 27 <-- 142.328339 s

maxsize : 27
nodes : 80898926.000000
filtered : 701154178.000000
time : 369.242950
