Parameters: GAD=1 vflib=1 dir=1 label=1 lowerbound=1 fileNameGp=../graphsdb/mcs30/m2D/m2Dr2/mcs30_m2Dr2_s100.A34 fileNameGt=../graphsdb/mcs30/m2D/m2Dr2/mcs30_m2Dr2_s100.B34
Reading graphs...
100 : 200
100 : 200
Initializing...
maxdom : 7
D->valSize : 327
Solving...
Blb : 2 (clique : 29)
currentSize : 29 <-- 0.003221 s
currentSize : 30 <-- 0.003635 s
currentSize : 31 <-- 0.004399 s
currentSize : 32 <-- 0.007758 s
currentSize : 33 <-- 0.044109 s
currentSize : 34 <-- 2.443100 s
currentSize : 35 <-- 2.504786 s
currentSize : 36 <-- 2.646321 s
currentSize : 37 <-- 2.687678 s
currentSize : 38 <-- 1030.617554 s
currentSize : 39 <-- 1535.518677 s

TIMEOUT
maxsize : 39
nodes : 686170738.000000
filtered : 3333395677.000000
time : 3600.000000
