Parameters: GAD=1 vflib=1 dir=1 label=1 lowerbound=1 fileNameGp=../graphsdb/mcs30/bvg/b03m/mcs30_b03m_s90.A69 fileNameGt=../graphsdb/mcs30/bvg/b03m/mcs30_b03m_s90.B69
Reading graphs...
90 : 135
90 : 135
Initializing...
maxdom : 8
D->valSize : 532
Solving...
Blb : 2 (clique : 36)
currentSize : 36 <-- 0.010524 s
currentSize : 37 <-- 0.011111 s
currentSize : 38 <-- 0.028456 s
currentSize : 39 <-- 0.342647 s
currentSize : 40 <-- 3.901432 s
currentSize : 41 <-- 1081.941650 s

TIMEOUT
maxsize : 41
nodes : 727162516.000000
filtered : 4275065293.000000
time : 3600.000000
