Parameters: GAD=1 vflib=1 dir=1 label=1 lowerbound=1 fileNameGp=../graphsdb/mcs30/bvg/b09m/mcs30_b09m_s80.A72 fileNameGt=../graphsdb/mcs30/bvg/b09m/mcs30_b09m_s80.B72
Reading graphs...
80 : 360
80 : 360
Initializing...
maxdom : 9
D->valSize : 448
Solving...
Blb : 2 (clique : 17)
currentSize : 17 <-- 0.004398 s
currentSize : 20 <-- 0.004546 s
currentSize : 21 <-- 0.018376 s
currentSize : 22 <-- 4.504375 s
currentSize : 23 <-- 139.362427 s
currentSize : 24 <-- 802.109253 s
currentSize : 25 <-- 2861.925781 s

TIMEOUT
maxsize : 25
nodes : 657279373.000000
filtered : 8370817915.000000
time : 3600.000000
