Parameters: GAD=1 vflib=1 dir=1 label=1 lowerbound=1 fileNameGp=../graphsdb/mcs30/m2D/m2Dr6/mcs30_m2Dr6_s70.A83 fileNameGt=../graphsdb/mcs30/m2D/m2Dr6/mcs30_m2Dr6_s70.B83
Reading graphs...
70 : 165
70 : 165
Initializing...
maxdom : 10
D->valSize : 324
Solving...
Blb : 3 (clique : 22)
currentSize : 22 <-- 0.002829 s
currentSize : 23 <-- 0.003536 s
currentSize : 24 <-- 0.008182 s
currentSize : 25 <-- 0.012632 s
currentSize : 26 <-- 386.215149 s
currentSize : 27 <-- 2523.814941 s

TIMEOUT
maxsize : 27
nodes : 751734042.000000
filtered : 6427569059.000000
time : 3600.000000
