Parameters: GAD=1 vflib=1 dir=1 label=1 lowerbound=1 fileNameGp=../graphsdb/mcs30/m2D/m2D/mcs30_m2D_s50.A18 fileNameGt=../graphsdb/mcs30/m2D/m2D/mcs30_m2D_s50.B18
Reading graphs...
50 : 85
50 : 85
Initializing...
maxdom : 10
D->valSize : 329
Solving...
Blb : 5 (clique : 18)
currentSize : 18 <-- 0.002453 s
currentSize : 20 <-- 0.004772 s
currentSize : 21 <-- 0.005078 s
currentSize : 22 <-- 0.044824 s
currentSize : 23 <-- 2.646223 s
currentSize : 24 <-- 116.568352 s
currentSize : 25 <-- 116.568993 s

maxsize : 25
nodes : 34521271.000000
filtered : 403388624.000000
time : 156.436035
