Parameters: GAD=1 vflib=1 dir=1 label=1 lowerbound=1 fileNameGp=../graphsdb/mcs30/m2D/m2D/mcs30_m2D_s80.A94 fileNameGt=../graphsdb/mcs30/m2D/m2D/mcs30_m2D_s80.B94
Reading graphs...
80 : 142
80 : 142
Initializing...
maxdom : 9
D->valSize : 391
Solving...
Blb : 2 (clique : 28)
currentSize : 28 <-- 0.003669 s
currentSize : 30 <-- 0.010280 s
currentSize : 31 <-- 0.010550 s
currentSize : 32 <-- 2.420460 s
currentSize : 33 <-- 28.820448 s
currentSize : 34 <-- 850.069519 s

TIMEOUT
maxsize : 34
nodes : 649813013.000000
filtered : 6391650141.000000
time : 3600.000000
