Parameters: GAD=1 vflib=1 dir=1 label=1 lowerbound=1 fileNameGp=../graphsdb/mcs30/bvg/b06/mcs30_b06_s100.A28 fileNameGt=../graphsdb/mcs30/bvg/b06/mcs30_b06_s100.B28
Reading graphs...
100 : 300
100 : 300
Initializing...
maxdom : 8
D->valSize : 355
Solving...
Blb : 2 (clique : 27)
currentSize : 27 <-- 0.003729 s
currentSize : 28 <-- 0.005075 s
currentSize : 29 <-- 0.037301 s
currentSize : 30 <-- 0.137154 s
currentSize : 31 <-- 118.659325 s
currentSize : 32 <-- 2241.437256 s
currentSize : 33 <-- 2246.041748 s

TIMEOUT
maxsize : 33
nodes : 662451867.000000
filtered : 4037734493.000000
time : 3600.000000
