Parameters: GAD=1 vflib=1 dir=1 label=1 lowerbound=1 fileNameGp=../graphsdb/mcs30/bvg/b09m/mcs30_b09m_s40.A04 fileNameGt=../graphsdb/mcs30/bvg/b09m/mcs30_b09m_s40.B04
Reading graphs...
40 : 180
40 : 180
Initializing...
maxdom : 8
D->valSize : 199
Solving...
Blb : 2 (clique : 9)
currentSize : 9 <-- 0.001623 s
currentSize : 10 <-- 0.002416 s
currentSize : 11 <-- 0.004388 s
currentSize : 12 <-- 0.055854 s
currentSize : 13 <-- 0.055890 s
currentSize : 14 <-- 0.060098 s

maxsize : 14
nodes : 41627.000000
filtered : 469169.000000
time : 0.164912
