Parameters: GAD=1 vflib=1 dir=1 label=1 lowerbound=1 fileNameGp=../graphsdb/mcs30/bvg/b03m/mcs30_b03m_s40.A29 fileNameGt=../graphsdb/mcs30/bvg/b03m/mcs30_b03m_s40.B29
Reading graphs...
40 : 60
40 : 60
Initializing...
maxdom : 11
D->valSize : 215
Solving...
Blb : 2 (clique : 15)
currentSize : 15 <-- 0.001908 s
currentSize : 16 <-- 0.003301 s
currentSize : 17 <-- 0.035502 s
currentSize : 18 <-- 0.563186 s
currentSize : 19 <-- 1.333822 s

maxsize : 19
nodes : 389036.000000
filtered : 5010884.000000
time : 1.736298
