Parameters: GAD=1 vflib=1 dir=1 label=1 lowerbound=1 fileNameGp=../graphsdb/mcs30/m3D/m3D/mcs30_m3D_s100.A72 fileNameGt=../graphsdb/mcs30/m3D/m3D/mcs30_m3D_s100.B72
Reading graphs...
100 : 235
100 : 235
Initializing...
maxdom : 7
D->valSize : 350
Solving...
Blb : 2 (clique : 32)
currentSize : 32 <-- 0.003761 s
currentSize : 33 <-- 0.006434 s
currentSize : 34 <-- 0.793741 s
currentSize : 35 <-- 4.189961 s
currentSize : 36 <-- 36.774757 s
currentSize : 37 <-- 88.023613 s
currentSize : 38 <-- 100.019295 s
currentSize : 39 <-- 144.926270 s
currentSize : 40 <-- 174.724228 s

TIMEOUT
maxsize : 40
nodes : 723497135.000000
filtered : 2645432581.000000
time : 3600.000000
