Parameters: GAD=1 vflib=1 dir=1 label=1 lowerbound=1 fileNameGp=../graphsdb/mcs30/rand/r005/mcs30_r005_s100.A13 fileNameGt=../graphsdb/mcs30/rand/r005/mcs30_r005_s100.B13
Reading graphs...
100 : 494
100 : 494
Initializing...
maxdom : 9
D->valSize : 353
Solving...
Blb : 2 (clique : 26)
currentSize : 26 <-- 0.003778 s
currentSize : 27 <-- 0.004515 s
currentSize : 28 <-- 0.010390 s
currentSize : 29 <-- 0.013278 s
currentSize : 30 <-- 0.013918 s
currentSize : 32 <-- 9.112036 s

TIMEOUT
maxsize : 32
nodes : 580679618.000000
filtered : 5125378669.000000
time : 3600.000000
