Parameters: GAD=1 vflib=1 dir=1 label=1 lowerbound=1 fileNameGp=../graphsdb/mcs30/bvg/b06/mcs30_b06_s70.A27 fileNameGt=../graphsdb/mcs30/bvg/b06/mcs30_b06_s70.B27
Reading graphs...
70 : 210
70 : 210
Initializing...
maxdom : 8
D->valSize : 320
Solving...
Blb : 3 (clique : 21)
currentSize : 21 <-- 0.004185 s
currentSize : 22 <-- 0.011698 s
currentSize : 23 <-- 0.069826 s
currentSize : 24 <-- 9.961448 s
currentSize : 25 <-- 20.656511 s
currentSize : 26 <-- 20.658840 s
currentSize : 27 <-- 20.658968 s
currentSize : 28 <-- 71.514427 s
currentSize : 29 <-- 71.514534 s

maxsize : 29
nodes : 78990603.000000
filtered : 883732994.000000
time : 418.194183
