Parameters: GAD=1 vflib=1 dir=1 label=1 lowerbound=1 fileNameGp=../graphsdb/mcs30/m4D/m4Dr2/mcs30_m4Dr2_s70.A67 fileNameGt=../graphsdb/mcs30/m4D/m4Dr2/mcs30_m4Dr2_s70.B67
Reading graphs...
70 : 132
70 : 132
Initializing...
maxdom : 8
D->valSize : 355
Solving...
Blb : 2 (clique : 25)
currentSize : 25 <-- 0.003203 s
currentSize : 26 <-- 0.003371 s
currentSize : 27 <-- 0.224602 s
currentSize : 28 <-- 0.327428 s
currentSize : 29 <-- 0.359391 s
currentSize : 30 <-- 2.591065 s
currentSize : 31 <-- 4.028734 s

TIMEOUT
maxsize : 31
nodes : 702940103.000000
filtered : 7590111872.000000
time : 3600.000000
