Parameters: GAD=1 vflib=1 dir=1 label=1 lowerbound=1 fileNameGp=../graphsdb/mcs30/m2D/m2Dr6/mcs30_m2Dr6_s100.A92 fileNameGt=../graphsdb/mcs30/m2D/m2Dr6/mcs30_m2Dr6_s100.B92
Reading graphs...
100 : 240
100 : 239
Initializing...
maxdom : 8
D->valSize : 337
Solving...
Blb : 2 (clique : 28)
currentSize : 28 <-- 0.003568 s
currentSize : 29 <-- 0.003819 s
currentSize : 31 <-- 0.007982 s
currentSize : 32 <-- 0.008070 s
currentSize : 33 <-- 3.143855 s
currentSize : 34 <-- 839.981323 s

TIMEOUT
maxsize : 34
nodes : 735238676.000000
filtered : 3213193197.000000
time : 3600.000000
