Parameters: GAD=1 vflib=1 dir=1 label=1 lowerbound=1 fileNameGp=../graphsdb/mcs30/m3D/m3D/mcs30_m3D_s90.A54 fileNameGt=../graphsdb/mcs30/m3D/m3D/mcs30_m3D_s90.B54
Reading graphs...
90 : 209
90 : 209
Initializing...
maxdom : 14
D->valSize : 568
Solving...
Blb : 2 (clique : 28)
currentSize : 28 <-- 0.012139 s
currentSize : 29 <-- 0.015891 s
currentSize : 30 <-- 0.142208 s
currentSize : 31 <-- 0.283232 s
currentSize : 32 <-- 0.283407 s
currentSize : 33 <-- 12.476040 s
currentSize : 34 <-- 12.481605 s
currentSize : 35 <-- 36.468578 s

TIMEOUT
maxsize : 35
nodes : 601227402.000000
filtered : 5938241825.000000
time : 3600.000000
