Parameters: GAD=1 vflib=1 dir=1 label=1 lowerbound=1 fileNameGp=../graphsdb/mcs30/bvg/b06/mcs30_b06_s60.A40 fileNameGt=../graphsdb/mcs30/bvg/b06/mcs30_b06_s60.B40
Reading graphs...
60 : 180
60 : 180
Initializing...
maxdom : 7
D->valSize : 220
Solving...
Blb : 2 (clique : 17)
currentSize : 17 <-- 0.002322 s
currentSize : 19 <-- 0.002524 s
currentSize : 20 <-- 0.002691 s
currentSize : 21 <-- 0.005498 s
currentSize : 22 <-- 0.035020 s

maxsize : 22
nodes : 2415957.000000
filtered : 19557976.000000
time : 10.458187
