Parameters: GAD=1 vflib=1 dir=1 label=1 lowerbound=1 fileNameGp=../graphsdb/mcs30/bvg/b03/mcs30_b03_s60.A20 fileNameGt=../graphsdb/mcs30/bvg/b03/mcs30_b03_s60.B20
Reading graphs...
60 : 90
60 : 90
Initializing...
maxdom : 6
D->valSize : 219
Solving...
Blb : 2 (clique : 20)
currentSize : 20 <-- 0.002397 s
currentSize : 21 <-- 0.003357 s
currentSize : 22 <-- 0.351958 s
currentSize : 23 <-- 0.464972 s
currentSize : 24 <-- 2.307519 s
currentSize : 25 <-- 19.775192 s
currentSize : 26 <-- 1626.918579 s
currentSize : 27 <-- 1642.642822 s

maxsize : 27
nodes : 629687001.000000
filtered : 2844709537.000000
time : 2327.156250
