Parameters: GAD=1 vflib=1 dir=1 label=1 lowerbound=1 fileNameGp=../graphsdb/mcs30/rand/r005/mcs30_r005_s70.A00 fileNameGt=../graphsdb/mcs30/rand/r005/mcs30_r005_s70.B00
Reading graphs...
70 : 240
70 : 240
Initializing...
maxdom : 9
D->valSize : 373
Solving...
Blb : 2 (clique : 17)
currentSize : 17 <-- 0.003277 s
currentSize : 18 <-- 0.003440 s
currentSize : 20 <-- 0.006567 s
currentSize : 21 <-- 0.009755 s
currentSize : 22 <-- 0.635203 s
currentSize : 23 <-- 142.623993 s
currentSize : 24 <-- 893.271118 s

maxsize : 24
nodes : 362488303.000000
filtered : 5148337784.000000
time : 1985.823120
