Parameters: GAD=1 vflib=1 dir=1 label=1 lowerbound=1 fileNameGp=../graphsdb/mcs30/bvg/b09m/mcs30_b09m_s80.A90 fileNameGt=../graphsdb/mcs30/bvg/b09m/mcs30_b09m_s80.B90
Reading graphs...
80 : 360
80 : 360
Initializing...
maxdom : 10
D->valSize : 429
Solving...
Blb : 2 (clique : 18)
currentSize : 18 <-- 0.004261 s
currentSize : 19 <-- 0.004536 s
currentSize : 20 <-- 0.019394 s
currentSize : 21 <-- 0.190838 s
currentSize : 22 <-- 2.504050 s
currentSize : 23 <-- 9.150978 s
currentSize : 24 <-- 12.070626 s
currentSize : 25 <-- 31.703005 s
currentSize : 26 <-- 202.225708 s
currentSize : 27 <-- 1596.244751 s
currentSize : 28 <-- 2756.995117 s
currentSize : 29 <-- 2757.415771 s

TIMEOUT
maxsize : 29
nodes : 659274522.000000
filtered : 7355479541.000000
time : 3600.000000
