Parameters: GAD=1 vflib=1 dir=1 label=1 lowerbound=1 fileNameGp=../graphsdb/mcs30/m3D/m3D/mcs30_m3D_s90.A99 fileNameGt=../graphsdb/mcs30/m3D/m3D/mcs30_m3D_s90.B99
Reading graphs...
90 : 209
90 : 209
Initializing...
maxdom : 12
D->valSize : 487
Solving...
Blb : 2 (clique : 27)
currentSize : 27 <-- 0.005485 s
currentSize : 28 <-- 2.861278 s
currentSize : 29 <-- 46.648750 s
currentSize : 30 <-- 101.093063 s
currentSize : 31 <-- 673.661011 s
currentSize : 32 <-- 673.721497 s

TIMEOUT
maxsize : 32
nodes : 680200431.000000
filtered : 5030998213.000000
time : 3600.000000
