Parameters: GAD=1 vflib=1 dir=1 label=1 lowerbound=1 fileNameGp=../graphsdb/mcs30/m2D/m2Dr4/mcs30_m2Dr4_s50.A21 fileNameGt=../graphsdb/mcs30/m2D/m2Dr4/mcs30_m2Dr4_s50.B21
Reading graphs...
50 : 105
50 : 104
Initializing...
maxdom : 13
D->valSize : 380
Solving...
Blb : 2 (clique : 17)
currentSize : 17 <-- 0.002849 s
currentSize : 18 <-- 0.003015 s
currentSize : 19 <-- 0.006061 s
currentSize : 20 <-- 0.008366 s
currentSize : 21 <-- 0.054821 s
currentSize : 22 <-- 2.215319 s
currentSize : 23 <-- 44.419365 s
currentSize : 24 <-- 51.945606 s

maxsize : 24
nodes : 30234784.000000
filtered : 412652435.000000
time : 147.644119
