Parameters: GAD=1 vflib=1 dir=1 label=1 lowerbound=1 fileNameGp=../graphsdb/mcs30/rand/r01/mcs30_r01_s70.A76 fileNameGt=../graphsdb/mcs30/rand/r01/mcs30_r01_s70.B76
Reading graphs...
70 : 482
70 : 482
Initializing...
maxdom : 11
D->valSize : 344
Solving...
Blb : 2 (clique : 12)
currentSize : 12 <-- 0.004684 s
currentSize : 13 <-- 0.010374 s
currentSize : 14 <-- 0.011654 s
currentSize : 15 <-- 0.071256 s
currentSize : 16 <-- 0.090927 s
currentSize : 17 <-- 0.170933 s
currentSize : 18 <-- 0.368938 s
currentSize : 19 <-- 0.894377 s
currentSize : 20 <-- 1.229980 s
currentSize : 21 <-- 3.467858 s

maxsize : 21
nodes : 941891.000000
filtered : 15294064.000000
time : 5.193477
