Parameters: GAD=1 vflib=1 dir=1 label=1 lowerbound=1 fileNameGp=../graphsdb/mcs30/m2D/m2D/mcs30_m2D_s90.A23 fileNameGt=../graphsdb/mcs30/m2D/m2D/mcs30_m2D_s90.B23
Reading graphs...
90 : 161
90 : 161
Initializing...
maxdom : 10
D->valSize : 540
Solving...
Blb : 3 (clique : 31)
currentSize : 31 <-- 0.006477 s
currentSize : 32 <-- 5.636280 s
currentSize : 33 <-- 10.323414 s
currentSize : 34 <-- 127.201736 s
currentSize : 35 <-- 688.947510 s
currentSize : 36 <-- 3299.253174 s

TIMEOUT
maxsize : 36
nodes : 627638325.000000
filtered : 6008688585.000000
time : 3600.000000
