Parameters: GAD=1 vflib=1 dir=1 label=1 lowerbound=1 fileNameGp=../graphsdb/mcs30/m3D/m3D/mcs30_m3D_s90.A42 fileNameGt=../graphsdb/mcs30/m3D/m3D/mcs30_m3D_s90.B42
Reading graphs...
90 : 209
90 : 209
Initializing...
maxdom : 10
D->valSize : 477
Solving...
Blb : 2 (clique : 32)
currentSize : 32 <-- 0.005229 s
currentSize : 33 <-- 0.006698 s
currentSize : 34 <-- 0.015837 s
currentSize : 35 <-- 0.123583 s
currentSize : 36 <-- 2.951920 s
currentSize : 37 <-- 15.926193 s

TIMEOUT
maxsize : 37
nodes : 674727834.000000
filtered : 5324471772.000000
time : 3600.000000
