Parameters: GAD=1 vflib=1 dir=1 label=1 lowerbound=1 fileNameGp=../graphsdb/mcs30/m2D/m2Dr6/mcs30_m2Dr6_s50.A33 fileNameGt=../graphsdb/mcs30/m2D/m2Dr6/mcs30_m2Dr6_s50.B33
Reading graphs...
50 : 115
50 : 115
Initializing...
maxdom : 12
D->valSize : 340
Solving...
Blb : 2 (clique : 19)
currentSize : 19 <-- 0.004045 s
currentSize : 20 <-- 0.004241 s
currentSize : 21 <-- 25.684813 s
currentSize : 22 <-- 38.073727 s
currentSize : 23 <-- 52.026512 s

maxsize : 23
nodes : 19977090.000000
filtered : 339357273.000000
time : 100.670395
