Parameters: GAD=1 vflib=1 dir=1 label=1 lowerbound=1 fileNameGp=../graphsdb/mcs30/rand/r02/mcs30_r02_s35.A80 fileNameGt=../graphsdb/mcs30/rand/r02/mcs30_r02_s35.B80
Reading graphs...
35 : 237
35 : 237
Initializing...
maxdom : 9
D->valSize : 117
Solving...
Blb : 2 (clique : 5)
currentSize : 5 <-- 0.000659 s
currentSize : 6 <-- 0.000717 s
currentSize : 7 <-- 0.000831 s
currentSize : 9 <-- 0.000907 s
currentSize : 11 <-- 0.002940 s

maxsize : 11
nodes : 807.000000
filtered : 9607.000000
time : 0.003569
