Parameters: GAD=1 vflib=1 dir=1 label=1 lowerbound=1 fileNameGp=../graphsdb/mcs30/bvg/b09/mcs30_b09_s90.A65 fileNameGt=../graphsdb/mcs30/bvg/b09/mcs30_b09_s90.B65
Reading graphs...
90 : 405
90 : 405
Initializing...
maxdom : 10
D->valSize : 537
Solving...
Blb : 2 (clique : 20)
currentSize : 20 <-- 0.010079 s
currentSize : 21 <-- 0.010410 s
currentSize : 22 <-- 0.010644 s
currentSize : 24 <-- 0.025621 s
currentSize : 25 <-- 0.025689 s
currentSize : 26 <-- 0.025863 s
currentSize : 27 <-- 0.026819 s
currentSize : 28 <-- 0.251589 s
currentSize : 29 <-- 1.729272 s
currentSize : 30 <-- 3.012174 s

TIMEOUT
maxsize : 30
nodes : 533214948.000000
filtered : 9640534899.000000
time : 3600.000000
