Parameters: GAD=1 vflib=1 dir=1 label=1 lowerbound=1 fileNameGp=../graphsdb/mcs30/rand/r005/mcs30_r005_s80.A83 fileNameGt=../graphsdb/mcs30/rand/r005/mcs30_r005_s80.B83
Reading graphs...
80 : 315
80 : 315
Initializing...
maxdom : 11
D->valSize : 425
Solving...
Blb : 2 (clique : 20)
currentSize : 20 <-- 0.004139 s
currentSize : 21 <-- 0.089083 s
currentSize : 22 <-- 0.181379 s
currentSize : 23 <-- 0.251085 s
currentSize : 24 <-- 0.485165 s
currentSize : 25 <-- 6.471959 s
currentSize : 26 <-- 6.822375 s
currentSize : 27 <-- 16.731829 s
currentSize : 28 <-- 420.227264 s

TIMEOUT
maxsize : 28
nodes : 645773374.000000
filtered : 7872494023.000000
time : 3600.000000
