Parameters: GAD=1 vflib=1 dir=1 label=1 lowerbound=1 fileNameGp=../graphsdb/mcs30/m3D/m3Dr6/mcs30_m3Dr6_s70.A11 fileNameGt=../graphsdb/mcs30/m3D/m3Dr6/mcs30_m3Dr6_s70.B11
Reading graphs...
70 : 201
70 : 200
Initializing...
maxdom : 8
D->valSize : 314
Solving...
Blb : 2 (clique : 21)
currentSize : 21 <-- 0.002701 s
currentSize : 22 <-- 0.103889 s
currentSize : 23 <-- 0.108863 s
currentSize : 24 <-- 0.298558 s
currentSize : 25 <-- 8.997249 s
currentSize : 26 <-- 9.000650 s
currentSize : 27 <-- 53.028542 s
currentSize : 28 <-- 574.690857 s

maxsize : 28
nodes : 385025707.000000
filtered : 3897146669.000000
time : 1934.294678
