Parameters: GAD=1 vflib=1 dir=1 label=1 lowerbound=1 fileNameGp=../graphsdb/mcs30/bvg/b03m/mcs30_b03m_s80.A03 fileNameGt=../graphsdb/mcs30/bvg/b03m/mcs30_b03m_s80.B03
Reading graphs...
80 : 120
80 : 120
Initializing...
maxdom : 8
D->valSize : 413
Solving...
Blb : 2 (clique : 31)
currentSize : 31 <-- 0.006851 s
currentSize : 32 <-- 2.540527 s
currentSize : 33 <-- 84.242882 s
currentSize : 34 <-- 86.821632 s
currentSize : 35 <-- 87.210464 s
currentSize : 36 <-- 2015.667114 s

TIMEOUT
maxsize : 36
nodes : 710209606.000000
filtered : 5707667433.000000
time : 3600.000000
