Parameters: GAD=1 vflib=1 dir=1 label=1 lowerbound=1 fileNameGp=../graphsdb/mcs30/rand/r005/mcs30_r005_s70.A40 fileNameGt=../graphsdb/mcs30/rand/r005/mcs30_r005_s70.B40
Reading graphs...
70 : 240
70 : 240
Initializing...
maxdom : 8
D->valSize : 304
Solving...
Blb : 2 (clique : 20)
currentSize : 20 <-- 0.004046 s
currentSize : 21 <-- 0.004354 s
currentSize : 22 <-- 0.004551 s
currentSize : 23 <-- 0.009736 s
currentSize : 24 <-- 254.374817 s
currentSize : 25 <-- 961.641541 s

maxsize : 25
nodes : 322981081.000000
filtered : 2799424042.000000
time : 1585.105591
