Parameters: GAD=1 vflib=1 dir=1 label=1 lowerbound=1 fileNameGp=../graphsdb/mcs30/m3D/m3Dr6/mcs30_m3Dr6_s70.A07 fileNameGt=../graphsdb/mcs30/m3D/m3Dr6/mcs30_m3Dr6_s70.B07
Reading graphs...
70 : 201
70 : 199
Initializing...
maxdom : 9
D->valSize : 317
Solving...
Blb : 3 (clique : 24)
currentSize : 24 <-- 0.004486 s
currentSize : 25 <-- 77.651230 s
currentSize : 26 <-- 77.720901 s
currentSize : 27 <-- 77.721176 s
currentSize : 28 <-- 156.137604 s
currentSize : 29 <-- 892.801575 s
currentSize : 30 <-- 1055.786011 s

maxsize : 30
nodes : 231020773.000000
filtered : 2316701899.000000
time : 1166.276978
