Parameters: GAD=1 vflib=1 dir=1 label=1 lowerbound=1 fileNameGp=../graphsdb/mcs30/rand/r02/mcs30_r02_s50.A62 fileNameGt=../graphsdb/mcs30/rand/r02/mcs30_r02_s50.B62
Reading graphs...
50 : 489
50 : 489
Initializing...
maxdom : 10
D->valSize : 312
Solving...
Blb : 5 (clique : 8)
currentSize : 8 <-- 0.002043 s
currentSize : 9 <-- 0.003004 s
currentSize : 10 <-- 0.006311 s
currentSize : 11 <-- 0.104202 s
currentSize : 12 <-- 0.113910 s
currentSize : 15 <-- 0.113980 s

maxsize : 15
nodes : 30746.000000
filtered : 518270.000000
time : 0.144370
