Parameters: GAD=1 vflib=1 dir=1 label=1 lowerbound=1 fileNameGp=../graphsdb/mcs30/m4D/m4Dr6/mcs30_m4Dr6_s90.A19 fileNameGt=../graphsdb/mcs30/m4D/m4Dr6/mcs30_m4Dr6_s90.B19
Reading graphs...
90 : 200
90 : 200
Initializing...
maxdom : 10
D->valSize : 511
Solving...
Blb : 2 (clique : 29)
currentSize : 29 <-- 0.005774 s
currentSize : 30 <-- 0.006059 s
currentSize : 31 <-- 0.006233 s
currentSize : 32 <-- 0.006530 s
currentSize : 33 <-- 0.009509 s
currentSize : 34 <-- 0.017849 s

TIMEOUT
maxsize : 34
nodes : 664136495.000000
filtered : 4884082240.000000
time : 3600.000000
