Parameters: GAD=1 vflib=1 dir=1 label=1 lowerbound=1 fileNameGp=../graphsdb/mcs30/bvg/b09m/mcs30_b09m_s50.A80 fileNameGt=../graphsdb/mcs30/bvg/b09m/mcs30_b09m_s50.B80
Reading graphs...
50 : 225
50 : 225
Initializing...
maxdom : 8
D->valSize : 292
Solving...
Blb : 3 (clique : 12)
currentSize : 12 <-- 0.001878 s
currentSize : 13 <-- 0.004946 s
currentSize : 14 <-- 0.014449 s
currentSize : 15 <-- 0.057969 s
currentSize : 16 <-- 0.408382 s
currentSize : 17 <-- 0.657744 s

maxsize : 17
nodes : 348691.000000
filtered : 5948893.000000
time : 1.721657
