Parameters: GAD=1 vflib=1 dir=1 label=1 lowerbound=1 fileNameGp=../graphsdb/mcs30/m3D/m3Dr4/mcs30_m3Dr4_s40.A16 fileNameGt=../graphsdb/mcs30/m3D/m3Dr4/mcs30_m3Dr4_s40.B16
Reading graphs...
40 : 100
40 : 99
Initializing...
maxdom : 9
D->valSize : 216
Solving...
Blb : 3 (clique : 12)
currentSize : 12 <-- 0.001320 s
currentSize : 13 <-- 0.008285 s
currentSize : 14 <-- 0.091372 s
currentSize : 15 <-- 0.397579 s
currentSize : 16 <-- 1.862519 s

maxsize : 16
nodes : 685691.000000
filtered : 7475959.000000
time : 2.631479
