Parameters: GAD=1 vflib=1 dir=1 label=1 lowerbound=1 fileNameGp=../graphsdb/mcs30/m3D/m3Dr4/mcs30_m3Dr4_s80.A54 fileNameGt=../graphsdb/mcs30/m3D/m3Dr4/mcs30_m3Dr4_s80.B54
Reading graphs...
80 : 216
80 : 216
Initializing...
maxdom : 10
D->valSize : 443
Solving...
Blb : 2 (clique : 24)
currentSize : 24 <-- 0.004547 s
currentSize : 25 <-- 0.004743 s
currentSize : 26 <-- 0.004812 s
currentSize : 27 <-- 0.312847 s
currentSize : 28 <-- 0.371191 s
currentSize : 29 <-- 1.096093 s
currentSize : 30 <-- 53.022240 s

TIMEOUT
maxsize : 30
nodes : 717262379.000000
filtered : 5970117513.000000
time : 3600.000000
