Parameters: GAD=1 vflib=1 dir=1 label=1 lowerbound=1 fileNameGp=../graphsdb/mcs30/m3D/m3Dr2/mcs30_m3Dr2_s70.A89 fileNameGt=../graphsdb/mcs30/m3D/m3Dr2/mcs30_m3Dr2_s70.B89
Reading graphs...
70 : 173
70 : 173
Initializing...
maxdom : 9
D->valSize : 322
Solving...
Blb : 2 (clique : 22)
currentSize : 22 <-- 0.004225 s
currentSize : 23 <-- 0.020797 s
currentSize : 24 <-- 0.032105 s
currentSize : 25 <-- 1.141384 s
currentSize : 26 <-- 45.660797 s
currentSize : 27 <-- 667.800659 s
currentSize : 28 <-- 902.511597 s
currentSize : 29 <-- 902.602661 s
currentSize : 30 <-- 1189.504150 s

maxsize : 30
nodes : 705257803.000000
filtered : 7426139642.000000
time : 3553.822266
