Parameters: GAD=1 vflib=1 dir=1 label=1 lowerbound=1 fileNameGp=../graphsdb/mcs30/rand/r005/mcs30_r005_s70.A24 fileNameGt=../graphsdb/mcs30/rand/r005/mcs30_r005_s70.B24
Reading graphs...
70 : 240
70 : 240
Initializing...
maxdom : 11
D->valSize : 346
Solving...
Blb : 2 (clique : 21)
currentSize : 21 <-- 0.005097 s
currentSize : 22 <-- 0.005466 s
currentSize : 23 <-- 0.013346 s
currentSize : 24 <-- 0.101440 s
currentSize : 25 <-- 0.209997 s
currentSize : 26 <-- 721.787537 s

maxsize : 26
nodes : 495462449.000000
filtered : 6348934488.000000
time : 2571.520752
