Parameters: GAD=1 vflib=1 dir=1 label=1 lowerbound=1 fileNameGp=../graphsdb/mcs30/m3D/m3Dr6/mcs30_m3Dr6_s80.A36 fileNameGt=../graphsdb/mcs30/m3D/m3Dr6/mcs30_m3Dr6_s80.B36
Reading graphs...
80 : 232
80 : 232
Initializing...
maxdom : 9
D->valSize : 432
Solving...
Blb : 2 (clique : 23)
currentSize : 23 <-- 0.007759 s
currentSize : 24 <-- 0.008159 s
currentSize : 25 <-- 0.030666 s
currentSize : 26 <-- 0.030906 s
currentSize : 27 <-- 0.136519 s
currentSize : 28 <-- 0.652690 s
currentSize : 29 <-- 0.947529 s
currentSize : 30 <-- 176.888962 s
currentSize : 31 <-- 177.782532 s
currentSize : 32 <-- 1822.999023 s
currentSize : 33 <-- 2369.498535 s

TIMEOUT
maxsize : 33
nodes : 651243350.000000
filtered : 6166188442.000000
time : 3600.000000
