Parameters: GAD=1 vflib=1 dir=1 label=1 lowerbound=1 fileNameGp=../graphsdb/mcs30/m2D/m2D/mcs30_m2D_s70.A45 fileNameGt=../graphsdb/mcs30/m2D/m2D/mcs30_m2D_s70.B45
Reading graphs...
70 : 123
70 : 123
Initializing...
maxdom : 8
D->valSize : 322
Solving...
Blb : 2 (clique : 28)
currentSize : 28 <-- 0.002728 s
currentSize : 29 <-- 0.011348 s
currentSize : 30 <-- 0.107691 s
currentSize : 31 <-- 0.208886 s
currentSize : 32 <-- 1.195192 s

maxsize : 32
nodes : 607398220.000000
filtered : 5653309766.000000
time : 2990.300781
