Parameters: GAD=1 vflib=1 dir=1 label=1 lowerbound=1 fileNameGp=../graphsdb/mcs30/m2D/m2Dr2/mcs30_m2Dr2_s60.A60 fileNameGt=../graphsdb/mcs30/m2D/m2Dr2/mcs30_m2Dr2_s60.B60
Reading graphs...
60 : 116
60 : 116
Initializing...
maxdom : 7
D->valSize : 245
Solving...
Blb : 2 (clique : 19)
currentSize : 19 <-- 0.002748 s
currentSize : 20 <-- 0.007028 s
currentSize : 21 <-- 0.015688 s
currentSize : 22 <-- 0.028777 s
currentSize : 23 <-- 0.124673 s

maxsize : 23
nodes : 257927187.000000
filtered : 2122913751.000000
time : 1084.125977
