Parameters: GAD=1 vflib=1 dir=1 label=1 lowerbound=1 fileNameGp=../graphsdb/mcs30/m4D/m4D/mcs30_m4D_s50.A14 fileNameGt=../graphsdb/mcs30/m4D/m4D/mcs30_m4D_s50.B14
Reading graphs...
50 : 87
50 : 87
Initializing...
maxdom : 9
D->valSize : 325
Solving...
Blb : 2 (clique : 20)
currentSize : 20 <-- 0.002643 s
currentSize : 21 <-- 0.002816 s
currentSize : 23 <-- 0.002926 s
currentSize : 24 <-- 0.004430 s
currentSize : 25 <-- 141.084976 s

maxsize : 25
nodes : 635894291.000000
filtered : 7267078981.000000
time : 2665.102783
