Parameters: GAD=1 vflib=1 dir=1 label=1 lowerbound=1 fileNameGp=../graphsdb/mcs30/bvg/b06/mcs30_b06_s50.A40 fileNameGt=../graphsdb/mcs30/bvg/b06/mcs30_b06_s50.B40
Reading graphs...
50 : 150
50 : 150
Initializing...
maxdom : 8
D->valSize : 338
Solving...
Blb : 2 (clique : 16)
currentSize : 16 <-- 0.003843 s
currentSize : 17 <-- 0.394946 s
currentSize : 18 <-- 1.634492 s
currentSize : 19 <-- 4.253973 s
currentSize : 20 <-- 6.096297 s
currentSize : 21 <-- 6.164496 s

maxsize : 21
nodes : 3783042.000000
filtered : 79178244.000000
time : 20.481756
