Parameters: GAD=1 vflib=1 dir=1 label=1 lowerbound=1 fileNameGp=../graphsdb/mcs30/bvg/b06/mcs30_b06_s70.A62 fileNameGt=../graphsdb/mcs30/bvg/b06/mcs30_b06_s70.B62
Reading graphs...
70 : 210
70 : 210
Initializing...
maxdom : 6
D->valSize : 313
Solving...
Blb : 3 (clique : 22)
currentSize : 22 <-- 0.004326 s
currentSize : 23 <-- 0.221269 s
currentSize : 24 <-- 17.447153 s
currentSize : 25 <-- 38.434025 s
currentSize : 26 <-- 511.436584 s
currentSize : 27 <-- 2603.245605 s

maxsize : 27
nodes : 704198083.000000
filtered : 7404672636.000000
time : 3555.738770
