Parameters: GAD=1 vflib=1 dir=1 label=1 lowerbound=1 fileNameGp=../graphsdb/mcs30/m3D/m3Dr2/mcs30_m3Dr2_s90.A98 fileNameGt=../graphsdb/mcs30/m3D/m3Dr2/mcs30_m3Dr2_s90.B98
Reading graphs...
90 : 227
90 : 227
Initializing...
maxdom : 10
D->valSize : 558
Solving...
Blb : 2 (clique : 27)
currentSize : 27 <-- 0.007268 s
currentSize : 28 <-- 0.009110 s
currentSize : 29 <-- 0.014229 s
currentSize : 30 <-- 0.140761 s
currentSize : 31 <-- 5.330872 s
currentSize : 32 <-- 226.090012 s
currentSize : 33 <-- 1577.922119 s

TIMEOUT
maxsize : 33
nodes : 685154246.000000
filtered : 5105522783.000000
time : 3600.000000
