Parameters: GAD=1 vflib=1 dir=1 label=1 lowerbound=1 fileNameGp=../graphsdb/mcs30/m4D/m4Dr2/mcs30_m4Dr2_s60.A56 fileNameGt=../graphsdb/mcs30/m4D/m4Dr2/mcs30_m4Dr2_s60.B56
Reading graphs...
60 : 114
60 : 114
Initializing...
maxdom : 7
D->valSize : 241
Solving...
Blb : 3 (clique : 23)
currentSize : 23 <-- 0.001671 s
currentSize : 24 <-- 0.091852 s
currentSize : 25 <-- 1.987270 s
currentSize : 26 <-- 1.989693 s
currentSize : 27 <-- 12.211489 s
currentSize : 28 <-- 12.213858 s

maxsize : 28
nodes : 3891649.000000
filtered : 25968694.000000
time : 16.216627
