Parameters: GAD=1 vflib=1 dir=1 label=1 lowerbound=1 fileNameGp=../graphsdb/mcs30/m4D/m4Dr2/mcs30_m4Dr2_s70.A02 fileNameGt=../graphsdb/mcs30/m4D/m4Dr2/mcs30_m4Dr2_s70.B02
Reading graphs...
70 : 132
70 : 131
Initializing...
maxdom : 10
D->valSize : 321
Solving...
Blb : 2 (clique : 23)
currentSize : 23 <-- 0.002759 s
currentSize : 24 <-- 0.007131 s
currentSize : 25 <-- 0.007384 s
currentSize : 26 <-- 0.113470 s
currentSize : 27 <-- 16.539713 s
currentSize : 28 <-- 217.861893 s
currentSize : 29 <-- 217.863037 s
currentSize : 30 <-- 224.194733 s

maxsize : 30
nodes : 439474958.000000
filtered : 3978873994.000000
time : 2117.514893
