Parameters: GAD=1 vflib=1 dir=1 label=1 lowerbound=1 fileNameGp=../graphsdb/mcs30/bvg/b09m/mcs30_b09m_s50.A51 fileNameGt=../graphsdb/mcs30/bvg/b09m/mcs30_b09m_s50.B51
Reading graphs...
50 : 225
50 : 225
Initializing...
maxdom : 9
D->valSize : 319
Solving...
Blb : 2 (clique : 11)
currentSize : 11 <-- 0.002115 s
currentSize : 12 <-- 0.002393 s
currentSize : 13 <-- 0.005025 s
currentSize : 14 <-- 0.073386 s
currentSize : 15 <-- 0.073953 s
currentSize : 16 <-- 2.846145 s
currentSize : 17 <-- 6.646603 s

maxsize : 17
nodes : 3486137.000000
filtered : 50077891.000000
time : 15.922628
