Parameters: GAD=1 vflib=1 dir=1 label=1 lowerbound=1 fileNameGp=../graphsdb/mcs30/rand/r01/mcs30_r01_s90.A88 fileNameGt=../graphsdb/mcs30/rand/r01/mcs30_r01_s90.B88
Reading graphs...
90 : 800
90 : 800
Initializing...
maxdom : 11
D->valSize : 522
Solving...
Blb : 3 (clique : 15)
currentSize : 15 <-- 0.008806 s
currentSize : 16 <-- 0.020274 s
currentSize : 17 <-- 0.150466 s
currentSize : 18 <-- 4.397066 s
currentSize : 19 <-- 65.144051 s
currentSize : 20 <-- 65.145683 s
currentSize : 21 <-- 191.718445 s
currentSize : 22 <-- 213.553314 s
currentSize : 24 <-- 213.553375 s
currentSize : 27 <-- 214.821716 s

maxsize : 27
nodes : 42604201.000000
filtered : 655961180.000000
time : 258.379852
