Parameters: GAD=1 vflib=1 dir=1 label=1 lowerbound=1 fileNameGp=../graphsdb/mcs30/bvg/b09m/mcs30_b09m_s100.A94 fileNameGt=../graphsdb/mcs30/bvg/b09m/mcs30_b09m_s100.B94
Reading graphs...
100 : 450
100 : 450
Initializing...
maxdom : 7
D->valSize : 369
Solving...
Blb : 3 (clique : 26)
currentSize : 26 <-- 0.005778 s
currentSize : 27 <-- 1.673887 s
currentSize : 28 <-- 9.954166 s
currentSize : 29 <-- 22.616013 s
currentSize : 30 <-- 30.712008 s
currentSize : 31 <-- 30.713137 s
currentSize : 32 <-- 31.099272 s
currentSize : 33 <-- 35.634567 s
currentSize : 34 <-- 54.057392 s
currentSize : 35 <-- 112.752846 s
currentSize : 36 <-- 179.221069 s
currentSize : 37 <-- 1367.693481 s

maxsize : 37
nodes : 438461229.000000
filtered : 2989330685.000000
time : 2418.820068
