Parameters: GAD=1 vflib=1 dir=1 label=1 lowerbound=1 fileNameGp=../graphsdb/mcs30/m4D/m4Dr2/mcs30_m4Dr2_s60.A99 fileNameGt=../graphsdb/mcs30/m4D/m4Dr2/mcs30_m4Dr2_s60.B99
Reading graphs...
60 : 114
60 : 114
Initializing...
maxdom : 6
D->valSize : 236
Solving...
Blb : 2 (clique : 23)
currentSize : 23 <-- 0.001849 s
currentSize : 24 <-- 0.143844 s
currentSize : 25 <-- 0.171484 s
currentSize : 26 <-- 0.362814 s
currentSize : 27 <-- 144.736618 s

maxsize : 27
nodes : 485171126.000000
filtered : 3717782475.000000
time : 2098.936279
