Parameters: GAD=1 vflib=1 dir=1 label=1 lowerbound=1 fileNameGp=../graphsdb/mcs30/bvg/b06/mcs30_b06_s100.A14 fileNameGt=../graphsdb/mcs30/bvg/b06/mcs30_b06_s100.B14
Reading graphs...
100 : 300
100 : 300
Initializing...
maxdom : 5
D->valSize : 316
Solving...
Blb : 2 (clique : 23)
currentSize : 23 <-- 0.004915 s
currentSize : 26 <-- 0.005204 s
currentSize : 27 <-- 0.005371 s
currentSize : 28 <-- 0.011504 s
currentSize : 29 <-- 0.121933 s
currentSize : 30 <-- 0.133196 s
currentSize : 31 <-- 0.330222 s
currentSize : 32 <-- 0.471041 s
currentSize : 33 <-- 4.832607 s
currentSize : 34 <-- 32.888977 s
currentSize : 35 <-- 1621.302124 s
currentSize : 36 <-- 1983.145630 s

TIMEOUT
maxsize : 36
nodes : 647043000.000000
filtered : 3849636288.000000
time : 3600.000000
