Parameters: GAD=1 vflib=1 dir=1 label=1 lowerbound=1 fileNameGp=../graphsdb/mcs30/m3D/m3Dr4/mcs30_m3Dr4_s40.A58 fileNameGt=../graphsdb/mcs30/m3D/m3Dr4/mcs30_m3Dr4_s40.B58
Reading graphs...
40 : 100
40 : 100
Initializing...
maxdom : 6
D->valSize : 184
Solving...
Blb : 2 (clique : 12)
currentSize : 12 <-- 0.001182 s
currentSize : 13 <-- 0.001706 s
currentSize : 14 <-- 0.016729 s
currentSize : 15 <-- 0.045413 s
currentSize : 16 <-- 0.068324 s

maxsize : 16
nodes : 247875.000000
filtered : 2266598.000000
time : 0.906550
