Parameters: GAD=1 vflib=1 dir=1 label=1 lowerbound=1 fileNameGp=../graphsdb/mcs30/bvg/b06/mcs30_b06_s70.A80 fileNameGt=../graphsdb/mcs30/bvg/b06/mcs30_b06_s70.B80
Reading graphs...
70 : 210
70 : 210
Initializing...
maxdom : 7
D->valSize : 327
Solving...
Blb : 2 (clique : 18)
currentSize : 18 <-- 0.002590 s
currentSize : 19 <-- 0.032363 s
currentSize : 20 <-- 0.071572 s
currentSize : 21 <-- 0.071785 s
currentSize : 22 <-- 1.218733 s
currentSize : 23 <-- 9.645359 s
currentSize : 24 <-- 236.938843 s
currentSize : 25 <-- 693.215637 s
currentSize : 26 <-- 1391.393311 s
currentSize : 28 <-- 1557.451050 s

maxsize : 28
nodes : 381219566.000000
filtered : 3221004403.000000
time : 1795.101929
