Parameters: GAD=1 vflib=1 dir=1 label=1 lowerbound=1 fileNameGp=../graphsdb/mcs30/m4D/m4D/mcs30_m4D_s50.A75 fileNameGt=../graphsdb/mcs30/m4D/m4D/mcs30_m4D_s50.B75
Reading graphs...
50 : 87
50 : 87
Initializing...
maxdom : 13
D->valSize : 351
Solving...
Blb : 5 (clique : 20)
currentSize : 20 <-- 0.004371 s
currentSize : 21 <-- 0.032488 s
currentSize : 22 <-- 2.506746 s
currentSize : 23 <-- 43.109756 s
currentSize : 24 <-- 152.317261 s
currentSize : 25 <-- 152.867065 s

maxsize : 25
nodes : 61623240.000000
filtered : 808950754.000000
time : 304.552582
