Parameters: GAD=1 vflib=1 dir=1 label=1 lowerbound=1 fileNameGp=../graphsdb/mcs30/m2D/m2Dr2/mcs30_m2Dr2_s50.A10 fileNameGt=../graphsdb/mcs30/m2D/m2Dr2/mcs30_m2Dr2_s50.B10
Reading graphs...
50 : 95
50 : 94
Initializing...
maxdom : 9
D->valSize : 327
Solving...
Blb : 2 (clique : 18)
currentSize : 18 <-- 0.003885 s
currentSize : 19 <-- 0.004117 s
currentSize : 20 <-- 0.005100 s
currentSize : 21 <-- 0.863181 s
currentSize : 22 <-- 1.634545 s
currentSize : 23 <-- 32.905907 s
currentSize : 24 <-- 1401.979126 s

TIMEOUT
maxsize : 24
nodes : 835709656.000000
filtered : 10690692476.000000
time : 3600.000000
