Parameters: GAD=1 vflib=1 dir=1 label=1 lowerbound=1 fileNameGp=../graphsdb/mcs30/bvg/b03m/mcs30_b03m_s80.A33 fileNameGt=../graphsdb/mcs30/bvg/b03m/mcs30_b03m_s80.B33
Reading graphs...
80 : 120
80 : 120
Initializing...
maxdom : 9
D->valSize : 442
Solving...
Blb : 2 (clique : 35)
currentSize : 35 <-- 0.004603 s
currentSize : 36 <-- 0.004929 s
currentSize : 37 <-- 0.009217 s
currentSize : 38 <-- 0.009733 s
currentSize : 39 <-- 0.043648 s
currentSize : 40 <-- 1014.179443 s

TIMEOUT
maxsize : 40
nodes : 673564987.000000
filtered : 4822214184.000000
time : 3600.000000
