Parameters: GAD=1 vflib=1 dir=1 label=1 lowerbound=1 fileNameGp=../graphsdb/mcs30/bvg/b09m/mcs30_b09m_s100.A69 fileNameGt=../graphsdb/mcs30/bvg/b09m/mcs30_b09m_s100.B69
Reading graphs...
100 : 450
100 : 450
Initializing...
maxdom : 8
D->valSize : 327
Solving...
Blb : 3 (clique : 21)
currentSize : 21 <-- 0.003581 s
currentSize : 22 <-- 0.042525 s
currentSize : 23 <-- 0.076393 s
currentSize : 24 <-- 0.256368 s
currentSize : 25 <-- 0.289335 s
currentSize : 26 <-- 0.543270 s
currentSize : 27 <-- 0.935753 s
currentSize : 28 <-- 0.936893 s
currentSize : 29 <-- 0.974970 s
currentSize : 30 <-- 1.652405 s
currentSize : 31 <-- 14.526088 s
currentSize : 32 <-- 262.599060 s
currentSize : 33 <-- 263.000702 s
currentSize : 34 <-- 1907.226685 s

maxsize : 34
nodes : 614738220.000000
filtered : 3671430912.000000
time : 3326.012451
