Parameters: GAD=1 vflib=1 dir=1 label=1 lowerbound=1 fileNameGp=../graphsdb/mcs30/bvg/b09/mcs30_b09_s70.A21 fileNameGt=../graphsdb/mcs30/bvg/b09/mcs30_b09_s70.B21
Reading graphs...
70 : 315
70 : 315
Initializing...
maxdom : 11
D->valSize : 392
Solving...
Blb : 3 (clique : 18)
currentSize : 18 <-- 0.003361 s
currentSize : 19 <-- 0.215382 s
currentSize : 20 <-- 1.764678 s
currentSize : 21 <-- 2.530220 s
currentSize : 22 <-- 3.229367 s
currentSize : 23 <-- 80.805519 s

maxsize : 23
nodes : 69641442.000000
filtered : 1408069484.000000
time : 389.712311
