Parameters: GAD=1 vflib=1 dir=1 label=1 lowerbound=1 fileNameGp=../graphsdb/mcs30/rand/r02/mcs30_r02_s90.A21 fileNameGt=../graphsdb/mcs30/rand/r02/mcs30_r02_s90.B21
Reading graphs...
90 : 1601
90 : 1601
Initializing...
maxdom : 10
D->valSize : 521
Solving...
Blb : 2 (clique : 8)
currentSize : 8 <-- 0.005322 s
currentSize : 9 <-- 0.005440 s
currentSize : 10 <-- 0.008892 s
currentSize : 11 <-- 0.017535 s
currentSize : 12 <-- 0.019354 s
currentSize : 15 <-- 0.019705 s
currentSize : 17 <-- 0.021170 s
currentSize : 21 <-- 0.021254 s
currentSize : 27 <-- 0.091224 s

maxsize : 27
nodes : 38223.000000
filtered : 1293198.000000
time : 0.291248
