Parameters: GAD=1 vflib=1 dir=1 label=1 lowerbound=1 fileNameGp=../graphsdb/mcs30/rand/r005/mcs30_r005_s30.A81 fileNameGt=../graphsdb/mcs30/rand/r005/mcs30_r005_s30.B81
Reading graphs...
30 : 48
30 : 48
Initializing...
maxdom : 11
D->valSize : 130
Solving...
Blb : 2 (clique : 9)
currentSize : 9 <-- 0.000715 s
currentSize : 10 <-- 0.000825 s
currentSize : 11 <-- 0.001033 s
currentSize : 12 <-- 0.001198 s
currentSize : 13 <-- 0.002676 s
currentSize : 14 <-- 0.020724 s

maxsize : 14
nodes : 8388.000000
filtered : 77349.000000
time : 0.029396
