Parameters: GAD=1 vflib=1 dir=1 label=1 lowerbound=1 fileNameGp=../graphsdb/mcs30/rand/r02/mcs30_r02_s100.A05 fileNameGt=../graphsdb/mcs30/rand/r02/mcs30_r02_s100.B05
Reading graphs...
100 : 1979
100 : 1979
Initializing...
maxdom : 8
D->valSize : 365
Solving...
Blb : 2 (clique : 8)
currentSize : 8 <-- 0.003730 s
currentSize : 9 <-- 0.004044 s
currentSize : 10 <-- 0.004157 s
currentSize : 14 <-- 0.006253 s
currentSize : 15 <-- 0.006544 s
currentSize : 16 <-- 0.006725 s
currentSize : 19 <-- 0.006787 s
currentSize : 21 <-- 0.013205 s
currentSize : 23 <-- 0.018096 s
currentSize : 30 <-- 0.057145 s

maxsize : 30
nodes : 15837.000000
filtered : 339973.000000
time : 0.116449
