Parameters: GAD=1 vflib=1 dir=1 label=1 lowerbound=1 fileNameGp=../graphsdb/mcs30/bvg/b06/mcs30_b06_s100.A73 fileNameGt=../graphsdb/mcs30/bvg/b06/mcs30_b06_s100.B73
Reading graphs...
100 : 300
100 : 300
Initializing...
maxdom : 6
D->valSize : 331
Solving...
Blb : 3 (clique : 31)
currentSize : 31 <-- 0.005386 s
currentSize : 32 <-- 0.008505 s
currentSize : 33 <-- 0.765287 s
currentSize : 34 <-- 1.659423 s
currentSize : 35 <-- 1.663995 s
currentSize : 36 <-- 13.067087 s
currentSize : 37 <-- 1013.060242 s
currentSize : 38 <-- 1316.443481 s

TIMEOUT
maxsize : 38
nodes : 678355884.000000
filtered : 3485234862.000000
time : 3600.000000
