Parameters: GAD=1 vflib=1 dir=1 label=1 lowerbound=1 fileNameGp=../graphsdb/mcs30/m2D/m2D/mcs30_m2D_s50.A66 fileNameGt=../graphsdb/mcs30/m2D/m2D/mcs30_m2D_s50.B66
Reading graphs...
50 : 85
50 : 85
Initializing...
maxdom : 9
D->valSize : 330
Solving...
Blb : 2 (clique : 19)
currentSize : 19 <-- 0.002502 s
currentSize : 20 <-- 0.018942 s
currentSize : 21 <-- 0.143031 s
currentSize : 22 <-- 384.658508 s
currentSize : 23 <-- 469.424042 s
currentSize : 24 <-- 622.711731 s

maxsize : 24
nodes : 349497981.000000
filtered : 3795701350.000000
time : 1471.628418
