Parameters: GAD=1 vflib=1 dir=1 label=1 lowerbound=1 fileNameGp=../graphsdb/mcs30/m4D/m4D/mcs30_m4D_s80.A86 fileNameGt=../graphsdb/mcs30/m4D/m4D/mcs30_m4D_s80.B86
Reading graphs...
80 : 131
80 : 131
Initializing...
maxdom : 8
D->valSize : 426
Solving...
Blb : 2 (clique : 28)
currentSize : 28 <-- 0.004369 s
currentSize : 29 <-- 0.004596 s
currentSize : 30 <-- 0.161376 s
currentSize : 31 <-- 0.967320 s
currentSize : 32 <-- 94.174606 s
currentSize : 33 <-- 493.520538 s
currentSize : 34 <-- 1085.513184 s
currentSize : 35 <-- 1635.919556 s

TIMEOUT
maxsize : 35
nodes : 811636457.000000
filtered : 4727398724.000000
time : 3600.000000
