Parameters: GAD=1 vflib=1 dir=1 label=1 lowerbound=1 fileNameGp=../graphsdb/mcs30/m2D/m2Dr2/mcs30_m2Dr2_s60.A29 fileNameGt=../graphsdb/mcs30/m2D/m2Dr2/mcs30_m2Dr2_s60.B29
Reading graphs...
60 : 116
60 : 116
Initializing...
maxdom : 8
D->valSize : 246
Solving...
Blb : 2 (clique : 20)
currentSize : 20 <-- 0.001805 s
currentSize : 21 <-- 0.001933 s
currentSize : 22 <-- 0.004346 s
currentSize : 23 <-- 0.050804 s
currentSize : 24 <-- 18.583696 s
currentSize : 25 <-- 18.696913 s
currentSize : 26 <-- 51.506870 s
currentSize : 27 <-- 51.507072 s

maxsize : 27
nodes : 33438561.000000
filtered : 268705751.000000
time : 142.704849
