Parameters: GAD=1 vflib=1 dir=1 label=1 lowerbound=1 fileNameGp=../graphsdb/mcs30/bvg/b09m/mcs30_b09m_s50.A74 fileNameGt=../graphsdb/mcs30/bvg/b09m/mcs30_b09m_s50.B74
Reading graphs...
50 : 225
50 : 225
Initializing...
maxdom : 10
D->valSize : 327
Solving...
Blb : 2 (clique : 12)
currentSize : 12 <-- 0.003573 s
currentSize : 13 <-- 0.003738 s
currentSize : 14 <-- 0.006247 s
currentSize : 15 <-- 0.008903 s
currentSize : 16 <-- 0.363605 s
currentSize : 17 <-- 1.763527 s

maxsize : 17
nodes : 1527274.000000
filtered : 31382893.000000
time : 7.694290
