Parameters: GAD=1 vflib=1 dir=1 label=1 lowerbound=1 fileNameGp=../graphsdb/mcs30/rand/r01/mcs30_r01_s100.A85 fileNameGt=../graphsdb/mcs30/rand/r01/mcs30_r01_s100.B85
Reading graphs...
100 : 989
100 : 989
Initializing...
maxdom : 7
D->valSize : 339
Solving...
Blb : 3 (clique : 15)
currentSize : 15 <-- 0.003115 s
currentSize : 16 <-- 0.004357 s
currentSize : 17 <-- 0.133662 s
currentSize : 18 <-- 0.820186 s
currentSize : 19 <-- 1.070243 s
currentSize : 22 <-- 1.151433 s
currentSize : 25 <-- 7.837640 s
currentSize : 26 <-- 7.837803 s
currentSize : 29 <-- 7.837902 s
currentSize : 30 <-- 7.838108 s

maxsize : 30
nodes : 2063642.000000
filtered : 22960808.000000
time : 12.986469
