Parameters: GAD=1 vflib=1 dir=1 label=1 lowerbound=1 fileNameGp=../graphsdb/mcs30/bvg/b06/mcs30_b06_s70.A40 fileNameGt=../graphsdb/mcs30/bvg/b06/mcs30_b06_s70.B40
Reading graphs...
70 : 210
70 : 210
Initializing...
maxdom : 8
D->valSize : 298
Solving...
Blb : 2 (clique : 19)
currentSize : 19 <-- 0.002406 s
currentSize : 22 <-- 0.002537 s
currentSize : 23 <-- 0.002608 s
currentSize : 24 <-- 0.002723 s
currentSize : 25 <-- 0.064426 s
currentSize : 26 <-- 0.739873 s
currentSize : 27 <-- 22.088846 s
currentSize : 28 <-- 62.331406 s
currentSize : 29 <-- 152.936020 s

maxsize : 29
nodes : 50987401.000000
filtered : 469363388.000000
time : 250.458237
