Parameters: GAD=1 vflib=1 dir=1 label=1 lowerbound=1 fileNameGp=../graphsdb/mcs30/bvg/b03/mcs30_b03_s40.A80 fileNameGt=../graphsdb/mcs30/bvg/b03/mcs30_b03_s40.B80
Reading graphs...
40 : 60
40 : 60
Initializing...
maxdom : 8
D->valSize : 194
Solving...
Blb : 2 (clique : 15)
currentSize : 15 <-- 0.001762 s
currentSize : 16 <-- 0.001976 s
currentSize : 17 <-- 0.005609 s
currentSize : 18 <-- 0.005885 s
currentSize : 19 <-- 0.062070 s

maxsize : 19
nodes : 1581715.000000
filtered : 13790990.000000
time : 5.632264
