Parameters: GAD=1 vflib=1 dir=1 label=1 lowerbound=1 fileNameGp=../graphsdb/mcs30/m4D/m4Dr2/mcs30_m4Dr2_s70.A52 fileNameGt=../graphsdb/mcs30/m4D/m4Dr2/mcs30_m4Dr2_s70.B52
Reading graphs...
70 : 132
70 : 132
Initializing...
maxdom : 9
D->valSize : 340
Solving...
Blb : 2 (clique : 27)
currentSize : 27 <-- 0.003071 s
currentSize : 28 <-- 0.005330 s
currentSize : 29 <-- 0.005987 s
currentSize : 30 <-- 0.892067 s
currentSize : 31 <-- 39.091698 s
currentSize : 32 <-- 1466.400024 s

TIMEOUT
maxsize : 32
nodes : 737732642.000000
filtered : 7349107815.000000
time : 3600.000000
