Parameters: GAD=1 vflib=1 dir=1 label=1 lowerbound=1 fileNameGp=../graphsdb/mcs30/rand/r005/mcs30_r005_s100.A75 fileNameGt=../graphsdb/mcs30/rand/r005/mcs30_r005_s100.B75
Reading graphs...
100 : 494
100 : 494
Initializing...
maxdom : 6
D->valSize : 323
Solving...
Blb : 2 (clique : 22)
currentSize : 22 <-- 0.003165 s
currentSize : 23 <-- 0.013361 s
currentSize : 24 <-- 0.049210 s
currentSize : 25 <-- 0.068799 s
currentSize : 26 <-- 0.297442 s
currentSize : 27 <-- 1.027152 s
currentSize : 28 <-- 1.027260 s
currentSize : 29 <-- 3.545165 s
currentSize : 30 <-- 414.235657 s
currentSize : 31 <-- 417.510406 s
currentSize : 32 <-- 417.510529 s
currentSize : 33 <-- 417.572113 s

maxsize : 33
nodes : 165211213.000000
filtered : 1442335261.000000
time : 1011.135620
