Parameters: GAD=1 vflib=1 dir=1 label=1 lowerbound=1 fileNameGp=../graphsdb/mcs30/bvg/b03/mcs30_b03_s60.A63 fileNameGt=../graphsdb/mcs30/bvg/b03/mcs30_b03_s60.B63
Reading graphs...
60 : 90
60 : 90
Initializing...
maxdom : 7
D->valSize : 240
Solving...
Blb : 2 (clique : 23)
currentSize : 23 <-- 0.002740 s
currentSize : 24 <-- 0.003017 s
currentSize : 25 <-- 0.003207 s
currentSize : 26 <-- 2.493260 s
currentSize : 27 <-- 127.936089 s

maxsize : 27
nodes : 664285213.000000
filtered : 5014472435.000000
time : 2852.868408
