Parameters: GAD=1 vflib=1 dir=1 label=1 lowerbound=1 fileNameGp=../graphsdb/mcs30/m4D/m4Dr2/mcs30_m4Dr2_s80.A50 fileNameGt=../graphsdb/mcs30/m4D/m4Dr2/mcs30_m4Dr2_s80.B50
Reading graphs...
80 : 147
80 : 146
Initializing...
maxdom : 9
D->valSize : 417
Solving...
Blb : 2 (clique : 26)
currentSize : 26 <-- 0.004204 s
currentSize : 27 <-- 0.004466 s
currentSize : 28 <-- 0.024664 s
currentSize : 29 <-- 66.453041 s
currentSize : 30 <-- 223.298355 s
currentSize : 31 <-- 367.871002 s
currentSize : 32 <-- 442.834229 s
currentSize : 33 <-- 2795.595703 s

TIMEOUT
maxsize : 33
nodes : 755193140.000000
filtered : 5663046025.000000
time : 3600.000000
