Parameters: GAD=1 vflib=1 dir=1 label=1 lowerbound=1 fileNameGp=../graphsdb/mcs30/bvg/b09m/mcs30_b09m_s80.A24 fileNameGt=../graphsdb/mcs30/bvg/b09m/mcs30_b09m_s80.B24
Reading graphs...
80 : 360
80 : 360
Initializing...
maxdom : 8
D->valSize : 416
Solving...
Blb : 3 (clique : 18)
currentSize : 18 <-- 0.004093 s
currentSize : 19 <-- 0.004241 s
currentSize : 20 <-- 9.609267 s
currentSize : 21 <-- 52.269222 s
currentSize : 22 <-- 66.777397 s
currentSize : 23 <-- 92.014954 s
currentSize : 24 <-- 155.864380 s
currentSize : 25 <-- 155.899612 s
currentSize : 26 <-- 156.823044 s
currentSize : 27 <-- 156.830887 s
currentSize : 28 <-- 240.134094 s
currentSize : 29 <-- 763.634277 s

maxsize : 29
nodes : 346424810.000000
filtered : 4119507801.000000
time : 1960.311768
