Parameters: GAD=1 vflib=1 dir=1 label=1 lowerbound=1 fileNameGp=../graphsdb/mcs30/rand/r02/mcs30_r02_s35.A11 fileNameGt=../graphsdb/mcs30/rand/r02/mcs30_r02_s35.B11
Reading graphs...
35 : 237
35 : 237
Initializing...
maxdom : 6
D->valSize : 150
Solving...
Blb : 2 (clique : 6)
currentSize : 6 <-- 0.000745 s
currentSize : 7 <-- 0.000953 s
currentSize : 8 <-- 0.002298 s
currentSize : 9 <-- 0.006386 s
currentSize : 10 <-- 0.007422 s

maxsize : 10
nodes : 3276.000000
filtered : 40781.000000
time : 0.012502
