Parameters: GAD=1 vflib=1 dir=1 label=1 lowerbound=1 fileNameGp=../graphsdb/mcs30/rand/r01/mcs30_r01_s50.A77 fileNameGt=../graphsdb/mcs30/rand/r01/mcs30_r01_s50.B77
Reading graphs...
50 : 244
50 : 244
Initializing...
maxdom : 12
D->valSize : 324
Solving...
Blb : 2 (clique : 10)
currentSize : 10 <-- 0.002407 s
currentSize : 11 <-- 0.002492 s
currentSize : 12 <-- 0.002550 s
currentSize : 13 <-- 0.002725 s
currentSize : 14 <-- 0.021950 s
currentSize : 15 <-- 0.955205 s
currentSize : 16 <-- 2.496960 s

maxsize : 16
nodes : 1881286.000000
filtered : 28416582.000000
time : 8.744743
