Parameters: GAD=1 vflib=1 dir=1 label=1 lowerbound=1 fileNameGp=../graphsdb/mcs30/rand/r01/mcs30_r01_s90.A32 fileNameGt=../graphsdb/mcs30/rand/r01/mcs30_r01_s90.B32
Reading graphs...
90 : 800
90 : 800
Initializing...
maxdom : 9
D->valSize : 540
Solving...
Blb : 2 (clique : 13)
currentSize : 13 <-- 0.005873 s
currentSize : 14 <-- 0.006026 s
currentSize : 15 <-- 0.006262 s
currentSize : 16 <-- 0.006597 s
currentSize : 17 <-- 0.407719 s
currentSize : 18 <-- 1.385440 s
currentSize : 19 <-- 4.034872 s
currentSize : 20 <-- 10.135471 s
currentSize : 21 <-- 10.135689 s
currentSize : 22 <-- 15.463240 s
currentSize : 23 <-- 25.664225 s
currentSize : 25 <-- 25.778500 s
currentSize : 26 <-- 25.783867 s
currentSize : 27 <-- 27.402704 s

maxsize : 27
nodes : 10575298.000000
filtered : 202472642.000000
time : 69.630959
