Parameters: GAD=1 vflib=1 dir=1 label=1 lowerbound=1 fileNameGp=../graphsdb/mcs30/rand/r02/mcs30_r02_s90.A84 fileNameGt=../graphsdb/mcs30/rand/r02/mcs30_r02_s90.B84
Reading graphs...
90 : 1601
90 : 1601
Initializing...
maxdom : 8
D->valSize : 508
Solving...
Blb : 2 (clique : 8)
currentSize : 8 <-- 0.005361 s
currentSize : 9 <-- 0.005506 s
currentSize : 10 <-- 0.016308 s
currentSize : 13 <-- 0.019002 s
currentSize : 14 <-- 0.077186 s
currentSize : 16 <-- 0.166035 s
currentSize : 17 <-- 0.166122 s
currentSize : 18 <-- 0.285644 s
currentSize : 20 <-- 0.336960 s
currentSize : 27 <-- 0.337119 s

maxsize : 27
nodes : 90097.000000
filtered : 2152786.000000
time : 0.610651
