Parameters: GAD=1 vflib=1 dir=1 label=1 lowerbound=1 fileNameGp=../graphsdb/mcs30/rand/r01/mcs30_r01_s70.A55 fileNameGt=../graphsdb/mcs30/rand/r01/mcs30_r01_s70.B55
Reading graphs...
70 : 482
70 : 482
Initializing...
maxdom : 10
D->valSize : 353
Solving...
Blb : 5 (clique : 12)
currentSize : 12 <-- 0.002992 s
currentSize : 13 <-- 0.003237 s
currentSize : 14 <-- 0.015841 s
currentSize : 15 <-- 0.244555 s
currentSize : 16 <-- 0.610034 s
currentSize : 17 <-- 2.843261 s
currentSize : 18 <-- 5.304802 s
currentSize : 19 <-- 6.596210 s
currentSize : 20 <-- 6.596318 s
currentSize : 21 <-- 7.776611 s

maxsize : 21
nodes : 1778931.000000
filtered : 27838658.000000
time : 9.650008
