Parameters: GAD=1 vflib=1 dir=1 label=1 lowerbound=1 fileNameGp=../graphsdb/mcs30/bvg/b06m/mcs30_b06m_s80.A87 fileNameGt=../graphsdb/mcs30/bvg/b06m/mcs30_b06m_s80.B87
Reading graphs...
80 : 240
80 : 240
Initializing...
maxdom : 9
D->valSize : 434
Solving...
Blb : 2 (clique : 26)
currentSize : 26 <-- 0.004402 s
currentSize : 27 <-- 0.004625 s
currentSize : 28 <-- 0.004741 s
currentSize : 29 <-- 0.006045 s
currentSize : 30 <-- 0.218231 s
currentSize : 31 <-- 0.238861 s

TIMEOUT
maxsize : 31
nodes : 659677335.000000
filtered : 5973049566.000000
time : 3600.000000
