Parameters: GAD=1 vflib=1 dir=1 label=1 lowerbound=1 fileNameGp=../graphsdb/mcs30/rand/r005/mcs30_r005_s50.A90 fileNameGt=../graphsdb/mcs30/rand/r005/mcs30_r005_s50.B90
Reading graphs...
50 : 126
50 : 126
Initializing...
maxdom : 10
D->valSize : 310
Solving...
Blb : 2 (clique : 17)
currentSize : 17 <-- 0.002302 s
currentSize : 18 <-- 0.002495 s
currentSize : 19 <-- 0.006808 s
currentSize : 20 <-- 1.259898 s
currentSize : 21 <-- 5.771443 s
currentSize : 22 <-- 61.440788 s

maxsize : 22
nodes : 14771955.000000
filtered : 198661006.000000
time : 68.381042
