Parameters: GAD=1 vflib=1 dir=1 label=1 lowerbound=1 fileNameGp=../graphsdb/mcs30/rand/r01/mcs30_r01_s80.A10 fileNameGt=../graphsdb/mcs30/rand/r01/mcs30_r01_s80.B10
Reading graphs...
80 : 631
80 : 631
Initializing...
maxdom : 10
D->valSize : 440
Solving...
Blb : 2 (clique : 14)
currentSize : 14 <-- 0.004241 s
currentSize : 15 <-- 0.026559 s
currentSize : 16 <-- 0.031056 s
currentSize : 17 <-- 0.031235 s
currentSize : 18 <-- 0.367956 s
currentSize : 19 <-- 0.370980 s
currentSize : 20 <-- 5.712674 s
currentSize : 21 <-- 47.132015 s
currentSize : 22 <-- 47.132111 s
currentSize : 24 <-- 47.135822 s

maxsize : 24
nodes : 9965958.000000
filtered : 147678131.000000
time : 57.485016
