Parameters: GAD=1 vflib=1 dir=1 label=1 lowerbound=1 fileNameGp=../graphsdb/mcs30/rand/r005/mcs30_r005_s70.A96 fileNameGt=../graphsdb/mcs30/rand/r005/mcs30_r005_s70.B96
Reading graphs...
70 : 240
70 : 240
Initializing...
maxdom : 9
D->valSize : 335
Solving...
Blb : 2 (clique : 18)
currentSize : 18 <-- 0.002843 s
currentSize : 19 <-- 0.003014 s
currentSize : 21 <-- 0.003141 s
currentSize : 22 <-- 2.306993 s
currentSize : 23 <-- 36.058197 s
currentSize : 24 <-- 2728.889648 s

TIMEOUT
maxsize : 24
nodes : 769104327.000000
filtered : 6774552566.000000
time : 3600.000000
