Parameters: GAD=1 vflib=1 dir=1 label=1 lowerbound=1 fileNameGp=../graphsdb/mcs30/m3D/m3Dr4/mcs30_m3Dr4_s100.A60 fileNameGt=../graphsdb/mcs30/m3D/m3Dr4/mcs30_m3Dr4_s100.B60
Reading graphs...
100 : 275
100 : 275
Initializing...
maxdom : 9
D->valSize : 357
Solving...
Blb : 2 (clique : 30)
currentSize : 30 <-- 0.003763 s
currentSize : 31 <-- 0.004019 s
currentSize : 32 <-- 0.004277 s
currentSize : 33 <-- 0.006259 s
currentSize : 34 <-- 0.012270 s
currentSize : 35 <-- 0.013870 s
currentSize : 36 <-- 0.104888 s
currentSize : 37 <-- 0.231487 s
currentSize : 38 <-- 1785.717529 s

TIMEOUT
maxsize : 38
nodes : 656696147.000000
filtered : 3549985460.000000
time : 3600.000000
