Parameters: GAD=1 vflib=1 dir=1 label=1 lowerbound=1 fileNameGp=../graphsdb/mcs30/m2D/m2D/mcs30_m2D_s50.A42 fileNameGt=../graphsdb/mcs30/m2D/m2D/mcs30_m2D_s50.B42
Reading graphs...
50 : 85
50 : 85
Initializing...
maxdom : 9
D->valSize : 327
Solving...
Blb : 2 (clique : 20)
currentSize : 20 <-- 0.002505 s
currentSize : 21 <-- 0.040675 s
currentSize : 22 <-- 4.880427 s
currentSize : 23 <-- 660.386169 s
currentSize : 24 <-- 1909.327759 s

maxsize : 24
nodes : 732105594.000000
filtered : 6755854320.000000
time : 2972.019775
