Parameters: GAD=1 vflib=1 dir=1 label=1 lowerbound=1 fileNameGp=../graphsdb/mcs30/rand/r01/mcs30_r01_s60.A13 fileNameGt=../graphsdb/mcs30/rand/r01/mcs30_r01_s60.B13
Reading graphs...
60 : 353
60 : 353
Initializing...
maxdom : 8
D->valSize : 227
Solving...
Blb : 2 (clique : 12)
currentSize : 12 <-- 0.002276 s
currentSize : 13 <-- 0.002622 s
currentSize : 14 <-- 0.003005 s
currentSize : 15 <-- 0.059860 s
currentSize : 16 <-- 0.061646 s
currentSize : 17 <-- 0.067095 s
currentSize : 19 <-- 0.766495 s

maxsize : 19
nodes : 267276.000000
filtered : 2935513.000000
time : 1.412993
