Parameters: GAD=1 vflib=1 dir=1 label=1 lowerbound=1 fileNameGp=../graphsdb/mcs30/m4D/m4Dr6/mcs30_m4Dr6_s50.A94 fileNameGt=../graphsdb/mcs30/m4D/m4Dr6/mcs30_m4Dr6_s50.B94
Reading graphs...
50 : 117
50 : 116
Initializing...
maxdom : 11
D->valSize : 331
Solving...
Blb : 2 (clique : 17)
currentSize : 17 <-- 0.002372 s
currentSize : 18 <-- 0.003403 s
currentSize : 19 <-- 0.016596 s
currentSize : 20 <-- 0.118927 s
currentSize : 21 <-- 11.090281 s
currentSize : 22 <-- 17.519699 s
currentSize : 23 <-- 111.086403 s

maxsize : 23
nodes : 42425388.000000
filtered : 614265900.000000
time : 201.897675
