Parameters: GAD=1 vflib=1 dir=1 label=1 lowerbound=1 fileNameGp=../graphsdb/mcs30/rand/r005/mcs30_r005_s60.A42 fileNameGt=../graphsdb/mcs30/rand/r005/mcs30_r005_s60.B42
Reading graphs...
60 : 179
60 : 179
Initializing...
maxdom : 7
D->valSize : 249
Solving...
Blb : 2 (clique : 17)
currentSize : 17 <-- 0.002296 s
currentSize : 18 <-- 0.042667 s
currentSize : 19 <-- 0.064525 s
currentSize : 20 <-- 0.117538 s
currentSize : 21 <-- 0.446061 s
currentSize : 22 <-- 13.076695 s

maxsize : 22
nodes : 36716113.000000
filtered : 319648649.000000
time : 162.273819
