Parameters: GAD=1 vflib=1 dir=1 label=1 lowerbound=1 fileNameGp=../graphsdb/mcs30/bvg/b09m/mcs30_b09m_s80.A87 fileNameGt=../graphsdb/mcs30/bvg/b09m/mcs30_b09m_s80.B87
Reading graphs...
80 : 360
80 : 360
Initializing...
maxdom : 10
D->valSize : 407
Solving...
Blb : 2 (clique : 21)
currentSize : 21 <-- 0.003674 s
currentSize : 22 <-- 0.003884 s
currentSize : 23 <-- 0.010661 s
currentSize : 24 <-- 0.072034 s
currentSize : 25 <-- 0.105510 s
currentSize : 26 <-- 0.112463 s
currentSize : 27 <-- 5.796344 s
currentSize : 28 <-- 8.505914 s

maxsize : 28
nodes : 152237400.000000
filtered : 1755940014.000000
time : 830.354736
