Parameters: GAD=1 vflib=1 dir=1 label=1 lowerbound=1 fileNameGp=../graphsdb/mcs30/rand/r001/mcs30_r001_s100.A74 fileNameGt=../graphsdb/mcs30/rand/r001/mcs30_r001_s100.B74
Reading graphs...
100 : 120
100 : 120
Initializing...
maxdom : 7
D->valSize : 327
Solving...
Blb : 3 (clique : 40)
currentSize : 40 <-- 0.005598 s
currentSize : 41 <-- 5.463857 s
currentSize : 42 <-- 24.930897 s
currentSize : 43 <-- 25.369331 s
currentSize : 44 <-- 250.223129 s
currentSize : 45 <-- 564.537476 s
currentSize : 46 <-- 3355.236328 s

TIMEOUT
maxsize : 46
nodes : 724134622.000000
filtered : 3188007364.000000
time : 3600.000000
