Parameters: GAD=1 vflib=1 dir=1 label=1 lowerbound=1 fileNameGp=../graphsdb/mcs30/m4D/m4Dr4/mcs30_m4Dr4_s80.A54 fileNameGt=../graphsdb/mcs30/m4D/m4Dr4/mcs30_m4Dr4_s80.B54
Reading graphs...
80 : 163
80 : 162
Initializing...
maxdom : 9
D->valSize : 432
Solving...
Blb : 2 (clique : 27)
currentSize : 27 <-- 0.007141 s
currentSize : 28 <-- 0.008084 s
currentSize : 29 <-- 0.008680 s
currentSize : 30 <-- 0.178913 s
currentSize : 31 <-- 3.275169 s
currentSize : 32 <-- 26.291023 s
currentSize : 33 <-- 186.229828 s

TIMEOUT
maxsize : 33
nodes : 707320202.000000
filtered : 6877959117.000000
time : 3600.000000
