Parameters: GAD=1 vflib=1 dir=1 label=1 lowerbound=1 fileNameGp=../graphsdb/mcs30/bvg/b03/mcs30_b03_s60.A55 fileNameGt=../graphsdb/mcs30/bvg/b03/mcs30_b03_s60.B55
Reading graphs...
60 : 90
60 : 90
Initializing...
maxdom : 6
D->valSize : 220
Solving...
Blb : 2 (clique : 26)
currentSize : 26 <-- 0.001646 s
currentSize : 27 <-- 62.834251 s
currentSize : 28 <-- 63.033607 s
currentSize : 29 <-- 273.227234 s
currentSize : 30 <-- 480.706024 s

maxsize : 30
nodes : 165034808.000000
filtered : 1254413152.000000
time : 829.917847
