Parameters: GAD=1 vflib=1 dir=1 label=1 lowerbound=1 fileNameGp=../graphsdb/mcs30/bvg/b06/mcs30_b06_s70.A19 fileNameGt=../graphsdb/mcs30/bvg/b06/mcs30_b06_s70.B19
Reading graphs...
70 : 210
70 : 210
Initializing...
maxdom : 7
D->valSize : 315
Solving...
Blb : 3 (clique : 22)
currentSize : 22 <-- 0.002759 s
currentSize : 23 <-- 0.003091 s
currentSize : 24 <-- 5.198774 s
currentSize : 25 <-- 9.203658 s
currentSize : 26 <-- 10.195661 s
currentSize : 27 <-- 331.661041 s

maxsize : 27
nodes : 320976467.000000
filtered : 3211514586.000000
time : 1585.059082
