Parameters: GAD=1 vflib=1 dir=1 label=1 lowerbound=1 fileNameGp=../graphsdb/mcs30/rand/r02/mcs30_r02_s50.A83 fileNameGt=../graphsdb/mcs30/rand/r02/mcs30_r02_s50.B83
Reading graphs...
50 : 489
50 : 489
Initializing...
maxdom : 9
D->valSize : 324
Solving...
Blb : 2 (clique : 7)
currentSize : 7 <-- 0.002177 s
currentSize : 8 <-- 0.002341 s
currentSize : 9 <-- 0.006338 s
currentSize : 10 <-- 0.011740 s
currentSize : 11 <-- 0.030260 s
currentSize : 12 <-- 0.036729 s
currentSize : 13 <-- 0.115578 s
currentSize : 15 <-- 0.115617 s

maxsize : 15
nodes : 28570.000000
filtered : 612622.000000
time : 0.144132
