Parameters: GAD=1 vflib=1 dir=1 label=1 lowerbound=1 fileNameGp=../graphsdb/mcs30/bvg/b06/mcs30_b06_s50.A84 fileNameGt=../graphsdb/mcs30/bvg/b06/mcs30_b06_s50.B84
Reading graphs...
50 : 150
50 : 150
Initializing...
maxdom : 9
D->valSize : 322
Solving...
Blb : 3 (clique : 14)
currentSize : 14 <-- 0.003601 s
currentSize : 15 <-- 0.230021 s
currentSize : 16 <-- 1.380938 s
currentSize : 17 <-- 14.671049 s
currentSize : 18 <-- 27.072964 s
currentSize : 19 <-- 29.750353 s
currentSize : 20 <-- 55.387760 s

maxsize : 20
nodes : 34991412.000000
filtered : 429834609.000000
time : 154.474075
