Parameters: GAD=1 vflib=1 dir=1 label=1 lowerbound=1 fileNameGp=../graphsdb/mcs30/m2D/m2Dr2/mcs30_m2Dr2_s60.A09 fileNameGt=../graphsdb/mcs30/m2D/m2Dr2/mcs30_m2Dr2_s60.B09
Reading graphs...
60 : 116
60 : 116
Initializing...
maxdom : 8
D->valSize : 288
Solving...
Blb : 3 (clique : 21)
currentSize : 21 <-- 0.002185 s
currentSize : 22 <-- 0.193456 s
currentSize : 23 <-- 0.402909 s
currentSize : 24 <-- 42.028881 s
currentSize : 25 <-- 220.465973 s

maxsize : 25
nodes : 658532461.000000
filtered : 6907246999.000000
time : 2977.739014
