Parameters: GAD=1 vflib=1 dir=1 label=1 lowerbound=1 fileNameGp=../graphsdb/mcs30/m2D/m2Dr2/mcs30_m2Dr2_s60.A15 fileNameGt=../graphsdb/mcs30/m2D/m2Dr2/mcs30_m2Dr2_s60.B15
Reading graphs...
60 : 116
60 : 116
Initializing...
maxdom : 8
D->valSize : 220
Solving...
Blb : 2 (clique : 18)
currentSize : 18 <-- 0.002605 s
currentSize : 19 <-- 0.004502 s
currentSize : 20 <-- 0.021277 s
currentSize : 21 <-- 0.103482 s
currentSize : 22 <-- 0.205454 s
currentSize : 23 <-- 3.195305 s
currentSize : 24 <-- 8.931902 s
currentSize : 25 <-- 26.293028 s

maxsize : 25
nodes : 14333056.000000
filtered : 96201832.000000
time : 60.370735
