Parameters: GAD=1 vflib=1 dir=1 label=1 lowerbound=1 fileNameGp=../graphsdb/mcs30/rand/r02/mcs30_r02_s100.A85 fileNameGt=../graphsdb/mcs30/rand/r02/mcs30_r02_s100.B85
Reading graphs...
100 : 1979
100 : 1979
Initializing...
maxdom : 8
D->valSize : 354
Solving...
Blb : 2 (clique : 6)
currentSize : 6 <-- 0.003808 s
currentSize : 7 <-- 0.003902 s
currentSize : 8 <-- 0.004111 s
currentSize : 9 <-- 0.004154 s
currentSize : 10 <-- 0.004485 s
currentSize : 13 <-- 0.004765 s
currentSize : 14 <-- 0.008341 s
currentSize : 16 <-- 0.008562 s
currentSize : 18 <-- 0.038234 s
currentSize : 21 <-- 0.053684 s
currentSize : 30 <-- 0.055797 s

maxsize : 30
nodes : 18167.000000
filtered : 296299.000000
time : 0.123191
