Parameters: GAD=1 vflib=1 dir=1 label=1 lowerbound=1 fileNameGp=../graphsdb/mcs30/bvg/b09/mcs30_b09_s60.A22 fileNameGt=../graphsdb/mcs30/bvg/b09/mcs30_b09_s60.B22
Reading graphs...
60 : 270
60 : 270
Initializing...
maxdom : 9
D->valSize : 272
Solving...
Blb : 3 (clique : 14)
currentSize : 14 <-- 0.002953 s
currentSize : 16 <-- 0.003381 s
currentSize : 17 <-- 0.004349 s
currentSize : 18 <-- 0.013853 s
currentSize : 19 <-- 0.031010 s
currentSize : 20 <-- 0.846633 s

maxsize : 20
nodes : 1927043.000000
filtered : 23542926.000000
time : 8.988810
