Parameters: GAD=1 vflib=1 dir=1 label=1 lowerbound=1 fileNameGp=../graphsdb/mcs30/m2D/m2Dr2/mcs30_m2Dr2_s50.A86 fileNameGt=../graphsdb/mcs30/m2D/m2Dr2/mcs30_m2Dr2_s50.B86
Reading graphs...
50 : 95
50 : 94
Initializing...
maxdom : 10
D->valSize : 319
Solving...
Blb : 2 (clique : 18)
currentSize : 18 <-- 0.002443 s
currentSize : 19 <-- 0.002614 s
currentSize : 20 <-- 0.004229 s
currentSize : 21 <-- 0.176603 s
currentSize : 22 <-- 0.661703 s
currentSize : 23 <-- 1.580074 s
currentSize : 24 <-- 23.497517 s

maxsize : 24
nodes : 11305048.000000
filtered : 182508903.000000
time : 55.451916
