Parameters: GAD=1 vflib=1 dir=1 label=1 lowerbound=1 fileNameGp=../graphsdb/mcs30/rand/r005/mcs30_r005_s100.A22 fileNameGt=../graphsdb/mcs30/rand/r005/mcs30_r005_s100.B22
Reading graphs...
100 : 494
100 : 494
Initializing...
maxdom : 8
D->valSize : 334
Solving...
Blb : 2 (clique : 19)
currentSize : 19 <-- 0.003081 s
currentSize : 20 <-- 0.003327 s
currentSize : 21 <-- 0.017227 s
currentSize : 22 <-- 0.071421 s
currentSize : 23 <-- 0.072090 s
currentSize : 24 <-- 1.822445 s
currentSize : 25 <-- 21.230637 s
currentSize : 26 <-- 94.847298 s
currentSize : 27 <-- 118.480270 s
currentSize : 28 <-- 118.494461 s
currentSize : 29 <-- 1089.184204 s
currentSize : 30 <-- 2126.138428 s

TIMEOUT
maxsize : 30
nodes : 629285359.000000
filtered : 4701896184.000000
time : 3600.000000
