Parameters: GAD=1 vflib=1 dir=1 label=1 lowerbound=1 fileNameGp=../graphsdb/mcs30/m3D/m3Dr6/mcs30_m3Dr6_s90.A20 fileNameGt=../graphsdb/mcs30/m3D/m3Dr6/mcs30_m3Dr6_s90.B20
Reading graphs...
90 : 263
90 : 262
Initializing...
maxdom : 12
D->valSize : 567
Solving...
Blb : 2 (clique : 30)
currentSize : 30 <-- 0.006788 s
currentSize : 31 <-- 0.014691 s
currentSize : 33 <-- 0.364518 s
currentSize : 34 <-- 0.377197 s
currentSize : 35 <-- 0.636249 s
currentSize : 36 <-- 12.309487 s

TIMEOUT
maxsize : 36
nodes : 641981841.000000
filtered : 5397860538.000000
time : 3600.000000
