Parameters: GAD=1 vflib=1 dir=1 label=1 lowerbound=1 fileNameGp=../graphsdb/mcs30/bvg/b06/mcs30_b06_s40.A28 fileNameGt=../graphsdb/mcs30/bvg/b06/mcs30_b06_s40.B28
Reading graphs...
40 : 120
40 : 120
Initializing...
maxdom : 9
D->valSize : 218
Solving...
Blb : 2 (clique : 12)
currentSize : 12 <-- 0.001277 s
currentSize : 13 <-- 0.003505 s
currentSize : 14 <-- 0.003549 s
currentSize : 15 <-- 0.012222 s
currentSize : 16 <-- 0.318311 s

maxsize : 16
nodes : 366051.000000
filtered : 6018801.000000
time : 1.596000
