Parameters: GAD=1 vflib=1 dir=1 label=1 lowerbound=1 fileNameGp=../graphsdb/mcs30/m4D/m4Dr2/mcs30_m4Dr2_s70.A44 fileNameGt=../graphsdb/mcs30/m4D/m4Dr2/mcs30_m4Dr2_s70.B44
Reading graphs...
70 : 132
70 : 132
Initializing...
maxdom : 9
D->valSize : 335
Solving...
Blb : 2 (clique : 23)
currentSize : 23 <-- 0.003057 s
currentSize : 24 <-- 0.009739 s
currentSize : 25 <-- 0.010368 s
currentSize : 26 <-- 0.013815 s
currentSize : 27 <-- 0.060991 s
currentSize : 28 <-- 0.362880 s

TIMEOUT
maxsize : 28
nodes : 774535531.000000
filtered : 6310232752.000000
time : 3600.000000
