Parameters: GAD=1 vflib=1 dir=1 label=1 lowerbound=1 fileNameGp=../graphsdb/mcs30/bvg/b06/mcs30_b06_s60.A23 fileNameGt=../graphsdb/mcs30/bvg/b06/mcs30_b06_s60.B23
Reading graphs...
60 : 180
60 : 180
Initializing...
maxdom : 7
D->valSize : 233
Solving...
Blb : 2 (clique : 18)
currentSize : 18 <-- 0.001688 s
currentSize : 19 <-- 0.032614 s
currentSize : 20 <-- 1.171406 s
currentSize : 21 <-- 1.171896 s
currentSize : 22 <-- 1.172179 s
currentSize : 23 <-- 17.896561 s

maxsize : 23
nodes : 12109383.000000
filtered : 101770520.000000
time : 52.973694
