Parameters: GAD=1 vflib=1 dir=1 label=1 lowerbound=1 fileNameGp=../graphsdb/mcs30/m3D/m3Dr6/mcs30_m3Dr6_s80.A56 fileNameGt=../graphsdb/mcs30/m3D/m3Dr6/mcs30_m3Dr6_s80.B56
Reading graphs...
80 : 232
80 : 229
Initializing...
maxdom : 8
D->valSize : 408
Solving...
Blb : 5 (clique : 22)
currentSize : 22 <-- 0.006675 s
currentSize : 23 <-- 0.008585 s
currentSize : 24 <-- 0.890106 s
currentSize : 25 <-- 1.735168 s
currentSize : 26 <-- 12.258570 s
currentSize : 27 <-- 30.034887 s
currentSize : 28 <-- 55.456547 s
currentSize : 29 <-- 3365.432617 s

TIMEOUT
maxsize : 29
nodes : 731841963.000000
filtered : 5662599057.000000
time : 3600.000000
