Parameters: GAD=1 vflib=1 dir=1 label=1 lowerbound=1 fileNameGp=../graphsdb/mcs30/rand/r02/mcs30_r02_s60.A73 fileNameGt=../graphsdb/mcs30/rand/r02/mcs30_r02_s60.B73
Reading graphs...
60 : 707
60 : 707
Initializing...
maxdom : 9
D->valSize : 259
Solving...
Blb : 3 (clique : 7)
currentSize : 7 <-- 0.001770 s
currentSize : 8 <-- 0.002252 s
currentSize : 9 <-- 0.002986 s
currentSize : 10 <-- 0.005767 s
currentSize : 11 <-- 0.006452 s
currentSize : 12 <-- 0.010564 s
currentSize : 13 <-- 0.030203 s
currentSize : 15 <-- 0.030639 s
currentSize : 18 <-- 0.030666 s

maxsize : 18
nodes : 8999.000000
filtered : 153161.000000
time : 0.045940
