Parameters: GAD=1 vflib=1 dir=1 label=1 lowerbound=1 fileNameGp=../graphsdb/mcs30/bvg/b06m/mcs30_b06m_s40.A68 fileNameGt=../graphsdb/mcs30/bvg/b06m/mcs30_b06m_s40.B68
Reading graphs...
40 : 120
40 : 120
Initializing...
maxdom : 8
D->valSize : 199
Solving...
Blb : 2 (clique : 10)
currentSize : 10 <-- 0.001059 s
currentSize : 11 <-- 0.001200 s
currentSize : 12 <-- 0.002870 s
currentSize : 13 <-- 0.094421 s
currentSize : 14 <-- 0.916583 s

maxsize : 14
nodes : 949101.000000
filtered : 9407615.000000
time : 3.495508
