Parameters: GAD=1 vflib=1 dir=1 label=1 lowerbound=1 fileNameGp=../graphsdb/mcs30/m3D/m3Dr4/mcs30_m3Dr4_s90.A62 fileNameGt=../graphsdb/mcs30/m3D/m3Dr4/mcs30_m3Dr4_s90.B62
Reading graphs...
90 : 245
90 : 244
Initializing...
maxdom : 9
D->valSize : 531
Solving...
Blb : 2 (clique : 28)
currentSize : 28 <-- 0.005953 s
currentSize : 29 <-- 0.021731 s
currentSize : 30 <-- 0.046192 s
currentSize : 31 <-- 0.052995 s
currentSize : 32 <-- 0.145017 s
currentSize : 33 <-- 1.766973 s
currentSize : 34 <-- 171.130951 s
currentSize : 35 <-- 2875.553711 s

TIMEOUT
maxsize : 35
nodes : 621781997.000000
filtered : 6071536966.000000
time : 3600.000000
