Parameters: GAD=1 vflib=1 dir=1 label=1 lowerbound=1 fileNameGp=../graphsdb/mcs30/m4D/m4D/mcs30_m4D_s60.A43 fileNameGt=../graphsdb/mcs30/m4D/m4D/mcs30_m4D_s60.B43
Reading graphs...
60 : 102
60 : 102
Initializing...
maxdom : 7
D->valSize : 230
Solving...
Blb : 5 (clique : 23)
currentSize : 23 <-- 0.001625 s
currentSize : 24 <-- 0.009097 s
currentSize : 25 <-- 0.019696 s
currentSize : 26 <-- 6.005568 s
currentSize : 27 <-- 64.651360 s

maxsize : 27
nodes : 92556626.000000
filtered : 733609024.000000
time : 413.728424
