Parameters: GAD=1 vflib=1 dir=1 label=1 lowerbound=1 fileNameGp=../graphsdb/mcs30/bvg/b09m/mcs30_b09m_s70.A26 fileNameGt=../graphsdb/mcs30/bvg/b09m/mcs30_b09m_s70.B26
Reading graphs...
70 : 315
70 : 315
Initializing...
maxdom : 9
D->valSize : 342
Solving...
Blb : 2 (clique : 19)
currentSize : 19 <-- 0.002794 s
currentSize : 20 <-- 9.756041 s
currentSize : 21 <-- 41.564732 s
currentSize : 22 <-- 48.138840 s
currentSize : 23 <-- 48.304699 s
currentSize : 24 <-- 59.814297 s

maxsize : 24
nodes : 24518260.000000
filtered : 254057472.000000
time : 117.750694
