Parameters: GAD=1 vflib=1 dir=1 label=1 lowerbound=1 fileNameGp=../graphsdb/mcs30/rand/r005/mcs30_r005_s60.A66 fileNameGt=../graphsdb/mcs30/rand/r005/mcs30_r005_s60.B66
Reading graphs...
60 : 179
60 : 179
Initializing...
maxdom : 6
D->valSize : 222
Solving...
Blb : 2 (clique : 16)
currentSize : 16 <-- 0.001612 s
currentSize : 17 <-- 0.001981 s
currentSize : 18 <-- 0.111200 s
currentSize : 19 <-- 0.361658 s
currentSize : 20 <-- 0.380867 s
currentSize : 21 <-- 0.753607 s

maxsize : 21
nodes : 11209341.000000
filtered : 87848750.000000
time : 48.243813
