Parameters: GAD=1 vflib=1 dir=1 label=1 lowerbound=1 fileNameGp=../graphsdb/mcs30/bvg/b09m/mcs30_b09m_s80.A08 fileNameGt=../graphsdb/mcs30/bvg/b09m/mcs30_b09m_s80.B08
Reading graphs...
80 : 360
80 : 360
Initializing...
maxdom : 11
D->valSize : 447
Solving...
Blb : 2 (clique : 19)
currentSize : 19 <-- 0.004440 s
currentSize : 20 <-- 0.004617 s
currentSize : 21 <-- 0.004680 s
currentSize : 22 <-- 0.005010 s
currentSize : 23 <-- 0.009482 s
currentSize : 24 <-- 0.009962 s
currentSize : 25 <-- 0.040031 s
currentSize : 26 <-- 0.070714 s
currentSize : 27 <-- 40.554169 s
currentSize : 28 <-- 49.445919 s

maxsize : 28
nodes : 290653212.000000
filtered : 4989530602.000000
time : 1805.038818
