Parameters: GAD=1 vflib=1 dir=1 label=1 lowerbound=1 fileNameGp=../graphsdb/mcs30/m4D/m4D/mcs30_m4D_s60.A80 fileNameGt=../graphsdb/mcs30/m4D/m4D/mcs30_m4D_s60.B80
Reading graphs...
60 : 102
60 : 102
Initializing...
maxdom : 8
D->valSize : 258
Solving...
Blb : 2 (clique : 21)
currentSize : 21 <-- 0.001939 s
currentSize : 22 <-- 0.003162 s
currentSize : 23 <-- 0.144333 s
currentSize : 24 <-- 4.478758 s
currentSize : 25 <-- 9.008682 s
currentSize : 26 <-- 159.347717 s
currentSize : 27 <-- 575.479553 s

maxsize : 27
nodes : 249123789.000000
filtered : 1931760568.000000
time : 1042.793335
