Parameters: GAD=1 vflib=1 dir=1 label=1 lowerbound=1 fileNameGp=../graphsdb/mcs30/m4D/m4Dr6/mcs30_m4Dr6_s70.A48 fileNameGt=../graphsdb/mcs30/m4D/m4Dr6/mcs30_m4Dr6_s70.B48
Reading graphs...
70 : 160
70 : 159
Initializing...
maxdom : 9
D->valSize : 320
Solving...
Blb : 5 (clique : 22)
currentSize : 22 <-- 0.004508 s
currentSize : 23 <-- 0.010424 s
currentSize : 24 <-- 0.181975 s
currentSize : 25 <-- 0.451891 s
currentSize : 26 <-- 19.127596 s
currentSize : 27 <-- 506.371124 s

TIMEOUT
maxsize : 27
nodes : 761030408.000000
filtered : 5705965962.000000
time : 3600.000000
