Parameters: GAD=1 vflib=1 dir=1 label=1 lowerbound=1 fileNameGp=../graphsdb/mcs30/m2D/m2Dr4/mcs30_m2Dr4_s60.A14 fileNameGt=../graphsdb/mcs30/m2D/m2Dr4/mcs30_m2Dr4_s60.B14
Reading graphs...
60 : 128
60 : 127
Initializing...
maxdom : 9
D->valSize : 220
Solving...
Blb : 2 (clique : 17)
currentSize : 17 <-- 0.002428 s
currentSize : 19 <-- 0.100547 s
currentSize : 20 <-- 0.161340 s
currentSize : 21 <-- 0.277091 s
currentSize : 22 <-- 2.601289 s
currentSize : 23 <-- 245.495667 s
currentSize : 24 <-- 246.055984 s

maxsize : 24
nodes : 80921284.000000
filtered : 506814399.000000
time : 329.216522
