Parameters: GAD=1 vflib=1 dir=1 label=1 lowerbound=1 fileNameGp=../graphsdb/mcs30/m4D/m4Dr6/mcs30_m4Dr6_s70.A04 fileNameGt=../graphsdb/mcs30/m4D/m4Dr6/mcs30_m4Dr6_s70.B04
Reading graphs...
70 : 160
70 : 158
Initializing...
maxdom : 8
D->valSize : 305
Solving...
Blb : 2 (clique : 21)
currentSize : 21 <-- 0.002677 s
currentSize : 22 <-- 0.018096 s
currentSize : 23 <-- 0.353046 s
currentSize : 24 <-- 0.709889 s
currentSize : 25 <-- 21.869877 s
currentSize : 26 <-- 59.006001 s
currentSize : 27 <-- 2972.290039 s
currentSize : 28 <-- 3056.814453 s

TIMEOUT
maxsize : 28
nodes : 796101054.000000
filtered : 5739692264.000000
time : 3600.000000
