Parameters: GAD=1 vflib=1 dir=1 label=1 lowerbound=1 fileNameGp=../graphsdb/mcs30/bvg/b09/mcs30_b09_s50.A32 fileNameGt=../graphsdb/mcs30/bvg/b09/mcs30_b09_s50.B32
Reading graphs...
50 : 225
50 : 225
Initializing...
maxdom : 10
D->valSize : 332
Solving...
Blb : 2 (clique : 11)
currentSize : 11 <-- 0.002434 s
currentSize : 12 <-- 0.002526 s
currentSize : 13 <-- 0.003204 s
currentSize : 14 <-- 0.009795 s
currentSize : 15 <-- 0.639813 s
currentSize : 16 <-- 0.667208 s

maxsize : 16
nodes : 4033924.000000
filtered : 63572518.000000
time : 18.905720
