Parameters: GAD=1 vflib=1 dir=1 label=1 lowerbound=1 fileNameGp=../graphsdb/mcs30/rand/r01/mcs30_r01_s70.A37 fileNameGt=../graphsdb/mcs30/rand/r01/mcs30_r01_s70.B37
Reading graphs...
70 : 482
70 : 482
Initializing...
maxdom : 9
D->valSize : 347
Solving...
Blb : 3 (clique : 12)
currentSize : 12 <-- 0.004346 s
currentSize : 13 <-- 0.007342 s
currentSize : 14 <-- 0.033667 s
currentSize : 15 <-- 0.033860 s
currentSize : 16 <-- 0.216856 s
currentSize : 17 <-- 0.225419 s
currentSize : 18 <-- 1.344903 s
currentSize : 19 <-- 2.646932 s
currentSize : 20 <-- 7.846407 s
currentSize : 21 <-- 18.695791 s

maxsize : 21
nodes : 4497120.000000
filtered : 59890504.000000
time : 23.866972
