Parameters: GAD=1 vflib=1 dir=1 label=1 lowerbound=1 fileNameGp=../graphsdb/mcs30/m4D/m4Dr6/mcs30_m4Dr6_s90.A33 fileNameGt=../graphsdb/mcs30/m4D/m4Dr6/mcs30_m4Dr6_s90.B33
Reading graphs...
90 : 200
90 : 200
Initializing...
maxdom : 8
D->valSize : 499
Solving...
Blb : 2 (clique : 28)
currentSize : 28 <-- 0.005678 s
currentSize : 29 <-- 0.005971 s
currentSize : 30 <-- 0.006206 s
currentSize : 31 <-- 0.016677 s
currentSize : 32 <-- 0.111805 s
currentSize : 33 <-- 4.216651 s
currentSize : 34 <-- 21.479450 s

TIMEOUT
maxsize : 34
nodes : 653374054.000000
filtered : 5533515417.000000
time : 3600.000000
