Parameters: GAD=1 vflib=1 dir=1 label=1 lowerbound=1 fileNameGp=../graphsdb/mcs30/rand/r01/mcs30_r01_s70.A77 fileNameGt=../graphsdb/mcs30/rand/r01/mcs30_r01_s70.B77
Reading graphs...
70 : 482
70 : 482
Initializing...
maxdom : 8
D->valSize : 340
Solving...
Blb : 2 (clique : 12)
currentSize : 12 <-- 0.004251 s
currentSize : 13 <-- 0.004889 s
currentSize : 14 <-- 0.005281 s
currentSize : 15 <-- 0.005761 s
currentSize : 16 <-- 0.084499 s
currentSize : 17 <-- 1.977331 s
currentSize : 18 <-- 3.011244 s
currentSize : 19 <-- 3.367717 s
currentSize : 20 <-- 3.940081 s
currentSize : 21 <-- 3.940164 s

maxsize : 21
nodes : 1602185.000000
filtered : 21979408.000000
time : 8.564896
