Parameters: GAD=1 vflib=1 dir=1 label=1 lowerbound=1 fileNameGp=../graphsdb/mcs30/rand/r02/mcs30_r02_s50.A82 fileNameGt=../graphsdb/mcs30/rand/r02/mcs30_r02_s50.B82
Reading graphs...
50 : 489
50 : 489
Initializing...
maxdom : 11
D->valSize : 354
Solving...
Blb : 2 (clique : 6)
currentSize : 6 <-- 0.003843 s
currentSize : 7 <-- 0.004145 s
currentSize : 8 <-- 0.005442 s
currentSize : 9 <-- 0.018879 s
currentSize : 10 <-- 0.023737 s
currentSize : 11 <-- 0.032421 s
currentSize : 12 <-- 0.033228 s
currentSize : 15 <-- 0.051006 s

maxsize : 15
nodes : 17302.000000
filtered : 442767.000000
time : 0.095519
