Parameters: GAD=1 vflib=1 dir=1 label=1 lowerbound=1 fileNameGp=../graphsdb/mcs30/bvg/b06m/mcs30_b06m_s100.A00 fileNameGt=../graphsdb/mcs30/bvg/b06m/mcs30_b06m_s100.B00
Reading graphs...
100 : 300
100 : 300
Initializing...
maxdom : 10
D->valSize : 356
Solving...
Blb : 2 (clique : 26)
currentSize : 26 <-- 0.003560 s
currentSize : 27 <-- 0.008514 s
currentSize : 28 <-- 0.011985 s
currentSize : 29 <-- 1.917439 s
currentSize : 30 <-- 2.852780 s
currentSize : 31 <-- 4.157273 s
currentSize : 32 <-- 40.331036 s
currentSize : 33 <-- 42.071445 s
currentSize : 34 <-- 294.453491 s
currentSize : 35 <-- 1335.267700 s
currentSize : 36 <-- 3102.651123 s
currentSize : 37 <-- 3519.583008 s

TIMEOUT
maxsize : 37
nodes : 697135685.000000
filtered : 2976719099.000000
time : 3600.000000
