Parameters: GAD=1 vflib=1 dir=1 label=1 lowerbound=1 fileNameGp=../graphsdb/mcs30/m4D/m4D/mcs30_m4D_s70.A15 fileNameGt=../graphsdb/mcs30/m4D/m4D/mcs30_m4D_s70.B15
Reading graphs...
70 : 118
70 : 118
Initializing...
maxdom : 8
D->valSize : 296
Solving...
Blb : 2 (clique : 25)
currentSize : 25 <-- 0.002560 s
currentSize : 26 <-- 0.005705 s
currentSize : 27 <-- 0.005881 s
currentSize : 28 <-- 0.030397 s
currentSize : 29 <-- 1.354843 s
currentSize : 30 <-- 12.729033 s
currentSize : 31 <-- 1770.082764 s

TIMEOUT
maxsize : 31
nodes : 773846272.000000
filtered : 5404113024.000000
time : 3600.000000
