Parameters: GAD=1 vflib=1 dir=1 label=1 lowerbound=1 fileNameGp=../graphsdb/mcs30/bvg/b06m/mcs30_b06m_s50.A40 fileNameGt=../graphsdb/mcs30/bvg/b06m/mcs30_b06m_s50.B40
Reading graphs...
50 : 150
50 : 150
Initializing...
maxdom : 11
D->valSize : 318
Solving...
Blb : 5 (clique : 14)
currentSize : 14 <-- 0.002302 s
currentSize : 15 <-- 0.002509 s
currentSize : 16 <-- 0.002594 s
currentSize : 17 <-- 0.003005 s
currentSize : 18 <-- 0.148792 s
currentSize : 19 <-- 7.660212 s

maxsize : 19
nodes : 12779051.000000
filtered : 175869653.000000
time : 57.771954
