Parameters: GAD=1 vflib=1 dir=1 label=1 lowerbound=1 fileNameGp=../graphsdb/mcs30/m2D/m2D/mcs30_m2D_s100.A63 fileNameGt=../graphsdb/mcs30/m2D/m2D/mcs30_m2D_s100.B63
Reading graphs...
100 : 180
100 : 180
Initializing...
maxdom : 7
D->valSize : 326
Solving...
Blb : 2 (clique : 34)
currentSize : 34 <-- 0.003443 s
currentSize : 35 <-- 0.003820 s
currentSize : 36 <-- 0.034450 s
currentSize : 37 <-- 1.656451 s
currentSize : 38 <-- 373.986877 s
currentSize : 39 <-- 821.555298 s

TIMEOUT
maxsize : 39
nodes : 690187176.000000
filtered : 3407360069.000000
time : 3600.000000
