Parameters: GAD=1 vflib=1 dir=1 label=1 lowerbound=1 fileNameGp=../graphsdb/mcs30/m4D/m4Dr6/mcs30_m4Dr6_s50.A17 fileNameGt=../graphsdb/mcs30/m4D/m4Dr6/mcs30_m4Dr6_s50.B17
Reading graphs...
50 : 117
50 : 116
Initializing...
maxdom : 9
D->valSize : 353
Solving...
Blb : 2 (clique : 16)
currentSize : 16 <-- 0.004197 s
currentSize : 17 <-- 0.004404 s
currentSize : 18 <-- 0.004580 s
currentSize : 19 <-- 0.007779 s
currentSize : 20 <-- 0.036215 s
currentSize : 21 <-- 5.571862 s
currentSize : 22 <-- 28.697132 s

maxsize : 22
nodes : 21559705.000000
filtered : 329939218.000000
time : 104.917274
