Parameters: GAD=1 vflib=1 dir=1 label=1 lowerbound=1 fileNameGp=../graphsdb/mcs30/bvg/b09m/mcs30_b09m_s70.A06 fileNameGt=../graphsdb/mcs30/bvg/b09m/mcs30_b09m_s70.B06
Reading graphs...
70 : 315
70 : 315
Initializing...
maxdom : 10
D->valSize : 358
Solving...
Blb : 3 (clique : 19)
currentSize : 19 <-- 0.004735 s
currentSize : 20 <-- 1.557002 s
currentSize : 21 <-- 10.236599 s
currentSize : 22 <-- 11.203673 s
currentSize : 23 <-- 17.107407 s
currentSize : 24 <-- 38.586006 s

maxsize : 24
nodes : 24558772.000000
filtered : 352203746.000000
time : 129.668777
