Parameters: GAD=1 vflib=1 dir=1 label=1 lowerbound=1 fileNameGp=../graphsdb/mcs30/bvg/b06/mcs30_b06_s70.A41 fileNameGt=../graphsdb/mcs30/bvg/b06/mcs30_b06_s70.B41
Reading graphs...
70 : 210
70 : 210
Initializing...
maxdom : 9
D->valSize : 343
Solving...
Blb : 2 (clique : 22)
currentSize : 22 <-- 0.004589 s
currentSize : 23 <-- 0.004913 s
currentSize : 24 <-- 0.671610 s
currentSize : 25 <-- 33.054169 s
currentSize : 26 <-- 47.764488 s
currentSize : 27 <-- 321.746246 s
currentSize : 28 <-- 321.747803 s

maxsize : 28
nodes : 137189521.000000
filtered : 1691949648.000000
time : 741.402954
