Parameters: GAD=1 vflib=1 dir=1 label=1 lowerbound=1 fileNameGp=../graphsdb/mcs30/bvg/b03/mcs30_b03_s100.A92 fileNameGt=../graphsdb/mcs30/bvg/b03/mcs30_b03_s100.B92
Reading graphs...
100 : 150
100 : 150
Initializing...
maxdom : 7
D->valSize : 340
Solving...
Blb : 2 (clique : 35)
currentSize : 35 <-- 0.005776 s
currentSize : 36 <-- 0.006382 s
currentSize : 37 <-- 0.007675 s
currentSize : 38 <-- 0.281455 s
currentSize : 39 <-- 3.503001 s
currentSize : 40 <-- 3144.090332 s

TIMEOUT
maxsize : 40
nodes : 652363567.000000
filtered : 2495085181.000000
time : 3600.000000
