Parameters: GAD=1 vflib=1 dir=1 label=1 lowerbound=1 fileNameGp=../graphsdb/mcs30/m2D/m2Dr6/mcs30_m2Dr6_s100.A80 fileNameGt=../graphsdb/mcs30/m2D/m2Dr6/mcs30_m2Dr6_s100.B80
Reading graphs...
100 : 240
100 : 238
Initializing...
maxdom : 7
D->valSize : 347
Solving...
Blb : 2 (clique : 32)
currentSize : 32 <-- 0.005597 s
currentSize : 33 <-- 0.541799 s
currentSize : 34 <-- 1.861395 s
currentSize : 35 <-- 8.550151 s
currentSize : 36 <-- 276.825256 s
currentSize : 37 <-- 402.177643 s

TIMEOUT
maxsize : 37
nodes : 669768091.000000
filtered : 3808481496.000000
time : 3600.000000
