Parameters: GAD=1 vflib=1 dir=1 label=1 lowerbound=1 fileNameGp=../graphsdb/mcs30/bvg/b03m/mcs30_b03m_s35.A95 fileNameGt=../graphsdb/mcs30/bvg/b03m/mcs30_b03m_s35.B95
Reading graphs...
35 : 52
35 : 52
Initializing...
maxdom : 8
D->valSize : 172
Solving...
Blb : 2 (clique : 13)
currentSize : 13 <-- 0.001506 s
currentSize : 14 <-- 0.006780 s
currentSize : 15 <-- 0.011450 s
currentSize : 16 <-- 0.025977 s
currentSize : 17 <-- 0.211364 s

maxsize : 17
nodes : 183909.000000
filtered : 1334048.000000
time : 0.662933
