Parameters: GAD=1 vflib=1 dir=1 label=1 lowerbound=1 fileNameGp=../graphsdb/mcs30/m4D/m4Dr4/mcs30_m4Dr4_s80.A01 fileNameGt=../graphsdb/mcs30/m4D/m4Dr4/mcs30_m4Dr4_s80.B01
Reading graphs...
80 : 163
80 : 162
Initializing...
maxdom : 10
D->valSize : 397
Solving...
Blb : 2 (clique : 27)
currentSize : 27 <-- 0.006193 s
currentSize : 28 <-- 0.006545 s
currentSize : 30 <-- 0.010453 s
currentSize : 31 <-- 4.010549 s
currentSize : 32 <-- 266.953613 s
currentSize : 33 <-- 473.442322 s
currentSize : 34 <-- 2202.367188 s

TIMEOUT
maxsize : 34
nodes : 764924497.000000
filtered : 3802835070.000000
time : 3600.000000
