Parameters: GAD=1 vflib=1 dir=1 label=1 lowerbound=1 fileNameGp=../graphsdb/mcs30/m4D/m4D/mcs30_m4D_s60.A13 fileNameGt=../graphsdb/mcs30/m4D/m4D/mcs30_m4D_s60.B13
Reading graphs...
60 : 102
60 : 102
Initializing...
maxdom : 10
D->valSize : 268
Solving...
Blb : 2 (clique : 22)
currentSize : 22 <-- 0.002331 s
currentSize : 23 <-- 0.002650 s
currentSize : 24 <-- 0.003297 s
currentSize : 25 <-- 0.086504 s
currentSize : 26 <-- 1.249448 s
currentSize : 27 <-- 1.558873 s
currentSize : 28 <-- 6.743403 s

maxsize : 28
nodes : 42411148.000000
filtered : 387917530.000000
time : 205.240234
