Parameters: GAD=1 vflib=1 dir=1 label=1 lowerbound=1 fileNameGp=../graphsdb/mcs30/rand/r02/mcs30_r02_s80.A16 fileNameGt=../graphsdb/mcs30/rand/r02/mcs30_r02_s80.B16
Reading graphs...
80 : 1263
80 : 1263
Initializing...
maxdom : 9
D->valSize : 445
Solving...
Blb : 2 (clique : 8)
currentSize : 8 <-- 0.004040 s
currentSize : 9 <-- 0.004479 s
currentSize : 10 <-- 0.004905 s
currentSize : 12 <-- 0.026706 s
currentSize : 13 <-- 0.057685 s
currentSize : 15 <-- 0.127067 s
currentSize : 16 <-- 0.157961 s
currentSize : 19 <-- 0.253795 s
currentSize : 24 <-- 0.347945 s

maxsize : 24
nodes : 66565.000000
filtered : 1447209.000000
time : 0.410454
