Parameters: GAD=1 vflib=1 dir=1 label=1 lowerbound=1 fileNameGp=../graphsdb/mcs30/rand/r01/mcs30_r01_s100.A83 fileNameGt=../graphsdb/mcs30/rand/r01/mcs30_r01_s100.B83
Reading graphs...
100 : 989
100 : 989
Initializing...
maxdom : 7
D->valSize : 324
Solving...
Blb : 2 (clique : 15)
currentSize : 15 <-- 0.004852 s
currentSize : 16 <-- 0.031161 s
currentSize : 17 <-- 0.032785 s
currentSize : 18 <-- 0.329183 s
currentSize : 19 <-- 0.842787 s
currentSize : 20 <-- 1.220059 s
currentSize : 21 <-- 6.089673 s
currentSize : 22 <-- 9.425402 s
currentSize : 26 <-- 9.444436 s
currentSize : 30 <-- 9.513131 s

maxsize : 30
nodes : 2293651.000000
filtered : 24068319.000000
time : 14.006934
