Parameters: GAD=1 vflib=1 dir=1 label=1 lowerbound=1 fileNameGp=../graphsdb/mcs30/m3D/m3Dr6/mcs30_m3Dr6_s90.A31 fileNameGt=../graphsdb/mcs30/m3D/m3Dr6/mcs30_m3Dr6_s90.B31
Reading graphs...
90 : 263
90 : 260
Initializing...
maxdom : 11
D->valSize : 562
Solving...
Blb : 5 (clique : 26)
currentSize : 26 <-- 0.006542 s
currentSize : 27 <-- 0.007078 s
currentSize : 28 <-- 0.007183 s
currentSize : 29 <-- 0.525947 s
currentSize : 30 <-- 58.996113 s
currentSize : 31 <-- 1283.839722 s

TIMEOUT
maxsize : 31
nodes : 640418297.000000
filtered : 6064562401.000000
time : 3600.000000
