Parameters: GAD=1 vflib=1 dir=1 label=1 lowerbound=1 fileNameGp=../graphsdb/mcs30/m3D/m3D/mcs30_m3D_s100.A22 fileNameGt=../graphsdb/mcs30/m3D/m3D/mcs30_m3D_s100.B22
Reading graphs...
100 : 235
100 : 235
Initializing...
maxdom : 7
D->valSize : 354
Solving...
Blb : 2 (clique : 30)
currentSize : 30 <-- 0.003609 s
currentSize : 31 <-- 0.073853 s
currentSize : 32 <-- 0.089886 s
currentSize : 33 <-- 0.200333 s
currentSize : 34 <-- 33.647659 s
currentSize : 35 <-- 198.880142 s
currentSize : 36 <-- 479.744843 s
currentSize : 37 <-- 560.710999 s

TIMEOUT
maxsize : 37
nodes : 677026620.000000
filtered : 3613941162.000000
time : 3600.000000
