Parameters: GAD=1 vflib=1 dir=1 label=1 lowerbound=1 fileNameGp=../graphsdb/mcs30/bvg/b09/mcs30_b09_s50.A00 fileNameGt=../graphsdb/mcs30/bvg/b09/mcs30_b09_s50.B00
Reading graphs...
50 : 225
50 : 225
Initializing...
maxdom : 8
D->valSize : 314
Solving...
Blb : 2 (clique : 13)
currentSize : 13 <-- 0.002155 s
currentSize : 14 <-- 0.002246 s
currentSize : 15 <-- 0.002547 s
currentSize : 16 <-- 0.016433 s
currentSize : 17 <-- 0.088851 s
currentSize : 18 <-- 1.519955 s

maxsize : 18
nodes : 1358130.000000
filtered : 20965343.000000
time : 6.474126
