Parameters: GAD=1 vflib=1 dir=1 label=1 lowerbound=1 fileNameGp=../graphsdb/mcs30/m2D/m2Dr6/mcs30_m2Dr6_s70.A10 fileNameGt=../graphsdb/mcs30/m2D/m2Dr6/mcs30_m2Dr6_s70.B10
Reading graphs...
70 : 165
70 : 165
Initializing...
maxdom : 9
D->valSize : 332
Solving...
Blb : 2 (clique : 23)
currentSize : 23 <-- 0.003036 s
currentSize : 24 <-- 0.012799 s
currentSize : 25 <-- 1.934934 s
currentSize : 26 <-- 23.486383 s
currentSize : 27 <-- 79.615501 s
currentSize : 28 <-- 91.515465 s
currentSize : 29 <-- 94.721329 s

maxsize : 29
nodes : 517156584.000000
filtered : 5807688744.000000
time : 2702.939941
