Parameters: GAD=1 vflib=1 dir=1 label=1 lowerbound=1 fileNameGp=../graphsdb/mcs30/m4D/m4Dr4/mcs30_m4Dr4_s80.A29 fileNameGt=../graphsdb/mcs30/m4D/m4Dr4/mcs30_m4Dr4_s80.B29
Reading graphs...
80 : 163
80 : 161
Initializing...
maxdom : 9
D->valSize : 413
Solving...
Blb : 2 (clique : 29)
currentSize : 29 <-- 0.003971 s
currentSize : 30 <-- 0.007155 s
currentSize : 31 <-- 1.351565 s
currentSize : 32 <-- 59.949345 s
currentSize : 33 <-- 64.559433 s
currentSize : 34 <-- 130.326355 s

TIMEOUT
maxsize : 34
nodes : 728178616.000000
filtered : 5215463641.000000
time : 3600.000000
