Parameters: GAD=1 vflib=1 dir=1 label=1 lowerbound=1 fileNameGp=../graphsdb/mcs30/bvg/b09/mcs30_b09_s40.A01 fileNameGt=../graphsdb/mcs30/bvg/b09/mcs30_b09_s40.B01
Reading graphs...
40 : 180
40 : 180
Initializing...
maxdom : 7
D->valSize : 209
Solving...
Blb : 2 (clique : 10)
currentSize : 10 <-- 0.001764 s
currentSize : 11 <-- 0.002198 s
currentSize : 12 <-- 0.015726 s
currentSize : 13 <-- 0.097325 s
currentSize : 14 <-- 0.135349 s

maxsize : 14
nodes : 83307.000000
filtered : 1100363.000000
time : 0.350278
