Parameters: GAD=1 vflib=1 dir=1 label=1 lowerbound=1 fileNameGp=../graphsdb/mcs30/bvg/b06m/mcs30_b06m_s40.A49 fileNameGt=../graphsdb/mcs30/bvg/b06m/mcs30_b06m_s40.B49
Reading graphs...
40 : 120
40 : 120
Initializing...
maxdom : 8
D->valSize : 220
Solving...
Blb : 2 (clique : 11)
currentSize : 11 <-- 0.001403 s
currentSize : 12 <-- 0.001566 s
currentSize : 13 <-- 0.001675 s
currentSize : 14 <-- 0.001963 s
currentSize : 15 <-- 0.033853 s

maxsize : 15
nodes : 438394.000000
filtered : 5792492.000000
time : 1.773676
