Parameters: GAD=1 vflib=1 dir=1 label=1 lowerbound=1 fileNameGp=../graphsdb/mcs30/bvg/b09m/mcs30_b09m_s80.A97 fileNameGt=../graphsdb/mcs30/bvg/b09m/mcs30_b09m_s80.B97
Reading graphs...
80 : 360
80 : 360
Initializing...
maxdom : 8
D->valSize : 413
Solving...
Blb : 3 (clique : 20)
currentSize : 20 <-- 0.004068 s
currentSize : 21 <-- 0.004974 s
currentSize : 22 <-- 9.668593 s
currentSize : 23 <-- 120.635773 s
currentSize : 24 <-- 403.720398 s
currentSize : 25 <-- 1564.387207 s
currentSize : 26 <-- 2394.231445 s
currentSize : 27 <-- 2394.356201 s
currentSize : 28 <-- 2394.415771 s
currentSize : 29 <-- 2394.900391 s
currentSize : 30 <-- 2416.083008 s
currentSize : 31 <-- 2416.098145 s

maxsize : 31
nodes : 487307567.000000
filtered : 5629163707.000000
time : 2622.586182
