Parameters: GAD=1 vflib=1 dir=1 label=1 lowerbound=1 fileNameGp=../graphsdb/mcs30/m4D/m4Dr2/mcs30_m4Dr2_s60.A40 fileNameGt=../graphsdb/mcs30/m4D/m4Dr2/mcs30_m4Dr2_s60.B40
Reading graphs...
60 : 114
60 : 113
Initializing...
maxdom : 7
D->valSize : 246
Solving...
Blb : 2 (clique : 22)
currentSize : 22 <-- 0.001876 s
currentSize : 23 <-- 0.003665 s
currentSize : 24 <-- 0.036676 s
currentSize : 25 <-- 3.231416 s
currentSize : 26 <-- 3.870096 s
currentSize : 27 <-- 5.108812 s

maxsize : 27
nodes : 61373561.000000
filtered : 711249028.000000
time : 284.179565
