Parameters: GAD=1 vflib=1 dir=1 label=1 lowerbound=1 fileNameGp=../graphsdb/mcs30/m4D/m4Dr6/mcs30_m4Dr6_s70.A22 fileNameGt=../graphsdb/mcs30/m4D/m4Dr6/mcs30_m4Dr6_s70.B22
Reading graphs...
70 : 160
70 : 159
Initializing...
maxdom : 9
D->valSize : 322
Solving...
Blb : 2 (clique : 23)
currentSize : 23 <-- 0.004320 s
currentSize : 24 <-- 0.344631 s
currentSize : 25 <-- 0.348205 s
currentSize : 26 <-- 4.023022 s
currentSize : 27 <-- 4.453797 s
currentSize : 28 <-- 94.382515 s
currentSize : 29 <-- 134.976044 s
currentSize : 30 <-- 145.106400 s
currentSize : 31 <-- 251.370911 s

TIMEOUT
maxsize : 31
nodes : 694584019.000000
filtered : 6001051270.000000
time : 3600.000000
