Parameters: GAD=1 vflib=1 dir=1 label=1 lowerbound=1 fileNameGp=../graphsdb/mcs30/m3D/m3Dr6/mcs30_m3Dr6_s40.A46 fileNameGt=../graphsdb/mcs30/m3D/m3Dr6/mcs30_m3Dr6_s40.B46
Reading graphs...
40 : 108
40 : 106
Initializing...
maxdom : 9
D->valSize : 178
Solving...
Blb : 2 (clique : 11)
currentSize : 11 <-- 0.001481 s
currentSize : 12 <-- 0.003792 s
currentSize : 13 <-- 0.016112 s
currentSize : 14 <-- 0.016565 s
currentSize : 15 <-- 0.174016 s

maxsize : 15
nodes : 121199.000000
filtered : 1299168.000000
time : 0.558068
