Parameters: GAD=1 vflib=1 dir=1 label=1 lowerbound=1 fileNameGp=../graphsdb/mcs30/m4D/m4Dr4/mcs30_m4Dr4_s60.A93 fileNameGt=../graphsdb/mcs30/m4D/m4Dr4/mcs30_m4Dr4_s60.B93
Reading graphs...
60 : 126
60 : 126
Initializing...
maxdom : 8
D->valSize : 233
Solving...
Blb : 2 (clique : 20)
currentSize : 20 <-- 0.002757 s
currentSize : 21 <-- 6.876210 s
currentSize : 22 <-- 9.029394 s
currentSize : 23 <-- 9.052591 s
currentSize : 24 <-- 9.052826 s

maxsize : 24
nodes : 106455221.000000
filtered : 844739913.000000
time : 447.763153
