Parameters: GAD=1 vflib=1 dir=1 label=1 lowerbound=1 fileNameGp=../graphsdb/mcs30/m2D/m2Dr4/mcs30_m2Dr4_s80.A65 fileNameGt=../graphsdb/mcs30/m2D/m2Dr4/mcs30_m2Dr4_s80.B65
Reading graphs...
80 : 174
80 : 171
Initializing...
maxdom : 9
D->valSize : 419
Solving...
Blb : 2 (clique : 26)
currentSize : 26 <-- 0.006763 s
currentSize : 28 <-- 0.007054 s
currentSize : 29 <-- 0.007486 s
currentSize : 30 <-- 0.007775 s
currentSize : 31 <-- 0.161109 s
currentSize : 32 <-- 7.554509 s
currentSize : 33 <-- 405.447601 s

TIMEOUT
maxsize : 33
nodes : 725569335.000000
filtered : 5735830135.000000
time : 3600.000000
