Parameters: GAD=1 vflib=1 dir=1 label=1 lowerbound=1 fileNameGp=../graphsdb/mcs30/m2D/m2Dr6/mcs30_m2Dr6_s60.A34 fileNameGt=../graphsdb/mcs30/m2D/m2Dr6/mcs30_m2Dr6_s60.B34
Reading graphs...
60 : 140
60 : 140
Initializing...
maxdom : 8
D->valSize : 249
Solving...
Blb : 2 (clique : 19)
currentSize : 19 <-- 0.001754 s
currentSize : 20 <-- 0.005942 s
currentSize : 21 <-- 0.040105 s
currentSize : 22 <-- 0.065778 s
currentSize : 23 <-- 0.149421 s
currentSize : 24 <-- 0.162511 s
currentSize : 25 <-- 0.475500 s

maxsize : 25
nodes : 7519605.000000
filtered : 77476890.000000
time : 35.946987
