Parameters: GAD=1 vflib=1 dir=1 label=1 lowerbound=1 fileNameGp=../graphsdb/mcs30/m4D/m4Dr2/mcs30_m4Dr2_s60.A75 fileNameGt=../graphsdb/mcs30/m4D/m4Dr2/mcs30_m4Dr2_s60.B75
Reading graphs...
60 : 114
60 : 114
Initializing...
maxdom : 8
D->valSize : 241
Solving...
Blb : 3 (clique : 20)
currentSize : 20 <-- 0.001901 s
currentSize : 21 <-- 0.003986 s
currentSize : 22 <-- 7.048957 s
currentSize : 23 <-- 33.249435 s
currentSize : 24 <-- 145.811050 s
currentSize : 25 <-- 354.698425 s
currentSize : 26 <-- 522.878967 s

maxsize : 26
nodes : 140929706.000000
filtered : 1240192146.000000
time : 652.547729
