Parameters: GAD=1 vflib=1 dir=1 label=1 lowerbound=1 fileNameGp=../graphsdb/mcs30/m4D/m4Dr4/mcs30_m4Dr4_s60.A56 fileNameGt=../graphsdb/mcs30/m4D/m4Dr4/mcs30_m4Dr4_s60.B56
Reading graphs...
60 : 126
60 : 124
Initializing...
maxdom : 7
D->valSize : 234
Solving...
Blb : 2 (clique : 20)
currentSize : 20 <-- 0.002645 s
currentSize : 21 <-- 0.002915 s
currentSize : 22 <-- 0.379506 s
currentSize : 23 <-- 8.493130 s
currentSize : 24 <-- 22.256077 s
currentSize : 25 <-- 112.178246 s

maxsize : 25
nodes : 81400323.000000
filtered : 638765333.000000
time : 346.834930
