Parameters: GAD=1 vflib=1 dir=1 label=1 lowerbound=1 fileNameGp=../graphsdb/mcs30/rand/r005/mcs30_r005_s50.A21 fileNameGt=../graphsdb/mcs30/rand/r005/mcs30_r005_s50.B21
Reading graphs...
50 : 126
50 : 126
Initializing...
maxdom : 9
D->valSize : 327
Solving...
Blb : 5 (clique : 16)
currentSize : 16 <-- 0.003804 s
currentSize : 17 <-- 0.166118 s
currentSize : 18 <-- 1.456534 s
currentSize : 19 <-- 2.364240 s
currentSize : 20 <-- 27.477867 s
currentSize : 21 <-- 447.472809 s

maxsize : 21
nodes : 241352916.000000
filtered : 3074666240.000000
time : 1008.316406
