Parameters: GAD=1 vflib=1 dir=1 label=1 lowerbound=1 fileNameGp=../graphsdb/mcs30/m2D/m2Dr2/mcs30_m2Dr2_s90.A29 fileNameGt=../graphsdb/mcs30/m2D/m2Dr2/mcs30_m2Dr2_s90.B29
Reading graphs...
90 : 179
90 : 178
Initializing...
maxdom : 8
D->valSize : 492
Solving...
Blb : 2 (clique : 35)
currentSize : 35 <-- 0.005607 s
currentSize : 36 <-- 0.006964 s
currentSize : 37 <-- 0.015710 s
currentSize : 38 <-- 0.386661 s
currentSize : 39 <-- 440.428345 s
currentSize : 40 <-- 2131.925293 s

TIMEOUT
maxsize : 40
nodes : 694992217.000000
filtered : 4467548804.000000
time : 3600.000000
