Parameters: GAD=1 vflib=1 dir=1 label=1 lowerbound=1 fileNameGp=../graphsdb/mcs30/bvg/b09/mcs30_b09_s100.A91 fileNameGt=../graphsdb/mcs30/bvg/b09/mcs30_b09_s100.B91
Reading graphs...
100 : 450
100 : 450
Initializing...
maxdom : 7
D->valSize : 359
Solving...
Blb : 3 (clique : 28)
currentSize : 28 <-- 0.003674 s
currentSize : 29 <-- 0.434124 s
currentSize : 30 <-- 11.514073 s
currentSize : 31 <-- 11.519466 s
currentSize : 32 <-- 29.481968 s
currentSize : 33 <-- 45.117428 s
currentSize : 34 <-- 225.563217 s
currentSize : 35 <-- 3083.895996 s
currentSize : 36 <-- 3083.996094 s

TIMEOUT
maxsize : 36
nodes : 671450638.000000
filtered : 3586405937.000000
time : 3600.000000
