Parameters: GAD=1 vflib=1 dir=1 label=1 lowerbound=1 fileNameGp=../graphsdb/mcs30/m2D/m2Dr6/mcs30_m2Dr6_s60.A05 fileNameGt=../graphsdb/mcs30/m2D/m2Dr6/mcs30_m2Dr6_s60.B05
Reading graphs...
60 : 140
60 : 139
Initializing...
maxdom : 8
D->valSize : 228
Solving...
Blb : 2 (clique : 19)
currentSize : 19 <-- 0.001830 s
currentSize : 20 <-- 0.002242 s
currentSize : 21 <-- 1.138396 s
currentSize : 22 <-- 3.315299 s
currentSize : 23 <-- 32.428062 s
currentSize : 24 <-- 129.769836 s
currentSize : 25 <-- 214.270203 s

maxsize : 25
nodes : 56197524.000000
filtered : 429695955.000000
time : 240.437439
