Parameters: GAD=1 vflib=1 dir=1 label=1 lowerbound=1 fileNameGp=../graphsdb/mcs30/rand/r005/mcs30_r005_s100.A30 fileNameGt=../graphsdb/mcs30/rand/r005/mcs30_r005_s100.B30
Reading graphs...
100 : 494
100 : 494
Initializing...
maxdom : 9
D->valSize : 342
Solving...
Blb : 2 (clique : 17)
currentSize : 17 <-- 0.003727 s
currentSize : 18 <-- 0.003901 s
currentSize : 19 <-- 0.005477 s
currentSize : 20 <-- 0.008881 s
currentSize : 21 <-- 0.056427 s
currentSize : 22 <-- 0.063227 s
currentSize : 23 <-- 0.479937 s
currentSize : 24 <-- 1.818759 s
currentSize : 25 <-- 4.287387 s
currentSize : 26 <-- 4.396853 s
currentSize : 27 <-- 22.300043 s
currentSize : 28 <-- 22.300360 s
currentSize : 29 <-- 670.002502 s
currentSize : 30 <-- 745.074951 s
currentSize : 31 <-- 2080.736328 s

maxsize : 31
nodes : 563277007.000000
filtered : 5019769203.000000
time : 3405.135254
