Parameters: GAD=1 vflib=1 dir=1 label=1 lowerbound=1 fileNameGp=../graphsdb/mcs30/rand/r02/mcs30_r02_s100.A68 fileNameGt=../graphsdb/mcs30/rand/r02/mcs30_r02_s100.B68
Reading graphs...
100 : 1979
100 : 1979
Initializing...
maxdom : 7
D->valSize : 331
Solving...
Blb : 2 (clique : 7)
currentSize : 7 <-- 0.003166 s
currentSize : 8 <-- 0.003264 s
currentSize : 9 <-- 0.003384 s
currentSize : 10 <-- 0.003485 s
currentSize : 11 <-- 0.003602 s
currentSize : 14 <-- 0.004147 s
currentSize : 15 <-- 0.004274 s
currentSize : 19 <-- 0.008068 s
currentSize : 30 <-- 0.008196 s

maxsize : 30
nodes : 14014.000000
filtered : 275071.000000
time : 0.102339
