Parameters: GAD=1 vflib=1 dir=1 label=1 lowerbound=1 fileNameGp=../graphsdb/mcs30/bvg/b06m/mcs30_b06m_s40.A41 fileNameGt=../graphsdb/mcs30/bvg/b06m/mcs30_b06m_s40.B41
Reading graphs...
40 : 120
40 : 120
Initializing...
maxdom : 8
D->valSize : 224
Solving...
Blb : 5 (clique : 12)
currentSize : 12 <-- 0.001321 s
currentSize : 13 <-- 0.004945 s
currentSize : 14 <-- 0.005036 s
currentSize : 15 <-- 0.172485 s
currentSize : 16 <-- 0.172549 s
currentSize : 17 <-- 0.173013 s

maxsize : 17
nodes : 96782.000000
filtered : 1375808.000000
time : 0.485619
