Parameters: GAD=1 vflib=1 dir=1 label=1 lowerbound=1 fileNameGp=../graphsdb/mcs30/m2D/m2D/mcs30_m2D_s60.A80 fileNameGt=../graphsdb/mcs30/m2D/m2D/mcs30_m2D_s60.B80
Reading graphs...
60 : 104
60 : 104
Initializing...
maxdom : 10
D->valSize : 251
Solving...
Blb : 2 (clique : 20)
currentSize : 20 <-- 0.001809 s
currentSize : 21 <-- 0.001934 s
currentSize : 22 <-- 0.001963 s
currentSize : 23 <-- 0.003142 s
currentSize : 24 <-- 0.006745 s
currentSize : 25 <-- 0.008346 s
currentSize : 26 <-- 0.501373 s
currentSize : 27 <-- 70.148590 s
currentSize : 28 <-- 79.773361 s

maxsize : 28
nodes : 37360775.000000
filtered : 295086825.000000
time : 172.126465
