Parameters: GAD=1 vflib=1 dir=1 label=1 lowerbound=1 fileNameGp=../graphsdb/mcs30/rand/r005/mcs30_r005_s70.A49 fileNameGt=../graphsdb/mcs30/rand/r005/mcs30_r005_s70.B49
Reading graphs...
70 : 240
70 : 240
Initializing...
maxdom : 9
D->valSize : 333
Solving...
Blb : 2 (clique : 19)
currentSize : 19 <-- 0.002888 s
currentSize : 20 <-- 0.003062 s
currentSize : 21 <-- 0.004182 s
currentSize : 22 <-- 0.004932 s
currentSize : 23 <-- 0.007073 s
currentSize : 24 <-- 1.910135 s
currentSize : 25 <-- 196.291321 s

TIMEOUT
maxsize : 25
nodes : 716086675.000000
filtered : 6826482278.000000
time : 3600.000000
