Parameters: GAD=1 vflib=1 dir=1 label=1 lowerbound=1 fileNameGp=../graphsdb/mcs30/rand/r001/mcs30_r001_s100.A24 fileNameGt=../graphsdb/mcs30/rand/r001/mcs30_r001_s100.B24
Reading graphs...
100 : 120
100 : 120
Initializing...
maxdom : 7
D->valSize : 328
Solving...
Blb : 2 (clique : 38)
currentSize : 38 <-- 0.003362 s
currentSize : 39 <-- 0.003751 s
currentSize : 40 <-- 0.050913 s
currentSize : 41 <-- 3.733537 s
currentSize : 42 <-- 6.414312 s
currentSize : 43 <-- 13.874254 s
currentSize : 44 <-- 17.910837 s
currentSize : 45 <-- 120.524780 s

TIMEOUT
maxsize : 45
nodes : 825018827.000000
filtered : 3039463001.000000
time : 3600.000000
