Parameters: GAD=1 vflib=1 dir=1 label=1 lowerbound=1 fileNameGp=../graphsdb/mcs30/m2D/m2Dr4/mcs30_m2Dr4_s50.A91 fileNameGt=../graphsdb/mcs30/m2D/m2Dr4/mcs30_m2Dr4_s50.B91
Reading graphs...
50 : 105
50 : 104
Initializing...
maxdom : 13
D->valSize : 362
Solving...
Blb : 2 (clique : 18)
currentSize : 18 <-- 0.002993 s
currentSize : 19 <-- 0.010258 s
currentSize : 20 <-- 1.734700 s
currentSize : 21 <-- 6.092985 s
currentSize : 22 <-- 7.946492 s
currentSize : 23 <-- 15.006818 s

maxsize : 23
nodes : 60996033.000000
filtered : 1065867967.000000
time : 318.254303
