Parameters: GAD=1 vflib=1 dir=1 label=1 lowerbound=1 fileNameGp=../graphsdb/mcs30/rand/r005/mcs30_r005_s50.A23 fileNameGt=../graphsdb/mcs30/rand/r005/mcs30_r005_s50.B23
Reading graphs...
50 : 126
50 : 126
Initializing...
maxdom : 10
D->valSize : 334
Solving...
Blb : 2 (clique : 17)
currentSize : 17 <-- 0.003887 s
currentSize : 18 <-- 0.004472 s
currentSize : 19 <-- 0.005416 s
currentSize : 20 <-- 0.005479 s
currentSize : 21 <-- 0.952373 s

maxsize : 21
nodes : 26267159.000000
filtered : 372460522.000000
time : 125.634514
