Parameters: GAD=1 vflib=1 dir=1 label=1 lowerbound=1 fileNameGp=../graphsdb/mcs30/m2D/m2Dr6/mcs30_m2Dr6_s50.A94 fileNameGt=../graphsdb/mcs30/m2D/m2Dr6/mcs30_m2Dr6_s50.B94
Reading graphs...
50 : 115
50 : 115
Initializing...
maxdom : 10
D->valSize : 316
Solving...
Blb : 2 (clique : 16)
currentSize : 16 <-- 0.002602 s
currentSize : 17 <-- 0.003929 s
currentSize : 18 <-- 0.557200 s
currentSize : 19 <-- 10.603237 s
currentSize : 20 <-- 26.572540 s
currentSize : 21 <-- 252.307373 s

maxsize : 21
nodes : 185712571.000000
filtered : 2126422458.000000
time : 780.810059
