Parameters: GAD=1 vflib=1 dir=1 label=1 lowerbound=1 fileNameGp=../graphsdb/mcs30/m3D/m3Dr6/mcs30_m3Dr6_s90.A66 fileNameGt=../graphsdb/mcs30/m3D/m3Dr6/mcs30_m3Dr6_s90.B66
Reading graphs...
90 : 263
90 : 262
Initializing...
maxdom : 11
D->valSize : 522
Solving...
Blb : 2 (clique : 25)
currentSize : 25 <-- 0.005961 s
currentSize : 26 <-- 0.006185 s
currentSize : 27 <-- 0.006730 s
currentSize : 28 <-- 0.007329 s
currentSize : 29 <-- 0.007710 s
currentSize : 30 <-- 0.009023 s
currentSize : 31 <-- 0.841064 s

TIMEOUT
maxsize : 31
nodes : 636840712.000000
filtered : 5682359974.000000
time : 3600.000000
