Parameters: GAD=1 vflib=1 dir=1 label=1 lowerbound=1 fileNameGp=../graphsdb/mcs30/bvg/b06m/mcs30_b06m_s100.A77 fileNameGt=../graphsdb/mcs30/bvg/b06m/mcs30_b06m_s100.B77
Reading graphs...
100 : 300
100 : 300
Initializing...
maxdom : 7
D->valSize : 346
Solving...
Blb : 3 (clique : 26)
currentSize : 26 <-- 0.003531 s
currentSize : 27 <-- 0.003873 s
currentSize : 28 <-- 0.004117 s
currentSize : 29 <-- 0.004994 s
currentSize : 31 <-- 0.005824 s
currentSize : 32 <-- 6.310766 s
currentSize : 33 <-- 23.615992 s
currentSize : 34 <-- 88.222122 s
currentSize : 35 <-- 416.860809 s
currentSize : 36 <-- 416.883484 s

TIMEOUT
maxsize : 36
nodes : 668401690.000000
filtered : 3708093961.000000
time : 3600.000000
