Parameters: GAD=1 vflib=1 dir=1 label=1 lowerbound=1 fileNameGp=../graphsdb/mcs30/bvg/b03m/mcs30_b03m_s80.A27 fileNameGt=../graphsdb/mcs30/bvg/b03m/mcs30_b03m_s80.B27
Reading graphs...
80 : 120
80 : 120
Initializing...
maxdom : 9
D->valSize : 419
Solving...
Blb : 2 (clique : 31)
currentSize : 31 <-- 0.004212 s
currentSize : 32 <-- 0.004513 s
currentSize : 33 <-- 0.008912 s
currentSize : 34 <-- 0.012550 s
currentSize : 35 <-- 0.059029 s
currentSize : 36 <-- 5.122867 s

TIMEOUT
maxsize : 36
nodes : 698052710.000000
filtered : 5299036374.000000
time : 3600.000000
