Parameters: GAD=1 vflib=1 dir=1 label=1 lowerbound=1 fileNameGp=../graphsdb/mcs30/m2D/m2D/mcs30_m2D_s50.A00 fileNameGt=../graphsdb/mcs30/m2D/m2D/mcs30_m2D_s50.B00
Reading graphs...
50 : 85
50 : 85
Initializing...
maxdom : 12
D->valSize : 341
Solving...
Blb : 3 (clique : 19)
currentSize : 19 <-- 0.002496 s
currentSize : 20 <-- 0.002742 s
currentSize : 21 <-- 0.002891 s
currentSize : 22 <-- 0.010298 s
currentSize : 23 <-- 47.829559 s
currentSize : 24 <-- 99.205177 s
currentSize : 25 <-- 180.234085 s

maxsize : 25
nodes : 77955817.000000
filtered : 1037202650.000000
time : 397.787720
