Parameters: GAD=1 vflib=1 dir=1 label=1 lowerbound=1 fileNameGp=../graphsdb/mcs30/m2D/m2Dr6/mcs30_m2Dr6_s90.A07 fileNameGt=../graphsdb/mcs30/m2D/m2Dr6/mcs30_m2Dr6_s90.B07
Reading graphs...
90 : 215
90 : 214
Initializing...
maxdom : 11
D->valSize : 547
Solving...
Blb : 2 (clique : 26)
currentSize : 26 <-- 0.006839 s
currentSize : 27 <-- 0.008225 s
currentSize : 28 <-- 0.651291 s
currentSize : 29 <-- 0.810176 s
currentSize : 30 <-- 63.247681 s
currentSize : 31 <-- 332.986725 s

TIMEOUT
maxsize : 31
nodes : 564537895.000000
filtered : 4677534985.000000
time : 3600.000000
