Parameters: GAD=1 vflib=1 dir=1 label=1 lowerbound=1 fileNameGp=../graphsdb/mcs30/bvg/b03/mcs30_b03_s60.A15 fileNameGt=../graphsdb/mcs30/bvg/b03/mcs30_b03_s60.B15
Reading graphs...
60 : 90
60 : 90
Initializing...
maxdom : 8
D->valSize : 239
Solving...
Blb : 5 (clique : 24)
currentSize : 24 <-- 0.001995 s
currentSize : 25 <-- 0.002300 s
currentSize : 26 <-- 0.005269 s
currentSize : 27 <-- 0.050868 s
currentSize : 28 <-- 6.034670 s
currentSize : 29 <-- 9.608948 s
currentSize : 30 <-- 31.749105 s

maxsize : 30
nodes : 19230143.000000
filtered : 136706562.000000
time : 83.466003
