Parameters: GAD=1 vflib=1 dir=1 label=1 lowerbound=1 fileNameGp=../graphsdb/mcs30/rand/r01/mcs30_r01_s50.A21 fileNameGt=../graphsdb/mcs30/rand/r01/mcs30_r01_s50.B21
Reading graphs...
50 : 244
50 : 244
Initializing...
maxdom : 11
D->valSize : 310
Solving...
Blb : 2 (clique : 11)
currentSize : 11 <-- 0.003203 s
currentSize : 12 <-- 0.004659 s
currentSize : 13 <-- 0.006800 s
currentSize : 14 <-- 0.115415 s
currentSize : 15 <-- 0.221344 s
currentSize : 16 <-- 1.176503 s
currentSize : 17 <-- 1.187664 s

maxsize : 17
nodes : 661629.000000
filtered : 10005733.000000
time : 3.161949
