Parameters: GAD=1 vflib=1 dir=1 label=1 lowerbound=1 fileNameGp=../graphsdb/mcs30/m3D/m3D/mcs30_m3D_s100.A18 fileNameGt=../graphsdb/mcs30/m3D/m3D/mcs30_m3D_s100.B18
Reading graphs...
100 : 235
100 : 235
Initializing...
maxdom : 5
D->valSize : 354
Solving...
Blb : 2 (clique : 34)
currentSize : 34 <-- 0.003878 s
currentSize : 35 <-- 0.004771 s
currentSize : 36 <-- 0.015017 s
currentSize : 37 <-- 0.015586 s
currentSize : 38 <-- 0.042766 s
currentSize : 39 <-- 2.189811 s

TIMEOUT
maxsize : 39
nodes : 668936254.000000
filtered : 3435425202.000000
time : 3600.000000
