Parameters: GAD=1 vflib=1 dir=1 label=1 lowerbound=1 fileNameGp=../graphsdb/mcs30/bvg/b06/mcs30_b06_s50.A33 fileNameGt=../graphsdb/mcs30/bvg/b06/mcs30_b06_s50.B33
Reading graphs...
50 : 150
50 : 150
Initializing...
maxdom : 9
D->valSize : 334
Solving...
Blb : 3 (clique : 13)
currentSize : 13 <-- 0.002420 s
currentSize : 14 <-- 0.002522 s
currentSize : 15 <-- 0.002931 s
currentSize : 16 <-- 0.003569 s
currentSize : 17 <-- 0.053415 s
currentSize : 18 <-- 0.096028 s
currentSize : 19 <-- 13.645427 s
currentSize : 20 <-- 44.181004 s

maxsize : 20
nodes : 35437945.000000
filtered : 538127267.000000
time : 158.359879
