Parameters: GAD=1 vflib=1 dir=1 label=1 lowerbound=1 fileNameGp=../graphsdb/mcs30/m4D/m4Dr6/mcs30_m4Dr6_s60.A22 fileNameGt=../graphsdb/mcs30/m4D/m4Dr6/mcs30_m4Dr6_s60.B22
Reading graphs...
60 : 138
60 : 137
Initializing...
maxdom : 7
D->valSize : 230
Solving...
Blb : 2 (clique : 21)
currentSize : 21 <-- 0.002701 s
currentSize : 22 <-- 18.248137 s
currentSize : 23 <-- 18.249237 s
currentSize : 24 <-- 21.049936 s
currentSize : 25 <-- 32.937275 s
currentSize : 26 <-- 51.273228 s

maxsize : 26
nodes : 13934917.000000
filtered : 90310022.000000
time : 57.105560
