Parameters: GAD=1 vflib=1 dir=1 label=1 lowerbound=1 fileNameGp=../graphsdb/mcs30/m2D/m2D/mcs30_m2D_s90.A95 fileNameGt=../graphsdb/mcs30/m2D/m2D/mcs30_m2D_s90.B95
Reading graphs...
90 : 161
90 : 161
Initializing...
maxdom : 10
D->valSize : 533
Solving...
Blb : 2 (clique : 30)
currentSize : 30 <-- 0.006308 s
currentSize : 31 <-- 0.006601 s
currentSize : 32 <-- 33.668941 s
currentSize : 33 <-- 36.946823 s
currentSize : 34 <-- 306.409576 s
currentSize : 35 <-- 2798.233887 s

TIMEOUT
maxsize : 35
nodes : 694466568.000000
filtered : 4074118479.000000
time : 3600.000000
