Parameters: GAD=1 vflib=1 dir=1 label=1 lowerbound=1 fileNameGp=../graphsdb/mcs30/m4D/m4Dr4/mcs30_m4Dr4_s60.A99 fileNameGt=../graphsdb/mcs30/m4D/m4Dr4/mcs30_m4Dr4_s60.B99
Reading graphs...
60 : 126
60 : 126
Initializing...
maxdom : 11
D->valSize : 246
Solving...
Blb : 2 (clique : 19)
currentSize : 19 <-- 0.002869 s
currentSize : 20 <-- 0.003075 s
currentSize : 21 <-- 0.029375 s
currentSize : 22 <-- 0.042511 s
currentSize : 23 <-- 0.042599 s
currentSize : 24 <-- 0.043769 s
currentSize : 25 <-- 0.370792 s
currentSize : 26 <-- 1.766242 s

maxsize : 26
nodes : 10503283.000000
filtered : 77300366.000000
time : 44.075001
