Parameters: GAD=1 vflib=1 dir=1 label=1 lowerbound=1 fileNameGp=../graphsdb/mcs30/bvg/b09/mcs30_b09_s50.A21 fileNameGt=../graphsdb/mcs30/bvg/b09/mcs30_b09_s50.B21
Reading graphs...
50 : 225
50 : 225
Initializing...
maxdom : 11
D->valSize : 307
Solving...
Blb : 2 (clique : 13)
currentSize : 13 <-- 0.002270 s
currentSize : 14 <-- 0.214569 s
currentSize : 15 <-- 0.555797 s
currentSize : 16 <-- 0.556033 s
currentSize : 17 <-- 0.870319 s

maxsize : 17
nodes : 671678.000000
filtered : 11126289.000000
time : 3.157381
