Parameters: GAD=1 vflib=1 dir=1 label=1 lowerbound=1 fileNameGp=../graphsdb/mcs30/bvg/b09m/mcs30_b09m_s40.A20 fileNameGt=../graphsdb/mcs30/bvg/b09m/mcs30_b09m_s40.B20
Reading graphs...
40 : 180
40 : 180
Initializing...
maxdom : 11
D->valSize : 222
Solving...
Blb : 2 (clique : 8)
currentSize : 8 <-- 0.001319 s
currentSize : 9 <-- 0.001414 s
currentSize : 10 <-- 0.006937 s
currentSize : 14 <-- 0.027416 s
currentSize : 15 <-- 0.048251 s

maxsize : 15
nodes : 22435.000000
filtered : 311596.000000
time : 0.092464
