Parameters: GAD=1 vflib=1 dir=1 label=1 lowerbound=1 fileNameGp=../graphsdb/mcs30/m3D/m3Dr4/mcs30_m3Dr4_s70.A29 fileNameGt=../graphsdb/mcs30/m3D/m3Dr4/mcs30_m3Dr4_s70.B29
Reading graphs...
70 : 187
70 : 187
Initializing...
maxdom : 7
D->valSize : 320
Solving...
Blb : 2 (clique : 26)
currentSize : 26 <-- 0.002591 s
currentSize : 27 <-- 0.003229 s
currentSize : 28 <-- 0.005637 s
currentSize : 29 <-- 0.005958 s
currentSize : 30 <-- 0.026913 s

maxsize : 30
nodes : 311471504.000000
filtered : 2903577912.000000
time : 1608.468140
