Parameters: GAD=1 vflib=1 dir=1 label=1 lowerbound=1 fileNameGp=../graphsdb/mcs30/rand/r005/mcs30_r005_s100.A07 fileNameGt=../graphsdb/mcs30/rand/r005/mcs30_r005_s100.B07
Reading graphs...
100 : 494
100 : 494
Initializing...
maxdom : 9
D->valSize : 342
Solving...
Blb : 3 (clique : 18)
currentSize : 18 <-- 0.005384 s
currentSize : 19 <-- 0.109168 s
currentSize : 20 <-- 0.431039 s
currentSize : 21 <-- 0.690074 s
currentSize : 22 <-- 0.989814 s
currentSize : 23 <-- 11.415424 s
currentSize : 24 <-- 20.633451 s
currentSize : 25 <-- 23.306507 s
currentSize : 26 <-- 135.793091 s
currentSize : 27 <-- 191.567078 s
currentSize : 28 <-- 251.623917 s
currentSize : 29 <-- 535.277161 s
currentSize : 30 <-- 1276.974487 s
currentSize : 31 <-- 1277.083862 s

maxsize : 31
nodes : 364018273.000000
filtered : 3269184489.000000
time : 2204.143066
