Parameters: GAD=1 vflib=1 dir=1 label=1 lowerbound=1 fileNameGp=../graphsdb/mcs30/bvg/b03/mcs30_b03_s40.A16 fileNameGt=../graphsdb/mcs30/bvg/b03/mcs30_b03_s40.B16
Reading graphs...
40 : 60
40 : 60
Initializing...
maxdom : 8
D->valSize : 204
Solving...
Blb : 2 (clique : 15)
currentSize : 15 <-- 0.001863 s
currentSize : 16 <-- 0.002019 s
currentSize : 17 <-- 0.002204 s
currentSize : 18 <-- 0.015694 s
currentSize : 19 <-- 0.032533 s
currentSize : 20 <-- 8.059645 s

maxsize : 20
nodes : 3523025.000000
filtered : 29790453.000000
time : 13.294746
