Parameters: GAD=1 vflib=1 dir=1 label=1 lowerbound=1 fileNameGp=../graphsdb/mcs30/m3D/m3D/mcs30_m3D_s100.A98 fileNameGt=../graphsdb/mcs30/m3D/m3D/mcs30_m3D_s100.B98
Reading graphs...
100 : 235
100 : 235
Initializing...
maxdom : 6
D->valSize : 322
Solving...
Blb : 2 (clique : 27)
currentSize : 27 <-- 0.005126 s
currentSize : 28 <-- 0.005706 s
currentSize : 29 <-- 0.006338 s
currentSize : 30 <-- 0.049608 s
currentSize : 31 <-- 0.809375 s
currentSize : 32 <-- 29.458241 s
currentSize : 33 <-- 211.269363 s
currentSize : 34 <-- 216.880325 s
currentSize : 35 <-- 994.397339 s

TIMEOUT
maxsize : 35
nodes : 699854034.000000
filtered : 2983810579.000000
time : 3600.000000
