Parameters: GAD=1 vflib=1 dir=1 label=1 lowerbound=1 fileNameGp=../graphsdb/mcs30/m3D/m3Dr4/mcs30_m3Dr4_s40.A63 fileNameGt=../graphsdb/mcs30/m3D/m3Dr4/mcs30_m3Dr4_s40.B63
Reading graphs...
40 : 100
40 : 99
Initializing...
maxdom : 7
D->valSize : 216
Solving...
Blb : 2 (clique : 12)
currentSize : 12 <-- 0.001196 s
currentSize : 13 <-- 0.001750 s
currentSize : 14 <-- 0.002123 s
currentSize : 15 <-- 0.422488 s
currentSize : 16 <-- 1.742972 s

maxsize : 16
nodes : 1145658.000000
filtered : 11468574.000000
time : 4.300665
