Parameters: GAD=1 vflib=1 dir=1 label=1 lowerbound=1 fileNameGp=../graphsdb/mcs30/bvg/b09/mcs30_b09_s60.A57 fileNameGt=../graphsdb/mcs30/bvg/b09/mcs30_b09_s60.B57
Reading graphs...
60 : 270
60 : 270
Initializing...
maxdom : 7
D->valSize : 241
Solving...
Blb : 5 (clique : 16)
currentSize : 16 <-- 0.001871 s
currentSize : 17 <-- 0.779579 s
currentSize : 18 <-- 0.779621 s
currentSize : 19 <-- 0.779811 s
currentSize : 20 <-- 0.785534 s

maxsize : 20
nodes : 1420779.000000
filtered : 10536007.000000
time : 5.969567
