Parameters: GAD=1 vflib=1 dir=1 label=1 lowerbound=1 fileNameGp=../graphsdb/mcs30/m2D/m2Dr6/mcs30_m2Dr6_s90.A37 fileNameGt=../graphsdb/mcs30/m2D/m2Dr6/mcs30_m2Dr6_s90.B37
Reading graphs...
90 : 215
90 : 215
Initializing...
maxdom : 10
D->valSize : 556
Solving...
Blb : 2 (clique : 32)
currentSize : 32 <-- 0.011088 s
currentSize : 34 <-- 0.011812 s
currentSize : 35 <-- 0.012362 s
currentSize : 36 <-- 0.044861 s
currentSize : 37 <-- 5.598655 s
currentSize : 38 <-- 5.623107 s
currentSize : 39 <-- 90.370743 s

TIMEOUT
maxsize : 39
nodes : 637432098.000000
filtered : 6234088462.000000
time : 3600.000000
