Parameters: GAD=1 vflib=1 dir=1 label=1 lowerbound=1 fileNameGp=../graphsdb/mcs30/m4D/m4Dr2/mcs30_m4Dr2_s50.A33 fileNameGt=../graphsdb/mcs30/m4D/m4Dr2/mcs30_m4Dr2_s50.B33
Reading graphs...
50 : 97
50 : 96
Initializing...
maxdom : 10
D->valSize : 348
Solving...
Blb : 2 (clique : 21)
currentSize : 21 <-- 0.002640 s
currentSize : 22 <-- 15.673465 s
currentSize : 23 <-- 159.902283 s
currentSize : 24 <-- 191.874832 s
currentSize : 25 <-- 576.452820 s

maxsize : 25
nodes : 604214061.000000
filtered : 7731803704.000000
time : 2747.729980
