Parameters: GAD=1 vflib=1 dir=1 label=1 lowerbound=1 fileNameGp=../graphsdb/mcs30/m2D/m2Dr2/mcs30_m2Dr2_s90.A11 fileNameGt=../graphsdb/mcs30/m2D/m2Dr2/mcs30_m2Dr2_s90.B11
Reading graphs...
90 : 179
90 : 178
Initializing...
maxdom : 12
D->valSize : 540
Solving...
Blb : 2 (clique : 31)
currentSize : 31 <-- 0.006385 s
currentSize : 32 <-- 0.006815 s
currentSize : 33 <-- 0.007092 s
currentSize : 34 <-- 0.008874 s
currentSize : 35 <-- 1.022708 s
currentSize : 36 <-- 208.275436 s

TIMEOUT
maxsize : 36
nodes : 597466900.000000
filtered : 5876818303.000000
time : 3600.000000
