Parameters: GAD=1 vflib=1 dir=1 label=1 lowerbound=1 fileNameGp=../graphsdb/mcs30/bvg/b06m/mcs30_b06m_s50.A01 fileNameGt=../graphsdb/mcs30/bvg/b06m/mcs30_b06m_s50.B01
Reading graphs...
50 : 150
50 : 150
Initializing...
maxdom : 10
D->valSize : 330
Solving...
Blb : 2 (clique : 16)
currentSize : 16 <-- 0.002442 s
currentSize : 17 <-- 0.050945 s
currentSize : 18 <-- 1.111665 s
currentSize : 19 <-- 43.287029 s
currentSize : 20 <-- 46.347996 s
currentSize : 21 <-- 51.079647 s
currentSize : 22 <-- 52.634033 s

maxsize : 22
nodes : 16091567.000000
filtered : 235110760.000000
time : 73.577568
