Parameters: GAD=1 vflib=1 dir=1 label=1 lowerbound=1 fileNameGp=../graphsdb/mcs30/m2D/m2Dr2/mcs30_m2Dr2_s90.A92 fileNameGt=../graphsdb/mcs30/m2D/m2Dr2/mcs30_m2Dr2_s90.B92
Reading graphs...
90 : 179
90 : 179
Initializing...
maxdom : 13
D->valSize : 544
Solving...
Blb : 2 (clique : 30)
currentSize : 30 <-- 0.006533 s
currentSize : 31 <-- 0.150996 s
currentSize : 32 <-- 0.255329 s
currentSize : 33 <-- 3.157445 s
currentSize : 34 <-- 193.551025 s
currentSize : 35 <-- 202.521011 s
currentSize : 36 <-- 2506.678955 s

TIMEOUT
maxsize : 36
nodes : 661683907.000000
filtered : 5876741066.000000
time : 3600.000000
