Parameters: GAD=1 vflib=1 dir=1 label=1 lowerbound=1 fileNameGp=../graphsdb/mcs30/m3D/m3Dr6/mcs30_m3Dr6_s40.A90 fileNameGt=../graphsdb/mcs30/m3D/m3Dr6/mcs30_m3Dr6_s40.B90
Reading graphs...
40 : 108
40 : 106
Initializing...
maxdom : 7
D->valSize : 194
Solving...
Blb : 2 (clique : 11)
currentSize : 11 <-- 0.001656 s
currentSize : 12 <-- 0.001763 s
currentSize : 13 <-- 0.001950 s
currentSize : 14 <-- 1.260361 s
currentSize : 15 <-- 2.933629 s

maxsize : 15
nodes : 1796099.000000
filtered : 14628425.000000
time : 6.624759
