Parameters: GAD=1 vflib=1 dir=1 label=1 lowerbound=1 fileNameGp=../graphsdb/mcs30/rand/r005/mcs30_r005_s70.A39 fileNameGt=../graphsdb/mcs30/rand/r005/mcs30_r005_s70.B39
Reading graphs...
70 : 240
70 : 240
Initializing...
maxdom : 8
D->valSize : 325
Solving...
Blb : 2 (clique : 18)
currentSize : 18 <-- 0.004358 s
currentSize : 19 <-- 0.005820 s
currentSize : 20 <-- 0.007361 s
currentSize : 21 <-- 5.138141 s
currentSize : 22 <-- 30.052275 s
currentSize : 23 <-- 30.314301 s
currentSize : 24 <-- 30.998600 s
currentSize : 25 <-- 496.841614 s

maxsize : 25
nodes : 224511521.000000
filtered : 2532833982.000000
time : 1123.778076
