Parameters: GAD=1 vflib=1 dir=1 label=1 lowerbound=1 fileNameGp=../graphsdb/mcs30/bvg/b09m/mcs30_b09m_s50.A70 fileNameGt=../graphsdb/mcs30/bvg/b09m/mcs30_b09m_s50.B70
Reading graphs...
50 : 225
50 : 225
Initializing...
maxdom : 10
D->valSize : 314
Solving...
Blb : 3 (clique : 12)
currentSize : 12 <-- 0.002133 s
currentSize : 13 <-- 0.003766 s
currentSize : 14 <-- 0.031567 s
currentSize : 15 <-- 0.060594 s
currentSize : 16 <-- 0.062707 s

maxsize : 16
nodes : 2059329.000000
filtered : 28846702.000000
time : 9.620023
