Parameters: GAD=1 vflib=1 dir=1 label=1 lowerbound=1 fileNameGp=../graphsdb/mcs30/rand/r02/mcs30_r02_s50.A57 fileNameGt=../graphsdb/mcs30/rand/r02/mcs30_r02_s50.B57
Reading graphs...
50 : 489
50 : 489
Initializing...
maxdom : 10
D->valSize : 320
Solving...
Blb : 2 (clique : 7)
currentSize : 7 <-- 0.003217 s
currentSize : 8 <-- 0.003424 s
currentSize : 9 <-- 0.006546 s
currentSize : 10 <-- 0.006585 s
currentSize : 12 <-- 0.012586 s
currentSize : 13 <-- 0.070060 s
currentSize : 15 <-- 0.070121 s

maxsize : 15
nodes : 18093.000000
filtered : 428475.000000
time : 0.141374
