Parameters: GAD=1 vflib=1 dir=1 label=1 lowerbound=1 fileNameGp=../graphsdb/mcs30/bvg/b03m/mcs30_b03m_s50.A88 fileNameGt=../graphsdb/mcs30/bvg/b03m/mcs30_b03m_s50.B88
Reading graphs...
50 : 75
50 : 75
Initializing...
maxdom : 13
D->valSize : 302
Solving...
Blb : 2 (clique : 19)
currentSize : 19 <-- 0.002133 s
currentSize : 20 <-- 0.013681 s
currentSize : 21 <-- 0.644374 s
currentSize : 22 <-- 2.238088 s
currentSize : 23 <-- 2.657303 s

maxsize : 23
nodes : 42841035.000000
filtered : 484835022.000000
time : 197.191025
