Parameters: GAD=1 vflib=1 dir=1 label=1 lowerbound=1 fileNameGp=../graphsdb/mcs50/rand/r01/mcs50_r01_s60.A23 fileNameGt=../graphsdb/mcs50/rand/r01/mcs50_r01_s60.B23
Reading graphs...
60 : 353
60 : 353
Initializing...
maxdom : 9
D->valSize : 283
Solving...
Blb : 2 (clique : 12)
currentSize : 12 <-- 0.003065 s
currentSize : 13 <-- 0.003279 s
currentSize : 14 <-- 0.003535 s
currentSize : 15 <-- 0.010543 s
currentSize : 16 <-- 0.031740 s
currentSize : 17 <-- 0.032436 s
currentSize : 18 <-- 0.033743 s
currentSize : 19 <-- 0.033869 s
currentSize : 20 <-- 0.033983 s
currentSize : 23 <-- 0.057614 s
currentSize : 25 <-- 0.087632 s
currentSize : 26 <-- 0.087769 s
currentSize : 30 <-- 0.118574 s

maxsize : 30
nodes : 24136.000000
filtered : 336363.000000
time : 0.144298
