Parameters: GAD=1 vflib=1 dir=1 label=1 lowerbound=1 fileNameGp=../graphsdb/mcs50/m2D/m2Dr6/mcs50_m2Dr6_s70.A71 fileNameGt=../graphsdb/mcs50/m2D/m2Dr6/mcs50_m2Dr6_s70.B71
Reading graphs...
70 : 165
70 : 164
Initializing...
maxdom : 9
D->valSize : 360
Solving...
Blb : 2 (clique : 30)
currentSize : 30 <-- 0.003439 s
currentSize : 32 <-- 0.351335 s
currentSize : 33 <-- 0.354439 s
currentSize : 34 <-- 33.758167 s
currentSize : 35 <-- 33.760056 s
currentSize : 36 <-- 33.760452 s
currentSize : 37 <-- 33.873772 s
currentSize : 38 <-- 33.914593 s

maxsize : 38
nodes : 20723438.000000
filtered : 120443377.000000
time : 92.598724
