Parameters: GAD=1 vflib=1 dir=1 label=1 lowerbound=1 fileNameGp=../graphsdb/mcs50/rand/r01/mcs50_r01_s60.A65 fileNameGt=../graphsdb/mcs50/rand/r01/mcs50_r01_s60.B65
Reading graphs...
60 : 353
60 : 353
Initializing...
maxdom : 9
D->valSize : 270
Solving...
Blb : 2 (clique : 10)
currentSize : 10 <-- 0.002780 s
currentSize : 14 <-- 0.002894 s
currentSize : 15 <-- 0.002980 s
currentSize : 16 <-- 0.003121 s
currentSize : 17 <-- 0.021563 s
currentSize : 18 <-- 0.021820 s
currentSize : 24 <-- 0.032442 s
currentSize : 25 <-- 0.063669 s
currentSize : 30 <-- 0.063802 s

maxsize : 30
nodes : 14968.000000
filtered : 193702.000000
time : 0.093069
