Parameters: GAD=1 vflib=1 dir=1 label=1 lowerbound=1 fileNameGp=../graphsdb/mcs50/bvg/b06m/mcs50_b06m_s60.A14 fileNameGt=../graphsdb/mcs50/bvg/b06m/mcs50_b06m_s60.B14
Reading graphs...
60 : 180
60 : 180
Initializing...
maxdom : 7
D->valSize : 263
Solving...
Blb : 3 (clique : 21)
currentSize : 21 <-- 0.002993 s
currentSize : 22 <-- 0.079522 s
currentSize : 25 <-- 0.253805 s
currentSize : 26 <-- 0.259730 s
currentSize : 27 <-- 0.259909 s
currentSize : 28 <-- 2.472187 s
currentSize : 29 <-- 2.481847 s
currentSize : 30 <-- 2.482423 s

maxsize : 30
nodes : 1005312.000000
filtered : 7105633.000000
time : 4.429582
