Parameters: GAD=1 vflib=1 dir=1 label=1 lowerbound=1 fileNameGp=../graphsdb/mcs50/m3D/m3Dr2/mcs50_m3Dr2_s50.A42 fileNameGt=../graphsdb/mcs50/m3D/m3Dr2/mcs50_m3Dr2_s50.B42
Reading graphs...
50 : 119
50 : 119
Initializing...
maxdom : 9
D->valSize : 318
Solving...
Blb : 2 (clique : 18)
currentSize : 18 <-- 0.002253 s
currentSize : 19 <-- 0.002376 s
currentSize : 23 <-- 0.010761 s
currentSize : 24 <-- 0.010870 s
currentSize : 25 <-- 0.141628 s
currentSize : 26 <-- 0.321900 s
currentSize : 27 <-- 0.376277 s
currentSize : 28 <-- 0.956639 s
currentSize : 29 <-- 1.070905 s

maxsize : 29
nodes : 256994.000000
filtered : 3534459.000000
time : 1.262370
