Parameters: GAD=1 vflib=1 dir=1 label=1 lowerbound=1 fileNameGp=../graphsdb/mcs50/m3D/m3Dr2/mcs50_m3Dr2_s60.A25 fileNameGt=../graphsdb/mcs50/m3D/m3Dr2/mcs50_m3Dr2_s60.B25
Reading graphs...
60 : 146
60 : 146
Initializing...
maxdom : 7
D->valSize : 262
Solving...
Blb : 2 (clique : 18)
currentSize : 18 <-- 0.002112 s
currentSize : 19 <-- 0.002348 s
currentSize : 20 <-- 0.002599 s
currentSize : 21 <-- 0.007704 s
currentSize : 22 <-- 3.707856 s
currentSize : 23 <-- 4.592790 s
currentSize : 24 <-- 9.294835 s
currentSize : 25 <-- 15.702827 s
currentSize : 27 <-- 15.706306 s
currentSize : 28 <-- 43.063103 s
currentSize : 29 <-- 57.623825 s
currentSize : 30 <-- 57.625919 s

maxsize : 30
nodes : 15616079.000000
filtered : 138378439.000000
time : 71.572998
