Parameters: GAD=1 vflib=1 dir=1 label=1 lowerbound=1 fileNameGp=../graphsdb/mcs50/m2D/m2Dr4/mcs50_m2Dr4_s50.A46 fileNameGt=../graphsdb/mcs50/m2D/m2Dr4/mcs50_m2Dr4_s50.B46
Reading graphs...
50 : 105
50 : 103
Initializing...
maxdom : 10
D->valSize : 331
Solving...
Blb : 2 (clique : 19)
currentSize : 19 <-- 0.003936 s
currentSize : 20 <-- 0.004103 s
currentSize : 21 <-- 0.004296 s
currentSize : 22 <-- 0.004754 s
currentSize : 23 <-- 0.005520 s
currentSize : 25 <-- 0.005750 s
currentSize : 26 <-- 0.005872 s
currentSize : 27 <-- 3.167784 s

maxsize : 27
nodes : 874644.000000
filtered : 10036559.000000
time : 3.951349
