Parameters: GAD=1 vflib=1 dir=1 label=1 lowerbound=1 fileNameGp=../graphsdb/mcs50/m2D/m2Dr4/mcs50_m2Dr4_s50.A93 fileNameGt=../graphsdb/mcs50/m2D/m2Dr4/mcs50_m2Dr4_s50.B93
Reading graphs...
50 : 105
50 : 104
Initializing...
maxdom : 9
D->valSize : 318
Solving...
Blb : 2 (clique : 17)
currentSize : 17 <-- 0.002367 s
currentSize : 21 <-- 0.002469 s
currentSize : 22 <-- 0.002566 s
currentSize : 23 <-- 0.002667 s
currentSize : 24 <-- 0.003298 s
currentSize : 25 <-- 0.004491 s
currentSize : 26 <-- 0.005590 s

maxsize : 26
nodes : 7949069.000000
filtered : 116931308.000000
time : 38.934231
