Parameters: GAD=1 vflib=1 dir=1 label=1 lowerbound=1 fileNameGp=../graphsdb/mcs50/bvg/b06m/mcs50_b06m_s80.A99 fileNameGt=../graphsdb/mcs50/bvg/b06m/mcs50_b06m_s80.B99
Reading graphs...
80 : 240
80 : 240
Initializing...
maxdom : 8
D->valSize : 431
Solving...
Blb : 2 (clique : 29)
currentSize : 29 <-- 0.004154 s
currentSize : 31 <-- 0.004700 s
currentSize : 33 <-- 0.011377 s
currentSize : 34 <-- 0.021601 s
currentSize : 35 <-- 0.867774 s
currentSize : 36 <-- 0.872293 s
currentSize : 37 <-- 1.066058 s
currentSize : 38 <-- 1.438893 s
currentSize : 39 <-- 92.172256 s
currentSize : 40 <-- 93.856987 s
currentSize : 41 <-- 357.430939 s

maxsize : 41
nodes : 186218350.000000
filtered : 1232651132.000000
time : 926.972839
