Parameters: GAD=1 vflib=1 dir=1 label=1 lowerbound=1 fileNameGp=../graphsdb/mcs50/m2D/m2Dr6/mcs50_m2Dr6_s60.A44 fileNameGt=../graphsdb/mcs50/m2D/m2Dr6/mcs50_m2Dr6_s60.B44
Reading graphs...
60 : 140
60 : 140
Initializing...
maxdom : 8
D->valSize : 261
Solving...
Blb : 2 (clique : 23)
currentSize : 23 <-- 0.003006 s
currentSize : 24 <-- 0.003322 s
currentSize : 25 <-- 0.017470 s
currentSize : 26 <-- 0.018491 s
currentSize : 27 <-- 0.061670 s
currentSize : 28 <-- 6.045389 s
currentSize : 29 <-- 6.045515 s

maxsize : 29
nodes : 11789832.000000
filtered : 100566378.000000
time : 52.578220
