Parameters: GAD=1 vflib=1 dir=1 label=1 lowerbound=1 fileNameGp=../graphsdb/mcs50/bvg/b09/mcs50_b09_s60.A01 fileNameGt=../graphsdb/mcs50/bvg/b09/mcs50_b09_s60.B01
Reading graphs...
60 : 270
60 : 270
Initializing...
maxdom : 7
D->valSize : 255
Solving...
Blb : 2 (clique : 24)
currentSize : 24 <-- 0.002881 s
currentSize : 25 <-- 0.192489 s
currentSize : 28 <-- 0.202788 s
currentSize : 29 <-- 0.202966 s
currentSize : 30 <-- 0.204070 s
currentSize : 31 <-- 0.204143 s

maxsize : 31
nodes : 195656.000000
filtered : 1064827.000000
time : 0.760827
