Parameters: GAD=1 vflib=1 dir=1 label=1 lowerbound=1 fileNameGp=../graphsdb/mcs50/bvg/b09/mcs50_b09_s40.A12 fileNameGt=../graphsdb/mcs50/bvg/b09/mcs50_b09_s40.B12
Reading graphs...
40 : 180
40 : 180
Initializing...
maxdom : 8
D->valSize : 226
Solving...
Blb : 5 (clique : 12)
currentSize : 12 <-- 0.001256 s
currentSize : 13 <-- 0.003429 s
currentSize : 15 <-- 0.003665 s
currentSize : 16 <-- 0.004011 s
currentSize : 19 <-- 0.034182 s
currentSize : 20 <-- 0.034275 s

maxsize : 20
nodes : 13408.000000
filtered : 138477.000000
time : 0.052101
