Parameters: GAD=1 vflib=1 dir=1 label=1 lowerbound=1 fileNameGp=../graphsdb/mcs50/bvg/b03/mcs50_b03_s35.A50 fileNameGt=../graphsdb/mcs50/bvg/b03/mcs50_b03_s35.B50
Reading graphs...
35 : 52
35 : 52
Initializing...
maxdom : 8
D->valSize : 155
Solving...
Blb : 2 (clique : 14)
currentSize : 14 <-- 0.000899 s
currentSize : 15 <-- 0.001052 s
currentSize : 16 <-- 0.002304 s
currentSize : 17 <-- 0.100535 s
currentSize : 18 <-- 0.287571 s
currentSize : 19 <-- 0.336881 s

maxsize : 19
nodes : 108267.000000
filtered : 919217.000000
time : 0.377655
