Parameters: GAD=1 vflib=1 dir=1 label=1 lowerbound=1 fileNameGp=../graphsdb/mcs50/bvg/b06m/mcs50_b06m_s60.A98 fileNameGt=../graphsdb/mcs50/bvg/b06m/mcs50_b06m_s60.B98
Reading graphs...
60 : 180
60 : 180
Initializing...
maxdom : 7
D->valSize : 239
Solving...
Blb : 3 (clique : 19)
currentSize : 19 <-- 0.001779 s
currentSize : 20 <-- 0.002085 s
currentSize : 21 <-- 0.002266 s
currentSize : 22 <-- 0.004882 s
currentSize : 23 <-- 0.011659 s
currentSize : 27 <-- 0.012059 s
currentSize : 29 <-- 0.017505 s
currentSize : 30 <-- 1.377202 s

maxsize : 30
nodes : 1404998.000000
filtered : 9160732.000000
time : 6.009321
