Parameters: GAD=1 vflib=1 dir=1 label=1 lowerbound=1 fileNameGp=../graphsdb/mcs50/bvg/b09/mcs50_b09_s50.A06 fileNameGt=../graphsdb/mcs50/bvg/b09/mcs50_b09_s50.B06
Reading graphs...
50 : 225
50 : 225
Initializing...
maxdom : 9
D->valSize : 348
Solving...
Blb : 2 (clique : 12)
currentSize : 12 <-- 0.002661 s
currentSize : 13 <-- 0.002795 s
currentSize : 14 <-- 0.024559 s
currentSize : 15 <-- 0.025766 s
currentSize : 16 <-- 0.064130 s
currentSize : 17 <-- 0.066526 s
currentSize : 19 <-- 0.088632 s
currentSize : 21 <-- 0.088662 s
currentSize : 24 <-- 0.586703 s

maxsize : 24
nodes : 247629.000000
filtered : 3958845.000000
time : 1.196407
