Parameters: GAD=1 vflib=1 dir=1 label=1 lowerbound=1 fileNameGp=../graphsdb/mcs50/rand/r02/mcs50_r02_s100.A30 fileNameGt=../graphsdb/mcs50/rand/r02/mcs50_r02_s100.B30
Reading graphs...
100 : 1979
100 : 1979
Initializing...
maxdom : 8
D->valSize : 358
Solving...
Blb : 2 (clique : 8)
currentSize : 8 <-- 0.003323 s
currentSize : 11 <-- 0.003465 s
currentSize : 12 <-- 0.003490 s
currentSize : 13 <-- 0.003831 s
currentSize : 24 <-- 0.006332 s
currentSize : 26 <-- 0.011024 s
currentSize : 50 <-- 0.011393 s

maxsize : 50
nodes : 2656.000000
filtered : 55841.000000
time : 0.022520
