Parameters: GAD=1 vflib=1 dir=1 label=1 lowerbound=1 fileNameGp=../graphsdb/mcs50/m3D/m3Dr2/mcs50_m3Dr2_s60.A21 fileNameGt=../graphsdb/mcs50/m3D/m3Dr2/mcs50_m3Dr2_s60.B21
Reading graphs...
60 : 146
60 : 145
Initializing...
maxdom : 8
D->valSize : 264
Solving...
Blb : 3 (clique : 19)
currentSize : 19 <-- 0.003092 s
currentSize : 20 <-- 0.003384 s
currentSize : 21 <-- 0.003745 s
currentSize : 22 <-- 0.004346 s
currentSize : 23 <-- 0.007092 s
currentSize : 24 <-- 1.295660 s
currentSize : 25 <-- 1.328136 s
currentSize : 26 <-- 1.538305 s
currentSize : 27 <-- 26.489365 s
currentSize : 28 <-- 27.580795 s
currentSize : 29 <-- 27.581144 s

maxsize : 29
nodes : 8009808.000000
filtered : 68053843.000000
time : 37.022114
