Parameters: GAD=1 vflib=1 dir=1 label=1 lowerbound=1 fileNameGp=../graphsdb/mcs50/bvg/b09m/mcs50_b09m_s90.A92 fileNameGt=../graphsdb/mcs50/bvg/b09m/mcs50_b09m_s90.B92
Reading graphs...
90 : 405
90 : 405
Initializing...
maxdom : 10
D->valSize : 579
Solving...
Blb : 2 (clique : 21)
currentSize : 21 <-- 0.006692 s
currentSize : 22 <-- 0.009116 s
currentSize : 23 <-- 0.011622 s
currentSize : 24 <-- 0.061883 s
currentSize : 25 <-- 0.062056 s
currentSize : 26 <-- 0.062881 s
currentSize : 27 <-- 0.112398 s
currentSize : 28 <-- 68.173859 s
currentSize : 29 <-- 215.076157 s
currentSize : 30 <-- 215.108215 s
currentSize : 31 <-- 215.108353 s
currentSize : 32 <-- 215.109665 s
currentSize : 33 <-- 1711.271606 s
currentSize : 34 <-- 1711.271729 s
currentSize : 36 <-- 1712.708374 s
currentSize : 37 <-- 1712.708618 s
currentSize : 38 <-- 1712.709351 s
currentSize : 39 <-- 1712.709595 s
currentSize : 40 <-- 2030.999878 s
currentSize : 41 <-- 2031.000244 s
currentSize : 43 <-- 2031.000854 s
currentSize : 44 <-- 2031.001099 s

maxsize : 44
nodes : 403464236.000000
filtered : 5143187003.000000
time : 2537.791748
