Parameters: GAD=1 vflib=1 dir=1 label=1 lowerbound=1 fileNameGp=../graphsdb/mcs50/m2D/m2Dr4/mcs50_m2Dr4_s30.A05 fileNameGt=../graphsdb/mcs50/m2D/m2Dr4/mcs50_m2Dr4_s30.B05
Reading graphs...
30 : 61
30 : 59
Initializing...
maxdom : 7
D->valSize : 116
Solving...
Blb : 2 (clique : 10)
currentSize : 10 <-- 0.000659 s
currentSize : 11 <-- 0.001152 s
currentSize : 12 <-- 0.001583 s
currentSize : 13 <-- 0.005862 s
currentSize : 14 <-- 0.005990 s
currentSize : 15 <-- 0.006061 s
currentSize : 16 <-- 0.009026 s

maxsize : 16
nodes : 4063.000000
filtered : 23054.000000
time : 0.012661
