Parameters: GAD=1 vflib=1 dir=1 label=1 lowerbound=1 fileNameGp=../graphsdb/mcs50/m2D/m2D/mcs50_m2D_s60.A10 fileNameGt=../graphsdb/mcs50/m2D/m2D/mcs50_m2D_s60.B10
Reading graphs...
60 : 104
60 : 104
Initializing...
maxdom : 8
D->valSize : 249
Solving...
Blb : 2 (clique : 22)
currentSize : 22 <-- 0.002891 s
currentSize : 23 <-- 0.003138 s
currentSize : 24 <-- 0.006402 s
currentSize : 25 <-- 0.013363 s
currentSize : 26 <-- 0.042382 s
currentSize : 27 <-- 123.073669 s
currentSize : 28 <-- 123.077690 s
currentSize : 29 <-- 123.096771 s

maxsize : 29
nodes : 45267965.000000
filtered : 401966023.000000
time : 205.113876
