Parameters: GAD=1 vflib=1 dir=1 label=1 lowerbound=1 fileNameGp=../graphsdb/mcs50/m3D/m3D/mcs50_m3D_s60.A50 fileNameGt=../graphsdb/mcs50/m3D/m3D/mcs50_m3D_s60.B50
Reading graphs...
60 : 134
60 : 134
Initializing...
maxdom : 6
D->valSize : 229
Solving...
Blb : 5 (clique : 21)
currentSize : 21 <-- 0.001817 s
currentSize : 22 <-- 0.004067 s
currentSize : 23 <-- 0.086626 s
currentSize : 24 <-- 0.212953 s
currentSize : 25 <-- 0.318414 s
currentSize : 26 <-- 1.043008 s
currentSize : 27 <-- 19.884607 s
currentSize : 28 <-- 20.755247 s

maxsize : 28
nodes : 10193418.000000
filtered : 71793387.000000
time : 45.264557
