Parameters: GAD=1 vflib=1 dir=1 label=1 lowerbound=1 fileNameGp=../graphsdb/mcs50/rand/r005/mcs50_r005_s70.A20 fileNameGt=../graphsdb/mcs50/rand/r005/mcs50_r005_s70.B20
Reading graphs...
70 : 240
70 : 240
Initializing...
maxdom : 8
D->valSize : 318
Solving...
Blb : 2 (clique : 29)
currentSize : 29 <-- 0.002661 s
currentSize : 30 <-- 0.703796 s
currentSize : 31 <-- 0.704301 s
currentSize : 32 <-- 1.178004 s
currentSize : 33 <-- 1.178072 s
currentSize : 34 <-- 4.402039 s
currentSize : 35 <-- 5.088446 s

maxsize : 35
nodes : 1384135.000000
filtered : 13893899.000000
time : 7.264081
