Parameters: GAD=1 vflib=1 dir=1 label=1 lowerbound=1 fileNameGp=../graphsdb/mcs50/m3D/m3Dr2/mcs50_m3Dr2_s50.A61 fileNameGt=../graphsdb/mcs50/m3D/m3Dr2/mcs50_m3Dr2_s50.B61
Reading graphs...
50 : 119
50 : 118
Initializing...
maxdom : 8
D->valSize : 328
Solving...
Blb : 2 (clique : 19)
currentSize : 19 <-- 0.002365 s
currentSize : 20 <-- 0.002482 s
currentSize : 21 <-- 0.019628 s
currentSize : 22 <-- 23.064894 s
currentSize : 23 <-- 23.065657 s
currentSize : 24 <-- 44.163464 s
currentSize : 25 <-- 96.084091 s
currentSize : 26 <-- 97.507225 s
currentSize : 27 <-- 104.993858 s

maxsize : 27
nodes : 22826765.000000
filtered : 303755724.000000
time : 105.817726
