Parameters: GAD=1 vflib=1 dir=1 label=1 lowerbound=1 fileNameGp=../graphsdb/mcs50/bvg/b09/mcs50_b09_s90.A20 fileNameGt=../graphsdb/mcs50/bvg/b09/mcs50_b09_s90.B20
Reading graphs...
90 : 405
90 : 405
Initializing...
maxdom : 9
D->valSize : 550
Solving...
Blb : 2 (clique : 37)
currentSize : 37 <-- 0.010112 s
currentSize : 38 <-- 0.011163 s
currentSize : 39 <-- 0.011687 s
currentSize : 41 <-- 0.012447 s
currentSize : 42 <-- 0.088522 s
currentSize : 44 <-- 0.091154 s

maxsize : 44
nodes : 121639352.000000
filtered : 875285055.000000
time : 671.945557
