Parameters: GAD=1 vflib=1 dir=1 label=1 lowerbound=1 fileNameGp=../graphsdb/mcs50/m2D/m2Dr4/mcs50_m2Dr4_s40.A70 fileNameGt=../graphsdb/mcs50/m2D/m2Dr4/mcs50_m2Dr4_s40.B70
Reading graphs...
40 : 83
40 : 82
Initializing...
maxdom : 8
D->valSize : 196
Solving...
Blb : 2 (clique : 14)
currentSize : 14 <-- 0.001742 s
currentSize : 15 <-- 0.002053 s
currentSize : 16 <-- 0.020318 s
currentSize : 17 <-- 0.083654 s
currentSize : 18 <-- 0.200659 s

maxsize : 18
nodes : 582480.000000
filtered : 5443450.000000
time : 2.218543
