Parameters: GAD=1 vflib=1 dir=1 label=1 lowerbound=1 fileNameGp=../graphsdb/mcs50/bvg/b06m/mcs50_b06m_s60.A72 fileNameGt=../graphsdb/mcs50/bvg/b06m/mcs50_b06m_s60.B72
Reading graphs...
60 : 180
60 : 180
Initializing...
maxdom : 7
D->valSize : 252
Solving...
Blb : 3 (clique : 26)
currentSize : 26 <-- 0.002896 s
currentSize : 27 <-- 0.003544 s
currentSize : 28 <-- 0.004985 s
currentSize : 29 <-- 0.005870 s
currentSize : 30 <-- 0.005924 s
currentSize : 31 <-- 0.017824 s

maxsize : 31
nodes : 754507.000000
filtered : 3928576.000000
time : 3.029302
