Parameters: GAD=1 vflib=1 dir=1 label=1 lowerbound=1 fileNameGp=../graphsdb/mcs50/m2D/m2Dr2/mcs50_m2Dr2_s30.A95 fileNameGt=../graphsdb/mcs50/m2D/m2Dr2/mcs50_m2Dr2_s30.B95
Reading graphs...
30 : 55
30 : 54
Initializing...
maxdom : 5
D->valSize : 115
Solving...
Blb : 2 (clique : 10)
currentSize : 10 <-- 0.000677 s
currentSize : 11 <-- 0.000762 s
currentSize : 12 <-- 0.000882 s
currentSize : 13 <-- 0.001738 s
currentSize : 14 <-- 0.003573 s
currentSize : 16 <-- 0.009597 s
currentSize : 17 <-- 0.010622 s

maxsize : 17
nodes : 4882.000000
filtered : 34671.000000
time : 0.016077
