Parameters: GAD=1 vflib=1 dir=1 label=1 lowerbound=1 fileNameGp=../graphsdb/mcs50/bvg/b03m/mcs50_b03m_s60.A81 fileNameGt=../graphsdb/mcs50/bvg/b03m/mcs50_b03m_s60.B81
Reading graphs...
60 : 90
60 : 90
Initializing...
maxdom : 12
D->valSize : 283
Solving...
Blb : 3 (clique : 23)
currentSize : 23 <-- 0.003506 s
currentSize : 24 <-- 0.064970 s
currentSize : 25 <-- 0.480683 s
currentSize : 26 <-- 0.889596 s
currentSize : 27 <-- 3.526270 s
currentSize : 28 <-- 11.362517 s
currentSize : 29 <-- 11.373867 s
currentSize : 30 <-- 12.202360 s
currentSize : 31 <-- 20.650900 s
currentSize : 32 <-- 49.235344 s
currentSize : 33 <-- 52.951946 s

maxsize : 33
nodes : 13771068.000000
filtered : 104735050.000000
time : 62.607243
