Parameters: GAD=1 vflib=1 dir=1 label=1 lowerbound=1 fileNameGp=../graphsdb/mcs50/rand/r02/mcs50_r02_s100.A15 fileNameGt=../graphsdb/mcs50/rand/r02/mcs50_r02_s100.B15
Reading graphs...
100 : 1979
100 : 1979
Initializing...
maxdom : 7
D->valSize : 388
Solving...
Blb : 3 (clique : 9)
currentSize : 9 <-- 0.003839 s
currentSize : 13 <-- 0.004082 s
currentSize : 16 <-- 0.004246 s
currentSize : 17 <-- 0.005176 s
currentSize : 26 <-- 0.006521 s
currentSize : 28 <-- 0.008909 s
currentSize : 50 <-- 0.015863 s

maxsize : 50
nodes : 3260.000000
filtered : 73869.000000
time : 0.027637
