Parameters: GAD=1 vflib=1 dir=1 label=1 lowerbound=1 fileNameGp=../graphsdb/mcs50/m3D/m3Dr2/mcs50_m3Dr2_s50.A41 fileNameGt=../graphsdb/mcs50/m3D/m3Dr2/mcs50_m3Dr2_s50.B41
Reading graphs...
50 : 119
50 : 119
Initializing...
maxdom : 10
D->valSize : 340
Solving...
Blb : 2 (clique : 17)
currentSize : 17 <-- 0.002499 s
currentSize : 18 <-- 0.017776 s
currentSize : 19 <-- 0.061765 s
currentSize : 20 <-- 0.104556 s
currentSize : 22 <-- 1.474303 s
currentSize : 23 <-- 1.531185 s
currentSize : 24 <-- 1.531307 s
currentSize : 26 <-- 1.609181 s
currentSize : 27 <-- 2.667780 s

maxsize : 27
nodes : 1233616.000000
filtered : 11820075.000000
time : 5.176271
