Parameters: GAD=1 vflib=1 dir=1 label=1 lowerbound=1 fileNameGp=../graphsdb/mcs50/bvg/b09/mcs50_b09_s50.A57 fileNameGt=../graphsdb/mcs50/bvg/b09/mcs50_b09_s50.B57
Reading graphs...
50 : 225
50 : 225
Initializing...
maxdom : 10
D->valSize : 323
Solving...
Blb : 3 (clique : 18)
currentSize : 18 <-- 0.002723 s
currentSize : 19 <-- 0.008250 s
currentSize : 20 <-- 0.082799 s
currentSize : 21 <-- 0.147271 s
currentSize : 22 <-- 0.184720 s
currentSize : 24 <-- 0.203361 s

maxsize : 24
nodes : 129615.000000
filtered : 1255551.000000
time : 0.538804
