Parameters: GAD=1 vflib=1 dir=1 label=1 lowerbound=1 fileNameGp=../graphsdb/mcs50/bvg/b06m/mcs50_b06m_s60.A48 fileNameGt=../graphsdb/mcs50/bvg/b06m/mcs50_b06m_s60.B48
Reading graphs...
60 : 180
60 : 180
Initializing...
maxdom : 7
D->valSize : 274
Solving...
Blb : 3 (clique : 25)
currentSize : 25 <-- 0.002022 s
currentSize : 26 <-- 3.083937 s
currentSize : 27 <-- 3.088760 s
currentSize : 28 <-- 3.129894 s
currentSize : 29 <-- 13.709897 s
currentSize : 30 <-- 15.900493 s

maxsize : 30
nodes : 4941507.000000
filtered : 28365209.000000
time : 20.478655
