Parameters: GAD=1 vflib=1 dir=1 label=1 lowerbound=1 fileNameGp=../graphsdb/mcs50/m2D/m2D/mcs50_m2D_s90.A36 fileNameGt=../graphsdb/mcs50/m2D/m2D/mcs50_m2D_s90.B36
Reading graphs...
90 : 161
90 : 161
Initializing...
maxdom : 8
D->valSize : 516
Solving...
Blb : 2 (clique : 42)
currentSize : 42 <-- 0.005948 s
currentSize : 43 <-- 0.006344 s
currentSize : 44 <-- 0.007124 s
currentSize : 45 <-- 0.009667 s
currentSize : 46 <-- 0.011843 s
currentSize : 47 <-- 5.854603 s

TIMEOUT
maxsize : 47
nodes : 687954131.000000
filtered : 4531301303.000000
time : 3600.000000
