Parameters: GAD=1 vflib=1 dir=1 label=1 lowerbound=1 fileNameGp=../graphsdb/mcs50/bvg/b03/mcs50_b03_s35.A75 fileNameGt=../graphsdb/mcs50/bvg/b03/mcs50_b03_s35.B75
Reading graphs...
35 : 52
35 : 52
Initializing...
maxdom : 8
D->valSize : 179
Solving...
Blb : 2 (clique : 15)
currentSize : 15 <-- 0.000949 s
currentSize : 16 <-- 0.001027 s
currentSize : 17 <-- 0.001295 s
currentSize : 18 <-- 0.016079 s
currentSize : 19 <-- 0.049337 s

maxsize : 19
nodes : 92380.000000
filtered : 805949.000000
time : 0.343003
