Parameters: GAD=1 vflib=1 dir=1 label=1 lowerbound=1 fileNameGp=../graphsdb/mcs50/bvg/b09/mcs50_b09_s80.A00 fileNameGt=../graphsdb/mcs50/bvg/b09/mcs50_b09_s80.B00
Reading graphs...
80 : 360
80 : 360
Initializing...
maxdom : 8
D->valSize : 437
Solving...
Blb : 3 (clique : 27)
currentSize : 27 <-- 0.004322 s
currentSize : 28 <-- 0.041076 s
currentSize : 29 <-- 0.095141 s
currentSize : 30 <-- 0.095261 s
currentSize : 31 <-- 0.095589 s
currentSize : 32 <-- 0.594368 s
currentSize : 34 <-- 0.594716 s
currentSize : 35 <-- 0.596336 s
currentSize : 37 <-- 0.596624 s
currentSize : 38 <-- 0.603353 s
currentSize : 40 <-- 0.603591 s

maxsize : 40
nodes : 2581037.000000
filtered : 19200886.000000
time : 13.144804
