Parameters: GAD=1 vflib=1 dir=1 label=1 lowerbound=1 fileNameGp=../graphsdb/mcs50/rand/r02/mcs50_r02_s80.A96 fileNameGt=../graphsdb/mcs50/rand/r02/mcs50_r02_s80.B96
Reading graphs...
80 : 1263
80 : 1263
Initializing...
maxdom : 10
D->valSize : 432
Solving...
Blb : 2 (clique : 10)
currentSize : 10 <-- 0.003869 s
currentSize : 12 <-- 0.004116 s
currentSize : 14 <-- 0.004237 s
currentSize : 21 <-- 0.005225 s
currentSize : 23 <-- 0.017951 s
currentSize : 40 <-- 0.018123 s

maxsize : 40
nodes : 4832.000000
filtered : 148013.000000
time : 0.038093
