Parameters: GAD=1 vflib=1 dir=1 label=1 lowerbound=1 fileNameGp=../graphsdb/mcs50/bvg/b03/mcs50_b03_s40.A72 fileNameGt=../graphsdb/mcs50/bvg/b03/mcs50_b03_s40.B72
Reading graphs...
40 : 60
40 : 60
Initializing...
maxdom : 7
D->valSize : 231
Solving...
Blb : 2 (clique : 20)
currentSize : 20 <-- 0.002217 s
currentSize : 21 <-- 1.488345 s
currentSize : 22 <-- 1.488489 s
currentSize : 23 <-- 9.115893 s
currentSize : 24 <-- 9.116022 s

maxsize : 24
nodes : 2719545.000000
filtered : 31606308.000000
time : 11.760293
