Parameters: GAD=1 vflib=1 dir=1 label=1 lowerbound=1 fileNameGp=../graphsdb/mcs50/m3D/m3Dr6/mcs50_m3Dr6_s60.A04 fileNameGt=../graphsdb/mcs50/m3D/m3Dr6/mcs50_m3Dr6_s60.B04
Reading graphs...
60 : 170
60 : 170
Initializing...
maxdom : 9
D->valSize : 236
Solving...
Blb : 2 (clique : 18)
currentSize : 18 <-- 0.001605 s
currentSize : 19 <-- 0.001725 s
currentSize : 20 <-- 0.001786 s
currentSize : 21 <-- 0.002506 s
currentSize : 22 <-- 0.009181 s
currentSize : 23 <-- 0.009843 s
currentSize : 24 <-- 1.813385 s
currentSize : 26 <-- 3.146565 s
currentSize : 27 <-- 3.203821 s
currentSize : 28 <-- 3.203919 s
currentSize : 29 <-- 3.207570 s

maxsize : 29
nodes : 942678.000000
filtered : 5353615.000000
time : 3.807653
