Parameters: GAD=1 vflib=1 dir=1 label=1 lowerbound=1 fileNameGp=../graphsdb/mcs50/rand/r005/mcs50_r005_s60.A53 fileNameGt=../graphsdb/mcs50/rand/r005/mcs50_r005_s60.B53
Reading graphs...
60 : 176
60 : 176
Initializing...
maxdom : 8
D->valSize : 225
Solving...
Blb : 2 (clique : 17)
currentSize : 17 <-- 0.001521 s
currentSize : 19 <-- 0.002084 s
currentSize : 20 <-- 0.002254 s
currentSize : 21 <-- 0.003234 s
currentSize : 22 <-- 0.038460 s
currentSize : 23 <-- 0.038857 s
currentSize : 24 <-- 0.256587 s
currentSize : 25 <-- 1.117672 s
currentSize : 28 <-- 1.852218 s
currentSize : 30 <-- 1.852278 s

maxsize : 30
nodes : 752699.000000
filtered : 5195802.000000
time : 3.244251
