Parameters: GAD=1 vflib=1 dir=1 label=1 lowerbound=1 fileNameGp=../graphsdb/mcs50/rand/r01/mcs50_r01_s35.A27 fileNameGt=../graphsdb/mcs50/rand/r01/mcs50_r01_s35.B27
Reading graphs...
35 : 118
35 : 118
Initializing...
maxdom : 6
D->valSize : 156
Solving...
Blb : 3 (clique : 10)
currentSize : 10 <-- 0.000843 s
currentSize : 11 <-- 0.006102 s
currentSize : 12 <-- 0.017411 s
currentSize : 13 <-- 0.018244 s
currentSize : 15 <-- 0.018289 s
currentSize : 17 <-- 0.018372 s

maxsize : 17
nodes : 7762.000000
filtered : 81347.000000
time : 0.030251
