Parameters: GAD=1 vflib=1 dir=1 label=1 lowerbound=1 fileNameGp=../graphsdb/mcs50/m2D/m2D/mcs50_m2D_s80.A27 fileNameGt=../graphsdb/mcs50/m2D/m2D/mcs50_m2D_s80.B27
Reading graphs...
80 : 142
80 : 142
Initializing...
maxdom : 11
D->valSize : 463
Solving...
Blb : 2 (clique : 29)
currentSize : 29 <-- 0.008965 s
currentSize : 30 <-- 0.009635 s
currentSize : 31 <-- 0.010343 s
currentSize : 32 <-- 0.010642 s
currentSize : 33 <-- 0.015157 s
currentSize : 34 <-- 868.127991 s

TIMEOUT
maxsize : 34
nodes : 618468809.000000
filtered : 7983454014.000000
time : 3600.000000
