Parameters: GAD=1 vflib=1 dir=1 label=1 lowerbound=1 fileNameGp=../graphsdb/mcs50/m2D/m2D/mcs50_m2D_s50.A40 fileNameGt=../graphsdb/mcs50/m2D/m2D/mcs50_m2D_s50.B40
Reading graphs...
50 : 85
50 : 85
Initializing...
maxdom : 9
D->valSize : 334
Solving...
Blb : 2 (clique : 18)
currentSize : 18 <-- 0.003048 s
currentSize : 19 <-- 0.003275 s
currentSize : 20 <-- 0.107979 s
currentSize : 21 <-- 1.393685 s
currentSize : 22 <-- 2.783636 s
currentSize : 23 <-- 2.793294 s
currentSize : 24 <-- 10.587024 s
currentSize : 25 <-- 16.089626 s
currentSize : 26 <-- 65.093040 s
currentSize : 27 <-- 65.172173 s
currentSize : 28 <-- 65.185059 s
currentSize : 29 <-- 86.627014 s

maxsize : 29
nodes : 27349597.000000
filtered : 291667334.000000
time : 117.148705
