Parameters: GAD=1 vflib=1 dir=1 label=1 lowerbound=1 fileNameGp=../graphsdb/mcs50/m3D/m3D/mcs50_m3D_s60.A24 fileNameGt=../graphsdb/mcs50/m3D/m3D/mcs50_m3D_s60.B24
Reading graphs...
60 : 134
60 : 134
Initializing...
maxdom : 8
D->valSize : 289
Solving...
Blb : 2 (clique : 22)
currentSize : 22 <-- 0.002106 s
currentSize : 23 <-- 0.002262 s
currentSize : 24 <-- 0.002385 s
currentSize : 25 <-- 6.493017 s
currentSize : 26 <-- 13.308106 s
currentSize : 27 <-- 13.410555 s
currentSize : 28 <-- 15.523542 s

maxsize : 28
nodes : 6262136.000000
filtered : 62593565.000000
time : 29.736755
