Parameters: GAD=1 vflib=1 dir=1 label=1 lowerbound=1 fileNameGp=../graphsdb/mcs50/bvg/b09m/mcs50_b09m_s40.A59 fileNameGt=../graphsdb/mcs50/bvg/b09m/mcs50_b09m_s40.B59
Reading graphs...
40 : 180
40 : 180
Initializing...
maxdom : 8
D->valSize : 199
Solving...
Blb : 3 (clique : 16)
currentSize : 16 <-- 0.001087 s
currentSize : 17 <-- 0.001186 s
currentSize : 18 <-- 0.001218 s
currentSize : 19 <-- 0.002162 s
currentSize : 20 <-- 0.002196 s

maxsize : 20
nodes : 9571.000000
filtered : 76825.000000
time : 0.035265
