Parameters: GAD=1 vflib=1 dir=1 label=1 lowerbound=1 fileNameGp=../graphsdb/mcs50/rand/r005/mcs50_r005_s70.A37 fileNameGt=../graphsdb/mcs50/rand/r005/mcs50_r005_s70.B37
Reading graphs...
70 : 240
70 : 240
Initializing...
maxdom : 8
D->valSize : 339
Solving...
Blb : 2 (clique : 19)
currentSize : 19 <-- 0.003014 s
currentSize : 22 <-- 0.003143 s
currentSize : 23 <-- 0.020469 s
currentSize : 25 <-- 0.144674 s
currentSize : 26 <-- 0.237273 s
currentSize : 27 <-- 0.734018 s
currentSize : 28 <-- 1.625795 s
currentSize : 29 <-- 2.043078 s
currentSize : 30 <-- 2.043195 s
currentSize : 31 <-- 2.106502 s
currentSize : 33 <-- 8.309731 s
currentSize : 34 <-- 8.309863 s
currentSize : 35 <-- 8.310559 s

maxsize : 35
nodes : 2857582.000000
filtered : 28032660.000000
time : 14.660051
