Parameters: GAD=1 vflib=1 dir=1 label=1 lowerbound=1 fileNameGp=../graphsdb/mcs50/m2D/m2Dr6/mcs50_m2Dr6_s50.A26 fileNameGt=../graphsdb/mcs50/m2D/m2Dr6/mcs50_m2Dr6_s50.B26
Reading graphs...
50 : 115
50 : 113
Initializing...
maxdom : 11
D->valSize : 357
Solving...
Blb : 5 (clique : 16)
currentSize : 16 <-- 0.004836 s
currentSize : 17 <-- 0.009657 s
currentSize : 18 <-- 0.654546 s
currentSize : 19 <-- 1.396350 s
currentSize : 20 <-- 1.396533 s
currentSize : 21 <-- 1.396870 s
currentSize : 22 <-- 71.333038 s
currentSize : 25 <-- 112.517609 s
currentSize : 26 <-- 112.517761 s

maxsize : 26
nodes : 26607108.000000
filtered : 326464391.000000
time : 117.288383
