Parameters: GAD=1 vflib=1 dir=1 label=1 lowerbound=1 fileNameGp=../graphsdb/mcs50/rand/r01/mcs50_r01_s35.A44 fileNameGt=../graphsdb/mcs50/rand/r01/mcs50_r01_s35.B44
Reading graphs...
35 : 118
35 : 118
Initializing...
maxdom : 8
D->valSize : 155
Solving...
Blb : 2 (clique : 9)
currentSize : 9 <-- 0.000856 s
currentSize : 10 <-- 0.001132 s
currentSize : 11 <-- 0.001216 s
currentSize : 12 <-- 0.004552 s
currentSize : 14 <-- 0.009281 s
currentSize : 15 <-- 0.024259 s
currentSize : 17 <-- 0.024348 s

maxsize : 17
nodes : 7415.000000
filtered : 78042.000000
time : 0.027836
