Parameters: GAD=1 vflib=1 dir=1 label=1 lowerbound=1 fileNameGp=../graphsdb/mcs50/bvg/b03/mcs50_b03_s40.A97 fileNameGt=../graphsdb/mcs50/bvg/b03/mcs50_b03_s40.B97
Reading graphs...
40 : 60
40 : 60
Initializing...
maxdom : 7
D->valSize : 213
Solving...
Blb : 2 (clique : 16)
currentSize : 16 <-- 0.001954 s
currentSize : 17 <-- 0.007057 s
currentSize : 18 <-- 0.120636 s
currentSize : 19 <-- 0.439496 s
currentSize : 20 <-- 0.662481 s
currentSize : 21 <-- 0.910353 s
currentSize : 22 <-- 0.913346 s

maxsize : 22
nodes : 477831.000000
filtered : 4949081.000000
time : 2.170480
