Parameters: GAD=1 vflib=1 dir=1 label=1 lowerbound=1 fileNameGp=../graphsdb/mcs50/bvg/b09m/mcs50_b09m_s60.A03 fileNameGt=../graphsdb/mcs50/bvg/b09m/mcs50_b09m_s60.B03
Reading graphs...
60 : 270
60 : 270
Initializing...
maxdom : 6
D->valSize : 252
Solving...
Blb : 3 (clique : 21)
currentSize : 21 <-- 0.001840 s
currentSize : 22 <-- 0.014940 s
currentSize : 23 <-- 0.015038 s
currentSize : 24 <-- 0.015168 s
currentSize : 26 <-- 0.015315 s
currentSize : 27 <-- 0.015476 s
currentSize : 28 <-- 0.432321 s
currentSize : 30 <-- 0.582792 s
currentSize : 31 <-- 0.582987 s

maxsize : 31
nodes : 179733.000000
filtered : 1685695.000000
time : 0.830685
