Parameters: GAD=1 vflib=1 dir=1 label=1 lowerbound=1 fileNameGp=../graphsdb/mcs50/m2D/m2Dr2/mcs50_m2Dr2_s80.A59 fileNameGt=../graphsdb/mcs50/m2D/m2Dr2/mcs50_m2Dr2_s80.B59
Reading graphs...
80 : 158
80 : 156
Initializing...
maxdom : 9
D->valSize : 428
Solving...
Blb : 2 (clique : 24)
currentSize : 24 <-- 0.004242 s
currentSize : 25 <-- 0.125640 s
currentSize : 26 <-- 0.149039 s
currentSize : 27 <-- 2.122213 s
currentSize : 28 <-- 2.379315 s
currentSize : 29 <-- 6.086897 s
currentSize : 30 <-- 30.969269 s
currentSize : 31 <-- 299.965057 s
currentSize : 32 <-- 300.709015 s
currentSize : 33 <-- 316.988861 s
currentSize : 34 <-- 614.813904 s
currentSize : 35 <-- 619.574402 s
currentSize : 36 <-- 2025.557983 s

TIMEOUT
maxsize : 36
nodes : 674872190.000000
filtered : 6329274548.000000
time : 3600.000000
