Parameters: GAD=1 vflib=1 dir=1 label=1 lowerbound=1 fileNameGp=../graphsdb/mcs50/m2D/m2Dr4/mcs50_m2Dr4_s30.A71 fileNameGt=../graphsdb/mcs50/m2D/m2Dr4/mcs50_m2Dr4_s30.B71
Reading graphs...
30 : 61
30 : 60
Initializing...
maxdom : 8
D->valSize : 116
Solving...
Blb : 2 (clique : 11)
currentSize : 11 <-- 0.000623 s
currentSize : 12 <-- 0.000824 s
currentSize : 13 <-- 0.000887 s
currentSize : 14 <-- 0.003662 s
currentSize : 15 <-- 0.003694 s
currentSize : 16 <-- 0.006368 s

maxsize : 16
nodes : 3114.000000
filtered : 17183.000000
time : 0.010434
