Parameters: GAD=1 vflib=1 dir=1 label=1 lowerbound=1 fileNameGp=../graphsdb/mcs50/m2D/m2Dr4/mcs50_m2Dr4_s80.A14 fileNameGt=../graphsdb/mcs50/m2D/m2Dr4/mcs50_m2Dr4_s80.B14
Reading graphs...
80 : 174
80 : 173
Initializing...
maxdom : 8
D->valSize : 419
Solving...
Blb : 2 (clique : 32)
currentSize : 32 <-- 0.004230 s
currentSize : 33 <-- 0.004529 s
currentSize : 36 <-- 0.256425 s
currentSize : 37 <-- 0.257927 s
currentSize : 38 <-- 2.471405 s
currentSize : 39 <-- 2.471545 s
currentSize : 40 <-- 2.471957 s

TIMEOUT
maxsize : 40
nodes : 600954812.000000
filtered : 6325520628.000000
time : 3600.000000
