Parameters: GAD=1 vflib=1 dir=1 label=1 lowerbound=1 fileNameGp=../graphsdb/mcs50/bvg/b06m/mcs50_b06m_s90.A82 fileNameGt=../graphsdb/mcs50/bvg/b06m/mcs50_b06m_s90.B82
Reading graphs...
90 : 270
90 : 270
Initializing...
maxdom : 10
D->valSize : 564
Solving...
Blb : 2 (clique : 31)
currentSize : 31 <-- 0.006757 s
currentSize : 32 <-- 0.007523 s
currentSize : 33 <-- 0.008123 s
currentSize : 34 <-- 0.008394 s
currentSize : 36 <-- 0.008758 s
currentSize : 37 <-- 0.009213 s

TIMEOUT
maxsize : 37
nodes : 529090745.000000
filtered : 9499637035.000000
time : 3600.000000
