Parameters: GAD=1 vflib=1 dir=1 label=1 lowerbound=1 fileNameGp=../graphsdb/mcs50/rand/r02/mcs50_r02_s30.A91 fileNameGt=../graphsdb/mcs50/rand/r02/mcs50_r02_s30.B91
Reading graphs...
30 : 173
30 : 173
Initializing...
maxdom : 9
D->valSize : 138
Solving...
Blb : 5 (clique : 7)
currentSize : 7 <-- 0.000859 s
currentSize : 8 <-- 0.001022 s
currentSize : 9 <-- 0.001128 s
currentSize : 10 <-- 0.001455 s
currentSize : 11 <-- 0.001811 s
currentSize : 12 <-- 0.001854 s
currentSize : 15 <-- 0.002396 s

maxsize : 15
nodes : 439.000000
filtered : 6708.000000
time : 0.002648
