Parameters: GAD=1 vflib=1 dir=1 label=1 lowerbound=1 fileNameGp=../graphsdb/mcs50/rand/r005/mcs50_r005_s35.A59 fileNameGt=../graphsdb/mcs50/rand/r005/mcs50_r005_s35.B59
Reading graphs...
35 : 62
35 : 62
Initializing...
maxdom : 8
D->valSize : 170
Solving...
Blb : 2 (clique : 14)
currentSize : 14 <-- 0.001461 s
currentSize : 15 <-- 0.009345 s
currentSize : 16 <-- 0.020268 s
currentSize : 17 <-- 0.041571 s
currentSize : 18 <-- 0.092307 s

maxsize : 18
nodes : 27486.000000
filtered : 260332.000000
time : 0.108918
