Parameters: GAD=1 vflib=1 dir=1 label=1 lowerbound=1 fileNameGp=../graphsdb/mcs50/bvg/b09m/mcs50_b09m_s25.A29 fileNameGt=../graphsdb/mcs50/bvg/b09m/mcs50_b09m_s25.B29
Reading graphs...
25 : 112
25 : 112
Initializing...
maxdom : 11
D->valSize : 192
Solving...
Blb : 3 (clique : 7)
currentSize : 7 <-- 0.000857 s
currentSize : 8 <-- 0.000933 s
currentSize : 10 <-- 0.001113 s
currentSize : 11 <-- 0.001130 s
currentSize : 12 <-- 0.001917 s

maxsize : 12
nodes : 791.000000
filtered : 24133.000000
time : 0.004206
