Parameters: GAD=1 vflib=1 dir=1 label=1 lowerbound=1 fileNameGp=../graphsdb/mcs50/m3D/m3Dr6/mcs50_m3Dr6_s60.A70 fileNameGt=../graphsdb/mcs50/m3D/m3Dr6/mcs50_m3Dr6_s60.B70
Reading graphs...
60 : 170
60 : 170
Initializing...
maxdom : 8
D->valSize : 250
Solving...
Blb : 3 (clique : 20)
currentSize : 20 <-- 0.002798 s
currentSize : 21 <-- 0.374229 s
currentSize : 22 <-- 0.374459 s
currentSize : 23 <-- 1.855501 s
currentSize : 24 <-- 4.281752 s
currentSize : 25 <-- 8.262876 s
currentSize : 26 <-- 8.263914 s
currentSize : 27 <-- 8.264375 s

maxsize : 27
nodes : 3121908.000000
filtered : 29759712.000000
time : 14.373095
