Parameters: GAD=1 vflib=1 dir=1 label=1 lowerbound=1 fileNameGp=../graphsdb/mcs50/m3D/m3Dr4/mcs50_m3Dr4_s50.A58 fileNameGt=../graphsdb/mcs50/m3D/m3Dr4/mcs50_m3Dr4_s50.B58
Reading graphs...
50 : 129
50 : 129
Initializing...
maxdom : 10
D->valSize : 333
Solving...
Blb : 2 (clique : 24)
currentSize : 24 <-- 0.003882 s
currentSize : 25 <-- 0.004250 s
currentSize : 26 <-- 0.004377 s
currentSize : 27 <-- 0.004978 s
currentSize : 28 <-- 0.005151 s

maxsize : 28
nodes : 380396.000000
filtered : 3544953.000000
time : 1.612906
