Parameters: GAD=1 vflib=1 dir=1 label=1 lowerbound=1 fileNameGp=../graphsdb/mcs50/bvg/b09m/mcs50_b09m_s90.A87 fileNameGt=../graphsdb/mcs50/bvg/b09m/mcs50_b09m_s90.B87
Reading graphs...
90 : 405
90 : 405
Initializing...
maxdom : 11
D->valSize : 577
Solving...
Blb : 3 (clique : 26)
currentSize : 26 <-- 0.006792 s
currentSize : 27 <-- 0.007861 s
currentSize : 28 <-- 0.008767 s
currentSize : 29 <-- 0.027130 s
currentSize : 30 <-- 0.027248 s
currentSize : 31 <-- 0.027979 s
currentSize : 32 <-- 0.047588 s
currentSize : 36 <-- 0.047842 s
currentSize : 37 <-- 0.049435 s
currentSize : 39 <-- 0.049604 s
currentSize : 40 <-- 25.309584 s
currentSize : 41 <-- 345.959137 s
currentSize : 42 <-- 409.070679 s
currentSize : 43 <-- 693.627197 s
currentSize : 44 <-- 919.463928 s

maxsize : 44
nodes : 223832666.000000
filtered : 2219545951.000000
time : 1302.846802
