Parameters: GAD=1 vflib=1 dir=1 label=1 lowerbound=1 fileNameGp=../graphsdb/mcs50/bvg/b03m/mcs50_b03m_s35.A44 fileNameGt=../graphsdb/mcs50/bvg/b03m/mcs50_b03m_s35.B44
Reading graphs...
35 : 52
35 : 52
Initializing...
maxdom : 7
D->valSize : 178
Solving...
Blb : 3 (clique : 15)
currentSize : 15 <-- 0.000992 s
currentSize : 16 <-- 0.019326 s
currentSize : 17 <-- 0.029911 s
currentSize : 18 <-- 0.037875 s
currentSize : 19 <-- 0.041162 s

maxsize : 19
nodes : 65359.000000
filtered : 387638.000000
time : 0.209604
