Parameters: GAD=1 vflib=1 dir=1 label=1 lowerbound=1 fileNameGp=../graphsdb/mcs50/m3D/m3Dr4/mcs50_m3Dr4_s60.A50 fileNameGt=../graphsdb/mcs50/m3D/m3Dr4/mcs50_m3Dr4_s60.B50
Reading graphs...
60 : 158
60 : 158
Initializing...
maxdom : 7
D->valSize : 243
Solving...
Blb : 2 (clique : 17)
currentSize : 17 <-- 0.002117 s
currentSize : 18 <-- 0.008098 s
currentSize : 19 <-- 0.170558 s
currentSize : 20 <-- 0.883329 s
currentSize : 21 <-- 5.391424 s
currentSize : 22 <-- 27.469124 s
currentSize : 23 <-- 37.529488 s
currentSize : 25 <-- 48.692280 s
currentSize : 26 <-- 48.693211 s
currentSize : 27 <-- 56.358025 s
currentSize : 28 <-- 59.868195 s

maxsize : 28
nodes : 15451655.000000
filtered : 105644779.000000
time : 63.988968
