Parameters: GAD=1 vflib=1 dir=1 label=1 lowerbound=1 fileNameGp=../graphsdb/mcs50/bvg/b06m/mcs50_b06m_s80.A00 fileNameGt=../graphsdb/mcs50/bvg/b06m/mcs50_b06m_s80.B00
Reading graphs...
80 : 240
80 : 240
Initializing...
maxdom : 8
D->valSize : 420
Solving...
Blb : 2 (clique : 34)
currentSize : 34 <-- 0.004099 s
currentSize : 36 <-- 0.056339 s
currentSize : 37 <-- 0.056605 s
currentSize : 38 <-- 0.057216 s
currentSize : 39 <-- 18.268270 s
currentSize : 40 <-- 18.268457 s
currentSize : 41 <-- 18.268583 s
currentSize : 42 <-- 24.691544 s

maxsize : 42
nodes : 124812083.000000
filtered : 772612416.000000
time : 615.619690
