Parameters: GAD=1 vflib=1 dir=1 label=1 lowerbound=1 fileNameGp=../graphsdb/mcs50/m3D/m3Dr4/mcs50_m3Dr4_s60.A94 fileNameGt=../graphsdb/mcs50/m3D/m3Dr4/mcs50_m3Dr4_s60.B94
Reading graphs...
60 : 158
60 : 158
Initializing...
maxdom : 8
D->valSize : 243
Solving...
Blb : 2 (clique : 20)
currentSize : 20 <-- 0.001726 s
currentSize : 21 <-- 0.003327 s
currentSize : 22 <-- 0.006404 s
currentSize : 23 <-- 0.008093 s
currentSize : 24 <-- 4.016701 s
currentSize : 25 <-- 4.016849 s
currentSize : 26 <-- 4.017595 s
currentSize : 27 <-- 4.021051 s

maxsize : 27
nodes : 1411400.000000
filtered : 9813093.000000
time : 5.814606
