Parameters: GAD=1 vflib=1 dir=1 label=1 lowerbound=1 fileNameGp=../graphsdb/mcs50/bvg/b06/mcs50_b06_s60.A74 fileNameGt=../graphsdb/mcs50/bvg/b06/mcs50_b06_s60.B74
Reading graphs...
60 : 180
60 : 180
Initializing...
maxdom : 6
D->valSize : 261
Solving...
Blb : 2 (clique : 23)
currentSize : 23 <-- 0.002925 s
currentSize : 28 <-- 0.003520 s
currentSize : 29 <-- 0.004022 s
currentSize : 30 <-- 0.005801 s
currentSize : 31 <-- 0.007023 s
currentSize : 32 <-- 0.080459 s

maxsize : 32
nodes : 576113.000000
filtered : 4856844.000000
time : 2.692123
