Parameters: GAD=1 vflib=1 dir=1 label=1 lowerbound=1 fileNameGp=../graphsdb/mcs50/bvg/b06/mcs50_b06_s60.A19 fileNameGt=../graphsdb/mcs50/bvg/b06/mcs50_b06_s60.B19
Reading graphs...
60 : 180
60 : 180
Initializing...
maxdom : 6
D->valSize : 243
Solving...
Blb : 2 (clique : 15)
currentSize : 15 <-- 0.002654 s
currentSize : 19 <-- 0.004321 s
currentSize : 20 <-- 0.004419 s
currentSize : 21 <-- 0.067425 s
currentSize : 22 <-- 0.252540 s
currentSize : 23 <-- 0.517922 s
currentSize : 24 <-- 0.525240 s
currentSize : 25 <-- 1.011519 s
currentSize : 26 <-- 1.875824 s
currentSize : 27 <-- 1.882599 s
currentSize : 28 <-- 2.516981 s
currentSize : 29 <-- 2.517321 s
currentSize : 30 <-- 8.235517 s

maxsize : 30
nodes : 3822708.000000
filtered : 20113373.000000
time : 15.060887
