Parameters: GAD=1 vflib=1 dir=1 label=1 lowerbound=1 fileNameGp=../graphsdb/mcs50/rand/r005/mcs50_r005_s100.A83 fileNameGt=../graphsdb/mcs50/rand/r005/mcs50_r005_s100.B83
Reading graphs...
100 : 494
100 : 494
Initializing...
maxdom : 7
D->valSize : 360
Solving...
Blb : 2 (clique : 25)
currentSize : 25 <-- 0.003632 s
currentSize : 26 <-- 0.005054 s
currentSize : 27 <-- 0.006169 s
currentSize : 28 <-- 0.011914 s
currentSize : 29 <-- 0.024711 s
currentSize : 30 <-- 0.035172 s
currentSize : 31 <-- 0.067429 s
currentSize : 32 <-- 0.068196 s
currentSize : 34 <-- 0.073762 s
currentSize : 35 <-- 0.073968 s
currentSize : 36 <-- 2.473707 s
currentSize : 37 <-- 2.473966 s
currentSize : 41 <-- 2.475972 s
currentSize : 42 <-- 2.476341 s
currentSize : 43 <-- 19.059908 s
currentSize : 46 <-- 19.062220 s
currentSize : 48 <-- 19.062361 s
currentSize : 50 <-- 35.184681 s

maxsize : 50
nodes : 10148399.000000
filtered : 69204405.000000
time : 60.637966
