Parameters: GAD=1 vflib=1 dir=1 label=1 lowerbound=1 fileNameGp=../graphsdb/mcs50/rand/r005/mcs50_r005_s35.A66 fileNameGt=../graphsdb/mcs50/rand/r005/mcs50_r005_s35.B66
Reading graphs...
35 : 62
35 : 62
Initializing...
maxdom : 9
D->valSize : 175
Solving...
Blb : 3 (clique : 12)
currentSize : 12 <-- 0.000970 s
currentSize : 13 <-- 0.001558 s
currentSize : 14 <-- 0.005946 s
currentSize : 15 <-- 0.006029 s
currentSize : 16 <-- 0.072027 s
currentSize : 17 <-- 0.097614 s
currentSize : 18 <-- 0.156203 s

maxsize : 18
nodes : 53017.000000
filtered : 557189.000000
time : 0.197066
