Parameters: GAD=1 vflib=1 dir=1 label=1 lowerbound=1 fileNameGp=../graphsdb/mcs50/bvg/b03/mcs50_b03_s50.A59 fileNameGt=../graphsdb/mcs50/bvg/b03/mcs50_b03_s50.B59
Reading graphs...
50 : 75
50 : 75
Initializing...
maxdom : 11
D->valSize : 350
Solving...
Blb : 3 (clique : 21)
currentSize : 21 <-- 0.004349 s
currentSize : 22 <-- 0.355305 s
currentSize : 23 <-- 2.500206 s
currentSize : 24 <-- 2.503349 s
currentSize : 25 <-- 3.016272 s
currentSize : 26 <-- 3.902989 s
currentSize : 27 <-- 3.944540 s

maxsize : 27
nodes : 23243031.000000
filtered : 333122289.000000
time : 116.033051
