Parameters: GAD=1 vflib=1 dir=1 label=1 lowerbound=1 fileNameGp=../graphsdb/mcs50/m3D/m3D/mcs50_m3D_s60.A47 fileNameGt=../graphsdb/mcs50/m3D/m3D/mcs50_m3D_s60.B47
Reading graphs...
60 : 134
60 : 134
Initializing...
maxdom : 7
D->valSize : 256
Solving...
Blb : 2 (clique : 24)
currentSize : 24 <-- 0.002134 s
currentSize : 25 <-- 0.093863 s
currentSize : 26 <-- 0.175590 s
currentSize : 27 <-- 0.355605 s
currentSize : 28 <-- 0.565834 s
currentSize : 29 <-- 0.689669 s
currentSize : 30 <-- 1.675334 s

maxsize : 30
nodes : 2888304.000000
filtered : 18199155.000000
time : 12.597516
