Parameters: GAD=1 vflib=1 dir=1 label=1 lowerbound=1 fileNameGp=../graphsdb/mcs50/m2D/m2D/mcs50_m2D_s100.A66 fileNameGt=../graphsdb/mcs50/m2D/m2D/mcs50_m2D_s100.B66
Reading graphs...
100 : 180
100 : 180
Initializing...
maxdom : 7
D->valSize : 360
Solving...
Blb : 2 (clique : 38)
currentSize : 38 <-- 0.003926 s
currentSize : 39 <-- 0.004255 s
currentSize : 40 <-- 0.005399 s
currentSize : 41 <-- 0.995669 s
currentSize : 42 <-- 0.995735 s
currentSize : 43 <-- 1.004079 s
currentSize : 44 <-- 1.481236 s
currentSize : 45 <-- 1.481467 s
currentSize : 46 <-- 1.484867 s
currentSize : 47 <-- 77.076622 s
currentSize : 48 <-- 1822.010010 s
currentSize : 49 <-- 1825.579468 s
currentSize : 50 <-- 1914.217651 s

TIMEOUT
maxsize : 50
nodes : 731544305.000000
filtered : 2451422013.000000
time : 3600.000000
