Parameters: GAD=1 vflib=1 dir=1 label=1 lowerbound=1 fileNameGp=../graphsdb/mcs50/bvg/b03m/mcs50_b03m_s60.A09 fileNameGt=../graphsdb/mcs50/bvg/b03m/mcs50_b03m_s60.B09
Reading graphs...
60 : 90
60 : 90
Initializing...
maxdom : 8
D->valSize : 280
Solving...
Blb : 2 (clique : 28)
currentSize : 28 <-- 0.003290 s
currentSize : 29 <-- 1.919972 s
currentSize : 30 <-- 1.942513 s
currentSize : 31 <-- 78.794029 s
currentSize : 32 <-- 80.964165 s
currentSize : 33 <-- 146.482025 s

maxsize : 33
nodes : 39522519.000000
filtered : 316474655.000000
time : 173.889648
