Parameters: GAD=1 vflib=1 dir=1 label=1 lowerbound=1 fileNameGp=../graphsdb/mcs50/bvg/b03/mcs50_b03_s90.A41 fileNameGt=../graphsdb/mcs50/bvg/b03/mcs50_b03_s90.B41
Reading graphs...
90 : 135
90 : 135
Initializing...
maxdom : 9
D->valSize : 555
Solving...
Blb : 2 (clique : 42)
currentSize : 42 <-- 0.006724 s
currentSize : 44 <-- 0.007841 s
currentSize : 45 <-- 0.275196 s
currentSize : 46 <-- 2.547493 s
currentSize : 47 <-- 14.910380 s
currentSize : 48 <-- 20.417154 s
currentSize : 49 <-- 186.056870 s

TIMEOUT
maxsize : 49
nodes : 700501118.000000
filtered : 3918858027.000000
time : 3600.000000
