Parameters: GAD=1 vflib=1 dir=1 label=1 lowerbound=1 fileNameGp=../graphsdb/mcs50/m4D/m4Dr6/mcs50_m4Dr6_s35.A64 fileNameGt=../graphsdb/mcs50/m4D/m4Dr6/mcs50_m4Dr6_s35.B64
Reading graphs...
35 : 84
35 : 83
Initializing...
maxdom : 7
D->valSize : 161
Solving...
Blb : 2 (clique : 11)
currentSize : 11 <-- 0.000910 s
currentSize : 12 <-- 0.001037 s
currentSize : 13 <-- 0.001974 s
currentSize : 14 <-- 0.002320 s
currentSize : 15 <-- 0.007185 s
currentSize : 16 <-- 0.008391 s
currentSize : 17 <-- 0.011744 s
currentSize : 18 <-- 0.017518 s

maxsize : 18
nodes : 7394.000000
filtered : 67331.000000
time : 0.026875
