Parameters: GAD=1 vflib=1 dir=1 label=1 lowerbound=1 fileNameGp=../graphsdb/mcs50/m3D/m3D/mcs50_m3D_s50.A98 fileNameGt=../graphsdb/mcs50/m3D/m3D/mcs50_m3D_s50.B98
Reading graphs...
50 : 109
50 : 109
Initializing...
maxdom : 12
D->valSize : 360
Solving...
Blb : 2 (clique : 16)
currentSize : 16 <-- 0.004441 s
currentSize : 17 <-- 0.004620 s
currentSize : 18 <-- 0.013978 s
currentSize : 19 <-- 0.023178 s
currentSize : 20 <-- 0.135288 s
currentSize : 21 <-- 0.711049 s
currentSize : 22 <-- 7.895343 s
currentSize : 25 <-- 17.943087 s
currentSize : 26 <-- 17.943153 s
currentSize : 27 <-- 17.943253 s
currentSize : 28 <-- 17.952168 s

maxsize : 28
nodes : 4579878.000000
filtered : 58793461.000000
time : 20.991123
