Parameters: GAD=1 vflib=1 dir=1 label=1 lowerbound=1 fileNameGp=../graphsdb/mcs50/m4D/m4Dr6/mcs50_m4Dr6_s30.A01 fileNameGt=../graphsdb/mcs50/m4D/m4Dr6/mcs50_m4Dr6_s30.B01
Reading graphs...
30 : 73
30 : 73
Initializing...
maxdom : 6
D->valSize : 125
Solving...
Blb : 3 (clique : 11)
currentSize : 11 <-- 0.000672 s
currentSize : 12 <-- 0.000775 s
currentSize : 14 <-- 0.000859 s
currentSize : 16 <-- 0.000877 s
currentSize : 17 <-- 0.000921 s

maxsize : 17
nodes : 1854.000000
filtered : 13193.000000
time : 0.006218
