Parameters: GAD=1 vflib=1 dir=1 label=1 lowerbound=1 fileNameGp=../graphsdb/mcs50/rand/r005/mcs50_r005_s60.A05 fileNameGt=../graphsdb/mcs50/rand/r005/mcs50_r005_s60.B05
Reading graphs...
60 : 176
60 : 176
Initializing...
maxdom : 6
D->valSize : 247
Solving...
Blb : 2 (clique : 16)
currentSize : 16 <-- 0.001690 s
currentSize : 17 <-- 0.001859 s
currentSize : 18 <-- 0.001951 s
currentSize : 21 <-- 0.003810 s
currentSize : 22 <-- 0.015015 s
currentSize : 23 <-- 0.017994 s
currentSize : 24 <-- 0.018433 s
currentSize : 25 <-- 0.128247 s
currentSize : 27 <-- 0.196081 s
currentSize : 28 <-- 0.196146 s
currentSize : 29 <-- 0.650352 s
currentSize : 30 <-- 0.650431 s

maxsize : 30
nodes : 362209.000000
filtered : 3149023.000000
time : 1.675882
