Parameters: GAD=1 vflib=1 dir=1 label=1 lowerbound=1 fileNameGp=../graphsdb/mcs50/m2D/m2Dr2/mcs50_m2Dr2_s60.A96 fileNameGt=../graphsdb/mcs50/m2D/m2Dr2/mcs50_m2Dr2_s60.B96
Reading graphs...
60 : 116
60 : 115
Initializing...
maxdom : 7
D->valSize : 260
Solving...
Blb : 2 (clique : 24)
currentSize : 24 <-- 0.002998 s
currentSize : 25 <-- 4.896600 s
currentSize : 26 <-- 7.342297 s
currentSize : 27 <-- 15.514059 s
currentSize : 28 <-- 69.923409 s

maxsize : 28
nodes : 39552978.000000
filtered : 282507463.000000
time : 172.484177
