Parameters: GAD=1 vflib=1 dir=1 label=1 lowerbound=1 fileNameGp=../graphsdb/mcs50/m2D/m2Dr4/mcs50_m2Dr4_s100.A65 fileNameGt=../graphsdb/mcs50/m2D/m2Dr4/mcs50_m2Dr4_s100.B65
Reading graphs...
100 : 220
100 : 219
Initializing...
maxdom : 7
D->valSize : 355
Solving...
Blb : 2 (clique : 39)
currentSize : 39 <-- 0.006223 s
currentSize : 41 <-- 0.006721 s
currentSize : 42 <-- 0.007082 s
currentSize : 43 <-- 0.066737 s
currentSize : 44 <-- 0.067102 s
currentSize : 45 <-- 0.136640 s
currentSize : 46 <-- 90.108803 s
currentSize : 48 <-- 90.209686 s

TIMEOUT
maxsize : 48
nodes : 717671439.000000
filtered : 2714943733.000000
time : 3600.000000
