Parameters: GAD=1 vflib=1 dir=1 label=1 lowerbound=1 fileNameGp=../graphsdb/mcs50/bvg/b09/mcs50_b09_s100.A51 fileNameGt=../graphsdb/mcs50/bvg/b09/mcs50_b09_s100.B51
Reading graphs...
100 : 450
100 : 450
Initializing...
maxdom : 6
D->valSize : 333
Solving...
Blb : 3 (clique : 46)
currentSize : 46 <-- 0.003457 s
currentSize : 47 <-- 2.958452 s
currentSize : 48 <-- 12.597966 s
currentSize : 49 <-- 12.602605 s
currentSize : 50 <-- 333.924500 s

maxsize : 50
nodes : 335783452.000000
filtered : 1409282640.000000
time : 1725.893677
