Parameters: GAD=1 vflib=1 dir=1 label=1 lowerbound=1 fileNameGp=../graphsdb/mcs50/m2D/m2Dr2/mcs50_m2Dr2_s70.A64 fileNameGt=../graphsdb/mcs50/m2D/m2Dr2/mcs50_m2Dr2_s70.B64
Reading graphs...
70 : 137
70 : 135
Initializing...
maxdom : 8
D->valSize : 354
Solving...
Blb : 2 (clique : 26)
currentSize : 26 <-- 0.003112 s
currentSize : 27 <-- 0.003335 s
currentSize : 28 <-- 0.004867 s
currentSize : 29 <-- 0.005191 s
currentSize : 30 <-- 0.019349 s
currentSize : 32 <-- 22.623884 s
currentSize : 33 <-- 22.640156 s
currentSize : 34 <-- 73.062187 s
currentSize : 35 <-- 73.076241 s
currentSize : 37 <-- 125.427742 s
currentSize : 39 <-- 179.968155 s

maxsize : 39
nodes : 60690876.000000
filtered : 383941441.000000
time : 284.927673
