Parameters: GAD=1 vflib=1 dir=1 label=1 lowerbound=1 fileNameGp=../graphsdb/mcs50/rand/r02/mcs50_r02_s35.A66 fileNameGt=../graphsdb/mcs50/rand/r02/mcs50_r02_s35.B66
Reading graphs...
35 : 237
35 : 237
Initializing...
maxdom : 9
D->valSize : 170
Solving...
Blb : 2 (clique : 6)
currentSize : 6 <-- 0.000857 s
currentSize : 7 <-- 0.000910 s
currentSize : 8 <-- 0.000944 s
currentSize : 12 <-- 0.000977 s
currentSize : 17 <-- 0.001780 s

maxsize : 17
nodes : 443.000000
filtered : 8949.000000
time : 0.002641
