Parameters: GAD=1 vflib=1 dir=1 label=1 lowerbound=1 fileNameGp=../graphsdb/mcs50/m2D/m2D/mcs50_m2D_s30.A43 fileNameGt=../graphsdb/mcs50/m2D/m2D/mcs50_m2D_s30.B43
Reading graphs...
30 : 49
30 : 49
Initializing...
maxdom : 6
D->valSize : 136
Solving...
Blb : 2 (clique : 13)
currentSize : 13 <-- 0.000761 s
currentSize : 14 <-- 0.002667 s
currentSize : 15 <-- 0.002720 s
currentSize : 16 <-- 0.007414 s
currentSize : 17 <-- 0.007666 s

maxsize : 17
nodes : 7066.000000
filtered : 51174.000000
time : 0.022777
