Parameters: GAD=1 vflib=1 dir=1 label=1 lowerbound=1 fileNameGp=../graphsdb/mcs50/bvg/b09/mcs50_b09_s90.A58 fileNameGt=../graphsdb/mcs50/bvg/b09/mcs50_b09_s90.B58
Reading graphs...
90 : 405
90 : 405
Initializing...
maxdom : 10
D->valSize : 547
Solving...
Blb : 2 (clique : 22)
currentSize : 22 <-- 0.006149 s
currentSize : 23 <-- 0.034740 s
currentSize : 24 <-- 0.078857 s
currentSize : 25 <-- 0.776773 s
currentSize : 26 <-- 29.955233 s
currentSize : 27 <-- 30.028885 s
currentSize : 28 <-- 43.525974 s
currentSize : 29 <-- 227.771729 s
currentSize : 30 <-- 230.304688 s
currentSize : 31 <-- 231.584213 s
currentSize : 32 <-- 231.593475 s
currentSize : 33 <-- 272.082062 s
currentSize : 34 <-- 272.082733 s
currentSize : 35 <-- 272.129730 s
currentSize : 36 <-- 275.098053 s
currentSize : 37 <-- 275.126862 s
currentSize : 38 <-- 275.588837 s
currentSize : 39 <-- 777.978088 s
currentSize : 40 <-- 1133.107666 s
currentSize : 42 <-- 1648.148682 s
currentSize : 43 <-- 1648.160767 s
currentSize : 44 <-- 1648.378052 s

maxsize : 44
nodes : 558414150.000000
filtered : 3373711707.000000
time : 2870.544434
