Parameters: GAD=1 vflib=1 dir=1 label=1 lowerbound=1 fileNameGp=../graphsdb/mcs50/m4D/m4D/mcs50_m4D_s35.A58 fileNameGt=../graphsdb/mcs50/m4D/m4D/mcs50_m4D_s35.B58
Reading graphs...
35 : 63
35 : 63
Initializing...
maxdom : 8
D->valSize : 180
Solving...
Blb : 2 (clique : 12)
currentSize : 12 <-- 0.000941 s
currentSize : 13 <-- 0.001014 s
currentSize : 14 <-- 0.006326 s
currentSize : 15 <-- 0.033084 s
currentSize : 16 <-- 0.033118 s
currentSize : 17 <-- 0.406833 s
currentSize : 18 <-- 0.485054 s

maxsize : 18
nodes : 216204.000000
filtered : 2119202.000000
time : 0.819403
