Parameters: GAD=1 vflib=1 dir=1 label=1 lowerbound=1 fileNameGp=../graphsdb/mcs50/bvg/b09/mcs50_b09_s50.A90 fileNameGt=../graphsdb/mcs50/bvg/b09/mcs50_b09_s50.B90
Reading graphs...
50 : 225
50 : 225
Initializing...
maxdom : 9
D->valSize : 321
Solving...
Blb : 2 (clique : 14)
currentSize : 14 <-- 0.002155 s
currentSize : 15 <-- 0.025528 s
currentSize : 16 <-- 0.176809 s
currentSize : 17 <-- 0.176843 s
currentSize : 18 <-- 0.176916 s
currentSize : 19 <-- 0.176960 s
currentSize : 20 <-- 0.181042 s
currentSize : 22 <-- 0.181232 s
currentSize : 24 <-- 0.181289 s

maxsize : 24
nodes : 143658.000000
filtered : 2369952.000000
time : 0.688849
