Parameters: GAD=1 vflib=1 dir=1 label=1 lowerbound=1 fileNameGp=../graphsdb/mcs50/m4D/m4D/mcs50_m4D_s35.A17 fileNameGt=../graphsdb/mcs50/m4D/m4D/mcs50_m4D_s35.B17
Reading graphs...
35 : 63
35 : 63
Initializing...
maxdom : 10
D->valSize : 169
Solving...
Blb : 2 (clique : 14)
currentSize : 14 <-- 0.000878 s
currentSize : 15 <-- 0.006934 s
currentSize : 16 <-- 0.030438 s
currentSize : 17 <-- 0.041097 s
currentSize : 18 <-- 0.153634 s

maxsize : 18
nodes : 49410.000000
filtered : 538526.000000
time : 0.182058
