Parameters: GAD=1 vflib=1 dir=1 label=1 lowerbound=1 fileNameGp=../graphsdb/mcs50/rand/r005/mcs50_r005_s40.A87 fileNameGt=../graphsdb/mcs50/rand/r005/mcs50_r005_s40.B87
Reading graphs...
40 : 78
40 : 78
Initializing...
maxdom : 7
D->valSize : 212
Solving...
Blb : 3 (clique : 15)
currentSize : 15 <-- 0.001892 s
currentSize : 16 <-- 0.002196 s
currentSize : 17 <-- 0.050256 s
currentSize : 19 <-- 0.166539 s
currentSize : 20 <-- 0.237822 s
currentSize : 22 <-- 0.531112 s

maxsize : 22
nodes : 216183.000000
filtered : 2271448.000000
time : 1.028461
