Parameters: GAD=1 vflib=1 dir=1 label=1 lowerbound=1 fileNameGp=../graphsdb/mcs50/bvg/b09/mcs50_b09_s70.A86 fileNameGt=../graphsdb/mcs50/bvg/b09/mcs50_b09_s70.B86
Reading graphs...
70 : 315
70 : 315
Initializing...
maxdom : 9
D->valSize : 359
Solving...
Blb : 3 (clique : 28)
currentSize : 28 <-- 0.003103 s
currentSize : 29 <-- 0.003469 s
currentSize : 30 <-- 0.003570 s
currentSize : 32 <-- 0.041598 s
currentSize : 34 <-- 0.041706 s

maxsize : 34
nodes : 1408110.000000
filtered : 9104259.000000
time : 6.248355
