Parameters: GAD=1 vflib=1 dir=1 label=1 lowerbound=1 fileNameGp=../graphsdb/mcs50/rand/r02/mcs50_r02_s90.A58 fileNameGt=../graphsdb/mcs50/rand/r02/mcs50_r02_s90.B58
Reading graphs...
90 : 1601
90 : 1601
Initializing...
maxdom : 12
D->valSize : 544
Solving...
Blb : 2 (clique : 8)
currentSize : 8 <-- 0.005671 s
currentSize : 9 <-- 0.005789 s
currentSize : 12 <-- 0.005833 s
currentSize : 18 <-- 0.008420 s
currentSize : 21 <-- 0.015864 s
currentSize : 25 <-- 0.016927 s
currentSize : 27 <-- 0.036295 s
currentSize : 45 <-- 0.057639 s

maxsize : 45
nodes : 10263.000000
filtered : 373056.000000
time : 0.085251
