Parameters: GAD=1 vflib=1 dir=1 label=1 lowerbound=1 fileNameGp=../graphsdb/mcs50/bvg/b06m/mcs50_b06m_s40.A38 fileNameGt=../graphsdb/mcs50/bvg/b06m/mcs50_b06m_s40.B38
Reading graphs...
40 : 120
40 : 120
Initializing...
maxdom : 10
D->valSize : 210
Solving...
Blb : 3 (clique : 17)
currentSize : 17 <-- 0.001281 s
currentSize : 18 <-- 0.006054 s
currentSize : 19 <-- 0.074418 s
currentSize : 20 <-- 0.088591 s
currentSize : 21 <-- 0.108636 s

maxsize : 21
nodes : 29587.000000
filtered : 372876.000000
time : 0.125445
