Parameters: GAD=1 vflib=1 dir=1 label=1 lowerbound=1 fileNameGp=../graphsdb/mcs50/bvg/b09/mcs50_b09_s60.A53 fileNameGt=../graphsdb/mcs50/bvg/b09/mcs50_b09_s60.B53
Reading graphs...
60 : 270
60 : 270
Initializing...
maxdom : 7
D->valSize : 254
Solving...
Blb : 2 (clique : 21)
currentSize : 21 <-- 0.001925 s
currentSize : 22 <-- 0.002085 s
currentSize : 23 <-- 0.002311 s
currentSize : 24 <-- 0.002415 s
currentSize : 25 <-- 0.005961 s
currentSize : 26 <-- 0.006558 s
currentSize : 27 <-- 0.006627 s
currentSize : 28 <-- 0.141699 s
currentSize : 29 <-- 0.142839 s
currentSize : 30 <-- 0.142912 s
currentSize : 31 <-- 0.142999 s

maxsize : 31
nodes : 97623.000000
filtered : 684985.000000
time : 0.401057
