Parameters: GAD=1 vflib=1 dir=1 label=1 lowerbound=1 fileNameGp=../graphsdb/mcs50/m2D/m2Dr6/mcs50_m2Dr6_s80.A44 fileNameGt=../graphsdb/mcs50/m2D/m2Dr6/mcs50_m2Dr6_s80.B44
Reading graphs...
80 : 190
80 : 190
Initializing...
maxdom : 8
D->valSize : 428
Solving...
Blb : 2 (clique : 27)
currentSize : 27 <-- 0.007094 s
currentSize : 28 <-- 0.007592 s
currentSize : 29 <-- 0.010954 s
currentSize : 30 <-- 0.013652 s
currentSize : 31 <-- 0.013746 s
currentSize : 32 <-- 0.023724 s
currentSize : 33 <-- 29.397255 s
currentSize : 34 <-- 1642.315430 s

TIMEOUT
maxsize : 34
nodes : 700714293.000000
filtered : 5996161293.000000
time : 3600.000000
