Parameters: GAD=1 vflib=1 dir=1 label=1 lowerbound=1 fileNameGp=../graphsdb/mcs50/m2D/m2D/mcs50_m2D_s30.A93 fileNameGt=../graphsdb/mcs50/m2D/m2D/mcs50_m2D_s30.B93
Reading graphs...
30 : 49
30 : 49
Initializing...
maxdom : 6
D->valSize : 133
Solving...
Blb : 2 (clique : 12)
currentSize : 12 <-- 0.000730 s
currentSize : 14 <-- 0.000819 s
currentSize : 15 <-- 0.000925 s
currentSize : 16 <-- 0.032278 s
currentSize : 17 <-- 0.044287 s
currentSize : 18 <-- 0.044311 s

maxsize : 18
nodes : 14351.000000
filtered : 117478.000000
time : 0.046208
