Parameters: GAD=1 vflib=1 dir=1 label=1 lowerbound=1 fileNameGp=../graphsdb/mcs50/m2D/m2Dr4/mcs50_m2Dr4_s50.A91 fileNameGt=../graphsdb/mcs50/m2D/m2Dr4/mcs50_m2Dr4_s50.B91
Reading graphs...
50 : 105
50 : 105
Initializing...
maxdom : 9
D->valSize : 321
Solving...
Blb : 2 (clique : 23)
currentSize : 23 <-- 0.003731 s
currentSize : 24 <-- 1.549010 s
currentSize : 25 <-- 15.304351 s
currentSize : 26 <-- 18.092516 s
currentSize : 27 <-- 21.081120 s

maxsize : 27
nodes : 5013215.000000
filtered : 58572020.000000
time : 22.879654
