Parameters: GAD=1 vflib=1 dir=1 label=1 lowerbound=1 fileNameGp=../graphsdb/mcs50/rand/r005/mcs50_r005_s100.A52 fileNameGt=../graphsdb/mcs50/rand/r005/mcs50_r005_s100.B52
Reading graphs...
100 : 494
100 : 494
Initializing...
maxdom : 9
D->valSize : 369
Solving...
Blb : 2 (clique : 28)
currentSize : 28 <-- 0.003824 s
currentSize : 29 <-- 0.004078 s
currentSize : 32 <-- 0.004308 s
currentSize : 36 <-- 0.009741 s
currentSize : 39 <-- 0.010065 s
currentSize : 43 <-- 0.059144 s
currentSize : 45 <-- 0.059319 s
currentSize : 50 <-- 10.013021 s

maxsize : 50
nodes : 3126626.000000
filtered : 25148797.000000
time : 19.526712
