Parameters: GAD=1 vflib=1 dir=1 label=1 lowerbound=1 fileNameGp=../graphsdb/mcs50/m2D/m2D/mcs50_m2D_s60.A00 fileNameGt=../graphsdb/mcs50/m2D/m2D/mcs50_m2D_s60.B00
Reading graphs...
60 : 104
60 : 104
Initializing...
maxdom : 8
D->valSize : 238
Solving...
Blb : 3 (clique : 24)
currentSize : 24 <-- 0.001786 s
currentSize : 25 <-- 0.429912 s
currentSize : 26 <-- 10.509856 s
currentSize : 27 <-- 22.138741 s
currentSize : 28 <-- 28.583544 s
currentSize : 29 <-- 31.993284 s

maxsize : 29
nodes : 8730605.000000
filtered : 58294116.000000
time : 36.816898
