Parameters: GAD=1 vflib=1 dir=1 label=1 lowerbound=1 fileNameGp=../graphsdb/mcs50/m3D/m3Dr6/mcs50_m3Dr6_s60.A85 fileNameGt=../graphsdb/mcs50/m3D/m3Dr6/mcs50_m3Dr6_s60.B85
Reading graphs...
60 : 170
60 : 169
Initializing...
maxdom : 6
D->valSize : 234
Solving...
Blb : 2 (clique : 23)
currentSize : 23 <-- 0.002571 s
currentSize : 24 <-- 0.002900 s
currentSize : 25 <-- 0.004235 s
currentSize : 26 <-- 0.013080 s
currentSize : 27 <-- 0.050592 s
currentSize : 28 <-- 2.915078 s

maxsize : 28
nodes : 2165199.000000
filtered : 9438187.000000
time : 8.070363
