Parameters: GAD=1 vflib=1 dir=1 label=1 lowerbound=1 fileNameGp=../graphsdb/mcs50/bvg/b03m/mcs50_b03m_s40.A79 fileNameGt=../graphsdb/mcs50/bvg/b03m/mcs50_b03m_s40.B79
Reading graphs...
40 : 60
40 : 60
Initializing...
maxdom : 7
D->valSize : 212
Solving...
Blb : 5 (clique : 18)
currentSize : 18 <-- 0.001206 s
currentSize : 19 <-- 0.013746 s
currentSize : 20 <-- 0.039743 s
currentSize : 21 <-- 0.464775 s
currentSize : 22 <-- 3.582527 s

maxsize : 22
nodes : 1592821.000000
filtered : 14668823.000000
time : 6.142133
