Parameters: GAD=1 vflib=1 dir=1 label=1 lowerbound=1 fileNameGp=../graphsdb/mcs50/m2D/m2Dr2/mcs50_m2Dr2_s40.A22 fileNameGt=../graphsdb/mcs50/m2D/m2Dr2/mcs50_m2Dr2_s40.B22
Reading graphs...
40 : 75
40 : 75
Initializing...
maxdom : 8
D->valSize : 220
Solving...
Blb : 2 (clique : 16)
currentSize : 16 <-- 0.001246 s
currentSize : 18 <-- 0.008210 s
currentSize : 19 <-- 0.214466 s
currentSize : 20 <-- 0.257643 s
currentSize : 21 <-- 0.258452 s

maxsize : 21
nodes : 229626.000000
filtered : 2222888.000000
time : 0.903670
