Parameters: GAD=1 vflib=1 dir=1 label=1 lowerbound=1 fileNameGp=../graphsdb/mcs50/bvg/b03/mcs50_b03_s80.A63 fileNameGt=../graphsdb/mcs50/bvg/b03/mcs50_b03_s80.B63
Reading graphs...
80 : 120
80 : 120
Initializing...
maxdom : 8
D->valSize : 399
Solving...
Blb : 5 (clique : 30)
currentSize : 30 <-- 0.006447 s
currentSize : 34 <-- 0.006775 s
currentSize : 35 <-- 0.033978 s
currentSize : 36 <-- 133.216812 s
currentSize : 37 <-- 133.230652 s
currentSize : 38 <-- 314.481812 s
currentSize : 39 <-- 942.426636 s
currentSize : 40 <-- 942.491089 s

TIMEOUT
maxsize : 40
nodes : 711188823.000000
filtered : 5146373371.000000
time : 3600.000000
