Parameters: GAD=1 vflib=1 dir=1 label=1 lowerbound=1 fileNameGp=../graphsdb/mcs50/rand/r005/mcs50_r005_s60.A98 fileNameGt=../graphsdb/mcs50/rand/r005/mcs50_r005_s60.B98
Reading graphs...
60 : 176
60 : 176
Initializing...
maxdom : 7
D->valSize : 267
Solving...
Blb : 2 (clique : 20)
currentSize : 20 <-- 0.003030 s
currentSize : 21 <-- 0.148617 s
currentSize : 22 <-- 0.497536 s
currentSize : 23 <-- 0.593078 s
currentSize : 24 <-- 3.289191 s
currentSize : 25 <-- 5.612632 s
currentSize : 27 <-- 9.549249 s
currentSize : 28 <-- 9.549470 s
currentSize : 29 <-- 9.549746 s
currentSize : 30 <-- 9.549823 s

maxsize : 30
nodes : 2229071.000000
filtered : 20903380.000000
time : 10.539016
