Parameters: GAD=1 vflib=1 dir=1 label=1 lowerbound=1 fileNameGp=../graphsdb/mcs50/m4D/m4Dr4/mcs50_m4Dr4_s40.A21 fileNameGt=../graphsdb/mcs50/m4D/m4Dr4/mcs50_m4Dr4_s40.B21
Reading graphs...
40 : 87
40 : 86
Initializing...
maxdom : 10
D->valSize : 227
Solving...
Blb : 2 (clique : 12)
currentSize : 12 <-- 0.002034 s
currentSize : 13 <-- 0.002152 s
currentSize : 14 <-- 0.002251 s
currentSize : 15 <-- 0.002602 s
currentSize : 16 <-- 0.012112 s
currentSize : 17 <-- 0.012807 s

maxsize : 17
nodes : 170309.000000
filtered : 2178369.000000
time : 0.820463
