Parameters: GAD=1 vflib=1 dir=1 label=1 lowerbound=1 fileNameGp=../graphsdb/mcs50/bvg/b09/mcs50_b09_s40.A31 fileNameGt=../graphsdb/mcs50/bvg/b09/mcs50_b09_s40.B31
Reading graphs...
40 : 180
40 : 180
Initializing...
maxdom : 9
D->valSize : 221
Solving...
Blb : 5 (clique : 10)
currentSize : 10 <-- 0.001180 s
currentSize : 11 <-- 0.002337 s
currentSize : 12 <-- 0.006416 s
currentSize : 13 <-- 0.006445 s
currentSize : 15 <-- 0.006482 s
currentSize : 16 <-- 0.007350 s
currentSize : 19 <-- 0.007651 s
currentSize : 20 <-- 0.007684 s

maxsize : 20
nodes : 5534.000000
filtered : 53572.000000
time : 0.021969
