Parameters: GAD=1 vflib=1 dir=1 label=1 lowerbound=1 fileNameGp=../graphsdb/mcs50/bvg/b09m/mcs50_b09m_s30.A47 fileNameGt=../graphsdb/mcs50/bvg/b09m/mcs50_b09m_s30.B47
Reading graphs...
30 : 135
30 : 135
Initializing...
maxdom : 7
D->valSize : 139
Solving...
Blb : 2 (clique : 8)
currentSize : 8 <-- 0.000800 s
currentSize : 10 <-- 0.000844 s
currentSize : 12 <-- 0.000875 s
currentSize : 13 <-- 0.000898 s
currentSize : 14 <-- 0.002740 s

maxsize : 14
nodes : 1309.000000
filtered : 14027.000000
time : 0.004898
