Parameters: GAD=1 vflib=1 dir=1 label=1 lowerbound=1 fileNameGp=../graphsdb/mcs50/bvg/b06/mcs50_b06_s80.A78 fileNameGt=../graphsdb/mcs50/bvg/b06/mcs50_b06_s80.B78
Reading graphs...
80 : 240
80 : 240
Initializing...
maxdom : 8
D->valSize : 426
Solving...
Blb : 3 (clique : 25)
currentSize : 25 <-- 0.004143 s
currentSize : 27 <-- 0.004328 s
currentSize : 28 <-- 1.323253 s
currentSize : 29 <-- 1.323331 s
currentSize : 31 <-- 3.487810 s
currentSize : 32 <-- 7.519590 s
currentSize : 33 <-- 7.521912 s
currentSize : 34 <-- 18.596601 s
currentSize : 35 <-- 116.551125 s
currentSize : 36 <-- 254.712433 s
currentSize : 37 <-- 535.470581 s
currentSize : 38 <-- 535.470703 s
currentSize : 39 <-- 669.008118 s
currentSize : 40 <-- 1223.352539 s
currentSize : 41 <-- 1223.353882 s

maxsize : 41
nodes : 361368382.000000
filtered : 3611412714.000000
time : 1989.161499
