Parameters: GAD=1 vflib=1 dir=1 label=1 lowerbound=1 fileNameGp=../graphsdb/mcs50/bvg/b06/mcs50_b06_s80.A39 fileNameGt=../graphsdb/mcs50/bvg/b06/mcs50_b06_s80.B39
Reading graphs...
80 : 240
80 : 240
Initializing...
maxdom : 9
D->valSize : 428
Solving...
Blb : 3 (clique : 27)
currentSize : 27 <-- 0.004391 s
currentSize : 33 <-- 0.004614 s
currentSize : 34 <-- 0.004763 s
currentSize : 35 <-- 0.004963 s
currentSize : 39 <-- 0.006606 s
currentSize : 40 <-- 0.006771 s
currentSize : 41 <-- 0.007264 s

maxsize : 41
nodes : 113753952.000000
filtered : 778455541.000000
time : 558.743042
