Parameters: GAD=1 vflib=1 dir=1 label=1 lowerbound=1 fileNameGp=../graphsdb/mcs50/rand/r01/mcs50_r01_s70.A53 fileNameGt=../graphsdb/mcs50/rand/r01/mcs50_r01_s70.B53
Reading graphs...
70 : 482
70 : 482
Initializing...
maxdom : 7
D->valSize : 321
Solving...
Blb : 2 (clique : 11)
currentSize : 11 <-- 0.002493 s
currentSize : 12 <-- 0.002580 s
currentSize : 13 <-- 0.002610 s
currentSize : 14 <-- 0.005252 s
currentSize : 15 <-- 0.009077 s
currentSize : 17 <-- 0.039359 s
currentSize : 21 <-- 0.075725 s
currentSize : 25 <-- 0.179299 s
currentSize : 32 <-- 0.193291 s
currentSize : 35 <-- 0.193422 s

maxsize : 35
nodes : 51261.000000
filtered : 708343.000000
time : 0.281476
