Parameters: GAD=1 vflib=1 dir=1 label=1 lowerbound=1 fileNameGp=../graphsdb/mcs50/m3D/m3Dr6/mcs50_m3Dr6_s60.A28 fileNameGt=../graphsdb/mcs50/m3D/m3Dr6/mcs50_m3Dr6_s60.B28
Reading graphs...
60 : 170
60 : 169
Initializing...
maxdom : 7
D->valSize : 256
Solving...
Blb : 5 (clique : 17)
currentSize : 17 <-- 0.001729 s
currentSize : 18 <-- 0.059909 s
currentSize : 19 <-- 0.146097 s
currentSize : 20 <-- 0.362218 s
currentSize : 21 <-- 0.559123 s
currentSize : 22 <-- 1.287669 s
currentSize : 23 <-- 2.438654 s
currentSize : 24 <-- 6.382339 s
currentSize : 25 <-- 10.139347 s
currentSize : 26 <-- 15.090019 s
currentSize : 27 <-- 15.149215 s
currentSize : 28 <-- 22.192331 s

maxsize : 28
nodes : 5622447.000000
filtered : 53606147.000000
time : 25.943316
