Parameters: GAD=1 vflib=1 dir=1 label=1 lowerbound=1 fileNameGp=../graphsdb/mcs50/rand/r02/mcs50_r02_s50.A87 fileNameGt=../graphsdb/mcs50/rand/r02/mcs50_r02_s50.B87
Reading graphs...
50 : 489
50 : 489
Initializing...
maxdom : 9
D->valSize : 318
Solving...
Blb : 5 (clique : 7)
currentSize : 7 <-- 0.002197 s
currentSize : 8 <-- 0.002395 s
currentSize : 9 <-- 0.010593 s
currentSize : 10 <-- 0.010638 s
currentSize : 12 <-- 0.010967 s
currentSize : 13 <-- 0.011670 s
currentSize : 16 <-- 0.011755 s
currentSize : 18 <-- 0.014745 s
currentSize : 25 <-- 0.014817 s

maxsize : 25
nodes : 3954.000000
filtered : 81874.000000
time : 0.022001
