Parameters: GAD=1 vflib=1 dir=1 label=1 lowerbound=1 fileNameGp=../graphsdb/mcs50/bvg/b03/mcs50_b03_s90.A60 fileNameGt=../graphsdb/mcs50/bvg/b03/mcs50_b03_s90.B60
Reading graphs...
90 : 135
90 : 135
Initializing...
maxdom : 8
D->valSize : 545
Solving...
Blb : 2 (clique : 38)
currentSize : 38 <-- 0.006810 s
currentSize : 40 <-- 0.007112 s
currentSize : 41 <-- 0.007508 s
currentSize : 42 <-- 0.028196 s
currentSize : 43 <-- 2.593426 s
currentSize : 44 <-- 9.555039 s
currentSize : 45 <-- 15.713905 s
currentSize : 46 <-- 86.510971 s

TIMEOUT
maxsize : 46
nodes : 639837139.000000
filtered : 6395566981.000000
time : 3600.000000
