Parameters: GAD=1 vflib=1 dir=1 label=1 lowerbound=1 fileNameGp=../graphsdb/mcs50/bvg/b09/mcs50_b09_s100.A58 fileNameGt=../graphsdb/mcs50/bvg/b09/mcs50_b09_s100.B58
Reading graphs...
100 : 450
100 : 450
Initializing...
maxdom : 7
D->valSize : 359
Solving...
Blb : 2 (clique : 23)
currentSize : 23 <-- 0.003636 s
currentSize : 24 <-- 0.864942 s
currentSize : 25 <-- 2.460470 s
currentSize : 26 <-- 6.315871 s
currentSize : 27 <-- 6.428890 s
currentSize : 28 <-- 8.098216 s
currentSize : 30 <-- 9.934115 s
currentSize : 31 <-- 9.935654 s
currentSize : 36 <-- 26.544436 s
currentSize : 37 <-- 192.152710 s
currentSize : 38 <-- 251.437683 s
currentSize : 40 <-- 251.519104 s
currentSize : 41 <-- 251.520157 s
currentSize : 42 <-- 251.526367 s
currentSize : 43 <-- 406.398254 s
currentSize : 44 <-- 406.402863 s
currentSize : 45 <-- 406.403534 s
currentSize : 46 <-- 406.410309 s
currentSize : 47 <-- 406.418823 s
currentSize : 48 <-- 406.419220 s
currentSize : 49 <-- 406.420410 s
currentSize : 50 <-- 406.429443 s

maxsize : 50
nodes : 149289969.000000
filtered : 623524030.000000
time : 755.657654
