Parameters: GAD=1 vflib=1 dir=1 label=1 lowerbound=1 fileNameGp=../graphsdb/mcs50/m2D/m2Dr6/mcs50_m2Dr6_s100.A55 fileNameGt=../graphsdb/mcs50/m2D/m2Dr6/mcs50_m2Dr6_s100.B55
Reading graphs...
100 : 240
100 : 240
Initializing...
maxdom : 7
D->valSize : 358
Solving...
Blb : 3 (clique : 37)
currentSize : 37 <-- 0.003790 s
currentSize : 38 <-- 0.196375 s
currentSize : 39 <-- 3.269093 s
currentSize : 40 <-- 3.411468 s
currentSize : 41 <-- 489.671021 s
currentSize : 42 <-- 503.455414 s

TIMEOUT
maxsize : 42
nodes : 669646264.000000
filtered : 3002970121.000000
time : 3600.000000
