Parameters: GAD=1 vflib=1 dir=1 label=1 lowerbound=1 fileNameGp=../graphsdb/mcs50/m3D/m3D/mcs50_m3D_s50.A83 fileNameGt=../graphsdb/mcs50/m3D/m3D/mcs50_m3D_s50.B83
Reading graphs...
50 : 109
50 : 109
Initializing...
maxdom : 8
D->valSize : 320
Solving...
Blb : 2 (clique : 20)
currentSize : 20 <-- 0.003725 s
currentSize : 24 <-- 0.003946 s
currentSize : 25 <-- 0.004156 s
currentSize : 26 <-- 0.004326 s
currentSize : 27 <-- 0.004574 s

maxsize : 27
nodes : 1442860.000000
filtered : 15907551.000000
time : 6.702467
