Parameters: GAD=1 vflib=1 dir=1 label=1 lowerbound=1 fileNameGp=../graphsdb/mcs50/m2D/m2Dr6/mcs50_m2Dr6_s100.A02 fileNameGt=../graphsdb/mcs50/m2D/m2Dr6/mcs50_m2Dr6_s100.B02
Reading graphs...
100 : 240
100 : 239
Initializing...
maxdom : 7
D->valSize : 386
Solving...
Blb : 2 (clique : 39)
currentSize : 39 <-- 0.004148 s
currentSize : 40 <-- 0.004630 s
currentSize : 41 <-- 0.006192 s
currentSize : 42 <-- 0.011636 s
currentSize : 43 <-- 5.065609 s
currentSize : 44 <-- 5.065670 s
currentSize : 45 <-- 5.111437 s
currentSize : 46 <-- 213.128479 s
currentSize : 48 <-- 213.140182 s
currentSize : 49 <-- 213.797806 s
currentSize : 50 <-- 222.000885 s

TIMEOUT
maxsize : 50
nodes : 801599117.000000
filtered : 2076277435.000000
time : 3600.000000
