Parameters: GAD=1 vflib=1 dir=1 label=1 lowerbound=1 fileNameGp=../graphsdb/mcs50/bvg/b09m/mcs50_b09m_s90.A14 fileNameGt=../graphsdb/mcs50/bvg/b09m/mcs50_b09m_s90.B14
Reading graphs...
90 : 405
90 : 405
Initializing...
maxdom : 12
D->valSize : 610
Solving...
Blb : 2 (clique : 26)
currentSize : 26 <-- 0.007337 s
currentSize : 27 <-- 0.007723 s
currentSize : 32 <-- 0.111911 s
currentSize : 33 <-- 0.116132 s
currentSize : 39 <-- 9.127290 s
currentSize : 41 <-- 9.127327 s
currentSize : 42 <-- 9.127456 s
currentSize : 43 <-- 9.134664 s
currentSize : 44 <-- 9.134816 s

maxsize : 44
nodes : 257692251.000000
filtered : 1049998756.000000
time : 1178.775635
