Parameters: GAD=1 vflib=1 dir=1 label=1 lowerbound=1 fileNameGp=../graphsdb/mcs50/bvg/b09m/mcs50_b09m_s80.A65 fileNameGt=../graphsdb/mcs50/bvg/b09m/mcs50_b09m_s80.B65
Reading graphs...
80 : 360
80 : 360
Initializing...
maxdom : 10
D->valSize : 462
Solving...
Blb : 3 (clique : 27)
currentSize : 27 <-- 0.004633 s
currentSize : 28 <-- 0.005778 s
currentSize : 29 <-- 0.005925 s
currentSize : 30 <-- 0.007755 s
currentSize : 31 <-- 0.309550 s
currentSize : 32 <-- 0.311370 s
currentSize : 34 <-- 0.311528 s
currentSize : 35 <-- 7.781717 s
currentSize : 37 <-- 7.782074 s
currentSize : 39 <-- 7.801117 s
currentSize : 40 <-- 7.802827 s

maxsize : 40
nodes : 13616134.000000
filtered : 82114572.000000
time : 64.934563
