Parameters: GAD=1 vflib=1 dir=1 label=1 lowerbound=1 fileNameGp=../graphsdb/mcs50/rand/r02/mcs50_r02_s100.A44 fileNameGt=../graphsdb/mcs50/rand/r02/mcs50_r02_s100.B44
Reading graphs...
100 : 1979
100 : 1979
Initializing...
maxdom : 7
D->valSize : 378
Solving...
Blb : 2 (clique : 9)
currentSize : 9 <-- 0.003771 s
currentSize : 11 <-- 0.003876 s
currentSize : 12 <-- 0.004102 s
currentSize : 14 <-- 0.004324 s
currentSize : 16 <-- 0.004590 s
currentSize : 18 <-- 0.004637 s
currentSize : 21 <-- 0.011757 s
currentSize : 24 <-- 0.014351 s
currentSize : 28 <-- 0.017274 s
currentSize : 50 <-- 0.018417 s

maxsize : 50
nodes : 5545.000000
filtered : 107882.000000
time : 0.043072
