Parameters: GAD=1 vflib=1 dir=1 label=1 lowerbound=1 fileNameGp=../graphsdb/mcs50/rand/r005/mcs50_r005_s90.A04 fileNameGt=../graphsdb/mcs50/rand/r005/mcs50_r005_s90.B04
Reading graphs...
90 : 399
90 : 399
Initializing...
maxdom : 11
D->valSize : 553
Solving...
Blb : 2 (clique : 20)
currentSize : 20 <-- 0.006352 s
currentSize : 21 <-- 0.006560 s
currentSize : 22 <-- 0.006721 s
currentSize : 23 <-- 0.105869 s
currentSize : 24 <-- 0.115764 s
currentSize : 25 <-- 0.305172 s
currentSize : 26 <-- 0.448696 s
currentSize : 27 <-- 0.661103 s
currentSize : 28 <-- 3.160223 s
currentSize : 29 <-- 9.982121 s
currentSize : 31 <-- 15.621735 s
currentSize : 32 <-- 15.621884 s
currentSize : 34 <-- 46.383633 s
currentSize : 35 <-- 72.596519 s
currentSize : 36 <-- 72.596779 s
currentSize : 39 <-- 80.675484 s
currentSize : 43 <-- 84.554573 s
currentSize : 45 <-- 112.124054 s

maxsize : 45
nodes : 18512276.000000
filtered : 297235148.000000
time : 125.557846
