Parameters: GAD=1 vflib=1 dir=1 label=1 lowerbound=1 fileNameGp=../graphsdb/mcs50/rand/r02/mcs50_r02_s30.A52 fileNameGt=../graphsdb/mcs50/rand/r02/mcs50_r02_s30.B52
Reading graphs...
30 : 173
30 : 173
Initializing...
maxdom : 7
D->valSize : 126
Solving...
Blb : 3 (clique : 5)
currentSize : 5 <-- 0.000776 s
currentSize : 6 <-- 0.000917 s
currentSize : 8 <-- 0.001020 s
currentSize : 10 <-- 0.001041 s
currentSize : 12 <-- 0.001699 s
currentSize : 15 <-- 0.001725 s

maxsize : 15
nodes : 407.000000
filtered : 5508.000000
time : 0.002061
