Parameters: GAD=1 vflib=1 dir=1 label=1 lowerbound=1 fileNameGp=../graphsdb/mcs50/rand/r02/mcs50_r02_s40.A32 fileNameGt=../graphsdb/mcs50/rand/r02/mcs50_r02_s40.B32
Reading graphs...
40 : 311
40 : 311
Initializing...
maxdom : 8
D->valSize : 227
Solving...
Blb : 2 (clique : 6)
currentSize : 6 <-- 0.001268 s
currentSize : 7 <-- 0.001354 s
currentSize : 8 <-- 0.001376 s
currentSize : 9 <-- 0.001522 s
currentSize : 12 <-- 0.002509 s
currentSize : 14 <-- 0.002538 s
currentSize : 20 <-- 0.006369 s

maxsize : 20
nodes : 1464.000000
filtered : 33437.000000
time : 0.007959
