Parameters: GAD=1 vflib=1 dir=1 label=1 lowerbound=1 fileNameGp=../graphsdb/mcs50/m2D/m2Dr6/mcs50_m2Dr6_s70.A90 fileNameGt=../graphsdb/mcs50/m2D/m2Dr6/mcs50_m2Dr6_s70.B90
Reading graphs...
70 : 165
70 : 164
Initializing...
maxdom : 8
D->valSize : 351
Solving...
Blb : 2 (clique : 25)
currentSize : 25 <-- 0.003111 s
currentSize : 26 <-- 0.003320 s
currentSize : 30 <-- 0.003379 s
currentSize : 31 <-- 0.003576 s
currentSize : 32 <-- 0.009557 s
currentSize : 33 <-- 0.009721 s
currentSize : 34 <-- 39.666561 s
currentSize : 36 <-- 70.161858 s
currentSize : 37 <-- 70.162109 s

maxsize : 37
nodes : 17471150.000000
filtered : 171371323.000000
time : 90.096840
