Parameters: GAD=1 vflib=1 dir=1 label=1 lowerbound=1 fileNameGp=../graphsdb/mcs50/rand/r02/mcs50_r02_s90.A69 fileNameGt=../graphsdb/mcs50/rand/r02/mcs50_r02_s90.B69
Reading graphs...
90 : 1601
90 : 1601
Initializing...
maxdom : 10
D->valSize : 562
Solving...
Blb : 2 (clique : 8)
currentSize : 8 <-- 0.005874 s
currentSize : 9 <-- 0.006265 s
currentSize : 10 <-- 0.007327 s
currentSize : 11 <-- 0.007462 s
currentSize : 12 <-- 0.007821 s
currentSize : 13 <-- 0.007910 s
currentSize : 15 <-- 0.008964 s
currentSize : 17 <-- 0.015041 s
currentSize : 23 <-- 0.015278 s
currentSize : 24 <-- 0.021459 s
currentSize : 27 <-- 0.024769 s
currentSize : 30 <-- 0.030054 s
currentSize : 45 <-- 0.030261 s

maxsize : 45
nodes : 6924.000000
filtered : 243625.000000
time : 0.059939
