Parameters: GAD=1 vflib=1 dir=1 label=1 lowerbound=1 fileNameGp=../graphsdb/mcs50/m4D/m4D/mcs50_m4D_s30.A56 fileNameGt=../graphsdb/mcs50/m4D/m4D/mcs50_m4D_s30.B56
Reading graphs...
30 : 55
30 : 55
Initializing...
maxdom : 7
D->valSize : 127
Solving...
Blb : 2 (clique : 13)
currentSize : 13 <-- 0.000790 s
currentSize : 14 <-- 0.000860 s
currentSize : 15 <-- 0.000912 s
currentSize : 16 <-- 0.004555 s
currentSize : 17 <-- 0.010231 s

maxsize : 17
nodes : 4543.000000
filtered : 29783.000000
time : 0.013851
