Parameters: GAD=1 vflib=1 dir=1 label=1 lowerbound=1 fileNameGp=../graphsdb/mcs50/rand/r02/mcs50_r02_s90.A94 fileNameGt=../graphsdb/mcs50/rand/r02/mcs50_r02_s90.B94
Reading graphs...
90 : 1601
90 : 1601
Initializing...
maxdom : 9
D->valSize : 542
Solving...
Blb : 2 (clique : 9)
currentSize : 9 <-- 0.007329 s
currentSize : 11 <-- 0.007578 s
currentSize : 13 <-- 0.008271 s
currentSize : 17 <-- 0.010634 s
currentSize : 18 <-- 0.013216 s
currentSize : 19 <-- 0.015782 s
currentSize : 29 <-- 0.017393 s
currentSize : 32 <-- 0.022055 s
currentSize : 45 <-- 0.027955 s

maxsize : 45
nodes : 5301.000000
filtered : 179851.000000
time : 0.047508
