Parameters: GAD=1 vflib=1 dir=1 label=1 lowerbound=1 fileNameGp=../graphsdb/mcs50/bvg/b06m/mcs50_b06m_s50.A87 fileNameGt=../graphsdb/mcs50/bvg/b06m/mcs50_b06m_s50.B87
Reading graphs...
50 : 150
50 : 150
Initializing...
maxdom : 8
D->valSize : 306
Solving...
Blb : 2 (clique : 16)
currentSize : 16 <-- 0.002246 s
currentSize : 17 <-- 0.003176 s
currentSize : 18 <-- 0.039596 s
currentSize : 20 <-- 0.872627 s
currentSize : 21 <-- 0.872717 s
currentSize : 22 <-- 3.535405 s
currentSize : 23 <-- 3.536075 s
currentSize : 24 <-- 4.485695 s
currentSize : 25 <-- 4.486584 s
currentSize : 26 <-- 4.486937 s

maxsize : 26
nodes : 1100350.000000
filtered : 13195587.000000
time : 5.047507
