Parameters: GAD=1 vflib=1 dir=1 label=1 lowerbound=1 fileNameGp=../graphsdb/mcs50/bvg/b06/mcs50_b06_s30.A14 fileNameGt=../graphsdb/mcs50/bvg/b06/mcs50_b06_s30.B14
Reading graphs...
30 : 90
30 : 90
Initializing...
maxdom : 9
D->valSize : 121
Solving...
Blb : 2 (clique : 7)
currentSize : 7 <-- 0.000882 s
currentSize : 8 <-- 0.000960 s
currentSize : 9 <-- 0.001235 s
currentSize : 10 <-- 0.001346 s
currentSize : 12 <-- 0.002291 s
currentSize : 13 <-- 0.003125 s
currentSize : 14 <-- 0.004268 s
currentSize : 15 <-- 0.004513 s
currentSize : 16 <-- 0.005583 s

maxsize : 16
nodes : 1136.000000
filtered : 13382.000000
time : 0.006971
