Parameters: GAD=1 vflib=1 dir=1 label=1 lowerbound=1 fileNameGp=../graphsdb/mcs50/m2D/m2Dr6/mcs50_m2Dr6_s100.A44 fileNameGt=../graphsdb/mcs50/m2D/m2Dr6/mcs50_m2Dr6_s100.B44
Reading graphs...
100 : 240
100 : 237
Initializing...
maxdom : 7
D->valSize : 342
Solving...
Blb : 2 (clique : 37)
currentSize : 37 <-- 0.003551 s
currentSize : 38 <-- 6.636725 s
currentSize : 39 <-- 254.454254 s
currentSize : 40 <-- 254.757217 s
currentSize : 41 <-- 255.154099 s
currentSize : 42 <-- 255.843597 s
currentSize : 43 <-- 309.890167 s
currentSize : 44 <-- 1083.141357 s
currentSize : 45 <-- 1097.986694 s
currentSize : 46 <-- 1100.149292 s
currentSize : 47 <-- 1291.076294 s
currentSize : 48 <-- 1330.593262 s
currentSize : 49 <-- 1331.003174 s

TIMEOUT
maxsize : 49
nodes : 660824610.000000
filtered : 3277259463.000000
time : 3600.000000
