Parameters: GAD=1 vflib=1 dir=1 label=1 lowerbound=1 fileNameGp=../graphsdb/mcs50/bvg/b06/mcs50_b06_s100.A32 fileNameGt=../graphsdb/mcs50/bvg/b06/mcs50_b06_s100.B32
Reading graphs...
100 : 300
100 : 300
Initializing...
maxdom : 8
D->valSize : 340
Solving...
Blb : 2 (clique : 31)
currentSize : 31 <-- 0.003510 s
currentSize : 33 <-- 0.003933 s
currentSize : 34 <-- 0.004507 s
currentSize : 36 <-- 0.006823 s
currentSize : 37 <-- 0.007112 s
currentSize : 38 <-- 0.014141 s
currentSize : 39 <-- 0.040693 s
currentSize : 40 <-- 0.049611 s
currentSize : 41 <-- 80.005051 s
currentSize : 42 <-- 920.554932 s
currentSize : 43 <-- 920.689270 s
currentSize : 44 <-- 920.731384 s
currentSize : 45 <-- 2247.147705 s
currentSize : 46 <-- 2298.103516 s
currentSize : 47 <-- 2298.110107 s

TIMEOUT
maxsize : 47
nodes : 665814903.000000
filtered : 3549460994.000000
time : 3600.000000
