Parameters: GAD=1 vflib=1 dir=1 label=1 lowerbound=1 fileNameGp=../graphsdb/mcs50/bvg/b06/mcs50_b06_s70.A90 fileNameGt=../graphsdb/mcs50/bvg/b06/mcs50_b06_s70.B90
Reading graphs...
70 : 210
70 : 210
Initializing...
maxdom : 9
D->valSize : 349
Solving...
Blb : 2 (clique : 22)
currentSize : 22 <-- 0.003073 s
currentSize : 24 <-- 0.003256 s
currentSize : 25 <-- 0.003679 s
currentSize : 26 <-- 0.003814 s
currentSize : 27 <-- 0.006502 s
currentSize : 28 <-- 15.904208 s
currentSize : 30 <-- 20.956684 s
currentSize : 31 <-- 20.956823 s
currentSize : 32 <-- 20.957533 s
currentSize : 34 <-- 57.410282 s
currentSize : 36 <-- 57.417629 s

maxsize : 36
nodes : 27095396.000000
filtered : 203181082.000000
time : 125.413757
