Parameters: GAD=1 vflib=1 dir=1 label=1 lowerbound=1 fileNameGp=../graphsdb/mcs50/bvg/b09/mcs50_b09_s90.A72 fileNameGt=../graphsdb/mcs50/bvg/b09/mcs50_b09_s90.B72
Reading graphs...
90 : 405
90 : 405
Initializing...
maxdom : 10
D->valSize : 557
Solving...
Blb : 2 (clique : 38)
currentSize : 38 <-- 0.010590 s
currentSize : 40 <-- 0.046025 s
currentSize : 41 <-- 0.046378 s
currentSize : 42 <-- 0.680959 s
currentSize : 43 <-- 0.684981 s
currentSize : 44 <-- 0.685321 s

maxsize : 44
nodes : 129574594.000000
filtered : 737257696.000000
time : 679.380615
