Parameters: GAD=1 vflib=1 dir=1 label=1 lowerbound=1 fileNameGp=../graphsdb/mcs50/m3D/m3D/mcs50_m3D_s60.A76 fileNameGt=../graphsdb/mcs50/m3D/m3D/mcs50_m3D_s60.B76
Reading graphs...
60 : 134
60 : 134
Initializing...
maxdom : 8
D->valSize : 262
Solving...
Blb : 2 (clique : 19)
currentSize : 19 <-- 0.003023 s
currentSize : 20 <-- 0.003250 s
currentSize : 21 <-- 0.003628 s
currentSize : 23 <-- 0.004241 s
currentSize : 24 <-- 0.004631 s
currentSize : 25 <-- 0.004788 s
currentSize : 26 <-- 5.759247 s
currentSize : 27 <-- 9.209659 s
currentSize : 28 <-- 11.384509 s
currentSize : 29 <-- 11.588243 s

maxsize : 29
nodes : 3080655.000000
filtered : 23537825.000000
time : 13.649988
