Parameters: GAD=1 vflib=1 dir=1 label=1 lowerbound=1 fileNameGp=../graphsdb/mcs50/bvg/b06m/mcs50_b06m_s70.A31 fileNameGt=../graphsdb/mcs50/bvg/b06m/mcs50_b06m_s70.B31
Reading graphs...
70 : 210
70 : 210
Initializing...
maxdom : 8
D->valSize : 349
Solving...
Blb : 3 (clique : 27)
currentSize : 27 <-- 0.002920 s
currentSize : 28 <-- 1.743961 s
currentSize : 31 <-- 24.566988 s
currentSize : 32 <-- 24.567181 s
currentSize : 33 <-- 24.567593 s
currentSize : 34 <-- 24.569056 s
currentSize : 35 <-- 24.587109 s
currentSize : 36 <-- 54.577389 s

maxsize : 36
nodes : 18826498.000000
filtered : 114510498.000000
time : 84.364784
