Parameters: GAD=1 vflib=1 dir=1 label=1 lowerbound=1 fileNameGp=../graphsdb/mcs50/m2D/m2Dr2/mcs50_m2Dr2_s60.A55 fileNameGt=../graphsdb/mcs50/m2D/m2Dr2/mcs50_m2Dr2_s60.B55
Reading graphs...
60 : 116
60 : 116
Initializing...
maxdom : 8
D->valSize : 248
Solving...
Blb : 2 (clique : 20)
currentSize : 20 <-- 0.001756 s
currentSize : 21 <-- 0.059545 s
currentSize : 22 <-- 0.443078 s
currentSize : 23 <-- 1.860052 s
currentSize : 24 <-- 7.380859 s
currentSize : 25 <-- 17.373640 s
currentSize : 26 <-- 28.055559 s
currentSize : 27 <-- 71.036163 s

maxsize : 27
nodes : 35154369.000000
filtered : 249354229.000000
time : 150.165802
