Parameters: GAD=1 vflib=1 dir=1 label=1 lowerbound=1 fileNameGp=../graphsdb/mcs50/rand/r01/mcs50_r01_s30.A98 fileNameGt=../graphsdb/mcs50/rand/r01/mcs50_r01_s30.B98
Reading graphs...
30 : 86
30 : 86
Initializing...
maxdom : 8
D->valSize : 137
Solving...
Blb : 2 (clique : 10)
currentSize : 10 <-- 0.000779 s
currentSize : 11 <-- 0.001027 s
currentSize : 12 <-- 0.001475 s
currentSize : 13 <-- 0.001556 s
currentSize : 15 <-- 0.002133 s

maxsize : 15
nodes : 1426.000000
filtered : 17242.000000
time : 0.005667
