Parameters: GAD=1 vflib=1 dir=1 label=1 lowerbound=1 fileNameGp=../graphsdb/mcs50/bvg/b09m/mcs50_b09m_s50.A56 fileNameGt=../graphsdb/mcs50/bvg/b09m/mcs50_b09m_s50.B56
Reading graphs...
50 : 225
50 : 225
Initializing...
maxdom : 9
D->valSize : 329
Solving...
Blb : 3 (clique : 17)
currentSize : 17 <-- 0.002360 s
currentSize : 20 <-- 0.135137 s
currentSize : 21 <-- 0.135217 s
currentSize : 22 <-- 0.135666 s
currentSize : 24 <-- 0.135697 s

maxsize : 24
nodes : 103806.000000
filtered : 1453375.000000
time : 0.478060
