Parameters: GAD=1 vflib=1 dir=1 label=1 lowerbound=1 fileNameGp=../graphsdb/mcs50/rand/r02/mcs50_r02_s60.A72 fileNameGt=../graphsdb/mcs50/rand/r02/mcs50_r02_s60.B72
Reading graphs...
60 : 707
60 : 707
Initializing...
maxdom : 8
D->valSize : 253
Solving...
Blb : 2 (clique : 8)
currentSize : 8 <-- 0.001679 s
currentSize : 10 <-- 0.002134 s
currentSize : 11 <-- 0.002245 s
currentSize : 17 <-- 0.002321 s
currentSize : 22 <-- 0.002997 s
currentSize : 30 <-- 0.005103 s

maxsize : 30
nodes : 1112.000000
filtered : 26365.000000
time : 0.007805
