Parameters: GAD=1 vflib=1 dir=1 label=1 lowerbound=1 fileNameGp=../graphsdb/mcs50/rand/r01/mcs50_r01_s60.A44 fileNameGt=../graphsdb/mcs50/rand/r01/mcs50_r01_s60.B44
Reading graphs...
60 : 353
60 : 353
Initializing...
maxdom : 7
D->valSize : 241
Solving...
Blb : 2 (clique : 16)
currentSize : 16 <-- 0.002505 s
currentSize : 18 <-- 0.002652 s
currentSize : 23 <-- 0.002803 s
currentSize : 26 <-- 0.003230 s
currentSize : 30 <-- 0.003618 s

maxsize : 30
nodes : 4965.000000
filtered : 79075.000000
time : 0.042398
