Parameters: GAD=1 vflib=1 dir=1 label=1 lowerbound=1 fileNameGp=../graphsdb/mcs50/rand/r01/mcs50_r01_s80.A03 fileNameGt=../graphsdb/mcs50/rand/r01/mcs50_r01_s80.B03
Reading graphs...
80 : 631
80 : 631
Initializing...
maxdom : 11
D->valSize : 486
Solving...
Blb : 2 (clique : 13)
currentSize : 13 <-- 0.007595 s
currentSize : 14 <-- 0.007827 s
currentSize : 15 <-- 0.007964 s
currentSize : 16 <-- 0.008382 s
currentSize : 17 <-- 0.072291 s
currentSize : 19 <-- 0.075040 s
currentSize : 20 <-- 0.273664 s
currentSize : 21 <-- 0.293585 s
currentSize : 22 <-- 0.302562 s
currentSize : 27 <-- 0.315074 s
currentSize : 29 <-- 0.453931 s
currentSize : 31 <-- 0.638438 s
currentSize : 32 <-- 0.638691 s
currentSize : 35 <-- 0.638771 s
currentSize : 40 <-- 0.638988 s

maxsize : 40
nodes : 144464.000000
filtered : 2354200.000000
time : 0.980384
