Parameters: GAD=1 vflib=1 dir=1 label=1 lowerbound=1 fileNameGp=../graphsdb/mcs50/m4D/m4Dr6/mcs50_m4Dr6_s35.A20 fileNameGt=../graphsdb/mcs50/m4D/m4Dr6/mcs50_m4Dr6_s35.B20
Reading graphs...
35 : 84
35 : 83
Initializing...
maxdom : 6
D->valSize : 161
Solving...
Blb : 2 (clique : 11)
currentSize : 11 <-- 0.000852 s
currentSize : 12 <-- 0.001053 s
currentSize : 13 <-- 0.013182 s
currentSize : 14 <-- 0.014801 s
currentSize : 15 <-- 0.016198 s
currentSize : 16 <-- 0.093945 s
currentSize : 17 <-- 0.094039 s

maxsize : 17
nodes : 50350.000000
filtered : 486636.000000
time : 0.180164
