Parameters: GAD=1 vflib=1 dir=1 label=1 lowerbound=1 fileNameGp=../graphsdb/mcs50/m4D/m4D/mcs50_m4D_s30.A89 fileNameGt=../graphsdb/mcs50/m4D/m4D/mcs50_m4D_s30.B89
Reading graphs...
30 : 55
30 : 55
Initializing...
maxdom : 7
D->valSize : 125
Solving...
Blb : 2 (clique : 12)
currentSize : 12 <-- 0.000699 s
currentSize : 13 <-- 0.000775 s
currentSize : 14 <-- 0.000902 s
currentSize : 15 <-- 0.000992 s
currentSize : 16 <-- 0.001963 s
currentSize : 18 <-- 0.008154 s

maxsize : 18
nodes : 4593.000000
filtered : 24748.000000
time : 0.013621
