Parameters: GAD=1 vflib=1 dir=1 label=1 lowerbound=1 fileNameGp=../graphsdb/mcs50/m2D/m2D/mcs50_m2D_s50.A42 fileNameGt=../graphsdb/mcs50/m2D/m2D/mcs50_m2D_s50.B42
Reading graphs...
50 : 85
50 : 85
Initializing...
maxdom : 10
D->valSize : 343
Solving...
Blb : 2 (clique : 21)
currentSize : 21 <-- 0.002502 s
currentSize : 23 <-- 0.002628 s
currentSize : 24 <-- 0.002676 s
currentSize : 25 <-- 0.003796 s
currentSize : 26 <-- 0.009709 s
currentSize : 27 <-- 0.011651 s
currentSize : 28 <-- 14.266499 s
currentSize : 29 <-- 37.555592 s

maxsize : 29
nodes : 8979436.000000
filtered : 131311032.000000
time : 45.335766
