Parameters: GAD=1 vflib=1 dir=1 label=1 lowerbound=1 fileNameGp=../graphsdb/mcs50/rand/r005/mcs50_r005_s60.A57 fileNameGt=../graphsdb/mcs50/rand/r005/mcs50_r005_s60.B57
Reading graphs...
60 : 176
60 : 176
Initializing...
maxdom : 8
D->valSize : 256
Solving...
Blb : 5 (clique : 19)
currentSize : 19 <-- 0.002850 s
currentSize : 20 <-- 0.014818 s
currentSize : 21 <-- 0.041890 s
currentSize : 22 <-- 1.324036 s
currentSize : 23 <-- 1.549872 s
currentSize : 24 <-- 2.866566 s
currentSize : 26 <-- 3.175328 s
currentSize : 27 <-- 4.620669 s
currentSize : 28 <-- 5.762307 s
currentSize : 29 <-- 6.243445 s
currentSize : 30 <-- 6.243940 s

maxsize : 30
nodes : 1602447.000000
filtered : 12277561.000000
time : 7.338647
