Parameters: GAD=1 vflib=1 dir=1 label=1 lowerbound=1 fileNameGp=../graphsdb/mcs50/bvg/b06m/mcs50_b06m_s60.A27 fileNameGt=../graphsdb/mcs50/bvg/b06m/mcs50_b06m_s60.B27
Reading graphs...
60 : 180
60 : 180
Initializing...
maxdom : 7
D->valSize : 239
Solving...
Blb : 2 (clique : 23)
currentSize : 23 <-- 0.001740 s
currentSize : 24 <-- 0.001958 s
currentSize : 28 <-- 0.002068 s
currentSize : 29 <-- 0.002457 s
currentSize : 30 <-- 0.004910 s

maxsize : 30
nodes : 727552.000000
filtered : 4011861.000000
time : 2.893970
