Parameters: GAD=1 vflib=1 dir=1 label=1 lowerbound=1 fileNameGp=../graphsdb/mcs50/rand/r005/mcs50_r005_s80.A01 fileNameGt=../graphsdb/mcs50/rand/r005/mcs50_r005_s80.B01
Reading graphs...
80 : 315
80 : 315
Initializing...
maxdom : 9
D->valSize : 428
Solving...
Blb : 2 (clique : 21)
currentSize : 21 <-- 0.004363 s
currentSize : 22 <-- 0.108910 s
currentSize : 23 <-- 0.117851 s
currentSize : 24 <-- 68.660179 s
currentSize : 25 <-- 68.660736 s
currentSize : 26 <-- 113.436493 s
currentSize : 27 <-- 275.509796 s
currentSize : 28 <-- 287.927887 s
currentSize : 29 <-- 306.738678 s
currentSize : 30 <-- 313.994690 s
currentSize : 31 <-- 315.120758 s
currentSize : 32 <-- 325.260742 s
currentSize : 34 <-- 325.260864 s
currentSize : 35 <-- 338.014709 s
currentSize : 40 <-- 364.458954 s

maxsize : 40
nodes : 70832849.000000
filtered : 695410825.000000
time : 384.121796
