Parameters: GAD=1 vflib=1 dir=1 label=1 lowerbound=1 fileNameGp=../graphsdb/mcs50/m2D/m2Dr2/mcs50_m2Dr2_s50.A04 fileNameGt=../graphsdb/mcs50/m2D/m2Dr2/mcs50_m2Dr2_s50.B04
Reading graphs...
50 : 95
50 : 95
Initializing...
maxdom : 9
D->valSize : 333
Solving...
Blb : 2 (clique : 20)
currentSize : 20 <-- 0.002565 s
currentSize : 21 <-- 0.002770 s
currentSize : 24 <-- 0.002855 s
currentSize : 25 <-- 0.003142 s
currentSize : 26 <-- 2.701425 s

maxsize : 26
nodes : 2832821.000000
filtered : 50805639.000000
time : 15.255603
