Parameters: GAD=1 vflib=1 dir=1 label=1 lowerbound=1 fileNameGp=../graphsdb/mcs50/m2D/m2Dr6/mcs50_m2Dr6_s40.A33 fileNameGt=../graphsdb/mcs50/m2D/m2Dr6/mcs50_m2Dr6_s40.B33
Reading graphs...
40 : 91
40 : 91
Initializing...
maxdom : 7
D->valSize : 218
Solving...
Blb : 2 (clique : 15)
currentSize : 15 <-- 0.001551 s
currentSize : 16 <-- 0.001633 s
currentSize : 17 <-- 0.001976 s
currentSize : 18 <-- 0.010091 s
currentSize : 19 <-- 0.057907 s

maxsize : 19
nodes : 369676.000000
filtered : 4979997.000000
time : 1.644887
