Parameters: GAD=1 vflib=1 dir=1 label=1 lowerbound=1 fileNameGp=../graphsdb/mcs50/bvg/b06m/mcs50_b06m_s50.A05 fileNameGt=../graphsdb/mcs50/bvg/b06m/mcs50_b06m_s50.B05
Reading graphs...
50 : 150
50 : 150
Initializing...
maxdom : 13
D->valSize : 340
Solving...
Blb : 3 (clique : 19)
currentSize : 19 <-- 0.003944 s
currentSize : 20 <-- 0.045043 s
currentSize : 21 <-- 0.045342 s
currentSize : 24 <-- 0.430131 s
currentSize : 25 <-- 0.431290 s
currentSize : 26 <-- 0.837140 s

maxsize : 26
nodes : 370030.000000
filtered : 4579785.000000
time : 1.783453
