Parameters: GAD=1 vflib=1 dir=1 label=1 lowerbound=1 fileNameGp=../graphsdb/mcs50/m3D/m3D/mcs50_m3D_s50.A12 fileNameGt=../graphsdb/mcs50/m3D/m3D/mcs50_m3D_s50.B12
Reading graphs...
50 : 109
50 : 109
Initializing...
maxdom : 10
D->valSize : 311
Solving...
Blb : 2 (clique : 22)
currentSize : 22 <-- 0.003694 s
currentSize : 23 <-- 3.014252 s
currentSize : 24 <-- 3.053696 s
currentSize : 25 <-- 9.981131 s
currentSize : 26 <-- 9.981682 s
currentSize : 27 <-- 9.981926 s
currentSize : 28 <-- 9.983413 s

maxsize : 28
nodes : 2801519.000000
filtered : 35020649.000000
time : 13.031529
