Parameters: GAD=1 vflib=1 dir=1 label=1 lowerbound=1 fileNameGp=../graphsdb/mcs50/bvg/b03m/mcs50_b03m_s70.A93 fileNameGt=../graphsdb/mcs50/bvg/b03m/mcs50_b03m_s70.B93
Reading graphs...
70 : 105
70 : 105
Initializing...
maxdom : 11
D->valSize : 327
Solving...
Blb : 2 (clique : 31)
currentSize : 31 <-- 0.002988 s
currentSize : 32 <-- 0.003421 s
currentSize : 33 <-- 2.017208 s
currentSize : 34 <-- 2.095367 s
currentSize : 35 <-- 41.950214 s
currentSize : 36 <-- 41.951714 s
currentSize : 37 <-- 41.987373 s
currentSize : 38 <-- 46.804543 s
currentSize : 39 <-- 80.152382 s

maxsize : 39
nodes : 212704411.000000
filtered : 1329756307.000000
time : 978.832397
