Parameters: GAD=1 vflib=1 dir=1 label=1 lowerbound=1 fileNameGp=../graphsdb/mcs50/bvg/b09/mcs50_b09_s40.A86 fileNameGt=../graphsdb/mcs50/bvg/b09/mcs50_b09_s40.B86
Reading graphs...
40 : 180
40 : 180
Initializing...
maxdom : 7
D->valSize : 198
Solving...
Blb : 2 (clique : 8)
currentSize : 8 <-- 0.001080 s
currentSize : 9 <-- 0.001158 s
currentSize : 10 <-- 0.001200 s
currentSize : 11 <-- 0.001270 s
currentSize : 12 <-- 0.008950 s
currentSize : 13 <-- 0.030347 s
currentSize : 14 <-- 0.032875 s
currentSize : 15 <-- 0.035046 s
currentSize : 17 <-- 0.045140 s
currentSize : 20 <-- 0.054374 s

maxsize : 20
nodes : 16355.000000
filtered : 181243.000000
time : 0.062487
