Parameters: GAD=1 vflib=1 dir=1 label=1 lowerbound=1 fileNameGp=../graphsdb/mcs50/m2D/m2Dr6/mcs50_m2Dr6_s40.A23 fileNameGt=../graphsdb/mcs50/m2D/m2Dr6/mcs50_m2Dr6_s40.B23
Reading graphs...
40 : 91
40 : 90
Initializing...
maxdom : 8
D->valSize : 198
Solving...
Blb : 2 (clique : 14)
currentSize : 14 <-- 0.001101 s
currentSize : 15 <-- 0.006599 s
currentSize : 16 <-- 0.016592 s
currentSize : 17 <-- 0.022086 s
currentSize : 18 <-- 0.032073 s
currentSize : 19 <-- 0.099125 s

maxsize : 19
nodes : 66465.000000
filtered : 906496.000000
time : 0.287893
