Parameters: GAD=1 vflib=1 dir=1 label=1 lowerbound=1 fileNameGp=../graphsdb/mcs50/bvg/b09m/mcs50_b09m_s40.A86 fileNameGt=../graphsdb/mcs50/bvg/b09m/mcs50_b09m_s40.B86
Reading graphs...
40 : 180
40 : 180
Initializing...
maxdom : 7
D->valSize : 209
Solving...
Blb : 2 (clique : 16)
currentSize : 16 <-- 0.001163 s
currentSize : 17 <-- 0.001292 s
currentSize : 18 <-- 0.001333 s
currentSize : 19 <-- 0.002236 s
currentSize : 20 <-- 0.002327 s

maxsize : 20
nodes : 10090.000000
filtered : 104929.000000
time : 0.039464
