Parameters: GAD=1 vflib=1 dir=1 label=1 lowerbound=1 fileNameGp=../graphsdb/mcs50/rand/r02/mcs50_r02_s40.A01 fileNameGt=../graphsdb/mcs50/rand/r02/mcs50_r02_s40.B01
Reading graphs...
40 : 311
40 : 311
Initializing...
maxdom : 8
D->valSize : 217
Solving...
Blb : 2 (clique : 6)
currentSize : 6 <-- 0.001226 s
currentSize : 7 <-- 0.001298 s
currentSize : 8 <-- 0.001390 s
currentSize : 10 <-- 0.001511 s
currentSize : 20 <-- 0.002314 s

maxsize : 20
nodes : 605.000000
filtered : 15383.000000
time : 0.004075
