Parameters: GAD=1 vflib=1 dir=1 label=1 lowerbound=1 fileNameGp=../graphsdb/mcs50/bvg/b03m/mcs50_b03m_s70.A13 fileNameGt=../graphsdb/mcs50/bvg/b03m/mcs50_b03m_s70.B13
Reading graphs...
70 : 105
70 : 105
Initializing...
maxdom : 10
D->valSize : 356
Solving...
Blb : 2 (clique : 30)
currentSize : 30 <-- 0.003238 s
currentSize : 32 <-- 0.003449 s
currentSize : 33 <-- 0.003618 s
currentSize : 34 <-- 0.030431 s
currentSize : 36 <-- 0.503380 s
currentSize : 37 <-- 0.535011 s
currentSize : 38 <-- 0.535323 s
currentSize : 39 <-- 1.982387 s
currentSize : 40 <-- 41.415173 s

maxsize : 40
nodes : 93403700.000000
filtered : 792392712.000000
time : 507.668823
