Parameters: GAD=1 vflib=1 dir=1 label=1 lowerbound=1 fileNameGp=../graphsdb/mcs50/rand/r02/mcs50_r02_s30.A75 fileNameGt=../graphsdb/mcs50/rand/r02/mcs50_r02_s30.B75
Reading graphs...
30 : 173
30 : 173
Initializing...
maxdom : 7
D->valSize : 127
Solving...
Blb : 2 (clique : 6)
currentSize : 6 <-- 0.000713 s
currentSize : 7 <-- 0.000768 s
currentSize : 8 <-- 0.001227 s
currentSize : 10 <-- 0.001523 s
currentSize : 15 <-- 0.001624 s

maxsize : 15
nodes : 458.000000
filtered : 5023.000000
time : 0.002203
