Parameters: GAD=1 vflib=1 dir=1 label=1 lowerbound=1 fileNameGp=../graphsdb/mcs50/bvg/b03m/mcs50_b03m_s50.A23 fileNameGt=../graphsdb/mcs50/bvg/b03m/mcs50_b03m_s50.B23
Reading graphs...
50 : 75
50 : 75
Initializing...
maxdom : 11
D->valSize : 348
Solving...
Blb : 5 (clique : 21)
currentSize : 21 <-- 0.002696 s
currentSize : 24 <-- 0.002824 s
currentSize : 25 <-- 0.014819 s
currentSize : 26 <-- 0.171145 s
currentSize : 28 <-- 1.455769 s
currentSize : 30 <-- 3.142316 s

maxsize : 30
nodes : 2418655.000000
filtered : 29320031.000000
time : 11.454620
