Parameters: GAD=1 vflib=1 dir=1 label=1 lowerbound=1 fileNameGp=../graphsdb/mcs50/m2D/m2D/mcs50_m2D_s60.A15 fileNameGt=../graphsdb/mcs50/m2D/m2D/mcs50_m2D_s60.B15
Reading graphs...
60 : 104
60 : 104
Initializing...
maxdom : 7
D->valSize : 234
Solving...
Blb : 2 (clique : 22)
currentSize : 22 <-- 0.001812 s
currentSize : 23 <-- 0.111418 s
currentSize : 24 <-- 0.289750 s
currentSize : 25 <-- 0.895698 s
currentSize : 26 <-- 20.016529 s
currentSize : 27 <-- 31.171947 s
currentSize : 28 <-- 143.619308 s
currentSize : 29 <-- 158.895874 s

maxsize : 29
nodes : 49979815.000000
filtered : 491214381.000000
time : 237.415100
