Parameters: GAD=1 vflib=1 dir=1 label=1 lowerbound=1 fileNameGp=../graphsdb/mcs50/bvg/b06/mcs50_b06_s100.A55 fileNameGt=../graphsdb/mcs50/bvg/b06/mcs50_b06_s100.B55
Reading graphs...
100 : 300
100 : 300
Initializing...
maxdom : 8
D->valSize : 373
Solving...
Blb : 2 (clique : 33)
currentSize : 33 <-- 0.004006 s
currentSize : 34 <-- 0.033779 s
currentSize : 35 <-- 0.038573 s
currentSize : 36 <-- 1.722261 s
currentSize : 37 <-- 1.747641 s
currentSize : 38 <-- 1.750128 s
currentSize : 39 <-- 13.054299 s
currentSize : 40 <-- 13.057340 s
currentSize : 41 <-- 128.689621 s
currentSize : 42 <-- 443.598633 s
currentSize : 43 <-- 443.661163 s
currentSize : 44 <-- 443.672638 s
currentSize : 45 <-- 458.927429 s
currentSize : 46 <-- 458.943726 s
currentSize : 47 <-- 863.686707 s

TIMEOUT
maxsize : 47
nodes : 694633856.000000
filtered : 2760473039.000000
time : 3600.000000
