Parameters: GAD=1 vflib=1 dir=1 label=1 lowerbound=1 fileNameGp=../graphsdb/mcs50/bvg/b06/mcs50_b06_s100.A64 fileNameGt=../graphsdb/mcs50/bvg/b06/mcs50_b06_s100.B64
Reading graphs...
100 : 300
100 : 300
Initializing...
maxdom : 7
D->valSize : 372
Solving...
Blb : 2 (clique : 33)
currentSize : 33 <-- 0.006339 s
currentSize : 34 <-- 0.006805 s
currentSize : 35 <-- 0.007171 s
currentSize : 36 <-- 0.007360 s
currentSize : 37 <-- 0.074944 s
currentSize : 38 <-- 0.600095 s
currentSize : 39 <-- 0.695146 s
currentSize : 40 <-- 1.823438 s
currentSize : 41 <-- 11.228713 s
currentSize : 42 <-- 43.573551 s
currentSize : 43 <-- 45.221317 s
currentSize : 44 <-- 52.906940 s
currentSize : 46 <-- 54.396393 s
currentSize : 47 <-- 91.519753 s
currentSize : 49 <-- 91.523254 s
currentSize : 50 <-- 332.316833 s
currentSize : 51 <-- 378.954773 s
currentSize : 52 <-- 379.074066 s

maxsize : 52
nodes : 297935978.000000
filtered : 1548523163.000000
time : 1671.452759
