Parameters: GAD=1 vflib=1 dir=1 label=1 lowerbound=1 fileNameGp=../graphsdb/mcs50/rand/r01/mcs50_r01_s40.A64 fileNameGt=../graphsdb/mcs50/rand/r01/mcs50_r01_s40.B64
Reading graphs...
40 : 155
40 : 155
Initializing...
maxdom : 7
D->valSize : 205
Solving...
Blb : 2 (clique : 12)
currentSize : 12 <-- 0.001134 s
currentSize : 13 <-- 0.001213 s
currentSize : 15 <-- 0.001349 s
currentSize : 17 <-- 0.005086 s
currentSize : 18 <-- 0.005185 s
currentSize : 20 <-- 0.005224 s

maxsize : 20
nodes : 3559.000000
filtered : 43566.000000
time : 0.015808
