Parameters: GAD=1 vflib=1 dir=1 label=1 lowerbound=1 fileNameGp=../graphsdb/mcs50/m2D/m2Dr2/mcs50_m2Dr2_s60.A90 fileNameGt=../graphsdb/mcs50/m2D/m2Dr2/mcs50_m2Dr2_s60.B90
Reading graphs...
60 : 116
60 : 116
Initializing...
maxdom : 7
D->valSize : 275
Solving...
Blb : 2 (clique : 19)
currentSize : 19 <-- 0.003197 s
currentSize : 20 <-- 0.003385 s
currentSize : 22 <-- 0.003865 s
currentSize : 23 <-- 0.005823 s
currentSize : 24 <-- 0.018755 s
currentSize : 25 <-- 0.346942 s
currentSize : 26 <-- 0.788012 s
currentSize : 27 <-- 32.069397 s
currentSize : 28 <-- 93.937309 s

maxsize : 28
nodes : 23551152.000000
filtered : 207462207.000000
time : 108.933777
