Parameters: GAD=1 vflib=1 dir=1 label=1 lowerbound=1 fileNameGp=../graphsdb/mcs50/rand/r001/mcs50_r001_s100.A46 fileNameGt=../graphsdb/mcs50/rand/r001/mcs50_r001_s100.B46
Reading graphs...
100 : 124
100 : 124
Initializing...
maxdom : 7
D->valSize : 373
Solving...
Blb : 2 (clique : 48)
currentSize : 48 <-- 0.007644 s
currentSize : 49 <-- 0.009314 s
currentSize : 50 <-- 0.010341 s
currentSize : 51 <-- 0.014183 s
currentSize : 52 <-- 0.021889 s
currentSize : 53 <-- 0.040495 s

TIMEOUT
maxsize : 53
nodes : 704839130.000000
filtered : 3067426652.000000
time : 3600.000000
