Parameters: GAD=1 vflib=1 dir=1 label=1 lowerbound=1 fileNameGp=../graphsdb/mcs50/m4D/m4Dr2/mcs50_m4Dr2_s30.A78 fileNameGt=../graphsdb/mcs50/m4D/m4Dr2/mcs50_m4Dr2_s30.B78
Reading graphs...
30 : 61
30 : 60
Initializing...
maxdom : 7
D->valSize : 125
Solving...
Blb : 5 (clique : 10)
currentSize : 10 <-- 0.000665 s
currentSize : 12 <-- 0.000759 s
currentSize : 13 <-- 0.000814 s
currentSize : 14 <-- 0.001181 s
currentSize : 16 <-- 0.001512 s
currentSize : 17 <-- 0.001682 s

maxsize : 17
nodes : 2073.000000
filtered : 15130.000000
time : 0.007453
