Parameters: GAD=1 vflib=1 dir=1 label=1 lowerbound=1 fileNameGp=../graphsdb/mcs50/m2D/m2Dr2/mcs50_m2Dr2_s40.A12 fileNameGt=../graphsdb/mcs50/m2D/m2Dr2/mcs50_m2Dr2_s40.B12
Reading graphs...
40 : 75
40 : 74
Initializing...
maxdom : 10
D->valSize : 235
Solving...
Blb : 2 (clique : 16)
currentSize : 16 <-- 0.001448 s
currentSize : 17 <-- 0.017036 s
currentSize : 18 <-- 0.027853 s
currentSize : 19 <-- 1.047697 s
currentSize : 20 <-- 1.049025 s

maxsize : 20
nodes : 457822.000000
filtered : 5038915.000000
time : 1.930145
