Parameters: GAD=1 vflib=1 dir=1 label=1 lowerbound=1 fileNameGp=../graphsdb/mcs50/m2D/m2Dr6/mcs50_m2Dr6_s60.A41 fileNameGt=../graphsdb/mcs50/m2D/m2Dr6/mcs50_m2Dr6_s60.B41
Reading graphs...
60 : 140
60 : 139
Initializing...
maxdom : 7
D->valSize : 244
Solving...
Blb : 2 (clique : 19)
currentSize : 19 <-- 0.002726 s
currentSize : 20 <-- 0.085367 s
currentSize : 21 <-- 0.097694 s
currentSize : 22 <-- 0.156202 s
currentSize : 23 <-- 0.156368 s
currentSize : 24 <-- 11.486003 s
currentSize : 25 <-- 18.269350 s
currentSize : 26 <-- 18.269432 s
currentSize : 27 <-- 18.269642 s
currentSize : 28 <-- 19.577003 s
currentSize : 29 <-- 19.577181 s

maxsize : 29
nodes : 9501696.000000
filtered : 63619675.000000
time : 41.237675
