Parameters: GAD=1 vflib=1 dir=1 label=1 lowerbound=1 fileNameGp=../graphsdb/mcs50/rand/r005/mcs50_r005_s30.A70 fileNameGt=../graphsdb/mcs50/rand/r005/mcs50_r005_s30.B70
Reading graphs...
30 : 47
30 : 47
Initializing...
maxdom : 6
D->valSize : 133
Solving...
Blb : 5 (clique : 13)
currentSize : 13 <-- 0.000676 s
currentSize : 14 <-- 0.023344 s
currentSize : 15 <-- 0.043972 s
currentSize : 16 <-- 0.044042 s
currentSize : 17 <-- 0.050874 s

maxsize : 17
nodes : 20216.000000
filtered : 166041.000000
time : 0.064948
