Parameters: GAD=1 vflib=1 dir=1 label=1 lowerbound=1 fileNameGp=../graphsdb/mcs50/bvg/b09m/mcs50_b09m_s80.A03 fileNameGt=../graphsdb/mcs50/bvg/b09m/mcs50_b09m_s80.B03
Reading graphs...
80 : 360
80 : 360
Initializing...
maxdom : 10
D->valSize : 461
Solving...
Blb : 2 (clique : 27)
currentSize : 27 <-- 0.004630 s
currentSize : 28 <-- 0.004894 s
currentSize : 29 <-- 11.615692 s
currentSize : 30 <-- 11.668299 s
currentSize : 31 <-- 19.455805 s
currentSize : 32 <-- 19.541088 s
currentSize : 36 <-- 49.559914 s
currentSize : 37 <-- 49.560268 s
currentSize : 38 <-- 49.561756 s
currentSize : 39 <-- 49.562195 s
currentSize : 40 <-- 73.849022 s

maxsize : 40
nodes : 20057213.000000
filtered : 183374031.000000
time : 108.996307
