Parameters: GAD=1 vflib=1 dir=1 label=1 lowerbound=1 fileNameGp=../graphsdb/mcs50/bvg/b03m/mcs50_b03m_s35.A78 fileNameGt=../graphsdb/mcs50/bvg/b03m/mcs50_b03m_s35.B78
Reading graphs...
35 : 52
35 : 52
Initializing...
maxdom : 9
D->valSize : 166
Solving...
Blb : 3 (clique : 15)
currentSize : 15 <-- 0.001082 s
currentSize : 16 <-- 0.002480 s
currentSize : 17 <-- 0.005515 s
currentSize : 18 <-- 0.009180 s
currentSize : 19 <-- 0.028885 s

maxsize : 19
nodes : 26374.000000
filtered : 244629.000000
time : 0.095935
