Parameters: GAD=1 vflib=1 dir=1 label=1 lowerbound=1 fileNameGp=../graphsdb/mcs50/bvg/b06/mcs50_b06_s40.A88 fileNameGt=../graphsdb/mcs50/bvg/b06/mcs50_b06_s40.B88
Reading graphs...
40 : 120
40 : 120
Initializing...
maxdom : 8
D->valSize : 202
Solving...
Blb : 2 (clique : 12)
currentSize : 12 <-- 0.001176 s
currentSize : 13 <-- 0.009952 s
currentSize : 15 <-- 0.011091 s
currentSize : 16 <-- 0.030287 s
currentSize : 17 <-- 0.030879 s
currentSize : 19 <-- 0.030942 s
currentSize : 20 <-- 0.031067 s

maxsize : 20
nodes : 24106.000000
filtered : 257087.000000
time : 0.111719
