Parameters: GAD=1 vflib=1 dir=1 label=1 lowerbound=1 fileNameGp=../graphsdb/mcs50/rand/r005/mcs50_r005_s100.A92 fileNameGt=../graphsdb/mcs50/rand/r005/mcs50_r005_s100.B92
Reading graphs...
100 : 494
100 : 494
Initializing...
maxdom : 9
D->valSize : 364
Solving...
Blb : 3 (clique : 31)
currentSize : 31 <-- 0.003597 s
currentSize : 33 <-- 0.199890 s
currentSize : 35 <-- 0.564444 s
currentSize : 37 <-- 2.356696 s
currentSize : 40 <-- 5.812236 s
currentSize : 42 <-- 13.198108 s
currentSize : 45 <-- 17.570480 s
currentSize : 47 <-- 28.185061 s
currentSize : 50 <-- 38.215912 s

maxsize : 50
nodes : 7552090.000000
filtered : 58386278.000000
time : 45.707573
