Parameters: GAD=1 vflib=1 dir=1 label=1 lowerbound=1 fileNameGp=../graphsdb/mcs50/bvg/b03/mcs50_b03_s50.A48 fileNameGt=../graphsdb/mcs50/bvg/b03/mcs50_b03_s50.B48
Reading graphs...
50 : 75
50 : 75
Initializing...
maxdom : 10
D->valSize : 336
Solving...
Blb : 2 (clique : 24)
currentSize : 24 <-- 0.002511 s
currentSize : 25 <-- 0.002666 s
currentSize : 26 <-- 0.002747 s
currentSize : 27 <-- 0.019184 s
currentSize : 28 <-- 2.279539 s
currentSize : 29 <-- 5.159383 s

maxsize : 29
nodes : 19970586.000000
filtered : 273068010.000000
time : 102.967590
