Parameters: GAD=1 vflib=1 dir=1 label=1 lowerbound=1 fileNameGp=../graphsdb/mcs50/m2D/m2Dr4/mcs50_m2Dr4_s30.A63 fileNameGt=../graphsdb/mcs50/m2D/m2Dr4/mcs50_m2Dr4_s30.B63
Reading graphs...
30 : 61
30 : 61
Initializing...
maxdom : 7
D->valSize : 122
Solving...
Blb : 2 (clique : 11)
currentSize : 11 <-- 0.000775 s
currentSize : 12 <-- 0.000868 s
currentSize : 13 <-- 0.026597 s
currentSize : 16 <-- 0.034832 s
currentSize : 17 <-- 0.037692 s

maxsize : 17
nodes : 14359.000000
filtered : 97054.000000
time : 0.043064
