Parameters: GAD=1 vflib=1 dir=1 label=1 lowerbound=1 fileNameGp=../graphsdb/mcs50/bvg/b06/mcs50_b06_s40.A92 fileNameGt=../graphsdb/mcs50/bvg/b06/mcs50_b06_s40.B92
Reading graphs...
40 : 120
40 : 120
Initializing...
maxdom : 8
D->valSize : 214
Solving...
Blb : 2 (clique : 13)
currentSize : 13 <-- 0.001883 s
currentSize : 14 <-- 0.002117 s
currentSize : 15 <-- 0.002401 s
currentSize : 16 <-- 0.003802 s
currentSize : 17 <-- 0.010785 s
currentSize : 18 <-- 0.314506 s
currentSize : 19 <-- 0.354996 s
currentSize : 20 <-- 0.407295 s

maxsize : 20
nodes : 120400.000000
filtered : 1479278.000000
time : 0.536139
