Parameters: GAD=1 vflib=1 dir=1 label=1 lowerbound=1 fileNameGp=../graphsdb/mcs50/m2D/m2Dr4/mcs50_m2Dr4_s70.A72 fileNameGt=../graphsdb/mcs50/m2D/m2Dr4/mcs50_m2Dr4_s70.B72
Reading graphs...
70 : 151
70 : 150
Initializing...
maxdom : 8
D->valSize : 379
Solving...
Blb : 2 (clique : 29)
currentSize : 29 <-- 0.003434 s
currentSize : 31 <-- 0.003940 s
currentSize : 34 <-- 0.005448 s
currentSize : 35 <-- 0.037048 s
currentSize : 36 <-- 1.645653 s
currentSize : 37 <-- 2.611738 s
currentSize : 38 <-- 2.629430 s
currentSize : 39 <-- 2.629594 s

maxsize : 39
nodes : 14188951.000000
filtered : 96249594.000000
time : 65.944046
