Parameters: GAD=1 vflib=1 dir=1 label=1 lowerbound=1 fileNameGp=../graphsdb/mcs50/rand/r005/mcs50_r005_s100.A28 fileNameGt=../graphsdb/mcs50/rand/r005/mcs50_r005_s100.B28
Reading graphs...
100 : 494
100 : 494
Initializing...
maxdom : 6
D->valSize : 364
Solving...
Blb : 2 (clique : 20)
currentSize : 20 <-- 0.003583 s
currentSize : 21 <-- 0.003940 s
currentSize : 22 <-- 0.005097 s
currentSize : 23 <-- 0.012607 s
currentSize : 24 <-- 0.035666 s
currentSize : 25 <-- 0.079032 s
currentSize : 26 <-- 0.086390 s
currentSize : 27 <-- 0.199881 s
currentSize : 28 <-- 0.233394 s
currentSize : 30 <-- 0.233990 s
currentSize : 31 <-- 0.454345 s
currentSize : 33 <-- 0.455116 s
currentSize : 35 <-- 1.239955 s
currentSize : 38 <-- 1.251233 s
currentSize : 40 <-- 3.066491 s
currentSize : 41 <-- 3.270874 s
currentSize : 42 <-- 13.040973 s
currentSize : 45 <-- 14.921928 s
currentSize : 48 <-- 15.287554 s
currentSize : 50 <-- 15.300324 s

maxsize : 50
nodes : 3650035.000000
filtered : 28422419.000000
time : 22.906605
