Parameters: GAD=1 vflib=1 dir=1 label=1 lowerbound=1 fileNameGp=../graphsdb/mcs50/bvg/b06/mcs50_b06_s35.A40 fileNameGt=../graphsdb/mcs50/bvg/b06/mcs50_b06_s35.B40
Reading graphs...
35 : 105
35 : 105
Initializing...
maxdom : 8
D->valSize : 165
Solving...
Blb : 2 (clique : 13)
currentSize : 13 <-- 0.000870 s
currentSize : 14 <-- 0.001328 s
currentSize : 15 <-- 0.011680 s
currentSize : 16 <-- 0.022888 s
currentSize : 17 <-- 0.022929 s
currentSize : 18 <-- 0.027678 s

maxsize : 18
nodes : 11264.000000
filtered : 98660.000000
time : 0.039398
