Parameters: GAD=1 vflib=1 dir=1 label=1 lowerbound=1 fileNameGp=../graphsdb/mcs50/rand/r02/mcs50_r02_s60.A01 fileNameGt=../graphsdb/mcs50/rand/r02/mcs50_r02_s60.B01
Reading graphs...
60 : 707
60 : 707
Initializing...
maxdom : 7
D->valSize : 242
Solving...
Blb : 2 (clique : 6)
currentSize : 6 <-- 0.001923 s
currentSize : 7 <-- 0.002008 s
currentSize : 8 <-- 0.002292 s
currentSize : 9 <-- 0.002349 s
currentSize : 13 <-- 0.002426 s
currentSize : 15 <-- 0.003053 s
currentSize : 16 <-- 0.004715 s
currentSize : 30 <-- 0.005919 s

maxsize : 30
nodes : 1501.000000
filtered : 30051.000000
time : 0.009736
