Parameters: GAD=1 vflib=1 dir=1 label=1 lowerbound=1 fileNameGp=../graphsdb/mcs50/rand/r01/mcs50_r01_s100.A02 fileNameGt=../graphsdb/mcs50/rand/r01/mcs50_r01_s100.B02
Reading graphs...
100 : 989
100 : 989
Initializing...
maxdom : 5
D->valSize : 334
Solving...
Blb : 2 (clique : 15)
currentSize : 15 <-- 0.003111 s
currentSize : 16 <-- 0.003715 s
currentSize : 18 <-- 0.003752 s
currentSize : 20 <-- 0.004868 s
currentSize : 25 <-- 0.005256 s
currentSize : 26 <-- 0.006622 s
currentSize : 31 <-- 0.008067 s
currentSize : 35 <-- 0.008265 s
currentSize : 37 <-- 0.110065 s
currentSize : 39 <-- 0.170003 s
currentSize : 50 <-- 0.235815 s

maxsize : 50
nodes : 73480.000000
filtered : 763766.000000
time : 0.483977
