Parameters: GAD=1 vflib=1 dir=1 label=1 lowerbound=1 fileNameGp=../graphsdb/mcs50/rand/r02/mcs50_r02_s35.A32 fileNameGt=../graphsdb/mcs50/rand/r02/mcs50_r02_s35.B32
Reading graphs...
35 : 237
35 : 237
Initializing...
maxdom : 7
D->valSize : 149
Solving...
Blb : 2 (clique : 8)
currentSize : 8 <-- 0.000877 s
currentSize : 9 <-- 0.000949 s
currentSize : 10 <-- 0.000966 s
currentSize : 11 <-- 0.001043 s
currentSize : 17 <-- 0.001443 s

maxsize : 17
nodes : 366.000000
filtered : 6715.000000
time : 0.002366
