Parameters: GAD=1 vflib=1 dir=1 label=1 lowerbound=1 fileNameGp=../graphsdb/mcs50/bvg/b03/mcs50_b03_s40.A66 fileNameGt=../graphsdb/mcs50/bvg/b03/mcs50_b03_s40.B66
Reading graphs...
40 : 60
40 : 60
Initializing...
maxdom : 8
D->valSize : 225
Solving...
Blb : 2 (clique : 15)
currentSize : 15 <-- 0.002089 s
currentSize : 16 <-- 0.002508 s
currentSize : 17 <-- 0.002758 s
currentSize : 18 <-- 0.017368 s
currentSize : 19 <-- 0.025167 s
currentSize : 20 <-- 0.039369 s
currentSize : 21 <-- 0.114326 s
currentSize : 22 <-- 2.784720 s
currentSize : 23 <-- 7.992473 s

maxsize : 23
nodes : 2298160.000000
filtered : 24230177.000000
time : 9.466103
