Parameters: GAD=1 vflib=1 dir=1 label=1 lowerbound=1 fileNameGp=../graphsdb/mcs50/bvg/b03m/mcs50_b03m_s40.A27 fileNameGt=../graphsdb/mcs50/bvg/b03m/mcs50_b03m_s40.B27
Reading graphs...
40 : 60
40 : 60
Initializing...
maxdom : 9
D->valSize : 213
Solving...
Blb : 2 (clique : 16)
currentSize : 16 <-- 0.001225 s
currentSize : 20 <-- 0.001311 s
currentSize : 21 <-- 0.002035 s
currentSize : 22 <-- 0.095397 s
currentSize : 23 <-- 0.167952 s

maxsize : 23
nodes : 54925.000000
filtered : 491815.000000
time : 0.208070
