Parameters: GAD=1 vflib=1 dir=1 label=1 lowerbound=1 fileNameGp=../graphsdb/mcs50/m3D/m3Dr4/mcs50_m3Dr4_s60.A62 fileNameGt=../graphsdb/mcs50/m3D/m3Dr4/mcs50_m3Dr4_s60.B62
Reading graphs...
60 : 158
60 : 156
Initializing...
maxdom : 7
D->valSize : 238
Solving...
Blb : 2 (clique : 17)
currentSize : 17 <-- 0.001729 s
currentSize : 24 <-- 0.001842 s
currentSize : 25 <-- 0.002005 s
currentSize : 27 <-- 0.904595 s
currentSize : 28 <-- 0.930577 s

maxsize : 28
nodes : 996252.000000
filtered : 7525061.000000
time : 4.397359
