Parameters: GAD=1 vflib=1 dir=1 label=1 lowerbound=1 fileNameGp=../graphsdb/mcs50/bvg/b09/mcs50_b09_s80.A49 fileNameGt=../graphsdb/mcs50/bvg/b09/mcs50_b09_s80.B49
Reading graphs...
80 : 360
80 : 360
Initializing...
maxdom : 9
D->valSize : 475
Solving...
Blb : 5 (clique : 21)
currentSize : 21 <-- 0.004927 s
currentSize : 22 <-- 0.407833 s
currentSize : 23 <-- 0.548764 s
currentSize : 24 <-- 2.416320 s
currentSize : 25 <-- 10.974007 s
currentSize : 26 <-- 11.411894 s
currentSize : 27 <-- 14.827604 s
currentSize : 28 <-- 14.827748 s
currentSize : 29 <-- 15.148024 s
currentSize : 30 <-- 15.210262 s
currentSize : 31 <-- 40.326057 s
currentSize : 33 <-- 53.465412 s
currentSize : 34 <-- 53.465591 s
currentSize : 35 <-- 53.544453 s
currentSize : 36 <-- 53.544788 s
currentSize : 37 <-- 53.544914 s
currentSize : 38 <-- 53.637417 s
currentSize : 39 <-- 107.163170 s
currentSize : 40 <-- 107.383949 s

maxsize : 40
nodes : 108474919.000000
filtered : 598774683.000000
time : 503.222107
