Parameters: GAD=1 vflib=1 dir=1 label=1 lowerbound=1 fileNameGp=../graphsdb/mcs50/bvg/b09/mcs50_b09_s40.A21 fileNameGt=../graphsdb/mcs50/bvg/b09/mcs50_b09_s40.B21
Reading graphs...
40 : 180
40 : 180
Initializing...
maxdom : 8
D->valSize : 199
Solving...
Blb : 2 (clique : 11)
currentSize : 11 <-- 0.001230 s
currentSize : 12 <-- 0.002399 s
currentSize : 13 <-- 0.003809 s
currentSize : 18 <-- 0.006592 s
currentSize : 20 <-- 0.015770 s

maxsize : 20
nodes : 9694.000000
filtered : 75622.000000
time : 0.033569
