Parameters: GAD=1 vflib=1 dir=1 label=1 lowerbound=1 fileNameGp=../graphsdb/mcs50/bvg/b06/mcs50_b06_s70.A03 fileNameGt=../graphsdb/mcs50/bvg/b06/mcs50_b06_s70.B03
Reading graphs...
70 : 210
70 : 210
Initializing...
maxdom : 9
D->valSize : 350
Solving...
Blb : 2 (clique : 28)
currentSize : 28 <-- 0.003128 s
currentSize : 29 <-- 0.043710 s
currentSize : 30 <-- 0.447616 s
currentSize : 31 <-- 0.447809 s
currentSize : 32 <-- 0.506025 s
currentSize : 33 <-- 3.640246 s
currentSize : 34 <-- 3.640441 s
currentSize : 35 <-- 3.642299 s
currentSize : 36 <-- 108.615028 s

maxsize : 36
nodes : 33611361.000000
filtered : 249568148.000000
time : 162.107147
