Parameters: GAD=1 vflib=1 dir=1 label=1 lowerbound=1 fileNameGp=../graphsdb/mcs50/bvg/b09m/mcs50_b09m_s80.A01 fileNameGt=../graphsdb/mcs50/bvg/b09m/mcs50_b09m_s80.B01
Reading graphs...
80 : 360
80 : 360
Initializing...
maxdom : 9
D->valSize : 432
Solving...
Blb : 3 (clique : 35)
currentSize : 35 <-- 0.004288 s
currentSize : 36 <-- 0.025338 s
currentSize : 37 <-- 0.026917 s
currentSize : 38 <-- 62.999813 s
currentSize : 39 <-- 63.000431 s
currentSize : 40 <-- 63.001831 s

maxsize : 40
nodes : 63287138.000000
filtered : 336016574.000000
time : 296.207916
