Parameters: GAD=1 vflib=1 dir=1 label=1 lowerbound=1 fileNameGp=../graphsdb/mcs50/bvg/b06/mcs50_b06_s80.A17 fileNameGt=../graphsdb/mcs50/bvg/b06/mcs50_b06_s80.B17
Reading graphs...
80 : 240
80 : 240
Initializing...
maxdom : 8
D->valSize : 420
Solving...
Blb : 3 (clique : 33)
currentSize : 33 <-- 0.004225 s
currentSize : 34 <-- 15.464337 s
currentSize : 35 <-- 55.241692 s
currentSize : 36 <-- 495.047729 s
currentSize : 37 <-- 551.458801 s
currentSize : 38 <-- 572.573120 s
currentSize : 39 <-- 806.180969 s
currentSize : 40 <-- 1036.928467 s
currentSize : 41 <-- 1036.937744 s
currentSize : 42 <-- 1078.487915 s

maxsize : 42
nodes : 309328517.000000
filtered : 2259439789.000000
time : 1555.791504
