Parameters: GAD=1 vflib=1 dir=1 label=1 lowerbound=1 fileNameGp=../graphsdb/mcs50/m2D/m2Dr6/mcs50_m2Dr6_s70.A63 fileNameGt=../graphsdb/mcs50/m2D/m2Dr6/mcs50_m2Dr6_s70.B63
Reading graphs...
70 : 165
70 : 165
Initializing...
maxdom : 8
D->valSize : 338
Solving...
Blb : 2 (clique : 29)
currentSize : 29 <-- 0.002908 s
currentSize : 34 <-- 0.003100 s
currentSize : 35 <-- 0.003183 s
currentSize : 36 <-- 0.003385 s
currentSize : 37 <-- 0.011923 s
currentSize : 38 <-- 122.777954 s

maxsize : 38
nodes : 53915617.000000
filtered : 342553898.000000
time : 252.696548
