Parameters: GAD=1 vflib=1 dir=1 label=1 lowerbound=1 fileNameGp=../graphsdb/mcs50/bvg/b03m/mcs50_b03m_s25.A66 fileNameGt=../graphsdb/mcs50/bvg/b03m/mcs50_b03m_s25.B66
Reading graphs...
25 : 37
25 : 37
Initializing...
maxdom : 8
D->valSize : 162
Solving...
Blb : 2 (clique : 10)
currentSize : 10 <-- 0.001143 s
currentSize : 11 <-- 0.001309 s
currentSize : 12 <-- 0.006314 s
currentSize : 13 <-- 0.038426 s
currentSize : 14 <-- 0.038942 s

maxsize : 14
nodes : 21832.000000
filtered : 231852.000000
time : 0.080331
