Parameters: GAD=1 vflib=1 dir=1 label=1 lowerbound=1 fileNameGp=../graphsdb/mcs50/m3D/m3Dr6/mcs50_m3Dr6_s50.A56 fileNameGt=../graphsdb/mcs50/m3D/m3Dr6/mcs50_m3Dr6_s50.B56
Reading graphs...
50 : 139
50 : 137
Initializing...
maxdom : 9
D->valSize : 319
Solving...
Blb : 3 (clique : 21)
currentSize : 21 <-- 0.002244 s
currentSize : 23 <-- 0.002356 s
currentSize : 25 <-- 0.002398 s
currentSize : 26 <-- 0.002624 s
currentSize : 27 <-- 0.460913 s

maxsize : 27
nodes : 166025.000000
filtered : 2380073.000000
time : 0.826052
