Parameters: GAD=1 vflib=1 dir=1 label=1 lowerbound=1 fileNameGp=../graphsdb/mcs50/rand/r01/mcs50_r01_s40.A44 fileNameGt=../graphsdb/mcs50/rand/r01/mcs50_r01_s40.B44
Reading graphs...
40 : 155
40 : 155
Initializing...
maxdom : 8
D->valSize : 216
Solving...
Blb : 2 (clique : 11)
currentSize : 11 <-- 0.001201 s
currentSize : 12 <-- 0.001293 s
currentSize : 13 <-- 0.001344 s
currentSize : 14 <-- 0.001506 s
currentSize : 16 <-- 0.001535 s
currentSize : 20 <-- 0.027597 s

maxsize : 20
nodes : 8833.000000
filtered : 125327.000000
time : 0.038593
