Parameters: GAD=1 vflib=1 dir=1 label=1 lowerbound=1 fileNameGp=../graphsdb/mcs50/m2D/m2Dr4/mcs50_m2Dr4_s40.A11 fileNameGt=../graphsdb/mcs50/m2D/m2Dr4/mcs50_m2Dr4_s40.B11
Reading graphs...
40 : 83
40 : 83
Initializing...
maxdom : 8
D->valSize : 184
Solving...
Blb : 2 (clique : 12)
currentSize : 12 <-- 0.001065 s
currentSize : 14 <-- 0.001128 s
currentSize : 15 <-- 0.001194 s
currentSize : 16 <-- 0.001673 s
currentSize : 17 <-- 0.002127 s
currentSize : 18 <-- 0.018217 s

maxsize : 18
nodes : 78638.000000
filtered : 725689.000000
time : 0.321906
