Parameters: GAD=1 vflib=1 dir=1 label=1 lowerbound=1 fileNameGp=../graphsdb/mcs50/m4D/m4Dr4/mcs50_m4Dr4_s30.A28 fileNameGt=../graphsdb/mcs50/m4D/m4Dr4/mcs50_m4Dr4_s30.B28
Reading graphs...
30 : 67
30 : 66
Initializing...
maxdom : 7
D->valSize : 122
Solving...
Blb : 2 (clique : 11)
currentSize : 11 <-- 0.000602 s
currentSize : 12 <-- 0.000655 s
currentSize : 13 <-- 0.002363 s
currentSize : 14 <-- 0.007345 s
currentSize : 16 <-- 0.015966 s

maxsize : 16
nodes : 7204.000000
filtered : 53125.000000
time : 0.024828
