Parameters: GAD=1 vflib=1 dir=1 label=1 lowerbound=1 fileNameGp=../graphsdb/mcs50/bvg/b09m/mcs50_b09m_s60.A59 fileNameGt=../graphsdb/mcs50/bvg/b09m/mcs50_b09m_s60.B59
Reading graphs...
60 : 270
60 : 270
Initializing...
maxdom : 8
D->valSize : 268
Solving...
Blb : 3 (clique : 26)
currentSize : 26 <-- 0.002985 s
currentSize : 27 <-- 0.095797 s
currentSize : 28 <-- 0.096068 s
currentSize : 30 <-- 0.199398 s
currentSize : 31 <-- 0.199654 s

maxsize : 31
nodes : 171611.000000
filtered : 897615.000000
time : 0.910542
