Parameters: GAD=1 vflib=1 dir=1 label=1 lowerbound=1 fileNameGp=../graphsdb/mcs50/rand/r005/mcs50_r005_s60.A15 fileNameGt=../graphsdb/mcs50/rand/r005/mcs50_r005_s60.B15
Reading graphs...
60 : 176
60 : 176
Initializing...
maxdom : 10
D->valSize : 254
Solving...
Blb : 2 (clique : 16)
currentSize : 16 <-- 0.001895 s
currentSize : 17 <-- 0.002844 s
currentSize : 18 <-- 0.006359 s
currentSize : 19 <-- 0.008332 s
currentSize : 20 <-- 0.009026 s
currentSize : 21 <-- 0.040268 s
currentSize : 22 <-- 0.042898 s
currentSize : 23 <-- 0.223284 s
currentSize : 24 <-- 0.229254 s
currentSize : 26 <-- 0.362944 s
currentSize : 27 <-- 0.363204 s
currentSize : 29 <-- 0.667449 s
currentSize : 30 <-- 0.866912 s

maxsize : 30
nodes : 221910.000000
filtered : 2362175.000000
time : 1.101390
