Parameters: GAD=1 vflib=1 dir=1 label=1 lowerbound=1 fileNameGp=../graphsdb/mcs50/rand/r02/mcs50_r02_s40.A80 fileNameGt=../graphsdb/mcs50/rand/r02/mcs50_r02_s40.B80
Reading graphs...
40 : 311
40 : 311
Initializing...
maxdom : 7
D->valSize : 218
Solving...
Blb : 3 (clique : 6)
currentSize : 6 <-- 0.001170 s
currentSize : 7 <-- 0.001238 s
currentSize : 8 <-- 0.001377 s
currentSize : 9 <-- 0.001418 s
currentSize : 10 <-- 0.002812 s
currentSize : 12 <-- 0.006886 s
currentSize : 20 <-- 0.006983 s

maxsize : 20
nodes : 1921.000000
filtered : 31909.000000
time : 0.008924
