Parameters: GAD=1 vflib=1 dir=1 label=1 lowerbound=1 fileNameGp=../graphsdb/mcs50/m2D/m2Dr4/mcs50_m2Dr4_s60.A68 fileNameGt=../graphsdb/mcs50/m2D/m2Dr4/mcs50_m2Dr4_s60.B68
Reading graphs...
60 : 128
60 : 128
Initializing...
maxdom : 8
D->valSize : 274
Solving...
Blb : 2 (clique : 20)
currentSize : 20 <-- 0.002033 s
currentSize : 21 <-- 0.002253 s
currentSize : 22 <-- 0.002351 s
currentSize : 23 <-- 0.807069 s
currentSize : 24 <-- 0.868560 s
currentSize : 25 <-- 3.323907 s
currentSize : 26 <-- 7.056460 s
currentSize : 27 <-- 10.684392 s
currentSize : 28 <-- 17.539755 s

maxsize : 28
nodes : 34551189.000000
filtered : 290855735.000000
time : 160.947342
