Parameters: GAD=1 vflib=1 dir=1 label=1 lowerbound=1 fileNameGp=../graphsdb/mcs50/bvg/b09/mcs50_b09_s70.A45 fileNameGt=../graphsdb/mcs50/bvg/b09/mcs50_b09_s70.B45
Reading graphs...
70 : 315
70 : 315
Initializing...
maxdom : 10
D->valSize : 337
Solving...
Blb : 2 (clique : 15)
currentSize : 15 <-- 0.002703 s
currentSize : 16 <-- 0.002933 s
currentSize : 17 <-- 0.003609 s
currentSize : 18 <-- 0.006837 s
currentSize : 19 <-- 0.011193 s
currentSize : 20 <-- 0.116139 s
currentSize : 21 <-- 0.442025 s
currentSize : 22 <-- 0.442144 s
currentSize : 23 <-- 2.100772 s
currentSize : 24 <-- 2.879767 s
currentSize : 28 <-- 2.880217 s
currentSize : 29 <-- 2.946624 s
currentSize : 30 <-- 3.259986 s
currentSize : 31 <-- 3.676071 s
currentSize : 32 <-- 4.580472 s
currentSize : 33 <-- 4.817982 s
currentSize : 34 <-- 7.075696 s

maxsize : 34
nodes : 1974714.000000
filtered : 15620324.000000
time : 9.041870
