Parameters: GAD=1 vflib=1 dir=1 label=1 lowerbound=1 fileNameGp=../graphsdb/mcs50/rand/r005/mcs50_r005_s80.A74 fileNameGt=../graphsdb/mcs50/rand/r005/mcs50_r005_s80.B74
Reading graphs...
80 : 315
80 : 315
Initializing...
maxdom : 10
D->valSize : 413
Solving...
Blb : 2 (clique : 22)
currentSize : 22 <-- 0.003938 s
currentSize : 23 <-- 0.004211 s
currentSize : 24 <-- 0.008533 s
currentSize : 25 <-- 0.010179 s
currentSize : 27 <-- 0.010386 s
currentSize : 28 <-- 0.010510 s
currentSize : 29 <-- 0.017986 s
currentSize : 30 <-- 0.051007 s
currentSize : 31 <-- 0.084706 s
currentSize : 32 <-- 0.085090 s
currentSize : 34 <-- 0.085443 s
currentSize : 36 <-- 2.594695 s
currentSize : 37 <-- 2.594905 s
currentSize : 40 <-- 2.595386 s

maxsize : 40
nodes : 3342554.000000
filtered : 39277444.000000
time : 19.981230
