Parameters: GAD=1 vflib=1 dir=1 label=1 lowerbound=1 fileNameGp=../graphsdb/mcs50/rand/r01/mcs50_r01_s80.A38 fileNameGt=../graphsdb/mcs50/rand/r01/mcs50_r01_s80.B38
Reading graphs...
80 : 631
80 : 631
Initializing...
maxdom : 10
D->valSize : 473
Solving...
Blb : 2 (clique : 24)
currentSize : 24 <-- 0.004630 s
currentSize : 27 <-- 0.005473 s
currentSize : 30 <-- 0.010160 s
currentSize : 34 <-- 0.046243 s
currentSize : 40 <-- 0.221961 s

maxsize : 40
nodes : 73381.000000
filtered : 1317664.000000
time : 0.475485
