Parameters: GAD=1 vflib=1 dir=1 label=1 lowerbound=1 fileNameGp=../graphsdb/mcs50/m2D/m2Dr4/mcs50_m2Dr4_s100.A50 fileNameGt=../graphsdb/mcs50/m2D/m2Dr4/mcs50_m2Dr4_s100.B50
Reading graphs...
100 : 220
100 : 220
Initializing...
maxdom : 7
D->valSize : 383
Solving...
Blb : 2 (clique : 37)
currentSize : 37 <-- 0.004217 s
currentSize : 38 <-- 0.004686 s
currentSize : 39 <-- 0.020955 s
currentSize : 40 <-- 0.021169 s
currentSize : 41 <-- 0.031867 s
currentSize : 42 <-- 0.032121 s
currentSize : 43 <-- 0.065067 s
currentSize : 44 <-- 0.115379 s
currentSize : 45 <-- 0.128893 s
currentSize : 46 <-- 0.587414 s
currentSize : 47 <-- 12.455079 s
currentSize : 48 <-- 43.513474 s
currentSize : 49 <-- 43.513657 s
currentSize : 50 <-- 45.068256 s
currentSize : 51 <-- 45.081242 s

TIMEOUT
maxsize : 51
nodes : 727755128.000000
filtered : 2199237799.000000
time : 3600.000000
