Parameters: GAD=1 vflib=1 dir=1 label=1 lowerbound=1 fileNameGp=../graphsdb/mcs50/rand/r01/mcs50_r01_s60.A00 fileNameGt=../graphsdb/mcs50/rand/r01/mcs50_r01_s60.B00
Reading graphs...
60 : 353
60 : 353
Initializing...
maxdom : 7
D->valSize : 233
Solving...
Blb : 2 (clique : 18)
currentSize : 18 <-- 0.002554 s
currentSize : 23 <-- 0.002861 s
currentSize : 24 <-- 0.011384 s
currentSize : 26 <-- 0.036387 s
currentSize : 30 <-- 0.049648 s

maxsize : 30
nodes : 19243.000000
filtered : 187708.000000
time : 0.095815
