Parameters: GAD=1 vflib=1 dir=1 label=1 lowerbound=1 fileNameGp=../graphsdb/mcs50/m2D/m2Dr2/mcs50_m2Dr2_s30.A59 fileNameGt=../graphsdb/mcs50/m2D/m2Dr2/mcs50_m2Dr2_s30.B59
Reading graphs...
30 : 55
30 : 55
Initializing...
maxdom : 6
D->valSize : 127
Solving...
Blb : 2 (clique : 11)
currentSize : 11 <-- 0.000757 s
currentSize : 12 <-- 0.001005 s
currentSize : 13 <-- 0.001657 s
currentSize : 14 <-- 0.001747 s
currentSize : 15 <-- 0.051727 s
currentSize : 16 <-- 0.051846 s

maxsize : 16
nodes : 18535.000000
filtered : 138880.000000
time : 0.057462
