Parameters: GAD=1 vflib=1 dir=1 label=1 lowerbound=1 fileNameGp=../graphsdb/mcs50/m4D/m4Dr4/mcs50_m4Dr4_s35.A29 fileNameGt=../graphsdb/mcs50/m4D/m4Dr4/mcs50_m4Dr4_s35.B29
Reading graphs...
35 : 77
35 : 76
Initializing...
maxdom : 8
D->valSize : 166
Solving...
Blb : 3 (clique : 13)
currentSize : 13 <-- 0.000925 s
currentSize : 14 <-- 0.011152 s
currentSize : 15 <-- 0.011667 s
currentSize : 16 <-- 0.039198 s
currentSize : 17 <-- 0.092710 s
currentSize : 18 <-- 0.092742 s

maxsize : 18
nodes : 40011.000000
filtered : 317116.000000
time : 0.143967
