Parameters: GAD=1 vflib=1 dir=1 label=1 lowerbound=1 fileNameGp=../graphsdb/mcs50/rand/r01/mcs50_r01_s30.A81 fileNameGt=../graphsdb/mcs50/rand/r01/mcs50_r01_s30.B81
Reading graphs...
30 : 86
30 : 86
Initializing...
maxdom : 6
D->valSize : 119
Solving...
Blb : 2 (clique : 9)
currentSize : 9 <-- 0.000630 s
currentSize : 10 <-- 0.000775 s
currentSize : 11 <-- 0.001202 s
currentSize : 13 <-- 0.001479 s
currentSize : 15 <-- 0.001507 s

maxsize : 15
nodes : 1319.000000
filtered : 13737.000000
time : 0.004970
