Parameters: GAD=1 vflib=1 dir=1 label=1 lowerbound=1 fileNameGp=../graphsdb/mcs50/rand/r01/mcs50_r01_s90.A08 fileNameGt=../graphsdb/mcs50/rand/r01/mcs50_r01_s90.B08
Reading graphs...
90 : 800
90 : 800
Initializing...
maxdom : 11
D->valSize : 597
Solving...
Blb : 2 (clique : 14)
currentSize : 14 <-- 0.006669 s
currentSize : 18 <-- 0.006814 s
currentSize : 20 <-- 0.006864 s
currentSize : 21 <-- 0.007054 s
currentSize : 22 <-- 0.007150 s
currentSize : 24 <-- 0.047394 s
currentSize : 26 <-- 0.047540 s
currentSize : 28 <-- 0.047628 s
currentSize : 29 <-- 0.048263 s
currentSize : 31 <-- 0.598369 s
currentSize : 35 <-- 0.598599 s
currentSize : 37 <-- 1.002166 s
currentSize : 40 <-- 1.007264 s
currentSize : 45 <-- 1.007401 s

maxsize : 45
nodes : 399840.000000
filtered : 6366106.000000
time : 2.610985
