Parameters: GAD=1 vflib=1 dir=1 label=1 lowerbound=1 fileNameGp=../graphsdb/mcs50/m2D/m2Dr2/mcs50_m2Dr2_s40.A03 fileNameGt=../graphsdb/mcs50/m2D/m2Dr2/mcs50_m2Dr2_s40.B03
Reading graphs...
40 : 75
40 : 75
Initializing...
maxdom : 7
D->valSize : 210
Solving...
Blb : 2 (clique : 16)
currentSize : 16 <-- 0.001250 s
currentSize : 17 <-- 0.001382 s
currentSize : 19 <-- 0.039999 s
currentSize : 20 <-- 0.164877 s
currentSize : 21 <-- 0.295663 s

maxsize : 21
nodes : 123930.000000
filtered : 1505866.000000
time : 0.542527
