Parameters: GAD=1 vflib=1 dir=1 label=1 lowerbound=1 fileNameGp=../graphsdb/mcs50/m2D/m2D/mcs50_m2D_s60.A53 fileNameGt=../graphsdb/mcs50/m2D/m2D/mcs50_m2D_s60.B53
Reading graphs...
60 : 104
60 : 104
Initializing...
maxdom : 7
D->valSize : 257
Solving...
Blb : 2 (clique : 24)
currentSize : 24 <-- 0.003127 s
currentSize : 25 <-- 0.004806 s
currentSize : 26 <-- 0.028871 s
currentSize : 27 <-- 22.647123 s
currentSize : 28 <-- 40.064182 s
currentSize : 29 <-- 42.370201 s
currentSize : 30 <-- 160.785400 s

maxsize : 30
nodes : 45092070.000000
filtered : 394232550.000000
time : 200.542786
