Parameters: GAD=1 vflib=1 dir=1 label=1 lowerbound=1 fileNameGp=../graphsdb/mcs50/bvg/b06/mcs50_b06_s60.A62 fileNameGt=../graphsdb/mcs50/bvg/b06/mcs50_b06_s60.B62
Reading graphs...
60 : 180
60 : 180
Initializing...
maxdom : 7
D->valSize : 241
Solving...
Blb : 2 (clique : 20)
currentSize : 20 <-- 0.002608 s
currentSize : 21 <-- 0.002878 s
currentSize : 22 <-- 0.003012 s
currentSize : 23 <-- 0.003153 s
currentSize : 24 <-- 0.005501 s
currentSize : 25 <-- 0.707239 s
currentSize : 26 <-- 1.000816 s
currentSize : 27 <-- 1.001239 s
currentSize : 28 <-- 2.408867 s
currentSize : 29 <-- 2.473512 s
currentSize : 31 <-- 2.473605 s

maxsize : 31
nodes : 994678.000000
filtered : 5768434.000000
time : 4.193626
