Parameters: GAD=1 vflib=1 dir=1 label=1 lowerbound=1 fileNameGp=../graphsdb/mcs50/rand/r01/mcs50_r01_s100.A16 fileNameGt=../graphsdb/mcs50/rand/r01/mcs50_r01_s100.B16
Reading graphs...
100 : 989
100 : 989
Initializing...
maxdom : 9
D->valSize : 368
Solving...
Blb : 2 (clique : 13)
currentSize : 13 <-- 0.003546 s
currentSize : 14 <-- 0.005118 s
currentSize : 15 <-- 0.013017 s
currentSize : 16 <-- 0.013228 s
currentSize : 17 <-- 0.014888 s
currentSize : 19 <-- 0.014975 s
currentSize : 20 <-- 0.015084 s
currentSize : 22 <-- 0.015169 s
currentSize : 25 <-- 0.024573 s
currentSize : 27 <-- 0.028819 s
currentSize : 30 <-- 0.028952 s
currentSize : 37 <-- 0.103598 s
currentSize : 42 <-- 0.184470 s
currentSize : 44 <-- 0.205022 s
currentSize : 50 <-- 0.282663 s

maxsize : 50
nodes : 72989.000000
filtered : 869428.000000
time : 0.484546
