Parameters: GAD=1 vflib=1 dir=1 label=1 lowerbound=1 fileNameGp=../graphsdb/mcs50/m2D/m2Dr6/mcs50_m2Dr6_s100.A96 fileNameGt=../graphsdb/mcs50/m2D/m2Dr6/mcs50_m2Dr6_s100.B96
Reading graphs...
100 : 240
100 : 239
Initializing...
maxdom : 7
D->valSize : 377
Solving...
Blb : 3 (clique : 34)
currentSize : 34 <-- 0.004108 s
currentSize : 35 <-- 0.007755 s
currentSize : 36 <-- 0.024041 s
currentSize : 37 <-- 0.130149 s
currentSize : 38 <-- 435.264465 s
currentSize : 39 <-- 435.264984 s
currentSize : 40 <-- 435.393280 s
currentSize : 41 <-- 1063.264526 s
currentSize : 42 <-- 1340.391235 s
currentSize : 43 <-- 3356.611816 s
currentSize : 44 <-- 3356.719727 s
currentSize : 45 <-- 3444.501953 s

TIMEOUT
maxsize : 45
nodes : 691977641.000000
filtered : 3062175884.000000
time : 3600.000000
