Parameters: GAD=1 vflib=1 dir=1 label=1 lowerbound=1 fileNameGp=../graphsdb/mcs50/bvg/b06/mcs50_b06_s30.A49 fileNameGt=../graphsdb/mcs50/bvg/b06/mcs50_b06_s30.B49
Reading graphs...
30 : 90
30 : 90
Initializing...
maxdom : 7
D->valSize : 147
Solving...
Blb : 2 (clique : 8)
currentSize : 8 <-- 0.000803 s
currentSize : 9 <-- 0.000863 s
currentSize : 10 <-- 0.004428 s
currentSize : 12 <-- 0.004452 s
currentSize : 14 <-- 0.004496 s
currentSize : 16 <-- 0.004536 s

maxsize : 16
nodes : 1922.000000
filtered : 15182.000000
time : 0.006656
