Parameters: GAD=1 vflib=1 dir=1 label=1 lowerbound=1 fileNameGp=../graphsdb/mcs50/bvg/b09/mcs50_b09_s50.A87 fileNameGt=../graphsdb/mcs50/bvg/b09/mcs50_b09_s50.B87
Reading graphs...
50 : 225
50 : 225
Initializing...
maxdom : 10
D->valSize : 311
Solving...
Blb : 2 (clique : 14)
currentSize : 14 <-- 0.003362 s
currentSize : 15 <-- 0.020842 s
currentSize : 19 <-- 0.028042 s
currentSize : 20 <-- 0.090923 s
currentSize : 24 <-- 0.162497 s

maxsize : 24
nodes : 46968.000000
filtered : 1107073.000000
time : 0.242850
