Parameters: GAD=1 vflib=1 dir=1 label=1 lowerbound=1 fileNameGp=../graphsdb/mcs50/m2D/m2Dr4/mcs50_m2Dr4_s80.A08 fileNameGt=../graphsdb/mcs50/m2D/m2Dr4/mcs50_m2Dr4_s80.B08
Reading graphs...
80 : 174
80 : 173
Initializing...
maxdom : 10
D->valSize : 419
Solving...
Blb : 2 (clique : 34)
currentSize : 34 <-- 0.003965 s
currentSize : 35 <-- 0.004234 s
currentSize : 36 <-- 0.050468 s
currentSize : 37 <-- 0.367086 s
currentSize : 38 <-- 0.739417 s
currentSize : 39 <-- 0.947514 s
currentSize : 40 <-- 2.114990 s
currentSize : 41 <-- 44.098766 s

TIMEOUT
maxsize : 41
nodes : 644936798.000000
filtered : 6682822245.000000
time : 3600.000000
