Parameters: GAD=1 vflib=1 dir=1 label=1 lowerbound=1 fileNameGp=../graphsdb/mcs50/m2D/m2Dr2/mcs50_m2Dr2_s50.A87 fileNameGt=../graphsdb/mcs50/m2D/m2Dr2/mcs50_m2Dr2_s50.B87
Reading graphs...
50 : 95
50 : 95
Initializing...
maxdom : 11
D->valSize : 309
Solving...
Blb : 2 (clique : 22)
currentSize : 22 <-- 0.002327 s
currentSize : 23 <-- 0.002550 s
currentSize : 24 <-- 2.690679 s
currentSize : 25 <-- 8.417367 s
currentSize : 26 <-- 9.723193 s

maxsize : 26
nodes : 4351699.000000
filtered : 61670941.000000
time : 22.043501
