Parameters: GAD=1 vflib=1 dir=1 label=1 lowerbound=1 fileNameGp=../graphsdb/mcs50/m2D/m2D/mcs50_m2D_s50.A91 fileNameGt=../graphsdb/mcs50/m2D/m2D/mcs50_m2D_s50.B91
Reading graphs...
50 : 85
50 : 85
Initializing...
maxdom : 9
D->valSize : 340
Solving...
Blb : 2 (clique : 22)
currentSize : 22 <-- 0.002593 s
currentSize : 24 <-- 0.002721 s
currentSize : 25 <-- 0.002771 s
currentSize : 26 <-- 0.002961 s
currentSize : 27 <-- 4.373551 s
currentSize : 28 <-- 219.958725 s

maxsize : 28
nodes : 78720058.000000
filtered : 1187480635.000000
time : 391.408936
