Parameters: GAD=1 vflib=1 dir=1 label=1 lowerbound=1 fileNameGp=../graphsdb/mcs50/bvg/b09m/mcs50_b09m_s100.A08 fileNameGt=../graphsdb/mcs50/bvg/b09m/mcs50_b09m_s100.B08
Reading graphs...
100 : 450
100 : 450
Initializing...
maxdom : 9
D->valSize : 416
Solving...
Blb : 2 (clique : 40)
currentSize : 40 <-- 0.004561 s
currentSize : 45 <-- 0.246664 s
currentSize : 46 <-- 0.246791 s
currentSize : 47 <-- 0.247001 s
currentSize : 49 <-- 534.032593 s
currentSize : 50 <-- 534.042542 s

maxsize : 50
nodes : 261400626.000000
filtered : 1038232009.000000
time : 1304.560059
