Parameters: GAD=1 vflib=1 dir=1 label=1 lowerbound=1 fileNameGp=../graphsdb/mcs50/bvg/b03m/mcs50_b03m_s40.A35 fileNameGt=../graphsdb/mcs50/bvg/b03m/mcs50_b03m_s40.B35
Reading graphs...
40 : 60
40 : 60
Initializing...
maxdom : 7
D->valSize : 201
Solving...
Blb : 3 (clique : 19)
currentSize : 19 <-- 0.001337 s
currentSize : 20 <-- 0.001547 s
currentSize : 21 <-- 0.003302 s
currentSize : 22 <-- 1.459176 s
currentSize : 23 <-- 1.460455 s

maxsize : 23
nodes : 514591.000000
filtered : 3904762.000000
time : 1.852132
