Parameters: GAD=1 vflib=1 dir=1 label=1 lowerbound=1 fileNameGp=../graphsdb/mcs50/m2D/m2D/mcs50_m2D_s60.A35 fileNameGt=../graphsdb/mcs50/m2D/m2D/mcs50_m2D_s60.B35
Reading graphs...
60 : 104
60 : 104
Initializing...
maxdom : 6
D->valSize : 249
Solving...
Blb : 2 (clique : 21)
currentSize : 21 <-- 0.002410 s
currentSize : 22 <-- 0.003663 s
currentSize : 23 <-- 0.023237 s
currentSize : 24 <-- 0.074644 s
currentSize : 25 <-- 0.078665 s
currentSize : 27 <-- 13.190273 s
currentSize : 28 <-- 23.373220 s

maxsize : 28
nodes : 54967269.000000
filtered : 367399106.000000
time : 233.893051
