Parameters: GAD=1 vflib=1 dir=1 label=1 lowerbound=1 fileNameGp=../graphsdb/mcs50/m2D/m2Dr6/mcs50_m2Dr6_s100.A08 fileNameGt=../graphsdb/mcs50/m2D/m2Dr6/mcs50_m2Dr6_s100.B08
Reading graphs...
100 : 240
100 : 239
Initializing...
maxdom : 8
D->valSize : 394
Solving...
Blb : 2 (clique : 29)
currentSize : 29 <-- 0.004261 s
currentSize : 30 <-- 0.025749 s
currentSize : 31 <-- 0.066084 s
currentSize : 32 <-- 0.103702 s
currentSize : 33 <-- 0.186310 s
currentSize : 34 <-- 0.196134 s
currentSize : 35 <-- 0.238364 s
currentSize : 36 <-- 0.572941 s
currentSize : 37 <-- 0.575047 s
currentSize : 39 <-- 0.915060 s
currentSize : 40 <-- 0.917470 s
currentSize : 41 <-- 9.462035 s
currentSize : 42 <-- 10.336063 s
currentSize : 44 <-- 10.336123 s
currentSize : 45 <-- 327.392029 s
currentSize : 46 <-- 327.392517 s
currentSize : 47 <-- 2403.644531 s

TIMEOUT
maxsize : 47
nodes : 611954781.000000
filtered : 3999127444.000000
time : 3600.000000
