Parameters: GAD=1 vflib=1 dir=1 label=1 lowerbound=1 fileNameGp=../graphsdb/mcs50/rand/r001/mcs50_r001_s100.A41 fileNameGt=../graphsdb/mcs50/rand/r001/mcs50_r001_s100.B41
Reading graphs...
100 : 124
100 : 124
Initializing...
maxdom : 7
D->valSize : 381
Solving...
Blb : 3 (clique : 42)
currentSize : 42 <-- 0.004176 s
currentSize : 43 <-- 536.324280 s
currentSize : 44 <-- 540.340271 s
currentSize : 45 <-- 597.029968 s
currentSize : 46 <-- 633.496521 s
currentSize : 47 <-- 2216.410645 s

TIMEOUT
maxsize : 47
nodes : 729255372.000000
filtered : 3528579167.000000
time : 3600.000000
