Parameters: GAD=1 vflib=1 dir=1 label=1 lowerbound=1 fileNameGp=../graphsdb/mcs50/bvg/b06/mcs50_b06_s100.A69 fileNameGt=../graphsdb/mcs50/bvg/b06/mcs50_b06_s100.B69
Reading graphs...
100 : 300
100 : 300
Initializing...
maxdom : 10
D->valSize : 384
Solving...
Blb : 2 (clique : 38)
currentSize : 38 <-- 0.004113 s
currentSize : 39 <-- 0.004436 s
currentSize : 41 <-- 0.004486 s
currentSize : 42 <-- 0.373288 s
currentSize : 43 <-- 0.430284 s
currentSize : 45 <-- 1.930795 s
currentSize : 46 <-- 2.763242 s
currentSize : 48 <-- 9.248711 s
currentSize : 49 <-- 23.228617 s
currentSize : 50 <-- 1046.528198 s
currentSize : 51 <-- 1090.328613 s

TIMEOUT
maxsize : 51
nodes : 730316643.000000
filtered : 2777207159.000000
time : 3600.000000
