Parameters: GAD=1 vflib=1 dir=1 label=1 lowerbound=1 fileNameGp=../graphsdb/mcs50/rand/r005/mcs50_r005_s40.A91 fileNameGt=../graphsdb/mcs50/rand/r005/mcs50_r005_s40.B91
Reading graphs...
40 : 78
40 : 78
Initializing...
maxdom : 8
D->valSize : 223
Solving...
Blb : 2 (clique : 15)
currentSize : 15 <-- 0.002015 s
currentSize : 16 <-- 0.095072 s
currentSize : 17 <-- 0.095175 s
currentSize : 18 <-- 0.095886 s
currentSize : 19 <-- 0.154799 s
currentSize : 20 <-- 0.835551 s
currentSize : 21 <-- 1.666330 s

maxsize : 21
nodes : 367237.000000
filtered : 4166037.000000
time : 1.755432
