Parameters: GAD=1 vflib=1 dir=1 label=1 lowerbound=1 fileNameGp=../graphsdb/mcs50/rand/r01/mcs50_r01_s90.A66 fileNameGt=../graphsdb/mcs50/rand/r01/mcs50_r01_s90.B66
Reading graphs...
90 : 800
90 : 800
Initializing...
maxdom : 9
D->valSize : 535
Solving...
Blb : 2 (clique : 18)
currentSize : 18 <-- 0.005998 s
currentSize : 19 <-- 0.006850 s
currentSize : 22 <-- 0.021183 s
currentSize : 25 <-- 0.024716 s
currentSize : 26 <-- 0.024955 s
currentSize : 27 <-- 0.025181 s
currentSize : 30 <-- 0.025327 s
currentSize : 31 <-- 0.025616 s
currentSize : 35 <-- 0.044127 s
currentSize : 45 <-- 0.048645 s

maxsize : 45
nodes : 73378.000000
filtered : 1628167.000000
time : 0.562674
