Parameters: GAD=1 vflib=1 dir=1 label=1 lowerbound=1 fileNameGp=../graphsdb/mcs50/bvg/b09/mcs50_b09_s80.A79 fileNameGt=../graphsdb/mcs50/bvg/b09/mcs50_b09_s80.B79
Reading graphs...
80 : 360
80 : 360
Initializing...
maxdom : 9
D->valSize : 451
Solving...
Blb : 5 (clique : 28)
currentSize : 28 <-- 0.004469 s
currentSize : 29 <-- 0.008640 s
currentSize : 30 <-- 9.510079 s
currentSize : 31 <-- 19.989882 s
currentSize : 32 <-- 25.936136 s
currentSize : 33 <-- 33.580151 s
currentSize : 35 <-- 45.021629 s
currentSize : 36 <-- 45.021824 s
currentSize : 37 <-- 45.022114 s
currentSize : 38 <-- 59.107983 s
currentSize : 39 <-- 59.108234 s
currentSize : 40 <-- 59.109779 s

maxsize : 40
nodes : 13412200.000000
filtered : 138813427.000000
time : 75.678337
