Parameters: GAD=1 vflib=1 dir=1 label=1 lowerbound=1 fileNameGp=../graphsdb/mcs50/m2D/m2Dr4/mcs50_m2Dr4_s70.A15 fileNameGt=../graphsdb/mcs50/m2D/m2Dr4/mcs50_m2Dr4_s70.B15
Reading graphs...
70 : 151
70 : 151
Initializing...
maxdom : 7
D->valSize : 337
Solving...
Blb : 2 (clique : 25)
currentSize : 25 <-- 0.002923 s
currentSize : 34 <-- 0.003102 s
currentSize : 36 <-- 0.003173 s
currentSize : 37 <-- 0.003316 s
currentSize : 38 <-- 0.004662 s
currentSize : 39 <-- 0.004987 s

maxsize : 39
nodes : 55567477.000000
filtered : 298164738.000000
time : 247.090332
