Parameters: GAD=1 vflib=1 dir=1 label=1 lowerbound=1 fileNameGp=../graphsdb/mcs50/bvg/b03m/mcs50_b03m_s70.A33 fileNameGt=../graphsdb/mcs50/bvg/b03m/mcs50_b03m_s70.B33
Reading graphs...
70 : 105
70 : 105
Initializing...
maxdom : 10
D->valSize : 366
Solving...
Blb : 2 (clique : 36)
currentSize : 36 <-- 0.003530 s
currentSize : 37 <-- 18.297279 s
currentSize : 38 <-- 18.297436 s
currentSize : 39 <-- 18.298210 s
currentSize : 40 <-- 570.393555 s
currentSize : 41 <-- 1523.270630 s

maxsize : 41
nodes : 404562282.000000
filtered : 3187856360.000000
time : 2035.958740
