Parameters: GAD=1 vflib=1 dir=1 label=1 lowerbound=1 fileNameGp=../graphsdb/mcs50/rand/r005/mcs50_r005_s35.A63 fileNameGt=../graphsdb/mcs50/rand/r005/mcs50_r005_s35.B63
Reading graphs...
35 : 62
35 : 62
Initializing...
maxdom : 7
D->valSize : 164
Solving...
Blb : 3 (clique : 13)
currentSize : 13 <-- 0.001331 s
currentSize : 14 <-- 0.002020 s
currentSize : 15 <-- 0.004159 s
currentSize : 16 <-- 0.004850 s
currentSize : 17 <-- 0.048645 s
currentSize : 18 <-- 0.124702 s

maxsize : 18
nodes : 76549.000000
filtered : 625401.000000
time : 0.287496
