Parameters: GAD=1 vflib=1 dir=1 label=1 lowerbound=1 fileNameGp=../graphsdb/mcs50/rand/r005/mcs50_r005_s25.A82 fileNameGt=../graphsdb/mcs50/rand/r005/mcs50_r005_s25.B82
Reading graphs...
25 : 35
25 : 35
Initializing...
maxdom : 8
D->valSize : 160
Solving...
Blb : 2 (clique : 10)
currentSize : 10 <-- 0.001153 s
currentSize : 12 <-- 0.001216 s
currentSize : 13 <-- 0.001241 s
currentSize : 14 <-- 0.025328 s
currentSize : 15 <-- 0.090957 s

maxsize : 15
nodes : 28742.000000
filtered : 334168.000000
time : 0.144593
