Parameters: GAD=1 vflib=1 dir=1 label=1 lowerbound=1 fileNameGp=../graphsdb/mcs50/m2D/m2Dr6/mcs50_m2Dr6_s70.A50 fileNameGt=../graphsdb/mcs50/m2D/m2Dr6/mcs50_m2Dr6_s70.B50
Reading graphs...
70 : 165
70 : 164
Initializing...
maxdom : 9
D->valSize : 348
Solving...
Blb : 2 (clique : 29)
currentSize : 29 <-- 0.003086 s
currentSize : 31 <-- 0.003386 s
currentSize : 32 <-- 0.003545 s
currentSize : 33 <-- 0.004500 s
currentSize : 34 <-- 0.008520 s
currentSize : 35 <-- 0.008649 s
currentSize : 36 <-- 0.009206 s
currentSize : 37 <-- 0.050488 s

maxsize : 37
nodes : 29374035.000000
filtered : 217532459.000000
time : 140.960846
