Parameters: GAD=1 vflib=1 dir=1 label=1 lowerbound=1 fileNameGp=../graphsdb/mcs50/m2D/m2Dr6/mcs50_m2Dr6_s90.A11 fileNameGt=../graphsdb/mcs50/m2D/m2Dr6/mcs50_m2Dr6_s90.B11
Reading graphs...
90 : 215
90 : 214
Initializing...
maxdom : 9
D->valSize : 525
Solving...
Blb : 2 (clique : 38)
currentSize : 38 <-- 0.006101 s
currentSize : 39 <-- 22.598122 s
currentSize : 40 <-- 22.598475 s
currentSize : 41 <-- 22.601902 s
currentSize : 42 <-- 22.849651 s
currentSize : 43 <-- 46.995354 s
currentSize : 44 <-- 46.995617 s
currentSize : 45 <-- 132.718887 s
currentSize : 46 <-- 829.516541 s
currentSize : 47 <-- 829.557678 s
currentSize : 48 <-- 829.578552 s
currentSize : 49 <-- 829.700745 s
currentSize : 50 <-- 829.746277 s
currentSize : 51 <-- 1926.090332 s
currentSize : 52 <-- 2279.838623 s

TIMEOUT
maxsize : 52
nodes : 669858369.000000
filtered : 3780897392.000000
time : 3600.000000
