Parameters: GAD=1 vflib=1 dir=1 label=1 lowerbound=1 fileNameGp=../graphsdb/mcs50/m2D/m2Dr4/mcs50_m2Dr4_s40.A24 fileNameGt=../graphsdb/mcs50/m2D/m2Dr4/mcs50_m2Dr4_s40.B24
Reading graphs...
40 : 83
40 : 82
Initializing...
maxdom : 10
D->valSize : 223
Solving...
Blb : 2 (clique : 14)
currentSize : 14 <-- 0.001402 s
currentSize : 15 <-- 0.001628 s
currentSize : 16 <-- 0.004840 s
currentSize : 17 <-- 0.324324 s
currentSize : 18 <-- 1.057869 s
currentSize : 19 <-- 1.313846 s

maxsize : 19
nodes : 474586.000000
filtered : 4926839.000000
time : 1.896103
