Parameters: GAD=1 vflib=1 dir=1 label=1 lowerbound=1 fileNameGp=../graphsdb/mcs50/bvg/b09m/mcs50_b09m_s25.A78 fileNameGt=../graphsdb/mcs50/bvg/b09m/mcs50_b09m_s25.B78
Reading graphs...
25 : 112
25 : 112
Initializing...
maxdom : 10
D->valSize : 160
Solving...
Blb : 2 (clique : 6)
currentSize : 6 <-- 0.001072 s
currentSize : 7 <-- 0.001437 s
currentSize : 8 <-- 0.002601 s
currentSize : 9 <-- 0.004337 s
currentSize : 10 <-- 0.004401 s
currentSize : 12 <-- 0.004482 s

maxsize : 12
nodes : 958.000000
filtered : 16648.000000
time : 0.006079
