Parameters: GAD=1 vflib=1 dir=1 label=1 lowerbound=1 fileNameGp=../graphsdb/mcs50/m2D/m2D/mcs50_m2D_s70.A69 fileNameGt=../graphsdb/mcs50/m2D/m2D/mcs50_m2D_s70.B69
Reading graphs...
70 : 123
70 : 123
Initializing...
maxdom : 6
D->valSize : 334
Solving...
Blb : 2 (clique : 33)
currentSize : 33 <-- 0.002939 s
currentSize : 34 <-- 0.003171 s
currentSize : 35 <-- 0.003258 s
currentSize : 37 <-- 0.062599 s
currentSize : 38 <-- 0.064109 s
currentSize : 39 <-- 0.855422 s

maxsize : 39
nodes : 99940212.000000
filtered : 764396148.000000
time : 490.536041
