Parameters: GAD=1 vflib=1 dir=1 label=1 lowerbound=1 fileNameGp=../graphsdb/mcs50/m2D/m2Dr6/mcs50_m2Dr6_s60.A83 fileNameGt=../graphsdb/mcs50/m2D/m2Dr6/mcs50_m2Dr6_s60.B83
Reading graphs...
60 : 140
60 : 137
Initializing...
maxdom : 7
D->valSize : 244
Solving...
Blb : 2 (clique : 22)
currentSize : 22 <-- 0.001819 s
currentSize : 23 <-- 0.002105 s
currentSize : 24 <-- 0.002407 s
currentSize : 25 <-- 0.002470 s
currentSize : 26 <-- 0.923867 s
currentSize : 27 <-- 2.649596 s
currentSize : 28 <-- 2.649658 s
currentSize : 29 <-- 2.667078 s

maxsize : 29
nodes : 1723154.000000
filtered : 11368847.000000
time : 7.445768
