Parameters: GAD=1 vflib=1 dir=1 label=1 lowerbound=1 fileNameGp=../graphsdb/mcs50/m2D/m2Dr6/mcs50_m2Dr6_s100.A97 fileNameGt=../graphsdb/mcs50/m2D/m2Dr6/mcs50_m2Dr6_s100.B97
Reading graphs...
100 : 240
100 : 240
Initializing...
maxdom : 10
D->valSize : 380
Solving...
Blb : 2 (clique : 35)
currentSize : 35 <-- 0.007142 s
currentSize : 36 <-- 0.007756 s
currentSize : 37 <-- 0.126301 s
currentSize : 38 <-- 0.555933 s
currentSize : 39 <-- 0.651316 s
currentSize : 40 <-- 2.681462 s
currentSize : 41 <-- 2.903689 s
currentSize : 42 <-- 5.262923 s
currentSize : 43 <-- 5.776193 s
currentSize : 44 <-- 275.788025 s
currentSize : 45 <-- 276.023773 s
currentSize : 46 <-- 276.406006 s
currentSize : 47 <-- 276.761261 s
currentSize : 48 <-- 276.834839 s

TIMEOUT
maxsize : 48
nodes : 708578596.000000
filtered : 2995440899.000000
time : 3600.000000
