Parameters: GAD=1 vflib=1 dir=1 label=1 lowerbound=1 fileNameGp=../graphsdb/mcs50/m2D/m2Dr6/mcs50_m2Dr6_s40.A13 fileNameGt=../graphsdb/mcs50/m2D/m2Dr6/mcs50_m2Dr6_s40.B13
Reading graphs...
40 : 91
40 : 90
Initializing...
maxdom : 8
D->valSize : 197
Solving...
Blb : 2 (clique : 15)
currentSize : 15 <-- 0.001083 s
currentSize : 16 <-- 0.001433 s
currentSize : 17 <-- 0.001488 s
currentSize : 18 <-- 0.005661 s
currentSize : 19 <-- 0.005797 s

maxsize : 19
nodes : 65753.000000
filtered : 706370.000000
time : 0.261908
