Parameters: GAD=1 vflib=1 dir=1 label=1 lowerbound=1 fileNameGp=../graphsdb/mcs50/m2D/m2Dr4/mcs50_m2Dr4_s50.A31 fileNameGt=../graphsdb/mcs50/m2D/m2Dr4/mcs50_m2Dr4_s50.B31
Reading graphs...
50 : 105
50 : 105
Initializing...
maxdom : 9
D->valSize : 329
Solving...
Blb : 2 (clique : 22)
currentSize : 22 <-- 0.002452 s
currentSize : 23 <-- 0.082303 s
currentSize : 24 <-- 0.082409 s
currentSize : 25 <-- 0.332980 s
currentSize : 26 <-- 3.326957 s
currentSize : 27 <-- 38.999359 s
currentSize : 28 <-- 38.999451 s

maxsize : 28
nodes : 9797457.000000
filtered : 169250682.000000
time : 50.896618
