Parameters: GAD=1 vflib=1 dir=1 label=1 lowerbound=1 fileNameGp=../graphsdb/mcs50/m2D/m2Dr6/mcs50_m2Dr6_s50.A60 fileNameGt=../graphsdb/mcs50/m2D/m2Dr6/mcs50_m2Dr6_s50.B60
Reading graphs...
50 : 115
50 : 115
Initializing...
maxdom : 10
D->valSize : 368
Solving...
Blb : 2 (clique : 17)
currentSize : 17 <-- 0.002698 s
currentSize : 18 <-- 0.007032 s
currentSize : 19 <-- 0.007083 s
currentSize : 20 <-- 0.011824 s
currentSize : 21 <-- 0.014467 s
currentSize : 22 <-- 3.859590 s
currentSize : 24 <-- 3.869162 s
currentSize : 25 <-- 14.103345 s

maxsize : 25
nodes : 3932181.000000
filtered : 85851931.000000
time : 21.899864
