Parameters: GAD=1 vflib=1 dir=1 label=1 lowerbound=1 fileNameGp=../graphsdb/mcs50/m2D/m2Dr2/mcs50_m2Dr2_s60.A24 fileNameGt=../graphsdb/mcs50/m2D/m2Dr2/mcs50_m2Dr2_s60.B24
Reading graphs...
60 : 116
60 : 116
Initializing...
maxdom : 6
D->valSize : 236
Solving...
Blb : 2 (clique : 21)
currentSize : 21 <-- 0.002596 s
currentSize : 22 <-- 0.002824 s
currentSize : 23 <-- 0.010573 s
currentSize : 24 <-- 0.039308 s
currentSize : 25 <-- 0.089675 s
currentSize : 26 <-- 0.683089 s
currentSize : 27 <-- 14.649574 s
currentSize : 28 <-- 15.431251 s
currentSize : 29 <-- 15.450147 s

maxsize : 29
nodes : 27374255.000000
filtered : 209232840.000000
time : 120.552032
