Parameters: GAD=1 vflib=1 dir=1 label=1 lowerbound=1 fileNameGp=../graphsdb/mcs50/bvg/b03m/mcs50_b03m_s80.A92 fileNameGt=../graphsdb/mcs50/bvg/b03m/mcs50_b03m_s80.B92
Reading graphs...
80 : 120
80 : 120
Initializing...
maxdom : 9
D->valSize : 414
Solving...
Blb : 2 (clique : 38)
currentSize : 38 <-- 0.004478 s
currentSize : 39 <-- 0.005253 s
currentSize : 40 <-- 0.007922 s
currentSize : 41 <-- 0.010891 s
currentSize : 42 <-- 1.770510 s
currentSize : 43 <-- 4.724402 s

TIMEOUT
maxsize : 43
nodes : 613405712.000000
filtered : 6151964024.000000
time : 3600.000000
