Parameters: GAD=1 vflib=1 dir=1 label=1 lowerbound=1 fileNameGp=../graphsdb/mcs50/m2D/m2Dr6/mcs50_m2Dr6_s90.A13 fileNameGt=../graphsdb/mcs50/m2D/m2Dr6/mcs50_m2Dr6_s90.B13
Reading graphs...
90 : 215
90 : 214
Initializing...
maxdom : 9
D->valSize : 526
Solving...
Blb : 2 (clique : 30)
currentSize : 30 <-- 0.006205 s
currentSize : 32 <-- 0.006441 s
currentSize : 33 <-- 0.007049 s
currentSize : 34 <-- 0.014226 s
currentSize : 35 <-- 4.771367 s
currentSize : 36 <-- 1499.303589 s
currentSize : 37 <-- 2217.063721 s

TIMEOUT
maxsize : 37
nodes : 649163558.000000
filtered : 6463125551.000000
time : 3600.000000
