Parameters: GAD=1 vflib=1 dir=1 label=1 lowerbound=1 fileNameGp=../graphsdb/mcs50/bvg/b06/mcs50_b06_s50.A80 fileNameGt=../graphsdb/mcs50/bvg/b06/mcs50_b06_s50.B80
Reading graphs...
50 : 150
50 : 150
Initializing...
maxdom : 9
D->valSize : 309
Solving...
Blb : 2 (clique : 20)
currentSize : 20 <-- 0.002114 s
currentSize : 21 <-- 0.002259 s
currentSize : 22 <-- 0.002333 s
currentSize : 23 <-- 0.002527 s
currentSize : 25 <-- 0.041937 s
currentSize : 26 <-- 0.046409 s

maxsize : 26
nodes : 236364.000000
filtered : 3447460.000000
time : 1.158488
