Parameters: GAD=1 vflib=1 dir=1 label=1 lowerbound=1 fileNameGp=../graphsdb/mcs50/bvg/b09m/mcs50_b09m_s50.A15 fileNameGt=../graphsdb/mcs50/bvg/b09m/mcs50_b09m_s50.B15
Reading graphs...
50 : 225
50 : 225
Initializing...
maxdom : 9
D->valSize : 333
Solving...
Blb : 2 (clique : 19)
currentSize : 19 <-- 0.003033 s
currentSize : 20 <-- 0.003353 s
currentSize : 22 <-- 0.004279 s
currentSize : 23 <-- 0.013686 s
currentSize : 25 <-- 0.013738 s

maxsize : 25
nodes : 93075.000000
filtered : 1115044.000000
time : 0.422334
