Parameters: GAD=1 vflib=1 dir=1 label=1 lowerbound=1 fileNameGp=../graphsdb/mcs50/bvg/b03/mcs50_b03_s40.A77 fileNameGt=../graphsdb/mcs50/bvg/b03/mcs50_b03_s40.B77
Reading graphs...
40 : 60
40 : 60
Initializing...
maxdom : 8
D->valSize : 222
Solving...
Blb : 2 (clique : 19)
currentSize : 19 <-- 0.002099 s
currentSize : 20 <-- 0.002417 s
currentSize : 22 <-- 0.002772 s
currentSize : 23 <-- 0.262852 s
currentSize : 24 <-- 0.264494 s

maxsize : 24
nodes : 192504.000000
filtered : 1653785.000000
time : 0.817051
