Parameters: GAD=1 vflib=1 dir=1 label=1 lowerbound=1 fileNameGp=../graphsdb/mcs50/m2D/m2Dr4/mcs50_m2Dr4_s70.A65 fileNameGt=../graphsdb/mcs50/m2D/m2Dr4/mcs50_m2Dr4_s70.B65
Reading graphs...
70 : 151
70 : 149
Initializing...
maxdom : 8
D->valSize : 324
Solving...
Blb : 2 (clique : 27)
currentSize : 27 <-- 0.002914 s
currentSize : 28 <-- 0.007601 s
currentSize : 29 <-- 0.056948 s
currentSize : 30 <-- 13.151377 s
currentSize : 31 <-- 13.160093 s
currentSize : 32 <-- 13.167021 s
currentSize : 33 <-- 344.230408 s
currentSize : 34 <-- 344.890167 s
currentSize : 35 <-- 344.990875 s
currentSize : 36 <-- 992.985901 s
currentSize : 37 <-- 992.986084 s
currentSize : 38 <-- 992.986267 s

maxsize : 38
nodes : 296110461.000000
filtered : 2330246738.000000
time : 1460.290894
