Parameters: GAD=1 vflib=1 dir=1 label=1 lowerbound=1 fileNameGp=../graphsdb/mcs50/bvg/b09m/mcs50_b09m_s90.A30 fileNameGt=../graphsdb/mcs50/bvg/b09m/mcs50_b09m_s90.B30
Reading graphs...
90 : 405
90 : 405
Initializing...
maxdom : 9
D->valSize : 549
Solving...
Blb : 3 (clique : 25)
currentSize : 25 <-- 0.006238 s
currentSize : 26 <-- 17.526524 s
currentSize : 27 <-- 43.641743 s
currentSize : 29 <-- 70.165840 s
currentSize : 30 <-- 121.699898 s
currentSize : 31 <-- 121.700081 s
currentSize : 32 <-- 408.495850 s
currentSize : 33 <-- 447.237061 s
currentSize : 34 <-- 499.688599 s
currentSize : 38 <-- 872.372070 s
currentSize : 43 <-- 872.372253 s
currentSize : 44 <-- 872.397888 s

maxsize : 44
nodes : 263696582.000000
filtered : 2696490941.000000
time : 1482.596069
