Parameters: GAD=1 vflib=1 dir=1 label=1 lowerbound=1 fileNameGp=../graphsdb/mcs50/bvg/b03/mcs50_b03_s90.A02 fileNameGt=../graphsdb/mcs50/bvg/b03/mcs50_b03_s90.B02
Reading graphs...
90 : 135
90 : 135
Initializing...
maxdom : 10
D->valSize : 534
Solving...
Blb : 2 (clique : 40)
currentSize : 40 <-- 0.006524 s
currentSize : 41 <-- 0.006894 s
currentSize : 42 <-- 0.011494 s
currentSize : 43 <-- 0.015671 s
currentSize : 44 <-- 310.089783 s
currentSize : 45 <-- 407.189606 s
currentSize : 46 <-- 1144.303589 s

TIMEOUT
maxsize : 46
nodes : 634152749.000000
filtered : 5384158242.000000
time : 3600.000000
