Parameters: GAD=1 vflib=1 dir=1 label=1 lowerbound=1 fileNameGp=../graphsdb/mcs50/m2D/m2Dr2/mcs50_m2Dr2_s60.A66 fileNameGt=../graphsdb/mcs50/m2D/m2Dr2/mcs50_m2Dr2_s60.B66
Reading graphs...
60 : 116
60 : 115
Initializing...
maxdom : 7
D->valSize : 245
Solving...
Blb : 2 (clique : 21)
currentSize : 21 <-- 0.001920 s
currentSize : 22 <-- 0.002049 s
currentSize : 23 <-- 0.002250 s
currentSize : 24 <-- 0.002910 s
currentSize : 25 <-- 0.011418 s
currentSize : 26 <-- 4.464828 s
currentSize : 27 <-- 5.529212 s
currentSize : 28 <-- 14.895261 s
currentSize : 29 <-- 67.454437 s

maxsize : 29
nodes : 28375633.000000
filtered : 207328667.000000
time : 126.242638
