Parameters: GAD=1 vflib=1 dir=1 label=1 lowerbound=1 fileNameGp=../graphsdb/mcs50/bvg/b09/mcs50_b09_s60.A23 fileNameGt=../graphsdb/mcs50/bvg/b09/mcs50_b09_s60.B23
Reading graphs...
60 : 270
60 : 270
Initializing...
maxdom : 7
D->valSize : 253
Solving...
Blb : 3 (clique : 20)
currentSize : 20 <-- 0.001883 s
currentSize : 24 <-- 0.004274 s
currentSize : 25 <-- 0.140458 s
currentSize : 29 <-- 0.658493 s
currentSize : 30 <-- 0.659300 s

maxsize : 30
nodes : 240501.000000
filtered : 1699371.000000
time : 1.035018
