Parameters: GAD=1 vflib=1 dir=1 label=1 lowerbound=1 fileNameGp=../graphsdb/mcs50/bvg/b03m/mcs50_b03m_s25.A47 fileNameGt=../graphsdb/mcs50/bvg/b03m/mcs50_b03m_s25.B47
Reading graphs...
25 : 37
25 : 37
Initializing...
maxdom : 10
D->valSize : 173
Solving...
Blb : 2 (clique : 10)
currentSize : 10 <-- 0.000893 s
currentSize : 11 <-- 0.000955 s
currentSize : 12 <-- 0.003455 s
currentSize : 13 <-- 0.062155 s
currentSize : 14 <-- 0.064235 s

maxsize : 14
nodes : 22882.000000
filtered : 216042.000000
time : 0.067525
