Parameters: GAD=1 vflib=1 dir=1 label=1 lowerbound=1 fileNameGp=../graphsdb/mcs50/bvg/b09m/mcs50_b09m_s100.A33 fileNameGt=../graphsdb/mcs50/bvg/b09m/mcs50_b09m_s100.B33
Reading graphs...
100 : 450
100 : 450
Initializing...
maxdom : 7
D->valSize : 350
Solving...
Blb : 3 (clique : 40)
currentSize : 40 <-- 0.003451 s
currentSize : 41 <-- 3.647358 s
currentSize : 42 <-- 6.852243 s
currentSize : 43 <-- 6.852723 s
currentSize : 44 <-- 16.351519 s
currentSize : 47 <-- 26.139229 s
currentSize : 48 <-- 55.201565 s
currentSize : 50 <-- 55.201839 s

maxsize : 50
nodes : 11261572.000000
filtered : 65863643.000000
time : 64.818680
