Parameters: GAD=1 vflib=1 dir=1 label=1 lowerbound=1 fileNameGp=../graphsdb/mcs50/m3D/m3Dr4/mcs50_m3Dr4_s60.A00 fileNameGt=../graphsdb/mcs50/m3D/m3Dr4/mcs50_m3Dr4_s60.B00
Reading graphs...
60 : 158
60 : 158
Initializing...
maxdom : 8
D->valSize : 237
Solving...
Blb : 3 (clique : 22)
currentSize : 22 <-- 0.001946 s
currentSize : 23 <-- 0.002267 s
currentSize : 24 <-- 0.003270 s
currentSize : 25 <-- 0.006678 s
currentSize : 26 <-- 0.381498 s
currentSize : 27 <-- 0.381721 s
currentSize : 28 <-- 0.406110 s
currentSize : 29 <-- 0.406228 s
currentSize : 30 <-- 0.406639 s

maxsize : 30
nodes : 556949.000000
filtered : 2827157.000000
time : 2.232172
