Parameters: GAD=1 vflib=1 dir=1 label=1 lowerbound=1 fileNameGp=../graphsdb/mcs50/m2D/m2Dr4/mcs50_m2Dr4_s100.A56 fileNameGt=../graphsdb/mcs50/m2D/m2Dr4/mcs50_m2Dr4_s100.B56
Reading graphs...
100 : 220
100 : 220
Initializing...
maxdom : 9
D->valSize : 391
Solving...
Blb : 2 (clique : 36)
currentSize : 36 <-- 0.004308 s
currentSize : 37 <-- 0.004683 s
currentSize : 38 <-- 0.018253 s
currentSize : 39 <-- 0.018379 s
currentSize : 40 <-- 0.048157 s
currentSize : 41 <-- 0.069710 s
currentSize : 42 <-- 0.070222 s
currentSize : 43 <-- 1.958160 s
currentSize : 44 <-- 1.959739 s
currentSize : 45 <-- 128.856506 s
currentSize : 46 <-- 128.910934 s
currentSize : 47 <-- 128.911072 s
currentSize : 48 <-- 128.911499 s
currentSize : 49 <-- 330.450165 s
currentSize : 50 <-- 330.583496 s
currentSize : 51 <-- 2109.175049 s
currentSize : 52 <-- 2109.227051 s

TIMEOUT
maxsize : 52
nodes : 774058340.000000
filtered : 2000170094.000000
time : 3600.000000
