Parameters: GAD=1 vflib=1 dir=1 label=1 lowerbound=1 fileNameGp=../graphsdb/mcs50/rand/r02/mcs50_r02_s20.A32 fileNameGt=../graphsdb/mcs50/rand/r02/mcs50_r02_s20.B32
Reading graphs...
20 : 75
20 : 75
Initializing...
maxdom : 7
D->valSize : 105
Solving...
Blb : 2 (clique : 5)
currentSize : 5 <-- 0.000637 s
currentSize : 6 <-- 0.001059 s
currentSize : 7 <-- 0.001378 s
currentSize : 8 <-- 0.001595 s
currentSize : 10 <-- 0.002106 s

maxsize : 10
nodes : 518.000000
filtered : 6978.000000
time : 0.002259
