Parameters: GAD=1 vflib=1 dir=1 label=1 lowerbound=1 fileNameGp=../graphsdb/mcs50/bvg/b06m/mcs50_b06m_s70.A71 fileNameGt=../graphsdb/mcs50/bvg/b06m/mcs50_b06m_s70.B71
Reading graphs...
70 : 210
70 : 210
Initializing...
maxdom : 10
D->valSize : 353
Solving...
Blb : 3 (clique : 29)
currentSize : 29 <-- 0.003169 s
currentSize : 30 <-- 0.005442 s
currentSize : 31 <-- 7.256077 s
currentSize : 33 <-- 7.256176 s
currentSize : 35 <-- 7.257246 s

maxsize : 35
nodes : 1755212.000000
filtered : 16369374.000000
time : 9.338798
