Parameters: GAD=1 vflib=1 dir=1 label=1 lowerbound=1 fileNameGp=../graphsdb/mcs50/m2D/m2Dr2/mcs50_m2Dr2_s40.A62 fileNameGt=../graphsdb/mcs50/m2D/m2Dr2/mcs50_m2Dr2_s40.B62
Reading graphs...
40 : 75
40 : 75
Initializing...
maxdom : 8
D->valSize : 211
Solving...
Blb : 2 (clique : 14)
currentSize : 14 <-- 0.001905 s
currentSize : 15 <-- 0.002042 s
currentSize : 16 <-- 0.002372 s
currentSize : 17 <-- 0.005462 s
currentSize : 18 <-- 0.006091 s
currentSize : 19 <-- 0.239472 s

maxsize : 19
nodes : 290549.000000
filtered : 2974148.000000
time : 1.246324
