Parameters: GAD=1 vflib=1 dir=1 label=1 lowerbound=1 fileNameGp=../graphsdb/mcs50/bvg/b09/mcs50_b09_s30.A94 fileNameGt=../graphsdb/mcs50/bvg/b09/mcs50_b09_s30.B94
Reading graphs...
30 : 135
30 : 135
Initializing...
maxdom : 5
D->valSize : 115
Solving...
Blb : 2 (clique : 6)
currentSize : 6 <-- 0.000670 s
currentSize : 7 <-- 0.000738 s
currentSize : 8 <-- 0.001202 s
currentSize : 11 <-- 0.001231 s
currentSize : 13 <-- 0.001799 s
currentSize : 14 <-- 0.002217 s
currentSize : 15 <-- 0.003443 s

maxsize : 15
nodes : 1007.000000
filtered : 10511.000000
time : 0.004513
