Parameters: GAD=1 vflib=1 dir=1 label=1 lowerbound=1 fileNameGp=../graphsdb/mcs50/bvg/b09/mcs50_b09_s80.A63 fileNameGt=../graphsdb/mcs50/bvg/b09/mcs50_b09_s80.B63
Reading graphs...
80 : 360
80 : 360
Initializing...
maxdom : 8
D->valSize : 415
Solving...
Blb : 2 (clique : 18)
currentSize : 18 <-- 0.003783 s
currentSize : 19 <-- 0.004147 s
currentSize : 20 <-- 0.006488 s
currentSize : 21 <-- 0.006688 s
currentSize : 22 <-- 0.013281 s
currentSize : 23 <-- 0.015202 s
currentSize : 24 <-- 0.130175 s
currentSize : 25 <-- 0.379306 s
currentSize : 27 <-- 0.386311 s
currentSize : 28 <-- 3.633553 s
currentSize : 29 <-- 3.647785 s
currentSize : 30 <-- 8.347119 s
currentSize : 33 <-- 12.844473 s
currentSize : 34 <-- 12.844686 s
currentSize : 35 <-- 12.847544 s
currentSize : 36 <-- 20.750824 s
currentSize : 37 <-- 34.165779 s
currentSize : 38 <-- 49.812679 s
currentSize : 39 <-- 49.813385 s
currentSize : 40 <-- 49.828384 s

maxsize : 40
nodes : 11207499.000000
filtered : 91512391.000000
time : 57.684639
