Parameters: GAD=1 vflib=1 dir=1 label=1 lowerbound=1 fileNameGp=../graphsdb/mcs50/bvg/b06/mcs50_b06_s70.A28 fileNameGt=../graphsdb/mcs50/bvg/b06/mcs50_b06_s70.B28
Reading graphs...
70 : 210
70 : 210
Initializing...
maxdom : 7
D->valSize : 319
Solving...
Blb : 2 (clique : 30)
currentSize : 30 <-- 0.002840 s
currentSize : 31 <-- 0.003080 s
currentSize : 32 <-- 0.917678 s
currentSize : 33 <-- 0.917758 s
currentSize : 34 <-- 1.048515 s
currentSize : 35 <-- 8.408969 s
currentSize : 36 <-- 8.439614 s

maxsize : 36
nodes : 54549968.000000
filtered : 359051642.000000
time : 247.976135
