Parameters: GAD=1 vflib=1 dir=1 label=1 lowerbound=1 fileNameGp=../graphsdb/mcs50/m2D/m2Dr4/mcs50_m2Dr4_s50.A09 fileNameGt=../graphsdb/mcs50/m2D/m2Dr4/mcs50_m2Dr4_s50.B09
Reading graphs...
50 : 105
50 : 105
Initializing...
maxdom : 9
D->valSize : 346
Solving...
Blb : 2 (clique : 17)
currentSize : 17 <-- 0.004680 s
currentSize : 18 <-- 0.004892 s
currentSize : 19 <-- 0.005923 s
currentSize : 20 <-- 0.010313 s
currentSize : 21 <-- 8.950561 s
currentSize : 22 <-- 14.058193 s
currentSize : 23 <-- 17.242552 s
currentSize : 24 <-- 21.116590 s
currentSize : 25 <-- 32.382618 s
currentSize : 26 <-- 32.389301 s
currentSize : 27 <-- 32.389420 s

maxsize : 27
nodes : 9047732.000000
filtered : 114217877.000000
time : 42.056049
