Parameters: GAD=1 vflib=1 dir=1 label=1 lowerbound=1 fileNameGp=../graphsdb/mcs50/m2D/m2Dr4/mcs50_m2Dr4_s30.A70 fileNameGt=../graphsdb/mcs50/m2D/m2Dr4/mcs50_m2Dr4_s30.B70
Reading graphs...
30 : 61
30 : 61
Initializing...
maxdom : 8
D->valSize : 130
Solving...
Blb : 2 (clique : 11)
currentSize : 11 <-- 0.000773 s
currentSize : 12 <-- 0.000866 s
currentSize : 13 <-- 0.004032 s
currentSize : 14 <-- 0.008922 s
currentSize : 16 <-- 0.018604 s
currentSize : 17 <-- 0.019034 s

maxsize : 17
nodes : 6315.000000
filtered : 49574.000000
time : 0.022032
