Parameters: GAD=1 vflib=1 dir=1 label=1 lowerbound=1 fileNameGp=../graphsdb/mcs50/rand/r02/mcs50_r02_s80.A78 fileNameGt=../graphsdb/mcs50/rand/r02/mcs50_r02_s80.B78
Reading graphs...
80 : 1263
80 : 1263
Initializing...
maxdom : 9
D->valSize : 424
Solving...
Blb : 2 (clique : 7)
currentSize : 7 <-- 0.006559 s
currentSize : 8 <-- 0.006746 s
currentSize : 9 <-- 0.006916 s
currentSize : 10 <-- 0.007127 s
currentSize : 11 <-- 0.007703 s
currentSize : 14 <-- 0.011655 s
currentSize : 16 <-- 0.014910 s
currentSize : 25 <-- 0.014993 s
currentSize : 40 <-- 0.027446 s

maxsize : 40
nodes : 5235.000000
filtered : 140883.000000
time : 0.043152
