Parameters: GAD=1 vflib=1 dir=1 label=1 lowerbound=1 fileNameGp=../graphsdb/mcs50/rand/r01/mcs50_r01_s100.A54 fileNameGt=../graphsdb/mcs50/rand/r01/mcs50_r01_s100.B54
Reading graphs...
100 : 989
100 : 989
Initializing...
maxdom : 7
D->valSize : 355
Solving...
Blb : 2 (clique : 12)
currentSize : 12 <-- 0.005077 s
currentSize : 13 <-- 0.006237 s
currentSize : 14 <-- 0.007043 s
currentSize : 15 <-- 0.007534 s
currentSize : 16 <-- 0.012546 s
currentSize : 17 <-- 0.012696 s
currentSize : 19 <-- 0.012919 s
currentSize : 20 <-- 0.014007 s
currentSize : 23 <-- 0.041040 s
currentSize : 26 <-- 0.050900 s
currentSize : 30 <-- 0.095432 s
currentSize : 35 <-- 0.125346 s
currentSize : 38 <-- 0.223956 s
currentSize : 39 <-- 0.230152 s
currentSize : 50 <-- 0.230466 s

maxsize : 50
nodes : 49813.000000
filtered : 581313.000000
time : 0.419205
