Parameters: GAD=1 vflib=1 dir=1 label=1 lowerbound=1 fileNameGp=../graphsdb/mcs50/m2D/m2Dr4/mcs50_m2Dr4_s50.A24 fileNameGt=../graphsdb/mcs50/m2D/m2Dr4/mcs50_m2Dr4_s50.B24
Reading graphs...
50 : 105
50 : 104
Initializing...
maxdom : 10
D->valSize : 314
Solving...
Blb : 3 (clique : 21)
currentSize : 21 <-- 0.002400 s
currentSize : 22 <-- 0.113662 s
currentSize : 23 <-- 0.214166 s
currentSize : 24 <-- 7.765048 s
currentSize : 25 <-- 7.765128 s
currentSize : 26 <-- 7.765198 s
currentSize : 27 <-- 9.168868 s

maxsize : 27
nodes : 3684867.000000
filtered : 61164956.000000
time : 18.344093
