Parameters: GAD=1 vflib=1 dir=1 label=1 lowerbound=1 fileNameGp=../graphsdb/mcs50/rand/r005/mcs50_r005_s100.A30 fileNameGt=../graphsdb/mcs50/rand/r005/mcs50_r005_s100.B30
Reading graphs...
100 : 494
100 : 494
Initializing...
maxdom : 7
D->valSize : 363
Solving...
Blb : 2 (clique : 30)
currentSize : 30 <-- 0.003643 s
currentSize : 31 <-- 0.003897 s
currentSize : 32 <-- 0.004014 s
currentSize : 34 <-- 0.004200 s
currentSize : 35 <-- 0.004369 s
currentSize : 38 <-- 0.004869 s
currentSize : 39 <-- 0.005106 s
currentSize : 40 <-- 0.036905 s
currentSize : 41 <-- 0.037175 s
currentSize : 42 <-- 0.109615 s
currentSize : 44 <-- 0.109737 s
currentSize : 46 <-- 0.726091 s
currentSize : 50 <-- 0.726512 s

maxsize : 50
nodes : 3803090.000000
filtered : 28671316.000000
time : 23.661411
