Parameters: GAD=1 vflib=1 dir=1 label=1 lowerbound=1 fileNameGp=../graphsdb/mcs50/bvg/b03/mcs50_b03_s40.A16 fileNameGt=../graphsdb/mcs50/bvg/b03/mcs50_b03_s40.B16
Reading graphs...
40 : 60
40 : 60
Initializing...
maxdom : 7
D->valSize : 201
Solving...
Blb : 5 (clique : 15)
currentSize : 15 <-- 0.001190 s
currentSize : 17 <-- 0.001260 s
currentSize : 18 <-- 0.063677 s
currentSize : 19 <-- 0.332726 s
currentSize : 20 <-- 0.332786 s
currentSize : 21 <-- 0.332975 s

maxsize : 21
nodes : 249207.000000
filtered : 2130287.000000
time : 0.996668
