Parameters: GAD=1 vflib=1 dir=1 label=1 lowerbound=1 fileNameGp=../graphsdb/mcs50/bvg/b03/mcs50_b03_s60.A17 fileNameGt=../graphsdb/mcs50/bvg/b03/mcs50_b03_s60.B17
Reading graphs...
60 : 90
60 : 90
Initializing...
maxdom : 9
D->valSize : 285
Solving...
Blb : 2 (clique : 24)
currentSize : 24 <-- 0.003457 s
currentSize : 25 <-- 0.004633 s
currentSize : 26 <-- 0.004889 s
currentSize : 27 <-- 0.008030 s
currentSize : 28 <-- 0.010491 s
currentSize : 29 <-- 0.531585 s
currentSize : 30 <-- 1.529896 s
currentSize : 31 <-- 2.008218 s
currentSize : 32 <-- 3.132654 s
currentSize : 33 <-- 5.889129 s
currentSize : 34 <-- 6.369713 s

maxsize : 34
nodes : 1716528.000000
filtered : 12460553.000000
time : 7.747313
