Parameters: GAD=1 vflib=1 dir=1 label=1 lowerbound=1 fileNameGp=../graphsdb/mcs50/rand/r005/mcs50_r005_s50.A23 fileNameGt=../graphsdb/mcs50/rand/r005/mcs50_r005_s50.B23
Reading graphs...
50 : 121
50 : 121
Initializing...
maxdom : 11
D->valSize : 325
Solving...
Blb : 2 (clique : 17)
currentSize : 17 <-- 0.002280 s
currentSize : 18 <-- 0.008287 s
currentSize : 20 <-- 0.021866 s
currentSize : 21 <-- 0.021945 s
currentSize : 22 <-- 0.089793 s
currentSize : 23 <-- 0.222282 s
currentSize : 24 <-- 1.206828 s
currentSize : 25 <-- 7.087947 s
currentSize : 26 <-- 23.611958 s

maxsize : 26
nodes : 5284192.000000
filtered : 75883560.000000
time : 25.734673
