Parameters: GAD=1 vflib=1 dir=1 label=1 lowerbound=1 fileNameGp=../graphsdb/mcs50/rand/r02/mcs50_r02_s40.A11 fileNameGt=../graphsdb/mcs50/rand/r02/mcs50_r02_s40.B11
Reading graphs...
40 : 311
40 : 311
Initializing...
maxdom : 9
D->valSize : 227
Solving...
Blb : 2 (clique : 6)
currentSize : 6 <-- 0.001240 s
currentSize : 7 <-- 0.001295 s
currentSize : 8 <-- 0.001677 s
currentSize : 11 <-- 0.002021 s
currentSize : 13 <-- 0.002953 s
currentSize : 15 <-- 0.004233 s
currentSize : 20 <-- 0.005145 s

maxsize : 20
nodes : 1165.000000
filtered : 24756.000000
time : 0.006431
