Parameters: GAD=1 vflib=1 dir=1 label=1 lowerbound=1 fileNameGp=../graphsdb/mcs50/m2D/m2Dr6/mcs50_m2Dr6_s70.A59 fileNameGt=../graphsdb/mcs50/m2D/m2Dr6/mcs50_m2Dr6_s70.B59
Reading graphs...
70 : 165
70 : 165
Initializing...
maxdom : 7
D->valSize : 324
Solving...
Blb : 2 (clique : 23)
currentSize : 23 <-- 0.002716 s
currentSize : 24 <-- 0.002879 s
currentSize : 25 <-- 0.017840 s
currentSize : 26 <-- 0.960180 s
currentSize : 27 <-- 5.211217 s
currentSize : 28 <-- 15.542058 s
currentSize : 29 <-- 80.233482 s
currentSize : 30 <-- 204.301636 s
currentSize : 31 <-- 365.203735 s
currentSize : 32 <-- 388.179626 s
currentSize : 33 <-- 418.213257 s
currentSize : 34 <-- 451.312653 s
currentSize : 36 <-- 659.978882 s
currentSize : 37 <-- 660.165894 s

maxsize : 37
nodes : 196849050.000000
filtered : 1201754833.000000
time : 890.601074
