Parameters: GAD=1 vflib=1 dir=1 label=1 lowerbound=1 fileNameGp=../graphsdb/mcs50/m2D/m2Dr2/mcs50_m2Dr2_s40.A21 fileNameGt=../graphsdb/mcs50/m2D/m2Dr2/mcs50_m2Dr2_s40.B21
Reading graphs...
40 : 75
40 : 74
Initializing...
maxdom : 10
D->valSize : 229
Solving...
Blb : 2 (clique : 16)
currentSize : 16 <-- 0.002102 s
currentSize : 17 <-- 0.002253 s
currentSize : 18 <-- 0.002954 s
currentSize : 19 <-- 0.003120 s
currentSize : 20 <-- 0.003620 s

maxsize : 20
nodes : 42407.000000
filtered : 572041.000000
time : 0.210477
