Parameters: GAD=1 vflib=1 dir=1 label=1 lowerbound=1 fileNameGp=../graphsdb/mcs50/m3D/m3Dr2/mcs50_m3Dr2_s50.A31 fileNameGt=../graphsdb/mcs50/m3D/m3Dr2/mcs50_m3Dr2_s50.B31
Reading graphs...
50 : 119
50 : 119
Initializing...
maxdom : 9
D->valSize : 328
Solving...
Blb : 2 (clique : 21)
currentSize : 21 <-- 0.003050 s
currentSize : 22 <-- 0.003584 s
currentSize : 23 <-- 0.006664 s
currentSize : 24 <-- 0.042338 s
currentSize : 25 <-- 0.042473 s
currentSize : 27 <-- 0.042554 s

maxsize : 27
nodes : 737044.000000
filtered : 9616555.000000
time : 3.723832
