Parameters: GAD=1 vflib=1 dir=1 label=1 lowerbound=1 fileNameGp=../graphsdb/mcs50/rand/r01/mcs50_r01_s80.A91 fileNameGt=../graphsdb/mcs50/rand/r01/mcs50_r01_s80.B91
Reading graphs...
80 : 631
80 : 631
Initializing...
maxdom : 10
D->valSize : 444
Solving...
Blb : 2 (clique : 12)
currentSize : 12 <-- 0.006443 s
currentSize : 13 <-- 0.006740 s
currentSize : 15 <-- 0.006946 s
currentSize : 17 <-- 0.007235 s
currentSize : 18 <-- 0.007996 s
currentSize : 19 <-- 0.015123 s
currentSize : 21 <-- 0.016645 s
currentSize : 23 <-- 0.016701 s
currentSize : 24 <-- 0.017028 s
currentSize : 28 <-- 0.806044 s
currentSize : 40 <-- 0.811305 s

maxsize : 40
nodes : 158273.000000
filtered : 2684109.000000
time : 1.000090
