Parameters: GAD=1 vflib=1 dir=1 label=1 lowerbound=1 fileNameGp=../graphsdb/mcs50/m4D/m4Dr2/mcs50_m4Dr2_s30.A30 fileNameGt=../graphsdb/mcs50/m4D/m4Dr2/mcs50_m4Dr2_s30.B30
Reading graphs...
30 : 61
30 : 61
Initializing...
maxdom : 7
D->valSize : 127
Solving...
Blb : 3 (clique : 10)
currentSize : 10 <-- 0.000681 s
currentSize : 11 <-- 0.002180 s
currentSize : 12 <-- 0.005054 s
currentSize : 16 <-- 0.009452 s
currentSize : 17 <-- 0.009954 s

maxsize : 17
nodes : 4069.000000
filtered : 30356.000000
time : 0.013540
