Parameters: GAD=1 vflib=1 dir=1 label=1 lowerbound=1 fileNameGp=../graphsdb/mcs50/bvg/b06m/mcs50_b06m_s70.A49 fileNameGt=../graphsdb/mcs50/bvg/b06m/mcs50_b06m_s70.B49
Reading graphs...
70 : 210
70 : 210
Initializing...
maxdom : 11
D->valSize : 351
Solving...
Blb : 2 (clique : 25)
currentSize : 25 <-- 0.004720 s
currentSize : 26 <-- 0.004969 s
currentSize : 27 <-- 0.006035 s
currentSize : 28 <-- 0.324680 s
currentSize : 29 <-- 0.324792 s
currentSize : 30 <-- 0.825588 s
currentSize : 31 <-- 18.482580 s
currentSize : 32 <-- 18.482836 s
currentSize : 33 <-- 18.638044 s
currentSize : 35 <-- 72.453209 s
currentSize : 36 <-- 90.758400 s

maxsize : 36
nodes : 21464231.000000
filtered : 168131956.000000
time : 101.446068
