Parameters: GAD=1 vflib=1 dir=1 label=1 lowerbound=1 fileNameGp=../graphsdb/mcs50/bvg/b06/mcs50_b06_s40.A45 fileNameGt=../graphsdb/mcs50/bvg/b06/mcs50_b06_s40.B45
Reading graphs...
40 : 120
40 : 120
Initializing...
maxdom : 8
D->valSize : 200
Solving...
Blb : 2 (clique : 14)
currentSize : 14 <-- 0.001743 s
currentSize : 16 <-- 0.001864 s
currentSize : 17 <-- 0.001931 s
currentSize : 18 <-- 0.002204 s
currentSize : 19 <-- 0.005924 s
currentSize : 20 <-- 0.006301 s

maxsize : 20
nodes : 10869.000000
filtered : 162212.000000
time : 0.060358
