Parameters: GAD=1 vflib=1 dir=1 label=1 lowerbound=1 fileNameGp=../graphsdb/mcs50/rand/r01/mcs50_r01_s25.A73 fileNameGt=../graphsdb/mcs50/rand/r01/mcs50_r01_s25.B73
Reading graphs...
25 : 59
25 : 59
Initializing...
maxdom : 9
D->valSize : 156
Solving...
Blb : 2 (clique : 9)
currentSize : 9 <-- 0.001115 s
currentSize : 10 <-- 0.001417 s
currentSize : 11 <-- 0.001895 s
currentSize : 12 <-- 0.006736 s
currentSize : 13 <-- 0.014106 s

maxsize : 13
nodes : 3819.000000
filtered : 55344.000000
time : 0.021553
