Parameters: GAD=1 vflib=1 dir=1 label=1 lowerbound=1 fileNameGp=../graphsdb/mcs50/m3D/m3Dr2/mcs50_m3Dr2_s50.A18 fileNameGt=../graphsdb/mcs50/m3D/m3Dr2/mcs50_m3Dr2_s50.B18
Reading graphs...
50 : 119
50 : 119
Initializing...
maxdom : 10
D->valSize : 340
Solving...
Blb : 5 (clique : 19)
currentSize : 19 <-- 0.003970 s
currentSize : 20 <-- 0.004185 s
currentSize : 21 <-- 0.937695 s
currentSize : 22 <-- 0.938040 s
currentSize : 24 <-- 10.757970 s
currentSize : 25 <-- 10.758199 s
currentSize : 26 <-- 10.759702 s
currentSize : 27 <-- 16.756220 s

maxsize : 27
nodes : 3962991.000000
filtered : 64704211.000000
time : 19.572224
