Parameters: GAD=1 vflib=1 dir=1 label=1 lowerbound=1 fileNameGp=../graphsdb/mcs50/m2D/m2Dr4/mcs50_m2Dr4_s100.A21 fileNameGt=../graphsdb/mcs50/m2D/m2Dr4/mcs50_m2Dr4_s100.B21
Reading graphs...
100 : 220
100 : 217
Initializing...
maxdom : 7
D->valSize : 357
Solving...
Blb : 2 (clique : 31)
currentSize : 31 <-- 0.003721 s
currentSize : 32 <-- 0.007619 s
currentSize : 35 <-- 1.263582 s
currentSize : 36 <-- 1.263657 s
currentSize : 37 <-- 1.274247 s
currentSize : 38 <-- 1.612267 s
currentSize : 39 <-- 9.051211 s
currentSize : 40 <-- 9.903807 s
currentSize : 41 <-- 18.513227 s
currentSize : 42 <-- 52.820705 s
currentSize : 43 <-- 52.829216 s
currentSize : 44 <-- 58.956123 s
currentSize : 45 <-- 850.954590 s

TIMEOUT
maxsize : 45
nodes : 720728248.000000
filtered : 2706146814.000000
time : 3600.000000
