Parameters: GAD=1 vflib=1 dir=1 label=1 lowerbound=1 fileNameGp=../graphsdb/mcs50/bvg/b09/mcs50_b09_s70.A97 fileNameGt=../graphsdb/mcs50/bvg/b09/mcs50_b09_s70.B97
Reading graphs...
70 : 315
70 : 315
Initializing...
maxdom : 9
D->valSize : 317
Solving...
Blb : 2 (clique : 15)
currentSize : 15 <-- 0.002788 s
currentSize : 16 <-- 0.003025 s
currentSize : 17 <-- 0.021940 s
currentSize : 18 <-- 0.059803 s
currentSize : 19 <-- 0.113957 s
currentSize : 20 <-- 0.309156 s
currentSize : 21 <-- 1.234160 s
currentSize : 22 <-- 1.442643 s
currentSize : 28 <-- 3.858790 s
currentSize : 30 <-- 3.858877 s
currentSize : 32 <-- 3.859003 s
currentSize : 33 <-- 3.859215 s
currentSize : 34 <-- 3.886845 s

maxsize : 34
nodes : 2547264.000000
filtered : 19739601.000000
time : 12.009828
