Parameters: GAD=1 vflib=1 dir=1 label=1 lowerbound=1 fileNameGp=../graphsdb/mcs50/bvg/b06m/mcs50_b06m_s100.A81 fileNameGt=../graphsdb/mcs50/bvg/b06m/mcs50_b06m_s100.B81
Reading graphs...
100 : 300
100 : 300
Initializing...
maxdom : 7
D->valSize : 337
Solving...
Blb : 2 (clique : 31)
currentSize : 31 <-- 0.003473 s
currentSize : 32 <-- 0.003726 s
currentSize : 33 <-- 17.262487 s
currentSize : 34 <-- 58.760098 s
currentSize : 35 <-- 58.767380 s
currentSize : 36 <-- 137.168549 s
currentSize : 37 <-- 137.335953 s
currentSize : 38 <-- 238.701553 s
currentSize : 39 <-- 369.290955 s
currentSize : 40 <-- 369.411224 s
currentSize : 41 <-- 430.762329 s
currentSize : 42 <-- 1406.351196 s
currentSize : 43 <-- 1864.533203 s
currentSize : 44 <-- 1864.534302 s
currentSize : 45 <-- 1864.536621 s
currentSize : 46 <-- 1864.786255 s
currentSize : 47 <-- 1867.740723 s
currentSize : 48 <-- 1867.744629 s
currentSize : 49 <-- 1868.095825 s
currentSize : 50 <-- 2119.378906 s
currentSize : 51 <-- 2119.381836 s

maxsize : 51
nodes : 486905842.000000
filtered : 2215521969.000000
time : 2579.824219
