Parameters: GAD=1 vflib=1 dir=1 label=1 lowerbound=1 fileNameGp=../graphsdb/mcs50/m2D/m2D/mcs50_m2D_s90.A69 fileNameGt=../graphsdb/mcs50/m2D/m2D/mcs50_m2D_s90.B69
Reading graphs...
90 : 161
90 : 161
Initializing...
maxdom : 11
D->valSize : 536
Solving...
Blb : 5 (clique : 35)
currentSize : 35 <-- 0.011581 s
currentSize : 36 <-- 0.784443 s
currentSize : 37 <-- 0.784486 s
currentSize : 38 <-- 0.784578 s
currentSize : 39 <-- 2.848404 s
currentSize : 40 <-- 14.852711 s
currentSize : 41 <-- 49.274555 s
currentSize : 42 <-- 107.019737 s
currentSize : 43 <-- 318.436951 s

TIMEOUT
maxsize : 43
nodes : 570403432.000000
filtered : 6161569701.000000
time : 3600.000000
