Parameters: GAD=1 vflib=1 dir=1 label=1 lowerbound=1 fileNameGp=../graphsdb/mcs50/rand/r005/mcs50_r005_s100.A74 fileNameGt=../graphsdb/mcs50/rand/r005/mcs50_r005_s100.B74
Reading graphs...
100 : 494
100 : 494
Initializing...
maxdom : 7
D->valSize : 373
Solving...
Blb : 3 (clique : 27)
currentSize : 27 <-- 0.003714 s
currentSize : 28 <-- 3.446957 s
currentSize : 29 <-- 3.448402 s
currentSize : 30 <-- 3.448530 s
currentSize : 31 <-- 3.448669 s
currentSize : 33 <-- 9.463410 s
currentSize : 34 <-- 9.463988 s
currentSize : 36 <-- 23.514700 s
currentSize : 37 <-- 51.172588 s
currentSize : 39 <-- 78.450035 s
currentSize : 40 <-- 78.458275 s
currentSize : 43 <-- 78.458336 s
currentSize : 45 <-- 106.531799 s
currentSize : 46 <-- 112.439758 s
currentSize : 50 <-- 122.232346 s

maxsize : 50
nodes : 23350460.000000
filtered : 150008405.000000
time : 133.933502
