Parameters: GAD=1 vflib=1 dir=1 label=1 lowerbound=1 fileNameGp=../graphsdb/mcs50/bvg/b06m/mcs50_b06m_s60.A43 fileNameGt=../graphsdb/mcs50/bvg/b06m/mcs50_b06m_s60.B43
Reading graphs...
60 : 180
60 : 180
Initializing...
maxdom : 7
D->valSize : 233
Solving...
Blb : 2 (clique : 26)
currentSize : 26 <-- 0.002620 s
currentSize : 29 <-- 0.002912 s
currentSize : 30 <-- 0.004448 s
currentSize : 31 <-- 1.783370 s
currentSize : 32 <-- 1.789875 s

maxsize : 32
nodes : 867511.000000
filtered : 3559273.000000
time : 3.365681
