Parameters: GAD=1 vflib=1 dir=1 label=1 lowerbound=1 fileNameGp=../graphsdb/mcs50/rand/r005/mcs50_r005_s20.A64 fileNameGt=../graphsdb/mcs50/rand/r005/mcs50_r005_s20.B64
Reading graphs...
20 : 24
20 : 24
Initializing...
maxdom : 7
D->valSize : 115
Solving...
Blb : 2 (clique : 7)
currentSize : 7 <-- 0.000563 s
currentSize : 8 <-- 0.000603 s
currentSize : 9 <-- 0.000633 s
currentSize : 10 <-- 0.001298 s
currentSize : 11 <-- 0.001428 s
currentSize : 12 <-- 0.004462 s

maxsize : 12
nodes : 1303.000000
filtered : 13242.000000
time : 0.004611
