Parameters: GAD=1 vflib=1 dir=1 label=1 lowerbound=1 fileNameGp=../graphsdb/mcs50/bvg/b03m/mcs50_b03m_s25.A07 fileNameGt=../graphsdb/mcs50/bvg/b03m/mcs50_b03m_s25.B07
Reading graphs...
25 : 37
25 : 37
Initializing...
maxdom : 11
D->valSize : 176
Solving...
Blb : 5 (clique : 11)
currentSize : 11 <-- 0.000817 s
currentSize : 12 <-- 0.000884 s
currentSize : 13 <-- 0.001474 s
currentSize : 14 <-- 0.009399 s
currentSize : 15 <-- 0.024623 s

maxsize : 15
nodes : 8563.000000
filtered : 102412.000000
time : 0.030825
