Parameters: GAD=1 vflib=1 dir=1 label=1 lowerbound=1 fileNameGp=../graphsdb/mcs50/bvg/b09m/mcs50_b09m_s60.A37 fileNameGt=../graphsdb/mcs50/bvg/b09m/mcs50_b09m_s60.B37
Reading graphs...
60 : 270
60 : 270
Initializing...
maxdom : 8
D->valSize : 273
Solving...
Blb : 2 (clique : 24)
currentSize : 24 <-- 0.002065 s
currentSize : 25 <-- 0.117205 s
currentSize : 27 <-- 0.117307 s
currentSize : 29 <-- 0.117679 s
currentSize : 30 <-- 0.117975 s

maxsize : 30
nodes : 103148.000000
filtered : 612508.000000
time : 0.407446
