Parameters: GAD=1 vflib=1 dir=1 label=1 lowerbound=1 fileNameGp=../graphsdb/mcs50/m2D/m2Dr6/mcs50_m2Dr6_s50.A56 fileNameGt=../graphsdb/mcs50/m2D/m2Dr6/mcs50_m2Dr6_s50.B56
Reading graphs...
50 : 115
50 : 115
Initializing...
maxdom : 8
D->valSize : 327
Solving...
Blb : 2 (clique : 22)
currentSize : 22 <-- 0.003806 s
currentSize : 24 <-- 0.004030 s
currentSize : 25 <-- 0.004189 s
currentSize : 26 <-- 0.024718 s
currentSize : 27 <-- 2.692283 s

maxsize : 27
nodes : 2226852.000000
filtered : 27613898.000000
time : 10.433278
