Parameters: GAD=1 vflib=1 dir=1 label=1 lowerbound=1 fileNameGp=../graphsdb/mcs50/bvg/b03/mcs50_b03_s70.A67 fileNameGt=../graphsdb/mcs50/bvg/b03/mcs50_b03_s70.B67
Reading graphs...
70 : 105
70 : 105
Initializing...
maxdom : 8
D->valSize : 327
Solving...
Blb : 3 (clique : 28)
currentSize : 28 <-- 0.002904 s
currentSize : 29 <-- 0.143318 s
currentSize : 30 <-- 0.173892 s
currentSize : 31 <-- 0.244736 s
currentSize : 32 <-- 0.955594 s
currentSize : 33 <-- 4.323831 s
currentSize : 34 <-- 4.323934 s
currentSize : 35 <-- 4.324336 s
currentSize : 36 <-- 6.239868 s
currentSize : 37 <-- 46.070210 s
currentSize : 38 <-- 46.070915 s
currentSize : 39 <-- 126.173393 s
currentSize : 40 <-- 160.976379 s

maxsize : 40
nodes : 103411590.000000
filtered : 735065422.000000
time : 502.416626
