Parameters: GAD=1 vflib=1 dir=1 label=1 lowerbound=1 fileNameGp=../graphsdb/mcs50/m2D/m2Dr4/mcs50_m2Dr4_s50.A77 fileNameGt=../graphsdb/mcs50/m2D/m2Dr4/mcs50_m2Dr4_s50.B77
Reading graphs...
50 : 105
50 : 104
Initializing...
maxdom : 10
D->valSize : 327
Solving...
Blb : 2 (clique : 20)
currentSize : 20 <-- 0.002378 s
currentSize : 21 <-- 1.830409 s
currentSize : 22 <-- 1.851884 s
currentSize : 23 <-- 21.138391 s
currentSize : 24 <-- 21.138847 s
currentSize : 25 <-- 59.425640 s
currentSize : 26 <-- 75.005577 s

maxsize : 26
nodes : 14902866.000000
filtered : 256165049.000000
time : 75.845757
