Parameters: GAD=1 vflib=1 dir=1 label=1 lowerbound=1 fileNameGp=../graphsdb/mcs50/m3D/m3Dr6/mcs50_m3Dr6_s50.A45 fileNameGt=../graphsdb/mcs50/m3D/m3Dr6/mcs50_m3Dr6_s50.B45
Reading graphs...
50 : 139
50 : 138
Initializing...
maxdom : 9
D->valSize : 337
Solving...
Blb : 2 (clique : 23)
currentSize : 23 <-- 0.002503 s
currentSize : 25 <-- 0.543181 s
currentSize : 26 <-- 0.543242 s
currentSize : 27 <-- 0.543466 s
currentSize : 28 <-- 1.722954 s

maxsize : 28
nodes : 551995.000000
filtered : 6748482.000000
time : 2.581894
