Parameters: GAD=1 vflib=1 dir=1 label=1 lowerbound=1 fileNameGp=../graphsdb/mcs50/bvg/b06m/mcs50_b06m_s35.A28 fileNameGt=../graphsdb/mcs50/bvg/b06m/mcs50_b06m_s35.B28
Reading graphs...
35 : 105
35 : 105
Initializing...
maxdom : 9
D->valSize : 173
Solving...
Blb : 3 (clique : 12)
currentSize : 12 <-- 0.000970 s
currentSize : 13 <-- 0.002049 s
currentSize : 14 <-- 0.002841 s
currentSize : 15 <-- 0.004725 s
currentSize : 16 <-- 0.038040 s
currentSize : 17 <-- 0.039037 s

maxsize : 17
nodes : 13220.000000
filtered : 146372.000000
time : 0.047291
