Parameters: GAD=1 vflib=1 dir=1 label=1 lowerbound=1 fileNameGp=../graphsdb/mcs50/bvg/b03/mcs50_b03_s35.A99 fileNameGt=../graphsdb/mcs50/bvg/b03/mcs50_b03_s35.B99
Reading graphs...
35 : 52
35 : 52
Initializing...
maxdom : 9
D->valSize : 169
Solving...
Blb : 5 (clique : 14)
currentSize : 14 <-- 0.001342 s
currentSize : 15 <-- 0.001497 s
currentSize : 16 <-- 0.002225 s
currentSize : 17 <-- 0.009835 s
currentSize : 18 <-- 0.136956 s
currentSize : 19 <-- 0.137300 s

maxsize : 19
nodes : 100675.000000
filtered : 847509.000000
time : 0.371625
