Parameters: GAD=1 vflib=1 dir=1 label=1 lowerbound=1 fileNameGp=../graphsdb/mcs50/m4D/m4Dr4/mcs50_m4Dr4_s40.A98 fileNameGt=../graphsdb/mcs50/m4D/m4Dr4/mcs50_m4Dr4_s40.B98
Reading graphs...
40 : 87
40 : 87
Initializing...
maxdom : 12
D->valSize : 212
Solving...
Blb : 5 (clique : 14)
currentSize : 14 <-- 0.001917 s
currentSize : 15 <-- 0.027021 s
currentSize : 16 <-- 0.036835 s
currentSize : 17 <-- 0.720938 s
currentSize : 18 <-- 2.866682 s

maxsize : 18
nodes : 686413.000000
filtered : 8999528.000000
time : 3.023770
