Parameters: GAD=1 vflib=1 dir=1 label=1 lowerbound=1 fileNameGp=../graphsdb/mcs50/rand/r005/mcs50_r005_s70.A30 fileNameGt=../graphsdb/mcs50/rand/r005/mcs50_r005_s70.B30
Reading graphs...
70 : 240
70 : 240
Initializing...
maxdom : 8
D->valSize : 351
Solving...
Blb : 2 (clique : 25)
currentSize : 25 <-- 0.002849 s
currentSize : 26 <-- 0.003460 s
currentSize : 27 <-- 0.003522 s
currentSize : 28 <-- 0.018495 s
currentSize : 29 <-- 0.018652 s
currentSize : 32 <-- 0.018873 s
currentSize : 33 <-- 0.019102 s
currentSize : 34 <-- 1.335117 s
currentSize : 35 <-- 1.335321 s
currentSize : 36 <-- 1.335622 s

maxsize : 36
nodes : 705968.000000
filtered : 9488953.000000
time : 4.072935
