Parameters: GAD=1 vflib=1 dir=1 label=1 lowerbound=1 fileNameGp=../graphsdb/mcs50/m2D/m2Dr2/mcs50_m2Dr2_s70.A71 fileNameGt=../graphsdb/mcs50/m2D/m2Dr2/mcs50_m2Dr2_s70.B71
Reading graphs...
70 : 137
70 : 137
Initializing...
maxdom : 9
D->valSize : 353
Solving...
Blb : 2 (clique : 25)
currentSize : 25 <-- 0.003165 s
currentSize : 26 <-- 0.003348 s
currentSize : 27 <-- 0.003462 s
currentSize : 28 <-- 0.003970 s
currentSize : 29 <-- 2.943869 s
currentSize : 30 <-- 3.100940 s
currentSize : 31 <-- 3.101158 s
currentSize : 32 <-- 77.849052 s
currentSize : 33 <-- 173.569321 s
currentSize : 34 <-- 360.567444 s
currentSize : 35 <-- 360.567566 s
currentSize : 36 <-- 760.739136 s
currentSize : 37 <-- 904.830383 s
currentSize : 38 <-- 904.838562 s
currentSize : 39 <-- 907.685425 s

maxsize : 39
nodes : 229409435.000000
filtered : 1798978910.000000
time : 1113.847290
