Parameters: GAD=1 vflib=1 dir=1 label=1 lowerbound=1 fileNameGp=../graphsdb/mcs50/m3D/m3Dr4/mcs50_m3Dr4_s60.A97 fileNameGt=../graphsdb/mcs50/m3D/m3Dr4/mcs50_m3Dr4_s60.B97
Reading graphs...
60 : 158
60 : 158
Initializing...
maxdom : 10
D->valSize : 271
Solving...
Blb : 2 (clique : 19)
currentSize : 19 <-- 0.003078 s
currentSize : 20 <-- 0.012112 s
currentSize : 21 <-- 0.709409 s
currentSize : 22 <-- 0.852056 s
currentSize : 23 <-- 1.424475 s
currentSize : 24 <-- 3.902299 s
currentSize : 25 <-- 4.251676 s
currentSize : 26 <-- 4.251796 s
currentSize : 27 <-- 4.251992 s
currentSize : 28 <-- 13.184472 s

maxsize : 28
nodes : 4382307.000000
filtered : 34437333.000000
time : 19.103161
