Parameters: GAD=1 vflib=1 dir=1 label=1 lowerbound=1 fileNameGp=../graphsdb/mcs50/rand/r01/mcs50_r01_s35.A60 fileNameGt=../graphsdb/mcs50/rand/r01/mcs50_r01_s35.B60
Reading graphs...
35 : 118
35 : 118
Initializing...
maxdom : 6
D->valSize : 160
Solving...
Blb : 5 (clique : 9)
currentSize : 9 <-- 0.000800 s
currentSize : 10 <-- 0.000867 s
currentSize : 11 <-- 0.001995 s
currentSize : 12 <-- 0.002568 s
currentSize : 13 <-- 0.007470 s
currentSize : 14 <-- 0.010662 s
currentSize : 15 <-- 0.020178 s
currentSize : 18 <-- 0.044625 s

maxsize : 18
nodes : 12664.000000
filtered : 139815.000000
time : 0.047227
