Parameters: GAD=1 vflib=1 dir=1 label=1 lowerbound=1 fileNameGp=../graphsdb/mcs50/rand/r005/mcs50_r005_s100.A38 fileNameGt=../graphsdb/mcs50/rand/r005/mcs50_r005_s100.B38
Reading graphs...
100 : 494
100 : 494
Initializing...
maxdom : 6
D->valSize : 352
Solving...
Blb : 2 (clique : 22)
currentSize : 22 <-- 0.003537 s
currentSize : 23 <-- 0.003817 s
currentSize : 24 <-- 0.009131 s
currentSize : 25 <-- 0.018104 s
currentSize : 26 <-- 0.018206 s
currentSize : 27 <-- 0.018428 s
currentSize : 29 <-- 0.221258 s
currentSize : 31 <-- 0.286347 s
currentSize : 33 <-- 2.037085 s
currentSize : 35 <-- 2.064960 s
currentSize : 37 <-- 2.327484 s
currentSize : 39 <-- 5.576785 s
currentSize : 41 <-- 7.988185 s
currentSize : 42 <-- 8.095943 s
currentSize : 45 <-- 8.443329 s
currentSize : 50 <-- 27.668137 s

maxsize : 50
nodes : 9402160.000000
filtered : 59337579.000000
time : 54.997337
