Parameters: GAD=1 vflib=1 dir=1 label=1 lowerbound=1 fileNameGp=../graphsdb/mcs50/rand/r005/mcs50_r005_s80.A22 fileNameGt=../graphsdb/mcs50/rand/r005/mcs50_r005_s80.B22
Reading graphs...
80 : 315
80 : 315
Initializing...
maxdom : 8
D->valSize : 438
Solving...
Blb : 2 (clique : 33)
currentSize : 33 <-- 0.004296 s
currentSize : 34 <-- 0.016816 s
currentSize : 35 <-- 0.334926 s
currentSize : 38 <-- 0.336726 s
currentSize : 40 <-- 0.336807 s

maxsize : 40
nodes : 6048888.000000
filtered : 65894261.000000
time : 35.482143
