Parameters: GAD=1 vflib=1 dir=1 label=1 lowerbound=1 fileNameGp=../graphsdb/mcs50/bvg/b06m/mcs50_b06m_s100.A58 fileNameGt=../graphsdb/mcs50/bvg/b06m/mcs50_b06m_s100.B58
Reading graphs...
100 : 300
100 : 300
Initializing...
maxdom : 9
D->valSize : 355
Solving...
Blb : 2 (clique : 34)
currentSize : 34 <-- 0.003672 s
currentSize : 36 <-- 0.006284 s
currentSize : 37 <-- 0.089416 s
currentSize : 39 <-- 0.621689 s
currentSize : 40 <-- 0.886197 s
currentSize : 41 <-- 64.801964 s
currentSize : 42 <-- 64.804298 s
currentSize : 43 <-- 500.806061 s
currentSize : 44 <-- 575.745239 s
currentSize : 45 <-- 575.814148 s
currentSize : 46 <-- 588.038635 s
currentSize : 47 <-- 588.085327 s
currentSize : 48 <-- 708.368713 s
currentSize : 49 <-- 708.417908 s
currentSize : 50 <-- 1012.534302 s
currentSize : 51 <-- 1013.127502 s

maxsize : 51
nodes : 321744839.000000
filtered : 1309956779.000000
time : 1624.777222
