Parameters: GAD=1 vflib=1 dir=1 label=1 lowerbound=1 fileNameGp=../graphsdb/mcs50/m2D/m2Dr2/mcs50_m2Dr2_s90.A71 fileNameGt=../graphsdb/mcs50/m2D/m2Dr2/mcs50_m2Dr2_s90.B71
Reading graphs...
90 : 179
90 : 179
Initializing...
maxdom : 11
D->valSize : 580
Solving...
Blb : 2 (clique : 35)
currentSize : 35 <-- 0.007024 s
currentSize : 36 <-- 2.973907 s
currentSize : 37 <-- 39.223499 s
currentSize : 38 <-- 39.224060 s
currentSize : 39 <-- 59.876560 s
currentSize : 40 <-- 317.500366 s
currentSize : 41 <-- 328.212738 s
currentSize : 42 <-- 973.763367 s

TIMEOUT
maxsize : 42
nodes : 610682135.000000
filtered : 6121058034.000000
time : 3600.000000
