Parameters: GAD=1 vflib=1 dir=1 label=1 lowerbound=1 fileNameGp=../graphsdb/mcs50/rand/r01/mcs50_r01_s35.A95 fileNameGt=../graphsdb/mcs50/rand/r01/mcs50_r01_s35.B95
Reading graphs...
35 : 118
35 : 118
Initializing...
maxdom : 8
D->valSize : 194
Solving...
Blb : 2 (clique : 12)
currentSize : 12 <-- 0.001067 s
currentSize : 13 <-- 0.015101 s
currentSize : 14 <-- 0.015144 s
currentSize : 15 <-- 0.036442 s
currentSize : 17 <-- 0.040488 s

maxsize : 17
nodes : 10977.000000
filtered : 151315.000000
time : 0.044470
