Parameters: GAD=1 vflib=1 dir=1 label=1 lowerbound=1 fileNameGp=../graphsdb/mcs50/bvg/b09/mcs50_b09_s70.A56 fileNameGt=../graphsdb/mcs50/bvg/b09/mcs50_b09_s70.B56
Reading graphs...
70 : 315
70 : 315
Initializing...
maxdom : 9
D->valSize : 345
Solving...
Blb : 3 (clique : 28)
currentSize : 28 <-- 0.002848 s
currentSize : 29 <-- 0.661551 s
currentSize : 30 <-- 0.686285 s
currentSize : 31 <-- 0.686488 s
currentSize : 32 <-- 3.077533 s
currentSize : 34 <-- 3.080092 s
currentSize : 35 <-- 3.080383 s

maxsize : 35
nodes : 1288364.000000
filtered : 9673112.000000
time : 6.221798
