Parameters: GAD=1 vflib=1 dir=1 label=1 lowerbound=1 fileNameGp=../graphsdb/mcs50/m2D/m2Dr6/mcs50_m2Dr6_s40.A87 fileNameGt=../graphsdb/mcs50/m2D/m2Dr6/mcs50_m2Dr6_s40.B87
Reading graphs...
40 : 91
40 : 90
Initializing...
maxdom : 10
D->valSize : 212
Solving...
Blb : 5 (clique : 12)
currentSize : 12 <-- 0.001819 s
currentSize : 14 <-- 0.001914 s
currentSize : 16 <-- 0.002236 s
currentSize : 17 <-- 0.031756 s
currentSize : 18 <-- 0.060530 s
currentSize : 19 <-- 0.060554 s

maxsize : 19
nodes : 19032.000000
filtered : 206759.000000
time : 0.091597
