Parameters: GAD=1 vflib=1 dir=1 label=1 lowerbound=1 fileNameGp=../graphsdb/mcs50/bvg/b09/mcs50_b09_s90.A53 fileNameGt=../graphsdb/mcs50/bvg/b09/mcs50_b09_s90.B53
Reading graphs...
90 : 405
90 : 405
Initializing...
maxdom : 14
D->valSize : 584
Solving...
Blb : 5 (clique : 24)
currentSize : 24 <-- 0.006805 s
currentSize : 25 <-- 4.765518 s
currentSize : 26 <-- 9.775373 s
currentSize : 27 <-- 9.780914 s
currentSize : 28 <-- 57.704159 s
currentSize : 30 <-- 348.036346 s
currentSize : 31 <-- 348.036530 s
currentSize : 32 <-- 349.153900 s
currentSize : 33 <-- 349.168365 s
currentSize : 34 <-- 691.724670 s
currentSize : 35 <-- 765.377686 s
currentSize : 36 <-- 765.405457 s
currentSize : 40 <-- 769.694702 s
currentSize : 41 <-- 769.694946 s
currentSize : 42 <-- 769.695496 s
currentSize : 43 <-- 769.695984 s
currentSize : 44 <-- 774.293945 s

maxsize : 44
nodes : 606135518.000000
filtered : 4165700952.000000
time : 3138.273438
