Parameters: GAD=1 vflib=1 dir=1 label=1 lowerbound=1 fileNameGp=../graphsdb/mcs50/m2D/m2D/mcs50_m2D_s100.A55 fileNameGt=../graphsdb/mcs50/m2D/m2D/mcs50_m2D_s100.B55
Reading graphs...
100 : 180
100 : 180
Initializing...
maxdom : 8
D->valSize : 333
Solving...
Blb : 2 (clique : 41)
currentSize : 41 <-- 0.003456 s
currentSize : 42 <-- 0.010598 s
currentSize : 43 <-- 0.010790 s
currentSize : 44 <-- 0.024649 s
currentSize : 45 <-- 2.161198 s
currentSize : 46 <-- 751.715942 s
currentSize : 47 <-- 2786.217529 s

TIMEOUT
maxsize : 47
nodes : 726135049.000000
filtered : 2733572016.000000
time : 3600.000000
