Parameters: GAD=1 vflib=1 dir=1 label=1 lowerbound=1 fileNameGp=../graphsdb/mcs50/m4D/m4D/mcs50_m4D_s35.A47 fileNameGt=../graphsdb/mcs50/m4D/m4D/mcs50_m4D_s35.B47
Reading graphs...
35 : 63
35 : 63
Initializing...
maxdom : 10
D->valSize : 174
Solving...
Blb : 3 (clique : 14)
currentSize : 14 <-- 0.000976 s
currentSize : 15 <-- 0.001890 s
currentSize : 16 <-- 0.015438 s
currentSize : 17 <-- 0.031747 s
currentSize : 18 <-- 0.045670 s

maxsize : 18
nodes : 32154.000000
filtered : 291437.000000
time : 0.114137
