Parameters: GAD=1 vflib=1 dir=1 label=1 lowerbound=1 fileNameGp=../graphsdb/mcs50/m4D/m4D/mcs50_m4D_s40.A64 fileNameGt=../graphsdb/mcs50/m4D/m4D/mcs50_m4D_s40.B64
Reading graphs...
40 : 71
40 : 71
Initializing...
maxdom : 7
D->valSize : 193
Solving...
Blb : 2 (clique : 14)
currentSize : 14 <-- 0.001727 s
currentSize : 15 <-- 0.002441 s
currentSize : 16 <-- 0.018477 s
currentSize : 17 <-- 0.654864 s
currentSize : 18 <-- 5.417024 s
currentSize : 19 <-- 6.208870 s

maxsize : 19
nodes : 1712429.000000
filtered : 14255111.000000
time : 6.410374
