Parameters: GAD=1 vflib=1 dir=1 label=1 lowerbound=1 fileNameGp=../graphsdb/mcs50/m3D/m3Dr4/mcs50_m3Dr4_s60.A06 fileNameGt=../graphsdb/mcs50/m3D/m3Dr4/mcs50_m3Dr4_s60.B06
Reading graphs...
60 : 158
60 : 157
Initializing...
maxdom : 7
D->valSize : 252
Solving...
Blb : 2 (clique : 24)
currentSize : 24 <-- 0.001734 s
currentSize : 25 <-- 0.001886 s
currentSize : 26 <-- 0.001950 s
currentSize : 27 <-- 0.002132 s
currentSize : 28 <-- 0.002268 s

maxsize : 28
nodes : 1269933.000000
filtered : 10571489.000000
time : 5.674011
