Parameters: GAD=1 vflib=1 dir=1 label=1 lowerbound=1 fileNameGp=../graphsdb/mcs50/bvg/b03m/mcs50_b03m_s100.A03 fileNameGt=../graphsdb/mcs50/bvg/b03m/mcs50_b03m_s100.B03
Reading graphs...
100 : 150
100 : 150
Initializing...
maxdom : 7
D->valSize : 347
Solving...
Blb : 2 (clique : 41)
currentSize : 41 <-- 0.003727 s
currentSize : 42 <-- 0.004070 s
currentSize : 43 <-- 0.004794 s
currentSize : 44 <-- 0.046101 s
currentSize : 45 <-- 17.723703 s
currentSize : 46 <-- 54.863163 s
currentSize : 47 <-- 221.903702 s
currentSize : 48 <-- 482.888000 s

TIMEOUT
maxsize : 48
nodes : 740095239.000000
filtered : 2842338628.000000
time : 3600.000000
