Parameters: GAD=1 vflib=1 dir=1 label=1 lowerbound=1 fileNameGp=../graphsdb/mcs50/m2D/m2D/mcs50_m2D_s50.A16 fileNameGt=../graphsdb/mcs50/m2D/m2D/mcs50_m2D_s50.B16
Reading graphs...
50 : 85
50 : 85
Initializing...
maxdom : 12
D->valSize : 340
Solving...
Blb : 2 (clique : 19)
currentSize : 19 <-- 0.002561 s
currentSize : 20 <-- 4.145782 s
currentSize : 21 <-- 4.324434 s
currentSize : 22 <-- 4.327667 s
currentSize : 23 <-- 6.305628 s
currentSize : 24 <-- 10.063217 s
currentSize : 25 <-- 16.024511 s
currentSize : 26 <-- 31.221178 s
currentSize : 27 <-- 31.221294 s

maxsize : 27
nodes : 9032333.000000
filtered : 112352870.000000
time : 42.621899
