Parameters: GAD=1 vflib=1 dir=1 label=1 lowerbound=1 fileNameGp=../graphsdb/mcs50/bvg/b06/mcs50_b06_s70.A66 fileNameGt=../graphsdb/mcs50/bvg/b06/mcs50_b06_s70.B66
Reading graphs...
70 : 210
70 : 210
Initializing...
maxdom : 10
D->valSize : 344
Solving...
Blb : 3 (clique : 31)
currentSize : 31 <-- 0.002886 s
currentSize : 32 <-- 0.005058 s
currentSize : 33 <-- 0.017811 s
currentSize : 35 <-- 11.367219 s
currentSize : 36 <-- 11.375008 s

maxsize : 36
nodes : 16198278.000000
filtered : 137133501.000000
time : 75.973122
