Parameters: GAD=1 vflib=1 dir=1 label=1 lowerbound=1 fileNameGp=../graphsdb/mcs50/bvg/b03m/mcs50_b03m_s50.A73 fileNameGt=../graphsdb/mcs50/bvg/b03m/mcs50_b03m_s50.B73
Reading graphs...
50 : 75
50 : 75
Initializing...
maxdom : 10
D->valSize : 337
Solving...
Blb : 2 (clique : 21)
currentSize : 21 <-- 0.004068 s
currentSize : 22 <-- 1.753266 s
currentSize : 23 <-- 2.037773 s
currentSize : 24 <-- 4.869766 s
currentSize : 26 <-- 5.469770 s
currentSize : 27 <-- 6.184104 s
currentSize : 28 <-- 64.854553 s

maxsize : 28
nodes : 71710452.000000
filtered : 858767122.000000
time : 321.896393
