Parameters: GAD=1 vflib=1 dir=1 label=1 lowerbound=1 fileNameGp=../graphsdb/mcs50/rand/r005/mcs50_r005_s70.A89 fileNameGt=../graphsdb/mcs50/rand/r005/mcs50_r005_s70.B89
Reading graphs...
70 : 240
70 : 240
Initializing...
maxdom : 7
D->valSize : 324
Solving...
Blb : 2 (clique : 21)
currentSize : 21 <-- 0.002646 s
currentSize : 22 <-- 0.005048 s
currentSize : 23 <-- 0.444349 s
currentSize : 24 <-- 3.712590 s
currentSize : 25 <-- 11.304667 s
currentSize : 26 <-- 26.868135 s
currentSize : 28 <-- 26.875675 s
currentSize : 29 <-- 64.842644 s
currentSize : 33 <-- 97.326263 s
currentSize : 35 <-- 97.326424 s

maxsize : 35
nodes : 19175238.000000
filtered : 200024837.000000
time : 99.957787
