Parameters: GAD=1 vflib=1 dir=1 label=1 lowerbound=1 fileNameGp=../graphsdb/mcs50/rand/r01/mcs50_r01_s90.A62 fileNameGt=../graphsdb/mcs50/rand/r01/mcs50_r01_s90.B62
Reading graphs...
90 : 800
90 : 800
Initializing...
maxdom : 11
D->valSize : 563
Solving...
Blb : 2 (clique : 12)
currentSize : 12 <-- 0.006168 s
currentSize : 13 <-- 0.006810 s
currentSize : 14 <-- 0.006957 s
currentSize : 15 <-- 0.008382 s
currentSize : 16 <-- 0.011883 s
currentSize : 17 <-- 0.013722 s
currentSize : 18 <-- 0.019847 s
currentSize : 19 <-- 0.019937 s
currentSize : 25 <-- 0.021917 s
currentSize : 27 <-- 0.277117 s
currentSize : 31 <-- 0.277289 s
currentSize : 45 <-- 0.886354 s

maxsize : 45
nodes : 222589.000000
filtered : 4537634.000000
time : 1.572800
