Parameters: GAD=1 vflib=1 dir=1 label=1 lowerbound=1 fileNameGp=../graphsdb/mcs50/rand/r005/mcs50_r005_s80.A54 fileNameGt=../graphsdb/mcs50/rand/r005/mcs50_r005_s80.B54
Reading graphs...
80 : 315
80 : 315
Initializing...
maxdom : 10
D->valSize : 449
Solving...
Blb : 2 (clique : 17)
currentSize : 17 <-- 0.004334 s
currentSize : 18 <-- 0.004807 s
currentSize : 19 <-- 0.073319 s
currentSize : 20 <-- 0.074288 s
currentSize : 21 <-- 0.379782 s
currentSize : 22 <-- 11.118252 s
currentSize : 23 <-- 27.632206 s
currentSize : 24 <-- 30.685724 s
currentSize : 25 <-- 32.711929 s
currentSize : 26 <-- 72.443314 s
currentSize : 27 <-- 77.934563 s
currentSize : 29 <-- 77.935013 s
currentSize : 30 <-- 88.094643 s
currentSize : 31 <-- 89.461983 s
currentSize : 32 <-- 89.471748 s
currentSize : 33 <-- 89.474045 s
currentSize : 34 <-- 101.554047 s
currentSize : 35 <-- 101.556389 s
currentSize : 40 <-- 101.556564 s

maxsize : 40
nodes : 20328777.000000
filtered : 216265318.000000
time : 110.191490
