Parameters: GAD=1 vflib=1 dir=1 label=1 lowerbound=1 fileNameGp=../graphsdb/mcs50/bvg/b06/mcs50_b06_s60.A51 fileNameGt=../graphsdb/mcs50/bvg/b06/mcs50_b06_s60.B51
Reading graphs...
60 : 180
60 : 180
Initializing...
maxdom : 7
D->valSize : 264
Solving...
Blb : 2 (clique : 25)
currentSize : 25 <-- 0.001970 s
currentSize : 26 <-- 0.264628 s
currentSize : 28 <-- 0.266366 s
currentSize : 29 <-- 0.278585 s
currentSize : 30 <-- 4.848174 s

maxsize : 30
nodes : 3537455.000000
filtered : 24788123.000000
time : 15.072100
