Parameters: GAD=1 vflib=1 dir=1 label=1 lowerbound=1 fileNameGp=../graphsdb/mcs50/bvg/b09/mcs50_b09_s90.A00 fileNameGt=../graphsdb/mcs50/bvg/b09/mcs50_b09_s90.B00
Reading graphs...
90 : 405
90 : 405
Initializing...
maxdom : 10
D->valSize : 549
Solving...
Blb : 2 (clique : 25)
currentSize : 25 <-- 0.006423 s
currentSize : 26 <-- 0.007359 s
currentSize : 27 <-- 0.007866 s
currentSize : 34 <-- 0.014106 s
currentSize : 41 <-- 0.086118 s
currentSize : 44 <-- 195.328857 s

maxsize : 44
nodes : 168996374.000000
filtered : 1452885451.000000
time : 979.528748
