Parameters: GAD=1 vflib=1 dir=1 label=1 lowerbound=1 fileNameGp=../graphsdb/mcs50/m2D/m2Dr2/mcs50_m2Dr2_s60.A04 fileNameGt=../graphsdb/mcs50/m2D/m2Dr2/mcs50_m2Dr2_s60.B04
Reading graphs...
60 : 116
60 : 116
Initializing...
maxdom : 8
D->valSize : 251
Solving...
Blb : 3 (clique : 22)
currentSize : 22 <-- 0.001770 s
currentSize : 23 <-- 0.008613 s
currentSize : 24 <-- 0.008992 s
currentSize : 25 <-- 0.024670 s
currentSize : 26 <-- 0.646978 s
currentSize : 27 <-- 1.583630 s
currentSize : 28 <-- 51.055241 s
currentSize : 29 <-- 54.118660 s

maxsize : 29
nodes : 22431110.000000
filtered : 156566937.000000
time : 93.319817
