Parameters: GAD=1 vflib=1 dir=1 label=1 lowerbound=1 fileNameGp=../graphsdb/mcs50/m2D/m2D/mcs50_m2D_s90.A67 fileNameGt=../graphsdb/mcs50/m2D/m2D/mcs50_m2D_s90.B67
Reading graphs...
90 : 161
90 : 161
Initializing...
maxdom : 10
D->valSize : 599
Solving...
Blb : 2 (clique : 45)
currentSize : 45 <-- 0.007461 s
currentSize : 46 <-- 0.014428 s
currentSize : 47 <-- 0.037471 s
currentSize : 48 <-- 0.055493 s
currentSize : 49 <-- 0.203969 s
currentSize : 50 <-- 0.210381 s
currentSize : 51 <-- 0.496080 s

TIMEOUT
maxsize : 51
nodes : 656278302.000000
filtered : 4082867930.000000
time : 3600.000000
