Parameters: GAD=1 vflib=1 dir=1 label=1 lowerbound=1 fileNameGp=../graphsdb/mcs50/bvg/b09m/mcs50_b09m_s50.A12 fileNameGt=../graphsdb/mcs50/bvg/b09m/mcs50_b09m_s50.B12
Reading graphs...
50 : 225
50 : 225
Initializing...
maxdom : 11
D->valSize : 318
Solving...
Blb : 2 (clique : 10)
currentSize : 10 <-- 0.003387 s
currentSize : 11 <-- 0.004586 s
currentSize : 12 <-- 0.004873 s
currentSize : 17 <-- 0.006017 s
currentSize : 19 <-- 0.013169 s
currentSize : 20 <-- 0.094022 s
currentSize : 21 <-- 0.094126 s
currentSize : 23 <-- 0.151052 s
currentSize : 24 <-- 0.352121 s

maxsize : 24
nodes : 51385.000000
filtered : 1243121.000000
time : 0.378944
