Parameters: GAD=1 vflib=1 dir=1 label=1 lowerbound=1 fileNameGp=../graphsdb/mcs50/m2D/m2Dr4/mcs50_m2Dr4_s50.A76 fileNameGt=../graphsdb/mcs50/m2D/m2Dr4/mcs50_m2Dr4_s50.B76
Reading graphs...
50 : 105
50 : 105
Initializing...
maxdom : 8
D->valSize : 321
Solving...
Blb : 2 (clique : 16)
currentSize : 16 <-- 0.002324 s
currentSize : 17 <-- 0.002449 s
currentSize : 18 <-- 0.002517 s
currentSize : 19 <-- 0.086195 s
currentSize : 20 <-- 4.212845 s
currentSize : 21 <-- 6.634345 s
currentSize : 22 <-- 8.180355 s
currentSize : 23 <-- 11.651872 s
currentSize : 24 <-- 12.114528 s
currentSize : 25 <-- 53.031506 s
currentSize : 26 <-- 53.032078 s

maxsize : 26
nodes : 18648889.000000
filtered : 228262807.000000
time : 85.965515
