Parameters: GAD=1 vflib=1 dir=1 label=1 lowerbound=1 fileNameGp=../graphsdb/mcs50/bvg/b09m/mcs50_b09m_s90.A24 fileNameGt=../graphsdb/mcs50/bvg/b09m/mcs50_b09m_s90.B24
Reading graphs...
90 : 405
90 : 405
Initializing...
maxdom : 10
D->valSize : 546
Solving...
Blb : 3 (clique : 29)
currentSize : 29 <-- 0.006157 s
currentSize : 30 <-- 669.325745 s
currentSize : 31 <-- 669.593689 s
currentSize : 32 <-- 672.329468 s
currentSize : 33 <-- 672.536926 s
currentSize : 34 <-- 1859.700073 s
currentSize : 35 <-- 1860.179565 s
currentSize : 36 <-- 2109.813965 s
currentSize : 37 <-- 2109.816895 s
currentSize : 38 <-- 2109.817139 s
currentSize : 39 <-- 2109.840820 s
currentSize : 40 <-- 2126.441406 s
currentSize : 41 <-- 2143.035156 s
currentSize : 42 <-- 2234.259033 s
currentSize : 43 <-- 2234.262695 s
currentSize : 44 <-- 2423.237305 s

maxsize : 44
nodes : 499958068.000000
filtered : 4341074408.000000
time : 2770.192627
