Parameters: GAD=1 vflib=1 dir=1 label=1 lowerbound=1 fileNameGp=../graphsdb/mcs50/bvg/b06/mcs50_b06_s60.A67 fileNameGt=../graphsdb/mcs50/bvg/b06/mcs50_b06_s60.B67
Reading graphs...
60 : 180
60 : 180
Initializing...
maxdom : 7
D->valSize : 250
Solving...
Blb : 2 (clique : 19)
currentSize : 19 <-- 0.002752 s
currentSize : 20 <-- 0.002950 s
currentSize : 21 <-- 0.003042 s
currentSize : 23 <-- 0.003205 s
currentSize : 24 <-- 0.003805 s
currentSize : 27 <-- 0.419099 s
currentSize : 28 <-- 0.419212 s
currentSize : 29 <-- 0.420008 s
currentSize : 30 <-- 2.349012 s

maxsize : 30
nodes : 1398014.000000
filtered : 7432358.000000
time : 5.800394
