Parameters: GAD=1 vflib=1 dir=1 label=1 lowerbound=1 fileNameGp=../graphsdb/mcs50/bvg/b06/mcs50_b06_s50.A44 fileNameGt=../graphsdb/mcs50/bvg/b06/mcs50_b06_s50.B44
Reading graphs...
50 : 150
50 : 150
Initializing...
maxdom : 9
D->valSize : 305
Solving...
Blb : 2 (clique : 22)
currentSize : 22 <-- 0.002339 s
currentSize : 23 <-- 0.004886 s
currentSize : 24 <-- 0.004993 s
currentSize : 25 <-- 0.005085 s
currentSize : 26 <-- 0.176504 s

maxsize : 26
nodes : 101785.000000
filtered : 1659924.000000
time : 0.534656
