Parameters: GAD=1 vflib=1 dir=1 label=1 lowerbound=1 fileNameGp=../graphsdb/mcs50/bvg/b06m/mcs50_b06m_s80.A59 fileNameGt=../graphsdb/mcs50/bvg/b06m/mcs50_b06m_s80.B59
Reading graphs...
80 : 240
80 : 240
Initializing...
maxdom : 9
D->valSize : 460
Solving...
Blb : 2 (clique : 33)
currentSize : 33 <-- 0.004819 s
currentSize : 34 <-- 0.005090 s
currentSize : 35 <-- 0.005252 s
currentSize : 36 <-- 0.005387 s
currentSize : 38 <-- 0.006652 s
currentSize : 39 <-- 0.007055 s
currentSize : 41 <-- 108.179527 s
currentSize : 42 <-- 118.230469 s

maxsize : 42
nodes : 283921260.000000
filtered : 1834806242.000000
time : 1337.370117
