Parameters: GAD=1 vflib=1 dir=1 label=1 lowerbound=1 fileNameGp=../graphsdb/mcs50/m4D/m4Dr6/mcs50_m4Dr6_s40.A33 fileNameGt=../graphsdb/mcs50/m4D/m4Dr6/mcs50_m4Dr6_s40.B33
Reading graphs...
40 : 95
40 : 94
Initializing...
maxdom : 9
D->valSize : 245
Solving...
Blb : 2 (clique : 15)
currentSize : 15 <-- 0.001471 s
currentSize : 16 <-- 0.002912 s
currentSize : 17 <-- 0.056365 s
currentSize : 18 <-- 0.056689 s
currentSize : 19 <-- 0.209480 s
currentSize : 20 <-- 0.487833 s

maxsize : 20
nodes : 288508.000000
filtered : 4083135.000000
time : 1.314716
