Parameters: GAD=1 vflib=1 dir=1 label=1 lowerbound=1 fileNameGp=../graphsdb/mcs50/m2D/m2Dr4/mcs50_m2Dr4_s70.A11 fileNameGt=../graphsdb/mcs50/m2D/m2Dr4/mcs50_m2Dr4_s70.B11
Reading graphs...
70 : 151
70 : 150
Initializing...
maxdom : 10
D->valSize : 318
Solving...
Blb : 2 (clique : 24)
currentSize : 24 <-- 0.002695 s
currentSize : 25 <-- 0.036058 s
currentSize : 26 <-- 0.058737 s
currentSize : 27 <-- 0.126964 s
currentSize : 28 <-- 1.951215 s
currentSize : 29 <-- 2.162495 s
currentSize : 30 <-- 2.163169 s
currentSize : 31 <-- 2.164104 s
currentSize : 32 <-- 30.210272 s
currentSize : 33 <-- 84.424210 s
currentSize : 34 <-- 147.002243 s
currentSize : 35 <-- 147.002426 s
currentSize : 36 <-- 147.002899 s
currentSize : 37 <-- 147.005341 s

maxsize : 37
nodes : 34719630.000000
filtered : 280243535.000000
time : 168.710892
