Parameters: GAD=1 vflib=1 dir=1 label=1 lowerbound=1 fileNameGp=../graphsdb/mcs50/bvg/b09m/mcs50_b09m_s100.A96 fileNameGt=../graphsdb/mcs50/bvg/b09m/mcs50_b09m_s100.B96
Reading graphs...
100 : 450
100 : 450
Initializing...
maxdom : 8
D->valSize : 349
Solving...
Blb : 2 (clique : 35)
currentSize : 35 <-- 0.006246 s
currentSize : 42 <-- 0.016561 s
currentSize : 45 <-- 0.023089 s
currentSize : 49 <-- 0.056790 s
currentSize : 50 <-- 2.411572 s

maxsize : 50
nodes : 16950789.000000
filtered : 69242523.000000
time : 84.468330
