Parameters: GAD=1 vflib=1 dir=1 label=1 lowerbound=1 fileNameGp=../graphsdb/mcs50/bvg/b06/mcs50_b06_s35.A28 fileNameGt=../graphsdb/mcs50/bvg/b06/mcs50_b06_s35.B28
Reading graphs...
35 : 105
35 : 105
Initializing...
maxdom : 9
D->valSize : 168
Solving...
Blb : 2 (clique : 12)
currentSize : 12 <-- 0.000961 s
currentSize : 13 <-- 0.001061 s
currentSize : 14 <-- 0.002265 s
currentSize : 15 <-- 0.002314 s
currentSize : 16 <-- 0.002433 s
currentSize : 17 <-- 0.002708 s
currentSize : 18 <-- 0.004452 s

maxsize : 18
nodes : 4100.000000
filtered : 35317.000000
time : 0.017069
