Parameters: GAD=1 vflib=1 dir=1 label=1 lowerbound=1 fileNameGp=../graphsdb/mcs50/bvg/b09/mcs50_b09_s70.A53 fileNameGt=../graphsdb/mcs50/bvg/b09/mcs50_b09_s70.B53
Reading graphs...
70 : 315
70 : 315
Initializing...
maxdom : 7
D->valSize : 310
Solving...
Blb : 2 (clique : 19)
currentSize : 19 <-- 0.002569 s
currentSize : 20 <-- 0.003058 s
currentSize : 22 <-- 0.043074 s
currentSize : 23 <-- 0.127031 s
currentSize : 24 <-- 0.303416 s
currentSize : 25 <-- 0.441718 s
currentSize : 26 <-- 0.947671 s
currentSize : 29 <-- 0.947755 s
currentSize : 31 <-- 0.983549 s
currentSize : 32 <-- 2.748084 s
currentSize : 33 <-- 6.846267 s
currentSize : 34 <-- 6.846368 s

maxsize : 34
nodes : 2558131.000000
filtered : 12973256.000000
time : 10.725768
