Parameters: GAD=1 vflib=1 dir=1 label=1 lowerbound=1 fileNameGp=../graphsdb/mcs50/m2D/m2D/mcs50_m2D_s70.A38 fileNameGt=../graphsdb/mcs50/m2D/m2D/mcs50_m2D_s70.B38
Reading graphs...
70 : 123
70 : 123
Initializing...
maxdom : 8
D->valSize : 313
Solving...
Blb : 2 (clique : 27)
currentSize : 27 <-- 0.002786 s
currentSize : 28 <-- 0.002988 s
currentSize : 29 <-- 0.003052 s
currentSize : 30 <-- 0.003482 s
currentSize : 31 <-- 0.007440 s
currentSize : 32 <-- 0.901238 s
currentSize : 33 <-- 0.901628 s
currentSize : 34 <-- 1.893765 s
currentSize : 36 <-- 2.607711 s
currentSize : 38 <-- 2.617834 s

maxsize : 38
nodes : 9834477.000000
filtered : 71178920.000000
time : 45.856697
