Parameters: GAD=1 vflib=1 dir=1 label=1 lowerbound=1 fileNameGp=../graphsdb/mcs50/rand/r01/mcs50_r01_s100.A97 fileNameGt=../graphsdb/mcs50/rand/r01/mcs50_r01_s100.B97
Reading graphs...
100 : 989
100 : 989
Initializing...
maxdom : 8
D->valSize : 360
Solving...
Blb : 5 (clique : 15)
currentSize : 15 <-- 0.003428 s
currentSize : 16 <-- 0.020970 s
currentSize : 17 <-- 0.029657 s
currentSize : 18 <-- 0.049777 s
currentSize : 19 <-- 0.135627 s
currentSize : 20 <-- 0.135702 s
currentSize : 22 <-- 0.318915 s
currentSize : 23 <-- 0.391733 s
currentSize : 25 <-- 0.405883 s
currentSize : 28 <-- 0.406813 s
currentSize : 35 <-- 0.463586 s
currentSize : 40 <-- 0.593989 s
currentSize : 41 <-- 0.650844 s
currentSize : 50 <-- 0.731125 s

maxsize : 50
nodes : 147644.000000
filtered : 1501602.000000
time : 0.927451
