Parameters: GAD=1 vflib=1 dir=1 label=1 lowerbound=1 fileNameGp=../graphsdb/mcs50/rand/r02/mcs50_r02_s50.A31 fileNameGt=../graphsdb/mcs50/rand/r02/mcs50_r02_s50.B31
Reading graphs...
50 : 489
50 : 489
Initializing...
maxdom : 9
D->valSize : 313
Solving...
Blb : 2 (clique : 7)
currentSize : 7 <-- 0.002153 s
currentSize : 8 <-- 0.002670 s
currentSize : 9 <-- 0.004448 s
currentSize : 11 <-- 0.008290 s
currentSize : 25 <-- 0.011923 s

maxsize : 25
nodes : 3348.000000
filtered : 72069.000000
time : 0.018550
