Parameters: GAD=1 vflib=1 dir=1 label=1 lowerbound=1 fileNameGp=../graphsdb/mcs50/rand/r005/mcs50_r005_s35.A20 fileNameGt=../graphsdb/mcs50/rand/r005/mcs50_r005_s35.B20
Reading graphs...
35 : 62
35 : 62
Initializing...
maxdom : 7
D->valSize : 171
Solving...
Blb : 2 (clique : 13)
currentSize : 13 <-- 0.000937 s
currentSize : 14 <-- 0.002415 s
currentSize : 15 <-- 0.019958 s
currentSize : 16 <-- 0.151865 s
currentSize : 17 <-- 0.186232 s
currentSize : 18 <-- 0.237251 s

maxsize : 18
nodes : 106487.000000
filtered : 903617.000000
time : 0.357067
