Parameters: GAD=1 vflib=1 dir=1 label=1 lowerbound=1 fileNameGp=../graphsdb/mcs50/bvg/b09m/mcs50_b09m_s40.A94 fileNameGt=../graphsdb/mcs50/bvg/b09m/mcs50_b09m_s40.B94
Reading graphs...
40 : 180
40 : 180
Initializing...
maxdom : 9
D->valSize : 227
Solving...
Blb : 5 (clique : 10)
currentSize : 10 <-- 0.001230 s
currentSize : 11 <-- 0.001471 s
currentSize : 13 <-- 0.001498 s
currentSize : 16 <-- 0.002372 s
currentSize : 20 <-- 0.002428 s

maxsize : 20
nodes : 2060.000000
filtered : 29688.000000
time : 0.009734
