Parameters: GAD=1 vflib=1 dir=1 label=1 lowerbound=1 fileNameGp=../graphsdb/mcs50/m2D/m2Dr4/mcs50_m2Dr4_s90.A71 fileNameGt=../graphsdb/mcs50/m2D/m2Dr4/mcs50_m2Dr4_s90.B71
Reading graphs...
90 : 197
90 : 196
Initializing...
maxdom : 8
D->valSize : 527
Solving...
Blb : 2 (clique : 41)
currentSize : 41 <-- 0.010449 s
currentSize : 42 <-- 0.010958 s
currentSize : 43 <-- 0.011261 s
currentSize : 44 <-- 0.012535 s
currentSize : 45 <-- 0.202733 s
currentSize : 46 <-- 1.557512 s
currentSize : 47 <-- 1.569079 s
currentSize : 48 <-- 1.609239 s
currentSize : 49 <-- 1.609701 s
currentSize : 50 <-- 1.610135 s
currentSize : 51 <-- 6.531676 s

TIMEOUT
maxsize : 51
nodes : 647496953.000000
filtered : 4370528287.000000
time : 3600.000000
