Parameters: GAD=1 vflib=1 dir=1 label=1 lowerbound=1 fileNameGp=../graphsdb/mcs50/m2D/m2Dr4/mcs50_m2Dr4_s40.A48 fileNameGt=../graphsdb/mcs50/m2D/m2Dr4/mcs50_m2Dr4_s40.B48
Reading graphs...
40 : 83
40 : 83
Initializing...
maxdom : 8
D->valSize : 199
Solving...
Blb : 2 (clique : 13)
currentSize : 13 <-- 0.001741 s
currentSize : 14 <-- 0.001903 s
currentSize : 15 <-- 0.003212 s
currentSize : 16 <-- 0.010971 s
currentSize : 17 <-- 5.670871 s
currentSize : 18 <-- 5.670940 s

maxsize : 18
nodes : 1789940.000000
filtered : 16090007.000000
time : 6.676258
