Parameters: GAD=1 vflib=1 dir=1 label=1 lowerbound=1 fileNameGp=../graphsdb/mcs50/rand/r01/mcs50_r01_s60.A21 fileNameGt=../graphsdb/mcs50/rand/r01/mcs50_r01_s60.B21
Reading graphs...
60 : 353
60 : 353
Initializing...
maxdom : 8
D->valSize : 241
Solving...
Blb : 2 (clique : 11)
currentSize : 11 <-- 0.002473 s
currentSize : 12 <-- 0.004931 s
currentSize : 14 <-- 0.011757 s
currentSize : 15 <-- 0.029289 s
currentSize : 23 <-- 0.032550 s
currentSize : 30 <-- 0.045932 s

maxsize : 30
nodes : 9340.000000
filtered : 106200.000000
time : 0.068201
