Parameters: GAD=1 vflib=1 dir=1 label=1 lowerbound=1 fileNameGp=../graphsdb/mcs50/rand/r01/mcs50_r01_s80.A79 fileNameGt=../graphsdb/mcs50/rand/r01/mcs50_r01_s80.B79
Reading graphs...
80 : 631
80 : 631
Initializing...
maxdom : 9
D->valSize : 465
Solving...
Blb : 3 (clique : 11)
currentSize : 11 <-- 0.004526 s
currentSize : 12 <-- 0.006293 s
currentSize : 14 <-- 0.009116 s
currentSize : 17 <-- 0.011753 s
currentSize : 19 <-- 0.012907 s
currentSize : 20 <-- 0.021763 s
currentSize : 22 <-- 0.022405 s
currentSize : 25 <-- 0.037289 s
currentSize : 27 <-- 0.040720 s
currentSize : 28 <-- 0.064655 s
currentSize : 32 <-- 0.077942 s
currentSize : 40 <-- 0.335587 s

maxsize : 40
nodes : 76453.000000
filtered : 1572966.000000
time : 0.520459
