Parameters: GAD=1 vflib=1 dir=1 label=1 lowerbound=1 fileNameGp=../graphsdb/mcs50/bvg/b03/mcs50_b03_s90.A95 fileNameGt=../graphsdb/mcs50/bvg/b03/mcs50_b03_s90.B95
Reading graphs...
90 : 135
90 : 135
Initializing...
maxdom : 9
D->valSize : 515
Solving...
Blb : 2 (clique : 36)
currentSize : 36 <-- 0.005993 s
currentSize : 42 <-- 0.006307 s
currentSize : 43 <-- 0.006767 s
currentSize : 44 <-- 0.008507 s
currentSize : 45 <-- 0.995537 s
currentSize : 46 <-- 1.997771 s
currentSize : 47 <-- 2.002484 s
currentSize : 48 <-- 2.004537 s
currentSize : 49 <-- 3.336801 s
currentSize : 50 <-- 1756.533447 s
currentSize : 51 <-- 1756.535278 s
currentSize : 52 <-- 1756.582031 s
currentSize : 53 <-- 1773.270264 s

TIMEOUT
maxsize : 53
nodes : 648300986.000000
filtered : 4961904934.000000
time : 3600.000000
