Parameters: GAD=1 vflib=1 dir=1 label=1 lowerbound=1 fileNameGp=../graphsdb/mcs50/bvg/b03m/mcs50_b03m_s80.A16 fileNameGt=../graphsdb/mcs50/bvg/b03m/mcs50_b03m_s80.B16
Reading graphs...
80 : 120
80 : 120
Initializing...
maxdom : 14
D->valSize : 419
Solving...
Blb : 2 (clique : 36)
currentSize : 36 <-- 0.006924 s
currentSize : 37 <-- 0.007363 s
currentSize : 38 <-- 0.008240 s
currentSize : 39 <-- 0.009678 s
currentSize : 40 <-- 0.038784 s
currentSize : 41 <-- 0.040729 s
currentSize : 42 <-- 5.006298 s
currentSize : 43 <-- 5.009663 s

maxsize : 43
nodes : 49092739.000000
filtered : 394042809.000000
time : 285.742981
