Parameters: GAD=1 vflib=1 dir=1 label=1 lowerbound=1 fileNameGp=../graphsdb/mcs50/rand/r01/mcs50_r01_s30.A17 fileNameGt=../graphsdb/mcs50/rand/r01/mcs50_r01_s30.B17
Reading graphs...
30 : 86
30 : 86
Initializing...
maxdom : 7
D->valSize : 127
Solving...
Blb : 5 (clique : 11)
currentSize : 11 <-- 0.000720 s
currentSize : 12 <-- 0.004281 s
currentSize : 13 <-- 0.004315 s
currentSize : 14 <-- 0.009313 s
currentSize : 15 <-- 0.009390 s

maxsize : 15
nodes : 3160.000000
filtered : 33119.000000
time : 0.011909
