Parameters: GAD=1 vflib=1 dir=1 label=1 lowerbound=1 fileNameGp=../graphsdb/mcs50/bvg/b09m/mcs50_b09m_s70.A07 fileNameGt=../graphsdb/mcs50/bvg/b09m/mcs50_b09m_s70.B07
Reading graphs...
70 : 315
70 : 315
Initializing...
maxdom : 7
D->valSize : 325
Solving...
Blb : 2 (clique : 19)
currentSize : 19 <-- 0.002594 s
currentSize : 20 <-- 0.002750 s
currentSize : 21 <-- 0.002850 s
currentSize : 25 <-- 0.005559 s
currentSize : 26 <-- 0.011405 s
currentSize : 27 <-- 0.067279 s
currentSize : 28 <-- 0.067417 s
currentSize : 29 <-- 0.067569 s
currentSize : 31 <-- 0.067689 s
currentSize : 32 <-- 0.068163 s
currentSize : 33 <-- 0.068470 s
currentSize : 34 <-- 0.074434 s

maxsize : 34
nodes : 1321488.000000
filtered : 8736239.000000
time : 6.119008
