Parameters: GAD=1 vflib=1 dir=1 label=1 lowerbound=1 fileNameGp=../graphsdb/mcs50/rand/r01/mcs50_r01_s35.A06 fileNameGt=../graphsdb/mcs50/rand/r01/mcs50_r01_s35.B06
Reading graphs...
35 : 118
35 : 118
Initializing...
maxdom : 7
D->valSize : 163
Solving...
Blb : 2 (clique : 10)
currentSize : 10 <-- 0.000893 s
currentSize : 11 <-- 0.000967 s
currentSize : 12 <-- 0.001816 s
currentSize : 13 <-- 0.002032 s
currentSize : 14 <-- 0.004846 s
currentSize : 16 <-- 0.005701 s
currentSize : 18 <-- 0.005743 s

maxsize : 18
nodes : 2138.000000
filtered : 26124.000000
time : 0.008859
