Parameters: GAD=1 vflib=1 dir=1 label=1 lowerbound=1 fileNameGp=../graphsdb/mcs50/bvg/b06/mcs50_b06_s90.A25 fileNameGt=../graphsdb/mcs50/bvg/b06/mcs50_b06_s90.B25
Reading graphs...
90 : 270
90 : 270
Initializing...
maxdom : 13
D->valSize : 529
Solving...
Blb : 2 (clique : 29)
currentSize : 29 <-- 0.009913 s
currentSize : 32 <-- 0.254041 s
currentSize : 33 <-- 0.254413 s
currentSize : 34 <-- 0.254883 s
currentSize : 35 <-- 21.588991 s
currentSize : 36 <-- 21.699652 s
currentSize : 37 <-- 98.954056 s
currentSize : 38 <-- 548.882019 s
currentSize : 39 <-- 549.450562 s
currentSize : 41 <-- 1990.510742 s
currentSize : 42 <-- 1990.519409 s
currentSize : 43 <-- 1993.221558 s
currentSize : 44 <-- 1993.304688 s

TIMEOUT
maxsize : 44
nodes : 649753064.000000
filtered : 5475579394.000000
time : 3600.000000
