Parameters: GAD=1 vflib=1 dir=1 label=1 lowerbound=1 fileNameGp=../graphsdb/mcs50/rand/r01/mcs50_r01_s60.A30 fileNameGt=../graphsdb/mcs50/rand/r01/mcs50_r01_s60.B30
Reading graphs...
60 : 353
60 : 353
Initializing...
maxdom : 9
D->valSize : 252
Solving...
Blb : 2 (clique : 11)
currentSize : 11 <-- 0.001758 s
currentSize : 12 <-- 0.002283 s
currentSize : 15 <-- 0.002376 s
currentSize : 16 <-- 0.004892 s
currentSize : 18 <-- 0.004926 s
currentSize : 20 <-- 0.005005 s
currentSize : 23 <-- 0.009411 s
currentSize : 30 <-- 0.016121 s

maxsize : 30
nodes : 8436.000000
filtered : 115997.000000
time : 0.045138
