Parameters: GAD=1 vflib=1 dir=1 label=1 lowerbound=1 fileNameGp=../graphsdb/mcs50/m2D/m2Dr4/mcs50_m2Dr4_s60.A58 fileNameGt=../graphsdb/mcs50/m2D/m2Dr4/mcs50_m2Dr4_s60.B58
Reading graphs...
60 : 128
60 : 128
Initializing...
maxdom : 7
D->valSize : 255
Solving...
Blb : 2 (clique : 20)
currentSize : 20 <-- 0.002931 s
currentSize : 21 <-- 0.025598 s
currentSize : 22 <-- 0.655828 s
currentSize : 23 <-- 2.212589 s
currentSize : 24 <-- 8.830314 s
currentSize : 25 <-- 8.830400 s
currentSize : 26 <-- 22.704941 s
currentSize : 27 <-- 57.378246 s
currentSize : 28 <-- 57.392879 s

maxsize : 28
nodes : 20898147.000000
filtered : 157350624.000000
time : 91.057861
