Parameters: GAD=1 vflib=1 dir=1 label=1 lowerbound=1 fileNameGp=../graphsdb/mcs50/bvg/b09/mcs50_b09_s90.A71 fileNameGt=../graphsdb/mcs50/bvg/b09/mcs50_b09_s90.B71
Reading graphs...
90 : 405
90 : 405
Initializing...
maxdom : 11
D->valSize : 553
Solving...
Blb : 2 (clique : 39)
currentSize : 39 <-- 0.006514 s
currentSize : 40 <-- 0.006876 s
currentSize : 41 <-- 0.007910 s
currentSize : 42 <-- 0.009519 s
currentSize : 43 <-- 0.357869 s
currentSize : 44 <-- 0.366644 s

maxsize : 44
nodes : 69103006.000000
filtered : 607482071.000000
time : 398.622620
