Parameters: GAD=1 vflib=1 dir=1 label=1 lowerbound=1 fileNameGp=../graphsdb/mcs50/m4D/m4Dr2/mcs50_m4Dr2_s40.A26 fileNameGt=../graphsdb/mcs50/m4D/m4Dr2/mcs50_m4Dr2_s40.B26
Reading graphs...
40 : 79
40 : 79
Initializing...
maxdom : 10
D->valSize : 221
Solving...
Blb : 5 (clique : 16)
currentSize : 16 <-- 0.001421 s
currentSize : 17 <-- 0.046777 s
currentSize : 18 <-- 0.427862 s
currentSize : 19 <-- 0.857696 s
currentSize : 20 <-- 1.421885 s

maxsize : 20
nodes : 397236.000000
filtered : 4465222.000000
time : 1.616858
