Parameters: GAD=1 vflib=1 dir=1 label=1 lowerbound=1 fileNameGp=../graphsdb/mcs50/m3D/m3Dr2/mcs50_m3Dr2_s50.A89 fileNameGt=../graphsdb/mcs50/m3D/m3Dr2/mcs50_m3Dr2_s50.B89
Reading graphs...
50 : 119
50 : 119
Initializing...
maxdom : 8
D->valSize : 319
Solving...
Blb : 2 (clique : 15)
currentSize : 15 <-- 0.003622 s
currentSize : 20 <-- 0.003775 s
currentSize : 21 <-- 0.003896 s
currentSize : 22 <-- 0.004522 s
currentSize : 23 <-- 0.004612 s
currentSize : 24 <-- 0.007116 s
currentSize : 25 <-- 0.014713 s
currentSize : 26 <-- 0.045951 s
currentSize : 27 <-- 0.062124 s

maxsize : 27
nodes : 978231.000000
filtered : 9954052.000000
time : 4.257763
