Parameters: GAD=1 vflib=1 dir=1 label=1 lowerbound=1 fileNameGp=../graphsdb/mcs50/rand/r01/mcs50_r01_s30.A62 fileNameGt=../graphsdb/mcs50/rand/r01/mcs50_r01_s30.B62
Reading graphs...
30 : 86
30 : 86
Initializing...
maxdom : 6
D->valSize : 124
Solving...
Blb : 3 (clique : 9)
currentSize : 9 <-- 0.000693 s
currentSize : 10 <-- 0.000741 s
currentSize : 11 <-- 0.000783 s
currentSize : 12 <-- 0.002287 s
currentSize : 13 <-- 0.003287 s
currentSize : 14 <-- 0.011552 s
currentSize : 15 <-- 0.014610 s

maxsize : 15
nodes : 4575.000000
filtered : 41893.000000
time : 0.015774
