Parameters: GAD=1 vflib=1 dir=1 label=1 lowerbound=1 fileNameGp=../graphsdb/mcs50/m2D/m2Dr2/mcs50_m2Dr2_s100.A97 fileNameGt=../graphsdb/mcs50/m2D/m2Dr2/mcs50_m2Dr2_s100.B97
Reading graphs...
100 : 200
100 : 200
Initializing...
maxdom : 6
D->valSize : 349
Solving...
Blb : 2 (clique : 44)
currentSize : 44 <-- 0.003890 s
currentSize : 46 <-- 0.004217 s
currentSize : 47 <-- 0.004562 s
currentSize : 48 <-- 0.007331 s
currentSize : 49 <-- 0.007757 s
currentSize : 50 <-- 0.075161 s
currentSize : 51 <-- 0.699236 s
currentSize : 52 <-- 347.163300 s

TIMEOUT
maxsize : 52
nodes : 660325595.000000
filtered : 2570646741.000000
time : 3600.000000
