Parameters: GAD=1 vflib=1 dir=1 label=1 lowerbound=1 fileNameGp=../graphsdb/mcs50/rand/r02/mcs50_r02_s90.A50 fileNameGt=../graphsdb/mcs50/rand/r02/mcs50_r02_s90.B50
Reading graphs...
90 : 1601
90 : 1601
Initializing...
maxdom : 10
D->valSize : 545
Solving...
Blb : 2 (clique : 7)
currentSize : 7 <-- 0.008091 s
currentSize : 8 <-- 0.008288 s
currentSize : 9 <-- 0.009994 s
currentSize : 10 <-- 0.013679 s
currentSize : 11 <-- 0.013749 s
currentSize : 19 <-- 0.017743 s
currentSize : 22 <-- 0.034520 s
currentSize : 26 <-- 0.065022 s
currentSize : 45 <-- 0.090382 s

maxsize : 45
nodes : 15564.000000
filtered : 441906.000000
time : 0.121393
