Parameters: GAD=1 vflib=1 dir=1 label=1 lowerbound=1 fileNameGp=../graphsdb/mcs50/rand/r02/mcs50_r02_s90.A37 fileNameGt=../graphsdb/mcs50/rand/r02/mcs50_r02_s90.B37
Reading graphs...
90 : 1601
90 : 1601
Initializing...
maxdom : 14
D->valSize : 618
Solving...
Blb : 2 (clique : 9)
currentSize : 9 <-- 0.006983 s
currentSize : 10 <-- 0.007121 s
currentSize : 11 <-- 0.008012 s
currentSize : 12 <-- 0.011767 s
currentSize : 13 <-- 0.011860 s
currentSize : 15 <-- 0.036420 s
currentSize : 17 <-- 0.042553 s
currentSize : 19 <-- 0.043277 s
currentSize : 28 <-- 0.074371 s
currentSize : 31 <-- 0.075303 s
currentSize : 45 <-- 0.075519 s

maxsize : 45
nodes : 13989.000000
filtered : 409031.000000
time : 0.106516
