Parameters: GAD=1 vflib=1 dir=1 label=1 lowerbound=1 fileNameGp=../graphsdb/mcs50/m4D/m4Dr6/mcs50_m4Dr6_s40.A83 fileNameGt=../graphsdb/mcs50/m4D/m4Dr6/mcs50_m4Dr6_s40.B83
Reading graphs...
40 : 95
40 : 94
Initializing...
maxdom : 10
D->valSize : 224
Solving...
Blb : 3 (clique : 16)
currentSize : 16 <-- 0.002041 s
currentSize : 17 <-- 0.047168 s
currentSize : 18 <-- 0.069473 s
currentSize : 19 <-- 0.118336 s
currentSize : 20 <-- 0.174368 s
currentSize : 21 <-- 0.221728 s

maxsize : 21
nodes : 67226.000000
filtered : 938145.000000
time : 0.371199
