Parameters: GAD=1 vflib=1 dir=1 label=1 lowerbound=1 fileNameGp=../graphsdb/mcs50/rand/r02/mcs50_r02_s50.A98 fileNameGt=../graphsdb/mcs50/rand/r02/mcs50_r02_s50.B98
Reading graphs...
50 : 489
50 : 489
Initializing...
maxdom : 10
D->valSize : 344
Solving...
Blb : 2 (clique : 7)
currentSize : 7 <-- 0.003450 s
currentSize : 8 <-- 0.004821 s
currentSize : 10 <-- 0.005345 s
currentSize : 11 <-- 0.008243 s
currentSize : 13 <-- 0.010700 s
currentSize : 16 <-- 0.014268 s
currentSize : 18 <-- 0.015151 s
currentSize : 25 <-- 0.035370 s

maxsize : 25
nodes : 4233.000000
filtered : 147856.000000
time : 0.041340
