Parameters: GAD=1 vflib=1 dir=1 label=1 lowerbound=1 fileNameGp=../graphsdb/mcs50/bvg/b06m/mcs50_b06m_s80.A11 fileNameGt=../graphsdb/mcs50/bvg/b06m/mcs50_b06m_s80.B11
Reading graphs...
80 : 240
80 : 240
Initializing...
maxdom : 9
D->valSize : 438
Solving...
Blb : 2 (clique : 24)
currentSize : 24 <-- 0.006979 s
currentSize : 25 <-- 0.010095 s
currentSize : 26 <-- 0.059464 s
currentSize : 27 <-- 0.066411 s
currentSize : 28 <-- 0.178708 s
currentSize : 29 <-- 1.753129 s
currentSize : 30 <-- 380.110962 s
currentSize : 31 <-- 381.547394 s
currentSize : 32 <-- 383.105835 s
currentSize : 33 <-- 968.624695 s
currentSize : 34 <-- 968.668396 s
currentSize : 35 <-- 968.836914 s
currentSize : 36 <-- 971.296021 s
currentSize : 37 <-- 1684.094238 s
currentSize : 38 <-- 1728.913330 s
currentSize : 39 <-- 2135.752441 s
currentSize : 40 <-- 2135.752686 s
currentSize : 41 <-- 2137.015869 s

maxsize : 41
nodes : 527742958.000000
filtered : 4567975014.000000
time : 2714.699707
