Parameters: GAD=1 vflib=1 dir=1 label=1 lowerbound=1 fileNameGp=../graphsdb/mcs50/m2D/m2D/mcs50_m2D_s50.A03 fileNameGt=../graphsdb/mcs50/m2D/m2D/mcs50_m2D_s50.B03
Reading graphs...
50 : 85
50 : 85
Initializing...
maxdom : 9
D->valSize : 331
Solving...
Blb : 5 (clique : 18)
currentSize : 18 <-- 0.002462 s
currentSize : 19 <-- 0.002573 s
currentSize : 20 <-- 0.002714 s
currentSize : 21 <-- 0.023448 s
currentSize : 22 <-- 1.086719 s
currentSize : 23 <-- 1.086775 s
currentSize : 24 <-- 1.088551 s
currentSize : 25 <-- 4.384441 s
currentSize : 26 <-- 4.394951 s
currentSize : 27 <-- 4.412539 s
currentSize : 28 <-- 27.312103 s

maxsize : 28
nodes : 7322958.000000
filtered : 94030174.000000
time : 36.502548
