Parameters: GAD=1 vflib=1 dir=1 label=1 lowerbound=1 fileNameGp=../graphsdb/mcs50/bvg/b03m/mcs50_b03m_s50.A10 fileNameGt=../graphsdb/mcs50/bvg/b03m/mcs50_b03m_s50.B10
Reading graphs...
50 : 75
50 : 75
Initializing...
maxdom : 11
D->valSize : 302
Solving...
Blb : 2 (clique : 24)
currentSize : 24 <-- 0.002173 s
currentSize : 25 <-- 0.002328 s
currentSize : 26 <-- 0.002752 s
currentSize : 27 <-- 0.013864 s
currentSize : 28 <-- 0.015458 s
currentSize : 29 <-- 0.326265 s

maxsize : 29
nodes : 314936.000000
filtered : 2739621.000000
time : 1.394707
