Parameters: GAD=1 vflib=1 dir=1 label=1 lowerbound=1 fileNameGp=../graphsdb/mcs50/m3D/m3D/mcs50_m3D_s50.A20 fileNameGt=../graphsdb/mcs50/m3D/m3D/mcs50_m3D_s50.B20
Reading graphs...
50 : 109
50 : 109
Initializing...
maxdom : 10
D->valSize : 334
Solving...
Blb : 3 (clique : 19)
currentSize : 19 <-- 0.003979 s
currentSize : 20 <-- 0.029681 s
currentSize : 21 <-- 0.029796 s
currentSize : 22 <-- 0.428746 s
currentSize : 23 <-- 6.040441 s
currentSize : 26 <-- 15.000216 s
currentSize : 27 <-- 15.000286 s
currentSize : 28 <-- 15.000353 s

maxsize : 28
nodes : 4649282.000000
filtered : 58751672.000000
time : 22.049936
