Parameters: GAD=1 vflib=1 dir=1 label=1 lowerbound=1 fileNameGp=../graphsdb/mcs50/bvg/b06m/mcs50_b06m_s80.A55 fileNameGt=../graphsdb/mcs50/bvg/b06m/mcs50_b06m_s80.B55
Reading graphs...
80 : 240
80 : 240
Initializing...
maxdom : 8
D->valSize : 441
Solving...
Blb : 3 (clique : 34)
currentSize : 34 <-- 0.004388 s
currentSize : 35 <-- 17.577497 s
currentSize : 36 <-- 27.701267 s
currentSize : 37 <-- 93.905289 s
currentSize : 38 <-- 115.201149 s
currentSize : 39 <-- 115.210129 s
currentSize : 40 <-- 528.197388 s
currentSize : 41 <-- 528.287720 s

maxsize : 41
nodes : 171668375.000000
filtered : 1369412023.000000
time : 895.569153
