Parameters: GAD=1 vflib=1 dir=1 label=1 lowerbound=1 fileNameGp=../graphsdb/mcs50/m2D/m2Dr2/mcs50_m2Dr2_s60.A80 fileNameGt=../graphsdb/mcs50/m2D/m2Dr2/mcs50_m2Dr2_s60.B80
Reading graphs...
60 : 116
60 : 115
Initializing...
maxdom : 7
D->valSize : 279
Solving...
Blb : 2 (clique : 24)
currentSize : 24 <-- 0.003300 s
currentSize : 25 <-- 0.973507 s
currentSize : 26 <-- 2.215073 s
currentSize : 27 <-- 7.631854 s
currentSize : 28 <-- 7.632152 s
currentSize : 29 <-- 50.466103 s

maxsize : 29
nodes : 11441642.000000
filtered : 107037870.000000
time : 55.144352
