Parameters: GAD=1 vflib=1 dir=1 label=1 lowerbound=1 fileNameGp=../graphsdb/mcs50/rand/r02/mcs50_r02_s35.A61 fileNameGt=../graphsdb/mcs50/rand/r02/mcs50_r02_s35.B61
Reading graphs...
35 : 237
35 : 237
Initializing...
maxdom : 7
D->valSize : 168
Solving...
Blb : 3 (clique : 6)
currentSize : 6 <-- 0.000912 s
currentSize : 7 <-- 0.001007 s
currentSize : 8 <-- 0.001223 s
currentSize : 10 <-- 0.001784 s
currentSize : 17 <-- 0.002588 s

maxsize : 17
nodes : 633.000000
filtered : 10315.000000
time : 0.003474
