Parameters: GAD=1 vflib=1 dir=1 label=1 lowerbound=1 fileNameGp=../graphsdb/mcs50/m2D/m2Dr4/mcs50_m2Dr4_s80.A55 fileNameGt=../graphsdb/mcs50/m2D/m2Dr4/mcs50_m2Dr4_s80.B55
Reading graphs...
80 : 174
80 : 174
Initializing...
maxdom : 13
D->valSize : 458
Solving...
Blb : 2 (clique : 28)
currentSize : 28 <-- 0.004898 s
currentSize : 30 <-- 0.005105 s
currentSize : 31 <-- 0.005314 s
currentSize : 32 <-- 0.005763 s
currentSize : 33 <-- 0.006738 s
currentSize : 34 <-- 0.048778 s
currentSize : 35 <-- 0.180398 s
currentSize : 36 <-- 2113.151367 s

TIMEOUT
maxsize : 36
nodes : 662594151.000000
filtered : 5813866599.000000
time : 3600.000000
