Parameters: GAD=1 vflib=1 dir=1 label=1 lowerbound=1 fileNameGp=../graphsdb/mcs50/m2D/m2Dr2/mcs50_m2Dr2_s100.A57 fileNameGt=../graphsdb/mcs50/m2D/m2Dr2/mcs50_m2Dr2_s100.B57
Reading graphs...
100 : 200
100 : 200
Initializing...
maxdom : 7
D->valSize : 347
Solving...
Blb : 2 (clique : 34)
currentSize : 34 <-- 0.006292 s
currentSize : 35 <-- 7.375570 s
currentSize : 36 <-- 14.702065 s
currentSize : 37 <-- 14.708843 s
currentSize : 38 <-- 14.728804 s
currentSize : 39 <-- 14.855658 s
currentSize : 40 <-- 1990.276733 s
currentSize : 41 <-- 2404.157715 s
currentSize : 42 <-- 2407.130859 s
currentSize : 43 <-- 2449.249268 s
currentSize : 44 <-- 3010.344482 s
currentSize : 45 <-- 3022.772705 s

TIMEOUT
maxsize : 45
nodes : 692564609.000000
filtered : 3020786483.000000
time : 3600.000000
