Parameters: GAD=1 vflib=1 dir=1 label=1 lowerbound=1 fileNameGp=../graphsdb/mcs50/m3D/m3Dr6/mcs50_m3Dr6_s50.A93 fileNameGt=../graphsdb/mcs50/m3D/m3Dr6/mcs50_m3Dr6_s50.B93
Reading graphs...
50 : 139
50 : 138
Initializing...
maxdom : 10
D->valSize : 330
Solving...
Blb : 2 (clique : 17)
currentSize : 17 <-- 0.003745 s
currentSize : 18 <-- 0.005513 s
currentSize : 19 <-- 0.157724 s
currentSize : 20 <-- 1.137692 s
currentSize : 21 <-- 1.139419 s
currentSize : 22 <-- 5.097949 s
currentSize : 23 <-- 11.357354 s
currentSize : 24 <-- 17.657255 s
currentSize : 25 <-- 23.055189 s
currentSize : 26 <-- 23.969769 s
currentSize : 27 <-- 23.969790 s

maxsize : 27
nodes : 6167872.000000
filtered : 64219779.000000
time : 26.959728
