Parameters: GAD=1 vflib=1 dir=1 label=1 lowerbound=1 fileNameGp=../graphsdb/mcs50/m2D/m2Dr6/mcs50_m2Dr6_s80.A47 fileNameGt=../graphsdb/mcs50/m2D/m2Dr6/mcs50_m2Dr6_s80.B47
Reading graphs...
80 : 190
80 : 189
Initializing...
maxdom : 8
D->valSize : 429
Solving...
Blb : 2 (clique : 29)
currentSize : 29 <-- 0.004277 s
currentSize : 31 <-- 0.004540 s
currentSize : 33 <-- 0.012968 s
currentSize : 34 <-- 0.144838 s
currentSize : 35 <-- 0.147186 s
currentSize : 36 <-- 0.458616 s
currentSize : 37 <-- 279.933594 s
currentSize : 38 <-- 1213.797363 s
currentSize : 39 <-- 1213.797607 s

TIMEOUT
maxsize : 39
nodes : 630199403.000000
filtered : 6246796979.000000
time : 3600.000000
