Parameters: GAD=1 vflib=1 dir=1 label=1 lowerbound=1 fileNameGp=../graphsdb/mcs50/m3D/m3Dr4/mcs50_m3Dr4_s50.A27 fileNameGt=../graphsdb/mcs50/m3D/m3Dr4/mcs50_m3Dr4_s50.B27
Reading graphs...
50 : 129
50 : 128
Initializing...
maxdom : 10
D->valSize : 358
Solving...
Blb : 5 (clique : 16)
currentSize : 16 <-- 0.002547 s
currentSize : 17 <-- 0.008153 s
currentSize : 18 <-- 0.028107 s
currentSize : 19 <-- 0.163859 s
currentSize : 20 <-- 0.550480 s
currentSize : 21 <-- 1.303143 s
currentSize : 22 <-- 1.339405 s
currentSize : 23 <-- 3.899315 s
currentSize : 24 <-- 4.603757 s
currentSize : 25 <-- 5.060586 s
currentSize : 27 <-- 5.062660 s
currentSize : 28 <-- 5.062767 s

maxsize : 28
nodes : 1186086.000000
filtered : 16858680.000000
time : 5.953082
