Parameters: GAD=1 vflib=1 dir=1 label=1 lowerbound=1 fileNameGp=../graphsdb/mcs50/m2D/m2Dr4/mcs50_m2Dr4_s50.A69 fileNameGt=../graphsdb/mcs50/m2D/m2Dr4/mcs50_m2Dr4_s50.B69
Reading graphs...
50 : 105
50 : 105
Initializing...
maxdom : 8
D->valSize : 316
Solving...
Blb : 5 (clique : 17)
currentSize : 17 <-- 0.003663 s
currentSize : 18 <-- 0.024087 s
currentSize : 20 <-- 1.671438 s
currentSize : 21 <-- 2.091987 s
currentSize : 22 <-- 2.092067 s
currentSize : 23 <-- 4.080719 s
currentSize : 24 <-- 5.604117 s
currentSize : 25 <-- 5.608599 s
currentSize : 26 <-- 12.775033 s
currentSize : 27 <-- 12.775121 s
currentSize : 28 <-- 12.775194 s

maxsize : 28
nodes : 3560867.000000
filtered : 40651338.000000
time : 15.400799
