Parameters: GAD=1 vflib=1 dir=1 label=1 lowerbound=1 fileNameGp=../graphsdb/mcs50/m2D/m2Dr6/mcs50_m2Dr6_s50.A03 fileNameGt=../graphsdb/mcs50/m2D/m2Dr6/mcs50_m2Dr6_s50.B03
Reading graphs...
50 : 115
50 : 115
Initializing...
maxdom : 9
D->valSize : 331
Solving...
Blb : 2 (clique : 21)
currentSize : 21 <-- 0.003890 s
currentSize : 22 <-- 20.094210 s
currentSize : 23 <-- 20.099939 s
currentSize : 24 <-- 23.810965 s
currentSize : 25 <-- 57.836872 s

maxsize : 25
nodes : 13475082.000000
filtered : 159246814.000000
time : 59.975235
