Parameters: GAD=1 vflib=1 dir=1 label=1 lowerbound=1 fileNameGp=../graphsdb/mcs50/m2D/m2Dr6/mcs50_m2Dr6_s100.A35 fileNameGt=../graphsdb/mcs50/m2D/m2Dr6/mcs50_m2Dr6_s100.B35
Reading graphs...
100 : 240
100 : 235
Initializing...
maxdom : 6
D->valSize : 352
Solving...
Blb : 2 (clique : 35)
currentSize : 35 <-- 0.003776 s
currentSize : 36 <-- 0.005972 s
currentSize : 40 <-- 0.011781 s
currentSize : 41 <-- 0.011922 s
currentSize : 42 <-- 0.150538 s
currentSize : 43 <-- 1.532116 s
currentSize : 44 <-- 388.361023 s
currentSize : 45 <-- 3588.048828 s

TIMEOUT
maxsize : 45
nodes : 732155957.000000
filtered : 2354121119.000000
time : 3600.000000
