Parameters: GAD=1 vflib=1 dir=1 label=1 lowerbound=1 fileNameGp=../graphsdb/mcs50/rand/r01/mcs50_r01_s30.A78 fileNameGt=../graphsdb/mcs50/rand/r01/mcs50_r01_s30.B78
Reading graphs...
30 : 86
30 : 86
Initializing...
maxdom : 9
D->valSize : 129
Solving...
Blb : 2 (clique : 8)
currentSize : 8 <-- 0.000744 s
currentSize : 9 <-- 0.000823 s
currentSize : 10 <-- 0.001045 s
currentSize : 11 <-- 0.001659 s
currentSize : 12 <-- 0.001741 s
currentSize : 14 <-- 0.003020 s
currentSize : 15 <-- 0.005777 s

maxsize : 15
nodes : 1395.000000
filtered : 15238.000000
time : 0.006430
