Parameters: GAD=1 vflib=1 dir=1 label=1 lowerbound=1 fileNameGp=../graphsdb/mcs50/m2D/m2D/mcs50_m2D_s90.A08 fileNameGt=../graphsdb/mcs50/m2D/m2D/mcs50_m2D_s90.B08
Reading graphs...
90 : 161
90 : 161
Initializing...
maxdom : 9
D->valSize : 533
Solving...
Blb : 5 (clique : 31)
currentSize : 31 <-- 0.006382 s
currentSize : 32 <-- 0.009481 s
currentSize : 33 <-- 0.046312 s
currentSize : 34 <-- 2.989806 s
currentSize : 35 <-- 2.989914 s
currentSize : 36 <-- 25.289845 s
currentSize : 37 <-- 52.501152 s
currentSize : 38 <-- 52.501614 s
currentSize : 39 <-- 418.525726 s
currentSize : 40 <-- 418.526917 s
currentSize : 41 <-- 418.825531 s
currentSize : 42 <-- 454.403168 s
currentSize : 43 <-- 1334.502075 s

TIMEOUT
maxsize : 43
nodes : 637946625.000000
filtered : 4787060175.000000
time : 3600.000000
