Parameters: GAD=1 vflib=1 dir=1 label=1 lowerbound=1 fileNameGp=../graphsdb/mcs50/rand/r02/mcs50_r02_s35.A34 fileNameGt=../graphsdb/mcs50/rand/r02/mcs50_r02_s35.B34
Reading graphs...
35 : 237
35 : 237
Initializing...
maxdom : 7
D->valSize : 174
Solving...
Blb : 3 (clique : 9)
currentSize : 9 <-- 0.001074 s
currentSize : 10 <-- 0.002726 s
currentSize : 11 <-- 0.003789 s
currentSize : 13 <-- 0.004670 s
currentSize : 17 <-- 0.004815 s

maxsize : 17
nodes : 1194.000000
filtered : 19105.000000
time : 0.006464
