Parameters: GAD=1 vflib=1 dir=1 label=1 lowerbound=1 fileNameGp=../graphsdb/mcs50/m2D/m2Dr2/mcs50_m2Dr2_s100.A47 fileNameGt=../graphsdb/mcs50/m2D/m2Dr2/mcs50_m2Dr2_s100.B47
Reading graphs...
100 : 200
100 : 200
Initializing...
maxdom : 9
D->valSize : 366
Solving...
Blb : 2 (clique : 44)
currentSize : 44 <-- 0.004031 s
currentSize : 45 <-- 0.004801 s
currentSize : 46 <-- 0.007175 s
currentSize : 47 <-- 360.283173 s
currentSize : 48 <-- 2918.242676 s
currentSize : 49 <-- 2918.242920 s
currentSize : 50 <-- 2918.250000 s
currentSize : 51 <-- 2922.687988 s
currentSize : 52 <-- 3009.087646 s

TIMEOUT
maxsize : 52
nodes : 714150090.000000
filtered : 2816498516.000000
time : 3600.000000
