Parameters: GAD=1 vflib=1 dir=1 label=1 lowerbound=1 fileNameGp=../graphsdb/mcs50/rand/r005/mcs50_r005_s80.A30 fileNameGt=../graphsdb/mcs50/rand/r005/mcs50_r005_s80.B30
Reading graphs...
80 : 315
80 : 315
Initializing...
maxdom : 8
D->valSize : 423
Solving...
Blb : 2 (clique : 21)
currentSize : 21 <-- 0.004158 s
currentSize : 22 <-- 0.004338 s
currentSize : 23 <-- 0.004700 s
currentSize : 24 <-- 0.004801 s
currentSize : 25 <-- 0.005303 s
currentSize : 26 <-- 0.006135 s
currentSize : 27 <-- 5.452629 s
currentSize : 28 <-- 10.514816 s
currentSize : 29 <-- 10.573599 s
currentSize : 31 <-- 10.617744 s
currentSize : 32 <-- 22.564445 s
currentSize : 33 <-- 44.701313 s
currentSize : 35 <-- 44.708481 s
currentSize : 37 <-- 175.002213 s
currentSize : 40 <-- 175.002625 s

maxsize : 40
nodes : 34240254.000000
filtered : 455243816.000000
time : 210.388657
