Parameters: GAD=1 vflib=1 dir=1 label=1 lowerbound=1 fileNameGp=../graphsdb/mcs50/m4D/m4D/mcs50_m4D_s40.A97 fileNameGt=../graphsdb/mcs50/m4D/m4D/mcs50_m4D_s40.B97
Reading graphs...
40 : 71
40 : 71
Initializing...
maxdom : 8
D->valSize : 210
Solving...
Blb : 2 (clique : 17)
currentSize : 17 <-- 0.001920 s
currentSize : 18 <-- 0.003415 s
currentSize : 19 <-- 0.003642 s
currentSize : 20 <-- 0.327974 s
currentSize : 21 <-- 0.328080 s
currentSize : 22 <-- 1.317445 s

maxsize : 22
nodes : 435381.000000
filtered : 4881465.000000
time : 1.808107
