Parameters: GAD=1 vflib=1 dir=1 label=1 lowerbound=1 fileNameGp=../graphsdb/mcs50/m2D/m2Dr2/mcs50_m2Dr2_s90.A54 fileNameGt=../graphsdb/mcs50/m2D/m2Dr2/mcs50_m2Dr2_s90.B54
Reading graphs...
90 : 179
90 : 178
Initializing...
maxdom : 10
D->valSize : 538
Solving...
Blb : 2 (clique : 41)
currentSize : 41 <-- 0.006308 s
currentSize : 42 <-- 2.363380 s
currentSize : 43 <-- 2.925364 s
currentSize : 44 <-- 7.230589 s
currentSize : 45 <-- 18.776255 s
currentSize : 46 <-- 54.496349 s
currentSize : 47 <-- 455.505615 s
currentSize : 48 <-- 1811.138916 s
currentSize : 49 <-- 2264.152832 s
currentSize : 51 <-- 2548.592529 s

TIMEOUT
maxsize : 51
nodes : 665827292.000000
filtered : 4675921805.000000
time : 3600.000000
