Parameters: GAD=1 vflib=1 dir=1 label=1 lowerbound=1 fileNameGp=../graphsdb/mcs50/m2D/m2Dr2/mcs50_m2Dr2_s60.A20 fileNameGt=../graphsdb/mcs50/m2D/m2Dr2/mcs50_m2Dr2_s60.B20
Reading graphs...
60 : 116
60 : 116
Initializing...
maxdom : 7
D->valSize : 248
Solving...
Blb : 2 (clique : 22)
currentSize : 22 <-- 0.001933 s
currentSize : 23 <-- 0.101713 s
currentSize : 24 <-- 1.035607 s
currentSize : 25 <-- 1.048172 s
currentSize : 26 <-- 3.063257 s
currentSize : 27 <-- 7.750248 s
currentSize : 28 <-- 7.768590 s
currentSize : 29 <-- 8.478238 s
currentSize : 30 <-- 13.876340 s

maxsize : 30
nodes : 14891506.000000
filtered : 101046684.000000
time : 64.503258
