Parameters: GAD=1 vflib=1 dir=1 label=1 lowerbound=1 fileNameGp=../graphsdb/mcs50/bvg/b09m/mcs50_b09m_s90.A33 fileNameGt=../graphsdb/mcs50/bvg/b09m/mcs50_b09m_s90.B33
Reading graphs...
90 : 405
90 : 405
Initializing...
maxdom : 9
D->valSize : 537
Solving...
Blb : 3 (clique : 38)
currentSize : 38 <-- 0.006223 s
currentSize : 39 <-- 0.009746 s
currentSize : 40 <-- 1.495390 s
currentSize : 41 <-- 4.546040 s
currentSize : 42 <-- 4.582187 s
currentSize : 43 <-- 4.582755 s
currentSize : 44 <-- 9.491444 s

maxsize : 44
nodes : 435956097.000000
filtered : 2557707569.000000
time : 2150.218262
