Parameters: GAD=1 vflib=1 dir=1 label=1 lowerbound=1 fileNameGp=../graphsdb/mcs50/rand/r005/mcs50_r005_s35.A97 fileNameGt=../graphsdb/mcs50/rand/r005/mcs50_r005_s35.B97
Reading graphs...
35 : 62
35 : 62
Initializing...
maxdom : 6
D->valSize : 154
Solving...
Blb : 2 (clique : 13)
currentSize : 13 <-- 0.001288 s
currentSize : 14 <-- 0.001566 s
currentSize : 15 <-- 0.037521 s
currentSize : 16 <-- 0.243548 s
currentSize : 18 <-- 0.286561 s

maxsize : 18
nodes : 108741.000000
filtered : 644839.000000
time : 0.345958
