Parameters: GAD=1 vflib=1 dir=1 label=1 lowerbound=1 fileNameGp=../graphsdb/mcs50/rand/r005/mcs50_r005_s90.A05 fileNameGt=../graphsdb/mcs50/rand/r005/mcs50_r005_s90.B05
Reading graphs...
90 : 399
90 : 399
Initializing...
maxdom : 8
D->valSize : 522
Solving...
Blb : 2 (clique : 21)
currentSize : 21 <-- 0.005794 s
currentSize : 22 <-- 0.006000 s
currentSize : 23 <-- 0.006066 s
currentSize : 24 <-- 0.470911 s
currentSize : 25 <-- 0.547868 s
currentSize : 26 <-- 0.816244 s
currentSize : 27 <-- 0.816347 s
currentSize : 28 <-- 0.818342 s
currentSize : 29 <-- 48.097542 s
currentSize : 30 <-- 146.525238 s
currentSize : 31 <-- 146.535370 s
currentSize : 32 <-- 348.922699 s
currentSize : 34 <-- 529.154724 s
currentSize : 37 <-- 529.514160 s
currentSize : 38 <-- 903.577698 s
currentSize : 39 <-- 903.956665 s
currentSize : 40 <-- 903.957642 s
currentSize : 41 <-- 1209.525391 s
currentSize : 43 <-- 1209.533447 s
currentSize : 45 <-- 1209.872070 s

maxsize : 45
nodes : 193819518.000000
filtered : 3015075882.000000
time : 1301.836792
