Parameters: GAD=1 vflib=1 dir=1 label=1 lowerbound=1 fileNameGp=../graphsdb/mcs50/m2D/m2Dr4/mcs50_m2Dr4_s90.A17 fileNameGt=../graphsdb/mcs50/m2D/m2Dr4/mcs50_m2Dr4_s90.B17
Reading graphs...
90 : 197
90 : 196
Initializing...
maxdom : 9
D->valSize : 556
Solving...
Blb : 2 (clique : 36)
currentSize : 36 <-- 0.006664 s
currentSize : 40 <-- 0.006953 s
currentSize : 42 <-- 0.007044 s
currentSize : 43 <-- 0.007215 s
currentSize : 44 <-- 0.007686 s
currentSize : 45 <-- 0.017542 s

TIMEOUT
maxsize : 45
nodes : 636961812.000000
filtered : 4447157218.000000
time : 3600.000000
