Parameters: GAD=1 vflib=1 dir=1 label=1 lowerbound=1 fileNameGp=../graphsdb/mcs50/bvg/b06m/mcs50_b06m_s90.A97 fileNameGt=../graphsdb/mcs50/bvg/b06m/mcs50_b06m_s90.B97
Reading graphs...
90 : 270
90 : 270
Initializing...
maxdom : 11
D->valSize : 560
Solving...
Blb : 2 (clique : 28)
currentSize : 28 <-- 0.011045 s
currentSize : 29 <-- 0.021791 s
currentSize : 30 <-- 0.765092 s
currentSize : 31 <-- 1.165920 s
currentSize : 32 <-- 2.373361 s
currentSize : 34 <-- 1305.322998 s
currentSize : 35 <-- 1305.328003 s
currentSize : 36 <-- 1305.355347 s
currentSize : 37 <-- 1305.436646 s
currentSize : 38 <-- 2236.306396 s
currentSize : 39 <-- 2236.311035 s
currentSize : 40 <-- 2236.316162 s
currentSize : 41 <-- 2249.388428 s
currentSize : 42 <-- 3304.231934 s

TIMEOUT
maxsize : 42
nodes : 661046039.000000
filtered : 5635683398.000000
time : 3600.000000
