Parameters: GAD=1 vflib=1 dir=1 label=1 lowerbound=1 fileNameGp=../graphsdb/mcs50/bvg/b09m/mcs50_b09m_s70.A24 fileNameGt=../graphsdb/mcs50/bvg/b09m/mcs50_b09m_s70.B24
Reading graphs...
70 : 315
70 : 315
Initializing...
maxdom : 9
D->valSize : 334
Solving...
Blb : 3 (clique : 29)
currentSize : 29 <-- 0.004375 s
currentSize : 30 <-- 0.042123 s
currentSize : 32 <-- 0.052260 s
currentSize : 33 <-- 1.276506 s
currentSize : 34 <-- 1.718492 s

maxsize : 34
nodes : 389059.000000
filtered : 4402447.000000
time : 2.091079
