Parameters: GAD=1 vflib=1 dir=1 label=1 lowerbound=1 fileNameGp=../graphsdb/mcs50/rand/r01/mcs50_r01_s50.A25 fileNameGt=../graphsdb/mcs50/rand/r01/mcs50_r01_s50.B25
Reading graphs...
50 : 244
50 : 244
Initializing...
maxdom : 9
D->valSize : 319
Solving...
Blb : 3 (clique : 15)
currentSize : 15 <-- 0.002163 s
currentSize : 16 <-- 0.012345 s
currentSize : 18 <-- 0.167634 s
currentSize : 22 <-- 0.224863 s
currentSize : 23 <-- 0.238437 s
currentSize : 25 <-- 0.258458 s

maxsize : 25
nodes : 66720.000000
filtered : 910586.000000
time : 0.313183
