Parameters: GAD=1 vflib=1 dir=1 label=1 lowerbound=1 fileNameGp=../graphsdb/mcs50/bvg/b03/mcs50_b03_s50.A27 fileNameGt=../graphsdb/mcs50/bvg/b03/mcs50_b03_s50.B27
Reading graphs...
50 : 75
50 : 75
Initializing...
maxdom : 8
D->valSize : 308
Solving...
Blb : 2 (clique : 23)
currentSize : 23 <-- 0.002204 s
currentSize : 24 <-- 1.751821 s
currentSize : 25 <-- 2.072330 s
currentSize : 26 <-- 7.259999 s
currentSize : 27 <-- 8.953380 s
currentSize : 28 <-- 9.236533 s
currentSize : 29 <-- 10.652303 s

maxsize : 29
nodes : 4508736.000000
filtered : 49535540.000000
time : 22.593288
