Parameters: GAD=1 vflib=1 dir=1 label=1 lowerbound=1 fileNameGp=../graphsdb/mcs50/bvg/b03/mcs50_b03_s35.A26 fileNameGt=../graphsdb/mcs50/bvg/b03/mcs50_b03_s35.B26
Reading graphs...
35 : 52
35 : 52
Initializing...
maxdom : 6
D->valSize : 150
Solving...
Blb : 2 (clique : 14)
currentSize : 14 <-- 0.000855 s
currentSize : 15 <-- 0.001238 s
currentSize : 16 <-- 0.001289 s
currentSize : 17 <-- 0.002606 s
currentSize : 18 <-- 0.030240 s
currentSize : 19 <-- 0.078623 s

maxsize : 19
nodes : 27352.000000
filtered : 211529.000000
time : 0.095649
