Parameters: GAD=1 vflib=1 dir=1 label=1 lowerbound=1 fileNameGp=../graphsdb/mcs50/m4D/m4D/mcs50_m4D_s40.A11 fileNameGt=../graphsdb/mcs50/m4D/m4D/mcs50_m4D_s40.B11
Reading graphs...
40 : 71
40 : 71
Initializing...
maxdom : 8
D->valSize : 224
Solving...
Blb : 3 (clique : 18)
currentSize : 18 <-- 0.002145 s
currentSize : 19 <-- 0.068666 s
currentSize : 20 <-- 0.344813 s
currentSize : 21 <-- 0.927704 s
currentSize : 22 <-- 1.097360 s

maxsize : 22
nodes : 322690.000000
filtered : 4105866.000000
time : 1.567608
