Parameters: GAD=1 vflib=1 dir=1 label=1 lowerbound=1 fileNameGp=../graphsdb/mcs50/m3D/m3D/mcs50_m3D_s60.A32 fileNameGt=../graphsdb/mcs50/m3D/m3D/mcs50_m3D_s60.B32
Reading graphs...
60 : 134
60 : 134
Initializing...
maxdom : 7
D->valSize : 237
Solving...
Blb : 3 (clique : 23)
currentSize : 23 <-- 0.001813 s
currentSize : 24 <-- 0.009680 s
currentSize : 25 <-- 0.285995 s
currentSize : 26 <-- 0.287887 s
currentSize : 27 <-- 0.295044 s
currentSize : 28 <-- 0.339001 s
currentSize : 29 <-- 8.492644 s

maxsize : 29
nodes : 2561396.000000
filtered : 15431356.000000
time : 10.750068
