Parameters: GAD=1 vflib=1 dir=1 label=1 lowerbound=1 fileNameGp=../graphsdb/mcs50/rand/r005/mcs50_r005_s35.A05 fileNameGt=../graphsdb/mcs50/rand/r005/mcs50_r005_s35.B05
Reading graphs...
35 : 62
35 : 62
Initializing...
maxdom : 8
D->valSize : 168
Solving...
Blb : 2 (clique : 11)
currentSize : 11 <-- 0.000887 s
currentSize : 12 <-- 0.000949 s
currentSize : 13 <-- 0.000989 s
currentSize : 14 <-- 0.101652 s
currentSize : 15 <-- 0.112760 s
currentSize : 16 <-- 0.254867 s
currentSize : 17 <-- 0.336692 s

maxsize : 17
nodes : 151676.000000
filtered : 1063952.000000
time : 0.505589
