Parameters: GAD=1 vflib=1 dir=1 label=1 lowerbound=1 fileNameGp=../graphsdb/mcs50/rand/r02/mcs50_r02_s50.A30 fileNameGt=../graphsdb/mcs50/rand/r02/mcs50_r02_s50.B30
Reading graphs...
50 : 489
50 : 489
Initializing...
maxdom : 13
D->valSize : 383
Solving...
Blb : 2 (clique : 7)
currentSize : 7 <-- 0.004053 s
currentSize : 9 <-- 0.004497 s
currentSize : 10 <-- 0.004601 s
currentSize : 11 <-- 0.005918 s
currentSize : 14 <-- 0.007138 s
currentSize : 15 <-- 0.010502 s
currentSize : 25 <-- 0.010622 s

maxsize : 25
nodes : 1703.000000
filtered : 66503.000000
time : 0.019993
