Parameters: GAD=1 vflib=1 dir=1 label=1 lowerbound=1 fileNameGp=../graphsdb/mcs50/m2D/m2Dr2/mcs50_m2Dr2_s90.A59 fileNameGt=../graphsdb/mcs50/m2D/m2Dr2/mcs50_m2Dr2_s90.B59
Reading graphs...
90 : 179
90 : 179
Initializing...
maxdom : 11
D->valSize : 565
Solving...
Blb : 2 (clique : 45)
currentSize : 45 <-- 0.007127 s
currentSize : 48 <-- 0.007452 s
currentSize : 49 <-- 0.029007 s
currentSize : 50 <-- 0.074382 s
currentSize : 51 <-- 1.031562 s
currentSize : 52 <-- 1.135772 s

TIMEOUT
maxsize : 52
nodes : 766676998.000000
filtered : 3344633521.000000
time : 3600.000000
