Parameters: GAD=1 vflib=1 dir=1 label=1 lowerbound=1 fileNameGp=../graphsdb/mcs50/m2D/m2Dr6/mcs50_m2Dr6_s90.A70 fileNameGt=../graphsdb/mcs50/m2D/m2Dr6/mcs50_m2Dr6_s90.B70
Reading graphs...
90 : 215
90 : 215
Initializing...
maxdom : 8
D->valSize : 553
Solving...
Blb : 2 (clique : 42)
currentSize : 42 <-- 0.006714 s
currentSize : 43 <-- 0.007159 s
currentSize : 44 <-- 0.020767 s
currentSize : 45 <-- 0.709278 s
currentSize : 47 <-- 0.809057 s
currentSize : 48 <-- 111.684959 s

TIMEOUT
maxsize : 48
nodes : 765622084.000000
filtered : 3783151468.000000
time : 3600.000000
