Parameters: GAD=1 vflib=1 dir=1 label=1 lowerbound=1 fileNameGp=../graphsdb/mcs50/bvg/b09m/mcs50_b09m_s80.A89 fileNameGt=../graphsdb/mcs50/bvg/b09m/mcs50_b09m_s80.B89
Reading graphs...
80 : 360
80 : 360
Initializing...
maxdom : 9
D->valSize : 433
Solving...
Blb : 3 (clique : 28)
currentSize : 28 <-- 0.004208 s
currentSize : 29 <-- 39.292065 s
currentSize : 30 <-- 39.292316 s
currentSize : 36 <-- 39.373108 s
currentSize : 37 <-- 39.373375 s
currentSize : 39 <-- 39.373528 s
currentSize : 40 <-- 39.373886 s

maxsize : 40
nodes : 18580800.000000
filtered : 146209039.000000
time : 95.165817
