Parameters: GAD=1 vflib=1 dir=1 label=1 lowerbound=1 fileNameGp=../graphsdb/mcs50/rand/r005/mcs50_r005_s90.A23 fileNameGt=../graphsdb/mcs50/rand/r005/mcs50_r005_s90.B23
Reading graphs...
90 : 399
90 : 399
Initializing...
maxdom : 11
D->valSize : 580
Solving...
Blb : 2 (clique : 25)
currentSize : 25 <-- 0.006976 s
currentSize : 26 <-- 8.079579 s
currentSize : 27 <-- 16.016926 s
currentSize : 28 <-- 120.957939 s
currentSize : 29 <-- 287.129242 s
currentSize : 30 <-- 440.425385 s
currentSize : 31 <-- 568.187500 s
currentSize : 32 <-- 568.187622 s
currentSize : 33 <-- 568.194214 s
currentSize : 35 <-- 568.664062 s
currentSize : 36 <-- 568.677917 s
currentSize : 37 <-- 756.182190 s
currentSize : 38 <-- 756.259827 s
currentSize : 40 <-- 1077.626709 s
currentSize : 41 <-- 1077.704102 s
currentSize : 42 <-- 1077.710815 s
currentSize : 45 <-- 1077.711060 s

maxsize : 45
nodes : 195265213.000000
filtered : 2912654258.000000
time : 1305.460815
