Parameters: GAD=1 vflib=1 dir=1 label=1 lowerbound=1 fileNameGp=../graphsdb/mcs50/bvg/b09/mcs50_b09_s80.A91 fileNameGt=../graphsdb/mcs50/bvg/b09/mcs50_b09_s80.B91
Reading graphs...
80 : 360
80 : 360
Initializing...
maxdom : 8
D->valSize : 441
Solving...
Blb : 2 (clique : 33)
currentSize : 33 <-- 0.006944 s
currentSize : 34 <-- 0.960736 s
currentSize : 35 <-- 1.765381 s
currentSize : 36 <-- 6.391170 s
currentSize : 37 <-- 6.391382 s
currentSize : 38 <-- 12.529719 s
currentSize : 39 <-- 20.601578 s
currentSize : 40 <-- 20.601786 s

maxsize : 40
nodes : 7593450.000000
filtered : 49370726.000000
time : 37.569355
