Parameters: GAD=1 vflib=1 dir=1 label=1 lowerbound=1 fileNameGp=../graphsdb/mcs50/m2D/m2Dr2/mcs50_m2Dr2_s90.A51 fileNameGt=../graphsdb/mcs50/m2D/m2Dr2/mcs50_m2Dr2_s90.B51
Reading graphs...
90 : 179
90 : 179
Initializing...
maxdom : 9
D->valSize : 554
Solving...
Blb : 2 (clique : 32)
currentSize : 32 <-- 0.006585 s
currentSize : 36 <-- 0.006850 s
currentSize : 37 <-- 0.007013 s
currentSize : 38 <-- 0.105111 s
currentSize : 39 <-- 0.139849 s
currentSize : 40 <-- 136.269073 s
currentSize : 41 <-- 136.278732 s

TIMEOUT
maxsize : 41
nodes : 583331639.000000
filtered : 6281315314.000000
time : 3600.000000
