Parameters: GAD=1 vflib=1 dir=1 label=1 lowerbound=1 fileNameGp=../graphsdb/mcs50/m2D/m2Dr2/mcs50_m2Dr2_s40.A82 fileNameGt=../graphsdb/mcs50/m2D/m2Dr2/mcs50_m2Dr2_s40.B82
Reading graphs...
40 : 75
40 : 75
Initializing...
maxdom : 8
D->valSize : 215
Solving...
Blb : 5 (clique : 16)
currentSize : 16 <-- 0.001972 s
currentSize : 17 <-- 0.019803 s
currentSize : 18 <-- 0.027006 s
currentSize : 19 <-- 0.131881 s
currentSize : 20 <-- 0.715636 s

maxsize : 20
nodes : 226722.000000
filtered : 2461775.000000
time : 1.017130
