Parameters: GAD=1 vflib=1 dir=1 label=1 lowerbound=1 fileNameGp=../graphsdb/mcs50/bvg/b06/mcs50_b06_s100.A42 fileNameGt=../graphsdb/mcs50/bvg/b06/mcs50_b06_s100.B42
Reading graphs...
100 : 300
100 : 300
Initializing...
maxdom : 6
D->valSize : 343
Solving...
Blb : 3 (clique : 34)
currentSize : 34 <-- 0.003751 s
currentSize : 35 <-- 3.417207 s
currentSize : 36 <-- 25.599527 s
currentSize : 37 <-- 25.630899 s
currentSize : 38 <-- 26.514029 s
currentSize : 39 <-- 30.129637 s
currentSize : 40 <-- 30.131435 s
currentSize : 41 <-- 30.171076 s
currentSize : 42 <-- 30.172968 s
currentSize : 43 <-- 30.284903 s
currentSize : 44 <-- 48.011890 s
currentSize : 45 <-- 48.713966 s
currentSize : 46 <-- 637.530762 s
currentSize : 47 <-- 638.054626 s
currentSize : 48 <-- 1614.545532 s
currentSize : 49 <-- 1614.565552 s
currentSize : 50 <-- 2888.053223 s
currentSize : 51 <-- 2888.096191 s

TIMEOUT
maxsize : 51
nodes : 687567129.000000
filtered : 2992080023.000000
time : 3600.000000
