Parameters: GAD=1 vflib=1 dir=1 label=1 lowerbound=1 fileNameGp=../graphsdb/mcs50/m2D/m2Dr4/mcs50_m2Dr4_s70.A07 fileNameGt=../graphsdb/mcs50/m2D/m2Dr4/mcs50_m2Dr4_s70.B07
Reading graphs...
70 : 151
70 : 150
Initializing...
maxdom : 7
D->valSize : 317
Solving...
Blb : 3 (clique : 23)
currentSize : 23 <-- 0.002643 s
currentSize : 25 <-- 0.002780 s
currentSize : 26 <-- 0.082063 s
currentSize : 27 <-- 0.086329 s
currentSize : 28 <-- 0.159980 s
currentSize : 29 <-- 0.448016 s
currentSize : 30 <-- 1.946346 s
currentSize : 31 <-- 1.961314 s
currentSize : 32 <-- 3.266884 s
currentSize : 33 <-- 33.679111 s
currentSize : 34 <-- 63.896152 s
currentSize : 35 <-- 73.402672 s
currentSize : 36 <-- 166.830215 s

maxsize : 36
nodes : 143069291.000000
filtered : 903188431.000000
time : 643.138245
