Parameters: GAD=1 vflib=1 dir=1 label=1 lowerbound=1 fileNameGp=../graphsdb/mcs50/m2D/m2D/mcs50_m2D_s70.A16 fileNameGt=../graphsdb/mcs50/m2D/m2D/mcs50_m2D_s70.B16
Reading graphs...
70 : 123
70 : 123
Initializing...
maxdom : 7
D->valSize : 333
Solving...
Blb : 2 (clique : 33)
currentSize : 33 <-- 0.002931 s
currentSize : 34 <-- 0.003229 s
currentSize : 35 <-- 0.003485 s
currentSize : 36 <-- 0.004474 s
currentSize : 37 <-- 0.036116 s
currentSize : 38 <-- 0.051439 s
currentSize : 39 <-- 1.081108 s

maxsize : 39
nodes : 21245678.000000
filtered : 129859346.000000
time : 96.357079
