Parameters: GAD=1 vflib=1 dir=1 label=1 lowerbound=1 fileNameGp=../graphsdb/mcs50/rand/r01/mcs50_r01_s70.A91 fileNameGt=../graphsdb/mcs50/rand/r01/mcs50_r01_s70.B91
Reading graphs...
70 : 482
70 : 482
Initializing...
maxdom : 7
D->valSize : 322
Solving...
Blb : 3 (clique : 12)
currentSize : 12 <-- 0.002523 s
currentSize : 13 <-- 0.003807 s
currentSize : 14 <-- 0.020171 s
currentSize : 15 <-- 0.047639 s
currentSize : 16 <-- 0.084319 s
currentSize : 17 <-- 0.084827 s
currentSize : 18 <-- 0.084918 s
currentSize : 19 <-- 0.085481 s
currentSize : 20 <-- 0.117732 s
currentSize : 21 <-- 0.117812 s
currentSize : 24 <-- 0.117855 s
currentSize : 26 <-- 0.117957 s
currentSize : 27 <-- 0.181287 s
currentSize : 28 <-- 0.240497 s
currentSize : 29 <-- 0.348288 s
currentSize : 35 <-- 0.348545 s

maxsize : 35
nodes : 77097.000000
filtered : 1011102.000000
time : 0.423576
