Parameters: GAD=1 vflib=1 dir=1 label=1 lowerbound=1 fileNameGp=../graphsdb/mcs50/bvg/b09/mcs50_b09_s90.A23 fileNameGt=../graphsdb/mcs50/bvg/b09/mcs50_b09_s90.B23
Reading graphs...
90 : 405
90 : 405
Initializing...
maxdom : 9
D->valSize : 542
Solving...
Blb : 3 (clique : 31)
currentSize : 31 <-- 0.006223 s
currentSize : 32 <-- 0.285597 s
currentSize : 33 <-- 0.521787 s
currentSize : 34 <-- 0.525599 s
currentSize : 36 <-- 1280.096069 s
currentSize : 38 <-- 1280.097900 s
currentSize : 39 <-- 1280.476685 s
currentSize : 40 <-- 1280.488037 s

TIMEOUT
maxsize : 40
nodes : 661710583.000000
filtered : 5714620789.000000
time : 3600.000000
