Parameters: GAD=1 vflib=1 dir=1 label=1 lowerbound=1 fileNameGp=../graphsdb/mcs50/m2D/m2Dr2/mcs50_m2Dr2_s90.A25 fileNameGt=../graphsdb/mcs50/m2D/m2Dr2/mcs50_m2Dr2_s90.B25
Reading graphs...
90 : 179
90 : 178
Initializing...
maxdom : 12
D->valSize : 577
Solving...
Blb : 2 (clique : 39)
currentSize : 39 <-- 0.009898 s
currentSize : 40 <-- 22.241768 s
currentSize : 41 <-- 22.294100 s
currentSize : 42 <-- 218.689835 s
currentSize : 43 <-- 218.695358 s
currentSize : 44 <-- 218.718399 s
currentSize : 45 <-- 336.487915 s
currentSize : 46 <-- 336.488068 s

TIMEOUT
maxsize : 46
nodes : 649765903.000000
filtered : 4216600679.000000
time : 3600.000000
