Parameters: GAD=1 vflib=1 dir=1 label=1 lowerbound=1 fileNameGp=../graphsdb/mcs50/m4D/m4Dr4/mcs50_m4Dr4_s40.A44 fileNameGt=../graphsdb/mcs50/m4D/m4Dr4/mcs50_m4Dr4_s40.B44
Reading graphs...
40 : 87
40 : 85
Initializing...
maxdom : 6
D->valSize : 211
Solving...
Blb : 2 (clique : 13)
currentSize : 13 <-- 0.001191 s
currentSize : 14 <-- 0.001267 s
currentSize : 15 <-- 0.001326 s
currentSize : 17 <-- 0.001400 s
currentSize : 18 <-- 0.002429 s
currentSize : 19 <-- 0.005790 s
currentSize : 20 <-- 0.302463 s

maxsize : 20
nodes : 326429.000000
filtered : 3259615.000000
time : 1.270507
