Parameters: GAD=1 vflib=1 dir=1 label=1 lowerbound=1 fileNameGp=../graphsdb/mcs50/bvg/b09m/mcs50_b09m_s80.A78 fileNameGt=../graphsdb/mcs50/bvg/b09m/mcs50_b09m_s80.B78
Reading graphs...
80 : 360
80 : 360
Initializing...
maxdom : 12
D->valSize : 438
Solving...
Blb : 2 (clique : 18)
currentSize : 18 <-- 0.004160 s
currentSize : 20 <-- 0.004303 s
currentSize : 21 <-- 0.004498 s
currentSize : 22 <-- 0.004853 s
currentSize : 23 <-- 0.074849 s
currentSize : 24 <-- 18.937393 s
currentSize : 26 <-- 87.344254 s
currentSize : 32 <-- 151.288437 s
currentSize : 33 <-- 151.288544 s
currentSize : 34 <-- 202.226822 s
currentSize : 37 <-- 202.231232 s
currentSize : 38 <-- 202.280975 s
currentSize : 39 <-- 202.281174 s
currentSize : 40 <-- 202.281418 s

maxsize : 40
nodes : 41165193.000000
filtered : 483471777.000000
time : 224.622879
