Parameters: GAD=1 vflib=1 dir=1 label=1 lowerbound=1 fileNameGp=../graphsdb/mcs50/bvg/b03m/mcs50_b03m_s50.A84 fileNameGt=../graphsdb/mcs50/bvg/b03m/mcs50_b03m_s50.B84
Reading graphs...
50 : 75
50 : 75
Initializing...
maxdom : 9
D->valSize : 349
Solving...
Blb : 2 (clique : 21)
currentSize : 21 <-- 0.002660 s
currentSize : 22 <-- 0.006022 s
currentSize : 23 <-- 0.071846 s
currentSize : 24 <-- 0.074492 s
currentSize : 25 <-- 13.991917 s
currentSize : 26 <-- 21.734568 s
currentSize : 27 <-- 64.642555 s
currentSize : 28 <-- 244.060257 s

maxsize : 28
nodes : 183598686.000000
filtered : 3340544501.000000
time : 983.270142
