Parameters: GAD=1 vflib=1 dir=1 label=1 lowerbound=1 fileNameGp=../graphsdb/mcs50/rand/r01/mcs50_r01_s90.A37 fileNameGt=../graphsdb/mcs50/rand/r01/mcs50_r01_s90.B37
Reading graphs...
90 : 800
90 : 800
Initializing...
maxdom : 10
D->valSize : 563
Solving...
Blb : 2 (clique : 13)
currentSize : 13 <-- 0.006009 s
currentSize : 24 <-- 0.006167 s
currentSize : 29 <-- 0.007759 s
currentSize : 31 <-- 0.015540 s
currentSize : 33 <-- 0.019613 s
currentSize : 45 <-- 0.020479 s

maxsize : 45
nodes : 84559.000000
filtered : 2091078.000000
time : 0.673139
