Parameters: GAD=1 vflib=1 dir=1 label=1 lowerbound=1 fileNameGp=../graphsdb/mcs50/bvg/b03/mcs50_b03_s60.A59 fileNameGt=../graphsdb/mcs50/bvg/b03/mcs50_b03_s60.B59
Reading graphs...
60 : 90
60 : 90
Initializing...
maxdom : 6
D->valSize : 250
Solving...
Blb : 3 (clique : 24)
currentSize : 24 <-- 0.001850 s
currentSize : 25 <-- 0.111232 s
currentSize : 26 <-- 1.007883 s
currentSize : 27 <-- 2.406015 s
currentSize : 28 <-- 2.418839 s
currentSize : 29 <-- 6.478369 s
currentSize : 30 <-- 10.360258 s
currentSize : 31 <-- 10.395619 s
currentSize : 32 <-- 10.395825 s
currentSize : 33 <-- 53.252853 s

maxsize : 33
nodes : 19132240.000000
filtered : 120562848.000000
time : 83.362366
