Parameters: GAD=1 vflib=1 dir=1 label=1 lowerbound=1 fileNameGp=../graphsdb/mcs50/bvg/b03/mcs50_b03_s25.A25 fileNameGt=../graphsdb/mcs50/bvg/b03/mcs50_b03_s25.B25
Reading graphs...
25 : 37
25 : 37
Initializing...
maxdom : 9
D->valSize : 143
Solving...
Blb : 2 (clique : 9)
currentSize : 9 <-- 0.001007 s
currentSize : 10 <-- 0.001246 s
currentSize : 11 <-- 0.001793 s
currentSize : 12 <-- 0.008222 s
currentSize : 13 <-- 0.008358 s

maxsize : 13
nodes : 2178.000000
filtered : 23771.000000
time : 0.011848
