Parameters: GAD=1 vflib=1 dir=1 label=1 lowerbound=1 fileNameGp=../graphsdb/mcs50/bvg/b03/mcs50_b03_s80.A76 fileNameGt=../graphsdb/mcs50/bvg/b03/mcs50_b03_s80.B76
Reading graphs...
80 : 120
80 : 120
Initializing...
maxdom : 8
D->valSize : 408
Solving...
Blb : 2 (clique : 34)
currentSize : 34 <-- 0.004028 s
currentSize : 35 <-- 134.478088 s
currentSize : 36 <-- 225.384659 s
currentSize : 37 <-- 922.366821 s
currentSize : 38 <-- 1643.753052 s
currentSize : 39 <-- 2099.694824 s

TIMEOUT
maxsize : 39
nodes : 726273033.000000
filtered : 4829154147.000000
time : 3600.000000
