Parameters: GAD=1 vflib=1 dir=1 label=1 lowerbound=1 fileNameGp=../graphsdb/mcs50/bvg/b03/mcs50_b03_s80.A98 fileNameGt=../graphsdb/mcs50/bvg/b03/mcs50_b03_s80.B98
Reading graphs...
80 : 120
80 : 120
Initializing...
maxdom : 9
D->valSize : 481
Solving...
Blb : 5 (clique : 33)
currentSize : 33 <-- 0.005224 s
currentSize : 35 <-- 0.005474 s
currentSize : 36 <-- 0.005677 s
currentSize : 37 <-- 0.005961 s
currentSize : 38 <-- 0.006059 s
currentSize : 39 <-- 0.006376 s
currentSize : 40 <-- 0.008666 s
currentSize : 41 <-- 70.051422 s
currentSize : 42 <-- 70.209427 s

TIMEOUT
maxsize : 42
nodes : 579423730.000000
filtered : 6737126732.000000
time : 3600.000000
