Parameters: GAD=1 vflib=1 dir=1 label=1 lowerbound=1 fileNameGp=../graphsdb/mcs50/rand/r005/mcs50_r005_s60.A40 fileNameGt=../graphsdb/mcs50/rand/r005/mcs50_r005_s60.B40
Reading graphs...
60 : 176
60 : 176
Initializing...
maxdom : 8
D->valSize : 266
Solving...
Blb : 2 (clique : 17)
currentSize : 17 <-- 0.001832 s
currentSize : 18 <-- 0.001952 s
currentSize : 19 <-- 0.005269 s
currentSize : 20 <-- 0.007203 s
currentSize : 21 <-- 0.150028 s
currentSize : 22 <-- 0.332788 s
currentSize : 23 <-- 0.549740 s
currentSize : 24 <-- 0.549791 s
currentSize : 25 <-- 0.550713 s
currentSize : 27 <-- 1.215807 s
currentSize : 30 <-- 2.275135 s

maxsize : 30
nodes : 647836.000000
filtered : 4673626.000000
time : 2.747169
