Parameters: GAD=1 vflib=1 dir=1 label=1 lowerbound=1 fileNameGp=../graphsdb/mcs50/bvg/b03m/mcs50_b03m_s60.A73 fileNameGt=../graphsdb/mcs50/bvg/b03m/mcs50_b03m_s60.B73
Reading graphs...
60 : 90
60 : 90
Initializing...
maxdom : 8
D->valSize : 263
Solving...
Blb : 2 (clique : 24)
currentSize : 24 <-- 0.002047 s
currentSize : 25 <-- 0.002957 s
currentSize : 26 <-- 0.367090 s
currentSize : 27 <-- 0.521311 s
currentSize : 28 <-- 3.931128 s
currentSize : 29 <-- 4.397601 s
currentSize : 30 <-- 7.782869 s
currentSize : 31 <-- 7.784793 s
currentSize : 32 <-- 7.814144 s
currentSize : 33 <-- 26.856516 s

maxsize : 33
nodes : 15962592.000000
filtered : 119260227.000000
time : 71.402763
