Parameters: GAD=1 vflib=1 dir=1 label=1 lowerbound=1 fileNameGp=../graphsdb/mcs50/m2D/m2D/mcs50_m2D_s90.A91 fileNameGt=../graphsdb/mcs50/m2D/m2D/mcs50_m2D_s90.B91
Reading graphs...
90 : 161
90 : 161
Initializing...
maxdom : 12
D->valSize : 574
Solving...
Blb : 2 (clique : 33)
currentSize : 33 <-- 0.010675 s
currentSize : 34 <-- 0.011486 s
currentSize : 35 <-- 0.022776 s
currentSize : 36 <-- 0.075507 s
currentSize : 37 <-- 1.988413 s
currentSize : 38 <-- 1.988539 s

TIMEOUT
maxsize : 38
nodes : 689803714.000000
filtered : 5275251801.000000
time : 3600.000000
