Parameters: GAD=1 vflib=1 dir=1 label=1 lowerbound=1 fileNameGp=../graphsdb/mcs50/m3D/m3D/mcs50_m3D_s60.A23 fileNameGt=../graphsdb/mcs50/m3D/m3D/mcs50_m3D_s60.B23
Reading graphs...
60 : 134
60 : 134
Initializing...
maxdom : 8
D->valSize : 256
Solving...
Blb : 2 (clique : 20)
currentSize : 20 <-- 0.002947 s
currentSize : 21 <-- 0.068146 s
currentSize : 22 <-- 0.881291 s
currentSize : 23 <-- 0.968410 s
currentSize : 24 <-- 0.968522 s
currentSize : 25 <-- 1.328963 s
currentSize : 26 <-- 2.912794 s
currentSize : 27 <-- 4.210306 s
currentSize : 28 <-- 4.210367 s
currentSize : 29 <-- 4.214598 s
currentSize : 30 <-- 9.948588 s

maxsize : 30
nodes : 5159898.000000
filtered : 24737397.000000
time : 19.322680
