Parameters: GAD=1 vflib=1 dir=1 label=1 lowerbound=1 fileNameGp=../graphsdb/mcs50/bvg/b09/mcs50_b09_s100.A78 fileNameGt=../graphsdb/mcs50/bvg/b09/mcs50_b09_s100.B78
Reading graphs...
100 : 450
100 : 450
Initializing...
maxdom : 7
D->valSize : 333
Solving...
Blb : 3 (clique : 43)
currentSize : 43 <-- 0.003514 s
currentSize : 44 <-- 8.375269 s
currentSize : 45 <-- 8.376198 s
currentSize : 48 <-- 117.431641 s
currentSize : 49 <-- 128.723083 s
currentSize : 50 <-- 128.723846 s

maxsize : 50
nodes : 41718407.000000
filtered : 230788195.000000
time : 233.809402
