Parameters: GAD=1 vflib=1 dir=1 label=1 lowerbound=1 fileNameGp=../graphsdb/mcs50/m3D/m3Dr4/mcs50_m3Dr4_s60.A16 fileNameGt=../graphsdb/mcs50/m3D/m3Dr4/mcs50_m3Dr4_s60.B16
Reading graphs...
60 : 158
60 : 157
Initializing...
maxdom : 6
D->valSize : 247
Solving...
Blb : 2 (clique : 24)
currentSize : 24 <-- 0.002015 s
currentSize : 25 <-- 0.002161 s
currentSize : 26 <-- 0.005877 s
currentSize : 27 <-- 0.006076 s
currentSize : 28 <-- 0.062628 s

maxsize : 28
nodes : 1814733.000000
filtered : 10158097.000000
time : 7.921207
