Parameters: GAD=1 vflib=1 dir=1 label=1 lowerbound=1 fileNameGp=../graphsdb/mcs50/bvg/b09/mcs50_b09_s100.A73 fileNameGt=../graphsdb/mcs50/bvg/b09/mcs50_b09_s100.B73
Reading graphs...
100 : 450
100 : 450
Initializing...
maxdom : 7
D->valSize : 361
Solving...
Blb : 2 (clique : 23)
currentSize : 23 <-- 0.003605 s
currentSize : 25 <-- 0.008520 s
currentSize : 26 <-- 0.010657 s
currentSize : 27 <-- 0.041660 s
currentSize : 28 <-- 0.058347 s
currentSize : 29 <-- 0.061046 s
currentSize : 30 <-- 0.220198 s
currentSize : 31 <-- 0.225621 s
currentSize : 32 <-- 0.253451 s
currentSize : 33 <-- 0.286351 s
currentSize : 34 <-- 44.240776 s
currentSize : 35 <-- 69.547707 s
currentSize : 38 <-- 94.677460 s
currentSize : 39 <-- 94.677658 s
currentSize : 40 <-- 298.170868 s
currentSize : 41 <-- 298.189789 s
currentSize : 42 <-- 311.252991 s
currentSize : 47 <-- 312.702728 s
currentSize : 49 <-- 312.702850 s
currentSize : 50 <-- 312.703674 s
currentSize : 51 <-- 312.781586 s

maxsize : 51
nodes : 91767478.000000
filtered : 440521437.000000
time : 493.044952
