Parameters: GAD=1 vflib=1 dir=1 label=1 lowerbound=1 fileNameGp=../graphsdb/mcs50/bvg/b03m/mcs50_b03m_s60.A75 fileNameGt=../graphsdb/mcs50/bvg/b03m/mcs50_b03m_s60.B75
Reading graphs...
60 : 90
60 : 90
Initializing...
maxdom : 7
D->valSize : 248
Solving...
Blb : 2 (clique : 24)
currentSize : 24 <-- 0.002197 s
currentSize : 25 <-- 0.002387 s
currentSize : 26 <-- 0.002569 s
currentSize : 27 <-- 0.029778 s
currentSize : 28 <-- 0.338682 s
currentSize : 29 <-- 0.911459 s
currentSize : 30 <-- 1.032802 s
currentSize : 31 <-- 1.032857 s
currentSize : 32 <-- 1.232763 s
currentSize : 33 <-- 14.975808 s
currentSize : 34 <-- 25.214443 s

maxsize : 34
nodes : 6781988.000000
filtered : 34622778.000000
time : 28.070168
