Parameters: GAD=1 vflib=1 dir=1 label=1 lowerbound=1 fileNameGp=../graphsdb/mcs50/rand/r005/mcs50_r005_s90.A81 fileNameGt=../graphsdb/mcs50/rand/r005/mcs50_r005_s90.B81
Reading graphs...
90 : 399
90 : 399
Initializing...
maxdom : 9
D->valSize : 572
Solving...
Blb : 2 (clique : 22)
currentSize : 22 <-- 0.006467 s
currentSize : 23 <-- 0.088764 s
currentSize : 24 <-- 0.091006 s
currentSize : 25 <-- 5.032956 s
currentSize : 26 <-- 5.044163 s
currentSize : 27 <-- 22.513983 s
currentSize : 28 <-- 22.536280 s
currentSize : 29 <-- 201.880325 s
currentSize : 30 <-- 305.013977 s
currentSize : 31 <-- 370.941803 s
currentSize : 32 <-- 641.141418 s
currentSize : 33 <-- 641.141541 s
currentSize : 36 <-- 826.444397 s
currentSize : 37 <-- 826.444580 s
currentSize : 39 <-- 910.989075 s
currentSize : 40 <-- 962.401794 s
currentSize : 41 <-- 962.401978 s
currentSize : 42 <-- 986.877808 s
currentSize : 45 <-- 1104.812622 s

maxsize : 45
nodes : 184811992.000000
filtered : 2465941204.000000
time : 1201.304321
