Parameters: GAD=1 vflib=1 dir=1 label=1 lowerbound=1 fileNameGp=../graphsdb/mcs50/bvg/b09/mcs50_b09_s90.A64 fileNameGt=../graphsdb/mcs50/bvg/b09/mcs50_b09_s90.B64
Reading graphs...
90 : 405
90 : 405
Initializing...
maxdom : 9
D->valSize : 530
Solving...
Blb : 2 (clique : 34)
currentSize : 34 <-- 0.007023 s
currentSize : 36 <-- 0.007439 s
currentSize : 38 <-- 0.007506 s
currentSize : 39 <-- 0.023730 s
currentSize : 42 <-- 0.216117 s
currentSize : 43 <-- 0.224666 s
currentSize : 44 <-- 0.942010 s

maxsize : 44
nodes : 239152216.000000
filtered : 1566919669.000000
time : 1260.416870
