Parameters: GAD=1 vflib=1 dir=1 label=1 lowerbound=1 fileNameGp=../graphsdb/mcs50/m3D/m3Dr6/mcs50_m3Dr6_s50.A14 fileNameGt=../graphsdb/mcs50/m3D/m3Dr6/mcs50_m3Dr6_s50.B14
Reading graphs...
50 : 139
50 : 138
Initializing...
maxdom : 8
D->valSize : 314
Solving...
Blb : 2 (clique : 15)
currentSize : 15 <-- 0.002590 s
currentSize : 16 <-- 0.003661 s
currentSize : 17 <-- 0.012184 s
currentSize : 18 <-- 0.032565 s
currentSize : 19 <-- 0.033408 s
currentSize : 20 <-- 0.142689 s
currentSize : 21 <-- 0.279697 s
currentSize : 22 <-- 0.658981 s
currentSize : 24 <-- 1.058956 s
currentSize : 25 <-- 1.445166 s
currentSize : 26 <-- 1.445229 s
currentSize : 27 <-- 2.713534 s

maxsize : 27
nodes : 722023.000000
filtered : 11793924.000000
time : 3.643817
