Parameters: GAD=1 vflib=1 dir=1 label=1 lowerbound=1 fileNameGp=../graphsdb/mcs50/bvg/b06m/mcs50_b06m_s80.A01 fileNameGt=../graphsdb/mcs50/bvg/b06m/mcs50_b06m_s80.B01
Reading graphs...
80 : 240
80 : 240
Initializing...
maxdom : 9
D->valSize : 443
Solving...
Blb : 2 (clique : 33)
currentSize : 33 <-- 0.004623 s
currentSize : 34 <-- 0.005601 s
currentSize : 36 <-- 0.006562 s
currentSize : 37 <-- 31.204384 s
currentSize : 38 <-- 105.924347 s
currentSize : 39 <-- 252.185623 s
currentSize : 40 <-- 252.360687 s

maxsize : 40
nodes : 342064188.000000
filtered : 2200623285.000000
time : 1735.133423
