Parameters: GAD=1 vflib=1 dir=1 label=1 lowerbound=1 fileNameGp=../graphsdb/mcs50/m2D/m2Dr4/mcs50_m2Dr4_s80.A59 fileNameGt=../graphsdb/mcs50/m2D/m2Dr4/mcs50_m2Dr4_s80.B59
Reading graphs...
80 : 174
80 : 173
Initializing...
maxdom : 8
D->valSize : 435
Solving...
Blb : 2 (clique : 32)
currentSize : 32 <-- 0.007199 s
currentSize : 33 <-- 0.500967 s
currentSize : 34 <-- 0.502806 s
currentSize : 35 <-- 1111.865356 s
currentSize : 36 <-- 1111.889526 s
currentSize : 37 <-- 1111.935181 s
currentSize : 38 <-- 1111.983032 s
currentSize : 39 <-- 1209.302490 s
currentSize : 40 <-- 1940.698853 s
currentSize : 41 <-- 1941.186523 s

TIMEOUT
maxsize : 41
nodes : 634685277.000000
filtered : 6748203833.000000
time : 3600.000000
