Parameters: GAD=1 vflib=1 dir=1 label=1 lowerbound=1 fileNameGp=../graphsdb/mcs50/rand/r01/mcs50_r01_s25.A45 fileNameGt=../graphsdb/mcs50/rand/r01/mcs50_r01_s25.B45
Reading graphs...
25 : 59
25 : 59
Initializing...
maxdom : 9
D->valSize : 165
Solving...
Blb : 2 (clique : 8)
currentSize : 8 <-- 0.000924 s
currentSize : 9 <-- 0.001131 s
currentSize : 10 <-- 0.001166 s
currentSize : 11 <-- 0.004977 s
currentSize : 12 <-- 0.012414 s

maxsize : 12
nodes : 4569.000000
filtered : 66809.000000
time : 0.018750
