Parameters: GAD=1 vflib=1 dir=1 label=1 lowerbound=1 fileNameGp=../graphsdb/mcs50/m2D/m2Dr6/mcs50_m2Dr6_s70.A14 fileNameGt=../graphsdb/mcs50/m2D/m2Dr6/mcs50_m2Dr6_s70.B14
Reading graphs...
70 : 165
70 : 164
Initializing...
maxdom : 8
D->valSize : 365
Solving...
Blb : 3 (clique : 22)
currentSize : 22 <-- 0.005123 s
currentSize : 23 <-- 0.464739 s
currentSize : 24 <-- 0.465013 s
currentSize : 28 <-- 7.541058 s
currentSize : 29 <-- 63.220589 s
currentSize : 30 <-- 124.189560 s
currentSize : 31 <-- 231.399673 s
currentSize : 32 <-- 231.399887 s
currentSize : 33 <-- 324.744537 s
currentSize : 34 <-- 324.744781 s
currentSize : 35 <-- 355.559357 s
currentSize : 36 <-- 439.277130 s

maxsize : 36
nodes : 113752370.000000
filtered : 1076898018.000000
time : 565.811584
