Parameters: GAD=1 vflib=1 dir=1 label=1 lowerbound=1 fileNameGp=../graphsdb/mcs50/bvg/b06/mcs50_b06_s35.A64 fileNameGt=../graphsdb/mcs50/bvg/b06/mcs50_b06_s35.B64
Reading graphs...
35 : 105
35 : 105
Initializing...
maxdom : 10
D->valSize : 190
Solving...
Blb : 2 (clique : 12)
currentSize : 12 <-- 0.000979 s
currentSize : 13 <-- 0.009702 s
currentSize : 14 <-- 0.010883 s
currentSize : 15 <-- 0.014879 s
currentSize : 17 <-- 0.026958 s

maxsize : 17
nodes : 9482.000000
filtered : 110758.000000
time : 0.035573
