Parameters: GAD=1 vflib=1 dir=1 label=1 lowerbound=1 fileNameGp=../graphsdb/mcs50/rand/r005/mcs50_r005_s60.A42 fileNameGt=../graphsdb/mcs50/rand/r005/mcs50_r005_s60.B42
Reading graphs...
60 : 176
60 : 176
Initializing...
maxdom : 7
D->valSize : 240
Solving...
Blb : 2 (clique : 23)
currentSize : 23 <-- 0.002600 s
currentSize : 24 <-- 0.002924 s
currentSize : 25 <-- 0.003389 s
currentSize : 26 <-- 0.013954 s
currentSize : 27 <-- 0.014559 s
currentSize : 28 <-- 0.014777 s
currentSize : 29 <-- 0.768862 s
currentSize : 31 <-- 0.772549 s

maxsize : 31
nodes : 300221.000000
filtered : 2401566.000000
time : 1.423216
