Parameters: GAD=1 vflib=1 dir=1 label=1 lowerbound=1 fileNameGp=../graphsdb/mcs50/rand/r02/mcs50_r02_s100.A39 fileNameGt=../graphsdb/mcs50/rand/r02/mcs50_r02_s100.B39
Reading graphs...
100 : 1979
100 : 1979
Initializing...
maxdom : 7
D->valSize : 352
Solving...
Blb : 2 (clique : 9)
currentSize : 9 <-- 0.003204 s
currentSize : 15 <-- 0.003400 s
currentSize : 18 <-- 0.003827 s
currentSize : 28 <-- 0.003992 s
currentSize : 29 <-- 0.016029 s
currentSize : 50 <-- 0.016306 s

maxsize : 50
nodes : 3784.000000
filtered : 77709.000000
time : 0.030428
