Parameters: GAD=1 vflib=1 dir=1 label=1 lowerbound=1 fileNameGp=../graphsdb/mcs50/bvg/b09/mcs50_b09_s40.A36 fileNameGt=../graphsdb/mcs50/bvg/b09/mcs50_b09_s40.B36
Reading graphs...
40 : 180
40 : 180
Initializing...
maxdom : 8
D->valSize : 215
Solving...
Blb : 3 (clique : 14)
currentSize : 14 <-- 0.001247 s
currentSize : 15 <-- 0.011279 s
currentSize : 16 <-- 0.012434 s
currentSize : 17 <-- 0.017685 s
currentSize : 18 <-- 0.028238 s
currentSize : 20 <-- 0.028276 s

maxsize : 20
nodes : 12240.000000
filtered : 151938.000000
time : 0.049900
