Parameters: GAD=1 vflib=1 dir=1 label=1 lowerbound=1 fileNameGp=../graphsdb/mcs50/bvg/b06m/mcs50_b06m_s100.A85 fileNameGt=../graphsdb/mcs50/bvg/b06m/mcs50_b06m_s100.B85
Reading graphs...
100 : 300
100 : 300
Initializing...
maxdom : 6
D->valSize : 373
Solving...
Blb : 3 (clique : 43)
currentSize : 43 <-- 0.003817 s
currentSize : 44 <-- 0.016707 s
currentSize : 46 <-- 0.114147 s
currentSize : 47 <-- 0.114638 s
currentSize : 48 <-- 1.021214 s
currentSize : 49 <-- 483.660828 s
currentSize : 50 <-- 483.661469 s
currentSize : 51 <-- 484.375793 s
currentSize : 52 <-- 1300.434448 s

maxsize : 52
nodes : 470874068.000000
filtered : 2147712045.000000
time : 2577.619629
