Parameters: GAD=1 vflib=1 dir=1 label=1 lowerbound=1 fileNameGp=../graphsdb/mcs50/rand/r001/mcs50_r001_s100.A40 fileNameGt=../graphsdb/mcs50/rand/r001/mcs50_r001_s100.B40
Reading graphs...
100 : 124
100 : 124
Initializing...
maxdom : 9
D->valSize : 379
Solving...
Blb : 2 (clique : 48)
currentSize : 48 <-- 0.006991 s
currentSize : 49 <-- 0.007621 s
currentSize : 50 <-- 0.007850 s
currentSize : 51 <-- 0.026684 s
currentSize : 52 <-- 0.104631 s
currentSize : 53 <-- 7.679529 s
currentSize : 54 <-- 2278.960693 s

TIMEOUT
maxsize : 54
nodes : 697247565.000000
filtered : 2661729598.000000
time : 3600.000000
