Parameters: GAD=1 vflib=1 dir=1 label=1 lowerbound=1 fileNameGp=../graphsdb/mcs50/m2D/m2Dr4/mcs50_m2Dr4_s70.A30 fileNameGt=../graphsdb/mcs50/m2D/m2Dr4/mcs50_m2Dr4_s70.B30
Reading graphs...
70 : 151
70 : 150
Initializing...
maxdom : 8
D->valSize : 314
Solving...
Blb : 3 (clique : 25)
currentSize : 25 <-- 0.002633 s
currentSize : 26 <-- 0.554481 s
currentSize : 27 <-- 4.264345 s
currentSize : 28 <-- 7.024102 s
currentSize : 29 <-- 25.605366 s
currentSize : 30 <-- 32.901691 s
currentSize : 31 <-- 32.901798 s
currentSize : 32 <-- 201.760391 s
currentSize : 33 <-- 555.061401 s
currentSize : 34 <-- 555.216797 s
currentSize : 36 <-- 555.662354 s
currentSize : 37 <-- 555.662598 s

maxsize : 37
nodes : 141003457.000000
filtered : 1119724037.000000
time : 693.608093
