Parameters: GAD=1 vflib=1 dir=1 label=1 lowerbound=1 fileNameGp=../graphsdb/mcs50/m2D/m2D/mcs50_m2D_s60.A02 fileNameGt=../graphsdb/mcs50/m2D/m2D/mcs50_m2D_s60.B02
Reading graphs...
60 : 104
60 : 104
Initializing...
maxdom : 8
D->valSize : 254
Solving...
Blb : 2 (clique : 27)
currentSize : 27 <-- 0.002978 s
currentSize : 28 <-- 0.003234 s
currentSize : 29 <-- 0.003717 s
currentSize : 30 <-- 0.004256 s
currentSize : 31 <-- 0.004694 s

maxsize : 31
nodes : 30316198.000000
filtered : 218643097.000000
time : 133.661438
