Parameters: GAD=1 vflib=1 dir=1 label=1 lowerbound=1 fileNameGp=../graphsdb/mcs50/rand/r005/mcs50_r005_s100.A60 fileNameGt=../graphsdb/mcs50/rand/r005/mcs50_r005_s100.B60
Reading graphs...
100 : 494
100 : 494
Initializing...
maxdom : 6
D->valSize : 329
Solving...
Blb : 2 (clique : 31)
currentSize : 31 <-- 0.003295 s
currentSize : 32 <-- 0.003601 s
currentSize : 34 <-- 0.003724 s
currentSize : 35 <-- 0.004083 s
currentSize : 36 <-- 0.004519 s
currentSize : 39 <-- 0.004644 s
currentSize : 41 <-- 0.004830 s
currentSize : 45 <-- 0.008503 s
currentSize : 50 <-- 0.019054 s

maxsize : 50
nodes : 2647376.000000
filtered : 21575383.000000
time : 17.042980
