Parameters: GAD=1 vflib=1 dir=1 label=1 lowerbound=1 fileNameGp=../graphsdb/mcs50/bvg/b09m/mcs50_b09m_s80.A90 fileNameGt=../graphsdb/mcs50/bvg/b09m/mcs50_b09m_s80.B90
Reading graphs...
80 : 360
80 : 360
Initializing...
maxdom : 9
D->valSize : 427
Solving...
Blb : 3 (clique : 29)
currentSize : 29 <-- 0.004382 s
currentSize : 30 <-- 2.717582 s
currentSize : 31 <-- 7.999107 s
currentSize : 32 <-- 20.725584 s
currentSize : 33 <-- 39.009659 s
currentSize : 35 <-- 99.452751 s
currentSize : 36 <-- 99.454048 s
currentSize : 37 <-- 99.454277 s
currentSize : 38 <-- 99.454384 s
currentSize : 39 <-- 99.454506 s
currentSize : 40 <-- 99.467438 s

maxsize : 40
nodes : 32392439.000000
filtered : 233845828.000000
time : 159.726089
