Parameters: GAD=1 vflib=1 dir=1 label=1 lowerbound=1 fileNameGp=../graphsdb/mcs50/rand/r005/mcs50_r005_s40.A79 fileNameGt=../graphsdb/mcs50/rand/r005/mcs50_r005_s40.B79
Reading graphs...
40 : 78
40 : 78
Initializing...
maxdom : 9
D->valSize : 230
Solving...
Blb : 2 (clique : 12)
currentSize : 12 <-- 0.002103 s
currentSize : 13 <-- 0.002264 s
currentSize : 14 <-- 0.003180 s
currentSize : 15 <-- 0.058947 s
currentSize : 16 <-- 0.271324 s
currentSize : 17 <-- 0.308034 s
currentSize : 18 <-- 2.085848 s
currentSize : 20 <-- 2.086095 s

maxsize : 20
nodes : 575314.000000
filtered : 6739993.000000
time : 2.301059
