Parameters: GAD=1 vflib=1 dir=1 label=1 lowerbound=1 fileNameGp=../graphsdb/mcs50/bvg/b03/mcs50_b03_s90.A58 fileNameGt=../graphsdb/mcs50/bvg/b03/mcs50_b03_s90.B58
Reading graphs...
90 : 135
90 : 135
Initializing...
maxdom : 9
D->valSize : 545
Solving...
Blb : 2 (clique : 38)
currentSize : 38 <-- 0.006519 s
currentSize : 41 <-- 0.006828 s
currentSize : 42 <-- 0.006905 s
currentSize : 43 <-- 0.009134 s
currentSize : 44 <-- 0.016758 s
currentSize : 45 <-- 1.579277 s
currentSize : 46 <-- 1.583846 s
currentSize : 47 <-- 1.620736 s
currentSize : 48 <-- 4.453029 s
currentSize : 49 <-- 10.690661 s

TIMEOUT
maxsize : 49
nodes : 710709456.000000
filtered : 4965714368.000000
time : 3600.000000
