Parameters: GAD=1 vflib=1 dir=1 label=1 lowerbound=1 fileNameGp=../graphsdb/mcs50/bvg/b06/mcs50_b06_s80.A91 fileNameGt=../graphsdb/mcs50/bvg/b06/mcs50_b06_s80.B91
Reading graphs...
80 : 240
80 : 240
Initializing...
maxdom : 8
D->valSize : 424
Solving...
Blb : 2 (clique : 23)
currentSize : 23 <-- 0.007431 s
currentSize : 25 <-- 0.007720 s
currentSize : 26 <-- 0.008201 s
currentSize : 27 <-- 0.017943 s
currentSize : 28 <-- 0.112750 s
currentSize : 29 <-- 5.979362 s
currentSize : 30 <-- 52.800179 s
currentSize : 31 <-- 89.553299 s
currentSize : 32 <-- 96.545570 s
currentSize : 33 <-- 96.548225 s
currentSize : 34 <-- 96.670311 s
currentSize : 35 <-- 327.173615 s
currentSize : 36 <-- 327.179474 s
currentSize : 37 <-- 437.716431 s
currentSize : 38 <-- 437.719452 s
currentSize : 39 <-- 530.269165 s
currentSize : 40 <-- 777.428711 s
currentSize : 41 <-- 777.428894 s

TIMEOUT
maxsize : 41
nodes : 695354711.000000
filtered : 6111046617.000000
time : 3600.000000
