Parameters: GAD=1 vflib=1 dir=1 label=1 lowerbound=1 fileNameGp=../graphsdb/mcs50/bvg/b09/mcs50_b09_s40.A81 fileNameGt=../graphsdb/mcs50/bvg/b09/mcs50_b09_s40.B81
Reading graphs...
40 : 180
40 : 180
Initializing...
maxdom : 7
D->valSize : 213
Solving...
Blb : 2 (clique : 14)
currentSize : 14 <-- 0.001149 s
currentSize : 16 <-- 0.001445 s
currentSize : 17 <-- 0.001482 s
currentSize : 18 <-- 0.004866 s
currentSize : 19 <-- 0.007458 s
currentSize : 20 <-- 0.009008 s
currentSize : 21 <-- 0.012424 s

maxsize : 21
nodes : 5671.000000
filtered : 58697.000000
time : 0.021265
