Parameters: GAD=1 vflib=1 dir=1 label=1 lowerbound=1 fileNameGp=../graphsdb/mcs50/bvg/b03/mcs50_b03_s90.A11 fileNameGt=../graphsdb/mcs50/bvg/b03/mcs50_b03_s90.B11
Reading graphs...
90 : 135
90 : 135
Initializing...
maxdom : 9
D->valSize : 533
Solving...
Blb : 2 (clique : 42)
currentSize : 42 <-- 0.006315 s
currentSize : 43 <-- 0.006775 s
currentSize : 44 <-- 0.008978 s
currentSize : 45 <-- 0.076080 s
currentSize : 46 <-- 0.090763 s
currentSize : 47 <-- 3.868510 s

TIMEOUT
maxsize : 47
nodes : 635605330.000000
filtered : 5020173948.000000
time : 3600.000000
