Parameters: GAD=1 vflib=1 dir=1 label=1 lowerbound=1 fileNameGp=../graphsdb/mcs50/bvg/b09m/mcs50_b09m_s35.A48 fileNameGt=../graphsdb/mcs50/bvg/b09m/mcs50_b09m_s35.B48
Reading graphs...
35 : 157
35 : 157
Initializing...
maxdom : 9
D->valSize : 181
Solving...
Blb : 5 (clique : 9)
currentSize : 9 <-- 0.001098 s
currentSize : 10 <-- 0.001284 s
currentSize : 12 <-- 0.003313 s
currentSize : 13 <-- 0.003403 s
currentSize : 14 <-- 0.011654 s
currentSize : 15 <-- 0.017788 s
currentSize : 16 <-- 0.017887 s

maxsize : 16
nodes : 5002.000000
filtered : 88790.000000
time : 0.021104
