Parameters: GAD=1 vflib=1 dir=1 label=1 lowerbound=1 fileNameGp=../graphsdb/mcs50/m3D/m3Dr6/mcs50_m3Dr6_s50.A97 fileNameGt=../graphsdb/mcs50/m3D/m3Dr6/mcs50_m3Dr6_s50.B97
Reading graphs...
50 : 139
50 : 137
Initializing...
maxdom : 12
D->valSize : 352
Solving...
Blb : 2 (clique : 16)
currentSize : 16 <-- 0.004111 s
currentSize : 17 <-- 0.060992 s
currentSize : 18 <-- 0.240131 s
currentSize : 19 <-- 0.529764 s
currentSize : 20 <-- 0.530244 s
currentSize : 21 <-- 0.534019 s
currentSize : 23 <-- 1.002695 s
currentSize : 24 <-- 1.026746 s
currentSize : 25 <-- 1.739002 s
currentSize : 26 <-- 3.427551 s
currentSize : 27 <-- 4.184663 s

maxsize : 27
nodes : 1174705.000000
filtered : 15271551.000000
time : 5.510458
