Parameters: GAD=1 vflib=1 dir=1 label=1 lowerbound=1 fileNameGp=../graphsdb/mcs50/m2D/m2Dr6/mcs50_m2Dr6_s100.A63 fileNameGt=../graphsdb/mcs50/m2D/m2Dr6/mcs50_m2Dr6_s100.B63
Reading graphs...
100 : 240
100 : 239
Initializing...
maxdom : 7
D->valSize : 357
Solving...
Blb : 2 (clique : 37)
currentSize : 37 <-- 0.004240 s
currentSize : 38 <-- 0.004702 s
currentSize : 39 <-- 0.004937 s
currentSize : 40 <-- 0.005326 s
currentSize : 41 <-- 0.020832 s
currentSize : 43 <-- 0.021072 s
currentSize : 44 <-- 0.021625 s
currentSize : 45 <-- 0.023626 s
currentSize : 46 <-- 0.024548 s
currentSize : 47 <-- 0.225080 s
currentSize : 48 <-- 0.225216 s
currentSize : 49 <-- 0.226824 s
currentSize : 50 <-- 0.226992 s

TIMEOUT
maxsize : 50
nodes : 754179266.000000
filtered : 2559917779.000000
time : 3600.000000
