Parameters: GAD=1 vflib=1 dir=1 label=1 lowerbound=1 fileNameGp=../graphsdb/mcs50/bvg/b03/mcs50_b03_s90.A13 fileNameGt=../graphsdb/mcs50/bvg/b03/mcs50_b03_s90.B13
Reading graphs...
90 : 135
90 : 135
Initializing...
maxdom : 12
D->valSize : 523
Solving...
Blb : 2 (clique : 44)
currentSize : 44 <-- 0.006067 s
currentSize : 45 <-- 0.006471 s
currentSize : 46 <-- 0.016352 s
currentSize : 47 <-- 0.016478 s
currentSize : 48 <-- 0.016718 s
currentSize : 49 <-- 0.026968 s
currentSize : 50 <-- 0.027770 s
currentSize : 51 <-- 0.040667 s
currentSize : 52 <-- 2048.379639 s

TIMEOUT
maxsize : 52
nodes : 592272489.000000
filtered : 5032227441.000000
time : 3600.000000
