Parameters: GAD=1 vflib=1 dir=1 label=1 lowerbound=1 fileNameGp=../graphsdb/mcs50/bvg/b09m/mcs50_b09m_s80.A30 fileNameGt=../graphsdb/mcs50/bvg/b09m/mcs50_b09m_s80.B30
Reading graphs...
80 : 360
80 : 360
Initializing...
maxdom : 8
D->valSize : 423
Solving...
Blb : 3 (clique : 25)
currentSize : 25 <-- 0.004183 s
currentSize : 26 <-- 0.030326 s
currentSize : 27 <-- 0.030483 s
currentSize : 29 <-- 0.030636 s
currentSize : 30 <-- 0.030996 s
currentSize : 31 <-- 0.163510 s
currentSize : 32 <-- 0.163621 s
currentSize : 33 <-- 0.175961 s
currentSize : 34 <-- 0.301052 s
currentSize : 35 <-- 0.305761 s
currentSize : 36 <-- 0.362619 s
currentSize : 38 <-- 0.420907 s
currentSize : 39 <-- 0.422300 s
currentSize : 40 <-- 1.734282 s

maxsize : 40
nodes : 26067109.000000
filtered : 151718119.000000
time : 127.058846
