Parameters: GAD=1 vflib=1 dir=1 label=1 lowerbound=1 fileNameGp=../graphsdb/mcs50/bvg/b06m/mcs50_b06m_s25.A63 fileNameGt=../graphsdb/mcs50/bvg/b06m/mcs50_b06m_s25.B63
Reading graphs...
25 : 75
25 : 75
Initializing...
maxdom : 7
D->valSize : 160
Solving...
Blb : 2 (clique : 7)
currentSize : 7 <-- 0.001089 s
currentSize : 8 <-- 0.001156 s
currentSize : 9 <-- 0.001418 s
currentSize : 10 <-- 0.003674 s
currentSize : 11 <-- 0.003696 s
currentSize : 12 <-- 0.004075 s

maxsize : 12
nodes : 3263.000000
filtered : 42468.000000
time : 0.017296
