Parameters: GAD=1 vflib=1 dir=1 label=1 lowerbound=1 fileNameGp=../graphsdb/mcs50/bvg/b06/mcs50_b06_s70.A12 fileNameGt=../graphsdb/mcs50/bvg/b06/mcs50_b06_s70.B12
Reading graphs...
70 : 210
70 : 210
Initializing...
maxdom : 8
D->valSize : 360
Solving...
Blb : 2 (clique : 21)
currentSize : 21 <-- 0.003089 s
currentSize : 22 <-- 0.026536 s
currentSize : 23 <-- 0.037921 s
currentSize : 24 <-- 0.518921 s
currentSize : 25 <-- 0.586279 s
currentSize : 26 <-- 1.736100 s
currentSize : 27 <-- 2.413144 s
currentSize : 29 <-- 2.413241 s
currentSize : 30 <-- 2.787144 s
currentSize : 31 <-- 29.270805 s
currentSize : 32 <-- 29.270964 s
currentSize : 33 <-- 29.271280 s
currentSize : 34 <-- 29.624245 s
currentSize : 35 <-- 29.624510 s

maxsize : 35
nodes : 26744459.000000
filtered : 207222787.000000
time : 131.338455
