Parameters: GAD=1 vflib=1 dir=1 label=1 lowerbound=1 fileNameGp=../graphsdb/mcs50/bvg/b06/mcs50_b06_s40.A41 fileNameGt=../graphsdb/mcs50/bvg/b06/mcs50_b06_s40.B41
Reading graphs...
40 : 120
40 : 120
Initializing...
maxdom : 10
D->valSize : 246
Solving...
Blb : 2 (clique : 15)
currentSize : 15 <-- 0.001443 s
currentSize : 17 <-- 0.001565 s
currentSize : 18 <-- 0.018562 s
currentSize : 19 <-- 0.118897 s
currentSize : 20 <-- 0.121099 s
currentSize : 21 <-- 0.166362 s

maxsize : 21
nodes : 43607.000000
filtered : 548683.000000
time : 0.183038
