Parameters: GAD=1 vflib=1 dir=1 label=1 lowerbound=1 fileNameGp=../graphsdb/mcs50/bvg/b09/mcs50_b09_s90.A52 fileNameGt=../graphsdb/mcs50/bvg/b09/mcs50_b09_s90.B52
Reading graphs...
90 : 405
90 : 405
Initializing...
maxdom : 10
D->valSize : 559
Solving...
Blb : 2 (clique : 27)
currentSize : 27 <-- 0.010584 s
currentSize : 30 <-- 0.017019 s
currentSize : 31 <-- 0.017433 s
currentSize : 36 <-- 0.075298 s
currentSize : 37 <-- 0.075873 s
currentSize : 38 <-- 0.193112 s
currentSize : 39 <-- 0.193195 s
currentSize : 40 <-- 2.413549 s
currentSize : 41 <-- 2.454936 s
currentSize : 43 <-- 266.223450 s
currentSize : 44 <-- 266.539398 s
currentSize : 45 <-- 780.813721 s

maxsize : 45
nodes : 279070679.000000
filtered : 2058643936.000000
time : 1551.485352
