Parameters: GAD=1 vflib=1 dir=1 label=1 lowerbound=1 fileNameGp=../graphsdb/mcs50/m2D/m2Dr2/mcs50_m2Dr2_s50.A59 fileNameGt=../graphsdb/mcs50/m2D/m2Dr2/mcs50_m2Dr2_s50.B59
Reading graphs...
50 : 95
50 : 94
Initializing...
maxdom : 12
D->valSize : 355
Solving...
Blb : 2 (clique : 20)
currentSize : 20 <-- 0.004374 s
currentSize : 21 <-- 0.005394 s
currentSize : 22 <-- 0.032325 s
currentSize : 23 <-- 0.072438 s
currentSize : 24 <-- 0.510195 s
currentSize : 25 <-- 3.587864 s
currentSize : 26 <-- 24.548866 s
currentSize : 27 <-- 24.590317 s

maxsize : 27
nodes : 11932602.000000
filtered : 185575165.000000
time : 64.200134
