Parameters: GAD=1 vflib=1 dir=1 label=1 lowerbound=1 fileNameGp=../graphsdb/mcs50/bvg/b09/mcs50_b09_s40.A72 fileNameGt=../graphsdb/mcs50/bvg/b09/mcs50_b09_s40.B72
Reading graphs...
40 : 180
40 : 180
Initializing...
maxdom : 8
D->valSize : 201
Solving...
Blb : 2 (clique : 11)
currentSize : 11 <-- 0.001167 s
currentSize : 16 <-- 0.004983 s
currentSize : 17 <-- 0.012036 s
currentSize : 18 <-- 0.023418 s
currentSize : 19 <-- 0.024615 s
currentSize : 20 <-- 0.024677 s

maxsize : 20
nodes : 8631.000000
filtered : 106418.000000
time : 0.035523
