Parameters: GAD=1 vflib=1 dir=1 label=1 lowerbound=1 fileNameGp=../graphsdb/mcs50/m3D/m3Dr4/mcs50_m3Dr4_s60.A59 fileNameGt=../graphsdb/mcs50/m3D/m3Dr4/mcs50_m3Dr4_s60.B59
Reading graphs...
60 : 158
60 : 156
Initializing...
maxdom : 8
D->valSize : 238
Solving...
Blb : 2 (clique : 18)
currentSize : 18 <-- 0.002666 s
currentSize : 19 <-- 0.002852 s
currentSize : 20 <-- 0.004844 s
currentSize : 21 <-- 0.087562 s
currentSize : 22 <-- 0.206237 s
currentSize : 23 <-- 0.675951 s
currentSize : 24 <-- 2.564129 s
currentSize : 25 <-- 4.097070 s
currentSize : 26 <-- 8.745316 s
currentSize : 27 <-- 17.075245 s
currentSize : 28 <-- 17.082756 s

maxsize : 28
nodes : 8940472.000000
filtered : 47997836.000000
time : 36.105896
