Parameters: GAD=1 vflib=1 dir=1 label=1 lowerbound=1 fileNameGp=../graphsdb/mcs50/bvg/b06/mcs50_b06_s80.A04 fileNameGt=../graphsdb/mcs50/bvg/b06/mcs50_b06_s80.B04
Reading graphs...
80 : 240
80 : 240
Initializing...
maxdom : 9
D->valSize : 422
Solving...
Blb : 5 (clique : 28)
currentSize : 28 <-- 0.004059 s
currentSize : 29 <-- 0.230634 s
currentSize : 30 <-- 1.241137 s
currentSize : 31 <-- 101.505058 s
currentSize : 32 <-- 101.511703 s
currentSize : 33 <-- 102.741646 s
currentSize : 34 <-- 110.222420 s
currentSize : 35 <-- 115.315765 s
currentSize : 36 <-- 176.550720 s
currentSize : 38 <-- 215.438614 s
currentSize : 39 <-- 277.852905 s
currentSize : 40 <-- 277.853180 s
currentSize : 41 <-- 277.854584 s
currentSize : 42 <-- 278.474152 s

maxsize : 42
nodes : 105133928.000000
filtered : 881345642.000000
time : 550.987549
