Parameters: GAD=1 vflib=1 dir=1 label=1 lowerbound=1 fileNameGp=../graphsdb/mcs50/bvg/b09m/mcs50_b09m_s60.A72 fileNameGt=../graphsdb/mcs50/bvg/b09m/mcs50_b09m_s60.B72
Reading graphs...
60 : 270
60 : 270
Initializing...
maxdom : 6
D->valSize : 253
Solving...
Blb : 2 (clique : 12)
currentSize : 12 <-- 0.001768 s
currentSize : 13 <-- 0.001941 s
currentSize : 14 <-- 0.002203 s
currentSize : 15 <-- 0.002344 s
currentSize : 16 <-- 0.002645 s
currentSize : 17 <-- 0.003521 s
currentSize : 20 <-- 0.020559 s
currentSize : 21 <-- 0.020678 s
currentSize : 22 <-- 0.034409 s
currentSize : 24 <-- 0.034520 s
currentSize : 25 <-- 0.034643 s
currentSize : 26 <-- 0.071489 s
currentSize : 27 <-- 0.071751 s
currentSize : 28 <-- 0.352892 s
currentSize : 30 <-- 0.434212 s

maxsize : 30
nodes : 192935.000000
filtered : 1071587.000000
time : 0.784988
