Parameters: GAD=1 vflib=1 dir=1 label=1 lowerbound=1 fileNameGp=../graphsdb/mcs50/bvg/b03m/mcs50_b03m_s40.A00 fileNameGt=../graphsdb/mcs50/bvg/b03m/mcs50_b03m_s40.B00
Reading graphs...
40 : 60
40 : 60
Initializing...
maxdom : 9
D->valSize : 197
Solving...
Blb : 3 (clique : 17)
currentSize : 17 <-- 0.001243 s
currentSize : 18 <-- 0.020161 s
currentSize : 19 <-- 1.230032 s
currentSize : 20 <-- 4.811818 s
currentSize : 21 <-- 4.812217 s

maxsize : 21
nodes : 1205307.000000
filtered : 10884517.000000
time : 5.226752
