Parameters: GAD=1 vflib=1 dir=1 label=1 lowerbound=1 fileNameGp=../graphsdb/mcs50/bvg/b03/mcs50_b03_s30.A12 fileNameGt=../graphsdb/mcs50/bvg/b03/mcs50_b03_s30.B12
Reading graphs...
30 : 45
30 : 45
Initializing...
maxdom : 5
D->valSize : 113
Solving...
Blb : 3 (clique : 13)
currentSize : 13 <-- 0.000612 s
currentSize : 14 <-- 0.000949 s
currentSize : 15 <-- 0.003235 s
currentSize : 16 <-- 0.006836 s
currentSize : 17 <-- 0.011917 s

maxsize : 17
nodes : 5623.000000
filtered : 37940.000000
time : 0.018430
