Parameters: GAD=1 vflib=1 dir=1 label=1 lowerbound=1 fileNameGp=../graphsdb/mcs50/m2D/m2D/mcs50_m2D_s50.A73 fileNameGt=../graphsdb/mcs50/m2D/m2D/mcs50_m2D_s50.B73
Reading graphs...
50 : 85
50 : 85
Initializing...
maxdom : 10
D->valSize : 319
Solving...
Blb : 2 (clique : 22)
currentSize : 22 <-- 0.002254 s
currentSize : 23 <-- 6.183294 s
currentSize : 24 <-- 6.667694 s
currentSize : 25 <-- 83.963448 s
currentSize : 26 <-- 307.770294 s

maxsize : 26
nodes : 89885711.000000
filtered : 1049212360.000000
time : 382.180939
