Parameters: GAD=1 vflib=1 dir=1 label=1 lowerbound=1 fileNameGp=../graphsdb/mcs50/m2D/m2Dr6/mcs50_m2Dr6_s90.A83 fileNameGt=../graphsdb/mcs50/m2D/m2Dr6/mcs50_m2Dr6_s90.B83
Reading graphs...
90 : 215
90 : 214
Initializing...
maxdom : 9
D->valSize : 555
Solving...
Blb : 2 (clique : 38)
currentSize : 38 <-- 0.006670 s
currentSize : 39 <-- 43.991600 s
currentSize : 40 <-- 44.071320 s
currentSize : 41 <-- 137.470139 s
currentSize : 42 <-- 528.408875 s
currentSize : 43 <-- 528.411804 s
currentSize : 44 <-- 844.314148 s
currentSize : 45 <-- 1387.424805 s
currentSize : 46 <-- 2250.046387 s
currentSize : 47 <-- 2250.046631 s

TIMEOUT
maxsize : 47
nodes : 633138411.000000
filtered : 5029542776.000000
time : 3600.000000
