Parameters: GAD=1 vflib=1 dir=1 label=1 lowerbound=1 fileNameGp=../graphsdb/mcs50/rand/r005/mcs50_r005_s25.A94 fileNameGt=../graphsdb/mcs50/rand/r005/mcs50_r005_s25.B94
Reading graphs...
25 : 35
25 : 35
Initializing...
maxdom : 11
D->valSize : 187
Solving...
Blb : 2 (clique : 10)
currentSize : 10 <-- 0.001405 s
currentSize : 11 <-- 0.001508 s
currentSize : 12 <-- 0.001709 s
currentSize : 13 <-- 0.003499 s
currentSize : 14 <-- 0.003861 s

maxsize : 14
nodes : 8716.000000
filtered : 138965.000000
time : 0.056001
