Parameters: GAD=1 vflib=1 dir=1 label=1 lowerbound=1 fileNameGp=../graphsdb/mcs50/rand/r005/mcs50_r005_s90.A91 fileNameGt=../graphsdb/mcs50/rand/r005/mcs50_r005_s90.B91
Reading graphs...
90 : 399
90 : 399
Initializing...
maxdom : 8
D->valSize : 542
Solving...
Blb : 2 (clique : 32)
currentSize : 32 <-- 0.006414 s
currentSize : 33 <-- 0.006745 s
currentSize : 34 <-- 0.007092 s
currentSize : 35 <-- 0.008382 s
currentSize : 36 <-- 0.009811 s
currentSize : 37 <-- 0.010313 s
currentSize : 38 <-- 0.020856 s
currentSize : 39 <-- 0.022672 s
currentSize : 40 <-- 0.023158 s
currentSize : 41 <-- 0.035491 s
currentSize : 42 <-- 0.035712 s
currentSize : 43 <-- 0.052661 s
currentSize : 45 <-- 0.053365 s

maxsize : 45
nodes : 22630284.000000
filtered : 341098526.000000
time : 157.694977
