Parameters: GAD=1 vflib=1 dir=1 label=1 lowerbound=1 fileNameGp=../graphsdb/mcs50/rand/r005/mcs50_r005_s80.A14 fileNameGt=../graphsdb/mcs50/rand/r005/mcs50_r005_s80.B14
Reading graphs...
80 : 315
80 : 315
Initializing...
maxdom : 9
D->valSize : 452
Solving...
Blb : 2 (clique : 20)
currentSize : 20 <-- 0.007337 s
currentSize : 21 <-- 0.007664 s
currentSize : 22 <-- 0.008084 s
currentSize : 23 <-- 0.008321 s
currentSize : 24 <-- 0.008836 s
currentSize : 25 <-- 0.029364 s
currentSize : 26 <-- 0.030926 s
currentSize : 27 <-- 1.715387 s
currentSize : 28 <-- 11.609146 s
currentSize : 29 <-- 42.541302 s
currentSize : 30 <-- 42.541523 s
currentSize : 31 <-- 45.794113 s
currentSize : 32 <-- 45.794422 s
currentSize : 34 <-- 45.794552 s
currentSize : 35 <-- 51.808361 s
currentSize : 36 <-- 51.808647 s
currentSize : 37 <-- 51.824802 s
currentSize : 40 <-- 51.825169 s

maxsize : 40
nodes : 11591205.000000
filtered : 153047484.000000
time : 70.094772
