Parameters: GAD=1 vflib=1 dir=1 label=1 lowerbound=1 fileNameGp=../graphsdb/mcs50/rand/r005/mcs50_r005_s70.A83 fileNameGt=../graphsdb/mcs50/rand/r005/mcs50_r005_s70.B83
Reading graphs...
70 : 240
70 : 240
Initializing...
maxdom : 9
D->valSize : 306
Solving...
Blb : 2 (clique : 21)
currentSize : 21 <-- 0.003926 s
currentSize : 24 <-- 0.004430 s
currentSize : 25 <-- 0.004630 s
currentSize : 27 <-- 0.181616 s
currentSize : 28 <-- 0.224776 s
currentSize : 30 <-- 0.227953 s
currentSize : 31 <-- 0.512082 s
currentSize : 32 <-- 1.374776 s
currentSize : 33 <-- 1.376639 s
currentSize : 34 <-- 1.478463 s
currentSize : 35 <-- 2.248823 s

maxsize : 35
nodes : 454226.000000
filtered : 4875726.000000
time : 2.589356
