Parameters: GAD=1 vflib=1 dir=1 label=1 lowerbound=1 fileNameGp=../graphsdb/mcs50/bvg/b09m/mcs50_b09m_s50.A45 fileNameGt=../graphsdb/mcs50/bvg/b09m/mcs50_b09m_s50.B45
Reading graphs...
50 : 225
50 : 225
Initializing...
maxdom : 8
D->valSize : 310
Solving...
Blb : 3 (clique : 15)
currentSize : 15 <-- 0.003312 s
currentSize : 16 <-- 0.018870 s
currentSize : 18 <-- 0.086273 s
currentSize : 19 <-- 0.086383 s
currentSize : 20 <-- 0.626952 s
currentSize : 24 <-- 1.003404 s

maxsize : 24
nodes : 296861.000000
filtered : 4302376.000000
time : 1.441566
