Parameters: GAD=1 vflib=1 dir=1 label=1 lowerbound=1 fileNameGp=../graphsdb/mcs50/rand/r02/mcs50_r02_s30.A23 fileNameGt=../graphsdb/mcs50/rand/r02/mcs50_r02_s30.B23
Reading graphs...
30 : 173
30 : 173
Initializing...
maxdom : 6
D->valSize : 125
Solving...
Blb : 2 (clique : 6)
currentSize : 6 <-- 0.000718 s
currentSize : 7 <-- 0.000808 s
currentSize : 8 <-- 0.000891 s
currentSize : 9 <-- 0.001217 s
currentSize : 10 <-- 0.002029 s
currentSize : 15 <-- 0.002409 s

maxsize : 15
nodes : 512.000000
filtered : 6956.000000
time : 0.002754
