Parameters: GAD=1 vflib=1 dir=1 label=1 lowerbound=1 fileNameGp=../graphsdb/mcs50/rand/r01/mcs50_r01_s70.A69 fileNameGt=../graphsdb/mcs50/rand/r01/mcs50_r01_s70.B69
Reading graphs...
70 : 482
70 : 482
Initializing...
maxdom : 8
D->valSize : 346
Solving...
Blb : 2 (clique : 18)
currentSize : 18 <-- 0.004430 s
currentSize : 20 <-- 0.004675 s
currentSize : 21 <-- 0.004698 s
currentSize : 24 <-- 0.005228 s
currentSize : 27 <-- 0.207272 s
currentSize : 30 <-- 0.424305 s
currentSize : 35 <-- 0.424666 s

maxsize : 35
nodes : 83781.000000
filtered : 1110746.000000
time : 0.636537
