Parameters: GAD=1 vflib=1 dir=1 label=1 lowerbound=1 fileNameGp=../graphsdb/mcs50/m3D/m3Dr2/mcs50_m3Dr2_s50.A56 fileNameGt=../graphsdb/mcs50/m3D/m3Dr2/mcs50_m3Dr2_s50.B56
Reading graphs...
50 : 119
50 : 119
Initializing...
maxdom : 10
D->valSize : 345
Solving...
Blb : 2 (clique : 18)
currentSize : 18 <-- 0.004104 s
currentSize : 20 <-- 0.004276 s
currentSize : 21 <-- 0.168937 s
currentSize : 22 <-- 0.169801 s
currentSize : 23 <-- 0.253952 s
currentSize : 24 <-- 0.254035 s
currentSize : 27 <-- 5.870586 s
currentSize : 28 <-- 5.870657 s

maxsize : 28
nodes : 1612360.000000
filtered : 25271866.000000
time : 8.353961
