Parameters: GAD=1 vflib=1 dir=1 label=1 lowerbound=1 fileNameGp=../graphsdb/mcs50/rand/r02/mcs50_r02_s25.A34 fileNameGt=../graphsdb/mcs50/rand/r02/mcs50_r02_s25.B34
Reading graphs...
25 : 119
25 : 119
Initializing...
maxdom : 8
D->valSize : 158
Solving...
Blb : 5 (clique : 7)
currentSize : 7 <-- 0.000802 s
currentSize : 8 <-- 0.001998 s
currentSize : 9 <-- 0.002699 s
currentSize : 10 <-- 0.003326 s
currentSize : 12 <-- 0.003889 s

maxsize : 12
nodes : 1154.000000
filtered : 19361.000000
time : 0.004851
