Parameters: GAD=1 vflib=1 dir=1 label=1 lowerbound=1 fileNameGp=../graphsdb/mcs50/m3D/m3Dr2/mcs50_m3Dr2_s20.A48 fileNameGt=../graphsdb/mcs50/m3D/m3Dr2/mcs50_m3Dr2_s20.B48
Reading graphs...
20 : 41
20 : 41
Initializing...
maxdom : 8
D->valSize : 118
Solving...
Blb : 2 (clique : 6)
currentSize : 6 <-- 0.000530 s
currentSize : 7 <-- 0.000647 s
currentSize : 8 <-- 0.001119 s
currentSize : 9 <-- 0.003085 s
currentSize : 10 <-- 0.003806 s

maxsize : 10
nodes : 1095.000000
filtered : 14350.000000
time : 0.003973
