Parameters: GAD=1 vflib=1 dir=1 label=1 lowerbound=1 fileNameGp=../graphsdb/mcs50/bvg/b03/mcs50_b03_s50.A20 fileNameGt=../graphsdb/mcs50/bvg/b03/mcs50_b03_s50.B20
Reading graphs...
50 : 75
50 : 75
Initializing...
maxdom : 8
D->valSize : 308
Solving...
Blb : 2 (clique : 25)
currentSize : 25 <-- 0.003589 s
currentSize : 26 <-- 0.004309 s
currentSize : 27 <-- 1.895526 s
currentSize : 28 <-- 7.331923 s
currentSize : 29 <-- 7.369048 s
currentSize : 30 <-- 9.801366 s

maxsize : 30
nodes : 2898232.000000
filtered : 29795953.000000
time : 13.482279
