Parameters: GAD=1 vflib=1 dir=1 label=1 lowerbound=1 fileNameGp=../graphsdb/mcs50/rand/r02/mcs50_r02_s80.A85 fileNameGt=../graphsdb/mcs50/rand/r02/mcs50_r02_s80.B85
Reading graphs...
80 : 1263
80 : 1263
Initializing...
maxdom : 11
D->valSize : 456
Solving...
Blb : 2 (clique : 11)
currentSize : 11 <-- 0.004344 s
currentSize : 12 <-- 0.004573 s
currentSize : 15 <-- 0.006450 s
currentSize : 23 <-- 0.014180 s
currentSize : 24 <-- 0.027397 s
currentSize : 40 <-- 0.037016 s

maxsize : 40
nodes : 6878.000000
filtered : 182170.000000
time : 0.050076
