Parameters: GAD=1 vflib=1 dir=1 label=1 lowerbound=1 fileNameGp=../graphsdb/mcs50/bvg/b06m/mcs50_b06m_s100.A50 fileNameGt=../graphsdb/mcs50/bvg/b06m/mcs50_b06m_s100.B50
Reading graphs...
100 : 300
100 : 300
Initializing...
maxdom : 7
D->valSize : 376
Solving...
Blb : 2 (clique : 28)
currentSize : 28 <-- 0.003791 s
currentSize : 31 <-- 0.005089 s
currentSize : 32 <-- 5.351233 s
currentSize : 33 <-- 11.186932 s
currentSize : 35 <-- 11.188084 s
currentSize : 36 <-- 11.188408 s
currentSize : 37 <-- 74.378609 s
currentSize : 39 <-- 74.383797 s
currentSize : 40 <-- 74.384254 s
currentSize : 41 <-- 389.224243 s
currentSize : 42 <-- 721.360718 s
currentSize : 44 <-- 1883.068115 s
currentSize : 45 <-- 1883.068359 s
currentSize : 46 <-- 1962.980225 s
currentSize : 47 <-- 1963.054688 s
currentSize : 49 <-- 1963.078369 s
currentSize : 50 <-- 1963.078857 s
currentSize : 51 <-- 2289.309814 s
currentSize : 52 <-- 2289.310059 s

maxsize : 52
nodes : 529301351.000000
filtered : 3109732083.000000
time : 2889.406738
