Parameters: GAD=1 vflib=1 dir=1 label=1 lowerbound=1 fileNameGp=../graphsdb/mcs50/bvg/b06/mcs50_b06_s100.A99 fileNameGt=../graphsdb/mcs50/bvg/b06/mcs50_b06_s100.B99
Reading graphs...
100 : 300
100 : 300
Initializing...
maxdom : 9
D->valSize : 347
Solving...
Blb : 3 (clique : 45)
currentSize : 45 <-- 0.005865 s
currentSize : 46 <-- 5.544252 s
currentSize : 47 <-- 5.551937 s
currentSize : 49 <-- 5.565772 s
currentSize : 50 <-- 1312.829712 s
currentSize : 51 <-- 1312.918579 s

TIMEOUT
maxsize : 51
nodes : 660778230.000000
filtered : 3680326681.000000
time : 3600.000000
