Parameters: GAD=1 vflib=1 dir=1 label=1 lowerbound=1 fileNameGp=../graphsdb/mcs50/rand/r02/mcs50_r02_s80.A93 fileNameGt=../graphsdb/mcs50/rand/r02/mcs50_r02_s80.B93
Reading graphs...
80 : 1263
80 : 1263
Initializing...
maxdom : 9
D->valSize : 414
Solving...
Blb : 2 (clique : 8)
currentSize : 8 <-- 0.003690 s
currentSize : 10 <-- 0.003779 s
currentSize : 12 <-- 0.003816 s
currentSize : 19 <-- 0.004283 s
currentSize : 22 <-- 0.008270 s
currentSize : 40 <-- 0.023622 s

maxsize : 40
nodes : 4236.000000
filtered : 126986.000000
time : 0.033190
