Parameters: GAD=1 vflib=1 dir=1 label=1 lowerbound=1 fileNameGp=../graphsdb/mcs50/rand/r02/mcs50_r02_s90.A68 fileNameGt=../graphsdb/mcs50/rand/r02/mcs50_r02_s90.B68
Reading graphs...
90 : 1601
90 : 1601
Initializing...
maxdom : 12
D->valSize : 565
Solving...
Blb : 2 (clique : 11)
currentSize : 11 <-- 0.006200 s
currentSize : 14 <-- 0.008817 s
currentSize : 20 <-- 0.013530 s
currentSize : 22 <-- 0.023156 s
currentSize : 23 <-- 0.039829 s
currentSize : 27 <-- 0.045965 s
currentSize : 45 <-- 0.058407 s

maxsize : 45
nodes : 11487.000000
filtered : 311237.000000
time : 0.087772
