Parameters: GAD=1 vflib=1 dir=1 label=1 lowerbound=1 fileNameGp=../graphsdb/mcs50/m3D/m3Dr6/mcs50_m3Dr6_s60.A77 fileNameGt=../graphsdb/mcs50/m3D/m3Dr6/mcs50_m3Dr6_s60.B77
Reading graphs...
60 : 170
60 : 168
Initializing...
maxdom : 9
D->valSize : 255
Solving...
Blb : 2 (clique : 22)
currentSize : 22 <-- 0.001764 s
currentSize : 23 <-- 2.287798 s
currentSize : 25 <-- 2.287845 s
currentSize : 26 <-- 2.292282 s
currentSize : 27 <-- 2.993678 s
currentSize : 28 <-- 2.994013 s

maxsize : 28
nodes : 2919030.000000
filtered : 18497591.000000
time : 12.401147
