Parameters: GAD=1 vflib=1 dir=1 label=1 lowerbound=1 fileNameGp=../graphsdb/mcs50/bvg/b09/mcs50_b09_s50.A04 fileNameGt=../graphsdb/mcs50/bvg/b09/mcs50_b09_s50.B04
Reading graphs...
50 : 225
50 : 225
Initializing...
maxdom : 9
D->valSize : 345
Solving...
Blb : 2 (clique : 11)
currentSize : 11 <-- 0.003835 s
currentSize : 12 <-- 0.003956 s
currentSize : 13 <-- 0.028164 s
currentSize : 14 <-- 0.037497 s
currentSize : 15 <-- 0.280016 s
currentSize : 16 <-- 0.280043 s
currentSize : 17 <-- 0.557452 s
currentSize : 21 <-- 0.850590 s
currentSize : 22 <-- 0.850719 s
currentSize : 24 <-- 0.850766 s

maxsize : 24
nodes : 265940.000000
filtered : 3856682.000000
time : 1.274068
