Parameters: GAD=1 vflib=1 dir=1 label=1 lowerbound=1 fileNameGp=../graphsdb/mcs50/m3D/m3Dr6/mcs50_m3Dr6_s50.A79 fileNameGt=../graphsdb/mcs50/m3D/m3Dr6/mcs50_m3Dr6_s50.B79
Reading graphs...
50 : 139
50 : 137
Initializing...
maxdom : 10
D->valSize : 325
Solving...
Blb : 2 (clique : 17)
currentSize : 17 <-- 0.002390 s
currentSize : 19 <-- 0.171636 s
currentSize : 20 <-- 0.171712 s
currentSize : 21 <-- 0.622663 s
currentSize : 23 <-- 0.622838 s
currentSize : 24 <-- 0.622895 s
currentSize : 25 <-- 0.876700 s
currentSize : 26 <-- 1.046181 s
currentSize : 27 <-- 1.046244 s

maxsize : 27
nodes : 234390.000000
filtered : 3460843.000000
time : 1.146019
