Parameters: GAD=1 vflib=1 dir=1 label=1 lowerbound=1 fileNameGp=../graphsdb/mcs50/m4D/m4Dr2/mcs50_m4Dr2_s35.A97 fileNameGt=../graphsdb/mcs50/m4D/m4Dr2/mcs50_m4Dr2_s35.B97
Reading graphs...
35 : 70
35 : 70
Initializing...
maxdom : 10
D->valSize : 175
Solving...
Blb : 2 (clique : 12)
currentSize : 12 <-- 0.000893 s
currentSize : 13 <-- 0.000987 s
currentSize : 14 <-- 0.001101 s
currentSize : 15 <-- 0.002827 s
currentSize : 16 <-- 0.005589 s
currentSize : 18 <-- 0.013912 s

maxsize : 18
nodes : 6971.000000
filtered : 63622.000000
time : 0.026010
