Parameters: GAD=1 vflib=1 dir=1 label=1 lowerbound=1 fileNameGp=../graphsdb/mcs50/m2D/m2Dr6/mcs50_m2Dr6_s30.A92 fileNameGt=../graphsdb/mcs50/m2D/m2Dr6/mcs50_m2Dr6_s30.B92
Reading graphs...
30 : 67
30 : 66
Initializing...
maxdom : 6
D->valSize : 128
Solving...
Blb : 3 (clique : 10)
currentSize : 10 <-- 0.000693 s
currentSize : 11 <-- 0.000814 s
currentSize : 12 <-- 0.000835 s
currentSize : 13 <-- 0.001603 s
currentSize : 14 <-- 0.001671 s
currentSize : 15 <-- 0.001727 s
currentSize : 16 <-- 0.002443 s
currentSize : 17 <-- 0.004977 s

maxsize : 17
nodes : 3558.000000
filtered : 28208.000000
time : 0.011674
