Parameters: GAD=1 vflib=1 dir=1 label=1 lowerbound=1 fileNameGp=../graphsdb/mcs50/rand/r01/mcs50_r01_s80.A63 fileNameGt=../graphsdb/mcs50/rand/r01/mcs50_r01_s80.B63
Reading graphs...
80 : 631
80 : 631
Initializing...
maxdom : 10
D->valSize : 416
Solving...
Blb : 2 (clique : 13)
currentSize : 13 <-- 0.003648 s
currentSize : 14 <-- 0.004623 s
currentSize : 15 <-- 0.008843 s
currentSize : 16 <-- 0.014695 s
currentSize : 17 <-- 0.131497 s
currentSize : 18 <-- 0.280368 s
currentSize : 19 <-- 0.280580 s
currentSize : 20 <-- 0.445617 s
currentSize : 22 <-- 0.652089 s
currentSize : 23 <-- 0.984146 s
currentSize : 29 <-- 1.125034 s
currentSize : 31 <-- 1.584560 s
currentSize : 35 <-- 1.586591 s
currentSize : 40 <-- 1.587931 s

maxsize : 40
nodes : 338654.000000
filtered : 4243702.000000
time : 1.924337
