Parameters: GAD=1 vflib=1 dir=1 label=1 lowerbound=1 fileNameGp=../graphsdb/mcs50/rand/r02/mcs50_r02_s100.A77 fileNameGt=../graphsdb/mcs50/rand/r02/mcs50_r02_s100.B77
Reading graphs...
100 : 1979
100 : 1979
Initializing...
maxdom : 9
D->valSize : 386
Solving...
Blb : 2 (clique : 7)
currentSize : 7 <-- 0.003727 s
currentSize : 8 <-- 0.003874 s
currentSize : 9 <-- 0.003985 s
currentSize : 10 <-- 0.004054 s
currentSize : 12 <-- 0.004161 s
currentSize : 13 <-- 0.004487 s
currentSize : 17 <-- 0.004679 s
currentSize : 25 <-- 0.004830 s
currentSize : 50 <-- 0.007992 s

maxsize : 50
nodes : 1894.000000
filtered : 47029.000000
time : 0.017778
