Parameters: GAD=1 vflib=1 dir=1 label=1 lowerbound=1 fileNameGp=../graphsdb/mcs50/bvg/b03/mcs50_b03_s20.A61 fileNameGt=../graphsdb/mcs50/bvg/b03/mcs50_b03_s20.B61
Reading graphs...
20 : 30
20 : 30
Initializing...
maxdom : 6
D->valSize : 96
Solving...
Blb : 2 (clique : 7)
currentSize : 7 <-- 0.000647 s
currentSize : 8 <-- 0.000769 s
currentSize : 9 <-- 0.000899 s
currentSize : 10 <-- 0.001623 s
currentSize : 11 <-- 0.002278 s
currentSize : 12 <-- 0.002365 s

maxsize : 12
nodes : 443.000000
filtered : 3870.000000
time : 0.002687
