Parameters: GAD=1 vflib=1 dir=1 label=1 lowerbound=1 fileNameGp=../graphsdb/mcs50/m3D/m3D/mcs50_m3D_s50.A19 fileNameGt=../graphsdb/mcs50/m3D/m3D/mcs50_m3D_s50.B19
Reading graphs...
50 : 109
50 : 109
Initializing...
maxdom : 10
D->valSize : 354
Solving...
Blb : 2 (clique : 17)
currentSize : 17 <-- 0.002747 s
currentSize : 20 <-- 0.002855 s
currentSize : 21 <-- 0.002900 s
currentSize : 22 <-- 0.002963 s
currentSize : 23 <-- 0.004704 s
currentSize : 24 <-- 0.008955 s
currentSize : 25 <-- 1.093925 s
currentSize : 26 <-- 1.097617 s
currentSize : 27 <-- 1.116059 s
currentSize : 28 <-- 21.914991 s

maxsize : 28
nodes : 5319421.000000
filtered : 62601789.000000
time : 24.017803
