Parameters: GAD=1 vflib=1 dir=1 label=1 lowerbound=1 fileNameGp=../graphsdb/mcs50/bvg/b06/mcs50_b06_s80.A35 fileNameGt=../graphsdb/mcs50/bvg/b06/mcs50_b06_s80.B35
Reading graphs...
80 : 240
80 : 240
Initializing...
maxdom : 10
D->valSize : 476
Solving...
Blb : 5 (clique : 22)
currentSize : 22 <-- 0.008080 s
currentSize : 23 <-- 0.030392 s
currentSize : 24 <-- 0.037500 s
currentSize : 25 <-- 1.072700 s
currentSize : 26 <-- 7.745814 s
currentSize : 27 <-- 31.691540 s
currentSize : 28 <-- 49.239609 s
currentSize : 29 <-- 49.239815 s
currentSize : 30 <-- 49.240044 s
currentSize : 31 <-- 49.246719 s
currentSize : 32 <-- 50.186947 s
currentSize : 33 <-- 468.633423 s
currentSize : 34 <-- 922.643494 s
currentSize : 35 <-- 1190.461548 s
currentSize : 36 <-- 1190.465820 s
currentSize : 37 <-- 1322.560425 s
currentSize : 38 <-- 1322.793945 s
currentSize : 39 <-- 1575.380371 s
currentSize : 40 <-- 1744.191650 s
currentSize : 41 <-- 1930.188965 s
currentSize : 42 <-- 2444.680664 s

maxsize : 42
nodes : 457848789.000000
filtered : 5078471544.000000
time : 2577.085205
