Parameters: GAD=1 vflib=1 dir=1 label=1 lowerbound=1 fileNameGp=../graphsdb/mcs50/rand/r02/mcs50_r02_s50.A46 fileNameGt=../graphsdb/mcs50/rand/r02/mcs50_r02_s50.B46
Reading graphs...
50 : 489
50 : 489
Initializing...
maxdom : 9
D->valSize : 337
Solving...
Blb : 2 (clique : 7)
currentSize : 7 <-- 0.002250 s
currentSize : 8 <-- 0.002470 s
currentSize : 9 <-- 0.004978 s
currentSize : 11 <-- 0.010324 s
currentSize : 15 <-- 0.011856 s
currentSize : 16 <-- 0.013148 s
currentSize : 19 <-- 0.017510 s
currentSize : 25 <-- 0.017592 s

maxsize : 25
nodes : 3995.000000
filtered : 83672.000000
time : 0.021931
