Parameters: GAD=1 vflib=1 dir=1 label=1 lowerbound=1 fileNameGp=../graphsdb/mcs50/m2D/m2Dr6/mcs50_m2Dr6_s100.A26 fileNameGt=../graphsdb/mcs50/m2D/m2Dr6/mcs50_m2Dr6_s100.B26
Reading graphs...
100 : 240
100 : 240
Initializing...
maxdom : 7
D->valSize : 351
Solving...
Blb : 2 (clique : 33)
currentSize : 33 <-- 0.003745 s
currentSize : 34 <-- 7.534080 s
currentSize : 35 <-- 32.119568 s
currentSize : 36 <-- 32.297935 s
currentSize : 37 <-- 33.339226 s
currentSize : 38 <-- 33.339745 s
currentSize : 39 <-- 392.410797 s
currentSize : 40 <-- 395.703247 s
currentSize : 41 <-- 793.970459 s
currentSize : 42 <-- 845.922791 s
currentSize : 43 <-- 845.922974 s

TIMEOUT
maxsize : 43
nodes : 706831384.000000
filtered : 2816694057.000000
time : 3600.000000
