Parameters: GAD=1 vflib=1 dir=1 label=1 lowerbound=1 fileNameGp=../graphsdb/mcs50/bvg/b06/mcs50_b06_s15.A67 fileNameGt=../graphsdb/mcs50/bvg/b06/mcs50_b06_s15.B67
Reading graphs...
15 : 45
15 : 45
Initializing...
maxdom : 12
D->valSize : 117
Solving...
Blb : 2 (clique : 4)
currentSize : 4 <-- 0.000447 s
currentSize : 5 <-- 0.000475 s
currentSize : 6 <-- 0.000521 s
currentSize : 7 <-- 0.000767 s
currentSize : 8 <-- 0.001137 s

maxsize : 8
nodes : 257.000000
filtered : 4619.000000
time : 0.001187
