Parameters: GAD=1 vflib=1 dir=1 label=1 lowerbound=1 fileNameGp=../graphsdb/mcs50/rand/r01/mcs50_r01_s90.A47 fileNameGt=../graphsdb/mcs50/rand/r01/mcs50_r01_s90.B47
Reading graphs...
90 : 800
90 : 800
Initializing...
maxdom : 11
D->valSize : 575
Solving...
Blb : 2 (clique : 13)
currentSize : 13 <-- 0.006451 s
currentSize : 14 <-- 0.007459 s
currentSize : 15 <-- 0.013479 s
currentSize : 17 <-- 0.021274 s
currentSize : 18 <-- 0.033988 s
currentSize : 21 <-- 0.073702 s
currentSize : 25 <-- 0.178096 s
currentSize : 26 <-- 0.297817 s
currentSize : 28 <-- 0.436092 s
currentSize : 35 <-- 0.536840 s
currentSize : 37 <-- 1.170418 s
currentSize : 38 <-- 1.176160 s
currentSize : 45 <-- 1.178637 s

maxsize : 45
nodes : 229538.000000
filtered : 4952630.000000
time : 1.634771
