Parameters: GAD=1 vflib=1 dir=1 label=1 lowerbound=1 fileNameGp=../graphsdb/mcs50/m2D/m2Dr4/mcs50_m2Dr4_s60.A69 fileNameGt=../graphsdb/mcs50/m2D/m2Dr4/mcs50_m2Dr4_s60.B69
Reading graphs...
60 : 128
60 : 127
Initializing...
maxdom : 8
D->valSize : 235
Solving...
Blb : 2 (clique : 21)
currentSize : 21 <-- 0.001707 s
currentSize : 22 <-- 0.075372 s
currentSize : 23 <-- 6.230707 s
currentSize : 24 <-- 6.231524 s
currentSize : 25 <-- 9.201500 s
currentSize : 26 <-- 51.913494 s
currentSize : 27 <-- 99.666939 s

maxsize : 27
nodes : 22084046.000000
filtered : 188643841.000000
time : 103.703171
