Parameters: GAD=1 vflib=1 dir=1 label=1 lowerbound=1 fileNameGp=../graphsdb/mcs50/bvg/b09m/mcs50_b09m_s100.A10 fileNameGt=../graphsdb/mcs50/bvg/b09m/mcs50_b09m_s100.B10
Reading graphs...
100 : 450
100 : 450
Initializing...
maxdom : 7
D->valSize : 349
Solving...
Blb : 3 (clique : 30)
currentSize : 30 <-- 0.003395 s
currentSize : 32 <-- 20.532757 s
currentSize : 33 <-- 20.537138 s
currentSize : 34 <-- 20.541471 s
currentSize : 35 <-- 20.550465 s
currentSize : 40 <-- 62.018566 s
currentSize : 44 <-- 62.018753 s
currentSize : 45 <-- 62.023048 s
currentSize : 46 <-- 62.023361 s
currentSize : 47 <-- 62.080799 s
currentSize : 48 <-- 62.081169 s
currentSize : 49 <-- 129.426010 s
currentSize : 50 <-- 129.426453 s

maxsize : 50
nodes : 56554511.000000
filtered : 257954137.000000
time : 295.615875
