Parameters: GAD=1 vflib=1 dir=1 label=1 lowerbound=1 fileNameGp=../graphsdb/mcs50/m2D/m2Dr4/mcs50_m2Dr4_s80.A29 fileNameGt=../graphsdb/mcs50/m2D/m2Dr4/mcs50_m2Dr4_s80.B29
Reading graphs...
80 : 174
80 : 174
Initializing...
maxdom : 8
D->valSize : 404
Solving...
Blb : 2 (clique : 27)
currentSize : 27 <-- 0.003973 s
currentSize : 28 <-- 14.947099 s
currentSize : 29 <-- 17.582373 s
currentSize : 30 <-- 69.696114 s
currentSize : 31 <-- 261.858704 s
currentSize : 32 <-- 267.184418 s
currentSize : 33 <-- 1396.488403 s

TIMEOUT
maxsize : 33
nodes : 685096513.000000
filtered : 5483855476.000000
time : 3600.000000
