Parameters: GAD=1 vflib=1 dir=1 label=1 lowerbound=1 fileNameGp=../graphsdb/mcs50/bvg/b06m/mcs50_b06m_s70.A10 fileNameGt=../graphsdb/mcs50/bvg/b06m/mcs50_b06m_s70.B10
Reading graphs...
70 : 210
70 : 210
Initializing...
maxdom : 7
D->valSize : 316
Solving...
Blb : 2 (clique : 20)
currentSize : 20 <-- 0.002743 s
currentSize : 21 <-- 0.002904 s
currentSize : 22 <-- 0.003010 s
currentSize : 24 <-- 0.003093 s
currentSize : 26 <-- 0.003202 s
currentSize : 27 <-- 0.003830 s
currentSize : 28 <-- 1.090988 s
currentSize : 30 <-- 6.571014 s
currentSize : 31 <-- 6.571199 s
currentSize : 32 <-- 6.571416 s
currentSize : 33 <-- 7.727560 s
currentSize : 34 <-- 15.121178 s
currentSize : 35 <-- 15.121387 s
currentSize : 36 <-- 17.659195 s

maxsize : 36
nodes : 16559825.000000
filtered : 111350011.000000
time : 77.207848
