Parameters: GAD=1 vflib=1 dir=1 label=1 lowerbound=1 fileNameGp=../graphsdb/mcs50/rand/r01/mcs50_r01_s70.A74 fileNameGt=../graphsdb/mcs50/rand/r01/mcs50_r01_s70.B74
Reading graphs...
70 : 482
70 : 482
Initializing...
maxdom : 8
D->valSize : 321
Solving...
Blb : 2 (clique : 13)
currentSize : 13 <-- 0.002415 s
currentSize : 14 <-- 0.006367 s
currentSize : 15 <-- 0.006452 s
currentSize : 16 <-- 0.008117 s
currentSize : 17 <-- 0.175389 s
currentSize : 18 <-- 0.312541 s
currentSize : 19 <-- 0.322292 s
currentSize : 24 <-- 0.322342 s
currentSize : 27 <-- 0.432720 s
currentSize : 35 <-- 0.526230 s

maxsize : 35
nodes : 130385.000000
filtered : 1378811.000000
time : 0.667489
