Parameters: GAD=1 vflib=1 dir=1 label=1 lowerbound=1 fileNameGp=../graphsdb/mcs50/bvg/b06/mcs50_b06_s90.A73 fileNameGt=../graphsdb/mcs50/bvg/b06/mcs50_b06_s90.B73
Reading graphs...
90 : 270
90 : 270
Initializing...
maxdom : 9
D->valSize : 571
Solving...
Blb : 2 (clique : 34)
currentSize : 34 <-- 0.006819 s
currentSize : 35 <-- 0.007268 s
currentSize : 37 <-- 0.011664 s
currentSize : 38 <-- 0.011801 s
currentSize : 39 <-- 0.011998 s
currentSize : 40 <-- 0.013156 s
currentSize : 41 <-- 19.661823 s
currentSize : 42 <-- 19.661987 s
currentSize : 43 <-- 19.662334 s
currentSize : 44 <-- 19.663912 s
currentSize : 45 <-- 20.151451 s

TIMEOUT
maxsize : 45
nodes : 629072194.000000
filtered : 5615190743.000000
time : 3600.000000
