Parameters: GAD=1 vflib=1 dir=1 label=1 lowerbound=1 fileNameGp=../graphsdb/mcs50/bvg/b06m/mcs50_b06m_s40.A10 fileNameGt=../graphsdb/mcs50/bvg/b06m/mcs50_b06m_s40.B10
Reading graphs...
40 : 120
40 : 120
Initializing...
maxdom : 8
D->valSize : 210
Solving...
Blb : 2 (clique : 11)
currentSize : 11 <-- 0.001143 s
currentSize : 12 <-- 0.001725 s
currentSize : 13 <-- 0.003113 s
currentSize : 14 <-- 0.004482 s
currentSize : 16 <-- 0.034566 s
currentSize : 17 <-- 0.034613 s
currentSize : 19 <-- 0.034934 s
currentSize : 20 <-- 0.035420 s

maxsize : 20
nodes : 29328.000000
filtered : 285113.000000
time : 0.111225
