Parameters: GAD=1 vflib=1 dir=1 label=1 lowerbound=1 fileNameGp=../graphsdb/mcs50/rand/r005/mcs50_r005_s60.A50 fileNameGt=../graphsdb/mcs50/rand/r005/mcs50_r005_s60.B50
Reading graphs...
60 : 176
60 : 176
Initializing...
maxdom : 8
D->valSize : 265
Solving...
Blb : 2 (clique : 19)
currentSize : 19 <-- 0.001958 s
currentSize : 20 <-- 0.013643 s
currentSize : 21 <-- 0.060739 s
currentSize : 22 <-- 0.143732 s
currentSize : 23 <-- 0.346937 s
currentSize : 24 <-- 0.467197 s
currentSize : 25 <-- 0.543197 s
currentSize : 26 <-- 0.543332 s
currentSize : 27 <-- 0.690489 s
currentSize : 28 <-- 0.690596 s
currentSize : 30 <-- 2.040074 s

maxsize : 30
nodes : 578654.000000
filtered : 5060967.000000
time : 2.749576
