Parameters: GAD=1 vflib=1 dir=1 label=1 lowerbound=1 fileNameGp=../graphsdb/mcs50/m2D/m2Dr4/mcs50_m2Dr4_s60.A21 fileNameGt=../graphsdb/mcs50/m2D/m2Dr4/mcs50_m2Dr4_s60.B21
Reading graphs...
60 : 128
60 : 127
Initializing...
maxdom : 7
D->valSize : 235
Solving...
Blb : 2 (clique : 20)
currentSize : 20 <-- 0.002605 s
currentSize : 21 <-- 0.003345 s
currentSize : 22 <-- 8.636204 s
currentSize : 23 <-- 10.857267 s
currentSize : 24 <-- 29.311333 s
currentSize : 25 <-- 60.966560 s
currentSize : 26 <-- 74.099953 s
currentSize : 27 <-- 75.452301 s
currentSize : 28 <-- 75.461113 s

maxsize : 28
nodes : 22579000.000000
filtered : 148434391.000000
time : 91.285591
