Parameters: GAD=1 vflib=1 dir=1 label=1 lowerbound=1 fileNameGp=../graphsdb/mcs50/m2D/m2Dr2/mcs50_m2Dr2_s100.A11 fileNameGt=../graphsdb/mcs50/m2D/m2Dr2/mcs50_m2Dr2_s100.B11
Reading graphs...
100 : 200
100 : 199
Initializing...
maxdom : 8
D->valSize : 348
Solving...
Blb : 2 (clique : 49)
currentSize : 49 <-- 0.003847 s
currentSize : 50 <-- 0.004726 s
currentSize : 51 <-- 0.006951 s
currentSize : 52 <-- 0.060425 s
currentSize : 53 <-- 19.291004 s
currentSize : 54 <-- 1097.681274 s

maxsize : 54
nodes : 456728846.000000
filtered : 1460165360.000000
time : 2252.230957
