Parameters: GAD=1 vflib=1 dir=1 label=1 lowerbound=1 fileNameGp=../graphsdb/mcs50/m2D/m2Dr2/mcs50_m2Dr2_s60.A30 fileNameGt=../graphsdb/mcs50/m2D/m2Dr2/mcs50_m2Dr2_s60.B30
Reading graphs...
60 : 116
60 : 115
Initializing...
maxdom : 7
D->valSize : 254
Solving...
Blb : 2 (clique : 21)
currentSize : 21 <-- 0.002921 s
currentSize : 22 <-- 0.163130 s
currentSize : 23 <-- 0.174733 s
currentSize : 24 <-- 2.102139 s
currentSize : 25 <-- 12.906742 s
currentSize : 26 <-- 54.943100 s
currentSize : 27 <-- 59.305984 s
currentSize : 28 <-- 83.753799 s

maxsize : 28
nodes : 30417540.000000
filtered : 223823603.000000
time : 132.095764
