Parameters: GAD=1 vflib=1 dir=1 label=1 lowerbound=1 fileNameGp=../graphsdb/mcs50/m3D/m3Dr4/mcs50_m3Dr4_s60.A03 fileNameGt=../graphsdb/mcs50/m3D/m3Dr4/mcs50_m3Dr4_s60.B03
Reading graphs...
60 : 158
60 : 157
Initializing...
maxdom : 7
D->valSize : 245
Solving...
Blb : 3 (clique : 20)
currentSize : 20 <-- 0.001806 s
currentSize : 22 <-- 0.003424 s
currentSize : 23 <-- 0.003628 s
currentSize : 24 <-- 0.211120 s
currentSize : 25 <-- 0.211236 s
currentSize : 26 <-- 0.211658 s
currentSize : 28 <-- 1.862604 s
currentSize : 29 <-- 2.039464 s

maxsize : 29
nodes : 807439.000000
filtered : 5822139.000000
time : 3.530901
