Parameters: GAD=1 vflib=1 dir=1 label=1 lowerbound=1 fileNameGp=../graphsdb/mcs50/m2D/m2Dr4/mcs50_m2Dr4_s50.A94 fileNameGt=../graphsdb/mcs50/m2D/m2Dr4/mcs50_m2Dr4_s50.B94
Reading graphs...
50 : 105
50 : 105
Initializing...
maxdom : 10
D->valSize : 358
Solving...
Blb : 2 (clique : 17)
currentSize : 17 <-- 0.002691 s
currentSize : 18 <-- 0.002837 s
currentSize : 19 <-- 0.051347 s
currentSize : 20 <-- 0.095712 s
currentSize : 21 <-- 0.301519 s
currentSize : 22 <-- 0.374606 s
currentSize : 24 <-- 1.686961 s
currentSize : 25 <-- 1.687192 s
currentSize : 26 <-- 1.687948 s
currentSize : 27 <-- 1.689674 s
currentSize : 28 <-- 3.689806 s

maxsize : 28
nodes : 1099485.000000
filtered : 13548004.000000
time : 5.076892
