Parameters: GAD=1 vflib=1 dir=1 label=1 lowerbound=1 fileNameGp=../graphsdb/mcs50/m4D/m4Dr6/mcs50_m4Dr6_s30.A73 fileNameGt=../graphsdb/mcs50/m4D/m4Dr6/mcs50_m4Dr6_s30.B73
Reading graphs...
30 : 73
30 : 73
Initializing...
maxdom : 5
D->valSize : 119
Solving...
Blb : 3 (clique : 13)
currentSize : 13 <-- 0.000681 s
currentSize : 14 <-- 0.001007 s
currentSize : 15 <-- 0.001063 s
currentSize : 16 <-- 0.001106 s
currentSize : 17 <-- 0.001939 s

maxsize : 17
nodes : 5010.000000
filtered : 36599.000000
time : 0.015597
