Parameters: GAD=1 vflib=1 dir=1 label=1 lowerbound=1 fileNameGp=../graphsdb/mcs50/m2D/m2Dr2/mcs50_m2Dr2_s90.A01 fileNameGt=../graphsdb/mcs50/m2D/m2Dr2/mcs50_m2Dr2_s90.B01
Reading graphs...
90 : 179
90 : 179
Initializing...
maxdom : 11
D->valSize : 519
Solving...
Blb : 2 (clique : 40)
currentSize : 40 <-- 0.006011 s
currentSize : 41 <-- 0.006386 s
currentSize : 42 <-- 0.007069 s
currentSize : 43 <-- 0.007276 s
currentSize : 45 <-- 0.009654 s
currentSize : 46 <-- 0.058670 s
currentSize : 47 <-- 0.059405 s
currentSize : 48 <-- 1.094629 s

TIMEOUT
maxsize : 48
nodes : 680693646.000000
filtered : 4142439349.000000
time : 3600.000000
