Parameters: GAD=1 vflib=1 dir=1 label=1 lowerbound=1 fileNameGp=../graphsdb/mcs50/m3D/m3D/mcs50_m3D_s60.A02 fileNameGt=../graphsdb/mcs50/m3D/m3D/mcs50_m3D_s60.B02
Reading graphs...
60 : 134
60 : 134
Initializing...
maxdom : 7
D->valSize : 237
Solving...
Blb : 2 (clique : 22)
currentSize : 22 <-- 0.001672 s
currentSize : 23 <-- 0.002237 s
currentSize : 24 <-- 0.004321 s
currentSize : 25 <-- 0.004474 s
currentSize : 26 <-- 0.005682 s
currentSize : 27 <-- 0.118430 s
currentSize : 28 <-- 0.171379 s
currentSize : 29 <-- 0.279329 s

maxsize : 29
nodes : 1896352.000000
filtered : 11809992.000000
time : 8.013335
