Parameters: GAD=1 vflib=1 dir=1 label=1 lowerbound=1 fileNameGp=../graphsdb/mcs50/m3D/m3Dr2/mcs50_m3Dr2_s50.A09 fileNameGt=../graphsdb/mcs50/m3D/m3Dr2/mcs50_m3Dr2_s50.B09
Reading graphs...
50 : 119
50 : 117
Initializing...
maxdom : 8
D->valSize : 328
Solving...
Blb : 5 (clique : 18)
currentSize : 18 <-- 0.003877 s
currentSize : 19 <-- 0.038051 s
currentSize : 20 <-- 0.144338 s
currentSize : 21 <-- 4.867675 s
currentSize : 22 <-- 4.867826 s
currentSize : 23 <-- 4.868811 s
currentSize : 25 <-- 14.908717 s
currentSize : 26 <-- 14.908774 s
currentSize : 27 <-- 14.910124 s

maxsize : 27
nodes : 4007553.000000
filtered : 44147120.000000
time : 18.091640
