Parameters: GAD=1 vflib=1 dir=1 label=1 lowerbound=1 fileNameGp=../graphsdb/mcs50/bvg/b06m/mcs50_b06m_s60.A32 fileNameGt=../graphsdb/mcs50/bvg/b06m/mcs50_b06m_s60.B32
Reading graphs...
60 : 180
60 : 180
Initializing...
maxdom : 6
D->valSize : 238
Solving...
Blb : 2 (clique : 24)
currentSize : 24 <-- 0.001737 s
currentSize : 25 <-- 0.001982 s
currentSize : 26 <-- 0.002485 s
currentSize : 27 <-- 0.028061 s
currentSize : 28 <-- 0.028708 s
currentSize : 29 <-- 0.055998 s
currentSize : 30 <-- 0.240612 s

maxsize : 30
nodes : 1350113.000000
filtered : 6643928.000000
time : 5.346681
