Parameters: GAD=1 vflib=1 dir=1 label=1 lowerbound=1 fileNameGp=../graphsdb/mcs50/m3D/m3Dr6/mcs50_m3Dr6_s50.A36 fileNameGt=../graphsdb/mcs50/m3D/m3Dr6/mcs50_m3Dr6_s50.B36
Reading graphs...
50 : 139
50 : 136
Initializing...
maxdom : 8
D->valSize : 311
Solving...
Blb : 5 (clique : 18)
currentSize : 18 <-- 0.002289 s
currentSize : 19 <-- 1.016606 s
currentSize : 20 <-- 1.080596 s
currentSize : 22 <-- 1.181053 s
currentSize : 23 <-- 1.491220 s
currentSize : 24 <-- 1.491502 s
currentSize : 26 <-- 1.491797 s
currentSize : 27 <-- 1.492062 s

maxsize : 27
nodes : 450819.000000
filtered : 5068569.000000
time : 2.061937
