Parameters: GAD=1 vflib=1 dir=1 label=1 lowerbound=1 fileNameGp=../graphsdb/mcs50/bvg/b06/mcs50_b06_s50.A03 fileNameGt=../graphsdb/mcs50/bvg/b06/mcs50_b06_s50.B03
Reading graphs...
50 : 150
50 : 150
Initializing...
maxdom : 9
D->valSize : 332
Solving...
Blb : 2 (clique : 17)
currentSize : 17 <-- 0.002465 s
currentSize : 18 <-- 0.002584 s
currentSize : 19 <-- 0.002718 s
currentSize : 20 <-- 0.002899 s
currentSize : 23 <-- 0.003409 s
currentSize : 25 <-- 0.004521 s
currentSize : 26 <-- 0.005851 s

maxsize : 26
nodes : 353546.000000
filtered : 4879999.000000
time : 1.748247
