Parameters: GAD=1 vflib=1 dir=1 label=1 lowerbound=1 fileNameGp=../graphsdb/mcs50/rand/r01/mcs50_r01_s80.A20 fileNameGt=../graphsdb/mcs50/rand/r01/mcs50_r01_s80.B20
Reading graphs...
80 : 631
80 : 631
Initializing...
maxdom : 10
D->valSize : 451
Solving...
Blb : 2 (clique : 14)
currentSize : 14 <-- 0.006714 s
currentSize : 15 <-- 0.049149 s
currentSize : 16 <-- 0.100701 s
currentSize : 17 <-- 0.184272 s
currentSize : 18 <-- 0.251396 s
currentSize : 19 <-- 0.371496 s
currentSize : 20 <-- 0.582714 s
currentSize : 22 <-- 0.852849 s
currentSize : 23 <-- 0.934107 s
currentSize : 24 <-- 1.255044 s
currentSize : 29 <-- 1.255226 s
currentSize : 31 <-- 1.512606 s
currentSize : 32 <-- 1.822751 s
currentSize : 40 <-- 2.207456 s

maxsize : 40
nodes : 426806.000000
filtered : 6196762.000000
time : 2.572238
