Parameters: GAD=1 vflib=1 dir=1 label=1 lowerbound=1 fileNameGp=../graphsdb/mcs50/m3D/m3Dr4/mcs50_m3Dr4_s50.A46 fileNameGt=../graphsdb/mcs50/m3D/m3Dr4/mcs50_m3Dr4_s50.B46
Reading graphs...
50 : 128
50 : 128
Initializing...
maxdom : 11
D->valSize : 343
Solving...
Blb : 2 (clique : 21)
currentSize : 21 <-- 0.002683 s
currentSize : 23 <-- 0.002827 s
currentSize : 24 <-- 0.003042 s
currentSize : 25 <-- 0.293520 s
currentSize : 26 <-- 0.293598 s
currentSize : 27 <-- 0.295834 s
currentSize : 28 <-- 0.298056 s
currentSize : 29 <-- 0.310447 s

maxsize : 29
nodes : 312491.000000
filtered : 2781175.000000
time : 1.291184
