Parameters: GAD=1 vflib=1 dir=1 label=1 lowerbound=1 fileNameGp=../graphsdb/mcs50/bvg/b06/mcs50_b06_s100.A20 fileNameGt=../graphsdb/mcs50/bvg/b06/mcs50_b06_s100.B20
Reading graphs...
100 : 300
100 : 300
Initializing...
maxdom : 9
D->valSize : 356
Solving...
Blb : 2 (clique : 34)
currentSize : 34 <-- 0.003622 s
currentSize : 35 <-- 0.004040 s
currentSize : 39 <-- 0.004185 s
currentSize : 40 <-- 0.006607 s
currentSize : 44 <-- 0.032601 s
currentSize : 45 <-- 0.054462 s
currentSize : 46 <-- 1.381322 s
currentSize : 47 <-- 1.455890 s
currentSize : 48 <-- 2.441470 s
currentSize : 49 <-- 71.102158 s
currentSize : 50 <-- 71.108841 s
currentSize : 51 <-- 96.918785 s

maxsize : 51
nodes : 53909483.000000
filtered : 353190233.000000
time : 328.785736
