Parameters: GAD=1 vflib=1 dir=1 label=1 lowerbound=1 fileNameGp=../graphsdb/mcs50/m2D/m2D/mcs50_m2D_s90.A39 fileNameGt=../graphsdb/mcs50/m2D/m2D/mcs50_m2D_s90.B39
Reading graphs...
90 : 161
90 : 161
Initializing...
maxdom : 11
D->valSize : 572
Solving...
Blb : 2 (clique : 41)
currentSize : 41 <-- 0.007178 s
currentSize : 45 <-- 0.010416 s
currentSize : 46 <-- 0.478034 s
currentSize : 47 <-- 0.491334 s
currentSize : 48 <-- 0.817547 s
currentSize : 49 <-- 1.365198 s
currentSize : 50 <-- 1.369823 s
currentSize : 51 <-- 20.986656 s
currentSize : 52 <-- 35.175877 s
currentSize : 53 <-- 35.177521 s
currentSize : 54 <-- 614.871582 s

TIMEOUT
maxsize : 54
nodes : 597899575.000000
filtered : 4888728323.000000
time : 3600.000000
