Parameters: GAD=1 vflib=1 dir=1 label=1 lowerbound=1 fileNameGp=../graphsdb/mcs50/m2D/m2Dr2/mcs50_m2Dr2_s40.A56 fileNameGt=../graphsdb/mcs50/m2D/m2Dr2/mcs50_m2Dr2_s40.B56
Reading graphs...
40 : 75
40 : 75
Initializing...
maxdom : 9
D->valSize : 207
Solving...
Blb : 2 (clique : 14)
currentSize : 14 <-- 0.001949 s
currentSize : 15 <-- 0.002552 s
currentSize : 16 <-- 0.014872 s
currentSize : 17 <-- 0.054021 s
currentSize : 18 <-- 0.469963 s
currentSize : 19 <-- 1.237924 s
currentSize : 20 <-- 1.239752 s

maxsize : 20
nodes : 402149.000000
filtered : 4206876.000000
time : 1.751442
