Parameters: GAD=1 vflib=1 dir=1 label=1 lowerbound=1 fileNameGp=../graphsdb/mcs50/m2D/m2Dr4/mcs50_m2Dr4_s70.A41 fileNameGt=../graphsdb/mcs50/m2D/m2Dr4/mcs50_m2Dr4_s70.B41
Reading graphs...
70 : 151
70 : 150
Initializing...
maxdom : 10
D->valSize : 336
Solving...
Blb : 2 (clique : 23)
currentSize : 23 <-- 0.003029 s
currentSize : 24 <-- 0.003213 s
currentSize : 25 <-- 0.003831 s
currentSize : 26 <-- 1.250006 s
currentSize : 27 <-- 2.644024 s
currentSize : 28 <-- 2.961497 s
currentSize : 29 <-- 204.915695 s
currentSize : 30 <-- 211.699677 s
currentSize : 31 <-- 263.152527 s
currentSize : 32 <-- 266.813049 s
currentSize : 33 <-- 266.813171 s
currentSize : 34 <-- 266.981232 s
currentSize : 36 <-- 332.408661 s
currentSize : 37 <-- 332.408813 s
currentSize : 38 <-- 337.747101 s

maxsize : 38
nodes : 69630178.000000
filtered : 628549331.000000
time : 344.183258
