Parameters: GAD=1 vflib=1 dir=1 label=1 lowerbound=1 fileNameGp=../graphsdb/mcs50/bvg/b06/mcs50_b06_s35.A96 fileNameGt=../graphsdb/mcs50/bvg/b06/mcs50_b06_s35.B96
Reading graphs...
35 : 105
35 : 105
Initializing...
maxdom : 6
D->valSize : 157
Solving...
Blb : 5 (clique : 8)
currentSize : 8 <-- 0.000790 s
currentSize : 9 <-- 0.001026 s
currentSize : 10 <-- 0.001059 s
currentSize : 11 <-- 0.001370 s
currentSize : 12 <-- 0.002012 s
currentSize : 13 <-- 0.002035 s
currentSize : 15 <-- 0.002637 s
currentSize : 16 <-- 0.002686 s
currentSize : 17 <-- 0.002830 s

maxsize : 17
nodes : 9404.000000
filtered : 70653.000000
time : 0.031843
