Parameters: GAD=1 vflib=1 dir=1 label=1 lowerbound=1 fileNameGp=../graphsdb/mcs50/m2D/m2Dr2/mcs50_m2Dr2_s40.A72 fileNameGt=../graphsdb/mcs50/m2D/m2Dr2/mcs50_m2Dr2_s40.B72
Reading graphs...
40 : 75
40 : 75
Initializing...
maxdom : 9
D->valSize : 211
Solving...
Blb : 2 (clique : 15)
currentSize : 15 <-- 0.001202 s
currentSize : 16 <-- 0.002289 s
currentSize : 17 <-- 0.376658 s
currentSize : 18 <-- 0.438381 s
currentSize : 19 <-- 0.439290 s

maxsize : 19
nodes : 256334.000000
filtered : 2630617.000000
time : 1.020746
