Parameters: GAD=1 vflib=1 dir=1 label=1 lowerbound=1 fileNameGp=../graphsdb/mcs50/bvg/b03m/mcs50_b03m_s25.A98 fileNameGt=../graphsdb/mcs50/bvg/b03m/mcs50_b03m_s25.B98
Reading graphs...
25 : 37
25 : 37
Initializing...
maxdom : 9
D->valSize : 174
Solving...
Blb : 2 (clique : 11)
currentSize : 11 <-- 0.000955 s
currentSize : 12 <-- 0.001649 s
currentSize : 13 <-- 0.003777 s
currentSize : 14 <-- 0.122467 s
currentSize : 15 <-- 0.150541 s

maxsize : 15
nodes : 45868.000000
filtered : 604580.000000
time : 0.175609
