Parameters: GAD=1 vflib=1 dir=1 label=1 lowerbound=1 fileNameGp=../graphsdb/mcs50/m2D/m2Dr4/mcs50_m2Dr4_s50.A53 fileNameGt=../graphsdb/mcs50/m2D/m2Dr4/mcs50_m2Dr4_s50.B53
Reading graphs...
50 : 105
50 : 105
Initializing...
maxdom : 11
D->valSize : 342
Solving...
Blb : 2 (clique : 19)
currentSize : 19 <-- 0.002501 s
currentSize : 20 <-- 0.126964 s
currentSize : 21 <-- 1.022639 s
currentSize : 22 <-- 2.163138 s
currentSize : 23 <-- 2.356751 s
currentSize : 25 <-- 3.852333 s
currentSize : 26 <-- 7.295444 s

maxsize : 26
nodes : 3087414.000000
filtered : 48557389.000000
time : 15.503766
