Parameters: GAD=1 vflib=1 dir=1 label=1 lowerbound=1 fileNameGp=../graphsdb/mcs50/m2D/m2D/mcs50_m2D_s90.A42 fileNameGt=../graphsdb/mcs50/m2D/m2D/mcs50_m2D_s90.B42
Reading graphs...
90 : 161
90 : 161
Initializing...
maxdom : 15
D->valSize : 566
Solving...
Blb : 2 (clique : 41)
currentSize : 41 <-- 0.011679 s
currentSize : 46 <-- 0.012217 s
currentSize : 47 <-- 0.017999 s
currentSize : 48 <-- 0.228109 s
currentSize : 49 <-- 1.854124 s
currentSize : 50 <-- 1303.447876 s

TIMEOUT
maxsize : 50
nodes : 737261087.000000
filtered : 3856768572.000000
time : 3600.000000
