Parameters: GAD=1 vflib=1 dir=1 label=1 lowerbound=1 fileNameGp=../graphsdb/mcs50/m2D/m2Dr6/mcs50_m2Dr6_s70.A72 fileNameGt=../graphsdb/mcs50/m2D/m2Dr6/mcs50_m2Dr6_s70.B72
Reading graphs...
70 : 165
70 : 165
Initializing...
maxdom : 8
D->valSize : 332
Solving...
Blb : 3 (clique : 29)
currentSize : 29 <-- 0.002948 s
currentSize : 30 <-- 1.498860 s
currentSize : 31 <-- 1.510660 s
currentSize : 32 <-- 1.511289 s
currentSize : 33 <-- 14.663214 s
currentSize : 34 <-- 223.945297 s
currentSize : 35 <-- 223.948135 s
currentSize : 36 <-- 223.950043 s

maxsize : 36
nodes : 157621601.000000
filtered : 1152945131.000000
time : 741.324829
