Parameters: GAD=1 vflib=1 dir=1 label=1 lowerbound=1 fileNameGp=../graphsdb/mcs50/bvg/b09m/mcs50_b09m_s80.A20 fileNameGt=../graphsdb/mcs50/bvg/b09m/mcs50_b09m_s80.B20
Reading graphs...
80 : 360
80 : 360
Initializing...
maxdom : 13
D->valSize : 486
Solving...
Blb : 3 (clique : 33)
currentSize : 33 <-- 0.005019 s
currentSize : 36 <-- 0.005339 s
currentSize : 37 <-- 0.008078 s
currentSize : 38 <-- 5.638637 s
currentSize : 39 <-- 13.161791 s
currentSize : 40 <-- 22.573156 s
currentSize : 41 <-- 22.849548 s

maxsize : 41
nodes : 11915482.000000
filtered : 83303722.000000
time : 57.427620
