Parameters: GAD=1 vflib=1 dir=1 label=1 lowerbound=1 fileNameGp=../graphsdb/mcs50/m2D/m2Dr6/mcs50_m2Dr6_s100.A51 fileNameGt=../graphsdb/mcs50/m2D/m2Dr6/mcs50_m2Dr6_s100.B51
Reading graphs...
100 : 240
100 : 240
Initializing...
maxdom : 7
D->valSize : 359
Solving...
Blb : 2 (clique : 33)
currentSize : 33 <-- 0.003759 s
currentSize : 34 <-- 0.018488 s
currentSize : 35 <-- 0.020564 s
currentSize : 36 <-- 0.210288 s
currentSize : 37 <-- 0.768290 s
currentSize : 38 <-- 9.148904 s
currentSize : 39 <-- 9.154271 s
currentSize : 40 <-- 10.321660 s
currentSize : 41 <-- 10.359791 s
currentSize : 42 <-- 86.536446 s
currentSize : 43 <-- 193.252853 s
currentSize : 44 <-- 886.544312 s
currentSize : 45 <-- 1053.771118 s

TIMEOUT
maxsize : 45
nodes : 681329714.000000
filtered : 2850878281.000000
time : 3600.000000
