Parameters: GAD=1 vflib=1 dir=1 label=1 lowerbound=1 fileNameGp=../graphsdb/mcs50/m2D/m2Dr2/mcs50_m2Dr2_s40.A95 fileNameGt=../graphsdb/mcs50/m2D/m2Dr2/mcs50_m2Dr2_s40.B95
Reading graphs...
40 : 75
40 : 75
Initializing...
maxdom : 9
D->valSize : 196
Solving...
Blb : 2 (clique : 15)
currentSize : 15 <-- 0.001090 s
currentSize : 16 <-- 0.011132 s
currentSize : 17 <-- 0.013742 s
currentSize : 18 <-- 0.030639 s
currentSize : 19 <-- 0.058893 s

maxsize : 19
nodes : 445580.000000
filtered : 4361391.000000
time : 1.685052
