Parameters: GAD=1 vflib=1 dir=1 label=1 lowerbound=1 fileNameGp=../graphsdb/mcs50/rand/r01/mcs50_r01_s90.A04 fileNameGt=../graphsdb/mcs50/rand/r01/mcs50_r01_s90.B04
Reading graphs...
90 : 800
90 : 800
Initializing...
maxdom : 10
D->valSize : 534
Solving...
Blb : 2 (clique : 12)
currentSize : 12 <-- 0.006035 s
currentSize : 13 <-- 0.006401 s
currentSize : 14 <-- 0.006433 s
currentSize : 15 <-- 0.044684 s
currentSize : 16 <-- 0.189159 s
currentSize : 17 <-- 0.333157 s
currentSize : 18 <-- 0.942983 s
currentSize : 20 <-- 0.943902 s
currentSize : 21 <-- 0.943949 s
currentSize : 25 <-- 1.336014 s
currentSize : 26 <-- 1.336077 s
currentSize : 29 <-- 1.449287 s
currentSize : 30 <-- 1.667390 s
currentSize : 33 <-- 1.923244 s
currentSize : 38 <-- 1.947369 s
currentSize : 45 <-- 2.222375 s

maxsize : 45
nodes : 432725.000000
filtered : 5976827.000000
time : 2.685817
