Parameters: GAD=1 vflib=1 dir=1 label=1 lowerbound=1 fileNameGp=../graphsdb/mcs50/rand/r01/mcs50_r01_s40.A99 fileNameGt=../graphsdb/mcs50/rand/r01/mcs50_r01_s40.B99
Reading graphs...
40 : 155
40 : 155
Initializing...
maxdom : 11
D->valSize : 230
Solving...
Blb : 2 (clique : 9)
currentSize : 9 <-- 0.001249 s
currentSize : 10 <-- 0.001312 s
currentSize : 11 <-- 0.001416 s
currentSize : 12 <-- 0.009409 s
currentSize : 13 <-- 0.047219 s
currentSize : 14 <-- 0.063135 s
currentSize : 15 <-- 0.088547 s
currentSize : 20 <-- 0.097918 s

maxsize : 20
nodes : 24888.000000
filtered : 336857.000000
time : 0.104037
