Parameters: GAD=1 vflib=1 dir=1 label=1 lowerbound=1 fileNameGp=../graphsdb/mcs50/rand/r005/mcs50_r005_s80.A91 fileNameGt=../graphsdb/mcs50/rand/r005/mcs50_r005_s80.B91
Reading graphs...
80 : 315
80 : 315
Initializing...
maxdom : 9
D->valSize : 425
Solving...
Blb : 5 (clique : 22)
currentSize : 22 <-- 0.007546 s
currentSize : 23 <-- 0.030523 s
currentSize : 24 <-- 0.615163 s
currentSize : 25 <-- 2.740404 s
currentSize : 26 <-- 2.748609 s
currentSize : 27 <-- 9.202173 s
currentSize : 28 <-- 9.202276 s
currentSize : 29 <-- 19.900633 s
currentSize : 30 <-- 42.411964 s
currentSize : 31 <-- 42.419727 s
currentSize : 33 <-- 75.057999 s
currentSize : 34 <-- 89.939125 s
currentSize : 35 <-- 91.363129 s
currentSize : 36 <-- 91.363647 s
currentSize : 40 <-- 91.403908 s

maxsize : 40
nodes : 17228677.000000
filtered : 206726193.000000
time : 101.899025
