Parameters: GAD=1 vflib=1 dir=1 label=1 lowerbound=1 fileNameGp=../graphsdb/mcs50/m3D/m3Dr4/mcs50_m3Dr4_s60.A20 fileNameGt=../graphsdb/mcs50/m3D/m3Dr4/mcs50_m3Dr4_s60.B20
Reading graphs...
60 : 158
60 : 158
Initializing...
maxdom : 9
D->valSize : 270
Solving...
Blb : 2 (clique : 17)
currentSize : 17 <-- 0.002034 s
currentSize : 18 <-- 0.002219 s
currentSize : 19 <-- 0.060067 s
currentSize : 20 <-- 0.108145 s
currentSize : 21 <-- 6.893929 s
currentSize : 22 <-- 7.613804 s
currentSize : 23 <-- 9.231707 s
currentSize : 24 <-- 11.385074 s
currentSize : 25 <-- 11.388715 s
currentSize : 26 <-- 11.443536 s
currentSize : 27 <-- 11.443625 s
currentSize : 28 <-- 11.444089 s

maxsize : 28
nodes : 3709479.000000
filtered : 31238250.000000
time : 16.047632
