Parameters: GAD=1 vflib=1 dir=1 label=1 lowerbound=1 fileNameGp=../graphsdb/mcs50/rand/r02/mcs50_r02_s90.A61 fileNameGt=../graphsdb/mcs50/rand/r02/mcs50_r02_s90.B61
Reading graphs...
90 : 1601
90 : 1601
Initializing...
maxdom : 10
D->valSize : 578
Solving...
Blb : 5 (clique : 8)
currentSize : 8 <-- 0.006359 s
currentSize : 10 <-- 0.007205 s
currentSize : 23 <-- 0.011685 s
currentSize : 31 <-- 0.021046 s
currentSize : 45 <-- 0.029195 s

maxsize : 45
nodes : 7157.000000
filtered : 246434.000000
time : 0.061864
