Parameters: GAD=1 vflib=1 dir=1 label=1 lowerbound=1 fileNameGp=../graphsdb/mcs50/m2D/m2Dr2/mcs50_m2Dr2_s80.A76 fileNameGt=../graphsdb/mcs50/m2D/m2Dr2/mcs50_m2Dr2_s80.B76
Reading graphs...
80 : 158
80 : 158
Initializing...
maxdom : 9
D->valSize : 458
Solving...
Blb : 2 (clique : 34)
currentSize : 34 <-- 0.004906 s
currentSize : 35 <-- 0.005360 s
currentSize : 36 <-- 0.006249 s
currentSize : 37 <-- 0.013023 s
currentSize : 38 <-- 0.013418 s
currentSize : 39 <-- 0.169715 s

TIMEOUT
maxsize : 39
nodes : 630404191.000000
filtered : 6416857291.000000
time : 3600.000000
