Parameters: GAD=1 vflib=1 dir=1 label=1 lowerbound=1 fileNameGp=../graphsdb/mcs50/bvg/b09/mcs50_b09_s80.A90 fileNameGt=../graphsdb/mcs50/bvg/b09/mcs50_b09_s80.B90
Reading graphs...
80 : 360
80 : 360
Initializing...
maxdom : 7
D->valSize : 428
Solving...
Blb : 3 (clique : 21)
currentSize : 21 <-- 0.003951 s
currentSize : 23 <-- 0.004108 s
currentSize : 24 <-- 13.223651 s
currentSize : 25 <-- 13.225809 s
currentSize : 26 <-- 21.274952 s
currentSize : 27 <-- 21.276276 s
currentSize : 31 <-- 34.814827 s
currentSize : 32 <-- 34.814919 s
currentSize : 33 <-- 34.815006 s
currentSize : 34 <-- 34.815140 s
currentSize : 35 <-- 34.816643 s
currentSize : 36 <-- 57.201584 s
currentSize : 37 <-- 68.429146 s
currentSize : 38 <-- 81.728470 s
currentSize : 39 <-- 81.728569 s
currentSize : 40 <-- 81.728691 s

maxsize : 40
nodes : 51061068.000000
filtered : 295787554.000000
time : 237.582092
