Parameters: GAD=1 vflib=1 dir=1 label=1 lowerbound=1 fileNameGp=../graphsdb/mcs50/rand/r02/mcs50_r02_s90.A52 fileNameGt=../graphsdb/mcs50/rand/r02/mcs50_r02_s90.B52
Reading graphs...
90 : 1601
90 : 1601
Initializing...
maxdom : 12
D->valSize : 565
Solving...
Blb : 2 (clique : 15)
currentSize : 15 <-- 0.006345 s
currentSize : 19 <-- 0.007587 s
currentSize : 21 <-- 0.025750 s
currentSize : 26 <-- 0.036461 s
currentSize : 31 <-- 0.036605 s
currentSize : 45 <-- 0.036812 s

maxsize : 45
nodes : 7049.000000
filtered : 224664.000000
time : 0.058229
