Parameters: GAD=1 vflib=1 dir=1 label=1 lowerbound=1 fileNameGp=../graphsdb/mcs50/bvg/b09/mcs50_b09_s40.A79 fileNameGt=../graphsdb/mcs50/bvg/b09/mcs50_b09_s40.B79
Reading graphs...
40 : 180
40 : 180
Initializing...
maxdom : 11
D->valSize : 258
Solving...
Blb : 3 (clique : 11)
currentSize : 11 <-- 0.001414 s
currentSize : 13 <-- 0.003352 s
currentSize : 15 <-- 0.003462 s
currentSize : 16 <-- 0.008848 s
currentSize : 17 <-- 0.025284 s
currentSize : 18 <-- 0.028363 s
currentSize : 19 <-- 0.028441 s
currentSize : 20 <-- 0.033559 s

maxsize : 20
nodes : 10103.000000
filtered : 192918.000000
time : 0.047691
