Parameters: GAD=1 vflib=1 dir=1 label=1 lowerbound=1 fileNameGp=../graphsdb/mcs50/bvg/b03/mcs50_b03_s100.A01 fileNameGt=../graphsdb/mcs50/bvg/b03/mcs50_b03_s100.B01
Reading graphs...
100 : 150
100 : 150
Initializing...
maxdom : 7
D->valSize : 354
Solving...
Blb : 2 (clique : 43)
currentSize : 43 <-- 0.003858 s
currentSize : 44 <-- 0.004490 s
currentSize : 47 <-- 0.005344 s
currentSize : 49 <-- 0.005564 s
currentSize : 50 <-- 0.012235 s
currentSize : 51 <-- 81.140594 s
currentSize : 52 <-- 628.988342 s
currentSize : 53 <-- 1015.187927 s

TIMEOUT
maxsize : 53
nodes : 705123135.000000
filtered : 2762890235.000000
time : 3600.000000
