Parameters: GAD=1 vflib=1 dir=1 label=1 lowerbound=1 fileNameGp=../graphsdb/mcs50/m2D/m2Dr6/mcs50_m2Dr6_s60.A85 fileNameGt=../graphsdb/mcs50/m2D/m2Dr6/mcs50_m2Dr6_s60.B85
Reading graphs...
60 : 140
60 : 139
Initializing...
maxdom : 9
D->valSize : 239
Solving...
Blb : 2 (clique : 20)
currentSize : 20 <-- 0.002661 s
currentSize : 21 <-- 0.002896 s
currentSize : 23 <-- 0.081486 s
currentSize : 24 <-- 0.081574 s
currentSize : 25 <-- 23.667654 s
currentSize : 26 <-- 24.891434 s
currentSize : 27 <-- 77.820221 s

maxsize : 27
nodes : 22206568.000000
filtered : 160693087.000000
time : 98.237717
