Parameters: GAD=1 vflib=1 dir=1 label=1 lowerbound=1 fileNameGp=../graphsdb/mcs50/bvg/b03/mcs50_b03_s25.A90 fileNameGt=../graphsdb/mcs50/bvg/b03/mcs50_b03_s25.B90
Reading graphs...
25 : 37
25 : 37
Initializing...
maxdom : 10
D->valSize : 157
Solving...
Blb : 2 (clique : 9)
currentSize : 9 <-- 0.001123 s
currentSize : 10 <-- 0.001204 s
currentSize : 11 <-- 0.001703 s
currentSize : 12 <-- 0.006486 s
currentSize : 13 <-- 0.012606 s
currentSize : 14 <-- 0.012683 s
currentSize : 15 <-- 0.013551 s

maxsize : 15
nodes : 3587.000000
filtered : 38155.000000
time : 0.019252
