Parameters: GAD=1 vflib=1 dir=1 label=1 lowerbound=1 fileNameGp=../graphsdb/mcs50/bvg/b09/mcs50_b09_s50.A49 fileNameGt=../graphsdb/mcs50/bvg/b09/mcs50_b09_s50.B49
Reading graphs...
50 : 225
50 : 225
Initializing...
maxdom : 9
D->valSize : 341
Solving...
Blb : 5 (clique : 18)
currentSize : 18 <-- 0.003839 s
currentSize : 19 <-- 0.582493 s
currentSize : 20 <-- 0.693351 s
currentSize : 21 <-- 0.849167 s
currentSize : 22 <-- 0.904068 s
currentSize : 23 <-- 0.904174 s
currentSize : 24 <-- 1.282520 s

maxsize : 24
nodes : 278050.000000
filtered : 4852967.000000
time : 1.346996
