Parameters: GAD=1 vflib=1 dir=1 label=1 lowerbound=1 fileNameGp=../graphsdb/mcs50/m2D/m2Dr2/mcs50_m2Dr2_s70.A68 fileNameGt=../graphsdb/mcs50/m2D/m2Dr2/mcs50_m2Dr2_s70.B68
Reading graphs...
70 : 137
70 : 137
Initializing...
maxdom : 11
D->valSize : 363
Solving...
Blb : 2 (clique : 26)
currentSize : 26 <-- 0.005161 s
currentSize : 27 <-- 1.382952 s
currentSize : 28 <-- 1.571517 s
currentSize : 29 <-- 2.032704 s
currentSize : 30 <-- 3.450065 s
currentSize : 31 <-- 4.621125 s
currentSize : 32 <-- 5.515657 s
currentSize : 33 <-- 6.441913 s
currentSize : 34 <-- 9.967705 s
currentSize : 35 <-- 20.528416 s
currentSize : 36 <-- 24.083649 s
currentSize : 37 <-- 35.321735 s
currentSize : 38 <-- 54.385223 s
currentSize : 39 <-- 74.805702 s

maxsize : 39
nodes : 15872761.000000
filtered : 158835026.000000
time : 86.151474
