Parameters: GAD=1 vflib=1 dir=1 label=1 lowerbound=1 fileNameGp=../graphsdb/mcs50/m2D/m2Dr2/mcs50_m2Dr2_s90.A34 fileNameGt=../graphsdb/mcs50/m2D/m2Dr2/mcs50_m2Dr2_s90.B34
Reading graphs...
90 : 179
90 : 179
Initializing...
maxdom : 10
D->valSize : 591
Solving...
Blb : 2 (clique : 36)
currentSize : 36 <-- 0.007635 s
currentSize : 37 <-- 0.153976 s
currentSize : 38 <-- 0.311653 s
currentSize : 39 <-- 1.280813 s
currentSize : 40 <-- 1.395302 s
currentSize : 41 <-- 1.848146 s
currentSize : 42 <-- 2.661562 s
currentSize : 43 <-- 2.846231 s

TIMEOUT
maxsize : 43
nodes : 594747376.000000
filtered : 6614179910.000000
time : 3600.000000
