Parameters: GAD=1 vflib=1 dir=1 label=1 lowerbound=1 fileNameGp=../graphsdb/mcs50/m2D/m2Dr6/mcs50_m2Dr6_s40.A83 fileNameGt=../graphsdb/mcs50/m2D/m2Dr6/mcs50_m2Dr6_s40.B83
Reading graphs...
40 : 91
40 : 91
Initializing...
maxdom : 8
D->valSize : 210
Solving...
Blb : 2 (clique : 13)
currentSize : 13 <-- 0.001871 s
currentSize : 14 <-- 0.002031 s
currentSize : 15 <-- 0.073533 s
currentSize : 16 <-- 0.130315 s
currentSize : 17 <-- 0.552826 s
currentSize : 19 <-- 1.617509 s
currentSize : 20 <-- 1.912298 s

maxsize : 20
nodes : 514838.000000
filtered : 5226204.000000
time : 2.014081
