Parameters: GAD=1 vflib=1 dir=1 label=1 lowerbound=1 fileNameGp=../graphsdb/mcs50/m3D/m3Dr2/mcs50_m3Dr2_s50.A12 fileNameGt=../graphsdb/mcs50/m3D/m3Dr2/mcs50_m3Dr2_s50.B12
Reading graphs...
50 : 119
50 : 118
Initializing...
maxdom : 12
D->valSize : 335
Solving...
Blb : 2 (clique : 19)
currentSize : 19 <-- 0.003596 s
currentSize : 20 <-- 0.031950 s
currentSize : 21 <-- 1.217237 s
currentSize : 22 <-- 3.346221 s
currentSize : 23 <-- 5.232651 s
currentSize : 24 <-- 7.059196 s
currentSize : 26 <-- 9.960312 s
currentSize : 27 <-- 9.960393 s
currentSize : 28 <-- 9.960450 s

maxsize : 28
nodes : 2227841.000000
filtered : 32917996.000000
time : 10.412839
