Parameters: GAD=1 vflib=1 dir=1 label=1 lowerbound=1 fileNameGp=../graphsdb/mcs50/m2D/m2Dr4/mcs50_m2Dr4_s60.A46 fileNameGt=../graphsdb/mcs50/m2D/m2Dr4/mcs50_m2Dr4_s60.B46
Reading graphs...
60 : 128
60 : 126
Initializing...
maxdom : 7
D->valSize : 240
Solving...
Blb : 2 (clique : 22)
currentSize : 22 <-- 0.002756 s
currentSize : 24 <-- 0.006446 s
currentSize : 25 <-- 0.007729 s
currentSize : 26 <-- 52.579716 s
currentSize : 27 <-- 69.152054 s

maxsize : 27
nodes : 24734820.000000
filtered : 174059088.000000
time : 105.085121
