Parameters: GAD=1 vflib=1 dir=1 label=1 lowerbound=1 fileNameGp=../graphsdb/mcs50/bvg/b06m/mcs50_b06m_s25.A62 fileNameGt=../graphsdb/mcs50/bvg/b06m/mcs50_b06m_s25.B62
Reading graphs...
25 : 75
25 : 75
Initializing...
maxdom : 8
D->valSize : 169
Solving...
Blb : 2 (clique : 9)
currentSize : 9 <-- 0.001185 s
currentSize : 10 <-- 0.002441 s
currentSize : 11 <-- 0.008530 s
currentSize : 13 <-- 0.010622 s
currentSize : 14 <-- 0.015596 s

maxsize : 14
nodes : 2639.000000
filtered : 49035.000000
time : 0.016940
