Parameters: GAD=1 vflib=1 dir=1 label=1 lowerbound=1 fileNameGp=../graphsdb/mcs50/rand/r001/mcs50_r001_s100.A62 fileNameGt=../graphsdb/mcs50/rand/r001/mcs50_r001_s100.B62
Reading graphs...
100 : 124
100 : 124
Initializing...
maxdom : 8
D->valSize : 371
Solving...
Blb : 2 (clique : 49)
currentSize : 49 <-- 0.004303 s
currentSize : 50 <-- 0.009368 s
currentSize : 51 <-- 4.809237 s
currentSize : 52 <-- 8.394326 s
currentSize : 53 <-- 19.506077 s
currentSize : 54 <-- 347.896759 s
currentSize : 55 <-- 1437.596680 s

TIMEOUT
maxsize : 55
nodes : 720440722.000000
filtered : 2358661383.000000
time : 3600.000000
