Parameters: GAD=1 vflib=1 dir=1 label=1 lowerbound=1 fileNameGp=../graphsdb/mcs50/m2D/m2Dr4/mcs50_m2Dr4_s100.A58 fileNameGt=../graphsdb/mcs50/m2D/m2Dr4/mcs50_m2Dr4_s100.B58
Reading graphs...
100 : 220
100 : 219
Initializing...
maxdom : 7
D->valSize : 347
Solving...
Blb : 3 (clique : 39)
currentSize : 39 <-- 0.003726 s
currentSize : 40 <-- 0.082645 s
currentSize : 41 <-- 0.084218 s
currentSize : 42 <-- 6.266552 s
currentSize : 43 <-- 6.268953 s
currentSize : 44 <-- 6.270463 s
currentSize : 45 <-- 230.835022 s
currentSize : 46 <-- 467.226868 s

TIMEOUT
maxsize : 46
nodes : 732562204.000000
filtered : 2951722562.000000
time : 3600.000000
