Parameters: GAD=1 vflib=1 dir=1 label=1 lowerbound=1 fileNameGp=../graphsdb/mcs50/m2D/m2Dr2/mcs50_m2Dr2_s70.A69 fileNameGt=../graphsdb/mcs50/m2D/m2Dr2/mcs50_m2Dr2_s70.B69
Reading graphs...
70 : 137
70 : 137
Initializing...
maxdom : 8
D->valSize : 356
Solving...
Blb : 2 (clique : 33)
currentSize : 33 <-- 0.003267 s
currentSize : 34 <-- 2.028870 s
currentSize : 35 <-- 10.385143 s
currentSize : 36 <-- 13.365759 s
currentSize : 37 <-- 16.887524 s
currentSize : 38 <-- 244.240204 s
currentSize : 39 <-- 244.667862 s
currentSize : 40 <-- 264.408783 s

maxsize : 40
nodes : 73179955.000000
filtered : 549664992.000000
time : 348.859894
