Parameters: GAD=1 vflib=1 dir=1 label=1 lowerbound=1 fileNameGp=../graphsdb/mcs50/bvg/b09m/mcs50_b09m_s70.A20 fileNameGt=../graphsdb/mcs50/bvg/b09m/mcs50_b09m_s70.B20
Reading graphs...
70 : 315
70 : 315
Initializing...
maxdom : 9
D->valSize : 328
Solving...
Blb : 3 (clique : 19)
currentSize : 19 <-- 0.004167 s
currentSize : 20 <-- 0.285810 s
currentSize : 21 <-- 0.436911 s
currentSize : 22 <-- 1.109213 s
currentSize : 23 <-- 1.464025 s
currentSize : 24 <-- 1.464234 s
currentSize : 25 <-- 3.531436 s
currentSize : 31 <-- 9.264475 s
currentSize : 32 <-- 10.152345 s
currentSize : 33 <-- 10.461570 s
currentSize : 34 <-- 10.461828 s

maxsize : 34
nodes : 2908451.000000
filtered : 23812762.000000
time : 14.067578
