Parameters: GAD=1 vflib=1 dir=1 label=1 lowerbound=1 fileNameGp=../graphsdb/mcs50/bvg/b06/mcs50_b06_s40.A23 fileNameGt=../graphsdb/mcs50/bvg/b06/mcs50_b06_s40.B23
Reading graphs...
40 : 120
40 : 120
Initializing...
maxdom : 7
D->valSize : 207
Solving...
Blb : 2 (clique : 14)
currentSize : 14 <-- 0.001303 s
currentSize : 15 <-- 0.001412 s
currentSize : 16 <-- 0.001451 s
currentSize : 17 <-- 0.001547 s
currentSize : 18 <-- 0.001590 s
currentSize : 19 <-- 0.189665 s
currentSize : 20 <-- 0.190137 s

maxsize : 20
nodes : 77120.000000
filtered : 759707.000000
time : 0.287675
