Parameters: GAD=1 vflib=1 dir=1 label=1 lowerbound=1 fileNameGp=../graphsdb/mcs50/bvg/b06m/mcs50_b06m_s40.A96 fileNameGt=../graphsdb/mcs50/bvg/b06m/mcs50_b06m_s40.B96
Reading graphs...
40 : 120
40 : 120
Initializing...
maxdom : 8
D->valSize : 203
Solving...
Blb : 2 (clique : 16)
currentSize : 16 <-- 0.001130 s
currentSize : 18 <-- 0.001245 s
currentSize : 19 <-- 0.001631 s
currentSize : 20 <-- 0.001785 s
currentSize : 21 <-- 0.002362 s

maxsize : 21
nodes : 10550.000000
filtered : 81670.000000
time : 0.038775
