Parameters: GAD=1 vflib=1 dir=1 label=1 lowerbound=1 fileNameGp=../graphsdb/mcs50/bvg/b06/mcs50_b06_s25.A04 fileNameGt=../graphsdb/mcs50/bvg/b06/mcs50_b06_s25.B04
Reading graphs...
25 : 75
25 : 75
Initializing...
maxdom : 10
D->valSize : 161
Solving...
Blb : 3 (clique : 9)
currentSize : 9 <-- 0.001131 s
currentSize : 10 <-- 0.016601 s
currentSize : 11 <-- 0.016760 s
currentSize : 12 <-- 0.016983 s
currentSize : 13 <-- 0.017900 s

maxsize : 13
nodes : 3473.000000
filtered : 48733.000000
time : 0.018793
