Parameters: GAD=1 vflib=1 dir=1 label=1 lowerbound=1 fileNameGp=../graphsdb/mcs50/bvg/b03m/mcs50_b03m_s80.A40 fileNameGt=../graphsdb/mcs50/bvg/b03m/mcs50_b03m_s80.B40
Reading graphs...
80 : 120
80 : 120
Initializing...
maxdom : 13
D->valSize : 490
Solving...
Blb : 2 (clique : 40)
currentSize : 40 <-- 0.005420 s
currentSize : 41 <-- 0.006029 s
currentSize : 42 <-- 0.006169 s
currentSize : 43 <-- 22.041828 s
currentSize : 44 <-- 22.740950 s
currentSize : 45 <-- 3599.304932 s

TIMEOUT
maxsize : 45
nodes : 625313971.000000
filtered : 6520989993.000000
time : 3600.000000
