Parameters: GAD=1 vflib=1 dir=1 label=1 lowerbound=1 fileNameGp=../graphsdb/mcs50/rand/r005/mcs50_r005_s80.A17 fileNameGt=../graphsdb/mcs50/rand/r005/mcs50_r005_s80.B17
Reading graphs...
80 : 315
80 : 315
Initializing...
maxdom : 10
D->valSize : 413
Solving...
Blb : 2 (clique : 18)
currentSize : 18 <-- 0.006438 s
currentSize : 20 <-- 0.006658 s
currentSize : 21 <-- 0.006702 s
currentSize : 22 <-- 0.010739 s
currentSize : 23 <-- 0.010904 s
currentSize : 24 <-- 0.041934 s
currentSize : 25 <-- 0.244845 s
currentSize : 26 <-- 0.245581 s
currentSize : 27 <-- 0.252385 s
currentSize : 28 <-- 0.254827 s
currentSize : 29 <-- 0.394439 s
currentSize : 30 <-- 0.395324 s
currentSize : 31 <-- 0.623482 s
currentSize : 32 <-- 1.419925 s
currentSize : 33 <-- 1.810249 s
currentSize : 34 <-- 1.810463 s
currentSize : 35 <-- 1.826529 s
currentSize : 36 <-- 6.551422 s
currentSize : 37 <-- 6.646641 s
currentSize : 40 <-- 6.669062 s

maxsize : 40
nodes : 2331221.000000
filtered : 25770748.000000
time : 13.574233
