Parameters: GAD=1 vflib=1 dir=1 label=1 lowerbound=1 fileNameGp=../graphsdb/mcs50/m3D/m3D/mcs50_m3D_s60.A15 fileNameGt=../graphsdb/mcs50/m3D/m3D/mcs50_m3D_s60.B15
Reading graphs...
60 : 134
60 : 134
Initializing...
maxdom : 8
D->valSize : 260
Solving...
Blb : 2 (clique : 20)
currentSize : 20 <-- 0.003081 s
currentSize : 22 <-- 0.003300 s
currentSize : 24 <-- 0.008990 s
currentSize : 25 <-- 0.009632 s
currentSize : 27 <-- 0.027805 s
currentSize : 28 <-- 4.177971 s
currentSize : 30 <-- 4.263135 s
currentSize : 31 <-- 4.312049 s

maxsize : 31
nodes : 1693433.000000
filtered : 11399014.000000
time : 7.294283
