Parameters: GAD=1 vflib=1 dir=1 label=1 lowerbound=1 fileNameGp=../graphsdb/mcs50/bvg/b03/mcs50_b03_s40.A90 fileNameGt=../graphsdb/mcs50/bvg/b03/mcs50_b03_s40.B90
Reading graphs...
40 : 60
40 : 60
Initializing...
maxdom : 6
D->valSize : 203
Solving...
Blb : 2 (clique : 17)
currentSize : 17 <-- 0.001265 s
currentSize : 18 <-- 0.002414 s
currentSize : 19 <-- 0.017117 s
currentSize : 20 <-- 0.017328 s
currentSize : 21 <-- 0.179743 s
currentSize : 22 <-- 1.496484 s
currentSize : 23 <-- 1.544672 s
currentSize : 24 <-- 1.677023 s

maxsize : 24
nodes : 441956.000000
filtered : 3629705.000000
time : 1.777696
