Parameters: GAD=1 vflib=1 dir=1 label=1 lowerbound=1 fileNameGp=../graphsdb/mcs50/rand/r005/mcs50_r005_s100.A73 fileNameGt=../graphsdb/mcs50/rand/r005/mcs50_r005_s100.B73
Reading graphs...
100 : 494
100 : 494
Initializing...
maxdom : 7
D->valSize : 361
Solving...
Blb : 2 (clique : 24)
currentSize : 24 <-- 0.003737 s
currentSize : 28 <-- 0.003979 s
currentSize : 29 <-- 0.004736 s
currentSize : 30 <-- 0.005372 s
currentSize : 33 <-- 0.006984 s
currentSize : 34 <-- 0.007790 s
currentSize : 35 <-- 0.401555 s
currentSize : 37 <-- 0.698138 s
currentSize : 38 <-- 0.698758 s
currentSize : 41 <-- 3.321988 s
currentSize : 45 <-- 11.664965 s
currentSize : 46 <-- 18.548616 s
currentSize : 50 <-- 27.267944 s

maxsize : 50
nodes : 5801711.000000
filtered : 44985617.000000
time : 35.146351
