Parameters: GAD=1 vflib=1 dir=1 label=1 lowerbound=1 fileNameGp=../graphsdb/mcs50/m2D/m2Dr6/mcs50_m2Dr6_s60.A07 fileNameGt=../graphsdb/mcs50/m2D/m2Dr6/mcs50_m2Dr6_s60.B07
Reading graphs...
60 : 140
60 : 137
Initializing...
maxdom : 9
D->valSize : 230
Solving...
Blb : 2 (clique : 21)
currentSize : 21 <-- 0.001740 s
currentSize : 22 <-- 0.002314 s
currentSize : 23 <-- 0.011365 s
currentSize : 24 <-- 0.011466 s
currentSize : 25 <-- 0.104187 s
currentSize : 26 <-- 1.270656 s
currentSize : 28 <-- 39.567417 s

maxsize : 28
nodes : 18046114.000000
filtered : 122408384.000000
time : 77.209396
