Parameters: GAD=1 vflib=1 dir=1 label=1 lowerbound=1 fileNameGp=../graphsdb/mcs50/rand/r005/mcs50_r005_s100.A44 fileNameGt=../graphsdb/mcs50/rand/r005/mcs50_r005_s100.B44
Reading graphs...
100 : 494
100 : 494
Initializing...
maxdom : 8
D->valSize : 358
Solving...
Blb : 3 (clique : 34)
currentSize : 34 <-- 0.003736 s
currentSize : 36 <-- 0.006174 s
currentSize : 37 <-- 0.855648 s
currentSize : 38 <-- 0.860940 s
currentSize : 40 <-- 0.861028 s
currentSize : 41 <-- 2.899044 s
currentSize : 42 <-- 2.899425 s
currentSize : 44 <-- 2.899514 s
currentSize : 46 <-- 7.302406 s
currentSize : 50 <-- 11.911235 s

maxsize : 50
nodes : 2844389.000000
filtered : 23488913.000000
time : 17.807331
