Parameters: GAD=1 vflib=1 dir=1 label=1 lowerbound=1 fileNameGp=../graphsdb/mcs50/m2D/m2D/mcs50_m2D_s70.A15 fileNameGt=../graphsdb/mcs50/m2D/m2D/mcs50_m2D_s70.B15
Reading graphs...
70 : 123
70 : 123
Initializing...
maxdom : 9
D->valSize : 334
Solving...
Blb : 2 (clique : 25)
currentSize : 25 <-- 0.002931 s
currentSize : 26 <-- 0.003115 s
currentSize : 27 <-- 0.003286 s
currentSize : 28 <-- 1.432109 s
currentSize : 29 <-- 1.614545 s
currentSize : 30 <-- 2.689178 s
currentSize : 31 <-- 4.110488 s
currentSize : 32 <-- 5.390366 s
currentSize : 33 <-- 7.188026 s
currentSize : 34 <-- 7.194210 s
currentSize : 35 <-- 7.195441 s
currentSize : 36 <-- 10.827384 s
currentSize : 37 <-- 11.622647 s
currentSize : 38 <-- 11.657244 s
currentSize : 39 <-- 16.687374 s

maxsize : 39
nodes : 13933414.000000
filtered : 79462791.000000
time : 63.692024
