Parameters: GAD=1 vflib=1 dir=1 label=1 lowerbound=1 fileNameGp=../graphsdb/mcs50/m2D/m2Dr4/mcs50_m2Dr4_s40.A64 fileNameGt=../graphsdb/mcs50/m2D/m2Dr4/mcs50_m2Dr4_s40.B64
Reading graphs...
40 : 83
40 : 82
Initializing...
maxdom : 7
D->valSize : 196
Solving...
Blb : 2 (clique : 14)
currentSize : 14 <-- 0.001073 s
currentSize : 15 <-- 0.001151 s
currentSize : 16 <-- 0.016165 s
currentSize : 17 <-- 0.019110 s
currentSize : 18 <-- 0.053415 s
currentSize : 19 <-- 0.430920 s

maxsize : 19
nodes : 558509.000000
filtered : 5281530.000000
time : 2.197874
