Parameters: GAD=1 vflib=1 dir=1 label=1 lowerbound=1 fileNameGp=../graphsdb/mcs50/rand/r02/mcs50_r02_s30.A44 fileNameGt=../graphsdb/mcs50/rand/r02/mcs50_r02_s30.B44
Reading graphs...
30 : 173
30 : 173
Initializing...
maxdom : 6
D->valSize : 130
Solving...
Blb : 3 (clique : 6)
currentSize : 6 <-- 0.000722 s
currentSize : 7 <-- 0.000766 s
currentSize : 8 <-- 0.000952 s
currentSize : 9 <-- 0.001073 s
currentSize : 11 <-- 0.001087 s
currentSize : 15 <-- 0.001664 s

maxsize : 15
nodes : 422.000000
filtered : 6342.000000
time : 0.002222
