Parameters: GAD=1 vflib=1 dir=1 label=1 lowerbound=1 fileNameGp=../graphsdb/mcs50/m2D/m2Dr2/mcs50_m2Dr2_s70.A53 fileNameGt=../graphsdb/mcs50/m2D/m2Dr2/mcs50_m2Dr2_s70.B53
Reading graphs...
70 : 137
70 : 136
Initializing...
maxdom : 7
D->valSize : 316
Solving...
Blb : 2 (clique : 25)
currentSize : 25 <-- 0.002813 s
currentSize : 27 <-- 0.002985 s
currentSize : 28 <-- 0.003449 s
currentSize : 29 <-- 0.057516 s
currentSize : 30 <-- 141.310974 s
currentSize : 31 <-- 226.466049 s
currentSize : 32 <-- 226.466858 s
currentSize : 33 <-- 226.507980 s
currentSize : 34 <-- 1956.607056 s
currentSize : 35 <-- 1982.435913 s
currentSize : 36 <-- 1985.178223 s
currentSize : 37 <-- 2024.608276 s
currentSize : 38 <-- 2077.396240 s

maxsize : 38
nodes : 528384944.000000
filtered : 3413288008.000000
time : 2370.253906
