Parameters: GAD=1 vflib=1 dir=1 label=1 lowerbound=1 fileNameGp=../graphsdb/mcs50/m4D/m4Dr6/mcs50_m4Dr6_s40.A20 fileNameGt=../graphsdb/mcs50/m4D/m4Dr6/mcs50_m4Dr6_s40.B20
Reading graphs...
40 : 95
40 : 93
Initializing...
maxdom : 11
D->valSize : 230
Solving...
Blb : 5 (clique : 14)
currentSize : 14 <-- 0.002059 s
currentSize : 15 <-- 0.002226 s
currentSize : 16 <-- 0.091173 s
currentSize : 17 <-- 0.176723 s
currentSize : 18 <-- 0.470324 s
currentSize : 19 <-- 0.470446 s

maxsize : 19
nodes : 192868.000000
filtered : 2352983.000000
time : 0.841954
