Parameters: GAD=1 vflib=1 dir=1 label=1 lowerbound=1 fileNameGp=../graphsdb/mcs50/bvg/b09/mcs50_b09_s50.A58 fileNameGt=../graphsdb/mcs50/bvg/b09/mcs50_b09_s50.B58
Reading graphs...
50 : 225
50 : 225
Initializing...
maxdom : 10
D->valSize : 357
Solving...
Blb : 2 (clique : 18)
currentSize : 18 <-- 0.004033 s
currentSize : 20 <-- 0.012325 s
currentSize : 21 <-- 0.012453 s
currentSize : 22 <-- 0.223767 s
currentSize : 24 <-- 0.224191 s

maxsize : 24
nodes : 132459.000000
filtered : 1898235.000000
time : 0.632476
