Parameters: GAD=1 vflib=1 dir=1 label=1 lowerbound=1 fileNameGp=../graphsdb/mcs50/m2D/m2D/mcs50_m2D_s80.A28 fileNameGt=../graphsdb/mcs50/m2D/m2D/mcs50_m2D_s80.B28
Reading graphs...
80 : 142
80 : 142
Initializing...
maxdom : 10
D->valSize : 449
Solving...
Blb : 2 (clique : 35)
currentSize : 35 <-- 0.004629 s
currentSize : 37 <-- 0.004886 s
currentSize : 38 <-- 0.104665 s
currentSize : 39 <-- 0.130697 s
currentSize : 40 <-- 1.910228 s
currentSize : 41 <-- 8.053351 s

TIMEOUT
maxsize : 41
nodes : 733340715.000000
filtered : 4921534316.000000
time : 3600.000000
