Parameters: GAD=1 vflib=1 dir=1 label=1 lowerbound=1 fileNameGp=../graphsdb/mcs50/m3D/m3Dr6/mcs50_m3Dr6_s60.A64 fileNameGt=../graphsdb/mcs50/m3D/m3Dr6/mcs50_m3Dr6_s60.B64
Reading graphs...
60 : 169
60 : 167
Initializing...
maxdom : 10
D->valSize : 237
Solving...
Blb : 2 (clique : 19)
currentSize : 19 <-- 0.002562 s
currentSize : 20 <-- 0.004585 s
currentSize : 21 <-- 0.700319 s
currentSize : 25 <-- 1.726645 s
currentSize : 26 <-- 3.455180 s
currentSize : 27 <-- 3.462909 s

maxsize : 27
nodes : 1845461.000000
filtered : 12380733.000000
time : 7.884046
