Parameters: GAD=1 vflib=1 dir=1 label=1 lowerbound=1 fileNameGp=../graphsdb/mcs50/bvg/b03m/mcs50_b03m_s60.A31 fileNameGt=../graphsdb/mcs50/bvg/b03m/mcs50_b03m_s60.B31
Reading graphs...
60 : 90
60 : 90
Initializing...
maxdom : 8
D->valSize : 258
Solving...
Blb : 2 (clique : 29)
currentSize : 29 <-- 0.002101 s
currentSize : 30 <-- 0.003452 s
currentSize : 32 <-- 0.026148 s
currentSize : 33 <-- 0.028911 s
currentSize : 34 <-- 9.317205 s

maxsize : 34
nodes : 90413911.000000
filtered : 589234246.000000
time : 384.071350
