Parameters: GAD=1 vflib=1 dir=1 label=1 lowerbound=1 fileNameGp=../graphsdb/mcs50/m2D/m2D/mcs50_m2D_s100.A92 fileNameGt=../graphsdb/mcs50/m2D/m2D/mcs50_m2D_s100.B92
Reading graphs...
100 : 180
100 : 180
Initializing...
maxdom : 7
D->valSize : 349
Solving...
Blb : 2 (clique : 39)
currentSize : 39 <-- 0.005924 s
currentSize : 40 <-- 0.007825 s
currentSize : 41 <-- 0.011310 s
currentSize : 42 <-- 0.040815 s
currentSize : 43 <-- 0.053603 s
currentSize : 44 <-- 0.068692 s
currentSize : 46 <-- 1.181246 s
currentSize : 47 <-- 28.938000 s

TIMEOUT
maxsize : 47
nodes : 698537471.000000
filtered : 2583709617.000000
time : 3600.000000
