Parameters: GAD=1 vflib=1 dir=1 label=1 lowerbound=1 fileNameGp=../graphsdb/mcs50/bvg/b06/mcs50_b06_s100.A92 fileNameGt=../graphsdb/mcs50/bvg/b06/mcs50_b06_s100.B92
Reading graphs...
100 : 300
100 : 300
Initializing...
maxdom : 8
D->valSize : 394
Solving...
Blb : 2 (clique : 43)
currentSize : 43 <-- 0.004275 s
currentSize : 45 <-- 0.004578 s
currentSize : 46 <-- 0.004982 s
currentSize : 47 <-- 0.213975 s
currentSize : 48 <-- 2.792507 s
currentSize : 49 <-- 78.123726 s
currentSize : 50 <-- 79.887611 s

TIMEOUT
maxsize : 50
nodes : 724683139.000000
filtered : 2875107129.000000
time : 3600.000000
