Parameters: GAD=1 vflib=1 dir=1 label=1 lowerbound=1 fileNameGp=../graphsdb/mcs50/bvg/b03/mcs50_b03_s35.A42 fileNameGt=../graphsdb/mcs50/bvg/b03/mcs50_b03_s35.B42
Reading graphs...
35 : 52
35 : 52
Initializing...
maxdom : 9
D->valSize : 159
Solving...
Blb : 2 (clique : 14)
currentSize : 14 <-- 0.000930 s
currentSize : 15 <-- 0.001123 s
currentSize : 16 <-- 0.007812 s
currentSize : 17 <-- 0.011426 s
currentSize : 18 <-- 0.051937 s

maxsize : 18
nodes : 14911.000000
filtered : 147124.000000
time : 0.059442
