Parameters: GAD=1 vflib=1 dir=1 label=1 lowerbound=1 fileNameGp=../graphsdb/mcs50/m2D/m2Dr2/mcs50_m2Dr2_s60.A28 fileNameGt=../graphsdb/mcs50/m2D/m2Dr2/mcs50_m2Dr2_s60.B28
Reading graphs...
60 : 116
60 : 115
Initializing...
maxdom : 8
D->valSize : 226
Solving...
Blb : 2 (clique : 19)
currentSize : 19 <-- 0.002525 s
currentSize : 20 <-- 0.011593 s
currentSize : 21 <-- 0.031829 s
currentSize : 22 <-- 0.109712 s
currentSize : 23 <-- 2.635937 s
currentSize : 24 <-- 3.909159 s
currentSize : 25 <-- 5.838746 s
currentSize : 26 <-- 9.925494 s
currentSize : 27 <-- 42.119175 s

maxsize : 27
nodes : 13803953.000000
filtered : 78273398.000000
time : 57.074287
