Parameters: GAD=1 vflib=1 dir=1 label=1 lowerbound=1 fileNameGp=../graphsdb/mcs50/bvg/b03/mcs50_b03_s35.A18 fileNameGt=../graphsdb/mcs50/bvg/b03/mcs50_b03_s35.B18
Reading graphs...
35 : 52
35 : 52
Initializing...
maxdom : 6
D->valSize : 156
Solving...
Blb : 2 (clique : 16)
currentSize : 16 <-- 0.000937 s
currentSize : 17 <-- 0.109686 s
currentSize : 18 <-- 0.275710 s
currentSize : 19 <-- 0.298649 s
currentSize : 20 <-- 0.328380 s

maxsize : 20
nodes : 92970.000000
filtered : 575359.000000
time : 0.342703
