Parameters: GAD=1 vflib=1 dir=1 label=1 lowerbound=1 fileNameGp=../graphsdb/mcs50/bvg/b06m/mcs50_b06m_s80.A76 fileNameGt=../graphsdb/mcs50/bvg/b06m/mcs50_b06m_s80.B76
Reading graphs...
80 : 240
80 : 240
Initializing...
maxdom : 7
D->valSize : 408
Solving...
Blb : 3 (clique : 36)
currentSize : 36 <-- 0.006469 s
currentSize : 37 <-- 1132.214111 s
currentSize : 38 <-- 1133.426514 s
currentSize : 40 <-- 1961.968506 s
currentSize : 41 <-- 1962.935547 s

maxsize : 41
nodes : 501429556.000000
filtered : 4880381487.000000
time : 2770.253174
