Parameters: GAD=1 vflib=1 dir=1 label=1 lowerbound=1 fileNameGp=../graphsdb/mcs50/bvg/b03/mcs50_b03_s50.A92 fileNameGt=../graphsdb/mcs50/bvg/b03/mcs50_b03_s50.B92
Reading graphs...
50 : 75
50 : 75
Initializing...
maxdom : 10
D->valSize : 329
Solving...
Blb : 2 (clique : 22)
currentSize : 22 <-- 0.002479 s
currentSize : 23 <-- 0.002613 s
currentSize : 24 <-- 0.532968 s
currentSize : 25 <-- 10.882107 s
currentSize : 26 <-- 38.482655 s
currentSize : 27 <-- 42.761627 s
currentSize : 28 <-- 42.761761 s

maxsize : 28
nodes : 30710509.000000
filtered : 426101161.000000
time : 156.947144
