Parameters: GAD=1 vflib=1 dir=1 label=1 lowerbound=1 fileNameGp=../graphsdb/mcs50/bvg/b03/mcs50_b03_s40.A82 fileNameGt=../graphsdb/mcs50/bvg/b03/mcs50_b03_s40.B82
Reading graphs...
40 : 60
40 : 60
Initializing...
maxdom : 8
D->valSize : 216
Solving...
Blb : 2 (clique : 16)
currentSize : 16 <-- 0.001555 s
currentSize : 17 <-- 0.003498 s
currentSize : 18 <-- 0.049142 s
currentSize : 19 <-- 0.136290 s
currentSize : 20 <-- 0.409392 s
currentSize : 21 <-- 0.409457 s
currentSize : 22 <-- 1.557080 s
currentSize : 23 <-- 1.557763 s

maxsize : 23
nodes : 521332.000000
filtered : 5256350.000000
time : 2.256807
