Parameters: GAD=1 vflib=1 dir=1 label=1 lowerbound=1 fileNameGp=../graphsdb/mcs50/m4D/m4Dr6/mcs50_m4Dr6_s40.A28 fileNameGt=../graphsdb/mcs50/m4D/m4Dr6/mcs50_m4Dr6_s40.B28
Reading graphs...
40 : 95
40 : 92
Initializing...
maxdom : 8
D->valSize : 211
Solving...
Blb : 2 (clique : 15)
currentSize : 15 <-- 0.001200 s
currentSize : 16 <-- 0.001279 s
currentSize : 17 <-- 0.001806 s
currentSize : 18 <-- 0.013030 s
currentSize : 19 <-- 0.873722 s

maxsize : 19
nodes : 252428.000000
filtered : 2633808.000000
time : 1.113570
