Parameters: GAD=1 vflib=1 dir=1 label=1 lowerbound=1 fileNameGp=../graphsdb/mcs50/rand/r01/mcs50_r01_s80.A09 fileNameGt=../graphsdb/mcs50/rand/r01/mcs50_r01_s80.B09
Reading graphs...
80 : 631
80 : 631
Initializing...
maxdom : 11
D->valSize : 456
Solving...
Blb : 2 (clique : 11)
currentSize : 11 <-- 0.004316 s
currentSize : 12 <-- 0.004516 s
currentSize : 13 <-- 0.004606 s
currentSize : 14 <-- 0.004810 s
currentSize : 17 <-- 0.004878 s
currentSize : 19 <-- 0.005221 s
currentSize : 21 <-- 0.011594 s
currentSize : 22 <-- 0.012444 s
currentSize : 27 <-- 0.012555 s
currentSize : 28 <-- 0.122435 s
currentSize : 30 <-- 0.208770 s
currentSize : 40 <-- 0.210743 s

maxsize : 40
nodes : 64347.000000
filtered : 1292513.000000
time : 0.437259
