Parameters: GAD=1 vflib=1 dir=1 label=1 lowerbound=1 fileNameGp=../graphsdb/mcs50/bvg/b06m/mcs50_b06m_s50.A13 fileNameGt=../graphsdb/mcs50/bvg/b06m/mcs50_b06m_s50.B13
Reading graphs...
50 : 150
50 : 150
Initializing...
maxdom : 10
D->valSize : 326
Solving...
Blb : 5 (clique : 16)
currentSize : 16 <-- 0.002424 s
currentSize : 17 <-- 0.004727 s
currentSize : 18 <-- 0.011097 s
currentSize : 19 <-- 0.039306 s
currentSize : 20 <-- 0.083947 s
currentSize : 21 <-- 0.201461 s
currentSize : 22 <-- 0.657674 s
currentSize : 23 <-- 1.076258 s
currentSize : 24 <-- 1.076336 s
currentSize : 25 <-- 4.608788 s
currentSize : 26 <-- 6.748090 s

maxsize : 26
nodes : 1871816.000000
filtered : 17604217.000000
time : 7.884557
