Parameters: GAD=1 vflib=1 dir=1 label=1 lowerbound=1 fileNameGp=../graphsdb/mcs50/m2D/m2Dr2/mcs50_m2Dr2_s70.A09 fileNameGt=../graphsdb/mcs50/m2D/m2Dr2/mcs50_m2Dr2_s70.B09
Reading graphs...
70 : 137
70 : 136
Initializing...
maxdom : 8
D->valSize : 321
Solving...
Blb : 2 (clique : 31)
currentSize : 31 <-- 0.002864 s
currentSize : 32 <-- 6.489434 s
currentSize : 33 <-- 15.913502 s
currentSize : 34 <-- 252.263794 s
currentSize : 35 <-- 252.264023 s
currentSize : 36 <-- 252.264893 s
currentSize : 37 <-- 252.307495 s
currentSize : 38 <-- 253.966141 s

maxsize : 38
nodes : 74493464.000000
filtered : 623932478.000000
time : 372.311127
