Parameters: GAD=1 vflib=1 dir=1 label=1 lowerbound=1 fileNameGp=../graphsdb/mcs50/bvg/b09m/mcs50_b09m_s90.A50 fileNameGt=../graphsdb/mcs50/bvg/b09m/mcs50_b09m_s90.B50
Reading graphs...
90 : 405
90 : 405
Initializing...
maxdom : 12
D->valSize : 582
Solving...
Blb : 3 (clique : 26)
currentSize : 26 <-- 0.006843 s
currentSize : 27 <-- 79.601944 s
currentSize : 28 <-- 79.662537 s
currentSize : 29 <-- 79.776527 s
currentSize : 30 <-- 106.278534 s
currentSize : 31 <-- 106.779800 s
currentSize : 32 <-- 106.779915 s
currentSize : 34 <-- 1458.630127 s
currentSize : 36 <-- 2177.196777 s
currentSize : 38 <-- 2177.197021 s
currentSize : 41 <-- 2177.248291 s
currentSize : 42 <-- 2186.335693 s
currentSize : 44 <-- 2193.479248 s

maxsize : 44
nodes : 430667265.000000
filtered : 5181909764.000000
time : 2544.926270
