Parameters: GAD=1 vflib=1 dir=1 label=1 lowerbound=1 fileNameGp=../graphsdb/mcs50/bvg/b09/mcs50_b09_s70.A00 fileNameGt=../graphsdb/mcs50/bvg/b09/mcs50_b09_s70.B00
Reading graphs...
70 : 315
70 : 315
Initializing...
maxdom : 9
D->valSize : 356
Solving...
Blb : 2 (clique : 19)
currentSize : 19 <-- 0.002956 s
currentSize : 20 <-- 0.007390 s
currentSize : 25 <-- 0.031448 s
currentSize : 26 <-- 0.056191 s
currentSize : 28 <-- 0.179909 s
currentSize : 30 <-- 0.180041 s
currentSize : 31 <-- 0.180533 s
currentSize : 32 <-- 0.191682 s
currentSize : 33 <-- 0.192010 s
currentSize : 34 <-- 0.195686 s

maxsize : 34
nodes : 1541177.000000
filtered : 9648611.000000
time : 7.078102
