Parameters: GAD=1 vflib=1 dir=1 label=1 lowerbound=1 fileNameGp=../graphsdb/mcs50/bvg/b09m/mcs50_b09m_s35.A64 fileNameGt=../graphsdb/mcs50/bvg/b09m/mcs50_b09m_s35.B64
Reading graphs...
35 : 157
35 : 157
Initializing...
maxdom : 8
D->valSize : 168
Solving...
Blb : 2 (clique : 8)
currentSize : 8 <-- 0.000994 s
currentSize : 9 <-- 0.001450 s
currentSize : 10 <-- 0.015035 s
currentSize : 13 <-- 0.016852 s
currentSize : 14 <-- 0.016882 s
currentSize : 15 <-- 0.016974 s
currentSize : 16 <-- 0.017119 s

maxsize : 16
nodes : 7565.000000
filtered : 71991.000000
time : 0.027628
