Parameters: GAD=1 vflib=1 dir=1 label=1 lowerbound=1 fileNameGp=../graphsdb/mcs50/m3D/m3D/mcs50_m3D_s60.A35 fileNameGt=../graphsdb/mcs50/m3D/m3D/mcs50_m3D_s60.B35
Reading graphs...
60 : 134
60 : 134
Initializing...
maxdom : 6
D->valSize : 218
Solving...
Blb : 2 (clique : 18)
currentSize : 18 <-- 0.001589 s
currentSize : 19 <-- 0.003165 s
currentSize : 20 <-- 0.014714 s
currentSize : 21 <-- 0.022494 s
currentSize : 22 <-- 3.157687 s
currentSize : 25 <-- 5.682578 s
currentSize : 26 <-- 5.682873 s
currentSize : 28 <-- 6.207721 s

maxsize : 28
nodes : 4517492.000000
filtered : 25639097.000000
time : 18.357084
