Parameters: GAD=1 vflib=1 dir=1 label=1 lowerbound=1 fileNameGp=../graphsdb/mcs50/rand/r005/mcs50_r005_s60.A44 fileNameGt=../graphsdb/mcs50/rand/r005/mcs50_r005_s60.B44
Reading graphs...
60 : 176
60 : 176
Initializing...
maxdom : 8
D->valSize : 258
Solving...
Blb : 3 (clique : 20)
currentSize : 20 <-- 0.001840 s
currentSize : 21 <-- 0.023928 s
currentSize : 22 <-- 0.024639 s
currentSize : 23 <-- 0.212231 s
currentSize : 26 <-- 1.236768 s
currentSize : 27 <-- 1.237907 s
currentSize : 28 <-- 1.238021 s
currentSize : 30 <-- 1.244851 s

maxsize : 30
nodes : 569854.000000
filtered : 4813403.000000
time : 2.624195
