Parameters: GAD=1 vflib=1 dir=1 label=1 lowerbound=1 fileNameGp=../graphsdb/mcs50/m2D/m2Dr6/mcs50_m2Dr6_s90.A59 fileNameGt=../graphsdb/mcs50/m2D/m2Dr6/mcs50_m2Dr6_s90.B59
Reading graphs...
90 : 215
90 : 215
Initializing...
maxdom : 10
D->valSize : 575
Solving...
Blb : 2 (clique : 33)
currentSize : 33 <-- 0.006934 s
currentSize : 34 <-- 0.476490 s
currentSize : 35 <-- 1.565935 s
currentSize : 36 <-- 4.205649 s
currentSize : 37 <-- 26.609535 s
currentSize : 38 <-- 27.025282 s
currentSize : 39 <-- 152.954102 s
currentSize : 40 <-- 153.382996 s
currentSize : 41 <-- 633.393677 s

TIMEOUT
maxsize : 41
nodes : 584448613.000000
filtered : 6178119469.000000
time : 3600.000000
