Parameters: GAD=1 vflib=1 dir=1 label=1 lowerbound=1 fileNameGp=../graphsdb/mcs50/rand/r01/mcs50_r01_s50.A09 fileNameGt=../graphsdb/mcs50/rand/r01/mcs50_r01_s50.B09
Reading graphs...
50 : 244
50 : 244
Initializing...
maxdom : 13
D->valSize : 372
Solving...
Blb : 2 (clique : 10)
currentSize : 10 <-- 0.002842 s
currentSize : 11 <-- 0.003086 s
currentSize : 12 <-- 0.003155 s
currentSize : 13 <-- 0.004799 s
currentSize : 14 <-- 0.032128 s
currentSize : 15 <-- 0.312639 s
currentSize : 17 <-- 0.529460 s
currentSize : 21 <-- 0.631660 s
currentSize : 25 <-- 0.631757 s

maxsize : 25
nodes : 158989.000000
filtered : 2666831.000000
time : 0.770864
