Parameters: GAD=1 vflib=1 dir=1 label=1 lowerbound=1 fileNameGp=../graphsdb/mcs50/rand/r01/mcs50_r01_s80.A31 fileNameGt=../graphsdb/mcs50/rand/r01/mcs50_r01_s80.B31
Reading graphs...
80 : 631
80 : 631
Initializing...
maxdom : 8
D->valSize : 428
Solving...
Blb : 2 (clique : 16)
currentSize : 16 <-- 0.006243 s
currentSize : 17 <-- 0.006480 s
currentSize : 22 <-- 0.006581 s
currentSize : 24 <-- 0.006662 s
currentSize : 25 <-- 0.007024 s
currentSize : 30 <-- 0.007135 s
currentSize : 32 <-- 0.140711 s
currentSize : 40 <-- 0.249281 s

maxsize : 40
nodes : 76576.000000
filtered : 1600918.000000
time : 0.545879
