Parameters: GAD=1 vflib=1 dir=1 label=1 lowerbound=1 fileNameGp=../graphsdb/mcs50/m3D/m3D/mcs50_m3D_s50.A53 fileNameGt=../graphsdb/mcs50/m3D/m3D/mcs50_m3D_s50.B53
Reading graphs...
50 : 109
50 : 109
Initializing...
maxdom : 10
D->valSize : 363
Solving...
Blb : 2 (clique : 22)
currentSize : 22 <-- 0.002758 s
currentSize : 23 <-- 0.002935 s
currentSize : 24 <-- 0.002951 s
currentSize : 25 <-- 0.003117 s
currentSize : 27 <-- 3.948311 s
currentSize : 28 <-- 7.512978 s

maxsize : 28
nodes : 2121489.000000
filtered : 32415039.000000
time : 10.710099
