Parameters: GAD=1 vflib=1 dir=1 label=1 lowerbound=1 fileNameGp=../graphsdb/mcs50/m2D/m2Dr2/mcs50_m2Dr2_s70.A51 fileNameGt=../graphsdb/mcs50/m2D/m2Dr2/mcs50_m2Dr2_s70.B51
Reading graphs...
70 : 137
70 : 137
Initializing...
maxdom : 10
D->valSize : 350
Solving...
Blb : 2 (clique : 32)
currentSize : 32 <-- 0.003172 s
currentSize : 33 <-- 40.462509 s
currentSize : 34 <-- 40.466713 s
currentSize : 35 <-- 40.466801 s
currentSize : 36 <-- 88.036240 s
currentSize : 37 <-- 156.201813 s

maxsize : 37
nodes : 99885901.000000
filtered : 776713722.000000
time : 490.526703
