Parameters: GAD=1 vflib=1 dir=1 label=1 lowerbound=1 fileNameGp=../graphsdb/mcs50/m2D/m2Dr2/mcs50_m2Dr2_s40.A68 fileNameGt=../graphsdb/mcs50/m2D/m2Dr2/mcs50_m2Dr2_s40.B68
Reading graphs...
40 : 75
40 : 75
Initializing...
maxdom : 9
D->valSize : 207
Solving...
Blb : 2 (clique : 14)
currentSize : 14 <-- 0.001833 s
currentSize : 15 <-- 0.025121 s
currentSize : 16 <-- 0.037753 s
currentSize : 17 <-- 0.070028 s
currentSize : 18 <-- 0.084087 s
currentSize : 19 <-- 0.085367 s
currentSize : 20 <-- 0.394580 s

maxsize : 20
nodes : 112764.000000
filtered : 1080201.000000
time : 0.475300
