Parameters: GAD=1 vflib=1 dir=1 label=1 lowerbound=1 fileNameGp=../graphsdb/mcs50/bvg/b09/mcs50_b09_s90.A09 fileNameGt=../graphsdb/mcs50/bvg/b09/mcs50_b09_s90.B09
Reading graphs...
90 : 405
90 : 405
Initializing...
maxdom : 9
D->valSize : 542
Solving...
Blb : 2 (clique : 21)
currentSize : 21 <-- 0.009980 s
currentSize : 29 <-- 0.010290 s
currentSize : 30 <-- 0.014728 s
currentSize : 31 <-- 0.017053 s
currentSize : 32 <-- 0.170459 s
currentSize : 33 <-- 0.415518 s
currentSize : 34 <-- 1.040299 s
currentSize : 35 <-- 2.578108 s
currentSize : 36 <-- 180.386932 s
currentSize : 37 <-- 399.111084 s
currentSize : 38 <-- 399.111176 s
currentSize : 39 <-- 399.549530 s
currentSize : 40 <-- 399.549652 s
currentSize : 41 <-- 399.622620 s
currentSize : 42 <-- 399.626740 s
currentSize : 43 <-- 399.626892 s
currentSize : 44 <-- 1443.259766 s

maxsize : 44
nodes : 576571105.000000
filtered : 3982640668.000000
time : 3040.947754
