Parameters: GAD=1 vflib=1 dir=1 label=1 lowerbound=1 fileNameGp=../graphsdb/mcs50/rand/r005/mcs50_r005_s60.A29 fileNameGt=../graphsdb/mcs50/rand/r005/mcs50_r005_s60.B29
Reading graphs...
60 : 176
60 : 176
Initializing...
maxdom : 6
D->valSize : 251
Solving...
Blb : 2 (clique : 22)
currentSize : 22 <-- 0.002761 s
currentSize : 23 <-- 0.940911 s
currentSize : 24 <-- 2.424697 s
currentSize : 25 <-- 2.425228 s
currentSize : 26 <-- 3.833151 s
currentSize : 27 <-- 3.835576 s
currentSize : 30 <-- 3.836162 s

maxsize : 30
nodes : 1071472.000000
filtered : 8700795.000000
time : 4.940622
