Parameters: GAD=1 vflib=1 dir=1 label=1 lowerbound=1 fileNameGp=../graphsdb/mcs50/bvg/b09m/mcs50_b09m_s70.A62 fileNameGt=../graphsdb/mcs50/bvg/b09m/mcs50_b09m_s70.B62
Reading graphs...
70 : 315
70 : 315
Initializing...
maxdom : 9
D->valSize : 342
Solving...
Blb : 3 (clique : 28)
currentSize : 28 <-- 0.004474 s
currentSize : 29 <-- 0.076056 s
currentSize : 30 <-- 0.085243 s
currentSize : 31 <-- 0.086472 s
currentSize : 32 <-- 1.475541 s
currentSize : 34 <-- 1.478718 s

maxsize : 34
nodes : 1039197.000000
filtered : 7196408.000000
time : 4.849414
