Parameters: GAD=1 vflib=1 dir=1 label=1 lowerbound=1 fileNameGp=../graphsdb/mcs50/rand/r01/mcs50_r01_s30.A68 fileNameGt=../graphsdb/mcs50/rand/r01/mcs50_r01_s30.B68
Reading graphs...
30 : 86
30 : 86
Initializing...
maxdom : 7
D->valSize : 114
Solving...
Blb : 2 (clique : 9)
currentSize : 9 <-- 0.000644 s
currentSize : 10 <-- 0.000730 s
currentSize : 11 <-- 0.001044 s
currentSize : 12 <-- 0.001336 s
currentSize : 15 <-- 0.003355 s

maxsize : 15
nodes : 1759.000000
filtered : 17194.000000
time : 0.006478
