Parameters: GAD=1 vflib=1 dir=1 label=1 lowerbound=1 fileNameGp=../graphsdb/mcs50/rand/r005/mcs50_r005_s40.A36 fileNameGt=../graphsdb/mcs50/rand/r005/mcs50_r005_s40.B36
Reading graphs...
40 : 78
40 : 78
Initializing...
maxdom : 8
D->valSize : 208
Solving...
Blb : 5 (clique : 15)
currentSize : 15 <-- 0.001214 s
currentSize : 16 <-- 0.007782 s
currentSize : 17 <-- 0.013645 s
currentSize : 18 <-- 0.022142 s
currentSize : 19 <-- 1.314637 s
currentSize : 20 <-- 1.815702 s
currentSize : 21 <-- 1.819566 s

maxsize : 21
nodes : 460947.000000
filtered : 4671125.000000
time : 1.983084
