Parameters: GAD=1 vflib=1 dir=1 label=1 lowerbound=1 fileNameGp=../graphsdb/mcs50/bvg/b03/mcs50_b03_s70.A36 fileNameGt=../graphsdb/mcs50/bvg/b03/mcs50_b03_s70.B36
Reading graphs...
70 : 105
70 : 105
Initializing...
maxdom : 8
D->valSize : 329
Solving...
Blb : 2 (clique : 34)
currentSize : 34 <-- 0.002840 s
currentSize : 35 <-- 0.003140 s
currentSize : 36 <-- 0.006488 s
currentSize : 37 <-- 0.031577 s
currentSize : 38 <-- 0.215699 s
currentSize : 39 <-- 3.275809 s

TIMEOUT
maxsize : 39
nodes : 738772868.000000
filtered : 5820151134.000000
time : 3600.000000
