Parameters: GAD=1 vflib=1 dir=1 label=1 lowerbound=1 fileNameGp=../graphsdb/mcs50/rand/r02/mcs50_r02_s50.A99 fileNameGt=../graphsdb/mcs50/rand/r02/mcs50_r02_s50.B99
Reading graphs...
50 : 489
50 : 489
Initializing...
maxdom : 12
D->valSize : 355
Solving...
Blb : 2 (clique : 12)
currentSize : 12 <-- 0.002432 s
currentSize : 14 <-- 0.003655 s
currentSize : 15 <-- 0.005075 s
currentSize : 16 <-- 0.006451 s
currentSize : 25 <-- 0.006882 s

maxsize : 25
nodes : 1374.000000
filtered : 49057.000000
time : 0.010736
