Parameters: GAD=1 vflib=1 dir=1 label=1 lowerbound=1 fileNameGp=../graphsdb/mcs50/rand/r02/mcs50_r02_s60.A73 fileNameGt=../graphsdb/mcs50/rand/r02/mcs50_r02_s60.B73
Reading graphs...
60 : 707
60 : 707
Initializing...
maxdom : 9
D->valSize : 265
Solving...
Blb : 5 (clique : 8)
currentSize : 8 <-- 0.002668 s
currentSize : 9 <-- 0.003133 s
currentSize : 10 <-- 0.003929 s
currentSize : 12 <-- 0.003971 s
currentSize : 17 <-- 0.005478 s
currentSize : 30 <-- 0.005631 s

maxsize : 30
nodes : 1081.000000
filtered : 21888.000000
time : 0.011334
