Parameters: GAD=1 vflib=1 dir=1 label=1 lowerbound=1 fileNameGp=../graphsdb/mcs50/m4D/m4Dr2/mcs50_m4Dr2_s30.A12 fileNameGt=../graphsdb/mcs50/m4D/m4Dr2/mcs50_m4Dr2_s30.B12
Reading graphs...
30 : 61
30 : 60
Initializing...
maxdom : 8
D->valSize : 127
Solving...
Blb : 5 (clique : 11)
currentSize : 11 <-- 0.000676 s
currentSize : 12 <-- 0.001844 s
currentSize : 13 <-- 0.002157 s
currentSize : 14 <-- 0.002276 s
currentSize : 15 <-- 0.004973 s
currentSize : 16 <-- 0.005324 s
currentSize : 17 <-- 0.005378 s

maxsize : 17
nodes : 3103.000000
filtered : 19933.000000
time : 0.009687
