Parameters: GAD=1 vflib=1 dir=1 label=1 lowerbound=1 fileNameGp=../graphsdb/mcs50/m2D/m2D/mcs50_m2D_s60.A55 fileNameGt=../graphsdb/mcs50/m2D/m2D/mcs50_m2D_s60.B55
Reading graphs...
60 : 104
60 : 104
Initializing...
maxdom : 7
D->valSize : 238
Solving...
Blb : 2 (clique : 23)
currentSize : 23 <-- 0.002751 s
currentSize : 24 <-- 0.003243 s
currentSize : 25 <-- 0.003786 s
currentSize : 26 <-- 0.004960 s
currentSize : 27 <-- 0.011503 s
currentSize : 28 <-- 0.154454 s
currentSize : 29 <-- 6.952499 s
currentSize : 30 <-- 7.291187 s

maxsize : 30
nodes : 19335511.000000
filtered : 116348548.000000
time : 80.730949
