Parameters: GAD=1 vflib=1 dir=1 label=1 lowerbound=1 fileNameGp=../graphsdb/mcs50/bvg/b09/mcs50_b09_s100.A53 fileNameGt=../graphsdb/mcs50/bvg/b09/mcs50_b09_s100.B53
Reading graphs...
100 : 450
100 : 450
Initializing...
maxdom : 7
D->valSize : 415
Solving...
Blb : 2 (clique : 25)
currentSize : 25 <-- 0.007071 s
currentSize : 26 <-- 0.009354 s
currentSize : 27 <-- 0.016933 s
currentSize : 28 <-- 0.079204 s
currentSize : 29 <-- 0.100945 s
currentSize : 30 <-- 0.159108 s
currentSize : 33 <-- 0.723783 s
currentSize : 34 <-- 0.724198 s
currentSize : 35 <-- 0.724880 s
currentSize : 36 <-- 0.738007 s
currentSize : 37 <-- 0.738067 s
currentSize : 39 <-- 0.749576 s
currentSize : 40 <-- 0.749651 s
currentSize : 41 <-- 0.787309 s
currentSize : 42 <-- 3.415571 s
currentSize : 43 <-- 3.415688 s
currentSize : 45 <-- 603.498413 s
currentSize : 46 <-- 1499.724243 s
currentSize : 47 <-- 1499.739380 s
currentSize : 48 <-- 1500.483765 s
currentSize : 51 <-- 1501.242554 s

maxsize : 51
nodes : 668389906.000000
filtered : 2873735617.000000
time : 3522.030273
