Parameters: GAD=1 vflib=1 dir=1 label=1 lowerbound=1 fileNameGp=../graphsdb/mcs50/m2D/m2Dr2/mcs50_m2Dr2_s50.A51 fileNameGt=../graphsdb/mcs50/m2D/m2Dr2/mcs50_m2Dr2_s50.B51
Reading graphs...
50 : 95
50 : 95
Initializing...
maxdom : 10
D->valSize : 360
Solving...
Blb : 3 (clique : 22)
currentSize : 22 <-- 0.004522 s
currentSize : 23 <-- 0.045931 s
currentSize : 24 <-- 8.191486 s
currentSize : 25 <-- 85.180023 s
currentSize : 26 <-- 85.180084 s
currentSize : 27 <-- 85.180153 s

maxsize : 27
nodes : 23586076.000000
filtered : 348864761.000000
time : 119.785088
