Parameters: GAD=1 vflib=1 dir=1 label=1 lowerbound=1 fileNameGp=../graphsdb/mcs50/bvg/b09m/mcs50_b09m_s100.A51 fileNameGt=../graphsdb/mcs50/bvg/b09m/mcs50_b09m_s100.B51
Reading graphs...
100 : 450
100 : 450
Initializing...
maxdom : 7
D->valSize : 372
Solving...
Blb : 2 (clique : 33)
currentSize : 33 <-- 0.003789 s
currentSize : 36 <-- 0.011591 s
currentSize : 37 <-- 0.012728 s
currentSize : 41 <-- 0.674561 s
currentSize : 44 <-- 0.674707 s
currentSize : 45 <-- 0.675977 s
currentSize : 46 <-- 3.967482 s
currentSize : 49 <-- 10.147702 s
currentSize : 50 <-- 10.150216 s

maxsize : 50
nodes : 39444964.000000
filtered : 175569454.000000
time : 202.435974
