Parameters: GAD=1 vflib=1 dir=1 label=1 lowerbound=1 fileNameGp=../graphsdb/mcs50/m2D/m2Dr6/mcs50_m2Dr6_s70.A47 fileNameGt=../graphsdb/mcs50/m2D/m2Dr6/mcs50_m2Dr6_s70.B47
Reading graphs...
70 : 165
70 : 165
Initializing...
maxdom : 8
D->valSize : 322
Solving...
Blb : 3 (clique : 24)
currentSize : 24 <-- 0.004703 s
currentSize : 26 <-- 0.005209 s
currentSize : 27 <-- 0.006750 s
currentSize : 28 <-- 0.010893 s
currentSize : 29 <-- 0.033746 s
currentSize : 30 <-- 0.090255 s
currentSize : 31 <-- 0.090900 s
currentSize : 32 <-- 1.186057 s
currentSize : 33 <-- 1.186619 s
currentSize : 34 <-- 5.361889 s
currentSize : 35 <-- 10.366370 s
currentSize : 36 <-- 10.370735 s
currentSize : 37 <-- 35.232784 s
currentSize : 38 <-- 43.279049 s

maxsize : 38
nodes : 10149475.000000
filtered : 66144874.000000
time : 47.065567
