Parameters: GAD=1 vflib=1 dir=1 label=1 lowerbound=1 fileNameGp=../graphsdb/mcs50/m4D/m4D/mcs50_m4D_s35.A61 fileNameGt=../graphsdb/mcs50/m4D/m4D/mcs50_m4D_s35.B61
Reading graphs...
35 : 63
35 : 63
Initializing...
maxdom : 7
D->valSize : 179
Solving...
Blb : 2 (clique : 14)
currentSize : 14 <-- 0.001004 s
currentSize : 15 <-- 0.001733 s
currentSize : 16 <-- 0.102208 s
currentSize : 17 <-- 0.102235 s
currentSize : 18 <-- 0.102305 s
currentSize : 19 <-- 0.102347 s

maxsize : 19
nodes : 58831.000000
filtered : 572979.000000
time : 0.226591
