Parameters: GAD=1 vflib=1 dir=1 label=1 lowerbound=1 fileNameGp=../graphsdb/mcs50/bvg/b09m/mcs50_b09m_s90.A89 fileNameGt=../graphsdb/mcs50/bvg/b09m/mcs50_b09m_s90.B89
Reading graphs...
90 : 405
90 : 405
Initializing...
maxdom : 9
D->valSize : 549
Solving...
Blb : 3 (clique : 26)
currentSize : 26 <-- 0.010245 s
currentSize : 34 <-- 0.010595 s
currentSize : 35 <-- 0.010780 s
currentSize : 36 <-- 0.027475 s
currentSize : 37 <-- 0.225516 s
currentSize : 38 <-- 34.642612 s
currentSize : 39 <-- 34.660423 s
currentSize : 40 <-- 114.605309 s
currentSize : 41 <-- 114.606743 s
currentSize : 42 <-- 141.963715 s
currentSize : 43 <-- 141.972885 s
currentSize : 44 <-- 141.973923 s

maxsize : 44
nodes : 267705141.000000
filtered : 1363701610.000000
time : 1328.827637
