Parameters: GAD=1 vflib=1 dir=1 label=1 lowerbound=1 fileNameGp=../graphsdb/mcs50/m2D/m2Dr6/mcs50_m2Dr6_s100.A94 fileNameGt=../graphsdb/mcs50/m2D/m2Dr6/mcs50_m2Dr6_s100.B94
Reading graphs...
100 : 240
100 : 239
Initializing...
maxdom : 6
D->valSize : 349
Solving...
Blb : 2 (clique : 33)
currentSize : 33 <-- 0.003700 s
currentSize : 34 <-- 0.016689 s
currentSize : 35 <-- 0.053483 s
currentSize : 36 <-- 0.053622 s
currentSize : 37 <-- 0.054623 s
currentSize : 38 <-- 15.795023 s
currentSize : 39 <-- 15.797232 s
currentSize : 40 <-- 55.380791 s
currentSize : 41 <-- 55.380890 s
currentSize : 42 <-- 56.574001 s
currentSize : 43 <-- 67.079277 s
currentSize : 44 <-- 73.505112 s
currentSize : 46 <-- 309.738556 s
currentSize : 47 <-- 366.242218 s
currentSize : 48 <-- 399.039490 s
currentSize : 49 <-- 446.355347 s

TIMEOUT
maxsize : 49
nodes : 688444081.000000
filtered : 2304666655.000000
time : 3600.000000
