Parameters: GAD=1 vflib=1 dir=1 label=1 lowerbound=1 fileNameGp=../graphsdb/mcs50/bvg/b09m/mcs50_b09m_s50.A65 fileNameGt=../graphsdb/mcs50/bvg/b09m/mcs50_b09m_s50.B65
Reading graphs...
50 : 225
50 : 225
Initializing...
maxdom : 9
D->valSize : 329
Solving...
Blb : 2 (clique : 10)
currentSize : 10 <-- 0.002463 s
currentSize : 11 <-- 0.002730 s
currentSize : 12 <-- 0.002987 s
currentSize : 13 <-- 0.006696 s
currentSize : 14 <-- 0.008356 s
currentSize : 15 <-- 0.049880 s
currentSize : 16 <-- 0.092029 s
currentSize : 17 <-- 0.119012 s
currentSize : 18 <-- 0.119935 s
currentSize : 19 <-- 0.140909 s
currentSize : 20 <-- 0.188314 s
currentSize : 21 <-- 0.189101 s
currentSize : 22 <-- 0.227032 s
currentSize : 23 <-- 0.367737 s
currentSize : 24 <-- 0.383589 s

maxsize : 24
nodes : 253912.000000
filtered : 2147710.000000
time : 0.998301
