Parameters: GAD=1 vflib=1 dir=1 label=1 lowerbound=1 fileNameGp=../graphsdb/mcs50/m3D/m3Dr4/mcs50_m3Dr4_s60.A18 fileNameGt=../graphsdb/mcs50/m3D/m3Dr4/mcs50_m3Dr4_s60.B18
Reading graphs...
60 : 158
60 : 158
Initializing...
maxdom : 7
D->valSize : 237
Solving...
Blb : 2 (clique : 17)
currentSize : 17 <-- 0.001710 s
currentSize : 19 <-- 0.018880 s
currentSize : 20 <-- 0.054149 s
currentSize : 21 <-- 0.054244 s
currentSize : 22 <-- 0.157495 s
currentSize : 23 <-- 0.157967 s
currentSize : 27 <-- 2.857168 s
currentSize : 28 <-- 2.857231 s
currentSize : 29 <-- 7.039305 s

maxsize : 29
nodes : 1968417.000000
filtered : 13389534.000000
time : 8.188469
