Parameters: GAD=1 vflib=1 dir=1 label=1 lowerbound=1 fileNameGp=../graphsdb/mcs50/bvg/b03/mcs50_b03_s70.A12 fileNameGt=../graphsdb/mcs50/bvg/b03/mcs50_b03_s70.B12
Reading graphs...
70 : 105
70 : 105
Initializing...
maxdom : 8
D->valSize : 339
Solving...
Blb : 2 (clique : 27)
currentSize : 27 <-- 0.003017 s
currentSize : 28 <-- 0.003377 s
currentSize : 29 <-- 0.085105 s
currentSize : 30 <-- 0.258935 s
currentSize : 31 <-- 0.596008 s
currentSize : 32 <-- 3.541322 s
currentSize : 33 <-- 3.817722 s
currentSize : 34 <-- 4.474712 s
currentSize : 35 <-- 4.906302 s
currentSize : 36 <-- 5.368223 s
currentSize : 37 <-- 5.840499 s
currentSize : 38 <-- 9.414332 s
currentSize : 39 <-- 33.704762 s
currentSize : 40 <-- 34.431305 s

maxsize : 40
nodes : 30939666.000000
filtered : 271768288.000000
time : 156.239609
