Parameters: GAD=1 vflib=1 dir=1 label=1 lowerbound=1 fileNameGp=../graphsdb/mcs50/rand/r02/mcs50_r02_s40.A78 fileNameGt=../graphsdb/mcs50/rand/r02/mcs50_r02_s40.B78
Reading graphs...
40 : 311
40 : 311
Initializing...
maxdom : 10
D->valSize : 225
Solving...
Blb : 2 (clique : 6)
currentSize : 6 <-- 0.001252 s
currentSize : 7 <-- 0.001373 s
currentSize : 9 <-- 0.001877 s
currentSize : 11 <-- 0.001917 s
currentSize : 12 <-- 0.002650 s
currentSize : 20 <-- 0.003007 s

maxsize : 20
nodes : 760.000000
filtered : 17514.000000
time : 0.004583
