Parameters: GAD=1 vflib=1 dir=1 label=1 lowerbound=1 fileNameGp=../graphsdb/mcs50/m2D/m2Dr4/mcs50_m2Dr4_s30.A36 fileNameGt=../graphsdb/mcs50/m2D/m2Dr4/mcs50_m2Dr4_s30.B36
Reading graphs...
30 : 61
30 : 61
Initializing...
maxdom : 6
D->valSize : 122
Solving...
Blb : 2 (clique : 12)
currentSize : 12 <-- 0.000718 s
currentSize : 13 <-- 0.000861 s
currentSize : 14 <-- 0.002367 s
currentSize : 15 <-- 0.002391 s
currentSize : 17 <-- 0.002418 s

maxsize : 17
nodes : 3503.000000
filtered : 27934.000000
time : 0.011411
