Parameters: GAD=1 vflib=1 dir=1 label=1 lowerbound=1 fileNameGp=../graphsdb/mcs50/m2D/m2D/mcs50_m2D_s90.A80 fileNameGt=../graphsdb/mcs50/m2D/m2D/mcs50_m2D_s90.B80
Reading graphs...
90 : 161
90 : 161
Initializing...
maxdom : 12
D->valSize : 617
Solving...
Blb : 2 (clique : 46)
currentSize : 46 <-- 0.013546 s
currentSize : 47 <-- 0.014397 s
currentSize : 48 <-- 0.015059 s
currentSize : 49 <-- 0.016857 s
currentSize : 50 <-- 0.023206 s
currentSize : 51 <-- 0.033348 s
currentSize : 52 <-- 0.035596 s

TIMEOUT
maxsize : 52
nodes : 649707684.000000
filtered : 4250019323.000000
time : 3600.000000
