Parameters: GAD=1 vflib=1 dir=1 label=1 lowerbound=1 fileNameGp=../graphsdb/mcs50/m4D/m4D/mcs50_m4D_s40.A59 fileNameGt=../graphsdb/mcs50/m4D/m4D/mcs50_m4D_s40.B59
Reading graphs...
40 : 71
40 : 71
Initializing...
maxdom : 10
D->valSize : 206
Solving...
Blb : 2 (clique : 16)
currentSize : 16 <-- 0.001811 s
currentSize : 17 <-- 0.158871 s
currentSize : 18 <-- 0.610869 s
currentSize : 19 <-- 1.030771 s
currentSize : 20 <-- 1.033214 s

maxsize : 20
nodes : 410461.000000
filtered : 4602465.000000
time : 1.617723
