Parameters: GAD=1 vflib=1 dir=1 label=1 lowerbound=1 fileNameGp=../graphsdb/mcs50/bvg/b09m/mcs50_b09m_s100.A37 fileNameGt=../graphsdb/mcs50/bvg/b09m/mcs50_b09m_s100.B37
Reading graphs...
100 : 450
100 : 450
Initializing...
maxdom : 6
D->valSize : 343
Solving...
Blb : 3 (clique : 41)
currentSize : 41 <-- 0.003445 s
currentSize : 42 <-- 23.891815 s
currentSize : 43 <-- 23.990044 s
currentSize : 44 <-- 24.001596 s
currentSize : 45 <-- 24.004160 s
currentSize : 47 <-- 24.456100 s
currentSize : 49 <-- 24.724777 s
currentSize : 50 <-- 24.725063 s

maxsize : 50
nodes : 27949685.000000
filtered : 131630770.000000
time : 151.592255
