Parameters: GAD=1 vflib=1 dir=1 label=1 lowerbound=1 fileNameGp=../graphsdb/mcs50/bvg/b03/mcs50_b03_s25.A54 fileNameGt=../graphsdb/mcs50/bvg/b03/mcs50_b03_s25.B54
Reading graphs...
25 : 37
25 : 37
Initializing...
maxdom : 10
D->valSize : 162
Solving...
Blb : 2 (clique : 10)
currentSize : 10 <-- 0.001162 s
currentSize : 11 <-- 0.001397 s
currentSize : 13 <-- 0.004219 s
currentSize : 14 <-- 0.011267 s
currentSize : 15 <-- 0.011339 s

maxsize : 15
nodes : 3115.000000
filtered : 34456.000000
time : 0.017716
