Parameters: GAD=1 vflib=1 dir=1 label=1 lowerbound=1 fileNameGp=../graphsdb/mcs50/rand/r01/mcs50_r01_s50.A23 fileNameGt=../graphsdb/mcs50/rand/r01/mcs50_r01_s50.B23
Reading graphs...
50 : 244
50 : 244
Initializing...
maxdom : 11
D->valSize : 343
Solving...
Blb : 2 (clique : 14)
currentSize : 14 <-- 0.003756 s
currentSize : 15 <-- 0.004140 s
currentSize : 18 <-- 0.352850 s
currentSize : 20 <-- 0.352882 s
currentSize : 25 <-- 0.501734 s

maxsize : 25
nodes : 106269.000000
filtered : 1718774.000000
time : 0.588084
