Parameters: GAD=1 vflib=1 dir=1 label=1 lowerbound=1 fileNameGp=../graphsdb/mcs50/rand/r005/mcs50_r005_s25.A17 fileNameGt=../graphsdb/mcs50/rand/r005/mcs50_r005_s25.B17
Reading graphs...
25 : 35
25 : 35
Initializing...
maxdom : 9
D->valSize : 174
Solving...
Blb : 2 (clique : 10)
currentSize : 10 <-- 0.000822 s
currentSize : 11 <-- 0.000889 s
currentSize : 12 <-- 0.000914 s
currentSize : 13 <-- 0.001240 s
currentSize : 14 <-- 0.003415 s

maxsize : 14
nodes : 8365.000000
filtered : 116401.000000
time : 0.034733
