Parameters: GAD=1 vflib=1 dir=1 label=1 lowerbound=1 fileNameGp=../graphsdb/mcs50/m2D/m2Dr2/mcs50_m2Dr2_s40.A88 fileNameGt=../graphsdb/mcs50/m2D/m2Dr2/mcs50_m2Dr2_s40.B88
Reading graphs...
40 : 75
40 : 74
Initializing...
maxdom : 8
D->valSize : 196
Solving...
Blb : 5 (clique : 14)
currentSize : 14 <-- 0.001772 s
currentSize : 15 <-- 0.002168 s
currentSize : 16 <-- 0.052474 s
currentSize : 17 <-- 0.119300 s
currentSize : 18 <-- 1.101801 s
currentSize : 19 <-- 1.175227 s

maxsize : 19
nodes : 565769.000000
filtered : 6751384.000000
time : 2.311549
