Parameters: GAD=1 vflib=1 dir=1 label=1 lowerbound=1 fileNameGp=../graphsdb/mcs50/bvg/b06m/mcs50_b06m_s80.A87 fileNameGt=../graphsdb/mcs50/bvg/b06m/mcs50_b06m_s80.B87
Reading graphs...
80 : 240
80 : 240
Initializing...
maxdom : 9
D->valSize : 431
Solving...
Blb : 3 (clique : 24)
currentSize : 24 <-- 0.004165 s
currentSize : 25 <-- 0.366701 s
currentSize : 26 <-- 0.366790 s
currentSize : 27 <-- 0.376856 s
currentSize : 28 <-- 47.654510 s
currentSize : 29 <-- 47.658211 s
currentSize : 30 <-- 74.036606 s
currentSize : 32 <-- 97.467102 s
currentSize : 33 <-- 151.300323 s
currentSize : 34 <-- 308.922821 s
currentSize : 35 <-- 423.144043 s
currentSize : 36 <-- 476.577454 s
currentSize : 38 <-- 535.593445 s
currentSize : 39 <-- 535.601685 s
currentSize : 40 <-- 539.945923 s
currentSize : 41 <-- 539.946106 s
currentSize : 42 <-- 539.953308 s
currentSize : 43 <-- 556.718262 s

maxsize : 43
nodes : 128828224.000000
filtered : 1159763367.000000
time : 685.246399
