Parameters: GAD=1 vflib=1 dir=1 label=1 lowerbound=1 fileNameGp=../graphsdb/mcs50/bvg/b03m/mcs50_b03m_s70.A77 fileNameGt=../graphsdb/mcs50/bvg/b03m/mcs50_b03m_s70.B77
Reading graphs...
70 : 105
70 : 105
Initializing...
maxdom : 8
D->valSize : 348
Solving...
Blb : 2 (clique : 29)
currentSize : 29 <-- 0.003026 s
currentSize : 30 <-- 0.003507 s
currentSize : 31 <-- 45.934532 s
currentSize : 32 <-- 111.477844 s
currentSize : 33 <-- 299.189789 s
currentSize : 34 <-- 366.690643 s
currentSize : 35 <-- 2069.071533 s

TIMEOUT
maxsize : 35
nodes : 760226032.000000
filtered : 5934195362.000000
time : 3600.000000
