Parameters: GAD=1 vflib=1 dir=1 label=1 lowerbound=1 fileNameGp=../graphsdb/mcs50/m2D/m2Dr2/mcs50_m2Dr2_s70.A72 fileNameGt=../graphsdb/mcs50/m2D/m2Dr2/mcs50_m2Dr2_s70.B72
Reading graphs...
70 : 137
70 : 136
Initializing...
maxdom : 8
D->valSize : 368
Solving...
Blb : 2 (clique : 35)
currentSize : 35 <-- 0.003438 s
currentSize : 36 <-- 0.005261 s
currentSize : 37 <-- 0.165348 s
currentSize : 38 <-- 9.716400 s
currentSize : 39 <-- 86.821960 s

maxsize : 39
nodes : 40472617.000000
filtered : 282149647.000000
time : 196.000595
