Parameters: GAD=1 vflib=1 dir=1 label=1 lowerbound=1 fileNameGp=../graphsdb/mcs50/m2D/m2Dr2/mcs50_m2Dr2_s50.A08 fileNameGt=../graphsdb/mcs50/m2D/m2Dr2/mcs50_m2Dr2_s50.B08
Reading graphs...
50 : 95
50 : 95
Initializing...
maxdom : 11
D->valSize : 337
Solving...
Blb : 2 (clique : 19)
currentSize : 19 <-- 0.002526 s
currentSize : 20 <-- 0.014352 s
currentSize : 21 <-- 1.193315 s
currentSize : 22 <-- 1.193445 s
currentSize : 23 <-- 15.702283 s
currentSize : 24 <-- 25.248478 s
currentSize : 25 <-- 25.248932 s
currentSize : 26 <-- 25.250162 s
currentSize : 27 <-- 25.250259 s

maxsize : 27
nodes : 7728618.000000
filtered : 140780365.000000
time : 36.931450
