Parameters: GAD=1 vflib=1 dir=1 label=1 lowerbound=1 fileNameGp=../graphsdb/mcs50/bvg/b06/mcs50_b06_s50.A10 fileNameGt=../graphsdb/mcs50/bvg/b06/mcs50_b06_s50.B10
Reading graphs...
50 : 150
50 : 150
Initializing...
maxdom : 10
D->valSize : 322
Solving...
Blb : 2 (clique : 17)
currentSize : 17 <-- 0.002499 s
currentSize : 18 <-- 0.175172 s
currentSize : 19 <-- 1.993561 s
currentSize : 20 <-- 2.652018 s
currentSize : 26 <-- 2.652100 s

maxsize : 26
nodes : 786595.000000
filtered : 10361891.000000
time : 3.545882
