Parameters: GAD=1 vflib=1 dir=1 label=1 lowerbound=1 fileNameGp=../graphsdb/mcs50/bvg/b06m/mcs50_b06m_s90.A58 fileNameGt=../graphsdb/mcs50/bvg/b06m/mcs50_b06m_s90.B58
Reading graphs...
90 : 270
90 : 270
Initializing...
maxdom : 11
D->valSize : 555
Solving...
Blb : 2 (clique : 24)
currentSize : 24 <-- 0.006653 s
currentSize : 25 <-- 0.009045 s
currentSize : 26 <-- 0.023802 s
currentSize : 27 <-- 0.088853 s
currentSize : 28 <-- 0.223826 s
currentSize : 29 <-- 5.732559 s
currentSize : 30 <-- 6.594452 s
currentSize : 31 <-- 69.556236 s
currentSize : 32 <-- 69.568001 s
currentSize : 33 <-- 70.748413 s
currentSize : 34 <-- 149.949982 s
currentSize : 35 <-- 733.972473 s
currentSize : 36 <-- 1548.664673 s
currentSize : 37 <-- 1548.864014 s

TIMEOUT
maxsize : 37
nodes : 621353824.000000
filtered : 7096455501.000000
time : 3600.000000
