Parameters: GAD=1 vflib=1 dir=1 label=1 lowerbound=1 fileNameGp=../graphsdb/mcs50/bvg/b03m/mcs50_b03m_s70.A16 fileNameGt=../graphsdb/mcs50/bvg/b03m/mcs50_b03m_s70.B16
Reading graphs...
70 : 105
70 : 105
Initializing...
maxdom : 9
D->valSize : 337
Solving...
Blb : 2 (clique : 23)
currentSize : 23 <-- 0.003009 s
currentSize : 24 <-- 0.041865 s
currentSize : 25 <-- 1.982655 s
currentSize : 26 <-- 2.523736 s
currentSize : 27 <-- 9.176797 s
currentSize : 28 <-- 9.310418 s
currentSize : 29 <-- 11.028307 s
currentSize : 30 <-- 11.779804 s
currentSize : 31 <-- 19.245993 s
currentSize : 32 <-- 27.265244 s
currentSize : 33 <-- 27.727636 s
currentSize : 34 <-- 32.975266 s
currentSize : 35 <-- 33.838551 s
currentSize : 36 <-- 33.848896 s
currentSize : 37 <-- 115.336510 s
currentSize : 38 <-- 134.711594 s
currentSize : 39 <-- 151.982025 s

maxsize : 39
nodes : 37794503.000000
filtered : 241698091.000000
time : 167.073563
