Parameters: GAD=1 vflib=1 dir=1 label=1 lowerbound=1 fileNameGp=../graphsdb/mcs50/bvg/b09m/mcs50_b09m_s80.A85 fileNameGt=../graphsdb/mcs50/bvg/b09m/mcs50_b09m_s80.B85
Reading graphs...
80 : 360
80 : 360
Initializing...
maxdom : 9
D->valSize : 459
Solving...
Blb : 2 (clique : 25)
currentSize : 25 <-- 0.004491 s
currentSize : 26 <-- 0.005374 s
currentSize : 27 <-- 14.379932 s
currentSize : 28 <-- 14.381288 s
currentSize : 29 <-- 14.384750 s
currentSize : 30 <-- 14.386675 s
currentSize : 31 <-- 109.499710 s
currentSize : 40 <-- 109.527405 s

maxsize : 40
nodes : 22456611.000000
filtered : 307176642.000000
time : 134.362976
