Parameters: GAD=1 vflib=1 dir=1 label=1 lowerbound=1 fileNameGp=../graphsdb/mcs50/rand/r01/mcs50_r01_s80.A88 fileNameGt=../graphsdb/mcs50/rand/r01/mcs50_r01_s80.B88
Reading graphs...
80 : 631
80 : 631
Initializing...
maxdom : 10
D->valSize : 475
Solving...
Blb : 2 (clique : 14)
currentSize : 14 <-- 0.007243 s
currentSize : 16 <-- 0.007432 s
currentSize : 22 <-- 0.008099 s
currentSize : 29 <-- 0.010307 s
currentSize : 31 <-- 0.162173 s
currentSize : 32 <-- 0.216798 s
currentSize : 40 <-- 0.217058 s

maxsize : 40
nodes : 46554.000000
filtered : 973877.000000
time : 0.347741
