Parameters: GAD=1 vflib=1 dir=1 label=1 lowerbound=1 fileNameGp=../graphsdb/mcs50/bvg/b06/mcs50_b06_s100.A09 fileNameGt=../graphsdb/mcs50/bvg/b06/mcs50_b06_s100.B09
Reading graphs...
100 : 300
100 : 300
Initializing...
maxdom : 8
D->valSize : 438
Solving...
Blb : 5 (clique : 31)
currentSize : 31 <-- 0.004798 s
currentSize : 32 <-- 0.545918 s
currentSize : 34 <-- 10.042504 s
currentSize : 35 <-- 10.043900 s
currentSize : 36 <-- 10.158956 s
currentSize : 37 <-- 3031.099365 s
currentSize : 38 <-- 3095.863281 s

TIMEOUT
maxsize : 38
nodes : 637541824.000000
filtered : 4159617683.000000
time : 3600.000000
