Parameters: GAD=1 vflib=1 dir=1 label=1 lowerbound=1 fileNameGp=../graphsdb/mcs50/bvg/b06/mcs50_b06_s50.A46 fileNameGt=../graphsdb/mcs50/bvg/b06/mcs50_b06_s50.B46
Reading graphs...
50 : 150
50 : 150
Initializing...
maxdom : 10
D->valSize : 340
Solving...
Blb : 2 (clique : 14)
currentSize : 14 <-- 0.002466 s
currentSize : 15 <-- 0.002567 s
currentSize : 16 <-- 0.002696 s
currentSize : 17 <-- 0.002753 s
currentSize : 18 <-- 0.008750 s
currentSize : 19 <-- 0.552744 s
currentSize : 21 <-- 1.342249 s
currentSize : 22 <-- 13.332235 s
currentSize : 23 <-- 20.527613 s
currentSize : 24 <-- 41.736717 s
currentSize : 25 <-- 47.853294 s
currentSize : 26 <-- 49.084568 s
currentSize : 27 <-- 49.084625 s

maxsize : 27
nodes : 10374822.000000
filtered : 156627901.000000
time : 50.732452
