Parameters: GAD=1 vflib=1 dir=1 label=1 lowerbound=1 fileNameGp=../graphsdb/mcs50/rand/r005/mcs50_r005_s90.A97 fileNameGt=../graphsdb/mcs50/rand/r005/mcs50_r005_s90.B97
Reading graphs...
90 : 399
90 : 399
Initializing...
maxdom : 12
D->valSize : 559
Solving...
Blb : 2 (clique : 26)
currentSize : 26 <-- 0.006519 s
currentSize : 27 <-- 0.276003 s
currentSize : 28 <-- 0.696122 s
currentSize : 29 <-- 0.696342 s
currentSize : 30 <-- 15.514617 s
currentSize : 31 <-- 15.944443 s
currentSize : 32 <-- 99.136124 s
currentSize : 33 <-- 99.136253 s
currentSize : 34 <-- 99.161087 s
currentSize : 35 <-- 99.161247 s
currentSize : 36 <-- 107.900711 s
currentSize : 37 <-- 147.542419 s
currentSize : 38 <-- 147.786652 s
currentSize : 39 <-- 147.788757 s
currentSize : 41 <-- 285.407593 s
currentSize : 42 <-- 359.144470 s
currentSize : 43 <-- 359.145844 s
currentSize : 45 <-- 359.145935 s

maxsize : 45
nodes : 68663992.000000
filtered : 1039523562.000000
time : 454.525879
