Parameters: GAD=1 vflib=1 dir=1 label=1 lowerbound=1 fileNameGp=../graphsdb/mcs50/rand/r01/mcs50_r01_s90.A58 fileNameGt=../graphsdb/mcs50/rand/r01/mcs50_r01_s90.B58
Reading graphs...
90 : 800
90 : 800
Initializing...
maxdom : 10
D->valSize : 571
Solving...
Blb : 3 (clique : 13)
currentSize : 13 <-- 0.006737 s
currentSize : 14 <-- 0.006906 s
currentSize : 15 <-- 0.007657 s
currentSize : 16 <-- 0.008534 s
currentSize : 17 <-- 0.036208 s
currentSize : 19 <-- 0.118962 s
currentSize : 23 <-- 0.119387 s
currentSize : 34 <-- 0.439399 s
currentSize : 37 <-- 0.781074 s
currentSize : 38 <-- 1.478257 s
currentSize : 45 <-- 1.923832 s

maxsize : 45
nodes : 303973.000000
filtered : 7175704.000000
time : 2.266053
