Parameters: GAD=1 vflib=1 dir=1 label=1 lowerbound=1 fileNameGp=../graphsdb/mcs50/m3D/m3Dr4/mcs50_m3Dr4_s60.A51 fileNameGt=../graphsdb/mcs50/m3D/m3Dr4/mcs50_m3Dr4_s60.B51
Reading graphs...
60 : 158
60 : 158
Initializing...
maxdom : 6
D->valSize : 222
Solving...
Blb : 3 (clique : 17)
currentSize : 17 <-- 0.001697 s
currentSize : 18 <-- 0.002906 s
currentSize : 19 <-- 0.008332 s
currentSize : 20 <-- 0.008612 s
currentSize : 21 <-- 0.011829 s
currentSize : 22 <-- 0.335260 s
currentSize : 23 <-- 0.635131 s
currentSize : 24 <-- 1.009347 s
currentSize : 25 <-- 1.335537 s
currentSize : 26 <-- 3.655726 s
currentSize : 27 <-- 4.203773 s

maxsize : 27
nodes : 1062727.000000
filtered : 6968837.000000
time : 4.552844
