Parameters: GAD=1 vflib=1 dir=1 label=1 lowerbound=1 fileNameGp=../graphsdb/mcs50/bvg/b03/mcs50_b03_s40.A73 fileNameGt=../graphsdb/mcs50/bvg/b03/mcs50_b03_s40.B73
Reading graphs...
40 : 60
40 : 60
Initializing...
maxdom : 8
D->valSize : 209
Solving...
Blb : 2 (clique : 17)
currentSize : 17 <-- 0.001930 s
currentSize : 18 <-- 0.004494 s
currentSize : 19 <-- 0.596816 s
currentSize : 20 <-- 1.006254 s
currentSize : 21 <-- 5.239943 s
currentSize : 22 <-- 6.386567 s
currentSize : 23 <-- 6.526607 s
currentSize : 24 <-- 6.526739 s

maxsize : 24
nodes : 1875439.000000
filtered : 15506858.000000
time : 7.141768
