Parameters: GAD=1 vflib=1 dir=1 label=1 lowerbound=1 fileNameGp=../graphsdb/mcs50/m2D/m2D/mcs50_m2D_s90.A54 fileNameGt=../graphsdb/mcs50/m2D/m2D/mcs50_m2D_s90.B54
Reading graphs...
90 : 161
90 : 161
Initializing...
maxdom : 10
D->valSize : 526
Solving...
Blb : 2 (clique : 40)
currentSize : 40 <-- 0.006252 s
currentSize : 41 <-- 1330.612183 s
currentSize : 42 <-- 1332.361694 s
currentSize : 43 <-- 2293.012451 s
currentSize : 44 <-- 2308.041504 s
currentSize : 45 <-- 2994.544678 s

TIMEOUT
maxsize : 45
nodes : 639910920.000000
filtered : 5113614791.000000
time : 3600.000000
