Parameters: GAD=1 vflib=1 dir=1 label=1 lowerbound=1 fileNameGp=../graphsdb/mcs50/m2D/m2Dr6/mcs50_m2Dr6_s70.A68 fileNameGt=../graphsdb/mcs50/m2D/m2Dr6/mcs50_m2Dr6_s70.B68
Reading graphs...
70 : 165
70 : 165
Initializing...
maxdom : 9
D->valSize : 353
Solving...
Blb : 5 (clique : 28)
currentSize : 28 <-- 0.003000 s
currentSize : 29 <-- 1.326711 s
currentSize : 30 <-- 5.106345 s
currentSize : 31 <-- 7.941107 s
currentSize : 32 <-- 11.449162 s
currentSize : 33 <-- 19.189184 s
currentSize : 34 <-- 27.818916 s
currentSize : 35 <-- 40.919113 s
currentSize : 36 <-- 42.184067 s
currentSize : 37 <-- 52.140869 s
currentSize : 38 <-- 52.149845 s
currentSize : 39 <-- 108.289841 s

maxsize : 39
nodes : 32226907.000000
filtered : 257516367.000000
time : 157.697525
