Parameters: GAD=1 vflib=1 dir=1 label=1 lowerbound=1 fileNameGp=../graphsdb/mcs50/m2D/m2Dr4/mcs50_m2Dr4_s90.A40 fileNameGt=../graphsdb/mcs50/m2D/m2Dr4/mcs50_m2Dr4_s90.B40
Reading graphs...
90 : 197
90 : 197
Initializing...
maxdom : 11
D->valSize : 597
Solving...
Blb : 2 (clique : 36)
currentSize : 36 <-- 0.012487 s
currentSize : 37 <-- 0.013576 s
currentSize : 38 <-- 0.016494 s
currentSize : 39 <-- 0.016951 s
currentSize : 40 <-- 0.017792 s
currentSize : 42 <-- 135.404449 s
currentSize : 45 <-- 171.717896 s
currentSize : 46 <-- 234.934158 s
currentSize : 47 <-- 1775.600708 s
currentSize : 48 <-- 1917.000122 s

TIMEOUT
maxsize : 48
nodes : 583048057.000000
filtered : 6601146761.000000
time : 3600.000000
