Parameters: GAD=1 vflib=1 dir=1 label=1 lowerbound=1 fileNameGp=../graphsdb/mcs50/bvg/b06m/mcs50_b06m_s70.A40 fileNameGt=../graphsdb/mcs50/bvg/b06m/mcs50_b06m_s70.B40
Reading graphs...
70 : 210
70 : 210
Initializing...
maxdom : 7
D->valSize : 340
Solving...
Blb : 2 (clique : 27)
currentSize : 27 <-- 0.004644 s
currentSize : 29 <-- 0.005085 s
currentSize : 30 <-- 0.005387 s
currentSize : 32 <-- 0.203464 s
currentSize : 33 <-- 0.203551 s
currentSize : 35 <-- 15.791483 s
currentSize : 36 <-- 15.792835 s
currentSize : 37 <-- 15.809455 s

maxsize : 37
nodes : 25034194.000000
filtered : 129109629.000000
time : 106.725487
