Parameters: GAD=1 vflib=1 dir=1 label=1 lowerbound=1 fileNameGp=../graphsdb/mcs50/bvg/b06m/mcs50_b06m_s50.A49 fileNameGt=../graphsdb/mcs50/bvg/b06m/mcs50_b06m_s50.B49
Reading graphs...
50 : 150
50 : 150
Initializing...
maxdom : 11
D->valSize : 335
Solving...
Blb : 2 (clique : 13)
currentSize : 13 <-- 0.003831 s
currentSize : 14 <-- 0.003972 s
currentSize : 15 <-- 0.004195 s
currentSize : 16 <-- 0.008047 s
currentSize : 17 <-- 0.228609 s
currentSize : 18 <-- 0.378903 s
currentSize : 19 <-- 1.001891 s
currentSize : 20 <-- 1.001957 s
currentSize : 21 <-- 1.599979 s
currentSize : 22 <-- 1.610452 s
currentSize : 23 <-- 1.611327 s
currentSize : 24 <-- 1.613735 s
currentSize : 25 <-- 6.227118 s

maxsize : 25
nodes : 1705854.000000
filtered : 19242022.000000
time : 7.762028
