Parameters: GAD=1 vflib=1 dir=1 label=1 lowerbound=1 fileNameGp=../graphsdb/mcs50/m2D/m2D/mcs50_m2D_s30.A90 fileNameGt=../graphsdb/mcs50/m2D/m2D/mcs50_m2D_s30.B90
Reading graphs...
30 : 49
30 : 49
Initializing...
maxdom : 6
D->valSize : 114
Solving...
Blb : 2 (clique : 12)
currentSize : 12 <-- 0.000729 s
currentSize : 13 <-- 0.008621 s
currentSize : 14 <-- 0.009220 s
currentSize : 15 <-- 0.013882 s
currentSize : 16 <-- 0.027347 s
currentSize : 17 <-- 0.036124 s

maxsize : 17
nodes : 13267.000000
filtered : 82428.000000
time : 0.044671
