Parameters: GAD=1 vflib=1 dir=1 label=1 lowerbound=1 fileNameGp=../graphsdb/mcs50/rand/r02/mcs50_r02_s100.A27 fileNameGt=../graphsdb/mcs50/rand/r02/mcs50_r02_s100.B27
Reading graphs...
100 : 1979
100 : 1979
Initializing...
maxdom : 6
D->valSize : 333
Solving...
Blb : 3 (clique : 8)
currentSize : 8 <-- 0.004725 s
currentSize : 9 <-- 0.004893 s
currentSize : 10 <-- 0.005004 s
currentSize : 13 <-- 0.005091 s
currentSize : 17 <-- 0.007202 s
currentSize : 22 <-- 0.012171 s
currentSize : 29 <-- 0.012434 s
currentSize : 50 <-- 0.022510 s

maxsize : 50
nodes : 3159.000000
filtered : 60981.000000
time : 0.040576
