Parameters: GAD=1 vflib=1 dir=1 label=1 lowerbound=1 fileNameGp=../graphsdb/mcs50/m2D/m2D/mcs50_m2D_s80.A48 fileNameGt=../graphsdb/mcs50/m2D/m2D/mcs50_m2D_s80.B48
Reading graphs...
80 : 142
80 : 142
Initializing...
maxdom : 9
D->valSize : 434
Solving...
Blb : 2 (clique : 32)
currentSize : 32 <-- 0.004484 s
currentSize : 33 <-- 494.581482 s
currentSize : 34 <-- 522.352661 s
currentSize : 35 <-- 622.660950 s
currentSize : 36 <-- 888.094910 s
currentSize : 37 <-- 1115.784668 s
currentSize : 38 <-- 2340.594971 s

TIMEOUT
maxsize : 38
nodes : 670002099.000000
filtered : 6448887271.000000
time : 3600.000000
