Parameters: GAD=1 vflib=1 dir=1 label=1 lowerbound=1 fileNameGp=../graphsdb/mcs50/rand/r02/mcs50_r02_s20.A47 fileNameGt=../graphsdb/mcs50/rand/r02/mcs50_r02_s20.B47
Reading graphs...
20 : 75
20 : 75
Initializing...
maxdom : 8
D->valSize : 110
Solving...
Blb : 2 (clique : 5)
currentSize : 5 <-- 0.000498 s
currentSize : 6 <-- 0.000543 s
currentSize : 7 <-- 0.000794 s
currentSize : 8 <-- 0.001072 s
currentSize : 9 <-- 0.001245 s
currentSize : 10 <-- 0.001370 s

maxsize : 10
nodes : 362.000000
filtered : 5255.000000
time : 0.001639
