Parameters: GAD=1 vflib=1 dir=1 label=1 lowerbound=1 fileNameGp=../graphsdb/mcs50/m2D/m2D/mcs50_m2D_s100.A34 fileNameGt=../graphsdb/mcs50/m2D/m2D/mcs50_m2D_s100.B34
Reading graphs...
100 : 180
100 : 180
Initializing...
maxdom : 8
D->valSize : 387
Solving...
Blb : 2 (clique : 40)
currentSize : 40 <-- 0.004237 s
currentSize : 41 <-- 0.017685 s
currentSize : 42 <-- 0.079333 s
currentSize : 43 <-- 3.089495 s
currentSize : 44 <-- 146.780624 s
currentSize : 45 <-- 146.914001 s
currentSize : 47 <-- 158.824646 s
currentSize : 48 <-- 158.828445 s
currentSize : 49 <-- 2678.940674 s
currentSize : 50 <-- 2679.012939 s
currentSize : 51 <-- 2679.722656 s

TIMEOUT
maxsize : 51
nodes : 719488540.000000
filtered : 2856656193.000000
time : 3600.000000
