Parameters: GAD=1 vflib=1 dir=1 label=1 lowerbound=1 fileNameGp=../graphsdb/mcs50/bvg/b03/mcs50_b03_s60.A67 fileNameGt=../graphsdb/mcs50/bvg/b03/mcs50_b03_s60.B67
Reading graphs...
60 : 90
60 : 90
Initializing...
maxdom : 7
D->valSize : 248
Solving...
Blb : 2 (clique : 27)
currentSize : 27 <-- 0.002961 s
currentSize : 28 <-- 0.003227 s
currentSize : 29 <-- 0.003504 s
currentSize : 30 <-- 0.015021 s
currentSize : 31 <-- 0.152776 s
currentSize : 32 <-- 7.340375 s
currentSize : 33 <-- 17.379641 s

maxsize : 33
nodes : 37862149.000000
filtered : 216755827.000000
time : 154.073914
