Parameters: GAD=1 vflib=1 dir=1 label=1 lowerbound=1 fileNameGp=../graphsdb/mcs50/bvg/b06/mcs50_b06_s35.A25 fileNameGt=../graphsdb/mcs50/bvg/b06/mcs50_b06_s35.B25
Reading graphs...
35 : 105
35 : 105
Initializing...
maxdom : 9
D->valSize : 175
Solving...
Blb : 2 (clique : 11)
currentSize : 11 <-- 0.001091 s
currentSize : 12 <-- 0.002807 s
currentSize : 13 <-- 0.002847 s
currentSize : 14 <-- 0.027894 s
currentSize : 15 <-- 0.027937 s
currentSize : 16 <-- 0.027989 s
currentSize : 18 <-- 0.028195 s

maxsize : 18
nodes : 11182.000000
filtered : 108607.000000
time : 0.041268
