Parameters: GAD=1 vflib=1 dir=1 label=1 lowerbound=1 fileNameGp=../graphsdb/mcs50/bvg/b09m/mcs50_b09m_s50.A35 fileNameGt=../graphsdb/mcs50/bvg/b09m/mcs50_b09m_s50.B35
Reading graphs...
50 : 225
50 : 225
Initializing...
maxdom : 9
D->valSize : 339
Solving...
Blb : 3 (clique : 16)
currentSize : 16 <-- 0.003740 s
currentSize : 17 <-- 0.083078 s
currentSize : 18 <-- 0.127172 s
currentSize : 19 <-- 0.163912 s
currentSize : 20 <-- 0.163971 s
currentSize : 21 <-- 0.205651 s
currentSize : 22 <-- 0.206085 s
currentSize : 23 <-- 0.206312 s
currentSize : 24 <-- 0.291336 s

maxsize : 24
nodes : 64310.000000
filtered : 993302.000000
time : 0.417418
