Parameters: GAD=1 vflib=1 dir=1 label=1 lowerbound=1 fileNameGp=../graphsdb/mcs50/rand/r02/mcs50_r02_s50.A38 fileNameGt=../graphsdb/mcs50/rand/r02/mcs50_r02_s50.B38
Reading graphs...
50 : 489
50 : 489
Initializing...
maxdom : 13
D->valSize : 337
Solving...
Blb : 2 (clique : 7)
currentSize : 7 <-- 0.002423 s
currentSize : 8 <-- 0.002518 s
currentSize : 9 <-- 0.002577 s
currentSize : 10 <-- 0.003544 s
currentSize : 11 <-- 0.004225 s
currentSize : 13 <-- 0.005775 s
currentSize : 15 <-- 0.006963 s
currentSize : 16 <-- 0.007342 s
currentSize : 25 <-- 0.007705 s

maxsize : 25
nodes : 1729.000000
filtered : 39106.000000
time : 0.010973
