Parameters: GAD=1 vflib=1 dir=1 label=1 lowerbound=1 fileNameGp=../graphsdb/mcs50/rand/r01/mcs50_r01_s40.A91 fileNameGt=../graphsdb/mcs50/rand/r01/mcs50_r01_s40.B91
Reading graphs...
40 : 155
40 : 155
Initializing...
maxdom : 8
D->valSize : 220
Solving...
Blb : 2 (clique : 10)
currentSize : 10 <-- 0.001209 s
currentSize : 11 <-- 0.001433 s
currentSize : 12 <-- 0.002479 s
currentSize : 13 <-- 0.002511 s
currentSize : 14 <-- 0.004500 s
currentSize : 15 <-- 0.016274 s
currentSize : 16 <-- 0.016708 s
currentSize : 18 <-- 0.036227 s
currentSize : 19 <-- 0.044682 s
currentSize : 20 <-- 0.044766 s

maxsize : 20
nodes : 12785.000000
filtered : 203551.000000
time : 0.059449
