Parameters: GAD=1 vflib=1 dir=1 label=1 lowerbound=1 fileNameGp=../graphsdb/mcs50/rand/r005/mcs50_r005_s80.A96 fileNameGt=../graphsdb/mcs50/rand/r005/mcs50_r005_s80.B96
Reading graphs...
80 : 315
80 : 315
Initializing...
maxdom : 10
D->valSize : 424
Solving...
Blb : 2 (clique : 21)
currentSize : 21 <-- 0.004032 s
currentSize : 22 <-- 0.009706 s
currentSize : 23 <-- 0.021168 s
currentSize : 24 <-- 0.027071 s
currentSize : 25 <-- 1.354008 s
currentSize : 27 <-- 6.041906 s
currentSize : 28 <-- 14.832437 s
currentSize : 29 <-- 17.084660 s
currentSize : 30 <-- 22.680248 s
currentSize : 31 <-- 22.680429 s
currentSize : 32 <-- 26.683222 s
currentSize : 33 <-- 34.215382 s
currentSize : 34 <-- 35.782612 s
currentSize : 36 <-- 35.786510 s
currentSize : 37 <-- 68.906487 s
currentSize : 40 <-- 70.320160 s

maxsize : 40
nodes : 14417645.000000
filtered : 161004004.000000
time : 83.347527
