Parameters: GAD=1 vflib=1 dir=1 label=1 lowerbound=1 fileNameGp=../graphsdb/mcs50/bvg/b09m/mcs50_b09m_s40.A05 fileNameGt=../graphsdb/mcs50/bvg/b09m/mcs50_b09m_s40.B05
Reading graphs...
40 : 180
40 : 180
Initializing...
maxdom : 8
D->valSize : 218
Solving...
Blb : 2 (clique : 9)
currentSize : 9 <-- 0.001181 s
currentSize : 10 <-- 0.001233 s
currentSize : 15 <-- 0.001298 s
currentSize : 19 <-- 0.001398 s
currentSize : 20 <-- 0.001601 s

maxsize : 20
nodes : 2784.000000
filtered : 33884.000000
time : 0.012345
