Parameters: GAD=1 vflib=1 dir=1 label=1 lowerbound=1 fileNameGp=../graphsdb/mcs50/bvg/b03m/mcs50_b03m_s60.A50 fileNameGt=../graphsdb/mcs50/bvg/b03m/mcs50_b03m_s60.B50
Reading graphs...
60 : 90
60 : 90
Initializing...
maxdom : 7
D->valSize : 249
Solving...
Blb : 3 (clique : 29)
currentSize : 29 <-- 0.001981 s
currentSize : 30 <-- 60.806213 s
currentSize : 31 <-- 88.471077 s
currentSize : 32 <-- 179.924454 s
currentSize : 33 <-- 197.292572 s

maxsize : 33
nodes : 47728711.000000
filtered : 323762736.000000
time : 222.590256
