Parameters: GAD=1 vflib=1 dir=1 label=1 lowerbound=1 fileNameGp=../graphsdb/mcs50/m2D/m2Dr2/mcs50_m2Dr2_s90.A12 fileNameGt=../graphsdb/mcs50/m2D/m2Dr2/mcs50_m2Dr2_s90.B12
Reading graphs...
90 : 179
90 : 179
Initializing...
maxdom : 10
D->valSize : 551
Solving...
Blb : 2 (clique : 46)
currentSize : 46 <-- 0.006544 s
currentSize : 47 <-- 0.007159 s
currentSize : 48 <-- 0.010597 s
currentSize : 49 <-- 0.019956 s
currentSize : 50 <-- 0.590961 s
currentSize : 51 <-- 0.599266 s

TIMEOUT
maxsize : 51
nodes : 557623784.000000
filtered : 6112029214.000000
time : 3600.000000
