Parameters: GAD=1 vflib=1 dir=1 label=1 lowerbound=1 fileNameGp=../graphsdb/mcs50/bvg/b09m/mcs50_b09m_s80.A72 fileNameGt=../graphsdb/mcs50/bvg/b09m/mcs50_b09m_s80.B72
Reading graphs...
80 : 360
80 : 360
Initializing...
maxdom : 8
D->valSize : 412
Solving...
Blb : 2 (clique : 21)
currentSize : 21 <-- 0.006178 s
currentSize : 22 <-- 0.055613 s
currentSize : 23 <-- 0.055756 s
currentSize : 24 <-- 0.066012 s
currentSize : 25 <-- 0.195063 s
currentSize : 26 <-- 0.409182 s
currentSize : 27 <-- 0.940947 s
currentSize : 28 <-- 16.104748 s
currentSize : 29 <-- 45.150230 s
currentSize : 37 <-- 45.153240 s
currentSize : 38 <-- 81.016556 s
currentSize : 40 <-- 81.022255 s

maxsize : 40
nodes : 20346562.000000
filtered : 165199946.000000
time : 106.491318
