Parameters: GAD=1 vflib=1 dir=1 label=1 lowerbound=1 fileNameGp=../graphsdb/mcs50/rand/r005/mcs50_r005_s80.A69 fileNameGt=../graphsdb/mcs50/rand/r005/mcs50_r005_s80.B69
Reading graphs...
80 : 315
80 : 315
Initializing...
maxdom : 7
D->valSize : 436
Solving...
Blb : 2 (clique : 24)
currentSize : 24 <-- 0.004341 s
currentSize : 29 <-- 0.004532 s
currentSize : 30 <-- 0.005025 s
currentSize : 31 <-- 0.005586 s
currentSize : 32 <-- 0.008484 s
currentSize : 33 <-- 0.008602 s
currentSize : 34 <-- 0.032804 s
currentSize : 36 <-- 0.033197 s
currentSize : 37 <-- 17.429537 s
currentSize : 40 <-- 17.470331 s

maxsize : 40
nodes : 5025827.000000
filtered : 76671723.000000
time : 34.580936
