Parameters: GAD=1 vflib=1 dir=1 label=1 lowerbound=1 fileNameGp=../graphsdb/mcs50/rand/r005/mcs50_r005_s80.A99 fileNameGt=../graphsdb/mcs50/rand/r005/mcs50_r005_s80.B99
Reading graphs...
80 : 315
80 : 315
Initializing...
maxdom : 10
D->valSize : 434
Solving...
Blb : 2 (clique : 23)
currentSize : 23 <-- 0.004253 s
currentSize : 24 <-- 0.008190 s
currentSize : 27 <-- 0.008253 s
currentSize : 28 <-- 0.008396 s
currentSize : 29 <-- 1.955142 s
currentSize : 30 <-- 3.611110 s
currentSize : 32 <-- 4.063786 s
currentSize : 33 <-- 4.558937 s
currentSize : 35 <-- 5.108091 s
currentSize : 36 <-- 25.296976 s
currentSize : 37 <-- 25.297523 s
currentSize : 40 <-- 25.297613 s

maxsize : 40
nodes : 8131760.000000
filtered : 109966428.000000
time : 51.342869
