Parameters: GAD=1 vflib=1 dir=1 label=1 lowerbound=1 fileNameGp=../graphsdb/mcs50/bvg/b09/mcs50_b09_s50.A92 fileNameGt=../graphsdb/mcs50/bvg/b09/mcs50_b09_s50.B92
Reading graphs...
50 : 225
50 : 225
Initializing...
maxdom : 9
D->valSize : 324
Solving...
Blb : 3 (clique : 12)
currentSize : 12 <-- 0.002344 s
currentSize : 13 <-- 0.007817 s
currentSize : 14 <-- 0.068500 s
currentSize : 15 <-- 0.100335 s
currentSize : 24 <-- 0.403294 s

maxsize : 24
nodes : 188781.000000
filtered : 2274637.000000
time : 0.830883
