Parameters: GAD=1 vflib=1 dir=1 label=1 lowerbound=1 fileNameGp=../graphsdb/mcs50/bvg/b09/mcs50_b09_s30.A06 fileNameGt=../graphsdb/mcs50/bvg/b09/mcs50_b09_s30.B06
Reading graphs...
30 : 135
30 : 135
Initializing...
maxdom : 6
D->valSize : 127
Solving...
Blb : 3 (clique : 7)
currentSize : 7 <-- 0.000745 s
currentSize : 8 <-- 0.001055 s
currentSize : 9 <-- 0.001090 s
currentSize : 10 <-- 0.001256 s
currentSize : 12 <-- 0.001267 s
currentSize : 14 <-- 0.003566 s

maxsize : 14
nodes : 1866.000000
filtered : 17147.000000
time : 0.006314
