Parameters: GAD=1 vflib=1 dir=1 label=1 lowerbound=1 fileNameGp=../graphsdb/mcs50/bvg/b06m/mcs50_b06m_s40.A65 fileNameGt=../graphsdb/mcs50/bvg/b06m/mcs50_b06m_s40.B65
Reading graphs...
40 : 120
40 : 120
Initializing...
maxdom : 7
D->valSize : 188
Solving...
Blb : 2 (clique : 11)
currentSize : 11 <-- 0.001087 s
currentSize : 12 <-- 0.001419 s
currentSize : 13 <-- 0.005162 s
currentSize : 14 <-- 0.091260 s
currentSize : 15 <-- 0.114451 s
currentSize : 16 <-- 0.114647 s
currentSize : 17 <-- 0.114690 s
currentSize : 18 <-- 0.115059 s
currentSize : 20 <-- 0.115156 s
currentSize : 21 <-- 0.115268 s

maxsize : 21
nodes : 39824.000000
filtered : 321598.000000
time : 0.140315
