Parameters: GAD=1 vflib=1 dir=1 label=1 lowerbound=1 fileNameGp=../graphsdb/mcs50/m2D/m2D/mcs50_m2D_s80.A96 fileNameGt=../graphsdb/mcs50/m2D/m2D/mcs50_m2D_s80.B96
Reading graphs...
80 : 142
80 : 142
Initializing...
maxdom : 13
D->valSize : 445
Solving...
Blb : 2 (clique : 35)
currentSize : 35 <-- 0.004712 s
currentSize : 36 <-- 0.005439 s
currentSize : 37 <-- 3.699650 s
currentSize : 38 <-- 1100.109131 s
currentSize : 39 <-- 1104.253784 s
currentSize : 41 <-- 2914.486084 s
currentSize : 42 <-- 2914.591797 s

TIMEOUT
maxsize : 42
nodes : 697499310.000000
filtered : 5661358938.000000
time : 3600.000000
