Parameters: GAD=1 vflib=1 dir=1 label=1 lowerbound=1 fileNameGp=../graphsdb/mcs50/m3D/m3Dr2/mcs50_m3Dr2_s60.A33 fileNameGt=../graphsdb/mcs50/m3D/m3Dr2/mcs50_m3Dr2_s60.B33
Reading graphs...
60 : 146
60 : 146
Initializing...
maxdom : 10
D->valSize : 247
Solving...
Blb : 2 (clique : 17)
currentSize : 17 <-- 0.001898 s
currentSize : 18 <-- 0.116440 s
currentSize : 19 <-- 0.117703 s
currentSize : 20 <-- 0.206425 s
currentSize : 21 <-- 0.206542 s
currentSize : 22 <-- 0.206895 s
currentSize : 23 <-- 0.280759 s
currentSize : 24 <-- 0.303316 s
currentSize : 25 <-- 0.309723 s
currentSize : 26 <-- 0.864557 s
currentSize : 27 <-- 1.512427 s
currentSize : 28 <-- 3.269497 s
currentSize : 29 <-- 6.727219 s
currentSize : 30 <-- 9.954012 s

maxsize : 30
nodes : 3537448.000000
filtered : 13521941.000000
time : 12.416967
