Parameters: GAD=1 vflib=1 dir=1 label=1 lowerbound=1 fileNameGp=../graphsdb/mcs50/rand/r01/mcs50_r01_s70.A18 fileNameGt=../graphsdb/mcs50/rand/r01/mcs50_r01_s70.B18
Reading graphs...
70 : 482
70 : 482
Initializing...
maxdom : 9
D->valSize : 347
Solving...
Blb : 2 (clique : 11)
currentSize : 11 <-- 0.002847 s
currentSize : 12 <-- 0.002953 s
currentSize : 14 <-- 0.002981 s
currentSize : 15 <-- 0.003044 s
currentSize : 16 <-- 0.003125 s
currentSize : 17 <-- 0.008027 s
currentSize : 18 <-- 0.079822 s
currentSize : 19 <-- 0.084199 s
currentSize : 20 <-- 0.096281 s
currentSize : 22 <-- 0.142237 s
currentSize : 23 <-- 0.149989 s
currentSize : 26 <-- 0.153539 s
currentSize : 27 <-- 0.185995 s
currentSize : 29 <-- 0.206744 s
currentSize : 35 <-- 0.216222 s

maxsize : 35
nodes : 43210.000000
filtered : 601671.000000
time : 0.237195
