Parameters: GAD=1 vflib=1 dir=1 label=1 lowerbound=1 fileNameGp=../graphsdb/mcs50/rand/r005/mcs50_r005_s40.A42 fileNameGt=../graphsdb/mcs50/rand/r005/mcs50_r005_s40.B42
Reading graphs...
40 : 78
40 : 78
Initializing...
maxdom : 6
D->valSize : 198
Solving...
Blb : 2 (clique : 15)
currentSize : 15 <-- 0.001791 s
currentSize : 16 <-- 0.001946 s
currentSize : 17 <-- 0.002087 s
currentSize : 18 <-- 0.002602 s
currentSize : 19 <-- 0.156804 s
currentSize : 20 <-- 0.912777 s

maxsize : 20
nodes : 454202.000000
filtered : 4241079.000000
time : 1.761506
