Parameters: GAD=1 vflib=1 dir=1 label=1 lowerbound=1 fileNameGp=../graphsdb/mcs50/bvg/b09m/mcs50_b09m_s90.A12 fileNameGt=../graphsdb/mcs50/bvg/b09m/mcs50_b09m_s90.B12
Reading graphs...
90 : 405
90 : 405
Initializing...
maxdom : 10
D->valSize : 577
Solving...
Blb : 2 (clique : 27)
currentSize : 27 <-- 0.006765 s
currentSize : 28 <-- 0.007027 s
currentSize : 32 <-- 0.007896 s
currentSize : 33 <-- 0.008006 s
currentSize : 35 <-- 0.008110 s
currentSize : 36 <-- 0.012669 s
currentSize : 37 <-- 0.012869 s
currentSize : 38 <-- 0.013069 s
currentSize : 39 <-- 0.013143 s
currentSize : 40 <-- 0.013258 s
currentSize : 41 <-- 0.054815 s
currentSize : 43 <-- 0.054868 s
currentSize : 44 <-- 0.369999 s

maxsize : 44
nodes : 291303136.000000
filtered : 1424234567.000000
time : 1453.281006
