Parameters: GAD=1 vflib=1 dir=1 label=1 lowerbound=1 fileNameGp=../graphsdb/mcs50/rand/r005/mcs50_r005_s80.A12 fileNameGt=../graphsdb/mcs50/rand/r005/mcs50_r005_s80.B12
Reading graphs...
80 : 315
80 : 315
Initializing...
maxdom : 9
D->valSize : 426
Solving...
Blb : 2 (clique : 25)
currentSize : 25 <-- 0.006539 s
currentSize : 27 <-- 1.134535 s
currentSize : 28 <-- 1.435315 s
currentSize : 29 <-- 1.442751 s
currentSize : 30 <-- 2.972832 s
currentSize : 31 <-- 5.876603 s
currentSize : 32 <-- 7.524724 s
currentSize : 33 <-- 8.991714 s
currentSize : 34 <-- 8.991842 s
currentSize : 35 <-- 16.544615 s
currentSize : 36 <-- 20.126244 s
currentSize : 37 <-- 20.126921 s
currentSize : 38 <-- 20.127087 s
currentSize : 39 <-- 31.435425 s
currentSize : 40 <-- 31.435631 s

maxsize : 40
nodes : 7057835.000000
filtered : 82838936.000000
time : 41.462311
