Parameters: GAD=1 vflib=1 dir=1 label=1 lowerbound=1 fileNameGp=../graphsdb/mcs50/bvg/b06m/mcs50_b06m_s80.A33 fileNameGt=../graphsdb/mcs50/bvg/b06m/mcs50_b06m_s80.B33
Reading graphs...
80 : 240
80 : 240
Initializing...
maxdom : 9
D->valSize : 432
Solving...
Blb : 3 (clique : 34)
currentSize : 34 <-- 0.007075 s
currentSize : 35 <-- 0.347697 s
currentSize : 36 <-- 0.610255 s
currentSize : 37 <-- 1.227070 s
currentSize : 39 <-- 73.814217 s
currentSize : 40 <-- 74.672691 s
currentSize : 41 <-- 74.672905 s

maxsize : 41
nodes : 137815193.000000
filtered : 917590872.000000
time : 672.288757
