Parameters: GAD=1 vflib=1 dir=1 label=1 lowerbound=1 fileNameGp=../graphsdb/mcs50/m4D/m4D/mcs50_m4D_s35.A98 fileNameGt=../graphsdb/mcs50/m4D/m4D/mcs50_m4D_s35.B98
Reading graphs...
35 : 63
35 : 63
Initializing...
maxdom : 7
D->valSize : 174
Solving...
Blb : 2 (clique : 14)
currentSize : 14 <-- 0.000953 s
currentSize : 16 <-- 0.001026 s
currentSize : 17 <-- 0.006096 s
currentSize : 18 <-- 0.006513 s
currentSize : 19 <-- 0.014957 s
currentSize : 20 <-- 0.015049 s

maxsize : 20
nodes : 8108.000000
filtered : 59706.000000
time : 0.029136
