Parameters: GAD=1 vflib=1 dir=1 label=1 lowerbound=1 fileNameGp=../graphsdb/mcs50/rand/r001/mcs50_r001_s100.A34 fileNameGt=../graphsdb/mcs50/rand/r001/mcs50_r001_s100.B34
Reading graphs...
100 : 124
100 : 124
Initializing...
maxdom : 7
D->valSize : 389
Solving...
Blb : 2 (clique : 46)
currentSize : 46 <-- 0.007638 s
currentSize : 47 <-- 0.008324 s
currentSize : 49 <-- 0.008618 s
currentSize : 50 <-- 5.158068 s
currentSize : 51 <-- 18.389502 s
currentSize : 52 <-- 2260.705078 s

TIMEOUT
maxsize : 52
nodes : 725738930.000000
filtered : 2798632783.000000
time : 3600.000000
