Parameters: GAD=1 vflib=1 dir=1 label=1 lowerbound=1 fileNameGp=../graphsdb/mcs50/m2D/m2Dr6/mcs50_m2Dr6_s60.A61 fileNameGt=../graphsdb/mcs50/m2D/m2Dr6/mcs50_m2Dr6_s60.B61
Reading graphs...
60 : 140
60 : 138
Initializing...
maxdom : 6
D->valSize : 256
Solving...
Blb : 3 (clique : 21)
currentSize : 21 <-- 0.001746 s
currentSize : 22 <-- 1.437705 s
currentSize : 23 <-- 1.464463 s
currentSize : 24 <-- 2.359727 s
currentSize : 25 <-- 3.471579 s
currentSize : 26 <-- 25.683887 s
currentSize : 27 <-- 25.683941 s
currentSize : 28 <-- 25.684397 s
currentSize : 29 <-- 26.471548 s

maxsize : 29
nodes : 11813523.000000
filtered : 70008000.000000
time : 49.390018
