Parameters: GAD=1 vflib=1 dir=1 label=1 lowerbound=1 fileNameGp=../graphsdb/mcs50/bvg/b03/mcs50_b03_s35.A36 fileNameGt=../graphsdb/mcs50/bvg/b03/mcs50_b03_s35.B36
Reading graphs...
35 : 52
35 : 52
Initializing...
maxdom : 8
D->valSize : 158
Solving...
Blb : 2 (clique : 14)
currentSize : 14 <-- 0.000843 s
currentSize : 15 <-- 0.001495 s
currentSize : 16 <-- 0.001963 s
currentSize : 17 <-- 0.009013 s
currentSize : 19 <-- 0.066641 s
currentSize : 20 <-- 0.067276 s
currentSize : 21 <-- 0.076706 s

maxsize : 21
nodes : 31762.000000
filtered : 198469.000000
time : 0.107850
