Parameters: GAD=1 vflib=1 dir=1 label=1 lowerbound=1 fileNameGp=../graphsdb/mcs50/m2D/m2Dr4/mcs50_m2Dr4_s60.A55 fileNameGt=../graphsdb/mcs50/m2D/m2Dr4/mcs50_m2Dr4_s60.B55
Reading graphs...
60 : 128
60 : 128
Initializing...
maxdom : 6
D->valSize : 222
Solving...
Blb : 2 (clique : 20)
currentSize : 20 <-- 0.001613 s
currentSize : 21 <-- 0.001762 s
currentSize : 22 <-- 0.001927 s
currentSize : 23 <-- 0.002171 s
currentSize : 24 <-- 0.004470 s
currentSize : 25 <-- 0.004728 s
currentSize : 26 <-- 0.005198 s
currentSize : 27 <-- 0.012626 s
currentSize : 28 <-- 0.033858 s
currentSize : 29 <-- 0.172792 s

maxsize : 29
nodes : 3160076.000000
filtered : 22681972.000000
time : 14.026127
