Parameters: GAD=1 vflib=1 dir=1 label=1 lowerbound=1 fileNameGp=../graphsdb/mcs50/bvg/b09/mcs50_b09_s90.A25 fileNameGt=../graphsdb/mcs50/bvg/b09/mcs50_b09_s90.B25
Reading graphs...
90 : 405
90 : 405
Initializing...
maxdom : 8
D->valSize : 562
Solving...
Blb : 2 (clique : 34)
currentSize : 34 <-- 0.006602 s
currentSize : 35 <-- 0.006897 s
currentSize : 36 <-- 0.007306 s
currentSize : 37 <-- 0.035953 s
currentSize : 38 <-- 0.040291 s
currentSize : 39 <-- 0.040394 s
currentSize : 40 <-- 0.060271 s
currentSize : 41 <-- 0.060420 s
currentSize : 42 <-- 0.060555 s
currentSize : 43 <-- 0.066027 s
currentSize : 44 <-- 0.066165 s

maxsize : 44
nodes : 385292127.000000
filtered : 3381209089.000000
time : 2198.747803
