Parameters: GAD=1 vflib=1 dir=1 label=1 lowerbound=1 fileNameGp=../graphsdb/mcs50/bvg/b03/mcs50_b03_s90.A31 fileNameGt=../graphsdb/mcs50/bvg/b03/mcs50_b03_s90.B31
Reading graphs...
90 : 135
90 : 135
Initializing...
maxdom : 10
D->valSize : 539
Solving...
Blb : 2 (clique : 40)
currentSize : 40 <-- 0.006513 s
currentSize : 41 <-- 0.006883 s
currentSize : 42 <-- 1.435055 s
currentSize : 43 <-- 4.122527 s
currentSize : 44 <-- 125.977867 s
currentSize : 45 <-- 301.779755 s

TIMEOUT
maxsize : 45
nodes : 639446133.000000
filtered : 6063805967.000000
time : 3600.000000
