Parameters: GAD=1 vflib=1 dir=1 label=1 lowerbound=1 fileNameGp=../graphsdb/mcs50/m2D/m2Dr4/mcs50_m2Dr4_s100.A70 fileNameGt=../graphsdb/mcs50/m2D/m2Dr4/mcs50_m2Dr4_s100.B70
Reading graphs...
100 : 220
100 : 219
Initializing...
maxdom : 7
D->valSize : 340
Solving...
Blb : 2 (clique : 42)
currentSize : 42 <-- 0.003647 s
currentSize : 43 <-- 0.005830 s
currentSize : 45 <-- 0.038218 s
currentSize : 46 <-- 0.174654 s
currentSize : 47 <-- 2.721925 s
currentSize : 48 <-- 43.733753 s
currentSize : 49 <-- 48.191566 s
currentSize : 50 <-- 985.134705 s
currentSize : 51 <-- 986.894226 s
currentSize : 52 <-- 1027.098511 s

maxsize : 52
nodes : 596714590.000000
filtered : 2007625212.000000
time : 2944.594482
