Parameters: GAD=1 vflib=1 dir=1 label=1 lowerbound=1 fileNameGp=../graphsdb/mcs50/m3D/m3D/mcs50_m3D_s60.A21 fileNameGt=../graphsdb/mcs50/m3D/m3D/mcs50_m3D_s60.B21
Reading graphs...
60 : 134
60 : 134
Initializing...
maxdom : 8
D->valSize : 262
Solving...
Blb : 2 (clique : 18)
currentSize : 18 <-- 0.002932 s
currentSize : 19 <-- 0.003195 s
currentSize : 20 <-- 0.007459 s
currentSize : 21 <-- 0.007505 s
currentSize : 22 <-- 0.270028 s
currentSize : 23 <-- 1.401772 s
currentSize : 24 <-- 1.412489 s
currentSize : 26 <-- 12.271193 s
currentSize : 27 <-- 12.337589 s
currentSize : 28 <-- 12.417666 s
currentSize : 29 <-- 12.417727 s

maxsize : 29
nodes : 7488168.000000
filtered : 45322695.000000
time : 31.402691
