Parameters: GAD=1 vflib=1 dir=1 label=1 lowerbound=1 fileNameGp=../graphsdb/mcs50/m2D/m2Dr4/mcs50_m2Dr4_s80.A31 fileNameGt=../graphsdb/mcs50/m2D/m2Dr4/mcs50_m2Dr4_s80.B31
Reading graphs...
80 : 174
80 : 173
Initializing...
maxdom : 10
D->valSize : 467
Solving...
Blb : 2 (clique : 28)
currentSize : 28 <-- 0.004881 s
currentSize : 29 <-- 0.043477 s
currentSize : 30 <-- 0.206594 s
currentSize : 31 <-- 0.937711 s
currentSize : 32 <-- 2.299958 s
currentSize : 33 <-- 32.619755 s
currentSize : 34 <-- 49.225712 s
currentSize : 35 <-- 61.216248 s
currentSize : 36 <-- 90.547997 s
currentSize : 37 <-- 131.634888 s
currentSize : 38 <-- 131.635132 s
currentSize : 39 <-- 510.752838 s
currentSize : 40 <-- 608.947021 s
currentSize : 41 <-- 2123.118164 s

TIMEOUT
maxsize : 41
nodes : 622822241.000000
filtered : 6785665273.000000
time : 3600.000000
