Parameters: GAD=1 vflib=1 dir=1 label=1 lowerbound=1 fileNameGp=../graphsdb/mcs50/m2D/m2Dr2/mcs50_m2Dr2_s80.A60 fileNameGt=../graphsdb/mcs50/m2D/m2Dr2/mcs50_m2Dr2_s80.B60
Reading graphs...
80 : 158
80 : 158
Initializing...
maxdom : 9
D->valSize : 423
Solving...
Blb : 2 (clique : 28)
currentSize : 28 <-- 0.004230 s
currentSize : 29 <-- 0.054101 s
currentSize : 30 <-- 2.655740 s
currentSize : 31 <-- 24.587564 s
currentSize : 32 <-- 24.712524 s
currentSize : 33 <-- 57.640099 s
currentSize : 34 <-- 101.525253 s
currentSize : 35 <-- 652.336365 s

TIMEOUT
maxsize : 35
nodes : 723335238.000000
filtered : 5531121808.000000
time : 3600.000000
