Parameters: GAD=1 vflib=1 dir=1 label=1 lowerbound=1 fileNameGp=../graphsdb/mcs50/m2D/m2D/mcs50_m2D_s100.A49 fileNameGt=../graphsdb/mcs50/m2D/m2D/mcs50_m2D_s100.B49
Reading graphs...
100 : 180
100 : 180
Initializing...
maxdom : 7
D->valSize : 356
Solving...
Blb : 2 (clique : 37)
currentSize : 37 <-- 0.003702 s
currentSize : 38 <-- 0.009298 s
currentSize : 39 <-- 0.009458 s
currentSize : 40 <-- 0.314756 s
currentSize : 41 <-- 0.314916 s
currentSize : 42 <-- 10.001291 s
currentSize : 43 <-- 306.437561 s
currentSize : 44 <-- 307.431976 s
currentSize : 45 <-- 524.966064 s
currentSize : 46 <-- 528.738037 s
currentSize : 47 <-- 1175.808472 s
currentSize : 48 <-- 3535.943115 s
currentSize : 49 <-- 3535.945801 s

TIMEOUT
maxsize : 49
nodes : 653182853.000000
filtered : 3475724121.000000
time : 3600.000000
