Parameters: GAD=1 vflib=1 dir=1 label=1 lowerbound=1 fileNameGp=../graphsdb/mcs50/rand/r01/mcs50_r01_s80.A87 fileNameGt=../graphsdb/mcs50/rand/r01/mcs50_r01_s80.B87
Reading graphs...
80 : 631
80 : 631
Initializing...
maxdom : 9
D->valSize : 438
Solving...
Blb : 5 (clique : 11)
currentSize : 11 <-- 0.004420 s
currentSize : 12 <-- 0.004560 s
currentSize : 13 <-- 0.004670 s
currentSize : 14 <-- 0.004877 s
currentSize : 15 <-- 0.006531 s
currentSize : 17 <-- 0.007882 s
currentSize : 18 <-- 0.009652 s
currentSize : 21 <-- 0.082045 s
currentSize : 22 <-- 0.082188 s
currentSize : 23 <-- 0.229502 s
currentSize : 25 <-- 0.230055 s
currentSize : 27 <-- 0.230137 s
currentSize : 28 <-- 0.325949 s
currentSize : 30 <-- 0.489504 s
currentSize : 34 <-- 0.585164 s
currentSize : 40 <-- 0.585308 s

maxsize : 40
nodes : 108970.000000
filtered : 1850333.000000
time : 0.693597
