Parameters: GAD=1 vflib=1 dir=1 label=1 lowerbound=1 fileNameGp=../graphsdb/mcs50/m2D/m2Dr6/mcs50_m2Dr6_s90.A06 fileNameGt=../graphsdb/mcs50/m2D/m2Dr6/mcs50_m2Dr6_s90.B06
Reading graphs...
90 : 215
90 : 214
Initializing...
maxdom : 11
D->valSize : 521
Solving...
Blb : 2 (clique : 38)
currentSize : 38 <-- 0.006054 s
currentSize : 39 <-- 0.006423 s
currentSize : 41 <-- 0.006475 s
currentSize : 42 <-- 0.006656 s
currentSize : 43 <-- 0.007054 s
currentSize : 47 <-- 0.240732 s
currentSize : 48 <-- 0.240832 s
currentSize : 49 <-- 0.408916 s
currentSize : 50 <-- 3.414293 s
currentSize : 51 <-- 3.414560 s

maxsize : 51
nodes : 431168013.000000
filtered : 2963209350.000000
time : 2342.434326
