Parameters: GAD=1 vflib=1 dir=1 label=1 lowerbound=1 fileNameGp=../graphsdb/mcs50/m2D/m2D/mcs50_m2D_s50.A81 fileNameGt=../graphsdb/mcs50/m2D/m2D/mcs50_m2D_s50.B81
Reading graphs...
50 : 85
50 : 85
Initializing...
maxdom : 9
D->valSize : 315
Solving...
Blb : 2 (clique : 20)
currentSize : 20 <-- 0.002300 s
currentSize : 21 <-- 0.002852 s
currentSize : 22 <-- 0.124790 s
currentSize : 23 <-- 0.905966 s
currentSize : 24 <-- 1.237980 s
currentSize : 25 <-- 40.694000 s
currentSize : 26 <-- 53.774845 s
currentSize : 27 <-- 237.966797 s
currentSize : 28 <-- 237.974930 s

maxsize : 28
nodes : 60433158.000000
filtered : 698817755.000000
time : 268.538330
