Parameters: GAD=1 vflib=1 dir=1 label=1 lowerbound=1 fileNameGp=../graphsdb/mcs50/bvg/b09m/mcs50_b09m_s80.A34 fileNameGt=../graphsdb/mcs50/bvg/b09m/mcs50_b09m_s80.B34
Reading graphs...
80 : 360
80 : 360
Initializing...
maxdom : 9
D->valSize : 456
Solving...
Blb : 2 (clique : 20)
currentSize : 20 <-- 0.004492 s
currentSize : 23 <-- 0.004664 s
currentSize : 27 <-- 0.005031 s
currentSize : 29 <-- 0.005859 s
currentSize : 30 <-- 0.006031 s
currentSize : 31 <-- 0.045275 s
currentSize : 33 <-- 0.086576 s
currentSize : 34 <-- 0.278847 s
currentSize : 35 <-- 3.117738 s
currentSize : 36 <-- 3.118821 s
currentSize : 37 <-- 11.796966 s
currentSize : 38 <-- 11.797318 s
currentSize : 39 <-- 22.100319 s
currentSize : 41 <-- 35.308800 s

maxsize : 41
nodes : 8587844.000000
filtered : 99089363.000000
time : 48.604420
