Parameters: GAD=1 vflib=1 dir=1 label=1 lowerbound=1 fileNameGp=../graphsdb/mcs50/m2D/m2Dr4/mcs50_m2Dr4_s30.A34 fileNameGt=../graphsdb/mcs50/m2D/m2Dr4/mcs50_m2Dr4_s30.B34
Reading graphs...
30 : 61
30 : 61
Initializing...
maxdom : 7
D->valSize : 119
Solving...
Blb : 2 (clique : 9)
currentSize : 9 <-- 0.000740 s
currentSize : 10 <-- 0.000814 s
currentSize : 11 <-- 0.000849 s
currentSize : 13 <-- 0.000897 s
currentSize : 14 <-- 0.000970 s
currentSize : 15 <-- 0.001467 s
currentSize : 16 <-- 0.001584 s

maxsize : 16
nodes : 3469.000000
filtered : 30979.000000
time : 0.013999
