Parameters: GAD=1 vflib=1 dir=1 label=1 lowerbound=1 fileNameGp=../graphsdb/mcs50/bvg/b09/mcs50_b09_s60.A88 fileNameGt=../graphsdb/mcs50/bvg/b09/mcs50_b09_s60.B88
Reading graphs...
60 : 270
60 : 270
Initializing...
maxdom : 6
D->valSize : 252
Solving...
Blb : 2 (clique : 23)
currentSize : 23 <-- 0.001855 s
currentSize : 24 <-- 0.002080 s
currentSize : 25 <-- 0.002238 s
currentSize : 26 <-- 0.003256 s
currentSize : 28 <-- 0.003424 s
currentSize : 30 <-- 0.005454 s

maxsize : 30
nodes : 69791.000000
filtered : 371377.000000
time : 0.313871
