Parameters: GAD=1 vflib=1 dir=1 label=1 lowerbound=1 fileNameGp=../graphsdb/mcs50/m3D/m3Dr6/mcs50_m3Dr6_s60.A42 fileNameGt=../graphsdb/mcs50/m3D/m3Dr6/mcs50_m3Dr6_s60.B42
Reading graphs...
60 : 170
60 : 169
Initializing...
maxdom : 6
D->valSize : 274
Solving...
Blb : 2 (clique : 18)
currentSize : 18 <-- 0.002031 s
currentSize : 19 <-- 0.012728 s
currentSize : 20 <-- 0.030074 s
currentSize : 21 <-- 0.111542 s
currentSize : 22 <-- 0.124235 s
currentSize : 23 <-- 0.158881 s
currentSize : 24 <-- 0.171861 s
currentSize : 25 <-- 0.174181 s
currentSize : 26 <-- 9.031651 s
currentSize : 28 <-- 9.035093 s
currentSize : 29 <-- 9.035485 s

maxsize : 29
nodes : 6713564.000000
filtered : 47588638.000000
time : 29.619663
