Parameters: GAD=1 vflib=1 dir=1 label=1 lowerbound=1 fileNameGp=../graphsdb/mcs50/m2D/m2Dr6/mcs50_m2Dr6_s80.A81 fileNameGt=../graphsdb/mcs50/m2D/m2Dr6/mcs50_m2Dr6_s80.B81
Reading graphs...
80 : 190
80 : 188
Initializing...
maxdom : 7
D->valSize : 402
Solving...
Blb : 2 (clique : 26)
currentSize : 26 <-- 0.003832 s
currentSize : 27 <-- 0.004064 s
currentSize : 28 <-- 0.005501 s
currentSize : 29 <-- 0.558934 s
currentSize : 30 <-- 80.731262 s
currentSize : 31 <-- 203.242935 s
currentSize : 32 <-- 1911.175781 s
currentSize : 33 <-- 1911.177368 s

TIMEOUT
maxsize : 33
nodes : 734130571.000000
filtered : 5642919168.000000
time : 3600.000000
