Parameters: GAD=1 vflib=1 dir=1 label=1 lowerbound=1 fileNameGp=../graphsdb/mcs50/m2D/m2Dr6/mcs50_m2Dr6_s90.A50 fileNameGt=../graphsdb/mcs50/m2D/m2Dr6/mcs50_m2Dr6_s90.B50
Reading graphs...
90 : 215
90 : 212
Initializing...
maxdom : 9
D->valSize : 527
Solving...
Blb : 2 (clique : 28)
currentSize : 28 <-- 0.009966 s
currentSize : 29 <-- 0.082135 s
currentSize : 30 <-- 0.120148 s
currentSize : 31 <-- 0.143052 s
currentSize : 32 <-- 3.155427 s
currentSize : 33 <-- 7.583055 s
currentSize : 34 <-- 25.309383 s
currentSize : 35 <-- 25.309587 s
currentSize : 36 <-- 25.312723 s
currentSize : 37 <-- 42.165367 s
currentSize : 38 <-- 71.057327 s
currentSize : 39 <-- 668.155212 s
currentSize : 40 <-- 1127.315063 s
currentSize : 41 <-- 1851.472534 s
currentSize : 42 <-- 2175.987793 s
currentSize : 43 <-- 2220.959473 s
currentSize : 44 <-- 2984.415039 s
currentSize : 45 <-- 2984.415039 s
currentSize : 46 <-- 3292.384521 s

TIMEOUT
maxsize : 46
nodes : 628893150.000000
filtered : 5722608294.000000
time : 3600.000000
