Parameters: GAD=1 vflib=1 dir=1 label=1 lowerbound=1 fileNameGp=../graphsdb/mcs50/bvg/b09m/mcs50_b09m_s60.A14 fileNameGt=../graphsdb/mcs50/bvg/b09m/mcs50_b09m_s60.B14
Reading graphs...
60 : 270
60 : 270
Initializing...
maxdom : 7
D->valSize : 245
Solving...
Blb : 3 (clique : 16)
currentSize : 16 <-- 0.001676 s
currentSize : 17 <-- 0.034425 s
currentSize : 18 <-- 0.325092 s
currentSize : 19 <-- 0.814095 s
currentSize : 20 <-- 0.814197 s
currentSize : 22 <-- 0.946170 s
currentSize : 24 <-- 0.946214 s
currentSize : 26 <-- 0.946389 s
currentSize : 27 <-- 0.946522 s
currentSize : 28 <-- 1.055513 s
currentSize : 32 <-- 1.204327 s

maxsize : 32
nodes : 335575.000000
filtered : 2617064.000000
time : 1.508348
