Parameters: GAD=1 vflib=1 dir=1 label=1 lowerbound=1 fileNameGp=../graphsdb/mcs50/m2D/m2Dr6/mcs50_m2Dr6_s60.A52 fileNameGt=../graphsdb/mcs50/m2D/m2Dr6/mcs50_m2Dr6_s60.B52
Reading graphs...
60 : 140
60 : 137
Initializing...
maxdom : 6
D->valSize : 231
Solving...
Blb : 2 (clique : 22)
currentSize : 22 <-- 0.001837 s
currentSize : 23 <-- 0.002061 s
currentSize : 26 <-- 3.453236 s
currentSize : 27 <-- 3.453339 s
currentSize : 28 <-- 3.626431 s

maxsize : 28
nodes : 2310129.000000
filtered : 15542211.000000
time : 9.884582
