Parameters: GAD=1 vflib=1 dir=1 label=1 lowerbound=1 fileNameGp=../graphsdb/mcs50/rand/r01/mcs50_r01_s50.A36 fileNameGt=../graphsdb/mcs50/rand/r01/mcs50_r01_s50.B36
Reading graphs...
50 : 244
50 : 244
Initializing...
maxdom : 9
D->valSize : 319
Solving...
Blb : 2 (clique : 12)
currentSize : 12 <-- 0.002263 s
currentSize : 15 <-- 0.002343 s
currentSize : 17 <-- 0.009594 s
currentSize : 20 <-- 0.016446 s
currentSize : 21 <-- 0.029765 s
currentSize : 22 <-- 0.105418 s
currentSize : 23 <-- 0.123900 s
currentSize : 25 <-- 0.219814 s

maxsize : 25
nodes : 46364.000000
filtered : 1109744.000000
time : 0.262223
