Parameters: GAD=1 vflib=1 dir=1 label=1 lowerbound=1 fileNameGp=../graphsdb/mcs50/m2D/m2Dr6/mcs50_m2Dr6_s80.A01 fileNameGt=../graphsdb/mcs50/m2D/m2Dr6/mcs50_m2Dr6_s80.B01
Reading graphs...
80 : 190
80 : 189
Initializing...
maxdom : 13
D->valSize : 456
Solving...
Blb : 2 (clique : 24)
currentSize : 24 <-- 0.007515 s
currentSize : 26 <-- 0.007794 s
currentSize : 27 <-- 0.008494 s
currentSize : 28 <-- 0.011911 s
currentSize : 29 <-- 0.969559 s
currentSize : 31 <-- 1.993908 s
currentSize : 32 <-- 3.157405 s
currentSize : 33 <-- 6.408452 s
currentSize : 34 <-- 6.409693 s
currentSize : 35 <-- 20.470520 s
currentSize : 37 <-- 20.471844 s
currentSize : 38 <-- 23.009577 s
currentSize : 39 <-- 23.009731 s
currentSize : 40 <-- 271.619446 s

maxsize : 40
nodes : 111034100.000000
filtered : 1312631241.000000
time : 669.569397
