Parameters: GAD=1 vflib=1 dir=1 label=1 lowerbound=1 fileNameGp=../graphsdb/mcs50/bvg/b06m/mcs50_b06m_s70.A12 fileNameGt=../graphsdb/mcs50/bvg/b06m/mcs50_b06m_s70.B12
Reading graphs...
70 : 210
70 : 210
Initializing...
maxdom : 7
D->valSize : 317
Solving...
Blb : 3 (clique : 23)
currentSize : 23 <-- 0.002625 s
currentSize : 24 <-- 0.345535 s
currentSize : 25 <-- 0.977214 s
currentSize : 26 <-- 19.692467 s
currentSize : 27 <-- 20.148617 s
currentSize : 28 <-- 22.775032 s
currentSize : 32 <-- 76.804916 s
currentSize : 33 <-- 76.804993 s
currentSize : 34 <-- 76.822731 s
currentSize : 35 <-- 115.464203 s
currentSize : 36 <-- 115.464401 s

maxsize : 36
nodes : 48826843.000000
filtered : 275534798.000000
time : 214.035202
