Parameters: GAD=1 vflib=1 dir=1 label=1 lowerbound=1 fileNameGp=../graphsdb/mcs50/m2D/m2D/mcs50_m2D_s40.A94 fileNameGt=../graphsdb/mcs50/m2D/m2D/mcs50_m2D_s40.B94
Reading graphs...
40 : 67
40 : 67
Initializing...
maxdom : 7
D->valSize : 201
Solving...
Blb : 2 (clique : 15)
currentSize : 15 <-- 0.001793 s
currentSize : 16 <-- 0.003290 s
currentSize : 17 <-- 0.005733 s
currentSize : 18 <-- 0.306147 s
currentSize : 19 <-- 2.761651 s
currentSize : 20 <-- 5.585165 s

maxsize : 20
nodes : 1402995.000000
filtered : 15464707.000000
time : 5.661805
