Parameters: GAD=1 vflib=1 dir=1 label=1 lowerbound=1 fileNameGp=../graphsdb/mcs50/rand/r02/mcs50_r02_s70.A72 fileNameGt=../graphsdb/mcs50/rand/r02/mcs50_r02_s70.B72
Reading graphs...
70 : 965
70 : 965
Initializing...
maxdom : 7
D->valSize : 335
Solving...
Blb : 2 (clique : 9)
currentSize : 9 <-- 0.002639 s
currentSize : 10 <-- 0.004055 s
currentSize : 11 <-- 0.004900 s
currentSize : 14 <-- 0.005518 s
currentSize : 35 <-- 0.010636 s

maxsize : 35
nodes : 3035.000000
filtered : 58706.000000
time : 0.019800
