Parameters: GAD=1 vflib=1 dir=1 label=1 lowerbound=1 fileNameGp=../graphsdb/mcs50/m3D/m3Dr4/mcs50_m3Dr4_s50.A48 fileNameGt=../graphsdb/mcs50/m3D/m3Dr4/mcs50_m3Dr4_s50.B48
Reading graphs...
50 : 129
50 : 128
Initializing...
maxdom : 10
D->valSize : 343
Solving...
Blb : 3 (clique : 18)
currentSize : 18 <-- 0.002422 s
currentSize : 23 <-- 0.002533 s
currentSize : 24 <-- 0.002602 s
currentSize : 25 <-- 0.912127 s
currentSize : 26 <-- 0.912324 s
currentSize : 27 <-- 1.676986 s
currentSize : 28 <-- 1.677201 s

maxsize : 28
nodes : 633507.000000
filtered : 7071417.000000
time : 2.815673
