Parameters: GAD=1 vflib=1 dir=1 label=1 lowerbound=1 fileNameGp=../graphsdb/mcs50/bvg/b09m/mcs50_b09m_s80.A97 fileNameGt=../graphsdb/mcs50/bvg/b09m/mcs50_b09m_s80.B97
Reading graphs...
80 : 360
80 : 360
Initializing...
maxdom : 9
D->valSize : 450
Solving...
Blb : 3 (clique : 21)
currentSize : 21 <-- 0.004398 s
currentSize : 22 <-- 0.066882 s
currentSize : 23 <-- 2.575903 s
currentSize : 24 <-- 6.595695 s
currentSize : 25 <-- 17.653330 s
currentSize : 26 <-- 74.386597 s
currentSize : 27 <-- 74.389458 s
currentSize : 28 <-- 75.694153 s
currentSize : 29 <-- 75.695114 s
currentSize : 30 <-- 75.695435 s
currentSize : 31 <-- 88.487633 s
currentSize : 32 <-- 93.066986 s
currentSize : 34 <-- 93.067230 s
currentSize : 36 <-- 93.068047 s
currentSize : 37 <-- 93.077835 s
currentSize : 38 <-- 93.080528 s
currentSize : 39 <-- 93.142525 s
currentSize : 40 <-- 93.142822 s

maxsize : 40
nodes : 28666554.000000
filtered : 228601228.000000
time : 142.445114
