Parameters: GAD=1 vflib=1 dir=1 label=1 lowerbound=1 fileNameGp=../graphsdb/mcs50/rand/r005/mcs50_r005_s60.A63 fileNameGt=../graphsdb/mcs50/rand/r005/mcs50_r005_s60.B63
Reading graphs...
60 : 176
60 : 176
Initializing...
maxdom : 7
D->valSize : 246
Solving...
Blb : 2 (clique : 24)
currentSize : 24 <-- 0.001711 s
currentSize : 25 <-- 0.002738 s
currentSize : 26 <-- 0.003508 s
currentSize : 27 <-- 0.003602 s
currentSize : 29 <-- 0.206124 s
currentSize : 30 <-- 0.208471 s

maxsize : 30
nodes : 305775.000000
filtered : 2985656.000000
time : 1.462124
