Parameters: GAD=1 vflib=1 dir=1 label=1 lowerbound=1 fileNameGp=../graphsdb/mcs50/m3D/m3Dr6/mcs50_m3Dr6_s50.A69 fileNameGt=../graphsdb/mcs50/m3D/m3Dr6/mcs50_m3Dr6_s50.B69
Reading graphs...
50 : 139
50 : 139
Initializing...
maxdom : 12
D->valSize : 348
Solving...
Blb : 2 (clique : 20)
currentSize : 20 <-- 0.004102 s
currentSize : 24 <-- 0.004361 s
currentSize : 28 <-- 0.004711 s
currentSize : 29 <-- 0.008194 s
currentSize : 30 <-- 0.147432 s

maxsize : 30
nodes : 33269.000000
filtered : 437562.000000
time : 0.173439
