Parameters: GAD=1 vflib=1 dir=1 label=1 lowerbound=1 fileNameGp=../graphsdb/mcs50/bvg/b03/mcs50_b03_s50.A25 fileNameGt=../graphsdb/mcs50/bvg/b03/mcs50_b03_s50.B25
Reading graphs...
50 : 75
50 : 75
Initializing...
maxdom : 7
D->valSize : 320
Solving...
Blb : 2 (clique : 19)
currentSize : 19 <-- 0.002349 s
currentSize : 20 <-- 0.002494 s
currentSize : 21 <-- 0.339006 s
currentSize : 22 <-- 0.763130 s
currentSize : 23 <-- 1.049528 s
currentSize : 24 <-- 3.393804 s
currentSize : 26 <-- 3.516946 s
currentSize : 27 <-- 31.783236 s

maxsize : 27
nodes : 190548520.000000
filtered : 2049567902.000000
time : 834.341187
