Parameters: GAD=1 vflib=1 dir=1 label=1 lowerbound=1 fileNameGp=../graphsdb/mcs50/m2D/m2Dr6/mcs50_m2Dr6_s70.A37 fileNameGt=../graphsdb/mcs50/m2D/m2Dr6/mcs50_m2Dr6_s70.B37
Reading graphs...
70 : 165
70 : 165
Initializing...
maxdom : 10
D->valSize : 343
Solving...
Blb : 2 (clique : 31)
currentSize : 31 <-- 0.003143 s
currentSize : 32 <-- 0.003402 s
currentSize : 33 <-- 0.004583 s
currentSize : 34 <-- 0.011494 s
currentSize : 35 <-- 0.014621 s
currentSize : 36 <-- 0.015233 s
currentSize : 37 <-- 3.912638 s
currentSize : 38 <-- 4.433644 s

maxsize : 38
nodes : 20050529.000000
filtered : 88165990.000000
time : 82.603973
