Parameters: GAD=1 vflib=1 dir=1 label=1 lowerbound=1 fileNameGp=../graphsdb/mcs50/rand/r005/mcs50_r005_s70.A53 fileNameGt=../graphsdb/mcs50/rand/r005/mcs50_r005_s70.B53
Reading graphs...
70 : 240
70 : 240
Initializing...
maxdom : 7
D->valSize : 323
Solving...
Blb : 2 (clique : 19)
currentSize : 19 <-- 0.004189 s
currentSize : 20 <-- 0.007716 s
currentSize : 21 <-- 0.016088 s
currentSize : 22 <-- 0.018438 s
currentSize : 23 <-- 1.513519 s
currentSize : 24 <-- 1.601087 s
currentSize : 25 <-- 2.170902 s
currentSize : 27 <-- 2.910538 s
currentSize : 28 <-- 10.857746 s
currentSize : 29 <-- 21.785475 s
currentSize : 30 <-- 23.265106 s
currentSize : 31 <-- 23.265352 s
currentSize : 33 <-- 28.839493 s
currentSize : 35 <-- 30.017668 s

maxsize : 35
nodes : 6658753.000000
filtered : 66055720.000000
time : 34.923195
