Parameters: GAD=1 vflib=1 dir=1 label=1 lowerbound=1 fileNameGp=../graphsdb/mcs50/m3D/m3Dr2/mcs50_m3Dr2_s60.A80 fileNameGt=../graphsdb/mcs50/m3D/m3Dr2/mcs50_m3Dr2_s60.B80
Reading graphs...
60 : 146
60 : 146
Initializing...
maxdom : 9
D->valSize : 270
Solving...
Blb : 2 (clique : 21)
currentSize : 21 <-- 0.002008 s
currentSize : 23 <-- 0.002184 s
currentSize : 25 <-- 0.002499 s
currentSize : 26 <-- 0.007284 s
currentSize : 27 <-- 1.625514 s
currentSize : 28 <-- 1.896134 s
currentSize : 29 <-- 1.896919 s

maxsize : 29
nodes : 1005218.000000
filtered : 7821906.000000
time : 4.457854
