Parameters: GAD=1 vflib=1 dir=1 label=1 lowerbound=1 fileNameGp=../graphsdb/mcs50/bvg/b09m/mcs50_b09m_s80.A11 fileNameGt=../graphsdb/mcs50/bvg/b09m/mcs50_b09m_s80.B11
Reading graphs...
80 : 360
80 : 360
Initializing...
maxdom : 9
D->valSize : 456
Solving...
Blb : 2 (clique : 28)
currentSize : 28 <-- 0.004543 s
currentSize : 29 <-- 0.019943 s
currentSize : 30 <-- 0.026356 s
currentSize : 31 <-- 0.826455 s
currentSize : 33 <-- 0.853161 s
currentSize : 34 <-- 0.931706 s
currentSize : 35 <-- 0.939738 s
currentSize : 36 <-- 1.090373 s
currentSize : 37 <-- 39.688141 s
currentSize : 38 <-- 50.822929 s
currentSize : 39 <-- 50.823078 s
currentSize : 40 <-- 197.228897 s

maxsize : 40
nodes : 61856283.000000
filtered : 268652883.000000
time : 268.208954
