Parameters: GAD=1 vflib=1 dir=1 label=1 lowerbound=1 fileNameGp=../graphsdb/mcs50/rand/r005/mcs50_r005_s60.A54 fileNameGt=../graphsdb/mcs50/rand/r005/mcs50_r005_s60.B54
Reading graphs...
60 : 176
60 : 176
Initializing...
maxdom : 7
D->valSize : 240
Solving...
Blb : 2 (clique : 15)
currentSize : 15 <-- 0.001655 s
currentSize : 16 <-- 0.003087 s
currentSize : 17 <-- 0.005071 s
currentSize : 18 <-- 0.005170 s
currentSize : 19 <-- 0.046861 s
currentSize : 20 <-- 0.061958 s
currentSize : 21 <-- 0.373464 s
currentSize : 22 <-- 0.382048 s
currentSize : 23 <-- 0.384013 s
currentSize : 24 <-- 0.664571 s
currentSize : 25 <-- 1.107431 s
currentSize : 27 <-- 1.107551 s
currentSize : 28 <-- 1.156644 s
currentSize : 29 <-- 1.157029 s
currentSize : 30 <-- 1.157146 s

maxsize : 30
nodes : 344888.000000
filtered : 3011345.000000
time : 1.587867
