Parameters: GAD=1 vflib=1 dir=1 label=1 lowerbound=1 fileNameGp=../graphsdb/mcs50/bvg/b03/mcs50_b03_s60.A78 fileNameGt=../graphsdb/mcs50/bvg/b03/mcs50_b03_s60.B78
Reading graphs...
60 : 90
60 : 90
Initializing...
maxdom : 6
D->valSize : 242
Solving...
Blb : 5 (clique : 25)
currentSize : 25 <-- 0.001839 s
currentSize : 26 <-- 0.038738 s
currentSize : 27 <-- 0.348538 s
currentSize : 28 <-- 9.464750 s
currentSize : 30 <-- 9.637332 s
currentSize : 31 <-- 9.819980 s
currentSize : 33 <-- 24.621227 s

maxsize : 33
nodes : 10977577.000000
filtered : 62520443.000000
time : 45.995800
