Parameters: GAD=1 vflib=1 dir=1 label=1 lowerbound=1 fileNameGp=../graphsdb/mcs50/m3D/m3D/mcs50_m3D_s60.A48 fileNameGt=../graphsdb/mcs50/m3D/m3D/mcs50_m3D_s60.B48
Reading graphs...
60 : 134
60 : 134
Initializing...
maxdom : 8
D->valSize : 239
Solving...
Blb : 2 (clique : 25)
currentSize : 25 <-- 0.002708 s
currentSize : 26 <-- 0.003605 s
currentSize : 27 <-- 0.171675 s
currentSize : 28 <-- 0.171871 s
currentSize : 29 <-- 0.174999 s

maxsize : 29
nodes : 1411016.000000
filtered : 10633518.000000
time : 6.067081
