Parameters: GAD=1 vflib=1 dir=1 label=1 lowerbound=1 fileNameGp=../graphsdb/mcs50/m2D/m2Dr4/mcs50_m2Dr4_s50.A30 fileNameGt=../graphsdb/mcs50/m2D/m2Dr4/mcs50_m2Dr4_s50.B30
Reading graphs...
50 : 105
50 : 103
Initializing...
maxdom : 10
D->valSize : 340
Solving...
Blb : 2 (clique : 22)
currentSize : 22 <-- 0.002713 s
currentSize : 23 <-- 0.002851 s
currentSize : 24 <-- 0.002943 s
currentSize : 25 <-- 0.003475 s
currentSize : 26 <-- 0.003528 s
currentSize : 27 <-- 0.111579 s
currentSize : 28 <-- 0.334370 s

maxsize : 28
nodes : 1494791.000000
filtered : 20943416.000000
time : 7.497787
