Parameters: GAD=1 vflib=1 dir=1 label=1 lowerbound=1 fileNameGp=../graphsdb/mcs50/bvg/b06m/mcs50_b06m_s80.A47 fileNameGt=../graphsdb/mcs50/bvg/b06m/mcs50_b06m_s80.B47
Reading graphs...
80 : 240
80 : 240
Initializing...
maxdom : 9
D->valSize : 469
Solving...
Blb : 2 (clique : 26)
currentSize : 26 <-- 0.004870 s
currentSize : 27 <-- 1.710587 s
currentSize : 28 <-- 23.079178 s
currentSize : 29 <-- 180.771835 s
currentSize : 30 <-- 200.182434 s
currentSize : 31 <-- 200.182526 s
currentSize : 32 <-- 206.456131 s
currentSize : 33 <-- 284.697449 s
currentSize : 34 <-- 284.697571 s
currentSize : 35 <-- 760.397888 s
currentSize : 36 <-- 760.398071 s
currentSize : 37 <-- 760.401794 s
currentSize : 38 <-- 760.401855 s
currentSize : 39 <-- 805.992126 s
currentSize : 40 <-- 807.409363 s
currentSize : 41 <-- 807.409546 s

maxsize : 41
nodes : 195864591.000000
filtered : 1931804111.000000
time : 1061.681519
