Parameters: GAD=1 vflib=1 dir=1 label=1 lowerbound=1 fileNameGp=../graphsdb/mcs50/m2D/m2D/mcs50_m2D_s70.A22 fileNameGt=../graphsdb/mcs50/m2D/m2D/mcs50_m2D_s70.B22
Reading graphs...
70 : 123
70 : 123
Initializing...
maxdom : 8
D->valSize : 323
Solving...
Blb : 3 (clique : 35)
currentSize : 35 <-- 0.003038 s
currentSize : 36 <-- 0.003807 s
currentSize : 37 <-- 0.028826 s
currentSize : 38 <-- 15.615752 s
currentSize : 39 <-- 15.716785 s

maxsize : 39
nodes : 35374969.000000
filtered : 193814360.000000
time : 158.702637
