Parameters: GAD=1 vflib=1 dir=1 label=1 lowerbound=1 fileNameGp=../graphsdb/mcs50/m3D/m3Dr4/mcs50_m3Dr4_s50.A22 fileNameGt=../graphsdb/mcs50/m3D/m3Dr4/mcs50_m3Dr4_s50.B22
Reading graphs...
50 : 129
50 : 129
Initializing...
maxdom : 8
D->valSize : 314
Solving...
Blb : 2 (clique : 21)
currentSize : 21 <-- 0.002170 s
currentSize : 23 <-- 0.002486 s
currentSize : 24 <-- 0.201479 s
currentSize : 25 <-- 0.740113 s
currentSize : 26 <-- 1.112118 s
currentSize : 27 <-- 2.089859 s
currentSize : 28 <-- 2.613415 s

maxsize : 28
nodes : 685027.000000
filtered : 7840999.000000
time : 3.094602
