Parameters: GAD=1 vflib=1 dir=1 label=1 lowerbound=1 fileNameGp=../graphsdb/mcs50/rand/r01/mcs50_r01_s40.A42 fileNameGt=../graphsdb/mcs50/rand/r01/mcs50_r01_s40.B42
Reading graphs...
40 : 155
40 : 155
Initializing...
maxdom : 11
D->valSize : 219
Solving...
Blb : 2 (clique : 11)
currentSize : 11 <-- 0.001255 s
currentSize : 13 <-- 0.001389 s
currentSize : 15 <-- 0.002425 s
currentSize : 16 <-- 0.005829 s
currentSize : 18 <-- 0.006104 s
currentSize : 19 <-- 0.010162 s
currentSize : 21 <-- 0.017499 s

maxsize : 21
nodes : 4862.000000
filtered : 64911.000000
time : 0.021447
