Parameters: GAD=1 vflib=1 dir=1 label=1 lowerbound=1 fileNameGp=../graphsdb/mcs50/bvg/b03/mcs50_b03_s40.A38 fileNameGt=../graphsdb/mcs50/bvg/b03/mcs50_b03_s40.B38
Reading graphs...
40 : 60
40 : 60
Initializing...
maxdom : 9
D->valSize : 205
Solving...
Blb : 2 (clique : 17)
currentSize : 17 <-- 0.001182 s
currentSize : 20 <-- 0.001438 s
currentSize : 21 <-- 0.010443 s
currentSize : 22 <-- 0.025195 s
currentSize : 23 <-- 0.026839 s
currentSize : 24 <-- 0.030317 s

maxsize : 24
nodes : 15185.000000
filtered : 150241.000000
time : 0.062329
