Parameters: GAD=1 vflib=1 dir=1 label=1 lowerbound=1 fileNameGp=../graphsdb/mcs50/m3D/m3D/mcs50_m3D_s50.A65 fileNameGt=../graphsdb/mcs50/m3D/m3D/mcs50_m3D_s50.B65
Reading graphs...
50 : 109
50 : 109
Initializing...
maxdom : 12
D->valSize : 331
Solving...
Blb : 2 (clique : 16)
currentSize : 16 <-- 0.002297 s
currentSize : 17 <-- 0.002583 s
currentSize : 18 <-- 0.004409 s
currentSize : 19 <-- 0.004767 s
currentSize : 20 <-- 0.250796 s
currentSize : 21 <-- 0.297828 s
currentSize : 22 <-- 14.552569 s
currentSize : 23 <-- 14.552710 s
currentSize : 25 <-- 15.787072 s
currentSize : 26 <-- 15.803920 s
currentSize : 27 <-- 16.292248 s

maxsize : 27
nodes : 4790408.000000
filtered : 53084631.000000
time : 20.721895
