Parameters: GAD=1 vflib=1 dir=1 label=1 lowerbound=1 fileNameGp=../graphsdb/mcs50/rand/r01/mcs50_r01_s100.A92 fileNameGt=../graphsdb/mcs50/rand/r01/mcs50_r01_s100.B92
Reading graphs...
100 : 989
100 : 989
Initializing...
maxdom : 8
D->valSize : 360
Solving...
Blb : 2 (clique : 13)
currentSize : 13 <-- 0.003580 s
currentSize : 14 <-- 0.003938 s
currentSize : 15 <-- 0.004171 s
currentSize : 16 <-- 0.004454 s
currentSize : 17 <-- 0.007107 s
currentSize : 18 <-- 0.008824 s
currentSize : 21 <-- 0.013918 s
currentSize : 22 <-- 0.025385 s
currentSize : 24 <-- 0.025497 s
currentSize : 26 <-- 0.173585 s
currentSize : 30 <-- 0.174484 s
currentSize : 36 <-- 0.187338 s
currentSize : 39 <-- 0.465279 s
currentSize : 40 <-- 0.477092 s
currentSize : 42 <-- 0.485397 s
currentSize : 43 <-- 0.495737 s
currentSize : 50 <-- 0.496237 s

maxsize : 50
nodes : 121069.000000
filtered : 1433701.000000
time : 0.812924
