Parameters: GAD=1 vflib=1 dir=1 label=1 lowerbound=1 fileNameGp=../graphsdb/mcs50/m2D/m2Dr2/mcs50_m2Dr2_s80.A88 fileNameGt=../graphsdb/mcs50/m2D/m2Dr2/mcs50_m2Dr2_s80.B88
Reading graphs...
80 : 158
80 : 158
Initializing...
maxdom : 10
D->valSize : 429
Solving...
Blb : 2 (clique : 31)
currentSize : 31 <-- 0.004361 s
currentSize : 32 <-- 0.004969 s
currentSize : 34 <-- 0.162720 s
currentSize : 35 <-- 0.162797 s
currentSize : 36 <-- 43.130844 s
currentSize : 37 <-- 3390.698242 s

TIMEOUT
maxsize : 37
nodes : 679377474.000000
filtered : 6257362508.000000
time : 3600.000000
