Parameters: GAD=1 vflib=1 dir=1 label=1 lowerbound=1 fileNameGp=../graphsdb/mcs50/bvg/b09m/mcs50_b09m_s50.A69 fileNameGt=../graphsdb/mcs50/bvg/b09m/mcs50_b09m_s50.B69
Reading graphs...
50 : 225
50 : 225
Initializing...
maxdom : 9
D->valSize : 327
Solving...
Blb : 2 (clique : 11)
currentSize : 11 <-- 0.003615 s
currentSize : 19 <-- 0.003749 s
currentSize : 20 <-- 0.003836 s
currentSize : 21 <-- 0.003927 s
currentSize : 23 <-- 0.004383 s
currentSize : 24 <-- 0.004467 s

maxsize : 24
nodes : 197272.000000
filtered : 1724262.000000
time : 0.808467
