Parameters: GAD=1 vflib=1 dir=1 label=1 lowerbound=1 fileNameGp=../graphsdb/mcs50/m3D/m3Dr4/mcs50_m3Dr4_s50.A80 fileNameGt=../graphsdb/mcs50/m3D/m3Dr4/mcs50_m3Dr4_s50.B80
Reading graphs...
50 : 129
50 : 128
Initializing...
maxdom : 9
D->valSize : 312
Solving...
Blb : 2 (clique : 18)
currentSize : 18 <-- 0.002287 s
currentSize : 19 <-- 0.013796 s
currentSize : 20 <-- 0.016429 s
currentSize : 21 <-- 0.023952 s
currentSize : 22 <-- 0.048144 s
currentSize : 23 <-- 0.133364 s
currentSize : 24 <-- 1.362111 s
currentSize : 25 <-- 2.236721 s
currentSize : 26 <-- 2.965600 s
currentSize : 27 <-- 6.645903 s

maxsize : 27
nodes : 1549691.000000
filtered : 21589286.000000
time : 7.455459
