Parameters: GAD=1 vflib=1 dir=1 label=1 lowerbound=1 fileNameGp=../graphsdb/mcs50/m4D/m4Dr2/mcs50_m4Dr2_s40.A11 fileNameGt=../graphsdb/mcs50/m4D/m4Dr2/mcs50_m4Dr2_s40.B11
Reading graphs...
40 : 79
40 : 79
Initializing...
maxdom : 8
D->valSize : 204
Solving...
Blb : 3 (clique : 15)
currentSize : 15 <-- 0.001822 s
currentSize : 16 <-- 0.013174 s
currentSize : 17 <-- 0.036599 s
currentSize : 18 <-- 0.057347 s
currentSize : 19 <-- 0.415295 s
currentSize : 20 <-- 0.866974 s

maxsize : 20
nodes : 399123.000000
filtered : 4081592.000000
time : 1.766190
