Parameters: GAD=1 vflib=1 dir=1 label=1 lowerbound=1 fileNameGp=../graphsdb/mcs50/bvg/b09/mcs50_b09_s70.A63 fileNameGt=../graphsdb/mcs50/bvg/b09/mcs50_b09_s70.B63
Reading graphs...
70 : 315
70 : 315
Initializing...
maxdom : 9
D->valSize : 332
Solving...
Blb : 2 (clique : 24)
currentSize : 24 <-- 0.002849 s
currentSize : 29 <-- 0.025165 s
currentSize : 30 <-- 0.025223 s
currentSize : 31 <-- 1.408279 s
currentSize : 32 <-- 1.408334 s
currentSize : 33 <-- 10.274528 s
currentSize : 34 <-- 10.274588 s

maxsize : 34
nodes : 4045901.000000
filtered : 20039925.000000
time : 16.662590
