Parameters: GAD=1 vflib=1 dir=1 label=1 lowerbound=1 fileNameGp=../graphsdb/mcs50/rand/r005/mcs50_r005_s50.A08 fileNameGt=../graphsdb/mcs50/rand/r005/mcs50_r005_s50.B08
Reading graphs...
50 : 121
50 : 121
Initializing...
maxdom : 10
D->valSize : 333
Solving...
Blb : 2 (clique : 17)
currentSize : 17 <-- 0.002533 s
currentSize : 18 <-- 0.003866 s
currentSize : 20 <-- 0.007997 s
currentSize : 21 <-- 0.008230 s
currentSize : 22 <-- 0.060130 s
currentSize : 23 <-- 1.952339 s
currentSize : 24 <-- 2.217534 s
currentSize : 25 <-- 3.113271 s
currentSize : 26 <-- 3.113328 s

maxsize : 26
nodes : 1551020.000000
filtered : 24309128.000000
time : 7.675598
