Parameters: GAD=1 vflib=1 dir=1 label=1 lowerbound=1 fileNameGp=../graphsdb/mcs50/bvg/b03/mcs50_b03_s40.A57 fileNameGt=../graphsdb/mcs50/bvg/b03/mcs50_b03_s40.B57
Reading graphs...
40 : 60
40 : 60
Initializing...
maxdom : 9
D->valSize : 200
Solving...
Blb : 3 (clique : 15)
currentSize : 15 <-- 0.001120 s
currentSize : 16 <-- 0.001320 s
currentSize : 17 <-- 0.002472 s
currentSize : 18 <-- 0.049783 s
currentSize : 19 <-- 0.049928 s
currentSize : 20 <-- 0.089887 s
currentSize : 21 <-- 0.261732 s
currentSize : 22 <-- 0.261807 s

maxsize : 22
nodes : 298546.000000
filtered : 3002118.000000
time : 1.158989
