Parameters: GAD=1 vflib=1 dir=1 label=1 lowerbound=1 fileNameGp=../graphsdb/mcs50/rand/r01/mcs50_r01_s35.A16 fileNameGt=../graphsdb/mcs50/rand/r01/mcs50_r01_s35.B16
Reading graphs...
35 : 118
35 : 118
Initializing...
maxdom : 10
D->valSize : 168
Solving...
Blb : 5 (clique : 10)
currentSize : 10 <-- 0.000936 s
currentSize : 11 <-- 0.001073 s
currentSize : 12 <-- 0.008892 s
currentSize : 13 <-- 0.020819 s
currentSize : 15 <-- 0.027916 s
currentSize : 16 <-- 0.028857 s
currentSize : 17 <-- 0.028886 s

maxsize : 17
nodes : 9842.000000
filtered : 104718.000000
time : 0.036749
