Parameters: GAD=1 vflib=1 dir=1 label=1 lowerbound=1 fileNameGp=../graphsdb/mcs50/rand/r001/mcs50_r001_s100.A16 fileNameGt=../graphsdb/mcs50/rand/r001/mcs50_r001_s100.B16
Reading graphs...
100 : 124
100 : 124
Initializing...
maxdom : 7
D->valSize : 358
Solving...
Blb : 2 (clique : 50)
currentSize : 50 <-- 0.004261 s
currentSize : 51 <-- 0.005157 s
currentSize : 52 <-- 0.005254 s
currentSize : 53 <-- 0.006007 s
currentSize : 54 <-- 5.173547 s
currentSize : 55 <-- 1742.157837 s

TIMEOUT
maxsize : 55
nodes : 674819100.000000
filtered : 2747048969.000000
time : 3600.000000
