Parameters: GAD=1 vflib=1 dir=1 label=1 lowerbound=1 fileNameGp=../graphsdb/mcs50/m2D/m2Dr6/mcs50_m2Dr6_s40.A77 fileNameGt=../graphsdb/mcs50/m2D/m2Dr6/mcs50_m2Dr6_s40.B77
Reading graphs...
40 : 91
40 : 88
Initializing...
maxdom : 8
D->valSize : 228
Solving...
Blb : 2 (clique : 13)
currentSize : 13 <-- 0.001304 s
currentSize : 14 <-- 0.015883 s
currentSize : 15 <-- 0.042300 s
currentSize : 16 <-- 0.100308 s
currentSize : 17 <-- 0.100388 s
currentSize : 18 <-- 0.166820 s
currentSize : 19 <-- 0.324260 s

maxsize : 19
nodes : 136408.000000
filtered : 1553844.000000
time : 0.551947
