Parameters: GAD=1 vflib=1 dir=1 label=1 lowerbound=1 fileNameGp=../graphsdb/mcs50/m4D/m4Dr4/mcs50_m4Dr4_s40.A82 fileNameGt=../graphsdb/mcs50/m4D/m4Dr4/mcs50_m4Dr4_s40.B82
Reading graphs...
40 : 87
40 : 85
Initializing...
maxdom : 11
D->valSize : 227
Solving...
Blb : 2 (clique : 13)
currentSize : 13 <-- 0.001274 s
currentSize : 14 <-- 0.001718 s
currentSize : 15 <-- 0.006525 s
currentSize : 16 <-- 0.034649 s
currentSize : 17 <-- 2.235466 s
currentSize : 18 <-- 2.686659 s
currentSize : 19 <-- 3.090014 s
currentSize : 20 <-- 3.637892 s

maxsize : 20
nodes : 1226703.000000
filtered : 14726013.000000
time : 4.863718
