Parameters: GAD=1 vflib=1 dir=1 label=1 lowerbound=1 fileNameGp=../graphsdb/mcs50/bvg/b03m/mcs50_b03m_s50.A39 fileNameGt=../graphsdb/mcs50/bvg/b03m/mcs50_b03m_s50.B39
Reading graphs...
50 : 75
50 : 75
Initializing...
maxdom : 11
D->valSize : 345
Solving...
Blb : 3 (clique : 25)
currentSize : 25 <-- 0.002670 s
currentSize : 26 <-- 0.002829 s
currentSize : 27 <-- 13.228810 s
currentSize : 28 <-- 21.036297 s
currentSize : 29 <-- 37.664536 s

maxsize : 29
nodes : 8263124.000000
filtered : 115179333.000000
time : 40.958076
