Parameters: GAD=1 vflib=1 dir=1 label=1 lowerbound=1 fileNameGp=../graphsdb/mcs50/bvg/b06/mcs50_b06_s80.A28 fileNameGt=../graphsdb/mcs50/bvg/b06/mcs50_b06_s80.B28
Reading graphs...
80 : 240
80 : 240
Initializing...
maxdom : 7
D->valSize : 418
Solving...
Blb : 3 (clique : 33)
currentSize : 33 <-- 0.007063 s
currentSize : 34 <-- 413.196594 s
currentSize : 38 <-- 413.561951 s
currentSize : 39 <-- 413.605591 s
currentSize : 40 <-- 456.756165 s
currentSize : 41 <-- 1256.034546 s

maxsize : 41
nodes : 460045759.000000
filtered : 3282167018.000000
time : 2319.883057
