Parameters: GAD=1 vflib=1 dir=1 label=1 lowerbound=1 fileNameGp=../graphsdb/mcs50/bvg/b09m/mcs50_b09m_s90.A15 fileNameGt=../graphsdb/mcs50/bvg/b09m/mcs50_b09m_s90.B15
Reading graphs...
90 : 405
90 : 405
Initializing...
maxdom : 10
D->valSize : 565
Solving...
Blb : 3 (clique : 30)
currentSize : 30 <-- 0.010703 s
currentSize : 31 <-- 6.877184 s
currentSize : 32 <-- 13.988628 s
currentSize : 33 <-- 13.989442 s
currentSize : 34 <-- 13.994203 s
currentSize : 35 <-- 13.996548 s
currentSize : 36 <-- 14.078253 s
currentSize : 37 <-- 37.239697 s
currentSize : 38 <-- 37.239773 s
currentSize : 39 <-- 37.241184 s
currentSize : 40 <-- 37.256523 s
currentSize : 41 <-- 86.021751 s
currentSize : 42 <-- 219.987793 s
currentSize : 43 <-- 744.828613 s
currentSize : 44 <-- 745.033752 s

maxsize : 44
nodes : 413894185.000000
filtered : 4407068025.000000
time : 2438.446289
