Parameters: GAD=1 vflib=1 dir=1 label=1 lowerbound=1 fileNameGp=../graphsdb/mcs50/m2D/m2Dr6/mcs50_m2Dr6_s50.A88 fileNameGt=../graphsdb/mcs50/m2D/m2Dr6/mcs50_m2Dr6_s50.B88
Reading graphs...
50 : 115
50 : 112
Initializing...
maxdom : 11
D->valSize : 356
Solving...
Blb : 2 (clique : 16)
currentSize : 16 <-- 0.002830 s
currentSize : 17 <-- 0.002945 s
currentSize : 18 <-- 0.003842 s
currentSize : 19 <-- 0.004232 s
currentSize : 20 <-- 0.083814 s
currentSize : 21 <-- 5.168647 s
currentSize : 22 <-- 36.521336 s
currentSize : 23 <-- 91.485275 s
currentSize : 24 <-- 155.038849 s
currentSize : 25 <-- 155.039169 s
currentSize : 26 <-- 155.040054 s

maxsize : 26
nodes : 35603877.000000
filtered : 551802937.000000
time : 174.157120
