Parameters: GAD=1 vflib=1 dir=1 label=1 lowerbound=1 fileNameGp=../graphsdb/mcs50/rand/r01/mcs50_r01_s70.A75 fileNameGt=../graphsdb/mcs50/rand/r01/mcs50_r01_s70.B75
Reading graphs...
70 : 482
70 : 482
Initializing...
maxdom : 9
D->valSize : 315
Solving...
Blb : 2 (clique : 12)
currentSize : 12 <-- 0.002417 s
currentSize : 15 <-- 0.006556 s
currentSize : 17 <-- 0.015345 s
currentSize : 19 <-- 0.040381 s
currentSize : 24 <-- 0.058616 s
currentSize : 26 <-- 0.123044 s
currentSize : 28 <-- 0.181387 s
currentSize : 35 <-- 0.241347 s

maxsize : 35
nodes : 63171.000000
filtered : 765267.000000
time : 0.335724
