Parameters: GAD=1 vflib=1 dir=1 label=1 lowerbound=1 fileNameGp=../graphsdb/mcs50/bvg/b06/mcs50_b06_s80.A48 fileNameGt=../graphsdb/mcs50/bvg/b06/mcs50_b06_s80.B48
Reading graphs...
80 : 240
80 : 240
Initializing...
maxdom : 9
D->valSize : 427
Solving...
Blb : 2 (clique : 23)
currentSize : 23 <-- 0.004296 s
currentSize : 24 <-- 0.005308 s
currentSize : 26 <-- 0.010155 s
currentSize : 27 <-- 0.010312 s
currentSize : 28 <-- 0.194896 s
currentSize : 30 <-- 0.340977 s
currentSize : 32 <-- 0.341045 s
currentSize : 33 <-- 261.300690 s
currentSize : 35 <-- 261.311829 s
currentSize : 36 <-- 585.808472 s
currentSize : 38 <-- 858.820496 s
currentSize : 39 <-- 1059.119995 s
currentSize : 40 <-- 1059.252563 s
currentSize : 41 <-- 1066.683716 s

maxsize : 41
nodes : 352891128.000000
filtered : 3433918876.000000
time : 1943.482056
