Parameters: GAD=1 vflib=1 dir=1 label=1 lowerbound=1 fileNameGp=../graphsdb/mcs50/m3D/m3D/mcs50_m3D_s20.A61 fileNameGt=../graphsdb/mcs50/m3D/m3D/mcs50_m3D_s20.B61
Reading graphs...
20 : 37
20 : 37
Initializing...
maxdom : 6
D->valSize : 94
Solving...
Blb : 3 (clique : 7)
currentSize : 7 <-- 0.000651 s
currentSize : 8 <-- 0.000887 s
currentSize : 9 <-- 0.001050 s
currentSize : 10 <-- 0.001209 s
currentSize : 11 <-- 0.001243 s

maxsize : 11
nodes : 346.000000
filtered : 3104.000000
time : 0.002082
