Parameters: GAD=1 vflib=1 dir=1 label=1 lowerbound=1 fileNameGp=../graphsdb/mcs50/m2D/m2Dr2/mcs50_m2Dr2_s60.A70 fileNameGt=../graphsdb/mcs50/m2D/m2Dr2/mcs50_m2Dr2_s60.B70
Reading graphs...
60 : 116
60 : 115
Initializing...
maxdom : 7
D->valSize : 237
Solving...
Blb : 3 (clique : 21)
currentSize : 21 <-- 0.001758 s
currentSize : 22 <-- 0.088293 s
currentSize : 23 <-- 0.160536 s
currentSize : 24 <-- 0.160606 s
currentSize : 25 <-- 0.301884 s
currentSize : 26 <-- 7.054362 s
currentSize : 27 <-- 14.571549 s
currentSize : 28 <-- 19.384348 s

maxsize : 28
nodes : 17829771.000000
filtered : 139230710.000000
time : 79.465179
