Parameters: GAD=1 vflib=1 dir=1 label=1 lowerbound=1 fileNameGp=../graphsdb/mcs50/bvg/b06/mcs50_b06_s35.A44 fileNameGt=../graphsdb/mcs50/bvg/b06/mcs50_b06_s35.B44
Reading graphs...
35 : 105
35 : 105
Initializing...
maxdom : 8
D->valSize : 166
Solving...
Blb : 2 (clique : 10)
currentSize : 10 <-- 0.000859 s
currentSize : 11 <-- 0.000995 s
currentSize : 12 <-- 0.006200 s
currentSize : 13 <-- 0.006262 s
currentSize : 14 <-- 0.006274 s
currentSize : 17 <-- 0.009289 s

maxsize : 17
nodes : 5556.000000
filtered : 64864.000000
time : 0.020908
