Parameters: GAD=1 vflib=1 dir=1 label=1 lowerbound=1 fileNameGp=../graphsdb/mcs50/rand/r01/mcs50_r01_s40.A65 fileNameGt=../graphsdb/mcs50/rand/r01/mcs50_r01_s40.B65
Reading graphs...
40 : 155
40 : 155
Initializing...
maxdom : 9
D->valSize : 230
Solving...
Blb : 2 (clique : 10)
currentSize : 10 <-- 0.001264 s
currentSize : 15 <-- 0.001327 s
currentSize : 16 <-- 0.001377 s
currentSize : 18 <-- 0.011786 s
currentSize : 20 <-- 0.011808 s

maxsize : 20
nodes : 4269.000000
filtered : 77810.000000
time : 0.021731
