Parameters: GAD=1 vflib=1 dir=1 label=1 lowerbound=1 fileNameGp=../graphsdb/mcs50/m2D/m2Dr6/mcs50_m2Dr6_s60.A90 fileNameGt=../graphsdb/mcs50/m2D/m2Dr6/mcs50_m2Dr6_s60.B90
Reading graphs...
60 : 140
60 : 138
Initializing...
maxdom : 7
D->valSize : 230
Solving...
Blb : 2 (clique : 24)
currentSize : 24 <-- 0.001686 s
currentSize : 25 <-- 0.001955 s
currentSize : 26 <-- 0.002258 s
currentSize : 27 <-- 0.002806 s
currentSize : 28 <-- 0.022795 s

maxsize : 28
nodes : 6952594.000000
filtered : 44161394.000000
time : 29.195169
