Parameters: GAD=1 vflib=1 dir=1 label=1 lowerbound=1 fileNameGp=../graphsdb/mcs50/m2D/m2Dr2/mcs50_m2Dr2_s60.A91 fileNameGt=../graphsdb/mcs50/m2D/m2Dr2/mcs50_m2Dr2_s60.B91
Reading graphs...
60 : 116
60 : 116
Initializing...
maxdom : 6
D->valSize : 240
Solving...
Blb : 2 (clique : 25)
currentSize : 25 <-- 0.001663 s
currentSize : 26 <-- 0.006239 s
currentSize : 27 <-- 0.104834 s
currentSize : 28 <-- 0.104919 s
currentSize : 29 <-- 0.105171 s
currentSize : 30 <-- 0.105248 s

maxsize : 30
nodes : 4700389.000000
filtered : 29948032.000000
time : 20.136292
