Parameters: GAD=1 vflib=1 dir=1 label=1 lowerbound=1 fileNameGp=../graphsdb/mcs50/m3D/m3Dr4/mcs50_m3Dr4_s50.A87 fileNameGt=../graphsdb/mcs50/m3D/m3Dr4/mcs50_m3Dr4_s50.B87
Reading graphs...
50 : 129
50 : 128
Initializing...
maxdom : 9
D->valSize : 337
Solving...
Blb : 2 (clique : 16)
currentSize : 16 <-- 0.002489 s
currentSize : 17 <-- 0.003128 s
currentSize : 18 <-- 0.005950 s
currentSize : 19 <-- 0.011593 s
currentSize : 20 <-- 0.129091 s
currentSize : 21 <-- 0.133681 s
currentSize : 22 <-- 0.664539 s
currentSize : 23 <-- 2.745937 s
currentSize : 24 <-- 5.049788 s
currentSize : 27 <-- 5.399087 s
currentSize : 28 <-- 5.399120 s
currentSize : 29 <-- 6.285990 s

maxsize : 29
nodes : 1489213.000000
filtered : 15741001.000000
time : 6.556863
