Parameters: GAD=1 vflib=1 dir=1 label=1 lowerbound=1 fileNameGp=../graphsdb/mcs50/m2D/m2D/mcs50_m2D_s70.A71 fileNameGt=../graphsdb/mcs50/m2D/m2D/mcs50_m2D_s70.B71
Reading graphs...
70 : 123
70 : 123
Initializing...
maxdom : 7
D->valSize : 327
Solving...
Blb : 2 (clique : 31)
currentSize : 31 <-- 0.002813 s
currentSize : 32 <-- 0.003185 s
currentSize : 33 <-- 0.026665 s
currentSize : 34 <-- 0.123636 s
currentSize : 35 <-- 0.124001 s
currentSize : 36 <-- 560.238647 s

maxsize : 36
nodes : 424925482.000000
filtered : 3288156384.000000
time : 2158.536133
