Parameters: GAD=1 vflib=1 dir=1 label=1 lowerbound=1 fileNameGp=../graphsdb/mcs50/bvg/b03m/mcs50_b03m_s50.A93 fileNameGt=../graphsdb/mcs50/bvg/b03m/mcs50_b03m_s50.B93
Reading graphs...
50 : 75
50 : 75
Initializing...
maxdom : 12
D->valSize : 389
Solving...
Blb : 5 (clique : 22)
currentSize : 22 <-- 0.003203 s
currentSize : 23 <-- 0.044786 s
currentSize : 24 <-- 0.182326 s
currentSize : 25 <-- 7.693643 s
currentSize : 26 <-- 7.696275 s
currentSize : 27 <-- 18.626900 s
currentSize : 28 <-- 18.667984 s

maxsize : 28
nodes : 21404823.000000
filtered : 333703810.000000
time : 114.981262
