Parameters: GAD=1 vflib=1 dir=1 label=1 lowerbound=1 fileNameGp=../graphsdb/mcs50/m4D/m4Dr2/mcs50_m4Dr2_s40.A97 fileNameGt=../graphsdb/mcs50/m4D/m4Dr2/mcs50_m4Dr2_s40.B97
Reading graphs...
40 : 79
40 : 79
Initializing...
maxdom : 8
D->valSize : 215
Solving...
Blb : 2 (clique : 13)
currentSize : 13 <-- 0.001342 s
currentSize : 16 <-- 0.001412 s
currentSize : 17 <-- 0.126282 s
currentSize : 18 <-- 1.429415 s
currentSize : 19 <-- 1.778592 s

maxsize : 19
nodes : 1249823.000000
filtered : 12761959.000000
time : 4.952510
