Parameters: GAD=1 vflib=1 dir=1 label=1 lowerbound=1 fileNameGp=../graphsdb/mcs50/m2D/m2D/mcs50_m2D_s90.A77 fileNameGt=../graphsdb/mcs50/m2D/m2D/mcs50_m2D_s90.B77
Reading graphs...
90 : 161
90 : 161
Initializing...
maxdom : 9
D->valSize : 537
Solving...
Blb : 2 (clique : 35)
currentSize : 35 <-- 0.006492 s
currentSize : 36 <-- 0.006834 s
currentSize : 37 <-- 0.006976 s
currentSize : 38 <-- 0.008035 s
currentSize : 39 <-- 0.008177 s
currentSize : 40 <-- 0.008345 s
currentSize : 42 <-- 0.010093 s
currentSize : 43 <-- 0.010517 s
currentSize : 44 <-- 1.321251 s

TIMEOUT
maxsize : 44
nodes : 588830973.000000
filtered : 6280729884.000000
time : 3600.000000
