Parameters: GAD=1 vflib=1 dir=1 label=1 lowerbound=1 fileNameGp=../graphsdb/mcs50/bvg/b03m/mcs50_b03m_s40.A25 fileNameGt=../graphsdb/mcs50/bvg/b03m/mcs50_b03m_s40.B25
Reading graphs...
40 : 60
40 : 60
Initializing...
maxdom : 10
D->valSize : 230
Solving...
Blb : 2 (clique : 15)
currentSize : 15 <-- 0.002152 s
currentSize : 16 <-- 0.002376 s
currentSize : 17 <-- 0.003033 s
currentSize : 18 <-- 0.013204 s
currentSize : 19 <-- 0.013295 s
currentSize : 20 <-- 0.013542 s
currentSize : 22 <-- 0.067645 s
currentSize : 23 <-- 0.138152 s

maxsize : 23
nodes : 244073.000000
filtered : 1871095.000000
time : 0.925572
