Parameters: GAD=1 vflib=1 dir=1 label=1 lowerbound=1 fileNameGp=../graphsdb/mcs50/bvg/b06/mcs50_b06_s90.A47 fileNameGt=../graphsdb/mcs50/bvg/b06/mcs50_b06_s90.B47
Reading graphs...
90 : 270
90 : 270
Initializing...
maxdom : 11
D->valSize : 597
Solving...
Blb : 2 (clique : 35)
currentSize : 35 <-- 0.007238 s
currentSize : 36 <-- 586.391541 s
currentSize : 37 <-- 586.391663 s
currentSize : 38 <-- 586.396973 s
currentSize : 39 <-- 719.978699 s
currentSize : 42 <-- 1285.667969 s
currentSize : 43 <-- 1288.795532 s

TIMEOUT
maxsize : 43
nodes : 619098401.000000
filtered : 6296107639.000000
time : 3600.000000
