Parameters: GAD=1 vflib=1 dir=1 label=1 lowerbound=1 fileNameGp=../graphsdb/mcs50/rand/r01/mcs50_r01_s40.A93 fileNameGt=../graphsdb/mcs50/rand/r01/mcs50_r01_s40.B93
Reading graphs...
40 : 155
40 : 155
Initializing...
maxdom : 9
D->valSize : 212
Solving...
Blb : 2 (clique : 11)
currentSize : 11 <-- 0.001189 s
currentSize : 13 <-- 0.009777 s
currentSize : 17 <-- 0.012690 s
currentSize : 18 <-- 0.025397 s
currentSize : 19 <-- 0.025492 s
currentSize : 20 <-- 0.028182 s

maxsize : 20
nodes : 7914.000000
filtered : 102589.000000
time : 0.033904
