Parameters: GAD=1 vflib=1 dir=1 label=1 lowerbound=1 fileNameGp=../graphsdb/mcs50/m3D/m3Dr2/mcs50_m3Dr2_s50.A44 fileNameGt=../graphsdb/mcs50/m3D/m3Dr2/mcs50_m3Dr2_s50.B44
Reading graphs...
50 : 119
50 : 119
Initializing...
maxdom : 12
D->valSize : 362
Solving...
Blb : 2 (clique : 17)
currentSize : 17 <-- 0.003104 s
currentSize : 18 <-- 0.003295 s
currentSize : 19 <-- 0.003601 s
currentSize : 20 <-- 0.378077 s
currentSize : 21 <-- 8.082010 s
currentSize : 22 <-- 16.909315 s
currentSize : 23 <-- 27.363792 s
currentSize : 24 <-- 27.364853 s
currentSize : 26 <-- 29.979385 s
currentSize : 27 <-- 29.980255 s
currentSize : 28 <-- 29.980309 s

maxsize : 28
nodes : 6915176.000000
filtered : 99209643.000000
time : 31.547874
