Parameters: GAD=1 vflib=1 dir=1 label=1 lowerbound=1 fileNameGp=../graphsdb/mcs50/bvg/b03/mcs50_b03_s100.A99 fileNameGt=../graphsdb/mcs50/bvg/b03/mcs50_b03_s100.B99
Reading graphs...
100 : 150
100 : 150
Initializing...
maxdom : 7
D->valSize : 363
Solving...
Blb : 2 (clique : 46)
currentSize : 46 <-- 0.004091 s
currentSize : 47 <-- 0.008092 s
currentSize : 48 <-- 0.365270 s
currentSize : 49 <-- 305.982666 s
currentSize : 50 <-- 306.753143 s
currentSize : 51 <-- 437.749390 s
currentSize : 52 <-- 1114.899658 s

TIMEOUT
maxsize : 52
nodes : 654212934.000000
filtered : 3483447213.000000
time : 3600.000000
