Parameters: GAD=1 vflib=1 dir=1 label=1 lowerbound=1 fileNameGp=../graphsdb/mcs50/bvg/b06/mcs50_b06_s80.A03 fileNameGt=../graphsdb/mcs50/bvg/b06/mcs50_b06_s80.B03
Reading graphs...
80 : 240
80 : 240
Initializing...
maxdom : 8
D->valSize : 417
Solving...
Blb : 2 (clique : 24)
currentSize : 24 <-- 0.004328 s
currentSize : 25 <-- 7.076439 s
currentSize : 26 <-- 7.080689 s
currentSize : 27 <-- 90.735878 s
currentSize : 28 <-- 143.761353 s
currentSize : 29 <-- 278.358429 s
currentSize : 30 <-- 402.032593 s
currentSize : 31 <-- 1119.673584 s
currentSize : 32 <-- 1156.677002 s
currentSize : 33 <-- 1156.699341 s
currentSize : 34 <-- 1274.893188 s
currentSize : 37 <-- 3485.989990 s
currentSize : 38 <-- 3485.990234 s

TIMEOUT
maxsize : 38
nodes : 682989852.000000
filtered : 6258885779.000000
time : 3600.000000
