Parameters: GAD=1 vflib=1 dir=1 label=1 lowerbound=1 fileNameGp=../graphsdb/mcs50/m3D/m3Dr2/mcs50_m3Dr2_s50.A84 fileNameGt=../graphsdb/mcs50/m3D/m3Dr2/mcs50_m3Dr2_s50.B84
Reading graphs...
50 : 119
50 : 118
Initializing...
maxdom : 8
D->valSize : 329
Solving...
Blb : 2 (clique : 20)
currentSize : 20 <-- 0.003777 s
currentSize : 21 <-- 0.655501 s
currentSize : 22 <-- 0.655620 s
currentSize : 23 <-- 0.667082 s
currentSize : 24 <-- 2.793581 s
currentSize : 26 <-- 2.796265 s
currentSize : 27 <-- 2.796358 s

maxsize : 27
nodes : 1787202.000000
filtered : 17315840.000000
time : 7.695951
