Parameters: GAD=1 vflib=1 dir=1 label=1 lowerbound=1 fileNameGp=../graphsdb/mcs50/bvg/b06/mcs50_b06_s80.A16 fileNameGt=../graphsdb/mcs50/bvg/b06/mcs50_b06_s80.B16
Reading graphs...
80 : 240
80 : 240
Initializing...
maxdom : 9
D->valSize : 461
Solving...
Blb : 3 (clique : 23)
currentSize : 23 <-- 0.007690 s
currentSize : 24 <-- 0.009114 s
currentSize : 25 <-- 1.157905 s
currentSize : 26 <-- 1.292485 s
currentSize : 27 <-- 15.228225 s
currentSize : 28 <-- 61.806072 s
currentSize : 29 <-- 110.098740 s
currentSize : 30 <-- 542.966797 s
currentSize : 31 <-- 657.969238 s
currentSize : 32 <-- 664.520569 s
currentSize : 33 <-- 870.448242 s
currentSize : 34 <-- 870.449341 s
currentSize : 35 <-- 871.782532 s
currentSize : 36 <-- 1281.730103 s
currentSize : 39 <-- 1281.860718 s
currentSize : 40 <-- 1281.861084 s
currentSize : 41 <-- 1281.861450 s

maxsize : 41
nodes : 644883793.000000
filtered : 5238024195.000000
time : 3332.722900
