Parameters: GAD=1 vflib=1 dir=1 label=1 lowerbound=1 fileNameGp=../graphsdb/mcs50/m2D/m2Dr2/mcs50_m2Dr2_s60.A36 fileNameGt=../graphsdb/mcs50/m2D/m2Dr2/mcs50_m2Dr2_s60.B36
Reading graphs...
60 : 116
60 : 116
Initializing...
maxdom : 7
D->valSize : 233
Solving...
Blb : 2 (clique : 21)
currentSize : 21 <-- 0.002125 s
currentSize : 22 <-- 0.002381 s
currentSize : 23 <-- 1.640677 s
currentSize : 25 <-- 5.130122 s
currentSize : 27 <-- 20.395405 s
currentSize : 28 <-- 20.395603 s
currentSize : 29 <-- 20.407991 s

maxsize : 29
nodes : 5246532.000000
filtered : 40551615.000000
time : 22.211523
