Parameters: GAD=1 vflib=1 dir=1 label=1 lowerbound=1 fileNameGp=../graphsdb/mcs50/m2D/m2D/mcs50_m2D_s80.A53 fileNameGt=../graphsdb/mcs50/m2D/m2D/mcs50_m2D_s80.B53
Reading graphs...
80 : 142
80 : 142
Initializing...
maxdom : 9
D->valSize : 434
Solving...
Blb : 2 (clique : 29)
currentSize : 29 <-- 0.004424 s
currentSize : 30 <-- 1.460966 s
currentSize : 31 <-- 2.102211 s
currentSize : 32 <-- 50.728661 s
currentSize : 33 <-- 554.924744 s
currentSize : 34 <-- 2868.883057 s

TIMEOUT
maxsize : 34
nodes : 722522576.000000
filtered : 5572640125.000000
time : 3600.000000
