Parameters: GAD=1 vflib=1 dir=1 label=1 lowerbound=1 fileNameGp=../graphsdb/mcs50/rand/r02/mcs50_r02_s25.A82 fileNameGt=../graphsdb/mcs50/rand/r02/mcs50_r02_s25.B82
Reading graphs...
25 : 119
25 : 119
Initializing...
maxdom : 10
D->valSize : 160
Solving...
Blb : 2 (clique : 5)
currentSize : 5 <-- 0.001040 s
currentSize : 6 <-- 0.001131 s
currentSize : 7 <-- 0.001526 s
currentSize : 8 <-- 0.003450 s
currentSize : 9 <-- 0.003569 s
currentSize : 10 <-- 0.003869 s
currentSize : 12 <-- 0.003884 s

maxsize : 12
nodes : 750.000000
filtered : 14226.000000
time : 0.005095
