Parameters: GAD=1 vflib=1 dir=1 label=1 lowerbound=1 fileNameGp=../graphsdb/mcs50/m2D/m2D/mcs50_m2D_s60.A98 fileNameGt=../graphsdb/mcs50/m2D/m2D/mcs50_m2D_s60.B98
Reading graphs...
60 : 104
60 : 104
Initializing...
maxdom : 7
D->valSize : 254
Solving...
Blb : 2 (clique : 24)
currentSize : 24 <-- 0.001854 s
currentSize : 25 <-- 0.001998 s
currentSize : 26 <-- 0.002032 s
currentSize : 27 <-- 0.002183 s
currentSize : 28 <-- 0.012849 s
currentSize : 29 <-- 0.065271 s
currentSize : 30 <-- 0.234184 s
currentSize : 31 <-- 23.630552 s

maxsize : 31
nodes : 44457776.000000
filtered : 347038856.000000
time : 200.014313
