Parameters: GAD=1 vflib=1 dir=1 label=1 lowerbound=1 fileNameGp=../graphsdb/mcs50/rand/r01/mcs50_r01_s80.A89 fileNameGt=../graphsdb/mcs50/rand/r01/mcs50_r01_s80.B89
Reading graphs...
80 : 631
80 : 631
Initializing...
maxdom : 13
D->valSize : 484
Solving...
Blb : 2 (clique : 16)
currentSize : 16 <-- 0.007476 s
currentSize : 21 <-- 0.021521 s
currentSize : 24 <-- 0.189311 s
currentSize : 33 <-- 0.189555 s
currentSize : 40 <-- 0.474724 s

maxsize : 40
nodes : 92516.000000
filtered : 1948237.000000
time : 0.778199
