Parameters: GAD=1 vflib=1 dir=1 label=1 lowerbound=1 fileNameGp=../graphsdb/mcs50/m2D/m2Dr6/mcs50_m2Dr6_s50.A65 fileNameGt=../graphsdb/mcs50/m2D/m2Dr6/mcs50_m2Dr6_s50.B65
Reading graphs...
50 : 115
50 : 113
Initializing...
maxdom : 9
D->valSize : 317
Solving...
Blb : 2 (clique : 19)
currentSize : 19 <-- 0.002267 s
currentSize : 20 <-- 0.006018 s
currentSize : 22 <-- 0.500588 s
currentSize : 23 <-- 5.065150 s
currentSize : 24 <-- 8.321184 s
currentSize : 25 <-- 8.323157 s
currentSize : 26 <-- 8.722241 s
currentSize : 27 <-- 8.722416 s

maxsize : 27
nodes : 2011532.000000
filtered : 25215889.000000
time : 9.362976
