Parameters: GAD=1 vflib=1 dir=1 label=1 lowerbound=1 fileNameGp=../graphsdb/mcs50/rand/r01/mcs50_r01_s50.A11 fileNameGt=../graphsdb/mcs50/rand/r01/mcs50_r01_s50.B11
Reading graphs...
50 : 244
50 : 244
Initializing...
maxdom : 9
D->valSize : 310
Solving...
Blb : 2 (clique : 16)
currentSize : 16 <-- 0.002341 s
currentSize : 17 <-- 0.002454 s
currentSize : 18 <-- 0.077854 s
currentSize : 21 <-- 0.077953 s
currentSize : 23 <-- 0.137518 s
currentSize : 25 <-- 0.137570 s

maxsize : 25
nodes : 37114.000000
filtered : 751126.000000
time : 0.198532
