Parameters: GAD=1 vflib=1 dir=1 label=1 lowerbound=1 fileNameGp=../graphsdb/mcs50/bvg/b09m/mcs50_b09m_s100.A58 fileNameGt=../graphsdb/mcs50/bvg/b09m/mcs50_b09m_s100.B58
Reading graphs...
100 : 450
100 : 450
Initializing...
maxdom : 9
D->valSize : 385
Solving...
Blb : 3 (clique : 41)
currentSize : 41 <-- 0.004108 s
currentSize : 45 <-- 2.203221 s
currentSize : 46 <-- 2.204013 s
currentSize : 47 <-- 2.212352 s
currentSize : 49 <-- 2.271120 s
currentSize : 50 <-- 2.334378 s

maxsize : 50
nodes : 134306192.000000
filtered : 574573562.000000
time : 681.970398
