Parameters: GAD=1 vflib=1 dir=1 label=1 lowerbound=1 fileNameGp=../graphsdb/mcs50/bvg/b09/mcs50_b09_s80.A18 fileNameGt=../graphsdb/mcs50/bvg/b09/mcs50_b09_s80.B18
Reading graphs...
80 : 360
80 : 360
Initializing...
maxdom : 8
D->valSize : 441
Solving...
Blb : 3 (clique : 33)
currentSize : 33 <-- 0.004410 s
currentSize : 35 <-- 32.910923 s
currentSize : 38 <-- 153.267975 s
currentSize : 39 <-- 153.268082 s
currentSize : 40 <-- 153.268784 s

maxsize : 40
nodes : 51287764.000000
filtered : 311790235.000000
time : 239.173218
