Parameters: GAD=1 vflib=1 dir=1 label=1 lowerbound=1 fileNameGp=../graphsdb/mcs50/m3D/m3D/mcs50_m3D_s60.A66 fileNameGt=../graphsdb/mcs50/m3D/m3D/mcs50_m3D_s60.B66
Reading graphs...
60 : 134
60 : 134
Initializing...
maxdom : 6
D->valSize : 242
Solving...
Blb : 2 (clique : 23)
currentSize : 23 <-- 0.001690 s
currentSize : 25 <-- 0.041167 s
currentSize : 26 <-- 1.434341 s
currentSize : 27 <-- 1.434425 s
currentSize : 28 <-- 1.437700 s
currentSize : 29 <-- 4.201053 s
currentSize : 30 <-- 14.507167 s

maxsize : 30
nodes : 5835385.000000
filtered : 36225488.000000
time : 24.745865
