Parameters: GAD=1 vflib=1 dir=1 label=1 lowerbound=1 fileNameGp=../graphsdb/mcs50/bvg/b09/mcs50_b09_s70.A20 fileNameGt=../graphsdb/mcs50/bvg/b09/mcs50_b09_s70.B20
Reading graphs...
70 : 315
70 : 315
Initializing...
maxdom : 9
D->valSize : 357
Solving...
Blb : 5 (clique : 17)
currentSize : 17 <-- 0.004781 s
currentSize : 18 <-- 0.005682 s
currentSize : 19 <-- 0.006303 s
currentSize : 21 <-- 0.006816 s
currentSize : 22 <-- 0.007318 s
currentSize : 23 <-- 0.012085 s
currentSize : 29 <-- 0.013721 s
currentSize : 30 <-- 1.239535 s
currentSize : 31 <-- 1.239735 s
currentSize : 32 <-- 1.257026 s
currentSize : 33 <-- 1.257165 s
currentSize : 34 <-- 4.065780 s

maxsize : 34
nodes : 2146548.000000
filtered : 15149221.000000
time : 10.132360
