Parameters: GAD=1 vflib=1 dir=1 label=1 lowerbound=1 fileNameGp=../graphsdb/mcs50/bvg/b06/mcs50_b06_s40.A79 fileNameGt=../graphsdb/mcs50/bvg/b06/mcs50_b06_s40.B79
Reading graphs...
40 : 120
40 : 120
Initializing...
maxdom : 10
D->valSize : 221
Solving...
Blb : 3 (clique : 13)
currentSize : 13 <-- 0.001242 s
currentSize : 14 <-- 0.020495 s
currentSize : 15 <-- 0.021760 s
currentSize : 16 <-- 0.021820 s
currentSize : 17 <-- 0.025714 s
currentSize : 18 <-- 0.296317 s
currentSize : 19 <-- 0.303078 s
currentSize : 20 <-- 0.303415 s

maxsize : 20
nodes : 96224.000000
filtered : 993083.000000
time : 0.433683
