Parameters: GAD=1 vflib=1 dir=1 label=1 lowerbound=1 fileNameGp=../graphsdb/mcs50/m2D/m2Dr4/mcs50_m2Dr4_s90.A10 fileNameGt=../graphsdb/mcs50/m2D/m2Dr4/mcs50_m2Dr4_s90.B10
Reading graphs...
90 : 197
90 : 195
Initializing...
maxdom : 12
D->valSize : 592
Solving...
Blb : 2 (clique : 47)
currentSize : 47 <-- 0.007530 s
currentSize : 48 <-- 127.896072 s
currentSize : 49 <-- 581.844116 s
currentSize : 50 <-- 581.844666 s
currentSize : 51 <-- 755.559143 s
currentSize : 52 <-- 2988.610840 s

TIMEOUT
maxsize : 52
nodes : 696545770.000000
filtered : 4123255186.000000
time : 3600.000000
