Parameters: GAD=1 vflib=1 dir=1 label=1 lowerbound=1 fileNameGp=../graphsdb/mcs50/bvg/b03/mcs50_b03_s35.A30 fileNameGt=../graphsdb/mcs50/bvg/b03/mcs50_b03_s35.B30
Reading graphs...
35 : 52
35 : 52
Initializing...
maxdom : 8
D->valSize : 177
Solving...
Blb : 2 (clique : 14)
currentSize : 14 <-- 0.000973 s
currentSize : 16 <-- 0.001040 s
currentSize : 17 <-- 0.001112 s
currentSize : 18 <-- 0.002004 s
currentSize : 19 <-- 0.894092 s

maxsize : 19
nodes : 365765.000000
filtered : 3298053.000000
time : 1.304378
