Parameters: GAD=1 vflib=1 dir=1 label=1 lowerbound=1 fileNameGp=../graphsdb/mcs50/bvg/b09m/mcs50_b09m_s40.A85 fileNameGt=../graphsdb/mcs50/bvg/b09m/mcs50_b09m_s40.B85
Reading graphs...
40 : 180
40 : 180
Initializing...
maxdom : 7
D->valSize : 212
Solving...
Blb : 3 (clique : 16)
currentSize : 16 <-- 0.001257 s
currentSize : 17 <-- 0.001659 s
currentSize : 18 <-- 0.001762 s
currentSize : 19 <-- 0.013379 s
currentSize : 20 <-- 0.013488 s

maxsize : 20
nodes : 7595.000000
filtered : 91662.000000
time : 0.032040
