Parameters: GAD=1 vflib=1 dir=1 label=1 lowerbound=1 fileNameGp=../graphsdb/mcs50/m2D/m2Dr2/mcs50_m2Dr2_s50.A19 fileNameGt=../graphsdb/mcs50/m2D/m2Dr2/mcs50_m2Dr2_s50.B19
Reading graphs...
50 : 95
50 : 95
Initializing...
maxdom : 9
D->valSize : 334
Solving...
Blb : 2 (clique : 22)
currentSize : 22 <-- 0.002506 s
currentSize : 23 <-- 0.271535 s
currentSize : 24 <-- 0.520998 s
currentSize : 25 <-- 0.555728 s
currentSize : 26 <-- 6.969194 s
currentSize : 27 <-- 182.104919 s

maxsize : 27
nodes : 40026066.000000
filtered : 569834736.000000
time : 206.585464
