Parameters: GAD=1 vflib=1 dir=1 label=1 lowerbound=1 fileNameGp=../graphsdb/mcs50/bvg/b06m/mcs50_b06m_s80.A96 fileNameGt=../graphsdb/mcs50/bvg/b06m/mcs50_b06m_s80.B96
Reading graphs...
80 : 240
80 : 240
Initializing...
maxdom : 9
D->valSize : 437
Solving...
Blb : 3 (clique : 30)
currentSize : 30 <-- 0.004388 s
currentSize : 31 <-- 0.008112 s
currentSize : 32 <-- 0.039870 s
currentSize : 33 <-- 0.833781 s
currentSize : 34 <-- 62.296463 s
currentSize : 35 <-- 83.751099 s
currentSize : 36 <-- 119.866768 s
currentSize : 37 <-- 119.886734 s
currentSize : 38 <-- 189.573410 s
currentSize : 39 <-- 190.564697 s
currentSize : 40 <-- 190.566483 s
currentSize : 41 <-- 382.611145 s

maxsize : 41
nodes : 192744695.000000
filtered : 1470905523.000000
time : 988.350464
