Parameters: GAD=1 vflib=1 dir=1 label=1 lowerbound=1 fileNameGp=../graphsdb/mcs50/m2D/m2Dr6/mcs50_m2Dr6_s50.A16 fileNameGt=../graphsdb/mcs50/m2D/m2Dr6/mcs50_m2Dr6_s50.B16
Reading graphs...
50 : 115
50 : 114
Initializing...
maxdom : 13
D->valSize : 368
Solving...
Blb : 2 (clique : 19)
currentSize : 19 <-- 0.002920 s
currentSize : 20 <-- 0.003590 s
currentSize : 21 <-- 0.389652 s
currentSize : 22 <-- 6.219185 s
currentSize : 23 <-- 8.383941 s
currentSize : 28 <-- 11.175055 s
currentSize : 29 <-- 11.175154 s

maxsize : 29
nodes : 2496043.000000
filtered : 32710524.000000
time : 11.882696
