Parameters: GAD=1 vflib=1 dir=1 label=1 lowerbound=1 fileNameGp=../graphsdb/mcs50/m2D/m2D/mcs50_m2D_s80.A79 fileNameGt=../graphsdb/mcs50/m2D/m2D/mcs50_m2D_s80.B79
Reading graphs...
80 : 142
80 : 142
Initializing...
maxdom : 8
D->valSize : 410
Solving...
Blb : 2 (clique : 32)
currentSize : 32 <-- 0.004211 s
currentSize : 33 <-- 0.004523 s
currentSize : 34 <-- 0.004705 s
currentSize : 35 <-- 1.475808 s
currentSize : 36 <-- 1.650747 s
currentSize : 37 <-- 3.442868 s
currentSize : 38 <-- 72.405006 s
currentSize : 40 <-- 72.727982 s
currentSize : 41 <-- 153.209595 s

TIMEOUT
maxsize : 41
nodes : 651777293.000000
filtered : 5959293502.000000
time : 3600.000000
