Parameters: GAD=1 vflib=1 dir=1 label=1 lowerbound=1 fileNameGp=../graphsdb/mcs50/m4D/m4Dr6/mcs50_m4Dr6_s40.A58 fileNameGt=../graphsdb/mcs50/m4D/m4Dr6/mcs50_m4Dr6_s40.B58
Reading graphs...
40 : 95
40 : 93
Initializing...
maxdom : 9
D->valSize : 229
Solving...
Blb : 2 (clique : 15)
currentSize : 15 <-- 0.001345 s
currentSize : 16 <-- 0.001454 s
currentSize : 17 <-- 0.003290 s
currentSize : 18 <-- 0.174966 s
currentSize : 19 <-- 0.177584 s

maxsize : 19
nodes : 113024.000000
filtered : 1241765.000000
time : 0.521344
