Parameters: GAD=1 vflib=1 dir=1 label=1 lowerbound=1 fileNameGp=../graphsdb/mcs50/bvg/b09/mcs50_b09_s100.A01 fileNameGt=../graphsdb/mcs50/bvg/b09/mcs50_b09_s100.B01
Reading graphs...
100 : 450
100 : 450
Initializing...
maxdom : 7
D->valSize : 359
Solving...
Blb : 3 (clique : 41)
currentSize : 41 <-- 0.006017 s
currentSize : 43 <-- 0.006475 s
currentSize : 44 <-- 11.374343 s
currentSize : 46 <-- 11.374456 s
currentSize : 47 <-- 11.380851 s
currentSize : 48 <-- 1071.267578 s
currentSize : 49 <-- 1780.837402 s
currentSize : 50 <-- 1780.945435 s

maxsize : 50
nodes : 674993573.000000
filtered : 2429161063.000000
time : 3338.058594
