Parameters: GAD=1 vflib=1 dir=1 label=1 lowerbound=1 fileNameGp=../graphsdb/mcs50/bvg/b09/mcs50_b09_s40.A40 fileNameGt=../graphsdb/mcs50/bvg/b09/mcs50_b09_s40.B40
Reading graphs...
40 : 180
40 : 180
Initializing...
maxdom : 9
D->valSize : 211
Solving...
Blb : 2 (clique : 9)
currentSize : 9 <-- 0.001222 s
currentSize : 10 <-- 0.005363 s
currentSize : 11 <-- 0.026918 s
currentSize : 16 <-- 0.030355 s
currentSize : 17 <-- 0.030417 s
currentSize : 18 <-- 0.030748 s
currentSize : 19 <-- 0.030816 s
currentSize : 20 <-- 0.031409 s

maxsize : 20
nodes : 16857.000000
filtered : 154913.000000
time : 0.061675
