Parameters: GAD=1 vflib=1 dir=1 label=1 lowerbound=1 fileNameGp=../graphsdb/mcs50/bvg/b06m/mcs50_b06m_s90.A37 fileNameGt=../graphsdb/mcs50/bvg/b06m/mcs50_b06m_s90.B37
Reading graphs...
90 : 270
90 : 270
Initializing...
maxdom : 11
D->valSize : 581
Solving...
Blb : 2 (clique : 30)
currentSize : 30 <-- 0.007112 s
currentSize : 31 <-- 0.007425 s
currentSize : 32 <-- 0.395912 s
currentSize : 33 <-- 1578.698364 s
currentSize : 34 <-- 1578.699097 s
currentSize : 35 <-- 1578.706665 s
currentSize : 36 <-- 1578.715332 s
currentSize : 37 <-- 2413.293457 s
currentSize : 38 <-- 2681.878174 s
currentSize : 39 <-- 2681.883301 s

TIMEOUT
maxsize : 39
nodes : 572206768.000000
filtered : 7700652730.000000
time : 3600.000000
