Parameters: GAD=1 vflib=1 dir=1 label=1 lowerbound=1 fileNameGp=../graphsdb/mcs50/rand/r005/mcs50_r005_s90.A87 fileNameGt=../graphsdb/mcs50/rand/r005/mcs50_r005_s90.B87
Reading graphs...
90 : 399
90 : 399
Initializing...
maxdom : 10
D->valSize : 525
Solving...
Blb : 2 (clique : 30)
currentSize : 30 <-- 0.005809 s
currentSize : 32 <-- 0.169383 s
currentSize : 33 <-- 3.086516 s
currentSize : 34 <-- 11.576667 s
currentSize : 35 <-- 21.007280 s
currentSize : 36 <-- 61.166763 s
currentSize : 39 <-- 62.073250 s
currentSize : 42 <-- 99.259262 s
currentSize : 45 <-- 99.267990 s

maxsize : 45
nodes : 23086955.000000
filtered : 384685549.000000
time : 164.115921
