Parameters: GAD=1 vflib=1 dir=1 label=1 lowerbound=1 fileNameGp=../graphsdb/mcs50/m4D/m4Dr2/mcs50_m4Dr2_s35.A54 fileNameGt=../graphsdb/mcs50/m4D/m4Dr2/mcs50_m4Dr2_s35.B54
Reading graphs...
35 : 70
35 : 68
Initializing...
maxdom : 8
D->valSize : 167
Solving...
Blb : 2 (clique : 13)
currentSize : 13 <-- 0.000946 s
currentSize : 14 <-- 0.012199 s
currentSize : 15 <-- 0.034078 s
currentSize : 16 <-- 0.034401 s
currentSize : 17 <-- 0.123706 s
currentSize : 18 <-- 0.187726 s
currentSize : 19 <-- 0.212789 s
currentSize : 20 <-- 0.220606 s

maxsize : 20
nodes : 66224.000000
filtered : 577147.000000
time : 0.234625
