Parameters: GAD=1 vflib=1 dir=1 label=1 lowerbound=1 fileNameGp=../graphsdb/mcs50/bvg/b03/mcs50_b03_s50.A79 fileNameGt=../graphsdb/mcs50/bvg/b03/mcs50_b03_s50.B79
Reading graphs...
50 : 75
50 : 75
Initializing...
maxdom : 11
D->valSize : 337
Solving...
Blb : 2 (clique : 20)
currentSize : 20 <-- 0.002556 s
currentSize : 21 <-- 9.169194 s
currentSize : 22 <-- 43.114246 s
currentSize : 23 <-- 52.889294 s
currentSize : 24 <-- 52.889885 s
currentSize : 25 <-- 120.605820 s
currentSize : 26 <-- 148.825562 s
currentSize : 27 <-- 148.863174 s
currentSize : 28 <-- 165.531418 s

maxsize : 28
nodes : 40369945.000000
filtered : 432919754.000000
time : 166.868759
