Parameters: GAD=1 vflib=1 dir=1 label=1 lowerbound=1 fileNameGp=../graphsdb/mcs50/m2D/m2Dr4/mcs50_m2Dr4_s50.A00 fileNameGt=../graphsdb/mcs50/m2D/m2Dr4/mcs50_m2Dr4_s50.B00
Reading graphs...
50 : 105
50 : 105
Initializing...
maxdom : 8
D->valSize : 310
Solving...
Blb : 2 (clique : 17)
currentSize : 17 <-- 0.002274 s
currentSize : 18 <-- 0.002392 s
currentSize : 19 <-- 0.002501 s
currentSize : 20 <-- 0.002788 s
currentSize : 21 <-- 1.217479 s
currentSize : 22 <-- 1.257445 s
currentSize : 23 <-- 4.987848 s
currentSize : 24 <-- 6.022963 s
currentSize : 25 <-- 6.169083 s
currentSize : 26 <-- 6.271157 s
currentSize : 27 <-- 15.757915 s

maxsize : 27
nodes : 6538206.000000
filtered : 83139615.000000
time : 31.236952
