Parameters: GAD=1 vflib=1 dir=1 label=1 lowerbound=1 fileNameGp=../graphsdb/mcs50/m2D/m2Dr4/mcs50_m2Dr4_s100.A80 fileNameGt=../graphsdb/mcs50/m2D/m2Dr4/mcs50_m2Dr4_s100.B80
Reading graphs...
100 : 220
100 : 220
Initializing...
maxdom : 7
D->valSize : 345
Solving...
Blb : 2 (clique : 35)
currentSize : 35 <-- 0.005780 s
currentSize : 36 <-- 0.007283 s
currentSize : 37 <-- 0.077677 s
currentSize : 38 <-- 0.549736 s
currentSize : 39 <-- 320.886108 s
currentSize : 40 <-- 394.538666 s
currentSize : 41 <-- 394.538757 s

TIMEOUT
maxsize : 41
nodes : 669650047.000000
filtered : 3075401903.000000
time : 3600.000000
