Parameters: GAD=1 vflib=1 dir=1 label=1 lowerbound=1 fileNameGp=../graphsdb/mcs50/bvg/b03/mcs50_b03_s40.A64 fileNameGt=../graphsdb/mcs50/bvg/b03/mcs50_b03_s40.B64
Reading graphs...
40 : 60
40 : 60
Initializing...
maxdom : 10
D->valSize : 250
Solving...
Blb : 2 (clique : 17)
currentSize : 17 <-- 0.001530 s
currentSize : 19 <-- 0.001665 s
currentSize : 20 <-- 0.001740 s
currentSize : 21 <-- 0.001802 s
currentSize : 22 <-- 0.040613 s

maxsize : 22
nodes : 1480129.000000
filtered : 17918778.000000
time : 6.319005
