Parameters: GAD=1 vflib=1 dir=1 label=1 lowerbound=1 fileNameGp=../graphsdb/mcs50/bvg/b09/mcs50_b09_s70.A06 fileNameGt=../graphsdb/mcs50/bvg/b09/mcs50_b09_s70.B06
Reading graphs...
70 : 315
70 : 315
Initializing...
maxdom : 8
D->valSize : 348
Solving...
Blb : 2 (clique : 21)
currentSize : 21 <-- 0.004629 s
currentSize : 22 <-- 0.004973 s
currentSize : 23 <-- 0.005074 s
currentSize : 24 <-- 0.012628 s
currentSize : 26 <-- 5.389090 s
currentSize : 28 <-- 5.389234 s
currentSize : 29 <-- 5.390355 s
currentSize : 30 <-- 5.390633 s
currentSize : 31 <-- 5.419888 s
currentSize : 32 <-- 5.419965 s
currentSize : 33 <-- 5.423550 s
currentSize : 34 <-- 5.423659 s

maxsize : 34
nodes : 4037928.000000
filtered : 27239917.000000
time : 18.757601
