Parameters: GAD=1 vflib=1 dir=1 label=1 lowerbound=1 fileNameGp=../graphsdb/mcs50/rand/r01/mcs50_r01_s30.A25 fileNameGt=../graphsdb/mcs50/rand/r01/mcs50_r01_s30.B25
Reading graphs...
30 : 86
30 : 86
Initializing...
maxdom : 6
D->valSize : 114
Solving...
Blb : 2 (clique : 8)
currentSize : 8 <-- 0.000763 s
currentSize : 9 <-- 0.000870 s
currentSize : 10 <-- 0.001307 s
currentSize : 11 <-- 0.001420 s
currentSize : 12 <-- 0.004864 s
currentSize : 13 <-- 0.004925 s
currentSize : 14 <-- 0.004960 s
currentSize : 15 <-- 0.005600 s

maxsize : 15
nodes : 2226.000000
filtered : 16819.000000
time : 0.007523
