Parameters: GAD=1 vflib=1 dir=1 label=1 lowerbound=1 fileNameGp=../graphsdb/mcs50/m2D/m2Dr4/mcs50_m2Dr4_s60.A48 fileNameGt=../graphsdb/mcs50/m2D/m2Dr4/mcs50_m2Dr4_s60.B48
Reading graphs...
60 : 128
60 : 127
Initializing...
maxdom : 8
D->valSize : 238
Solving...
Blb : 2 (clique : 24)
currentSize : 24 <-- 0.001773 s
currentSize : 25 <-- 0.002009 s
currentSize : 26 <-- 0.348491 s
currentSize : 27 <-- 0.361825 s
currentSize : 28 <-- 1.164438 s

maxsize : 28
nodes : 2505828.000000
filtered : 14906295.000000
time : 10.172254
