Parameters: GAD=1 vflib=1 dir=1 label=1 lowerbound=1 fileNameGp=../graphsdb/mcs50/m2D/m2Dr4/mcs50_m2Dr4_s90.A61 fileNameGt=../graphsdb/mcs50/m2D/m2Dr4/mcs50_m2Dr4_s90.B61
Reading graphs...
90 : 197
90 : 196
Initializing...
maxdom : 12
D->valSize : 573
Solving...
Blb : 2 (clique : 36)
currentSize : 36 <-- 0.007029 s
currentSize : 46 <-- 0.007440 s
currentSize : 49 <-- 1.255761 s
currentSize : 51 <-- 1.765933 s
currentSize : 53 <-- 2142.705566 s
currentSize : 54 <-- 2142.705566 s

maxsize : 54
nodes : 454886275.000000
filtered : 4800425934.000000
time : 2908.505127
