Parameters: GAD=1 vflib=1 dir=1 label=1 lowerbound=1 fileNameGp=../graphsdb/mcs50/m2D/m2Dr6/mcs50_m2Dr6_s60.A92 fileNameGt=../graphsdb/mcs50/m2D/m2Dr6/mcs50_m2Dr6_s60.B92
Reading graphs...
60 : 140
60 : 139
Initializing...
maxdom : 10
D->valSize : 248
Solving...
Blb : 2 (clique : 19)
currentSize : 19 <-- 0.001821 s
currentSize : 20 <-- 0.002042 s
currentSize : 21 <-- 0.042852 s
currentSize : 22 <-- 0.458488 s
currentSize : 23 <-- 2.656830 s
currentSize : 24 <-- 4.382150 s
currentSize : 25 <-- 7.517536 s
currentSize : 26 <-- 95.469521 s
currentSize : 27 <-- 95.471550 s
currentSize : 28 <-- 98.832817 s

maxsize : 28
nodes : 37573727.000000
filtered : 340276337.000000
time : 169.975647
