Parameters: GAD=1 vflib=1 dir=1 label=1 lowerbound=1 fileNameGp=../graphsdb/mcs50/rand/r005/mcs50_r005_s70.A44 fileNameGt=../graphsdb/mcs50/rand/r005/mcs50_r005_s70.B44
Reading graphs...
70 : 240
70 : 240
Initializing...
maxdom : 7
D->valSize : 345
Solving...
Blb : 2 (clique : 19)
currentSize : 19 <-- 0.004580 s
currentSize : 20 <-- 0.007313 s
currentSize : 21 <-- 0.011419 s
currentSize : 23 <-- 0.014478 s
currentSize : 24 <-- 0.015582 s
currentSize : 25 <-- 0.105383 s
currentSize : 26 <-- 1.981431 s
currentSize : 28 <-- 1.981543 s
currentSize : 30 <-- 1.982122 s
currentSize : 31 <-- 4.659194 s
currentSize : 32 <-- 4.660251 s
currentSize : 35 <-- 7.176858 s

maxsize : 35
nodes : 3872981.000000
filtered : 44480076.000000
time : 21.167055
