Parameters: GAD=1 vflib=1 dir=1 label=1 lowerbound=1 fileNameGp=../graphsdb/mcs50/m2D/m2Dr6/mcs50_m2Dr6_s80.A10 fileNameGt=../graphsdb/mcs50/m2D/m2Dr6/mcs50_m2Dr6_s80.B10
Reading graphs...
80 : 190
80 : 190
Initializing...
maxdom : 12
D->valSize : 526
Solving...
Blb : 2 (clique : 25)
currentSize : 25 <-- 0.009610 s
currentSize : 26 <-- 0.018819 s
currentSize : 28 <-- 0.019055 s
currentSize : 29 <-- 58.124847 s
currentSize : 30 <-- 274.172699 s
currentSize : 31 <-- 367.435852 s
currentSize : 32 <-- 367.618134 s
currentSize : 33 <-- 1733.273926 s
currentSize : 34 <-- 2194.194580 s

TIMEOUT
maxsize : 34
nodes : 647996081.000000
filtered : 6687333008.000000
time : 3600.000000
