Parameters: GAD=1 vflib=1 dir=1 label=1 lowerbound=1 fileNameGp=../graphsdb/mcs50/rand/r005/mcs50_r005_s50.A93 fileNameGt=../graphsdb/mcs50/rand/r005/mcs50_r005_s50.B93
Reading graphs...
50 : 121
50 : 121
Initializing...
maxdom : 9
D->valSize : 333
Solving...
Blb : 2 (clique : 16)
currentSize : 16 <-- 0.002469 s
currentSize : 17 <-- 0.002652 s
currentSize : 18 <-- 0.017978 s
currentSize : 19 <-- 0.020408 s
currentSize : 20 <-- 4.785337 s
currentSize : 21 <-- 4.831634 s
currentSize : 22 <-- 28.515652 s
currentSize : 25 <-- 28.515711 s

maxsize : 25
nodes : 8809056.000000
filtered : 123794569.000000
time : 43.332321
