Parameters: GAD=1 vflib=1 dir=1 label=1 lowerbound=1 fileNameGp=../graphsdb/mcs50/bvg/b06m/mcs50_b06m_s40.A45 fileNameGt=../graphsdb/mcs50/bvg/b06m/mcs50_b06m_s40.B45
Reading graphs...
40 : 120
40 : 120
Initializing...
maxdom : 10
D->valSize : 234
Solving...
Blb : 2 (clique : 11)
currentSize : 11 <-- 0.001342 s
currentSize : 12 <-- 0.001447 s
currentSize : 13 <-- 0.001539 s
currentSize : 14 <-- 0.002449 s
currentSize : 15 <-- 0.004144 s
currentSize : 16 <-- 0.004338 s
currentSize : 17 <-- 0.009037 s
currentSize : 21 <-- 0.011534 s

maxsize : 21
nodes : 13201.000000
filtered : 172873.000000
time : 0.055120
