Parameters: GAD=1 vflib=1 dir=1 label=1 lowerbound=1 fileNameGp=../graphsdb/mcs50/bvg/b06m/mcs50_b06m_s80.A83 fileNameGt=../graphsdb/mcs50/bvg/b06m/mcs50_b06m_s80.B83
Reading graphs...
80 : 240
80 : 240
Initializing...
maxdom : 10
D->valSize : 438
Solving...
Blb : 2 (clique : 32)
currentSize : 32 <-- 0.004536 s
currentSize : 33 <-- 0.004803 s
currentSize : 34 <-- 0.004900 s
currentSize : 35 <-- 0.008066 s
currentSize : 36 <-- 0.008149 s
currentSize : 37 <-- 0.008304 s
currentSize : 38 <-- 0.014079 s
currentSize : 39 <-- 0.031483 s
currentSize : 40 <-- 0.031750 s
currentSize : 41 <-- 0.032217 s
currentSize : 42 <-- 0.334609 s
currentSize : 43 <-- 0.335211 s

maxsize : 43
nodes : 88235840.000000
filtered : 488601791.000000
time : 402.705688
