Parameters: GAD=1 vflib=1 dir=1 label=1 lowerbound=1 fileNameGp=../graphsdb/mcs50/rand/r01/mcs50_r01_s35.A12 fileNameGt=../graphsdb/mcs50/rand/r01/mcs50_r01_s35.B12
Reading graphs...
35 : 118
35 : 118
Initializing...
maxdom : 8
D->valSize : 166
Solving...
Blb : 2 (clique : 9)
currentSize : 9 <-- 0.000903 s
currentSize : 10 <-- 0.001518 s
currentSize : 11 <-- 0.002290 s
currentSize : 12 <-- 0.002354 s
currentSize : 14 <-- 0.002938 s
currentSize : 15 <-- 0.014009 s
currentSize : 17 <-- 0.014076 s

maxsize : 17
nodes : 8005.000000
filtered : 91210.000000
time : 0.030249
