Parameters: GAD=1 vflib=1 dir=1 label=1 lowerbound=1 fileNameGp=../graphsdb/mcs50/m3D/m3Dr6/mcs50_m3Dr6_s60.A15 fileNameGt=../graphsdb/mcs50/m3D/m3Dr6/mcs50_m3Dr6_s60.B15
Reading graphs...
60 : 170
60 : 170
Initializing...
maxdom : 7
D->valSize : 231
Solving...
Blb : 2 (clique : 17)
currentSize : 17 <-- 0.001667 s
currentSize : 19 <-- 0.003440 s
currentSize : 20 <-- 0.007771 s
currentSize : 21 <-- 0.009334 s
currentSize : 22 <-- 0.066735 s
currentSize : 23 <-- 0.136778 s
currentSize : 24 <-- 0.302212 s
currentSize : 25 <-- 0.344307 s
currentSize : 26 <-- 0.509031 s
currentSize : 27 <-- 1.560047 s
currentSize : 28 <-- 1.618445 s

maxsize : 28
nodes : 795702.000000
filtered : 4514823.000000
time : 3.303508
