Parameters: GAD=1 vflib=1 dir=1 label=1 lowerbound=1 fileNameGp=../graphsdb/mcs50/bvg/b06/mcs50_b06_s70.A83 fileNameGt=../graphsdb/mcs50/bvg/b06/mcs50_b06_s70.B83
Reading graphs...
70 : 210
70 : 210
Initializing...
maxdom : 10
D->valSize : 356
Solving...
Blb : 2 (clique : 22)
currentSize : 22 <-- 0.002876 s
currentSize : 23 <-- 0.007200 s
currentSize : 24 <-- 0.125964 s
currentSize : 25 <-- 0.129571 s
currentSize : 26 <-- 0.842493 s
currentSize : 27 <-- 1.843786 s
currentSize : 28 <-- 3.848884 s
currentSize : 29 <-- 3.859201 s
currentSize : 30 <-- 4.117592 s
currentSize : 31 <-- 10.714113 s
currentSize : 33 <-- 11.086281 s
currentSize : 34 <-- 11.088962 s
currentSize : 35 <-- 11.095485 s
currentSize : 36 <-- 11.844628 s
currentSize : 37 <-- 12.275981 s

maxsize : 37
nodes : 3790034.000000
filtered : 30244978.000000
time : 18.026768
