Parameters: GAD=1 vflib=1 dir=1 label=1 lowerbound=1 fileNameGp=../graphsdb/mcs50/rand/r005/mcs50_r005_s50.A20 fileNameGt=../graphsdb/mcs50/rand/r005/mcs50_r005_s50.B20
Reading graphs...
50 : 121
50 : 121
Initializing...
maxdom : 8
D->valSize : 324
Solving...
Blb : 2 (clique : 16)
currentSize : 16 <-- 0.002358 s
currentSize : 17 <-- 0.003447 s
currentSize : 18 <-- 0.285536 s
currentSize : 19 <-- 1.904566 s
currentSize : 20 <-- 1.904826 s
currentSize : 21 <-- 43.188404 s
currentSize : 23 <-- 43.189259 s
currentSize : 25 <-- 43.191727 s

maxsize : 25
nodes : 13645612.000000
filtered : 166830157.000000
time : 61.016312
