Parameters: GAD=1 vflib=1 dir=1 label=1 lowerbound=1 fileNameGp=../graphsdb/mcs50/rand/r02/mcs50_r02_s30.A82 fileNameGt=../graphsdb/mcs50/rand/r02/mcs50_r02_s30.B82
Reading graphs...
30 : 173
30 : 173
Initializing...
maxdom : 10
D->valSize : 142
Solving...
Blb : 2 (clique : 5)
currentSize : 5 <-- 0.000733 s
currentSize : 6 <-- 0.000898 s
currentSize : 7 <-- 0.001582 s
currentSize : 11 <-- 0.002367 s
currentSize : 15 <-- 0.002410 s

maxsize : 15
nodes : 624.000000
filtered : 7832.000000
time : 0.002850
