Parameters: GAD=1 vflib=1 dir=1 label=1 lowerbound=1 fileNameGp=../graphsdb/mcs50/bvg/b06m/mcs50_b06m_s60.A21 fileNameGt=../graphsdb/mcs50/bvg/b06m/mcs50_b06m_s60.B21
Reading graphs...
60 : 180
60 : 180
Initializing...
maxdom : 8
D->valSize : 239
Solving...
Blb : 5 (clique : 16)
currentSize : 16 <-- 0.002263 s
currentSize : 17 <-- 0.005777 s
currentSize : 18 <-- 0.034564 s
currentSize : 19 <-- 0.110310 s
currentSize : 20 <-- 0.844796 s
currentSize : 22 <-- 0.846165 s
currentSize : 23 <-- 0.846201 s
currentSize : 24 <-- 0.855593 s
currentSize : 25 <-- 0.861022 s
currentSize : 26 <-- 1.281052 s
currentSize : 27 <-- 1.308837 s
currentSize : 28 <-- 1.309125 s
currentSize : 29 <-- 2.673668 s
currentSize : 30 <-- 3.271573 s
currentSize : 31 <-- 3.271641 s

maxsize : 31
nodes : 2366307.000000
filtered : 10029726.000000
time : 8.841961
