Parameters: GAD=1 vflib=1 dir=1 label=1 lowerbound=1 fileNameGp=../graphsdb/mcs50/bvg/b06/mcs50_b06_s60.A87 fileNameGt=../graphsdb/mcs50/bvg/b06/mcs50_b06_s60.B87
Reading graphs...
60 : 180
60 : 180
Initializing...
maxdom : 6
D->valSize : 252
Solving...
Blb : 2 (clique : 23)
currentSize : 23 <-- 0.001788 s
currentSize : 24 <-- 0.002123 s
currentSize : 26 <-- 13.046385 s
currentSize : 27 <-- 13.064985 s
currentSize : 28 <-- 13.065026 s
currentSize : 29 <-- 13.235809 s
currentSize : 30 <-- 18.499971 s
currentSize : 31 <-- 21.161804 s

maxsize : 31
nodes : 6743637.000000
filtered : 49414887.000000
time : 29.743256
