Parameters: GAD=1 vflib=1 dir=1 label=1 lowerbound=1 fileNameGp=../graphsdb/mcs50/m2D/m2Dr2/mcs50_m2Dr2_s80.A91 fileNameGt=../graphsdb/mcs50/m2D/m2Dr2/mcs50_m2Dr2_s80.B91
Reading graphs...
80 : 158
80 : 157
Initializing...
maxdom : 11
D->valSize : 440
Solving...
Blb : 2 (clique : 33)
currentSize : 33 <-- 0.004474 s
currentSize : 34 <-- 0.008164 s
currentSize : 35 <-- 0.008227 s
currentSize : 36 <-- 0.008780 s
currentSize : 37 <-- 1.055971 s
currentSize : 38 <-- 2599.867920 s
currentSize : 39 <-- 2605.317139 s

TIMEOUT
maxsize : 39
nodes : 737331384.000000
filtered : 5176152526.000000
time : 3600.000000
