Parameters: GAD=1 vflib=1 dir=1 label=1 lowerbound=1 fileNameGp=../graphsdb/mcs50/bvg/b09m/mcs50_b09m_s80.A69 fileNameGt=../graphsdb/mcs50/bvg/b09m/mcs50_b09m_s80.B69
Reading graphs...
80 : 360
80 : 360
Initializing...
maxdom : 8
D->valSize : 448
Solving...
Blb : 3 (clique : 36)
currentSize : 36 <-- 0.004418 s
currentSize : 37 <-- 0.522378 s
currentSize : 38 <-- 0.525157 s
currentSize : 39 <-- 13.792313 s
currentSize : 40 <-- 19.861546 s

maxsize : 40
nodes : 13248199.000000
filtered : 92962054.000000
time : 67.124046
