Parameters: GAD=1 vflib=1 dir=1 label=1 lowerbound=1 fileNameGp=../graphsdb/mcs50/bvg/b09/mcs50_b09_s35.A99 fileNameGt=../graphsdb/mcs50/bvg/b09/mcs50_b09_s35.B99
Reading graphs...
35 : 157
35 : 157
Initializing...
maxdom : 7
D->valSize : 146
Solving...
Blb : 2 (clique : 8)
currentSize : 8 <-- 0.000867 s
currentSize : 11 <-- 0.000938 s
currentSize : 12 <-- 0.000964 s
currentSize : 14 <-- 0.001099 s
currentSize : 16 <-- 0.001126 s

maxsize : 16
nodes : 718.000000
filtered : 6513.000000
time : 0.003146
