Parameters: GAD=1 vflib=1 dir=1 label=1 lowerbound=1 fileNameGp=../graphsdb/mcs50/bvg/b06/mcs50_b06_s70.A20 fileNameGt=../graphsdb/mcs50/bvg/b06/mcs50_b06_s70.B20
Reading graphs...
70 : 210
70 : 210
Initializing...
maxdom : 7
D->valSize : 337
Solving...
Blb : 2 (clique : 22)
currentSize : 22 <-- 0.002932 s
currentSize : 23 <-- 0.007334 s
currentSize : 24 <-- 0.007576 s
currentSize : 25 <-- 0.010337 s
currentSize : 26 <-- 0.089395 s
currentSize : 27 <-- 0.548685 s
currentSize : 28 <-- 0.808077 s
currentSize : 29 <-- 0.808744 s
currentSize : 30 <-- 1.823137 s
currentSize : 31 <-- 6.274156 s
currentSize : 32 <-- 34.032707 s
currentSize : 33 <-- 34.059017 s
currentSize : 34 <-- 85.711929 s
currentSize : 35 <-- 182.159576 s

maxsize : 35
nodes : 45866584.000000
filtered : 418104455.000000
time : 235.077637
