Parameters: GAD=1 vflib=1 dir=1 label=1 lowerbound=1 fileNameGp=../graphsdb/mcs50/m2D/m2Dr4/mcs50_m2Dr4_s100.A61 fileNameGt=../graphsdb/mcs50/m2D/m2Dr4/mcs50_m2Dr4_s100.B61
Reading graphs...
100 : 220
100 : 219
Initializing...
maxdom : 6
D->valSize : 359
Solving...
Blb : 2 (clique : 41)
currentSize : 41 <-- 0.003798 s
currentSize : 43 <-- 0.015527 s
currentSize : 44 <-- 0.015630 s
currentSize : 45 <-- 0.461009 s
currentSize : 46 <-- 0.709452 s
currentSize : 47 <-- 0.927184 s
currentSize : 48 <-- 313.807922 s

TIMEOUT
maxsize : 48
nodes : 647014763.000000
filtered : 3198854086.000000
time : 3600.000000
