Parameters: GAD=1 vflib=1 dir=1 label=1 lowerbound=1 fileNameGp=../graphsdb/mcs50/bvg/b09m/mcs50_b09m_s90.A85 fileNameGt=../graphsdb/mcs50/bvg/b09m/mcs50_b09m_s90.B85
Reading graphs...
90 : 405
90 : 405
Initializing...
maxdom : 10
D->valSize : 556
Solving...
Blb : 2 (clique : 28)
currentSize : 28 <-- 0.006382 s
currentSize : 29 <-- 0.006667 s
currentSize : 30 <-- 0.014909 s
currentSize : 31 <-- 0.051182 s
currentSize : 32 <-- 0.068701 s
currentSize : 33 <-- 2.162562 s
currentSize : 34 <-- 77.295761 s
currentSize : 35 <-- 77.295830 s
currentSize : 36 <-- 77.332481 s
currentSize : 37 <-- 79.723351 s
currentSize : 39 <-- 544.362610 s
currentSize : 40 <-- 544.362793 s
currentSize : 41 <-- 544.370056 s
currentSize : 42 <-- 544.828003 s
currentSize : 43 <-- 544.844666 s
currentSize : 44 <-- 674.947449 s
currentSize : 45 <-- 674.987854 s

maxsize : 45
nodes : 237911759.000000
filtered : 1264117296.000000
time : 1187.072632
