Parameters: GAD=1 vflib=1 dir=1 label=1 lowerbound=1 fileNameGp=../graphsdb/mcs50/rand/r01/mcs50_r01_s70.A95 fileNameGt=../graphsdb/mcs50/rand/r01/mcs50_r01_s70.B95
Reading graphs...
70 : 482
70 : 482
Initializing...
maxdom : 9
D->valSize : 334
Solving...
Blb : 2 (clique : 11)
currentSize : 11 <-- 0.002556 s
currentSize : 12 <-- 0.002764 s
currentSize : 13 <-- 0.003046 s
currentSize : 14 <-- 0.003169 s
currentSize : 16 <-- 0.005158 s
currentSize : 17 <-- 0.009499 s
currentSize : 19 <-- 0.009521 s
currentSize : 21 <-- 0.096258 s
currentSize : 24 <-- 0.221044 s
currentSize : 26 <-- 0.221244 s
currentSize : 28 <-- 0.221465 s
currentSize : 32 <-- 0.230143 s
currentSize : 35 <-- 0.230280 s

maxsize : 35
nodes : 74834.000000
filtered : 981295.000000
time : 0.410014
