Parameters: GAD=1 vflib=1 dir=1 label=1 lowerbound=1 fileNameGp=../graphsdb/mcs50/m2D/m2Dr6/mcs50_m2Dr6_s70.A17 fileNameGt=../graphsdb/mcs50/m2D/m2Dr6/mcs50_m2Dr6_s70.B17
Reading graphs...
70 : 165
70 : 164
Initializing...
maxdom : 9
D->valSize : 336
Solving...
Blb : 2 (clique : 22)
currentSize : 22 <-- 0.003000 s
currentSize : 23 <-- 0.003759 s
currentSize : 24 <-- 0.040194 s
currentSize : 25 <-- 0.088658 s
currentSize : 26 <-- 0.856630 s
currentSize : 27 <-- 0.919028 s
currentSize : 28 <-- 1.046606 s
currentSize : 29 <-- 1.646249 s
currentSize : 30 <-- 1.691667 s
currentSize : 31 <-- 1.768909 s
currentSize : 32 <-- 1.771071 s
currentSize : 33 <-- 2.547070 s
currentSize : 34 <-- 2.601640 s
currentSize : 35 <-- 2.669749 s
currentSize : 36 <-- 2.669919 s
currentSize : 37 <-- 2.670235 s
currentSize : 38 <-- 10.263072 s
currentSize : 39 <-- 25.465471 s

maxsize : 39
nodes : 6658161.000000
filtered : 50472036.000000
time : 32.409958
