Parameters: GAD=1 vflib=1 dir=1 label=1 lowerbound=1 fileNameGp=../graphsdb/mcs50/m2D/m2D/mcs50_m2D_s90.A52 fileNameGt=../graphsdb/mcs50/m2D/m2D/mcs50_m2D_s90.B52
Reading graphs...
90 : 161
90 : 161
Initializing...
maxdom : 11
D->valSize : 611
Solving...
Blb : 2 (clique : 39)
currentSize : 39 <-- 0.008194 s
currentSize : 40 <-- 0.008577 s
currentSize : 41 <-- 0.008913 s
currentSize : 42 <-- 0.009029 s
currentSize : 43 <-- 0.010096 s
currentSize : 44 <-- 0.043175 s
currentSize : 45 <-- 0.043590 s
currentSize : 46 <-- 0.234675 s
currentSize : 47 <-- 0.355038 s
currentSize : 49 <-- 0.483755 s
currentSize : 50 <-- 0.484514 s
currentSize : 51 <-- 0.576017 s

TIMEOUT
maxsize : 51
nodes : 669349785.000000
filtered : 4339236591.000000
time : 3600.000000
