Parameters: GAD=1 vflib=1 dir=1 label=1 lowerbound=1 fileNameGp=../graphsdb/mcs50/m3D/m3Dr2/mcs50_m3Dr2_s60.A46 fileNameGt=../graphsdb/mcs50/m3D/m3Dr2/mcs50_m3Dr2_s60.B46
Reading graphs...
60 : 146
60 : 146
Initializing...
maxdom : 7
D->valSize : 217
Solving...
Blb : 2 (clique : 20)
currentSize : 20 <-- 0.001701 s
currentSize : 21 <-- 0.002079 s
currentSize : 22 <-- 0.002860 s
currentSize : 23 <-- 0.006348 s
currentSize : 24 <-- 0.102749 s
currentSize : 26 <-- 1.920773 s
currentSize : 27 <-- 3.839311 s
currentSize : 28 <-- 3.839585 s

maxsize : 28
nodes : 1264757.000000
filtered : 8516635.000000
time : 5.438183
