Parameters: GAD=1 vflib=1 dir=1 label=1 lowerbound=1 fileNameGp=../graphsdb/mcs50/bvg/b06m/mcs50_b06m_s70.A35 fileNameGt=../graphsdb/mcs50/bvg/b06m/mcs50_b06m_s70.B35
Reading graphs...
70 : 210
70 : 210
Initializing...
maxdom : 8
D->valSize : 345
Solving...
Blb : 5 (clique : 26)
currentSize : 26 <-- 0.003011 s
currentSize : 28 <-- 0.003811 s
currentSize : 29 <-- 0.004041 s
currentSize : 30 <-- 0.037611 s
currentSize : 31 <-- 0.037834 s
currentSize : 33 <-- 0.065781 s
currentSize : 34 <-- 0.065882 s
currentSize : 35 <-- 0.109059 s
currentSize : 36 <-- 0.109779 s
currentSize : 37 <-- 26.566168 s

maxsize : 37
nodes : 8090863.000000
filtered : 66549703.000000
time : 40.244831
