Parameters: GAD=1 vflib=1 dir=1 label=1 lowerbound=1 fileNameGp=../graphsdb/mcs50/bvg/b06/mcs50_b06_s80.A31 fileNameGt=../graphsdb/mcs50/bvg/b06/mcs50_b06_s80.B31
Reading graphs...
80 : 240
80 : 240
Initializing...
maxdom : 9
D->valSize : 447
Solving...
Blb : 5 (clique : 26)
currentSize : 26 <-- 0.007267 s
currentSize : 27 <-- 229.773392 s
currentSize : 28 <-- 229.786774 s
currentSize : 29 <-- 229.809311 s
currentSize : 30 <-- 336.441833 s
currentSize : 31 <-- 372.968384 s
currentSize : 32 <-- 372.973785 s
currentSize : 37 <-- 453.822540 s
currentSize : 40 <-- 1370.759644 s

maxsize : 40
nodes : 636270820.000000
filtered : 6141678552.000000
time : 3399.912842
