Parameters: GAD=1 vflib=1 dir=1 label=1 lowerbound=1 fileNameGp=../graphsdb/mcs50/m2D/m2Dr4/mcs50_m2Dr4_s90.A70 fileNameGt=../graphsdb/mcs50/m2D/m2Dr4/mcs50_m2Dr4_s90.B70
Reading graphs...
90 : 197
90 : 196
Initializing...
maxdom : 12
D->valSize : 574
Solving...
Blb : 2 (clique : 40)
currentSize : 40 <-- 0.006970 s
currentSize : 41 <-- 0.007356 s
currentSize : 43 <-- 0.008027 s
currentSize : 45 <-- 0.008108 s
currentSize : 46 <-- 0.008240 s
currentSize : 47 <-- 0.032814 s
currentSize : 48 <-- 0.033023 s
currentSize : 49 <-- 0.034571 s
currentSize : 50 <-- 0.113808 s

TIMEOUT
maxsize : 50
nodes : 685787623.000000
filtered : 4335819581.000000
time : 3600.000000
