Parameters: GAD=1 vflib=1 dir=1 label=1 lowerbound=1 fileNameGp=../graphsdb/mcs50/rand/r005/mcs50_r005_s70.A62 fileNameGt=../graphsdb/mcs50/rand/r005/mcs50_r005_s70.B62
Reading graphs...
70 : 240
70 : 240
Initializing...
maxdom : 8
D->valSize : 326
Solving...
Blb : 2 (clique : 19)
currentSize : 19 <-- 0.004269 s
currentSize : 20 <-- 0.062523 s
currentSize : 21 <-- 0.087671 s
currentSize : 23 <-- 0.121000 s
currentSize : 24 <-- 0.164256 s
currentSize : 25 <-- 0.273155 s
currentSize : 26 <-- 0.273320 s
currentSize : 27 <-- 0.386651 s
currentSize : 28 <-- 1.269644 s
currentSize : 29 <-- 1.270163 s
currentSize : 30 <-- 5.998336 s
currentSize : 31 <-- 5.998497 s
currentSize : 32 <-- 5.998590 s
currentSize : 33 <-- 6.047449 s
currentSize : 35 <-- 6.047609 s

maxsize : 35
nodes : 1554721.000000
filtered : 17738447.000000
time : 8.485905
