Parameters: GAD=1 vflib=1 dir=1 label=1 lowerbound=1 fileNameGp=../graphsdb/mcs50/m3D/m3D/mcs50_m3D_s50.A72 fileNameGt=../graphsdb/mcs50/m3D/m3D/mcs50_m3D_s50.B72
Reading graphs...
50 : 109
50 : 109
Initializing...
maxdom : 9
D->valSize : 323
Solving...
Blb : 3 (clique : 20)
currentSize : 20 <-- 0.002477 s
currentSize : 22 <-- 0.280913 s
currentSize : 23 <-- 0.281314 s
currentSize : 24 <-- 0.281425 s
currentSize : 26 <-- 1.135268 s
currentSize : 27 <-- 1.136370 s
currentSize : 28 <-- 1.894322 s

maxsize : 28
nodes : 1004457.000000
filtered : 10591097.000000
time : 4.432257
