Parameters: GAD=1 vflib=1 dir=1 label=1 lowerbound=1 fileNameGp=../graphsdb/mcs50/m2D/m2Dr2/mcs50_m2Dr2_s60.A35 fileNameGt=../graphsdb/mcs50/m2D/m2Dr2/mcs50_m2Dr2_s60.B35
Reading graphs...
60 : 116
60 : 115
Initializing...
maxdom : 8
D->valSize : 249
Solving...
Blb : 5 (clique : 22)
currentSize : 22 <-- 0.001806 s
currentSize : 23 <-- 0.002036 s
currentSize : 24 <-- 0.031294 s
currentSize : 25 <-- 0.122798 s
currentSize : 26 <-- 0.255147 s
currentSize : 27 <-- 0.255231 s
currentSize : 28 <-- 90.721451 s
currentSize : 29 <-- 267.678680 s

maxsize : 29
nodes : 112168002.000000
filtered : 832447780.000000
time : 497.515808
