Parameters: GAD=1 vflib=1 dir=1 label=1 lowerbound=1 fileNameGp=../graphsdb/mcs50/bvg/b06/mcs50_b06_s70.A96 fileNameGt=../graphsdb/mcs50/bvg/b06/mcs50_b06_s70.B96
Reading graphs...
70 : 210
70 : 210
Initializing...
maxdom : 7
D->valSize : 307
Solving...
Blb : 2 (clique : 27)
currentSize : 27 <-- 0.002564 s
currentSize : 28 <-- 0.594894 s
currentSize : 29 <-- 1.300317 s
currentSize : 30 <-- 12.660518 s
currentSize : 31 <-- 14.872089 s
currentSize : 32 <-- 15.124994 s
currentSize : 34 <-- 61.486095 s
currentSize : 35 <-- 61.486553 s
currentSize : 36 <-- 61.489456 s

maxsize : 36
nodes : 17458388.000000
filtered : 126734012.000000
time : 78.773018
