Parameters: GAD=1 vflib=1 dir=1 label=1 lowerbound=1 fileNameGp=../graphsdb/mcs50/m3D/m3Dr6/mcs50_m3Dr6_s50.A47 fileNameGt=../graphsdb/mcs50/m3D/m3Dr6/mcs50_m3Dr6_s50.B47
Reading graphs...
50 : 139
50 : 139
Initializing...
maxdom : 9
D->valSize : 324
Solving...
Blb : 2 (clique : 23)
currentSize : 23 <-- 0.003660 s
currentSize : 24 <-- 0.003884 s
currentSize : 25 <-- 0.004089 s
currentSize : 27 <-- 0.006432 s
currentSize : 28 <-- 0.006669 s

maxsize : 28
nodes : 79995.000000
filtered : 1192544.000000
time : 0.497652
