Parameters: GAD=1 vflib=1 dir=1 label=1 lowerbound=1 fileNameGp=../graphsdb/mcs50/m3D/m3Dr6/mcs50_m3Dr6_s50.A17 fileNameGt=../graphsdb/mcs50/m3D/m3Dr6/mcs50_m3Dr6_s50.B17
Reading graphs...
50 : 139
50 : 137
Initializing...
maxdom : 8
D->valSize : 320
Solving...
Blb : 2 (clique : 16)
currentSize : 16 <-- 0.002407 s
currentSize : 17 <-- 0.014003 s
currentSize : 18 <-- 0.111305 s
currentSize : 19 <-- 5.458632 s
currentSize : 20 <-- 5.458725 s
currentSize : 25 <-- 5.458790 s
currentSize : 26 <-- 5.458972 s
currentSize : 27 <-- 5.459812 s
currentSize : 28 <-- 5.460062 s

maxsize : 28
nodes : 1341791.000000
filtered : 14811657.000000
time : 5.877469
