Parameters: GAD=1 vflib=1 dir=1 label=1 lowerbound=1 fileNameGp=../graphsdb/mcs50/bvg/b09m/mcs50_b09m_s70.A85 fileNameGt=../graphsdb/mcs50/bvg/b09m/mcs50_b09m_s70.B85
Reading graphs...
70 : 315
70 : 315
Initializing...
maxdom : 10
D->valSize : 362
Solving...
Blb : 3 (clique : 18)
currentSize : 18 <-- 0.005420 s
currentSize : 19 <-- 4.310795 s
currentSize : 20 <-- 4.405372 s
currentSize : 21 <-- 5.583771 s
currentSize : 22 <-- 6.362386 s
currentSize : 23 <-- 6.856644 s
currentSize : 25 <-- 7.897681 s
currentSize : 26 <-- 9.324764 s
currentSize : 28 <-- 9.324827 s
currentSize : 30 <-- 9.324906 s
currentSize : 31 <-- 9.325828 s
currentSize : 32 <-- 9.337967 s
currentSize : 34 <-- 9.418679 s
currentSize : 35 <-- 9.420419 s
currentSize : 36 <-- 9.492724 s

maxsize : 36
nodes : 2879765.000000
filtered : 26019131.000000
time : 13.838020
