Parameters: GAD=1 vflib=1 dir=1 label=1 lowerbound=1 fileNameGp=../graphsdb/mcs50/rand/r005/mcs50_r005_s35.A86 fileNameGt=../graphsdb/mcs50/rand/r005/mcs50_r005_s35.B86
Reading graphs...
35 : 62
35 : 62
Initializing...
maxdom : 8
D->valSize : 166
Solving...
Blb : 2 (clique : 12)
currentSize : 12 <-- 0.000891 s
currentSize : 13 <-- 0.001860 s
currentSize : 14 <-- 0.003918 s
currentSize : 15 <-- 0.007632 s
currentSize : 16 <-- 0.015596 s
currentSize : 17 <-- 0.152534 s

maxsize : 17
nodes : 58391.000000
filtered : 577358.000000
time : 0.216970
