Parameters: GAD=1 vflib=1 dir=1 label=1 lowerbound=1 fileNameGp=../graphsdb/mcs50/bvg/b09m/mcs50_b09m_s50.A57 fileNameGt=../graphsdb/mcs50/bvg/b09m/mcs50_b09m_s50.B57
Reading graphs...
50 : 225
50 : 225
Initializing...
maxdom : 12
D->valSize : 351
Solving...
Blb : 3 (clique : 20)
currentSize : 20 <-- 0.004144 s
currentSize : 21 <-- 0.037595 s
currentSize : 22 <-- 0.290890 s
currentSize : 23 <-- 0.363706 s
currentSize : 25 <-- 0.459190 s

maxsize : 25
nodes : 85086.000000
filtered : 2117115.000000
time : 0.484906
