Parameters: GAD=1 vflib=1 dir=1 label=1 lowerbound=1 fileNameGp=../graphsdb/mcs50/bvg/b06/mcs50_b06_s70.A81 fileNameGt=../graphsdb/mcs50/bvg/b06/mcs50_b06_s70.B81
Reading graphs...
70 : 210
70 : 210
Initializing...
maxdom : 12
D->valSize : 361
Solving...
Blb : 2 (clique : 28)
currentSize : 28 <-- 0.002970 s
currentSize : 29 <-- 0.212269 s
currentSize : 30 <-- 0.226121 s
currentSize : 31 <-- 0.226214 s
currentSize : 34 <-- 0.226586 s
currentSize : 35 <-- 4.111796 s

maxsize : 35
nodes : 2918817.000000
filtered : 23750388.000000
time : 14.058969
