Parameters: GAD=1 vflib=1 dir=1 label=1 lowerbound=1 fileNameGp=../graphsdb/mcs50/bvg/b06m/mcs50_b06m_s90.A10 fileNameGt=../graphsdb/mcs50/bvg/b06m/mcs50_b06m_s90.B10
Reading graphs...
90 : 270
90 : 270
Initializing...
maxdom : 9
D->valSize : 559
Solving...
Blb : 3 (clique : 27)
currentSize : 27 <-- 0.006559 s
currentSize : 28 <-- 0.093976 s
currentSize : 29 <-- 0.095746 s
currentSize : 30 <-- 5.507724 s
currentSize : 31 <-- 5.508612 s
currentSize : 32 <-- 6.913553 s
currentSize : 33 <-- 6.979344 s
currentSize : 34 <-- 19.646820 s
currentSize : 35 <-- 188.308777 s
currentSize : 36 <-- 342.282532 s

TIMEOUT
maxsize : 36
nodes : 570727965.000000
filtered : 7324317511.000000
time : 3600.000000
