Parameters: GAD=1 vflib=1 dir=1 label=1 lowerbound=1 fileNameGp=../graphsdb/mcs50/bvg/b09m/mcs50_b09m_s40.A71 fileNameGt=../graphsdb/mcs50/bvg/b09m/mcs50_b09m_s40.B71
Reading graphs...
40 : 180
40 : 180
Initializing...
maxdom : 9
D->valSize : 204
Solving...
Blb : 2 (clique : 9)
currentSize : 9 <-- 0.001123 s
currentSize : 10 <-- 0.001192 s
currentSize : 11 <-- 0.001565 s
currentSize : 17 <-- 0.019121 s
currentSize : 20 <-- 0.019168 s

maxsize : 20
nodes : 8885.000000
filtered : 84261.000000
time : 0.033273
