Parameters: GAD=1 vflib=1 dir=1 label=1 lowerbound=1 fileNameGp=../graphsdb/mcs50/bvg/b03m/mcs50_b03m_s70.A68 fileNameGt=../graphsdb/mcs50/bvg/b03m/mcs50_b03m_s70.B68
Reading graphs...
70 : 105
70 : 105
Initializing...
maxdom : 9
D->valSize : 339
Solving...
Blb : 2 (clique : 30)
currentSize : 30 <-- 0.004778 s
currentSize : 31 <-- 0.007624 s
currentSize : 32 <-- 58.385750 s
currentSize : 33 <-- 58.394943 s
currentSize : 34 <-- 284.075775 s
currentSize : 35 <-- 342.135040 s
currentSize : 36 <-- 353.153595 s
currentSize : 37 <-- 485.371918 s
currentSize : 38 <-- 596.683960 s

maxsize : 38
nodes : 161203795.000000
filtered : 1388018264.000000
time : 799.856812
