Parameters: GAD=1 vflib=1 dir=1 label=1 lowerbound=1 fileNameGp=../graphsdb/mcs50/m2D/m2Dr2/mcs50_m2Dr2_s70.A70 fileNameGt=../graphsdb/mcs50/m2D/m2Dr2/mcs50_m2Dr2_s70.B70
Reading graphs...
70 : 137
70 : 137
Initializing...
maxdom : 8
D->valSize : 350
Solving...
Blb : 2 (clique : 28)
currentSize : 28 <-- 0.003042 s
currentSize : 31 <-- 0.003231 s
currentSize : 32 <-- 0.003801 s
currentSize : 33 <-- 0.152475 s
currentSize : 34 <-- 168.712372 s
currentSize : 35 <-- 168.712479 s
currentSize : 36 <-- 196.225937 s
currentSize : 37 <-- 442.307251 s
currentSize : 38 <-- 1164.285400 s

maxsize : 38
nodes : 354602418.000000
filtered : 3537780062.000000
time : 1896.972290
