Parameters: GAD=1 vflib=1 dir=1 label=1 lowerbound=1 fileNameGp=../graphsdb/mcs50/m4D/m4Dr2/mcs50_m4Dr2_s35.A48 fileNameGt=../graphsdb/mcs50/m4D/m4Dr2/mcs50_m4Dr2_s35.B48
Reading graphs...
35 : 70
35 : 70
Initializing...
maxdom : 6
D->valSize : 165
Solving...
Blb : 2 (clique : 13)
currentSize : 13 <-- 0.000869 s
currentSize : 14 <-- 0.000946 s
currentSize : 16 <-- 0.000982 s
currentSize : 17 <-- 0.003110 s
currentSize : 18 <-- 0.006522 s

maxsize : 18
nodes : 19284.000000
filtered : 138514.000000
time : 0.082203
