Parameters: GAD=1 vflib=1 dir=1 label=1 lowerbound=1 fileNameGp=../graphsdb/mcs50/bvg/b06m/mcs50_b06m_s35.A43 fileNameGt=../graphsdb/mcs50/bvg/b06m/mcs50_b06m_s35.B43
Reading graphs...
35 : 105
35 : 105
Initializing...
maxdom : 9
D->valSize : 168
Solving...
Blb : 5 (clique : 9)
currentSize : 9 <-- 0.001025 s
currentSize : 12 <-- 0.001235 s
currentSize : 13 <-- 0.001668 s
currentSize : 14 <-- 0.001697 s
currentSize : 15 <-- 0.003132 s
currentSize : 16 <-- 0.008489 s
currentSize : 17 <-- 0.015047 s

maxsize : 17
nodes : 6026.000000
filtered : 63167.000000
time : 0.020402
