Parameters: GAD=1 vflib=1 dir=1 label=1 lowerbound=1 fileNameGp=../graphsdb/mcs50/m3D/m3D/mcs50_m3D_s60.A77 fileNameGt=../graphsdb/mcs50/m3D/m3D/mcs50_m3D_s60.B77
Reading graphs...
60 : 134
60 : 134
Initializing...
maxdom : 7
D->valSize : 238
Solving...
Blb : 2 (clique : 21)
currentSize : 21 <-- 0.001892 s
currentSize : 22 <-- 0.002801 s
currentSize : 25 <-- 0.051626 s
currentSize : 26 <-- 0.052709 s
currentSize : 27 <-- 0.619914 s
currentSize : 28 <-- 2.941472 s
currentSize : 29 <-- 2.942603 s
currentSize : 30 <-- 3.550373 s

maxsize : 30
nodes : 2612174.000000
filtered : 15789309.000000
time : 11.053652
