Parameters: GAD=1 vflib=1 dir=1 label=1 lowerbound=1 fileNameGp=../graphsdb/mcs50/m2D/m2D/mcs50_m2D_s50.A35 fileNameGt=../graphsdb/mcs50/m2D/m2D/mcs50_m2D_s50.B35
Reading graphs...
50 : 85
50 : 85
Initializing...
maxdom : 8
D->valSize : 322
Solving...
Blb : 2 (clique : 18)
currentSize : 18 <-- 0.002480 s
currentSize : 19 <-- 0.002959 s
currentSize : 20 <-- 0.005283 s
currentSize : 21 <-- 0.021161 s
currentSize : 22 <-- 0.297103 s
currentSize : 23 <-- 0.377097 s
currentSize : 24 <-- 0.434780 s
currentSize : 25 <-- 0.605434 s
currentSize : 26 <-- 1.072236 s
currentSize : 27 <-- 2.080453 s

maxsize : 27
nodes : 41705529.000000
filtered : 475185652.000000
time : 191.291702
