Parameters: GAD=1 vflib=1 dir=1 label=1 lowerbound=1 fileNameGp=../graphsdb/mcs50/bvg/b09m/mcs50_b09m_s30.A93 fileNameGt=../graphsdb/mcs50/bvg/b09m/mcs50_b09m_s30.B93
Reading graphs...
30 : 135
30 : 135
Initializing...
maxdom : 6
D->valSize : 120
Solving...
Blb : 2 (clique : 6)
currentSize : 6 <-- 0.000712 s
currentSize : 7 <-- 0.000871 s
currentSize : 8 <-- 0.001472 s
currentSize : 13 <-- 0.004221 s
currentSize : 14 <-- 0.004294 s

maxsize : 14
nodes : 2012.000000
filtered : 16465.000000
time : 0.006539
