Parameters: GAD=1 vflib=1 dir=1 label=1 lowerbound=1 fileNameGp=../graphsdb/mcs50/rand/r01/mcs50_r01_s90.A31 fileNameGt=../graphsdb/mcs50/rand/r01/mcs50_r01_s90.B31
Reading graphs...
90 : 800
90 : 800
Initializing...
maxdom : 10
D->valSize : 528
Solving...
Blb : 2 (clique : 16)
currentSize : 16 <-- 0.005634 s
currentSize : 17 <-- 0.012669 s
currentSize : 18 <-- 0.115571 s
currentSize : 19 <-- 0.122821 s
currentSize : 21 <-- 0.626814 s
currentSize : 22 <-- 0.913667 s
currentSize : 23 <-- 1.257002 s
currentSize : 24 <-- 1.445134 s
currentSize : 28 <-- 1.445259 s
currentSize : 31 <-- 1.763059 s
currentSize : 33 <-- 1.922248 s
currentSize : 35 <-- 2.643300 s
currentSize : 37 <-- 3.537518 s
currentSize : 45 <-- 3.537775 s

maxsize : 45
nodes : 609362.000000
filtered : 9994284.000000
time : 4.107457
