Parameters: GAD=1 vflib=1 dir=1 label=1 lowerbound=1 fileNameGp=../graphsdb/mcs50/m3D/m3Dr6/mcs50_m3Dr6_s60.A22 fileNameGt=../graphsdb/mcs50/m3D/m3Dr6/mcs50_m3Dr6_s60.B22
Reading graphs...
60 : 170
60 : 169
Initializing...
maxdom : 7
D->valSize : 253
Solving...
Blb : 3 (clique : 18)
currentSize : 18 <-- 0.001717 s
currentSize : 19 <-- 0.001938 s
currentSize : 20 <-- 0.005164 s
currentSize : 21 <-- 0.009805 s
currentSize : 22 <-- 0.018830 s
currentSize : 23 <-- 0.034341 s
currentSize : 24 <-- 0.046657 s
currentSize : 25 <-- 1.332530 s
currentSize : 26 <-- 1.337098 s
currentSize : 27 <-- 1.357741 s

maxsize : 27
nodes : 874045.000000
filtered : 5998102.000000
time : 3.681254
