Parameters: GAD=1 vflib=1 dir=1 label=1 lowerbound=1 fileNameGp=../graphsdb/mcs50/m2D/m2Dr4/mcs50_m2Dr4_s90.A48 fileNameGt=../graphsdb/mcs50/m2D/m2Dr4/mcs50_m2Dr4_s90.B48
Reading graphs...
90 : 197
90 : 197
Initializing...
maxdom : 9
D->valSize : 507
Solving...
Blb : 2 (clique : 35)
currentSize : 35 <-- 0.005783 s
currentSize : 36 <-- 0.006132 s
currentSize : 37 <-- 0.006338 s
currentSize : 38 <-- 0.006487 s
currentSize : 39 <-- 0.011077 s
currentSize : 40 <-- 0.065393 s
currentSize : 41 <-- 1.027342 s
currentSize : 42 <-- 1.036447 s
currentSize : 43 <-- 1.065239 s
currentSize : 44 <-- 19.234644 s
currentSize : 45 <-- 44.218929 s

TIMEOUT
maxsize : 45
nodes : 676572370.000000
filtered : 4052971334.000000
time : 3600.000000
