Parameters: GAD=1 vflib=1 dir=1 label=1 lowerbound=1 fileNameGp=../graphsdb/mcs50/bvg/b06/mcs50_b06_s80.A37 fileNameGt=../graphsdb/mcs50/bvg/b06/mcs50_b06_s80.B37
Reading graphs...
80 : 240
80 : 240
Initializing...
maxdom : 9
D->valSize : 467
Solving...
Blb : 3 (clique : 25)
currentSize : 25 <-- 0.004763 s
currentSize : 26 <-- 0.064852 s
currentSize : 27 <-- 0.086424 s
currentSize : 28 <-- 1.016671 s
currentSize : 30 <-- 8.289719 s
currentSize : 31 <-- 12.099608 s
currentSize : 32 <-- 28.752726 s
currentSize : 33 <-- 28.759800 s
currentSize : 34 <-- 85.319138 s
currentSize : 35 <-- 131.749680 s
currentSize : 37 <-- 221.376389 s
currentSize : 38 <-- 221.376617 s
currentSize : 39 <-- 221.387161 s
currentSize : 40 <-- 221.387589 s
currentSize : 41 <-- 221.416992 s
currentSize : 42 <-- 952.920044 s

maxsize : 42
nodes : 463639437.000000
filtered : 3872794063.000000
time : 2330.888672
