Parameters: GAD=1 vflib=1 dir=1 label=1 lowerbound=1 fileNameGp=../graphsdb/mcs50/rand/r01/mcs50_r01_s35.A91 fileNameGt=../graphsdb/mcs50/rand/r01/mcs50_r01_s35.B91
Reading graphs...
35 : 118
35 : 118
Initializing...
maxdom : 8
D->valSize : 174
Solving...
Blb : 2 (clique : 10)
currentSize : 10 <-- 0.000925 s
currentSize : 11 <-- 0.001095 s
currentSize : 12 <-- 0.001554 s
currentSize : 13 <-- 0.002109 s
currentSize : 14 <-- 0.009034 s
currentSize : 15 <-- 0.012400 s
currentSize : 17 <-- 0.023287 s

maxsize : 17
nodes : 6618.000000
filtered : 83474.000000
time : 0.026497
