Parameters: GAD=1 vflib=1 dir=1 label=1 lowerbound=1 fileNameGp=../graphsdb/mcs50/bvg/b09/mcs50_b09_s100.A79 fileNameGt=../graphsdb/mcs50/bvg/b09/mcs50_b09_s100.B79
Reading graphs...
100 : 450
100 : 450
Initializing...
maxdom : 5
D->valSize : 332
Solving...
Blb : 3 (clique : 45)
currentSize : 45 <-- 0.003303 s
currentSize : 46 <-- 69.435501 s
currentSize : 47 <-- 178.501129 s
currentSize : 48 <-- 178.527969 s
currentSize : 49 <-- 178.529404 s
currentSize : 50 <-- 178.530609 s
currentSize : 51 <-- 178.530884 s

maxsize : 51
nodes : 71977252.000000
filtered : 332502503.000000
time : 379.197113
