Parameters: GAD=1 vflib=1 dir=1 label=1 lowerbound=1 fileNameGp=../graphsdb/mcs50/bvg/b06m/mcs50_b06m_s30.A77 fileNameGt=../graphsdb/mcs50/bvg/b06m/mcs50_b06m_s30.B77
Reading graphs...
30 : 90
30 : 90
Initializing...
maxdom : 8
D->valSize : 143
Solving...
Blb : 2 (clique : 8)
currentSize : 8 <-- 0.000707 s
currentSize : 11 <-- 0.000753 s
currentSize : 12 <-- 0.003504 s
currentSize : 13 <-- 0.003528 s
currentSize : 14 <-- 0.008806 s
currentSize : 15 <-- 0.008863 s

maxsize : 15
nodes : 2881.000000
filtered : 33107.000000
time : 0.010317
