Parameters: GAD=1 vflib=1 dir=1 label=1 lowerbound=1 fileNameGp=../graphsdb/mcs50/rand/r005/mcs50_r005_s80.A19 fileNameGt=../graphsdb/mcs50/rand/r005/mcs50_r005_s80.B19
Reading graphs...
80 : 315
80 : 315
Initializing...
maxdom : 10
D->valSize : 441
Solving...
Blb : 2 (clique : 31)
currentSize : 31 <-- 0.004467 s
currentSize : 34 <-- 0.004974 s
currentSize : 36 <-- 0.005061 s
currentSize : 39 <-- 0.005544 s
currentSize : 40 <-- 0.008456 s

maxsize : 40
nodes : 2938186.000000
filtered : 44655802.000000
time : 18.537851
