Parameters: GAD=1 vflib=1 dir=1 label=1 lowerbound=1 fileNameGp=../graphsdb/mcs50/rand/r02/mcs50_r02_s50.A10 fileNameGt=../graphsdb/mcs50/rand/r02/mcs50_r02_s50.B10
Reading graphs...
50 : 489
50 : 489
Initializing...
maxdom : 9
D->valSize : 353
Solving...
Blb : 2 (clique : 6)
currentSize : 6 <-- 0.002415 s
currentSize : 8 <-- 0.002482 s
currentSize : 10 <-- 0.002531 s
currentSize : 12 <-- 0.002875 s
currentSize : 13 <-- 0.002927 s
currentSize : 25 <-- 0.003598 s

maxsize : 25
nodes : 1532.000000
filtered : 56464.000000
time : 0.011746
