Parameters: GAD=1 vflib=1 dir=1 label=1 lowerbound=1 fileNameGp=../graphsdb/mcs50/bvg/b09m/mcs50_b09m_s25.A27 fileNameGt=../graphsdb/mcs50/bvg/b09m/mcs50_b09m_s25.B27
Reading graphs...
25 : 112
25 : 112
Initializing...
maxdom : 11
D->valSize : 194
Solving...
Blb : 2 (clique : 7)
currentSize : 7 <-- 0.000899 s
currentSize : 8 <-- 0.001359 s
currentSize : 9 <-- 0.002585 s
currentSize : 10 <-- 0.003562 s
currentSize : 11 <-- 0.003622 s
currentSize : 12 <-- 0.004542 s

maxsize : 12
nodes : 1637.000000
filtered : 38287.000000
time : 0.007249
