Parameters: GAD=1 vflib=1 dir=1 label=1 lowerbound=1 fileNameGp=../graphsdb/mcs50/rand/r01/mcs50_r01_s20.A52 fileNameGt=../graphsdb/mcs50/rand/r01/mcs50_r01_s20.B52
Reading graphs...
20 : 38
20 : 38
Initializing...
maxdom : 7
D->valSize : 110
Solving...
Blb : 5 (clique : 7)
currentSize : 7 <-- 0.000727 s
currentSize : 8 <-- 0.000960 s
currentSize : 9 <-- 0.002133 s
currentSize : 10 <-- 0.003450 s
currentSize : 11 <-- 0.007345 s

maxsize : 11
nodes : 1545.000000
filtered : 15321.000000
time : 0.007781
