Parameters: GAD=1 vflib=1 dir=1 label=1 lowerbound=1 fileNameGp=../graphsdb/mcs50/rand/r01/mcs50_r01_s40.A55 fileNameGt=../graphsdb/mcs50/rand/r01/mcs50_r01_s40.B55
Reading graphs...
40 : 155
40 : 155
Initializing...
maxdom : 9
D->valSize : 228
Solving...
Blb : 2 (clique : 10)
currentSize : 10 <-- 0.001288 s
currentSize : 11 <-- 0.001371 s
currentSize : 12 <-- 0.001861 s
currentSize : 13 <-- 0.030545 s
currentSize : 14 <-- 0.032112 s
currentSize : 15 <-- 0.072284 s
currentSize : 16 <-- 0.096883 s
currentSize : 17 <-- 0.130142 s
currentSize : 20 <-- 0.152949 s

maxsize : 20
nodes : 37449.000000
filtered : 535204.000000
time : 0.162382
