Parameters: GAD=1 vflib=1 dir=1 label=1 lowerbound=1 fileNameGp=../graphsdb/mcs50/bvg/b03/mcs50_b03_s60.A05 fileNameGt=../graphsdb/mcs50/bvg/b03/mcs50_b03_s60.B05
Reading graphs...
60 : 90
60 : 90
Initializing...
maxdom : 8
D->valSize : 241
Solving...
Blb : 2 (clique : 22)
currentSize : 22 <-- 0.002242 s
currentSize : 23 <-- 0.002550 s
currentSize : 24 <-- 0.003824 s
currentSize : 25 <-- 0.005309 s
currentSize : 26 <-- 0.011372 s
currentSize : 27 <-- 1.377217 s
currentSize : 28 <-- 1.377291 s
currentSize : 29 <-- 2.432674 s
currentSize : 30 <-- 4.897983 s
currentSize : 31 <-- 4.932127 s
currentSize : 32 <-- 7.338434 s

maxsize : 32
nodes : 3259698.000000
filtered : 17667008.000000
time : 13.208916
