Parameters: GAD=1 vflib=1 dir=1 label=1 lowerbound=1 fileNameGp=../graphsdb/mcs50/bvg/b03/mcs50_b03_s60.A13 fileNameGt=../graphsdb/mcs50/bvg/b03/mcs50_b03_s60.B13
Reading graphs...
60 : 90
60 : 90
Initializing...
maxdom : 8
D->valSize : 254
Solving...
Blb : 2 (clique : 24)
currentSize : 24 <-- 0.001956 s
currentSize : 25 <-- 0.003551 s
currentSize : 26 <-- 0.005258 s
currentSize : 27 <-- 0.035524 s
currentSize : 28 <-- 0.139276 s
currentSize : 29 <-- 0.340133 s
currentSize : 30 <-- 145.422455 s
currentSize : 31 <-- 147.720627 s
currentSize : 32 <-- 173.957779 s
currentSize : 33 <-- 173.959396 s

maxsize : 33
nodes : 53087022.000000
filtered : 336980595.000000
time : 224.986404
