Parameters: GAD=1 vflib=1 dir=1 label=1 lowerbound=1 fileNameGp=../graphsdb/mcs50/rand/r005/mcs50_r005_s60.A07 fileNameGt=../graphsdb/mcs50/rand/r005/mcs50_r005_s60.B07
Reading graphs...
60 : 176
60 : 176
Initializing...
maxdom : 7
D->valSize : 264
Solving...
Blb : 5 (clique : 17)
currentSize : 17 <-- 0.002071 s
currentSize : 18 <-- 0.002319 s
currentSize : 19 <-- 0.002838 s
currentSize : 20 <-- 0.040185 s
currentSize : 21 <-- 0.244051 s
currentSize : 22 <-- 0.352234 s
currentSize : 23 <-- 0.353624 s
currentSize : 24 <-- 0.353967 s
currentSize : 25 <-- 1.723391 s
currentSize : 26 <-- 1.723470 s
currentSize : 27 <-- 1.893128 s
currentSize : 28 <-- 3.259241 s
currentSize : 30 <-- 3.548159 s

maxsize : 30
nodes : 990539.000000
filtered : 7605026.000000
time : 4.477715
