Parameters: GAD=1 vflib=1 dir=1 label=1 lowerbound=1 fileNameGp=../graphsdb/mcs50/bvg/b09m/mcs50_b09m_s70.A90 fileNameGt=../graphsdb/mcs50/bvg/b09m/mcs50_b09m_s70.B90
Reading graphs...
70 : 315
70 : 315
Initializing...
maxdom : 7
D->valSize : 334
Solving...
Blb : 2 (clique : 29)
currentSize : 29 <-- 0.003100 s
currentSize : 30 <-- 0.171343 s
currentSize : 31 <-- 0.171962 s
currentSize : 32 <-- 0.177366 s
currentSize : 33 <-- 0.177491 s
currentSize : 34 <-- 4.604052 s

maxsize : 34
nodes : 1894748.000000
filtered : 12478584.000000
time : 8.448142
