Parameters: GAD=1 vflib=1 dir=1 label=1 lowerbound=1 fileNameGp=../graphsdb/mcs50/m2D/m2Dr2/mcs50_m2Dr2_s80.A77 fileNameGt=../graphsdb/mcs50/m2D/m2Dr2/mcs50_m2Dr2_s80.B77
Reading graphs...
80 : 158
80 : 158
Initializing...
maxdom : 11
D->valSize : 466
Solving...
Blb : 2 (clique : 32)
currentSize : 32 <-- 0.004973 s
currentSize : 33 <-- 0.006265 s
currentSize : 34 <-- 0.010484 s
currentSize : 35 <-- 0.025432 s
currentSize : 36 <-- 0.387331 s
currentSize : 37 <-- 35.016788 s
currentSize : 38 <-- 35.148979 s
currentSize : 39 <-- 35.149235 s

TIMEOUT
maxsize : 39
nodes : 758918868.000000
filtered : 4306287436.000000
time : 3600.000000
