Parameters: GAD=1 vflib=1 dir=1 label=1 lowerbound=1 fileNameGp=../graphsdb/mcs50/m4D/m4Dr6/mcs50_m4Dr6_s30.A89 fileNameGt=../graphsdb/mcs50/m4D/m4Dr6/mcs50_m4Dr6_s30.B89
Reading graphs...
30 : 73
30 : 73
Initializing...
maxdom : 5
D->valSize : 112
Solving...
Blb : 2 (clique : 12)
currentSize : 12 <-- 0.000597 s
currentSize : 13 <-- 0.000763 s
currentSize : 14 <-- 0.001319 s
currentSize : 15 <-- 0.001351 s
currentSize : 16 <-- 0.001448 s
currentSize : 17 <-- 0.001481 s

maxsize : 17
nodes : 1601.000000
filtered : 9333.000000
time : 0.005184
