Parameters: GAD=1 vflib=1 dir=1 label=1 lowerbound=1 fileNameGp=../graphsdb/mcs50/rand/r02/mcs50_r02_s90.A13 fileNameGt=../graphsdb/mcs50/rand/r02/mcs50_r02_s90.B13
Reading graphs...
90 : 1601
90 : 1601
Initializing...
maxdom : 10
D->valSize : 538
Solving...
Blb : 3 (clique : 13)
currentSize : 13 <-- 0.005630 s
currentSize : 19 <-- 0.007089 s
currentSize : 22 <-- 0.020869 s
currentSize : 23 <-- 0.023075 s
currentSize : 24 <-- 0.026500 s
currentSize : 26 <-- 0.026779 s
currentSize : 45 <-- 0.026961 s

maxsize : 45
nodes : 5424.000000
filtered : 178341.000000
time : 0.046384
