Parameters: GAD=1 vflib=1 dir=1 label=1 lowerbound=1 fileNameGp=../graphsdb/mcs50/bvg/b06m/mcs50_b06m_s80.A30 fileNameGt=../graphsdb/mcs50/bvg/b06m/mcs50_b06m_s80.B30
Reading graphs...
80 : 240
80 : 240
Initializing...
maxdom : 9
D->valSize : 455
Solving...
Blb : 2 (clique : 24)
currentSize : 24 <-- 0.004517 s
currentSize : 30 <-- 0.004709 s
currentSize : 31 <-- 0.005158 s
currentSize : 34 <-- 0.017299 s
currentSize : 35 <-- 1.335624 s
currentSize : 37 <-- 10.816037 s
currentSize : 38 <-- 10.819349 s
currentSize : 39 <-- 10.819537 s
currentSize : 40 <-- 13.408000 s

maxsize : 40
nodes : 49884728.000000
filtered : 362480656.000000
time : 260.906616
