Parameters: GAD=1 vflib=1 dir=1 label=1 lowerbound=1 fileNameGp=../graphsdb/mcs50/bvg/b06m/mcs50_b06m_s40.A53 fileNameGt=../graphsdb/mcs50/bvg/b06m/mcs50_b06m_s40.B53
Reading graphs...
40 : 120
40 : 120
Initializing...
maxdom : 8
D->valSize : 211
Solving...
Blb : 3 (clique : 13)
currentSize : 13 <-- 0.001169 s
currentSize : 14 <-- 0.002149 s
currentSize : 16 <-- 0.002499 s
currentSize : 17 <-- 0.634633 s
currentSize : 20 <-- 0.634681 s

maxsize : 20
nodes : 180226.000000
filtered : 2145834.000000
time : 0.785538
