Parameters: GAD=1 vflib=1 dir=1 label=1 lowerbound=1 fileNameGp=../graphsdb/mcs50/bvg/b09m/mcs50_b09m_s25.A81 fileNameGt=../graphsdb/mcs50/bvg/b09m/mcs50_b09m_s25.B81
Reading graphs...
25 : 112
25 : 112
Initializing...
maxdom : 8
D->valSize : 166
Solving...
Blb : 2 (clique : 6)
currentSize : 6 <-- 0.000842 s
currentSize : 8 <-- 0.001192 s
currentSize : 9 <-- 0.003547 s
currentSize : 10 <-- 0.004628 s
currentSize : 12 <-- 0.005135 s

maxsize : 12
nodes : 1904.000000
filtered : 22214.000000
time : 0.006650
