Parameters: GAD=1 vflib=1 dir=1 label=1 lowerbound=1 fileNameGp=../graphsdb/mcs50/bvg/b06/mcs50_b06_s30.A46 fileNameGt=../graphsdb/mcs50/bvg/b06/mcs50_b06_s30.B46
Reading graphs...
30 : 90
30 : 90
Initializing...
maxdom : 6
D->valSize : 111
Solving...
Blb : 2 (clique : 9)
currentSize : 9 <-- 0.000588 s
currentSize : 10 <-- 0.002373 s
currentSize : 12 <-- 0.004216 s
currentSize : 13 <-- 0.004262 s
currentSize : 14 <-- 0.004332 s
currentSize : 15 <-- 0.004419 s

maxsize : 15
nodes : 1656.000000
filtered : 10149.000000
time : 0.005746
