Parameters: GAD=1 vflib=1 dir=1 label=1 lowerbound=1 fileNameGp=../graphsdb/mcs50/bvg/b06/mcs50_b06_s100.A08 fileNameGt=../graphsdb/mcs50/bvg/b06/mcs50_b06_s100.B08
Reading graphs...
100 : 300
100 : 300
Initializing...
maxdom : 6
D->valSize : 363
Solving...
Blb : 2 (clique : 33)
currentSize : 33 <-- 0.003777 s
currentSize : 35 <-- 0.004077 s
currentSize : 36 <-- 0.005411 s
currentSize : 37 <-- 0.016627 s
currentSize : 38 <-- 0.022788 s
currentSize : 39 <-- 0.549984 s
currentSize : 40 <-- 58.509960 s

TIMEOUT
maxsize : 40
nodes : 693720537.000000
filtered : 3094643528.000000
time : 3600.000000
