Parameters: GAD=1 vflib=1 dir=1 label=1 lowerbound=1 fileNameGp=../graphsdb/mcs50/m3D/m3Dr4/mcs50_m3Dr4_s60.A41 fileNameGt=../graphsdb/mcs50/m3D/m3Dr4/mcs50_m3Dr4_s60.B41
Reading graphs...
60 : 158
60 : 155
Initializing...
maxdom : 7
D->valSize : 241
Solving...
Blb : 3 (clique : 18)
currentSize : 18 <-- 0.001914 s
currentSize : 19 <-- 0.003915 s
currentSize : 20 <-- 0.009184 s
currentSize : 21 <-- 0.367850 s
currentSize : 22 <-- 0.598566 s
currentSize : 23 <-- 0.598610 s
currentSize : 24 <-- 0.599584 s
currentSize : 25 <-- 0.718968 s
currentSize : 26 <-- 4.225326 s
currentSize : 27 <-- 8.813603 s
currentSize : 28 <-- 8.921008 s
currentSize : 29 <-- 12.295342 s

maxsize : 29
nodes : 3225888.000000
filtered : 25382373.000000
time : 14.405724
