Parameters: GAD=1 vflib=1 dir=1 label=1 lowerbound=1 fileNameGp=../graphsdb/mcs50/rand/r01/mcs50_r01_s40.A83 fileNameGt=../graphsdb/mcs50/rand/r01/mcs50_r01_s40.B83
Reading graphs...
40 : 155
40 : 155
Initializing...
maxdom : 7
D->valSize : 199
Solving...
Blb : 2 (clique : 9)
currentSize : 9 <-- 0.001164 s
currentSize : 10 <-- 0.001429 s
currentSize : 11 <-- 0.002853 s
currentSize : 12 <-- 0.034280 s
currentSize : 13 <-- 0.034414 s
currentSize : 15 <-- 0.042532 s
currentSize : 20 <-- 0.055554 s

maxsize : 20
nodes : 17520.000000
filtered : 162806.000000
time : 0.066593
