Parameters: GAD=1 vflib=1 dir=1 label=1 lowerbound=1 fileNameGp=../graphsdb/mcs50/m2D/m2Dr2/mcs50_m2Dr2_s70.A50 fileNameGt=../graphsdb/mcs50/m2D/m2Dr2/mcs50_m2Dr2_s70.B50
Reading graphs...
70 : 137
70 : 137
Initializing...
maxdom : 9
D->valSize : 327
Solving...
Blb : 2 (clique : 33)
currentSize : 33 <-- 0.002871 s
currentSize : 34 <-- 0.003099 s
currentSize : 35 <-- 732.471497 s
currentSize : 36 <-- 838.686523 s
currentSize : 37 <-- 838.687805 s
currentSize : 38 <-- 838.711426 s
currentSize : 39 <-- 839.445251 s

maxsize : 39
nodes : 207026274.000000
filtered : 1515144421.000000
time : 989.317017
