Parameters: GAD=1 vflib=1 dir=1 label=1 lowerbound=1 fileNameGp=../graphsdb/mcs50/m2D/m2D/mcs50_m2D_s100.A74 fileNameGt=../graphsdb/mcs50/m2D/m2D/mcs50_m2D_s100.B74
Reading graphs...
100 : 180
100 : 180
Initializing...
maxdom : 9
D->valSize : 363
Solving...
Blb : 2 (clique : 40)
currentSize : 40 <-- 0.004043 s
currentSize : 41 <-- 0.004530 s
currentSize : 42 <-- 0.005880 s
currentSize : 43 <-- 0.112382 s
currentSize : 44 <-- 0.352483 s
currentSize : 45 <-- 5.956059 s
currentSize : 46 <-- 2238.698730 s
currentSize : 47 <-- 2244.159668 s

TIMEOUT
maxsize : 47
nodes : 736751967.000000
filtered : 2707735109.000000
time : 3600.000000
