Parameters: GAD=1 vflib=1 dir=1 label=1 lowerbound=1 fileNameGp=../graphsdb/mcs50/bvg/b03m/mcs50_b03m_s80.A59 fileNameGt=../graphsdb/mcs50/bvg/b03m/mcs50_b03m_s80.B59
Reading graphs...
80 : 120
80 : 120
Initializing...
maxdom : 8
D->valSize : 453
Solving...
Blb : 2 (clique : 35)
currentSize : 35 <-- 0.008440 s
currentSize : 36 <-- 0.008957 s
currentSize : 37 <-- 0.009928 s
currentSize : 38 <-- 0.013519 s
currentSize : 39 <-- 0.024516 s
currentSize : 40 <-- 0.090312 s
currentSize : 41 <-- 22.894928 s
currentSize : 42 <-- 22.924440 s
currentSize : 43 <-- 1909.097046 s
currentSize : 44 <-- 1909.119263 s
currentSize : 45 <-- 1918.548462 s

TIMEOUT
maxsize : 45
nodes : 627499363.000000
filtered : 5888712663.000000
time : 3600.000000
