Parameters: GAD=1 vflib=1 dir=1 label=1 lowerbound=1 fileNameGp=../graphsdb/mcs50/m2D/m2Dr4/mcs50_m2Dr4_s60.A03 fileNameGt=../graphsdb/mcs50/m2D/m2Dr4/mcs50_m2Dr4_s60.B03
Reading graphs...
60 : 128
60 : 127
Initializing...
maxdom : 9
D->valSize : 256
Solving...
Blb : 2 (clique : 18)
currentSize : 18 <-- 0.001946 s
currentSize : 19 <-- 0.002073 s
currentSize : 20 <-- 0.002113 s
currentSize : 21 <-- 0.004247 s
currentSize : 22 <-- 0.004308 s
currentSize : 23 <-- 0.018600 s
currentSize : 24 <-- 0.254301 s
currentSize : 25 <-- 0.254529 s
currentSize : 26 <-- 0.322810 s
currentSize : 27 <-- 11.517586 s
currentSize : 28 <-- 28.302233 s

maxsize : 28
nodes : 6449666.000000
filtered : 56832377.000000
time : 29.342152
