Parameters: GAD=1 vflib=1 dir=1 label=1 lowerbound=1 fileNameGp=../graphsdb/mcs50/bvg/b09/mcs50_b09_s60.A30 fileNameGt=../graphsdb/mcs50/bvg/b09/mcs50_b09_s60.B30
Reading graphs...
60 : 270
60 : 270
Initializing...
maxdom : 7
D->valSize : 255
Solving...
Blb : 2 (clique : 14)
currentSize : 14 <-- 0.002719 s
currentSize : 16 <-- 0.003066 s
currentSize : 17 <-- 0.003452 s
currentSize : 18 <-- 0.003611 s
currentSize : 19 <-- 0.009558 s
currentSize : 20 <-- 0.046787 s
currentSize : 21 <-- 0.099933 s
currentSize : 22 <-- 0.513352 s
currentSize : 26 <-- 0.513405 s
currentSize : 30 <-- 0.563963 s

maxsize : 30
nodes : 214308.000000
filtered : 1644774.000000
time : 0.936086
