Parameters: GAD=1 vflib=1 dir=1 label=1 lowerbound=1 fileNameGp=../graphsdb/mcs50/bvg/b09/mcs50_b09_s30.A07 fileNameGt=../graphsdb/mcs50/bvg/b09/mcs50_b09_s30.B07
Reading graphs...
30 : 135
30 : 135
Initializing...
maxdom : 6
D->valSize : 128
Solving...
Blb : 2 (clique : 7)
currentSize : 7 <-- 0.000764 s
currentSize : 8 <-- 0.000991 s
currentSize : 9 <-- 0.001030 s
currentSize : 10 <-- 0.001433 s
currentSize : 11 <-- 0.001819 s
currentSize : 12 <-- 0.002836 s
currentSize : 13 <-- 0.003327 s
currentSize : 14 <-- 0.006070 s

maxsize : 14
nodes : 1529.000000
filtered : 24556.000000
time : 0.006647
