Parameters: GAD=1 vflib=1 dir=1 label=1 lowerbound=1 fileNameGp=../graphsdb/mcs50/bvg/b09m/mcs50_b09m_s70.A39 fileNameGt=../graphsdb/mcs50/bvg/b09m/mcs50_b09m_s70.B39
Reading graphs...
70 : 315
70 : 315
Initializing...
maxdom : 10
D->valSize : 368
Solving...
Blb : 3 (clique : 27)
currentSize : 27 <-- 0.003203 s
currentSize : 28 <-- 0.079957 s
currentSize : 29 <-- 0.080085 s
currentSize : 30 <-- 0.080268 s
currentSize : 31 <-- 0.080404 s
currentSize : 32 <-- 0.080635 s
currentSize : 34 <-- 0.081400 s

maxsize : 34
nodes : 486920.000000
filtered : 4111778.000000
time : 2.324404
