Parameters: GAD=1 vflib=1 dir=1 label=1 lowerbound=1 fileNameGp=../graphsdb/mcs50/m2D/m2Dr6/mcs50_m2Dr6_s40.A75 fileNameGt=../graphsdb/mcs50/m2D/m2Dr6/mcs50_m2Dr6_s40.B75
Reading graphs...
40 : 91
40 : 89
Initializing...
maxdom : 11
D->valSize : 217
Solving...
Blb : 2 (clique : 14)
currentSize : 14 <-- 0.001218 s
currentSize : 15 <-- 0.002959 s
currentSize : 16 <-- 0.037123 s
currentSize : 17 <-- 0.045810 s
currentSize : 18 <-- 0.063572 s

maxsize : 18
nodes : 211131.000000
filtered : 2072347.000000
time : 0.982792
