Parameters: GAD=1 vflib=1 dir=1 label=1 lowerbound=1 fileNameGp=../graphsdb/mcs50/rand/r02/mcs50_r02_s70.A74 fileNameGt=../graphsdb/mcs50/rand/r02/mcs50_r02_s70.B74
Reading graphs...
70 : 965
70 : 965
Initializing...
maxdom : 7
D->valSize : 329
Solving...
Blb : 2 (clique : 8)
currentSize : 8 <-- 0.002846 s
currentSize : 9 <-- 0.003084 s
currentSize : 10 <-- 0.004196 s
currentSize : 15 <-- 0.009149 s
currentSize : 18 <-- 0.019603 s
currentSize : 25 <-- 0.020488 s
currentSize : 35 <-- 0.020603 s

maxsize : 35
nodes : 4851.000000
filtered : 96099.000000
time : 0.030232
