Parameters: GAD=1 vflib=1 dir=1 label=1 lowerbound=1 fileNameGp=../graphsdb/mcs50/m2D/m2Dr2/mcs50_m2Dr2_s80.A39 fileNameGt=../graphsdb/mcs50/m2D/m2Dr2/mcs50_m2Dr2_s80.B39
Reading graphs...
80 : 158
80 : 158
Initializing...
maxdom : 9
D->valSize : 404
Solving...
Blb : 2 (clique : 36)
currentSize : 36 <-- 0.006404 s
currentSize : 37 <-- 0.006896 s
currentSize : 38 <-- 0.008749 s
currentSize : 39 <-- 0.015180 s
currentSize : 40 <-- 1.022477 s
currentSize : 41 <-- 5.610227 s

TIMEOUT
maxsize : 41
nodes : 677988455.000000
filtered : 5350185901.000000
time : 3600.000000
