Parameters: GAD=1 vflib=1 dir=1 label=1 lowerbound=1 fileNameGp=../graphsdb/mcs50/bvg/b06/mcs50_b06_s40.A19 fileNameGt=../graphsdb/mcs50/bvg/b06/mcs50_b06_s40.B19
Reading graphs...
40 : 120
40 : 120
Initializing...
maxdom : 7
D->valSize : 199
Solving...
Blb : 3 (clique : 14)
currentSize : 14 <-- 0.001101 s
currentSize : 15 <-- 0.001174 s
currentSize : 16 <-- 0.001715 s
currentSize : 18 <-- 0.002112 s
currentSize : 19 <-- 0.081992 s
currentSize : 20 <-- 0.185995 s

maxsize : 20
nodes : 90171.000000
filtered : 845128.000000
time : 0.346666
