Parameters: GAD=1 vflib=1 dir=1 label=1 lowerbound=1 fileNameGp=../graphsdb/mcs50/m4D/m4Dr4/mcs50_m4Dr4_s40.A33 fileNameGt=../graphsdb/mcs50/m4D/m4Dr4/mcs50_m4Dr4_s40.B33
Reading graphs...
40 : 87
40 : 87
Initializing...
maxdom : 8
D->valSize : 218
Solving...
Blb : 3 (clique : 15)
currentSize : 15 <-- 0.001321 s
currentSize : 16 <-- 0.014227 s
currentSize : 17 <-- 0.023237 s
currentSize : 18 <-- 0.088894 s
currentSize : 19 <-- 1.366044 s

maxsize : 19
nodes : 685587.000000
filtered : 7903157.000000
time : 2.782923
