Parameters: GAD=1 vflib=1 dir=1 label=1 lowerbound=1 fileNameGp=../graphsdb/mcs50/m4D/m4Dr2/mcs50_m4Dr2_s40.A72 fileNameGt=../graphsdb/mcs50/m4D/m4Dr2/mcs50_m4Dr2_s40.B72
Reading graphs...
40 : 79
40 : 79
Initializing...
maxdom : 8
D->valSize : 218
Solving...
Blb : 3 (clique : 15)
currentSize : 15 <-- 0.001390 s
currentSize : 16 <-- 0.005596 s
currentSize : 17 <-- 0.007109 s
currentSize : 18 <-- 0.008038 s
currentSize : 19 <-- 1.090152 s
currentSize : 20 <-- 1.697111 s

maxsize : 20
nodes : 592300.000000
filtered : 7280776.000000
time : 2.493176
