Parameters: GAD=1 vflib=1 dir=1 label=1 lowerbound=1 fileNameGp=../graphsdb/mcs50/bvg/b03/mcs50_b03_s35.A03 fileNameGt=../graphsdb/mcs50/bvg/b03/mcs50_b03_s35.B03
Reading graphs...
35 : 52
35 : 52
Initializing...
maxdom : 8
D->valSize : 181
Solving...
Blb : 2 (clique : 15)
currentSize : 15 <-- 0.001010 s
currentSize : 16 <-- 0.002398 s
currentSize : 17 <-- 0.003680 s
currentSize : 19 <-- 0.123846 s
currentSize : 20 <-- 0.141490 s

maxsize : 20
nodes : 41568.000000
filtered : 363554.000000
time : 0.150109
