Parameters: GAD=1 vflib=1 dir=1 label=1 lowerbound=1 fileNameGp=../graphsdb/mcs50/bvg/b09m/mcs50_b09m_s70.A61 fileNameGt=../graphsdb/mcs50/bvg/b09m/mcs50_b09m_s70.B61
Reading graphs...
70 : 315
70 : 315
Initializing...
maxdom : 8
D->valSize : 332
Solving...
Blb : 3 (clique : 19)
currentSize : 19 <-- 0.003007 s
currentSize : 20 <-- 0.143979 s
currentSize : 21 <-- 0.151527 s
currentSize : 22 <-- 0.169233 s
currentSize : 23 <-- 0.178306 s
currentSize : 24 <-- 0.178393 s
currentSize : 29 <-- 0.291446 s
currentSize : 31 <-- 0.394466 s
currentSize : 32 <-- 0.564903 s
currentSize : 33 <-- 1.546091 s
currentSize : 34 <-- 2.970313 s

maxsize : 34
nodes : 778060.000000
filtered : 7492939.000000
time : 3.967164
