Parameters: GAD=1 vflib=1 dir=1 label=1 lowerbound=1 fileNameGp=../graphsdb/mcs50/m2D/m2D/mcs50_m2D_s100.A77 fileNameGt=../graphsdb/mcs50/m2D/m2D/mcs50_m2D_s100.B77
Reading graphs...
100 : 180
100 : 180
Initializing...
maxdom : 7
D->valSize : 329
Solving...
Blb : 2 (clique : 39)
currentSize : 39 <-- 0.003459 s
currentSize : 40 <-- 0.003883 s
currentSize : 41 <-- 0.016211 s
currentSize : 42 <-- 0.023273 s
currentSize : 43 <-- 0.044615 s
currentSize : 44 <-- 0.080044 s
currentSize : 45 <-- 267.542572 s

TIMEOUT
maxsize : 45
nodes : 685875791.000000
filtered : 3266270913.000000
time : 3600.000000
