Parameters: GAD=1 vflib=1 dir=1 label=1 lowerbound=1 fileNameGp=../graphsdb/mcs50/bvg/b03m/mcs50_b03m_s50.A95 fileNameGt=../graphsdb/mcs50/bvg/b03m/mcs50_b03m_s50.B95
Reading graphs...
50 : 75
50 : 75
Initializing...
maxdom : 9
D->valSize : 305
Solving...
Blb : 5 (clique : 20)
currentSize : 20 <-- 0.002141 s
currentSize : 22 <-- 0.002253 s
currentSize : 23 <-- 0.002403 s
currentSize : 24 <-- 0.002496 s
currentSize : 25 <-- 0.002590 s
currentSize : 26 <-- 322.872467 s
currentSize : 27 <-- 378.284821 s
currentSize : 28 <-- 380.415222 s

maxsize : 28
nodes : 165192433.000000
filtered : 1706510404.000000
time : 676.893860
