Parameters: GAD=1 vflib=1 dir=1 label=1 lowerbound=1 fileNameGp=../graphsdb/mcs50/m2D/m2Dr2/mcs50_m2Dr2_s40.A14 fileNameGt=../graphsdb/mcs50/m2D/m2Dr2/mcs50_m2Dr2_s40.B14
Reading graphs...
40 : 75
40 : 75
Initializing...
maxdom : 10
D->valSize : 215
Solving...
Blb : 2 (clique : 15)
currentSize : 15 <-- 0.001951 s
currentSize : 16 <-- 0.002110 s
currentSize : 17 <-- 0.128957 s
currentSize : 18 <-- 0.726602 s
currentSize : 19 <-- 0.733083 s
currentSize : 20 <-- 0.801573 s

maxsize : 20
nodes : 243580.000000
filtered : 2460792.000000
time : 1.009528
