Parameters: GAD=1 vflib=1 dir=1 label=1 lowerbound=1 fileNameGp=../graphsdb/mcs50/bvg/b03/mcs50_b03_s50.A52 fileNameGt=../graphsdb/mcs50/bvg/b03/mcs50_b03_s50.B52
Reading graphs...
50 : 75
50 : 75
Initializing...
maxdom : 8
D->valSize : 324
Solving...
Blb : 2 (clique : 20)
currentSize : 20 <-- 0.004026 s
currentSize : 24 <-- 0.004232 s
currentSize : 25 <-- 1.632404 s
currentSize : 26 <-- 2.767897 s
currentSize : 27 <-- 64.760735 s

maxsize : 27
nodes : 234119180.000000
filtered : 2655258857.000000
time : 1067.406616
