Parameters: GAD=1 vflib=1 dir=1 label=1 lowerbound=1 fileNameGp=../graphsdb/mcs50/bvg/b09/mcs50_b09_s100.A50 fileNameGt=../graphsdb/mcs50/bvg/b09/mcs50_b09_s100.B50
Reading graphs...
100 : 450
100 : 450
Initializing...
maxdom : 7
D->valSize : 414
Solving...
Blb : 2 (clique : 31)
currentSize : 31 <-- 0.007087 s
currentSize : 32 <-- 0.402548 s
currentSize : 35 <-- 0.436265 s
currentSize : 37 <-- 0.437431 s
currentSize : 38 <-- 0.465685 s
currentSize : 39 <-- 0.945213 s
currentSize : 40 <-- 2.893279 s
currentSize : 43 <-- 7.786200 s
currentSize : 45 <-- 7.786395 s
currentSize : 46 <-- 7.799045 s
currentSize : 47 <-- 7.809131 s
currentSize : 48 <-- 10.374088 s
currentSize : 49 <-- 629.020264 s
currentSize : 50 <-- 629.897949 s

maxsize : 50
nodes : 247901454.000000
filtered : 1125236722.000000
time : 1302.750854
