Parameters: GAD=1 vflib=1 dir=1 label=1 lowerbound=1 fileNameGp=../graphsdb/mcs50/rand/r02/mcs50_r02_s80.A59 fileNameGt=../graphsdb/mcs50/rand/r02/mcs50_r02_s80.B59
Reading graphs...
80 : 1263
80 : 1263
Initializing...
maxdom : 8
D->valSize : 429
Solving...
Blb : 2 (clique : 7)
currentSize : 7 <-- 0.003734 s
currentSize : 13 <-- 0.004030 s
currentSize : 14 <-- 0.005619 s
currentSize : 19 <-- 0.005700 s
currentSize : 26 <-- 0.009312 s
currentSize : 40 <-- 0.016608 s

maxsize : 40
nodes : 4830.000000
filtered : 121079.000000
time : 0.035979
