Parameters: GAD=1 vflib=1 dir=1 label=1 lowerbound=1 fileNameGp=../graphsdb/mcs50/bvg/b09/mcs50_b09_s80.A48 fileNameGt=../graphsdb/mcs50/bvg/b09/mcs50_b09_s80.B48
Reading graphs...
80 : 360
80 : 360
Initializing...
maxdom : 9
D->valSize : 455
Solving...
Blb : 2 (clique : 20)
currentSize : 20 <-- 0.007092 s
currentSize : 21 <-- 0.007440 s
currentSize : 22 <-- 0.007637 s
currentSize : 23 <-- 0.007723 s
currentSize : 25 <-- 0.027043 s
currentSize : 27 <-- 0.034667 s
currentSize : 28 <-- 0.066477 s
currentSize : 30 <-- 0.216459 s
currentSize : 32 <-- 0.219125 s
currentSize : 34 <-- 0.272996 s
currentSize : 35 <-- 0.273918 s
currentSize : 36 <-- 1.012758 s
currentSize : 37 <-- 1.012804 s
currentSize : 38 <-- 21.445293 s
currentSize : 39 <-- 21.445766 s
currentSize : 40 <-- 21.445816 s

maxsize : 40
nodes : 20349471.000000
filtered : 151360510.000000
time : 103.670555
