Parameters: GAD=1 vflib=1 dir=1 label=1 lowerbound=1 fileNameGp=../graphsdb/mcs50/bvg/b09/mcs50_b09_s80.A03 fileNameGt=../graphsdb/mcs50/bvg/b09/mcs50_b09_s80.B03
Reading graphs...
80 : 360
80 : 360
Initializing...
maxdom : 9
D->valSize : 433
Solving...
Blb : 2 (clique : 25)
currentSize : 25 <-- 0.006918 s
currentSize : 28 <-- 0.007268 s
currentSize : 29 <-- 0.012574 s
currentSize : 30 <-- 0.013114 s
currentSize : 31 <-- 0.036363 s
currentSize : 32 <-- 0.036955 s
currentSize : 33 <-- 0.037044 s
currentSize : 34 <-- 0.039372 s
currentSize : 35 <-- 0.039835 s
currentSize : 36 <-- 0.042238 s
currentSize : 37 <-- 0.042471 s
currentSize : 39 <-- 0.059266 s
currentSize : 40 <-- 0.077111 s

maxsize : 40
nodes : 20954408.000000
filtered : 103550994.000000
time : 95.854301
