Parameters: GAD=1 vflib=1 dir=1 label=1 lowerbound=1 fileNameGp=../graphsdb/mcs50/m2D/m2Dr4/mcs50_m2Dr4_s70.A67 fileNameGt=../graphsdb/mcs50/m2D/m2Dr4/mcs50_m2Dr4_s70.B67
Reading graphs...
70 : 151
70 : 148
Initializing...
maxdom : 8
D->valSize : 367
Solving...
Blb : 2 (clique : 24)
currentSize : 24 <-- 0.003327 s
currentSize : 31 <-- 0.003512 s
currentSize : 32 <-- 0.003552 s
currentSize : 33 <-- 4.793997 s
currentSize : 35 <-- 106.684525 s
currentSize : 36 <-- 106.686012 s
currentSize : 37 <-- 108.612961 s
currentSize : 38 <-- 212.000046 s

maxsize : 38
nodes : 91201536.000000
filtered : 551089412.000000
time : 410.074524
