Parameters: GAD=1 vflib=1 dir=1 label=1 lowerbound=1 fileNameGp=../graphsdb/mcs50/m4D/m4Dr6/mcs50_m4Dr6_s40.A22 fileNameGt=../graphsdb/mcs50/m4D/m4Dr6/mcs50_m4Dr6_s40.B22
Reading graphs...
40 : 95
40 : 95
Initializing...
maxdom : 9
D->valSize : 217
Solving...
Blb : 3 (clique : 15)
currentSize : 15 <-- 0.001230 s
currentSize : 16 <-- 0.007842 s
currentSize : 17 <-- 0.030846 s
currentSize : 18 <-- 0.046855 s
currentSize : 19 <-- 0.069728 s

maxsize : 19
nodes : 58719.000000
filtered : 705474.000000
time : 0.253263
