Parameters: GAD=1 vflib=1 dir=1 label=1 lowerbound=1 fileNameGp=../graphsdb/mcs50/bvg/b06/mcs50_b06_s60.A24 fileNameGt=../graphsdb/mcs50/bvg/b06/mcs50_b06_s60.B24
Reading graphs...
60 : 180
60 : 180
Initializing...
maxdom : 7
D->valSize : 239
Solving...
Blb : 3 (clique : 27)
currentSize : 27 <-- 0.001661 s
currentSize : 28 <-- 2.873243 s
currentSize : 29 <-- 3.715145 s
currentSize : 30 <-- 4.925762 s
currentSize : 31 <-- 5.892464 s

maxsize : 31
nodes : 2647261.000000
filtered : 12554136.000000
time : 10.283550
