Parameters: GAD=1 vflib=1 dir=1 label=1 lowerbound=1 fileNameGp=../graphsdb/mcs50/bvg/b03/mcs50_b03_s100.A55 fileNameGt=../graphsdb/mcs50/bvg/b03/mcs50_b03_s100.B55
Reading graphs...
100 : 150
100 : 150
Initializing...
maxdom : 6
D->valSize : 370
Solving...
Blb : 2 (clique : 40)
currentSize : 40 <-- 0.004077 s
currentSize : 41 <-- 0.004746 s
currentSize : 42 <-- 0.006047 s
currentSize : 43 <-- 0.015576 s
currentSize : 44 <-- 0.026804 s
currentSize : 45 <-- 0.074685 s
currentSize : 46 <-- 1.745365 s
currentSize : 47 <-- 3.070679 s
currentSize : 48 <-- 6.547235 s
currentSize : 49 <-- 11.494801 s
currentSize : 50 <-- 12.381822 s
currentSize : 51 <-- 28.617489 s
currentSize : 52 <-- 329.901306 s
currentSize : 53 <-- 351.888855 s

TIMEOUT
maxsize : 53
nodes : 684990932.000000
filtered : 2785878557.000000
time : 3600.000000
