Parameters: GAD=1 vflib=1 dir=1 label=1 lowerbound=1 fileNameGp=../graphsdb/mcs50/bvg/b06m/mcs50_b06m_s50.A82 fileNameGt=../graphsdb/mcs50/bvg/b06m/mcs50_b06m_s50.B82
Reading graphs...
50 : 150
50 : 150
Initializing...
maxdom : 10
D->valSize : 321
Solving...
Blb : 3 (clique : 21)
currentSize : 21 <-- 0.003607 s
currentSize : 22 <-- 24.363844 s
currentSize : 23 <-- 25.212692 s
currentSize : 24 <-- 32.225922 s
currentSize : 25 <-- 32.226017 s

maxsize : 25
nodes : 7012954.000000
filtered : 108989656.000000
time : 34.358471
