Parameters: GAD=1 vflib=1 dir=1 label=1 lowerbound=1 fileNameGp=../graphsdb/mcs50/bvg/b03/mcs50_b03_s70.A70 fileNameGt=../graphsdb/mcs50/bvg/b03/mcs50_b03_s70.B70
Reading graphs...
70 : 105
70 : 105
Initializing...
maxdom : 10
D->valSize : 339
Solving...
Blb : 2 (clique : 30)
currentSize : 30 <-- 0.003006 s
currentSize : 31 <-- 0.003249 s
currentSize : 32 <-- 0.003924 s
currentSize : 33 <-- 0.008922 s
currentSize : 34 <-- 0.175361 s
currentSize : 35 <-- 5.028853 s
currentSize : 36 <-- 20.799864 s
currentSize : 37 <-- 20.883251 s

maxsize : 37
nodes : 68130086.000000
filtered : 556104244.000000
time : 343.976593
