Parameters: GAD=1 vflib=1 dir=1 label=1 lowerbound=1 fileNameGp=../graphsdb/mcs50/bvg/b03m/mcs50_b03m_s70.A14 fileNameGt=../graphsdb/mcs50/bvg/b03m/mcs50_b03m_s70.B14
Reading graphs...
70 : 105
70 : 105
Initializing...
maxdom : 7
D->valSize : 315
Solving...
Blb : 2 (clique : 33)
currentSize : 33 <-- 0.002749 s
currentSize : 34 <-- 0.035621 s
currentSize : 35 <-- 1.570554 s
currentSize : 36 <-- 4.782958 s
currentSize : 37 <-- 19.094097 s
currentSize : 38 <-- 19.348040 s
currentSize : 39 <-- 30.540913 s

maxsize : 39
nodes : 61784949.000000
filtered : 368910391.000000
time : 289.304138
