Parameters: GAD=1 vflib=1 dir=1 label=1 lowerbound=1 fileNameGp=../graphsdb/mcs50/bvg/b06/mcs50_b06_s100.A46 fileNameGt=../graphsdb/mcs50/bvg/b06/mcs50_b06_s100.B46
Reading graphs...
100 : 300
100 : 300
Initializing...
maxdom : 10
D->valSize : 420
Solving...
Blb : 3 (clique : 30)
currentSize : 30 <-- 0.004386 s
currentSize : 31 <-- 2.491181 s
currentSize : 32 <-- 2.491533 s
currentSize : 33 <-- 12.759872 s
currentSize : 34 <-- 25.201324 s
currentSize : 35 <-- 27.548113 s
currentSize : 36 <-- 32.319942 s
currentSize : 37 <-- 32.320480 s
currentSize : 38 <-- 62.775288 s
currentSize : 39 <-- 82.695786 s
currentSize : 40 <-- 82.916687 s
currentSize : 41 <-- 182.172699 s
currentSize : 42 <-- 350.966309 s

TIMEOUT
maxsize : 42
nodes : 664739960.000000
filtered : 4139889734.000000
time : 3600.000000
