Parameters: GAD=1 vflib=1 dir=1 label=1 lowerbound=1 fileNameGp=../graphsdb/mcs50/bvg/b03/mcs50_b03_s70.A51 fileNameGt=../graphsdb/mcs50/bvg/b03/mcs50_b03_s70.B51
Reading graphs...
70 : 105
70 : 105
Initializing...
maxdom : 6
D->valSize : 326
Solving...
Blb : 2 (clique : 31)
currentSize : 31 <-- 0.002975 s
currentSize : 36 <-- 0.003178 s
currentSize : 37 <-- 0.003266 s
currentSize : 38 <-- 0.003471 s
currentSize : 39 <-- 0.105209 s
currentSize : 40 <-- 3261.718506 s

TIMEOUT
maxsize : 40
nodes : 720220130.000000
filtered : 6038836897.000000
time : 3600.000000
