Parameters: GAD=1 vflib=1 dir=1 label=1 lowerbound=1 fileNameGp=../graphsdb/mcs50/rand/r005/mcs50_r005_s60.A78 fileNameGt=../graphsdb/mcs50/rand/r005/mcs50_r005_s60.B78
Reading graphs...
60 : 176
60 : 176
Initializing...
maxdom : 7
D->valSize : 237
Solving...
Blb : 2 (clique : 20)
currentSize : 20 <-- 0.002665 s
currentSize : 21 <-- 0.002895 s
currentSize : 22 <-- 0.006150 s
currentSize : 23 <-- 0.006321 s
currentSize : 24 <-- 0.196884 s
currentSize : 25 <-- 0.376473 s
currentSize : 26 <-- 0.376607 s
currentSize : 27 <-- 0.537250 s
currentSize : 28 <-- 0.542352 s
currentSize : 30 <-- 0.606126 s

maxsize : 30
nodes : 254128.000000
filtered : 1713432.000000
time : 1.251786
