Parameters: GAD=1 vflib=1 dir=1 label=1 lowerbound=1 fileNameGp=../graphsdb/mcs50/m2D/m2Dr6/mcs50_m2Dr6_s90.A21 fileNameGt=../graphsdb/mcs50/m2D/m2Dr6/mcs50_m2Dr6_s90.B21
Reading graphs...
90 : 215
90 : 213
Initializing...
maxdom : 9
D->valSize : 538
Solving...
Blb : 2 (clique : 43)
currentSize : 43 <-- 0.006355 s
currentSize : 44 <-- 0.029413 s
currentSize : 45 <-- 1.285615 s
currentSize : 46 <-- 1.286765 s
currentSize : 47 <-- 33.849667 s
currentSize : 48 <-- 33.869297 s
currentSize : 49 <-- 35.126888 s

TIMEOUT
maxsize : 49
nodes : 734517675.000000
filtered : 3174859956.000000
time : 3600.000000
