Parameters: GAD=1 vflib=1 dir=1 label=1 lowerbound=1 fileNameGp=../graphsdb/mcs50/bvg/b06/mcs50_b06_s70.A37 fileNameGt=../graphsdb/mcs50/bvg/b06/mcs50_b06_s70.B37
Reading graphs...
70 : 210
70 : 210
Initializing...
maxdom : 7
D->valSize : 325
Solving...
Blb : 3 (clique : 25)
currentSize : 25 <-- 0.002745 s
currentSize : 26 <-- 9.526429 s
currentSize : 27 <-- 27.439983 s
currentSize : 28 <-- 38.038288 s
currentSize : 29 <-- 63.480927 s
currentSize : 30 <-- 69.539566 s
currentSize : 35 <-- 73.586761 s
currentSize : 36 <-- 73.587311 s
currentSize : 37 <-- 91.405067 s

maxsize : 37
nodes : 20959677.000000
filtered : 173521745.000000
time : 99.911957
