Parameters: GAD=1 vflib=1 dir=1 label=1 lowerbound=1 fileNameGp=../graphsdb/mcs50/m3D/m3Dr6/mcs50_m3Dr6_s50.A16 fileNameGt=../graphsdb/mcs50/m3D/m3Dr6/mcs50_m3Dr6_s50.B16
Reading graphs...
50 : 139
50 : 136
Initializing...
maxdom : 7
D->valSize : 317
Solving...
Blb : 5 (clique : 15)
currentSize : 15 <-- 0.003565 s
currentSize : 16 <-- 0.004582 s
currentSize : 17 <-- 0.016492 s
currentSize : 18 <-- 0.031564 s
currentSize : 19 <-- 0.892271 s
currentSize : 20 <-- 3.958964 s
currentSize : 21 <-- 4.076885 s
currentSize : 22 <-- 4.076948 s
currentSize : 25 <-- 4.077216 s
currentSize : 27 <-- 4.077562 s

maxsize : 27
nodes : 982195.000000
filtered : 11978680.000000
time : 4.319448
