Parameters: GAD=1 vflib=1 dir=1 label=1 lowerbound=1 fileNameGp=../graphsdb/mcs50/bvg/b09/mcs50_b09_s100.A45 fileNameGt=../graphsdb/mcs50/bvg/b09/mcs50_b09_s100.B45
Reading graphs...
100 : 450
100 : 450
Initializing...
maxdom : 7
D->valSize : 381
Solving...
Blb : 3 (clique : 27)
currentSize : 27 <-- 0.003885 s
currentSize : 28 <-- 7.611719 s
currentSize : 29 <-- 148.028992 s
currentSize : 30 <-- 149.170364 s
currentSize : 31 <-- 149.283859 s
currentSize : 32 <-- 253.006699 s
currentSize : 34 <-- 253.008011 s
currentSize : 35 <-- 253.012115 s
currentSize : 36 <-- 253.012375 s
currentSize : 37 <-- 253.054367 s
currentSize : 38 <-- 256.459198 s
currentSize : 39 <-- 256.459442 s
currentSize : 40 <-- 256.460175 s
currentSize : 41 <-- 257.678497 s
currentSize : 42 <-- 257.678772 s
currentSize : 43 <-- 257.679443 s
currentSize : 44 <-- 378.109497 s
currentSize : 45 <-- 378.109985 s
currentSize : 46 <-- 378.111816 s
currentSize : 48 <-- 379.055756 s
currentSize : 49 <-- 379.056274 s
currentSize : 50 <-- 379.058563 s

maxsize : 50
nodes : 140456135.000000
filtered : 787305428.000000
time : 751.698669
