Parameters: GAD=1 vflib=1 dir=1 label=1 lowerbound=1 fileNameGp=../graphsdb/mcs50/m3D/m3D/mcs50_m3D_s50.A80 fileNameGt=../graphsdb/mcs50/m3D/m3D/mcs50_m3D_s50.B80
Reading graphs...
50 : 109
50 : 109
Initializing...
maxdom : 8
D->valSize : 319
Solving...
Blb : 5 (clique : 19)
currentSize : 19 <-- 0.003737 s
currentSize : 20 <-- 0.020333 s
currentSize : 21 <-- 0.054166 s
currentSize : 22 <-- 0.061222 s
currentSize : 23 <-- 0.119181 s
currentSize : 24 <-- 0.169217 s
currentSize : 25 <-- 0.225585 s
currentSize : 26 <-- 0.305593 s
currentSize : 27 <-- 0.492588 s
currentSize : 29 <-- 0.492924 s
currentSize : 30 <-- 1.047703 s

maxsize : 30
nodes : 424707.000000
filtered : 4049191.000000
time : 1.820149
