Parameters: GAD=1 vflib=1 dir=1 label=1 lowerbound=1 fileNameGp=../graphsdb/mcs50/m4D/m4D/mcs50_m4D_s35.A70 fileNameGt=../graphsdb/mcs50/m4D/m4D/mcs50_m4D_s35.B70
Reading graphs...
35 : 63
35 : 63
Initializing...
maxdom : 7
D->valSize : 188
Solving...
Blb : 2 (clique : 14)
currentSize : 14 <-- 0.000984 s
currentSize : 15 <-- 0.001169 s
currentSize : 16 <-- 0.002003 s
currentSize : 17 <-- 0.007532 s
currentSize : 18 <-- 0.047766 s
currentSize : 19 <-- 0.129778 s
currentSize : 20 <-- 0.400675 s

maxsize : 20
nodes : 133629.000000
filtered : 1582909.000000
time : 0.486670
