Parameters: GAD=1 vflib=1 dir=1 label=1 lowerbound=1 fileNameGp=../graphsdb/mcs50/bvg/b06/mcs50_b06_s50.A87 fileNameGt=../graphsdb/mcs50/bvg/b06/mcs50_b06_s50.B87
Reading graphs...
50 : 150
50 : 150
Initializing...
maxdom : 8
D->valSize : 325
Solving...
Blb : 5 (clique : 21)
currentSize : 21 <-- 0.002373 s
currentSize : 22 <-- 2.522551 s
currentSize : 24 <-- 3.346204 s
currentSize : 25 <-- 3.346290 s
currentSize : 26 <-- 3.346460 s

maxsize : 26
nodes : 1077351.000000
filtered : 17600123.000000
time : 5.562925
