Parameters: GAD=1 vflib=1 dir=1 label=1 lowerbound=1 fileNameGp=../graphsdb/mcs50/rand/r02/mcs50_r02_s60.A97 fileNameGt=../graphsdb/mcs50/rand/r02/mcs50_r02_s60.B97
Reading graphs...
60 : 707
60 : 707
Initializing...
maxdom : 10
D->valSize : 265
Solving...
Blb : 2 (clique : 7)
currentSize : 7 <-- 0.001790 s
currentSize : 8 <-- 0.001893 s
currentSize : 9 <-- 0.001968 s
currentSize : 13 <-- 0.001999 s
currentSize : 14 <-- 0.002680 s
currentSize : 20 <-- 0.002747 s
currentSize : 30 <-- 0.003601 s

maxsize : 30
nodes : 864.000000
filtered : 20523.000000
time : 0.006496
