Parameters: GAD=1 vflib=1 dir=1 label=1 lowerbound=1 fileNameGp=../graphsdb/mcs50/rand/r02/mcs50_r02_s20.A12 fileNameGt=../graphsdb/mcs50/rand/r02/mcs50_r02_s20.B12
Reading graphs...
20 : 75
20 : 75
Initializing...
maxdom : 7
D->valSize : 111
Solving...
Blb : 2 (clique : 4)
currentSize : 4 <-- 0.000691 s
currentSize : 5 <-- 0.000729 s
currentSize : 6 <-- 0.000742 s
currentSize : 7 <-- 0.000872 s
currentSize : 8 <-- 0.000941 s
currentSize : 10 <-- 0.001553 s

maxsize : 10
nodes : 375.000000
filtered : 5275.000000
time : 0.002327
