Parameters: GAD=1 vflib=1 dir=1 label=1 lowerbound=1 fileNameGp=../graphsdb/mcs50/m3D/m3Dr2/mcs50_m3Dr2_s50.A92 fileNameGt=../graphsdb/mcs50/m3D/m3Dr2/mcs50_m3Dr2_s50.B92
Reading graphs...
50 : 119
50 : 118
Initializing...
maxdom : 10
D->valSize : 347
Solving...
Blb : 2 (clique : 20)
currentSize : 20 <-- 0.004088 s
currentSize : 21 <-- 0.004566 s
currentSize : 22 <-- 0.004797 s
currentSize : 23 <-- 0.408402 s
currentSize : 24 <-- 0.411764 s
currentSize : 25 <-- 1.617007 s
currentSize : 26 <-- 1.617088 s
currentSize : 27 <-- 1.617894 s
currentSize : 28 <-- 9.546338 s

maxsize : 28
nodes : 3356505.000000
filtered : 58629757.000000
time : 17.481632
