Parameters: GAD=1 vflib=1 dir=1 label=1 lowerbound=1 fileNameGp=../graphsdb/mcs50/m2D/m2Dr4/mcs50_m2Dr4_s60.A17 fileNameGt=../graphsdb/mcs50/m2D/m2Dr4/mcs50_m2Dr4_s60.B17
Reading graphs...
60 : 128
60 : 128
Initializing...
maxdom : 7
D->valSize : 272
Solving...
Blb : 5 (clique : 19)
currentSize : 19 <-- 0.001873 s
currentSize : 20 <-- 0.005033 s
currentSize : 21 <-- 0.025206 s
currentSize : 22 <-- 0.144955 s
currentSize : 23 <-- 0.512484 s
currentSize : 24 <-- 0.632571 s
currentSize : 25 <-- 0.633171 s
currentSize : 27 <-- 1.394523 s
currentSize : 28 <-- 1.412042 s
currentSize : 29 <-- 5.229002 s

maxsize : 29
nodes : 2165178.000000
filtered : 13504559.000000
time : 9.055010
