Parameters: GAD=1 vflib=1 dir=1 label=1 lowerbound=1 fileNameGp=../graphsdb/mcs50/m2D/m2Dr4/mcs50_m2Dr4_s50.A89 fileNameGt=../graphsdb/mcs50/m2D/m2Dr4/mcs50_m2Dr4_s50.B89
Reading graphs...
50 : 105
50 : 104
Initializing...
maxdom : 10
D->valSize : 322
Solving...
Blb : 2 (clique : 22)
currentSize : 22 <-- 0.002331 s
currentSize : 23 <-- 0.227701 s
currentSize : 24 <-- 68.637085 s
currentSize : 25 <-- 112.093231 s
currentSize : 26 <-- 112.096886 s

maxsize : 26
nodes : 27193101.000000
filtered : 418986021.000000
time : 132.009125
