Parameters: GAD=1 vflib=1 dir=1 label=1 lowerbound=1 fileNameGp=../graphsdb/mcs50/rand/r01/mcs50_r01_s50.A15 fileNameGt=../graphsdb/mcs50/rand/r01/mcs50_r01_s50.B15
Reading graphs...
50 : 244
50 : 244
Initializing...
maxdom : 11
D->valSize : 328
Solving...
Blb : 2 (clique : 15)
currentSize : 15 <-- 0.002280 s
currentSize : 16 <-- 0.121423 s
currentSize : 19 <-- 0.207401 s
currentSize : 21 <-- 0.415665 s
currentSize : 25 <-- 0.415780 s

maxsize : 25
nodes : 99675.000000
filtered : 1826186.000000
time : 0.497483
