Parameters: GAD=1 vflib=1 dir=1 label=1 lowerbound=1 fileNameGp=../graphsdb/mcs50/m3D/m3Dr6/mcs50_m3Dr6_s60.A23 fileNameGt=../graphsdb/mcs50/m3D/m3Dr6/mcs50_m3Dr6_s60.B23
Reading graphs...
60 : 170
60 : 168
Initializing...
maxdom : 9
D->valSize : 257
Solving...
Blb : 2 (clique : 19)
currentSize : 19 <-- 0.002879 s
currentSize : 20 <-- 0.005040 s
currentSize : 23 <-- 0.289522 s
currentSize : 25 <-- 1.233949 s
currentSize : 27 <-- 2.548480 s
currentSize : 28 <-- 6.276319 s
currentSize : 29 <-- 6.276735 s

maxsize : 29
nodes : 1563737.000000
filtered : 12148132.000000
time : 7.098878
