Parameters: GAD=1 vflib=1 dir=1 label=1 lowerbound=1 fileNameGp=../graphsdb/mcs50/bvg/b06/mcs50_b06_s80.A47 fileNameGt=../graphsdb/mcs50/bvg/b06/mcs50_b06_s80.B47
Reading graphs...
80 : 240
80 : 240
Initializing...
maxdom : 11
D->valSize : 447
Solving...
Blb : 2 (clique : 30)
currentSize : 30 <-- 0.004487 s
currentSize : 31 <-- 0.004739 s
currentSize : 32 <-- 0.007365 s
currentSize : 33 <-- 5.096705 s
currentSize : 35 <-- 5.099947 s
currentSize : 36 <-- 5.165275 s
currentSize : 38 <-- 36.547569 s
currentSize : 39 <-- 135.725800 s
currentSize : 40 <-- 153.552917 s
currentSize : 41 <-- 157.239212 s
currentSize : 42 <-- 157.239426 s

maxsize : 42
nodes : 80052630.000000
filtered : 839052132.000000
time : 447.177948
