Parameters: GAD=1 vflib=1 dir=1 label=1 lowerbound=1 fileNameGp=../graphsdb/mcs50/bvg/b03/mcs50_b03_s60.A73 fileNameGt=../graphsdb/mcs50/bvg/b03/mcs50_b03_s60.B73
Reading graphs...
60 : 90
60 : 90
Initializing...
maxdom : 9
D->valSize : 263
Solving...
Blb : 2 (clique : 21)
currentSize : 21 <-- 0.001951 s
currentSize : 22 <-- 0.002131 s
currentSize : 23 <-- 0.002432 s
currentSize : 24 <-- 0.002661 s
currentSize : 25 <-- 0.004552 s
currentSize : 26 <-- 0.015769 s
currentSize : 27 <-- 0.016072 s
currentSize : 28 <-- 1.589686 s
currentSize : 30 <-- 11.421092 s
currentSize : 31 <-- 12.601860 s

maxsize : 31
nodes : 94645205.000000
filtered : 730540420.000000
time : 412.950684
