Parameters: GAD=1 vflib=1 dir=1 label=1 lowerbound=1 fileNameGp=../graphsdb/mcs50/m2D/m2Dr2/mcs50_m2Dr2_s50.A57 fileNameGt=../graphsdb/mcs50/m2D/m2Dr2/mcs50_m2Dr2_s50.B57
Reading graphs...
50 : 95
50 : 95
Initializing...
maxdom : 8
D->valSize : 355
Solving...
Blb : 2 (clique : 20)
currentSize : 20 <-- 0.004342 s
currentSize : 21 <-- 0.024269 s
currentSize : 22 <-- 0.068804 s
currentSize : 23 <-- 0.271091 s
currentSize : 24 <-- 0.563790 s
currentSize : 25 <-- 0.898529 s
currentSize : 26 <-- 3.389195 s
currentSize : 28 <-- 95.065933 s
currentSize : 29 <-- 107.307137 s

maxsize : 29
nodes : 23330770.000000
filtered : 360025565.000000
time : 120.888031
