Parameters: GAD=1 vflib=1 dir=1 label=1 lowerbound=1 fileNameGp=../graphsdb/mcs50/m2D/m2Dr6/mcs50_m2Dr6_s60.A49 fileNameGt=../graphsdb/mcs50/m2D/m2Dr6/mcs50_m2Dr6_s60.B49
Reading graphs...
60 : 140
60 : 138
Initializing...
maxdom : 6
D->valSize : 248
Solving...
Blb : 2 (clique : 23)
currentSize : 23 <-- 0.001859 s
currentSize : 24 <-- 0.105757 s
currentSize : 25 <-- 0.610967 s
currentSize : 26 <-- 8.066030 s
currentSize : 27 <-- 19.555113 s
currentSize : 28 <-- 75.784782 s
currentSize : 29 <-- 80.564110 s
currentSize : 30 <-- 80.950989 s

maxsize : 30
nodes : 24380469.000000
filtered : 163591493.000000
time : 104.717262
