Parameters: GAD=1 vflib=1 dir=1 label=1 lowerbound=1 fileNameGp=../graphsdb/mcs50/m2D/m2D/mcs50_m2D_s70.A92 fileNameGt=../graphsdb/mcs50/m2D/m2D/mcs50_m2D_s70.B92
Reading graphs...
70 : 123
70 : 123
Initializing...
maxdom : 9
D->valSize : 350
Solving...
Blb : 2 (clique : 25)
currentSize : 25 <-- 0.003218 s
currentSize : 26 <-- 0.369969 s
currentSize : 27 <-- 8.533648 s
currentSize : 28 <-- 20.897099 s
currentSize : 29 <-- 22.761562 s
currentSize : 30 <-- 22.901825 s
currentSize : 31 <-- 25.074715 s
currentSize : 32 <-- 25.388037 s
currentSize : 33 <-- 28.348194 s
currentSize : 34 <-- 58.729179 s
currentSize : 35 <-- 237.250763 s
currentSize : 36 <-- 1311.220581 s
currentSize : 37 <-- 1311.241455 s
currentSize : 38 <-- 1331.558472 s
currentSize : 39 <-- 1331.588257 s

maxsize : 39
nodes : 300413656.000000
filtered : 2642098809.000000
time : 1593.899048
