Parameters: GAD=1 vflib=1 dir=1 label=1 lowerbound=1 fileNameGp=../graphsdb/mcs50/bvg/b06/mcs50_b06_s25.A93 fileNameGt=../graphsdb/mcs50/bvg/b06/mcs50_b06_s25.B93
Reading graphs...
25 : 75
25 : 75
Initializing...
maxdom : 8
D->valSize : 163
Solving...
Blb : 3 (clique : 8)
currentSize : 8 <-- 0.001096 s
currentSize : 9 <-- 0.002109 s
currentSize : 10 <-- 0.004785 s
currentSize : 11 <-- 0.015201 s
currentSize : 12 <-- 0.015264 s
currentSize : 13 <-- 0.018904 s

maxsize : 13
nodes : 4652.000000
filtered : 77201.000000
time : 0.026545
