Parameters: GAD=1 vflib=1 dir=1 label=1 lowerbound=1 fileNameGp=../graphsdb/mcs50/bvg/b09m/mcs50_b09m_s100.A87 fileNameGt=../graphsdb/mcs50/bvg/b09m/mcs50_b09m_s100.B87
Reading graphs...
100 : 450
100 : 450
Initializing...
maxdom : 7
D->valSize : 362
Solving...
Blb : 3 (clique : 31)
currentSize : 31 <-- 0.003531 s
currentSize : 32 <-- 19.834717 s
currentSize : 33 <-- 19.851637 s
currentSize : 34 <-- 19.855116 s
currentSize : 35 <-- 20.223677 s
currentSize : 36 <-- 333.066437 s
currentSize : 37 <-- 333.070770 s
currentSize : 38 <-- 490.147278 s
currentSize : 39 <-- 490.150208 s
currentSize : 40 <-- 491.122040 s
currentSize : 41 <-- 645.541809 s
currentSize : 42 <-- 645.542358 s
currentSize : 43 <-- 645.554871 s
currentSize : 44 <-- 645.556396 s
currentSize : 45 <-- 766.600830 s
currentSize : 46 <-- 766.607239 s
currentSize : 48 <-- 878.647827 s
currentSize : 50 <-- 878.654419 s

maxsize : 50
nodes : 223337800.000000
filtered : 903988217.000000
time : 1170.382935
