Parameters: GAD=1 vflib=1 dir=1 label=1 lowerbound=1 fileNameGp=../graphsdb/mcs50/rand/r01/mcs50_r01_s70.A93 fileNameGt=../graphsdb/mcs50/rand/r01/mcs50_r01_s70.B93
Reading graphs...
70 : 482
70 : 482
Initializing...
maxdom : 8
D->valSize : 359
Solving...
Blb : 2 (clique : 11)
currentSize : 11 <-- 0.002849 s
currentSize : 12 <-- 0.002972 s
currentSize : 14 <-- 0.003013 s
currentSize : 15 <-- 0.003058 s
currentSize : 17 <-- 0.003141 s
currentSize : 23 <-- 0.003446 s
currentSize : 24 <-- 0.003615 s
currentSize : 25 <-- 0.003743 s
currentSize : 26 <-- 0.004236 s
currentSize : 28 <-- 0.004298 s
currentSize : 31 <-- 0.029145 s
currentSize : 35 <-- 0.030338 s

maxsize : 35
nodes : 21481.000000
filtered : 351100.000000
time : 0.139523
