Parameters: GAD=1 vflib=1 dir=1 label=1 lowerbound=1 fileNameGp=../graphsdb/mcs50/m4D/m4Dr6/mcs50_m4Dr6_s40.A75 fileNameGt=../graphsdb/mcs50/m4D/m4Dr6/mcs50_m4Dr6_s40.B75
Reading graphs...
40 : 95
40 : 94
Initializing...
maxdom : 10
D->valSize : 257
Solving...
Blb : 2 (clique : 15)
currentSize : 15 <-- 0.001587 s
currentSize : 16 <-- 0.048866 s
currentSize : 17 <-- 0.498970 s
currentSize : 18 <-- 0.501833 s
currentSize : 19 <-- 4.020184 s

maxsize : 19
nodes : 960150.000000
filtered : 16420933.000000
time : 4.264664
