Parameters: GAD=1 vflib=1 dir=1 label=1 lowerbound=1 fileNameGp=../graphsdb/mcs50/bvg/b03m/mcs50_b03m_s60.A40 fileNameGt=../graphsdb/mcs50/bvg/b03m/mcs50_b03m_s60.B40
Reading graphs...
60 : 90
60 : 90
Initializing...
maxdom : 10
D->valSize : 239
Solving...
Blb : 2 (clique : 26)
currentSize : 26 <-- 0.002023 s
currentSize : 27 <-- 0.003217 s
currentSize : 28 <-- 0.009748 s
currentSize : 29 <-- 0.011223 s
currentSize : 30 <-- 0.018276 s
currentSize : 31 <-- 0.087386 s
currentSize : 32 <-- 0.094066 s
currentSize : 33 <-- 0.190066 s

maxsize : 33
nodes : 454780.000000
filtered : 3069913.000000
time : 2.152021
