Parameters: GAD=1 vflib=1 dir=1 label=1 lowerbound=1 fileNameGp=../graphsdb/mcs50/bvg/b09/mcs50_b09_s90.A46 fileNameGt=../graphsdb/mcs50/bvg/b09/mcs50_b09_s90.B46
Reading graphs...
90 : 405
90 : 405
Initializing...
maxdom : 11
D->valSize : 609
Solving...
Blb : 2 (clique : 37)
currentSize : 37 <-- 0.012146 s
currentSize : 39 <-- 0.012566 s
currentSize : 40 <-- 0.013970 s
currentSize : 41 <-- 0.018560 s
currentSize : 42 <-- 0.018801 s
currentSize : 43 <-- 0.019083 s
currentSize : 44 <-- 0.021214 s

maxsize : 44
nodes : 302551444.000000
filtered : 2607174285.000000
time : 1681.500854
