Parameters: GAD=1 vflib=1 dir=1 label=1 lowerbound=1 fileNameGp=../graphsdb/mcs50/rand/r01/mcs50_r01_s90.A53 fileNameGt=../graphsdb/mcs50/rand/r01/mcs50_r01_s90.B53
Reading graphs...
90 : 800
90 : 800
Initializing...
maxdom : 11
D->valSize : 584
Solving...
Blb : 2 (clique : 13)
currentSize : 13 <-- 0.006451 s
currentSize : 14 <-- 0.008874 s
currentSize : 15 <-- 0.009018 s
currentSize : 16 <-- 0.022514 s
currentSize : 17 <-- 0.032648 s
currentSize : 18 <-- 0.057720 s
currentSize : 19 <-- 0.057887 s
currentSize : 21 <-- 0.097834 s
currentSize : 24 <-- 0.178439 s
currentSize : 25 <-- 0.251816 s
currentSize : 30 <-- 0.259622 s
currentSize : 34 <-- 0.321167 s
currentSize : 36 <-- 0.372973 s
currentSize : 37 <-- 0.709019 s
currentSize : 45 <-- 0.812344 s

maxsize : 45
nodes : 151529.000000
filtered : 3269846.000000
time : 1.096806
