Parameters: GAD=1 vflib=1 dir=1 label=1 lowerbound=1 fileNameGp=../graphsdb/mcs50/bvg/b06m/mcs50_b06m_s90.A91 fileNameGt=../graphsdb/mcs50/bvg/b06m/mcs50_b06m_s90.B91
Reading graphs...
90 : 270
90 : 270
Initializing...
maxdom : 9
D->valSize : 542
Solving...
Blb : 2 (clique : 32)
currentSize : 32 <-- 0.006629 s
currentSize : 33 <-- 0.034420 s
currentSize : 34 <-- 9.330109 s
currentSize : 35 <-- 10.119684 s
currentSize : 36 <-- 18.872423 s
currentSize : 38 <-- 2419.064941 s
currentSize : 39 <-- 2419.065430 s
currentSize : 40 <-- 2823.306152 s

TIMEOUT
maxsize : 40
nodes : 590900303.000000
filtered : 6987981127.000000
time : 3600.000000
