Parameters: GAD=1 vflib=1 dir=1 label=1 lowerbound=1 fileNameGp=../graphsdb/mcs50/bvg/b03m/mcs50_b03m_s70.A52 fileNameGt=../graphsdb/mcs50/bvg/b03m/mcs50_b03m_s70.B52
Reading graphs...
70 : 105
70 : 105
Initializing...
maxdom : 10
D->valSize : 368
Solving...
Blb : 2 (clique : 34)
currentSize : 34 <-- 0.003442 s
currentSize : 35 <-- 0.003672 s
currentSize : 36 <-- 0.003874 s
currentSize : 37 <-- 0.005043 s
currentSize : 38 <-- 0.005139 s
currentSize : 39 <-- 0.007901 s
currentSize : 40 <-- 9.233265 s

maxsize : 40
nodes : 292669765.000000
filtered : 2558161785.000000
time : 1548.940918
