Parameters: GAD=1 vflib=1 dir=1 label=1 lowerbound=1 fileNameGp=../graphsdb/mcs50/bvg/b09/mcs50_b09_s70.A61 fileNameGt=../graphsdb/mcs50/bvg/b09/mcs50_b09_s70.B61
Reading graphs...
70 : 315
70 : 315
Initializing...
maxdom : 7
D->valSize : 346
Solving...
Blb : 2 (clique : 21)
currentSize : 21 <-- 0.002907 s
currentSize : 22 <-- 0.003215 s
currentSize : 23 <-- 0.003978 s
currentSize : 24 <-- 0.040023 s
currentSize : 25 <-- 1.503151 s
currentSize : 26 <-- 1.602050 s
currentSize : 29 <-- 1.602131 s
currentSize : 30 <-- 1.602262 s
currentSize : 32 <-- 1.602745 s
currentSize : 34 <-- 2.423857 s

maxsize : 34
nodes : 1229040.000000
filtered : 8539055.000000
time : 5.636075
