Parameters: GAD=1 vflib=1 dir=1 label=1 lowerbound=1 fileNameGp=../graphsdb/mcs50/rand/r01/mcs50_r01_s70.A23 fileNameGt=../graphsdb/mcs50/rand/r01/mcs50_r01_s70.B23
Reading graphs...
70 : 482
70 : 482
Initializing...
maxdom : 9
D->valSize : 346
Solving...
Blb : 2 (clique : 15)
currentSize : 15 <-- 0.002876 s
currentSize : 17 <-- 0.037980 s
currentSize : 19 <-- 0.038490 s
currentSize : 21 <-- 0.063286 s
currentSize : 25 <-- 0.096184 s
currentSize : 28 <-- 0.208675 s
currentSize : 35 <-- 0.468278 s

maxsize : 35
nodes : 97640.000000
filtered : 1583400.000000
time : 0.568366
