Parameters: GAD=1 vflib=1 dir=1 label=1 lowerbound=1 fileNameGp=../graphsdb/mcs50/bvg/b03m/mcs50_b03m_s100.A61 fileNameGt=../graphsdb/mcs50/bvg/b03m/mcs50_b03m_s100.B61
Reading graphs...
100 : 150
100 : 150
Initializing...
maxdom : 6
D->valSize : 343
Solving...
Blb : 2 (clique : 46)
currentSize : 46 <-- 0.005881 s
currentSize : 47 <-- 0.006604 s
currentSize : 48 <-- 0.057245 s
currentSize : 49 <-- 0.535528 s
currentSize : 50 <-- 3.006980 s
currentSize : 51 <-- 3.007134 s
currentSize : 52 <-- 127.600685 s
currentSize : 53 <-- 127.600845 s

TIMEOUT
maxsize : 53
nodes : 709938704.000000
filtered : 2634290955.000000
time : 3600.000000
