Parameters: GAD=1 vflib=1 dir=1 label=1 lowerbound=1 fileNameGp=../graphsdb/mcs50/rand/r02/mcs50_r02_s80.A55 fileNameGt=../graphsdb/mcs50/rand/r02/mcs50_r02_s80.B55
Reading graphs...
80 : 1263
80 : 1263
Initializing...
maxdom : 11
D->valSize : 432
Solving...
Blb : 2 (clique : 9)
currentSize : 9 <-- 0.003827 s
currentSize : 10 <-- 0.003958 s
currentSize : 13 <-- 0.004025 s
currentSize : 19 <-- 0.005813 s
currentSize : 22 <-- 0.007161 s
currentSize : 40 <-- 0.012666 s

maxsize : 40
nodes : 3212.000000
filtered : 99472.000000
time : 0.026610
