Parameters: GAD=1 vflib=1 dir=1 label=1 lowerbound=1 fileNameGp=../graphsdb/mcs50/bvg/b03m/mcs50_b03m_s80.A93 fileNameGt=../graphsdb/mcs50/bvg/b03m/mcs50_b03m_s80.B93
Reading graphs...
80 : 120
80 : 120
Initializing...
maxdom : 8
D->valSize : 421
Solving...
Blb : 2 (clique : 37)
currentSize : 37 <-- 0.008067 s
currentSize : 38 <-- 0.009281 s
currentSize : 39 <-- 0.020191 s
currentSize : 40 <-- 0.109697 s
currentSize : 41 <-- 0.242570 s
currentSize : 42 <-- 3574.410645 s

TIMEOUT
maxsize : 42
nodes : 752466059.000000
filtered : 4074273260.000000
time : 3600.000000
