Parameters: GAD=1 vflib=1 dir=1 label=1 lowerbound=1 fileNameGp=../graphsdb/mcs50/m4D/m4Dr2/mcs50_m4Dr2_s40.A85 fileNameGt=../graphsdb/mcs50/m4D/m4Dr2/mcs50_m4Dr2_s40.B85
Reading graphs...
40 : 79
40 : 79
Initializing...
maxdom : 9
D->valSize : 214
Solving...
Blb : 2 (clique : 16)
currentSize : 16 <-- 0.001922 s
currentSize : 17 <-- 0.002077 s
currentSize : 18 <-- 0.035719 s
currentSize : 19 <-- 0.692930 s
currentSize : 20 <-- 1.476578 s

maxsize : 20
nodes : 518916.000000
filtered : 7663515.000000
time : 2.390109
