Parameters: GAD=1 vflib=1 dir=1 label=1 lowerbound=1 fileNameGp=../graphsdb/mcs50/rand/r005/mcs50_r005_s60.A62 fileNameGt=../graphsdb/mcs50/rand/r005/mcs50_r005_s60.B62
Reading graphs...
60 : 176
60 : 176
Initializing...
maxdom : 10
D->valSize : 308
Solving...
Blb : 2 (clique : 17)
currentSize : 17 <-- 0.002259 s
currentSize : 18 <-- 0.069504 s
currentSize : 19 <-- 0.137058 s
currentSize : 20 <-- 0.492103 s
currentSize : 21 <-- 0.722576 s
currentSize : 22 <-- 0.722711 s
currentSize : 23 <-- 0.771819 s
currentSize : 25 <-- 1.223697 s
currentSize : 27 <-- 1.225021 s
currentSize : 28 <-- 1.231473 s
currentSize : 29 <-- 1.747723 s
currentSize : 30 <-- 1.757002 s

maxsize : 30
nodes : 541850.000000
filtered : 4699550.000000
time : 2.511386
