Parameters: GAD=1 vflib=1 dir=1 label=1 lowerbound=1 fileNameGp=../graphsdb/mcs50/rand/r005/mcs50_r005_s40.A31 fileNameGt=../graphsdb/mcs50/rand/r005/mcs50_r005_s40.B31
Reading graphs...
40 : 78
40 : 78
Initializing...
maxdom : 7
D->valSize : 217
Solving...
Blb : 2 (clique : 13)
currentSize : 13 <-- 0.001392 s
currentSize : 14 <-- 0.001501 s
currentSize : 15 <-- 0.001949 s
currentSize : 17 <-- 0.002697 s
currentSize : 18 <-- 0.171948 s
currentSize : 19 <-- 0.171979 s
currentSize : 20 <-- 0.294112 s
currentSize : 21 <-- 0.568530 s

maxsize : 21
nodes : 169620.000000
filtered : 1891257.000000
time : 0.702205
