Parameters: GAD=1 vflib=1 dir=1 label=1 lowerbound=1 fileNameGp=../graphsdb/mcs50/bvg/b09/mcs50_b09_s90.A30 fileNameGt=../graphsdb/mcs50/bvg/b09/mcs50_b09_s90.B30
Reading graphs...
90 : 405
90 : 405
Initializing...
maxdom : 15
D->valSize : 558
Solving...
Blb : 2 (clique : 20)
currentSize : 20 <-- 0.006417 s
currentSize : 21 <-- 0.043827 s
currentSize : 22 <-- 0.079749 s
currentSize : 23 <-- 0.081773 s
currentSize : 24 <-- 0.082379 s
currentSize : 25 <-- 1.729095 s
currentSize : 26 <-- 9.981453 s
currentSize : 28 <-- 32.238995 s
currentSize : 29 <-- 32.239635 s
currentSize : 30 <-- 32.243763 s
currentSize : 31 <-- 32.518574 s
currentSize : 32 <-- 32.522381 s
currentSize : 33 <-- 32.522659 s
currentSize : 34 <-- 60.631493 s
currentSize : 36 <-- 174.254364 s
currentSize : 37 <-- 174.934586 s
currentSize : 38 <-- 350.290894 s
currentSize : 39 <-- 382.687164 s
currentSize : 40 <-- 486.993591 s
currentSize : 42 <-- 564.891724 s
currentSize : 43 <-- 803.503662 s
currentSize : 44 <-- 1014.398987 s

maxsize : 44
nodes : 210430633.000000
filtered : 1819205426.000000
time : 1126.580811
