Parameters: GAD=1 vflib=1 dir=1 label=1 lowerbound=1 fileNameGp=../graphsdb/mcs50/bvg/b09/mcs50_b09_s60.A08 fileNameGt=../graphsdb/mcs50/bvg/b09/mcs50_b09_s60.B08
Reading graphs...
60 : 270
60 : 270
Initializing...
maxdom : 6
D->valSize : 228
Solving...
Blb : 3 (clique : 16)
currentSize : 16 <-- 0.002398 s
currentSize : 19 <-- 0.589129 s
currentSize : 20 <-- 0.595103 s
currentSize : 21 <-- 0.628330 s
currentSize : 29 <-- 0.725119 s
currentSize : 30 <-- 0.725248 s

maxsize : 30
nodes : 272164.000000
filtered : 1446175.000000
time : 1.109953
