Parameters: GAD=1 vflib=1 dir=1 label=1 lowerbound=1 fileNameGp=../graphsdb/mcs50/bvg/b09m/mcs50_b09m_s80.A21 fileNameGt=../graphsdb/mcs50/bvg/b09m/mcs50_b09m_s80.B21
Reading graphs...
80 : 360
80 : 360
Initializing...
maxdom : 8
D->valSize : 397
Solving...
Blb : 3 (clique : 27)
currentSize : 27 <-- 0.003698 s
currentSize : 28 <-- 0.651169 s
currentSize : 29 <-- 3.335806 s
currentSize : 30 <-- 3.372301 s
currentSize : 34 <-- 13.733201 s
currentSize : 35 <-- 13.733476 s
currentSize : 36 <-- 21.388300 s
currentSize : 37 <-- 21.389006 s
currentSize : 38 <-- 33.450924 s
currentSize : 39 <-- 41.417992 s
currentSize : 41 <-- 41.418060 s

maxsize : 41
nodes : 11330255.000000
filtered : 84578362.000000
time : 56.232521
