Parameters: GAD=1 vflib=1 dir=1 label=1 lowerbound=1 fileNameGp=../graphsdb/mcs50/m2D/m2Dr2/mcs50_m2Dr2_s90.A47 fileNameGt=../graphsdb/mcs50/m2D/m2Dr2/mcs50_m2Dr2_s90.B47
Reading graphs...
90 : 179
90 : 179
Initializing...
maxdom : 13
D->valSize : 602
Solving...
Blb : 2 (clique : 43)
currentSize : 43 <-- 0.007575 s
currentSize : 44 <-- 0.008399 s
currentSize : 45 <-- 0.011960 s
currentSize : 46 <-- 1.471729 s
currentSize : 47 <-- 1.631265 s
currentSize : 48 <-- 7.659979 s
currentSize : 49 <-- 8.471512 s
currentSize : 50 <-- 15.634895 s
currentSize : 51 <-- 15.653914 s
currentSize : 52 <-- 15.802069 s

TIMEOUT
maxsize : 52
nodes : 736649805.000000
filtered : 4057855254.000000
time : 3600.000000
