Parameters: GAD=1 vflib=1 dir=1 label=1 lowerbound=1 fileNameGp=../graphsdb/mcs50/m3D/m3Dr2/mcs50_m3Dr2_s60.A74 fileNameGt=../graphsdb/mcs50/m3D/m3Dr2/mcs50_m3Dr2_s60.B74
Reading graphs...
60 : 146
60 : 146
Initializing...
maxdom : 6
D->valSize : 256
Solving...
Blb : 2 (clique : 21)
currentSize : 21 <-- 0.001867 s
currentSize : 22 <-- 0.009822 s
currentSize : 23 <-- 0.025065 s
currentSize : 25 <-- 0.034497 s
currentSize : 26 <-- 0.036863 s
currentSize : 27 <-- 7.305677 s
currentSize : 28 <-- 7.341340 s
currentSize : 29 <-- 29.391880 s
currentSize : 30 <-- 29.598984 s

maxsize : 30
nodes : 7572149.000000
filtered : 54879627.000000
time : 33.818150
