Parameters: GAD=1 vflib=1 dir=1 label=1 lowerbound=1 fileNameGp=../graphsdb/mcs50/m2D/m2D/mcs50_m2D_s70.A48 fileNameGt=../graphsdb/mcs50/m2D/m2D/mcs50_m2D_s70.B48
Reading graphs...
70 : 123
70 : 123
Initializing...
maxdom : 8
D->valSize : 335
Solving...
Blb : 2 (clique : 25)
currentSize : 25 <-- 0.004586 s
currentSize : 26 <-- 0.088110 s
currentSize : 27 <-- 0.156260 s
currentSize : 28 <-- 0.414889 s
currentSize : 29 <-- 1.313286 s
currentSize : 30 <-- 15.777462 s
currentSize : 31 <-- 16.317631 s
currentSize : 32 <-- 17.202396 s
currentSize : 33 <-- 17.251648 s
currentSize : 34 <-- 43.379425 s
currentSize : 35 <-- 79.022392 s
currentSize : 36 <-- 79.374161 s
currentSize : 37 <-- 79.374252 s
currentSize : 38 <-- 780.595703 s

maxsize : 38
nodes : 302471061.000000
filtered : 1961343150.000000
time : 1355.803345
