Parameters: GAD=1 vflib=1 dir=1 label=1 lowerbound=1 fileNameGp=../graphsdb/mcs50/m2D/m2D/mcs50_m2D_s70.A83 fileNameGt=../graphsdb/mcs50/m2D/m2D/mcs50_m2D_s70.B83
Reading graphs...
70 : 123
70 : 123
Initializing...
maxdom : 8
D->valSize : 345
Solving...
Blb : 2 (clique : 25)
currentSize : 25 <-- 0.003136 s
currentSize : 28 <-- 0.003304 s
currentSize : 29 <-- 0.076399 s
currentSize : 30 <-- 0.124241 s
currentSize : 31 <-- 0.481017 s
currentSize : 32 <-- 29.750719 s
currentSize : 33 <-- 1125.017822 s
currentSize : 34 <-- 1743.313843 s
currentSize : 35 <-- 1743.319702 s
currentSize : 36 <-- 1743.328003 s
currentSize : 37 <-- 1743.344238 s
currentSize : 38 <-- 1743.373901 s
currentSize : 39 <-- 1743.381348 s

maxsize : 39
nodes : 399755369.000000
filtered : 3735443864.000000
time : 2042.563965
