Parameters: GAD=1 vflib=1 dir=1 label=1 lowerbound=1 fileNameGp=../graphsdb/mcs50/m2D/m2Dr6/mcs50_m2Dr6_s60.A82 fileNameGt=../graphsdb/mcs50/m2D/m2Dr6/mcs50_m2Dr6_s60.B82
Reading graphs...
60 : 140
60 : 140
Initializing...
maxdom : 8
D->valSize : 252
Solving...
Blb : 2 (clique : 19)
currentSize : 19 <-- 0.001794 s
currentSize : 21 <-- 0.001928 s
currentSize : 22 <-- 0.027681 s
currentSize : 23 <-- 0.641589 s
currentSize : 24 <-- 0.788780 s
currentSize : 25 <-- 109.901741 s
currentSize : 26 <-- 109.901810 s
currentSize : 27 <-- 109.901955 s

maxsize : 27
nodes : 41723985.000000
filtered : 329423391.000000
time : 184.406570
