Parameters: GAD=1 vflib=1 dir=1 label=1 lowerbound=1 fileNameGp=../graphsdb/mcs50/rand/r01/mcs50_r01_s70.A22 fileNameGt=../graphsdb/mcs50/rand/r01/mcs50_r01_s70.B22
Reading graphs...
70 : 482
70 : 482
Initializing...
maxdom : 9
D->valSize : 349
Solving...
Blb : 2 (clique : 14)
currentSize : 14 <-- 0.002864 s
currentSize : 16 <-- 0.004012 s
currentSize : 17 <-- 0.004088 s
currentSize : 18 <-- 0.029825 s
currentSize : 19 <-- 0.044686 s
currentSize : 21 <-- 0.183227 s
currentSize : 22 <-- 0.183326 s
currentSize : 23 <-- 0.183419 s
currentSize : 25 <-- 0.183468 s
currentSize : 26 <-- 0.183594 s
currentSize : 27 <-- 0.254321 s
currentSize : 28 <-- 0.254549 s
currentSize : 35 <-- 0.254663 s

maxsize : 35
nodes : 81636.000000
filtered : 951528.000000
time : 0.460349
