Parameters: GAD=1 vflib=1 dir=1 label=1 lowerbound=1 fileNameGp=../graphsdb/mcs50/bvg/b09/mcs50_b09_s50.A43 fileNameGt=../graphsdb/mcs50/bvg/b09/mcs50_b09_s50.B43
Reading graphs...
50 : 225
50 : 225
Initializing...
maxdom : 10
D->valSize : 344
Solving...
Blb : 3 (clique : 15)
currentSize : 15 <-- 0.002422 s
currentSize : 16 <-- 0.134484 s
currentSize : 20 <-- 0.533317 s
currentSize : 21 <-- 0.533415 s
currentSize : 22 <-- 0.616285 s
currentSize : 23 <-- 0.616356 s
currentSize : 24 <-- 0.616972 s
currentSize : 25 <-- 0.701042 s

maxsize : 25
nodes : 229640.000000
filtered : 2846364.000000
time : 1.055355
