Parameters: GAD=1 vflib=1 dir=1 label=1 lowerbound=1 fileNameGp=../graphsdb/mcs50/m2D/m2Dr4/mcs50_m2Dr4_s40.A81 fileNameGt=../graphsdb/mcs50/m2D/m2Dr4/mcs50_m2Dr4_s40.B81
Reading graphs...
40 : 83
40 : 82
Initializing...
maxdom : 8
D->valSize : 195
Solving...
Blb : 2 (clique : 13)
currentSize : 13 <-- 0.001731 s
currentSize : 14 <-- 0.002219 s
currentSize : 15 <-- 0.014557 s
currentSize : 16 <-- 0.621064 s
currentSize : 17 <-- 1.324181 s

maxsize : 17
nodes : 1043016.000000
filtered : 10502449.000000
time : 4.026756
