Parameters: GAD=1 vflib=1 dir=1 label=1 lowerbound=1 fileNameGp=../graphsdb/mcs50/rand/r005/mcs50_r005_s25.A59 fileNameGt=../graphsdb/mcs50/rand/r005/mcs50_r005_s25.B59
Reading graphs...
25 : 35
25 : 35
Initializing...
maxdom : 9
D->valSize : 164
Solving...
Blb : 2 (clique : 10)
currentSize : 10 <-- 0.001046 s
currentSize : 11 <-- 0.001408 s
currentSize : 12 <-- 0.002920 s
currentSize : 13 <-- 0.015980 s
currentSize : 14 <-- 0.057092 s

maxsize : 14
nodes : 36987.000000
filtered : 470252.000000
time : 0.138066
