Parameters: GAD=1 vflib=1 dir=1 label=1 lowerbound=1 fileNameGp=../graphsdb/mcs50/m2D/m2Dr2/mcs50_m2Dr2_s30.A37 fileNameGt=../graphsdb/mcs50/m2D/m2Dr2/mcs50_m2Dr2_s30.B37
Reading graphs...
30 : 55
30 : 55
Initializing...
maxdom : 7
D->valSize : 116
Solving...
Blb : 2 (clique : 11)
currentSize : 11 <-- 0.000677 s
currentSize : 12 <-- 0.001217 s
currentSize : 13 <-- 0.002569 s
currentSize : 14 <-- 0.014150 s
currentSize : 15 <-- 0.014178 s
currentSize : 16 <-- 0.014448 s

maxsize : 16
nodes : 6186.000000
filtered : 40523.000000
time : 0.019136
