Parameters: GAD=1 vflib=1 dir=1 label=1 lowerbound=1 fileNameGp=../graphsdb/mcs50/bvg/b03/mcs50_b03_s70.A09 fileNameGt=../graphsdb/mcs50/bvg/b03/mcs50_b03_s70.B09
Reading graphs...
70 : 105
70 : 105
Initializing...
maxdom : 8
D->valSize : 342
Solving...
Blb : 2 (clique : 28)
currentSize : 28 <-- 0.002970 s
currentSize : 29 <-- 0.003166 s
currentSize : 30 <-- 0.011437 s
currentSize : 31 <-- 0.237252 s
currentSize : 32 <-- 25.620113 s
currentSize : 33 <-- 59.684780 s
currentSize : 34 <-- 60.791878 s
currentSize : 35 <-- 60.938766 s
currentSize : 36 <-- 1192.584961 s
currentSize : 37 <-- 1192.593994 s
currentSize : 38 <-- 1194.452881 s
currentSize : 39 <-- 1194.471313 s

TIMEOUT
maxsize : 39
nodes : 732671639.000000
filtered : 5909829660.000000
time : 3600.000000
