Parameters: GAD=1 vflib=1 dir=1 label=1 lowerbound=1 fileNameGp=../graphsdb/mcs50/rand/r02/mcs50_r02_s25.A21 fileNameGt=../graphsdb/mcs50/rand/r02/mcs50_r02_s25.B21
Reading graphs...
25 : 119
25 : 119
Initializing...
maxdom : 9
D->valSize : 183
Solving...
Blb : 3 (clique : 7)
currentSize : 7 <-- 0.001250 s
currentSize : 8 <-- 0.001329 s
currentSize : 9 <-- 0.001719 s
currentSize : 11 <-- 0.002931 s
currentSize : 12 <-- 0.006025 s

maxsize : 12
nodes : 1145.000000
filtered : 29937.000000
time : 0.008463
