Parameters: GAD=1 vflib=1 dir=1 label=1 lowerbound=1 fileNameGp=../graphsdb/mcs50/rand/r005/mcs50_r005_s50.A46 fileNameGt=../graphsdb/mcs50/rand/r005/mcs50_r005_s50.B46
Reading graphs...
50 : 121
50 : 121
Initializing...
maxdom : 11
D->valSize : 359
Solving...
Blb : 5 (clique : 17)
currentSize : 17 <-- 0.002610 s
currentSize : 18 <-- 0.506024 s
currentSize : 19 <-- 1.203161 s
currentSize : 20 <-- 3.258939 s
currentSize : 21 <-- 4.499689 s
currentSize : 22 <-- 4.499821 s
currentSize : 23 <-- 4.553531 s
currentSize : 24 <-- 4.553574 s
currentSize : 25 <-- 13.608774 s

maxsize : 25
nodes : 2737129.000000
filtered : 48679744.000000
time : 14.898927
