Parameters: GAD=1 vflib=1 dir=1 label=1 lowerbound=1 fileNameGp=../graphsdb/mcs50/rand/r005/mcs50_r005_s70.A82 fileNameGt=../graphsdb/mcs50/rand/r005/mcs50_r005_s70.B82
Reading graphs...
70 : 240
70 : 240
Initializing...
maxdom : 7
D->valSize : 321
Solving...
Blb : 2 (clique : 29)
currentSize : 29 <-- 0.002656 s
currentSize : 31 <-- 0.003007 s
currentSize : 32 <-- 0.003404 s
currentSize : 33 <-- 7.137622 s
currentSize : 34 <-- 13.553926 s
currentSize : 35 <-- 13.554034 s

maxsize : 35
nodes : 3519386.000000
filtered : 39083377.000000
time : 18.981504
