Parameters: GAD=1 vflib=1 dir=1 label=1 lowerbound=1 fileNameGp=../graphsdb/mcs50/m2D/m2D/mcs50_m2D_s60.A46 fileNameGt=../graphsdb/mcs50/m2D/m2D/mcs50_m2D_s60.B46
Reading graphs...
60 : 104
60 : 104
Initializing...
maxdom : 7
D->valSize : 259
Solving...
Blb : 2 (clique : 23)
currentSize : 23 <-- 0.003040 s
currentSize : 24 <-- 0.016120 s
currentSize : 25 <-- 0.017280 s
currentSize : 26 <-- 0.034089 s
currentSize : 27 <-- 0.116978 s
currentSize : 28 <-- 0.268815 s
currentSize : 29 <-- 141.493378 s

maxsize : 29
nodes : 67321880.000000
filtered : 535654663.000000
time : 297.733887
