Parameters: GAD=1 vflib=1 dir=1 label=1 lowerbound=1 fileNameGp=../graphsdb/mcs50/m2D/m2Dr6/mcs50_m2Dr6_s60.A60 fileNameGt=../graphsdb/mcs50/m2D/m2Dr6/mcs50_m2Dr6_s60.B60
Reading graphs...
60 : 140
60 : 139
Initializing...
maxdom : 9
D->valSize : 260
Solving...
Blb : 2 (clique : 22)
currentSize : 22 <-- 0.002005 s
currentSize : 23 <-- 0.394642 s
currentSize : 24 <-- 0.394861 s
currentSize : 25 <-- 6.132601 s
currentSize : 26 <-- 6.281493 s
currentSize : 27 <-- 14.071860 s
currentSize : 28 <-- 20.483318 s

maxsize : 28
nodes : 8991102.000000
filtered : 73514116.000000
time : 40.395905
