Parameters: GAD=1 vflib=1 dir=1 label=1 lowerbound=1 fileNameGp=../graphsdb/mcs50/bvg/b06/mcs50_b06_s35.A14 fileNameGt=../graphsdb/mcs50/bvg/b06/mcs50_b06_s35.B14
Reading graphs...
35 : 105
35 : 105
Initializing...
maxdom : 8
D->valSize : 165
Solving...
Blb : 3 (clique : 8)
currentSize : 8 <-- 0.000829 s
currentSize : 9 <-- 0.001039 s
currentSize : 10 <-- 0.001402 s
currentSize : 12 <-- 0.004726 s
currentSize : 13 <-- 0.011634 s
currentSize : 15 <-- 0.026127 s
currentSize : 16 <-- 0.026824 s
currentSize : 17 <-- 0.026877 s

maxsize : 17
nodes : 9672.000000
filtered : 94890.000000
time : 0.034625
