Parameters: GAD=1 vflib=1 dir=1 label=1 lowerbound=1 fileNameGp=../graphsdb/mcs50/m3D/m3Dr2/mcs50_m3Dr2_s60.A00 fileNameGt=../graphsdb/mcs50/m3D/m3Dr2/mcs50_m3Dr2_s60.B00
Reading graphs...
60 : 146
60 : 146
Initializing...
maxdom : 6
D->valSize : 240
Solving...
Blb : 2 (clique : 19)
currentSize : 19 <-- 0.002914 s
currentSize : 20 <-- 0.008170 s
currentSize : 21 <-- 0.318821 s
currentSize : 22 <-- 0.552167 s
currentSize : 23 <-- 1.403572 s
currentSize : 25 <-- 3.562454 s
currentSize : 26 <-- 3.562641 s
currentSize : 27 <-- 3.564315 s
currentSize : 28 <-- 6.082662 s
currentSize : 29 <-- 7.973278 s
currentSize : 30 <-- 14.386013 s

maxsize : 30
nodes : 6875484.000000
filtered : 37105430.000000
time : 27.569860
