Parameters: GAD=1 vflib=1 dir=1 label=1 lowerbound=1 fileNameGp=../graphsdb/mcs50/rand/r01/mcs50_r01_s70.A72 fileNameGt=../graphsdb/mcs50/rand/r01/mcs50_r01_s70.B72
Reading graphs...
70 : 482
70 : 482
Initializing...
maxdom : 10
D->valSize : 342
Solving...
Blb : 2 (clique : 12)
currentSize : 12 <-- 0.002896 s
currentSize : 13 <-- 0.003191 s
currentSize : 15 <-- 0.003269 s
currentSize : 17 <-- 0.009278 s
currentSize : 18 <-- 0.009332 s
currentSize : 19 <-- 0.012244 s
currentSize : 21 <-- 0.014681 s
currentSize : 28 <-- 0.043281 s
currentSize : 29 <-- 0.115873 s
currentSize : 35 <-- 0.187548 s

maxsize : 35
nodes : 43989.000000
filtered : 756672.000000
time : 0.262512
