Parameters: GAD=1 vflib=1 dir=1 label=1 lowerbound=1 fileNameGp=../graphsdb/mcs50/m2D/m2Dr6/mcs50_m2Dr6_s30.A62 fileNameGt=../graphsdb/mcs50/m2D/m2Dr6/mcs50_m2Dr6_s30.B62
Reading graphs...
30 : 67
30 : 65
Initializing...
maxdom : 7
D->valSize : 127
Solving...
Blb : 2 (clique : 11)
currentSize : 11 <-- 0.000724 s
currentSize : 12 <-- 0.000780 s
currentSize : 15 <-- 0.001035 s
currentSize : 16 <-- 0.003742 s
currentSize : 17 <-- 0.003770 s

maxsize : 17
nodes : 1347.000000
filtered : 9864.000000
time : 0.005495
