Parameters: GAD=1 vflib=1 dir=1 label=1 lowerbound=1 fileNameGp=../graphsdb/mcs50/m2D/m2Dr4/mcs50_m2Dr4_s70.A98 fileNameGt=../graphsdb/mcs50/m2D/m2Dr4/mcs50_m2Dr4_s70.B98
Reading graphs...
70 : 151
70 : 151
Initializing...
maxdom : 9
D->valSize : 327
Solving...
Blb : 2 (clique : 30)
currentSize : 30 <-- 0.004497 s
currentSize : 31 <-- 0.004893 s
currentSize : 32 <-- 0.005342 s
currentSize : 33 <-- 0.007032 s
currentSize : 34 <-- 0.036302 s
currentSize : 36 <-- 0.037062 s
currentSize : 37 <-- 0.037534 s

maxsize : 37
nodes : 12467891.000000
filtered : 90657920.000000
time : 60.355579
