Parameters: GAD=1 vflib=1 dir=1 label=1 lowerbound=1 fileNameGp=../graphsdb/mcs50/rand/r02/mcs50_r02_s50.A85 fileNameGt=../graphsdb/mcs50/rand/r02/mcs50_r02_s50.B85
Reading graphs...
50 : 489
50 : 489
Initializing...
maxdom : 13
D->valSize : 353
Solving...
Blb : 2 (clique : 10)
currentSize : 10 <-- 0.002380 s
currentSize : 11 <-- 0.002677 s
currentSize : 13 <-- 0.002738 s
currentSize : 17 <-- 0.002959 s
currentSize : 25 <-- 0.003624 s

maxsize : 25
nodes : 1122.000000
filtered : 41412.000000
time : 0.009008
