Parameters: GAD=1 vflib=1 dir=1 label=1 lowerbound=1 fileNameGp=../graphsdb/mcs50/bvg/b06/mcs50_b06_s80.A94 fileNameGt=../graphsdb/mcs50/bvg/b06/mcs50_b06_s80.B94
Reading graphs...
80 : 240
80 : 240
Initializing...
maxdom : 10
D->valSize : 451
Solving...
Blb : 2 (clique : 33)
currentSize : 33 <-- 0.007466 s
currentSize : 34 <-- 0.008192 s
currentSize : 35 <-- 0.009110 s
currentSize : 37 <-- 0.009409 s
currentSize : 38 <-- 0.016684 s
currentSize : 39 <-- 0.039949 s
currentSize : 40 <-- 0.154518 s

TIMEOUT
maxsize : 40
nodes : 744156099.000000
filtered : 4690799294.000000
time : 3600.000000
