Parameters: GAD=1 vflib=1 dir=1 label=1 lowerbound=1 fileNameGp=../graphsdb/mcs50/m3D/m3Dr2/mcs50_m3Dr2_s60.A95 fileNameGt=../graphsdb/mcs50/m3D/m3Dr2/mcs50_m3Dr2_s60.B95
Reading graphs...
60 : 146
60 : 146
Initializing...
maxdom : 6
D->valSize : 250
Solving...
Blb : 2 (clique : 22)
currentSize : 22 <-- 0.002832 s
currentSize : 24 <-- 0.004156 s
currentSize : 26 <-- 0.008356 s
currentSize : 27 <-- 0.011229 s
currentSize : 28 <-- 0.031941 s
currentSize : 29 <-- 0.653298 s

maxsize : 29
nodes : 1843315.000000
filtered : 14766072.000000
time : 8.557549
