Parameters: GAD=1 vflib=1 dir=1 label=1 lowerbound=1 fileNameGp=../graphsdb/mcs50/bvg/b03/mcs50_b03_s40.A67 fileNameGt=../graphsdb/mcs50/bvg/b03/mcs50_b03_s40.B67
Reading graphs...
40 : 60
40 : 60
Initializing...
maxdom : 9
D->valSize : 221
Solving...
Blb : 2 (clique : 18)
currentSize : 18 <-- 0.001345 s
currentSize : 19 <-- 0.019675 s
currentSize : 20 <-- 0.033716 s
currentSize : 21 <-- 0.322397 s
currentSize : 22 <-- 0.710801 s
currentSize : 23 <-- 3.934461 s

maxsize : 23
nodes : 1064672.000000
filtered : 9996952.000000
time : 4.655973
