Parameters: GAD=1 vflib=1 dir=1 label=1 lowerbound=1 fileNameGp=../graphsdb/mcs50/rand/r02/mcs50_r02_s25.A45 fileNameGt=../graphsdb/mcs50/rand/r02/mcs50_r02_s25.B45
Reading graphs...
25 : 119
25 : 119
Initializing...
maxdom : 8
D->valSize : 167
Solving...
Blb : 2 (clique : 6)
currentSize : 6 <-- 0.001135 s
currentSize : 7 <-- 0.001263 s
currentSize : 8 <-- 0.003360 s
currentSize : 10 <-- 0.003884 s
currentSize : 12 <-- 0.003939 s

maxsize : 12
nodes : 926.000000
filtered : 16371.000000
time : 0.005967
