Parameters: GAD=1 vflib=1 dir=1 label=1 lowerbound=1 fileNameGp=../graphsdb/mcs50/m3D/m3Dr4/mcs50_m3Dr4_s60.A46 fileNameGt=../graphsdb/mcs50/m3D/m3Dr4/mcs50_m3Dr4_s60.B46
Reading graphs...
60 : 158
60 : 156
Initializing...
maxdom : 6
D->valSize : 234
Solving...
Blb : 2 (clique : 22)
currentSize : 22 <-- 0.001724 s
currentSize : 23 <-- 0.002081 s
currentSize : 24 <-- 0.002952 s
currentSize : 25 <-- 34.348454 s
currentSize : 26 <-- 51.810020 s
currentSize : 27 <-- 51.814148 s
currentSize : 28 <-- 51.845184 s

maxsize : 28
nodes : 15176003.000000
filtered : 111595479.000000
time : 67.167603
