Parameters: GAD=1 vflib=1 dir=1 label=1 lowerbound=1 fileNameGp=../graphsdb/mcs50/rand/r005/mcs50_r005_s60.A79 fileNameGt=../graphsdb/mcs50/rand/r005/mcs50_r005_s60.B79
Reading graphs...
60 : 176
60 : 176
Initializing...
maxdom : 7
D->valSize : 250
Solving...
Blb : 2 (clique : 23)
currentSize : 23 <-- 0.001812 s
currentSize : 25 <-- 0.001960 s
currentSize : 26 <-- 0.002134 s
currentSize : 27 <-- 0.002474 s
currentSize : 28 <-- 0.116510 s
currentSize : 29 <-- 0.116633 s
currentSize : 30 <-- 0.116856 s

maxsize : 30
nodes : 565384.000000
filtered : 5359026.000000
time : 2.734740
