Parameters: GAD=1 vflib=1 dir=1 label=1 lowerbound=1 fileNameGp=../graphsdb/mcs50/m2D/m2Dr4/mcs50_m2Dr4_s50.A54 fileNameGt=../graphsdb/mcs50/m2D/m2Dr4/mcs50_m2Dr4_s50.B54
Reading graphs...
50 : 105
50 : 105
Initializing...
maxdom : 9
D->valSize : 344
Solving...
Blb : 3 (clique : 20)
currentSize : 20 <-- 0.002639 s
currentSize : 21 <-- 0.226930 s
currentSize : 22 <-- 0.646045 s
currentSize : 23 <-- 0.646067 s
currentSize : 24 <-- 1.964625 s
currentSize : 25 <-- 5.944261 s
currentSize : 26 <-- 54.118355 s
currentSize : 27 <-- 65.096184 s

maxsize : 27
nodes : 17178215.000000
filtered : 308227609.000000
time : 92.366524
