Parameters: GAD=1 vflib=1 dir=1 label=1 lowerbound=1 fileNameGp=../graphsdb/mcs50/rand/r005/mcs50_r005_s70.A98 fileNameGt=../graphsdb/mcs50/rand/r005/mcs50_r005_s70.B98
Reading graphs...
70 : 240
70 : 240
Initializing...
maxdom : 9
D->valSize : 341
Solving...
Blb : 2 (clique : 23)
currentSize : 23 <-- 0.004540 s
currentSize : 24 <-- 0.004876 s
currentSize : 25 <-- 0.005088 s
currentSize : 26 <-- 0.055616 s
currentSize : 28 <-- 0.055786 s
currentSize : 29 <-- 0.167512 s
currentSize : 31 <-- 0.169097 s
currentSize : 32 <-- 1.159315 s
currentSize : 35 <-- 1.947382 s

maxsize : 35
nodes : 697865.000000
filtered : 6286820.000000
time : 3.503531
