Parameters: GAD=1 vflib=1 dir=1 label=1 lowerbound=1 fileNameGp=../graphsdb/mcs50/bvg/b09/mcs50_b09_s100.A89 fileNameGt=../graphsdb/mcs50/bvg/b09/mcs50_b09_s100.B89
Reading graphs...
100 : 450
100 : 450
Initializing...
maxdom : 8
D->valSize : 366
Solving...
Blb : 2 (clique : 25)
currentSize : 25 <-- 0.003680 s
currentSize : 26 <-- 0.004029 s
currentSize : 27 <-- 0.150583 s
currentSize : 34 <-- 0.341379 s
currentSize : 41 <-- 3.475111 s
currentSize : 42 <-- 30.958364 s
currentSize : 47 <-- 47.939552 s
currentSize : 48 <-- 47.940006 s
currentSize : 49 <-- 47.941212 s
currentSize : 50 <-- 47.941719 s

maxsize : 50
nodes : 36888752.000000
filtered : 143154745.000000
time : 188.451141
