Parameters: GAD=1 vflib=1 dir=1 label=1 lowerbound=1 fileNameGp=../graphsdb/mcs50/m3D/m3Dr4/mcs50_m3Dr4_s50.A05 fileNameGt=../graphsdb/mcs50/m3D/m3Dr4/mcs50_m3Dr4_s50.B05
Reading graphs...
50 : 129
50 : 128
Initializing...
maxdom : 11
D->valSize : 317
Solving...
Blb : 2 (clique : 17)
currentSize : 17 <-- 0.003662 s
currentSize : 18 <-- 0.029071 s
currentSize : 19 <-- 0.751770 s
currentSize : 20 <-- 0.825524 s
currentSize : 22 <-- 2.483507 s
currentSize : 23 <-- 3.331187 s
currentSize : 24 <-- 12.011475 s
currentSize : 26 <-- 12.854360 s
currentSize : 27 <-- 13.668805 s

maxsize : 27
nodes : 3014816.000000
filtered : 38102331.000000
time : 14.404364
