Parameters: GAD=1 vflib=1 dir=1 label=1 lowerbound=1 fileNameGp=../graphsdb/mcs50/bvg/b06m/mcs50_b06m_s40.A09 fileNameGt=../graphsdb/mcs50/bvg/b06m/mcs50_b06m_s40.B09
Reading graphs...
40 : 120
40 : 120
Initializing...
maxdom : 11
D->valSize : 248
Solving...
Blb : 2 (clique : 13)
currentSize : 13 <-- 0.001367 s
currentSize : 14 <-- 0.001496 s
currentSize : 15 <-- 0.001584 s
currentSize : 16 <-- 0.002017 s
currentSize : 17 <-- 0.002789 s
currentSize : 18 <-- 0.039970 s
currentSize : 19 <-- 0.040086 s
currentSize : 20 <-- 0.040301 s

maxsize : 20
nodes : 55059.000000
filtered : 516435.000000
time : 0.213961
