Parameters: GAD=1 vflib=1 dir=1 label=1 lowerbound=1 fileNameGp=../graphsdb/mcs50/bvg/b03m/mcs50_b03m_s60.A42 fileNameGt=../graphsdb/mcs50/bvg/b03m/mcs50_b03m_s60.B42
Reading graphs...
60 : 90
60 : 90
Initializing...
maxdom : 7
D->valSize : 279
Solving...
Blb : 2 (clique : 27)
currentSize : 27 <-- 0.003291 s
currentSize : 28 <-- 0.003585 s
currentSize : 29 <-- 10.731573 s
currentSize : 30 <-- 36.483521 s
currentSize : 31 <-- 42.884029 s
currentSize : 32 <-- 64.269508 s
currentSize : 33 <-- 109.162636 s

maxsize : 33
nodes : 37615081.000000
filtered : 327857074.000000
time : 179.472687
