Parameters: GAD=1 vflib=1 dir=1 label=1 lowerbound=1 fileNameGp=../graphsdb/mcs50/rand/r02/mcs50_r02_s60.A79 fileNameGt=../graphsdb/mcs50/rand/r02/mcs50_r02_s60.B79
Reading graphs...
60 : 707
60 : 707
Initializing...
maxdom : 8
D->valSize : 275
Solving...
Blb : 3 (clique : 8)
currentSize : 8 <-- 0.001799 s
currentSize : 9 <-- 0.001929 s
currentSize : 14 <-- 0.001974 s
currentSize : 16 <-- 0.003870 s
currentSize : 17 <-- 0.004389 s
currentSize : 30 <-- 0.004635 s

maxsize : 30
nodes : 1513.000000
filtered : 26839.000000
time : 0.009496
