Parameters: GAD=1 vflib=1 dir=1 label=1 lowerbound=1 fileNameGp=../graphsdb/mcs50/rand/r01/mcs50_r01_s70.A61 fileNameGt=../graphsdb/mcs50/rand/r01/mcs50_r01_s70.B61
Reading graphs...
70 : 482
70 : 482
Initializing...
maxdom : 7
D->valSize : 321
Solving...
Blb : 2 (clique : 12)
currentSize : 12 <-- 0.002491 s
currentSize : 15 <-- 0.002874 s
currentSize : 18 <-- 0.006817 s
currentSize : 19 <-- 0.008816 s
currentSize : 20 <-- 0.011326 s
currentSize : 21 <-- 0.015587 s
currentSize : 22 <-- 0.023123 s
currentSize : 25 <-- 0.027168 s
currentSize : 27 <-- 0.116113 s
currentSize : 28 <-- 0.118474 s
currentSize : 35 <-- 0.118742 s

maxsize : 35
nodes : 45302.000000
filtered : 553392.000000
time : 0.292576
