Parameters: GAD=1 vflib=1 dir=1 label=1 lowerbound=1 fileNameGp=../graphsdb/mcs50/bvg/b03/mcs50_b03_s70.A80 fileNameGt=../graphsdb/mcs50/bvg/b03/mcs50_b03_s70.B80
Reading graphs...
70 : 105
70 : 105
Initializing...
maxdom : 12
D->valSize : 341
Solving...
Blb : 2 (clique : 32)
currentSize : 32 <-- 0.003096 s
currentSize : 34 <-- 0.004166 s
currentSize : 35 <-- 4.797946 s
currentSize : 36 <-- 4.798260 s
currentSize : 37 <-- 2911.195312 s
currentSize : 38 <-- 2911.196533 s

TIMEOUT
maxsize : 38
nodes : 706822879.000000
filtered : 6111477394.000000
time : 3600.000000
