Parameters: GAD=1 vflib=1 dir=1 label=1 lowerbound=1 fileNameGp=../graphsdb/mcs50/m2D/m2Dr2/mcs50_m2Dr2_s60.A99 fileNameGt=../graphsdb/mcs50/m2D/m2Dr2/mcs50_m2Dr2_s60.B99
Reading graphs...
60 : 116
60 : 116
Initializing...
maxdom : 7
D->valSize : 243
Solving...
Blb : 2 (clique : 24)
currentSize : 24 <-- 0.001689 s
currentSize : 25 <-- 0.001873 s
currentSize : 26 <-- 0.002170 s
currentSize : 27 <-- 0.013614 s
currentSize : 28 <-- 0.517835 s

maxsize : 28
nodes : 39299976.000000
filtered : 284976627.000000
time : 169.283813
