Parameters: GAD=1 vflib=1 dir=1 label=1 lowerbound=1 fileNameGp=../graphsdb/mcs50/m2D/m2Dr6/mcs50_m2Dr6_s50.A52 fileNameGt=../graphsdb/mcs50/m2D/m2Dr6/mcs50_m2Dr6_s50.B52
Reading graphs...
50 : 115
50 : 115
Initializing...
maxdom : 11
D->valSize : 356
Solving...
Blb : 2 (clique : 19)
currentSize : 19 <-- 0.004362 s
currentSize : 22 <-- 0.004534 s
currentSize : 23 <-- 0.004588 s
currentSize : 24 <-- 0.004834 s
currentSize : 25 <-- 0.005247 s

maxsize : 25
nodes : 13647679.000000
filtered : 196534444.000000
time : 68.819473
