Parameters: GAD=1 vflib=1 dir=1 label=1 lowerbound=1 fileNameGp=../graphsdb/mcs50/bvg/b09m/mcs50_b09m_s40.A37 fileNameGt=../graphsdb/mcs50/bvg/b09m/mcs50_b09m_s40.B37
Reading graphs...
40 : 180
40 : 180
Initializing...
maxdom : 11
D->valSize : 233
Solving...
Blb : 2 (clique : 10)
currentSize : 10 <-- 0.001310 s
currentSize : 11 <-- 0.001864 s
currentSize : 12 <-- 0.001915 s
currentSize : 14 <-- 0.003292 s
currentSize : 19 <-- 0.004982 s
currentSize : 20 <-- 0.022173 s

maxsize : 20
nodes : 9647.000000
filtered : 105095.000000
time : 0.036086
