Parameters: GAD=1 vflib=1 dir=1 label=1 lowerbound=1 fileNameGp=../graphsdb/mcs50/bvg/b06m/mcs50_b06m_s30.A90 fileNameGt=../graphsdb/mcs50/bvg/b06m/mcs50_b06m_s30.B90
Reading graphs...
30 : 90
30 : 90
Initializing...
maxdom : 6
D->valSize : 114
Solving...
Blb : 2 (clique : 7)
currentSize : 7 <-- 0.000687 s
currentSize : 8 <-- 0.000746 s
currentSize : 10 <-- 0.001363 s
currentSize : 11 <-- 0.002386 s
currentSize : 12 <-- 0.003115 s
currentSize : 13 <-- 0.004192 s
currentSize : 15 <-- 0.005116 s

maxsize : 15
nodes : 1370.000000
filtered : 11566.000000
time : 0.005386
