Parameters: GAD=1 vflib=1 dir=1 label=1 lowerbound=1 fileNameGp=../graphsdb/mcs50/bvg/b03/mcs50_b03_s60.A45 fileNameGt=../graphsdb/mcs50/bvg/b03/mcs50_b03_s60.B45
Reading graphs...
60 : 90
60 : 90
Initializing...
maxdom : 6
D->valSize : 227
Solving...
Blb : 2 (clique : 27)
currentSize : 27 <-- 0.001675 s
currentSize : 28 <-- 0.001889 s
currentSize : 29 <-- 0.003232 s
currentSize : 30 <-- 0.003348 s
currentSize : 31 <-- 0.023020 s
currentSize : 32 <-- 1.673188 s

maxsize : 32
nodes : 4446094.000000
filtered : 20685721.000000
time : 17.132048
