Parameters: GAD=1 vflib=1 dir=1 label=1 lowerbound=1 fileNameGp=../graphsdb/mcs50/rand/r001/mcs50_r001_s100.A58 fileNameGt=../graphsdb/mcs50/rand/r001/mcs50_r001_s100.B58
Reading graphs...
100 : 124
100 : 124
Initializing...
maxdom : 7
D->valSize : 334
Solving...
Blb : 2 (clique : 44)
currentSize : 44 <-- 0.003648 s
currentSize : 45 <-- 0.003960 s
currentSize : 46 <-- 0.004006 s
currentSize : 47 <-- 0.004083 s
currentSize : 48 <-- 0.004811 s
currentSize : 49 <-- 2.492140 s
currentSize : 50 <-- 2.504084 s
currentSize : 51 <-- 9.023508 s
currentSize : 52 <-- 2538.694580 s
currentSize : 53 <-- 2545.551270 s

TIMEOUT
maxsize : 53
nodes : 689303577.000000
filtered : 2478976184.000000
time : 3600.000000
