Parameters: GAD=1 vflib=1 dir=1 label=1 lowerbound=1 fileNameGp=../graphsdb/mcs50/rand/r02/mcs50_r02_s80.A74 fileNameGt=../graphsdb/mcs50/rand/r02/mcs50_r02_s80.B74
Reading graphs...
80 : 1263
80 : 1263
Initializing...
maxdom : 9
D->valSize : 426
Solving...
Blb : 2 (clique : 8)
currentSize : 8 <-- 0.003803 s
currentSize : 10 <-- 0.008656 s
currentSize : 13 <-- 0.015917 s
currentSize : 18 <-- 0.017466 s
currentSize : 40 <-- 0.020846 s

maxsize : 40
nodes : 6498.000000
filtered : 145374.000000
time : 0.045135
