Parameters: GAD=1 vflib=1 dir=1 label=1 lowerbound=1 fileNameGp=../graphsdb/mcs50/m2D/m2Dr6/mcs50_m2Dr6_s90.A03 fileNameGt=../graphsdb/mcs50/m2D/m2Dr6/mcs50_m2Dr6_s90.B03
Reading graphs...
90 : 214
90 : 213
Initializing...
maxdom : 11
D->valSize : 539
Solving...
Blb : 3 (clique : 33)
currentSize : 33 <-- 0.006426 s
currentSize : 34 <-- 0.017278 s
currentSize : 35 <-- 0.059258 s
currentSize : 36 <-- 3.901310 s
currentSize : 37 <-- 1083.315430 s
currentSize : 38 <-- 2593.448975 s
currentSize : 39 <-- 2593.980469 s
currentSize : 40 <-- 2751.821045 s

TIMEOUT
maxsize : 40
nodes : 617717912.000000
filtered : 6366544543.000000
time : 3600.000000
