Parameters: GAD=1 vflib=1 dir=1 label=1 lowerbound=1 fileNameGp=../graphsdb/mcs50/bvg/b09m/mcs50_b09m_s100.A56 fileNameGt=../graphsdb/mcs50/bvg/b09m/mcs50_b09m_s100.B56
Reading graphs...
100 : 450
100 : 450
Initializing...
maxdom : 7
D->valSize : 357
Solving...
Blb : 2 (clique : 46)
currentSize : 46 <-- 0.003615 s
currentSize : 47 <-- 0.004053 s
currentSize : 48 <-- 0.004411 s
currentSize : 49 <-- 0.018242 s
currentSize : 50 <-- 0.018511 s

maxsize : 50
nodes : 73669986.000000
filtered : 345479372.000000
time : 393.574341
