Parameters: GAD=1 vflib=1 dir=1 label=1 lowerbound=1 fileNameGp=../graphsdb/mcs50/m4D/m4Dr6/mcs50_m4Dr6_s35.A87 fileNameGt=../graphsdb/mcs50/m4D/m4Dr6/mcs50_m4Dr6_s35.B87
Reading graphs...
35 : 83
35 : 82
Initializing...
maxdom : 8
D->valSize : 156
Solving...
Blb : 2 (clique : 10)
currentSize : 10 <-- 0.000871 s
currentSize : 13 <-- 0.000924 s
currentSize : 14 <-- 0.001616 s
currentSize : 16 <-- 0.005299 s
currentSize : 17 <-- 0.005502 s

maxsize : 17
nodes : 13303.000000
filtered : 141181.000000
time : 0.048171
