Parameters: GAD=1 vflib=1 dir=1 label=1 lowerbound=1 fileNameGp=../graphsdb/mcs50/bvg/b03m/mcs50_b03m_s70.A92 fileNameGt=../graphsdb/mcs50/bvg/b03m/mcs50_b03m_s70.B92
Reading graphs...
70 : 105
70 : 105
Initializing...
maxdom : 8
D->valSize : 345
Solving...
Blb : 3 (clique : 29)
currentSize : 29 <-- 0.002989 s
currentSize : 32 <-- 0.003180 s
currentSize : 35 <-- 0.003383 s
currentSize : 37 <-- 0.003697 s
currentSize : 38 <-- 3.108224 s
currentSize : 39 <-- 3.458841 s

maxsize : 39
nodes : 191922328.000000
filtered : 1689664682.000000
time : 1045.602905
