Parameters: GAD=1 vflib=1 dir=1 label=1 lowerbound=1 fileNameGp=../graphsdb/mcs50/bvg/b09/mcs50_b09_s70.A58 fileNameGt=../graphsdb/mcs50/bvg/b09/mcs50_b09_s70.B58
Reading graphs...
70 : 315
70 : 315
Initializing...
maxdom : 11
D->valSize : 358
Solving...
Blb : 3 (clique : 18)
currentSize : 18 <-- 0.004651 s
currentSize : 19 <-- 0.074228 s
currentSize : 21 <-- 0.374726 s
currentSize : 22 <-- 0.374798 s
currentSize : 23 <-- 0.498924 s
currentSize : 24 <-- 0.499473 s
currentSize : 25 <-- 0.499884 s
currentSize : 26 <-- 0.519208 s
currentSize : 27 <-- 0.520216 s
currentSize : 31 <-- 3.503488 s
currentSize : 32 <-- 3.503578 s
currentSize : 33 <-- 3.523471 s
currentSize : 34 <-- 5.635589 s
currentSize : 35 <-- 5.635752 s

maxsize : 35
nodes : 2005810.000000
filtered : 11501580.000000
time : 8.657652
