Parameters: GAD=1 vflib=1 dir=1 label=1 lowerbound=1 fileNameGp=../graphsdb/mcs50/rand/r005/mcs50_r005_s50.A97 fileNameGt=../graphsdb/mcs50/rand/r005/mcs50_r005_s50.B97
Reading graphs...
50 : 121
50 : 121
Initializing...
maxdom : 9
D->valSize : 323
Solving...
Blb : 2 (clique : 20)
currentSize : 20 <-- 0.002861 s
currentSize : 21 <-- 0.003220 s
currentSize : 22 <-- 0.021091 s
currentSize : 23 <-- 0.032388 s
currentSize : 24 <-- 0.033030 s
currentSize : 25 <-- 0.033103 s

maxsize : 25
nodes : 776848.000000
filtered : 12736631.000000
time : 4.322061
