Parameters: GAD=1 vflib=1 dir=1 label=1 lowerbound=1 fileNameGp=../graphsdb/mcs50/bvg/b09/mcs50_b09_s50.A54 fileNameGt=../graphsdb/mcs50/bvg/b09/mcs50_b09_s50.B54
Reading graphs...
50 : 225
50 : 225
Initializing...
maxdom : 8
D->valSize : 307
Solving...
Blb : 2 (clique : 11)
currentSize : 11 <-- 0.003184 s
currentSize : 12 <-- 0.003687 s
currentSize : 13 <-- 0.005073 s
currentSize : 14 <-- 0.063875 s
currentSize : 15 <-- 0.076412 s
currentSize : 16 <-- 0.076511 s
currentSize : 17 <-- 0.120011 s
currentSize : 18 <-- 0.157681 s
currentSize : 20 <-- 0.157760 s
currentSize : 21 <-- 0.466518 s
currentSize : 22 <-- 0.467521 s
currentSize : 24 <-- 0.467551 s

maxsize : 24
nodes : 169287.000000
filtered : 1727981.000000
time : 0.718382
