Parameters: GAD=1 vflib=1 dir=1 label=1 lowerbound=1 fileNameGp=../graphsdb/mcs50/bvg/b06/mcs50_b06_s70.A25 fileNameGt=../graphsdb/mcs50/bvg/b06/mcs50_b06_s70.B25
Reading graphs...
70 : 210
70 : 210
Initializing...
maxdom : 8
D->valSize : 331
Solving...
Blb : 3 (clique : 32)
currentSize : 32 <-- 0.002849 s
currentSize : 33 <-- 10.832533 s
currentSize : 34 <-- 10.832677 s
currentSize : 35 <-- 10.833985 s
currentSize : 36 <-- 10.976685 s

maxsize : 36
nodes : 14074841.000000
filtered : 91576625.000000
time : 65.049011
