Parameters: GAD=1 vflib=1 dir=1 label=1 lowerbound=1 fileNameGp=../graphsdb/mcs50/bvg/b06/mcs50_b06_s80.A85 fileNameGt=../graphsdb/mcs50/bvg/b06/mcs50_b06_s80.B85
Reading graphs...
80 : 240
80 : 240
Initializing...
maxdom : 10
D->valSize : 443
Solving...
Blb : 3 (clique : 23)
currentSize : 23 <-- 0.004454 s
currentSize : 24 <-- 0.005885 s
currentSize : 25 <-- 0.008279 s
currentSize : 26 <-- 0.066437 s
currentSize : 27 <-- 0.314546 s
currentSize : 28 <-- 0.339286 s
currentSize : 29 <-- 0.339379 s
currentSize : 31 <-- 13.862993 s
currentSize : 32 <-- 13.863111 s
currentSize : 33 <-- 13.863672 s
currentSize : 34 <-- 13.863837 s
currentSize : 35 <-- 40.211864 s
currentSize : 37 <-- 41.111881 s
currentSize : 38 <-- 41.111996 s
currentSize : 39 <-- 94.006248 s
currentSize : 40 <-- 176.640991 s
currentSize : 41 <-- 262.015381 s
currentSize : 42 <-- 422.499512 s

maxsize : 42
nodes : 112435031.000000
filtered : 947875218.000000
time : 616.446960
