Parameters: GAD=1 vflib=1 dir=1 label=1 lowerbound=1 fileNameGp=../graphsdb/mcs50/rand/r005/mcs50_r005_s80.A36 fileNameGt=../graphsdb/mcs50/rand/r005/mcs50_r005_s80.B36
Reading graphs...
80 : 315
80 : 315
Initializing...
maxdom : 11
D->valSize : 467
Solving...
Blb : 2 (clique : 28)
currentSize : 28 <-- 0.008369 s
currentSize : 29 <-- 0.009298 s
currentSize : 30 <-- 0.009559 s
currentSize : 32 <-- 0.009632 s
currentSize : 33 <-- 0.019257 s
currentSize : 36 <-- 0.189754 s
currentSize : 37 <-- 0.189852 s
currentSize : 39 <-- 0.190415 s
currentSize : 40 <-- 0.190563 s

maxsize : 40
nodes : 6886053.000000
filtered : 75867568.000000
time : 39.538643
