Parameters: GAD=1 vflib=1 dir=1 label=1 lowerbound=1 fileNameGp=../graphsdb/mcs50/m2D/m2D/mcs50_m2D_s70.A72 fileNameGt=../graphsdb/mcs50/m2D/m2D/mcs50_m2D_s70.B72
Reading graphs...
70 : 123
70 : 123
Initializing...
maxdom : 10
D->valSize : 362
Solving...
Blb : 2 (clique : 31)
currentSize : 31 <-- 0.005170 s
currentSize : 32 <-- 0.005554 s
currentSize : 33 <-- 0.005736 s
currentSize : 35 <-- 0.005828 s
currentSize : 37 <-- 0.006163 s
currentSize : 38 <-- 11.161722 s

maxsize : 38
nodes : 65675896.000000
filtered : 477650030.000000
time : 305.702881
