Parameters: GAD=1 vflib=1 dir=1 label=1 lowerbound=1 fileNameGp=../graphsdb/mcs50/m2D/m2Dr4/mcs50_m2Dr4_s50.A04 fileNameGt=../graphsdb/mcs50/m2D/m2Dr4/mcs50_m2Dr4_s50.B04
Reading graphs...
50 : 105
50 : 105
Initializing...
maxdom : 10
D->valSize : 339
Solving...
Blb : 2 (clique : 21)
currentSize : 21 <-- 0.004121 s
currentSize : 22 <-- 0.010241 s
currentSize : 23 <-- 0.011599 s
currentSize : 24 <-- 0.023193 s
currentSize : 25 <-- 2.914754 s
currentSize : 26 <-- 9.052489 s
currentSize : 27 <-- 9.052804 s

maxsize : 27
nodes : 2531376.000000
filtered : 35493671.000000
time : 12.598986
