Parameters: GAD=1 vflib=1 dir=1 label=1 lowerbound=1 fileNameGp=../graphsdb/mcs50/bvg/b03/mcs50_b03_s70.A22 fileNameGt=../graphsdb/mcs50/bvg/b03/mcs50_b03_s70.B22
Reading graphs...
70 : 105
70 : 105
Initializing...
maxdom : 9
D->valSize : 349
Solving...
Blb : 2 (clique : 36)
currentSize : 36 <-- 0.003127 s
currentSize : 37 <-- 0.015177 s
currentSize : 38 <-- 0.015261 s
currentSize : 39 <-- 0.272464 s
currentSize : 40 <-- 0.272562 s
currentSize : 41 <-- 1144.645996 s

TIMEOUT
maxsize : 41
nodes : 731198577.000000
filtered : 5937462944.000000
time : 3600.000000
