Parameters: GAD=1 vflib=1 dir=1 label=1 lowerbound=1 fileNameGp=../graphsdb/mcs50/m2D/m2Dr6/mcs50_m2Dr6_s80.A88 fileNameGt=../graphsdb/mcs50/m2D/m2Dr6/mcs50_m2Dr6_s80.B88
Reading graphs...
80 : 190
80 : 189
Initializing...
maxdom : 10
D->valSize : 436
Solving...
Blb : 2 (clique : 29)
currentSize : 29 <-- 0.004437 s
currentSize : 30 <-- 0.667146 s
currentSize : 31 <-- 111.305641 s
currentSize : 32 <-- 115.989983 s
currentSize : 33 <-- 199.051910 s
currentSize : 34 <-- 204.039322 s

TIMEOUT
maxsize : 34
nodes : 670657674.000000
filtered : 5919387771.000000
time : 3600.000000
