Parameters: GAD=1 vflib=1 dir=1 label=1 lowerbound=1 fileNameGp=../graphsdb/mcs50/bvg/b06m/mcs50_b06m_s30.A81 fileNameGt=../graphsdb/mcs50/bvg/b06m/mcs50_b06m_s30.B81
Reading graphs...
30 : 90
30 : 90
Initializing...
maxdom : 6
D->valSize : 135
Solving...
Blb : 5 (clique : 11)
currentSize : 11 <-- 0.000688 s
currentSize : 12 <-- 0.007331 s
currentSize : 13 <-- 0.013942 s
currentSize : 14 <-- 0.014020 s
currentSize : 15 <-- 0.020652 s

maxsize : 15
nodes : 5441.000000
filtered : 56572.000000
time : 0.021611
