Parameters: GAD=1 vflib=1 dir=1 label=1 lowerbound=1 fileNameGp=../graphsdb/mcs50/bvg/b03/mcs50_b03_s90.A52 fileNameGt=../graphsdb/mcs50/bvg/b03/mcs50_b03_s90.B52
Reading graphs...
90 : 135
90 : 135
Initializing...
maxdom : 9
D->valSize : 522
Solving...
Blb : 2 (clique : 35)
currentSize : 35 <-- 0.006151 s
currentSize : 37 <-- 0.006452 s
currentSize : 38 <-- 0.007739 s
currentSize : 39 <-- 0.010624 s
currentSize : 40 <-- 0.011779 s
currentSize : 41 <-- 0.039282 s
currentSize : 42 <-- 0.055861 s
currentSize : 43 <-- 0.095895 s
currentSize : 44 <-- 241.141571 s

TIMEOUT
maxsize : 44
nodes : 687933908.000000
filtered : 4758670631.000000
time : 3600.000000
