Parameters: GAD=1 vflib=1 dir=1 label=1 lowerbound=1 fileNameGp=../graphsdb/mcs50/m2D/m2Dr2/mcs50_m2Dr2_s100.A86 fileNameGt=../graphsdb/mcs50/m2D/m2Dr2/mcs50_m2Dr2_s100.B86
Reading graphs...
100 : 200
100 : 200
Initializing...
maxdom : 7
D->valSize : 351
Solving...
Blb : 2 (clique : 39)
currentSize : 39 <-- 0.005962 s
currentSize : 40 <-- 0.006661 s
currentSize : 41 <-- 0.008203 s
currentSize : 42 <-- 0.018780 s
currentSize : 43 <-- 0.020585 s
currentSize : 44 <-- 0.029132 s
currentSize : 45 <-- 0.031221 s
currentSize : 46 <-- 0.055346 s
currentSize : 47 <-- 0.058184 s
currentSize : 48 <-- 0.065412 s
currentSize : 49 <-- 0.294271 s
currentSize : 50 <-- 2745.855225 s

TIMEOUT
maxsize : 50
nodes : 679394370.000000
filtered : 2946549144.000000
time : 3600.000000
