Parameters: GAD=1 vflib=1 dir=1 label=1 lowerbound=1 fileNameGp=../graphsdb/mcs50/bvg/b09m/mcs50_b09m_s50.A99 fileNameGt=../graphsdb/mcs50/bvg/b09m/mcs50_b09m_s50.B99
Reading graphs...
50 : 225
50 : 225
Initializing...
maxdom : 11
D->valSize : 363
Solving...
Blb : 3 (clique : 16)
currentSize : 16 <-- 0.004240 s
currentSize : 17 <-- 0.194545 s
currentSize : 20 <-- 0.646349 s
currentSize : 22 <-- 0.646410 s
currentSize : 23 <-- 0.646589 s
currentSize : 24 <-- 0.648681 s

maxsize : 24
nodes : 229446.000000
filtered : 4001445.000000
time : 1.183239
