Parameters: GAD=1 vflib=1 dir=1 label=1 lowerbound=1 fileNameGp=../graphsdb/mcs50/bvg/b03m/mcs50_b03m_s40.A90 fileNameGt=../graphsdb/mcs50/bvg/b03m/mcs50_b03m_s40.B90
Reading graphs...
40 : 60
40 : 60
Initializing...
maxdom : 6
D->valSize : 201
Solving...
Blb : 2 (clique : 18)
currentSize : 18 <-- 0.001223 s
currentSize : 19 <-- 0.001964 s
currentSize : 20 <-- 0.018431 s
currentSize : 21 <-- 32.993977 s
currentSize : 22 <-- 32.994122 s

maxsize : 22
nodes : 9819777.000000
filtered : 79210161.000000
time : 36.265697
