Parameters: GAD=1 vflib=1 dir=1 label=1 lowerbound=1 fileNameGp=../graphsdb/mcs50/rand/r01/mcs50_r01_s70.A03 fileNameGt=../graphsdb/mcs50/rand/r01/mcs50_r01_s70.B03
Reading graphs...
70 : 482
70 : 482
Initializing...
maxdom : 7
D->valSize : 312
Solving...
Blb : 3 (clique : 11)
currentSize : 11 <-- 0.003707 s
currentSize : 12 <-- 0.004256 s
currentSize : 13 <-- 0.005393 s
currentSize : 14 <-- 0.019738 s
currentSize : 15 <-- 0.019937 s
currentSize : 16 <-- 0.042247 s
currentSize : 21 <-- 0.079950 s
currentSize : 25 <-- 0.173839 s
currentSize : 28 <-- 0.224716 s
currentSize : 35 <-- 0.507565 s

maxsize : 35
nodes : 106356.000000
filtered : 1281460.000000
time : 0.595162
