Parameters: GAD=1 vflib=1 dir=1 label=1 lowerbound=1 fileNameGp=../graphsdb/mcs50/m4D/m4Dr2/mcs50_m4Dr2_s40.A66 fileNameGt=../graphsdb/mcs50/m4D/m4Dr2/mcs50_m4Dr2_s40.B66
Reading graphs...
40 : 79
40 : 79
Initializing...
maxdom : 9
D->valSize : 216
Solving...
Blb : 2 (clique : 15)
currentSize : 15 <-- 0.001304 s
currentSize : 16 <-- 0.079341 s
currentSize : 17 <-- 0.081617 s
currentSize : 18 <-- 0.657717 s
currentSize : 19 <-- 6.549942 s
currentSize : 20 <-- 8.770229 s

maxsize : 20
nodes : 2770457.000000
filtered : 27422551.000000
time : 10.748567
