Parameters: GAD=1 vflib=1 dir=1 label=1 lowerbound=1 fileNameGp=../graphsdb/mcs50/bvg/b03/mcs50_b03_s35.A62 fileNameGt=../graphsdb/mcs50/bvg/b03/mcs50_b03_s35.B62
Reading graphs...
35 : 52
35 : 52
Initializing...
maxdom : 6
D->valSize : 158
Solving...
Blb : 3 (clique : 16)
currentSize : 16 <-- 0.000832 s
currentSize : 17 <-- 0.005157 s
currentSize : 18 <-- 0.028108 s
currentSize : 19 <-- 0.029407 s
currentSize : 20 <-- 0.038206 s

maxsize : 20
nodes : 30927.000000
filtered : 220355.000000
time : 0.106053
