Parameters: GAD=1 vflib=1 dir=1 label=1 lowerbound=1 fileNameGp=../graphsdb/mcs50/bvg/b09m/mcs50_b09m_s30.A31 fileNameGt=../graphsdb/mcs50/bvg/b09m/mcs50_b09m_s30.B31
Reading graphs...
30 : 135
30 : 135
Initializing...
maxdom : 6
D->valSize : 129
Solving...
Blb : 2 (clique : 8)
currentSize : 8 <-- 0.000756 s
currentSize : 9 <-- 0.001913 s
currentSize : 10 <-- 0.001959 s
currentSize : 12 <-- 0.001973 s
currentSize : 13 <-- 0.005802 s
currentSize : 14 <-- 0.007214 s

maxsize : 14
nodes : 2102.000000
filtered : 30754.000000
time : 0.008235
