Parameters: GAD=1 vflib=1 dir=1 label=1 lowerbound=1 fileNameGp=../graphsdb/mcs50/m2D/m2D/mcs50_m2D_s30.A21 fileNameGt=../graphsdb/mcs50/m2D/m2D/mcs50_m2D_s30.B21
Reading graphs...
30 : 49
30 : 49
Initializing...
maxdom : 6
D->valSize : 123
Solving...
Blb : 3 (clique : 12)
currentSize : 12 <-- 0.000664 s
currentSize : 13 <-- 0.000947 s
currentSize : 14 <-- 0.012674 s
currentSize : 15 <-- 0.024896 s
currentSize : 16 <-- 0.025023 s

maxsize : 16
nodes : 12674.000000
filtered : 86954.000000
time : 0.037298
