Parameters: GAD=1 vflib=1 dir=1 label=1 lowerbound=1 fileNameGp=../graphsdb/mcs50/bvg/b09/mcs50_b09_s80.A01 fileNameGt=../graphsdb/mcs50/bvg/b09/mcs50_b09_s80.B01
Reading graphs...
80 : 360
80 : 360
Initializing...
maxdom : 9
D->valSize : 435
Solving...
Blb : 2 (clique : 34)
currentSize : 34 <-- 0.004121 s
currentSize : 35 <-- 0.004437 s
currentSize : 36 <-- 0.004811 s
currentSize : 37 <-- 0.005008 s
currentSize : 38 <-- 0.005336 s
currentSize : 39 <-- 0.064834 s
currentSize : 40 <-- 0.066943 s

maxsize : 40
nodes : 24112759.000000
filtered : 147133242.000000
time : 116.719231
