Parameters: GAD=1 vflib=1 dir=1 label=1 lowerbound=1 fileNameGp=../graphsdb/mcs50/bvg/b06/mcs50_b06_s50.A83 fileNameGt=../graphsdb/mcs50/bvg/b06/mcs50_b06_s50.B83
Reading graphs...
50 : 150
50 : 150
Initializing...
maxdom : 11
D->valSize : 328
Solving...
Blb : 2 (clique : 13)
currentSize : 13 <-- 0.003655 s
currentSize : 14 <-- 0.004042 s
currentSize : 15 <-- 0.008612 s
currentSize : 16 <-- 0.024199 s
currentSize : 17 <-- 0.133409 s
currentSize : 18 <-- 0.570975 s
currentSize : 19 <-- 0.921429 s
currentSize : 20 <-- 3.175704 s
currentSize : 21 <-- 3.175969 s
currentSize : 22 <-- 3.177958 s
currentSize : 23 <-- 4.402639 s
currentSize : 24 <-- 4.403891 s
currentSize : 25 <-- 4.974368 s
currentSize : 26 <-- 4.974456 s
currentSize : 27 <-- 4.977359 s

maxsize : 27
nodes : 1325454.000000
filtered : 15542153.000000
time : 5.840636
