Parameters: GAD=1 vflib=1 dir=1 label=1 lowerbound=1 fileNameGp=../graphsdb/mcs50/m2D/m2D/mcs50_m2D_s60.A30 fileNameGt=../graphsdb/mcs50/m2D/m2D/mcs50_m2D_s60.B30
Reading graphs...
60 : 104
60 : 104
Initializing...
maxdom : 6
D->valSize : 223
Solving...
Blb : 2 (clique : 22)
currentSize : 22 <-- 0.002488 s
currentSize : 23 <-- 0.678915 s
currentSize : 24 <-- 46.394783 s
currentSize : 25 <-- 115.251854 s
currentSize : 26 <-- 115.510414 s
currentSize : 27 <-- 115.999733 s

maxsize : 27
nodes : 338434330.000000
filtered : 2103636589.000000
time : 1373.782959
