Parameters: GAD=1 vflib=1 dir=1 label=1 lowerbound=1 fileNameGp=../graphsdb/mcs50/bvg/b09/mcs50_b09_s60.A16 fileNameGt=../graphsdb/mcs50/bvg/b09/mcs50_b09_s60.B16
Reading graphs...
60 : 270
60 : 270
Initializing...
maxdom : 8
D->valSize : 282
Solving...
Blb : 2 (clique : 12)
currentSize : 12 <-- 0.003119 s
currentSize : 13 <-- 0.004726 s
currentSize : 14 <-- 0.009335 s
currentSize : 17 <-- 0.020345 s
currentSize : 18 <-- 0.021103 s
currentSize : 19 <-- 0.044935 s
currentSize : 20 <-- 0.053618 s
currentSize : 21 <-- 0.053782 s
currentSize : 22 <-- 0.090930 s
currentSize : 23 <-- 0.192548 s
currentSize : 24 <-- 0.292890 s
currentSize : 25 <-- 0.364482 s
currentSize : 26 <-- 0.588342 s
currentSize : 28 <-- 0.695233 s
currentSize : 29 <-- 0.698757 s
currentSize : 31 <-- 0.811600 s

maxsize : 31
nodes : 167607.000000
filtered : 1734361.000000
time : 0.904838
