Parameters: GAD=1 vflib=1 dir=1 label=1 lowerbound=1 fileNameGp=../graphsdb/mcs50/rand/r005/mcs50_r005_s70.A64 fileNameGt=../graphsdb/mcs50/rand/r005/mcs50_r005_s70.B64
Reading graphs...
70 : 240
70 : 240
Initializing...
maxdom : 7
D->valSize : 337
Solving...
Blb : 2 (clique : 22)
currentSize : 22 <-- 0.002818 s
currentSize : 23 <-- 0.003456 s
currentSize : 24 <-- 0.014720 s
currentSize : 25 <-- 0.131591 s
currentSize : 26 <-- 0.177296 s
currentSize : 27 <-- 0.179041 s
currentSize : 28 <-- 0.802214 s
currentSize : 29 <-- 6.612564 s
currentSize : 30 <-- 6.622758 s
currentSize : 34 <-- 10.982991 s
currentSize : 35 <-- 10.983183 s
currentSize : 36 <-- 10.983664 s

maxsize : 36
nodes : 3225094.000000
filtered : 37688979.000000
time : 17.352240
