Parameters: GAD=1 vflib=1 dir=1 label=1 lowerbound=1 fileNameGp=../graphsdb/mcs50/m4D/m4Dr2/mcs50_m4Dr2_s30.A79 fileNameGt=../graphsdb/mcs50/m4D/m4Dr2/mcs50_m4Dr2_s30.B79
Reading graphs...
30 : 61
30 : 61
Initializing...
maxdom : 6
D->valSize : 120
Solving...
Blb : 3 (clique : 11)
currentSize : 11 <-- 0.000659 s
currentSize : 12 <-- 0.000768 s
currentSize : 13 <-- 0.001900 s
currentSize : 14 <-- 0.002834 s
currentSize : 16 <-- 0.005362 s
currentSize : 17 <-- 0.008267 s

maxsize : 17
nodes : 2867.000000
filtered : 27014.000000
time : 0.011447
