Parameters: GAD=1 vflib=1 dir=1 label=1 lowerbound=1 fileNameGp=../graphsdb/mcs50/bvg/b06/mcs50_b06_s35.A51 fileNameGt=../graphsdb/mcs50/bvg/b06/mcs50_b06_s35.B51
Reading graphs...
35 : 105
35 : 105
Initializing...
maxdom : 10
D->valSize : 159
Solving...
Blb : 2 (clique : 9)
currentSize : 9 <-- 0.000831 s
currentSize : 10 <-- 0.010208 s
currentSize : 11 <-- 0.010226 s
currentSize : 12 <-- 0.010825 s
currentSize : 14 <-- 0.011957 s
currentSize : 15 <-- 0.012020 s
currentSize : 17 <-- 0.012055 s

maxsize : 17
nodes : 7604.000000
filtered : 65992.000000
time : 0.026140
