Parameters: GAD=1 vflib=1 dir=1 label=1 lowerbound=1 fileNameGp=../graphsdb/mcs50/bvg/b06m/mcs50_b06m_s70.A75 fileNameGt=../graphsdb/mcs50/bvg/b06m/mcs50_b06m_s70.B75
Reading graphs...
70 : 210
70 : 210
Initializing...
maxdom : 10
D->valSize : 326
Solving...
Blb : 2 (clique : 18)
currentSize : 18 <-- 0.002614 s
currentSize : 19 <-- 0.003363 s
currentSize : 20 <-- 0.025928 s
currentSize : 22 <-- 0.041419 s
currentSize : 23 <-- 0.045580 s
currentSize : 24 <-- 0.141436 s
currentSize : 25 <-- 0.712549 s
currentSize : 26 <-- 6.056982 s
currentSize : 27 <-- 6.057554 s
currentSize : 28 <-- 6.060857 s
currentSize : 29 <-- 6.062809 s
currentSize : 30 <-- 11.088014 s
currentSize : 31 <-- 16.850780 s
currentSize : 32 <-- 16.851330 s
currentSize : 33 <-- 16.909048 s
currentSize : 34 <-- 16.909391 s
currentSize : 35 <-- 16.952765 s

maxsize : 35
nodes : 8355935.000000
filtered : 49904625.000000
time : 36.778572
