Parameters: GAD=1 vflib=1 dir=1 label=1 lowerbound=1 fileNameGp=../graphsdb/mcs50/rand/r005/mcs50_r005_s35.A16 fileNameGt=../graphsdb/mcs50/rand/r005/mcs50_r005_s35.B16
Reading graphs...
35 : 62
35 : 62
Initializing...
maxdom : 8
D->valSize : 181
Solving...
Blb : 2 (clique : 14)
currentSize : 14 <-- 0.001015 s
currentSize : 15 <-- 0.006482 s
currentSize : 16 <-- 0.068825 s
currentSize : 17 <-- 0.123476 s
currentSize : 18 <-- 0.123580 s

maxsize : 18
nodes : 50168.000000
filtered : 477586.000000
time : 0.188175
