Parameters: GAD=1 vflib=1 dir=1 label=1 lowerbound=1 fileNameGp=../graphsdb/mcs50/rand/r01/mcs50_r01_s30.A06 fileNameGt=../graphsdb/mcs50/rand/r01/mcs50_r01_s30.B06
Reading graphs...
30 : 86
30 : 86
Initializing...
maxdom : 8
D->valSize : 119
Solving...
Blb : 2 (clique : 8)
currentSize : 8 <-- 0.000605 s
currentSize : 9 <-- 0.000770 s
currentSize : 10 <-- 0.001780 s
currentSize : 11 <-- 0.004633 s
currentSize : 13 <-- 0.008841 s
currentSize : 14 <-- 0.008861 s
currentSize : 15 <-- 0.008889 s

maxsize : 15
nodes : 3803.000000
filtered : 27345.000000
time : 0.012250
