Parameters: GAD=1 vflib=1 dir=1 label=1 lowerbound=1 fileNameGp=../graphsdb/mcs50/m2D/m2Dr2/mcs50_m2Dr2_s60.A43 fileNameGt=../graphsdb/mcs50/m2D/m2Dr2/mcs50_m2Dr2_s60.B43
Reading graphs...
60 : 116
60 : 115
Initializing...
maxdom : 6
D->valSize : 256
Solving...
Blb : 3 (clique : 24)
currentSize : 24 <-- 0.002932 s
currentSize : 25 <-- 0.003269 s
currentSize : 26 <-- 0.321366 s
currentSize : 27 <-- 7.270712 s
currentSize : 28 <-- 17.529821 s
currentSize : 29 <-- 17.553921 s
currentSize : 30 <-- 17.717958 s
currentSize : 31 <-- 17.741768 s

maxsize : 31
nodes : 4846625.000000
filtered : 39812816.000000
time : 21.506920
