Parameters: GAD=1 vflib=1 dir=1 label=1 lowerbound=1 fileNameGp=../graphsdb/mcs50/bvg/b06/mcs50_b06_s50.A57 fileNameGt=../graphsdb/mcs50/bvg/b06/mcs50_b06_s50.B57
Reading graphs...
50 : 150
50 : 150
Initializing...
maxdom : 10
D->valSize : 325
Solving...
Blb : 2 (clique : 20)
currentSize : 20 <-- 0.003703 s
currentSize : 21 <-- 0.362436 s
currentSize : 22 <-- 0.362563 s
currentSize : 23 <-- 0.364517 s
currentSize : 24 <-- 0.364787 s
currentSize : 25 <-- 0.364933 s
currentSize : 26 <-- 0.442276 s

maxsize : 26
nodes : 716120.000000
filtered : 9757143.000000
time : 3.465694
