Parameters: GAD=1 vflib=1 dir=1 label=1 lowerbound=1 fileNameGp=../graphsdb/mcs50/m2D/m2Dr6/mcs50_m2Dr6_s80.A49 fileNameGt=../graphsdb/mcs50/m2D/m2Dr6/mcs50_m2Dr6_s80.B49
Reading graphs...
80 : 190
80 : 188
Initializing...
maxdom : 12
D->valSize : 453
Solving...
Blb : 2 (clique : 31)
currentSize : 31 <-- 0.004695 s
currentSize : 32 <-- 0.008247 s
currentSize : 33 <-- 0.128377 s
currentSize : 35 <-- 0.656198 s
currentSize : 36 <-- 0.660991 s
currentSize : 37 <-- 144.199966 s

TIMEOUT
maxsize : 37
nodes : 613232603.000000
filtered : 7706422427.000000
time : 3600.000000
