Parameters: GAD=1 vflib=1 dir=1 label=1 lowerbound=1 fileNameGp=../graphsdb/mcs50/rand/r005/mcs50_r005_s35.A26 fileNameGt=../graphsdb/mcs50/rand/r005/mcs50_r005_s35.B26
Reading graphs...
35 : 62
35 : 62
Initializing...
maxdom : 9
D->valSize : 186
Solving...
Blb : 2 (clique : 14)
currentSize : 14 <-- 0.001095 s
currentSize : 15 <-- 0.002597 s
currentSize : 16 <-- 0.035760 s
currentSize : 17 <-- 0.137450 s
currentSize : 18 <-- 0.145219 s

maxsize : 18
nodes : 46010.000000
filtered : 431696.000000
time : 0.161695
