Parameters: GAD=1 vflib=1 dir=1 label=1 lowerbound=1 fileNameGp=../graphsdb/mcs50/m2D/m2Dr6/mcs50_m2Dr6_s60.A28 fileNameGt=../graphsdb/mcs50/m2D/m2Dr6/mcs50_m2Dr6_s60.B28
Reading graphs...
60 : 139
60 : 137
Initializing...
maxdom : 7
D->valSize : 250
Solving...
Blb : 2 (clique : 19)
currentSize : 19 <-- 0.002946 s
currentSize : 20 <-- 0.003184 s
currentSize : 21 <-- 0.003387 s
currentSize : 22 <-- 0.061063 s
currentSize : 23 <-- 0.537849 s
currentSize : 24 <-- 4.217251 s
currentSize : 25 <-- 4.217369 s
currentSize : 26 <-- 4.256036 s
currentSize : 27 <-- 8.274007 s
currentSize : 28 <-- 8.384302 s
currentSize : 29 <-- 11.043890 s

maxsize : 29
nodes : 5122032.000000
filtered : 42192758.000000
time : 22.834970
