Parameters: GAD=1 vflib=1 dir=1 label=1 lowerbound=1 fileNameGp=../graphsdb/mcs50/m3D/m3D/mcs50_m3D_s60.A31 fileNameGt=../graphsdb/mcs50/m3D/m3D/mcs50_m3D_s60.B31
Reading graphs...
60 : 134
60 : 134
Initializing...
maxdom : 7
D->valSize : 235
Solving...
Blb : 2 (clique : 25)
currentSize : 25 <-- 0.002613 s
currentSize : 26 <-- 0.002878 s
currentSize : 27 <-- 0.003473 s
currentSize : 29 <-- 0.004627 s
currentSize : 31 <-- 0.006749 s

maxsize : 31
nodes : 1263458.000000
filtered : 8654712.000000
time : 5.502449
