Parameters: GAD=1 vflib=1 dir=1 label=1 lowerbound=1 fileNameGp=../graphsdb/mcs50/bvg/b03m/mcs50_b03m_s90.A09 fileNameGt=../graphsdb/mcs50/bvg/b03m/mcs50_b03m_s90.B09
Reading graphs...
90 : 135
90 : 135
Initializing...
maxdom : 8
D->valSize : 544
Solving...
Blb : 2 (clique : 45)
currentSize : 45 <-- 0.006565 s
currentSize : 47 <-- 0.006930 s
currentSize : 48 <-- 0.007346 s
currentSize : 49 <-- 0.859479 s
currentSize : 50 <-- 3.997700 s
currentSize : 51 <-- 18.479156 s
currentSize : 52 <-- 463.808258 s

TIMEOUT
maxsize : 52
nodes : 593488894.000000
filtered : 4813213731.000000
time : 3600.000000
