Parameters: GAD=1 vflib=1 dir=1 label=1 lowerbound=1 fileNameGp=../graphsdb/mcs50/m3D/m3Dr4/mcs50_m3Dr4_s60.A68 fileNameGt=../graphsdb/mcs50/m3D/m3Dr4/mcs50_m3Dr4_s60.B68
Reading graphs...
60 : 158
60 : 158
Initializing...
maxdom : 6
D->valSize : 239
Solving...
Blb : 2 (clique : 20)
currentSize : 20 <-- 0.001788 s
currentSize : 21 <-- 0.004397 s
currentSize : 22 <-- 0.170911 s
currentSize : 23 <-- 71.761879 s
currentSize : 24 <-- 71.762367 s
currentSize : 27 <-- 99.404388 s

maxsize : 27
nodes : 29168280.000000
filtered : 207184364.000000
time : 125.891289
