Parameters: GAD=1 vflib=1 dir=1 label=1 lowerbound=1 fileNameGp=../graphsdb/mcs50/m2D/m2Dr2/mcs50_m2Dr2_s70.A35 fileNameGt=../graphsdb/mcs50/m2D/m2Dr2/mcs50_m2Dr2_s70.B35
Reading graphs...
70 : 137
70 : 136
Initializing...
maxdom : 10
D->valSize : 355
Solving...
Blb : 2 (clique : 25)
currentSize : 25 <-- 0.003261 s
currentSize : 32 <-- 0.003437 s
currentSize : 34 <-- 0.003566 s
currentSize : 35 <-- 0.004057 s
currentSize : 36 <-- 0.513457 s
currentSize : 37 <-- 2.168982 s
currentSize : 38 <-- 143.878387 s
currentSize : 39 <-- 144.419662 s

maxsize : 39
nodes : 74881528.000000
filtered : 342764612.000000
time : 310.485260
