Parameters: GAD=1 vflib=1 dir=1 label=1 lowerbound=1 fileNameGp=../graphsdb/mcs50/bvg/b09/mcs50_b09_s90.A31 fileNameGt=../graphsdb/mcs50/bvg/b09/mcs50_b09_s90.B31
Reading graphs...
90 : 405
90 : 405
Initializing...
maxdom : 9
D->valSize : 547
Solving...
Blb : 2 (clique : 30)
currentSize : 30 <-- 0.006249 s
currentSize : 32 <-- 0.006566 s
currentSize : 33 <-- 0.007058 s
currentSize : 34 <-- 0.007307 s
currentSize : 35 <-- 0.007525 s
currentSize : 36 <-- 0.016629 s
currentSize : 37 <-- 0.017055 s
currentSize : 39 <-- 1.801300 s
currentSize : 40 <-- 1.801660 s
currentSize : 41 <-- 1.858233 s
currentSize : 42 <-- 1.858508 s
currentSize : 43 <-- 597.436584 s
currentSize : 44 <-- 899.710754 s

maxsize : 44
nodes : 259376312.000000
filtered : 2222459926.000000
time : 1509.765503
