Parameters: GAD=1 vflib=1 dir=1 label=1 lowerbound=1 fileNameGp=../graphsdb/mcs50/rand/r01/mcs50_r01_s60.A91 fileNameGt=../graphsdb/mcs50/rand/r01/mcs50_r01_s60.B91
Reading graphs...
60 : 353
60 : 353
Initializing...
maxdom : 8
D->valSize : 255
Solving...
Blb : 2 (clique : 21)
currentSize : 21 <-- 0.002722 s
currentSize : 24 <-- 0.060718 s
currentSize : 25 <-- 0.071315 s
currentSize : 26 <-- 0.093592 s
currentSize : 30 <-- 0.094866 s

maxsize : 30
nodes : 18506.000000
filtered : 264003.000000
time : 0.148842
