Parameters: GAD=1 vflib=1 dir=1 label=1 lowerbound=1 fileNameGp=../graphsdb/mcs50/m2D/m2D/mcs50_m2D_s90.A11 fileNameGt=../graphsdb/mcs50/m2D/m2D/mcs50_m2D_s90.B11
Reading graphs...
90 : 161
90 : 161
Initializing...
maxdom : 10
D->valSize : 567
Solving...
Blb : 2 (clique : 35)
currentSize : 35 <-- 0.007092 s
currentSize : 36 <-- 0.007398 s
currentSize : 37 <-- 0.007455 s
currentSize : 38 <-- 0.008025 s
currentSize : 39 <-- 214.667648 s
currentSize : 40 <-- 2025.750854 s

TIMEOUT
maxsize : 40
nodes : 664315419.000000
filtered : 5960493856.000000
time : 3600.000000
