Parameters: GAD=1 vflib=1 dir=1 label=1 lowerbound=1 fileNameGp=../graphsdb/mcs50/m3D/m3D/mcs50_m3D_s60.A93 fileNameGt=../graphsdb/mcs50/m3D/m3D/mcs50_m3D_s60.B93
Reading graphs...
60 : 134
60 : 134
Initializing...
maxdom : 6
D->valSize : 262
Solving...
Blb : 3 (clique : 25)
currentSize : 25 <-- 0.001877 s
currentSize : 26 <-- 0.005252 s
currentSize : 27 <-- 0.005597 s
currentSize : 28 <-- 0.072450 s
currentSize : 29 <-- 0.837589 s

maxsize : 29
nodes : 12143975.000000
filtered : 101556607.000000
time : 55.023315
