Parameters: GAD=1 vflib=1 dir=1 label=1 lowerbound=1 fileNameGp=../graphsdb/mcs50/m3D/m3D/mcs50_m3D_s60.A51 fileNameGt=../graphsdb/mcs50/m3D/m3D/mcs50_m3D_s60.B51
Reading graphs...
60 : 134
60 : 134
Initializing...
maxdom : 8
D->valSize : 240
Solving...
Blb : 2 (clique : 22)
currentSize : 22 <-- 0.001747 s
currentSize : 23 <-- 0.003061 s
currentSize : 24 <-- 0.027564 s
currentSize : 25 <-- 0.027635 s
currentSize : 26 <-- 0.042606 s
currentSize : 27 <-- 0.137519 s
currentSize : 28 <-- 0.153871 s

maxsize : 28
nodes : 8267782.000000
filtered : 54882078.000000
time : 35.471394
