Parameters: GAD=1 vflib=1 dir=1 label=1 lowerbound=1 fileNameGp=../graphsdb/mcs50/rand/r001/mcs50_r001_s100.A19 fileNameGt=../graphsdb/mcs50/rand/r001/mcs50_r001_s100.B19
Reading graphs...
100 : 124
100 : 124
Initializing...
maxdom : 8
D->valSize : 345
Solving...
Blb : 2 (clique : 43)
currentSize : 43 <-- 0.003861 s
currentSize : 44 <-- 4.411989 s
currentSize : 45 <-- 4.421088 s
currentSize : 46 <-- 7.595361 s
currentSize : 47 <-- 10.032786 s
currentSize : 48 <-- 44.737099 s
currentSize : 49 <-- 54.836040 s
currentSize : 50 <-- 85.963409 s
currentSize : 51 <-- 2314.156738 s
currentSize : 52 <-- 3273.141113 s

TIMEOUT
maxsize : 52
nodes : 689083154.000000
filtered : 2953590484.000000
time : 3600.000000
