Parameters: GAD=1 vflib=1 dir=1 label=1 lowerbound=1 fileNameGp=../graphsdb/mcs50/rand/r01/mcs50_r01_s35.A19 fileNameGt=../graphsdb/mcs50/rand/r01/mcs50_r01_s35.B19
Reading graphs...
35 : 118
35 : 118
Initializing...
maxdom : 9
D->valSize : 178
Solving...
Blb : 3 (clique : 10)
currentSize : 10 <-- 0.000989 s
currentSize : 11 <-- 0.001868 s
currentSize : 12 <-- 0.002569 s
currentSize : 13 <-- 0.002650 s
currentSize : 14 <-- 0.002698 s
currentSize : 15 <-- 0.003397 s
currentSize : 16 <-- 0.003614 s
currentSize : 17 <-- 0.003686 s

maxsize : 17
nodes : 3062.000000
filtered : 39426.000000
time : 0.012782
