Parameters: GAD=1 vflib=1 dir=1 label=1 lowerbound=1 fileNameGp=../graphsdb/mcs50/m3D/m3D/mcs50_m3D_s60.A44 fileNameGt=../graphsdb/mcs50/m3D/m3D/mcs50_m3D_s60.B44
Reading graphs...
60 : 134
60 : 134
Initializing...
maxdom : 7
D->valSize : 258
Solving...
Blb : 2 (clique : 20)
currentSize : 20 <-- 0.002182 s
currentSize : 21 <-- 0.002303 s
currentSize : 22 <-- 0.005966 s
currentSize : 23 <-- 0.043160 s
currentSize : 24 <-- 0.839512 s
currentSize : 25 <-- 1.586493 s
currentSize : 26 <-- 24.499500 s
currentSize : 27 <-- 50.862141 s
currentSize : 28 <-- 122.327553 s

maxsize : 28
nodes : 40599930.000000
filtered : 317162272.000000
time : 178.049515
