Parameters: GAD=1 vflib=1 dir=1 label=1 lowerbound=1 fileNameGp=../graphsdb/mcs50/m4D/m4Dr4/mcs50_m4Dr4_s35.A46 fileNameGt=../graphsdb/mcs50/m4D/m4Dr4/mcs50_m4Dr4_s35.B46
Reading graphs...
35 : 77
35 : 76
Initializing...
maxdom : 6
D->valSize : 164
Solving...
Blb : 2 (clique : 11)
currentSize : 11 <-- 0.000880 s
currentSize : 12 <-- 0.000948 s
currentSize : 13 <-- 0.001114 s
currentSize : 14 <-- 0.069019 s
currentSize : 15 <-- 0.098285 s
currentSize : 16 <-- 0.185922 s
currentSize : 17 <-- 0.196671 s

maxsize : 17
nodes : 116490.000000
filtered : 1008523.000000
time : 0.417775
