Parameters: GAD=1 vflib=1 dir=1 label=1 lowerbound=1 fileNameGp=../graphsdb/mcs50/m2D/m2D/mcs50_m2D_s90.A65 fileNameGt=../graphsdb/mcs50/m2D/m2D/mcs50_m2D_s90.B65
Reading graphs...
90 : 161
90 : 161
Initializing...
maxdom : 9
D->valSize : 526
Solving...
Blb : 2 (clique : 34)
currentSize : 34 <-- 0.006178 s
currentSize : 43 <-- 0.006481 s
currentSize : 44 <-- 0.006570 s
currentSize : 45 <-- 0.008499 s
currentSize : 46 <-- 0.061945 s
currentSize : 47 <-- 0.544522 s
currentSize : 48 <-- 37.024567 s

TIMEOUT
maxsize : 48
nodes : 674858381.000000
filtered : 4433923870.000000
time : 3600.000000
