Parameters: GAD=1 vflib=1 dir=1 label=1 lowerbound=1 fileNameGp=../graphsdb/mcs50/rand/r02/mcs50_r02_s60.A10 fileNameGt=../graphsdb/mcs50/rand/r02/mcs50_r02_s60.B10
Reading graphs...
60 : 707
60 : 707
Initializing...
maxdom : 6
D->valSize : 240
Solving...
Blb : 2 (clique : 8)
currentSize : 8 <-- 0.002347 s
currentSize : 11 <-- 0.002450 s
currentSize : 17 <-- 0.003608 s
currentSize : 20 <-- 0.004903 s
currentSize : 30 <-- 0.008410 s

maxsize : 30
nodes : 1359.000000
filtered : 25165.000000
time : 0.012867
