Parameters: GAD=1 vflib=1 dir=1 label=1 lowerbound=1 fileNameGp=../graphsdb/mcs50/bvg/b06/mcs50_b06_s70.A53 fileNameGt=../graphsdb/mcs50/bvg/b06/mcs50_b06_s70.B53
Reading graphs...
70 : 210
70 : 210
Initializing...
maxdom : 9
D->valSize : 344
Solving...
Blb : 2 (clique : 18)
currentSize : 18 <-- 0.002935 s
currentSize : 19 <-- 0.036470 s
currentSize : 20 <-- 0.220722 s
currentSize : 22 <-- 0.883885 s
currentSize : 23 <-- 1.178505 s
currentSize : 24 <-- 1.264792 s
currentSize : 26 <-- 2.680925 s
currentSize : 28 <-- 4.162004 s
currentSize : 29 <-- 8.127425 s
currentSize : 30 <-- 8.133908 s
currentSize : 31 <-- 8.134206 s
currentSize : 32 <-- 8.175126 s
currentSize : 34 <-- 17.543142 s
currentSize : 35 <-- 17.780016 s
currentSize : 36 <-- 40.425343 s

maxsize : 36
nodes : 10739543.000000
filtered : 85561894.000000
time : 51.470497
