Parameters: GAD=1 vflib=1 dir=1 label=1 lowerbound=1 fileNameGp=../graphsdb/mcs50/rand/r005/mcs50_r005_s40.A62 fileNameGt=../graphsdb/mcs50/rand/r005/mcs50_r005_s40.B62
Reading graphs...
40 : 78
40 : 78
Initializing...
maxdom : 8
D->valSize : 215
Solving...
Blb : 2 (clique : 14)
currentSize : 14 <-- 0.002023 s
currentSize : 15 <-- 0.004842 s
currentSize : 16 <-- 0.015700 s
currentSize : 17 <-- 0.023727 s
currentSize : 18 <-- 0.024622 s
currentSize : 19 <-- 0.043583 s
currentSize : 20 <-- 0.199593 s
currentSize : 21 <-- 0.199750 s
currentSize : 22 <-- 0.208896 s

maxsize : 22
nodes : 47809.000000
filtered : 558406.000000
time : 0.320165
