Parameters: GAD=1 vflib=1 dir=1 label=1 lowerbound=1 fileNameGp=../graphsdb/mcs50/m2D/m2Dr4/mcs50_m2Dr4_s40.A41 fileNameGt=../graphsdb/mcs50/m2D/m2Dr4/mcs50_m2Dr4_s40.B41
Reading graphs...
40 : 83
40 : 82
Initializing...
maxdom : 7
D->valSize : 221
Solving...
Blb : 5 (clique : 13)
currentSize : 13 <-- 0.001336 s
currentSize : 14 <-- 0.001600 s
currentSize : 15 <-- 0.002944 s
currentSize : 17 <-- 0.162976 s
currentSize : 18 <-- 0.163007 s
currentSize : 20 <-- 0.320189 s

maxsize : 20
nodes : 254598.000000
filtered : 2331627.000000
time : 0.977771
