Parameters: GAD=1 vflib=1 dir=1 label=1 lowerbound=1 fileNameGp=../graphsdb/mcs50/rand/r02/mcs50_r02_s80.A04 fileNameGt=../graphsdb/mcs50/rand/r02/mcs50_r02_s80.B04
Reading graphs...
80 : 1263
80 : 1263
Initializing...
maxdom : 9
D->valSize : 437
Solving...
Blb : 2 (clique : 7)
currentSize : 7 <-- 0.005980 s
currentSize : 8 <-- 0.006217 s
currentSize : 9 <-- 0.007313 s
currentSize : 10 <-- 0.008465 s
currentSize : 14 <-- 0.011313 s
currentSize : 27 <-- 0.012340 s
currentSize : 40 <-- 0.023130 s

maxsize : 40
nodes : 3772.000000
filtered : 120422.000000
time : 0.034220
