Parameters: GAD=1 vflib=1 dir=1 label=1 lowerbound=1 fileNameGp=../graphsdb/mcs50/m2D/m2Dr2/mcs50_m2Dr2_s70.A02 fileNameGt=../graphsdb/mcs50/m2D/m2Dr2/mcs50_m2Dr2_s70.B02
Reading graphs...
70 : 137
70 : 136
Initializing...
maxdom : 9
D->valSize : 353
Solving...
Blb : 2 (clique : 27)
currentSize : 27 <-- 0.002992 s
currentSize : 28 <-- 0.003210 s
currentSize : 30 <-- 0.006570 s
currentSize : 31 <-- 0.008312 s
currentSize : 32 <-- 0.130423 s
currentSize : 33 <-- 0.281074 s
currentSize : 34 <-- 3.007786 s
currentSize : 35 <-- 3.033540 s
currentSize : 37 <-- 3.040059 s
currentSize : 38 <-- 23.715014 s
currentSize : 39 <-- 23.715792 s
currentSize : 40 <-- 25.310152 s

maxsize : 40
nodes : 11039356.000000
filtered : 61464536.000000
time : 49.380962
