Parameters: GAD=1 vflib=1 dir=1 label=1 lowerbound=1 fileNameGp=../graphsdb/mcs50/bvg/b06/mcs50_b06_s40.A57 fileNameGt=../graphsdb/mcs50/bvg/b06/mcs50_b06_s40.B57
Reading graphs...
40 : 120
40 : 120
Initializing...
maxdom : 7
D->valSize : 202
Solving...
Blb : 2 (clique : 12)
currentSize : 12 <-- 0.001101 s
currentSize : 13 <-- 0.002226 s
currentSize : 14 <-- 0.002447 s
currentSize : 15 <-- 0.038922 s
currentSize : 16 <-- 0.042240 s
currentSize : 17 <-- 0.069525 s
currentSize : 18 <-- 0.085559 s
currentSize : 19 <-- 0.206955 s
currentSize : 20 <-- 0.391579 s

maxsize : 20
nodes : 130214.000000
filtered : 969300.000000
time : 0.455359
