Parameters: GAD=1 vflib=1 dir=1 label=1 lowerbound=1 fileNameGp=../graphsdb/mcs50/m4D/m4Dr6/mcs50_m4Dr6_s40.A85 fileNameGt=../graphsdb/mcs50/m4D/m4Dr6/mcs50_m4Dr6_s40.B85
Reading graphs...
40 : 95
40 : 92
Initializing...
maxdom : 8
D->valSize : 204
Solving...
Blb : 3 (clique : 15)
currentSize : 15 <-- 0.001162 s
currentSize : 16 <-- 0.051004 s
currentSize : 18 <-- 0.146684 s
currentSize : 19 <-- 0.202082 s
currentSize : 20 <-- 0.209834 s

maxsize : 20
nodes : 109151.000000
filtered : 1348242.000000
time : 0.514341
