Parameters: GAD=1 vflib=1 dir=1 label=1 lowerbound=1 fileNameGp=../graphsdb/mcs50/m2D/m2D/mcs50_m2D_s30.A27 fileNameGt=../graphsdb/mcs50/m2D/m2D/mcs50_m2D_s30.B27
Reading graphs...
30 : 49
30 : 49
Initializing...
maxdom : 8
D->valSize : 130
Solving...
Blb : 2 (clique : 12)
currentSize : 12 <-- 0.000804 s
currentSize : 13 <-- 0.000883 s
currentSize : 14 <-- 0.000938 s
currentSize : 16 <-- 0.013088 s
currentSize : 17 <-- 0.013142 s

maxsize : 17
nodes : 5375.000000
filtered : 40860.000000
time : 0.018103
