Parameters: GAD=1 vflib=1 dir=1 label=1 lowerbound=1 fileNameGp=../graphsdb/mcs50/rand/r02/mcs50_r02_s30.A94 fileNameGt=../graphsdb/mcs50/rand/r02/mcs50_r02_s30.B94
Reading graphs...
30 : 173
30 : 173
Initializing...
maxdom : 8
D->valSize : 142
Solving...
Blb : 2 (clique : 6)
currentSize : 6 <-- 0.000733 s
currentSize : 7 <-- 0.000793 s
currentSize : 8 <-- 0.000914 s
currentSize : 10 <-- 0.000962 s
currentSize : 11 <-- 0.001022 s
currentSize : 15 <-- 0.001483 s

maxsize : 15
nodes : 321.000000
filtered : 5061.000000
time : 0.001867
