Parameters: GAD=1 vflib=1 dir=1 label=1 lowerbound=1 fileNameGp=../graphsdb/mcs50/rand/r005/mcs50_r005_s40.A54 fileNameGt=../graphsdb/mcs50/rand/r005/mcs50_r005_s40.B54
Reading graphs...
40 : 78
40 : 78
Initializing...
maxdom : 9
D->valSize : 221
Solving...
Blb : 2 (clique : 13)
currentSize : 13 <-- 0.001392 s
currentSize : 14 <-- 0.001484 s
currentSize : 15 <-- 0.001612 s
currentSize : 16 <-- 0.009233 s
currentSize : 18 <-- 0.016041 s
currentSize : 19 <-- 0.026981 s
currentSize : 20 <-- 0.904135 s

maxsize : 20
nodes : 256703.000000
filtered : 2905619.000000
time : 1.139532
