Parameters: GAD=1 vflib=1 dir=1 label=1 lowerbound=1 fileNameGp=../graphsdb/mcs50/bvg/b06m/mcs50_b06m_s50.A41 fileNameGt=../graphsdb/mcs50/bvg/b06m/mcs50_b06m_s50.B41
Reading graphs...
50 : 150
50 : 150
Initializing...
maxdom : 9
D->valSize : 323
Solving...
Blb : 2 (clique : 15)
currentSize : 15 <-- 0.003689 s
currentSize : 17 <-- 0.003844 s
currentSize : 19 <-- 0.011061 s
currentSize : 21 <-- 0.011093 s
currentSize : 22 <-- 0.227170 s
currentSize : 23 <-- 0.227719 s
currentSize : 26 <-- 0.231193 s

maxsize : 26
nodes : 418338.000000
filtered : 4095770.000000
time : 1.759848
