Parameters: GAD=1 vflib=1 dir=1 label=1 lowerbound=1 fileNameGp=../graphsdb/mcs50/rand/r02/mcs50_r02_s70.A83 fileNameGt=../graphsdb/mcs50/rand/r02/mcs50_r02_s70.B83
Reading graphs...
70 : 965
70 : 965
Initializing...
maxdom : 7
D->valSize : 310
Solving...
Blb : 2 (clique : 7)
currentSize : 7 <-- 0.002432 s
currentSize : 8 <-- 0.002538 s
currentSize : 9 <-- 0.003592 s
currentSize : 10 <-- 0.003992 s
currentSize : 15 <-- 0.004481 s
currentSize : 20 <-- 0.007163 s
currentSize : 35 <-- 0.009574 s

maxsize : 35
nodes : 2121.000000
filtered : 46120.000000
time : 0.014859
