Parameters: GAD=1 vflib=1 dir=1 label=1 lowerbound=1 fileNameGp=../graphsdb/mcs50/bvg/b09m/mcs50_b09m_s70.A47 fileNameGt=../graphsdb/mcs50/bvg/b09m/mcs50_b09m_s70.B47
Reading graphs...
70 : 315
70 : 315
Initializing...
maxdom : 9
D->valSize : 316
Solving...
Blb : 2 (clique : 14)
currentSize : 14 <-- 0.002462 s
currentSize : 15 <-- 0.003541 s
currentSize : 16 <-- 0.003825 s
currentSize : 17 <-- 0.197334 s
currentSize : 18 <-- 0.211091 s
currentSize : 20 <-- 0.329620 s
currentSize : 21 <-- 0.730338 s
currentSize : 22 <-- 0.730468 s
currentSize : 23 <-- 0.987977 s
currentSize : 30 <-- 1.069690 s
currentSize : 31 <-- 1.125902 s
currentSize : 32 <-- 1.126123 s
currentSize : 34 <-- 1.233417 s

maxsize : 34
nodes : 282703.000000
filtered : 3035432.000000
time : 1.470099
