Parameters: GAD=1 vflib=1 dir=1 label=1 lowerbound=1 fileNameGp=../graphsdb/mcs50/m3D/m3Dr2/mcs50_m3Dr2_s60.A35 fileNameGt=../graphsdb/mcs50/m3D/m3Dr2/mcs50_m3Dr2_s60.B35
Reading graphs...
60 : 146
60 : 144
Initializing...
maxdom : 6
D->valSize : 234
Solving...
Blb : 2 (clique : 19)
currentSize : 19 <-- 0.002563 s
currentSize : 22 <-- 0.002736 s
currentSize : 23 <-- 0.002841 s
currentSize : 24 <-- 0.002960 s
currentSize : 26 <-- 0.004459 s
currentSize : 27 <-- 5.167307 s
currentSize : 28 <-- 5.173437 s
currentSize : 29 <-- 16.112534 s
currentSize : 30 <-- 16.115761 s

maxsize : 30
nodes : 4879026.000000
filtered : 31843924.000000
time : 20.869608
