Parameters: GAD=1 vflib=1 dir=1 label=1 lowerbound=1 fileNameGp=../graphsdb/mcs50/bvg/b03m/mcs50_b03m_s60.A38 fileNameGt=../graphsdb/mcs50/bvg/b03m/mcs50_b03m_s60.B38
Reading graphs...
60 : 90
60 : 90
Initializing...
maxdom : 7
D->valSize : 254
Solving...
Blb : 3 (clique : 26)
currentSize : 26 <-- 0.002006 s
currentSize : 27 <-- 5.456818 s
currentSize : 28 <-- 8.239752 s
currentSize : 29 <-- 28.915224 s
currentSize : 30 <-- 115.953590 s
currentSize : 31 <-- 144.768661 s
currentSize : 32 <-- 242.578903 s
currentSize : 33 <-- 297.868011 s
currentSize : 34 <-- 297.878967 s

maxsize : 34
nodes : 74402634.000000
filtered : 543183887.000000
time : 331.859009
