Parameters: GAD=1 vflib=1 dir=1 label=1 lowerbound=1 fileNameGp=../graphsdb/mcs50/m3D/m3Dr4/mcs50_m3Dr4_s60.A12 fileNameGt=../graphsdb/mcs50/m3D/m3Dr4/mcs50_m3Dr4_s60.B12
Reading graphs...
60 : 158
60 : 156
Initializing...
maxdom : 7
D->valSize : 259
Solving...
Blb : 2 (clique : 22)
currentSize : 22 <-- 0.001930 s
currentSize : 23 <-- 0.039900 s
currentSize : 25 <-- 0.500565 s
currentSize : 26 <-- 0.502982 s
currentSize : 27 <-- 2.641976 s
currentSize : 28 <-- 4.179390 s
currentSize : 29 <-- 5.964038 s
currentSize : 30 <-- 5.964122 s

maxsize : 30
nodes : 1760618.000000
filtered : 13622486.000000
time : 7.697651
