Parameters: GAD=1 vflib=1 dir=1 label=1 lowerbound=1 fileNameGp=../graphsdb/mcs50/m3D/m3Dr2/mcs50_m3Dr2_s60.A97 fileNameGt=../graphsdb/mcs50/m3D/m3Dr2/mcs50_m3Dr2_s60.B97
Reading graphs...
60 : 146
60 : 145
Initializing...
maxdom : 8
D->valSize : 252
Solving...
Blb : 2 (clique : 22)
currentSize : 22 <-- 0.002074 s
currentSize : 23 <-- 0.003573 s
currentSize : 24 <-- 0.085930 s
currentSize : 25 <-- 0.805931 s
currentSize : 26 <-- 1.112335 s
currentSize : 27 <-- 3.264121 s
currentSize : 28 <-- 3.267240 s

maxsize : 28
nodes : 2315460.000000
filtered : 15384178.000000
time : 9.748900
