Parameters: GAD=1 vflib=1 dir=1 label=1 lowerbound=1 fileNameGp=../graphsdb/mcs50/rand/r01/mcs50_r01_s60.A22 fileNameGt=../graphsdb/mcs50/rand/r01/mcs50_r01_s60.B22
Reading graphs...
60 : 353
60 : 353
Initializing...
maxdom : 7
D->valSize : 264
Solving...
Blb : 2 (clique : 13)
currentSize : 13 <-- 0.001769 s
currentSize : 15 <-- 0.007271 s
currentSize : 17 <-- 0.011596 s
currentSize : 18 <-- 0.011687 s
currentSize : 20 <-- 0.024221 s
currentSize : 21 <-- 0.033650 s
currentSize : 22 <-- 0.073193 s
currentSize : 28 <-- 0.075150 s
currentSize : 30 <-- 0.075178 s

maxsize : 30
nodes : 32038.000000
filtered : 370152.000000
time : 0.156483
