Parameters: GAD=1 vflib=1 dir=1 label=1 lowerbound=1 fileNameGp=../graphsdb/mcs50/rand/r005/mcs50_r005_s40.A89 fileNameGt=../graphsdb/mcs50/rand/r005/mcs50_r005_s40.B89
Reading graphs...
40 : 78
40 : 78
Initializing...
maxdom : 8
D->valSize : 203
Solving...
Blb : 3 (clique : 14)
currentSize : 14 <-- 0.001392 s
currentSize : 15 <-- 0.002362 s
currentSize : 16 <-- 0.037682 s
currentSize : 17 <-- 0.427534 s
currentSize : 18 <-- 0.427583 s
currentSize : 19 <-- 1.397366 s
currentSize : 20 <-- 1.397460 s

maxsize : 20
nodes : 611415.000000
filtered : 6421897.000000
time : 2.504804
