Parameters: GAD=1 vflib=1 dir=1 label=1 lowerbound=1 fileNameGp=../graphsdb/mcs50/rand/r02/mcs50_r02_s70.A41 fileNameGt=../graphsdb/mcs50/rand/r02/mcs50_r02_s70.B41
Reading graphs...
70 : 965
70 : 965
Initializing...
maxdom : 13
D->valSize : 359
Solving...
Blb : 2 (clique : 14)
currentSize : 14 <-- 0.003208 s
currentSize : 16 <-- 0.003942 s
currentSize : 17 <-- 0.006838 s
currentSize : 23 <-- 0.009222 s
currentSize : 35 <-- 0.009517 s

maxsize : 35
nodes : 2424.000000
filtered : 55976.000000
time : 0.017670
