Parameters: GAD=1 vflib=1 dir=1 label=1 lowerbound=1 fileNameGp=../graphsdb/mcs50/bvg/b03m/mcs50_b03m_s50.A41 fileNameGt=../graphsdb/mcs50/bvg/b03m/mcs50_b03m_s50.B41
Reading graphs...
50 : 75
50 : 75
Initializing...
maxdom : 8
D->valSize : 310
Solving...
Blb : 2 (clique : 21)
currentSize : 21 <-- 0.002281 s
currentSize : 22 <-- 0.002425 s
currentSize : 23 <-- 0.006041 s
currentSize : 24 <-- 7.466122 s
currentSize : 26 <-- 619.696106 s
currentSize : 27 <-- 619.709778 s
currentSize : 28 <-- 619.713806 s

maxsize : 28
nodes : 413818764.000000
filtered : 4692456981.000000
time : 1770.218872
