Parameters: GAD=1 vflib=1 dir=1 label=1 lowerbound=1 fileNameGp=../graphsdb/mcs50/rand/r005/mcs50_r005_s50.A45 fileNameGt=../graphsdb/mcs50/rand/r005/mcs50_r005_s50.B45
Reading graphs...
50 : 121
50 : 121
Initializing...
maxdom : 10
D->valSize : 341
Solving...
Blb : 2 (clique : 14)
currentSize : 14 <-- 0.002399 s
currentSize : 15 <-- 0.002739 s
currentSize : 16 <-- 0.003449 s
currentSize : 17 <-- 0.055641 s
currentSize : 18 <-- 0.298108 s
currentSize : 19 <-- 0.428117 s
currentSize : 20 <-- 0.588344 s
currentSize : 21 <-- 0.588486 s
currentSize : 22 <-- 4.997071 s
currentSize : 23 <-- 5.029799 s
currentSize : 24 <-- 11.138797 s
currentSize : 25 <-- 11.138863 s

maxsize : 25
nodes : 3580298.000000
filtered : 55952001.000000
time : 17.847233
