Parameters: GAD=1 vflib=1 dir=1 label=1 lowerbound=1 fileNameGp=../graphsdb/mcs50/bvg/b06/mcs50_b06_s100.A24 fileNameGt=../graphsdb/mcs50/bvg/b06/mcs50_b06_s100.B24
Reading graphs...
100 : 300
100 : 300
Initializing...
maxdom : 6
D->valSize : 343
Solving...
Blb : 2 (clique : 34)
currentSize : 34 <-- 0.003491 s
currentSize : 35 <-- 0.004045 s
currentSize : 36 <-- 0.007328 s
currentSize : 37 <-- 0.053391 s
currentSize : 38 <-- 0.468081 s
currentSize : 39 <-- 0.488860 s
currentSize : 40 <-- 0.490126 s
currentSize : 41 <-- 0.621089 s
currentSize : 43 <-- 2.244050 s
currentSize : 44 <-- 2.244235 s
currentSize : 45 <-- 2.245602 s
currentSize : 46 <-- 2.366154 s
currentSize : 47 <-- 2.366399 s
currentSize : 48 <-- 761.058838 s
currentSize : 49 <-- 761.059143 s
currentSize : 50 <-- 761.059631 s

TIMEOUT
maxsize : 50
nodes : 670887764.000000
filtered : 3006256650.000000
time : 3600.000000
