Parameters: GAD=1 vflib=1 dir=1 label=1 lowerbound=1 fileNameGp=../graphsdb/mcs50/bvg/b06/mcs50_b06_s35.A11 fileNameGt=../graphsdb/mcs50/bvg/b06/mcs50_b06_s35.B11
Reading graphs...
35 : 105
35 : 105
Initializing...
maxdom : 7
D->valSize : 158
Solving...
Blb : 2 (clique : 9)
currentSize : 9 <-- 0.000843 s
currentSize : 10 <-- 0.000970 s
currentSize : 11 <-- 0.004628 s
currentSize : 12 <-- 0.010327 s
currentSize : 14 <-- 0.018024 s
currentSize : 15 <-- 0.018327 s
currentSize : 16 <-- 0.035002 s
currentSize : 17 <-- 0.054055 s

maxsize : 17
nodes : 18360.000000
filtered : 169461.000000
time : 0.063806
