Parameters: GAD=1 vflib=1 dir=1 label=1 lowerbound=1 fileNameGp=../graphsdb/mcs50/rand/r01/mcs50_r01_s80.A34 fileNameGt=../graphsdb/mcs50/rand/r01/mcs50_r01_s80.B34
Reading graphs...
80 : 631
80 : 631
Initializing...
maxdom : 8
D->valSize : 432
Solving...
Blb : 2 (clique : 13)
currentSize : 13 <-- 0.006889 s
currentSize : 14 <-- 0.012785 s
currentSize : 15 <-- 0.026704 s
currentSize : 16 <-- 0.026828 s
currentSize : 17 <-- 0.027084 s
currentSize : 19 <-- 0.027811 s
currentSize : 20 <-- 0.035493 s
currentSize : 21 <-- 0.271992 s
currentSize : 24 <-- 0.517836 s
currentSize : 29 <-- 0.518010 s
currentSize : 32 <-- 0.661606 s
currentSize : 40 <-- 0.918110 s

maxsize : 40
nodes : 207400.000000
filtered : 2790455.000000
time : 1.227147
