Parameters: GAD=1 vflib=1 dir=1 label=1 lowerbound=1 fileNameGp=../graphsdb/mcs50/bvg/b03m/mcs50_b03m_s90.A86 fileNameGt=../graphsdb/mcs50/bvg/b03m/mcs50_b03m_s90.B86
Reading graphs...
90 : 135
90 : 135
Initializing...
maxdom : 9
D->valSize : 508
Solving...
Blb : 2 (clique : 34)
currentSize : 34 <-- 0.005907 s
currentSize : 35 <-- 4.554219 s
currentSize : 36 <-- 4.573315 s
currentSize : 37 <-- 7.074895 s
currentSize : 38 <-- 37.636917 s
currentSize : 39 <-- 60.111992 s
currentSize : 40 <-- 287.972137 s
currentSize : 41 <-- 2944.074463 s

TIMEOUT
maxsize : 41
nodes : 678683309.000000
filtered : 5060477379.000000
time : 3600.000000
