Parameters: GAD=1 vflib=1 dir=1 label=1 lowerbound=1 fileNameGp=../graphsdb/mcs50/rand/r01/mcs50_r01_s60.A94 fileNameGt=../graphsdb/mcs50/rand/r01/mcs50_r01_s60.B94
Reading graphs...
60 : 353
60 : 353
Initializing...
maxdom : 7
D->valSize : 269
Solving...
Blb : 2 (clique : 13)
currentSize : 13 <-- 0.001789 s
currentSize : 14 <-- 0.044634 s
currentSize : 17 <-- 0.065231 s
currentSize : 20 <-- 0.065256 s
currentSize : 21 <-- 0.065335 s
currentSize : 23 <-- 0.145572 s
currentSize : 30 <-- 0.145979 s

maxsize : 30
nodes : 41660.000000
filtered : 437106.000000
time : 0.198414
