Parameters: GAD=1 vflib=1 dir=1 label=1 lowerbound=1 fileNameGp=../graphsdb/mcs50/m2D/m2Dr2/mcs50_m2Dr2_s60.A52 fileNameGt=../graphsdb/mcs50/m2D/m2Dr2/mcs50_m2Dr2_s60.B52
Reading graphs...
60 : 116
60 : 116
Initializing...
maxdom : 9
D->valSize : 324
Solving...
Blb : 2 (clique : 24)
currentSize : 24 <-- 0.002467 s
currentSize : 25 <-- 0.002668 s
currentSize : 26 <-- 0.003039 s
currentSize : 27 <-- 4.770923 s
currentSize : 28 <-- 54.037312 s

maxsize : 28
nodes : 29696662.000000
filtered : 354328523.000000
time : 147.964966
