Parameters: GAD=1 vflib=1 dir=1 label=1 lowerbound=1 fileNameGp=../graphsdb/mcs50/rand/r01/mcs50_r01_s20.A75 fileNameGt=../graphsdb/mcs50/rand/r01/mcs50_r01_s20.B75
Reading graphs...
20 : 38
20 : 38
Initializing...
maxdom : 7
D->valSize : 97
Solving...
Blb : 2 (clique : 7)
currentSize : 7 <-- 0.000519 s
currentSize : 8 <-- 0.000571 s
currentSize : 9 <-- 0.000593 s
currentSize : 10 <-- 0.001127 s
currentSize : 11 <-- 0.001203 s

maxsize : 11
nodes : 710.000000
filtered : 6960.000000
time : 0.002654
