Parameters: GAD=1 vflib=1 dir=1 label=1 lowerbound=1 fileNameGp=../graphsdb/mcs50/bvg/b03/mcs50_b03_s60.A21 fileNameGt=../graphsdb/mcs50/bvg/b03/mcs50_b03_s60.B21
Reading graphs...
60 : 90
60 : 90
Initializing...
maxdom : 6
D->valSize : 260
Solving...
Blb : 2 (clique : 28)
currentSize : 28 <-- 0.003133 s
currentSize : 29 <-- 0.003520 s
currentSize : 30 <-- 0.004121 s
currentSize : 31 <-- 0.004598 s
currentSize : 32 <-- 0.396916 s

maxsize : 32
nodes : 18557301.000000
filtered : 111875281.000000
time : 79.359123
