Parameters: GAD=1 vflib=1 dir=1 label=1 lowerbound=1 fileNameGp=../graphsdb/mcs50/bvg/b09/mcs50_b09_s100.A24 fileNameGt=../graphsdb/mcs50/bvg/b09/mcs50_b09_s100.B24
Reading graphs...
100 : 450
100 : 450
Initializing...
maxdom : 8
D->valSize : 351
Solving...
Blb : 2 (clique : 39)
currentSize : 39 <-- 0.005634 s
currentSize : 41 <-- 0.006197 s
currentSize : 44 <-- 0.023426 s
currentSize : 45 <-- 0.024752 s
currentSize : 46 <-- 0.026058 s
currentSize : 47 <-- 62.079102 s
currentSize : 48 <-- 62.080158 s
currentSize : 49 <-- 62.080608 s
currentSize : 50 <-- 62.128391 s

maxsize : 50
nodes : 49620614.000000
filtered : 245379689.000000
time : 269.157227
