Parameters: GAD=1 vflib=1 dir=1 label=1 lowerbound=1 fileNameGp=../graphsdb/mcs50/rand/r02/mcs50_r02_s40.A81 fileNameGt=../graphsdb/mcs50/rand/r02/mcs50_r02_s40.B81
Reading graphs...
40 : 311
40 : 311
Initializing...
maxdom : 9
D->valSize : 234
Solving...
Blb : 2 (clique : 6)
currentSize : 6 <-- 0.001286 s
currentSize : 7 <-- 0.001489 s
currentSize : 8 <-- 0.001594 s
currentSize : 11 <-- 0.003671 s
currentSize : 15 <-- 0.008312 s
currentSize : 20 <-- 0.008349 s

maxsize : 20
nodes : 1992.000000
filtered : 35561.000000
time : 0.009605
