Parameters: GAD=1 vflib=1 dir=1 label=1 lowerbound=1 fileNameGp=../graphsdb/mcs50/rand/r02/mcs50_r02_s40.A86 fileNameGt=../graphsdb/mcs50/rand/r02/mcs50_r02_s40.B86
Reading graphs...
40 : 311
40 : 311
Initializing...
maxdom : 7
D->valSize : 210
Solving...
Blb : 2 (clique : 7)
currentSize : 7 <-- 0.001188 s
currentSize : 8 <-- 0.002102 s
currentSize : 9 <-- 0.003780 s
currentSize : 13 <-- 0.004166 s
currentSize : 20 <-- 0.004216 s

maxsize : 20
nodes : 1681.000000
filtered : 27404.000000
time : 0.008081
