Parameters: GAD=1 vflib=1 dir=1 label=1 lowerbound=1 fileNameGp=../graphsdb/mcs50/bvg/b06m/mcs50_b06m_s100.A35 fileNameGt=../graphsdb/mcs50/bvg/b06m/mcs50_b06m_s100.B35
Reading graphs...
100 : 300
100 : 300
Initializing...
maxdom : 9
D->valSize : 410
Solving...
Blb : 2 (clique : 38)
currentSize : 38 <-- 0.004332 s
currentSize : 39 <-- 0.004757 s
currentSize : 40 <-- 0.074818 s
currentSize : 41 <-- 0.507612 s
currentSize : 42 <-- 0.541274 s
currentSize : 43 <-- 381.780365 s
currentSize : 44 <-- 381.789001 s
currentSize : 45 <-- 381.789795 s
currentSize : 46 <-- 1361.908569 s
currentSize : 47 <-- 1361.910278 s
currentSize : 48 <-- 2280.328125 s
currentSize : 49 <-- 2621.440674 s
currentSize : 50 <-- 2621.440918 s

TIMEOUT
maxsize : 50
nodes : 698262510.000000
filtered : 3254224028.000000
time : 3600.000000
