Parameters: GAD=1 vflib=1 dir=1 label=1 lowerbound=1 fileNameGp=../graphsdb/mcs50/m2D/m2Dr6/mcs50_m2Dr6_s60.A91 fileNameGt=../graphsdb/mcs50/m2D/m2Dr6/mcs50_m2Dr6_s60.B91
Reading graphs...
60 : 140
60 : 138
Initializing...
maxdom : 8
D->valSize : 265
Solving...
Blb : 3 (clique : 22)
currentSize : 22 <-- 0.001977 s
currentSize : 23 <-- 0.084666 s
currentSize : 24 <-- 2.396386 s
currentSize : 25 <-- 8.704810 s
currentSize : 26 <-- 12.296486 s
currentSize : 27 <-- 13.040281 s
currentSize : 28 <-- 19.939917 s

maxsize : 28
nodes : 10318458.000000
filtered : 68802819.000000
time : 43.012985
