Parameters: GAD=1 vflib=1 dir=1 label=1 lowerbound=1 fileNameGp=../graphsdb/mcs50/m2D/m2Dr2/mcs50_m2Dr2_s100.A95 fileNameGt=../graphsdb/mcs50/m2D/m2Dr2/mcs50_m2Dr2_s100.B95
Reading graphs...
100 : 200
100 : 200
Initializing...
maxdom : 8
D->valSize : 359
Solving...
Blb : 2 (clique : 41)
currentSize : 41 <-- 0.003867 s
currentSize : 42 <-- 0.004772 s
currentSize : 43 <-- 0.014285 s
currentSize : 44 <-- 0.038331 s
currentSize : 45 <-- 0.077200 s
currentSize : 46 <-- 0.095450 s
currentSize : 47 <-- 2.157100 s

TIMEOUT
maxsize : 47
nodes : 708558516.000000
filtered : 2763510090.000000
time : 3600.000000
