Parameters: GAD=1 vflib=1 dir=1 label=1 lowerbound=1 fileNameGp=../graphsdb/mcs50/rand/r01/mcs50_r01_s30.A30 fileNameGt=../graphsdb/mcs50/rand/r01/mcs50_r01_s30.B30
Reading graphs...
30 : 86
30 : 86
Initializing...
maxdom : 8
D->valSize : 124
Solving...
Blb : 2 (clique : 10)
currentSize : 10 <-- 0.000718 s
currentSize : 11 <-- 0.000860 s
currentSize : 12 <-- 0.001542 s
currentSize : 13 <-- 0.003521 s
currentSize : 14 <-- 0.004466 s
currentSize : 15 <-- 0.004493 s

maxsize : 15
nodes : 1746.000000
filtered : 11645.000000
time : 0.006065
