Parameters: GAD=1 vflib=1 dir=1 label=1 lowerbound=1 fileNameGp=../graphsdb/mcs50/bvg/b06m/mcs50_b06m_s80.A04 fileNameGt=../graphsdb/mcs50/bvg/b06m/mcs50_b06m_s80.B04
Reading graphs...
80 : 240
80 : 240
Initializing...
maxdom : 9
D->valSize : 437
Solving...
Blb : 3 (clique : 26)
currentSize : 26 <-- 0.007809 s
currentSize : 27 <-- 13.444278 s
currentSize : 28 <-- 13.552901 s
currentSize : 29 <-- 19.029888 s
currentSize : 30 <-- 35.712570 s
currentSize : 31 <-- 38.802441 s
currentSize : 33 <-- 92.599792 s
currentSize : 34 <-- 92.600746 s
currentSize : 35 <-- 205.095337 s
currentSize : 37 <-- 205.098068 s
currentSize : 38 <-- 205.099380 s
currentSize : 39 <-- 205.099472 s
currentSize : 40 <-- 205.104324 s
currentSize : 41 <-- 205.105118 s
currentSize : 42 <-- 334.951721 s
currentSize : 43 <-- 335.076782 s

maxsize : 43
nodes : 95447971.000000
filtered : 738582446.000000
time : 504.657074
