Parameters: GAD=1 vflib=1 dir=1 label=1 lowerbound=1 fileNameGp=../graphsdb/mcs50/bvg/b06m/mcs50_b06m_s30.A60 fileNameGt=../graphsdb/mcs50/bvg/b06m/mcs50_b06m_s30.B60
Reading graphs...
30 : 90
30 : 90
Initializing...
maxdom : 6
D->valSize : 118
Solving...
Blb : 3 (clique : 10)
currentSize : 10 <-- 0.000679 s
currentSize : 11 <-- 0.001094 s
currentSize : 12 <-- 0.008894 s
currentSize : 13 <-- 0.008942 s
currentSize : 14 <-- 0.008993 s
currentSize : 15 <-- 0.010685 s

maxsize : 15
nodes : 4778.000000
filtered : 35545.000000
time : 0.015382
