Parameters: GAD=1 vflib=1 dir=1 label=1 lowerbound=1 fileNameGp=../graphsdb/mcs50/m4D/m4Dr4/mcs50_m4Dr4_s35.A80 fileNameGt=../graphsdb/mcs50/m4D/m4Dr4/mcs50_m4Dr4_s35.B80
Reading graphs...
35 : 77
35 : 77
Initializing...
maxdom : 8
D->valSize : 161
Solving...
Blb : 5 (clique : 12)
currentSize : 12 <-- 0.000931 s
currentSize : 13 <-- 0.002778 s
currentSize : 15 <-- 0.010207 s
currentSize : 16 <-- 0.016682 s
currentSize : 17 <-- 0.021799 s

maxsize : 17
nodes : 19864.000000
filtered : 190063.000000
time : 0.071454
