Parameters: GAD=1 vflib=1 dir=1 label=1 lowerbound=1 fileNameGp=../graphsdb/mcs50/bvg/b06/mcs50_b06_s50.A43 fileNameGt=../graphsdb/mcs50/bvg/b06/mcs50_b06_s50.B43
Reading graphs...
50 : 150
50 : 150
Initializing...
maxdom : 9
D->valSize : 325
Solving...
Blb : 2 (clique : 19)
currentSize : 19 <-- 0.002348 s
currentSize : 20 <-- 0.003293 s
currentSize : 21 <-- 0.004330 s
currentSize : 22 <-- 0.004829 s
currentSize : 23 <-- 0.004897 s
currentSize : 25 <-- 0.020244 s
currentSize : 26 <-- 0.020481 s

maxsize : 26
nodes : 421012.000000
filtered : 3642169.000000
time : 1.817051
