Parameters: GAD=1 vflib=1 dir=1 label=1 lowerbound=1 fileNameGp=../graphsdb/mcs50/rand/r02/mcs50_r02_s80.A81 fileNameGt=../graphsdb/mcs50/rand/r02/mcs50_r02_s80.B81
Reading graphs...
80 : 1263
80 : 1263
Initializing...
maxdom : 11
D->valSize : 415
Solving...
Blb : 5 (clique : 10)
currentSize : 10 <-- 0.003656 s
currentSize : 11 <-- 0.004822 s
currentSize : 12 <-- 0.013803 s
currentSize : 15 <-- 0.018925 s
currentSize : 21 <-- 0.020460 s
currentSize : 24 <-- 0.025651 s
currentSize : 40 <-- 0.028681 s

maxsize : 40
nodes : 5717.000000
filtered : 114514.000000
time : 0.037880
