Parameters: GAD=1 vflib=1 dir=1 label=1 lowerbound=1 fileNameGp=../graphsdb/mcs50/m2D/m2Dr2/mcs50_m2Dr2_s60.A57 fileNameGt=../graphsdb/mcs50/m2D/m2Dr2/mcs50_m2Dr2_s60.B57
Reading graphs...
60 : 116
60 : 116
Initializing...
maxdom : 7
D->valSize : 251
Solving...
Blb : 2 (clique : 23)
currentSize : 23 <-- 0.001903 s
currentSize : 24 <-- 0.010100 s
currentSize : 25 <-- 0.012313 s
currentSize : 26 <-- 0.338864 s
currentSize : 27 <-- 24.420935 s
currentSize : 28 <-- 56.909599 s
currentSize : 29 <-- 57.221508 s
currentSize : 30 <-- 57.378353 s

maxsize : 30
nodes : 25827796.000000
filtered : 177292001.000000
time : 112.453377
