Parameters: GAD=1 vflib=1 dir=1 label=1 lowerbound=1 fileNameGp=../graphsdb/mcs50/bvg/b09m/mcs50_b09m_s50.A07 fileNameGt=../graphsdb/mcs50/bvg/b09m/mcs50_b09m_s50.B07
Reading graphs...
50 : 225
50 : 225
Initializing...
maxdom : 8
D->valSize : 323
Solving...
Blb : 2 (clique : 18)
currentSize : 18 <-- 0.002251 s
currentSize : 19 <-- 0.007052 s
currentSize : 20 <-- 0.007165 s
currentSize : 21 <-- 0.007604 s
currentSize : 22 <-- 0.197592 s
currentSize : 23 <-- 0.198739 s
currentSize : 24 <-- 0.198828 s

maxsize : 24
nodes : 119390.000000
filtered : 1764427.000000
time : 0.550900
