Parameters: GAD=1 vflib=1 dir=1 label=1 lowerbound=1 fileNameGp=../graphsdb/mcs50/m3D/m3Dr2/mcs50_m3Dr2_s50.A27 fileNameGt=../graphsdb/mcs50/m3D/m3Dr2/mcs50_m3Dr2_s50.B27
Reading graphs...
50 : 119
50 : 119
Initializing...
maxdom : 8
D->valSize : 329
Solving...
Blb : 2 (clique : 21)
currentSize : 21 <-- 0.003039 s
currentSize : 23 <-- 0.003329 s
currentSize : 24 <-- 0.003902 s
currentSize : 25 <-- 0.004065 s
currentSize : 27 <-- 0.004771 s
currentSize : 28 <-- 0.005000 s

maxsize : 28
nodes : 175251.000000
filtered : 2427825.000000
time : 0.849627
