Parameters: GAD=1 vflib=1 dir=1 label=1 lowerbound=1 fileNameGp=../graphsdb/mcs50/m2D/m2Dr4/mcs50_m2Dr4_s50.A80 fileNameGt=../graphsdb/mcs50/m2D/m2Dr4/mcs50_m2Dr4_s50.B80
Reading graphs...
50 : 105
50 : 104
Initializing...
maxdom : 10
D->valSize : 334
Solving...
Blb : 2 (clique : 19)
currentSize : 19 <-- 0.003971 s
currentSize : 20 <-- 0.004170 s
currentSize : 21 <-- 0.004379 s
currentSize : 22 <-- 8.004578 s
currentSize : 23 <-- 19.305037 s
currentSize : 24 <-- 28.948919 s
currentSize : 27 <-- 28.953611 s

maxsize : 27
nodes : 7893752.000000
filtered : 125057385.000000
time : 38.154408
