Parameters: GAD=1 vflib=1 dir=1 label=1 lowerbound=1 fileNameGp=../graphsdb/mcs50/m2D/m2Dr4/mcs50_m2Dr4_s70.A26 fileNameGt=../graphsdb/mcs50/m2D/m2Dr4/mcs50_m2Dr4_s70.B26
Reading graphs...
70 : 151
70 : 151
Initializing...
maxdom : 10
D->valSize : 386
Solving...
Blb : 2 (clique : 33)
currentSize : 33 <-- 0.005659 s
currentSize : 34 <-- 0.006207 s
currentSize : 35 <-- 0.007898 s
currentSize : 36 <-- 46.175049 s
currentSize : 37 <-- 46.226177 s

maxsize : 37
nodes : 87180539.000000
filtered : 456301074.000000
time : 373.047150
