Parameters: GAD=1 vflib=1 dir=1 label=1 lowerbound=1 fileNameGp=../graphsdb/mcs50/m4D/m4D/mcs50_m4D_s35.A07 fileNameGt=../graphsdb/mcs50/m4D/m4D/mcs50_m4D_s35.B07
Reading graphs...
35 : 63
35 : 63
Initializing...
maxdom : 7
D->valSize : 171
Solving...
Blb : 3 (clique : 15)
currentSize : 15 <-- 0.000915 s
currentSize : 16 <-- 0.001415 s
currentSize : 17 <-- 0.002073 s
currentSize : 18 <-- 0.002382 s
currentSize : 19 <-- 0.004351 s

maxsize : 19
nodes : 8977.000000
filtered : 80808.000000
time : 0.035119
