Parameters: GAD=1 vflib=1 dir=1 label=1 lowerbound=1 fileNameGp=../graphsdb/mcs50/rand/r01/mcs50_r01_s90.A18 fileNameGt=../graphsdb/mcs50/rand/r01/mcs50_r01_s90.B18
Reading graphs...
90 : 800
90 : 800
Initializing...
maxdom : 9
D->valSize : 545
Solving...
Blb : 2 (clique : 29)
currentSize : 29 <-- 0.005864 s
currentSize : 31 <-- 0.028275 s
currentSize : 33 <-- 0.257379 s
currentSize : 34 <-- 0.701778 s
currentSize : 36 <-- 0.701877 s
currentSize : 37 <-- 0.926135 s
currentSize : 38 <-- 1.075275 s
currentSize : 39 <-- 1.669626 s
currentSize : 45 <-- 1.669797 s

maxsize : 45
nodes : 296735.000000
filtered : 5138964.000000
time : 2.018718
