Parameters: GAD=1 vflib=1 dir=1 label=1 lowerbound=1 fileNameGp=../graphsdb/mcs50/m2D/m2Dr6/mcs50_m2Dr6_s70.A42 fileNameGt=../graphsdb/mcs50/m2D/m2Dr6/mcs50_m2Dr6_s70.B42
Reading graphs...
70 : 165
70 : 163
Initializing...
maxdom : 9
D->valSize : 362
Solving...
Blb : 2 (clique : 29)
currentSize : 29 <-- 0.005324 s
currentSize : 30 <-- 0.044090 s
currentSize : 31 <-- 5.304069 s
currentSize : 32 <-- 94.699944 s
currentSize : 33 <-- 297.515320 s
currentSize : 35 <-- 558.190979 s
currentSize : 36 <-- 563.004517 s
currentSize : 37 <-- 563.004761 s

maxsize : 37
nodes : 144646035.000000
filtered : 1574132863.000000
time : 759.313782
