Parameters: GAD=1 vflib=1 dir=1 label=1 lowerbound=1 fileNameGp=../graphsdb/mcs50/m2D/m2Dr6/mcs50_m2Dr6_s50.A31 fileNameGt=../graphsdb/mcs50/m2D/m2Dr6/mcs50_m2Dr6_s50.B31
Reading graphs...
50 : 115
50 : 115
Initializing...
maxdom : 9
D->valSize : 353
Solving...
Blb : 3 (clique : 19)
currentSize : 19 <-- 0.002839 s
currentSize : 20 <-- 0.036649 s
currentSize : 21 <-- 4.632084 s
currentSize : 22 <-- 23.864996 s
currentSize : 23 <-- 23.972456 s
currentSize : 24 <-- 28.459021 s
currentSize : 25 <-- 43.460735 s
currentSize : 26 <-- 53.051392 s
currentSize : 27 <-- 72.183975 s

maxsize : 27
nodes : 18397172.000000
filtered : 279907713.000000
time : 90.735023
