Parameters: GAD=1 vflib=1 dir=1 label=1 lowerbound=1 fileNameGp=../graphsdb/mcs50/bvg/b03/mcs50_b03_s35.A54 fileNameGt=../graphsdb/mcs50/bvg/b03/mcs50_b03_s35.B54
Reading graphs...
35 : 52
35 : 52
Initializing...
maxdom : 7
D->valSize : 178
Solving...
Blb : 2 (clique : 16)
currentSize : 16 <-- 0.001080 s
currentSize : 17 <-- 0.001751 s
currentSize : 18 <-- 0.014162 s
currentSize : 19 <-- 0.034249 s
currentSize : 20 <-- 0.034305 s

maxsize : 20
nodes : 37793.000000
filtered : 353722.000000
time : 0.145141
