Parameters: GAD=1 vflib=1 dir=1 label=1 lowerbound=1 fileNameGp=../graphsdb/mcs50/rand/r005/mcs50_r005_s30.A71 fileNameGt=../graphsdb/mcs50/rand/r005/mcs50_r005_s30.B71
Reading graphs...
30 : 47
30 : 47
Initializing...
maxdom : 10
D->valSize : 149
Solving...
Blb : 2 (clique : 13)
currentSize : 13 <-- 0.000821 s
currentSize : 14 <-- 0.001315 s
currentSize : 15 <-- 0.003574 s
currentSize : 16 <-- 0.005605 s
currentSize : 17 <-- 0.013306 s

maxsize : 17
nodes : 5329.000000
filtered : 63713.000000
time : 0.020901
