Parameters: GAD=1 vflib=1 dir=1 label=1 lowerbound=1 fileNameGp=../graphsdb/mcs50/bvg/b09/mcs50_b09_s80.A17 fileNameGt=../graphsdb/mcs50/bvg/b09/mcs50_b09_s80.B17
Reading graphs...
80 : 360
80 : 360
Initializing...
maxdom : 11
D->valSize : 477
Solving...
Blb : 3 (clique : 23)
currentSize : 23 <-- 0.005000 s
currentSize : 25 <-- 0.299615 s
currentSize : 26 <-- 0.299998 s
currentSize : 27 <-- 0.302077 s
currentSize : 28 <-- 0.335611 s
currentSize : 29 <-- 2.771927 s
currentSize : 30 <-- 22.815329 s
currentSize : 31 <-- 27.305548 s
currentSize : 34 <-- 324.162689 s
currentSize : 36 <-- 324.162781 s
currentSize : 37 <-- 324.163086 s
currentSize : 38 <-- 324.163300 s
currentSize : 39 <-- 324.164917 s
currentSize : 40 <-- 324.165100 s

maxsize : 40
nodes : 86554985.000000
filtered : 668870591.000000
time : 435.989838
