Parameters: GAD=1 vflib=1 dir=1 label=1 lowerbound=1 fileNameGp=../graphsdb/mcs50/rand/r005/mcs50_r005_s35.A25 fileNameGt=../graphsdb/mcs50/rand/r005/mcs50_r005_s35.B25
Reading graphs...
35 : 62
35 : 62
Initializing...
maxdom : 7
D->valSize : 171
Solving...
Blb : 2 (clique : 12)
currentSize : 12 <-- 0.000915 s
currentSize : 13 <-- 0.001443 s
currentSize : 14 <-- 0.004364 s
currentSize : 15 <-- 0.011585 s
currentSize : 16 <-- 0.012533 s
currentSize : 17 <-- 0.024661 s

maxsize : 17
nodes : 129417.000000
filtered : 1156529.000000
time : 0.572001
