Parameters: GAD=1 vflib=1 dir=1 label=1 lowerbound=1 fileNameGp=../graphsdb/mcs50/m2D/m2Dr4/mcs50_m2Dr4_s90.A52 fileNameGt=../graphsdb/mcs50/m2D/m2Dr4/mcs50_m2Dr4_s90.B52
Reading graphs...
90 : 197
90 : 197
Initializing...
maxdom : 14
D->valSize : 607
Solving...
Blb : 2 (clique : 45)
currentSize : 45 <-- 0.007684 s
currentSize : 46 <-- 0.038276 s
currentSize : 49 <-- 169.799927 s
currentSize : 51 <-- 169.806625 s
currentSize : 52 <-- 178.302597 s
currentSize : 53 <-- 3504.377197 s

TIMEOUT
maxsize : 53
nodes : 718168103.000000
filtered : 4320276716.000000
time : 3600.000000
