Parameters: GAD=1 vflib=1 dir=1 label=1 lowerbound=1 fileNameGp=../graphsdb/mcs50/m2D/m2Dr6/mcs50_m2Dr6_s30.A27 fileNameGt=../graphsdb/mcs50/m2D/m2Dr6/mcs50_m2Dr6_s30.B27
Reading graphs...
30 : 67
30 : 66
Initializing...
maxdom : 8
D->valSize : 137
Solving...
Blb : 5 (clique : 10)
currentSize : 10 <-- 0.000825 s
currentSize : 11 <-- 0.000883 s
currentSize : 12 <-- 0.002101 s
currentSize : 13 <-- 0.007302 s
currentSize : 14 <-- 0.008112 s
currentSize : 16 <-- 0.010212 s
currentSize : 17 <-- 0.011884 s

maxsize : 17
nodes : 5197.000000
filtered : 29789.000000
time : 0.015157
