Parameters: GAD=1 vflib=1 dir=1 label=1 lowerbound=1 fileNameGp=../graphsdb/mcs50/bvg/b09/mcs50_b09_s90.A55 fileNameGt=../graphsdb/mcs50/bvg/b09/mcs50_b09_s90.B55
Reading graphs...
90 : 405
90 : 405
Initializing...
maxdom : 8
D->valSize : 531
Solving...
Blb : 2 (clique : 18)
currentSize : 18 <-- 0.010401 s
currentSize : 24 <-- 0.010664 s
currentSize : 25 <-- 0.010751 s
currentSize : 26 <-- 2.969749 s
currentSize : 27 <-- 2.970933 s
currentSize : 28 <-- 51.752937 s
currentSize : 30 <-- 100.626778 s
currentSize : 31 <-- 101.244377 s
currentSize : 32 <-- 101.697983 s
currentSize : 33 <-- 101.698051 s
currentSize : 34 <-- 101.698616 s
currentSize : 35 <-- 139.141373 s
currentSize : 36 <-- 254.308121 s
currentSize : 38 <-- 1600.273560 s
currentSize : 39 <-- 1601.659912 s
currentSize : 40 <-- 1611.811890 s
currentSize : 41 <-- 1612.060791 s
currentSize : 42 <-- 1612.063965 s
currentSize : 43 <-- 1614.123169 s
currentSize : 44 <-- 1614.136108 s

TIMEOUT
maxsize : 44
nodes : 626974015.000000
filtered : 5456750720.000000
time : 3600.000000
