Parameters: GAD=1 vflib=1 dir=1 label=1 lowerbound=1 fileNameGp=../graphsdb/mcs50/bvg/b09/mcs50_b09_s90.A74 fileNameGt=../graphsdb/mcs50/bvg/b09/mcs50_b09_s90.B74
Reading graphs...
90 : 405
90 : 405
Initializing...
maxdom : 10
D->valSize : 597
Solving...
Blb : 3 (clique : 23)
currentSize : 23 <-- 0.010135 s
currentSize : 24 <-- 1.603159 s
currentSize : 25 <-- 3.105319 s
currentSize : 26 <-- 25.938456 s
currentSize : 27 <-- 37.174225 s
currentSize : 28 <-- 97.835236 s
currentSize : 29 <-- 98.465813 s
currentSize : 30 <-- 98.468048 s
currentSize : 31 <-- 102.550446 s
currentSize : 32 <-- 217.635132 s
currentSize : 33 <-- 217.635376 s
currentSize : 34 <-- 719.221497 s
currentSize : 35 <-- 719.224854 s
currentSize : 36 <-- 719.229370 s
currentSize : 37 <-- 1507.295044 s
currentSize : 38 <-- 2721.986572 s
currentSize : 39 <-- 2721.999756 s
currentSize : 40 <-- 3152.917725 s
currentSize : 41 <-- 3152.918213 s

TIMEOUT
maxsize : 41
nodes : 545163546.000000
filtered : 8573463571.000000
time : 3600.000000
