Parameters: GAD=1 vflib=1 dir=1 label=1 lowerbound=1 fileNameGp=../graphsdb/mcs50/bvg/b06m/mcs50_b06m_s70.A08 fileNameGt=../graphsdb/mcs50/bvg/b06m/mcs50_b06m_s70.B08
Reading graphs...
70 : 210
70 : 210
Initializing...
maxdom : 8
D->valSize : 367
Solving...
Blb : 2 (clique : 21)
currentSize : 21 <-- 0.005249 s
currentSize : 23 <-- 0.056481 s
currentSize : 24 <-- 0.056639 s
currentSize : 25 <-- 0.091648 s
currentSize : 26 <-- 0.117202 s
currentSize : 28 <-- 0.118086 s
currentSize : 29 <-- 0.118197 s
currentSize : 30 <-- 0.118348 s
currentSize : 31 <-- 0.120412 s
currentSize : 32 <-- 4.291127 s
currentSize : 33 <-- 24.490948 s
currentSize : 34 <-- 30.270733 s
currentSize : 35 <-- 36.763474 s
currentSize : 36 <-- 36.767529 s

maxsize : 36
nodes : 25493921.000000
filtered : 167653927.000000
time : 116.529404
