Parameters: GAD=1 vflib=1 dir=1 label=1 lowerbound=1 fileNameGp=../graphsdb/mcs50/rand/r005/mcs50_r005_s90.A78 fileNameGt=../graphsdb/mcs50/rand/r005/mcs50_r005_s90.B78
Reading graphs...
90 : 399
90 : 399
Initializing...
maxdom : 12
D->valSize : 521
Solving...
Blb : 2 (clique : 25)
currentSize : 25 <-- 0.005824 s
currentSize : 26 <-- 0.006101 s
currentSize : 27 <-- 0.006277 s
currentSize : 28 <-- 0.006570 s
currentSize : 29 <-- 0.117263 s
currentSize : 30 <-- 0.400097 s
currentSize : 31 <-- 0.403166 s
currentSize : 32 <-- 0.403347 s
currentSize : 33 <-- 0.403515 s
currentSize : 34 <-- 0.403701 s
currentSize : 35 <-- 0.496888 s
currentSize : 36 <-- 14.384121 s
currentSize : 37 <-- 23.440453 s
currentSize : 39 <-- 32.308880 s
currentSize : 40 <-- 32.309155 s
currentSize : 42 <-- 83.619125 s
currentSize : 45 <-- 155.851013 s

maxsize : 45
nodes : 29492579.000000
filtered : 463843322.000000
time : 209.704330
