Parameters: GAD=1 vflib=1 dir=1 label=1 lowerbound=1 fileNameGp=../graphsdb/mcs50/bvg/b03/mcs50_b03_s70.A00 fileNameGt=../graphsdb/mcs50/bvg/b03/mcs50_b03_s70.B00
Reading graphs...
70 : 105
70 : 105
Initializing...
maxdom : 9
D->valSize : 343
Solving...
Blb : 2 (clique : 32)
currentSize : 32 <-- 0.005565 s
currentSize : 33 <-- 0.008954 s
currentSize : 36 <-- 0.089975 s
currentSize : 37 <-- 0.289273 s
currentSize : 38 <-- 0.489668 s
currentSize : 39 <-- 1.528338 s

maxsize : 39
nodes : 411913227.000000
filtered : 3634720338.000000
time : 2093.950928
