Parameters: GAD=1 vflib=1 dir=1 label=1 lowerbound=1 fileNameGp=../graphsdb/mcs50/bvg/b09/mcs50_b09_s35.A93 fileNameGt=../graphsdb/mcs50/bvg/b09/mcs50_b09_s35.B93
Reading graphs...
35 : 157
35 : 157
Initializing...
maxdom : 7
D->valSize : 167
Solving...
Blb : 5 (clique : 10)
currentSize : 10 <-- 0.000970 s
currentSize : 11 <-- 0.002086 s
currentSize : 12 <-- 0.005811 s
currentSize : 13 <-- 0.006103 s
currentSize : 14 <-- 0.015703 s
currentSize : 16 <-- 0.015816 s

maxsize : 16
nodes : 4342.000000
filtered : 54996.000000
time : 0.017839
