Parameters: GAD=1 vflib=1 dir=1 label=1 lowerbound=1 fileNameGp=../graphsdb/mcs50/m2D/m2D/mcs50_m2D_s50.A95 fileNameGt=../graphsdb/mcs50/m2D/m2D/mcs50_m2D_s50.B95
Reading graphs...
50 : 85
50 : 85
Initializing...
maxdom : 11
D->valSize : 369
Solving...
Blb : 2 (clique : 22)
currentSize : 22 <-- 0.002967 s
currentSize : 23 <-- 1.882106 s
currentSize : 24 <-- 7.314416 s
currentSize : 25 <-- 7.314941 s
currentSize : 26 <-- 10.281596 s
currentSize : 27 <-- 10.991327 s

maxsize : 27
nodes : 20675410.000000
filtered : 340629653.000000
time : 109.279053
