Parameters: GAD=1 vflib=1 dir=1 label=1 lowerbound=1 fileNameGp=../graphsdb/mcs50/bvg/b06m/mcs50_b06m_s70.A20 fileNameGt=../graphsdb/mcs50/bvg/b06m/mcs50_b06m_s70.B20
Reading graphs...
70 : 210
70 : 210
Initializing...
maxdom : 8
D->valSize : 338
Solving...
Blb : 2 (clique : 31)
currentSize : 31 <-- 0.002994 s
currentSize : 32 <-- 0.003226 s
currentSize : 33 <-- 0.003569 s
currentSize : 34 <-- 0.003814 s
currentSize : 35 <-- 0.010468 s
currentSize : 36 <-- 0.125656 s

maxsize : 36
nodes : 41312837.000000
filtered : 219349775.000000
time : 177.379440
