Parameters: GAD=1 vflib=1 dir=1 label=1 lowerbound=1 fileNameGp=../graphsdb/mcs50/m2D/m2Dr6/mcs50_m2Dr6_s40.A00 fileNameGt=../graphsdb/mcs50/m2D/m2Dr6/mcs50_m2Dr6_s40.B00
Reading graphs...
40 : 91
40 : 89
Initializing...
maxdom : 7
D->valSize : 199
Solving...
Blb : 5 (clique : 14)
currentSize : 14 <-- 0.001171 s
currentSize : 15 <-- 0.001575 s
currentSize : 16 <-- 0.008643 s
currentSize : 17 <-- 0.042354 s
currentSize : 18 <-- 0.118192 s

maxsize : 18
nodes : 466897.000000
filtered : 5538199.000000
time : 1.962530
