Parameters: GAD=1 vflib=1 dir=1 label=1 lowerbound=1 fileNameGp=../graphsdb/mcs50/bvg/b09/mcs50_b09_s70.A79 fileNameGt=../graphsdb/mcs50/bvg/b09/mcs50_b09_s70.B79
Reading graphs...
70 : 315
70 : 315
Initializing...
maxdom : 8
D->valSize : 333
Solving...
Blb : 3 (clique : 21)
currentSize : 21 <-- 0.002761 s
currentSize : 22 <-- 0.004790 s
currentSize : 23 <-- 0.006204 s
currentSize : 24 <-- 0.022342 s
currentSize : 25 <-- 0.657386 s
currentSize : 27 <-- 2.197405 s
currentSize : 28 <-- 2.197987 s
currentSize : 29 <-- 2.226527 s
currentSize : 30 <-- 2.228076 s
currentSize : 31 <-- 2.229514 s
currentSize : 32 <-- 5.870327 s
currentSize : 34 <-- 6.934137 s
currentSize : 35 <-- 11.396884 s

maxsize : 35
nodes : 3158682.000000
filtered : 21309806.000000
time : 14.185088
