Parameters: GAD=1 vflib=1 dir=1 label=1 lowerbound=1 fileNameGp=../graphsdb/mcs50/rand/r005/mcs50_r005_s80.A13 fileNameGt=../graphsdb/mcs50/rand/r005/mcs50_r005_s80.B13
Reading graphs...
80 : 315
80 : 315
Initializing...
maxdom : 8
D->valSize : 440
Solving...
Blb : 2 (clique : 20)
currentSize : 20 <-- 0.004390 s
currentSize : 23 <-- 0.004537 s
currentSize : 24 <-- 0.021836 s
currentSize : 25 <-- 0.076159 s
currentSize : 27 <-- 0.084730 s
currentSize : 28 <-- 27.421616 s
currentSize : 29 <-- 67.720390 s
currentSize : 30 <-- 67.721054 s
currentSize : 32 <-- 75.811966 s
currentSize : 33 <-- 89.581116 s
currentSize : 34 <-- 149.730347 s
currentSize : 35 <-- 179.953735 s
currentSize : 36 <-- 179.953918 s
currentSize : 38 <-- 181.816803 s
currentSize : 39 <-- 181.816940 s
currentSize : 40 <-- 197.151993 s

maxsize : 40
nodes : 34183384.000000
filtered : 425200950.000000
time : 205.345535
