Parameters: GAD=1 vflib=1 dir=1 label=1 lowerbound=1 fileNameGp=../graphsdb/mcs50/bvg/b06m/mcs50_b06m_s80.A72 fileNameGt=../graphsdb/mcs50/bvg/b06m/mcs50_b06m_s80.B72
Reading graphs...
80 : 240
80 : 240
Initializing...
maxdom : 10
D->valSize : 488
Solving...
Blb : 2 (clique : 30)
currentSize : 30 <-- 0.008368 s
currentSize : 31 <-- 0.008747 s
currentSize : 32 <-- 0.073458 s
currentSize : 34 <-- 506.620056 s
currentSize : 35 <-- 506.620239 s
currentSize : 36 <-- 506.620422 s
currentSize : 38 <-- 1245.577271 s
currentSize : 40 <-- 2795.348877 s

TIMEOUT
maxsize : 40
nodes : 690887986.000000
filtered : 5926417873.000000
time : 3600.000000
