Parameters: GAD=1 vflib=1 dir=1 label=1 lowerbound=1 fileNameGp=../graphsdb/mcs50/m3D/m3Dr6/mcs50_m3Dr6_s60.A27 fileNameGt=../graphsdb/mcs50/m3D/m3Dr6/mcs50_m3Dr6_s60.B27
Reading graphs...
60 : 170
60 : 169
Initializing...
maxdom : 7
D->valSize : 251
Solving...
Blb : 2 (clique : 20)
currentSize : 20 <-- 0.002002 s
currentSize : 21 <-- 0.180936 s
currentSize : 22 <-- 1.465524 s
currentSize : 23 <-- 1.476886 s
currentSize : 24 <-- 13.010228 s
currentSize : 25 <-- 13.010373 s
currentSize : 26 <-- 13.013286 s
currentSize : 27 <-- 13.013422 s
currentSize : 28 <-- 13.014267 s
currentSize : 29 <-- 13.014407 s

maxsize : 29
nodes : 4402403.000000
filtered : 31916501.000000
time : 19.646120
