Parameters: GAD=1 vflib=1 dir=1 label=1 lowerbound=1 fileNameGp=../graphsdb/mcs50/bvg/b06/mcs50_b06_s30.A65 fileNameGt=../graphsdb/mcs50/bvg/b06/mcs50_b06_s30.B65
Reading graphs...
30 : 90
30 : 90
Initializing...
maxdom : 7
D->valSize : 130
Solving...
Blb : 5 (clique : 10)
currentSize : 10 <-- 0.000653 s
currentSize : 11 <-- 0.001889 s
currentSize : 13 <-- 0.003996 s
currentSize : 14 <-- 0.006088 s
currentSize : 16 <-- 0.006868 s

maxsize : 16
nodes : 2062.000000
filtered : 21855.000000
time : 0.007977
