Parameters: GAD=1 vflib=1 dir=1 label=1 lowerbound=1 fileNameGp=../graphsdb/mcs50/m3D/m3Dr2/mcs50_m3Dr2_s60.A20 fileNameGt=../graphsdb/mcs50/m3D/m3Dr2/mcs50_m3Dr2_s60.B20
Reading graphs...
60 : 146
60 : 146
Initializing...
maxdom : 9
D->valSize : 238
Solving...
Blb : 2 (clique : 18)
currentSize : 18 <-- 0.002623 s
currentSize : 19 <-- 0.003325 s
currentSize : 20 <-- 0.467677 s
currentSize : 21 <-- 0.527698 s
currentSize : 22 <-- 2.499174 s
currentSize : 25 <-- 2.768393 s
currentSize : 26 <-- 3.589577 s
currentSize : 27 <-- 4.519672 s
currentSize : 28 <-- 4.993084 s
currentSize : 29 <-- 5.022977 s

maxsize : 29
nodes : 1565396.000000
filtered : 11722922.000000
time : 7.300583
