Parameters: GAD=1 vflib=1 dir=1 label=1 lowerbound=1 fileNameGp=../graphsdb/mcs50/rand/r01/mcs50_r01_s100.A49 fileNameGt=../graphsdb/mcs50/rand/r01/mcs50_r01_s100.B49
Reading graphs...
100 : 989
100 : 989
Initializing...
maxdom : 7
D->valSize : 341
Solving...
Blb : 2 (clique : 21)
currentSize : 21 <-- 0.003400 s
currentSize : 22 <-- 0.003998 s
currentSize : 24 <-- 0.005372 s
currentSize : 29 <-- 0.005504 s
currentSize : 30 <-- 0.009443 s
currentSize : 38 <-- 0.009978 s
currentSize : 41 <-- 0.063030 s
currentSize : 50 <-- 0.064507 s

maxsize : 50
nodes : 26359.000000
filtered : 341476.000000
time : 0.184212
