Parameters: GAD=1 vflib=1 dir=1 label=1 lowerbound=1 fileNameGp=../graphsdb/mcs50/rand/r005/mcs50_r005_s80.A32 fileNameGt=../graphsdb/mcs50/rand/r005/mcs50_r005_s80.B32
Reading graphs...
80 : 315
80 : 315
Initializing...
maxdom : 8
D->valSize : 422
Solving...
Blb : 2 (clique : 25)
currentSize : 25 <-- 0.004178 s
currentSize : 27 <-- 0.004383 s
currentSize : 28 <-- 0.004479 s
currentSize : 30 <-- 0.004549 s
currentSize : 31 <-- 0.004652 s
currentSize : 34 <-- 0.469331 s
currentSize : 36 <-- 0.469405 s
currentSize : 40 <-- 9.425707 s

maxsize : 40
nodes : 3566202.000000
filtered : 51617979.000000
time : 22.802572
