Parameters: GAD=1 vflib=1 dir=1 label=1 lowerbound=1 fileNameGp=../graphsdb/mcs50/rand/r005/mcs50_r005_s50.A62 fileNameGt=../graphsdb/mcs50/rand/r005/mcs50_r005_s50.B62
Reading graphs...
50 : 121
50 : 121
Initializing...
maxdom : 11
D->valSize : 328
Solving...
Blb : 2 (clique : 22)
currentSize : 22 <-- 0.002353 s
currentSize : 23 <-- 0.012851 s
currentSize : 24 <-- 0.402585 s
currentSize : 25 <-- 0.711005 s
currentSize : 26 <-- 0.711381 s

maxsize : 26
nodes : 1015638.000000
filtered : 15988227.000000
time : 5.057288
