Parameters: GAD=1 vflib=1 dir=1 label=1 lowerbound=1 fileNameGp=../graphsdb/mcs50/bvg/b03/mcs50_b03_s70.A11 fileNameGt=../graphsdb/mcs50/bvg/b03/mcs50_b03_s70.B11
Reading graphs...
70 : 105
70 : 105
Initializing...
maxdom : 13
D->valSize : 376
Solving...
Blb : 2 (clique : 32)
currentSize : 32 <-- 0.005549 s
currentSize : 33 <-- 0.005906 s
currentSize : 34 <-- 0.006314 s
currentSize : 35 <-- 5.802519 s
currentSize : 36 <-- 177.646606 s
currentSize : 37 <-- 190.482666 s

TIMEOUT
maxsize : 37
nodes : 766017121.000000
filtered : 5756775964.000000
time : 3600.000000
