Parameters: GAD=1 vflib=1 dir=1 label=1 lowerbound=1 fileNameGp=../graphsdb/mcs50/m2D/m2D/mcs50_m2D_s70.A19 fileNameGt=../graphsdb/mcs50/m2D/m2D/mcs50_m2D_s70.B19
Reading graphs...
70 : 123
70 : 123
Initializing...
maxdom : 10
D->valSize : 364
Solving...
Blb : 2 (clique : 36)
currentSize : 36 <-- 0.003409 s
currentSize : 37 <-- 0.656322 s
currentSize : 38 <-- 2.521442 s
currentSize : 39 <-- 3.417424 s
currentSize : 40 <-- 3.438681 s
currentSize : 41 <-- 8.679362 s
currentSize : 42 <-- 19.967825 s

maxsize : 42
nodes : 29743097.000000
filtered : 225488147.000000
time : 146.069839
