Parameters: GAD=1 vflib=1 dir=1 label=1 lowerbound=1 fileNameGp=../graphsdb/mcs50/rand/r02/mcs50_r02_s70.A48 fileNameGt=../graphsdb/mcs50/rand/r02/mcs50_r02_s70.B48
Reading graphs...
70 : 965
70 : 965
Initializing...
maxdom : 11
D->valSize : 358
Solving...
Blb : 2 (clique : 7)
currentSize : 7 <-- 0.002887 s
currentSize : 9 <-- 0.002981 s
currentSize : 12 <-- 0.003489 s
currentSize : 13 <-- 0.004563 s
currentSize : 21 <-- 0.005733 s
currentSize : 35 <-- 0.014401 s

maxsize : 35
nodes : 2689.000000
filtered : 71465.000000
time : 0.019635
