Parameters: GAD=1 vflib=1 dir=1 label=1 lowerbound=1 fileNameGp=../graphsdb/mcs50/m2D/m2D/mcs50_m2D_s70.A47 fileNameGt=../graphsdb/mcs50/m2D/m2D/mcs50_m2D_s70.B47
Reading graphs...
70 : 123
70 : 123
Initializing...
maxdom : 7
D->valSize : 324
Solving...
Blb : 3 (clique : 29)
currentSize : 29 <-- 0.004438 s
currentSize : 30 <-- 60.487713 s
currentSize : 31 <-- 218.043381 s
currentSize : 32 <-- 670.347839 s
currentSize : 33 <-- 670.524170 s
currentSize : 34 <-- 670.524414 s
currentSize : 35 <-- 670.591614 s
currentSize : 36 <-- 672.080383 s
currentSize : 37 <-- 826.344727 s
currentSize : 38 <-- 826.355835 s

maxsize : 38
nodes : 230874221.000000
filtered : 1600145221.000000
time : 1090.640137
