Parameters: GAD=1 vflib=1 dir=1 label=1 lowerbound=1 fileNameGp=../graphsdb/mcs50/m2D/m2Dr6/mcs50_m2Dr6_s80.A12 fileNameGt=../graphsdb/mcs50/m2D/m2Dr6/mcs50_m2Dr6_s80.B12
Reading graphs...
80 : 190
80 : 189
Initializing...
maxdom : 8
D->valSize : 418
Solving...
Blb : 2 (clique : 31)
currentSize : 31 <-- 0.004120 s
currentSize : 32 <-- 163.682404 s
currentSize : 33 <-- 549.903381 s
currentSize : 34 <-- 769.460754 s
currentSize : 35 <-- 837.187988 s
currentSize : 36 <-- 2794.334717 s
currentSize : 37 <-- 2822.349365 s
currentSize : 38 <-- 2822.350098 s
currentSize : 39 <-- 2822.359619 s

TIMEOUT
maxsize : 39
nodes : 650127947.000000
filtered : 6683946824.000000
time : 3600.000000
