Parameters: GAD=1 vflib=1 dir=1 label=1 lowerbound=1 fileNameGp=../graphsdb/mcs50/m2D/m2D/mcs50_m2D_s50.A28 fileNameGt=../graphsdb/mcs50/m2D/m2D/mcs50_m2D_s50.B28
Reading graphs...
50 : 85
50 : 85
Initializing...
maxdom : 9
D->valSize : 342
Solving...
Blb : 2 (clique : 23)
currentSize : 23 <-- 0.002651 s
currentSize : 24 <-- 0.002798 s
currentSize : 25 <-- 0.002862 s
currentSize : 26 <-- 0.003150 s
currentSize : 27 <-- 112.284065 s

maxsize : 27
nodes : 36428882.000000
filtered : 406233546.000000
time : 169.559082
