Parameters: GAD=1 vflib=1 dir=1 label=1 lowerbound=1 fileNameGp=../graphsdb/mcs50/m4D/m4D/mcs50_m4D_s35.A85 fileNameGt=../graphsdb/mcs50/m4D/m4D/mcs50_m4D_s35.B85
Reading graphs...
35 : 63
35 : 63
Initializing...
maxdom : 8
D->valSize : 164
Solving...
Blb : 2 (clique : 14)
currentSize : 14 <-- 0.000905 s
currentSize : 16 <-- 0.000969 s
currentSize : 17 <-- 0.001074 s
currentSize : 18 <-- 0.001331 s
currentSize : 19 <-- 0.002851 s

maxsize : 19
nodes : 7825.000000
filtered : 62527.000000
time : 0.028868
