Parameters: GAD=1 vflib=1 dir=1 label=1 lowerbound=1 fileNameGp=../graphsdb/mcs50/bvg/b06m/mcs50_b06m_s60.A85 fileNameGt=../graphsdb/mcs50/bvg/b06m/mcs50_b06m_s60.B85
Reading graphs...
60 : 180
60 : 180
Initializing...
maxdom : 8
D->valSize : 247
Solving...
Blb : 3 (clique : 25)
currentSize : 25 <-- 0.001688 s
currentSize : 26 <-- 0.229072 s
currentSize : 27 <-- 0.229164 s
currentSize : 28 <-- 1.392373 s
currentSize : 29 <-- 1.715257 s
currentSize : 30 <-- 2.508159 s
currentSize : 31 <-- 3.580486 s

maxsize : 31
nodes : 1323109.000000
filtered : 7952154.000000
time : 5.454065
