Parameters: GAD=1 vflib=1 dir=1 label=1 lowerbound=1 fileNameGp=../graphsdb/mcs50/m2D/m2Dr4/mcs50_m2Dr4_s60.A91 fileNameGt=../graphsdb/mcs50/m2D/m2Dr4/mcs50_m2Dr4_s60.B91
Reading graphs...
60 : 128
60 : 126
Initializing...
maxdom : 10
D->valSize : 246
Solving...
Blb : 2 (clique : 19)
currentSize : 19 <-- 0.002034 s
currentSize : 20 <-- 0.002164 s
currentSize : 21 <-- 0.002233 s
currentSize : 22 <-- 0.002346 s
currentSize : 23 <-- 0.008974 s
currentSize : 24 <-- 13.318032 s
currentSize : 25 <-- 13.891185 s
currentSize : 26 <-- 13.990473 s
currentSize : 27 <-- 34.468246 s
currentSize : 28 <-- 44.242527 s

maxsize : 28
nodes : 13966352.000000
filtered : 109887447.000000
time : 60.678391
