Parameters: GAD=1 vflib=1 dir=1 label=1 lowerbound=1 fileNameGp=../graphsdb/mcs50/bvg/b03/mcs50_b03_s100.A58 fileNameGt=../graphsdb/mcs50/bvg/b03/mcs50_b03_s100.B58
Reading graphs...
100 : 150
100 : 150
Initializing...
maxdom : 8
D->valSize : 346
Solving...
Blb : 2 (clique : 39)
currentSize : 39 <-- 0.003861 s
currentSize : 40 <-- 0.004421 s
currentSize : 41 <-- 0.024573 s
currentSize : 42 <-- 0.024725 s
currentSize : 43 <-- 0.041477 s
currentSize : 44 <-- 0.082732 s
currentSize : 45 <-- 0.083012 s
currentSize : 46 <-- 0.083261 s
currentSize : 47 <-- 0.461240 s
currentSize : 48 <-- 0.461483 s
currentSize : 49 <-- 122.535759 s

TIMEOUT
maxsize : 49
nodes : 690582543.000000
filtered : 3123459064.000000
time : 3600.000000
