Parameters: GAD=1 vflib=1 dir=1 label=1 lowerbound=1 fileNameGp=../graphsdb/mcs50/m4D/m4Dr4/mcs50_m4Dr4_s30.A96 fileNameGt=../graphsdb/mcs50/m4D/m4Dr4/mcs50_m4Dr4_s30.B96
Reading graphs...
30 : 67
30 : 67
Initializing...
maxdom : 6
D->valSize : 118
Solving...
Blb : 2 (clique : 10)
currentSize : 10 <-- 0.000654 s
currentSize : 12 <-- 0.001121 s
currentSize : 13 <-- 0.001154 s
currentSize : 14 <-- 0.001768 s
currentSize : 16 <-- 0.001852 s

maxsize : 16
nodes : 2727.000000
filtered : 16033.000000
time : 0.008095
