Parameters: GAD=1 vflib=1 dir=1 label=1 lowerbound=1 fileNameGp=../graphsdb/mcs50/bvg/b09/mcs50_b09_s80.A62 fileNameGt=../graphsdb/mcs50/bvg/b09/mcs50_b09_s80.B62
Reading graphs...
80 : 360
80 : 360
Initializing...
maxdom : 9
D->valSize : 417
Solving...
Blb : 2 (clique : 35)
currentSize : 35 <-- 0.004069 s
currentSize : 36 <-- 0.004372 s
currentSize : 38 <-- 0.005161 s
currentSize : 39 <-- 0.131092 s
currentSize : 41 <-- 0.131492 s

maxsize : 41
nodes : 8144965.000000
filtered : 53801094.000000
time : 40.008995
