Parameters: GAD=1 vflib=1 dir=1 label=1 lowerbound=1 fileNameGp=../graphsdb/mcs50/m3D/m3Dr2/mcs50_m3Dr2_s60.A89 fileNameGt=../graphsdb/mcs50/m3D/m3Dr2/mcs50_m3Dr2_s60.B89
Reading graphs...
60 : 146
60 : 146
Initializing...
maxdom : 7
D->valSize : 229
Solving...
Blb : 2 (clique : 18)
currentSize : 18 <-- 0.002440 s
currentSize : 22 <-- 0.003238 s
currentSize : 23 <-- 0.003357 s
currentSize : 24 <-- 0.006684 s
currentSize : 25 <-- 0.132816 s
currentSize : 26 <-- 0.132891 s
currentSize : 27 <-- 0.135137 s
currentSize : 28 <-- 0.167062 s

maxsize : 28
nodes : 1672985.000000
filtered : 10595855.000000
time : 7.073722
