Parameters: GAD=1 vflib=1 dir=1 label=1 lowerbound=1 fileNameGp=../graphsdb/mcs50/m2D/m2Dr6/mcs50_m2Dr6_s80.A40 fileNameGt=../graphsdb/mcs50/m2D/m2Dr6/mcs50_m2Dr6_s80.B40
Reading graphs...
80 : 190
80 : 189
Initializing...
maxdom : 9
D->valSize : 431
Solving...
Blb : 2 (clique : 32)
currentSize : 32 <-- 0.004463 s
currentSize : 33 <-- 0.008802 s
currentSize : 34 <-- 0.034877 s
currentSize : 37 <-- 5.125661 s
currentSize : 38 <-- 5.177721 s
currentSize : 39 <-- 2518.729004 s

TIMEOUT
maxsize : 39
nodes : 746045990.000000
filtered : 4074623187.000000
time : 3600.000000
