Parameters: GAD=1 vflib=1 dir=1 label=1 lowerbound=1 fileNameGp=../graphsdb/mcs50/bvg/b09m/mcs50_b09m_s35.A42 fileNameGt=../graphsdb/mcs50/bvg/b09m/mcs50_b09m_s35.B42
Reading graphs...
35 : 157
35 : 157
Initializing...
maxdom : 8
D->valSize : 191
Solving...
Blb : 3 (clique : 13)
currentSize : 13 <-- 0.001094 s
currentSize : 14 <-- 0.001656 s
currentSize : 15 <-- 0.001703 s
currentSize : 16 <-- 0.003555 s
currentSize : 17 <-- 0.009482 s

maxsize : 17
nodes : 3242.000000
filtered : 49862.000000
time : 0.013364
