Parameters: GAD=1 vflib=1 dir=1 label=1 lowerbound=1 fileNameGp=../graphsdb/mcs50/m3D/m3Dr6/mcs50_m3Dr6_s60.A76 fileNameGt=../graphsdb/mcs50/m3D/m3Dr6/mcs50_m3Dr6_s60.B76
Reading graphs...
60 : 170
60 : 170
Initializing...
maxdom : 6
D->valSize : 269
Solving...
Blb : 2 (clique : 17)
currentSize : 17 <-- 0.003003 s
currentSize : 18 <-- 0.003576 s
currentSize : 19 <-- 0.077071 s
currentSize : 20 <-- 0.134352 s
currentSize : 21 <-- 0.709579 s
currentSize : 22 <-- 1.514743 s
currentSize : 24 <-- 34.953014 s
currentSize : 25 <-- 34.953064 s
currentSize : 27 <-- 34.953217 s
currentSize : 28 <-- 34.954273 s

maxsize : 28
nodes : 10697834.000000
filtered : 75431244.000000
time : 45.501686
