Parameters: GAD=1 vflib=1 dir=1 label=1 lowerbound=1 fileNameGp=../graphsdb/mcs50/rand/r005/mcs50_r005_s50.A51 fileNameGt=../graphsdb/mcs50/rand/r005/mcs50_r005_s50.B51
Reading graphs...
50 : 121
50 : 121
Initializing...
maxdom : 13
D->valSize : 333
Solving...
Blb : 2 (clique : 17)
currentSize : 17 <-- 0.002594 s
currentSize : 18 <-- 0.003840 s
currentSize : 19 <-- 0.255387 s
currentSize : 20 <-- 0.562684 s
currentSize : 21 <-- 0.786180 s
currentSize : 22 <-- 1.087928 s
currentSize : 23 <-- 3.104167 s
currentSize : 25 <-- 5.366533 s
currentSize : 26 <-- 5.366599 s
currentSize : 27 <-- 7.069377 s

maxsize : 27
nodes : 1714056.000000
filtered : 24207742.000000
time : 8.383976
