Parameters: GAD=1 vflib=1 dir=1 label=1 lowerbound=1 fileNameGp=../graphsdb/mcs50/m2D/m2Dr2/mcs50_m2Dr2_s100.A71 fileNameGt=../graphsdb/mcs50/m2D/m2Dr2/mcs50_m2Dr2_s100.B71
Reading graphs...
100 : 200
100 : 200
Initializing...
maxdom : 7
D->valSize : 379
Solving...
Blb : 2 (clique : 40)
currentSize : 40 <-- 0.006663 s
currentSize : 41 <-- 0.008402 s
currentSize : 42 <-- 0.098297 s
currentSize : 43 <-- 0.098731 s
currentSize : 44 <-- 1.707498 s
currentSize : 45 <-- 2.489085 s
currentSize : 46 <-- 3.937716 s
currentSize : 47 <-- 4.168529 s

TIMEOUT
maxsize : 47
nodes : 626677673.000000
filtered : 3259260782.000000
time : 3600.000000
