Parameters: GAD=1 vflib=1 dir=1 label=1 lowerbound=1 fileNameGp=../graphsdb/mcs50/bvg/b09m/mcs50_b09m_s70.A72 fileNameGt=../graphsdb/mcs50/bvg/b09m/mcs50_b09m_s70.B72
Reading graphs...
70 : 315
70 : 315
Initializing...
maxdom : 9
D->valSize : 335
Solving...
Blb : 2 (clique : 19)
currentSize : 19 <-- 0.002731 s
currentSize : 20 <-- 0.028109 s
currentSize : 22 <-- 0.028283 s
currentSize : 23 <-- 0.031929 s
currentSize : 25 <-- 0.041255 s
currentSize : 28 <-- 0.487907 s
currentSize : 29 <-- 0.830301 s
currentSize : 30 <-- 0.852485 s
currentSize : 32 <-- 0.854276 s
currentSize : 33 <-- 1.970242 s
currentSize : 34 <-- 1.970625 s

maxsize : 34
nodes : 763952.000000
filtered : 5613226.000000
time : 3.554208
