Parameters: GAD=1 vflib=1 dir=1 label=1 lowerbound=1 fileNameGp=../graphsdb/mcs50/m2D/m2Dr6/mcs50_m2Dr6_s50.A34 fileNameGt=../graphsdb/mcs50/m2D/m2Dr6/mcs50_m2Dr6_s50.B34
Reading graphs...
50 : 115
50 : 115
Initializing...
maxdom : 9
D->valSize : 339
Solving...
Blb : 2 (clique : 18)
currentSize : 18 <-- 0.004018 s
currentSize : 19 <-- 0.014966 s
currentSize : 20 <-- 0.172900 s
currentSize : 21 <-- 0.642682 s
currentSize : 22 <-- 1.016576 s
currentSize : 23 <-- 3.353114 s
currentSize : 24 <-- 4.633223 s
currentSize : 25 <-- 9.796881 s
currentSize : 26 <-- 9.797983 s
currentSize : 27 <-- 12.094066 s

maxsize : 27
nodes : 3559890.000000
filtered : 41258603.000000
time : 16.210239
