Parameters: GAD=1 vflib=1 dir=1 label=1 lowerbound=1 fileNameGp=../graphsdb/mcs50/m3D/m3Dr4/mcs50_m3Dr4_s60.A54 fileNameGt=../graphsdb/mcs50/m3D/m3Dr4/mcs50_m3Dr4_s60.B54
Reading graphs...
60 : 158
60 : 158
Initializing...
maxdom : 8
D->valSize : 251
Solving...
Blb : 2 (clique : 17)
currentSize : 17 <-- 0.002720 s
currentSize : 18 <-- 0.002902 s
currentSize : 19 <-- 0.003172 s
currentSize : 20 <-- 0.003680 s
currentSize : 22 <-- 0.017434 s
currentSize : 23 <-- 11.301360 s
currentSize : 25 <-- 11.301656 s
currentSize : 26 <-- 11.302133 s
currentSize : 27 <-- 11.339958 s
currentSize : 28 <-- 11.341157 s

maxsize : 28
nodes : 3429212.000000
filtered : 24981760.000000
time : 14.691377
