Parameters: GAD=1 vflib=1 dir=1 label=1 lowerbound=1 fileNameGp=../graphsdb/mcs50/m2D/m2Dr2/mcs50_m2Dr2_s80.A45 fileNameGt=../graphsdb/mcs50/m2D/m2Dr2/mcs50_m2Dr2_s80.B45
Reading graphs...
80 : 158
80 : 158
Initializing...
maxdom : 10
D->valSize : 415
Solving...
Blb : 2 (clique : 35)
currentSize : 35 <-- 0.004229 s
currentSize : 36 <-- 0.006851 s
currentSize : 37 <-- 1.427112 s
currentSize : 38 <-- 8.129132 s
currentSize : 39 <-- 8.148553 s
currentSize : 40 <-- 202.537949 s

TIMEOUT
maxsize : 40
nodes : 605156854.000000
filtered : 7472665972.000000
time : 3600.000000
