Parameters: GAD=1 vflib=1 dir=1 label=1 lowerbound=1 fileNameGp=../graphsdb/mcs50/rand/r01/mcs50_r01_s50.A67 fileNameGt=../graphsdb/mcs50/rand/r01/mcs50_r01_s50.B67
Reading graphs...
50 : 244
50 : 244
Initializing...
maxdom : 10
D->valSize : 312
Solving...
Blb : 2 (clique : 12)
currentSize : 12 <-- 0.002131 s
currentSize : 13 <-- 0.002932 s
currentSize : 16 <-- 0.003748 s
currentSize : 17 <-- 0.005840 s
currentSize : 18 <-- 0.020858 s
currentSize : 19 <-- 0.034439 s
currentSize : 21 <-- 0.034529 s
currentSize : 25 <-- 0.034591 s

maxsize : 25
nodes : 19923.000000
filtered : 403547.000000
time : 0.107139
