Parameters: GAD=1 vflib=1 dir=1 label=1 lowerbound=1 fileNameGp=../graphsdb/mcs50/bvg/b09/mcs50_b09_s50.A64 fileNameGt=../graphsdb/mcs50/bvg/b09/mcs50_b09_s50.B64
Reading graphs...
50 : 225
50 : 225
Initializing...
maxdom : 11
D->valSize : 314
Solving...
Blb : 3 (clique : 13)
currentSize : 13 <-- 0.002626 s
currentSize : 14 <-- 0.074475 s
currentSize : 20 <-- 0.145337 s
currentSize : 22 <-- 0.145543 s
currentSize : 23 <-- 0.379790 s
currentSize : 24 <-- 0.500944 s

maxsize : 24
nodes : 204221.000000
filtered : 2319601.000000
time : 0.845745
