Parameters: GAD=1 vflib=1 dir=1 label=1 lowerbound=1 fileNameGp=../graphsdb/mcs50/m2D/m2Dr6/mcs50_m2Dr6_s90.A24 fileNameGt=../graphsdb/mcs50/m2D/m2Dr6/mcs50_m2Dr6_s90.B24
Reading graphs...
90 : 215
90 : 212
Initializing...
maxdom : 8
D->valSize : 531
Solving...
Blb : 2 (clique : 44)
currentSize : 44 <-- 0.006153 s
currentSize : 45 <-- 0.009441 s
currentSize : 46 <-- 0.034425 s
currentSize : 47 <-- 3.085061 s
currentSize : 48 <-- 21.673719 s
currentSize : 49 <-- 41.862885 s

TIMEOUT
maxsize : 49
nodes : 788178685.000000
filtered : 2829951194.000000
time : 3600.000000
