Parameters: GAD=1 vflib=1 dir=1 label=1 lowerbound=1 fileNameGp=../graphsdb/mcs50/rand/r005/mcs50_r005_s40.A14 fileNameGt=../graphsdb/mcs50/rand/r005/mcs50_r005_s40.B14
Reading graphs...
40 : 78
40 : 78
Initializing...
maxdom : 8
D->valSize : 223
Solving...
Blb : 2 (clique : 15)
currentSize : 15 <-- 0.002033 s
currentSize : 16 <-- 0.003790 s
currentSize : 17 <-- 0.005021 s
currentSize : 18 <-- 0.007797 s
currentSize : 19 <-- 0.008248 s
currentSize : 20 <-- 0.083165 s
currentSize : 21 <-- 0.261834 s
currentSize : 22 <-- 0.530176 s

maxsize : 22
nodes : 104430.000000
filtered : 1347287.000000
time : 0.574912
