Parameters: GAD=1 vflib=1 dir=1 label=1 lowerbound=1 fileNameGp=../graphsdb/mcs50/rand/r02/mcs50_r02_s70.A15 fileNameGt=../graphsdb/mcs50/rand/r02/mcs50_r02_s70.B15
Reading graphs...
70 : 965
70 : 965
Initializing...
maxdom : 9
D->valSize : 360
Solving...
Blb : 2 (clique : 9)
currentSize : 9 <-- 0.002998 s
currentSize : 10 <-- 0.004517 s
currentSize : 16 <-- 0.004713 s
currentSize : 17 <-- 0.008782 s
currentSize : 22 <-- 0.011625 s
currentSize : 35 <-- 0.016902 s

maxsize : 35
nodes : 4211.000000
filtered : 94636.000000
time : 0.028130
