Parameters: GAD=1 vflib=1 dir=1 label=1 lowerbound=1 fileNameGp=../graphsdb/mcs50/rand/r02/mcs50_r02_s60.A71 fileNameGt=../graphsdb/mcs50/rand/r02/mcs50_r02_s60.B71
Reading graphs...
60 : 707
60 : 707
Initializing...
maxdom : 9
D->valSize : 243
Solving...
Blb : 3 (clique : 7)
currentSize : 7 <-- 0.002424 s
currentSize : 8 <-- 0.002964 s
currentSize : 9 <-- 0.003184 s
currentSize : 12 <-- 0.004187 s
currentSize : 18 <-- 0.004277 s
currentSize : 30 <-- 0.010241 s

maxsize : 30
nodes : 1445.000000
filtered : 28779.000000
time : 0.013927
