Parameters: GAD=1 vflib=1 dir=1 label=1 lowerbound=1 fileNameGp=../graphsdb/mcs50/rand/r005/mcs50_r005_s30.A91 fileNameGt=../graphsdb/mcs50/rand/r005/mcs50_r005_s30.B91
Reading graphs...
30 : 47
30 : 47
Initializing...
maxdom : 7
D->valSize : 121
Solving...
Blb : 2 (clique : 11)
currentSize : 11 <-- 0.000616 s
currentSize : 12 <-- 0.000718 s
currentSize : 13 <-- 0.000971 s
currentSize : 14 <-- 0.002241 s
currentSize : 15 <-- 0.003171 s
currentSize : 16 <-- 0.003905 s

maxsize : 16
nodes : 3988.000000
filtered : 33494.000000
time : 0.012997
