Parameters: GAD=1 vflib=1 dir=1 label=1 lowerbound=1 fileNameGp=../graphsdb/mcs50/m2D/m2Dr2/mcs50_m2Dr2_s90.A70 fileNameGt=../graphsdb/mcs50/m2D/m2Dr2/mcs50_m2Dr2_s90.B70
Reading graphs...
90 : 179
90 : 178
Initializing...
maxdom : 10
D->valSize : 559
Solving...
Blb : 2 (clique : 38)
currentSize : 38 <-- 0.006711 s
currentSize : 42 <-- 0.007030 s
currentSize : 43 <-- 0.007173 s
currentSize : 44 <-- 0.009664 s
currentSize : 45 <-- 0.012994 s
currentSize : 46 <-- 0.106753 s

TIMEOUT
maxsize : 46
nodes : 598290635.000000
filtered : 6399935715.000000
time : 3600.000000
