Parameters: GAD=1 vflib=1 dir=1 label=1 lowerbound=1 fileNameGp=../graphsdb/mcs50/bvg/b06/mcs50_b06_s70.A82 fileNameGt=../graphsdb/mcs50/bvg/b06/mcs50_b06_s70.B82
Reading graphs...
70 : 210
70 : 210
Initializing...
maxdom : 9
D->valSize : 343
Solving...
Blb : 3 (clique : 21)
currentSize : 21 <-- 0.004592 s
currentSize : 22 <-- 0.386953 s
currentSize : 23 <-- 0.387113 s
currentSize : 24 <-- 5.325258 s
currentSize : 25 <-- 23.183865 s
currentSize : 26 <-- 139.239182 s
currentSize : 27 <-- 165.488403 s
currentSize : 28 <-- 177.257751 s
currentSize : 29 <-- 177.337021 s
currentSize : 30 <-- 177.412827 s
currentSize : 33 <-- 245.762054 s
currentSize : 34 <-- 246.482498 s
currentSize : 35 <-- 246.482559 s
currentSize : 36 <-- 266.496704 s

maxsize : 36
nodes : 60757873.000000
filtered : 500253682.000000
time : 279.601624
