Parameters: GAD=1 vflib=1 dir=1 label=1 lowerbound=1 fileNameGp=../graphsdb/mcs50/bvg/b06/mcs50_b06_s100.A59 fileNameGt=../graphsdb/mcs50/bvg/b06/mcs50_b06_s100.B59
Reading graphs...
100 : 300
100 : 300
Initializing...
maxdom : 6
D->valSize : 355
Solving...
Blb : 2 (clique : 27)
currentSize : 27 <-- 0.005785 s
currentSize : 29 <-- 0.012017 s
currentSize : 30 <-- 0.012230 s
currentSize : 31 <-- 0.080423 s
currentSize : 32 <-- 0.804906 s
currentSize : 36 <-- 1.407526 s
currentSize : 37 <-- 1.407582 s
currentSize : 38 <-- 2.821226 s
currentSize : 40 <-- 3.753530 s
currentSize : 41 <-- 3.753625 s
currentSize : 42 <-- 3.796881 s
currentSize : 43 <-- 3.796983 s
currentSize : 44 <-- 79.365662 s
currentSize : 46 <-- 79.938812 s
currentSize : 47 <-- 79.938957 s
currentSize : 49 <-- 80.179527 s
currentSize : 50 <-- 80.179695 s
currentSize : 51 <-- 159.692993 s
currentSize : 52 <-- 1731.166870 s

TIMEOUT
maxsize : 52
nodes : 641422531.000000
filtered : 3672573191.000000
time : 3600.000000
