Parameters: GAD=1 vflib=1 dir=1 label=1 lowerbound=1 fileNameGp=../graphsdb/mcs50/rand/r005/mcs50_r005_s80.A68 fileNameGt=../graphsdb/mcs50/rand/r005/mcs50_r005_s80.B68
Reading graphs...
80 : 315
80 : 315
Initializing...
maxdom : 12
D->valSize : 435
Solving...
Blb : 2 (clique : 24)
currentSize : 24 <-- 0.004276 s
currentSize : 25 <-- 0.593960 s
currentSize : 26 <-- 10.047596 s
currentSize : 27 <-- 20.004219 s
currentSize : 28 <-- 29.305403 s
currentSize : 29 <-- 29.462534 s
currentSize : 31 <-- 30.505478 s
currentSize : 33 <-- 30.506041 s
currentSize : 36 <-- 53.255871 s
currentSize : 39 <-- 53.256443 s
currentSize : 40 <-- 53.256912 s

maxsize : 40
nodes : 11329025.000000
filtered : 124373331.000000
time : 64.536736
