Parameters: GAD=1 vflib=1 dir=1 label=1 lowerbound=1 fileNameGp=../graphsdb/mcs50/m4D/m4Dr2/mcs50_m4Dr2_s40.A35 fileNameGt=../graphsdb/mcs50/m4D/m4Dr2/mcs50_m4Dr2_s40.B35
Reading graphs...
40 : 79
40 : 78
Initializing...
maxdom : 8
D->valSize : 249
Solving...
Blb : 2 (clique : 16)
currentSize : 16 <-- 0.002390 s
currentSize : 17 <-- 0.322976 s
currentSize : 18 <-- 0.627852 s
currentSize : 19 <-- 0.641397 s
currentSize : 20 <-- 5.979609 s

maxsize : 20
nodes : 1955972.000000
filtered : 21831092.000000
time : 7.700546
