Parameters: GAD=1 vflib=1 dir=1 label=1 lowerbound=1 fileNameGp=../graphsdb/mcs50/bvg/b06m/mcs50_b06m_s80.A23 fileNameGt=../graphsdb/mcs50/bvg/b06m/mcs50_b06m_s80.B23
Reading graphs...
80 : 240
80 : 240
Initializing...
maxdom : 9
D->valSize : 423
Solving...
Blb : 2 (clique : 25)
currentSize : 25 <-- 0.006685 s
currentSize : 31 <-- 0.006990 s
currentSize : 32 <-- 0.007326 s
currentSize : 33 <-- 0.007550 s
currentSize : 34 <-- 0.009604 s
currentSize : 35 <-- 0.014929 s
currentSize : 36 <-- 0.019266 s
currentSize : 37 <-- 9.594842 s
currentSize : 38 <-- 330.838135 s
currentSize : 39 <-- 514.172241 s
currentSize : 40 <-- 514.211243 s

maxsize : 40
nodes : 359773711.000000
filtered : 2293842986.000000
time : 1751.389893
