Parameters: GAD=1 vflib=1 dir=1 label=1 lowerbound=1 fileNameGp=../graphsdb/mcs50/m2D/m2Dr6/mcs50_m2Dr6_s80.A35 fileNameGt=../graphsdb/mcs50/m2D/m2Dr6/mcs50_m2Dr6_s80.B35
Reading graphs...
80 : 190
80 : 190
Initializing...
maxdom : 10
D->valSize : 420
Solving...
Blb : 3 (clique : 26)
currentSize : 26 <-- 0.006843 s
currentSize : 27 <-- 0.041480 s
currentSize : 28 <-- 0.079938 s
currentSize : 29 <-- 0.089207 s
currentSize : 30 <-- 0.093761 s
currentSize : 31 <-- 296.590515 s
currentSize : 32 <-- 465.177582 s
currentSize : 33 <-- 791.098572 s
currentSize : 34 <-- 1750.049316 s
currentSize : 35 <-- 1863.839233 s

TIMEOUT
maxsize : 35
nodes : 639799416.000000
filtered : 6214271484.000000
time : 3600.000000
