Parameters: GAD=1 vflib=1 dir=1 label=1 lowerbound=1 fileNameGp=../graphsdb/mcs50/bvg/b06/mcs50_b06_s80.A83 fileNameGt=../graphsdb/mcs50/bvg/b06/mcs50_b06_s80.B83
Reading graphs...
80 : 240
80 : 240
Initializing...
maxdom : 10
D->valSize : 480
Solving...
Blb : 2 (clique : 27)
currentSize : 27 <-- 0.009223 s
currentSize : 28 <-- 3.341315 s
currentSize : 29 <-- 50.076008 s
currentSize : 30 <-- 55.242298 s
currentSize : 31 <-- 57.439686 s
currentSize : 32 <-- 57.439983 s
currentSize : 33 <-- 170.686569 s
currentSize : 37 <-- 965.275330 s
currentSize : 38 <-- 965.276062 s
currentSize : 39 <-- 965.276550 s
currentSize : 40 <-- 965.279907 s
currentSize : 41 <-- 965.281494 s
currentSize : 42 <-- 965.312622 s

maxsize : 42
nodes : 343431075.000000
filtered : 3656623606.000000
time : 1922.822998
