Parameters: GAD=1 vflib=1 dir=1 label=1 lowerbound=1 fileNameGp=../graphsdb/mcs50/bvg/b09m/mcs50_b09m_s90.A66 fileNameGt=../graphsdb/mcs50/bvg/b09m/mcs50_b09m_s90.B66
Reading graphs...
90 : 405
90 : 405
Initializing...
maxdom : 12
D->valSize : 549
Solving...
Blb : 3 (clique : 28)
currentSize : 28 <-- 0.006203 s
currentSize : 29 <-- 0.729414 s
currentSize : 30 <-- 0.729976 s
currentSize : 31 <-- 30.990780 s
currentSize : 32 <-- 31.631781 s
currentSize : 33 <-- 31.657377 s
currentSize : 34 <-- 31.657598 s
currentSize : 35 <-- 31.659307 s
currentSize : 36 <-- 150.838684 s
currentSize : 37 <-- 150.966827 s
currentSize : 39 <-- 153.302811 s
currentSize : 40 <-- 153.398346 s
currentSize : 41 <-- 153.398849 s
currentSize : 42 <-- 153.400604 s
currentSize : 43 <-- 301.486603 s
currentSize : 44 <-- 470.799622 s

maxsize : 44
nodes : 241880460.000000
filtered : 1979520979.000000
time : 1318.957031
