Parameters: GAD=1 vflib=1 dir=1 label=1 lowerbound=1 fileNameGp=../graphsdb/mcs50/m2D/m2Dr4/mcs50_m2Dr4_s50.A59 fileNameGt=../graphsdb/mcs50/m2D/m2Dr4/mcs50_m2Dr4_s50.B59
Reading graphs...
50 : 105
50 : 104
Initializing...
maxdom : 12
D->valSize : 331
Solving...
Blb : 2 (clique : 19)
currentSize : 19 <-- 0.002983 s
currentSize : 20 <-- 0.003102 s
currentSize : 21 <-- 0.003138 s
currentSize : 22 <-- 0.003217 s
currentSize : 23 <-- 1.266191 s
currentSize : 24 <-- 1.266432 s
currentSize : 25 <-- 10.540289 s
currentSize : 27 <-- 14.894292 s

maxsize : 27
nodes : 7992155.000000
filtered : 104705444.000000
time : 36.862988
