Parameters: GAD=1 vflib=1 dir=1 label=1 lowerbound=1 fileNameGp=../graphsdb/mcs50/rand/r005/mcs50_r005_s70.A03 fileNameGt=../graphsdb/mcs50/rand/r005/mcs50_r005_s70.B03
Reading graphs...
70 : 240
70 : 240
Initializing...
maxdom : 6
D->valSize : 314
Solving...
Blb : 2 (clique : 24)
currentSize : 24 <-- 0.002602 s
currentSize : 25 <-- 0.835289 s
currentSize : 26 <-- 4.208920 s
currentSize : 27 <-- 4.215614 s
currentSize : 28 <-- 4.396042 s
currentSize : 29 <-- 4.404326 s
currentSize : 30 <-- 25.758284 s
currentSize : 32 <-- 28.545303 s
currentSize : 33 <-- 28.822992 s
currentSize : 36 <-- 28.852358 s

maxsize : 36
nodes : 6733929.000000
filtered : 72730298.000000
time : 36.028843
