Parameters: GAD=1 vflib=1 dir=1 label=1 lowerbound=1 fileNameGp=../graphsdb/mcs50/m3D/m3Dr6/mcs50_m3Dr6_s60.A03 fileNameGt=../graphsdb/mcs50/m3D/m3Dr6/mcs50_m3Dr6_s60.B03
Reading graphs...
60 : 170
60 : 170
Initializing...
maxdom : 8
D->valSize : 240
Solving...
Blb : 2 (clique : 21)
currentSize : 21 <-- 0.001757 s
currentSize : 23 <-- 0.001883 s
currentSize : 24 <-- 0.001981 s
currentSize : 25 <-- 0.002575 s
currentSize : 26 <-- 0.025803 s
currentSize : 27 <-- 0.026000 s
currentSize : 28 <-- 0.941357 s

maxsize : 28
nodes : 1350050.000000
filtered : 7538394.000000
time : 5.491454
