Parameters: GAD=1 vflib=1 dir=1 label=1 lowerbound=1 fileNameGp=../graphsdb/mcs50/bvg/b09/mcs50_b09_s80.A39 fileNameGt=../graphsdb/mcs50/bvg/b09/mcs50_b09_s80.B39
Reading graphs...
80 : 360
80 : 360
Initializing...
maxdom : 7
D->valSize : 427
Solving...
Blb : 2 (clique : 31)
currentSize : 31 <-- 0.006609 s
currentSize : 32 <-- 0.007419 s
currentSize : 33 <-- 0.019798 s
currentSize : 34 <-- 19.400551 s
currentSize : 35 <-- 33.411304 s
currentSize : 36 <-- 83.767929 s
currentSize : 37 <-- 88.697296 s
currentSize : 38 <-- 88.697937 s
currentSize : 39 <-- 105.629662 s
currentSize : 40 <-- 159.046661 s

maxsize : 40
nodes : 42602522.000000
filtered : 377023807.000000
time : 223.767578
