Parameters: GAD=1 vflib=1 dir=1 label=1 lowerbound=1 fileNameGp=../graphsdb/mcs50/bvg/b03/mcs50_b03_s60.A14 fileNameGt=../graphsdb/mcs50/bvg/b03/mcs50_b03_s60.B14
Reading graphs...
60 : 90
60 : 90
Initializing...
maxdom : 9
D->valSize : 235
Solving...
Blb : 2 (clique : 26)
currentSize : 26 <-- 0.001761 s
currentSize : 27 <-- 0.001964 s
currentSize : 28 <-- 0.019667 s
currentSize : 29 <-- 0.319848 s
currentSize : 30 <-- 34.971439 s
currentSize : 31 <-- 35.228451 s

maxsize : 31
nodes : 11443711.000000
filtered : 80800280.000000
time : 48.894161
