Parameters: GAD=1 vflib=1 dir=1 label=1 lowerbound=1 fileNameGp=../graphsdb/mcs50/bvg/b03m/mcs50_b03m_s80.A28 fileNameGt=../graphsdb/mcs50/bvg/b03m/mcs50_b03m_s80.B28
Reading graphs...
80 : 120
80 : 120
Initializing...
maxdom : 11
D->valSize : 421
Solving...
Blb : 2 (clique : 36)
currentSize : 36 <-- 0.004490 s
currentSize : 37 <-- 0.005058 s
currentSize : 38 <-- 0.007617 s
currentSize : 40 <-- 0.009108 s
currentSize : 41 <-- 0.012423 s
currentSize : 42 <-- 0.042960 s
currentSize : 43 <-- 0.043505 s
currentSize : 44 <-- 0.043676 s
currentSize : 45 <-- 312.290771 s

TIMEOUT
maxsize : 45
nodes : 689300112.000000
filtered : 5304515191.000000
time : 3600.000000
