Parameters: GAD=1 vflib=1 dir=1 label=1 lowerbound=1 fileNameGp=../graphsdb/mcs50/m3D/m3D/mcs50_m3D_s50.A03 fileNameGt=../graphsdb/mcs50/m3D/m3D/mcs50_m3D_s50.B03
Reading graphs...
50 : 109
50 : 109
Initializing...
maxdom : 8
D->valSize : 321
Solving...
Blb : 5 (clique : 18)
currentSize : 18 <-- 0.003751 s
currentSize : 23 <-- 0.003921 s
currentSize : 24 <-- 0.003988 s
currentSize : 25 <-- 6.534889 s
currentSize : 26 <-- 6.536246 s
currentSize : 27 <-- 8.573783 s
currentSize : 28 <-- 8.575756 s

maxsize : 28
nodes : 2308946.000000
filtered : 23922313.000000
time : 10.447301
