Parameters: GAD=1 vflib=1 dir=1 label=1 lowerbound=1 fileNameGp=../graphsdb/mcs50/bvg/b09/mcs50_b09_s70.A41 fileNameGt=../graphsdb/mcs50/bvg/b09/mcs50_b09_s70.B41
Reading graphs...
70 : 315
70 : 315
Initializing...
maxdom : 7
D->valSize : 332
Solving...
Blb : 3 (clique : 18)
currentSize : 18 <-- 0.004231 s
currentSize : 19 <-- 0.130396 s
currentSize : 20 <-- 0.379913 s
currentSize : 21 <-- 0.380851 s
currentSize : 22 <-- 0.401311 s
currentSize : 23 <-- 1.064040 s
currentSize : 24 <-- 3.522549 s
currentSize : 30 <-- 4.429583 s
currentSize : 33 <-- 4.430296 s
currentSize : 34 <-- 4.430351 s

maxsize : 34
nodes : 2863970.000000
filtered : 21087309.000000
time : 13.207467
