Parameters: GAD=1 vflib=1 dir=1 label=1 lowerbound=1 fileNameGp=../graphsdb/mcs50/bvg/b06m/mcs50_b06m_s30.A24 fileNameGt=../graphsdb/mcs50/bvg/b06m/mcs50_b06m_s30.B24
Reading graphs...
30 : 90
30 : 90
Initializing...
maxdom : 8
D->valSize : 142
Solving...
Blb : 2 (clique : 11)
currentSize : 11 <-- 0.000830 s
currentSize : 12 <-- 0.000930 s
currentSize : 13 <-- 0.001015 s
currentSize : 15 <-- 0.001039 s
currentSize : 16 <-- 0.001112 s

maxsize : 16
nodes : 1313.000000
filtered : 11273.000000
time : 0.005695
