Parameters: GAD=1 vflib=1 dir=1 label=1 lowerbound=1 fileNameGp=../graphsdb/mcs50/bvg/b03/mcs50_b03_s50.A22 fileNameGt=../graphsdb/mcs50/bvg/b03/mcs50_b03_s50.B22
Reading graphs...
50 : 75
50 : 75
Initializing...
maxdom : 10
D->valSize : 334
Solving...
Blb : 2 (clique : 20)
currentSize : 20 <-- 0.004153 s
currentSize : 22 <-- 0.004334 s
currentSize : 23 <-- 0.025377 s
currentSize : 24 <-- 0.892706 s
currentSize : 25 <-- 3.249447 s
currentSize : 26 <-- 5.952213 s
currentSize : 27 <-- 203.416656 s
currentSize : 28 <-- 859.363159 s

maxsize : 28
nodes : 178660427.000000
filtered : 2416613122.000000
time : 863.340454
