Parameters: GAD=1 vflib=1 dir=1 label=1 lowerbound=1 fileNameGp=../graphsdb/mcs50/rand/r005/mcs50_r005_s40.A00 fileNameGt=../graphsdb/mcs50/rand/r005/mcs50_r005_s40.B00
Reading graphs...
40 : 78
40 : 78
Initializing...
maxdom : 10
D->valSize : 212
Solving...
Blb : 5 (clique : 15)
currentSize : 15 <-- 0.001250 s
currentSize : 16 <-- 0.001373 s
currentSize : 17 <-- 0.003653 s
currentSize : 19 <-- 0.013899 s
currentSize : 20 <-- 0.245693 s

maxsize : 20
nodes : 182846.000000
filtered : 1898673.000000
time : 0.929774
