Parameters: GAD=1 vflib=1 dir=1 label=1 lowerbound=1 fileNameGp=../graphsdb/mcs50/m2D/m2Dr6/mcs50_m2Dr6_s40.A89 fileNameGt=../graphsdb/mcs50/m2D/m2Dr6/mcs50_m2Dr6_s40.B89
Reading graphs...
40 : 91
40 : 89
Initializing...
maxdom : 8
D->valSize : 220
Solving...
Blb : 2 (clique : 13)
currentSize : 13 <-- 0.001504 s
currentSize : 14 <-- 0.001778 s
currentSize : 15 <-- 0.018750 s
currentSize : 16 <-- 0.367433 s
currentSize : 17 <-- 0.665640 s
currentSize : 18 <-- 0.665755 s

maxsize : 18
nodes : 279564.000000
filtered : 2932459.000000
time : 1.080569
