Parameters: GAD=1 vflib=1 dir=1 label=1 lowerbound=1 fileNameGp=../graphsdb/mcs50/m2D/m2Dr4/mcs50_m2Dr4_s40.A74 fileNameGt=../graphsdb/mcs50/m2D/m2Dr4/mcs50_m2Dr4_s40.B74
Reading graphs...
40 : 83
40 : 81
Initializing...
maxdom : 7
D->valSize : 206
Solving...
Blb : 2 (clique : 14)
currentSize : 14 <-- 0.001543 s
currentSize : 15 <-- 0.028675 s
currentSize : 16 <-- 0.048397 s
currentSize : 17 <-- 0.084166 s
currentSize : 19 <-- 3.407202 s
currentSize : 20 <-- 4.618380 s

maxsize : 20
nodes : 1438221.000000
filtered : 13252931.000000
time : 5.435880
