Parameters: GAD=1 vflib=1 dir=1 label=1 lowerbound=1 fileNameGp=../graphsdb/mcs50/m2D/m2D/mcs50_m2D_s30.A23 fileNameGt=../graphsdb/mcs50/m2D/m2D/mcs50_m2D_s30.B23
Reading graphs...
30 : 49
30 : 49
Initializing...
maxdom : 8
D->valSize : 147
Solving...
Blb : 2 (clique : 10)
currentSize : 10 <-- 0.000889 s
currentSize : 11 <-- 0.000949 s
currentSize : 12 <-- 0.001162 s
currentSize : 13 <-- 0.002142 s
currentSize : 14 <-- 0.003955 s
currentSize : 15 <-- 0.004147 s
currentSize : 16 <-- 0.004225 s
currentSize : 17 <-- 0.005251 s

maxsize : 17
nodes : 4495.000000
filtered : 26580.000000
time : 0.014029
