Parameters: GAD=1 vflib=1 dir=1 label=1 lowerbound=1 fileNameGp=../graphsdb/mcs50/rand/r02/mcs50_r02_s20.A15 fileNameGt=../graphsdb/mcs50/rand/r02/mcs50_r02_s20.B15
Reading graphs...
20 : 75
20 : 75
Initializing...
maxdom : 9
D->valSize : 105
Solving...
Blb : 2 (clique : 5)
currentSize : 5 <-- 0.000703 s
currentSize : 6 <-- 0.000763 s
currentSize : 7 <-- 0.001208 s
currentSize : 8 <-- 0.001219 s
currentSize : 10 <-- 0.001751 s

maxsize : 10
nodes : 311.000000
filtered : 4051.000000
time : 0.002039
