Parameters: GAD=1 vflib=1 dir=1 label=1 lowerbound=1 fileNameGp=../graphsdb/mcs50/m3D/m3D/mcs50_m3D_s60.A38 fileNameGt=../graphsdb/mcs50/m3D/m3D/mcs50_m3D_s60.B38
Reading graphs...
60 : 134
60 : 134
Initializing...
maxdom : 9
D->valSize : 250
Solving...
Blb : 2 (clique : 20)
currentSize : 20 <-- 0.002827 s
currentSize : 21 <-- 0.040527 s
currentSize : 22 <-- 0.055736 s
currentSize : 23 <-- 0.361417 s
currentSize : 24 <-- 2.021051 s
currentSize : 25 <-- 3.125553 s
currentSize : 26 <-- 3.192516 s
currentSize : 27 <-- 10.346450 s
currentSize : 28 <-- 10.349380 s
currentSize : 29 <-- 10.666571 s

maxsize : 29
nodes : 5067442.000000
filtered : 38260613.000000
time : 22.359564
