Parameters: GAD=1 vflib=1 dir=1 label=1 lowerbound=1 fileNameGp=../graphsdb/mcs50/bvg/b03/mcs50_b03_s60.A20 fileNameGt=../graphsdb/mcs50/bvg/b03/mcs50_b03_s60.B20
Reading graphs...
60 : 90
60 : 90
Initializing...
maxdom : 5
D->valSize : 233
Solving...
Blb : 2 (clique : 26)
currentSize : 26 <-- 0.001673 s
currentSize : 27 <-- 0.011534 s
currentSize : 28 <-- 0.011774 s
currentSize : 29 <-- 0.215275 s
currentSize : 30 <-- 0.623642 s
currentSize : 31 <-- 0.641262 s
currentSize : 32 <-- 0.655892 s

maxsize : 32
nodes : 51576621.000000
filtered : 333332274.000000
time : 209.475250
