Parameters: GAD=1 vflib=1 dir=1 label=1 lowerbound=1 fileNameGp=../graphsdb/mcs50/rand/r02/mcs50_r02_s90.A03 fileNameGt=../graphsdb/mcs50/rand/r02/mcs50_r02_s90.B03
Reading graphs...
90 : 1601
90 : 1601
Initializing...
maxdom : 8
D->valSize : 523
Solving...
Blb : 5 (clique : 12)
currentSize : 12 <-- 0.005434 s
currentSize : 13 <-- 0.009574 s
currentSize : 20 <-- 0.009760 s
currentSize : 27 <-- 0.017980 s
currentSize : 45 <-- 0.018220 s

maxsize : 45
nodes : 3900.000000
filtered : 130003.000000
time : 0.034802
