Parameters: GAD=1 vflib=1 dir=1 label=1 lowerbound=1 fileNameGp=../graphsdb/mcs50/m4D/m4Dr4/mcs50_m4Dr4_s40.A50 fileNameGt=../graphsdb/mcs50/m4D/m4Dr4/mcs50_m4Dr4_s40.B50
Reading graphs...
40 : 87
40 : 86
Initializing...
maxdom : 8
D->valSize : 217
Solving...
Blb : 2 (clique : 16)
currentSize : 16 <-- 0.001469 s
currentSize : 17 <-- 0.223110 s
currentSize : 18 <-- 1.348114 s
currentSize : 19 <-- 1.349634 s
currentSize : 20 <-- 2.099111 s

maxsize : 20
nodes : 777238.000000
filtered : 7598330.000000
time : 3.030121
