Parameters: GAD=1 vflib=1 dir=1 label=1 lowerbound=1 fileNameGp=../graphsdb/mcs50/m2D/m2D/mcs50_m2D_s40.A04 fileNameGt=../graphsdb/mcs50/m2D/m2D/mcs50_m2D_s40.B04
Reading graphs...
40 : 67
40 : 67
Initializing...
maxdom : 10
D->valSize : 238
Solving...
Blb : 2 (clique : 17)
currentSize : 17 <-- 0.001396 s
currentSize : 18 <-- 0.097015 s
currentSize : 19 <-- 0.101173 s
currentSize : 20 <-- 0.469698 s
currentSize : 21 <-- 3.012590 s

maxsize : 21
nodes : 1724737.000000
filtered : 23077874.000000
time : 8.242480
