Parameters: GAD=1 vflib=1 dir=1 label=1 lowerbound=1 fileNameGp=../graphsdb/mcs50/bvg/b06m/mcs50_b06m_s60.A42 fileNameGt=../graphsdb/mcs50/bvg/b06m/mcs50_b06m_s60.B42
Reading graphs...
60 : 180
60 : 180
Initializing...
maxdom : 7
D->valSize : 253
Solving...
Blb : 3 (clique : 26)
currentSize : 26 <-- 0.001862 s
currentSize : 27 <-- 0.002122 s
currentSize : 28 <-- 0.002428 s
currentSize : 29 <-- 0.006893 s
currentSize : 30 <-- 0.007200 s
currentSize : 31 <-- 1.235379 s
currentSize : 32 <-- 1.236206 s

maxsize : 32
nodes : 592391.000000
filtered : 3587824.000000
time : 2.447304
