Parameters: GAD=1 vflib=1 dir=1 label=1 lowerbound=1 fileNameGp=../graphsdb/mcs50/m2D/m2Dr2/mcs50_m2Dr2_s80.A29 fileNameGt=../graphsdb/mcs50/m2D/m2Dr2/mcs50_m2Dr2_s80.B29
Reading graphs...
80 : 158
80 : 158
Initializing...
maxdom : 9
D->valSize : 442
Solving...
Blb : 2 (clique : 26)
currentSize : 26 <-- 0.004710 s
currentSize : 30 <-- 0.004910 s
currentSize : 31 <-- 0.031876 s
currentSize : 32 <-- 0.031978 s
currentSize : 33 <-- 0.041140 s
currentSize : 34 <-- 0.041253 s
currentSize : 35 <-- 0.091199 s
currentSize : 36 <-- 0.281708 s
currentSize : 37 <-- 1538.082153 s

TIMEOUT
maxsize : 37
nodes : 654068693.000000
filtered : 7611717093.000000
time : 3600.000000
