Parameters: GAD=1 vflib=1 dir=1 label=1 lowerbound=1 fileNameGp=../graphsdb/mcs50/rand/r01/mcs50_r01_s40.A31 fileNameGt=../graphsdb/mcs50/rand/r01/mcs50_r01_s40.B31
Reading graphs...
40 : 155
40 : 155
Initializing...
maxdom : 9
D->valSize : 220
Solving...
Blb : 2 (clique : 11)
currentSize : 11 <-- 0.001328 s
currentSize : 12 <-- 0.001423 s
currentSize : 13 <-- 0.004194 s
currentSize : 14 <-- 0.007593 s
currentSize : 16 <-- 0.007805 s
currentSize : 19 <-- 0.026682 s
currentSize : 20 <-- 0.026735 s

maxsize : 20
nodes : 9989.000000
filtered : 129454.000000
time : 0.042836
