Parameters: GAD=1 vflib=1 dir=1 label=1 lowerbound=1 fileNameGp=../graphsdb/mcs50/bvg/b06m/mcs50_b06m_s80.A68 fileNameGt=../graphsdb/mcs50/bvg/b06m/mcs50_b06m_s80.B68
Reading graphs...
80 : 240
80 : 240
Initializing...
maxdom : 10
D->valSize : 486
Solving...
Blb : 5 (clique : 32)
currentSize : 32 <-- 0.005059 s
currentSize : 33 <-- 17.668119 s
currentSize : 34 <-- 30.216352 s
currentSize : 35 <-- 45.607063 s
currentSize : 36 <-- 57.834972 s
currentSize : 37 <-- 111.019363 s
currentSize : 38 <-- 297.470581 s
currentSize : 39 <-- 344.553864 s
currentSize : 41 <-- 1499.119629 s
currentSize : 42 <-- 1499.120728 s

maxsize : 42
nodes : 513424751.000000
filtered : 4180234805.000000
time : 2684.888672
