Parameters: GAD=1 vflib=1 dir=1 label=1 lowerbound=1 fileNameGp=../graphsdb/mcs50/m3D/m3Dr2/mcs50_m3Dr2_s60.A02 fileNameGt=../graphsdb/mcs50/m3D/m3Dr2/mcs50_m3Dr2_s60.B02
Reading graphs...
60 : 146
60 : 146
Initializing...
maxdom : 8
D->valSize : 280
Solving...
Blb : 2 (clique : 24)
currentSize : 24 <-- 0.003293 s
currentSize : 25 <-- 0.009731 s
currentSize : 26 <-- 0.011580 s
currentSize : 27 <-- 0.025241 s
currentSize : 29 <-- 10.090827 s

maxsize : 29
nodes : 5703212.000000
filtered : 40366297.000000
time : 25.302544
