Parameters: GAD=1 vflib=1 dir=1 label=1 lowerbound=1 fileNameGp=../graphsdb/mcs50/bvg/b09/mcs50_b09_s100.A47 fileNameGt=../graphsdb/mcs50/bvg/b09/mcs50_b09_s100.B47
Reading graphs...
100 : 450
100 : 450
Initializing...
maxdom : 7
D->valSize : 364
Solving...
Blb : 5 (clique : 35)
currentSize : 35 <-- 0.003666 s
currentSize : 37 <-- 8.785023 s
currentSize : 38 <-- 9.320490 s
currentSize : 39 <-- 9.320688 s
currentSize : 40 <-- 18.444572 s
currentSize : 41 <-- 18.499256 s
currentSize : 42 <-- 32.407711 s
currentSize : 43 <-- 32.416191 s
currentSize : 44 <-- 32.453659 s
currentSize : 45 <-- 32.649994 s
currentSize : 46 <-- 32.650272 s
currentSize : 47 <-- 75.799843 s
currentSize : 48 <-- 226.021530 s
currentSize : 49 <-- 226.104416 s
currentSize : 50 <-- 521.386658 s

maxsize : 50
nodes : 120686085.000000
filtered : 571088386.000000
time : 635.386536
