Parameters: GAD=1 vflib=1 dir=1 label=1 lowerbound=1 fileNameGp=../graphsdb/mcs50/m2D/m2Dr2/mcs50_m2Dr2_s60.A32 fileNameGt=../graphsdb/mcs50/m2D/m2Dr2/mcs50_m2Dr2_s60.B32
Reading graphs...
60 : 116
60 : 115
Initializing...
maxdom : 6
D->valSize : 262
Solving...
Blb : 2 (clique : 23)
currentSize : 23 <-- 0.001871 s
currentSize : 24 <-- 0.002648 s
currentSize : 25 <-- 0.007172 s
currentSize : 26 <-- 0.667059 s
currentSize : 28 <-- 0.814993 s
currentSize : 29 <-- 154.069321 s

maxsize : 29
nodes : 56233174.000000
filtered : 452846286.000000
time : 252.762772
