Parameters: GAD=1 vflib=1 dir=1 label=1 lowerbound=1 fileNameGp=../graphsdb/mcs50/m3D/m3D/mcs50_m3D_s60.A27 fileNameGt=../graphsdb/mcs50/m3D/m3D/mcs50_m3D_s60.B27
Reading graphs...
60 : 134
60 : 134
Initializing...
maxdom : 7
D->valSize : 248
Solving...
Blb : 3 (clique : 24)
currentSize : 24 <-- 0.002833 s
currentSize : 25 <-- 0.003162 s
currentSize : 26 <-- 0.019155 s
currentSize : 27 <-- 0.320063 s
currentSize : 28 <-- 2.060047 s
currentSize : 29 <-- 5.307436 s

maxsize : 29
nodes : 3171356.000000
filtered : 26032725.000000
time : 14.374317
