Parameters: GAD=1 vflib=1 dir=1 label=1 lowerbound=1 fileNameGp=../graphsdb/mcs50/rand/r02/mcs50_r02_s30.A14 fileNameGt=../graphsdb/mcs50/rand/r02/mcs50_r02_s30.B14
Reading graphs...
30 : 173
30 : 173
Initializing...
maxdom : 6
D->valSize : 135
Solving...
Blb : 2 (clique : 7)
currentSize : 7 <-- 0.000754 s
currentSize : 8 <-- 0.000871 s
currentSize : 9 <-- 0.000899 s
currentSize : 11 <-- 0.001421 s
currentSize : 12 <-- 0.001605 s
currentSize : 15 <-- 0.001725 s

maxsize : 15
nodes : 401.000000
filtered : 6201.000000
time : 0.002104
