Parameters: GAD=1 vflib=1 dir=1 label=1 lowerbound=1 fileNameGp=../graphsdb/mcs50/bvg/b03/mcs50_b03_s50.A84 fileNameGt=../graphsdb/mcs50/bvg/b03/mcs50_b03_s50.B84
Reading graphs...
50 : 75
50 : 75
Initializing...
maxdom : 10
D->valSize : 312
Solving...
Blb : 2 (clique : 22)
currentSize : 22 <-- 0.003810 s
currentSize : 23 <-- 0.004062 s
currentSize : 24 <-- 0.005049 s
currentSize : 25 <-- 1.555264 s
currentSize : 26 <-- 16.023499 s
currentSize : 27 <-- 21.959616 s
currentSize : 28 <-- 69.838417 s

maxsize : 28
nodes : 29486265.000000
filtered : 392498408.000000
time : 144.632507
