Parameters: GAD=1 vflib=1 dir=1 label=1 lowerbound=1 fileNameGp=../graphsdb/mcs50/bvg/b06m/mcs50_b06m_s80.A92 fileNameGt=../graphsdb/mcs50/bvg/b06m/mcs50_b06m_s80.B92
Reading graphs...
80 : 240
80 : 240
Initializing...
maxdom : 9
D->valSize : 457
Solving...
Blb : 2 (clique : 27)
currentSize : 27 <-- 0.007586 s
currentSize : 28 <-- 0.007978 s
currentSize : 31 <-- 0.008223 s
currentSize : 32 <-- 0.010757 s
currentSize : 34 <-- 0.434751 s
currentSize : 35 <-- 0.435798 s
currentSize : 36 <-- 0.435978 s
currentSize : 37 <-- 678.511230 s
currentSize : 38 <-- 679.142883 s
currentSize : 39 <-- 679.535095 s
currentSize : 40 <-- 679.579285 s
currentSize : 41 <-- 679.579407 s

maxsize : 41
nodes : 306637661.000000
filtered : 2556144922.000000
time : 1630.634766
