Parameters: GAD=1 vflib=1 dir=1 label=1 lowerbound=1 fileNameGp=../graphsdb/mcs50/m4D/m4Dr6/mcs50_m4Dr6_s35.A35 fileNameGt=../graphsdb/mcs50/m4D/m4Dr6/mcs50_m4Dr6_s35.B35
Reading graphs...
35 : 84
35 : 84
Initializing...
maxdom : 7
D->valSize : 173
Solving...
Blb : 3 (clique : 14)
currentSize : 14 <-- 0.000958 s
currentSize : 15 <-- 0.002033 s
currentSize : 16 <-- 0.016917 s
currentSize : 17 <-- 0.017027 s
currentSize : 18 <-- 0.017328 s

maxsize : 18
nodes : 28028.000000
filtered : 241153.000000
time : 0.093476
