Parameters: GAD=1 vflib=1 dir=1 label=1 lowerbound=1 fileNameGp=../graphsdb/mcs50/bvg/b09/mcs50_b09_s90.A49 fileNameGt=../graphsdb/mcs50/bvg/b09/mcs50_b09_s90.B49
Reading graphs...
90 : 405
90 : 405
Initializing...
maxdom : 9
D->valSize : 538
Solving...
Blb : 3 (clique : 37)
currentSize : 37 <-- 0.006203 s
currentSize : 40 <-- 108.009354 s
currentSize : 41 <-- 108.009560 s
currentSize : 42 <-- 108.009872 s
currentSize : 43 <-- 108.129013 s
currentSize : 44 <-- 108.129524 s

maxsize : 44
nodes : 204132238.000000
filtered : 1450669608.000000
time : 1070.075317
