Parameters: GAD=1 vflib=1 dir=1 label=1 lowerbound=1 fileNameGp=../graphsdb/mcs50/bvg/b06/mcs50_b06_s35.A97 fileNameGt=../graphsdb/mcs50/bvg/b06/mcs50_b06_s35.B97
Reading graphs...
35 : 105
35 : 105
Initializing...
maxdom : 6
D->valSize : 155
Solving...
Blb : 2 (clique : 12)
currentSize : 12 <-- 0.000873 s
currentSize : 13 <-- 0.001174 s
currentSize : 14 <-- 0.001487 s
currentSize : 15 <-- 0.001607 s
currentSize : 16 <-- 0.001665 s
currentSize : 17 <-- 0.002021 s

maxsize : 17
nodes : 3868.000000
filtered : 34400.000000
time : 0.013993
