Parameters: GAD=1 vflib=1 dir=1 label=1 lowerbound=1 fileNameGp=../graphsdb/mcs50/rand/r01/mcs50_r01_s70.A86 fileNameGt=../graphsdb/mcs50/rand/r01/mcs50_r01_s70.B86
Reading graphs...
70 : 482
70 : 482
Initializing...
maxdom : 7
D->valSize : 337
Solving...
Blb : 3 (clique : 10)
currentSize : 10 <-- 0.002749 s
currentSize : 11 <-- 0.003174 s
currentSize : 12 <-- 0.003651 s
currentSize : 13 <-- 0.004160 s
currentSize : 14 <-- 0.007049 s
currentSize : 15 <-- 0.009805 s
currentSize : 18 <-- 0.018642 s
currentSize : 19 <-- 0.023502 s
currentSize : 20 <-- 0.035998 s
currentSize : 22 <-- 0.044898 s
currentSize : 24 <-- 0.057111 s
currentSize : 25 <-- 0.057270 s
currentSize : 26 <-- 0.092843 s
currentSize : 35 <-- 0.093341 s

maxsize : 35
nodes : 29044.000000
filtered : 450675.000000
time : 0.172934
