Parameters: GAD=1 vflib=1 dir=1 label=1 lowerbound=1 fileNameGp=../graphsdb/mcs50/rand/r02/mcs50_r02_s100.A35 fileNameGt=../graphsdb/mcs50/rand/r02/mcs50_r02_s100.B35
Reading graphs...
100 : 1979
100 : 1979
Initializing...
maxdom : 9
D->valSize : 338
Solving...
Blb : 2 (clique : 7)
currentSize : 7 <-- 0.003171 s
currentSize : 9 <-- 0.003270 s
currentSize : 10 <-- 0.003320 s
currentSize : 18 <-- 0.003478 s
currentSize : 21 <-- 0.004001 s
currentSize : 37 <-- 0.004239 s
currentSize : 50 <-- 0.008039 s

maxsize : 50
nodes : 1855.000000
filtered : 43736.000000
time : 0.017450
