Parameters: GAD=1 vflib=1 dir=1 label=1 lowerbound=1 fileNameGp=../graphsdb/mcs50/bvg/b09m/mcs50_b09m_s60.A13 fileNameGt=../graphsdb/mcs50/bvg/b09m/mcs50_b09m_s60.B13
Reading graphs...
60 : 270
60 : 270
Initializing...
maxdom : 6
D->valSize : 241
Solving...
Blb : 2 (clique : 22)
currentSize : 22 <-- 0.002568 s
currentSize : 24 <-- 0.018031 s
currentSize : 26 <-- 0.019977 s
currentSize : 28 <-- 0.169044 s
currentSize : 29 <-- 0.601687 s
currentSize : 30 <-- 0.601745 s

maxsize : 30
nodes : 300951.000000
filtered : 1342809.000000
time : 1.224233
