Parameters: GAD=1 vflib=1 dir=1 label=1 lowerbound=1 fileNameGp=../graphsdb/mcs50/m2D/m2Dr4/mcs50_m2Dr4_s70.A87 fileNameGt=../graphsdb/mcs50/m2D/m2Dr4/mcs50_m2Dr4_s70.B87
Reading graphs...
70 : 151
70 : 151
Initializing...
maxdom : 8
D->valSize : 341
Solving...
Blb : 2 (clique : 25)
currentSize : 25 <-- 0.002948 s
currentSize : 26 <-- 0.004208 s
currentSize : 27 <-- 0.021541 s
currentSize : 28 <-- 0.022485 s
currentSize : 29 <-- 0.179359 s
currentSize : 30 <-- 0.534127 s
currentSize : 31 <-- 0.535233 s
currentSize : 32 <-- 17.331081 s
currentSize : 34 <-- 129.936630 s
currentSize : 35 <-- 207.849396 s
currentSize : 36 <-- 207.851669 s
currentSize : 37 <-- 668.091858 s
currentSize : 38 <-- 668.092407 s
currentSize : 39 <-- 668.094116 s

maxsize : 39
nodes : 161396751.000000
filtered : 1296365878.000000
time : 819.773438
