Parameters: GAD=1 vflib=1 dir=1 label=1 lowerbound=1 fileNameGp=../graphsdb/mcs50/bvg/b06m/mcs50_b06m_s30.A86 fileNameGt=../graphsdb/mcs50/bvg/b06m/mcs50_b06m_s30.B86
Reading graphs...
30 : 90
30 : 90
Initializing...
maxdom : 7
D->valSize : 139
Solving...
Blb : 2 (clique : 9)
currentSize : 9 <-- 0.000828 s
currentSize : 10 <-- 0.000917 s
currentSize : 11 <-- 0.001826 s
currentSize : 12 <-- 0.003314 s
currentSize : 13 <-- 0.007695 s
currentSize : 15 <-- 0.008904 s

maxsize : 15
nodes : 2956.000000
filtered : 33473.000000
time : 0.012259
