Parameters: GAD=1 vflib=1 dir=1 label=1 lowerbound=1 fileNameGp=../graphsdb/mcs50/rand/r01/mcs50_r01_s60.A80 fileNameGt=../graphsdb/mcs50/rand/r01/mcs50_r01_s60.B80
Reading graphs...
60 : 353
60 : 353
Initializing...
maxdom : 6
D->valSize : 252
Solving...
Blb : 5 (clique : 12)
currentSize : 12 <-- 0.001831 s
currentSize : 13 <-- 0.015260 s
currentSize : 21 <-- 0.104595 s
currentSize : 25 <-- 0.104704 s
currentSize : 26 <-- 0.105054 s
currentSize : 30 <-- 0.105226 s

maxsize : 30
nodes : 32082.000000
filtered : 351876.000000
time : 0.149344
