Parameters: GAD=1 vflib=1 dir=1 label=1 lowerbound=1 fileNameGp=../graphsdb/mcs50/m2D/m2Dr2/mcs50_m2Dr2_s30.A29 fileNameGt=../graphsdb/mcs50/m2D/m2Dr2/mcs50_m2Dr2_s30.B29
Reading graphs...
30 : 55
30 : 55
Initializing...
maxdom : 6
D->valSize : 127
Solving...
Blb : 2 (clique : 12)
currentSize : 12 <-- 0.000721 s
currentSize : 13 <-- 0.000785 s
currentSize : 14 <-- 0.000833 s
currentSize : 15 <-- 0.001464 s
currentSize : 16 <-- 0.015667 s

maxsize : 16
nodes : 12653.000000
filtered : 107612.000000
time : 0.042216
