Parameters: GAD=1 vflib=1 dir=1 label=1 lowerbound=1 fileNameGp=../graphsdb/mcs50/m2D/m2D/mcs50_m2D_s70.A03 fileNameGt=../graphsdb/mcs50/m2D/m2D/mcs50_m2D_s70.B03
Reading graphs...
70 : 123
70 : 123
Initializing...
maxdom : 9
D->valSize : 319
Solving...
Blb : 2 (clique : 32)
currentSize : 32 <-- 0.002899 s
currentSize : 34 <-- 0.003098 s
currentSize : 35 <-- 0.003175 s
currentSize : 36 <-- 49.969185 s
currentSize : 37 <-- 573.758057 s
currentSize : 38 <-- 655.245544 s
currentSize : 39 <-- 715.921082 s
currentSize : 40 <-- 767.498108 s

maxsize : 40
nodes : 481557809.000000
filtered : 2759517191.000000
time : 2147.641357
