Parameters: GAD=1 vflib=1 dir=1 label=1 lowerbound=1 fileNameGp=../graphsdb/mcs50/rand/r005/mcs50_r005_s90.A37 fileNameGt=../graphsdb/mcs50/rand/r005/mcs50_r005_s90.B37
Reading graphs...
90 : 399
90 : 399
Initializing...
maxdom : 12
D->valSize : 553
Solving...
Blb : 2 (clique : 21)
currentSize : 21 <-- 0.006290 s
currentSize : 22 <-- 0.006510 s
currentSize : 23 <-- 0.012070 s
currentSize : 24 <-- 0.012513 s
currentSize : 26 <-- 0.082215 s
currentSize : 27 <-- 0.082310 s
currentSize : 28 <-- 55.358391 s
currentSize : 29 <-- 355.216339 s
currentSize : 30 <-- 355.227234 s
currentSize : 31 <-- 356.136322 s
currentSize : 32 <-- 477.566742 s
currentSize : 34 <-- 477.566925 s
currentSize : 37 <-- 477.567017 s
currentSize : 38 <-- 520.406616 s
currentSize : 41 <-- 520.414673 s
currentSize : 45 <-- 556.677795 s

maxsize : 45
nodes : 91138819.000000
filtered : 1296507275.000000
time : 572.992676
