Parameters: GAD=1 vflib=1 dir=1 label=1 lowerbound=1 fileNameGp=../graphsdb/mcs50/bvg/b09/mcs50_b09_s25.A95 fileNameGt=../graphsdb/mcs50/bvg/b09/mcs50_b09_s25.B95
Reading graphs...
25 : 112
25 : 112
Initializing...
maxdom : 8
D->valSize : 173
Solving...
Blb : 5 (clique : 6)
currentSize : 6 <-- 0.000869 s
currentSize : 7 <-- 0.001166 s
currentSize : 8 <-- 0.001181 s
currentSize : 9 <-- 0.001474 s
currentSize : 10 <-- 0.002111 s
currentSize : 11 <-- 0.003250 s
currentSize : 13 <-- 0.003287 s

maxsize : 13
nodes : 890.000000
filtered : 17980.000000
time : 0.004099
