Parameters: GAD=1 vflib=1 dir=1 label=1 lowerbound=1 fileNameGp=../graphsdb/mcs50/m4D/m4D/mcs50_m4D_s30.A21 fileNameGt=../graphsdb/mcs50/m4D/m4D/mcs50_m4D_s30.B21
Reading graphs...
30 : 55
30 : 55
Initializing...
maxdom : 7
D->valSize : 134
Solving...
Blb : 2 (clique : 11)
currentSize : 11 <-- 0.000794 s
currentSize : 12 <-- 0.000912 s
currentSize : 13 <-- 0.006641 s
currentSize : 14 <-- 0.010795 s
currentSize : 15 <-- 0.015288 s
currentSize : 16 <-- 0.015331 s

maxsize : 16
nodes : 7882.000000
filtered : 60471.000000
time : 0.025758
