Parameters: GAD=1 vflib=1 dir=1 label=1 lowerbound=1 fileNameGp=../graphsdb/mcs50/m2D/m2Dr4/mcs50_m2Dr4_s70.A23 fileNameGt=../graphsdb/mcs50/m2D/m2Dr4/mcs50_m2Dr4_s70.B23
Reading graphs...
70 : 151
70 : 150
Initializing...
maxdom : 8
D->valSize : 322
Solving...
Blb : 2 (clique : 27)
currentSize : 27 <-- 0.002709 s
currentSize : 28 <-- 0.004186 s
currentSize : 29 <-- 0.019386 s
currentSize : 30 <-- 0.125150 s
currentSize : 32 <-- 0.126828 s
currentSize : 33 <-- 4.398476 s
currentSize : 34 <-- 5.592837 s
currentSize : 35 <-- 22.858770 s
currentSize : 37 <-- 45.718102 s

maxsize : 37
nodes : 12977397.000000
filtered : 75467352.000000
time : 58.336933
