Parameters: GAD=1 vflib=1 dir=1 label=1 lowerbound=1 fileNameGp=../graphsdb/mcs50/m2D/m2D/mcs50_m2D_s30.A81 fileNameGt=../graphsdb/mcs50/m2D/m2D/mcs50_m2D_s30.B81
Reading graphs...
30 : 49
30 : 49
Initializing...
maxdom : 7
D->valSize : 113
Solving...
Blb : 5 (clique : 11)
currentSize : 11 <-- 0.000642 s
currentSize : 12 <-- 0.002035 s
currentSize : 13 <-- 0.005234 s
currentSize : 14 <-- 0.005310 s
currentSize : 15 <-- 0.005509 s
currentSize : 16 <-- 0.005730 s

maxsize : 16
nodes : 2552.000000
filtered : 13073.000000
time : 0.007459
