Parameters: GAD=1 vflib=1 dir=1 label=1 lowerbound=1 fileNameGp=../graphsdb/mcs50/rand/r01/mcs50_r01_s80.A07 fileNameGt=../graphsdb/mcs50/rand/r01/mcs50_r01_s80.B07
Reading graphs...
80 : 631
80 : 631
Initializing...
maxdom : 11
D->valSize : 469
Solving...
Blb : 2 (clique : 17)
currentSize : 17 <-- 0.004573 s
currentSize : 18 <-- 0.006737 s
currentSize : 19 <-- 0.012961 s
currentSize : 21 <-- 0.013394 s
currentSize : 22 <-- 0.015289 s
currentSize : 23 <-- 0.015400 s
currentSize : 25 <-- 0.015479 s
currentSize : 27 <-- 0.016007 s
currentSize : 28 <-- 0.138973 s
currentSize : 29 <-- 0.344841 s
currentSize : 30 <-- 0.504855 s
currentSize : 33 <-- 0.514272 s
currentSize : 40 <-- 0.514407 s

maxsize : 40
nodes : 140519.000000
filtered : 2157019.000000
time : 0.855823
