Parameters: GAD=1 vflib=1 dir=1 label=1 lowerbound=1 fileNameGp=../graphsdb/mcs50/bvg/b06/mcs50_b06_s40.A58 fileNameGt=../graphsdb/mcs50/bvg/b06/mcs50_b06_s40.B58
Reading graphs...
40 : 120
40 : 120
Initializing...
maxdom : 8
D->valSize : 213
Solving...
Blb : 3 (clique : 13)
currentSize : 13 <-- 0.001270 s
currentSize : 15 <-- 0.001488 s
currentSize : 16 <-- 0.002037 s
currentSize : 18 <-- 0.069851 s
currentSize : 19 <-- 0.093141 s
currentSize : 21 <-- 0.134944 s

maxsize : 21
nodes : 52810.000000
filtered : 683976.000000
time : 0.216730
