Parameters: GAD=1 vflib=1 dir=1 label=1 lowerbound=1 fileNameGp=../graphsdb/mcs50/m2D/m2Dr4/mcs50_m2Dr4_s40.A00 fileNameGt=../graphsdb/mcs50/m2D/m2Dr4/mcs50_m2Dr4_s40.B00
Reading graphs...
40 : 83
40 : 82
Initializing...
maxdom : 7
D->valSize : 200
Solving...
Blb : 2 (clique : 13)
currentSize : 13 <-- 0.001794 s
currentSize : 15 <-- 0.001898 s
currentSize : 16 <-- 0.001958 s
currentSize : 17 <-- 0.002137 s
currentSize : 18 <-- 0.053583 s
currentSize : 19 <-- 0.631988 s

maxsize : 19
nodes : 270209.000000
filtered : 2632739.000000
time : 1.049227
