Parameters: GAD=1 vflib=1 dir=1 label=1 lowerbound=1 fileNameGp=../graphsdb/mcs50/m2D/m2Dr6/mcs50_m2Dr6_s40.A26 fileNameGt=../graphsdb/mcs50/m2D/m2Dr6/mcs50_m2Dr6_s40.B26
Reading graphs...
40 : 91
40 : 91
Initializing...
maxdom : 9
D->valSize : 236
Solving...
Blb : 2 (clique : 14)
currentSize : 14 <-- 0.001395 s
currentSize : 15 <-- 0.001475 s
currentSize : 16 <-- 0.003177 s
currentSize : 17 <-- 0.012626 s
currentSize : 18 <-- 0.192285 s
currentSize : 19 <-- 0.555921 s

maxsize : 19
nodes : 378436.000000
filtered : 5172016.000000
time : 1.655516
