Parameters: GAD=1 vflib=1 dir=1 label=1 lowerbound=1 fileNameGp=../graphsdb/mcs50/m2D/m2D/mcs50_m2D_s50.A02 fileNameGt=../graphsdb/mcs50/m2D/m2D/mcs50_m2D_s50.B02
Reading graphs...
50 : 85
50 : 85
Initializing...
maxdom : 14
D->valSize : 343
Solving...
Blb : 2 (clique : 21)
currentSize : 21 <-- 0.002643 s
currentSize : 22 <-- 0.018311 s
currentSize : 23 <-- 0.959314 s
currentSize : 24 <-- 1.279725 s
currentSize : 25 <-- 13.878426 s
currentSize : 26 <-- 16.049225 s
currentSize : 27 <-- 28.791716 s
currentSize : 28 <-- 28.966593 s

maxsize : 28
nodes : 11524774.000000
filtered : 155268400.000000
time : 55.329334
