Parameters: GAD=1 vflib=1 dir=1 label=1 lowerbound=1 fileNameGp=../graphsdb/mcs50/m2D/m2Dr6/mcs50_m2Dr6_s60.A16 fileNameGt=../graphsdb/mcs50/m2D/m2Dr6/mcs50_m2Dr6_s60.B16
Reading graphs...
60 : 140
60 : 137
Initializing...
maxdom : 7
D->valSize : 235
Solving...
Blb : 2 (clique : 16)
currentSize : 16 <-- 0.001809 s
currentSize : 17 <-- 0.001973 s
currentSize : 18 <-- 0.002783 s
currentSize : 19 <-- 0.187231 s
currentSize : 20 <-- 0.687739 s
currentSize : 21 <-- 0.879930 s
currentSize : 23 <-- 0.887346 s
currentSize : 24 <-- 0.894906 s
currentSize : 26 <-- 10.411638 s
currentSize : 27 <-- 10.411752 s

maxsize : 27
nodes : 6767633.000000
filtered : 50024978.000000
time : 29.838472
