Parameters: GAD=1 vflib=1 dir=1 label=1 lowerbound=1 fileNameGp=../graphsdb/mcs50/bvg/b09m/mcs50_b09m_s90.A26 fileNameGt=../graphsdb/mcs50/bvg/b09m/mcs50_b09m_s90.B26
Reading graphs...
90 : 405
90 : 405
Initializing...
maxdom : 10
D->valSize : 574
Solving...
Blb : 2 (clique : 23)
currentSize : 23 <-- 0.010829 s
currentSize : 24 <-- 0.011243 s
currentSize : 25 <-- 0.013251 s
currentSize : 26 <-- 65.684929 s
currentSize : 27 <-- 174.390091 s
currentSize : 28 <-- 174.393295 s
currentSize : 29 <-- 174.393494 s
currentSize : 30 <-- 174.395615 s
currentSize : 31 <-- 174.395859 s
currentSize : 32 <-- 189.754974 s
currentSize : 33 <-- 225.108749 s
currentSize : 34 <-- 225.160049 s
currentSize : 35 <-- 352.850616 s
currentSize : 36 <-- 352.859070 s
currentSize : 37 <-- 563.023560 s
currentSize : 39 <-- 1188.257202 s
currentSize : 43 <-- 1188.257202 s
currentSize : 44 <-- 1188.257690 s
currentSize : 45 <-- 1188.259277 s

maxsize : 45
nodes : 313287405.000000
filtered : 3350574612.000000
time : 1842.621704
