Parameters: GAD=1 vflib=1 dir=1 label=1 lowerbound=1 fileNameGp=../graphsdb/mcs50/bvg/b03m/mcs50_b03m_s40.A36 fileNameGt=../graphsdb/mcs50/bvg/b03m/mcs50_b03m_s40.B36
Reading graphs...
40 : 60
40 : 60
Initializing...
maxdom : 7
D->valSize : 196
Solving...
Blb : 2 (clique : 17)
currentSize : 17 <-- 0.001302 s
currentSize : 18 <-- 0.001403 s
currentSize : 20 <-- 0.002053 s
currentSize : 21 <-- 0.003876 s
currentSize : 22 <-- 0.006803 s

maxsize : 22
nodes : 952746.000000
filtered : 9058358.000000
time : 4.282547
