Parameters: GAD=1 vflib=1 dir=1 label=1 lowerbound=1 fileNameGp=../graphsdb/mcs50/m2D/m2Dr4/mcs50_m2Dr4_s50.A90 fileNameGt=../graphsdb/mcs50/m2D/m2Dr4/mcs50_m2Dr4_s50.B90
Reading graphs...
50 : 105
50 : 104
Initializing...
maxdom : 8
D->valSize : 322
Solving...
Blb : 2 (clique : 19)
currentSize : 19 <-- 0.002576 s
currentSize : 20 <-- 0.002897 s
currentSize : 21 <-- 0.010584 s
currentSize : 23 <-- 109.109665 s
currentSize : 24 <-- 109.122406 s
currentSize : 27 <-- 116.682251 s

maxsize : 27
nodes : 27590464.000000
filtered : 286966910.000000
time : 124.204117
