Parameters: GAD=1 vflib=1 dir=1 label=1 lowerbound=1 fileNameGp=../graphsdb/mcs50/rand/r005/mcs50_r005_s90.A01 fileNameGt=../graphsdb/mcs50/rand/r005/mcs50_r005_s90.B01
Reading graphs...
90 : 399
90 : 399
Initializing...
maxdom : 9
D->valSize : 539
Solving...
Blb : 2 (clique : 20)
currentSize : 20 <-- 0.006241 s
currentSize : 21 <-- 0.006436 s
currentSize : 22 <-- 0.006487 s
currentSize : 23 <-- 0.006675 s
currentSize : 24 <-- 0.014407 s
currentSize : 25 <-- 0.057224 s
currentSize : 26 <-- 6.111687 s
currentSize : 27 <-- 6.111889 s
currentSize : 28 <-- 11.103300 s
currentSize : 29 <-- 26.899576 s
currentSize : 30 <-- 27.030174 s
currentSize : 31 <-- 27.041853 s
currentSize : 32 <-- 27.074181 s
currentSize : 33 <-- 27.096220 s
currentSize : 35 <-- 38.900475 s
currentSize : 37 <-- 90.488480 s
currentSize : 38 <-- 282.433441 s
currentSize : 41 <-- 282.439575 s
currentSize : 42 <-- 356.737061 s
currentSize : 45 <-- 356.737213 s

maxsize : 45
nodes : 73770359.000000
filtered : 1034167206.000000
time : 494.154205
