Parameters: GAD=1 vflib=1 dir=1 label=1 lowerbound=1 fileNameGp=../graphsdb/mcs50/bvg/b03/mcs50_b03_s50.A07 fileNameGt=../graphsdb/mcs50/bvg/b03/mcs50_b03_s50.B07
Reading graphs...
50 : 75
50 : 75
Initializing...
maxdom : 9
D->valSize : 319
Solving...
Blb : 2 (clique : 20)
currentSize : 20 <-- 0.002289 s
currentSize : 22 <-- 0.002404 s
currentSize : 23 <-- 1.248208 s
currentSize : 24 <-- 18.687004 s
currentSize : 25 <-- 40.215199 s
currentSize : 26 <-- 56.016640 s
currentSize : 27 <-- 98.807861 s
currentSize : 28 <-- 264.675873 s

maxsize : 28
nodes : 75450818.000000
filtered : 879291355.000000
time : 341.341248
