Parameters: GAD=1 vflib=1 dir=1 label=1 lowerbound=1 fileNameGp=../graphsdb/mcs50/m2D/m2D/mcs50_m2D_s60.A37 fileNameGt=../graphsdb/mcs50/m2D/m2D/mcs50_m2D_s60.B37
Reading graphs...
60 : 104
60 : 104
Initializing...
maxdom : 7
D->valSize : 235
Solving...
Blb : 2 (clique : 22)
currentSize : 22 <-- 0.001658 s
currentSize : 23 <-- 0.001815 s
currentSize : 24 <-- 0.004285 s
currentSize : 25 <-- 0.095150 s
currentSize : 26 <-- 5.937540 s
currentSize : 27 <-- 5.945052 s
currentSize : 28 <-- 16.301329 s

maxsize : 28
nodes : 52625103.000000
filtered : 371237960.000000
time : 230.292831
