Parameters: GAD=1 vflib=1 dir=1 label=1 lowerbound=1 fileNameGp=../graphsdb/mcs50/bvg/b03m/mcs50_b03m_s60.A28 fileNameGt=../graphsdb/mcs50/bvg/b03m/mcs50_b03m_s60.B28
Reading graphs...
60 : 90
60 : 90
Initializing...
maxdom : 7
D->valSize : 235
Solving...
Blb : 2 (clique : 27)
currentSize : 27 <-- 0.002677 s
currentSize : 28 <-- 0.002975 s
currentSize : 29 <-- 0.003091 s
currentSize : 30 <-- 0.029515 s
currentSize : 31 <-- 10.345835 s
currentSize : 32 <-- 34.267879 s

maxsize : 32
nodes : 23206225.000000
filtered : 141882163.000000
time : 95.582573
