Parameters: GAD=1 vflib=1 dir=1 label=1 lowerbound=1 fileNameGp=../graphsdb/mcs50/rand/r01/mcs50_r01_s50.A04 fileNameGt=../graphsdb/mcs50/rand/r01/mcs50_r01_s50.B04
Reading graphs...
50 : 244
50 : 244
Initializing...
maxdom : 10
D->valSize : 324
Solving...
Blb : 5 (clique : 11)
currentSize : 11 <-- 0.002194 s
currentSize : 12 <-- 0.002277 s
currentSize : 13 <-- 0.002333 s
currentSize : 14 <-- 0.002674 s
currentSize : 16 <-- 0.022118 s
currentSize : 18 <-- 0.022256 s
currentSize : 22 <-- 0.145547 s
currentSize : 25 <-- 0.145927 s

maxsize : 25
nodes : 36065.000000
filtered : 729141.000000
time : 0.190912
