Parameters: GAD=1 vflib=1 dir=1 label=1 lowerbound=1 fileNameGp=../graphsdb/mcs50/m2D/m2Dr4/mcs50_m2Dr4_s70.A95 fileNameGt=../graphsdb/mcs50/m2D/m2Dr4/mcs50_m2Dr4_s70.B95
Reading graphs...
70 : 151
70 : 151
Initializing...
maxdom : 9
D->valSize : 361
Solving...
Blb : 2 (clique : 33)
currentSize : 33 <-- 0.003195 s
currentSize : 34 <-- 0.005248 s
currentSize : 35 <-- 27.497204 s
currentSize : 36 <-- 481.508728 s
currentSize : 37 <-- 532.858398 s

maxsize : 37
nodes : 170475558.000000
filtered : 1635311768.000000
time : 868.357178
