Parameters: GAD=1 vflib=1 dir=1 label=1 lowerbound=1 fileNameGp=../graphsdb/mcs50/m4D/m4Dr2/mcs50_m4Dr2_s40.A17 fileNameGt=../graphsdb/mcs50/m4D/m4Dr2/mcs50_m4Dr2_s40.B17
Reading graphs...
40 : 79
40 : 78
Initializing...
maxdom : 8
D->valSize : 199
Solving...
Blb : 5 (clique : 14)
currentSize : 14 <-- 0.001773 s
currentSize : 15 <-- 0.015977 s
currentSize : 16 <-- 0.033841 s
currentSize : 17 <-- 0.049389 s
currentSize : 18 <-- 0.076695 s
currentSize : 19 <-- 0.241315 s

maxsize : 19
nodes : 122006.000000
filtered : 1094960.000000
time : 0.543587
