Parameters: GAD=1 vflib=1 dir=1 label=1 lowerbound=1 fileNameGp=../graphsdb/mcs50/bvg/b09/mcs50_b09_s100.A66 fileNameGt=../graphsdb/mcs50/bvg/b09/mcs50_b09_s100.B66
Reading graphs...
100 : 450
100 : 450
Initializing...
maxdom : 8
D->valSize : 348
Solving...
Blb : 2 (clique : 33)
currentSize : 33 <-- 0.006292 s
currentSize : 34 <-- 0.013002 s
currentSize : 35 <-- 0.013674 s
currentSize : 36 <-- 0.014119 s
currentSize : 37 <-- 1.002441 s
currentSize : 38 <-- 1.083954 s
currentSize : 39 <-- 9.580538 s
currentSize : 40 <-- 9.580706 s
currentSize : 41 <-- 9.711950 s
currentSize : 42 <-- 11.445097 s
currentSize : 43 <-- 12.160698 s
currentSize : 44 <-- 12.265137 s
currentSize : 45 <-- 167.756454 s
currentSize : 46 <-- 167.756607 s
currentSize : 48 <-- 168.070374 s
currentSize : 49 <-- 168.070526 s
currentSize : 50 <-- 168.091339 s

maxsize : 50
nodes : 97750165.000000
filtered : 387796356.000000
time : 487.059357
