Parameters: GAD=1 vflib=1 dir=1 label=1 lowerbound=1 fileNameGp=../graphsdb/mcs50/rand/r01/mcs50_r01_s90.A10 fileNameGt=../graphsdb/mcs50/rand/r01/mcs50_r01_s90.B10
Reading graphs...
90 : 800
90 : 800
Initializing...
maxdom : 9
D->valSize : 554
Solving...
Blb : 2 (clique : 14)
currentSize : 14 <-- 0.006112 s
currentSize : 15 <-- 0.006972 s
currentSize : 16 <-- 0.008083 s
currentSize : 17 <-- 0.008937 s
currentSize : 18 <-- 0.009359 s
currentSize : 19 <-- 0.038312 s
currentSize : 20 <-- 0.072343 s
currentSize : 22 <-- 0.082337 s
currentSize : 23 <-- 0.082550 s
currentSize : 25 <-- 0.298266 s
currentSize : 26 <-- 0.583918 s
currentSize : 31 <-- 0.672726 s
currentSize : 37 <-- 1.608752 s
currentSize : 45 <-- 1.608916 s

maxsize : 45
nodes : 352266.000000
filtered : 6571054.000000
time : 2.425565
