Parameters: GAD=1 vflib=1 dir=1 label=1 lowerbound=1 fileNameGp=../graphsdb/mcs50/m2D/m2Dr4/mcs50_m2Dr4_s100.A78 fileNameGt=../graphsdb/mcs50/m2D/m2Dr4/mcs50_m2Dr4_s100.B78
Reading graphs...
100 : 220
100 : 220
Initializing...
maxdom : 7
D->valSize : 371
Solving...
Blb : 2 (clique : 43)
currentSize : 43 <-- 0.003913 s
currentSize : 44 <-- 0.012346 s
currentSize : 47 <-- 0.012483 s
currentSize : 48 <-- 2.883321 s
currentSize : 49 <-- 1075.838257 s
currentSize : 50 <-- 2781.640625 s

TIMEOUT
maxsize : 50
nodes : 750128693.000000
filtered : 2458330351.000000
time : 3600.000000
