Parameters: GAD=1 vflib=1 dir=1 label=1 lowerbound=1 fileNameGp=../graphsdb/mcs50/rand/r01/mcs50_r01_s70.A29 fileNameGt=../graphsdb/mcs50/rand/r01/mcs50_r01_s70.B29
Reading graphs...
70 : 482
70 : 482
Initializing...
maxdom : 7
D->valSize : 340
Solving...
Blb : 2 (clique : 12)
currentSize : 12 <-- 0.002736 s
currentSize : 13 <-- 0.003058 s
currentSize : 14 <-- 0.003918 s
currentSize : 16 <-- 0.009082 s
currentSize : 18 <-- 0.009250 s
currentSize : 19 <-- 0.009378 s
currentSize : 20 <-- 0.016726 s
currentSize : 22 <-- 0.022706 s
currentSize : 28 <-- 0.049798 s
currentSize : 35 <-- 0.049914 s

maxsize : 35
nodes : 27278.000000
filtered : 387753.000000
time : 0.158794
