Parameters: GAD=1 vflib=1 dir=1 label=1 lowerbound=1 fileNameGp=../graphsdb/mcs50/rand/r005/mcs50_r005_s30.A43 fileNameGt=../graphsdb/mcs50/rand/r005/mcs50_r005_s30.B43
Reading graphs...
30 : 47
30 : 47
Initializing...
maxdom : 8
D->valSize : 140
Solving...
Blb : 2 (clique : 11)
currentSize : 11 <-- 0.000679 s
currentSize : 12 <-- 0.006599 s
currentSize : 13 <-- 0.007867 s
currentSize : 14 <-- 0.031472 s
currentSize : 15 <-- 0.049893 s
currentSize : 16 <-- 0.055270 s

maxsize : 16
nodes : 18587.000000
filtered : 167255.000000
time : 0.068449
