Parameters: GAD=1 vflib=1 dir=1 label=1 lowerbound=1 fileNameGp=../graphsdb/mcs50/rand/r005/mcs50_r005_s35.A78 fileNameGt=../graphsdb/mcs50/rand/r005/mcs50_r005_s35.B78
Reading graphs...
35 : 62
35 : 62
Initializing...
maxdom : 6
D->valSize : 165
Solving...
Blb : 2 (clique : 14)
currentSize : 14 <-- 0.000855 s
currentSize : 15 <-- 0.021940 s
currentSize : 16 <-- 0.109608 s
currentSize : 17 <-- 0.109665 s
currentSize : 18 <-- 0.303667 s

maxsize : 18
nodes : 113361.000000
filtered : 890194.000000
time : 0.418647
