Parameters: GAD=1 vflib=1 dir=1 label=1 lowerbound=1 fileNameGp=../graphsdb/mcs50/bvg/b03m/mcs50_b03m_s50.A16 fileNameGt=../graphsdb/mcs50/bvg/b03m/mcs50_b03m_s50.B16
Reading graphs...
50 : 75
50 : 75
Initializing...
maxdom : 12
D->valSize : 344
Solving...
Blb : 2 (clique : 22)
currentSize : 22 <-- 0.004691 s
currentSize : 23 <-- 0.169136 s
currentSize : 24 <-- 2.924041 s
currentSize : 25 <-- 26.459473 s
currentSize : 26 <-- 81.484985 s
currentSize : 27 <-- 81.485481 s
currentSize : 28 <-- 135.051712 s

maxsize : 28
nodes : 39558786.000000
filtered : 608733828.000000
time : 199.956223
