Parameters: GAD=1 vflib=1 dir=1 label=1 lowerbound=1 fileNameGp=../graphsdb/mcs50/bvg/b06/mcs50_b06_s35.A89 fileNameGt=../graphsdb/mcs50/bvg/b06/mcs50_b06_s35.B89
Reading graphs...
35 : 105
35 : 105
Initializing...
maxdom : 7
D->valSize : 170
Solving...
Blb : 5 (clique : 11)
currentSize : 11 <-- 0.000928 s
currentSize : 13 <-- 0.002574 s
currentSize : 14 <-- 0.009177 s
currentSize : 17 <-- 0.028373 s
currentSize : 18 <-- 0.028393 s

maxsize : 18
nodes : 16582.000000
filtered : 118473.000000
time : 0.055763
