Parameters: GAD=1 vflib=1 dir=1 label=1 lowerbound=1 fileNameGp=../graphsdb/mcs50/m3D/m3D/mcs50_m3D_s50.A61 fileNameGt=../graphsdb/mcs50/m3D/m3D/mcs50_m3D_s50.B61
Reading graphs...
50 : 109
50 : 109
Initializing...
maxdom : 11
D->valSize : 341
Solving...
Blb : 2 (clique : 21)
currentSize : 21 <-- 0.002384 s
currentSize : 22 <-- 0.064646 s
currentSize : 23 <-- 0.064734 s
currentSize : 26 <-- 6.766131 s
currentSize : 27 <-- 6.766283 s
currentSize : 28 <-- 6.767196 s

maxsize : 28
nodes : 1683482.000000
filtered : 21227726.000000
time : 7.850543
