Parameters: GAD=1 vflib=1 dir=1 label=1 lowerbound=1 fileNameGp=../graphsdb/mcs50/m2D/m2Dr2/mcs50_m2Dr2_s60.A22 fileNameGt=../graphsdb/mcs50/m2D/m2Dr2/mcs50_m2Dr2_s60.B22
Reading graphs...
60 : 116
60 : 116
Initializing...
maxdom : 7
D->valSize : 244
Solving...
Blb : 3 (clique : 22)
currentSize : 22 <-- 0.001961 s
currentSize : 23 <-- 0.018591 s
currentSize : 24 <-- 0.873124 s
currentSize : 25 <-- 88.040833 s
currentSize : 26 <-- 105.599297 s
currentSize : 27 <-- 176.890182 s
currentSize : 28 <-- 719.043274 s
currentSize : 29 <-- 959.114319 s

maxsize : 29
nodes : 267480440.000000
filtered : 2017492811.000000
time : 1084.947510
