Parameters: GAD=1 vflib=1 dir=1 label=1 lowerbound=1 fileNameGp=../graphsdb/mcs50/bvg/b03m/mcs50_b03m_s60.A54 fileNameGt=../graphsdb/mcs50/bvg/b03m/mcs50_b03m_s60.B54
Reading graphs...
60 : 90
60 : 90
Initializing...
maxdom : 8
D->valSize : 258
Solving...
Blb : 2 (clique : 29)
currentSize : 29 <-- 0.003171 s
currentSize : 30 <-- 0.013507 s
currentSize : 31 <-- 0.074330 s
currentSize : 32 <-- 0.258805 s
currentSize : 33 <-- 4.631984 s

maxsize : 33
nodes : 21523258.000000
filtered : 148843114.000000
time : 92.409210
