Parameters: GAD=1 vflib=1 dir=1 label=1 lowerbound=1 fileNameGp=../graphsdb/mcs50/rand/r01/mcs50_r01_s30.A22 fileNameGt=../graphsdb/mcs50/rand/r01/mcs50_r01_s30.B22
Reading graphs...
30 : 86
30 : 86
Initializing...
maxdom : 8
D->valSize : 144
Solving...
Blb : 2 (clique : 9)
currentSize : 9 <-- 0.000753 s
currentSize : 10 <-- 0.000875 s
currentSize : 11 <-- 0.000941 s
currentSize : 12 <-- 0.001136 s
currentSize : 15 <-- 0.003027 s

maxsize : 15
nodes : 984.000000
filtered : 11769.000000
time : 0.004802
