Parameters: GAD=1 vflib=1 dir=1 label=1 lowerbound=1 fileNameGp=../graphsdb/mcs50/bvg/b06m/mcs50_b06m_s80.A07 fileNameGt=../graphsdb/mcs50/bvg/b06m/mcs50_b06m_s80.B07
Reading graphs...
80 : 240
80 : 240
Initializing...
maxdom : 10
D->valSize : 402
Solving...
Blb : 2 (clique : 35)
currentSize : 35 <-- 0.006442 s
currentSize : 36 <-- 0.006846 s
currentSize : 37 <-- 0.009170 s
currentSize : 38 <-- 0.119182 s
currentSize : 39 <-- 2.582075 s
currentSize : 40 <-- 2.972252 s

maxsize : 40
nodes : 34337626.000000
filtered : 169822329.000000
time : 157.558334
