Parameters: GAD=1 vflib=1 dir=1 label=1 lowerbound=1 fileNameGp=../graphsdb/mcs50/m2D/m2Dr6/mcs50_m2Dr6_s80.A66 fileNameGt=../graphsdb/mcs50/m2D/m2Dr6/mcs50_m2Dr6_s80.B66
Reading graphs...
80 : 190
80 : 187
Initializing...
maxdom : 9
D->valSize : 429
Solving...
Blb : 2 (clique : 27)
currentSize : 27 <-- 0.004313 s
currentSize : 28 <-- 0.492581 s
currentSize : 29 <-- 2.019986 s
currentSize : 30 <-- 23.828581 s
currentSize : 31 <-- 2071.957275 s
currentSize : 32 <-- 2892.462158 s

TIMEOUT
maxsize : 32
nodes : 715240660.000000
filtered : 5720668161.000000
time : 3600.000000
