Parameters: GAD=1 vflib=1 dir=1 label=1 lowerbound=1 fileNameGp=../graphsdb/mcs50/m2D/m2Dr2/mcs50_m2Dr2_s70.A44 fileNameGt=../graphsdb/mcs50/m2D/m2Dr2/mcs50_m2Dr2_s70.B44
Reading graphs...
70 : 137
70 : 137
Initializing...
maxdom : 8
D->valSize : 339
Solving...
Blb : 2 (clique : 32)
currentSize : 32 <-- 0.002966 s
currentSize : 33 <-- 0.003327 s
currentSize : 34 <-- 0.036624 s
currentSize : 35 <-- 69.970970 s
currentSize : 36 <-- 78.919647 s
currentSize : 37 <-- 175.216843 s
currentSize : 38 <-- 182.395584 s

maxsize : 38
nodes : 68501398.000000
filtered : 468793876.000000
time : 330.158142
