Parameters: GAD=1 vflib=1 dir=1 label=1 lowerbound=1 fileNameGp=../graphsdb/mcs50/bvg/b09m/mcs50_b09m_s80.A81 fileNameGt=../graphsdb/mcs50/bvg/b09m/mcs50_b09m_s80.B81
Reading graphs...
80 : 360
80 : 360
Initializing...
maxdom : 10
D->valSize : 445
Solving...
Blb : 2 (clique : 24)
currentSize : 24 <-- 0.004337 s
currentSize : 25 <-- 13.478282 s
currentSize : 26 <-- 15.994588 s
currentSize : 27 <-- 21.793272 s
currentSize : 31 <-- 25.328129 s
currentSize : 32 <-- 25.328484 s
currentSize : 33 <-- 31.063929 s
currentSize : 34 <-- 31.064480 s
currentSize : 35 <-- 51.294804 s
currentSize : 38 <-- 57.073620 s
currentSize : 39 <-- 58.027386 s
currentSize : 40 <-- 58.027653 s
currentSize : 41 <-- 58.029331 s

maxsize : 41
nodes : 12814130.000000
filtered : 131577751.000000
time : 69.132851
