Parameters: GAD=1 vflib=1 dir=1 label=1 lowerbound=1 fileNameGp=../graphsdb/mcs50/bvg/b09/mcs50_b09_s80.A34 fileNameGt=../graphsdb/mcs50/bvg/b09/mcs50_b09_s80.B34
Reading graphs...
80 : 360
80 : 360
Initializing...
maxdom : 8
D->valSize : 433
Solving...
Blb : 3 (clique : 34)
currentSize : 34 <-- 0.004286 s
currentSize : 35 <-- 34.742912 s
currentSize : 36 <-- 70.691544 s
currentSize : 37 <-- 70.691940 s
currentSize : 38 <-- 70.697418 s
currentSize : 39 <-- 70.723579 s
currentSize : 40 <-- 70.723999 s

maxsize : 40
nodes : 27508320.000000
filtered : 213526138.000000
time : 141.433609
