Parameters: GAD=1 vflib=1 dir=1 label=1 lowerbound=1 fileNameGp=../graphsdb/mcs50/m3D/m3Dr2/mcs50_m3Dr2_s60.A41 fileNameGt=../graphsdb/mcs50/m3D/m3Dr2/mcs50_m3Dr2_s60.B41
Reading graphs...
60 : 146
60 : 146
Initializing...
maxdom : 7
D->valSize : 238
Solving...
Blb : 2 (clique : 20)
currentSize : 20 <-- 0.001860 s
currentSize : 21 <-- 0.003074 s
currentSize : 22 <-- 8.352784 s
currentSize : 23 <-- 8.352921 s
currentSize : 24 <-- 15.086168 s
currentSize : 25 <-- 15.087207 s
currentSize : 26 <-- 15.087443 s
currentSize : 27 <-- 15.174158 s
currentSize : 28 <-- 15.174319 s
currentSize : 29 <-- 15.174468 s

maxsize : 29
nodes : 5189950.000000
filtered : 35933450.000000
time : 22.164896
