Parameters: GAD=1 vflib=1 dir=1 label=1 lowerbound=1 fileNameGp=../graphsdb/mcs50/bvg/b09m/mcs50_b09m_s40.A62 fileNameGt=../graphsdb/mcs50/bvg/b09m/mcs50_b09m_s40.B62
Reading graphs...
40 : 180
40 : 180
Initializing...
maxdom : 8
D->valSize : 209
Solving...
Blb : 3 (clique : 12)
currentSize : 12 <-- 0.001220 s
currentSize : 13 <-- 0.010424 s
currentSize : 14 <-- 0.035809 s
currentSize : 15 <-- 0.035879 s
currentSize : 18 <-- 0.052046 s
currentSize : 20 <-- 0.052107 s

maxsize : 20
nodes : 16164.000000
filtered : 194328.000000
time : 0.063946
