Parameters: GAD=1 vflib=1 dir=1 label=1 lowerbound=1 fileNameGp=../graphsdb/mcs50/rand/r01/mcs50_r01_s80.A02 fileNameGt=../graphsdb/mcs50/rand/r01/mcs50_r01_s80.B02
Reading graphs...
80 : 631
80 : 631
Initializing...
maxdom : 8
D->valSize : 404
Solving...
Blb : 3 (clique : 17)
currentSize : 17 <-- 0.003698 s
currentSize : 20 <-- 0.011550 s
currentSize : 21 <-- 0.027906 s
currentSize : 23 <-- 0.111680 s
currentSize : 24 <-- 0.348634 s
currentSize : 27 <-- 0.508349 s
currentSize : 29 <-- 0.854525 s
currentSize : 35 <-- 0.854837 s
currentSize : 40 <-- 0.854942 s

maxsize : 40
nodes : 181271.000000
filtered : 2823972.000000
time : 1.093240
