Parameters: GAD=1 vflib=1 dir=1 label=1 lowerbound=1 fileNameGp=../graphsdb/mcs50/rand/r01/mcs50_r01_s90.A35 fileNameGt=../graphsdb/mcs50/rand/r01/mcs50_r01_s90.B35
Reading graphs...
90 : 800
90 : 800
Initializing...
maxdom : 9
D->valSize : 547
Solving...
Blb : 2 (clique : 14)
currentSize : 14 <-- 0.006280 s
currentSize : 15 <-- 0.006486 s
currentSize : 16 <-- 0.009948 s
currentSize : 17 <-- 0.011059 s
currentSize : 21 <-- 0.011537 s
currentSize : 24 <-- 0.106198 s
currentSize : 25 <-- 0.424422 s
currentSize : 28 <-- 0.494537 s
currentSize : 31 <-- 0.814143 s
currentSize : 36 <-- 1.455481 s
currentSize : 45 <-- 1.455714 s

maxsize : 45
nodes : 330414.000000
filtered : 6176406.000000
time : 2.459200
