Parameters: GAD=1 vflib=1 dir=1 label=1 lowerbound=1 fileNameGp=../graphsdb/mcs50/m2D/m2Dr4/mcs50_m2Dr4_s40.A06 fileNameGt=../graphsdb/mcs50/m2D/m2Dr4/mcs50_m2Dr4_s40.B06
Reading graphs...
40 : 83
40 : 83
Initializing...
maxdom : 8
D->valSize : 212
Solving...
Blb : 3 (clique : 13)
currentSize : 13 <-- 0.001461 s
currentSize : 14 <-- 0.001533 s
currentSize : 15 <-- 0.001794 s
currentSize : 16 <-- 0.003437 s
currentSize : 17 <-- 0.003549 s
currentSize : 18 <-- 1.005982 s
currentSize : 19 <-- 1.007789 s

maxsize : 19
nodes : 477593.000000
filtered : 4987585.000000
time : 1.925227
