Parameters: GAD=1 vflib=1 dir=1 label=1 lowerbound=1 fileNameGp=../graphsdb/mcs50/bvg/b09/mcs50_b09_s90.A11 fileNameGt=../graphsdb/mcs50/bvg/b09/mcs50_b09_s90.B11
Reading graphs...
90 : 405
90 : 405
Initializing...
maxdom : 11
D->valSize : 563
Solving...
Blb : 2 (clique : 34)
currentSize : 34 <-- 0.006505 s
currentSize : 35 <-- 0.283886 s
currentSize : 36 <-- 0.284201 s
currentSize : 37 <-- 0.616993 s
currentSize : 38 <-- 0.617551 s
currentSize : 40 <-- 23.649521 s
currentSize : 41 <-- 451.092194 s
currentSize : 42 <-- 472.001099 s
currentSize : 43 <-- 970.210571 s
currentSize : 45 <-- 970.210999 s

maxsize : 45
nodes : 381549511.000000
filtered : 2817723422.000000
time : 2026.595581
