Parameters: GAD=1 vflib=1 dir=1 label=1 lowerbound=1 fileNameGp=../graphsdb/mcs50/bvg/b03/mcs50_b03_s60.A76 fileNameGt=../graphsdb/mcs50/bvg/b03/mcs50_b03_s60.B76
Reading graphs...
60 : 90
60 : 90
Initializing...
maxdom : 6
D->valSize : 242
Solving...
Blb : 2 (clique : 25)
currentSize : 25 <-- 0.002825 s
currentSize : 26 <-- 0.003174 s
currentSize : 27 <-- 0.005331 s
currentSize : 28 <-- 0.072297 s
currentSize : 29 <-- 1.027800 s
currentSize : 30 <-- 1.125953 s
currentSize : 31 <-- 60.991417 s
currentSize : 32 <-- 158.243973 s
currentSize : 33 <-- 158.651001 s

maxsize : 33
nodes : 67193077.000000
filtered : 448604089.000000
time : 288.211517
