Parameters: GAD=1 vflib=1 dir=1 label=1 lowerbound=1 fileNameGp=../graphsdb/mcs50/m4D/m4D/mcs50_m4D_s35.A65 fileNameGt=../graphsdb/mcs50/m4D/m4D/mcs50_m4D_s35.B65
Reading graphs...
35 : 63
35 : 63
Initializing...
maxdom : 6
D->valSize : 158
Solving...
Blb : 3 (clique : 14)
currentSize : 14 <-- 0.000837 s
currentSize : 15 <-- 0.000914 s
currentSize : 16 <-- 0.003336 s
currentSize : 17 <-- 0.015594 s
currentSize : 18 <-- 0.016033 s
currentSize : 19 <-- 0.097737 s

maxsize : 19
nodes : 35648.000000
filtered : 317775.000000
time : 0.126138
