Parameters: GAD=1 vflib=1 dir=1 label=1 lowerbound=1 fileNameGp=../graphsdb/mcs50/rand/r01/mcs50_r01_s60.A67 fileNameGt=../graphsdb/mcs50/rand/r01/mcs50_r01_s60.B67
Reading graphs...
60 : 353
60 : 353
Initializing...
maxdom : 8
D->valSize : 260
Solving...
Blb : 2 (clique : 11)
currentSize : 11 <-- 0.002663 s
currentSize : 12 <-- 0.002993 s
currentSize : 13 <-- 0.004032 s
currentSize : 14 <-- 0.005369 s
currentSize : 15 <-- 0.007023 s
currentSize : 16 <-- 0.007244 s
currentSize : 17 <-- 0.007326 s
currentSize : 22 <-- 0.017495 s
currentSize : 30 <-- 0.035049 s

maxsize : 30
nodes : 13062.000000
filtered : 155956.000000
time : 0.104022
