Parameters: GAD=1 vflib=1 dir=1 label=1 lowerbound=1 fileNameGp=../graphsdb/mcs50/rand/r01/mcs50_r01_s20.A36 fileNameGt=../graphsdb/mcs50/rand/r01/mcs50_r01_s20.B36
Reading graphs...
20 : 38
20 : 38
Initializing...
maxdom : 7
D->valSize : 112
Solving...
Blb : 2 (clique : 7)
currentSize : 7 <-- 0.000641 s
currentSize : 8 <-- 0.000718 s
currentSize : 9 <-- 0.001536 s
currentSize : 10 <-- 0.003868 s
currentSize : 11 <-- 0.003882 s

maxsize : 11
nodes : 1268.000000
filtered : 13676.000000
time : 0.004594
