Parameters: GAD=1 vflib=1 dir=1 label=1 lowerbound=1 fileNameGp=../graphsdb/mcs50/bvg/b06m/mcs50_b06m_s50.A45 fileNameGt=../graphsdb/mcs50/bvg/b06m/mcs50_b06m_s50.B45
Reading graphs...
50 : 150
50 : 150
Initializing...
maxdom : 9
D->valSize : 308
Solving...
Blb : 2 (clique : 14)
currentSize : 14 <-- 0.003359 s
currentSize : 15 <-- 0.013729 s
currentSize : 18 <-- 0.112802 s
currentSize : 19 <-- 0.123870 s
currentSize : 20 <-- 0.128083 s
currentSize : 21 <-- 0.128351 s
currentSize : 22 <-- 0.225597 s
currentSize : 23 <-- 0.311658 s
currentSize : 24 <-- 0.311759 s
currentSize : 25 <-- 1.015063 s

maxsize : 25
nodes : 321641.000000
filtered : 4569843.000000
time : 1.525056
