Parameters: GAD=1 vflib=1 dir=1 label=1 lowerbound=1 fileNameGp=../graphsdb/mcs50/rand/r005/mcs50_r005_s80.A62 fileNameGt=../graphsdb/mcs50/rand/r005/mcs50_r005_s80.B62
Reading graphs...
80 : 315
80 : 315
Initializing...
maxdom : 11
D->valSize : 461
Solving...
Blb : 2 (clique : 20)
currentSize : 20 <-- 0.007379 s
currentSize : 28 <-- 0.007655 s
currentSize : 29 <-- 0.012183 s
currentSize : 30 <-- 0.014969 s
currentSize : 32 <-- 0.017913 s
currentSize : 34 <-- 0.735872 s
currentSize : 37 <-- 0.738548 s
currentSize : 38 <-- 3.301812 s
currentSize : 41 <-- 3.302198 s

maxsize : 41
nodes : 14041038.000000
filtered : 190837069.000000
time : 85.921021
