Parameters: GAD=1 vflib=1 dir=1 label=1 lowerbound=1 fileNameGp=../graphsdb/mcs50/m2D/m2D/mcs50_m2D_s40.A64 fileNameGt=../graphsdb/mcs50/m2D/m2D/mcs50_m2D_s40.B64
Reading graphs...
40 : 67
40 : 67
Initializing...
maxdom : 9
D->valSize : 209
Solving...
Blb : 2 (clique : 13)
currentSize : 13 <-- 0.001870 s
currentSize : 14 <-- 0.001995 s
currentSize : 16 <-- 0.002080 s
currentSize : 17 <-- 0.160966 s
currentSize : 18 <-- 1.686314 s

maxsize : 18
nodes : 431393.000000
filtered : 4944187.000000
time : 1.716949
