Parameters: GAD=1 vflib=1 dir=1 label=1 lowerbound=1 fileNameGp=../graphsdb/mcs50/bvg/b06/mcs50_b06_s35.A62 fileNameGt=../graphsdb/mcs50/bvg/b06/mcs50_b06_s35.B62
Reading graphs...
35 : 105
35 : 105
Initializing...
maxdom : 7
D->valSize : 159
Solving...
Blb : 5 (clique : 10)
currentSize : 10 <-- 0.000862 s
currentSize : 12 <-- 0.000913 s
currentSize : 13 <-- 0.000948 s
currentSize : 15 <-- 0.000989 s
currentSize : 16 <-- 0.001026 s
currentSize : 17 <-- 0.001466 s

maxsize : 17
nodes : 21630.000000
filtered : 144442.000000
time : 0.071160
