Parameters: GAD=1 vflib=1 dir=1 label=1 lowerbound=1 fileNameGp=../graphsdb/mcs50/bvg/b03/mcs50_b03_s50.A31 fileNameGt=../graphsdb/mcs50/bvg/b03/mcs50_b03_s50.B31
Reading graphs...
50 : 75
50 : 75
Initializing...
maxdom : 10
D->valSize : 307
Solving...
Blb : 2 (clique : 22)
currentSize : 22 <-- 0.003520 s
currentSize : 23 <-- 27.135197 s
currentSize : 24 <-- 33.041180 s
currentSize : 25 <-- 33.044247 s
currentSize : 26 <-- 35.287201 s

maxsize : 26
nodes : 15197078.000000
filtered : 137694844.000000
time : 63.345554
