Parameters: GAD=1 vflib=1 dir=1 label=1 lowerbound=1 fileNameGp=../graphsdb/mcs50/m3D/m3Dr6/mcs50_m3Dr6_s60.A63 fileNameGt=../graphsdb/mcs50/m3D/m3Dr6/mcs50_m3Dr6_s60.B63
Reading graphs...
60 : 170
60 : 169
Initializing...
maxdom : 8
D->valSize : 271
Solving...
Blb : 2 (clique : 16)
currentSize : 16 <-- 0.002044 s
currentSize : 17 <-- 0.002191 s
currentSize : 18 <-- 0.016939 s
currentSize : 19 <-- 0.029102 s
currentSize : 20 <-- 0.044304 s
currentSize : 21 <-- 0.044351 s
currentSize : 22 <-- 0.044364 s
currentSize : 23 <-- 0.046908 s
currentSize : 24 <-- 0.048412 s
currentSize : 25 <-- 0.465388 s
currentSize : 26 <-- 1.739826 s
currentSize : 27 <-- 2.580540 s
currentSize : 28 <-- 3.354765 s

maxsize : 28
nodes : 2495958.000000
filtered : 15376891.000000
time : 10.383799
