Parameters: GAD=1 vflib=1 dir=1 label=1 lowerbound=1 fileNameGp=../graphsdb/mcs50/rand/r02/mcs50_r02_s60.A53 fileNameGt=../graphsdb/mcs50/rand/r02/mcs50_r02_s60.B53
Reading graphs...
60 : 707
60 : 707
Initializing...
maxdom : 6
D->valSize : 248
Solving...
Blb : 2 (clique : 7)
currentSize : 7 <-- 0.002426 s
currentSize : 8 <-- 0.002950 s
currentSize : 9 <-- 0.003536 s
currentSize : 11 <-- 0.003941 s
currentSize : 17 <-- 0.004121 s
currentSize : 18 <-- 0.005741 s
currentSize : 20 <-- 0.007126 s
currentSize : 30 <-- 0.007379 s

maxsize : 30
nodes : 1401.000000
filtered : 25323.000000
time : 0.013494
