Parameters: GAD=1 vflib=1 dir=1 label=1 lowerbound=1 fileNameGp=../graphsdb/mcs50/m2D/m2D/mcs50_m2D_s70.A32 fileNameGt=../graphsdb/mcs50/m2D/m2D/mcs50_m2D_s70.B32
Reading graphs...
70 : 123
70 : 123
Initializing...
maxdom : 10
D->valSize : 352
Solving...
Blb : 2 (clique : 33)
currentSize : 33 <-- 0.004945 s
currentSize : 34 <-- 0.026238 s
currentSize : 35 <-- 0.516509 s
currentSize : 36 <-- 0.857108 s
currentSize : 37 <-- 4.995899 s
currentSize : 38 <-- 6.296848 s
currentSize : 39 <-- 7.015824 s

maxsize : 39
nodes : 14175053.000000
filtered : 122154127.000000
time : 74.971474
