Parameters: GAD=1 vflib=1 dir=1 label=1 lowerbound=1 fileNameGp=../graphsdb/mcs50/bvg/b09/mcs50_b09_s80.A44 fileNameGt=../graphsdb/mcs50/bvg/b09/mcs50_b09_s80.B44
Reading graphs...
80 : 360
80 : 360
Initializing...
maxdom : 10
D->valSize : 439
Solving...
Blb : 3 (clique : 34)
currentSize : 34 <-- 0.006784 s
currentSize : 35 <-- 0.071202 s
currentSize : 36 <-- 0.071298 s
currentSize : 37 <-- 0.071491 s
currentSize : 38 <-- 0.073147 s
currentSize : 39 <-- 0.074154 s
currentSize : 40 <-- 0.074304 s
currentSize : 41 <-- 0.074489 s

maxsize : 41
nodes : 5173795.000000
filtered : 33121345.000000
time : 25.862867
