Parameters: GAD=1 vflib=1 dir=1 label=1 lowerbound=1 fileNameGp=../graphsdb/mcs50/rand/r005/mcs50_r005_s60.A56 fileNameGt=../graphsdb/mcs50/rand/r005/mcs50_r005_s60.B56
Reading graphs...
60 : 176
60 : 176
Initializing...
maxdom : 9
D->valSize : 270
Solving...
Blb : 2 (clique : 24)
currentSize : 24 <-- 0.003112 s
currentSize : 25 <-- 0.003464 s
currentSize : 26 <-- 0.003844 s
currentSize : 27 <-- 0.088870 s
currentSize : 28 <-- 0.088984 s
currentSize : 29 <-- 3.485874 s
currentSize : 30 <-- 3.524437 s

maxsize : 30
nodes : 1302490.000000
filtered : 11401808.000000
time : 6.061836
