Parameters: GAD=1 vflib=1 dir=1 label=1 lowerbound=1 fileNameGp=../graphsdb/mcs50/m4D/m4Dr6/mcs50_m4Dr6_s40.A48 fileNameGt=../graphsdb/mcs50/m4D/m4Dr6/mcs50_m4Dr6_s40.B48
Reading graphs...
40 : 95
40 : 94
Initializing...
maxdom : 8
D->valSize : 214
Solving...
Blb : 2 (clique : 13)
currentSize : 13 <-- 0.001253 s
currentSize : 14 <-- 0.009945 s
currentSize : 15 <-- 0.271689 s
currentSize : 16 <-- 0.589028 s
currentSize : 17 <-- 0.951213 s
currentSize : 18 <-- 6.963053 s

maxsize : 18
nodes : 1790737.000000
filtered : 26052140.000000
time : 7.489027
