Parameters: GAD=1 vflib=1 dir=1 label=1 lowerbound=1 fileNameGp=../graphsdb/mcs50/bvg/b09m/mcs50_b09m_s80.A17 fileNameGt=../graphsdb/mcs50/bvg/b09m/mcs50_b09m_s80.B17
Reading graphs...
80 : 360
80 : 360
Initializing...
maxdom : 9
D->valSize : 427
Solving...
Blb : 3 (clique : 25)
currentSize : 25 <-- 0.004092 s
currentSize : 26 <-- 0.014983 s
currentSize : 28 <-- 0.015028 s
currentSize : 29 <-- 0.015308 s
currentSize : 32 <-- 0.327944 s
currentSize : 35 <-- 0.328014 s
currentSize : 38 <-- 0.328773 s
currentSize : 39 <-- 0.337006 s
currentSize : 40 <-- 0.340842 s

maxsize : 40
nodes : 2338485.000000
filtered : 18864907.000000
time : 12.068222
