Parameters: GAD=1 vflib=1 dir=1 label=1 lowerbound=1 fileNameGp=../graphsdb/mcs50/rand/r02/mcs50_r02_s70.A43 fileNameGt=../graphsdb/mcs50/rand/r02/mcs50_r02_s70.B43
Reading graphs...
70 : 965
70 : 965
Initializing...
maxdom : 8
D->valSize : 322
Solving...
Blb : 5 (clique : 7)
currentSize : 7 <-- 0.003651 s
currentSize : 8 <-- 0.004441 s
currentSize : 9 <-- 0.008660 s
currentSize : 10 <-- 0.010101 s
currentSize : 13 <-- 0.017163 s
currentSize : 15 <-- 0.018804 s
currentSize : 16 <-- 0.026578 s
currentSize : 18 <-- 0.032989 s
currentSize : 22 <-- 0.039080 s
currentSize : 23 <-- 0.043894 s
currentSize : 35 <-- 0.046606 s

maxsize : 35
nodes : 5782.000000
filtered : 105187.000000
time : 0.053370
