Parameters: GAD=1 vflib=1 dir=1 label=1 lowerbound=1 fileNameGp=../graphsdb/mcs50/bvg/b09m/mcs50_b09m_s100.A35 fileNameGt=../graphsdb/mcs50/bvg/b09m/mcs50_b09m_s100.B35
Reading graphs...
100 : 450
100 : 450
Initializing...
maxdom : 7
D->valSize : 348
Solving...
Blb : 3 (clique : 44)
currentSize : 44 <-- 0.003548 s
currentSize : 45 <-- 0.039606 s
currentSize : 46 <-- 2.447029 s
currentSize : 47 <-- 2.448331 s
currentSize : 49 <-- 2.878964 s
currentSize : 50 <-- 103.869995 s

maxsize : 50
nodes : 124045476.000000
filtered : 520845751.000000
time : 656.376953
