Parameters: GAD=1 vflib=1 dir=1 label=1 lowerbound=1 fileNameGp=../graphsdb/mcs50/m2D/m2D/mcs50_m2D_s80.A30 fileNameGt=../graphsdb/mcs50/m2D/m2D/mcs50_m2D_s80.B30
Reading graphs...
80 : 142
80 : 142
Initializing...
maxdom : 7
D->valSize : 398
Solving...
Blb : 2 (clique : 31)
currentSize : 31 <-- 0.003857 s
currentSize : 32 <-- 0.004392 s
currentSize : 34 <-- 0.006191 s
currentSize : 35 <-- 0.008197 s
currentSize : 36 <-- 0.023310 s
currentSize : 37 <-- 0.301204 s
currentSize : 38 <-- 0.301933 s
currentSize : 39 <-- 0.324246 s
currentSize : 40 <-- 139.358887 s
currentSize : 41 <-- 139.359909 s

TIMEOUT
maxsize : 41
nodes : 622691983.000000
filtered : 5679989780.000000
time : 3600.000000
