Parameters: GAD=1 vflib=1 dir=1 label=1 lowerbound=1 fileNameGp=../graphsdb/mcs50/m2D/m2Dr4/mcs50_m2Dr4_s80.A82 fileNameGt=../graphsdb/mcs50/m2D/m2Dr4/mcs50_m2Dr4_s80.B82
Reading graphs...
80 : 174
80 : 174
Initializing...
maxdom : 9
D->valSize : 420
Solving...
Blb : 2 (clique : 29)
currentSize : 29 <-- 0.006740 s
currentSize : 30 <-- 0.007194 s
currentSize : 31 <-- 0.056129 s
currentSize : 32 <-- 0.483905 s
currentSize : 33 <-- 0.483985 s
currentSize : 34 <-- 0.485373 s
currentSize : 35 <-- 0.485487 s
currentSize : 36 <-- 0.491920 s
currentSize : 37 <-- 0.509198 s
currentSize : 38 <-- 474.899689 s
currentSize : 39 <-- 474.899994 s

TIMEOUT
maxsize : 39
nodes : 669993682.000000
filtered : 5284873884.000000
time : 3600.000000
