Parameters: GAD=1 vflib=1 dir=1 label=1 lowerbound=1 fileNameGp=../graphsdb/mcs50/rand/r01/mcs50_r01_s40.A34 fileNameGt=../graphsdb/mcs50/rand/r01/mcs50_r01_s40.B34
Reading graphs...
40 : 155
40 : 155
Initializing...
maxdom : 7
D->valSize : 229
Solving...
Blb : 2 (clique : 11)
currentSize : 11 <-- 0.001319 s
currentSize : 12 <-- 0.006895 s
currentSize : 13 <-- 0.010353 s
currentSize : 14 <-- 0.036803 s
currentSize : 15 <-- 0.037088 s
currentSize : 16 <-- 0.072444 s
currentSize : 17 <-- 0.073974 s
currentSize : 20 <-- 0.111180 s

maxsize : 20
nodes : 27467.000000
filtered : 398848.000000
time : 0.118731
