Parameters: GAD=1 vflib=1 dir=1 label=1 lowerbound=1 fileNameGp=../graphsdb/mcs50/m2D/m2Dr4/mcs50_m2Dr4_s100.A37 fileNameGt=../graphsdb/mcs50/m2D/m2Dr4/mcs50_m2Dr4_s100.B37
Reading graphs...
100 : 220
100 : 220
Initializing...
maxdom : 8
D->valSize : 362
Solving...
Blb : 2 (clique : 40)
currentSize : 40 <-- 0.006367 s
currentSize : 41 <-- 0.008247 s
currentSize : 42 <-- 0.009206 s
currentSize : 43 <-- 0.011928 s
currentSize : 44 <-- 0.158823 s
currentSize : 45 <-- 0.170868 s
currentSize : 46 <-- 21.083767 s
currentSize : 47 <-- 21.085333 s
currentSize : 48 <-- 21.088331 s
currentSize : 49 <-- 21.096933 s

TIMEOUT
maxsize : 49
nodes : 785339923.000000
filtered : 2375659302.000000
time : 3600.000000
