Parameters: GAD=1 vflib=1 dir=1 label=1 lowerbound=1 fileNameGp=../graphsdb/mcs50/m2D/m2Dr4/mcs50_m2Dr4_s60.A45 fileNameGt=../graphsdb/mcs50/m2D/m2Dr4/mcs50_m2Dr4_s60.B45
Reading graphs...
60 : 128
60 : 128
Initializing...
maxdom : 7
D->valSize : 246
Solving...
Blb : 3 (clique : 23)
currentSize : 23 <-- 0.001805 s
currentSize : 24 <-- 0.001950 s
currentSize : 25 <-- 0.002006 s
currentSize : 26 <-- 35.423943 s
currentSize : 27 <-- 166.105087 s
currentSize : 28 <-- 166.191650 s

maxsize : 28
nodes : 46001109.000000
filtered : 357440097.000000
time : 202.028275
