Parameters: GAD=1 vflib=1 dir=1 label=1 lowerbound=1 fileNameGp=../graphsdb/mcs50/m3D/m3Dr4/mcs50_m3Dr4_s50.A83 fileNameGt=../graphsdb/mcs50/m3D/m3Dr4/mcs50_m3Dr4_s50.B83
Reading graphs...
50 : 129
50 : 128
Initializing...
maxdom : 10
D->valSize : 339
Solving...
Blb : 2 (clique : 16)
currentSize : 16 <-- 0.003966 s
currentSize : 17 <-- 0.004552 s
currentSize : 19 <-- 0.006101 s
currentSize : 20 <-- 0.008525 s
currentSize : 21 <-- 0.058079 s
currentSize : 22 <-- 2.241859 s
currentSize : 23 <-- 2.242336 s
currentSize : 24 <-- 2.265687 s
currentSize : 25 <-- 2.265977 s
currentSize : 26 <-- 2.266028 s
currentSize : 27 <-- 2.267164 s
currentSize : 28 <-- 2.267693 s

maxsize : 28
nodes : 724667.000000
filtered : 8503471.000000
time : 3.405229
