Parameters: GAD=1 vflib=1 dir=1 label=1 lowerbound=1 fileNameGp=../graphsdb/mcs50/rand/r005/mcs50_r005_s90.A94 fileNameGt=../graphsdb/mcs50/rand/r005/mcs50_r005_s90.B94
Reading graphs...
90 : 399
90 : 399
Initializing...
maxdom : 10
D->valSize : 564
Solving...
Blb : 2 (clique : 25)
currentSize : 25 <-- 0.010787 s
currentSize : 27 <-- 0.011957 s
currentSize : 28 <-- 0.014813 s
currentSize : 29 <-- 0.014984 s
currentSize : 30 <-- 0.096329 s
currentSize : 31 <-- 0.096645 s
currentSize : 32 <-- 0.097067 s
currentSize : 34 <-- 0.097528 s
currentSize : 35 <-- 28.278160 s
currentSize : 36 <-- 28.278246 s
currentSize : 37 <-- 90.001099 s
currentSize : 38 <-- 107.771400 s
currentSize : 39 <-- 198.485138 s
currentSize : 43 <-- 198.737350 s
currentSize : 45 <-- 198.737427 s

maxsize : 45
nodes : 42350005.000000
filtered : 616998462.000000
time : 284.525116
