Parameters: GAD=1 vflib=1 dir=1 label=1 lowerbound=1 fileNameGp=../graphsdb/mcs50/bvg/b03/mcs50_b03_s100.A84 fileNameGt=../graphsdb/mcs50/bvg/b03/mcs50_b03_s100.B84
Reading graphs...
100 : 150
100 : 150
Initializing...
maxdom : 7
D->valSize : 365
Solving...
Blb : 2 (clique : 44)
currentSize : 44 <-- 0.004005 s
currentSize : 47 <-- 0.005922 s
currentSize : 48 <-- 0.008285 s
currentSize : 49 <-- 0.095080 s
currentSize : 50 <-- 2.062655 s
currentSize : 51 <-- 2.063841 s
currentSize : 52 <-- 2.132283 s
currentSize : 53 <-- 12.261685 s
currentSize : 54 <-- 92.270271 s
currentSize : 55 <-- 111.325401 s
currentSize : 56 <-- 128.797318 s
currentSize : 57 <-- 128.798477 s

TIMEOUT
maxsize : 57
nodes : 658283115.000000
filtered : 2400738880.000000
time : 3600.000000
