Parameters: GAD=1 vflib=1 dir=1 label=1 lowerbound=1 fileNameGp=../graphsdb/mcs50/m2D/m2Dr4/mcs50_m2Dr4_s80.A44 fileNameGt=../graphsdb/mcs50/m2D/m2Dr4/mcs50_m2Dr4_s80.B44
Reading graphs...
80 : 174
80 : 173
Initializing...
maxdom : 7
D->valSize : 406
Solving...
Blb : 3 (clique : 26)
currentSize : 26 <-- 0.003902 s
currentSize : 27 <-- 1.829439 s
currentSize : 28 <-- 2.360332 s
currentSize : 29 <-- 35.777088 s
currentSize : 30 <-- 36.804054 s
currentSize : 31 <-- 220.219223 s
currentSize : 32 <-- 240.340179 s
currentSize : 33 <-- 543.671021 s
currentSize : 34 <-- 1533.816284 s
currentSize : 35 <-- 1564.405273 s
currentSize : 36 <-- 1564.405518 s
currentSize : 37 <-- 1738.144653 s
currentSize : 38 <-- 2989.686279 s

TIMEOUT
maxsize : 38
nodes : 693522234.000000
filtered : 6038648636.000000
time : 3600.000000
