Parameters: GAD=1 vflib=1 dir=1 label=1 lowerbound=1 fileNameGp=../graphsdb/mcs50/rand/r005/mcs50_r005_s60.A32 fileNameGt=../graphsdb/mcs50/rand/r005/mcs50_r005_s60.B32
Reading graphs...
60 : 176
60 : 176
Initializing...
maxdom : 9
D->valSize : 277
Solving...
Blb : 5 (clique : 19)
currentSize : 19 <-- 0.003145 s
currentSize : 20 <-- 0.027811 s
currentSize : 21 <-- 0.962057 s
currentSize : 22 <-- 0.962110 s
currentSize : 23 <-- 3.123837 s
currentSize : 24 <-- 7.697129 s
currentSize : 25 <-- 10.661810 s
currentSize : 26 <-- 10.682362 s
currentSize : 27 <-- 14.416867 s
currentSize : 28 <-- 14.416926 s
currentSize : 29 <-- 14.451750 s
currentSize : 30 <-- 14.451860 s

maxsize : 30
nodes : 3736122.000000
filtered : 32752665.000000
time : 16.846935
