Parameters: GAD=1 vflib=1 dir=1 label=1 lowerbound=1 fileNameGp=../graphsdb/mcs50/bvg/b03/mcs50_b03_s100.A00 fileNameGt=../graphsdb/mcs50/bvg/b03/mcs50_b03_s100.B00
Reading graphs...
100 : 150
100 : 150
Initializing...
maxdom : 7
D->valSize : 369
Solving...
Blb : 2 (clique : 39)
currentSize : 39 <-- 0.007333 s
currentSize : 40 <-- 0.020673 s
currentSize : 41 <-- 0.155353 s
currentSize : 42 <-- 0.158194 s
currentSize : 43 <-- 0.334947 s
currentSize : 44 <-- 1.201430 s
currentSize : 45 <-- 54.712288 s
currentSize : 46 <-- 149.791031 s
currentSize : 47 <-- 149.791199 s
currentSize : 48 <-- 150.387268 s
currentSize : 49 <-- 502.475098 s
currentSize : 50 <-- 1765.553467 s
currentSize : 51 <-- 2852.795166 s

TIMEOUT
maxsize : 51
nodes : 657625265.000000
filtered : 3728502663.000000
time : 3600.000000
