Parameters: GAD=1 vflib=1 dir=1 label=1 lowerbound=1 fileNameGp=../graphsdb/mcs50/m2D/m2Dr2/mcs50_m2Dr2_s100.A19 fileNameGt=../graphsdb/mcs50/m2D/m2Dr2/mcs50_m2Dr2_s100.B19
Reading graphs...
100 : 200
100 : 200
Initializing...
maxdom : 6
D->valSize : 351
Solving...
Blb : 3 (clique : 36)
currentSize : 36 <-- 0.003810 s
currentSize : 37 <-- 0.019182 s
currentSize : 38 <-- 0.096367 s
currentSize : 39 <-- 0.240665 s
currentSize : 40 <-- 0.263546 s
currentSize : 41 <-- 0.277008 s
currentSize : 42 <-- 6.105124 s
currentSize : 43 <-- 21.260248 s
currentSize : 44 <-- 215.641968 s
currentSize : 45 <-- 247.696762 s
currentSize : 46 <-- 984.124390 s
currentSize : 47 <-- 1066.114502 s
currentSize : 48 <-- 1152.262085 s
currentSize : 49 <-- 1210.848389 s

TIMEOUT
maxsize : 49
nodes : 666606856.000000
filtered : 2768568679.000000
time : 3600.000000
