Parameters: GAD=1 vflib=1 dir=1 label=1 lowerbound=1 fileNameGp=../graphsdb/mcs50/m3D/m3D/mcs50_m3D_s60.A85 fileNameGt=../graphsdb/mcs50/m3D/m3D/mcs50_m3D_s60.B85
Reading graphs...
60 : 134
60 : 134
Initializing...
maxdom : 9
D->valSize : 287
Solving...
Blb : 2 (clique : 21)
currentSize : 21 <-- 0.002110 s
currentSize : 22 <-- 0.005758 s
currentSize : 23 <-- 0.031461 s
currentSize : 24 <-- 0.445364 s
currentSize : 25 <-- 0.446047 s
currentSize : 26 <-- 2.395087 s
currentSize : 27 <-- 2.398969 s
currentSize : 28 <-- 11.578623 s
currentSize : 29 <-- 11.578722 s
currentSize : 30 <-- 11.580164 s

maxsize : 30
nodes : 4508347.000000
filtered : 36499915.000000
time : 19.864336
