Parameters: GAD=1 vflib=1 dir=1 label=1 lowerbound=1 fileNameGp=../graphsdb/mcs50/m2D/m2Dr4/mcs50_m2Dr4_s70.A63 fileNameGt=../graphsdb/mcs50/m2D/m2Dr4/mcs50_m2Dr4_s70.B63
Reading graphs...
70 : 151
70 : 151
Initializing...
maxdom : 8
D->valSize : 311
Solving...
Blb : 2 (clique : 22)
currentSize : 22 <-- 0.002666 s
currentSize : 23 <-- 0.002991 s
currentSize : 24 <-- 1.725857 s
currentSize : 25 <-- 18.336752 s
currentSize : 26 <-- 18.336971 s
currentSize : 27 <-- 25.991873 s
currentSize : 28 <-- 30.305214 s
currentSize : 29 <-- 34.743423 s
currentSize : 30 <-- 34.744816 s
currentSize : 31 <-- 34.811676 s
currentSize : 32 <-- 34.816608 s
currentSize : 33 <-- 34.817764 s
currentSize : 34 <-- 36.285278 s
currentSize : 35 <-- 36.309872 s
currentSize : 36 <-- 36.314800 s
currentSize : 37 <-- 52.802776 s
currentSize : 38 <-- 52.805798 s

maxsize : 38
nodes : 12642261.000000
filtered : 79494448.000000
time : 57.836559
