Parameters: GAD=1 vflib=1 dir=1 label=1 lowerbound=1 fileNameGp=../graphsdb/mcs50/m2D/m2Dr4/mcs50_m2Dr4_s20.A53 fileNameGt=../graphsdb/mcs50/m2D/m2Dr4/mcs50_m2Dr4_s20.B53
Reading graphs...
20 : 39
20 : 39
Initializing...
maxdom : 7
D->valSize : 107
Solving...
Blb : 2 (clique : 7)
currentSize : 7 <-- 0.000640 s
currentSize : 8 <-- 0.000686 s
currentSize : 9 <-- 0.000729 s
currentSize : 10 <-- 0.000920 s
currentSize : 11 <-- 0.001288 s

maxsize : 11
nodes : 535.000000
filtered : 5899.000000
time : 0.002359
