Parameters: GAD=1 vflib=1 dir=1 label=1 lowerbound=1 fileNameGp=../graphsdb/mcs50/bvg/b06/mcs50_b06_s40.A28 fileNameGt=../graphsdb/mcs50/bvg/b06/mcs50_b06_s40.B28
Reading graphs...
40 : 120
40 : 120
Initializing...
maxdom : 7
D->valSize : 224
Solving...
Blb : 2 (clique : 13)
currentSize : 13 <-- 0.001236 s
currentSize : 14 <-- 0.001351 s
currentSize : 16 <-- 0.027379 s
currentSize : 17 <-- 0.035984 s
currentSize : 18 <-- 0.063907 s
currentSize : 19 <-- 0.119886 s
currentSize : 20 <-- 0.367402 s

maxsize : 20
nodes : 102520.000000
filtered : 1230498.000000
time : 0.420589
