Parameters: GAD=1 vflib=1 dir=1 label=1 lowerbound=1 fileNameGp=../graphsdb/mcs50/rand/r005/mcs50_r005_s70.A68 fileNameGt=../graphsdb/mcs50/rand/r005/mcs50_r005_s70.B68
Reading graphs...
70 : 240
70 : 240
Initializing...
maxdom : 9
D->valSize : 340
Solving...
Blb : 2 (clique : 22)
currentSize : 22 <-- 0.002884 s
currentSize : 28 <-- 0.003041 s
currentSize : 29 <-- 0.003135 s
currentSize : 30 <-- 15.968932 s
currentSize : 32 <-- 16.709162 s
currentSize : 36 <-- 16.709394 s

maxsize : 36
nodes : 4438998.000000
filtered : 52467421.000000
time : 24.173492
