Parameters: GAD=1 vflib=1 dir=1 label=1 lowerbound=1 fileNameGp=../graphsdb/mcs50/m2D/m2Dr4/mcs50_m2Dr4_s80.A63 fileNameGt=../graphsdb/mcs50/m2D/m2Dr4/mcs50_m2Dr4_s80.B63
Reading graphs...
80 : 174
80 : 174
Initializing...
maxdom : 13
D->valSize : 458
Solving...
Blb : 2 (clique : 31)
currentSize : 31 <-- 0.004706 s
currentSize : 32 <-- 4.141970 s
currentSize : 33 <-- 4.142322 s
currentSize : 34 <-- 47.007793 s
currentSize : 35 <-- 891.570923 s
currentSize : 36 <-- 901.809143 s
currentSize : 37 <-- 908.895569 s

TIMEOUT
maxsize : 37
nodes : 651069155.000000
filtered : 7089096055.000000
time : 3600.000000
