Parameters: GAD=1 vflib=1 dir=1 label=1 lowerbound=1 fileNameGp=../graphsdb/mcs50/m3D/m3Dr2/mcs50_m3Dr2_s50.A49 fileNameGt=../graphsdb/mcs50/m3D/m3Dr2/mcs50_m3Dr2_s50.B49
Reading graphs...
50 : 119
50 : 119
Initializing...
maxdom : 8
D->valSize : 305
Solving...
Blb : 3 (clique : 21)
currentSize : 21 <-- 0.003458 s
currentSize : 22 <-- 1.426415 s
currentSize : 24 <-- 7.819168 s
currentSize : 25 <-- 8.513046 s
currentSize : 26 <-- 15.370384 s
currentSize : 28 <-- 17.487448 s

maxsize : 28
nodes : 3981098.000000
filtered : 49783765.000000
time : 18.821939
