Parameters: GAD=1 vflib=1 dir=1 label=1 lowerbound=1 fileNameGp=../graphsdb/mcs50/m2D/m2Dr4/mcs50_m2Dr4_s50.A74 fileNameGt=../graphsdb/mcs50/m2D/m2Dr4/mcs50_m2Dr4_s50.B74
Reading graphs...
50 : 105
50 : 104
Initializing...
maxdom : 11
D->valSize : 358
Solving...
Blb : 2 (clique : 19)
currentSize : 19 <-- 0.002630 s
currentSize : 20 <-- 0.003031 s
currentSize : 21 <-- 0.481754 s
currentSize : 22 <-- 0.684228 s
currentSize : 23 <-- 0.850957 s
currentSize : 24 <-- 1.980617 s
currentSize : 25 <-- 5.441952 s
currentSize : 26 <-- 65.399719 s
currentSize : 27 <-- 69.550995 s

maxsize : 27
nodes : 31750305.000000
filtered : 514351886.000000
time : 161.320999
