Parameters: GAD=1 vflib=1 dir=1 label=1 lowerbound=1 fileNameGp=../graphsdb/mcs50/rand/r02/mcs50_r02_s90.A45 fileNameGt=../graphsdb/mcs50/rand/r02/mcs50_r02_s90.B45
Reading graphs...
90 : 1601
90 : 1601
Initializing...
maxdom : 9
D->valSize : 547
Solving...
Blb : 2 (clique : 7)
currentSize : 7 <-- 0.005895 s
currentSize : 8 <-- 0.006094 s
currentSize : 9 <-- 0.006205 s
currentSize : 10 <-- 0.010726 s
currentSize : 13 <-- 0.014409 s
currentSize : 18 <-- 0.014749 s
currentSize : 24 <-- 0.046052 s
currentSize : 27 <-- 0.073813 s
currentSize : 45 <-- 0.074084 s

maxsize : 45
nodes : 13336.000000
filtered : 384522.000000
time : 0.102965
