Parameters: GAD=1 vflib=1 dir=1 label=1 lowerbound=1 fileNameGp=../graphsdb/mcs50/m2D/m2D/mcs50_m2D_s80.A83 fileNameGt=../graphsdb/mcs50/m2D/m2D/mcs50_m2D_s80.B83
Reading graphs...
80 : 142
80 : 142
Initializing...
maxdom : 9
D->valSize : 429
Solving...
Blb : 2 (clique : 30)
currentSize : 30 <-- 0.004405 s
currentSize : 31 <-- 0.004680 s
currentSize : 32 <-- 0.004852 s
currentSize : 34 <-- 0.005406 s
currentSize : 35 <-- 0.091482 s
currentSize : 36 <-- 0.233992 s
currentSize : 37 <-- 3222.744629 s

TIMEOUT
maxsize : 37
nodes : 691820405.000000
filtered : 5999541075.000000
time : 3600.000000
