Parameters: GAD=1 vflib=1 dir=1 label=1 lowerbound=1 fileNameGp=../graphsdb/mcs50/bvg/b06m/mcs50_b06m_s80.A84 fileNameGt=../graphsdb/mcs50/bvg/b06m/mcs50_b06m_s80.B84
Reading graphs...
80 : 240
80 : 240
Initializing...
maxdom : 9
D->valSize : 450
Solving...
Blb : 2 (clique : 30)
currentSize : 30 <-- 0.004532 s
currentSize : 31 <-- 0.007317 s
currentSize : 32 <-- 1.622779 s
currentSize : 34 <-- 1.622894 s
currentSize : 35 <-- 1.622979 s
currentSize : 38 <-- 1.624076 s
currentSize : 39 <-- 1.661909 s
currentSize : 40 <-- 391.658081 s
currentSize : 41 <-- 459.733093 s

maxsize : 41
nodes : 132045227.000000
filtered : 1851549099.000000
time : 838.713135
