Parameters: GAD=1 vflib=1 dir=1 label=1 lowerbound=1 fileNameGp=../graphsdb/mcs50/m2D/m2Dr4/mcs50_m2Dr4_s80.A95 fileNameGt=../graphsdb/mcs50/m2D/m2Dr4/mcs50_m2Dr4_s80.B95
Reading graphs...
80 : 174
80 : 172
Initializing...
maxdom : 9
D->valSize : 421
Solving...
Blb : 2 (clique : 34)
currentSize : 34 <-- 0.004147 s
currentSize : 35 <-- 0.005161 s
currentSize : 36 <-- 0.005244 s
currentSize : 37 <-- 0.007315 s
currentSize : 38 <-- 0.107043 s
currentSize : 39 <-- 0.664696 s
currentSize : 40 <-- 1.243247 s

TIMEOUT
maxsize : 40
nodes : 673346726.000000
filtered : 5427725763.000000
time : 3600.000000
