Parameters: GAD=1 vflib=1 dir=1 label=1 lowerbound=1 fileNameGp=../graphsdb/mcs50/bvg/b09/mcs50_b09_s60.A59 fileNameGt=../graphsdb/mcs50/bvg/b09/mcs50_b09_s60.B59
Reading graphs...
60 : 270
60 : 270
Initializing...
maxdom : 6
D->valSize : 238
Solving...
Blb : 2 (clique : 24)
currentSize : 24 <-- 0.001971 s
currentSize : 25 <-- 0.002144 s
currentSize : 27 <-- 0.002415 s
currentSize : 28 <-- 0.002554 s
currentSize : 29 <-- 0.003281 s
currentSize : 30 <-- 0.004093 s

maxsize : 30
nodes : 134109.000000
filtered : 686899.000000
time : 0.544988
