Parameters: GAD=1 vflib=1 dir=1 label=1 lowerbound=1 fileNameGp=../graphsdb/mcs50/bvg/b09m/mcs50_b09m_s20.A31 fileNameGt=../graphsdb/mcs50/bvg/b09m/mcs50_b09m_s20.B31
Reading graphs...
20 : 90
20 : 90
Initializing...
maxdom : 5
D->valSize : 100
Solving...
Blb : 2 (clique : 4)
currentSize : 4 <-- 0.000544 s
currentSize : 5 <-- 0.000577 s
currentSize : 6 <-- 0.000602 s
currentSize : 9 <-- 0.000652 s
currentSize : 10 <-- 0.001172 s

maxsize : 10
nodes : 333.000000
filtered : 5712.000000
time : 0.001556
