Parameters: GAD=1 vflib=1 dir=1 label=1 lowerbound=1 fileNameGp=../graphsdb/mcs50/m2D/m2Dr6/mcs50_m2Dr6_s70.A48 fileNameGt=../graphsdb/mcs50/m2D/m2Dr6/mcs50_m2Dr6_s70.B48
Reading graphs...
70 : 165
70 : 165
Initializing...
maxdom : 8
D->valSize : 360
Solving...
Blb : 5 (clique : 26)
currentSize : 26 <-- 0.003100 s
currentSize : 27 <-- 0.112361 s
currentSize : 28 <-- 0.112957 s
currentSize : 29 <-- 0.153647 s
currentSize : 30 <-- 18.539717 s
currentSize : 32 <-- 18.633038 s
currentSize : 33 <-- 18.689859 s
currentSize : 34 <-- 18.689922 s
currentSize : 35 <-- 38.556911 s
currentSize : 36 <-- 38.577766 s
currentSize : 37 <-- 40.227001 s
currentSize : 38 <-- 63.902676 s

maxsize : 38
nodes : 23358175.000000
filtered : 147062021.000000
time : 107.363701
