Parameters: GAD=1 vflib=1 dir=1 label=1 lowerbound=1 fileNameGp=../graphsdb/mcs50/rand/r02/mcs50_r02_s60.A92 fileNameGt=../graphsdb/mcs50/rand/r02/mcs50_r02_s60.B92
Reading graphs...
60 : 707
60 : 707
Initializing...
maxdom : 7
D->valSize : 233
Solving...
Blb : 2 (clique : 11)
currentSize : 11 <-- 0.001622 s
currentSize : 14 <-- 0.001948 s
currentSize : 20 <-- 0.002016 s
currentSize : 23 <-- 0.002442 s
currentSize : 30 <-- 0.003341 s

maxsize : 30
nodes : 784.000000
filtered : 19055.000000
time : 0.005855
