Parameters: GAD=1 vflib=1 dir=1 label=1 lowerbound=1 fileNameGp=../graphsdb/mcs50/rand/r01/mcs50_r01_s80.A93 fileNameGt=../graphsdb/mcs50/rand/r01/mcs50_r01_s80.B93
Reading graphs...
80 : 631
80 : 631
Initializing...
maxdom : 8
D->valSize : 424
Solving...
Blb : 2 (clique : 16)
currentSize : 16 <-- 0.006116 s
currentSize : 17 <-- 0.024219 s
currentSize : 19 <-- 0.024545 s
currentSize : 22 <-- 0.025354 s
currentSize : 23 <-- 0.395645 s
currentSize : 26 <-- 0.395755 s
currentSize : 28 <-- 0.395849 s
currentSize : 29 <-- 0.715260 s
currentSize : 30 <-- 0.832469 s
currentSize : 31 <-- 0.835106 s
currentSize : 37 <-- 0.835228 s
currentSize : 40 <-- 0.835344 s

maxsize : 40
nodes : 178781.000000
filtered : 2875491.000000
time : 1.119856
