Parameters: GAD=1 vflib=1 dir=1 label=1 lowerbound=1 fileNameGp=../graphsdb/mcs50/bvg/b03/mcs50_b03_s80.A84 fileNameGt=../graphsdb/mcs50/bvg/b03/mcs50_b03_s80.B84
Reading graphs...
80 : 120
80 : 120
Initializing...
maxdom : 10
D->valSize : 440
Solving...
Blb : 5 (clique : 36)
currentSize : 36 <-- 0.004645 s
currentSize : 37 <-- 0.005552 s
currentSize : 38 <-- 0.014212 s
currentSize : 39 <-- 0.129088 s
currentSize : 40 <-- 0.201254 s
currentSize : 41 <-- 0.222928 s
currentSize : 42 <-- 0.396483 s
currentSize : 43 <-- 0.397158 s
currentSize : 44 <-- 733.091736 s
currentSize : 45 <-- 761.168152 s

TIMEOUT
maxsize : 45
nodes : 705200509.000000
filtered : 5083822847.000000
time : 3600.000000
