Parameters: GAD=1 vflib=1 dir=1 label=1 lowerbound=1 fileNameGp=../graphsdb/mcs50/m2D/m2Dr6/mcs50_m2Dr6_s90.A78 fileNameGt=../graphsdb/mcs50/m2D/m2Dr6/mcs50_m2Dr6_s90.B78
Reading graphs...
90 : 215
90 : 212
Initializing...
maxdom : 9
D->valSize : 528
Solving...
Blb : 2 (clique : 32)
currentSize : 32 <-- 0.006160 s
currentSize : 33 <-- 0.006544 s
currentSize : 34 <-- 0.006624 s
currentSize : 35 <-- 0.006819 s
currentSize : 38 <-- 0.006978 s
currentSize : 39 <-- 0.007251 s
currentSize : 40 <-- 0.009135 s
currentSize : 41 <-- 0.025201 s
currentSize : 42 <-- 0.025312 s
currentSize : 43 <-- 0.025785 s
currentSize : 44 <-- 0.025984 s
currentSize : 45 <-- 0.029377 s
currentSize : 46 <-- 0.029622 s
currentSize : 47 <-- 0.462017 s
currentSize : 48 <-- 3293.569824 s
currentSize : 49 <-- 3293.571289 s

TIMEOUT
maxsize : 49
nodes : 583598582.000000
filtered : 5629926852.000000
time : 3600.000000
