Parameters: GAD=1 vflib=1 dir=1 label=1 lowerbound=1 fileNameGp=../graphsdb/mcs50/bvg/b09m/mcs50_b09m_s100.A42 fileNameGt=../graphsdb/mcs50/bvg/b09m/mcs50_b09m_s100.B42
Reading graphs...
100 : 450
100 : 450
Initializing...
maxdom : 6
D->valSize : 364
Solving...
Blb : 3 (clique : 28)
currentSize : 28 <-- 0.003605 s
currentSize : 29 <-- 0.010966 s
currentSize : 30 <-- 0.015107 s
currentSize : 31 <-- 0.015312 s
currentSize : 33 <-- 0.016266 s
currentSize : 35 <-- 0.034790 s
currentSize : 38 <-- 0.388624 s
currentSize : 39 <-- 0.388860 s
currentSize : 43 <-- 0.389063 s
currentSize : 44 <-- 0.422758 s
currentSize : 46 <-- 0.467652 s
currentSize : 47 <-- 0.631218 s
currentSize : 48 <-- 2.650386 s
currentSize : 49 <-- 6.908384 s
currentSize : 50 <-- 7.237771 s

maxsize : 50
nodes : 42443603.000000
filtered : 190474390.000000
time : 227.170410
