Parameters: GAD=1 vflib=1 dir=1 label=1 lowerbound=1 fileNameGp=../graphsdb/mcs50/m4D/m4Dr2/mcs50_m4Dr2_s35.A11 fileNameGt=../graphsdb/mcs50/m4D/m4Dr2/mcs50_m4Dr2_s35.B11
Reading graphs...
35 : 70
35 : 69
Initializing...
maxdom : 8
D->valSize : 178
Solving...
Blb : 2 (clique : 14)
currentSize : 14 <-- 0.000932 s
currentSize : 15 <-- 0.011132 s
currentSize : 16 <-- 0.035773 s
currentSize : 17 <-- 0.035847 s
currentSize : 18 <-- 0.084610 s

maxsize : 18
nodes : 32615.000000
filtered : 390039.000000
time : 0.127191
