Parameters: GAD=1 vflib=1 dir=1 label=1 lowerbound=1 fileNameGp=../graphsdb/mcs50/bvg/b09m/mcs50_b09m_s25.A39 fileNameGt=../graphsdb/mcs50/bvg/b09m/mcs50_b09m_s25.B39
Reading graphs...
25 : 112
25 : 112
Initializing...
maxdom : 9
D->valSize : 154
Solving...
Blb : 2 (clique : 6)
currentSize : 6 <-- 0.000805 s
currentSize : 7 <-- 0.000850 s
currentSize : 9 <-- 0.001370 s
currentSize : 10 <-- 0.002558 s
currentSize : 11 <-- 0.003209 s
currentSize : 12 <-- 0.003664 s

maxsize : 12
nodes : 1065.000000
filtered : 17367.000000
time : 0.004495
