Parameters: GAD=1 vflib=1 dir=1 label=1 lowerbound=1 fileNameGp=../graphsdb/mcs50/rand/r005/mcs50_r005_s100.A79 fileNameGt=../graphsdb/mcs50/rand/r005/mcs50_r005_s100.B79
Reading graphs...
100 : 494
100 : 494
Initializing...
maxdom : 6
D->valSize : 351
Solving...
Blb : 2 (clique : 22)
currentSize : 22 <-- 0.003615 s
currentSize : 23 <-- 0.004067 s
currentSize : 24 <-- 0.009245 s
currentSize : 25 <-- 0.011998 s
currentSize : 26 <-- 0.044189 s
currentSize : 27 <-- 0.044734 s
currentSize : 30 <-- 0.422196 s
currentSize : 31 <-- 1.433649 s
currentSize : 32 <-- 1.458139 s
currentSize : 33 <-- 11.059429 s
currentSize : 34 <-- 11.458952 s
currentSize : 35 <-- 11.581683 s
currentSize : 36 <-- 16.257618 s
currentSize : 38 <-- 16.258423 s
currentSize : 39 <-- 16.258621 s
currentSize : 40 <-- 19.098238 s
currentSize : 42 <-- 19.103096 s
currentSize : 45 <-- 19.103172 s
currentSize : 46 <-- 22.563116 s
currentSize : 48 <-- 37.808365 s
currentSize : 50 <-- 38.397572 s

maxsize : 50
nodes : 11880767.000000
filtered : 83686894.000000
time : 70.964630
