Parameters: GAD=1 vflib=1 dir=1 label=1 lowerbound=1 fileNameGp=../graphsdb/mcs50/m4D/m4D/mcs50_m4D_s35.A12 fileNameGt=../graphsdb/mcs50/m4D/m4D/mcs50_m4D_s35.B12
Reading graphs...
35 : 63
35 : 63
Initializing...
maxdom : 7
D->valSize : 164
Solving...
Blb : 2 (clique : 14)
currentSize : 14 <-- 0.000930 s
currentSize : 15 <-- 0.001037 s
currentSize : 16 <-- 0.061004 s
currentSize : 17 <-- 0.091389 s
currentSize : 18 <-- 0.291783 s
currentSize : 19 <-- 0.354949 s

maxsize : 19
nodes : 123467.000000
filtered : 900876.000000
time : 0.404067
