Parameters: GAD=1 vflib=1 dir=1 label=1 lowerbound=1 fileNameGp=../graphsdb/mcs50/m2D/m2D/mcs50_m2D_s60.A31 fileNameGt=../graphsdb/mcs50/m2D/m2D/mcs50_m2D_s60.B31
Reading graphs...
60 : 104
60 : 104
Initializing...
maxdom : 8
D->valSize : 246
Solving...
Blb : 2 (clique : 22)
currentSize : 22 <-- 0.001747 s
currentSize : 23 <-- 0.001999 s
currentSize : 24 <-- 0.207766 s
currentSize : 25 <-- 0.492474 s
currentSize : 26 <-- 1.161664 s
currentSize : 27 <-- 4.643751 s
currentSize : 28 <-- 4.644427 s
currentSize : 29 <-- 4.678757 s
currentSize : 30 <-- 17.728239 s

maxsize : 30
nodes : 11179080.000000
filtered : 67583782.000000
time : 47.399109
