Parameters: GAD=1 vflib=1 dir=1 label=1 lowerbound=1 fileNameGp=../graphsdb/mcs50/bvg/b03m/mcs50_b03m_s80.A81 fileNameGt=../graphsdb/mcs50/bvg/b03m/mcs50_b03m_s80.B81
Reading graphs...
80 : 120
80 : 120
Initializing...
maxdom : 8
D->valSize : 424
Solving...
Blb : 2 (clique : 36)
currentSize : 36 <-- 0.004396 s
currentSize : 37 <-- 0.004841 s
currentSize : 38 <-- 0.005465 s
currentSize : 39 <-- 0.023813 s
currentSize : 40 <-- 1.947662 s
currentSize : 41 <-- 34.813915 s
currentSize : 42 <-- 1900.732300 s
currentSize : 43 <-- 1935.979980 s

TIMEOUT
maxsize : 43
nodes : 738828970.000000
filtered : 4833092687.000000
time : 3600.000000
