Parameters: GAD=1 vflib=1 dir=1 label=1 lowerbound=1 fileNameGp=../graphsdb/mcs50/rand/r02/mcs50_r02_s35.A31 fileNameGt=../graphsdb/mcs50/rand/r02/mcs50_r02_s35.B31
Reading graphs...
35 : 237
35 : 237
Initializing...
maxdom : 6
D->valSize : 157
Solving...
Blb : 5 (clique : 6)
currentSize : 6 <-- 0.000841 s
currentSize : 7 <-- 0.001688 s
currentSize : 8 <-- 0.001861 s
currentSize : 9 <-- 0.001939 s
currentSize : 11 <-- 0.002994 s
currentSize : 12 <-- 0.004472 s
currentSize : 17 <-- 0.005169 s

maxsize : 17
nodes : 1328.000000
filtered : 17655.000000
time : 0.005739
