Parameters: GAD=1 vflib=1 dir=1 label=1 lowerbound=1 fileNameGp=../graphsdb/mcs50/bvg/b09/mcs50_b09_s60.A56 fileNameGt=../graphsdb/mcs50/bvg/b09/mcs50_b09_s60.B56
Reading graphs...
60 : 270
60 : 270
Initializing...
maxdom : 8
D->valSize : 264
Solving...
Blb : 3 (clique : 21)
currentSize : 21 <-- 0.002973 s
currentSize : 22 <-- 0.012201 s
currentSize : 23 <-- 0.012489 s
currentSize : 25 <-- 0.013344 s
currentSize : 26 <-- 0.014159 s
currentSize : 27 <-- 0.131337 s
currentSize : 29 <-- 0.131529 s
currentSize : 30 <-- 0.131825 s

maxsize : 30
nodes : 292688.000000
filtered : 1550900.000000
time : 1.211316
