Parameters: GAD=1 vflib=1 dir=1 label=1 lowerbound=1 fileNameGp=../graphsdb/mcs50/m4D/m4Dr4/mcs50_m4Dr4_s35.A53 fileNameGt=../graphsdb/mcs50/m4D/m4Dr4/mcs50_m4Dr4_s35.B53
Reading graphs...
35 : 77
35 : 76
Initializing...
maxdom : 8
D->valSize : 168
Solving...
Blb : 2 (clique : 12)
currentSize : 12 <-- 0.000880 s
currentSize : 13 <-- 0.001100 s
currentSize : 14 <-- 0.002162 s
currentSize : 15 <-- 0.015425 s
currentSize : 16 <-- 0.016966 s
currentSize : 17 <-- 0.084717 s
currentSize : 18 <-- 0.085123 s

maxsize : 18
nodes : 28735.000000
filtered : 300414.000000
time : 0.109088
