Parameters: GAD=1 vflib=1 dir=1 label=1 lowerbound=1 fileNameGp=../graphsdb/mcs50/bvg/b09/mcs50_b09_s20.A63 fileNameGt=../graphsdb/mcs50/bvg/b09/mcs50_b09_s20.B63
Reading graphs...
20 : 90
20 : 90
Initializing...
maxdom : 7
D->valSize : 114
Solving...
Blb : 2 (clique : 4)
currentSize : 4 <-- 0.000680 s
currentSize : 7 <-- 0.000828 s
currentSize : 8 <-- 0.000946 s
currentSize : 9 <-- 0.000972 s
currentSize : 10 <-- 0.001002 s

maxsize : 10
nodes : 271.000000
filtered : 3708.000000
time : 0.001785
