Parameters: GAD=1 vflib=1 dir=1 label=1 lowerbound=1 fileNameGp=../graphsdb/mcs50/bvg/b06/mcs50_b06_s25.A66 fileNameGt=../graphsdb/mcs50/bvg/b06/mcs50_b06_s25.B66
Reading graphs...
25 : 75
25 : 75
Initializing...
maxdom : 13
D->valSize : 216
Solving...
Blb : 2 (clique : 9)
currentSize : 9 <-- 0.001064 s
currentSize : 10 <-- 0.001331 s
currentSize : 11 <-- 0.001936 s
currentSize : 12 <-- 0.008610 s
currentSize : 13 <-- 0.008657 s

maxsize : 13
nodes : 2627.000000
filtered : 49586.000000
time : 0.011128
