Parameters: GAD=1 vflib=1 dir=1 label=1 lowerbound=1 fileNameGp=../graphsdb/mcs50/bvg/b09/mcs50_b09_s60.A38 fileNameGt=../graphsdb/mcs50/bvg/b09/mcs50_b09_s60.B38
Reading graphs...
60 : 270
60 : 270
Initializing...
maxdom : 8
D->valSize : 265
Solving...
Blb : 2 (clique : 12)
currentSize : 12 <-- 0.001901 s
currentSize : 13 <-- 0.001998 s
currentSize : 14 <-- 0.002754 s
currentSize : 16 <-- 0.004023 s
currentSize : 17 <-- 0.008747 s
currentSize : 18 <-- 0.097037 s
currentSize : 20 <-- 0.097112 s
currentSize : 21 <-- 0.097639 s
currentSize : 23 <-- 0.292198 s
currentSize : 24 <-- 0.292356 s
currentSize : 25 <-- 0.292574 s
currentSize : 27 <-- 0.293084 s
currentSize : 28 <-- 0.293321 s
currentSize : 29 <-- 0.293615 s
currentSize : 30 <-- 0.293838 s

maxsize : 30
nodes : 86418.000000
filtered : 788824.000000
time : 0.392720
