Parameters: GAD=1 vflib=1 dir=1 label=1 lowerbound=1 fileNameGp=../graphsdb/mcs50/rand/r005/mcs50_r005_s50.A36 fileNameGt=../graphsdb/mcs50/rand/r005/mcs50_r005_s50.B36
Reading graphs...
50 : 121
50 : 121
Initializing...
maxdom : 15
D->valSize : 369
Solving...
Blb : 5 (clique : 16)
currentSize : 16 <-- 0.004516 s
currentSize : 20 <-- 0.004686 s
currentSize : 21 <-- 0.005219 s
currentSize : 22 <-- 0.028230 s
currentSize : 23 <-- 1.548358 s
currentSize : 24 <-- 4.625964 s
currentSize : 25 <-- 4.630743 s

maxsize : 25
nodes : 1759324.000000
filtered : 28310455.000000
time : 9.010702
