Parameters: GAD=1 vflib=1 dir=1 label=1 lowerbound=1 fileNameGp=../graphsdb/mcs50/m2D/m2Dr6/mcs50_m2Dr6_s60.A25 fileNameGt=../graphsdb/mcs50/m2D/m2Dr6/mcs50_m2Dr6_s60.B25
Reading graphs...
60 : 140
60 : 138
Initializing...
maxdom : 7
D->valSize : 254
Solving...
Blb : 2 (clique : 21)
currentSize : 21 <-- 0.001858 s
currentSize : 22 <-- 0.260276 s
currentSize : 23 <-- 0.860326 s
currentSize : 24 <-- 1.143179 s
currentSize : 26 <-- 9.762549 s
currentSize : 27 <-- 46.174438 s

maxsize : 27
nodes : 11679797.000000
filtered : 97904598.000000
time : 50.687469
