Parameters: GAD=1 vflib=1 dir=1 label=1 lowerbound=1 fileNameGp=../graphsdb/mcs50/m2D/m2D/mcs50_m2D_s100.A03 fileNameGt=../graphsdb/mcs50/m2D/m2D/mcs50_m2D_s100.B03
Reading graphs...
100 : 180
100 : 180
Initializing...
maxdom : 7
D->valSize : 397
Solving...
Blb : 2 (clique : 38)
currentSize : 38 <-- 0.007023 s
currentSize : 39 <-- 0.009161 s
currentSize : 40 <-- 0.050631 s
currentSize : 41 <-- 0.346006 s
currentSize : 42 <-- 117.557266 s
currentSize : 43 <-- 507.344574 s

TIMEOUT
maxsize : 43
nodes : 687398527.000000
filtered : 3446957910.000000
time : 3600.000000
