Parameters: GAD=1 vflib=1 dir=1 label=1 lowerbound=1 fileNameGp=../graphsdb/mcs50/bvg/b06/mcs50_b06_s90.A04 fileNameGt=../graphsdb/mcs50/bvg/b06/mcs50_b06_s90.B04
Reading graphs...
90 : 270
90 : 270
Initializing...
maxdom : 9
D->valSize : 548
Solving...
Blb : 2 (clique : 28)
currentSize : 28 <-- 0.010658 s
currentSize : 39 <-- 0.011089 s
currentSize : 41 <-- 0.035896 s
currentSize : 42 <-- 0.036135 s
currentSize : 43 <-- 0.360003 s
currentSize : 44 <-- 4.028246 s

TIMEOUT
maxsize : 44
nodes : 643602459.000000
filtered : 5436602518.000000
time : 3600.000000
