Parameters: GAD=1 vflib=1 dir=1 label=1 lowerbound=1 fileNameGp=../graphsdb/mcs50/m2D/m2D/mcs50_m2D_s30.A34 fileNameGt=../graphsdb/mcs50/m2D/m2D/mcs50_m2D_s30.B34
Reading graphs...
30 : 49
30 : 49
Initializing...
maxdom : 6
D->valSize : 109
Solving...
Blb : 2 (clique : 12)
currentSize : 12 <-- 0.000705 s
currentSize : 13 <-- 0.001148 s
currentSize : 14 <-- 0.001208 s
currentSize : 15 <-- 0.002751 s
currentSize : 16 <-- 0.002786 s

maxsize : 16
nodes : 3000.000000
filtered : 17617.000000
time : 0.009286
