Parameters: GAD=1 vflib=1 dir=1 label=1 lowerbound=1 fileNameGp=../graphsdb/mcs50/rand/r005/mcs50_r005_s100.A33 fileNameGt=../graphsdb/mcs50/rand/r005/mcs50_r005_s100.B33
Reading graphs...
100 : 494
100 : 494
Initializing...
maxdom : 6
D->valSize : 348
Solving...
Blb : 2 (clique : 33)
currentSize : 33 <-- 0.005456 s
currentSize : 35 <-- 0.168225 s
currentSize : 37 <-- 2.210014 s
currentSize : 38 <-- 4.788596 s
currentSize : 42 <-- 11.626759 s
currentSize : 43 <-- 12.959521 s
currentSize : 45 <-- 12.959682 s
currentSize : 46 <-- 15.631039 s
currentSize : 47 <-- 15.631389 s
currentSize : 50 <-- 19.722116 s

maxsize : 50
nodes : 4540497.000000
filtered : 32614076.000000
time : 26.998268
