Parameters: GAD=1 vflib=1 dir=1 label=1 lowerbound=1 fileNameGp=../graphsdb/mcs50/rand/r02/mcs50_r02_s100.A98 fileNameGt=../graphsdb/mcs50/rand/r02/mcs50_r02_s100.B98
Reading graphs...
100 : 1979
100 : 1979
Initializing...
maxdom : 6
D->valSize : 375
Solving...
Blb : 3 (clique : 9)
currentSize : 9 <-- 0.005334 s
currentSize : 10 <-- 0.005558 s
currentSize : 12 <-- 0.005627 s
currentSize : 15 <-- 0.006057 s
currentSize : 25 <-- 0.006282 s
currentSize : 50 <-- 0.008434 s

maxsize : 50
nodes : 4378.000000
filtered : 95221.000000
time : 0.057300
