Parameters: GAD=1 vflib=1 dir=1 label=1 lowerbound=1 fileNameGp=../graphsdb/mcs50/m3D/m3Dr2/mcs50_m3Dr2_s50.A36 fileNameGt=../graphsdb/mcs50/m3D/m3Dr2/mcs50_m3Dr2_s50.B36
Reading graphs...
50 : 119
50 : 119
Initializing...
maxdom : 9
D->valSize : 320
Solving...
Blb : 2 (clique : 17)
currentSize : 17 <-- 0.003671 s
currentSize : 18 <-- 0.003846 s
currentSize : 19 <-- 0.004147 s
currentSize : 20 <-- 0.009760 s
currentSize : 21 <-- 2.032017 s
currentSize : 22 <-- 2.509748 s
currentSize : 24 <-- 3.079052 s
currentSize : 25 <-- 3.105845 s
currentSize : 26 <-- 4.820889 s
currentSize : 27 <-- 4.822324 s

maxsize : 27
nodes : 1870021.000000
filtered : 22592194.000000
time : 8.843870
