Parameters: GAD=1 vflib=1 dir=1 label=1 lowerbound=1 fileNameGp=../graphsdb/mcs50/m2D/m2D/mcs50_m2D_s50.A45 fileNameGt=../graphsdb/mcs50/m2D/m2D/mcs50_m2D_s50.B45
Reading graphs...
50 : 85
50 : 85
Initializing...
maxdom : 10
D->valSize : 356
Solving...
Blb : 2 (clique : 19)
currentSize : 19 <-- 0.002646 s
currentSize : 26 <-- 0.002778 s
currentSize : 27 <-- 0.002801 s
currentSize : 28 <-- 50.434986 s
currentSize : 29 <-- 50.435616 s

maxsize : 29
nodes : 12826172.000000
filtered : 213828021.000000
time : 70.374863
