Parameters: GAD=1 vflib=1 dir=1 label=1 lowerbound=1 fileNameGp=../graphsdb/mcs50/bvg/b09m/mcs50_b09m_s35.A40 fileNameGt=../graphsdb/mcs50/bvg/b09m/mcs50_b09m_s35.B40
Reading graphs...
35 : 157
35 : 157
Initializing...
maxdom : 6
D->valSize : 169
Solving...
Blb : 2 (clique : 7)
currentSize : 7 <-- 0.000892 s
currentSize : 8 <-- 0.001649 s
currentSize : 11 <-- 0.002403 s
currentSize : 12 <-- 0.002458 s
currentSize : 13 <-- 0.002499 s
currentSize : 15 <-- 0.002547 s
currentSize : 16 <-- 0.003965 s

maxsize : 16
nodes : 1538.000000
filtered : 16617.000000
time : 0.006007
