Parameters: GAD=1 vflib=1 dir=1 label=1 lowerbound=1 fileNameGp=../graphsdb/mcs50/rand/r02/mcs50_r02_s60.A28 fileNameGt=../graphsdb/mcs50/rand/r02/mcs50_r02_s60.B28
Reading graphs...
60 : 707
60 : 707
Initializing...
maxdom : 7
D->valSize : 251
Solving...
Blb : 2 (clique : 6)
currentSize : 6 <-- 0.001616 s
currentSize : 7 <-- 0.001909 s
currentSize : 8 <-- 0.002455 s
currentSize : 11 <-- 0.002554 s
currentSize : 12 <-- 0.003537 s
currentSize : 19 <-- 0.003677 s
currentSize : 30 <-- 0.008036 s

maxsize : 30
nodes : 1833.000000
filtered : 36352.000000
time : 0.011183
