Parameters: GAD=1 vflib=1 dir=1 label=1 lowerbound=1 fileNameGp=../graphsdb/mcs50/rand/r02/mcs50_r02_s35.A98 fileNameGt=../graphsdb/mcs50/rand/r02/mcs50_r02_s35.B98
Reading graphs...
35 : 237
35 : 237
Initializing...
maxdom : 8
D->valSize : 155
Solving...
Blb : 2 (clique : 6)
currentSize : 6 <-- 0.000892 s
currentSize : 7 <-- 0.000978 s
currentSize : 8 <-- 0.001124 s
currentSize : 10 <-- 0.001355 s
currentSize : 12 <-- 0.003362 s
currentSize : 17 <-- 0.004336 s

maxsize : 17
nodes : 1124.000000
filtered : 15660.000000
time : 0.005679
