Parameters: GAD=1 vflib=1 dir=1 label=1 lowerbound=1 fileNameGp=../graphsdb/mcs50/rand/r02/mcs50_r02_s50.A66 fileNameGt=../graphsdb/mcs50/rand/r02/mcs50_r02_s50.B66
Reading graphs...
50 : 489
50 : 489
Initializing...
maxdom : 11
D->valSize : 324
Solving...
Blb : 2 (clique : 7)
currentSize : 7 <-- 0.002141 s
currentSize : 8 <-- 0.002276 s
currentSize : 12 <-- 0.003680 s
currentSize : 15 <-- 0.003720 s
currentSize : 25 <-- 0.011290 s

maxsize : 25
nodes : 2764.000000
filtered : 76217.000000
time : 0.017022
