Parameters: GAD=1 vflib=1 dir=1 label=1 lowerbound=1 fileNameGp=../graphsdb/mcs50/bvg/b03/mcs50_b03_s50.A64 fileNameGt=../graphsdb/mcs50/bvg/b03/mcs50_b03_s50.B64
Reading graphs...
50 : 75
50 : 75
Initializing...
maxdom : 9
D->valSize : 330
Solving...
Blb : 2 (clique : 25)
currentSize : 25 <-- 0.002541 s
currentSize : 26 <-- 0.104418 s
currentSize : 27 <-- 0.567872 s
currentSize : 28 <-- 8.064566 s
currentSize : 29 <-- 11.404661 s

maxsize : 29
nodes : 3366930.000000
filtered : 42381142.000000
time : 16.277966
