Parameters: GAD=1 vflib=1 dir=1 label=1 lowerbound=1 fileNameGp=../graphsdb/mcs50/bvg/b06m/mcs50_b06m_s70.A00 fileNameGt=../graphsdb/mcs50/bvg/b06m/mcs50_b06m_s70.B00
Reading graphs...
70 : 210
70 : 210
Initializing...
maxdom : 9
D->valSize : 339
Solving...
Blb : 3 (clique : 24)
currentSize : 24 <-- 0.002911 s
currentSize : 25 <-- 0.003174 s
currentSize : 26 <-- 0.003249 s
currentSize : 27 <-- 0.871943 s
currentSize : 28 <-- 2.214206 s
currentSize : 29 <-- 7.657918 s
currentSize : 30 <-- 16.945328 s
currentSize : 31 <-- 17.040773 s
currentSize : 33 <-- 17.043760 s
currentSize : 34 <-- 48.479633 s
currentSize : 35 <-- 48.479736 s

maxsize : 35
nodes : 19672017.000000
filtered : 114662715.000000
time : 85.046860
