Parameters: GAD=1 vflib=1 dir=1 label=1 lowerbound=1 fileNameGp=../graphsdb/mcs50/bvg/b03m/mcs50_b03m_s25.A04 fileNameGt=../graphsdb/mcs50/bvg/b03m/mcs50_b03m_s25.B04
Reading graphs...
25 : 37
25 : 37
Initializing...
maxdom : 10
D->valSize : 166
Solving...
Blb : 2 (clique : 10)
currentSize : 10 <-- 0.001185 s
currentSize : 11 <-- 0.002429 s
currentSize : 12 <-- 0.008511 s
currentSize : 13 <-- 0.040257 s
currentSize : 14 <-- 0.087213 s

maxsize : 14
nodes : 32722.000000
filtered : 444958.000000
time : 0.175522
