Parameters: GAD=1 vflib=1 dir=1 label=1 lowerbound=1 fileNameGp=../graphsdb/mcs50/m4D/m4Dr6/mcs50_m4Dr6_s40.A51 fileNameGt=../graphsdb/mcs50/m4D/m4Dr6/mcs50_m4Dr6_s40.B51
Reading graphs...
40 : 95
40 : 94
Initializing...
maxdom : 7
D->valSize : 217
Solving...
Blb : 2 (clique : 14)
currentSize : 14 <-- 0.001228 s
currentSize : 15 <-- 0.002711 s
currentSize : 16 <-- 0.007368 s
currentSize : 17 <-- 1.720318 s
currentSize : 18 <-- 2.704261 s
currentSize : 19 <-- 6.616127 s

maxsize : 19
nodes : 1746407.000000
filtered : 17015990.000000
time : 7.086796
