Parameters: GAD=1 vflib=1 dir=1 label=1 lowerbound=1 fileNameGp=../graphsdb/mcs50/m2D/m2Dr2/mcs50_m2Dr2_s90.A80 fileNameGt=../graphsdb/mcs50/m2D/m2Dr2/mcs50_m2Dr2_s90.B80
Reading graphs...
90 : 179
90 : 179
Initializing...
maxdom : 10
D->valSize : 574
Solving...
Blb : 2 (clique : 32)
currentSize : 32 <-- 0.007023 s
currentSize : 33 <-- 0.339462 s
currentSize : 34 <-- 228.134003 s
currentSize : 35 <-- 228.134613 s
currentSize : 36 <-- 240.912125 s
currentSize : 37 <-- 522.109131 s
currentSize : 38 <-- 535.119324 s
currentSize : 39 <-- 1023.978760 s

TIMEOUT
maxsize : 39
nodes : 633385131.000000
filtered : 6784332284.000000
time : 3600.000000
