Parameters: GAD=1 vflib=1 dir=1 label=1 lowerbound=1 fileNameGp=../graphsdb/mcs50/bvg/b09m/mcs50_b09m_s70.A70 fileNameGt=../graphsdb/mcs50/bvg/b09m/mcs50_b09m_s70.B70
Reading graphs...
70 : 315
70 : 315
Initializing...
maxdom : 8
D->valSize : 376
Solving...
Blb : 3 (clique : 21)
currentSize : 21 <-- 0.003212 s
currentSize : 22 <-- 1.632973 s
currentSize : 23 <-- 18.875053 s
currentSize : 24 <-- 18.875393 s
currentSize : 26 <-- 23.727589 s
currentSize : 28 <-- 23.727665 s
currentSize : 29 <-- 23.728992 s
currentSize : 30 <-- 23.734476 s
currentSize : 31 <-- 23.734598 s
currentSize : 32 <-- 27.972967 s
currentSize : 33 <-- 27.973076 s
currentSize : 34 <-- 27.973232 s

maxsize : 34
nodes : 6615331.000000
filtered : 65174715.000000
time : 32.592403
