Parameters: GAD=1 vflib=1 dir=1 label=1 lowerbound=1 fileNameGp=../graphsdb/mcs50/m3D/m3Dr4/mcs50_m3Dr4_s50.A38 fileNameGt=../graphsdb/mcs50/m3D/m3Dr4/mcs50_m3Dr4_s50.B38
Reading graphs...
50 : 129
50 : 129
Initializing...
maxdom : 10
D->valSize : 325
Solving...
Blb : 2 (clique : 17)
currentSize : 17 <-- 0.002231 s
currentSize : 18 <-- 0.055328 s
currentSize : 21 <-- 0.195360 s
currentSize : 23 <-- 1.366306 s
currentSize : 24 <-- 2.466627 s
currentSize : 25 <-- 2.740354 s
currentSize : 26 <-- 2.783574 s
currentSize : 27 <-- 2.783731 s
currentSize : 28 <-- 3.163500 s

maxsize : 28
nodes : 836816.000000
filtered : 9889827.000000
time : 3.638974
