Parameters: GAD=1 vflib=1 dir=1 label=1 lowerbound=1 fileNameGp=../graphsdb/mcs50/bvg/b03/mcs50_b03_s40.A39 fileNameGt=../graphsdb/mcs50/bvg/b03/mcs50_b03_s40.B39
Reading graphs...
40 : 60
40 : 60
Initializing...
maxdom : 7
D->valSize : 210
Solving...
Blb : 2 (clique : 18)
currentSize : 18 <-- 0.001336 s
currentSize : 19 <-- 0.019564 s
currentSize : 20 <-- 0.046625 s
currentSize : 21 <-- 0.101720 s
currentSize : 22 <-- 0.347758 s
currentSize : 23 <-- 1.168129 s

maxsize : 23
nodes : 328567.000000
filtered : 2739826.000000
time : 1.270070
