Parameters: GAD=1 vflib=1 dir=1 label=1 lowerbound=1 fileNameGp=../graphsdb/mcs50/bvg/b06m/mcs50_b06m_s70.A83 fileNameGt=../graphsdb/mcs50/bvg/b06m/mcs50_b06m_s70.B83
Reading graphs...
70 : 210
70 : 210
Initializing...
maxdom : 9
D->valSize : 331
Solving...
Blb : 2 (clique : 25)
currentSize : 25 <-- 0.004368 s
currentSize : 27 <-- 0.004618 s
currentSize : 28 <-- 0.004905 s
currentSize : 29 <-- 0.008038 s
currentSize : 31 <-- 0.008198 s
currentSize : 32 <-- 0.310315 s
currentSize : 33 <-- 0.310652 s
currentSize : 34 <-- 1.475569 s
currentSize : 35 <-- 5.021566 s
currentSize : 36 <-- 8.842520 s

maxsize : 36
nodes : 2962122.000000
filtered : 23850599.000000
time : 14.337177
