Parameters: GAD=1 vflib=1 dir=1 label=1 lowerbound=1 fileNameGp=../graphsdb/mcs50/m2D/m2Dr2/mcs50_m2Dr2_s40.A83 fileNameGt=../graphsdb/mcs50/m2D/m2Dr2/mcs50_m2Dr2_s40.B83
Reading graphs...
40 : 75
40 : 74
Initializing...
maxdom : 8
D->valSize : 205
Solving...
Blb : 2 (clique : 14)
currentSize : 14 <-- 0.001144 s
currentSize : 15 <-- 0.001367 s
currentSize : 16 <-- 0.004892 s
currentSize : 17 <-- 0.019873 s
currentSize : 18 <-- 0.025253 s
currentSize : 19 <-- 0.139720 s

maxsize : 19
nodes : 1115491.000000
filtered : 11184195.000000
time : 4.299853
