Parameters: GAD=1 vflib=1 dir=1 label=1 lowerbound=1 fileNameGp=../graphsdb/mcs50/bvg/b06m/mcs50_b06m_s70.A32 fileNameGt=../graphsdb/mcs50/bvg/b06m/mcs50_b06m_s70.B32
Reading graphs...
70 : 210
70 : 210
Initializing...
maxdom : 7
D->valSize : 315
Solving...
Blb : 2 (clique : 26)
currentSize : 26 <-- 0.002670 s
currentSize : 27 <-- 0.286308 s
currentSize : 28 <-- 0.366769 s
currentSize : 29 <-- 0.367045 s
currentSize : 31 <-- 1.870092 s
currentSize : 33 <-- 1.870418 s
currentSize : 34 <-- 1.878598 s
currentSize : 35 <-- 2.012457 s
currentSize : 36 <-- 32.131851 s

maxsize : 36
nodes : 22764131.000000
filtered : 138611252.000000
time : 104.822510
