Parameters: GAD=1 vflib=1 dir=1 label=1 lowerbound=1 fileNameGp=../graphsdb/mcs50/rand/r005/mcs50_r005_s70.A01 fileNameGt=../graphsdb/mcs50/rand/r005/mcs50_r005_s70.B01
Reading graphs...
70 : 240
70 : 240
Initializing...
maxdom : 8
D->valSize : 323
Solving...
Blb : 2 (clique : 21)
currentSize : 21 <-- 0.002707 s
currentSize : 22 <-- 0.002862 s
currentSize : 23 <-- 1.010173 s
currentSize : 24 <-- 5.005460 s
currentSize : 25 <-- 5.006454 s
currentSize : 26 <-- 5.010095 s
currentSize : 27 <-- 5.382451 s
currentSize : 28 <-- 5.390841 s
currentSize : 30 <-- 60.017460 s
currentSize : 32 <-- 60.017521 s
currentSize : 35 <-- 60.314182 s

maxsize : 35
nodes : 13418655.000000
filtered : 127750868.000000
time : 69.024635
