Parameters: GAD=1 vflib=1 dir=1 label=1 lowerbound=1 fileNameGp=../graphsdb/mcs50/m4D/m4Dr2/mcs50_m4Dr2_s35.A39 fileNameGt=../graphsdb/mcs50/m4D/m4Dr2/mcs50_m4Dr2_s35.B39
Reading graphs...
35 : 69
35 : 68
Initializing...
maxdom : 6
D->valSize : 168
Solving...
Blb : 2 (clique : 14)
currentSize : 14 <-- 0.001365 s
currentSize : 15 <-- 0.003718 s
currentSize : 16 <-- 0.068291 s
currentSize : 17 <-- 0.096498 s
currentSize : 18 <-- 0.096571 s
currentSize : 19 <-- 0.130637 s

maxsize : 19
nodes : 36013.000000
filtered : 270564.000000
time : 0.174503
