Parameters: GAD=1 vflib=1 dir=1 label=1 lowerbound=1 fileNameGp=../graphsdb/mcs50/rand/r01/mcs50_r01_s35.A88 fileNameGt=../graphsdb/mcs50/rand/r01/mcs50_r01_s35.B88
Reading graphs...
35 : 118
35 : 118
Initializing...
maxdom : 10
D->valSize : 180
Solving...
Blb : 3 (clique : 9)
currentSize : 9 <-- 0.000913 s
currentSize : 10 <-- 0.001081 s
currentSize : 11 <-- 0.001165 s
currentSize : 13 <-- 0.004131 s
currentSize : 14 <-- 0.004180 s
currentSize : 17 <-- 0.021012 s

maxsize : 17
nodes : 6563.000000
filtered : 84201.000000
time : 0.026335
