Parameters: GAD=1 vflib=1 dir=1 label=1 lowerbound=1 fileNameGp=../graphsdb/mcs50/rand/r005/mcs50_r005_s40.A23 fileNameGt=../graphsdb/mcs50/rand/r005/mcs50_r005_s40.B23
Reading graphs...
40 : 78
40 : 78
Initializing...
maxdom : 10
D->valSize : 209
Solving...
Blb : 2 (clique : 14)
currentSize : 14 <-- 0.001244 s
currentSize : 15 <-- 0.019702 s
currentSize : 16 <-- 0.042737 s
currentSize : 17 <-- 0.092001 s
currentSize : 18 <-- 0.145760 s
currentSize : 20 <-- 0.335916 s
currentSize : 21 <-- 0.336031 s

maxsize : 21
nodes : 136438.000000
filtered : 1317565.000000
time : 0.607159
