Parameters: GAD=1 vflib=1 dir=1 label=1 lowerbound=1 fileNameGp=../graphsdb/mcs50/m3D/m3D/mcs50_m3D_s60.A29 fileNameGt=../graphsdb/mcs50/m3D/m3D/mcs50_m3D_s60.B29
Reading graphs...
60 : 134
60 : 134
Initializing...
maxdom : 7
D->valSize : 257
Solving...
Blb : 5 (clique : 19)
currentSize : 19 <-- 0.001844 s
currentSize : 21 <-- 0.001955 s
currentSize : 22 <-- 0.006175 s
currentSize : 23 <-- 0.382878 s
currentSize : 24 <-- 5.914220 s
currentSize : 25 <-- 5.915858 s
currentSize : 26 <-- 7.362731 s
currentSize : 27 <-- 7.362951 s
currentSize : 29 <-- 10.754003 s
currentSize : 30 <-- 10.754072 s

maxsize : 30
nodes : 7927764.000000
filtered : 61016333.000000
time : 35.146049
