Parameters: GAD=1 vflib=1 dir=1 label=1 lowerbound=1 fileNameGp=../graphsdb/mcs50/m2D/m2D/mcs50_m2D_s40.A95 fileNameGt=../graphsdb/mcs50/m2D/m2D/mcs50_m2D_s40.B95
Reading graphs...
40 : 67
40 : 67
Initializing...
maxdom : 7
D->valSize : 202
Solving...
Blb : 2 (clique : 16)
currentSize : 16 <-- 0.001252 s
currentSize : 17 <-- 0.008430 s
currentSize : 18 <-- 0.046171 s
currentSize : 19 <-- 0.642859 s
currentSize : 20 <-- 1.334691 s
currentSize : 21 <-- 1.796794 s

maxsize : 21
nodes : 704256.000000
filtered : 6241933.000000
time : 2.759291
