Parameters: GAD=1 vflib=1 dir=1 label=1 lowerbound=1 fileNameGp=../graphsdb/mcs50/rand/r005/mcs50_r005_s80.A86 fileNameGt=../graphsdb/mcs50/rand/r005/mcs50_r005_s80.B86
Reading graphs...
80 : 315
80 : 315
Initializing...
maxdom : 8
D->valSize : 420
Solving...
Blb : 2 (clique : 20)
currentSize : 20 <-- 0.006423 s
currentSize : 23 <-- 0.006686 s
currentSize : 24 <-- 0.006828 s
currentSize : 27 <-- 0.101628 s
currentSize : 28 <-- 0.101757 s
currentSize : 30 <-- 2.570762 s
currentSize : 31 <-- 2.575197 s
currentSize : 33 <-- 38.059334 s
currentSize : 34 <-- 38.065014 s
currentSize : 36 <-- 38.066349 s
currentSize : 39 <-- 38.066505 s
currentSize : 40 <-- 38.066814 s

maxsize : 40
nodes : 9171132.000000
filtered : 110515604.000000
time : 55.353992
