Parameters: GAD=1 vflib=1 dir=1 label=1 lowerbound=1 fileNameGp=../graphsdb/mcs50/bvg/b09m/mcs50_b09m_s90.A01 fileNameGt=../graphsdb/mcs50/bvg/b09m/mcs50_b09m_s90.B01
Reading graphs...
90 : 405
90 : 405
Initializing...
maxdom : 10
D->valSize : 529
Solving...
Blb : 3 (clique : 32)
currentSize : 32 <-- 0.010688 s
currentSize : 33 <-- 279.506592 s
currentSize : 34 <-- 410.700256 s
currentSize : 35 <-- 410.700623 s
currentSize : 36 <-- 412.201202 s
currentSize : 37 <-- 872.906555 s
currentSize : 38 <-- 872.906738 s
currentSize : 39 <-- 1047.532715 s
currentSize : 40 <-- 1568.579468 s
currentSize : 43 <-- 2016.680908 s
currentSize : 44 <-- 2064.531006 s

maxsize : 44
nodes : 473933402.000000
filtered : 4285931971.000000
time : 2596.468262
