Parameters: GAD=1 vflib=1 dir=1 label=1 lowerbound=1 fileNameGp=../graphsdb/mcs50/rand/r02/mcs50_r02_s70.A84 fileNameGt=../graphsdb/mcs50/rand/r02/mcs50_r02_s70.B84
Reading graphs...
70 : 965
70 : 965
Initializing...
maxdom : 10
D->valSize : 393
Solving...
Blb : 2 (clique : 7)
currentSize : 7 <-- 0.003493 s
currentSize : 8 <-- 0.003683 s
currentSize : 9 <-- 0.003909 s
currentSize : 10 <-- 0.003990 s
currentSize : 11 <-- 0.004908 s
currentSize : 12 <-- 0.005078 s
currentSize : 13 <-- 0.005238 s
currentSize : 14 <-- 0.005915 s
currentSize : 19 <-- 0.006961 s
currentSize : 24 <-- 0.008233 s
currentSize : 25 <-- 0.010404 s
currentSize : 35 <-- 0.014990 s

maxsize : 35
nodes : 2755.000000
filtered : 80012.000000
time : 0.021069
