Parameters: GAD=1 vflib=1 dir=1 label=1 lowerbound=1 fileNameGp=../graphsdb/mcs50/bvg/b03/mcs50_b03_s35.A77 fileNameGt=../graphsdb/mcs50/bvg/b03/mcs50_b03_s35.B77
Reading graphs...
35 : 52
35 : 52
Initializing...
maxdom : 7
D->valSize : 159
Solving...
Blb : 3 (clique : 12)
currentSize : 12 <-- 0.000993 s
currentSize : 14 <-- 0.001052 s
currentSize : 15 <-- 0.001083 s
currentSize : 17 <-- 0.001448 s
currentSize : 18 <-- 0.001504 s

maxsize : 18
nodes : 19905.000000
filtered : 181494.000000
time : 0.070468
