Parameters: GAD=1 vflib=1 dir=1 label=1 lowerbound=1 fileNameGp=../graphsdb/mcs50/bvg/b06m/mcs50_b06m_s90.A66 fileNameGt=../graphsdb/mcs50/bvg/b06m/mcs50_b06m_s90.B66
Reading graphs...
90 : 270
90 : 270
Initializing...
maxdom : 12
D->valSize : 568
Solving...
Blb : 2 (clique : 39)
currentSize : 39 <-- 0.011218 s
currentSize : 40 <-- 0.013789 s
currentSize : 41 <-- 2.119636 s
currentSize : 42 <-- 2.120222 s
currentSize : 43 <-- 2.248303 s
currentSize : 44 <-- 2.249011 s
currentSize : 45 <-- 47.375839 s
currentSize : 46 <-- 47.376083 s
currentSize : 47 <-- 47.616177 s
currentSize : 48 <-- 47.726665 s

TIMEOUT
maxsize : 48
nodes : 635451802.000000
filtered : 5549471167.000000
time : 3600.000000
