Parameters: GAD=1 vflib=1 dir=1 label=1 lowerbound=1 fileNameGp=../graphsdb/mcs50/m2D/m2Dr4/mcs50_m2Dr4_s90.A95 fileNameGt=../graphsdb/mcs50/m2D/m2Dr4/mcs50_m2Dr4_s90.B95
Reading graphs...
90 : 197
90 : 197
Initializing...
maxdom : 9
D->valSize : 562
Solving...
Blb : 2 (clique : 46)
currentSize : 46 <-- 0.006946 s
currentSize : 47 <-- 0.007353 s
currentSize : 49 <-- 0.008454 s
currentSize : 50 <-- 0.008777 s
currentSize : 51 <-- 0.011616 s
currentSize : 52 <-- 0.014796 s
currentSize : 53 <-- 0.015731 s

TIMEOUT
maxsize : 53
nodes : 678607644.000000
filtered : 4271072075.000000
time : 3600.000000
