Parameters: GAD=1 vflib=1 dir=1 label=1 lowerbound=1 fileNameGp=../graphsdb/mcs50/bvg/b09m/mcs50_b09m_s100.A41 fileNameGt=../graphsdb/mcs50/bvg/b09m/mcs50_b09m_s100.B41
Reading graphs...
100 : 450
100 : 450
Initializing...
maxdom : 8
D->valSize : 347
Solving...
Blb : 2 (clique : 38)
currentSize : 38 <-- 0.005633 s
currentSize : 41 <-- 0.006119 s
currentSize : 42 <-- 0.024326 s
currentSize : 47 <-- 422.633575 s
currentSize : 48 <-- 422.634552 s
currentSize : 50 <-- 422.635895 s

maxsize : 50
nodes : 237471715.000000
filtered : 843819959.000000
time : 1211.809204
