Parameters: GAD=1 vflib=1 dir=1 label=1 lowerbound=1 fileNameGp=../graphsdb/mcs50/bvg/b06m/mcs50_b06m_s40.A55 fileNameGt=../graphsdb/mcs50/bvg/b06m/mcs50_b06m_s40.B55
Reading graphs...
40 : 120
40 : 120
Initializing...
maxdom : 8
D->valSize : 219
Solving...
Blb : 2 (clique : 14)
currentSize : 14 <-- 0.001227 s
currentSize : 15 <-- 0.002037 s
currentSize : 16 <-- 0.002086 s
currentSize : 19 <-- 0.009085 s
currentSize : 20 <-- 0.009674 s

maxsize : 20
nodes : 61137.000000
filtered : 523172.000000
time : 0.220105
