Parameters: GAD=1 vflib=1 dir=1 label=1 lowerbound=1 fileNameGp=../graphsdb/mcs50/m4D/m4Dr4/mcs50_m4Dr4_s40.A93 fileNameGt=../graphsdb/mcs50/m4D/m4Dr4/mcs50_m4Dr4_s40.B93
Reading graphs...
40 : 87
40 : 87
Initializing...
maxdom : 7
D->valSize : 209
Solving...
Blb : 2 (clique : 17)
currentSize : 17 <-- 0.001889 s
currentSize : 18 <-- 0.016517 s
currentSize : 19 <-- 0.098930 s
currentSize : 20 <-- 0.249871 s
currentSize : 21 <-- 0.864236 s

maxsize : 21
nodes : 333432.000000
filtered : 3985104.000000
time : 1.428875
