Parameters: GAD=1 vflib=1 dir=1 label=1 lowerbound=1 fileNameGp=../graphsdb/mcs50/bvg/b03m/mcs50_b03m_s70.A72 fileNameGt=../graphsdb/mcs50/bvg/b03m/mcs50_b03m_s70.B72
Reading graphs...
70 : 105
70 : 105
Initializing...
maxdom : 8
D->valSize : 340
Solving...
Blb : 3 (clique : 28)
currentSize : 28 <-- 0.003221 s
currentSize : 31 <-- 0.003403 s
currentSize : 32 <-- 0.007514 s
currentSize : 33 <-- 20.053406 s
currentSize : 34 <-- 20.055384 s
currentSize : 35 <-- 108.940674 s
currentSize : 36 <-- 190.468781 s
currentSize : 37 <-- 192.545837 s
currentSize : 38 <-- 240.819321 s
currentSize : 39 <-- 322.603851 s
currentSize : 40 <-- 357.276123 s

maxsize : 40
nodes : 90675542.000000
filtered : 735263335.000000
time : 449.128418
