Parameters: GAD=1 vflib=1 dir=1 label=1 lowerbound=1 fileNameGp=../graphsdb/mcs50/bvg/b09/mcs50_b09_s90.A32 fileNameGt=../graphsdb/mcs50/bvg/b09/mcs50_b09_s90.B32
Reading graphs...
90 : 405
90 : 405
Initializing...
maxdom : 10
D->valSize : 547
Solving...
Blb : 2 (clique : 37)
currentSize : 37 <-- 0.010434 s
currentSize : 38 <-- 0.011837 s
currentSize : 40 <-- 0.012832 s
currentSize : 42 <-- 0.014593 s
currentSize : 43 <-- 0.015445 s
currentSize : 44 <-- 0.015879 s

maxsize : 44
nodes : 170751703.000000
filtered : 1235449183.000000
time : 937.269165
