Parameters: GAD=1 vflib=1 dir=1 label=1 lowerbound=1 fileNameGp=../graphsdb/mcs50/bvg/b06/mcs50_b06_s25.A80 fileNameGt=../graphsdb/mcs50/bvg/b06/mcs50_b06_s25.B80
Reading graphs...
25 : 75
25 : 75
Initializing...
maxdom : 9
D->valSize : 181
Solving...
Blb : 3 (clique : 8)
currentSize : 8 <-- 0.001278 s
currentSize : 9 <-- 0.005081 s
currentSize : 10 <-- 0.007168 s
currentSize : 11 <-- 0.008231 s
currentSize : 12 <-- 0.008476 s

maxsize : 12
nodes : 4681.000000
filtered : 71713.000000
time : 0.025874
