Parameters: GAD=1 vflib=1 dir=1 label=1 lowerbound=1 fileNameGp=../graphsdb/mcs50/rand/r005/mcs50_r005_s80.A47 fileNameGt=../graphsdb/mcs50/rand/r005/mcs50_r005_s80.B47
Reading graphs...
80 : 315
80 : 315
Initializing...
maxdom : 8
D->valSize : 427
Solving...
Blb : 2 (clique : 18)
currentSize : 18 <-- 0.004097 s
currentSize : 19 <-- 0.004320 s
currentSize : 20 <-- 0.005472 s
currentSize : 21 <-- 0.052762 s
currentSize : 22 <-- 0.053225 s
currentSize : 23 <-- 0.219396 s
currentSize : 24 <-- 3.040656 s
currentSize : 25 <-- 3.355952 s
currentSize : 26 <-- 5.688767 s
currentSize : 27 <-- 5.688875 s
currentSize : 28 <-- 6.316146 s
currentSize : 29 <-- 13.877503 s
currentSize : 30 <-- 24.152687 s
currentSize : 32 <-- 35.115417 s
currentSize : 35 <-- 70.323105 s
currentSize : 37 <-- 71.450523 s
currentSize : 38 <-- 102.053711 s
currentSize : 40 <-- 131.052551 s

maxsize : 40
nodes : 24333168.000000
filtered : 287299364.000000
time : 141.403015
