Parameters: GAD=1 vflib=1 dir=1 label=1 lowerbound=1 fileNameGp=../graphsdb/mcs50/m3D/m3D/mcs50_m3D_s60.A17 fileNameGt=../graphsdb/mcs50/m3D/m3D/mcs50_m3D_s60.B17
Reading graphs...
60 : 134
60 : 134
Initializing...
maxdom : 7
D->valSize : 235
Solving...
Blb : 2 (clique : 19)
currentSize : 19 <-- 0.001676 s
currentSize : 22 <-- 0.018764 s
currentSize : 23 <-- 2.004179 s
currentSize : 24 <-- 11.917297 s
currentSize : 25 <-- 13.659456 s
currentSize : 28 <-- 14.017766 s
currentSize : 29 <-- 14.174321 s

maxsize : 29
nodes : 4051700.000000
filtered : 27799079.000000
time : 17.144220
