Parameters: GAD=1 vflib=1 dir=1 label=1 lowerbound=1 fileNameGp=../graphsdb/mcs50/m2D/m2Dr4/mcs50_m2Dr4_s90.A33 fileNameGt=../graphsdb/mcs50/m2D/m2Dr4/mcs50_m2Dr4_s90.B33
Reading graphs...
90 : 197
90 : 197
Initializing...
maxdom : 11
D->valSize : 539
Solving...
Blb : 2 (clique : 38)
currentSize : 38 <-- 0.010975 s
currentSize : 39 <-- 29.040028 s
currentSize : 40 <-- 29.044100 s
currentSize : 41 <-- 41.427807 s
currentSize : 42 <-- 83.435249 s
currentSize : 43 <-- 146.346359 s
currentSize : 44 <-- 174.387924 s
currentSize : 45 <-- 476.294983 s
currentSize : 46 <-- 719.582336 s

TIMEOUT
maxsize : 46
nodes : 596591574.000000
filtered : 5696175020.000000
time : 3600.000000
