Parameters: GAD=1 vflib=1 dir=1 label=1 lowerbound=1 fileNameGp=../graphsdb/mcs50/m2D/m2Dr6/mcs50_m2Dr6_s80.A20 fileNameGt=../graphsdb/mcs50/m2D/m2Dr6/mcs50_m2Dr6_s80.B20
Reading graphs...
80 : 190
80 : 189
Initializing...
maxdom : 7
D->valSize : 408
Solving...
Blb : 5 (clique : 28)
currentSize : 28 <-- 0.004035 s
currentSize : 29 <-- 0.004246 s
currentSize : 30 <-- 0.004309 s
currentSize : 31 <-- 0.027118 s
currentSize : 32 <-- 0.028000 s
currentSize : 33 <-- 0.160530 s
currentSize : 34 <-- 0.162380 s
currentSize : 35 <-- 67.358055 s
currentSize : 36 <-- 77.249321 s
currentSize : 37 <-- 252.882599 s
currentSize : 38 <-- 320.782654 s
currentSize : 39 <-- 1192.996094 s

TIMEOUT
maxsize : 39
nodes : 606378819.000000
filtered : 7127859426.000000
time : 3600.000000
