Parameters: GAD=1 vflib=1 dir=1 label=1 lowerbound=1 fileNameGp=../graphsdb/mcs50/m3D/m3Dr2/mcs50_m3Dr2_s50.A63 fileNameGt=../graphsdb/mcs50/m3D/m3Dr2/mcs50_m3Dr2_s50.B63
Reading graphs...
50 : 119
50 : 119
Initializing...
maxdom : 9
D->valSize : 340
Solving...
Blb : 2 (clique : 20)
currentSize : 20 <-- 0.002751 s
currentSize : 25 <-- 0.002868 s
currentSize : 27 <-- 0.002962 s
currentSize : 28 <-- 0.003182 s
currentSize : 29 <-- 0.090577 s

maxsize : 29
nodes : 198448.000000
filtered : 3264727.000000
time : 0.992734
