Parameters: GAD=1 vflib=1 dir=1 label=1 lowerbound=1 fileNameGp=../graphsdb/mcs50/m2D/m2Dr6/mcs50_m2Dr6_s70.A12 fileNameGt=../graphsdb/mcs50/m2D/m2Dr6/mcs50_m2Dr6_s70.B12
Reading graphs...
70 : 165
70 : 164
Initializing...
maxdom : 8
D->valSize : 349
Solving...
Blb : 3 (clique : 32)
currentSize : 32 <-- 0.004915 s
currentSize : 33 <-- 106.990295 s
currentSize : 34 <-- 326.664612 s
currentSize : 36 <-- 326.668610 s
currentSize : 38 <-- 326.761169 s

maxsize : 38
nodes : 67505460.000000
filtered : 678152012.000000
time : 351.591187
