Parameters: GAD=1 vflib=1 dir=1 label=1 lowerbound=1 fileNameGp=../graphsdb/mcs50/bvg/b09m/mcs50_b09m_s90.A09 fileNameGt=../graphsdb/mcs50/bvg/b09m/mcs50_b09m_s90.B09
Reading graphs...
90 : 405
90 : 405
Initializing...
maxdom : 9
D->valSize : 560
Solving...
Blb : 3 (clique : 34)
currentSize : 34 <-- 0.006439 s
currentSize : 35 <-- 105.131157 s
currentSize : 36 <-- 207.822678 s
currentSize : 37 <-- 412.870117 s
currentSize : 38 <-- 412.870514 s
currentSize : 39 <-- 412.870789 s
currentSize : 40 <-- 774.159607 s
currentSize : 42 <-- 1016.211121 s
currentSize : 44 <-- 1016.211731 s
currentSize : 45 <-- 2018.858521 s
currentSize : 46 <-- 2018.858643 s

TIMEOUT
maxsize : 46
nodes : 697522518.000000
filtered : 4267527822.000000
time : 3600.000000
