Parameters: GAD=1 vflib=1 dir=1 label=1 lowerbound=1 fileNameGp=../graphsdb/mcs50/bvg/b06m/mcs50_b06m_s40.A48 fileNameGt=../graphsdb/mcs50/bvg/b06m/mcs50_b06m_s40.B48
Reading graphs...
40 : 120
40 : 120
Initializing...
maxdom : 10
D->valSize : 209
Solving...
Blb : 2 (clique : 14)
currentSize : 14 <-- 0.001257 s
currentSize : 15 <-- 0.014416 s
currentSize : 16 <-- 0.015133 s
currentSize : 17 <-- 0.025673 s
currentSize : 18 <-- 0.025889 s
currentSize : 19 <-- 0.027466 s
currentSize : 20 <-- 0.028055 s
currentSize : 21 <-- 0.036214 s

maxsize : 21
nodes : 20910.000000
filtered : 195964.000000
time : 0.080855
