Parameters: GAD=1 vflib=1 dir=1 label=1 lowerbound=1 fileNameGp=../graphsdb/mcs50/bvg/b09m/mcs50_b09m_s90.A73 fileNameGt=../graphsdb/mcs50/bvg/b09m/mcs50_b09m_s90.B73
Reading graphs...
90 : 405
90 : 405
Initializing...
maxdom : 12
D->valSize : 543
Solving...
Blb : 2 (clique : 38)
currentSize : 38 <-- 0.010041 s
currentSize : 39 <-- 0.010569 s
currentSize : 40 <-- 0.011736 s
currentSize : 41 <-- 0.014137 s
currentSize : 43 <-- 0.015490 s
currentSize : 45 <-- 0.053396 s

maxsize : 45
nodes : 159645163.000000
filtered : 1151217210.000000
time : 849.731323
