Parameters: GAD=1 vflib=1 dir=1 label=1 lowerbound=1 fileNameGp=../graphsdb/mcs50/bvg/b06/mcs50_b06_s35.A35 fileNameGt=../graphsdb/mcs50/bvg/b06/mcs50_b06_s35.B35
Reading graphs...
35 : 105
35 : 105
Initializing...
maxdom : 7
D->valSize : 171
Solving...
Blb : 2 (clique : 11)
currentSize : 11 <-- 0.000925 s
currentSize : 12 <-- 0.002976 s
currentSize : 13 <-- 0.006959 s
currentSize : 14 <-- 0.007748 s
currentSize : 15 <-- 0.009174 s
currentSize : 17 <-- 0.010110 s
currentSize : 18 <-- 0.016804 s

maxsize : 18
nodes : 4621.000000
filtered : 51592.000000
time : 0.018742
