Parameters: GAD=1 vflib=1 dir=1 label=1 lowerbound=1 fileNameGp=../graphsdb/mcs50/bvg/b03m/mcs50_b03m_s80.A52 fileNameGt=../graphsdb/mcs50/bvg/b03m/mcs50_b03m_s80.B52
Reading graphs...
80 : 120
80 : 120
Initializing...
maxdom : 8
D->valSize : 456
Solving...
Blb : 2 (clique : 33)
currentSize : 33 <-- 0.008456 s
currentSize : 34 <-- 44.102917 s
currentSize : 35 <-- 45.544243 s
currentSize : 36 <-- 49.670689 s
currentSize : 37 <-- 50.108887 s
currentSize : 38 <-- 50.112202 s
currentSize : 39 <-- 66.912880 s
currentSize : 40 <-- 255.055786 s
currentSize : 41 <-- 278.913055 s
currentSize : 42 <-- 357.198578 s

TIMEOUT
maxsize : 42
nodes : 607008181.000000
filtered : 6507345213.000000
time : 3600.000000
