Parameters: GAD=1 vflib=1 dir=1 label=1 lowerbound=1 fileNameGp=../graphsdb/mcs50/m2D/m2Dr2/mcs50_m2Dr2_s40.A74 fileNameGt=../graphsdb/mcs50/m2D/m2Dr2/mcs50_m2Dr2_s40.B74
Reading graphs...
40 : 74
40 : 73
Initializing...
maxdom : 7
D->valSize : 204
Solving...
Blb : 2 (clique : 16)
currentSize : 16 <-- 0.001205 s
currentSize : 17 <-- 0.001586 s
currentSize : 18 <-- 0.014392 s
currentSize : 19 <-- 0.083856 s
currentSize : 20 <-- 0.306182 s

maxsize : 20
nodes : 366135.000000
filtered : 4066590.000000
time : 1.652336
