Parameters: GAD=1 vflib=1 dir=1 label=1 lowerbound=1 fileNameGp=../graphsdb/mcs50/rand/r005/mcs50_r005_s70.A31 fileNameGt=../graphsdb/mcs50/rand/r005/mcs50_r005_s70.B31
Reading graphs...
70 : 240
70 : 240
Initializing...
maxdom : 7
D->valSize : 318
Solving...
Blb : 2 (clique : 22)
currentSize : 22 <-- 0.002783 s
currentSize : 25 <-- 0.002931 s
currentSize : 26 <-- 0.416861 s
currentSize : 28 <-- 5.585980 s
currentSize : 29 <-- 5.586141 s
currentSize : 30 <-- 5.586969 s
currentSize : 31 <-- 5.868963 s
currentSize : 33 <-- 8.714563 s
currentSize : 34 <-- 8.858879 s
currentSize : 35 <-- 8.859187 s

maxsize : 35
nodes : 2318387.000000
filtered : 21080558.000000
time : 12.008752
