Parameters: GAD=1 vflib=1 dir=1 label=1 lowerbound=1 fileNameGp=../graphsdb/mcs50/m3D/m3D/mcs50_m3D_s50.A70 fileNameGt=../graphsdb/mcs50/m3D/m3D/mcs50_m3D_s50.B70
Reading graphs...
50 : 109
50 : 109
Initializing...
maxdom : 10
D->valSize : 321
Solving...
Blb : 2 (clique : 20)
currentSize : 20 <-- 0.002344 s
currentSize : 22 <-- 0.004699 s
currentSize : 23 <-- 0.041651 s
currentSize : 24 <-- 0.041692 s
currentSize : 25 <-- 0.105219 s
currentSize : 26 <-- 0.564900 s
currentSize : 27 <-- 0.565030 s
currentSize : 28 <-- 2.135673 s

maxsize : 28
nodes : 1377922.000000
filtered : 16992061.000000
time : 6.671115
