Parameters: GAD=1 vflib=1 dir=1 label=1 lowerbound=1 fileNameGp=../graphsdb/mcs50/m2D/m2D/mcs50_m2D_s70.A49 fileNameGt=../graphsdb/mcs50/m2D/m2D/mcs50_m2D_s70.B49
Reading graphs...
70 : 123
70 : 123
Initializing...
maxdom : 7
D->valSize : 337
Solving...
Blb : 2 (clique : 30)
currentSize : 30 <-- 0.004833 s
currentSize : 31 <-- 0.005416 s
currentSize : 32 <-- 0.203014 s
currentSize : 33 <-- 5.073057 s
currentSize : 34 <-- 230.552567 s
currentSize : 35 <-- 234.461166 s
currentSize : 36 <-- 653.510681 s
currentSize : 37 <-- 852.873779 s
currentSize : 38 <-- 979.885925 s

maxsize : 38
nodes : 387644374.000000
filtered : 3347463714.000000
time : 2048.026123
