Parameters: GAD=1 vflib=1 dir=1 label=1 lowerbound=1 fileNameGp=../graphsdb/mcs50/rand/r01/mcs50_r01_s70.A00 fileNameGt=../graphsdb/mcs50/rand/r01/mcs50_r01_s70.B00
Reading graphs...
70 : 482
70 : 482
Initializing...
maxdom : 9
D->valSize : 337
Solving...
Blb : 2 (clique : 20)
currentSize : 20 <-- 0.004349 s
currentSize : 21 <-- 0.004674 s
currentSize : 22 <-- 0.006114 s
currentSize : 27 <-- 0.006553 s
currentSize : 28 <-- 0.011468 s
currentSize : 35 <-- 0.012168 s

maxsize : 35
nodes : 27999.000000
filtered : 369804.000000
time : 0.250086
