Parameters: GAD=1 vflib=1 dir=1 label=1 lowerbound=1 fileNameGp=../graphsdb/mcs50/m4D/m4Dr6/mcs50_m4Dr6_s40.A78 fileNameGt=../graphsdb/mcs50/m4D/m4Dr6/mcs50_m4Dr6_s40.B78
Reading graphs...
40 : 95
40 : 93
Initializing...
maxdom : 7
D->valSize : 205
Solving...
Blb : 2 (clique : 12)
currentSize : 12 <-- 0.001756 s
currentSize : 13 <-- 0.004364 s
currentSize : 14 <-- 0.005502 s
currentSize : 15 <-- 0.020366 s
currentSize : 16 <-- 0.043924 s
currentSize : 17 <-- 0.067073 s
currentSize : 18 <-- 0.374277 s
currentSize : 19 <-- 0.375809 s

maxsize : 19
nodes : 165968.000000
filtered : 1965078.000000
time : 0.755346
