Parameters: GAD=1 vflib=1 dir=1 label=1 lowerbound=1 fileNameGp=../graphsdb/mcs50/bvg/b09/mcs50_b09_s60.A47 fileNameGt=../graphsdb/mcs50/bvg/b09/mcs50_b09_s60.B47
Reading graphs...
60 : 270
60 : 270
Initializing...
maxdom : 10
D->valSize : 257
Solving...
Blb : 2 (clique : 18)
currentSize : 18 <-- 0.002792 s
currentSize : 20 <-- 0.002964 s
currentSize : 23 <-- 0.249937 s
currentSize : 26 <-- 0.250066 s
currentSize : 28 <-- 0.250139 s
currentSize : 29 <-- 0.316655 s
currentSize : 30 <-- 0.316874 s

maxsize : 30
nodes : 97385.000000
filtered : 793566.000000
time : 0.480041
