Parameters: GAD=1 vflib=1 dir=1 label=1 lowerbound=1 fileNameGp=../graphsdb/mcs50/rand/r02/mcs50_r02_s40.A14 fileNameGt=../graphsdb/mcs50/rand/r02/mcs50_r02_s40.B14
Reading graphs...
40 : 311
40 : 311
Initializing...
maxdom : 6
D->valSize : 198
Solving...
Blb : 2 (clique : 7)
currentSize : 7 <-- 0.001072 s
currentSize : 8 <-- 0.001234 s
currentSize : 9 <-- 0.001702 s
currentSize : 12 <-- 0.004268 s
currentSize : 16 <-- 0.004296 s
currentSize : 20 <-- 0.004383 s

maxsize : 20
nodes : 1636.000000
filtered : 25401.000000
time : 0.007690
