Parameters: GAD=1 vflib=1 dir=1 label=1 lowerbound=1 fileNameGp=../graphsdb/mcs50/rand/r01/mcs50_r01_s25.A86 fileNameGt=../graphsdb/mcs50/rand/r01/mcs50_r01_s25.B86
Reading graphs...
25 : 59
25 : 59
Initializing...
maxdom : 7
D->valSize : 159
Solving...
Blb : 5 (clique : 9)
currentSize : 9 <-- 0.000841 s
currentSize : 10 <-- 0.000942 s
currentSize : 11 <-- 0.001259 s
currentSize : 12 <-- 0.001299 s
currentSize : 13 <-- 0.013931 s

maxsize : 13
nodes : 4712.000000
filtered : 87850.000000
time : 0.018965
