Parameters: GAD=1 vflib=1 dir=1 label=1 lowerbound=1 fileNameGp=../graphsdb/mcs50/rand/r01/mcs50_r01_s70.A68 fileNameGt=../graphsdb/mcs50/rand/r01/mcs50_r01_s70.B68
Reading graphs...
70 : 482
70 : 482
Initializing...
maxdom : 8
D->valSize : 332
Solving...
Blb : 2 (clique : 12)
currentSize : 12 <-- 0.004046 s
currentSize : 13 <-- 0.005105 s
currentSize : 14 <-- 0.012867 s
currentSize : 15 <-- 0.033362 s
currentSize : 16 <-- 0.055442 s
currentSize : 22 <-- 0.250851 s
currentSize : 27 <-- 0.251014 s
currentSize : 28 <-- 0.289343 s
currentSize : 29 <-- 0.348605 s
currentSize : 35 <-- 0.349174 s

maxsize : 35
nodes : 59144.000000
filtered : 680488.000000
time : 0.412729
