Parameters: GAD=1 vflib=1 dir=1 label=1 lowerbound=1 fileNameGp=../graphsdb/mcs50/bvg/b09m/mcs50_b09m_s70.A42 fileNameGt=../graphsdb/mcs50/bvg/b09m/mcs50_b09m_s70.B42
Reading graphs...
70 : 315
70 : 315
Initializing...
maxdom : 9
D->valSize : 337
Solving...
Blb : 2 (clique : 22)
currentSize : 22 <-- 0.004406 s
currentSize : 23 <-- 0.018824 s
currentSize : 24 <-- 0.214483 s
currentSize : 26 <-- 4.322231 s
currentSize : 27 <-- 4.344437 s
currentSize : 30 <-- 4.781322 s
currentSize : 31 <-- 4.802416 s
currentSize : 33 <-- 5.376385 s
currentSize : 34 <-- 5.428603 s

maxsize : 34
nodes : 1494842.000000
filtered : 13600219.000000
time : 7.313661
