Parameters: GAD=1 vflib=1 dir=1 label=1 lowerbound=1 fileNameGp=../graphsdb/mcs50/rand/r01/mcs50_r01_s60.A03 fileNameGt=../graphsdb/mcs50/rand/r01/mcs50_r01_s60.B03
Reading graphs...
60 : 353
60 : 353
Initializing...
maxdom : 7
D->valSize : 245
Solving...
Blb : 2 (clique : 15)
currentSize : 15 <-- 0.002549 s
currentSize : 19 <-- 0.003211 s
currentSize : 22 <-- 0.009489 s
currentSize : 24 <-- 0.034703 s
currentSize : 26 <-- 0.134720 s
currentSize : 30 <-- 0.155423 s

maxsize : 30
nodes : 34581.000000
filtered : 367022.000000
time : 0.184558
