Parameters: GAD=1 vflib=1 dir=1 label=1 lowerbound=1 fileNameGp=../graphsdb/mcs50/bvg/b06/mcs50_b06_s25.A28 fileNameGt=../graphsdb/mcs50/bvg/b06/mcs50_b06_s25.B28
Reading graphs...
25 : 75
25 : 75
Initializing...
maxdom : 10
D->valSize : 162
Solving...
Blb : 2 (clique : 6)
currentSize : 6 <-- 0.000997 s
currentSize : 8 <-- 0.001052 s
currentSize : 9 <-- 0.001926 s
currentSize : 10 <-- 0.002126 s
currentSize : 11 <-- 0.009741 s
currentSize : 12 <-- 0.009757 s

maxsize : 12
nodes : 4480.000000
filtered : 55108.000000
time : 0.015893
