Parameters: GAD=1 vflib=1 dir=1 label=1 lowerbound=1 fileNameGp=../graphsdb/mcs50/m3D/m3D/mcs50_m3D_s50.A25 fileNameGt=../graphsdb/mcs50/m3D/m3D/mcs50_m3D_s50.B25
Reading graphs...
50 : 109
50 : 109
Initializing...
maxdom : 10
D->valSize : 328
Solving...
Blb : 2 (clique : 24)
currentSize : 24 <-- 0.003921 s
currentSize : 25 <-- 28.199810 s
currentSize : 26 <-- 28.213823 s
currentSize : 27 <-- 28.218744 s
currentSize : 28 <-- 28.218815 s

maxsize : 28
nodes : 8307350.000000
filtered : 103428194.000000
time : 39.132942
