Parameters: GAD=1 vflib=1 dir=1 label=1 lowerbound=1 fileNameGp=../graphsdb/mcs50/bvg/b09/mcs50_b09_s80.A11 fileNameGt=../graphsdb/mcs50/bvg/b09/mcs50_b09_s80.B11
Reading graphs...
80 : 360
80 : 360
Initializing...
maxdom : 8
D->valSize : 434
Solving...
Blb : 2 (clique : 21)
currentSize : 21 <-- 0.004218 s
currentSize : 22 <-- 9.137043 s
currentSize : 23 <-- 9.435525 s
currentSize : 24 <-- 9.435571 s
currentSize : 25 <-- 10.682857 s
currentSize : 26 <-- 10.688751 s
currentSize : 27 <-- 16.049145 s
currentSize : 28 <-- 72.306694 s
currentSize : 30 <-- 78.074127 s
currentSize : 31 <-- 78.074486 s
currentSize : 32 <-- 78.075653 s
currentSize : 33 <-- 78.076080 s
currentSize : 34 <-- 78.078934 s
currentSize : 36 <-- 164.049118 s
currentSize : 37 <-- 198.249191 s
currentSize : 39 <-- 198.250092 s
currentSize : 40 <-- 198.250290 s

maxsize : 40
nodes : 50872955.000000
filtered : 416438378.000000
time : 265.540588
