Parameters: GAD=1 vflib=1 dir=1 label=1 lowerbound=1 fileNameGp=../graphsdb/mcs50/m2D/m2Dr2/mcs50_m2Dr2_s60.A54 fileNameGt=../graphsdb/mcs50/m2D/m2Dr2/mcs50_m2Dr2_s60.B54
Reading graphs...
60 : 115
60 : 115
Initializing...
maxdom : 8
D->valSize : 228
Solving...
Blb : 2 (clique : 20)
currentSize : 20 <-- 0.001971 s
currentSize : 22 <-- 0.002484 s
currentSize : 23 <-- 0.376907 s
currentSize : 24 <-- 8.410892 s
currentSize : 25 <-- 8.464908 s
currentSize : 26 <-- 32.472351 s
currentSize : 27 <-- 43.818245 s
currentSize : 28 <-- 43.821777 s

maxsize : 28
nodes : 16993921.000000
filtered : 102370639.000000
time : 70.432457
