Parameters: GAD=1 vflib=1 dir=1 label=1 lowerbound=1 fileNameGp=../graphsdb/mcs50/bvg/b06m/mcs50_b06m_s90.A93 fileNameGt=../graphsdb/mcs50/bvg/b06m/mcs50_b06m_s90.B93
Reading graphs...
90 : 270
90 : 270
Initializing...
maxdom : 9
D->valSize : 548
Solving...
Blb : 2 (clique : 32)
currentSize : 32 <-- 0.006373 s
currentSize : 33 <-- 273.204742 s
currentSize : 35 <-- 308.790375 s
currentSize : 36 <-- 309.892151 s
currentSize : 37 <-- 324.431335 s
currentSize : 39 <-- 771.775269 s
currentSize : 40 <-- 771.775696 s
currentSize : 41 <-- 1224.665771 s

TIMEOUT
maxsize : 41
nodes : 593972663.000000
filtered : 6574067998.000000
time : 3600.000000
