Parameters: GAD=1 vflib=1 dir=1 label=1 lowerbound=1 fileNameGp=../graphsdb/mcs50/rand/r02/mcs50_r02_s60.A34 fileNameGt=../graphsdb/mcs50/rand/r02/mcs50_r02_s60.B34
Reading graphs...
60 : 707
60 : 707
Initializing...
maxdom : 7
D->valSize : 262
Solving...
Blb : 3 (clique : 7)
currentSize : 7 <-- 0.002659 s
currentSize : 8 <-- 0.002766 s
currentSize : 9 <-- 0.004253 s
currentSize : 11 <-- 0.006857 s
currentSize : 12 <-- 0.007793 s
currentSize : 21 <-- 0.009972 s
currentSize : 30 <-- 0.010149 s

maxsize : 30
nodes : 1740.000000
filtered : 25981.000000
time : 0.015679
