Parameters: GAD=1 vflib=1 dir=1 label=1 lowerbound=1 fileNameGp=../graphsdb/mcs50/rand/r005/mcs50_r005_s80.A70 fileNameGt=../graphsdb/mcs50/rand/r005/mcs50_r005_s80.B70
Reading graphs...
80 : 315
80 : 315
Initializing...
maxdom : 11
D->valSize : 429
Solving...
Blb : 2 (clique : 22)
currentSize : 22 <-- 0.006798 s
currentSize : 23 <-- 0.007084 s
currentSize : 24 <-- 3.862456 s
currentSize : 25 <-- 8.426742 s
currentSize : 26 <-- 24.420254 s
currentSize : 27 <-- 32.843761 s
currentSize : 28 <-- 32.843979 s
currentSize : 30 <-- 38.465664 s
currentSize : 32 <-- 85.187592 s
currentSize : 34 <-- 85.188110 s
currentSize : 35 <-- 85.188515 s
currentSize : 36 <-- 85.195274 s
currentSize : 37 <-- 85.195541 s
currentSize : 38 <-- 134.371460 s
currentSize : 39 <-- 134.372711 s
currentSize : 40 <-- 134.372955 s

maxsize : 40
nodes : 30637130.000000
filtered : 363902185.000000
time : 180.486618
