Parameters: GAD=1 vflib=1 dir=1 label=1 lowerbound=1 fileNameGp=../graphsdb/mcs50/m2D/m2Dr6/mcs50_m2Dr6_s100.A00 fileNameGt=../graphsdb/mcs50/m2D/m2Dr6/mcs50_m2Dr6_s100.B00
Reading graphs...
100 : 240
100 : 240
Initializing...
maxdom : 7
D->valSize : 370
Solving...
Blb : 2 (clique : 38)
currentSize : 38 <-- 0.006519 s
currentSize : 39 <-- 0.077218 s
currentSize : 40 <-- 0.077359 s
currentSize : 41 <-- 0.392079 s
currentSize : 42 <-- 1.605275 s
currentSize : 43 <-- 1.868350 s
currentSize : 44 <-- 2.181085 s
currentSize : 45 <-- 2.469154 s
currentSize : 46 <-- 3.926587 s
currentSize : 47 <-- 17.705320 s
currentSize : 48 <-- 24.470448 s
currentSize : 49 <-- 37.566425 s
currentSize : 50 <-- 2272.777588 s
currentSize : 51 <-- 2298.913818 s
currentSize : 52 <-- 2336.732910 s

TIMEOUT
maxsize : 52
nodes : 724405773.000000
filtered : 2804369447.000000
time : 3600.000000
