Parameters: GAD=1 vflib=1 dir=1 label=1 lowerbound=1 fileNameGp=../graphsdb/mcs50/m2D/m2Dr6/mcs50_m2Dr6_s100.A01 fileNameGt=../graphsdb/mcs50/m2D/m2Dr6/mcs50_m2Dr6_s100.B01
Reading graphs...
100 : 240
100 : 239
Initializing...
maxdom : 10
D->valSize : 382
Solving...
Blb : 2 (clique : 32)
currentSize : 32 <-- 0.003885 s
currentSize : 33 <-- 0.004190 s
currentSize : 34 <-- 0.490796 s
currentSize : 35 <-- 2.780390 s
currentSize : 36 <-- 2.853729 s
currentSize : 38 <-- 23.822704 s

TIMEOUT
maxsize : 38
nodes : 660089530.000000
filtered : 4223485493.000000
time : 3600.000000
