Parameters: GAD=1 vflib=1 dir=1 label=1 lowerbound=1 fileNameGp=../graphsdb/mcs50/bvg/b09m/mcs50_b09m_s70.A09 fileNameGt=../graphsdb/mcs50/bvg/b09m/mcs50_b09m_s70.B09
Reading graphs...
70 : 315
70 : 315
Initializing...
maxdom : 8
D->valSize : 342
Solving...
Blb : 3 (clique : 26)
currentSize : 26 <-- 0.004997 s
currentSize : 27 <-- 0.017003 s
currentSize : 28 <-- 1.699331 s
currentSize : 29 <-- 1.709910 s
currentSize : 30 <-- 1.710754 s
currentSize : 31 <-- 1.734673 s
currentSize : 32 <-- 1.735231 s
currentSize : 33 <-- 4.568865 s
currentSize : 34 <-- 4.568889 s

maxsize : 34
nodes : 2225286.000000
filtered : 16754462.000000
time : 10.436256
