Parameters: GAD=1 vflib=1 dir=1 label=1 lowerbound=1 fileNameGp=../graphsdb/mcs50/bvg/b09m/mcs50_b09m_s100.A53 fileNameGt=../graphsdb/mcs50/bvg/b09m/mcs50_b09m_s100.B53
Reading graphs...
100 : 450
100 : 450
Initializing...
maxdom : 8
D->valSize : 374
Solving...
Blb : 2 (clique : 45)
currentSize : 45 <-- 0.003959 s
currentSize : 47 <-- 0.018740 s
currentSize : 48 <-- 0.018779 s
currentSize : 49 <-- 102.613464 s
currentSize : 50 <-- 102.613770 s

maxsize : 50
nodes : 83283047.000000
filtered : 394866501.000000
time : 434.762146
