Parameters: GAD=1 vflib=1 dir=1 label=1 lowerbound=1 fileNameGp=../graphsdb/mcs50/m2D/m2Dr6/mcs50_m2Dr6_s50.A71 fileNameGt=../graphsdb/mcs50/m2D/m2Dr6/mcs50_m2Dr6_s50.B71
Reading graphs...
50 : 115
50 : 115
Initializing...
maxdom : 10
D->valSize : 341
Solving...
Blb : 5 (clique : 18)
currentSize : 18 <-- 0.004052 s
currentSize : 19 <-- 0.576508 s
currentSize : 20 <-- 1.591205 s
currentSize : 21 <-- 34.828602 s
currentSize : 22 <-- 65.860825 s
currentSize : 23 <-- 125.962776 s
currentSize : 24 <-- 165.150070 s
currentSize : 26 <-- 218.343475 s

maxsize : 26
nodes : 53790568.000000
filtered : 652120296.000000
time : 245.039276
