Parameters: GAD=1 vflib=1 dir=1 label=1 lowerbound=1 fileNameGp=../graphsdb/mcs50/m2D/m2D/mcs50_m2D_s60.A71 fileNameGt=../graphsdb/mcs50/m2D/m2D/mcs50_m2D_s60.B71
Reading graphs...
60 : 104
60 : 104
Initializing...
maxdom : 9
D->valSize : 240
Solving...
Blb : 2 (clique : 24)
currentSize : 24 <-- 0.001937 s
currentSize : 25 <-- 0.066462 s
currentSize : 26 <-- 0.212875 s
currentSize : 27 <-- 0.652214 s
currentSize : 28 <-- 0.706400 s
currentSize : 29 <-- 4.135155 s

maxsize : 29
nodes : 4143647.000000
filtered : 22783453.000000
time : 16.342842
