Parameters: GAD=1 vflib=1 dir=1 label=1 lowerbound=1 fileNameGp=../graphsdb/mcs50/bvg/b06m/mcs50_b06m_s90.A71 fileNameGt=../graphsdb/mcs50/bvg/b06m/mcs50_b06m_s90.B71
Reading graphs...
90 : 270
90 : 270
Initializing...
maxdom : 13
D->valSize : 564
Solving...
Blb : 2 (clique : 40)
currentSize : 40 <-- 0.006589 s
currentSize : 41 <-- 0.111153 s
currentSize : 42 <-- 0.581744 s
currentSize : 43 <-- 1.660300 s
currentSize : 44 <-- 1184.102905 s
currentSize : 45 <-- 1185.913574 s
currentSize : 46 <-- 1185.917358 s

TIMEOUT
maxsize : 46
nodes : 684882845.000000
filtered : 4620795727.000000
time : 3600.000000
