Parameters: GAD=1 vflib=1 dir=1 label=1 lowerbound=1 fileNameGp=../graphsdb/mcs50/m2D/m2D/mcs50_m2D_s60.A93 fileNameGt=../graphsdb/mcs50/m2D/m2D/mcs50_m2D_s60.B93
Reading graphs...
60 : 104
60 : 104
Initializing...
maxdom : 8
D->valSize : 265
Solving...
Blb : 2 (clique : 25)
currentSize : 25 <-- 0.002045 s
currentSize : 27 <-- 0.002413 s
currentSize : 28 <-- 0.004639 s
currentSize : 29 <-- 0.013301 s
currentSize : 30 <-- 0.051900 s
currentSize : 31 <-- 0.074685 s

maxsize : 31
nodes : 4003917.000000
filtered : 25366815.000000
time : 17.211187
