Parameters: GAD=1 vflib=1 dir=1 label=1 lowerbound=1 fileNameGp=../graphsdb/mcs50/m4D/m4D/mcs50_m4D_s30.A85 fileNameGt=../graphsdb/mcs50/m4D/m4D/mcs50_m4D_s30.B85
Reading graphs...
30 : 55
30 : 55
Initializing...
maxdom : 7
D->valSize : 143
Solving...
Blb : 2 (clique : 11)
currentSize : 11 <-- 0.000766 s
currentSize : 12 <-- 0.000822 s
currentSize : 13 <-- 0.000884 s
currentSize : 14 <-- 0.001726 s
currentSize : 15 <-- 0.001756 s
currentSize : 16 <-- 0.001789 s
currentSize : 17 <-- 0.019913 s

maxsize : 17
nodes : 7939.000000
filtered : 66363.000000
time : 0.026701
