Parameters: GAD=1 vflib=1 dir=1 label=1 lowerbound=1 fileNameGp=../graphsdb/mcs50/bvg/b09/mcs50_b09_s90.A95 fileNameGt=../graphsdb/mcs50/bvg/b09/mcs50_b09_s90.B95
Reading graphs...
90 : 405
90 : 405
Initializing...
maxdom : 10
D->valSize : 544
Solving...
Blb : 2 (clique : 25)
currentSize : 25 <-- 0.006201 s
currentSize : 27 <-- 0.006403 s
currentSize : 28 <-- 0.009492 s
currentSize : 29 <-- 1.193949 s
currentSize : 30 <-- 5.020089 s
currentSize : 31 <-- 11.151017 s
currentSize : 32 <-- 11.157998 s
currentSize : 33 <-- 12.372669 s
currentSize : 34 <-- 19.962233 s
currentSize : 35 <-- 19.973419 s
currentSize : 36 <-- 198.121292 s
currentSize : 37 <-- 198.121597 s
currentSize : 38 <-- 582.987976 s
currentSize : 39 <-- 582.988586 s
currentSize : 41 <-- 582.988953 s
currentSize : 42 <-- 585.203979 s
currentSize : 43 <-- 585.204773 s
currentSize : 44 <-- 585.205322 s

maxsize : 44
nodes : 130802397.000000
filtered : 1529390610.000000
time : 766.405762
