Parameters: GAD=1 vflib=1 dir=1 label=1 lowerbound=1 fileNameGp=../graphsdb/mcs50/bvg/b06m/mcs50_b06m_s50.A78 fileNameGt=../graphsdb/mcs50/bvg/b06m/mcs50_b06m_s50.B78
Reading graphs...
50 : 150
50 : 150
Initializing...
maxdom : 9
D->valSize : 307
Solving...
Blb : 2 (clique : 17)
currentSize : 17 <-- 0.002553 s
currentSize : 18 <-- 0.494383 s
currentSize : 19 <-- 0.494509 s
currentSize : 20 <-- 0.494830 s
currentSize : 25 <-- 0.941070 s
currentSize : 26 <-- 0.941143 s

maxsize : 26
nodes : 477690.000000
filtered : 4430452.000000
time : 1.958565
