Parameters: GAD=1 vflib=1 dir=1 label=1 lowerbound=1 fileNameGp=../graphsdb/mcs50/m3D/m3Dr4/mcs50_m3Dr4_s60.A56 fileNameGt=../graphsdb/mcs50/m3D/m3Dr4/mcs50_m3Dr4_s60.B56
Reading graphs...
60 : 158
60 : 157
Initializing...
maxdom : 8
D->valSize : 278
Solving...
Blb : 3 (clique : 18)
currentSize : 18 <-- 0.003171 s
currentSize : 19 <-- 0.005594 s
currentSize : 20 <-- 0.020202 s
currentSize : 21 <-- 0.089289 s
currentSize : 22 <-- 2.162111 s
currentSize : 23 <-- 2.168134 s
currentSize : 25 <-- 2.224340 s
currentSize : 26 <-- 2.227152 s
currentSize : 27 <-- 2.227277 s
currentSize : 28 <-- 2.510095 s
currentSize : 29 <-- 15.044308 s

maxsize : 29
nodes : 3512451.000000
filtered : 31224212.000000
time : 16.255613
