Parameters: GAD=1 vflib=1 dir=1 label=1 lowerbound=1 fileNameGp=../graphsdb/mcs50/rand/r005/mcs50_r005_s90.A20 fileNameGt=../graphsdb/mcs50/rand/r005/mcs50_r005_s90.B20
Reading graphs...
90 : 399
90 : 399
Initializing...
maxdom : 12
D->valSize : 561
Solving...
Blb : 2 (clique : 18)
currentSize : 18 <-- 0.006311 s
currentSize : 19 <-- 0.006516 s
currentSize : 20 <-- 0.011466 s
currentSize : 21 <-- 0.106538 s
currentSize : 22 <-- 2.094074 s
currentSize : 23 <-- 20.503445 s
currentSize : 24 <-- 56.309425 s
currentSize : 25 <-- 56.313862 s
currentSize : 26 <-- 77.403969 s
currentSize : 27 <-- 77.404282 s
currentSize : 28 <-- 90.093674 s
currentSize : 29 <-- 120.011757 s
currentSize : 30 <-- 133.473480 s
currentSize : 32 <-- 133.473541 s
currentSize : 34 <-- 152.223801 s
currentSize : 37 <-- 161.300095 s
currentSize : 38 <-- 166.031693 s
currentSize : 41 <-- 181.869751 s
currentSize : 45 <-- 195.399414 s

maxsize : 45
nodes : 35746058.000000
filtered : 410575140.000000
time : 210.705658
