Parameters: GAD=1 vflib=1 dir=1 label=1 lowerbound=1 fileNameGp=../graphsdb/mcs50/rand/r02/mcs50_r02_s20.A57 fileNameGt=../graphsdb/mcs50/rand/r02/mcs50_r02_s20.B57
Reading graphs...
20 : 75
20 : 75
Initializing...
maxdom : 7
D->valSize : 109
Solving...
Blb : 2 (clique : 6)
currentSize : 6 <-- 0.000627 s
currentSize : 7 <-- 0.000924 s
currentSize : 8 <-- 0.001714 s
currentSize : 9 <-- 0.001909 s
currentSize : 10 <-- 0.001966 s

maxsize : 10
nodes : 488.000000
filtered : 5770.000000
time : 0.002139
