Parameters: GAD=1 vflib=1 dir=1 label=1 lowerbound=1 fileNameGp=../graphsdb/mcs50/m3D/m3Dr6/mcs50_m3Dr6_s60.A31 fileNameGt=../graphsdb/mcs50/m3D/m3Dr6/mcs50_m3Dr6_s60.B31
Reading graphs...
60 : 170
60 : 170
Initializing...
maxdom : 9
D->valSize : 248
Solving...
Blb : 2 (clique : 21)
currentSize : 21 <-- 0.001901 s
currentSize : 22 <-- 0.002072 s
currentSize : 23 <-- 0.003630 s
currentSize : 25 <-- 0.006066 s
currentSize : 26 <-- 0.006159 s
currentSize : 27 <-- 0.648149 s

maxsize : 27
nodes : 2090146.000000
filtered : 17321022.000000
time : 9.450910
