Parameters: GAD=1 vflib=1 dir=1 label=1 lowerbound=1 fileNameGp=../graphsdb/mcs50/m3D/m3Dr4/mcs50_m3Dr4_s60.A88 fileNameGt=../graphsdb/mcs50/m3D/m3Dr4/mcs50_m3Dr4_s60.B88
Reading graphs...
60 : 158
60 : 157
Initializing...
maxdom : 7
D->valSize : 262
Solving...
Blb : 2 (clique : 24)
currentSize : 24 <-- 0.001942 s
currentSize : 25 <-- 0.002105 s
currentSize : 26 <-- 0.002261 s
currentSize : 28 <-- 0.032678 s
currentSize : 29 <-- 0.033567 s

maxsize : 29
nodes : 6075359.000000
filtered : 43292056.000000
time : 27.360504
