Parameters: GAD=1 vflib=1 dir=1 label=1 lowerbound=1 fileNameGp=../graphsdb/mcs50/rand/r01/mcs50_r01_s70.A70 fileNameGt=../graphsdb/mcs50/rand/r01/mcs50_r01_s70.B70
Reading graphs...
70 : 482
70 : 482
Initializing...
maxdom : 8
D->valSize : 328
Solving...
Blb : 2 (clique : 23)
currentSize : 23 <-- 0.003991 s
currentSize : 25 <-- 0.004210 s
currentSize : 28 <-- 0.004361 s
currentSize : 31 <-- 0.004526 s
currentSize : 35 <-- 0.005491 s

maxsize : 35
nodes : 37753.000000
filtered : 493012.000000
time : 0.249766
