Parameters: GAD=1 vflib=1 dir=1 label=1 lowerbound=1 fileNameGp=../graphsdb/mcs50/bvg/b03/mcs50_b03_s50.A78 fileNameGt=../graphsdb/mcs50/bvg/b03/mcs50_b03_s50.B78
Reading graphs...
50 : 75
50 : 75
Initializing...
maxdom : 10
D->valSize : 358
Solving...
Blb : 2 (clique : 22)
currentSize : 22 <-- 0.004495 s
currentSize : 23 <-- 0.004724 s
currentSize : 24 <-- 0.004872 s
currentSize : 25 <-- 0.005713 s
currentSize : 26 <-- 0.007055 s
currentSize : 27 <-- 0.098349 s
currentSize : 28 <-- 232.861588 s
currentSize : 29 <-- 1214.455688 s

maxsize : 29
nodes : 419153294.000000
filtered : 5989776514.000000
time : 2022.762329
