Parameters: GAD=1 vflib=1 dir=1 label=1 lowerbound=1 fileNameGp=../graphsdb/mcs50/m3D/m3Dr6/mcs50_m3Dr6_s50.A26 fileNameGt=../graphsdb/mcs50/m3D/m3Dr6/mcs50_m3Dr6_s50.B26
Reading graphs...
50 : 139
50 : 137
Initializing...
maxdom : 10
D->valSize : 333
Solving...
Blb : 2 (clique : 18)
currentSize : 18 <-- 0.003884 s
currentSize : 19 <-- 0.004063 s
currentSize : 20 <-- 0.004124 s
currentSize : 21 <-- 0.004201 s
currentSize : 22 <-- 0.005016 s
currentSize : 26 <-- 0.006624 s
currentSize : 27 <-- 0.008067 s

maxsize : 27
nodes : 274892.000000
filtered : 4242111.000000
time : 1.402569
