Parameters: GAD=1 vflib=1 dir=1 label=1 lowerbound=1 fileNameGp=../graphsdb/mcs50/rand/r01/mcs50_r01_s35.A97 fileNameGt=../graphsdb/mcs50/rand/r01/mcs50_r01_s35.B97
Reading graphs...
35 : 118
35 : 118
Initializing...
maxdom : 7
D->valSize : 156
Solving...
Blb : 2 (clique : 8)
currentSize : 8 <-- 0.000832 s
currentSize : 9 <-- 0.000901 s
currentSize : 11 <-- 0.003840 s
currentSize : 12 <-- 0.007584 s
currentSize : 13 <-- 0.010136 s
currentSize : 14 <-- 0.010288 s
currentSize : 16 <-- 0.014212 s
currentSize : 17 <-- 0.014495 s

maxsize : 17
nodes : 4565.000000
filtered : 41311.000000
time : 0.017062
