Parameters: GAD=1 vflib=1 dir=1 label=1 lowerbound=1 fileNameGp=../graphsdb/mcs50/rand/r01/mcs50_r01_s25.A69 fileNameGt=../graphsdb/mcs50/rand/r01/mcs50_r01_s25.B69
Reading graphs...
25 : 59
25 : 59
Initializing...
maxdom : 8
D->valSize : 165
Solving...
Blb : 5 (clique : 9)
currentSize : 9 <-- 0.001115 s
currentSize : 10 <-- 0.002326 s
currentSize : 11 <-- 0.002430 s
currentSize : 12 <-- 0.002480 s
currentSize : 13 <-- 0.008533 s

maxsize : 13
nodes : 3522.000000
filtered : 57329.000000
time : 0.014342
