Parameters: GAD=1 vflib=1 dir=1 label=1 lowerbound=1 fileNameGp=../graphsdb/mcs50/bvg/b09/mcs50_b09_s40.A90 fileNameGt=../graphsdb/mcs50/bvg/b09/mcs50_b09_s40.B90
Reading graphs...
40 : 180
40 : 180
Initializing...
maxdom : 6
D->valSize : 206
Solving...
Blb : 3 (clique : 9)
currentSize : 9 <-- 0.001174 s
currentSize : 10 <-- 0.001377 s
currentSize : 11 <-- 0.005120 s
currentSize : 12 <-- 0.008278 s
currentSize : 14 <-- 0.011569 s
currentSize : 15 <-- 0.011672 s
currentSize : 16 <-- 0.011741 s
currentSize : 17 <-- 0.013622 s
currentSize : 18 <-- 0.025303 s
currentSize : 20 <-- 0.044428 s

maxsize : 20
nodes : 14603.000000
filtered : 171694.000000
time : 0.058721
