Parameters: GAD=1 vflib=1 dir=1 label=1 lowerbound=1 fileNameGp=../graphsdb/mcs50/rand/r01/mcs50_r01_s50.A96 fileNameGt=../graphsdb/mcs50/rand/r01/mcs50_r01_s50.B96
Reading graphs...
50 : 244
50 : 244
Initializing...
maxdom : 9
D->valSize : 333
Solving...
Blb : 3 (clique : 13)
currentSize : 13 <-- 0.002433 s
currentSize : 14 <-- 0.038956 s
currentSize : 17 <-- 0.043356 s
currentSize : 18 <-- 0.043403 s
currentSize : 19 <-- 0.124458 s
currentSize : 20 <-- 0.124561 s
currentSize : 22 <-- 0.562688 s
currentSize : 25 <-- 0.562766 s

maxsize : 25
nodes : 128358.000000
filtered : 2370048.000000
time : 0.657947
