Parameters: GAD=1 vflib=1 dir=1 label=1 lowerbound=1 fileNameGp=../graphsdb/mcs50/m2D/m2Dr6/mcs50_m2Dr6_s60.A79 fileNameGt=../graphsdb/mcs50/m2D/m2Dr6/mcs50_m2Dr6_s60.B79
Reading graphs...
60 : 140
60 : 139
Initializing...
maxdom : 6
D->valSize : 227
Solving...
Blb : 2 (clique : 18)
currentSize : 18 <-- 0.001653 s
currentSize : 19 <-- 0.001789 s
currentSize : 21 <-- 0.001908 s
currentSize : 22 <-- 0.001988 s
currentSize : 23 <-- 0.002217 s
currentSize : 24 <-- 0.009728 s
currentSize : 25 <-- 2.098572 s
currentSize : 28 <-- 5.033723 s
currentSize : 29 <-- 5.033796 s

maxsize : 29
nodes : 1914129.000000
filtered : 11257486.000000
time : 8.026241
