Parameters: GAD=1 vflib=1 dir=1 label=1 lowerbound=1 fileNameGp=../graphsdb/mcs50/m2D/m2D/mcs50_m2D_s50.A09 fileNameGt=../graphsdb/mcs50/m2D/m2D/mcs50_m2D_s50.B09
Reading graphs...
50 : 85
50 : 85
Initializing...
maxdom : 10
D->valSize : 352
Solving...
Blb : 2 (clique : 18)
currentSize : 18 <-- 0.002863 s
currentSize : 19 <-- 0.002978 s
currentSize : 20 <-- 0.003003 s
currentSize : 21 <-- 0.004255 s
currentSize : 22 <-- 0.369176 s
currentSize : 23 <-- 0.606118 s
currentSize : 24 <-- 35.709366 s
currentSize : 25 <-- 307.409515 s
currentSize : 26 <-- 310.404724 s

maxsize : 26
nodes : 83598730.000000
filtered : 1048792604.000000
time : 398.151428
