Parameters: GAD=1 vflib=1 dir=1 label=1 lowerbound=1 fileNameGp=../graphsdb/mcs50/m2D/m2Dr2/mcs50_m2Dr2_s50.A41 fileNameGt=../graphsdb/mcs50/m2D/m2Dr2/mcs50_m2Dr2_s50.B41
Reading graphs...
50 : 95
50 : 94
Initializing...
maxdom : 9
D->valSize : 318
Solving...
Blb : 2 (clique : 25)
currentSize : 25 <-- 0.002295 s
currentSize : 26 <-- 0.002571 s
currentSize : 27 <-- 0.002587 s
currentSize : 28 <-- 0.002849 s
currentSize : 29 <-- 0.022564 s

maxsize : 29
nodes : 1856124.000000
filtered : 28488454.000000
time : 9.308363
