Parameters: GAD=1 vflib=1 dir=1 label=1 lowerbound=1 fileNameGp=../graphsdb/mcs50/m2D/m2D/mcs50_m2D_s50.A49 fileNameGt=../graphsdb/mcs50/m2D/m2D/mcs50_m2D_s50.B49
Reading graphs...
50 : 85
50 : 85
Initializing...
maxdom : 11
D->valSize : 325
Solving...
Blb : 2 (clique : 20)
currentSize : 20 <-- 0.002448 s
currentSize : 21 <-- 0.003513 s
currentSize : 22 <-- 0.035173 s
currentSize : 23 <-- 0.761250 s
currentSize : 25 <-- 6.840410 s
currentSize : 26 <-- 6.840479 s

maxsize : 26
nodes : 3720670.000000
filtered : 47727831.000000
time : 17.802572
