Parameters: GAD=1 vflib=1 dir=1 label=1 lowerbound=1 fileNameGp=../graphsdb/mcs50/rand/r01/mcs50_r01_s100.A76 fileNameGt=../graphsdb/mcs50/rand/r01/mcs50_r01_s100.B76
Reading graphs...
100 : 989
100 : 989
Initializing...
maxdom : 8
D->valSize : 414
Solving...
Blb : 5 (clique : 20)
currentSize : 20 <-- 0.004262 s
currentSize : 21 <-- 0.139815 s
currentSize : 24 <-- 0.244762 s
currentSize : 27 <-- 0.415042 s
currentSize : 29 <-- 0.455476 s
currentSize : 31 <-- 0.455595 s
currentSize : 33 <-- 0.509333 s
currentSize : 37 <-- 0.509479 s
currentSize : 38 <-- 0.593213 s
currentSize : 40 <-- 0.721811 s
currentSize : 42 <-- 0.723744 s
currentSize : 50 <-- 0.724082 s

maxsize : 50
nodes : 161685.000000
filtered : 1750491.000000
time : 1.242241
