Parameters: GAD=1 vflib=1 dir=1 label=1 lowerbound=1 fileNameGp=../graphsdb/mcs50/rand/r005/mcs50_r005_s70.A84 fileNameGt=../graphsdb/mcs50/rand/r005/mcs50_r005_s70.B84
Reading graphs...
70 : 240
70 : 240
Initializing...
maxdom : 8
D->valSize : 322
Solving...
Blb : 2 (clique : 25)
currentSize : 25 <-- 0.002641 s
currentSize : 26 <-- 0.002825 s
currentSize : 27 <-- 0.002920 s
currentSize : 29 <-- 0.002968 s
currentSize : 30 <-- 0.003094 s
currentSize : 31 <-- 0.011220 s
currentSize : 34 <-- 0.030086 s
currentSize : 35 <-- 0.030236 s

maxsize : 35
nodes : 784163.000000
filtered : 6736547.000000
time : 3.881236
