Parameters: GAD=1 vflib=1 dir=1 label=1 lowerbound=1 fileNameGp=../graphsdb/mcs50/rand/r01/mcs50_r01_s100.A69 fileNameGt=../graphsdb/mcs50/rand/r01/mcs50_r01_s100.B69
Reading graphs...
100 : 989
100 : 989
Initializing...
maxdom : 8
D->valSize : 353
Solving...
Blb : 5 (clique : 14)
currentSize : 14 <-- 0.003549 s
currentSize : 15 <-- 0.059838 s
currentSize : 16 <-- 0.059942 s
currentSize : 17 <-- 0.093910 s
currentSize : 19 <-- 0.094946 s
currentSize : 20 <-- 0.190614 s
currentSize : 23 <-- 0.191880 s
currentSize : 35 <-- 0.367730 s
currentSize : 39 <-- 0.483317 s
currentSize : 50 <-- 0.532389 s

maxsize : 50
nodes : 109128.000000
filtered : 1142384.000000
time : 0.678279
