Parameters: GAD=1 vflib=1 dir=1 label=1 lowerbound=1 fileNameGp=../graphsdb/mcs50/bvg/b06/mcs50_b06_s80.A66 fileNameGt=../graphsdb/mcs50/bvg/b06/mcs50_b06_s80.B66
Reading graphs...
80 : 240
80 : 240
Initializing...
maxdom : 11
D->valSize : 427
Solving...
Blb : 2 (clique : 27)
currentSize : 27 <-- 0.004458 s
currentSize : 28 <-- 0.013244 s
currentSize : 33 <-- 0.021279 s
currentSize : 34 <-- 1.632133 s
currentSize : 35 <-- 5.243623 s
currentSize : 36 <-- 13.710503 s
currentSize : 37 <-- 36.491104 s
currentSize : 38 <-- 41.618065 s
currentSize : 39 <-- 109.220856 s
currentSize : 40 <-- 109.307999 s
currentSize : 41 <-- 143.476212 s

maxsize : 41
nodes : 214690718.000000
filtered : 1821232211.000000
time : 1140.802246
