Parameters: GAD=1 vflib=1 dir=1 label=1 lowerbound=1 fileNameGp=../graphsdb/mcs50/bvg/b06/mcs50_b06_s70.A34 fileNameGt=../graphsdb/mcs50/bvg/b06/mcs50_b06_s70.B34
Reading graphs...
70 : 210
70 : 210
Initializing...
maxdom : 8
D->valSize : 335
Solving...
Blb : 2 (clique : 28)
currentSize : 28 <-- 0.003016 s
currentSize : 29 <-- 0.003294 s
currentSize : 30 <-- 0.011475 s
currentSize : 33 <-- 7.289788 s
currentSize : 34 <-- 7.289950 s
currentSize : 35 <-- 14.099478 s
currentSize : 36 <-- 14.099634 s

maxsize : 36
nodes : 5503950.000000
filtered : 37747628.000000
time : 25.792997
