Parameters: GAD=1 vflib=1 dir=1 label=1 lowerbound=1 fileNameGp=../graphsdb/mcs50/bvg/b03/mcs50_b03_s25.A20 fileNameGt=../graphsdb/mcs50/bvg/b03/mcs50_b03_s25.B20
Reading graphs...
25 : 37
25 : 37
Initializing...
maxdom : 9
D->valSize : 180
Solving...
Blb : 2 (clique : 11)
currentSize : 11 <-- 0.001337 s
currentSize : 12 <-- 0.001413 s
currentSize : 13 <-- 0.012753 s
currentSize : 14 <-- 0.034852 s
currentSize : 15 <-- 0.039371 s

maxsize : 15
nodes : 7667.000000
filtered : 97641.000000
time : 0.049996
