Parameters: GAD=1 vflib=1 dir=1 label=1 lowerbound=1 fileNameGp=../graphsdb/mcs50/bvg/b06m/mcs50_b06m_s90.A96 fileNameGt=../graphsdb/mcs50/bvg/b06m/mcs50_b06m_s90.B96
Reading graphs...
90 : 270
90 : 270
Initializing...
maxdom : 10
D->valSize : 533
Solving...
Blb : 2 (clique : 32)
currentSize : 32 <-- 0.006141 s
currentSize : 33 <-- 0.006458 s
currentSize : 34 <-- 0.006573 s
currentSize : 35 <-- 0.006714 s
currentSize : 36 <-- 0.006789 s
currentSize : 37 <-- 0.006980 s
currentSize : 38 <-- 0.008955 s
currentSize : 39 <-- 0.009083 s
currentSize : 41 <-- 0.009232 s
currentSize : 42 <-- 0.020559 s
currentSize : 43 <-- 0.020614 s
currentSize : 44 <-- 0.167099 s
currentSize : 45 <-- 0.410347 s
currentSize : 46 <-- 0.449007 s
currentSize : 47 <-- 2.382346 s

TIMEOUT
maxsize : 47
nodes : 610868612.000000
filtered : 5361039293.000000
time : 3600.000000
