Parameters: GAD=1 vflib=1 dir=1 label=1 lowerbound=1 fileNameGp=../graphsdb/mcs70/bvg/b03/mcs70_b03_s60.A47 fileNameGt=../graphsdb/mcs70/bvg/b03/mcs70_b03_s60.B47
Reading graphs...
60 : 90
60 : 90
Initializing...
maxdom : 7
D->valSize : 268
Solving...
Blb : 3 (clique : 36)
currentSize : 36 <-- 0.003283 s
currentSize : 37 <-- 0.049285 s
currentSize : 38 <-- 0.107036 s
currentSize : 40 <-- 0.110197 s
currentSize : 41 <-- 0.110286 s
currentSize : 42 <-- 9.597599 s

maxsize : 42
nodes : 4507404.000000
filtered : 22032839.000000
time : 17.660412
