Parameters: GAD=1 vflib=1 dir=1 label=1 lowerbound=1 fileNameGp=../graphsdb/mcs70/rand/r01/mcs70_r01_s100.A32 fileNameGt=../graphsdb/mcs70/rand/r01/mcs70_r01_s100.B32
Reading graphs...
100 : 989
100 : 989
Initializing...
maxdom : 8
D->valSize : 394
Solving...
Blb : 2 (clique : 23)
currentSize : 23 <-- 0.004000 s
currentSize : 27 <-- 0.004391 s
currentSize : 35 <-- 0.007107 s
currentSize : 48 <-- 0.013015 s
currentSize : 70 <-- 0.016557 s

maxsize : 70
nodes : 4306.000000
filtered : 62824.000000
time : 0.032849
