Parameters: GAD=1 vflib=1 dir=1 label=1 lowerbound=1 fileNameGp=../graphsdb/mcs70/m2D/m2Dr4/mcs70_m2Dr4_s100.A23 fileNameGt=../graphsdb/mcs70/m2D/m2Dr4/mcs70_m2Dr4_s100.B23
Reading graphs...
100 : 220
100 : 220
Initializing...
maxdom : 7
D->valSize : 383
Solving...
Blb : 2 (clique : 44)
currentSize : 44 <-- 0.004155 s
currentSize : 45 <-- 0.004559 s
currentSize : 46 <-- 0.007266 s
currentSize : 47 <-- 0.014374 s
currentSize : 48 <-- 0.014580 s
currentSize : 49 <-- 0.017372 s
currentSize : 51 <-- 0.032605 s
currentSize : 52 <-- 0.034789 s
currentSize : 54 <-- 0.381188 s
currentSize : 56 <-- 0.381879 s
currentSize : 57 <-- 165.612625 s
currentSize : 59 <-- 168.104095 s
currentSize : 61 <-- 168.104477 s
currentSize : 62 <-- 334.637695 s
currentSize : 64 <-- 334.638214 s
currentSize : 65 <-- 334.754059 s

maxsize : 65
nodes : 73293401.000000
filtered : 305069916.000000
time : 384.955658
