Parameters: GAD=1 vflib=1 dir=1 label=1 lowerbound=1 fileNameGp=../graphsdb/mcs70/bvg/b06m/mcs70_b06m_s90.A36 fileNameGt=../graphsdb/mcs70/bvg/b06m/mcs70_b06m_s90.B36
Reading graphs...
90 : 270
90 : 270
Initializing...
maxdom : 11
D->valSize : 571
Solving...
Blb : 3 (clique : 38)
currentSize : 38 <-- 0.007038 s
currentSize : 39 <-- 0.007422 s
currentSize : 41 <-- 0.007574 s
currentSize : 44 <-- 0.007648 s
currentSize : 45 <-- 0.007993 s
currentSize : 47 <-- 0.008752 s
currentSize : 49 <-- 0.009239 s
currentSize : 52 <-- 0.009842 s
currentSize : 55 <-- 0.009971 s
currentSize : 58 <-- 0.080389 s
currentSize : 59 <-- 75.553322 s
currentSize : 63 <-- 75.788704 s

maxsize : 63
nodes : 20818199.000000
filtered : 136841969.000000
time : 109.840721
