Parameters: GAD=1 vflib=1 dir=1 label=1 lowerbound=1 fileNameGp=../graphsdb/mcs70/rand/r001/mcs70_r001_s100.A67 fileNameGt=../graphsdb/mcs70/rand/r001/mcs70_r001_s100.B67
Reading graphs...
100 : 120
100 : 120
Initializing...
maxdom : 8
D->valSize : 379
Solving...
Blb : 2 (clique : 55)
currentSize : 55 <-- 0.007168 s
currentSize : 56 <-- 0.007826 s
currentSize : 57 <-- 0.419107 s
currentSize : 58 <-- 0.423862 s
currentSize : 59 <-- 6.314922 s
currentSize : 60 <-- 20.230644 s
currentSize : 61 <-- 29.912664 s
currentSize : 62 <-- 43.778519 s
currentSize : 63 <-- 67.849915 s
currentSize : 64 <-- 117.645393 s
currentSize : 65 <-- 192.816772 s
currentSize : 66 <-- 544.215576 s
currentSize : 67 <-- 1708.294189 s
currentSize : 68 <-- 1788.326172 s
currentSize : 69 <-- 3146.870850 s
currentSize : 70 <-- 3146.884033 s

TIMEOUT
maxsize : 70
nodes : 716575228.000000
filtered : 2827523677.000000
time : 3600.000000
