Parameters: GAD=1 vflib=1 dir=1 label=1 lowerbound=1 fileNameGp=../graphsdb/mcs70/m2D/m2Dr6/mcs70_m2Dr6_s60.A59 fileNameGt=../graphsdb/mcs70/m2D/m2Dr6/mcs70_m2Dr6_s60.B59
Reading graphs...
60 : 140
60 : 137
Initializing...
maxdom : 8
D->valSize : 263
Solving...
Blb : 2 (clique : 31)
currentSize : 31 <-- 0.002061 s
currentSize : 32 <-- 0.002251 s
currentSize : 33 <-- 0.002404 s
currentSize : 35 <-- 0.011781 s
currentSize : 36 <-- 0.054401 s
currentSize : 37 <-- 0.055117 s

maxsize : 37
nodes : 974744.000000
filtered : 3742621.000000
time : 3.614322
