Parameters: GAD=1 vflib=1 dir=1 label=1 lowerbound=1 fileNameGp=../graphsdb/mcs70/m2D/m2Dr2/mcs70_m2Dr2_s100.A21 fileNameGt=../graphsdb/mcs70/m2D/m2Dr2/mcs70_m2Dr2_s100.B21
Reading graphs...
100 : 200
100 : 200
Initializing...
maxdom : 7
D->valSize : 360
Solving...
Blb : 3 (clique : 53)
currentSize : 53 <-- 0.004325 s
currentSize : 54 <-- 0.125513 s
currentSize : 58 <-- 0.147840 s
currentSize : 59 <-- 1480.472290 s
currentSize : 60 <-- 1480.574951 s
currentSize : 63 <-- 2321.605957 s
currentSize : 64 <-- 2354.264648 s
currentSize : 65 <-- 2415.329834 s

maxsize : 65
nodes : 691099360.000000
filtered : 2286354450.000000
time : 3383.505859
