Parameters: GAD=1 vflib=1 dir=1 label=1 lowerbound=1 fileNameGp=../graphsdb/mcs70/m3D/m3D/mcs70_m3D_s40.A73 fileNameGt=../graphsdb/mcs70/m3D/m3D/mcs70_m3D_s40.B73
Reading graphs...
40 : 84
40 : 84
Initializing...
maxdom : 6
D->valSize : 210
Solving...
Blb : 2 (clique : 17)
currentSize : 17 <-- 0.001269 s
currentSize : 18 <-- 0.005454 s
currentSize : 19 <-- 0.005668 s
currentSize : 20 <-- 0.005709 s
currentSize : 21 <-- 0.015453 s
currentSize : 23 <-- 0.015721 s
currentSize : 25 <-- 0.015769 s
currentSize : 26 <-- 0.032983 s
currentSize : 27 <-- 0.033060 s

maxsize : 27
nodes : 11118.000000
filtered : 77607.000000
time : 0.041009
