Parameters: GAD=1 vflib=1 dir=1 label=1 lowerbound=1 fileNameGp=../graphsdb/mcs70/bvg/b03m/mcs70_b03m_s80.A39 fileNameGt=../graphsdb/mcs70/bvg/b03m/mcs70_b03m_s80.B39
Reading graphs...
80 : 120
80 : 120
Initializing...
maxdom : 10
D->valSize : 440
Solving...
Blb : 2 (clique : 40)
currentSize : 40 <-- 0.004637 s
currentSize : 43 <-- 0.004926 s
currentSize : 46 <-- 0.029804 s
currentSize : 49 <-- 0.119189 s
currentSize : 50 <-- 0.121314 s
currentSize : 51 <-- 46.140472 s
currentSize : 52 <-- 98.693153 s
currentSize : 54 <-- 208.165497 s
currentSize : 55 <-- 208.165833 s
currentSize : 56 <-- 227.459198 s

maxsize : 56
nodes : 48549923.000000
filtered : 299231733.000000
time : 234.484528
