Parameters: GAD=1 vflib=1 dir=1 label=1 lowerbound=1 fileNameGp=../graphsdb/mcs70/bvg/b03m/mcs70_b03m_s80.A38 fileNameGt=../graphsdb/mcs70/bvg/b03m/mcs70_b03m_s80.B38
Reading graphs...
80 : 120
80 : 120
Initializing...
maxdom : 8
D->valSize : 422
Solving...
Blb : 2 (clique : 49)
currentSize : 49 <-- 0.007310 s
currentSize : 51 <-- 0.007817 s
currentSize : 52 <-- 0.834396 s
currentSize : 54 <-- 0.834562 s
currentSize : 55 <-- 0.835882 s
currentSize : 56 <-- 3.519033 s

maxsize : 56
nodes : 50679260.000000
filtered : 279114610.000000
time : 247.422409
