Parameters: GAD=1 vflib=1 dir=1 label=1 lowerbound=1 fileNameGp=../graphsdb/mcs70/m2D/m2Dr4/mcs70_m2Dr4_s35.A76 fileNameGt=../graphsdb/mcs70/m2D/m2Dr4/mcs70_m2Dr4_s35.B76
Reading graphs...
35 : 72
35 : 71
Initializing...
maxdom : 8
D->valSize : 177
Solving...
Blb : 2 (clique : 16)
currentSize : 16 <-- 0.001052 s
currentSize : 18 <-- 0.007668 s
currentSize : 21 <-- 0.010921 s
currentSize : 22 <-- 0.019849 s
currentSize : 23 <-- 0.019928 s
currentSize : 25 <-- 0.020049 s

maxsize : 25
nodes : 6259.000000
filtered : 47521.000000
time : 0.022489
