Parameters: GAD=1 vflib=1 dir=1 label=1 lowerbound=1 fileNameGp=../graphsdb/mcs70/bvg/b09/mcs70_b09_s100.A10 fileNameGt=../graphsdb/mcs70/bvg/b09/mcs70_b09_s100.B10
Reading graphs...
100 : 450
100 : 450
Initializing...
maxdom : 6
D->valSize : 351
Solving...
Blb : 2 (clique : 46)
currentSize : 46 <-- 0.003391 s
currentSize : 50 <-- 0.011606 s
currentSize : 58 <-- 0.035107 s
currentSize : 61 <-- 5.826627 s
currentSize : 70 <-- 5.828417 s

maxsize : 70
nodes : 1241474.000000
filtered : 5924285.000000
time : 6.490573
