Parameters: GAD=1 vflib=1 dir=1 label=1 lowerbound=1 fileNameGp=../graphsdb/mcs70/rand/r02/mcs70_r02_s80.A11 fileNameGt=../graphsdb/mcs70/rand/r02/mcs70_r02_s80.B11
Reading graphs...
80 : 1263
80 : 1263
Initializing...
maxdom : 8
D->valSize : 449
Solving...
Blb : 2 (clique : 15)
currentSize : 15 <-- 0.004070 s
currentSize : 21 <-- 0.006316 s
currentSize : 27 <-- 0.009597 s
currentSize : 28 <-- 0.010069 s
currentSize : 56 <-- 0.010317 s

maxsize : 56
nodes : 1365.000000
filtered : 35358.000000
time : 0.012919
