Parameters: GAD=1 vflib=1 dir=1 label=1 lowerbound=1 fileNameGp=../graphsdb/mcs70/m2D/m2Dr2/mcs70_m2Dr2_s90.A92 fileNameGt=../graphsdb/mcs70/m2D/m2Dr2/mcs70_m2Dr2_s90.B92
Reading graphs...
90 : 179
90 : 179
Initializing...
maxdom : 10
D->valSize : 544
Solving...
Blb : 2 (clique : 52)
currentSize : 52 <-- 0.010286 s
currentSize : 53 <-- 17.328964 s
currentSize : 54 <-- 17.345501 s
currentSize : 55 <-- 434.475586 s
currentSize : 56 <-- 434.477905 s
currentSize : 57 <-- 434.482208 s
currentSize : 62 <-- 634.424133 s
currentSize : 65 <-- 634.437134 s

maxsize : 65
nodes : 129125929.000000
filtered : 924791599.000000
time : 718.069519
