Parameters: GAD=1 vflib=1 dir=1 label=1 lowerbound=1 fileNameGp=../graphsdb/mcs70/m2D/m2D/mcs70_m2D_s100.A73 fileNameGt=../graphsdb/mcs70/m2D/m2D/mcs70_m2D_s100.B73
Reading graphs...
100 : 180
100 : 180
Initializing...
maxdom : 6
D->valSize : 375
Solving...
Blb : 3 (clique : 54)
currentSize : 54 <-- 0.004142 s
currentSize : 55 <-- 0.144495 s
currentSize : 56 <-- 2.694286 s
currentSize : 57 <-- 10.368023 s
currentSize : 58 <-- 10.368480 s
currentSize : 59 <-- 10.368609 s
currentSize : 60 <-- 10.370466 s
currentSize : 61 <-- 39.243603 s
currentSize : 62 <-- 39.245689 s
currentSize : 63 <-- 40.573387 s
currentSize : 64 <-- 40.573601 s

TIMEOUT
maxsize : 64
nodes : 739697753.000000
filtered : 2593408091.000000
time : 3600.000000
