Parameters: GAD=1 vflib=1 dir=1 label=1 lowerbound=1 fileNameGp=../graphsdb/mcs70/rand/r01/mcs70_r01_s100.A25 fileNameGt=../graphsdb/mcs70/rand/r01/mcs70_r01_s100.B25
Reading graphs...
100 : 989
100 : 989
Initializing...
maxdom : 6
D->valSize : 363
Solving...
Blb : 2 (clique : 18)
currentSize : 18 <-- 0.003437 s
currentSize : 24 <-- 0.003809 s
currentSize : 33 <-- 0.004771 s
currentSize : 44 <-- 0.005823 s
currentSize : 52 <-- 0.007402 s
currentSize : 70 <-- 0.008209 s

maxsize : 70
nodes : 1566.000000
filtered : 17767.000000
time : 0.012813
