Parameters: GAD=1 vflib=1 dir=1 label=1 lowerbound=1 fileNameGp=../graphsdb/mcs70/m3D/m3Dr2/mcs70_m3Dr2_s40.A23 fileNameGt=../graphsdb/mcs70/m3D/m3Dr2/mcs70_m3Dr2_s40.B23
Reading graphs...
40 : 92
40 : 92
Initializing...
maxdom : 10
D->valSize : 230
Solving...
Blb : 2 (clique : 16)
currentSize : 16 <-- 0.001324 s
currentSize : 17 <-- 0.013882 s
currentSize : 19 <-- 0.021111 s
currentSize : 21 <-- 0.027271 s
currentSize : 23 <-- 0.036712 s
currentSize : 27 <-- 0.047707 s

maxsize : 27
nodes : 16949.000000
filtered : 150275.000000
time : 0.063808
