Parameters: GAD=1 vflib=1 dir=1 label=1 lowerbound=1 fileNameGp=../graphsdb/mcs70/bvg/b03/mcs70_b03_s70.A55 fileNameGt=../graphsdb/mcs70/bvg/b03/mcs70_b03_s70.B55
Reading graphs...
70 : 105
70 : 105
Initializing...
maxdom : 9
D->valSize : 373
Solving...
Blb : 2 (clique : 40)
currentSize : 40 <-- 0.003413 s
currentSize : 41 <-- 0.003706 s
currentSize : 42 <-- 0.003786 s
currentSize : 43 <-- 0.004308 s
currentSize : 44 <-- 0.041064 s
currentSize : 45 <-- 0.107053 s
currentSize : 46 <-- 0.107125 s
currentSize : 47 <-- 2.062093 s
currentSize : 48 <-- 2.063873 s

maxsize : 48
nodes : 4781765.000000
filtered : 23208857.000000
time : 21.387360
