Parameters: GAD=1 vflib=1 dir=1 label=1 lowerbound=1 fileNameGp=../graphsdb/mcs70/m2D/m2D/mcs70_m2D_s100.A19 fileNameGt=../graphsdb/mcs70/m2D/m2D/mcs70_m2D_s100.B19
Reading graphs...
100 : 180
100 : 180
Initializing...
maxdom : 7
D->valSize : 374
Solving...
Blb : 2 (clique : 40)
currentSize : 40 <-- 0.006496 s
currentSize : 42 <-- 0.027522 s
currentSize : 43 <-- 0.027654 s
currentSize : 44 <-- 2.162922 s
currentSize : 45 <-- 7.310093 s
currentSize : 46 <-- 7.310264 s
currentSize : 47 <-- 7.346323 s
currentSize : 48 <-- 7.347188 s
currentSize : 49 <-- 8.214556 s
currentSize : 50 <-- 17.862068 s
currentSize : 51 <-- 55.764072 s
currentSize : 52 <-- 56.296253 s
currentSize : 53 <-- 484.282898 s
currentSize : 54 <-- 513.945129 s
currentSize : 55 <-- 514.522461 s
currentSize : 56 <-- 640.664734 s
currentSize : 57 <-- 674.033447 s
currentSize : 58 <-- 748.870911 s
currentSize : 59 <-- 749.133179 s
currentSize : 60 <-- 2034.031128 s
currentSize : 61 <-- 2212.129883 s
currentSize : 62 <-- 2213.447510 s

TIMEOUT
maxsize : 62
nodes : 723663009.000000
filtered : 2408466219.000000
time : 3600.000000
