Parameters: GAD=1 vflib=1 dir=1 label=1 lowerbound=1 fileNameGp=../graphsdb/mcs70/m3D/m3Dr4/mcs70_m3Dr4_s90.A13 fileNameGt=../graphsdb/mcs70/m3D/m3Dr4/mcs70_m3Dr4_s90.B13
Reading graphs...
90 : 245
90 : 244
Initializing...
maxdom : 10
D->valSize : 568
Solving...
Blb : 2 (clique : 49)
currentSize : 49 <-- 0.006870 s
currentSize : 51 <-- 0.008166 s
currentSize : 54 <-- 0.012567 s
currentSize : 55 <-- 0.012856 s
currentSize : 57 <-- 0.017064 s
currentSize : 58 <-- 0.038296 s
currentSize : 59 <-- 0.039646 s
currentSize : 60 <-- 0.079617 s
currentSize : 61 <-- 0.081000 s
currentSize : 62 <-- 1.042003 s
currentSize : 64 <-- 1.063226 s

maxsize : 64
nodes : 6206186.000000
filtered : 43083170.000000
time : 33.393341
