Parameters: GAD=1 vflib=1 dir=1 label=1 lowerbound=1 fileNameGp=../graphsdb/mcs70/m2D/m2Dr4/mcs70_m2Dr4_s25.A25 fileNameGt=../graphsdb/mcs70/m2D/m2Dr4/mcs70_m2Dr4_s25.B25
Reading graphs...
25 : 50
25 : 48
Initializing...
maxdom : 8
D->valSize : 165
Solving...
Blb : 2 (clique : 10)
currentSize : 10 <-- 0.001192 s
currentSize : 11 <-- 0.001945 s
currentSize : 12 <-- 0.005578 s
currentSize : 14 <-- 0.040162 s
currentSize : 16 <-- 0.059557 s

maxsize : 16
nodes : 12242.000000
filtered : 158168.000000
time : 0.060209
