Parameters: GAD=1 vflib=1 dir=1 label=1 lowerbound=1 fileNameGp=../graphsdb/mcs70/m2D/m2Dr6/mcs70_m2Dr6_s90.A54 fileNameGt=../graphsdb/mcs70/m2D/m2Dr6/mcs70_m2Dr6_s90.B54
Reading graphs...
90 : 215
90 : 215
Initializing...
maxdom : 12
D->valSize : 573
Solving...
Blb : 2 (clique : 38)
currentSize : 38 <-- 0.006854 s
currentSize : 53 <-- 0.007182 s
currentSize : 56 <-- 0.007948 s
currentSize : 57 <-- 0.008150 s
currentSize : 58 <-- 0.008997 s
currentSize : 59 <-- 0.121639 s
currentSize : 60 <-- 0.142810 s
currentSize : 61 <-- 0.143017 s
currentSize : 62 <-- 5.058991 s
currentSize : 63 <-- 5.060713 s
currentSize : 64 <-- 5.088178 s

maxsize : 64
nodes : 26738410.000000
filtered : 155093284.000000
time : 141.133179
