Parameters: GAD=1 vflib=1 dir=1 label=1 lowerbound=1 fileNameGp=../graphsdb/mcs70/m2D/m2Dr2/mcs70_m2Dr2_s100.A07 fileNameGt=../graphsdb/mcs70/m2D/m2Dr2/mcs70_m2Dr2_s100.B07
Reading graphs...
100 : 200
100 : 200
Initializing...
maxdom : 6
D->valSize : 358
Solving...
Blb : 2 (clique : 40)
currentSize : 40 <-- 0.003741 s
currentSize : 41 <-- 0.273697 s
currentSize : 42 <-- 0.449070 s
currentSize : 43 <-- 0.449166 s
currentSize : 44 <-- 0.687246 s
currentSize : 45 <-- 0.705249 s
currentSize : 46 <-- 10.167331 s
currentSize : 47 <-- 10.167517 s
currentSize : 48 <-- 11.808968 s
currentSize : 49 <-- 814.253845 s
currentSize : 50 <-- 814.516663 s
currentSize : 51 <-- 822.246643 s
currentSize : 52 <-- 822.580322 s
currentSize : 53 <-- 838.259949 s
currentSize : 54 <-- 838.378052 s
currentSize : 56 <-- 2814.164062 s
currentSize : 57 <-- 2823.019287 s

TIMEOUT
maxsize : 57
nodes : 675938827.000000
filtered : 2766778896.000000
time : 3600.000000
