Parameters: GAD=1 vflib=1 dir=1 label=1 lowerbound=1 fileNameGp=../graphsdb/mcs70/m2D/m2Dr2/mcs70_m2Dr2_s90.A98 fileNameGt=../graphsdb/mcs70/m2D/m2Dr2/mcs70_m2Dr2_s90.B98
Reading graphs...
90 : 179
90 : 179
Initializing...
maxdom : 12
D->valSize : 586
Solving...
Blb : 2 (clique : 55)
currentSize : 55 <-- 0.007516 s
currentSize : 56 <-- 0.007929 s
currentSize : 59 <-- 0.008096 s
currentSize : 61 <-- 0.008424 s
currentSize : 62 <-- 0.121875 s
currentSize : 64 <-- 0.127854 s
currentSize : 65 <-- 0.139819 s

maxsize : 65
nodes : 88671839.000000
filtered : 433140486.000000
time : 451.851715
