Parameters: GAD=1 vflib=1 dir=1 label=1 lowerbound=1 fileNameGp=../graphsdb/mcs70/m2D/m2Dr2/mcs70_m2Dr2_s70.A90 fileNameGt=../graphsdb/mcs70/m2D/m2Dr2/mcs70_m2Dr2_s70.B90
Reading graphs...
70 : 137
70 : 137
Initializing...
maxdom : 9
D->valSize : 350
Solving...
Blb : 5 (clique : 35)
currentSize : 35 <-- 0.003180 s
currentSize : 37 <-- 0.003400 s
currentSize : 39 <-- 0.003468 s
currentSize : 40 <-- 0.003617 s
currentSize : 41 <-- 0.003783 s
currentSize : 43 <-- 0.003821 s
currentSize : 44 <-- 0.010927 s
currentSize : 46 <-- 0.011057 s
currentSize : 47 <-- 1.918729 s
currentSize : 49 <-- 1.987541 s

maxsize : 49
nodes : 717274.000000
filtered : 3493645.000000
time : 3.134037
