Parameters: GAD=1 vflib=1 dir=1 label=1 lowerbound=1 fileNameGp=../graphsdb/mcs70/bvg/b03/mcs70_b03_s60.A60 fileNameGt=../graphsdb/mcs70/bvg/b03/mcs70_b03_s60.B60
Reading graphs...
60 : 90
60 : 90
Initializing...
maxdom : 8
D->valSize : 263
Solving...
Blb : 2 (clique : 32)
currentSize : 32 <-- 0.003111 s
currentSize : 33 <-- 0.016276 s
currentSize : 34 <-- 0.026092 s
currentSize : 35 <-- 0.027464 s
currentSize : 37 <-- 0.397003 s
currentSize : 38 <-- 0.397198 s
currentSize : 39 <-- 0.875132 s
currentSize : 43 <-- 0.930956 s

maxsize : 43
nodes : 1640997.000000
filtered : 6138990.000000
time : 5.957109
