Parameters: GAD=1 vflib=1 dir=1 label=1 lowerbound=1 fileNameGp=../graphsdb/mcs70/m2D/m2Dr4/mcs70_m2Dr4_s100.A08 fileNameGt=../graphsdb/mcs70/m2D/m2Dr4/mcs70_m2Dr4_s100.B08
Reading graphs...
100 : 220
100 : 219
Initializing...
maxdom : 7
D->valSize : 381
Solving...
Blb : 3 (clique : 39)
currentSize : 39 <-- 0.006687 s
currentSize : 40 <-- 0.165040 s
currentSize : 41 <-- 0.335777 s
currentSize : 42 <-- 0.417681 s
currentSize : 43 <-- 0.942550 s
currentSize : 44 <-- 1.002254 s
currentSize : 45 <-- 1.095102 s
currentSize : 46 <-- 3.881157 s
currentSize : 47 <-- 8.114615 s
currentSize : 48 <-- 10.458875 s
currentSize : 49 <-- 38.062851 s
currentSize : 50 <-- 40.345703 s
currentSize : 52 <-- 419.690857 s
currentSize : 53 <-- 419.691040 s
currentSize : 55 <-- 1071.374268 s
currentSize : 56 <-- 1071.374390 s
currentSize : 57 <-- 2527.952148 s
currentSize : 58 <-- 2527.952637 s

TIMEOUT
maxsize : 58
nodes : 721426464.000000
filtered : 2606424614.000000
time : 3600.000000
