Parameters: GAD=1 vflib=1 dir=1 label=1 lowerbound=1 fileNameGp=../graphsdb/mcs70/bvg/b03/mcs70_b03_s100.A42 fileNameGt=../graphsdb/mcs70/bvg/b03/mcs70_b03_s100.B42
Reading graphs...
100 : 150
100 : 150
Initializing...
maxdom : 6
D->valSize : 372
Solving...
Blb : 2 (clique : 54)
currentSize : 54 <-- 0.004195 s
currentSize : 55 <-- 0.004644 s
currentSize : 58 <-- 0.008073 s
currentSize : 59 <-- 0.056275 s
currentSize : 60 <-- 0.107274 s
currentSize : 61 <-- 0.107908 s
currentSize : 63 <-- 0.359959 s
currentSize : 64 <-- 0.606720 s
currentSize : 65 <-- 9.324726 s
currentSize : 66 <-- 12.669796 s
currentSize : 68 <-- 12.669992 s
currentSize : 69 <-- 12.732481 s
currentSize : 70 <-- 30.561621 s
currentSize : 71 <-- 360.277588 s
currentSize : 72 <-- 378.759125 s

maxsize : 72
nodes : 163892207.000000
filtered : 540906616.000000
time : 803.026001
