Parameters: GAD=1 vflib=1 dir=1 label=1 lowerbound=1 fileNameGp=../graphsdb/mcs70/rand/r01/mcs70_r01_s80.A50 fileNameGt=../graphsdb/mcs70/rand/r01/mcs70_r01_s80.B50
Reading graphs...
80 : 631
80 : 631
Initializing...
maxdom : 9
D->valSize : 437
Solving...
Blb : 2 (clique : 15)
currentSize : 15 <-- 0.004130 s
currentSize : 16 <-- 0.004277 s
currentSize : 18 <-- 0.004309 s
currentSize : 21 <-- 0.004379 s
currentSize : 24 <-- 0.004436 s
currentSize : 32 <-- 0.004834 s
currentSize : 42 <-- 0.005341 s
currentSize : 43 <-- 0.013464 s
currentSize : 56 <-- 0.021594 s

maxsize : 56
nodes : 3388.000000
filtered : 74385.000000
time : 0.027536
