Parameters: GAD=1 vflib=1 dir=1 label=1 lowerbound=1 fileNameGp=../graphsdb/mcs70/bvg/b03/mcs70_b03_s70.A11 fileNameGt=../graphsdb/mcs70/bvg/b03/mcs70_b03_s70.B11
Reading graphs...
70 : 105
70 : 105
Initializing...
maxdom : 9
D->valSize : 375
Solving...
Blb : 2 (clique : 39)
currentSize : 39 <-- 0.003333 s
currentSize : 40 <-- 0.003823 s
currentSize : 41 <-- 0.004255 s
currentSize : 43 <-- 0.004524 s
currentSize : 45 <-- 0.011826 s
currentSize : 47 <-- 4.229293 s
currentSize : 48 <-- 4.229430 s

maxsize : 48
nodes : 8848771.000000
filtered : 40802949.000000
time : 37.267361
