Parameters: GAD=1 vflib=1 dir=1 label=1 lowerbound=1 fileNameGp=../graphsdb/mcs70/rand/r005/mcs70_r005_s90.A24 fileNameGt=../graphsdb/mcs70/rand/r005/mcs70_r005_s90.B24
Reading graphs...
90 : 399
90 : 399
Initializing...
maxdom : 9
D->valSize : 544
Solving...
Blb : 2 (clique : 27)
currentSize : 27 <-- 0.006132 s
currentSize : 31 <-- 0.006658 s
currentSize : 32 <-- 0.007234 s
currentSize : 35 <-- 0.007440 s
currentSize : 36 <-- 0.009985 s
currentSize : 37 <-- 0.010843 s
currentSize : 39 <-- 0.010902 s
currentSize : 42 <-- 0.013751 s
currentSize : 44 <-- 0.017707 s
currentSize : 48 <-- 0.017901 s
currentSize : 49 <-- 1.069681 s
currentSize : 55 <-- 1.069875 s
currentSize : 56 <-- 2.427627 s
currentSize : 57 <-- 2.428159 s
currentSize : 63 <-- 2.428300 s

maxsize : 63
nodes : 577918.000000
filtered : 4754048.000000
time : 3.230784
