Parameters: GAD=1 vflib=1 dir=1 label=1 lowerbound=1 fileNameGp=../graphsdb/mcs70/rand/r005/mcs70_r005_s90.A59 fileNameGt=../graphsdb/mcs70/rand/r005/mcs70_r005_s90.B59
Reading graphs...
90 : 399
90 : 399
Initializing...
maxdom : 11
D->valSize : 581
Solving...
Blb : 2 (clique : 37)
currentSize : 37 <-- 0.006892 s
currentSize : 38 <-- 0.007225 s
currentSize : 41 <-- 0.007380 s
currentSize : 42 <-- 0.008020 s
currentSize : 45 <-- 0.008312 s
currentSize : 49 <-- 0.010623 s
currentSize : 56 <-- 0.010905 s
currentSize : 63 <-- 0.012011 s

maxsize : 63
nodes : 194760.000000
filtered : 2642123.000000
time : 1.296149
