Parameters: GAD=1 vflib=1 dir=1 label=1 lowerbound=1 fileNameGp=../graphsdb/mcs70/m2D/m2D/mcs70_m2D_s50.A28 fileNameGt=../graphsdb/mcs70/m2D/m2D/mcs70_m2D_s50.B28
Reading graphs...
50 : 85
50 : 85
Initializing...
maxdom : 9
D->valSize : 323
Solving...
Blb : 2 (clique : 31)
currentSize : 31 <-- 0.002329 s
currentSize : 32 <-- 0.002522 s
currentSize : 33 <-- 0.004612 s
currentSize : 34 <-- 0.004668 s
currentSize : 35 <-- 0.004922 s
currentSize : 36 <-- 0.004974 s

maxsize : 36
nodes : 17021.000000
filtered : 152632.000000
time : 0.077935
