Parameters: GAD=1 vflib=1 dir=1 label=1 lowerbound=1 fileNameGp=../graphsdb/mcs70/m2D/m2Dr4/mcs70_m2Dr4_s50.A61 fileNameGt=../graphsdb/mcs70/m2D/m2Dr4/mcs70_m2Dr4_s50.B61
Reading graphs...
50 : 105
50 : 105
Initializing...
maxdom : 9
D->valSize : 357
Solving...
Blb : 2 (clique : 30)
currentSize : 30 <-- 0.002727 s
currentSize : 31 <-- 0.344139 s
currentSize : 32 <-- 0.345571 s
currentSize : 33 <-- 0.368501 s
currentSize : 34 <-- 0.369388 s
currentSize : 35 <-- 0.369463 s
currentSize : 36 <-- 0.369597 s

maxsize : 36
nodes : 173751.000000
filtered : 983084.000000
time : 0.704589
