Parameters: GAD=1 vflib=1 dir=1 label=1 lowerbound=1 fileNameGp=../graphsdb/mcs70/bvg/b09m/mcs70_b09m_s70.A01 fileNameGt=../graphsdb/mcs70/bvg/b09m/mcs70_b09m_s70.B01
Reading graphs...
70 : 315
70 : 315
Initializing...
maxdom : 8
D->valSize : 331
Solving...
Blb : 2 (clique : 36)
currentSize : 36 <-- 0.003077 s
currentSize : 37 <-- 0.003339 s
currentSize : 38 <-- 0.003471 s
currentSize : 45 <-- 0.003989 s
currentSize : 48 <-- 0.004126 s

maxsize : 48
nodes : 101527.000000
filtered : 693852.000000
time : 0.473739
