Parameters: GAD=1 vflib=1 dir=1 label=1 lowerbound=1 fileNameGp=../graphsdb/mcs70/bvg/b03m/mcs70_b03m_s40.A95 fileNameGt=../graphsdb/mcs70/bvg/b03m/mcs70_b03m_s40.B95
Reading graphs...
40 : 60
40 : 60
Initializing...
maxdom : 9
D->valSize : 238
Solving...
Blb : 3 (clique : 21)
currentSize : 21 <-- 0.001537 s
currentSize : 23 <-- 0.001694 s
currentSize : 24 <-- 0.002548 s
currentSize : 26 <-- 0.046978 s
currentSize : 28 <-- 0.048091 s

maxsize : 28
nodes : 37374.000000
filtered : 298330.000000
time : 0.140176
