Parameters: GAD=1 vflib=1 dir=1 label=1 lowerbound=1 fileNameGp=../graphsdb/mcs70/m3D/m3Dr2/mcs70_m3Dr2_s40.A80 fileNameGt=../graphsdb/mcs70/m3D/m3Dr2/mcs70_m3Dr2_s40.B80
Reading graphs...
40 : 92
40 : 91
Initializing...
maxdom : 8
D->valSize : 214
Solving...
Blb : 3 (clique : 21)
currentSize : 21 <-- 0.001234 s
currentSize : 22 <-- 0.006384 s
currentSize : 23 <-- 0.010018 s
currentSize : 24 <-- 0.010171 s
currentSize : 27 <-- 0.016427 s
currentSize : 28 <-- 0.016611 s

maxsize : 28
nodes : 4488.000000
filtered : 36922.000000
time : 0.018087
