Parameters: GAD=1 vflib=1 dir=1 label=1 lowerbound=1 fileNameGp=../graphsdb/mcs70/rand/r02/mcs70_r02_s90.A15 fileNameGt=../graphsdb/mcs70/rand/r02/mcs70_r02_s90.B15
Reading graphs...
90 : 1601
90 : 1601
Initializing...
maxdom : 10
D->valSize : 539
Solving...
Blb : 2 (clique : 9)
currentSize : 9 <-- 0.005613 s
currentSize : 14 <-- 0.005713 s
currentSize : 17 <-- 0.006653 s
currentSize : 28 <-- 0.006774 s
currentSize : 63 <-- 0.012107 s

maxsize : 63
nodes : 1454.000000
filtered : 63685.000000
time : 0.017239
