Parameters: GAD=1 vflib=1 dir=1 label=1 lowerbound=1 fileNameGp=../graphsdb/mcs70/rand/r005/mcs70_r005_s60.A92 fileNameGt=../graphsdb/mcs70/rand/r005/mcs70_r005_s60.B92
Reading graphs...
60 : 176
60 : 176
Initializing...
maxdom : 8
D->valSize : 269
Solving...
Blb : 2 (clique : 28)
currentSize : 28 <-- 0.002183 s
currentSize : 29 <-- 0.003348 s
currentSize : 35 <-- 0.004877 s
currentSize : 37 <-- 0.005038 s
currentSize : 40 <-- 0.007548 s
currentSize : 42 <-- 0.009277 s

maxsize : 42
nodes : 2365.000000
filtered : 19259.000000
time : 0.012437
