Parameters: GAD=1 vflib=1 dir=1 label=1 lowerbound=1 fileNameGp=../graphsdb/mcs70/rand/r005/mcs70_r005_s70.A55 fileNameGt=../graphsdb/mcs70/rand/r005/mcs70_r005_s70.B55
Reading graphs...
70 : 240
70 : 240
Initializing...
maxdom : 8
D->valSize : 352
Solving...
Blb : 2 (clique : 35)
currentSize : 35 <-- 0.003347 s
currentSize : 38 <-- 0.003550 s
currentSize : 39 <-- 0.003868 s
currentSize : 40 <-- 0.004152 s
currentSize : 44 <-- 0.004253 s
currentSize : 46 <-- 0.004405 s
currentSize : 49 <-- 0.004569 s

maxsize : 49
nodes : 4997.000000
filtered : 48599.000000
time : 0.029559
