Parameters: GAD=1 vflib=1 dir=1 label=1 lowerbound=1 fileNameGp=../graphsdb/mcs70/m2D/m2Dr4/mcs70_m2Dr4_s70.A92 fileNameGt=../graphsdb/mcs70/m2D/m2Dr4/mcs70_m2Dr4_s70.B92
Reading graphs...
70 : 151
70 : 149
Initializing...
maxdom : 7
D->valSize : 328
Solving...
Blb : 2 (clique : 36)
currentSize : 36 <-- 0.003045 s
currentSize : 37 <-- 0.003376 s
currentSize : 38 <-- 0.170232 s
currentSize : 41 <-- 0.487479 s
currentSize : 42 <-- 0.655397 s
currentSize : 45 <-- 1.009423 s
currentSize : 49 <-- 1.695226 s

maxsize : 49
nodes : 447593.000000
filtered : 2398975.000000
time : 2.014623
