Parameters: GAD=1 vflib=1 dir=1 label=1 lowerbound=1 fileNameGp=../graphsdb/mcs70/m2D/m2Dr2/mcs70_m2Dr2_s100.A89 fileNameGt=../graphsdb/mcs70/m2D/m2Dr2/mcs70_m2Dr2_s100.B89
Reading graphs...
100 : 200
100 : 200
Initializing...
maxdom : 7
D->valSize : 347
Solving...
Blb : 2 (clique : 41)
currentSize : 41 <-- 0.003635 s
currentSize : 42 <-- 0.005663 s
currentSize : 43 <-- 0.570770 s
currentSize : 45 <-- 0.853580 s
currentSize : 46 <-- 0.857337 s
currentSize : 47 <-- 1.320135 s
currentSize : 50 <-- 1.804781 s
currentSize : 51 <-- 1.850218 s
currentSize : 52 <-- 79.204140 s
currentSize : 55 <-- 79.754082 s
currentSize : 56 <-- 79.781006 s
currentSize : 60 <-- 379.217529 s
currentSize : 61 <-- 379.237183 s
currentSize : 63 <-- 633.580566 s
currentSize : 64 <-- 633.582825 s

maxsize : 64
nodes : 203368645.000000
filtered : 619779592.000000
time : 950.115112
