Parameters: GAD=1 vflib=1 dir=1 label=1 lowerbound=1 fileNameGp=../graphsdb/mcs70/m3D/m3Dr4/mcs70_m3Dr4_s35.A29 fileNameGt=../graphsdb/mcs70/m3D/m3Dr4/mcs70_m3Dr4_s35.B29
Reading graphs...
35 : 86
35 : 86
Initializing...
maxdom : 9
D->valSize : 214
Solving...
Blb : 2 (clique : 12)
currentSize : 12 <-- 0.001162 s
currentSize : 13 <-- 0.001258 s
currentSize : 14 <-- 0.008685 s
currentSize : 15 <-- 0.008751 s
currentSize : 16 <-- 0.010673 s
currentSize : 21 <-- 0.013651 s
currentSize : 27 <-- 0.014971 s

maxsize : 27
nodes : 3528.000000
filtered : 42172.000000
time : 0.015314
