Parameters: GAD=1 vflib=1 dir=1 label=1 lowerbound=1 fileNameGp=../graphsdb/mcs70/m3D/m3Dr2/mcs70_m3Dr2_s100.A69 fileNameGt=../graphsdb/mcs70/m3D/m3Dr2/mcs70_m3Dr2_s100.B69
Reading graphs...
100 : 255
100 : 255
Initializing...
maxdom : 8
D->valSize : 350
Solving...
Blb : 2 (clique : 50)
currentSize : 50 <-- 0.003833 s
currentSize : 53 <-- 0.004418 s
currentSize : 54 <-- 0.018651 s
currentSize : 55 <-- 0.082067 s
currentSize : 56 <-- 1.297337 s
currentSize : 57 <-- 1.333474 s
currentSize : 58 <-- 1.523459 s
currentSize : 59 <-- 5.268158 s
currentSize : 62 <-- 5.268334 s
currentSize : 63 <-- 5.269962 s
currentSize : 64 <-- 5.280976 s
currentSize : 65 <-- 5.466222 s

maxsize : 65
nodes : 44065594.000000
filtered : 168744246.000000
time : 220.088516
