Parameters: GAD=1 vflib=1 dir=1 label=1 lowerbound=1 fileNameGp=../graphsdb/mcs70/rand/r005/mcs70_r005_s70.A76 fileNameGt=../graphsdb/mcs70/rand/r005/mcs70_r005_s70.B76
Reading graphs...
70 : 240
70 : 240
Initializing...
maxdom : 8
D->valSize : 347
Solving...
Blb : 2 (clique : 25)
currentSize : 25 <-- 0.004648 s
currentSize : 28 <-- 0.005388 s
currentSize : 29 <-- 0.005677 s
currentSize : 30 <-- 0.005920 s
currentSize : 32 <-- 0.007033 s
currentSize : 34 <-- 0.007205 s
currentSize : 38 <-- 0.014833 s
currentSize : 42 <-- 0.117215 s
currentSize : 43 <-- 0.163870 s
currentSize : 49 <-- 0.164025 s

maxsize : 49
nodes : 30638.000000
filtered : 204388.000000
time : 0.229326
