Parameters: GAD=1 vflib=1 dir=1 label=1 lowerbound=1 fileNameGp=../graphsdb/mcs70/m2D/m2Dr4/mcs70_m2Dr4_s70.A98 fileNameGt=../graphsdb/mcs70/m2D/m2Dr4/mcs70_m2Dr4_s70.B98
Reading graphs...
70 : 151
70 : 149
Initializing...
maxdom : 8
D->valSize : 330
Solving...
Blb : 2 (clique : 40)
currentSize : 40 <-- 0.003034 s
currentSize : 41 <-- 0.004253 s
currentSize : 42 <-- 0.079409 s
currentSize : 43 <-- 0.080517 s
currentSize : 44 <-- 0.080791 s
currentSize : 45 <-- 0.430188 s
currentSize : 47 <-- 0.432999 s
currentSize : 48 <-- 0.433093 s
currentSize : 49 <-- 0.433423 s

maxsize : 49
nodes : 547130.000000
filtered : 2320970.000000
time : 2.264353
