Parameters: GAD=1 vflib=1 dir=1 label=1 lowerbound=1 fileNameGp=../graphsdb/mcs70/bvg/b06/mcs70_b06_s60.A69 fileNameGt=../graphsdb/mcs70/bvg/b06/mcs70_b06_s60.B69
Reading graphs...
60 : 180
60 : 180
Initializing...
maxdom : 7
D->valSize : 253
Solving...
Blb : 2 (clique : 22)
currentSize : 22 <-- 0.001871 s
currentSize : 24 <-- 0.002601 s
currentSize : 25 <-- 0.002628 s
currentSize : 26 <-- 0.002674 s
currentSize : 27 <-- 0.002705 s
currentSize : 28 <-- 0.002785 s
currentSize : 29 <-- 0.003419 s
currentSize : 30 <-- 0.003960 s
currentSize : 32 <-- 0.004011 s
currentSize : 33 <-- 0.006575 s
currentSize : 34 <-- 0.006872 s
currentSize : 36 <-- 0.006924 s
currentSize : 42 <-- 0.009704 s

maxsize : 42
nodes : 13897.000000
filtered : 83540.000000
time : 0.059733
