Parameters: GAD=1 vflib=1 dir=1 label=1 lowerbound=1 fileNameGp=../graphsdb/mcs70/m2D/m2D/mcs70_m2D_s80.A52 fileNameGt=../graphsdb/mcs70/m2D/m2D/mcs70_m2D_s80.B52
Reading graphs...
80 : 142
80 : 142
Initializing...
maxdom : 12
D->valSize : 449
Solving...
Blb : 2 (clique : 32)
currentSize : 32 <-- 0.004717 s
currentSize : 33 <-- 0.004993 s
currentSize : 34 <-- 0.005016 s
currentSize : 35 <-- 0.005515 s
currentSize : 36 <-- 0.317927 s
currentSize : 37 <-- 0.318021 s
currentSize : 40 <-- 30.477341 s
currentSize : 41 <-- 59.577908 s
currentSize : 43 <-- 59.585293 s
currentSize : 45 <-- 59.589264 s
currentSize : 46 <-- 69.058075 s
currentSize : 48 <-- 69.071121 s
currentSize : 50 <-- 69.072403 s

maxsize : 50
nodes : 44041229.000000
filtered : 346763039.000000
time : 233.100967
