Parameters: GAD=1 vflib=1 dir=1 label=1 lowerbound=1 fileNameGp=../graphsdb/mcs70/bvg/b06/mcs70_b06_s90.A18 fileNameGt=../graphsdb/mcs70/bvg/b06/mcs70_b06_s90.B18
Reading graphs...
90 : 270
90 : 270
Initializing...
maxdom : 11
D->valSize : 574
Solving...
Blb : 2 (clique : 53)
currentSize : 53 <-- 0.008693 s
currentSize : 55 <-- 102.183891 s
currentSize : 57 <-- 181.389267 s
currentSize : 58 <-- 208.852585 s
currentSize : 61 <-- 208.852814 s
currentSize : 63 <-- 208.853882 s

maxsize : 63
nodes : 40402561.000000
filtered : 373064901.000000
time : 251.316208
