Parameters: GAD=1 vflib=1 dir=1 label=1 lowerbound=1 fileNameGp=../graphsdb/mcs70/bvg/b06m/mcs70_b06m_s70.A87 fileNameGt=../graphsdb/mcs70/bvg/b06m/mcs70_b06m_s70.B87
Reading graphs...
70 : 210
70 : 210
Initializing...
maxdom : 7
D->valSize : 340
Solving...
Blb : 3 (clique : 34)
currentSize : 34 <-- 0.004636 s
currentSize : 35 <-- 0.005105 s
currentSize : 37 <-- 0.008379 s
currentSize : 39 <-- 0.008514 s
currentSize : 47 <-- 0.899785 s
currentSize : 49 <-- 0.899887 s

maxsize : 49
nodes : 319758.000000
filtered : 1913151.000000
time : 1.470248
