Parameters: GAD=1 vflib=1 dir=1 label=1 lowerbound=1 fileNameGp=../graphsdb/mcs70/m2D/m2Dr2/mcs70_m2Dr2_s100.A46 fileNameGt=../graphsdb/mcs70/m2D/m2Dr2/mcs70_m2Dr2_s100.B46
Reading graphs...
100 : 200
100 : 199
Initializing...
maxdom : 7
D->valSize : 380
Solving...
Blb : 2 (clique : 51)
currentSize : 51 <-- 0.004103 s
currentSize : 52 <-- 0.041902 s
currentSize : 53 <-- 0.230205 s
currentSize : 54 <-- 0.463277 s
currentSize : 55 <-- 0.633496 s
currentSize : 56 <-- 0.668717 s
currentSize : 57 <-- 0.692016 s
currentSize : 58 <-- 2.889796 s
currentSize : 59 <-- 2.890027 s
currentSize : 60 <-- 2.904058 s
currentSize : 61 <-- 11.207959 s
currentSize : 62 <-- 11.223183 s
currentSize : 63 <-- 568.925110 s
currentSize : 64 <-- 590.835449 s
currentSize : 65 <-- 590.848083 s

maxsize : 65
nodes : 532703079.000000
filtered : 2314829243.000000
time : 2826.226807
