Parameters: GAD=1 vflib=1 dir=1 label=1 lowerbound=1 fileNameGp=../graphsdb/mcs70/m3D/m3Dr2/mcs70_m3Dr2_s40.A21 fileNameGt=../graphsdb/mcs70/m3D/m3Dr2/mcs70_m3Dr2_s40.B21
Reading graphs...
40 : 92
40 : 92
Initializing...
maxdom : 7
D->valSize : 232
Solving...
Blb : 2 (clique : 14)
currentSize : 14 <-- 0.001381 s
currentSize : 15 <-- 0.001481 s
currentSize : 17 <-- 0.002358 s
currentSize : 18 <-- 0.002464 s
currentSize : 19 <-- 0.013554 s
currentSize : 20 <-- 0.013623 s
currentSize : 23 <-- 0.014137 s
currentSize : 24 <-- 0.024858 s
currentSize : 25 <-- 0.031023 s
currentSize : 26 <-- 0.031364 s
currentSize : 27 <-- 0.044473 s

maxsize : 27
nodes : 13307.000000
filtered : 136367.000000
time : 0.053743
