Parameters: GAD=1 vflib=1 dir=1 label=1 lowerbound=1 fileNameGp=../graphsdb/mcs70/rand/r01/mcs70_r01_s70.A27 fileNameGt=../graphsdb/mcs70/rand/r01/mcs70_r01_s70.B27
Reading graphs...
70 : 482
70 : 482
Initializing...
maxdom : 11
D->valSize : 339
Solving...
Blb : 3 (clique : 19)
currentSize : 19 <-- 0.002894 s
currentSize : 21 <-- 0.003379 s
currentSize : 22 <-- 0.009816 s
currentSize : 32 <-- 0.030978 s
currentSize : 33 <-- 0.041605 s
currentSize : 49 <-- 0.042843 s

maxsize : 49
nodes : 7900.000000
filtered : 98327.000000
time : 0.044649
