Parameters: GAD=1 vflib=1 dir=1 label=1 lowerbound=1 fileNameGp=../graphsdb/mcs70/rand/r005/mcs70_r005_s60.A33 fileNameGt=../graphsdb/mcs70/rand/r005/mcs70_r005_s60.B33
Reading graphs...
60 : 176
60 : 176
Initializing...
maxdom : 8
D->valSize : 271
Solving...
Blb : 2 (clique : 22)
currentSize : 22 <-- 0.001892 s
currentSize : 23 <-- 0.005911 s
currentSize : 24 <-- 0.006381 s
currentSize : 26 <-- 0.014731 s
currentSize : 28 <-- 0.027042 s
currentSize : 29 <-- 0.027190 s
currentSize : 31 <-- 0.027292 s
currentSize : 33 <-- 0.027367 s
currentSize : 34 <-- 0.035833 s
currentSize : 40 <-- 0.057458 s
currentSize : 42 <-- 0.057551 s

maxsize : 42
nodes : 14434.000000
filtered : 124318.000000
time : 0.072196
