Parameters: GAD=1 vflib=1 dir=1 label=1 lowerbound=1 fileNameGp=../graphsdb/mcs70/bvg/b09/mcs70_b09_s20.A69 fileNameGt=../graphsdb/mcs70/bvg/b09/mcs70_b09_s20.B69
Reading graphs...
20 : 90
20 : 90
Initializing...
maxdom : 7
D->valSize : 106
Solving...
Blb : 2 (clique : 4)
currentSize : 4 <-- 0.000509 s
currentSize : 5 <-- 0.000546 s
currentSize : 6 <-- 0.000683 s
currentSize : 11 <-- 0.001055 s
currentSize : 14 <-- 0.001169 s

maxsize : 14
nodes : 318.000000
filtered : 3330.000000
time : 0.001328
