Parameters: GAD=1 vflib=1 dir=1 label=1 lowerbound=1 fileNameGp=../graphsdb/mcs70/m2D/m2Dr6/mcs70_m2Dr6_s70.A23 fileNameGt=../graphsdb/mcs70/m2D/m2Dr6/mcs70_m2Dr6_s70.B23
Reading graphs...
70 : 165
70 : 165
Initializing...
maxdom : 8
D->valSize : 383
Solving...
Blb : 3 (clique : 31)
currentSize : 31 <-- 0.003386 s
currentSize : 32 <-- 0.003654 s
currentSize : 34 <-- 0.004230 s
currentSize : 37 <-- 0.082707 s
currentSize : 40 <-- 0.313770 s
currentSize : 47 <-- 0.902199 s
currentSize : 49 <-- 1.241830 s

maxsize : 49
nodes : 358632.000000
filtered : 2279069.000000
time : 1.640615
