Parameters: GAD=1 vflib=1 dir=1 label=1 lowerbound=1 fileNameGp=../graphsdb/mcs70/rand/r01/mcs70_r01_s25.A12 fileNameGt=../graphsdb/mcs70/rand/r01/mcs70_r01_s25.B12
Reading graphs...
25 : 59
25 : 59
Initializing...
maxdom : 9
D->valSize : 179
Solving...
Blb : 5 (clique : 9)
currentSize : 9 <-- 0.000833 s
currentSize : 10 <-- 0.000920 s
currentSize : 11 <-- 0.001563 s
currentSize : 16 <-- 0.006987 s
currentSize : 17 <-- 0.007033 s

maxsize : 17
nodes : 1892.000000
filtered : 28517.000000
time : 0.007693
