Parameters: GAD=1 vflib=1 dir=1 label=1 lowerbound=1 fileNameGp=../graphsdb/mcs70/bvg/b06/mcs70_b06_s100.A83 fileNameGt=../graphsdb/mcs70/bvg/b06/mcs70_b06_s100.B83
Reading graphs...
100 : 300
100 : 300
Initializing...
maxdom : 8
D->valSize : 416
Solving...
Blb : 2 (clique : 56)
currentSize : 56 <-- 0.004622 s
currentSize : 61 <-- 0.009468 s
currentSize : 62 <-- 205.006363 s
currentSize : 65 <-- 287.327545 s
currentSize : 66 <-- 386.909241 s
currentSize : 71 <-- 413.834137 s

maxsize : 71
nodes : 99796247.000000
filtered : 453243038.000000
time : 527.838989
