Parameters: GAD=1 vflib=1 dir=1 label=1 lowerbound=1 fileNameGp=../graphsdb/mcs70/bvg/b06m/mcs70_b06m_s60.A27 fileNameGt=../graphsdb/mcs70/bvg/b06m/mcs70_b06m_s60.B27
Reading graphs...
60 : 180
60 : 180
Initializing...
maxdom : 7
D->valSize : 250
Solving...
Blb : 3 (clique : 24)
currentSize : 24 <-- 0.001748 s
currentSize : 25 <-- 0.001920 s
currentSize : 26 <-- 0.002002 s
currentSize : 27 <-- 0.002075 s
currentSize : 28 <-- 0.004726 s
currentSize : 29 <-- 0.008507 s
currentSize : 31 <-- 0.008721 s
currentSize : 32 <-- 0.009195 s
currentSize : 33 <-- 0.009589 s
currentSize : 34 <-- 0.156238 s
currentSize : 35 <-- 0.157933 s
currentSize : 39 <-- 0.158008 s
currentSize : 40 <-- 0.158278 s
currentSize : 42 <-- 0.159003 s

maxsize : 42
nodes : 68411.000000
filtered : 371200.000000
time : 0.279494
