Parameters: GAD=1 vflib=1 dir=1 label=1 lowerbound=1 fileNameGp=../graphsdb/mcs70/m3D/m3Dr4/mcs70_m3Dr4_s100.A95 fileNameGt=../graphsdb/mcs70/m3D/m3Dr4/mcs70_m3Dr4_s100.B95
Reading graphs...
100 : 275
100 : 273
Initializing...
maxdom : 8
D->valSize : 388
Solving...
Blb : 2 (clique : 52)
currentSize : 52 <-- 0.004230 s
currentSize : 56 <-- 0.004906 s
currentSize : 62 <-- 4.800050 s
currentSize : 63 <-- 4.801403 s
currentSize : 64 <-- 22.417582 s
currentSize : 65 <-- 22.418924 s

maxsize : 65
nodes : 10383674.000000
filtered : 46880468.000000
time : 52.663494
