Parameters: GAD=1 vflib=1 dir=1 label=1 lowerbound=1 fileNameGp=../graphsdb/mcs70/m3D/m3Dr2/mcs70_m3Dr2_s40.A36 fileNameGt=../graphsdb/mcs70/m3D/m3Dr2/mcs70_m3Dr2_s40.B36
Reading graphs...
40 : 92
40 : 92
Initializing...
maxdom : 7
D->valSize : 221
Solving...
Blb : 2 (clique : 21)
currentSize : 21 <-- 0.001407 s
currentSize : 23 <-- 0.030175 s
currentSize : 25 <-- 0.030235 s
currentSize : 26 <-- 0.030536 s
currentSize : 27 <-- 0.038262 s

maxsize : 27
nodes : 12356.000000
filtered : 116804.000000
time : 0.047344
