Parameters: GAD=1 vflib=1 dir=1 label=1 lowerbound=1 fileNameGp=../graphsdb/mcs70/bvg/b06m/mcs70_b06m_s25.A61 fileNameGt=../graphsdb/mcs70/bvg/b06m/mcs70_b06m_s25.B61
Reading graphs...
25 : 75
25 : 75
Initializing...
maxdom : 8
D->valSize : 159
Solving...
Blb : 2 (clique : 8)
currentSize : 8 <-- 0.000775 s
currentSize : 9 <-- 0.000871 s
currentSize : 10 <-- 0.003779 s
currentSize : 12 <-- 0.004329 s
currentSize : 15 <-- 0.004415 s
currentSize : 17 <-- 0.004442 s

maxsize : 17
nodes : 1317.000000
filtered : 14710.000000
time : 0.005019
