Parameters: GAD=1 vflib=1 dir=1 label=1 lowerbound=1 fileNameGp=../graphsdb/mcs70/bvg/b09/mcs70_b09_s70.A29 fileNameGt=../graphsdb/mcs70/bvg/b09/mcs70_b09_s70.B29
Reading graphs...
70 : 315
70 : 315
Initializing...
maxdom : 9
D->valSize : 331
Solving...
Blb : 2 (clique : 19)
currentSize : 19 <-- 0.002731 s
currentSize : 20 <-- 0.002891 s
currentSize : 23 <-- 0.004814 s
currentSize : 24 <-- 0.004881 s
currentSize : 25 <-- 0.005002 s
currentSize : 26 <-- 0.011104 s
currentSize : 27 <-- 0.012512 s
currentSize : 28 <-- 0.019175 s
currentSize : 30 <-- 0.019611 s
currentSize : 31 <-- 0.019781 s
currentSize : 32 <-- 0.020296 s
currentSize : 33 <-- 0.020488 s
currentSize : 36 <-- 0.031452 s
currentSize : 44 <-- 0.033242 s
currentSize : 46 <-- 0.147770 s
currentSize : 47 <-- 0.148046 s
currentSize : 48 <-- 0.148497 s

maxsize : 48
nodes : 84652.000000
filtered : 502732.000000
time : 0.381110
