Parameters: GAD=1 vflib=1 dir=1 label=1 lowerbound=1 fileNameGp=../graphsdb/mcs70/m2D/m2D/mcs70_m2D_s100.A05 fileNameGt=../graphsdb/mcs70/m2D/m2D/mcs70_m2D_s100.B05
Reading graphs...
100 : 180
100 : 180
Initializing...
maxdom : 7
D->valSize : 345
Solving...
Blb : 3 (clique : 46)
currentSize : 46 <-- 0.006944 s
currentSize : 47 <-- 0.858884 s
currentSize : 48 <-- 0.877280 s
currentSize : 49 <-- 1.002728 s
currentSize : 50 <-- 1.007844 s
currentSize : 51 <-- 46.378979 s
currentSize : 52 <-- 46.385159 s
currentSize : 53 <-- 182.133301 s
currentSize : 54 <-- 183.117111 s
currentSize : 56 <-- 297.881500 s
currentSize : 57 <-- 456.445435 s
currentSize : 58 <-- 456.445557 s
currentSize : 60 <-- 527.426270 s
currentSize : 61 <-- 527.426392 s
currentSize : 62 <-- 674.472961 s
currentSize : 63 <-- 674.474182 s
currentSize : 64 <-- 674.474487 s

maxsize : 64
nodes : 146096048.000000
filtered : 503529792.000000
time : 714.246277
