Parameters: GAD=1 vflib=1 dir=1 label=1 lowerbound=1 fileNameGp=../graphsdb/mcs70/m2D/m2Dr6/mcs70_m2Dr6_s70.A29 fileNameGt=../graphsdb/mcs70/m2D/m2Dr6/mcs70_m2Dr6_s70.B29
Reading graphs...
70 : 165
70 : 164
Initializing...
maxdom : 12
D->valSize : 375
Solving...
Blb : 2 (clique : 29)
currentSize : 29 <-- 0.003350 s
currentSize : 32 <-- 0.003547 s
currentSize : 33 <-- 0.003706 s
currentSize : 34 <-- 0.003867 s
currentSize : 36 <-- 0.003992 s
currentSize : 37 <-- 0.011222 s
currentSize : 38 <-- 0.011319 s
currentSize : 39 <-- 0.320223 s
currentSize : 40 <-- 0.325609 s
currentSize : 42 <-- 1.049154 s
currentSize : 43 <-- 1.053015 s
currentSize : 44 <-- 1.053279 s
currentSize : 45 <-- 2.202668 s
currentSize : 49 <-- 2.202987 s
currentSize : 50 <-- 2.206755 s

maxsize : 50
nodes : 807133.000000
filtered : 4266477.000000
time : 3.380306
