Parameters: GAD=1 vflib=1 dir=1 label=1 lowerbound=1 fileNameGp=../graphsdb/mcs70/bvg/b03/mcs70_b03_s90.A46 fileNameGt=../graphsdb/mcs70/bvg/b03/mcs70_b03_s90.B46
Reading graphs...
90 : 135
90 : 135
Initializing...
maxdom : 10
D->valSize : 572
Solving...
Blb : 2 (clique : 56)
currentSize : 56 <-- 0.012389 s
currentSize : 57 <-- 0.014450 s
currentSize : 58 <-- 0.014792 s
currentSize : 59 <-- 0.015676 s
currentSize : 63 <-- 0.016513 s
currentSize : 64 <-- 132.360367 s

maxsize : 64
nodes : 233299234.000000
filtered : 1731373012.000000
time : 1404.990723
