Parameters: GAD=1 vflib=1 dir=1 label=1 lowerbound=1 fileNameGp=../graphsdb/mcs70/m2D/m2Dr4/mcs70_m2Dr4_s80.A14 fileNameGt=../graphsdb/mcs70/m2D/m2Dr4/mcs70_m2Dr4_s80.B14
Reading graphs...
80 : 174
80 : 174
Initializing...
maxdom : 10
D->valSize : 475
Solving...
Blb : 3 (clique : 41)
currentSize : 41 <-- 0.005168 s
currentSize : 42 <-- 55.283867 s
currentSize : 43 <-- 837.549866 s
currentSize : 44 <-- 837.554993 s
currentSize : 45 <-- 910.679077 s
currentSize : 46 <-- 910.679382 s
currentSize : 47 <-- 910.685242 s
currentSize : 48 <-- 910.685730 s
currentSize : 49 <-- 910.701843 s
currentSize : 50 <-- 910.729431 s

maxsize : 50
nodes : 192917319.000000
filtered : 1492524160.000000
time : 1043.742554
