Parameters: GAD=1 vflib=1 dir=1 label=1 lowerbound=1 fileNameGp=../graphsdb/mcs70/m3D/m3Dr2/mcs70_m3Dr2_s40.A50 fileNameGt=../graphsdb/mcs70/m3D/m3Dr2/mcs70_m3Dr2_s40.B50
Reading graphs...
40 : 92
40 : 92
Initializing...
maxdom : 7
D->valSize : 223
Solving...
Blb : 2 (clique : 16)
currentSize : 16 <-- 0.001330 s
currentSize : 17 <-- 0.001451 s
currentSize : 18 <-- 0.001502 s
currentSize : 19 <-- 0.001572 s
currentSize : 23 <-- 0.001684 s
currentSize : 24 <-- 0.001773 s
currentSize : 26 <-- 0.007765 s
currentSize : 27 <-- 0.007877 s

maxsize : 27
nodes : 3806.000000
filtered : 27909.000000
time : 0.016623
