Parameters: GAD=1 vflib=1 dir=1 label=1 lowerbound=1 fileNameGp=../graphsdb/mcs70/m3D/m3Dr4/mcs70_m3Dr4_s100.A89 fileNameGt=../graphsdb/mcs70/m3D/m3Dr4/mcs70_m3Dr4_s100.B89
Reading graphs...
100 : 275
100 : 274
Initializing...
maxdom : 5
D->valSize : 361
Solving...
Blb : 2 (clique : 49)
currentSize : 49 <-- 0.003946 s
currentSize : 52 <-- 0.004309 s
currentSize : 53 <-- 0.010191 s
currentSize : 57 <-- 0.098721 s
currentSize : 59 <-- 0.106604 s
currentSize : 60 <-- 0.325364 s
currentSize : 61 <-- 2.245540 s
currentSize : 62 <-- 8.912920 s
currentSize : 64 <-- 12.688560 s

maxsize : 64
nodes : 312865122.000000
filtered : 1205489626.000000
time : 1583.755005
