Parameters: GAD=1 vflib=1 dir=1 label=1 lowerbound=1 fileNameGp=../graphsdb/mcs70/bvg/b09/mcs70_b09_s80.A18 fileNameGt=../graphsdb/mcs70/bvg/b09/mcs70_b09_s80.B18
Reading graphs...
80 : 360
80 : 360
Initializing...
maxdom : 8
D->valSize : 438
Solving...
Blb : 2 (clique : 28)
currentSize : 28 <-- 0.004298 s
currentSize : 30 <-- 0.008969 s
currentSize : 35 <-- 0.049325 s
currentSize : 40 <-- 0.049502 s
currentSize : 48 <-- 0.119940 s
currentSize : 52 <-- 0.120177 s
currentSize : 55 <-- 1.016482 s
currentSize : 56 <-- 1.036630 s

maxsize : 56
nodes : 366037.000000
filtered : 2451520.000000
time : 1.804396
