Parameters: GAD=1 vflib=1 dir=1 label=1 lowerbound=1 fileNameGp=../graphsdb/mcs70/m2D/m2Dr4/mcs70_m2Dr4_s70.A25 fileNameGt=../graphsdb/mcs70/m2D/m2Dr4/mcs70_m2Dr4_s70.B25
Reading graphs...
70 : 151
70 : 150
Initializing...
maxdom : 9
D->valSize : 361
Solving...
Blb : 2 (clique : 42)
currentSize : 42 <-- 0.005250 s
currentSize : 43 <-- 0.358067 s
currentSize : 44 <-- 0.359202 s
currentSize : 47 <-- 1.466566 s
currentSize : 49 <-- 1.466714 s

maxsize : 49
nodes : 1394815.000000
filtered : 6297270.000000
time : 5.945836
