Parameters: GAD=1 vflib=1 dir=1 label=1 lowerbound=1 fileNameGp=../graphsdb/mcs70/m4D/m4D/mcs70_m4D_s25.A54 fileNameGt=../graphsdb/mcs70/m4D/m4D/mcs70_m4D_s25.B54
Reading graphs...
25 : 47
25 : 47
Initializing...
maxdom : 11
D->valSize : 170
Solving...
Blb : 2 (clique : 10)
currentSize : 10 <-- 0.001233 s
currentSize : 11 <-- 0.001331 s
currentSize : 13 <-- 0.001440 s
currentSize : 14 <-- 0.002955 s
currentSize : 16 <-- 0.021137 s

maxsize : 16
nodes : 6530.000000
filtered : 71335.000000
time : 0.031999
