Parameters: GAD=1 vflib=1 dir=1 label=1 lowerbound=1 fileNameGp=../graphsdb/mcs70/m3D/m3Dr4/mcs70_m3Dr4_s90.A68 fileNameGt=../graphsdb/mcs70/m3D/m3Dr4/mcs70_m3Dr4_s90.B68
Reading graphs...
90 : 245
90 : 243
Initializing...
maxdom : 9
D->valSize : 563
Solving...
Blb : 3 (clique : 47)
currentSize : 47 <-- 0.006872 s
currentSize : 49 <-- 3.820777 s
currentSize : 50 <-- 3.821077 s
currentSize : 51 <-- 3.838520 s
currentSize : 52 <-- 3.838828 s
currentSize : 53 <-- 133.674545 s
currentSize : 54 <-- 133.682892 s
currentSize : 55 <-- 133.684692 s
currentSize : 56 <-- 133.693665 s
currentSize : 57 <-- 225.122086 s
currentSize : 58 <-- 225.140656 s
currentSize : 61 <-- 451.872437 s
currentSize : 62 <-- 451.888184 s
currentSize : 64 <-- 451.888702 s

maxsize : 64
nodes : 115385446.000000
filtered : 665245972.000000
time : 586.669861
