Parameters: GAD=1 vflib=1 dir=1 label=1 lowerbound=1 fileNameGp=../graphsdb/mcs70/bvg/b03m/mcs70_b03m_s100.A70 fileNameGt=../graphsdb/mcs70/bvg/b03m/mcs70_b03m_s100.B70
Reading graphs...
100 : 150
100 : 150
Initializing...
maxdom : 9
D->valSize : 422
Solving...
Blb : 2 (clique : 61)
currentSize : 61 <-- 0.006924 s
currentSize : 62 <-- 0.007375 s
currentSize : 63 <-- 0.007604 s
currentSize : 64 <-- 0.009672 s
currentSize : 65 <-- 0.010932 s
currentSize : 66 <-- 0.012003 s
currentSize : 67 <-- 33.931049 s
currentSize : 69 <-- 33.932480 s
currentSize : 70 <-- 33.947441 s

maxsize : 70
nodes : 523219937.000000
filtered : 1887379358.000000
time : 2649.892090
