Parameters: GAD=1 vflib=1 dir=1 label=1 lowerbound=1 fileNameGp=../graphsdb/mcs70/m2D/m2Dr6/mcs70_m2Dr6_s80.A44 fileNameGt=../graphsdb/mcs70/m2D/m2Dr6/mcs70_m2Dr6_s80.B44
Reading graphs...
80 : 190
80 : 189
Initializing...
maxdom : 9
D->valSize : 432
Solving...
Blb : 2 (clique : 36)
currentSize : 36 <-- 0.004360 s
currentSize : 37 <-- 0.004847 s
currentSize : 38 <-- 0.006429 s
currentSize : 39 <-- 0.030085 s
currentSize : 40 <-- 0.163074 s
currentSize : 41 <-- 0.651993 s
currentSize : 43 <-- 0.652465 s
currentSize : 44 <-- 0.653430 s
currentSize : 45 <-- 0.656802 s
currentSize : 46 <-- 0.658585 s
currentSize : 49 <-- 3.289075 s
currentSize : 50 <-- 3.295840 s

maxsize : 50
nodes : 58140277.000000
filtered : 231556236.000000
time : 251.794754
