Parameters: GAD=1 vflib=1 dir=1 label=1 lowerbound=1 fileNameGp=../graphsdb/mcs70/rand/r005/mcs70_r005_s100.A27 fileNameGt=../graphsdb/mcs70/rand/r005/mcs70_r005_s100.B27
Reading graphs...
100 : 494
100 : 494
Initializing...
maxdom : 6
D->valSize : 345
Solving...
Blb : 5 (clique : 27)
currentSize : 27 <-- 0.003346 s
currentSize : 28 <-- 0.003673 s
currentSize : 29 <-- 0.004081 s
currentSize : 30 <-- 0.004819 s
currentSize : 31 <-- 0.005496 s
currentSize : 32 <-- 0.005705 s
currentSize : 33 <-- 0.006997 s
currentSize : 34 <-- 0.008361 s
currentSize : 35 <-- 0.008527 s
currentSize : 36 <-- 0.008855 s
currentSize : 37 <-- 0.009107 s
currentSize : 40 <-- 0.013216 s
currentSize : 41 <-- 0.016970 s
currentSize : 43 <-- 0.021364 s
currentSize : 49 <-- 0.021633 s
currentSize : 58 <-- 0.042282 s
currentSize : 60 <-- 0.382723 s
currentSize : 70 <-- 0.404472 s

maxsize : 70
nodes : 65604.000000
filtered : 624029.000000
time : 0.437612
