Parameters: GAD=1 vflib=1 dir=1 label=1 lowerbound=1 fileNameGp=../graphsdb/mcs70/bvg/b06m/mcs70_b06m_s40.A53 fileNameGt=../graphsdb/mcs70/bvg/b06m/mcs70_b06m_s40.B53
Reading graphs...
40 : 120
40 : 120
Initializing...
maxdom : 8
D->valSize : 215
Solving...
Blb : 3 (clique : 18)
currentSize : 18 <-- 0.001459 s
currentSize : 19 <-- 0.014209 s
currentSize : 21 <-- 0.036194 s
currentSize : 26 <-- 0.041391 s
currentSize : 28 <-- 0.041456 s

maxsize : 28
nodes : 12977.000000
filtered : 84714.000000
time : 0.047532
