Parameters: GAD=1 vflib=1 dir=1 label=1 lowerbound=1 fileNameGp=../graphsdb/mcs70/m3D/m3Dr2/mcs70_m3Dr2_s40.A63 fileNameGt=../graphsdb/mcs70/m3D/m3Dr2/mcs70_m3Dr2_s40.B63
Reading graphs...
40 : 92
40 : 92
Initializing...
maxdom : 8
D->valSize : 219
Solving...
Blb : 3 (clique : 15)
currentSize : 15 <-- 0.001256 s
currentSize : 18 <-- 0.001334 s
currentSize : 20 <-- 0.001423 s
currentSize : 21 <-- 0.001481 s
currentSize : 22 <-- 0.023004 s
currentSize : 23 <-- 0.023088 s
currentSize : 25 <-- 0.023173 s
currentSize : 27 <-- 0.050258 s

maxsize : 27
nodes : 28022.000000
filtered : 170106.000000
time : 0.089528
