Parameters: GAD=1 vflib=1 dir=1 label=1 lowerbound=1 fileNameGp=../graphsdb/mcs70/bvg/b06/mcs70_b06_s70.A69 fileNameGt=../graphsdb/mcs70/bvg/b06/mcs70_b06_s70.B69
Reading graphs...
70 : 210
70 : 210
Initializing...
maxdom : 9
D->valSize : 329
Solving...
Blb : 2 (clique : 23)
currentSize : 23 <-- 0.002812 s
currentSize : 24 <-- 0.003036 s
currentSize : 25 <-- 0.003365 s
currentSize : 26 <-- 0.004089 s
currentSize : 28 <-- 0.005824 s
currentSize : 29 <-- 0.005859 s
currentSize : 30 <-- 0.088617 s
currentSize : 31 <-- 0.190225 s
currentSize : 32 <-- 0.190495 s
currentSize : 33 <-- 0.190876 s
currentSize : 35 <-- 5.422678 s
currentSize : 36 <-- 5.422851 s
currentSize : 37 <-- 5.423048 s
currentSize : 38 <-- 5.423478 s
currentSize : 40 <-- 5.425416 s
currentSize : 41 <-- 5.425683 s
currentSize : 45 <-- 11.681345 s
currentSize : 47 <-- 11.681443 s
currentSize : 49 <-- 11.681560 s

maxsize : 49
nodes : 2859068.000000
filtered : 14838630.000000
time : 11.884657
