Parameters: GAD=1 vflib=1 dir=1 label=1 lowerbound=1 fileNameGp=../graphsdb/mcs70/rand/r01/mcs70_r01_s20.A07 fileNameGt=../graphsdb/mcs70/rand/r01/mcs70_r01_s20.B07
Reading graphs...
20 : 37
20 : 37
Initializing...
maxdom : 6
D->valSize : 97
Solving...
Blb : 2 (clique : 9)
currentSize : 9 <-- 0.000671 s
currentSize : 10 <-- 0.001541 s
currentSize : 11 <-- 0.001708 s
currentSize : 12 <-- 0.002546 s
currentSize : 13 <-- 0.002611 s
currentSize : 14 <-- 0.002651 s

maxsize : 14
nodes : 522.000000
filtered : 5216.000000
time : 0.002941
