Parameters: GAD=1 vflib=1 dir=1 label=1 lowerbound=1 fileNameGp=../graphsdb/mcs70/m2D/m2Dr2/mcs70_m2Dr2_s100.A20 fileNameGt=../graphsdb/mcs70/m2D/m2Dr2/mcs70_m2Dr2_s100.B20
Reading graphs...
100 : 200
100 : 200
Initializing...
maxdom : 10
D->valSize : 378
Solving...
Blb : 2 (clique : 46)
currentSize : 46 <-- 0.004092 s
currentSize : 48 <-- 0.248532 s
currentSize : 50 <-- 3.089358 s
currentSize : 51 <-- 4.882881 s
currentSize : 52 <-- 4.903975 s
currentSize : 53 <-- 4.904152 s
currentSize : 54 <-- 8.278275 s
currentSize : 55 <-- 16.272776 s
currentSize : 56 <-- 23.670174 s
currentSize : 57 <-- 25.800535 s
currentSize : 58 <-- 25.800898 s
currentSize : 59 <-- 28.215117 s
currentSize : 60 <-- 71.038094 s
currentSize : 61 <-- 71.038696 s
currentSize : 62 <-- 73.371643 s
currentSize : 63 <-- 81.408524 s
currentSize : 64 <-- 333.845703 s

maxsize : 64
nodes : 123352990.000000
filtered : 518172856.000000
time : 636.849854
