Parameters: GAD=1 vflib=1 dir=1 label=1 lowerbound=1 fileNameGp=../graphsdb/mcs70/m2D/m2D/mcs70_m2D_s50.A57 fileNameGt=../graphsdb/mcs70/m2D/m2D/mcs70_m2D_s50.B57
Reading graphs...
50 : 85
50 : 85
Initializing...
maxdom : 9
D->valSize : 336
Solving...
Blb : 2 (clique : 18)
currentSize : 18 <-- 0.002584 s
currentSize : 19 <-- 0.002815 s
currentSize : 20 <-- 0.003029 s
currentSize : 21 <-- 0.019462 s
currentSize : 22 <-- 0.019737 s
currentSize : 23 <-- 0.028501 s
currentSize : 24 <-- 0.071481 s
currentSize : 25 <-- 0.075356 s
currentSize : 26 <-- 0.080008 s
currentSize : 27 <-- 0.169627 s
currentSize : 28 <-- 0.183760 s
currentSize : 29 <-- 0.196298 s
currentSize : 30 <-- 0.196355 s
currentSize : 31 <-- 0.197381 s
currentSize : 33 <-- 0.303592 s
currentSize : 35 <-- 0.389273 s
currentSize : 36 <-- 0.576446 s

maxsize : 36
nodes : 144414.000000
filtered : 1219784.000000
time : 0.626954
