Parameters: GAD=1 vflib=1 dir=1 label=1 lowerbound=1 fileNameGp=../graphsdb/mcs70/rand/r005/mcs70_r005_s90.A47 fileNameGt=../graphsdb/mcs70/rand/r005/mcs70_r005_s90.B47
Reading graphs...
90 : 399
90 : 399
Initializing...
maxdom : 11
D->valSize : 551
Solving...
Blb : 2 (clique : 37)
currentSize : 37 <-- 0.006289 s
currentSize : 39 <-- 0.168506 s
currentSize : 41 <-- 0.253437 s
currentSize : 42 <-- 0.515810 s
currentSize : 43 <-- 0.709094 s
currentSize : 48 <-- 1.112307 s
currentSize : 53 <-- 1.985371 s
currentSize : 54 <-- 2.609745 s
currentSize : 55 <-- 2.893976 s
currentSize : 63 <-- 2.895606 s

maxsize : 63
nodes : 534895.000000
filtered : 6901261.000000
time : 3.420304
