Parameters: GAD=1 vflib=1 dir=1 label=1 lowerbound=1 fileNameGp=../graphsdb/mcs70/m3D/m3Dr6/mcs70_m3Dr6_s100.A87 fileNameGt=../graphsdb/mcs70/m3D/m3Dr6/mcs70_m3Dr6_s100.B87
Reading graphs...
100 : 295
100 : 294
Initializing...
maxdom : 9
D->valSize : 369
Solving...
Blb : 2 (clique : 40)
currentSize : 40 <-- 0.006338 s
currentSize : 41 <-- 0.007039 s
currentSize : 45 <-- 0.008145 s
currentSize : 46 <-- 0.012344 s
currentSize : 50 <-- 0.014431 s
currentSize : 52 <-- 0.075586 s
currentSize : 54 <-- 0.255892 s
currentSize : 56 <-- 0.413653 s
currentSize : 58 <-- 4.164356 s
currentSize : 59 <-- 30.509705 s
currentSize : 60 <-- 30.696451 s
currentSize : 61 <-- 30.697165 s
currentSize : 63 <-- 30.701817 s
currentSize : 64 <-- 71.307953 s

maxsize : 64
nodes : 18030751.000000
filtered : 85614799.000000
time : 95.789421
