Parameters: GAD=1 vflib=1 dir=1 label=1 lowerbound=1 fileNameGp=../graphsdb/mcs70/m2D/m2Dr6/mcs70_m2Dr6_s90.A52 fileNameGt=../graphsdb/mcs70/m2D/m2Dr6/mcs70_m2Dr6_s90.B52
Reading graphs...
90 : 215
90 : 211
Initializing...
maxdom : 9
D->valSize : 548
Solving...
Blb : 3 (clique : 52)
currentSize : 52 <-- 0.006705 s
currentSize : 54 <-- 0.008666 s
currentSize : 55 <-- 0.020009 s
currentSize : 58 <-- 0.819226 s
currentSize : 60 <-- 0.819333 s
currentSize : 61 <-- 0.819726 s
currentSize : 62 <-- 0.834995 s
currentSize : 63 <-- 2.988974 s
currentSize : 64 <-- 3.006767 s

maxsize : 64
nodes : 42475798.000000
filtered : 240210089.000000
time : 216.612732
