Parameters: GAD=1 vflib=1 dir=1 label=1 lowerbound=1 fileNameGp=../graphsdb/mcs70/rand/r01/mcs70_r01_s70.A87 fileNameGt=../graphsdb/mcs70/rand/r01/mcs70_r01_s70.B87
Reading graphs...
70 : 482
70 : 482
Initializing...
maxdom : 8
D->valSize : 358
Solving...
Blb : 3 (clique : 16)
currentSize : 16 <-- 0.004517 s
currentSize : 18 <-- 0.067752 s
currentSize : 19 <-- 0.094933 s
currentSize : 23 <-- 0.097385 s
currentSize : 27 <-- 0.101595 s
currentSize : 49 <-- 0.133991 s

maxsize : 49
nodes : 19625.000000
filtered : 213109.000000
time : 0.145196
