Parameters: GAD=1 vflib=1 dir=1 label=1 lowerbound=1 fileNameGp=../graphsdb/mcs70/bvg/b06m/mcs70_b06m_s90.A53 fileNameGt=../graphsdb/mcs70/bvg/b06m/mcs70_b06m_s90.B53
Reading graphs...
90 : 270
90 : 270
Initializing...
maxdom : 12
D->valSize : 594
Solving...
Blb : 3 (clique : 47)
currentSize : 47 <-- 0.012050 s
currentSize : 48 <-- 2.125221 s
currentSize : 53 <-- 9.431908 s
currentSize : 54 <-- 9.432513 s
currentSize : 55 <-- 9.512009 s
currentSize : 57 <-- 9.512182 s
currentSize : 63 <-- 16.749283 s

maxsize : 63
nodes : 5271324.000000
filtered : 42468451.000000
time : 29.701576
