Parameters: GAD=1 vflib=1 dir=1 label=1 lowerbound=1 fileNameGp=../graphsdb/mcs70/bvg/b03m/mcs70_b03m_s80.A64 fileNameGt=../graphsdb/mcs70/bvg/b03m/mcs70_b03m_s80.B64
Reading graphs...
80 : 120
80 : 120
Initializing...
maxdom : 8
D->valSize : 407
Solving...
Blb : 2 (clique : 40)
currentSize : 40 <-- 0.006871 s
currentSize : 42 <-- 0.010003 s
currentSize : 43 <-- 0.016915 s
currentSize : 44 <-- 0.019963 s
currentSize : 45 <-- 0.020197 s
currentSize : 46 <-- 0.037671 s
currentSize : 47 <-- 0.095683 s
currentSize : 50 <-- 0.097757 s
currentSize : 51 <-- 71.899109 s
currentSize : 54 <-- 71.900734 s
currentSize : 55 <-- 174.268860 s
currentSize : 56 <-- 174.269196 s
currentSize : 57 <-- 174.269562 s

maxsize : 57
nodes : 39645498.000000
filtered : 208742688.000000
time : 187.017792
