Parameters: GAD=1 vflib=1 dir=1 label=1 lowerbound=1 fileNameGp=../graphsdb/mcs70/m2D/m2Dr2/mcs70_m2Dr2_s90.A24 fileNameGt=../graphsdb/mcs70/m2D/m2Dr2/mcs70_m2Dr2_s90.B24
Reading graphs...
90 : 179
90 : 179
Initializing...
maxdom : 10
D->valSize : 551
Solving...
Blb : 2 (clique : 42)
currentSize : 42 <-- 0.011143 s
currentSize : 50 <-- 0.011701 s
currentSize : 52 <-- 0.011887 s
currentSize : 53 <-- 0.012929 s
currentSize : 54 <-- 0.013207 s
currentSize : 57 <-- 0.019391 s
currentSize : 58 <-- 0.020361 s
currentSize : 59 <-- 0.020659 s
currentSize : 60 <-- 0.020803 s
currentSize : 61 <-- 0.220078 s
currentSize : 62 <-- 0.220178 s
currentSize : 63 <-- 0.223130 s
currentSize : 64 <-- 0.223281 s
currentSize : 65 <-- 1.959606 s

maxsize : 65
nodes : 113359715.000000
filtered : 663932935.000000
time : 592.046326
