Parameters: GAD=1 vflib=1 dir=1 label=1 lowerbound=1 fileNameGp=../graphsdb/mcs70/m2D/m2Dr6/mcs70_m2Dr6_s60.A92 fileNameGt=../graphsdb/mcs70/m2D/m2Dr6/mcs70_m2Dr6_s60.B92
Reading graphs...
60 : 140
60 : 137
Initializing...
maxdom : 10
D->valSize : 247
Solving...
Blb : 2 (clique : 22)
currentSize : 22 <-- 0.001788 s
currentSize : 23 <-- 0.001936 s
currentSize : 24 <-- 0.001959 s
currentSize : 25 <-- 0.002145 s
currentSize : 26 <-- 0.002662 s
currentSize : 29 <-- 0.013605 s
currentSize : 30 <-- 0.013733 s
currentSize : 31 <-- 0.013983 s
currentSize : 32 <-- 0.025020 s
currentSize : 33 <-- 1.186497 s
currentSize : 35 <-- 1.186958 s
currentSize : 36 <-- 1.193699 s

maxsize : 36
nodes : 411272.000000
filtered : 2608333.000000
time : 1.750006
