Parameters: GAD=1 vflib=1 dir=1 label=1 lowerbound=1 fileNameGp=../graphsdb/mcs70/m2D/m2Dr2/mcs70_m2Dr2_s60.A63 fileNameGt=../graphsdb/mcs70/m2D/m2Dr2/mcs70_m2Dr2_s60.B63
Reading graphs...
60 : 116
60 : 116
Initializing...
maxdom : 9
D->valSize : 267
Solving...
Blb : 5 (clique : 25)
currentSize : 25 <-- 0.001888 s
currentSize : 26 <-- 0.002135 s
currentSize : 31 <-- 0.012923 s
currentSize : 35 <-- 0.038652 s
currentSize : 36 <-- 0.073544 s

maxsize : 36
nodes : 98536.000000
filtered : 549161.000000
time : 0.394549
