Parameters: GAD=1 vflib=1 dir=1 label=1 lowerbound=1 fileNameGp=../graphsdb/mcs70/bvg/b06/mcs70_b06_s100.A81 fileNameGt=../graphsdb/mcs70/bvg/b06/mcs70_b06_s100.B81
Reading graphs...
100 : 300
100 : 300
Initializing...
maxdom : 7
D->valSize : 374
Solving...
Blb : 2 (clique : 47)
currentSize : 47 <-- 0.004024 s
currentSize : 54 <-- 0.004348 s
currentSize : 57 <-- 0.006543 s
currentSize : 60 <-- 0.053856 s
currentSize : 63 <-- 0.459210 s
currentSize : 69 <-- 12.983107 s
currentSize : 70 <-- 12.984595 s

maxsize : 70
nodes : 3418006.000000
filtered : 16518490.000000
time : 18.624077
