Parameters: GAD=1 vflib=1 dir=1 label=1 lowerbound=1 fileNameGp=../graphsdb/mcs70/bvg/b03m/mcs70_b03m_s60.A28 fileNameGt=../graphsdb/mcs70/bvg/b03m/mcs70_b03m_s60.B28
Reading graphs...
60 : 90
60 : 90
Initializing...
maxdom : 8
D->valSize : 280
Solving...
Blb : 2 (clique : 31)
currentSize : 31 <-- 0.003503 s
currentSize : 32 <-- 0.003858 s
currentSize : 33 <-- 0.004554 s
currentSize : 34 <-- 0.010772 s
currentSize : 35 <-- 0.013584 s
currentSize : 36 <-- 0.014113 s
currentSize : 39 <-- 0.038898 s
currentSize : 40 <-- 0.039269 s
currentSize : 42 <-- 0.171934 s

maxsize : 42
nodes : 28748.000000
filtered : 180897.000000
time : 0.219142
