Parameters: GAD=1 vflib=1 dir=1 label=1 lowerbound=1 fileNameGp=../graphsdb/mcs70/m2D/m2Dr4/mcs70_m2Dr4_s100.A32 fileNameGt=../graphsdb/mcs70/m2D/m2Dr4/mcs70_m2Dr4_s100.B32
Reading graphs...
100 : 220
100 : 219
Initializing...
maxdom : 8
D->valSize : 405
Solving...
Blb : 2 (clique : 49)
currentSize : 49 <-- 0.004477 s
currentSize : 53 <-- 0.026369 s
currentSize : 54 <-- 0.038281 s
currentSize : 55 <-- 0.046013 s
currentSize : 56 <-- 2.092685 s
currentSize : 57 <-- 2.112177 s
currentSize : 58 <-- 2.331236 s
currentSize : 59 <-- 1418.116577 s
currentSize : 60 <-- 2410.988281 s
currentSize : 61 <-- 2411.002441 s
currentSize : 62 <-- 2411.052734 s
currentSize : 63 <-- 2574.697266 s
currentSize : 64 <-- 2574.697510 s

maxsize : 64
nodes : 553973246.000000
filtered : 2534154618.000000
time : 2981.636230
