Parameters: GAD=1 vflib=1 dir=1 label=1 lowerbound=1 fileNameGp=../graphsdb/mcs70/bvg/b09m/mcs70_b09m_s90.A19 fileNameGt=../graphsdb/mcs70/bvg/b09m/mcs70_b09m_s90.B19
Reading graphs...
90 : 405
90 : 405
Initializing...
maxdom : 10
D->valSize : 557
Solving...
Blb : 2 (clique : 36)
currentSize : 36 <-- 0.006497 s
currentSize : 39 <-- 0.327175 s
currentSize : 41 <-- 0.347848 s
currentSize : 42 <-- 5.569644 s
currentSize : 44 <-- 5.570153 s
currentSize : 47 <-- 5.570473 s
currentSize : 57 <-- 16.581163 s
currentSize : 62 <-- 16.597313 s

maxsize : 62
nodes : 5725893.000000
filtered : 43652340.000000
time : 31.742954
