Parameters: GAD=1 vflib=1 dir=1 label=1 lowerbound=1 fileNameGp=../graphsdb/mcs70/m2D/m2D/mcs70_m2D_s50.A29 fileNameGt=../graphsdb/mcs70/m2D/m2D/mcs70_m2D_s50.B29
Reading graphs...
50 : 85
50 : 85
Initializing...
maxdom : 10
D->valSize : 344
Solving...
Blb : 2 (clique : 31)
currentSize : 31 <-- 0.002609 s
currentSize : 32 <-- 0.007468 s
currentSize : 34 <-- 0.012422 s
currentSize : 35 <-- 0.034828 s
currentSize : 36 <-- 0.051806 s

maxsize : 36
nodes : 15419.000000
filtered : 122836.000000
time : 0.064958
