Parameters: GAD=1 vflib=1 dir=1 label=1 lowerbound=1 fileNameGp=../graphsdb/mcs70/m3D/m3Dr4/mcs70_m3Dr4_s100.A85 fileNameGt=../graphsdb/mcs70/m3D/m3Dr4/mcs70_m3Dr4_s100.B85
Reading graphs...
100 : 275
100 : 274
Initializing...
maxdom : 10
D->valSize : 387
Solving...
Blb : 2 (clique : 41)
currentSize : 41 <-- 0.006591 s
currentSize : 43 <-- 0.007102 s
currentSize : 44 <-- 0.009474 s
currentSize : 45 <-- 0.018282 s
currentSize : 46 <-- 0.095151 s
currentSize : 47 <-- 0.100177 s
currentSize : 48 <-- 0.218532 s
currentSize : 49 <-- 0.271679 s
currentSize : 50 <-- 0.271990 s
currentSize : 53 <-- 0.469807 s
currentSize : 54 <-- 0.473400 s
currentSize : 55 <-- 0.474153 s
currentSize : 56 <-- 0.541162 s
currentSize : 57 <-- 0.544880 s
currentSize : 58 <-- 0.545821 s
currentSize : 59 <-- 58.036991 s
currentSize : 60 <-- 58.037521 s
currentSize : 63 <-- 58.063183 s
currentSize : 64 <-- 58.064217 s
currentSize : 65 <-- 58.064888 s

maxsize : 65
nodes : 21930613.000000
filtered : 97683199.000000
time : 110.987305
