Parameters: GAD=1 vflib=1 dir=1 label=1 lowerbound=1 fileNameGp=../graphsdb/mcs70/rand/r005/mcs70_r005_s35.A04 fileNameGt=../graphsdb/mcs70/rand/r005/mcs70_r005_s35.B04
Reading graphs...
35 : 58
35 : 58
Initializing...
maxdom : 7
D->valSize : 171
Solving...
Blb : 3 (clique : 14)
currentSize : 14 <-- 0.000962 s
currentSize : 18 <-- 0.002490 s
currentSize : 19 <-- 0.002542 s
currentSize : 20 <-- 0.002595 s
currentSize : 21 <-- 0.005068 s
currentSize : 23 <-- 0.010296 s
currentSize : 24 <-- 0.010383 s

maxsize : 24
nodes : 3612.000000
filtered : 30502.000000
time : 0.012885
