Parameters: GAD=1 vflib=1 dir=1 label=1 lowerbound=1 fileNameGp=../graphsdb/mcs70/bvg/b09/mcs70_b09_s50.A28 fileNameGt=../graphsdb/mcs70/bvg/b09/mcs70_b09_s50.B28
Reading graphs...
50 : 225
50 : 225
Initializing...
maxdom : 10
D->valSize : 326
Solving...
Blb : 2 (clique : 19)
currentSize : 19 <-- 0.002217 s
currentSize : 21 <-- 0.009581 s
currentSize : 22 <-- 0.009683 s
currentSize : 23 <-- 0.009751 s
currentSize : 29 <-- 0.035700 s
currentSize : 34 <-- 0.035782 s

maxsize : 34
nodes : 10962.000000
filtered : 95958.000000
time : 0.046173
