Parameters: GAD=1 vflib=1 dir=1 label=1 lowerbound=1 fileNameGp=../graphsdb/mcs70/bvg/b09/mcs70_b09_s25.A23 fileNameGt=../graphsdb/mcs70/bvg/b09/mcs70_b09_s25.B23
Reading graphs...
25 : 112
25 : 112
Initializing...
maxdom : 7
D->valSize : 158
Solving...
Blb : 3 (clique : 6)
currentSize : 6 <-- 0.000704 s
currentSize : 7 <-- 0.000832 s
currentSize : 8 <-- 0.001344 s
currentSize : 9 <-- 0.002093 s
currentSize : 10 <-- 0.002109 s
currentSize : 14 <-- 0.002562 s
currentSize : 16 <-- 0.002647 s

maxsize : 16
nodes : 810.000000
filtered : 11082.000000
time : 0.003253
