Parameters: GAD=1 vflib=1 dir=1 label=1 lowerbound=1 fileNameGp=../graphsdb/mcs70/bvg/b06/mcs70_b06_s60.A17 fileNameGt=../graphsdb/mcs70/bvg/b06/mcs70_b06_s60.B17
Reading graphs...
60 : 180
60 : 180
Initializing...
maxdom : 8
D->valSize : 253
Solving...
Blb : 3 (clique : 32)
currentSize : 32 <-- 0.001864 s
currentSize : 33 <-- 0.005815 s
currentSize : 34 <-- 0.005996 s
currentSize : 35 <-- 0.610724 s
currentSize : 42 <-- 0.610966 s

maxsize : 42
nodes : 157564.000000
filtered : 907183.000000
time : 0.629284
