Parameters: GAD=1 vflib=1 dir=1 label=1 lowerbound=1 fileNameGp=../graphsdb/mcs70/bvg/b06/mcs70_b06_s70.A18 fileNameGt=../graphsdb/mcs70/bvg/b06/mcs70_b06_s70.B18
Reading graphs...
70 : 210
70 : 210
Initializing...
maxdom : 8
D->valSize : 349
Solving...
Blb : 2 (clique : 37)
currentSize : 37 <-- 0.004877 s
currentSize : 39 <-- 0.005221 s
currentSize : 44 <-- 0.005466 s
currentSize : 45 <-- 0.012121 s
currentSize : 48 <-- 0.297297 s
currentSize : 49 <-- 0.299129 s

maxsize : 49
nodes : 239192.000000
filtered : 1412440.000000
time : 1.101622
