Parameters: GAD=1 vflib=1 dir=1 label=1 lowerbound=1 fileNameGp=../graphsdb/mcs70/rand/r02/mcs70_r02_s60.A92 fileNameGt=../graphsdb/mcs70/rand/r02/mcs70_r02_s60.B92
Reading graphs...
60 : 707
60 : 707
Initializing...
maxdom : 9
D->valSize : 267
Solving...
Blb : 2 (clique : 10)
currentSize : 10 <-- 0.001797 s
currentSize : 13 <-- 0.001885 s
currentSize : 19 <-- 0.001982 s
currentSize : 21 <-- 0.003350 s
currentSize : 22 <-- 0.005031 s
currentSize : 28 <-- 0.005835 s
currentSize : 42 <-- 0.005993 s

maxsize : 42
nodes : 985.000000
filtered : 19510.000000
time : 0.006845
