Parameters: GAD=1 vflib=1 dir=1 label=1 lowerbound=1 fileNameGp=../graphsdb/mcs70/rand/r01/mcs70_r01_s30.A48 fileNameGt=../graphsdb/mcs70/rand/r01/mcs70_r01_s30.B48
Reading graphs...
30 : 86
30 : 86
Initializing...
maxdom : 6
D->valSize : 127
Solving...
Blb : 2 (clique : 11)
currentSize : 11 <-- 0.000721 s
currentSize : 13 <-- 0.005197 s
currentSize : 14 <-- 0.005274 s
currentSize : 15 <-- 0.005385 s
currentSize : 16 <-- 0.005666 s
currentSize : 21 <-- 0.005758 s

maxsize : 21
nodes : 1833.000000
filtered : 13040.000000
time : 0.005877
