Parameters: GAD=1 vflib=1 dir=1 label=1 lowerbound=1 fileNameGp=../graphsdb/mcs70/m2D/m2Dr6/mcs70_m2Dr6_s80.A21 fileNameGt=../graphsdb/mcs70/m2D/m2Dr6/mcs70_m2Dr6_s80.B21
Reading graphs...
80 : 190
80 : 184
Initializing...
maxdom : 9
D->valSize : 434
Solving...
Blb : 2 (clique : 37)
currentSize : 37 <-- 0.004470 s
currentSize : 39 <-- 0.004726 s
currentSize : 40 <-- 0.005040 s
currentSize : 41 <-- 0.005150 s
currentSize : 42 <-- 0.029530 s
currentSize : 44 <-- 0.104302 s
currentSize : 46 <-- 0.133639 s
currentSize : 47 <-- 0.573024 s
currentSize : 48 <-- 0.724188 s
currentSize : 49 <-- 0.727426 s

maxsize : 49
nodes : 279176032.000000
filtered : 1148682070.000000
time : 1231.232544
