Parameters: GAD=1 vflib=1 dir=1 label=1 lowerbound=1 fileNameGp=../graphsdb/mcs70/bvg/b06/mcs70_b06_s35.A80 fileNameGt=../graphsdb/mcs70/bvg/b06/mcs70_b06_s35.B80
Reading graphs...
35 : 105
35 : 105
Initializing...
maxdom : 8
D->valSize : 171
Solving...
Blb : 3 (clique : 19)
currentSize : 19 <-- 0.000923 s
currentSize : 20 <-- 0.001077 s
currentSize : 21 <-- 0.001745 s
currentSize : 22 <-- 0.002479 s
currentSize : 23 <-- 0.002590 s
currentSize : 24 <-- 0.003207 s

maxsize : 24
nodes : 849.000000
filtered : 7450.000000
time : 0.004352
