Parameters: GAD=1 vflib=1 dir=1 label=1 lowerbound=1 fileNameGp=../graphsdb/mcs70/bvg/b09m/mcs70_b09m_s80.A00 fileNameGt=../graphsdb/mcs70/bvg/b09m/mcs70_b09m_s80.B00
Reading graphs...
80 : 360
80 : 360
Initializing...
maxdom : 8
D->valSize : 443
Solving...
Blb : 3 (clique : 38)
currentSize : 38 <-- 0.004324 s
currentSize : 40 <-- 0.037854 s
currentSize : 44 <-- 0.072384 s
currentSize : 47 <-- 0.072589 s
currentSize : 48 <-- 3.937306 s
currentSize : 51 <-- 4.855137 s
currentSize : 55 <-- 4.999026 s
currentSize : 56 <-- 5.105194 s

maxsize : 56
nodes : 1226524.000000
filtered : 8797023.000000
time : 6.139950
