Parameters: GAD=1 vflib=1 dir=1 label=1 lowerbound=1 fileNameGp=../graphsdb/mcs70/m2D/m2Dr4/mcs70_m2Dr4_s80.A40 fileNameGt=../graphsdb/mcs70/m2D/m2Dr4/mcs70_m2Dr4_s80.B40
Reading graphs...
80 : 174
80 : 173
Initializing...
maxdom : 15
D->valSize : 554
Solving...
Blb : 2 (clique : 30)
currentSize : 30 <-- 0.006392 s
currentSize : 34 <-- 0.006736 s
currentSize : 35 <-- 0.025934 s
currentSize : 36 <-- 0.076715 s
currentSize : 37 <-- 3.476916 s
currentSize : 41 <-- 159.824860 s
currentSize : 42 <-- 161.305801 s
currentSize : 43 <-- 166.902924 s
currentSize : 44 <-- 817.631836 s
currentSize : 46 <-- 817.993958 s
currentSize : 48 <-- 818.696777 s
currentSize : 49 <-- 818.699585 s

maxsize : 49
nodes : 686059160.000000
filtered : 3745566770.000000
time : 2999.108643
