Parameters: GAD=1 vflib=1 dir=1 label=1 lowerbound=1 fileNameGp=../graphsdb/mcs70/rand/r02/mcs70_r02_s100.A69 fileNameGt=../graphsdb/mcs70/rand/r02/mcs70_r02_s100.B69
Reading graphs...
100 : 1979
100 : 1979
Initializing...
maxdom : 6
D->valSize : 350
Solving...
Blb : 2 (clique : 10)
currentSize : 10 <-- 0.004976 s
currentSize : 12 <-- 0.005549 s
currentSize : 18 <-- 0.005704 s
currentSize : 40 <-- 0.007065 s
currentSize : 70 <-- 0.009632 s

maxsize : 70
nodes : 960.000000
filtered : 17401.000000
time : 0.014960
