Parameters: GAD=1 vflib=1 dir=1 label=1 lowerbound=1 fileNameGp=../graphsdb/mcs70/rand/r01/mcs70_r01_s70.A08 fileNameGt=../graphsdb/mcs70/rand/r01/mcs70_r01_s70.B08
Reading graphs...
70 : 482
70 : 482
Initializing...
maxdom : 8
D->valSize : 342
Solving...
Blb : 2 (clique : 16)
currentSize : 16 <-- 0.002824 s
currentSize : 20 <-- 0.002973 s
currentSize : 21 <-- 0.003153 s
currentSize : 26 <-- 0.003241 s
currentSize : 35 <-- 0.004131 s
currentSize : 36 <-- 0.013696 s
currentSize : 49 <-- 0.018036 s

maxsize : 49
nodes : 3361.000000
filtered : 47180.000000
time : 0.021749
