Parameters: GAD=1 vflib=1 dir=1 label=1 lowerbound=1 fileNameGp=../graphsdb/mcs70/rand/r01/mcs70_r01_s70.A48 fileNameGt=../graphsdb/mcs70/rand/r01/mcs70_r01_s70.B48
Reading graphs...
70 : 482
70 : 482
Initializing...
maxdom : 7
D->valSize : 340
Solving...
Blb : 2 (clique : 12)
currentSize : 12 <-- 0.002696 s
currentSize : 15 <-- 0.002973 s
currentSize : 17 <-- 0.003335 s
currentSize : 18 <-- 0.004514 s
currentSize : 19 <-- 0.004943 s
currentSize : 21 <-- 0.005461 s
currentSize : 22 <-- 0.018151 s
currentSize : 28 <-- 0.019363 s
currentSize : 38 <-- 0.062449 s
currentSize : 49 <-- 0.067529 s

maxsize : 49
nodes : 12111.000000
filtered : 126186.000000
time : 0.072682
