Parameters: GAD=1 vflib=1 dir=1 label=1 lowerbound=1 fileNameGp=../graphsdb/mcs70/m2D/m2Dr4/mcs70_m2Dr4_s60.A94 fileNameGt=../graphsdb/mcs70/m2D/m2Dr4/mcs70_m2Dr4_s60.B94
Reading graphs...
60 : 128
60 : 127
Initializing...
maxdom : 8
D->valSize : 248
Solving...
Blb : 2 (clique : 28)
currentSize : 28 <-- 0.002855 s
currentSize : 29 <-- 0.003263 s
currentSize : 30 <-- 0.042742 s
currentSize : 31 <-- 0.044368 s
currentSize : 33 <-- 0.044549 s
currentSize : 34 <-- 0.131073 s
currentSize : 36 <-- 0.161490 s

maxsize : 36
nodes : 100453.000000
filtered : 768497.000000
time : 0.542067
