Parameters: GAD=1 vflib=1 dir=1 label=1 lowerbound=1 fileNameGp=../graphsdb/mcs70/bvg/b06/mcs70_b06_s70.A21 fileNameGt=../graphsdb/mcs70/bvg/b06/mcs70_b06_s70.B21
Reading graphs...
70 : 210
70 : 210
Initializing...
maxdom : 9
D->valSize : 370
Solving...
Blb : 2 (clique : 39)
currentSize : 39 <-- 0.005354 s
currentSize : 44 <-- 0.013397 s
currentSize : 46 <-- 0.015724 s
currentSize : 48 <-- 0.016357 s
currentSize : 49 <-- 0.018278 s

maxsize : 49
nodes : 84703.000000
filtered : 608599.000000
time : 0.501789
