Parameters: GAD=1 vflib=1 dir=1 label=1 lowerbound=1 fileNameGp=../graphsdb/mcs70/bvg/b06m/mcs70_b06m_s80.A91 fileNameGt=../graphsdb/mcs70/bvg/b06m/mcs70_b06m_s80.B91
Reading graphs...
80 : 240
80 : 240
Initializing...
maxdom : 14
D->valSize : 537
Solving...
Blb : 3 (clique : 45)
currentSize : 45 <-- 0.006055 s
currentSize : 46 <-- 0.006496 s
currentSize : 48 <-- 0.006614 s
currentSize : 50 <-- 0.006926 s
currentSize : 51 <-- 0.008068 s
currentSize : 52 <-- 0.008393 s
currentSize : 56 <-- 9.434988 s

maxsize : 56
nodes : 2702528.000000
filtered : 21861914.000000
time : 14.019661
