Parameters: GAD=1 vflib=1 dir=1 label=1 lowerbound=1 fileNameGp=../graphsdb/mcs70/rand/r01/mcs70_r01_s80.A33 fileNameGt=../graphsdb/mcs70/rand/r01/mcs70_r01_s80.B33
Reading graphs...
80 : 631
80 : 631
Initializing...
maxdom : 10
D->valSize : 466
Solving...
Blb : 2 (clique : 29)
currentSize : 29 <-- 0.007147 s
currentSize : 35 <-- 0.015292 s
currentSize : 38 <-- 0.029119 s
currentSize : 39 <-- 0.062109 s
currentSize : 56 <-- 0.079896 s

maxsize : 56
nodes : 8727.000000
filtered : 160124.000000
time : 0.097667
