Parameters: GAD=1 vflib=1 dir=1 label=1 lowerbound=1 fileNameGp=../graphsdb/mcs70/m2D/m2D/mcs70_m2D_s100.A88 fileNameGt=../graphsdb/mcs70/m2D/m2D/mcs70_m2D_s100.B88
Reading graphs...
100 : 180
100 : 180
Initializing...
maxdom : 8
D->valSize : 375
Solving...
Blb : 2 (clique : 58)
currentSize : 58 <-- 0.004200 s
currentSize : 59 <-- 0.004759 s
currentSize : 60 <-- 0.005135 s
currentSize : 62 <-- 0.018455 s
currentSize : 63 <-- 0.018744 s
currentSize : 64 <-- 0.019088 s

maxsize : 64
nodes : 369558133.000000
filtered : 1298451039.000000
time : 1783.303955
