Parameters: GAD=1 vflib=1 dir=1 label=1 lowerbound=1 fileNameGp=../graphsdb/mcs70/bvg/b06m/mcs70_b06m_s100.A99 fileNameGt=../graphsdb/mcs70/bvg/b06m/mcs70_b06m_s100.B99
Reading graphs...
100 : 300
100 : 300
Initializing...
maxdom : 10
D->valSize : 393
Solving...
Blb : 3 (clique : 59)
currentSize : 59 <-- 0.007806 s
currentSize : 61 <-- 0.008468 s
currentSize : 64 <-- 0.009011 s
currentSize : 67 <-- 0.012922 s
currentSize : 70 <-- 0.089544 s

maxsize : 70
nodes : 13742935.000000
filtered : 63781541.000000
time : 70.553680
