Parameters: GAD=1 vflib=1 dir=1 label=1 lowerbound=1 fileNameGp=../graphsdb/mcs70/rand/r005/mcs70_r005_s60.A41 fileNameGt=../graphsdb/mcs70/rand/r005/mcs70_r005_s60.B41
Reading graphs...
60 : 176
60 : 176
Initializing...
maxdom : 7
D->valSize : 264
Solving...
Blb : 2 (clique : 22)
currentSize : 22 <-- 0.001850 s
currentSize : 24 <-- 0.002022 s
currentSize : 29 <-- 0.007828 s
currentSize : 32 <-- 0.039999 s
currentSize : 37 <-- 0.040265 s
currentSize : 38 <-- 0.053741 s
currentSize : 42 <-- 0.067424 s

maxsize : 42
nodes : 19922.000000
filtered : 132492.000000
time : 0.087214
