Parameters: GAD=1 vflib=1 dir=1 label=1 lowerbound=1 fileNameGp=../graphsdb/mcs70/rand/r02/mcs70_r02_s90.A41 fileNameGt=../graphsdb/mcs70/rand/r02/mcs70_r02_s90.B41
Reading graphs...
90 : 1601
90 : 1601
Initializing...
maxdom : 9
D->valSize : 570
Solving...
Blb : 2 (clique : 8)
currentSize : 8 <-- 0.006155 s
currentSize : 9 <-- 0.006338 s
currentSize : 10 <-- 0.006639 s
currentSize : 12 <-- 0.007114 s
currentSize : 17 <-- 0.007785 s
currentSize : 19 <-- 0.008660 s
currentSize : 30 <-- 0.010060 s
currentSize : 31 <-- 0.012363 s
currentSize : 32 <-- 0.015294 s
currentSize : 63 <-- 0.019342 s

maxsize : 63
nodes : 2142.000000
filtered : 82070.000000
time : 0.023413
