Parameters: GAD=1 vflib=1 dir=1 label=1 lowerbound=1 fileNameGp=../graphsdb/mcs70/m2D/m2D/mcs70_m2D_s90.A08 fileNameGt=../graphsdb/mcs70/m2D/m2D/mcs70_m2D_s90.B08
Reading graphs...
90 : 161
90 : 161
Initializing...
maxdom : 9
D->valSize : 575
Solving...
Blb : 2 (clique : 52)
currentSize : 52 <-- 0.007405 s
currentSize : 53 <-- 0.007974 s
currentSize : 55 <-- 0.008084 s
currentSize : 56 <-- 0.008357 s
currentSize : 57 <-- 0.008592 s
currentSize : 58 <-- 0.018863 s
currentSize : 60 <-- 0.019022 s
currentSize : 62 <-- 0.095601 s
currentSize : 63 <-- 0.096191 s
currentSize : 64 <-- 2.742567 s

maxsize : 64
nodes : 17454207.000000
filtered : 128799398.000000
time : 108.307930
