Parameters: GAD=1 vflib=1 dir=1 label=1 lowerbound=1 fileNameGp=../graphsdb/mcs70/bvg/b06/mcs70_b06_s25.A96 fileNameGt=../graphsdb/mcs70/bvg/b06/mcs70_b06_s25.B96
Reading graphs...
25 : 75
25 : 75
Initializing...
maxdom : 9
D->valSize : 178
Solving...
Blb : 2 (clique : 9)
currentSize : 9 <-- 0.000868 s
currentSize : 10 <-- 0.000914 s
currentSize : 11 <-- 0.000943 s
currentSize : 14 <-- 0.000992 s
currentSize : 16 <-- 0.001023 s
currentSize : 17 <-- 0.001680 s

maxsize : 17
nodes : 359.000000
filtered : 6460.000000
time : 0.002243
