Parameters: GAD=1 vflib=1 dir=1 label=1 lowerbound=1 fileNameGp=../graphsdb/mcs70/rand/r02/mcs70_r02_s35.A84 fileNameGt=../graphsdb/mcs70/rand/r02/mcs70_r02_s35.B84
Reading graphs...
35 : 237
35 : 237
Initializing...
maxdom : 8
D->valSize : 178
Solving...
Blb : 2 (clique : 9)
currentSize : 9 <-- 0.001060 s
currentSize : 10 <-- 0.001241 s
currentSize : 11 <-- 0.001294 s
currentSize : 12 <-- 0.001322 s
currentSize : 24 <-- 0.001579 s

maxsize : 24
nodes : 325.000000
filtered : 5260.000000
time : 0.002431
