Parameters: GAD=1 vflib=1 dir=1 label=1 lowerbound=1 fileNameGp=../graphsdb/mcs70/bvg/b03/mcs70_b03_s100.A76 fileNameGt=../graphsdb/mcs70/bvg/b03/mcs70_b03_s100.B76
Reading graphs...
100 : 150
100 : 150
Initializing...
maxdom : 8
D->valSize : 366
Solving...
Blb : 2 (clique : 54)
currentSize : 54 <-- 0.004014 s
currentSize : 55 <-- 0.004559 s
currentSize : 56 <-- 0.029377 s
currentSize : 57 <-- 0.031385 s
currentSize : 58 <-- 0.243301 s
currentSize : 59 <-- 0.243496 s
currentSize : 60 <-- 0.254177 s
currentSize : 61 <-- 0.255170 s
currentSize : 62 <-- 0.765929 s
currentSize : 64 <-- 1.599068 s
currentSize : 66 <-- 4.160604 s
currentSize : 67 <-- 57.902737 s
currentSize : 68 <-- 57.902988 s
currentSize : 69 <-- 57.903305 s
currentSize : 70 <-- 58.359089 s
currentSize : 71 <-- 58.359459 s

maxsize : 71
nodes : 83460865.000000
filtered : 280646044.000000
time : 431.950073
