Parameters: GAD=1 vflib=1 dir=1 label=1 lowerbound=1 fileNameGp=../graphsdb/mcs70/bvg/b06/mcs70_b06_s90.A73 fileNameGt=../graphsdb/mcs70/bvg/b06/mcs70_b06_s90.B73
Reading graphs...
90 : 270
90 : 270
Initializing...
maxdom : 12
D->valSize : 601
Solving...
Blb : 3 (clique : 43)
currentSize : 43 <-- 0.007720 s
currentSize : 50 <-- 0.009857 s
currentSize : 55 <-- 0.011682 s
currentSize : 56 <-- 0.013040 s
currentSize : 60 <-- 0.013371 s
currentSize : 63 <-- 0.013665 s

maxsize : 63
nodes : 4691608.000000
filtered : 49618789.000000
time : 32.897835
