Parameters: GAD=1 vflib=1 dir=1 label=1 lowerbound=1 fileNameGp=../graphsdb/mcs70/rand/r01/mcs70_r01_s80.A63 fileNameGt=../graphsdb/mcs70/rand/r01/mcs70_r01_s80.B63
Reading graphs...
80 : 631
80 : 631
Initializing...
maxdom : 10
D->valSize : 431
Solving...
Blb : 5 (clique : 21)
currentSize : 21 <-- 0.004231 s
currentSize : 22 <-- 0.004438 s
currentSize : 26 <-- 0.004565 s
currentSize : 29 <-- 0.004716 s
currentSize : 33 <-- 0.004931 s
currentSize : 37 <-- 0.005158 s
currentSize : 56 <-- 0.013638 s

maxsize : 56
nodes : 3495.000000
filtered : 59712.000000
time : 0.025703
