Parameters: GAD=1 vflib=1 dir=1 label=1 lowerbound=1 fileNameGp=../graphsdb/mcs70/bvg/b03/mcs70_b03_s70.A50 fileNameGt=../graphsdb/mcs70/bvg/b03/mcs70_b03_s70.B50
Reading graphs...
70 : 105
70 : 105
Initializing...
maxdom : 9
D->valSize : 345
Solving...
Blb : 2 (clique : 38)
currentSize : 38 <-- 0.003104 s
currentSize : 39 <-- 0.003444 s
currentSize : 40 <-- 0.004249 s
currentSize : 41 <-- 0.004935 s
currentSize : 42 <-- 0.005019 s
currentSize : 45 <-- 0.028079 s
currentSize : 46 <-- 34.190502 s
currentSize : 47 <-- 105.921249 s
currentSize : 48 <-- 116.877678 s

maxsize : 48
nodes : 27224901.000000
filtered : 137272316.000000
time : 123.954018
