Parameters: GAD=1 vflib=1 dir=1 label=1 lowerbound=1 fileNameGp=../graphsdb/mcs70/bvg/b09m/mcs70_b09m_s80.A19 fileNameGt=../graphsdb/mcs70/bvg/b09m/mcs70_b09m_s80.B19
Reading graphs...
80 : 360
80 : 360
Initializing...
maxdom : 10
D->valSize : 455
Solving...
Blb : 3 (clique : 26)
currentSize : 26 <-- 0.004469 s
currentSize : 27 <-- 0.168527 s
currentSize : 29 <-- 0.665365 s
currentSize : 32 <-- 0.665427 s
currentSize : 36 <-- 2.125645 s
currentSize : 39 <-- 2.125733 s
currentSize : 42 <-- 2.135337 s
currentSize : 46 <-- 2.135424 s
currentSize : 54 <-- 3.030904 s
currentSize : 56 <-- 3.031182 s

maxsize : 56
nodes : 673854.000000
filtered : 4876877.000000
time : 3.401898
