Parameters: GAD=1 vflib=1 dir=1 label=1 lowerbound=1 fileNameGp=../graphsdb/mcs70/rand/r005/mcs70_r005_s40.A26 fileNameGt=../graphsdb/mcs70/rand/r005/mcs70_r005_s40.B26
Reading graphs...
40 : 77
40 : 77
Initializing...
maxdom : 8
D->valSize : 213
Solving...
Blb : 5 (clique : 17)
currentSize : 17 <-- 0.001234 s
currentSize : 18 <-- 0.001348 s
currentSize : 22 <-- 0.002079 s
currentSize : 23 <-- 0.002384 s
currentSize : 28 <-- 0.010572 s

maxsize : 28
nodes : 5427.000000
filtered : 62468.000000
time : 0.024182
