Parameters: GAD=1 vflib=1 dir=1 label=1 lowerbound=1 fileNameGp=../graphsdb/mcs70/bvg/b03m/mcs70_b03m_s70.A13 fileNameGt=../graphsdb/mcs70/bvg/b03m/mcs70_b03m_s70.B13
Reading graphs...
70 : 105
70 : 105
Initializing...
maxdom : 11
D->valSize : 351
Solving...
Blb : 3 (clique : 42)
currentSize : 42 <-- 0.005750 s
currentSize : 43 <-- 0.321722 s
currentSize : 44 <-- 0.322077 s
currentSize : 45 <-- 0.322431 s
currentSize : 46 <-- 0.469805 s
currentSize : 47 <-- 1.831333 s
currentSize : 48 <-- 1.933713 s

maxsize : 48
nodes : 694811.000000
filtered : 3509763.000000
time : 3.039452
