Parameters: GAD=1 vflib=1 dir=1 label=1 lowerbound=1 fileNameGp=../graphsdb/mcs70/bvg/b06/mcs70_b06_s100.A21 fileNameGt=../graphsdb/mcs70/bvg/b06/mcs70_b06_s100.B21
Reading graphs...
100 : 300
100 : 300
Initializing...
maxdom : 7
D->valSize : 378
Solving...
Blb : 3 (clique : 60)
currentSize : 60 <-- 0.004129 s
currentSize : 61 <-- 2.881273 s
currentSize : 62 <-- 5.810972 s
currentSize : 63 <-- 11.807959 s
currentSize : 64 <-- 11.808330 s
currentSize : 66 <-- 11.808850 s
currentSize : 67 <-- 11.809884 s
currentSize : 69 <-- 14.138791 s
currentSize : 70 <-- 14.139917 s

maxsize : 70
nodes : 6010238.000000
filtered : 26704679.000000
time : 32.432442
