Parameters: GAD=1 vflib=1 dir=1 label=1 lowerbound=1 fileNameGp=../graphsdb/mcs70/m3D/m3Dr2/mcs70_m3Dr2_s90.A72 fileNameGt=../graphsdb/mcs70/m3D/m3Dr2/mcs70_m3Dr2_s90.B72
Reading graphs...
90 : 227
90 : 227
Initializing...
maxdom : 11
D->valSize : 565
Solving...
Blb : 2 (clique : 43)
currentSize : 43 <-- 0.006969 s
currentSize : 45 <-- 3.764233 s
currentSize : 46 <-- 3.767039 s
currentSize : 47 <-- 21.588209 s
currentSize : 48 <-- 29.987682 s
currentSize : 49 <-- 29.988083 s
currentSize : 50 <-- 73.809753 s
currentSize : 51 <-- 90.235100 s
currentSize : 52 <-- 95.248589 s
currentSize : 53 <-- 95.249039 s
currentSize : 54 <-- 95.249298 s
currentSize : 55 <-- 95.249512 s
currentSize : 56 <-- 398.340668 s
currentSize : 61 <-- 567.323303 s
currentSize : 62 <-- 567.323608 s
currentSize : 63 <-- 567.325195 s
currentSize : 64 <-- 567.325500 s

maxsize : 64
nodes : 154230875.000000
filtered : 782742232.000000
time : 743.897095
