Parameters: GAD=1 vflib=1 dir=1 label=1 lowerbound=1 fileNameGp=../graphsdb/mcs70/bvg/b06m/mcs70_b06m_s30.A56 fileNameGt=../graphsdb/mcs70/bvg/b06m/mcs70_b06m_s30.B56
Reading graphs...
30 : 90
30 : 90
Initializing...
maxdom : 6
D->valSize : 114
Solving...
Blb : 3 (clique : 11)
currentSize : 11 <-- 0.000765 s
currentSize : 12 <-- 0.000989 s
currentSize : 13 <-- 0.001379 s
currentSize : 14 <-- 0.001435 s
currentSize : 17 <-- 0.001718 s
currentSize : 18 <-- 0.001791 s
currentSize : 21 <-- 0.002003 s

maxsize : 21
nodes : 489.000000
filtered : 3336.000000
time : 0.002393
