Parameters: GAD=1 vflib=1 dir=1 label=1 lowerbound=1 fileNameGp=../graphsdb/mcs70/m2D/m2Dr2/mcs70_m2Dr2_s50.A54 fileNameGt=../graphsdb/mcs70/m2D/m2Dr2/mcs70_m2Dr2_s50.B54
Reading graphs...
50 : 95
50 : 95
Initializing...
maxdom : 9
D->valSize : 329
Solving...
Blb : 3 (clique : 21)
currentSize : 21 <-- 0.002422 s
currentSize : 22 <-- 0.287210 s
currentSize : 23 <-- 0.386368 s
currentSize : 25 <-- 0.463755 s
currentSize : 26 <-- 0.463888 s
currentSize : 27 <-- 0.464247 s
currentSize : 28 <-- 0.464358 s
currentSize : 30 <-- 0.528444 s
currentSize : 31 <-- 0.546634 s
currentSize : 33 <-- 0.575943 s
currentSize : 34 <-- 0.592793 s
currentSize : 35 <-- 0.602580 s
currentSize : 36 <-- 0.602741 s
currentSize : 37 <-- 0.602856 s

maxsize : 37
nodes : 147272.000000
filtered : 1289086.000000
time : 0.671600
