Parameters: GAD=1 vflib=1 dir=1 label=1 lowerbound=1 fileNameGp=../graphsdb/mcs70/rand/r02/mcs70_r02_s80.A90 fileNameGt=../graphsdb/mcs70/rand/r02/mcs70_r02_s80.B90
Reading graphs...
80 : 1263
80 : 1263
Initializing...
maxdom : 10
D->valSize : 458
Solving...
Blb : 3 (clique : 8)
currentSize : 8 <-- 0.004380 s
currentSize : 9 <-- 0.004689 s
currentSize : 11 <-- 0.004780 s
currentSize : 13 <-- 0.007387 s
currentSize : 14 <-- 0.007692 s
currentSize : 27 <-- 0.007898 s
currentSize : 30 <-- 0.011970 s
currentSize : 56 <-- 0.012643 s

maxsize : 56
nodes : 1811.000000
filtered : 42508.000000
time : 0.015483
