Parameters: GAD=1 vflib=1 dir=1 label=1 lowerbound=1 fileNameGp=../graphsdb/mcs70/m3D/m3Dr4/mcs70_m3Dr4_s90.A22 fileNameGt=../graphsdb/mcs70/m3D/m3Dr4/mcs70_m3Dr4_s90.B22
Reading graphs...
90 : 245
90 : 244
Initializing...
maxdom : 11
D->valSize : 608
Solving...
Blb : 2 (clique : 32)
currentSize : 32 <-- 0.007607 s
currentSize : 48 <-- 0.007903 s
currentSize : 49 <-- 0.008430 s
currentSize : 51 <-- 0.107869 s
currentSize : 52 <-- 0.108066 s
currentSize : 53 <-- 0.108372 s
currentSize : 54 <-- 0.108911 s
currentSize : 55 <-- 73.344490 s
currentSize : 59 <-- 73.348671 s
currentSize : 60 <-- 73.428574 s
currentSize : 63 <-- 159.207565 s
currentSize : 64 <-- 159.531570 s

maxsize : 64
nodes : 56189605.000000
filtered : 323479627.000000
time : 292.302551
