Parameters: GAD=1 vflib=1 dir=1 label=1 lowerbound=1 fileNameGp=../graphsdb/mcs70/rand/r01/mcs70_r01_s80.A96 fileNameGt=../graphsdb/mcs70/rand/r01/mcs70_r01_s80.B96
Reading graphs...
80 : 631
80 : 631
Initializing...
maxdom : 9
D->valSize : 416
Solving...
Blb : 2 (clique : 13)
currentSize : 13 <-- 0.003750 s
currentSize : 14 <-- 0.011113 s
currentSize : 15 <-- 0.014390 s
currentSize : 17 <-- 0.052412 s
currentSize : 20 <-- 0.055402 s
currentSize : 21 <-- 0.099220 s
currentSize : 23 <-- 0.125462 s
currentSize : 24 <-- 0.136680 s
currentSize : 29 <-- 0.170294 s
currentSize : 32 <-- 0.197434 s
currentSize : 33 <-- 0.203786 s
currentSize : 39 <-- 0.204137 s
currentSize : 43 <-- 0.224273 s
currentSize : 56 <-- 0.224827 s

maxsize : 56
nodes : 42779.000000
filtered : 459876.000000
time : 0.237787
