Parameters: GAD=1 vflib=1 dir=1 label=1 lowerbound=1 fileNameGp=../graphsdb/mcs70/bvg/b09m/mcs70_b09m_s60.A24 fileNameGt=../graphsdb/mcs70/bvg/b09m/mcs70_b09m_s60.B24
Reading graphs...
60 : 270
60 : 270
Initializing...
maxdom : 6
D->valSize : 248
Solving...
Blb : 3 (clique : 26)
currentSize : 26 <-- 0.002762 s
currentSize : 29 <-- 0.003497 s
currentSize : 30 <-- 0.003884 s
currentSize : 31 <-- 0.007427 s
currentSize : 32 <-- 0.007827 s
currentSize : 35 <-- 0.008316 s
currentSize : 36 <-- 0.008933 s
currentSize : 38 <-- 0.011724 s
currentSize : 40 <-- 0.011947 s
currentSize : 42 <-- 0.012136 s

maxsize : 42
nodes : 5925.000000
filtered : 33478.000000
time : 0.042449
