Parameters: GAD=1 vflib=1 dir=1 label=1 lowerbound=1 fileNameGp=../graphsdb/mcs70/m2D/m2Dr2/mcs70_m2Dr2_s40.A39 fileNameGt=../graphsdb/mcs70/m2D/m2Dr2/mcs70_m2Dr2_s40.B39
Reading graphs...
40 : 75
40 : 75
Initializing...
maxdom : 9
D->valSize : 266
Solving...
Blb : 2 (clique : 16)
currentSize : 16 <-- 0.001591 s
currentSize : 17 <-- 0.065320 s
currentSize : 18 <-- 0.087146 s
currentSize : 19 <-- 0.133506 s
currentSize : 20 <-- 0.133564 s
currentSize : 22 <-- 0.150387 s
currentSize : 25 <-- 0.150443 s

maxsize : 25
nodes : 55508.000000
filtered : 502318.000000
time : 0.213954
