Parameters: GAD=1 vflib=1 dir=1 label=1 lowerbound=1 fileNameGp=../graphsdb/mcs70/rand/r01/mcs70_r01_s50.A26 fileNameGt=../graphsdb/mcs70/rand/r01/mcs70_r01_s50.B26
Reading graphs...
50 : 244
50 : 244
Initializing...
maxdom : 11
D->valSize : 356
Solving...
Blb : 2 (clique : 13)
currentSize : 13 <-- 0.002537 s
currentSize : 14 <-- 0.002642 s
currentSize : 15 <-- 0.003913 s
currentSize : 17 <-- 0.004277 s
currentSize : 19 <-- 0.004862 s
currentSize : 24 <-- 0.005329 s
currentSize : 25 <-- 0.006245 s
currentSize : 28 <-- 0.008668 s
currentSize : 35 <-- 0.009758 s

maxsize : 35
nodes : 2324.000000
filtered : 38922.000000
time : 0.014058
