Parameters: GAD=1 vflib=1 dir=1 label=1 lowerbound=1 fileNameGp=../graphsdb/mcs70/bvg/b03/mcs70_b03_s90.A99 fileNameGt=../graphsdb/mcs70/bvg/b03/mcs70_b03_s90.B99
Reading graphs...
90 : 135
90 : 135
Initializing...
maxdom : 10
D->valSize : 564
Solving...
Blb : 2 (clique : 52)
currentSize : 52 <-- 0.007187 s
currentSize : 53 <-- 0.017184 s
currentSize : 55 <-- 0.098631 s
currentSize : 59 <-- 0.174334 s
currentSize : 60 <-- 0.719408 s
currentSize : 63 <-- 0.736926 s

maxsize : 63
nodes : 213395400.000000
filtered : 1418828909.000000
time : 1204.140259
