Parameters: GAD=1 vflib=1 dir=1 label=1 lowerbound=1 fileNameGp=../graphsdb/mcs70/bvg/b06m/mcs70_b06m_s15.A64 fileNameGt=../graphsdb/mcs70/bvg/b06m/mcs70_b06m_s15.B64
Reading graphs...
15 : 45
15 : 45
Initializing...
maxdom : 10
D->valSize : 115
Solving...
Blb : 2 (clique : 4)
currentSize : 4 <-- 0.000595 s
currentSize : 5 <-- 0.000674 s
currentSize : 6 <-- 0.000773 s
currentSize : 8 <-- 0.000994 s
currentSize : 10 <-- 0.001285 s

maxsize : 10
nodes : 223.000000
filtered : 3674.000000
time : 0.001333
