Parameters: GAD=1 vflib=1 dir=1 label=1 lowerbound=1 fileNameGp=../graphsdb/mcs70/m2D/m2Dr2/mcs70_m2Dr2_s40.A88 fileNameGt=../graphsdb/mcs70/m2D/m2Dr2/mcs70_m2Dr2_s40.B88
Reading graphs...
40 : 75
40 : 75
Initializing...
maxdom : 9
D->valSize : 211
Solving...
Blb : 3 (clique : 19)
currentSize : 19 <-- 0.001222 s
currentSize : 20 <-- 0.014353 s
currentSize : 21 <-- 0.057200 s
currentSize : 22 <-- 0.139907 s
currentSize : 23 <-- 0.189957 s
currentSize : 24 <-- 0.193282 s
currentSize : 25 <-- 0.194689 s

maxsize : 25
nodes : 58911.000000
filtered : 498021.000000
time : 0.215665
