Parameters: GAD=1 vflib=1 dir=1 label=1 lowerbound=1 fileNameGp=../graphsdb/mcs70/bvg/b06m/mcs70_b06m_s60.A92 fileNameGt=../graphsdb/mcs70/bvg/b06m/mcs70_b06m_s60.B92
Reading graphs...
60 : 180
60 : 180
Initializing...
maxdom : 8
D->valSize : 273
Solving...
Blb : 5 (clique : 24)
currentSize : 24 <-- 0.003147 s
currentSize : 25 <-- 0.013353 s
currentSize : 26 <-- 0.022427 s
currentSize : 27 <-- 0.034585 s
currentSize : 28 <-- 0.046416 s
currentSize : 29 <-- 0.139626 s
currentSize : 30 <-- 0.204680 s
currentSize : 31 <-- 0.502777 s
currentSize : 32 <-- 0.524685 s
currentSize : 35 <-- 0.559160 s
currentSize : 36 <-- 0.568409 s
currentSize : 40 <-- 0.902593 s
currentSize : 41 <-- 0.902794 s
currentSize : 42 <-- 0.903602 s

maxsize : 42
nodes : 284619.000000
filtered : 813481.000000
time : 1.017156
