Parameters: GAD=1 vflib=1 dir=1 label=1 lowerbound=1 fileNameGp=../graphsdb/mcs70/rand/r01/mcs70_r01_s70.A17 fileNameGt=../graphsdb/mcs70/rand/r01/mcs70_r01_s70.B17
Reading graphs...
70 : 482
70 : 482
Initializing...
maxdom : 9
D->valSize : 376
Solving...
Blb : 2 (clique : 14)
currentSize : 14 <-- 0.003189 s
currentSize : 18 <-- 0.003305 s
currentSize : 21 <-- 0.004338 s
currentSize : 25 <-- 0.006244 s
currentSize : 27 <-- 0.007660 s
currentSize : 29 <-- 0.010414 s
currentSize : 34 <-- 0.010543 s
currentSize : 49 <-- 0.016073 s

maxsize : 49
nodes : 2992.000000
filtered : 44376.000000
time : 0.019225
