Parameters: GAD=1 vflib=1 dir=1 label=1 lowerbound=1 fileNameGp=../graphsdb/mcs70/m2D/m2Dr4/mcs70_m2Dr4_s40.A60 fileNameGt=../graphsdb/mcs70/m2D/m2Dr4/mcs70_m2Dr4_s40.B60
Reading graphs...
40 : 83
40 : 82
Initializing...
maxdom : 8
D->valSize : 201
Solving...
Blb : 2 (clique : 17)
currentSize : 17 <-- 0.001227 s
currentSize : 18 <-- 0.001389 s
currentSize : 20 <-- 0.001478 s
currentSize : 21 <-- 0.015452 s
currentSize : 22 <-- 0.015798 s
currentSize : 23 <-- 0.016064 s
currentSize : 24 <-- 0.016130 s
currentSize : 25 <-- 0.016186 s

maxsize : 25
nodes : 7671.000000
filtered : 76388.000000
time : 0.031330
