Parameters: GAD=1 vflib=1 dir=1 label=1 lowerbound=1 fileNameGp=../graphsdb/mcs70/bvg/b03/mcs70_b03_s35.A86 fileNameGt=../graphsdb/mcs70/bvg/b03/mcs70_b03_s35.B86
Reading graphs...
35 : 52
35 : 52
Initializing...
maxdom : 7
D->valSize : 178
Solving...
Blb : 2 (clique : 15)
currentSize : 15 <-- 0.001155 s
currentSize : 18 <-- 0.001291 s
currentSize : 19 <-- 0.001464 s
currentSize : 21 <-- 0.002650 s
currentSize : 24 <-- 0.002815 s

maxsize : 24
nodes : 3261.000000
filtered : 18779.000000
time : 0.012799
