Parameters: GAD=1 vflib=1 dir=1 label=1 lowerbound=1 fileNameGp=../graphsdb/mcs70/m3D/m3Dr2/mcs70_m3Dr2_s100.A78 fileNameGt=../graphsdb/mcs70/m3D/m3Dr2/mcs70_m3Dr2_s100.B78
Reading graphs...
100 : 255
100 : 255
Initializing...
maxdom : 7
D->valSize : 375
Solving...
Blb : 2 (clique : 45)
currentSize : 45 <-- 0.003853 s
currentSize : 47 <-- 0.020617 s
currentSize : 49 <-- 0.034225 s
currentSize : 54 <-- 0.049059 s
currentSize : 55 <-- 0.056889 s
currentSize : 56 <-- 0.057572 s
currentSize : 57 <-- 0.084210 s
currentSize : 58 <-- 0.377187 s
currentSize : 59 <-- 23.438726 s
currentSize : 61 <-- 23.718840 s
currentSize : 62 <-- 24.898104 s
currentSize : 63 <-- 25.786535 s
currentSize : 64 <-- 25.990955 s
currentSize : 65 <-- 26.009586 s

maxsize : 65
nodes : 6078688.000000
filtered : 33310482.000000
time : 35.124866
