Parameters: GAD=1 vflib=1 dir=1 label=1 lowerbound=1 fileNameGp=../graphsdb/mcs70/rand/r01/mcs70_r01_s80.A82 fileNameGt=../graphsdb/mcs70/rand/r01/mcs70_r01_s80.B82
Reading graphs...
80 : 631
80 : 631
Initializing...
maxdom : 9
D->valSize : 458
Solving...
Blb : 2 (clique : 17)
currentSize : 17 <-- 0.004239 s
currentSize : 21 <-- 0.004710 s
currentSize : 22 <-- 0.006281 s
currentSize : 25 <-- 0.007228 s
currentSize : 29 <-- 0.008087 s
currentSize : 35 <-- 0.008381 s
currentSize : 39 <-- 0.018585 s
currentSize : 56 <-- 0.018810 s

maxsize : 56
nodes : 3415.000000
filtered : 61683.000000
time : 0.025750
