Parameters: GAD=1 vflib=1 dir=1 label=1 lowerbound=1 fileNameGp=../graphsdb/mcs70/bvg/b03/mcs70_b03_s25.A24 fileNameGt=../graphsdb/mcs70/bvg/b03/mcs70_b03_s25.B24
Reading graphs...
25 : 37
25 : 37
Initializing...
maxdom : 12
D->valSize : 202
Solving...
Blb : 2 (clique : 12)
currentSize : 12 <-- 0.001541 s
currentSize : 13 <-- 0.003286 s
currentSize : 14 <-- 0.003358 s
currentSize : 15 <-- 0.022257 s
currentSize : 16 <-- 0.022318 s
currentSize : 17 <-- 0.029997 s

maxsize : 17
nodes : 5356.000000
filtered : 69246.000000
time : 0.035020
