Parameters: GAD=1 vflib=1 dir=1 label=1 lowerbound=1 fileNameGp=../graphsdb/mcs70/bvg/b03/mcs70_b03_s70.A16 fileNameGt=../graphsdb/mcs70/bvg/b03/mcs70_b03_s70.B16
Reading graphs...
70 : 105
70 : 105
Initializing...
maxdom : 9
D->valSize : 378
Solving...
Blb : 2 (clique : 31)
currentSize : 31 <-- 0.003744 s
currentSize : 38 <-- 0.003968 s
currentSize : 39 <-- 0.004378 s
currentSize : 40 <-- 0.006016 s
currentSize : 41 <-- 0.044193 s
currentSize : 42 <-- 0.044475 s
currentSize : 43 <-- 0.046064 s
currentSize : 44 <-- 0.395048 s
currentSize : 45 <-- 0.396987 s
currentSize : 46 <-- 0.442715 s
currentSize : 47 <-- 16.752502 s
currentSize : 48 <-- 16.829666 s

maxsize : 48
nodes : 4359755.000000
filtered : 23710243.000000
time : 21.205711
