Parameters: GAD=1 vflib=1 dir=1 label=1 lowerbound=1 fileNameGp=../graphsdb/mcs70/m2D/m2Dr6/mcs70_m2Dr6_s60.A56 fileNameGt=../graphsdb/mcs70/m2D/m2Dr6/mcs70_m2Dr6_s60.B56
Reading graphs...
60 : 140
60 : 138
Initializing...
maxdom : 6
D->valSize : 248
Solving...
Blb : 3 (clique : 30)
currentSize : 30 <-- 0.001890 s
currentSize : 31 <-- 3.510724 s
currentSize : 33 <-- 3.510790 s
currentSize : 34 <-- 3.510924 s
currentSize : 35 <-- 3.511102 s
currentSize : 36 <-- 3.511287 s

maxsize : 36
nodes : 2444238.000000
filtered : 13546411.000000
time : 10.321364
