Parameters: GAD=1 vflib=1 dir=1 label=1 lowerbound=1 fileNameGp=../graphsdb/mcs70/bvg/b09/mcs70_b09_s50.A27 fileNameGt=../graphsdb/mcs70/bvg/b09/mcs70_b09_s50.B27
Reading graphs...
50 : 225
50 : 225
Initializing...
maxdom : 9
D->valSize : 338
Solving...
Blb : 5 (clique : 13)
currentSize : 13 <-- 0.002442 s
currentSize : 14 <-- 0.002529 s
currentSize : 17 <-- 0.002565 s
currentSize : 18 <-- 0.002743 s
currentSize : 19 <-- 0.002856 s
currentSize : 26 <-- 0.003335 s
currentSize : 28 <-- 0.003407 s
currentSize : 29 <-- 0.003581 s
currentSize : 32 <-- 0.027054 s
currentSize : 34 <-- 0.027164 s

maxsize : 34
nodes : 9386.000000
filtered : 113983.000000
time : 0.044787
