Parameters: GAD=1 vflib=1 dir=1 label=1 lowerbound=1 fileNameGp=../graphsdb/mcs70/m3D/m3Dr2/mcs70_m3Dr2_s100.A15 fileNameGt=../graphsdb/mcs70/m3D/m3Dr2/mcs70_m3Dr2_s100.B15
Reading graphs...
100 : 255
100 : 255
Initializing...
maxdom : 7
D->valSize : 362
Solving...
Blb : 2 (clique : 45)
currentSize : 45 <-- 0.003722 s
currentSize : 47 <-- 0.004079 s
currentSize : 49 <-- 0.004586 s
currentSize : 51 <-- 0.004798 s
currentSize : 52 <-- 0.011906 s
currentSize : 53 <-- 0.063220 s
currentSize : 54 <-- 5.370640 s
currentSize : 55 <-- 5.377024 s
currentSize : 56 <-- 5.398455 s
currentSize : 57 <-- 5.427475 s
currentSize : 59 <-- 1093.711792 s
currentSize : 61 <-- 1845.848633 s
currentSize : 62 <-- 1845.849121 s
currentSize : 63 <-- 1845.857544 s
currentSize : 64 <-- 1845.858032 s

maxsize : 64
nodes : 424270903.000000
filtered : 1568553505.000000
time : 2190.170166
