Parameters: GAD=1 vflib=1 dir=1 label=1 lowerbound=1 fileNameGp=../graphsdb/mcs70/bvg/b06m/mcs70_b06m_s50.A09 fileNameGt=../graphsdb/mcs70/bvg/b06m/mcs70_b06m_s50.B09
Reading graphs...
50 : 150
50 : 150
Initializing...
maxdom : 16
D->valSize : 389
Solving...
Blb : 3 (clique : 23)
currentSize : 23 <-- 0.005232 s
currentSize : 25 <-- 0.005547 s
currentSize : 27 <-- 0.005713 s
currentSize : 28 <-- 0.181572 s
currentSize : 29 <-- 0.342089 s
currentSize : 32 <-- 0.342158 s
currentSize : 34 <-- 0.342202 s
currentSize : 35 <-- 0.416633 s

maxsize : 35
nodes : 99819.000000
filtered : 1012410.000000
time : 0.446248
