Parameters: GAD=1 vflib=1 dir=1 label=1 lowerbound=1 fileNameGp=../graphsdb/mcs70/m2D/m2D/mcs70_m2D_s50.A72 fileNameGt=../graphsdb/mcs70/m2D/m2D/mcs70_m2D_s50.B72
Reading graphs...
50 : 85
50 : 85
Initializing...
maxdom : 12
D->valSize : 334
Solving...
Blb : 2 (clique : 22)
currentSize : 22 <-- 0.002813 s
currentSize : 23 <-- 0.247159 s
currentSize : 24 <-- 0.361108 s
currentSize : 25 <-- 0.361277 s
currentSize : 27 <-- 0.361550 s
currentSize : 28 <-- 0.362477 s
currentSize : 32 <-- 0.420772 s
currentSize : 35 <-- 1.071233 s
currentSize : 36 <-- 1.071669 s

maxsize : 36
nodes : 231151.000000
filtered : 2349774.000000
time : 1.116220
