Parameters: GAD=1 vflib=1 dir=1 label=1 lowerbound=1 fileNameGp=../graphsdb/mcs70/bvg/b03m/mcs70_b03m_s60.A49 fileNameGt=../graphsdb/mcs70/bvg/b03m/mcs70_b03m_s60.B49
Reading graphs...
60 : 90
60 : 90
Initializing...
maxdom : 6
D->valSize : 244
Solving...
Blb : 2 (clique : 37)
currentSize : 37 <-- 0.002977 s
currentSize : 38 <-- 0.003705 s
currentSize : 39 <-- 0.004124 s
currentSize : 40 <-- 0.005940 s
currentSize : 42 <-- 0.023981 s

maxsize : 42
nodes : 2910435.000000
filtered : 10671012.000000
time : 10.810727
