Parameters: GAD=1 vflib=1 dir=1 label=1 lowerbound=1 fileNameGp=../graphsdb/mcs70/bvg/b03m/mcs70_b03m_s60.A76 fileNameGt=../graphsdb/mcs70/bvg/b03m/mcs70_b03m_s60.B76
Reading graphs...
60 : 90
60 : 90
Initializing...
maxdom : 7
D->valSize : 250
Solving...
Blb : 5 (clique : 30)
currentSize : 30 <-- 0.001891 s
currentSize : 33 <-- 0.002054 s
currentSize : 34 <-- 0.002253 s
currentSize : 37 <-- 0.013471 s
currentSize : 38 <-- 0.082006 s
currentSize : 40 <-- 0.172794 s
currentSize : 43 <-- 0.178301 s

maxsize : 43
nodes : 129976.000000
filtered : 416509.000000
time : 0.685321
