Parameters: GAD=1 vflib=1 dir=1 label=1 lowerbound=1 fileNameGp=../graphsdb/mcs70/m2D/m2Dr2/mcs70_m2Dr2_s100.A41 fileNameGt=../graphsdb/mcs70/m2D/m2Dr2/mcs70_m2Dr2_s100.B41
Reading graphs...
100 : 200
100 : 200
Initializing...
maxdom : 7
D->valSize : 369
Solving...
Blb : 2 (clique : 51)
currentSize : 51 <-- 0.004280 s
currentSize : 52 <-- 0.004713 s
currentSize : 53 <-- 0.005033 s
currentSize : 54 <-- 0.005261 s
currentSize : 55 <-- 0.006371 s
currentSize : 57 <-- 0.008585 s
currentSize : 58 <-- 0.008857 s
currentSize : 59 <-- 0.010249 s
currentSize : 60 <-- 0.032217 s
currentSize : 61 <-- 0.032417 s
currentSize : 62 <-- 0.033419 s
currentSize : 63 <-- 856.191895 s
currentSize : 64 <-- 856.192078 s

maxsize : 64
nodes : 182971991.000000
filtered : 692187965.000000
time : 952.611572
