Parameters: GAD=1 vflib=1 dir=1 label=1 lowerbound=1 fileNameGp=../graphsdb/mcs70/m2D/m2D/mcs70_m2D_s60.A35 fileNameGt=../graphsdb/mcs70/m2D/m2D/mcs70_m2D_s60.B35
Reading graphs...
60 : 104
60 : 104
Initializing...
maxdom : 7
D->valSize : 250
Solving...
Blb : 2 (clique : 28)
currentSize : 28 <-- 0.001920 s
currentSize : 29 <-- 0.002138 s
currentSize : 30 <-- 0.002440 s
currentSize : 33 <-- 0.006988 s
currentSize : 34 <-- 0.013621 s
currentSize : 36 <-- 0.236412 s
currentSize : 37 <-- 0.237673 s

maxsize : 37
nodes : 2552168.000000
filtered : 10332986.000000
time : 9.808446
