Parameters: GAD=1 vflib=1 dir=1 label=1 lowerbound=1 fileNameGp=../graphsdb/mcs70/bvg/b09m/mcs70_b09m_s50.A91 fileNameGt=../graphsdb/mcs70/bvg/b09m/mcs70_b09m_s50.B91
Reading graphs...
50 : 225
50 : 225
Initializing...
maxdom : 10
D->valSize : 346
Solving...
Blb : 2 (clique : 25)
currentSize : 25 <-- 0.002406 s
currentSize : 26 <-- 0.002601 s
currentSize : 27 <-- 0.002771 s
currentSize : 28 <-- 0.003216 s
currentSize : 29 <-- 0.043611 s
currentSize : 30 <-- 0.082277 s
currentSize : 31 <-- 0.083465 s
currentSize : 32 <-- 0.083614 s
currentSize : 34 <-- 0.083792 s

maxsize : 34
nodes : 31388.000000
filtered : 253155.000000
time : 0.126065
