Parameters: GAD=1 vflib=1 dir=1 label=1 lowerbound=1 fileNameGp=../graphsdb/mcs70/bvg/b03/mcs70_b03_s80.A08 fileNameGt=../graphsdb/mcs70/bvg/b03/mcs70_b03_s80.B08
Reading graphs...
80 : 120
80 : 120
Initializing...
maxdom : 8
D->valSize : 449
Solving...
Blb : 2 (clique : 48)
currentSize : 48 <-- 0.004750 s
currentSize : 49 <-- 6.532520 s
currentSize : 50 <-- 6.552139 s
currentSize : 52 <-- 283.594116 s
currentSize : 53 <-- 283.607605 s
currentSize : 54 <-- 481.466675 s
currentSize : 56 <-- 481.467560 s
currentSize : 57 <-- 857.804871 s

maxsize : 57
nodes : 317926321.000000
filtered : 1419841750.000000
time : 1401.568726
