Parameters: GAD=1 vflib=1 dir=1 label=1 lowerbound=1 fileNameGp=../graphsdb/mcs70/m2D/m2Dr2/mcs70_m2Dr2_s100.A61 fileNameGt=../graphsdb/mcs70/m2D/m2Dr2/mcs70_m2Dr2_s100.B61
Reading graphs...
100 : 200
100 : 200
Initializing...
maxdom : 8
D->valSize : 386
Solving...
Blb : 2 (clique : 52)
currentSize : 52 <-- 0.004392 s
currentSize : 53 <-- 0.021811 s
currentSize : 54 <-- 0.048970 s
currentSize : 56 <-- 0.070495 s
currentSize : 59 <-- 0.129691 s
currentSize : 60 <-- 0.306368 s
currentSize : 62 <-- 1.328577 s
currentSize : 63 <-- 1.338058 s
currentSize : 64 <-- 1.552587 s
currentSize : 65 <-- 1.568421 s

maxsize : 65
nodes : 495556203.000000
filtered : 1894396178.000000
time : 2598.266357
