Parameters: GAD=1 vflib=1 dir=1 label=1 lowerbound=1 fileNameGp=../graphsdb/mcs70/rand/r005/mcs70_r005_s90.A80 fileNameGt=../graphsdb/mcs70/rand/r005/mcs70_r005_s90.B80
Reading graphs...
90 : 399
90 : 399
Initializing...
maxdom : 9
D->valSize : 574
Solving...
Blb : 2 (clique : 38)
currentSize : 38 <-- 0.011154 s
currentSize : 40 <-- 0.011584 s
currentSize : 43 <-- 0.011941 s
currentSize : 45 <-- 0.012133 s
currentSize : 47 <-- 0.014394 s
currentSize : 52 <-- 0.015326 s
currentSize : 56 <-- 0.025234 s
currentSize : 63 <-- 0.031965 s

maxsize : 63
nodes : 73520.000000
filtered : 917020.000000
time : 0.647623
