Parameters: GAD=1 vflib=1 dir=1 label=1 lowerbound=1 fileNameGp=../graphsdb/mcs70/m2D/m2Dr2/mcs70_m2Dr2_s90.A82 fileNameGt=../graphsdb/mcs70/m2D/m2Dr2/mcs70_m2Dr2_s90.B82
Reading graphs...
90 : 179
90 : 179
Initializing...
maxdom : 8
D->valSize : 538
Solving...
Blb : 2 (clique : 51)
currentSize : 51 <-- 0.010744 s
currentSize : 52 <-- 0.011720 s
currentSize : 53 <-- 0.067688 s
currentSize : 54 <-- 0.067825 s
currentSize : 55 <-- 1.705931 s
currentSize : 56 <-- 1.706179 s
currentSize : 57 <-- 1.708646 s
currentSize : 58 <-- 1.708924 s
currentSize : 59 <-- 241.941391 s
currentSize : 61 <-- 1293.015015 s
currentSize : 62 <-- 1293.015381 s
currentSize : 63 <-- 1293.053467 s
currentSize : 64 <-- 1293.053711 s

maxsize : 64
nodes : 410665983.000000
filtered : 2231136160.000000
time : 2129.023682
