Parameters: GAD=1 vflib=1 dir=1 label=1 lowerbound=1 fileNameGp=../graphsdb/mcs70/m3D/m3Dr2/mcs70_m3Dr2_s100.A39 fileNameGt=../graphsdb/mcs70/m3D/m3Dr2/mcs70_m3Dr2_s100.B39
Reading graphs...
100 : 255
100 : 255
Initializing...
maxdom : 6
D->valSize : 367
Solving...
Blb : 2 (clique : 39)
currentSize : 39 <-- 0.006432 s
currentSize : 40 <-- 0.006922 s
currentSize : 41 <-- 0.007194 s
currentSize : 42 <-- 0.007830 s
currentSize : 43 <-- 0.008106 s
currentSize : 44 <-- 0.008647 s
currentSize : 47 <-- 0.009216 s
currentSize : 48 <-- 0.009351 s
currentSize : 49 <-- 0.009780 s
currentSize : 50 <-- 0.010882 s
currentSize : 52 <-- 0.023248 s
currentSize : 53 <-- 0.023537 s
currentSize : 54 <-- 0.025064 s
currentSize : 55 <-- 53.131248 s
currentSize : 56 <-- 53.146713 s
currentSize : 57 <-- 53.146854 s
currentSize : 59 <-- 1645.248291 s
currentSize : 60 <-- 1912.281616 s
currentSize : 61 <-- 1912.282349 s
currentSize : 63 <-- 1913.861328 s
currentSize : 64 <-- 1913.864380 s

maxsize : 64
nodes : 474249177.000000
filtered : 1938076179.000000
time : 2380.540771
