Parameters: GAD=1 vflib=1 dir=1 label=1 lowerbound=1 fileNameGp=../graphsdb/mcs70/m2D/m2Dr4/mcs70_m2Dr4_s80.A92 fileNameGt=../graphsdb/mcs70/m2D/m2Dr4/mcs70_m2Dr4_s80.B92
Reading graphs...
80 : 174
80 : 174
Initializing...
maxdom : 8
D->valSize : 421
Solving...
Blb : 2 (clique : 29)
currentSize : 29 <-- 0.004255 s
currentSize : 30 <-- 5.896558 s
currentSize : 31 <-- 13.241741 s
currentSize : 32 <-- 13.875151 s
currentSize : 33 <-- 17.197445 s
currentSize : 34 <-- 70.581947 s
currentSize : 35 <-- 307.691498 s
currentSize : 36 <-- 307.691711 s
currentSize : 37 <-- 307.702393 s
currentSize : 38 <-- 307.702545 s
currentSize : 39 <-- 307.714783 s
currentSize : 40 <-- 307.765289 s
currentSize : 41 <-- 307.831329 s
currentSize : 42 <-- 412.617706 s
currentSize : 43 <-- 3189.890137 s
currentSize : 44 <-- 3189.890137 s
currentSize : 45 <-- 3189.961914 s
currentSize : 46 <-- 3453.037842 s
currentSize : 47 <-- 3504.271973 s
currentSize : 49 <-- 3506.259766 s

TIMEOUT
maxsize : 49
nodes : 698616573.000000
filtered : 5567370892.000000
time : 3600.000000
