Parameters: GAD=1 vflib=1 dir=1 label=1 lowerbound=1 fileNameGp=../graphsdb/mcs70/bvg/b03m/mcs70_b03m_s80.A86 fileNameGt=../graphsdb/mcs70/bvg/b03m/mcs70_b03m_s80.B86
Reading graphs...
80 : 120
80 : 120
Initializing...
maxdom : 10
D->valSize : 452
Solving...
Blb : 3 (clique : 48)
currentSize : 48 <-- 0.004956 s
currentSize : 49 <-- 0.005306 s
currentSize : 50 <-- 0.006033 s
currentSize : 51 <-- 0.008796 s
currentSize : 52 <-- 0.009600 s
currentSize : 53 <-- 0.009699 s
currentSize : 54 <-- 0.908467 s
currentSize : 55 <-- 0.931520 s
currentSize : 57 <-- 0.932201 s

maxsize : 57
nodes : 9520294.000000
filtered : 49710514.000000
time : 46.181072
