Parameters: GAD=1 vflib=1 dir=1 label=1 lowerbound=1 fileNameGp=../graphsdb/mcs70/m2D/m2Dr6/mcs70_m2Dr6_s100.A10 fileNameGt=../graphsdb/mcs70/m2D/m2Dr6/mcs70_m2Dr6_s100.B10
Reading graphs...
100 : 240
100 : 237
Initializing...
maxdom : 7
D->valSize : 371
Solving...
Blb : 2 (clique : 51)
currentSize : 51 <-- 0.004201 s
currentSize : 53 <-- 0.004526 s
currentSize : 54 <-- 0.007304 s
currentSize : 55 <-- 0.007756 s
currentSize : 56 <-- 0.008212 s
currentSize : 57 <-- 1.230487 s
currentSize : 58 <-- 1.230691 s
currentSize : 59 <-- 1.230848 s
currentSize : 61 <-- 1209.211182 s
currentSize : 62 <-- 1209.211548 s
currentSize : 63 <-- 1585.154663 s
currentSize : 64 <-- 1585.154785 s

TIMEOUT
maxsize : 64
nodes : 786806941.000000
filtered : 2078042377.000000
time : 3600.000000
