Parameters: GAD=1 vflib=1 dir=1 label=1 lowerbound=1 fileNameGp=../graphsdb/mcs70/bvg/b06/mcs70_b06_s90.A56 fileNameGt=../graphsdb/mcs70/bvg/b06/mcs70_b06_s90.B56
Reading graphs...
90 : 270
90 : 270
Initializing...
maxdom : 9
D->valSize : 547
Solving...
Blb : 3 (clique : 40)
currentSize : 40 <-- 0.006389 s
currentSize : 41 <-- 0.016298 s
currentSize : 42 <-- 23.568857 s
currentSize : 46 <-- 23.765371 s
currentSize : 47 <-- 103.318184 s
currentSize : 48 <-- 103.318710 s
currentSize : 50 <-- 103.318878 s
currentSize : 51 <-- 190.168686 s
currentSize : 53 <-- 387.123688 s
currentSize : 54 <-- 474.272278 s
currentSize : 58 <-- 580.665833 s
currentSize : 59 <-- 580.666443 s
currentSize : 62 <-- 681.758179 s
currentSize : 63 <-- 681.758728 s

maxsize : 63
nodes : 115274118.000000
filtered : 1130433827.000000
time : 700.575806
