Parameters: GAD=1 vflib=1 dir=1 label=1 lowerbound=1 fileNameGp=../graphsdb/mcs70/m2D/m2Dr2/mcs70_m2Dr2_s40.A26 fileNameGt=../graphsdb/mcs70/m2D/m2Dr2/mcs70_m2Dr2_s40.B26
Reading graphs...
40 : 75
40 : 75
Initializing...
maxdom : 7
D->valSize : 206
Solving...
Blb : 5 (clique : 16)
currentSize : 16 <-- 0.001488 s
currentSize : 17 <-- 0.002358 s
currentSize : 18 <-- 0.005140 s
currentSize : 19 <-- 0.024048 s
currentSize : 21 <-- 0.024088 s
currentSize : 23 <-- 0.040245 s
currentSize : 25 <-- 0.067346 s
currentSize : 26 <-- 0.069667 s

maxsize : 26
nodes : 29648.000000
filtered : 190444.000000
time : 0.104327
