Parameters: GAD=1 vflib=1 dir=1 label=1 lowerbound=1 fileNameGp=../graphsdb/mcs70/rand/r01/mcs70_r01_s35.A39 fileNameGt=../graphsdb/mcs70/rand/r01/mcs70_r01_s35.B39
Reading graphs...
35 : 118
35 : 118
Initializing...
maxdom : 7
D->valSize : 166
Solving...
Blb : 2 (clique : 15)
currentSize : 15 <-- 0.001066 s
currentSize : 19 <-- 0.001790 s
currentSize : 20 <-- 0.002331 s
currentSize : 21 <-- 0.003147 s
currentSize : 22 <-- 0.003231 s
currentSize : 24 <-- 0.003264 s

maxsize : 24
nodes : 768.000000
filtered : 7969.000000
time : 0.003999
