Parameters: GAD=1 vflib=1 dir=1 label=1 lowerbound=1 fileNameGp=../graphsdb/mcs70/m4D/m4D/mcs70_m4D_s25.A98 fileNameGt=../graphsdb/mcs70/m4D/m4D/mcs70_m4D_s25.B98
Reading graphs...
25 : 47
25 : 47
Initializing...
maxdom : 9
D->valSize : 166
Solving...
Blb : 2 (clique : 11)
currentSize : 11 <-- 0.001183 s
currentSize : 12 <-- 0.001302 s
currentSize : 14 <-- 0.003720 s
currentSize : 15 <-- 0.003767 s
currentSize : 16 <-- 0.005853 s

maxsize : 16
nodes : 3392.000000
filtered : 30574.000000
time : 0.016541
