Parameters: GAD=1 vflib=1 dir=1 label=1 lowerbound=1 fileNameGp=../graphsdb/mcs70/rand/r02/mcs70_r02_s25.A55 fileNameGt=../graphsdb/mcs70/rand/r02/mcs70_r02_s25.B55
Reading graphs...
25 : 119
25 : 119
Initializing...
maxdom : 11
D->valSize : 196
Solving...
Blb : 2 (clique : 5)
currentSize : 5 <-- 0.001348 s
currentSize : 6 <-- 0.001414 s
currentSize : 7 <-- 0.001449 s
currentSize : 8 <-- 0.001677 s
currentSize : 10 <-- 0.001990 s
currentSize : 17 <-- 0.002861 s

maxsize : 17
nodes : 352.000000
filtered : 8076.000000
time : 0.003276
