Parameters: GAD=1 vflib=1 dir=1 label=1 lowerbound=1 fileNameGp=../graphsdb/mcs70/m2D/m2Dr6/mcs70_m2Dr6_s40.A29 fileNameGt=../graphsdb/mcs70/m2D/m2Dr6/mcs70_m2Dr6_s40.B29
Reading graphs...
40 : 91
40 : 90
Initializing...
maxdom : 10
D->valSize : 222
Solving...
Blb : 2 (clique : 14)
currentSize : 14 <-- 0.001298 s
currentSize : 15 <-- 0.002626 s
currentSize : 16 <-- 0.002782 s
currentSize : 17 <-- 0.030872 s
currentSize : 21 <-- 0.031187 s
currentSize : 22 <-- 0.041176 s
currentSize : 24 <-- 0.050249 s
currentSize : 25 <-- 0.050456 s

maxsize : 25
nodes : 31353.000000
filtered : 226026.000000
time : 0.113099
