Parameters: GAD=1 vflib=1 dir=1 label=1 lowerbound=1 fileNameGp=../graphsdb/mcs70/bvg/b03m/mcs70_b03m_s25.A17 fileNameGt=../graphsdb/mcs70/bvg/b03m/mcs70_b03m_s25.B17
Reading graphs...
25 : 37
25 : 37
Initializing...
maxdom : 10
D->valSize : 202
Solving...
Blb : 2 (clique : 11)
currentSize : 11 <-- 0.001576 s
currentSize : 12 <-- 0.001684 s
currentSize : 13 <-- 0.001804 s
currentSize : 15 <-- 0.002014 s
currentSize : 17 <-- 0.005714 s

maxsize : 17
nodes : 1029.000000
filtered : 15230.000000
time : 0.007448
