Parameters: GAD=1 vflib=1 dir=1 label=1 lowerbound=1 fileNameGp=../graphsdb/mcs70/bvg/b09/mcs70_b09_s25.A35 fileNameGt=../graphsdb/mcs70/bvg/b09/mcs70_b09_s25.B35
Reading graphs...
25 : 112
25 : 112
Initializing...
maxdom : 9
D->valSize : 183
Solving...
Blb : 2 (clique : 5)
currentSize : 5 <-- 0.000982 s
currentSize : 7 <-- 0.001017 s
currentSize : 8 <-- 0.001649 s
currentSize : 9 <-- 0.001904 s
currentSize : 10 <-- 0.002210 s
currentSize : 14 <-- 0.002480 s
currentSize : 16 <-- 0.002510 s

maxsize : 16
nodes : 575.000000
filtered : 11774.000000
time : 0.002996
