Parameters: GAD=1 vflib=1 dir=1 label=1 lowerbound=1 fileNameGp=../graphsdb/mcs70/bvg/b03/mcs70_b03_s90.A59 fileNameGt=../graphsdb/mcs70/bvg/b03/mcs70_b03_s90.B59
Reading graphs...
90 : 135
90 : 135
Initializing...
maxdom : 10
D->valSize : 543
Solving...
Blb : 3 (clique : 40)
currentSize : 40 <-- 0.006675 s
currentSize : 45 <-- 0.007014 s
currentSize : 46 <-- 0.007144 s
currentSize : 47 <-- 1.302990 s
currentSize : 48 <-- 14.472273 s
currentSize : 49 <-- 17.914064 s
currentSize : 50 <-- 17.941643 s
currentSize : 51 <-- 17.945093 s
currentSize : 52 <-- 56.970543 s
currentSize : 54 <-- 56.970753 s
currentSize : 55 <-- 118.246529 s
currentSize : 57 <-- 118.250641 s
currentSize : 58 <-- 1196.079712 s
currentSize : 60 <-- 1196.906738 s
currentSize : 63 <-- 1202.963989 s

maxsize : 63
nodes : 269408460.000000
filtered : 1882701369.000000
time : 1489.750244
