Parameters: GAD=1 vflib=1 dir=1 label=1 lowerbound=1 fileNameGp=../graphsdb/mcs70/bvg/b03m/mcs70_b03m_s70.A96 fileNameGt=../graphsdb/mcs70/bvg/b03m/mcs70_b03m_s70.B96
Reading graphs...
70 : 105
70 : 105
Initializing...
maxdom : 10
D->valSize : 367
Solving...
Blb : 2 (clique : 39)
currentSize : 39 <-- 0.003329 s
currentSize : 41 <-- 0.003572 s
currentSize : 42 <-- 0.003655 s
currentSize : 43 <-- 0.004229 s
currentSize : 44 <-- 0.007186 s
currentSize : 45 <-- 0.007425 s
currentSize : 46 <-- 0.026027 s
currentSize : 47 <-- 0.026651 s
currentSize : 48 <-- 0.435562 s
currentSize : 49 <-- 0.435771 s

maxsize : 49
nodes : 10590677.000000
filtered : 46143956.000000
time : 46.108681
