Parameters: GAD=1 vflib=1 dir=1 label=1 lowerbound=1 fileNameGp=../graphsdb/mcs70/bvg/b03/mcs70_b03_s40.A13 fileNameGt=../graphsdb/mcs70/bvg/b03/mcs70_b03_s40.B13
Reading graphs...
40 : 60
40 : 60
Initializing...
maxdom : 8
D->valSize : 210
Solving...
Blb : 2 (clique : 23)
currentSize : 23 <-- 0.001217 s
currentSize : 24 <-- 0.005774 s
currentSize : 25 <-- 0.005823 s
currentSize : 26 <-- 0.013425 s
currentSize : 28 <-- 0.037998 s

maxsize : 28
nodes : 18387.000000
filtered : 111431.000000
time : 0.065388
