Parameters: GAD=1 vflib=1 dir=1 label=1 lowerbound=1 fileNameGp=../graphsdb/mcs70/m3D/m3D/mcs70_m3D_s100.A73 fileNameGt=../graphsdb/mcs70/m3D/m3D/mcs70_m3D_s100.B73
Reading graphs...
100 : 235
100 : 235
Initializing...
maxdom : 8
D->valSize : 387
Solving...
Blb : 3 (clique : 51)
currentSize : 51 <-- 0.004290 s
currentSize : 52 <-- 0.242805 s
currentSize : 54 <-- 0.243018 s
currentSize : 55 <-- 116.321754 s
currentSize : 57 <-- 116.321976 s
currentSize : 58 <-- 1226.640625 s
currentSize : 60 <-- 1226.641479 s
currentSize : 61 <-- 1934.185059 s

TIMEOUT
maxsize : 61
nodes : 733228196.000000
filtered : 2887357789.000000
time : 3600.000000
