Parameters: GAD=1 vflib=1 dir=1 label=1 lowerbound=1 fileNameGp=../graphsdb/mcs70/m3D/m3D/mcs70_m3D_s90.A12 fileNameGt=../graphsdb/mcs70/m3D/m3D/mcs70_m3D_s90.B12
Reading graphs...
90 : 209
90 : 209
Initializing...
maxdom : 9
D->valSize : 552
Solving...
Blb : 2 (clique : 55)
currentSize : 55 <-- 0.006952 s
currentSize : 56 <-- 0.007571 s
currentSize : 57 <-- 2.338131 s
currentSize : 58 <-- 2.338476 s
currentSize : 60 <-- 28.582100 s
currentSize : 61 <-- 28.582476 s
currentSize : 62 <-- 93.060661 s
currentSize : 63 <-- 113.908401 s
currentSize : 64 <-- 113.908760 s

maxsize : 64
nodes : 22895658.000000
filtered : 150588163.000000
time : 127.327202
