Parameters: GAD=1 vflib=1 dir=1 label=1 lowerbound=1 fileNameGp=../graphsdb/mcs70/bvg/b06m/mcs70_b06m_s60.A50 fileNameGt=../graphsdb/mcs70/bvg/b06m/mcs70_b06m_s60.B50
Reading graphs...
60 : 180
60 : 180
Initializing...
maxdom : 5
D->valSize : 240
Solving...
Blb : 2 (clique : 35)
currentSize : 35 <-- 0.001765 s
currentSize : 36 <-- 0.001955 s
currentSize : 38 <-- 0.052943 s
currentSize : 39 <-- 0.053120 s
currentSize : 41 <-- 0.057737 s
currentSize : 42 <-- 0.057827 s

maxsize : 42
nodes : 32415.000000
filtered : 192413.000000
time : 0.138528
