Parameters: GAD=1 vflib=1 dir=1 label=1 lowerbound=1 fileNameGp=../graphsdb/mcs70/m2D/m2Dr6/m2Dr6/mcs70_m2Dr6_s35.A80 fileNameGt=../graphsdb/mcs70/m2D/m2Dr6/m2Dr6/mcs70_m2Dr6_s35.B80
Reading graphs...
35 : 79
35 : 78
Initializing...
maxdom : 6
D->valSize : 170
Solving...
Blb : 3 (clique : 20)
currentSize : 20 <-- 0.001015 s
currentSize : 21 <-- 0.003339 s
currentSize : 22 <-- 0.004275 s
currentSize : 23 <-- 0.004329 s
currentSize : 24 <-- 0.005778 s
currentSize : 25 <-- 0.005849 s

maxsize : 25
nodes : 1624.000000
filtered : 12325.000000
time : 0.007334
