Parameters: GAD=1 vflib=1 dir=1 label=1 lowerbound=1 fileNameGp=../graphsdb/mcs70/m2D/m2D/mcs70_m2D_s80.A14 fileNameGt=../graphsdb/mcs70/m2D/m2D/mcs70_m2D_s80.B14
Reading graphs...
80 : 142
80 : 142
Initializing...
maxdom : 11
D->valSize : 449
Solving...
Blb : 2 (clique : 35)
currentSize : 35 <-- 0.004718 s
currentSize : 36 <-- 0.005005 s
currentSize : 37 <-- 0.020391 s
currentSize : 38 <-- 0.020472 s
currentSize : 39 <-- 0.033474 s
currentSize : 40 <-- 0.033847 s
currentSize : 41 <-- 50.340019 s
currentSize : 42 <-- 321.938232 s
currentSize : 44 <-- 329.336029 s
currentSize : 45 <-- 530.787598 s
currentSize : 46 <-- 1286.797852 s
currentSize : 48 <-- 1323.348999 s
currentSize : 49 <-- 1323.350708 s

maxsize : 49
nodes : 484051294.000000
filtered : 3432650207.000000
time : 2439.868652
