Parameters: GAD=1 vflib=1 dir=1 label=1 lowerbound=1 fileNameGp=../graphsdb/mcs70/m3D/m3Dr4/mcs70_m3Dr4_s100.A31 fileNameGt=../graphsdb/mcs70/m3D/m3Dr4/mcs70_m3Dr4_s100.B31
Reading graphs...
100 : 275
100 : 274
Initializing...
maxdom : 8
D->valSize : 383
Solving...
Blb : 2 (clique : 48)
currentSize : 48 <-- 0.004199 s
currentSize : 53 <-- 1.563027 s
currentSize : 59 <-- 21.300268 s
currentSize : 60 <-- 581.550598 s
currentSize : 61 <-- 581.872986 s
currentSize : 62 <-- 581.875000 s
currentSize : 63 <-- 589.922302 s
currentSize : 64 <-- 589.923889 s

maxsize : 64
nodes : 154046150.000000
filtered : 671220633.000000
time : 792.718018
