Parameters: GAD=1 vflib=1 dir=1 label=1 lowerbound=1 fileNameGp=../graphsdb/mcs70/m3D/m3Dr2/mcs70_m3Dr2_s40.A43 fileNameGt=../graphsdb/mcs70/m3D/m3Dr2/mcs70_m3Dr2_s40.B43
Reading graphs...
40 : 92
40 : 92
Initializing...
maxdom : 8
D->valSize : 232
Solving...
Blb : 2 (clique : 14)
currentSize : 14 <-- 0.001400 s
currentSize : 17 <-- 0.001476 s
currentSize : 21 <-- 0.001512 s
currentSize : 22 <-- 0.008716 s
currentSize : 23 <-- 0.021820 s
currentSize : 25 <-- 0.021874 s
currentSize : 27 <-- 0.021934 s

maxsize : 27
nodes : 12129.000000
filtered : 101846.000000
time : 0.044071
