Parameters: GAD=1 vflib=1 dir=1 label=1 lowerbound=1 fileNameGp=../graphsdb/mcs70/m2D/m2Dr6/mcs70_m2Dr6_s80.A07 fileNameGt=../graphsdb/mcs70/m2D/m2Dr6/mcs70_m2Dr6_s80.B07
Reading graphs...
80 : 190
80 : 188
Initializing...
maxdom : 9
D->valSize : 440
Solving...
Blb : 2 (clique : 29)
currentSize : 29 <-- 0.004387 s
currentSize : 33 <-- 0.004602 s
currentSize : 34 <-- 0.004782 s
currentSize : 35 <-- 0.005172 s
currentSize : 36 <-- 0.015742 s
currentSize : 37 <-- 0.023537 s
currentSize : 38 <-- 10.638941 s
currentSize : 39 <-- 10.639185 s
currentSize : 40 <-- 25.471874 s
currentSize : 41 <-- 25.472334 s
currentSize : 42 <-- 25.538404 s
currentSize : 43 <-- 71.230522 s
currentSize : 44 <-- 71.279343 s
currentSize : 45 <-- 136.130920 s
currentSize : 46 <-- 136.131302 s
currentSize : 47 <-- 136.131485 s
currentSize : 48 <-- 181.287201 s
currentSize : 49 <-- 181.287399 s

maxsize : 49
nodes : 61301677.000000
filtered : 418057045.000000
time : 310.647491
