Parameters: GAD=1 vflib=1 dir=1 label=1 lowerbound=1 fileNameGp=../graphsdb/mcs70/bvg/b03m/mcs70_b03m_s60.A99 fileNameGt=../graphsdb/mcs70/bvg/b03m/mcs70_b03m_s60.B99
Reading graphs...
60 : 90
60 : 90
Initializing...
maxdom : 8
D->valSize : 258
Solving...
Blb : 2 (clique : 31)
currentSize : 31 <-- 0.001931 s
currentSize : 32 <-- 0.357994 s
currentSize : 33 <-- 1.828042 s
currentSize : 34 <-- 1.828109 s
currentSize : 35 <-- 1.828656 s
currentSize : 36 <-- 1.831375 s
currentSize : 38 <-- 3.826938 s
currentSize : 39 <-- 3.885976 s
currentSize : 40 <-- 4.410823 s
currentSize : 41 <-- 4.751708 s
currentSize : 42 <-- 4.925582 s

maxsize : 42
nodes : 1273887.000000
filtered : 6600194.000000
time : 5.113737
