Parameters: GAD=1 vflib=1 dir=1 label=1 lowerbound=1 fileNameGp=../graphsdb/mcs70/m2D/m2Dr2/mcs70_m2Dr2_s80.A89 fileNameGt=../graphsdb/mcs70/m2D/m2Dr2/mcs70_m2Dr2_s80.B89
Reading graphs...
80 : 158
80 : 157
Initializing...
maxdom : 9
D->valSize : 492
Solving...
Blb : 2 (clique : 39)
currentSize : 39 <-- 0.005409 s
currentSize : 43 <-- 0.005693 s
currentSize : 44 <-- 0.005869 s
currentSize : 46 <-- 192.653519 s
currentSize : 47 <-- 194.083145 s
currentSize : 48 <-- 370.926178 s
currentSize : 49 <-- 371.039795 s
currentSize : 50 <-- 448.464905 s
currentSize : 51 <-- 610.635010 s

maxsize : 51
nodes : 134955448.000000
filtered : 1147959620.000000
time : 757.965881
