Parameters: GAD=1 vflib=1 dir=1 label=1 lowerbound=1 fileNameGp=../graphsdb/mcs70/m2D/m2Dr6/mcs70_m2Dr6_s80.A71 fileNameGt=../graphsdb/mcs70/m2D/m2Dr6/mcs70_m2Dr6_s80.B71
Reading graphs...
80 : 190
80 : 188
Initializing...
maxdom : 9
D->valSize : 428
Solving...
Blb : 2 (clique : 47)
currentSize : 47 <-- 0.004393 s
currentSize : 48 <-- 0.005039 s
currentSize : 49 <-- 0.066649 s
currentSize : 50 <-- 0.070029 s
currentSize : 51 <-- 7.127093 s

maxsize : 51
nodes : 15129459.000000
filtered : 73233105.000000
time : 69.812241
