Parameters: GAD=1 vflib=1 dir=1 label=1 lowerbound=1 fileNameGp=../graphsdb/mcs70/rand/r005/mcs70_r005_s50.A64 fileNameGt=../graphsdb/mcs70/rand/r005/mcs70_r005_s50.B64
Reading graphs...
50 : 121
50 : 121
Initializing...
maxdom : 12
D->valSize : 372
Solving...
Blb : 2 (clique : 24)
currentSize : 24 <-- 0.002846 s
currentSize : 25 <-- 0.003221 s
currentSize : 26 <-- 0.003322 s
currentSize : 28 <-- 0.048434 s
currentSize : 29 <-- 0.048499 s
currentSize : 32 <-- 0.072672 s
currentSize : 35 <-- 0.072852 s

maxsize : 35
nodes : 26700.000000
filtered : 245759.000000
time : 0.115217
