Parameters: GAD=1 vflib=1 dir=1 label=1 lowerbound=1 fileNameGp=../graphsdb/mcs70/bvg/b03m/mcs70_b03m_s90.A04 fileNameGt=../graphsdb/mcs70/bvg/b03m/mcs70_b03m_s90.B04
Reading graphs...
90 : 135
90 : 135
Initializing...
maxdom : 12
D->valSize : 553
Solving...
Blb : 2 (clique : 44)
currentSize : 44 <-- 0.006715 s
currentSize : 45 <-- 0.007080 s
currentSize : 46 <-- 0.038795 s
currentSize : 47 <-- 0.134813 s
currentSize : 48 <-- 0.294866 s
currentSize : 49 <-- 0.592592 s
currentSize : 50 <-- 0.597949 s
currentSize : 51 <-- 0.655950 s
currentSize : 52 <-- 16.253912 s

TIMEOUT
maxsize : 52
nodes : 716213299.000000
filtered : 4641070323.000000
time : 3600.000000
