Parameters: GAD=1 vflib=1 dir=1 label=1 lowerbound=1 fileNameGp=../graphsdb/mcs70/bvg/b03m/mcs70_b03m_s100.A97 fileNameGt=../graphsdb/mcs70/bvg/b03m/mcs70_b03m_s100.B97
Reading graphs...
100 : 150
100 : 150
Initializing...
maxdom : 8
D->valSize : 395
Solving...
Blb : 2 (clique : 58)
currentSize : 58 <-- 0.004650 s
currentSize : 59 <-- 0.005403 s
currentSize : 60 <-- 0.740207 s
currentSize : 61 <-- 4.345820 s
currentSize : 62 <-- 4.361661 s
currentSize : 63 <-- 6.642127 s
currentSize : 64 <-- 33.348755 s
currentSize : 65 <-- 33.782536 s
currentSize : 66 <-- 36.163944 s
currentSize : 67 <-- 36.177044 s
currentSize : 68 <-- 37.446037 s
currentSize : 69 <-- 145.820221 s
currentSize : 70 <-- 145.844543 s
currentSize : 71 <-- 146.828415 s

maxsize : 71
nodes : 181738948.000000
filtered : 559314075.000000
time : 910.592163
