Parameters: GAD=1 vflib=1 dir=1 label=1 lowerbound=1 fileNameGp=../graphsdb/mcs70/bvg/b06/mcs70_b06_s80.A69 fileNameGt=../graphsdb/mcs70/bvg/b06/mcs70_b06_s80.B69
Reading graphs...
80 : 240
80 : 240
Initializing...
maxdom : 9
D->valSize : 461
Solving...
Blb : 2 (clique : 28)
currentSize : 28 <-- 0.004625 s
currentSize : 29 <-- 0.004868 s
currentSize : 30 <-- 0.005460 s
currentSize : 31 <-- 0.006327 s
currentSize : 32 <-- 0.009566 s
currentSize : 33 <-- 0.265353 s
currentSize : 34 <-- 0.269278 s
currentSize : 35 <-- 0.282957 s
currentSize : 36 <-- 1.552762 s
currentSize : 38 <-- 1.552848 s
currentSize : 40 <-- 1.558779 s
currentSize : 46 <-- 14.486549 s
currentSize : 47 <-- 14.486689 s
currentSize : 48 <-- 14.688989 s
currentSize : 50 <-- 14.809552 s
currentSize : 51 <-- 14.809690 s
currentSize : 52 <-- 25.078089 s
currentSize : 53 <-- 27.202688 s
currentSize : 54 <-- 27.202852 s
currentSize : 55 <-- 28.097555 s
currentSize : 56 <-- 28.097731 s

maxsize : 56
nodes : 5569115.000000
filtered : 46958496.000000
time : 29.009619
