Parameters: GAD=1 vflib=1 dir=1 label=1 lowerbound=1 fileNameGp=../graphsdb/mcs70/rand/r005/mcs70_r005_s35.A96 fileNameGt=../graphsdb/mcs70/rand/r005/mcs70_r005_s35.B96
Reading graphs...
35 : 58
35 : 58
Initializing...
maxdom : 6
D->valSize : 160
Solving...
Blb : 2 (clique : 19)
currentSize : 19 <-- 0.001024 s
currentSize : 21 <-- 0.001493 s
currentSize : 22 <-- 0.001569 s
currentSize : 23 <-- 0.003017 s
currentSize : 24 <-- 0.003093 s

maxsize : 24
nodes : 1340.000000
filtered : 9264.000000
time : 0.006117
