Parameters: GAD=1 vflib=1 dir=1 label=1 lowerbound=1 fileNameGp=../graphsdb/mcs70/rand/r001/mcs70_r001_s100.A41 fileNameGt=../graphsdb/mcs70/rand/r001/mcs70_r001_s100.B41
Reading graphs...
100 : 120
100 : 120
Initializing...
maxdom : 8
D->valSize : 405
Solving...
Blb : 2 (clique : 60)
currentSize : 60 <-- 0.004655 s
currentSize : 61 <-- 0.005207 s
currentSize : 62 <-- 0.007866 s
currentSize : 63 <-- 0.035612 s
currentSize : 64 <-- 0.035838 s
currentSize : 65 <-- 0.063289 s
currentSize : 66 <-- 0.179111 s
currentSize : 67 <-- 18.310743 s
currentSize : 68 <-- 130.976364 s
currentSize : 69 <-- 131.063019 s
currentSize : 70 <-- 148.904739 s

maxsize : 70
nodes : 258562231.000000
filtered : 997185908.000000
time : 1342.047241
