Parameters: GAD=1 vflib=1 dir=1 label=1 lowerbound=1 fileNameGp=../graphsdb/mcs70/m2D/m2Dr6/mcs70_m2Dr6_s50.A16 fileNameGt=../graphsdb/mcs70/m2D/m2Dr6/mcs70_m2Dr6_s50.B16
Reading graphs...
50 : 115
50 : 114
Initializing...
maxdom : 8
D->valSize : 328
Solving...
Blb : 2 (clique : 20)
currentSize : 20 <-- 0.003835 s
currentSize : 28 <-- 0.004028 s
currentSize : 30 <-- 0.004100 s
currentSize : 31 <-- 0.078759 s
currentSize : 32 <-- 0.134041 s
currentSize : 34 <-- 0.137485 s
currentSize : 35 <-- 0.178611 s
currentSize : 36 <-- 0.207779 s

maxsize : 36
nodes : 60729.000000
filtered : 481663.000000
time : 0.309858
