Parameters: GAD=1 vflib=1 dir=1 label=1 lowerbound=1 fileNameGp=../graphsdb/mcs70/bvg/b03m/mcs70_b03m_s80.A71 fileNameGt=../graphsdb/mcs70/bvg/b03m/mcs70_b03m_s80.B71
Reading graphs...
80 : 120
80 : 120
Initializing...
maxdom : 10
D->valSize : 451
Solving...
Blb : 3 (clique : 45)
currentSize : 45 <-- 0.004835 s
currentSize : 47 <-- 0.005207 s
currentSize : 48 <-- 0.005271 s
currentSize : 49 <-- 0.262017 s
currentSize : 51 <-- 0.262118 s
currentSize : 52 <-- 0.262245 s
currentSize : 53 <-- 1.173567 s
currentSize : 54 <-- 1.173822 s
currentSize : 55 <-- 2.784392 s
currentSize : 56 <-- 2.790019 s
currentSize : 57 <-- 2.790320 s

maxsize : 57
nodes : 27195225.000000
filtered : 103879288.000000
time : 115.674667
