Parameters: GAD=1 vflib=1 dir=1 label=1 lowerbound=1 fileNameGp=../graphsdb/mcs70/m2D/m2Dr6/mcs70_m2Dr6_s70.A85 fileNameGt=../graphsdb/mcs70/m2D/m2Dr6/mcs70_m2Dr6_s70.B85
Reading graphs...
70 : 165
70 : 162
Initializing...
maxdom : 7
D->valSize : 336
Solving...
Blb : 2 (clique : 24)
currentSize : 24 <-- 0.002863 s
currentSize : 25 <-- 0.006073 s
currentSize : 26 <-- 0.026223 s
currentSize : 27 <-- 0.162922 s
currentSize : 28 <-- 0.163170 s
currentSize : 29 <-- 0.210131 s
currentSize : 30 <-- 0.654113 s
currentSize : 31 <-- 1.804585 s
currentSize : 32 <-- 2.516290 s
currentSize : 34 <-- 5.068867 s
currentSize : 35 <-- 9.453507 s
currentSize : 36 <-- 9.453611 s
currentSize : 39 <-- 14.975455 s
currentSize : 41 <-- 15.056713 s
currentSize : 42 <-- 15.056829 s
currentSize : 44 <-- 17.186544 s
currentSize : 45 <-- 17.186724 s
currentSize : 46 <-- 17.395296 s
currentSize : 48 <-- 17.480072 s
currentSize : 49 <-- 17.480202 s

maxsize : 49
nodes : 4388729.000000
filtered : 23418082.000000
time : 18.787533
