Parameters: GAD=1 vflib=1 dir=1 label=1 lowerbound=1 fileNameGp=../graphsdb/mcs70/bvg/b06m/mcs70_b06m_s25.A43 fileNameGt=../graphsdb/mcs70/bvg/b06m/mcs70_b06m_s25.B43
Reading graphs...
25 : 75
25 : 75
Initializing...
maxdom : 8
D->valSize : 156
Solving...
Blb : 2 (clique : 7)
currentSize : 7 <-- 0.000704 s
currentSize : 8 <-- 0.001077 s
currentSize : 10 <-- 0.001110 s
currentSize : 11 <-- 0.001523 s
currentSize : 14 <-- 0.002034 s
currentSize : 17 <-- 0.002319 s

maxsize : 17
nodes : 582.000000
filtered : 8817.000000
time : 0.002676
