Parameters: GAD=1 vflib=1 dir=1 label=1 lowerbound=1 fileNameGp=../graphsdb/mcs70/m2D/m2Dr2/mcs70_m2Dr2_s60.A88 fileNameGt=../graphsdb/mcs70/m2D/m2Dr2/mcs70_m2Dr2_s60.B88
Reading graphs...
60 : 116
60 : 116
Initializing...
maxdom : 7
D->valSize : 264
Solving...
Blb : 3 (clique : 30)
currentSize : 30 <-- 0.003047 s
currentSize : 31 <-- 0.003906 s
currentSize : 32 <-- 0.018585 s
currentSize : 35 <-- 1.592100 s
currentSize : 36 <-- 1.592349 s

maxsize : 36
nodes : 683579.000000
filtered : 2895817.000000
time : 2.644891
