Parameters: GAD=1 vflib=1 dir=1 label=1 lowerbound=1 fileNameGp=../graphsdb/mcs70/rand/r01/mcs70_r01_s80.A43 fileNameGt=../graphsdb/mcs70/rand/r01/mcs70_r01_s80.B43
Reading graphs...
80 : 631
80 : 631
Initializing...
maxdom : 11
D->valSize : 492
Solving...
Blb : 3 (clique : 15)
currentSize : 15 <-- 0.004818 s
currentSize : 17 <-- 0.009247 s
currentSize : 19 <-- 0.024891 s
currentSize : 25 <-- 0.043085 s
currentSize : 26 <-- 0.061073 s
currentSize : 27 <-- 0.061389 s
currentSize : 29 <-- 0.061509 s
currentSize : 41 <-- 0.079075 s
currentSize : 56 <-- 0.087321 s

maxsize : 56
nodes : 15901.000000
filtered : 216065.000000
time : 0.095587
