Parameters: GAD=1 vflib=1 dir=1 label=1 lowerbound=1 fileNameGp=../graphsdb/mcs70/bvg/b03/mcs70_b03_s15.A74 fileNameGt=../graphsdb/mcs70/bvg/b03/mcs70_b03_s15.B74
Reading graphs...
15 : 22
15 : 22
Initializing...
maxdom : 11
D->valSize : 130
Solving...
Blb : 2 (clique : 7)
currentSize : 7 <-- 0.000605 s
currentSize : 8 <-- 0.000722 s
currentSize : 9 <-- 0.000759 s
currentSize : 10 <-- 0.000949 s
currentSize : 11 <-- 0.001519 s

maxsize : 11
nodes : 326.000000
filtered : 4521.000000
time : 0.001632
