Parameters: GAD=1 vflib=1 dir=1 label=1 lowerbound=1 fileNameGp=../graphsdb/mcs70/m2D/m2Dr4/mcs70_m2Dr4_s60.A26 fileNameGt=../graphsdb/mcs70/m2D/m2Dr4/mcs70_m2Dr4_s60.B26
Reading graphs...
60 : 128
60 : 127
Initializing...
maxdom : 7
D->valSize : 274
Solving...
Blb : 3 (clique : 29)
currentSize : 29 <-- 0.003268 s
currentSize : 30 <-- 1.250378 s
currentSize : 31 <-- 1.250662 s
currentSize : 32 <-- 1.251029 s
currentSize : 33 <-- 1.693051 s
currentSize : 36 <-- 3.040547 s

maxsize : 36
nodes : 998903.000000
filtered : 5472632.000000
time : 4.087720
