Parameters: GAD=1 vflib=1 dir=1 label=1 lowerbound=1 fileNameGp=../graphsdb/mcs70/m2D/m2Dr6/mcs70_m2Dr6_s50.A43 fileNameGt=../graphsdb/mcs70/m2D/m2Dr6/mcs70_m2Dr6_s50.B43
Reading graphs...
50 : 115
50 : 115
Initializing...
maxdom : 12
D->valSize : 352
Solving...
Blb : 2 (clique : 27)
currentSize : 27 <-- 0.002747 s
currentSize : 29 <-- 0.002891 s
currentSize : 30 <-- 0.003057 s
currentSize : 32 <-- 0.003116 s
currentSize : 34 <-- 0.003238 s
currentSize : 37 <-- 0.003307 s

maxsize : 37
nodes : 27968.000000
filtered : 241134.000000
time : 0.113391
