Parameters: GAD=1 vflib=1 dir=1 label=1 lowerbound=1 fileNameGp=../graphsdb/mcs70/m3D/m3Dr2/mcs70_m3Dr2_s100.A80 fileNameGt=../graphsdb/mcs70/m3D/m3Dr2/mcs70_m3Dr2_s100.B80
Reading graphs...
100 : 255
100 : 255
Initializing...
maxdom : 7
D->valSize : 379
Solving...
Blb : 2 (clique : 42)
currentSize : 42 <-- 0.004054 s
currentSize : 43 <-- 0.004609 s
currentSize : 44 <-- 0.019493 s
currentSize : 45 <-- 0.020623 s
currentSize : 46 <-- 0.020888 s
currentSize : 47 <-- 0.052873 s
currentSize : 53 <-- 0.198699 s
currentSize : 56 <-- 0.213316 s
currentSize : 57 <-- 2.432067 s
currentSize : 60 <-- 2.447142 s
currentSize : 61 <-- 122.815895 s
currentSize : 64 <-- 122.864319 s

maxsize : 64
nodes : 156965231.000000
filtered : 479783758.000000
time : 705.774658
