Parameters: GAD=1 vflib=1 dir=1 label=1 lowerbound=1 fileNameGp=../graphsdb/mcs70/m3D/m3Dr4/mcs70_m3Dr4_s40.A51 fileNameGt=../graphsdb/mcs70/m3D/m3Dr4/mcs70_m3Dr4_s40.B51
Reading graphs...
40 : 100
40 : 98
Initializing...
maxdom : 10
D->valSize : 224
Solving...
Blb : 2 (clique : 15)
currentSize : 15 <-- 0.001343 s
currentSize : 17 <-- 0.001574 s
currentSize : 19 <-- 0.003722 s
currentSize : 21 <-- 0.003749 s
currentSize : 22 <-- 0.003825 s
currentSize : 26 <-- 0.017891 s
currentSize : 27 <-- 0.017974 s

maxsize : 27
nodes : 7433.000000
filtered : 46433.000000
time : 0.026265
