Parameters: GAD=1 vflib=1 dir=1 label=1 lowerbound=1 fileNameGp=../graphsdb/mcs70/rand/r01/mcs70_r01_s90.A12 fileNameGt=../graphsdb/mcs70/rand/r01/mcs70_r01_s90.B12
Reading graphs...
90 : 800
90 : 800
Initializing...
maxdom : 9
D->valSize : 564
Solving...
Blb : 3 (clique : 29)
currentSize : 29 <-- 0.006793 s
currentSize : 31 <-- 0.007093 s
currentSize : 36 <-- 0.007641 s
currentSize : 48 <-- 0.008397 s
currentSize : 63 <-- 0.011409 s

maxsize : 63
nodes : 4054.000000
filtered : 97614.000000
time : 0.036944
