Parameters: GAD=1 vflib=1 dir=1 label=1 lowerbound=1 fileNameGp=../graphsdb/mcs70/m3D/m3Dr6/mcs70_m3Dr6_s100.A61 fileNameGt=../graphsdb/mcs70/m3D/m3Dr6/mcs70_m3Dr6_s100.B61
Reading graphs...
100 : 295
100 : 293
Initializing...
maxdom : 8
D->valSize : 421
Solving...
Blb : 2 (clique : 50)
currentSize : 50 <-- 0.004492 s
currentSize : 51 <-- 0.004865 s
currentSize : 52 <-- 0.005074 s
currentSize : 53 <-- 0.037336 s
currentSize : 55 <-- 0.037483 s
currentSize : 57 <-- 0.288711 s
currentSize : 58 <-- 0.300077 s
currentSize : 59 <-- 0.412654 s
currentSize : 60 <-- 0.436164 s
currentSize : 61 <-- 0.507971 s
currentSize : 63 <-- 0.508148 s
currentSize : 64 <-- 0.568697 s

maxsize : 64
nodes : 7383600.000000
filtered : 33580025.000000
time : 40.295212
