Parameters: GAD=1 vflib=1 dir=1 label=1 lowerbound=1 fileNameGp=../graphsdb/mcs70/bvg/b03m/mcs70_b03m_s80.A43 fileNameGt=../graphsdb/mcs70/bvg/b03m/mcs70_b03m_s80.B43
Reading graphs...
80 : 120
80 : 120
Initializing...
maxdom : 8
D->valSize : 422
Solving...
Blb : 2 (clique : 47)
currentSize : 47 <-- 0.007243 s
currentSize : 48 <-- 0.009122 s
currentSize : 50 <-- 0.013823 s
currentSize : 51 <-- 0.014276 s
currentSize : 52 <-- 0.014864 s
currentSize : 53 <-- 0.017825 s
currentSize : 54 <-- 0.018482 s
currentSize : 55 <-- 0.063686 s
currentSize : 56 <-- 0.064589 s

maxsize : 56
nodes : 36206821.000000
filtered : 266843531.000000
time : 200.288406
