Parameters: GAD=1 vflib=1 dir=1 label=1 lowerbound=1 fileNameGp=../graphsdb/mcs70/m2D/m2Dr6/mcs70_m2Dr6_s90.A18 fileNameGt=../graphsdb/mcs70/m2D/m2Dr6/mcs70_m2Dr6_s90.B18
Reading graphs...
90 : 215
90 : 215
Initializing...
maxdom : 10
D->valSize : 558
Solving...
Blb : 2 (clique : 56)
currentSize : 56 <-- 0.006918 s
currentSize : 59 <-- 0.007667 s
currentSize : 61 <-- 0.008276 s
currentSize : 62 <-- 0.010007 s
currentSize : 63 <-- 0.013959 s
currentSize : 64 <-- 0.016387 s

maxsize : 64
nodes : 79174876.000000
filtered : 382898970.000000
time : 379.306244
