Parameters: GAD=1 vflib=1 dir=1 label=1 lowerbound=1 fileNameGp=../graphsdb/mcs70/bvg/b03m/mcs70_b03m_s90.A80 fileNameGt=../graphsdb/mcs70/bvg/b03m/mcs70_b03m_s90.B80
Reading graphs...
90 : 135
90 : 135
Initializing...
maxdom : 13
D->valSize : 606
Solving...
Blb : 3 (clique : 53)
currentSize : 53 <-- 0.007779 s
currentSize : 56 <-- 0.008248 s
currentSize : 57 <-- 0.008811 s
currentSize : 58 <-- 0.021328 s
currentSize : 59 <-- 0.021546 s
currentSize : 60 <-- 0.791479 s
currentSize : 61 <-- 0.797656 s
currentSize : 62 <-- 0.798447 s
currentSize : 63 <-- 3.281193 s
currentSize : 64 <-- 5.061074 s
currentSize : 65 <-- 6.656818 s

maxsize : 65
nodes : 81496932.000000
filtered : 630488864.000000
time : 490.333862
