Parameters: GAD=1 vflib=1 dir=1 label=1 lowerbound=1 fileNameGp=../graphsdb/mcs70/m2D/m2Dr2/mcs70_m2Dr2_s70.A34 fileNameGt=../graphsdb/mcs70/m2D/m2Dr2/mcs70_m2Dr2_s70.B34
Reading graphs...
70 : 137
70 : 137
Initializing...
maxdom : 8
D->valSize : 350
Solving...
Blb : 2 (clique : 42)
currentSize : 42 <-- 0.003231 s
currentSize : 43 <-- 0.006852 s
currentSize : 44 <-- 0.008272 s
currentSize : 45 <-- 48.560322 s
currentSize : 46 <-- 48.562283 s
currentSize : 47 <-- 50.150013 s
currentSize : 48 <-- 58.298981 s
currentSize : 49 <-- 58.441971 s

maxsize : 49
nodes : 15877007.000000
filtered : 84762155.000000
time : 71.925903
