Parameters: GAD=1 vflib=1 dir=1 label=1 lowerbound=1 fileNameGp=../graphsdb/mcs70/bvg/b03/mcs70_b03_s90.A64 fileNameGt=../graphsdb/mcs70/bvg/b03/mcs70_b03_s90.B64
Reading graphs...
90 : 135
90 : 135
Initializing...
maxdom : 8
D->valSize : 535
Solving...
Blb : 2 (clique : 50)
currentSize : 50 <-- 0.006424 s
currentSize : 52 <-- 0.007031 s
currentSize : 53 <-- 0.007077 s
currentSize : 55 <-- 0.007533 s
currentSize : 56 <-- 6.593753 s
currentSize : 57 <-- 94.604851 s

TIMEOUT
maxsize : 57
nodes : 668689824.000000
filtered : 4175870158.000000
time : 3600.000000
