Parameters: GAD=1 vflib=1 dir=1 label=1 lowerbound=1 fileNameGp=../graphsdb/mcs70/rand/r01/mcs70_r01_s60.A50 fileNameGt=../graphsdb/mcs70/rand/r01/mcs70_r01_s60.B50
Reading graphs...
60 : 353
60 : 353
Initializing...
maxdom : 8
D->valSize : 288
Solving...
Blb : 3 (clique : 16)
currentSize : 16 <-- 0.003139 s
currentSize : 19 <-- 0.003298 s
currentSize : 23 <-- 0.003413 s
currentSize : 26 <-- 0.003727 s
currentSize : 34 <-- 0.003959 s
currentSize : 42 <-- 0.009376 s

maxsize : 42
nodes : 1680.000000
filtered : 29700.000000
time : 0.016960
