Parameters: GAD=1 vflib=1 dir=1 label=1 lowerbound=1 fileNameGp=../graphsdb/mcs70/rand/r01/mcs70_r01_s50.A06 fileNameGt=../graphsdb/mcs70/rand/r01/mcs70_r01_s50.B06
Reading graphs...
50 : 244
50 : 244
Initializing...
maxdom : 8
D->valSize : 321
Solving...
Blb : 2 (clique : 15)
currentSize : 15 <-- 0.002786 s
currentSize : 17 <-- 0.002900 s
currentSize : 21 <-- 0.003130 s
currentSize : 22 <-- 0.018449 s
currentSize : 35 <-- 0.027473 s

maxsize : 35
nodes : 5590.000000
filtered : 113225.000000
time : 0.032649
