Parameters: GAD=1 vflib=1 dir=1 label=1 lowerbound=1 fileNameGp=../graphsdb/mcs70/m2D/m2D/mcs70_m2D_s40.A86 fileNameGt=../graphsdb/mcs70/m2D/m2D/mcs70_m2D_s40.B86
Reading graphs...
40 : 67
40 : 67
Initializing...
maxdom : 8
D->valSize : 219
Solving...
Blb : 2 (clique : 18)
currentSize : 18 <-- 0.001290 s
currentSize : 19 <-- 0.001400 s
currentSize : 21 <-- 0.003593 s
currentSize : 22 <-- 0.109386 s
currentSize : 24 <-- 0.209331 s
currentSize : 25 <-- 0.283490 s

maxsize : 25
nodes : 117906.000000
filtered : 895430.000000
time : 0.435785
