Parameters: GAD=1 vflib=1 dir=1 label=1 lowerbound=1 fileNameGp=../graphsdb/mcs70/bvg/b06/mcs70_b06_s80.A38 fileNameGt=../graphsdb/mcs70/bvg/b06/mcs70_b06_s80.B38
Reading graphs...
80 : 240
80 : 240
Initializing...
maxdom : 11
D->valSize : 455
Solving...
Blb : 2 (clique : 42)
currentSize : 42 <-- 0.004508 s
currentSize : 46 <-- 0.004812 s
currentSize : 48 <-- 0.005330 s
currentSize : 50 <-- 0.012679 s
currentSize : 51 <-- 0.013585 s
currentSize : 53 <-- 3.555125 s
currentSize : 54 <-- 5.214299 s
currentSize : 56 <-- 5.214677 s

maxsize : 56
nodes : 1098691.000000
filtered : 8222788.000000
time : 6.125616
