Parameters: GAD=1 vflib=1 dir=1 label=1 lowerbound=1 fileNameGp=../graphsdb/mcs70/bvg/b09/mcs70_b09_s25.A96 fileNameGt=../graphsdb/mcs70/bvg/b09/mcs70_b09_s25.B96
Reading graphs...
25 : 112
25 : 112
Initializing...
maxdom : 10
D->valSize : 196
Solving...
Blb : 2 (clique : 5)
currentSize : 5 <-- 0.001100 s
currentSize : 6 <-- 0.001181 s
currentSize : 7 <-- 0.001213 s
currentSize : 11 <-- 0.001510 s
currentSize : 13 <-- 0.001800 s
currentSize : 16 <-- 0.002037 s

maxsize : 16
nodes : 340.000000
filtered : 8513.000000
time : 0.002393
