Parameters: GAD=1 vflib=1 dir=1 label=1 lowerbound=1 fileNameGp=../graphsdb/mcs70/m3D/m3Dr2/mcs70_m3Dr2_s40.A24 fileNameGt=../graphsdb/mcs70/m3D/m3Dr2/mcs70_m3Dr2_s40.B24
Reading graphs...
40 : 92
40 : 92
Initializing...
maxdom : 10
D->valSize : 241
Solving...
Blb : 3 (clique : 20)
currentSize : 20 <-- 0.001448 s
currentSize : 21 <-- 0.001849 s
currentSize : 22 <-- 0.005835 s
currentSize : 23 <-- 0.005917 s
currentSize : 25 <-- 0.005966 s
currentSize : 26 <-- 0.006069 s
currentSize : 27 <-- 0.010350 s

maxsize : 27
nodes : 4563.000000
filtered : 52297.000000
time : 0.019516
