Parameters: GAD=1 vflib=1 dir=1 label=1 lowerbound=1 fileNameGp=../graphsdb/mcs70/m2D/m2Dr6/mcs70_m2Dr6_s100.A15 fileNameGt=../graphsdb/mcs70/m2D/m2Dr6/mcs70_m2Dr6_s100.B15
Reading graphs...
100 : 240
100 : 240
Initializing...
maxdom : 7
D->valSize : 374
Solving...
Blb : 2 (clique : 52)
currentSize : 52 <-- 0.004128 s
currentSize : 53 <-- 0.004705 s
currentSize : 55 <-- 0.006443 s
currentSize : 56 <-- 0.006872 s
currentSize : 57 <-- 0.281873 s
currentSize : 58 <-- 31.588425 s
currentSize : 60 <-- 138.689331 s
currentSize : 61 <-- 138.844955 s
currentSize : 62 <-- 474.997894 s
currentSize : 64 <-- 475.525421 s

maxsize : 64
nodes : 165441148.000000
filtered : 510935493.000000
time : 798.885254
