Parameters: GAD=1 vflib=1 dir=1 label=1 lowerbound=1 fileNameGp=../graphsdb/mcs70/m3D/m3D/mcs70_m3D_s90.A08 fileNameGt=../graphsdb/mcs70/m3D/m3D/mcs70_m3D_s90.B08
Reading graphs...
90 : 209
90 : 209
Initializing...
maxdom : 9
D->valSize : 548
Solving...
Blb : 2 (clique : 45)
currentSize : 45 <-- 0.010889 s
currentSize : 46 <-- 0.610879 s
currentSize : 47 <-- 28.498165 s
currentSize : 51 <-- 28.498337 s
currentSize : 54 <-- 28.506519 s
currentSize : 57 <-- 43.837868 s
currentSize : 60 <-- 43.838676 s
currentSize : 61 <-- 116.092896 s
currentSize : 64 <-- 178.766083 s

maxsize : 64
nodes : 40532244.000000
filtered : 261328204.000000
time : 219.800919
