Parameters: GAD=1 vflib=1 dir=1 label=1 lowerbound=1 fileNameGp=../graphsdb/mcs70/m2D/m2Dr6/mcs70_m2Dr6_s100.A51 fileNameGt=../graphsdb/mcs70/m2D/m2Dr6/mcs70_m2Dr6_s100.B51
Reading graphs...
100 : 240
100 : 239
Initializing...
maxdom : 7
D->valSize : 366
Solving...
Blb : 2 (clique : 49)
currentSize : 49 <-- 0.003947 s
currentSize : 50 <-- 0.004956 s
currentSize : 53 <-- 0.028380 s
currentSize : 54 <-- 0.265534 s
currentSize : 57 <-- 3.411559 s
currentSize : 58 <-- 3.411929 s
currentSize : 60 <-- 3.441394 s
currentSize : 61 <-- 7.054352 s
currentSize : 63 <-- 7.231458 s
currentSize : 64 <-- 7.257017 s

maxsize : 64
nodes : 115236316.000000
filtered : 379140864.000000
time : 570.203918
