Parameters: GAD=1 vflib=1 dir=1 label=1 lowerbound=1 fileNameGp=../graphsdb/mcs70/m2D/m2Dr6/mcs70_m2Dr6_s100.A54 fileNameGt=../graphsdb/mcs70/m2D/m2Dr6/mcs70_m2Dr6_s100.B54
Reading graphs...
100 : 240
100 : 239
Initializing...
maxdom : 8
D->valSize : 374
Solving...
Blb : 2 (clique : 52)
currentSize : 52 <-- 0.004163 s
currentSize : 53 <-- 0.004556 s
currentSize : 54 <-- 0.092536 s
currentSize : 55 <-- 0.092712 s
currentSize : 56 <-- 17.530588 s
currentSize : 57 <-- 17.551744 s
currentSize : 59 <-- 269.874725 s
currentSize : 61 <-- 269.889038 s
currentSize : 62 <-- 271.836700 s
currentSize : 63 <-- 271.844543 s
currentSize : 64 <-- 271.844788 s

maxsize : 64
nodes : 105751631.000000
filtered : 287886285.000000
time : 466.321777
