Parameters: GAD=1 vflib=1 dir=1 label=1 lowerbound=1 fileNameGp=../graphsdb/mcs70/m3D/m3Dr6/mcs70_m3Dr6_s100.A75 fileNameGt=../graphsdb/mcs70/m3D/m3Dr6/mcs70_m3Dr6_s100.B75
Reading graphs...
100 : 295
100 : 295
Initializing...
maxdom : 6
D->valSize : 352
Solving...
Blb : 3 (clique : 40)
currentSize : 40 <-- 0.006586 s
currentSize : 42 <-- 0.007284 s
currentSize : 43 <-- 0.010809 s
currentSize : 44 <-- 0.039183 s
currentSize : 45 <-- 0.055294 s
currentSize : 46 <-- 0.121454 s
currentSize : 47 <-- 2.369831 s
currentSize : 48 <-- 5.008692 s
currentSize : 49 <-- 6.767153 s
currentSize : 51 <-- 9.323209 s
currentSize : 52 <-- 9.323587 s
currentSize : 53 <-- 9.325281 s
currentSize : 54 <-- 9.354677 s
currentSize : 55 <-- 9.688176 s
currentSize : 56 <-- 9.716946 s
currentSize : 57 <-- 32.363747 s
currentSize : 59 <-- 74.616692 s
currentSize : 60 <-- 74.617210 s
currentSize : 61 <-- 74.621407 s
currentSize : 62 <-- 74.622086 s
currentSize : 63 <-- 74.654572 s
currentSize : 64 <-- 92.805893 s

maxsize : 64
nodes : 57116252.000000
filtered : 216099409.000000
time : 291.122650
