Parameters: GAD=1 vflib=1 dir=1 label=1 lowerbound=1 fileNameGp=../graphsdb/mcs70/rand/r005/mcs70_r005_s50.A54 fileNameGt=../graphsdb/mcs70/rand/r005/mcs70_r005_s50.B54
Reading graphs...
50 : 121
50 : 121
Initializing...
maxdom : 12
D->valSize : 383
Solving...
Blb : 2 (clique : 22)
currentSize : 22 <-- 0.002912 s
currentSize : 24 <-- 0.003652 s
currentSize : 25 <-- 0.205761 s
currentSize : 27 <-- 0.283879 s
currentSize : 28 <-- 0.473725 s
currentSize : 29 <-- 0.511512 s
currentSize : 32 <-- 0.511585 s
currentSize : 35 <-- 0.539670 s

maxsize : 35
nodes : 112095.000000
filtered : 1632847.000000
time : 0.592494
