Parameters: GAD=1 vflib=1 dir=1 label=1 lowerbound=1 fileNameGp=../graphsdb/mcs70/m2D/m2Dr2/mcs70_m2Dr2_s100.A64 fileNameGt=../graphsdb/mcs70/m2D/m2Dr2/mcs70_m2Dr2_s100.B64
Reading graphs...
100 : 200
100 : 200
Initializing...
maxdom : 6
D->valSize : 381
Solving...
Blb : 2 (clique : 43)
currentSize : 43 <-- 0.004163 s
currentSize : 45 <-- 0.004534 s
currentSize : 46 <-- 0.005125 s
currentSize : 47 <-- 0.005445 s
currentSize : 48 <-- 0.005728 s
currentSize : 49 <-- 0.046714 s
currentSize : 52 <-- 28.484844 s
currentSize : 53 <-- 28.491589 s
currentSize : 54 <-- 28.493212 s
currentSize : 55 <-- 192.811447 s
currentSize : 56 <-- 192.811768 s
currentSize : 57 <-- 192.825195 s
currentSize : 58 <-- 412.880981 s
currentSize : 60 <-- 413.069336 s
currentSize : 61 <-- 413.073700 s
currentSize : 62 <-- 413.074310 s
currentSize : 63 <-- 813.323059 s
currentSize : 64 <-- 813.328430 s
currentSize : 65 <-- 813.457947 s

maxsize : 65
nodes : 537588085.000000
filtered : 1769021460.000000
time : 2639.545654
