Parameters: GAD=1 vflib=1 dir=1 label=1 lowerbound=1 fileNameGp=../graphsdb/mcs70/rand/r005/mcs70_r005_s50.A45 fileNameGt=../graphsdb/mcs70/rand/r005/mcs70_r005_s50.B45
Reading graphs...
50 : 121
50 : 121
Initializing...
maxdom : 10
D->valSize : 330
Solving...
Blb : 2 (clique : 27)
currentSize : 27 <-- 0.003913 s
currentSize : 28 <-- 0.052918 s
currentSize : 29 <-- 0.081256 s
currentSize : 32 <-- 0.263834 s
currentSize : 35 <-- 0.332340 s

maxsize : 35
nodes : 50216.000000
filtered : 814254.000000
time : 0.351217
