Parameters: GAD=1 vflib=1 dir=1 label=1 lowerbound=1 fileNameGp=../graphsdb/mcs70/rand/r01/mcs70_r01_s100.A10 fileNameGt=../graphsdb/mcs70/rand/r01/mcs70_r01_s100.B10
Reading graphs...
100 : 989
100 : 989
Initializing...
maxdom : 6
D->valSize : 368
Solving...
Blb : 2 (clique : 15)
currentSize : 15 <-- 0.003534 s
currentSize : 16 <-- 0.003711 s
currentSize : 17 <-- 0.004395 s
currentSize : 21 <-- 0.009154 s
currentSize : 22 <-- 0.009334 s
currentSize : 31 <-- 0.020113 s
currentSize : 32 <-- 0.030449 s
currentSize : 37 <-- 0.034415 s
currentSize : 48 <-- 0.034662 s
currentSize : 54 <-- 0.048035 s
currentSize : 70 <-- 0.049863 s

maxsize : 70
nodes : 9959.000000
filtered : 102871.000000
time : 0.066545
