Parameters: GAD=1 vflib=1 dir=1 label=1 lowerbound=1 fileNameGp=../graphsdb/mcs70/m3D/m3Dr6/mcs70_m3Dr6_s35.A62 fileNameGt=../graphsdb/mcs70/m3D/m3Dr6/mcs70_m3Dr6_s35.B62
Reading graphs...
35 : 93
35 : 92
Initializing...
maxdom : 7
D->valSize : 173
Solving...
Blb : 2 (clique : 18)
currentSize : 18 <-- 0.001093 s
currentSize : 20 <-- 0.001187 s
currentSize : 21 <-- 0.002506 s
currentSize : 22 <-- 0.002585 s
currentSize : 25 <-- 0.002721 s
currentSize : 27 <-- 0.002775 s

maxsize : 27
nodes : 757.000000
filtered : 5489.000000
time : 0.003739
