Parameters: GAD=1 vflib=1 dir=1 label=1 lowerbound=1 fileNameGp=../graphsdb/mcs70/rand/r01/mcs70_r01_s60.A53 fileNameGt=../graphsdb/mcs70/rand/r01/mcs70_r01_s60.B53
Reading graphs...
60 : 353
60 : 353
Initializing...
maxdom : 7
D->valSize : 245
Solving...
Blb : 2 (clique : 21)
currentSize : 21 <-- 0.002586 s
currentSize : 32 <-- 0.003163 s
currentSize : 34 <-- 0.007849 s
currentSize : 35 <-- 0.014236 s
currentSize : 42 <-- 0.015561 s

maxsize : 42
nodes : 1833.000000
filtered : 25642.000000
time : 0.017748
