Parameters: GAD=1 vflib=1 dir=1 label=1 lowerbound=1 fileNameGp=../graphsdb/mcs70/m2D/m2Dr6/mcs70_m2Dr6_s80.A76 fileNameGt=../graphsdb/mcs70/m2D/m2Dr6/mcs70_m2Dr6_s80.B76
Reading graphs...
80 : 190
80 : 190
Initializing...
maxdom : 9
D->valSize : 468
Solving...
Blb : 2 (clique : 28)
currentSize : 28 <-- 0.004801 s
currentSize : 29 <-- 0.009361 s
currentSize : 30 <-- 0.014973 s
currentSize : 31 <-- 6.977051 s
currentSize : 32 <-- 13.147797 s
currentSize : 33 <-- 13.157481 s
currentSize : 34 <-- 65.720039 s
currentSize : 35 <-- 80.406487 s
currentSize : 36 <-- 80.408882 s
currentSize : 37 <-- 80.408951 s
currentSize : 38 <-- 85.356903 s
currentSize : 39 <-- 85.357155 s
currentSize : 40 <-- 92.038025 s
currentSize : 41 <-- 92.049393 s
currentSize : 42 <-- 95.736038 s
currentSize : 43 <-- 95.740959 s
currentSize : 44 <-- 143.547165 s
currentSize : 46 <-- 143.566833 s
currentSize : 47 <-- 143.566971 s
currentSize : 48 <-- 143.568726 s
currentSize : 49 <-- 212.566406 s

maxsize : 49
nodes : 50109815.000000
filtered : 335279688.000000
time : 245.268753
