Parameters: GAD=1 vflib=1 dir=1 label=1 lowerbound=1 fileNameGp=../graphsdb/mcs70/bvg/b06m/mcs70_b06m_s80.A31 fileNameGt=../graphsdb/mcs70/bvg/b06m/mcs70_b06m_s80.B31
Reading graphs...
80 : 240
80 : 240
Initializing...
maxdom : 9
D->valSize : 444
Solving...
Blb : 2 (clique : 42)
currentSize : 42 <-- 0.007280 s
currentSize : 46 <-- 0.009465 s
currentSize : 47 <-- 0.009744 s
currentSize : 49 <-- 0.036672 s
currentSize : 51 <-- 0.036828 s
currentSize : 56 <-- 0.076438 s

maxsize : 56
nodes : 110121.000000
filtered : 693694.000000
time : 0.586047
