Parameters: GAD=1 vflib=1 dir=1 label=1 lowerbound=1 fileNameGp=../graphsdb/mcs70/bvg/b03m/mcs70_b03m_s70.A78 fileNameGt=../graphsdb/mcs70/bvg/b03m/mcs70_b03m_s70.B78
Reading graphs...
70 : 105
70 : 105
Initializing...
maxdom : 9
D->valSize : 371
Solving...
Blb : 3 (clique : 39)
currentSize : 39 <-- 0.003602 s
currentSize : 41 <-- 0.007993 s
currentSize : 42 <-- 0.008101 s
currentSize : 43 <-- 0.009154 s
currentSize : 44 <-- 4.497940 s
currentSize : 45 <-- 4.498306 s
currentSize : 46 <-- 4.563621 s
currentSize : 47 <-- 29.758801 s
currentSize : 48 <-- 29.760538 s

maxsize : 48
nodes : 10475276.000000
filtered : 44583085.000000
time : 44.918594
