Parameters: GAD=1 vflib=1 dir=1 label=1 lowerbound=1 fileNameGp=../graphsdb/mcs70/m2D/m2Dr2/mcs70_m2Dr2_s40.A60 fileNameGt=../graphsdb/mcs70/m2D/m2Dr2/mcs70_m2Dr2_s40.B60
Reading graphs...
40 : 75
40 : 74
Initializing...
maxdom : 8
D->valSize : 214
Solving...
Blb : 5 (clique : 18)
currentSize : 18 <-- 0.001314 s
currentSize : 19 <-- 0.001627 s
currentSize : 20 <-- 0.416593 s
currentSize : 21 <-- 0.436578 s
currentSize : 22 <-- 0.569138 s
currentSize : 23 <-- 0.670274 s
currentSize : 24 <-- 0.670372 s
currentSize : 25 <-- 0.670510 s

maxsize : 25
nodes : 179429.000000
filtered : 1692455.000000
time : 0.707324
