Parameters: GAD=1 vflib=1 dir=1 label=1 lowerbound=1 fileNameGp=../graphsdb/mcs70/m3D/m3D/mcs70_m3D_s40.A15 fileNameGt=../graphsdb/mcs70/m3D/m3D/mcs70_m3D_s40.B15
Reading graphs...
40 : 84
40 : 84
Initializing...
maxdom : 9
D->valSize : 203
Solving...
Blb : 2 (clique : 15)
currentSize : 15 <-- 0.001180 s
currentSize : 16 <-- 0.001278 s
currentSize : 17 <-- 0.002030 s
currentSize : 18 <-- 0.015327 s
currentSize : 19 <-- 0.016000 s
currentSize : 20 <-- 0.016402 s
currentSize : 21 <-- 0.016518 s
currentSize : 23 <-- 0.022197 s
currentSize : 27 <-- 0.022252 s

maxsize : 27
nodes : 6650.000000
filtered : 42876.000000
time : 0.024417
