Parameters: GAD=1 vflib=1 dir=1 label=1 lowerbound=1 fileNameGp=../graphsdb/mcs70/rand/r01/mcs70_r01_s60.A47 fileNameGt=../graphsdb/mcs70/rand/r01/mcs70_r01_s60.B47
Reading graphs...
60 : 353
60 : 353
Initializing...
maxdom : 6
D->valSize : 250
Solving...
Blb : 2 (clique : 11)
currentSize : 11 <-- 0.001722 s
currentSize : 12 <-- 0.002119 s
currentSize : 13 <-- 0.002628 s
currentSize : 19 <-- 0.005174 s
currentSize : 22 <-- 0.005356 s
currentSize : 25 <-- 0.007470 s
currentSize : 29 <-- 0.007571 s
currentSize : 34 <-- 0.010297 s
currentSize : 42 <-- 0.013718 s

maxsize : 42
nodes : 3563.000000
filtered : 32537.000000
time : 0.017820
