Parameters: GAD=1 vflib=1 dir=1 label=1 lowerbound=1 fileNameGp=../graphsdb/mcs70/m2D/m2Dr6/mcs70_m2Dr6_s80.A64 fileNameGt=../graphsdb/mcs70/m2D/m2Dr6/mcs70_m2Dr6_s80.B64
Reading graphs...
80 : 190
80 : 189
Initializing...
maxdom : 11
D->valSize : 445
Solving...
Blb : 2 (clique : 27)
currentSize : 27 <-- 0.007335 s
currentSize : 28 <-- 0.009030 s
currentSize : 29 <-- 0.011726 s
currentSize : 30 <-- 0.011943 s
currentSize : 31 <-- 0.020944 s
currentSize : 32 <-- 8.965653 s
currentSize : 33 <-- 149.359406 s
currentSize : 34 <-- 149.360443 s
currentSize : 35 <-- 206.234146 s
currentSize : 36 <-- 234.668640 s
currentSize : 37 <-- 234.668823 s
currentSize : 38 <-- 234.690033 s
currentSize : 39 <-- 246.022598 s
currentSize : 40 <-- 246.022781 s
currentSize : 41 <-- 246.318970 s
currentSize : 42 <-- 246.319504 s
currentSize : 43 <-- 268.258881 s
currentSize : 44 <-- 268.541779 s
currentSize : 45 <-- 268.542023 s
currentSize : 48 <-- 283.561462 s
currentSize : 50 <-- 283.696747 s

maxsize : 50
nodes : 62478688.000000
filtered : 557355714.000000
time : 332.961853
