Parameters: GAD=1 vflib=1 dir=1 label=1 lowerbound=1 fileNameGp=../graphsdb/mcs70/m2D/m2D/mcs70_m2D_s50.A51 fileNameGt=../graphsdb/mcs70/m2D/m2D/mcs70_m2D_s50.B51
Reading graphs...
50 : 85
50 : 85
Initializing...
maxdom : 11
D->valSize : 342
Solving...
Blb : 2 (clique : 26)
currentSize : 26 <-- 0.004189 s
currentSize : 29 <-- 0.004408 s
currentSize : 30 <-- 0.004470 s
currentSize : 31 <-- 0.004579 s
currentSize : 34 <-- 0.008290 s
currentSize : 35 <-- 0.008349 s
currentSize : 36 <-- 0.009007 s

maxsize : 36
nodes : 33217.000000
filtered : 192039.000000
time : 0.150950
