Parameters: GAD=1 vflib=1 dir=1 label=1 lowerbound=1 fileNameGp=../graphsdb/mcs70/m2D/m2Dr2/mcs70_m2Dr2_s50.A26 fileNameGt=../graphsdb/mcs70/m2D/m2Dr2/mcs70_m2Dr2_s50.B26
Reading graphs...
50 : 95
50 : 95
Initializing...
maxdom : 10
D->valSize : 356
Solving...
Blb : 2 (clique : 28)
currentSize : 28 <-- 0.002744 s
currentSize : 29 <-- 0.268521 s
currentSize : 30 <-- 0.305652 s
currentSize : 31 <-- 0.305749 s
currentSize : 33 <-- 0.549321 s
currentSize : 34 <-- 0.643187 s
currentSize : 36 <-- 0.643234 s

maxsize : 36
nodes : 153802.000000
filtered : 1552355.000000
time : 0.702361
