Parameters: GAD=1 vflib=1 dir=1 label=1 lowerbound=1 fileNameGp=../graphsdb/mcs70/bvg/b06m/mcs70_b06m_s60.A33 fileNameGt=../graphsdb/mcs70/bvg/b06m/mcs70_b06m_s60.B33
Reading graphs...
60 : 180
60 : 180
Initializing...
maxdom : 6
D->valSize : 261
Solving...
Blb : 2 (clique : 24)
currentSize : 24 <-- 0.003206 s
currentSize : 31 <-- 0.003433 s
currentSize : 32 <-- 0.004594 s
currentSize : 38 <-- 0.012747 s
currentSize : 40 <-- 0.013356 s
currentSize : 42 <-- 0.035189 s

maxsize : 42
nodes : 12560.000000
filtered : 89550.000000
time : 0.059344
