Parameters: GAD=1 vflib=1 dir=1 label=1 lowerbound=1 fileNameGp=../graphsdb/mcs70/rand/r01/mcs70_r01_s25.A78 fileNameGt=../graphsdb/mcs70/rand/r01/mcs70_r01_s25.B78
Reading graphs...
25 : 59
25 : 59
Initializing...
maxdom : 7
D->valSize : 153
Solving...
Blb : 2 (clique : 8)
currentSize : 8 <-- 0.001056 s
currentSize : 9 <-- 0.001123 s
currentSize : 10 <-- 0.003318 s
currentSize : 11 <-- 0.003897 s
currentSize : 13 <-- 0.003983 s
currentSize : 17 <-- 0.007343 s

maxsize : 17
nodes : 1323.000000
filtered : 17149.000000
time : 0.007983
