Parameters: GAD=1 vflib=1 dir=1 label=1 lowerbound=1 fileNameGp=../graphsdb/mcs70/rand/r005/mcs70_r005_s70.A49 fileNameGt=../graphsdb/mcs70/rand/r005/mcs70_r005_s70.B49
Reading graphs...
70 : 240
70 : 240
Initializing...
maxdom : 9
D->valSize : 370
Solving...
Blb : 2 (clique : 23)
currentSize : 23 <-- 0.003197 s
currentSize : 24 <-- 0.003405 s
currentSize : 25 <-- 0.003585 s
currentSize : 26 <-- 0.003898 s
currentSize : 27 <-- 0.004008 s
currentSize : 30 <-- 0.004877 s
currentSize : 32 <-- 0.006343 s
currentSize : 33 <-- 0.006450 s
currentSize : 36 <-- 0.007276 s
currentSize : 39 <-- 0.016449 s
currentSize : 44 <-- 0.016839 s
currentSize : 49 <-- 0.017732 s

maxsize : 49
nodes : 6998.000000
filtered : 64718.000000
time : 0.041185
