Parameters: GAD=1 vflib=1 dir=1 label=1 lowerbound=1 fileNameGp=../graphsdb/mcs70/m2D/m2D/mcs70_m2D_s100.A91 fileNameGt=../graphsdb/mcs70/m2D/m2D/mcs70_m2D_s100.B91
Reading graphs...
100 : 180
100 : 180
Initializing...
maxdom : 6
D->valSize : 370
Solving...
Blb : 2 (clique : 54)
currentSize : 54 <-- 0.004037 s
currentSize : 57 <-- 0.004430 s
currentSize : 58 <-- 0.016386 s
currentSize : 59 <-- 2332.262695 s
currentSize : 62 <-- 2332.262695 s
currentSize : 64 <-- 2334.610596 s

maxsize : 64
nodes : 658205771.000000
filtered : 2298271439.000000
time : 3190.627686
