Parameters: GAD=1 vflib=1 dir=1 label=1 lowerbound=1 fileNameGp=../graphsdb/mcs70/bvg/b03m/mcs70_b03m_s60.A06 fileNameGt=../graphsdb/mcs70/bvg/b03m/mcs70_b03m_s60.B06
Reading graphs...
60 : 90
60 : 90
Initializing...
maxdom : 7
D->valSize : 247
Solving...
Blb : 2 (clique : 32)
currentSize : 32 <-- 0.001937 s
currentSize : 34 <-- 0.003311 s
currentSize : 35 <-- 0.003436 s
currentSize : 36 <-- 0.027685 s
currentSize : 37 <-- 0.140191 s
currentSize : 38 <-- 0.140264 s
currentSize : 39 <-- 0.182595 s
currentSize : 40 <-- 0.182666 s
currentSize : 41 <-- 1.396911 s
currentSize : 42 <-- 1.396949 s

maxsize : 42
nodes : 892655.000000
filtered : 3206845.000000
time : 3.358036
