Parameters: GAD=1 vflib=1 dir=1 label=1 lowerbound=1 fileNameGp=../graphsdb/mcs70/m2D/m2Dr4/mcs70_m2Dr4_s50.A84 fileNameGt=../graphsdb/mcs70/m2D/m2Dr4/mcs70_m2Dr4_s50.B84
Reading graphs...
50 : 105
50 : 105
Initializing...
maxdom : 9
D->valSize : 363
Solving...
Blb : 2 (clique : 21)
currentSize : 21 <-- 0.002767 s
currentSize : 22 <-- 0.666216 s
currentSize : 23 <-- 0.666278 s
currentSize : 24 <-- 0.828802 s
currentSize : 25 <-- 0.990122 s
currentSize : 26 <-- 1.624146 s
currentSize : 27 <-- 2.275246 s
currentSize : 28 <-- 2.375436 s
currentSize : 29 <-- 2.483920 s
currentSize : 30 <-- 2.547448 s
currentSize : 32 <-- 2.815807 s
currentSize : 33 <-- 3.001638 s
currentSize : 36 <-- 3.125661 s

maxsize : 36
nodes : 594051.000000
filtered : 7609039.000000
time : 3.199756
