Parameters: GAD=1 vflib=1 dir=1 label=1 lowerbound=1 fileNameGp=../graphsdb/mcs70/m2D/m2Dr4/mcs70_m2Dr4_s60.A29 fileNameGt=../graphsdb/mcs70/m2D/m2Dr4/mcs70_m2Dr4_s60.B29
Reading graphs...
60 : 128
60 : 126
Initializing...
maxdom : 8
D->valSize : 282
Solving...
Blb : 2 (clique : 27)
currentSize : 27 <-- 0.002147 s
currentSize : 28 <-- 0.002309 s
currentSize : 29 <-- 0.183879 s
currentSize : 30 <-- 1.059416 s
currentSize : 31 <-- 1.059656 s
currentSize : 32 <-- 1.097439 s
currentSize : 33 <-- 2.003719 s
currentSize : 34 <-- 2.004381 s
currentSize : 35 <-- 2.022027 s
currentSize : 36 <-- 2.022871 s

maxsize : 36
nodes : 999915.000000
filtered : 4522914.000000
time : 3.901131
