Parameters: GAD=1 vflib=1 dir=1 label=1 lowerbound=1 fileNameGp=../graphsdb/mcs70/m2D/m2Dr4/mcs70_m2Dr4_s90.A12 fileNameGt=../graphsdb/mcs70/m2D/m2Dr4/mcs70_m2Dr4_s90.B12
Reading graphs...
90 : 197
90 : 196
Initializing...
maxdom : 10
D->valSize : 567
Solving...
Blb : 3 (clique : 53)
currentSize : 53 <-- 0.011537 s
currentSize : 54 <-- 0.014586 s
currentSize : 55 <-- 0.164998 s
currentSize : 56 <-- 0.165052 s
currentSize : 57 <-- 0.165839 s
currentSize : 58 <-- 0.165947 s
currentSize : 59 <-- 729.422791 s
currentSize : 60 <-- 729.422913 s
currentSize : 61 <-- 729.424255 s
currentSize : 62 <-- 729.424438 s
currentSize : 63 <-- 729.427490 s
currentSize : 64 <-- 1074.456787 s

maxsize : 64
nodes : 246899445.000000
filtered : 1312974904.000000
time : 1269.176636
