Parameters: GAD=1 vflib=1 dir=1 label=1 lowerbound=1 fileNameGp=../graphsdb/mcs70/bvg/b09/mcs70_b09_s90.A37 fileNameGt=../graphsdb/mcs70/bvg/b09/mcs70_b09_s90.B37
Reading graphs...
90 : 405
90 : 405
Initializing...
maxdom : 12
D->valSize : 603
Solving...
Blb : 2 (clique : 25)
currentSize : 25 <-- 0.007134 s
currentSize : 26 <-- 0.007394 s
currentSize : 27 <-- 0.007951 s
currentSize : 29 <-- 0.008489 s
currentSize : 30 <-- 0.012252 s
currentSize : 31 <-- 1.042370 s
currentSize : 33 <-- 1.627663 s
currentSize : 34 <-- 1.628300 s
currentSize : 35 <-- 5.008892 s
currentSize : 36 <-- 14.346610 s
currentSize : 38 <-- 14.348372 s
currentSize : 39 <-- 14.842759 s
currentSize : 40 <-- 26.125916 s
currentSize : 43 <-- 36.861721 s
currentSize : 45 <-- 36.861855 s
currentSize : 46 <-- 36.862076 s
currentSize : 47 <-- 47.419998 s
currentSize : 50 <-- 60.446194 s
currentSize : 51 <-- 60.446861 s
currentSize : 57 <-- 92.178558 s
currentSize : 60 <-- 92.178749 s
currentSize : 62 <-- 92.179420 s

maxsize : 62
nodes : 16732249.000000
filtered : 157637392.000000
time : 98.777954
