Parameters: GAD=1 vflib=1 dir=1 label=1 lowerbound=1 fileNameGp=../graphsdb/mcs70/m2D/m2D/mcs70_m2D_s25.A82 fileNameGt=../graphsdb/mcs70/m2D/m2D/mcs70_m2D_s25.B82
Reading graphs...
25 : 40
25 : 40
Initializing...
maxdom : 8
D->valSize : 159
Solving...
Blb : 3 (clique : 11)
currentSize : 11 <-- 0.000835 s
currentSize : 12 <-- 0.001552 s
currentSize : 15 <-- 0.007493 s
currentSize : 16 <-- 0.008873 s
currentSize : 17 <-- 0.009618 s

maxsize : 17
nodes : 3127.000000
filtered : 33065.000000
time : 0.011055
