Parameters: GAD=1 vflib=1 dir=1 label=1 lowerbound=1 fileNameGp=../graphsdb/mcs70/bvg/b03m/mcs70_b03m_s90.A93 fileNameGt=../graphsdb/mcs70/bvg/b03m/mcs70_b03m_s90.B93
Reading graphs...
90 : 135
90 : 135
Initializing...
maxdom : 9
D->valSize : 542
Solving...
Blb : 2 (clique : 55)
currentSize : 55 <-- 0.006775 s
currentSize : 59 <-- 0.007154 s
currentSize : 60 <-- 0.106774 s
currentSize : 62 <-- 0.106924 s
currentSize : 63 <-- 0.327490 s

maxsize : 63
nodes : 49307018.000000
filtered : 390767277.000000
time : 312.403107
