Parameters: GAD=1 vflib=1 dir=1 label=1 lowerbound=1 fileNameGp=../graphsdb/mcs70/bvg/b06/mcs70_b06_s70.A82 fileNameGt=../graphsdb/mcs70/bvg/b06/mcs70_b06_s70.B82
Reading graphs...
70 : 210
70 : 210
Initializing...
maxdom : 8
D->valSize : 359
Solving...
Blb : 2 (clique : 34)
currentSize : 34 <-- 0.004687 s
currentSize : 35 <-- 0.005133 s
currentSize : 37 <-- 0.018655 s
currentSize : 38 <-- 0.018885 s
currentSize : 39 <-- 0.019143 s
currentSize : 44 <-- 0.028446 s
currentSize : 46 <-- 0.514593 s
currentSize : 47 <-- 0.526806 s
currentSize : 49 <-- 1.531489 s

maxsize : 49
nodes : 608614.000000
filtered : 4035686.000000
time : 2.805793
