Parameters: GAD=1 vflib=1 dir=1 label=1 lowerbound=1 fileNameGp=../graphsdb/mcs70/m2D/m2D/mcs70_m2D_s70.A44 fileNameGt=../graphsdb/mcs70/m2D/m2D/mcs70_m2D_s70.B44
Reading graphs...
70 : 123
70 : 123
Initializing...
maxdom : 9
D->valSize : 371
Solving...
Blb : 2 (clique : 40)
currentSize : 40 <-- 0.005601 s
currentSize : 41 <-- 0.572903 s
currentSize : 42 <-- 0.573918 s
currentSize : 43 <-- 0.586368 s
currentSize : 44 <-- 0.593998 s
currentSize : 45 <-- 81.846474 s
currentSize : 48 <-- 81.958694 s
currentSize : 49 <-- 81.959183 s

maxsize : 49
nodes : 29034260.000000
filtered : 116416789.000000
time : 118.622993
