Parameters: GAD=1 vflib=1 dir=1 label=1 lowerbound=1 fileNameGp=../graphsdb/mcs70/m2D/m2Dr2/mcs70_m2Dr2_s70.A14 fileNameGt=../graphsdb/mcs70/m2D/m2Dr2/mcs70_m2Dr2_s70.B14
Reading graphs...
70 : 137
70 : 136
Initializing...
maxdom : 8
D->valSize : 342
Solving...
Blb : 2 (clique : 36)
currentSize : 36 <-- 0.003043 s
currentSize : 37 <-- 0.003352 s
currentSize : 40 <-- 0.005033 s
currentSize : 44 <-- 0.500296 s
currentSize : 45 <-- 1.354784 s
currentSize : 46 <-- 1.354991 s
currentSize : 48 <-- 1.567648 s
currentSize : 50 <-- 1.567739 s

maxsize : 50
nodes : 448979.000000
filtered : 2276799.000000
time : 1.976562
