Parameters: GAD=1 vflib=1 dir=1 label=1 lowerbound=1 fileNameGp=../graphsdb/mcs70/m2D/m2Dr2/mcs70_m2Dr2_s40.A05 fileNameGt=../graphsdb/mcs70/m2D/m2Dr2/mcs70_m2Dr2_s40.B05
Reading graphs...
40 : 74
40 : 74
Initializing...
maxdom : 11
D->valSize : 225
Solving...
Blb : 2 (clique : 18)
currentSize : 18 <-- 0.001290 s
currentSize : 19 <-- 0.031991 s
currentSize : 20 <-- 0.367978 s
currentSize : 21 <-- 0.423463 s
currentSize : 22 <-- 0.423538 s
currentSize : 23 <-- 0.513399 s
currentSize : 24 <-- 0.702134 s
currentSize : 26 <-- 0.702184 s

maxsize : 26
nodes : 186532.000000
filtered : 1867640.000000
time : 0.729506
