Parameters: GAD=1 vflib=1 dir=1 label=1 lowerbound=1 fileNameGp=../graphsdb/mcs70/bvg/b03/mcs70_b03_s60.A24 fileNameGt=../graphsdb/mcs70/bvg/b03/mcs70_b03_s60.B24
Reading graphs...
60 : 90
60 : 90
Initializing...
maxdom : 7
D->valSize : 244
Solving...
Blb : 3 (clique : 28)
currentSize : 28 <-- 0.002841 s
currentSize : 29 <-- 0.039920 s
currentSize : 30 <-- 0.114923 s
currentSize : 31 <-- 0.641125 s
currentSize : 32 <-- 1.605958 s
currentSize : 33 <-- 1.667395 s
currentSize : 34 <-- 1.672607 s
currentSize : 35 <-- 2.893911 s
currentSize : 37 <-- 2.895687 s
currentSize : 38 <-- 3.422364 s
currentSize : 39 <-- 4.395095 s
currentSize : 42 <-- 4.429540 s

maxsize : 42
nodes : 1485505.000000
filtered : 7032430.000000
time : 6.053118
