Parameters: GAD=1 vflib=1 dir=1 label=1 lowerbound=1 fileNameGp=../graphsdb/mcs70/rand/r01/mcs70_r01_s40.A09 fileNameGt=../graphsdb/mcs70/rand/r01/mcs70_r01_s40.B09
Reading graphs...
40 : 155
40 : 155
Initializing...
maxdom : 9
D->valSize : 235
Solving...
Blb : 2 (clique : 9)
currentSize : 9 <-- 0.001371 s
currentSize : 11 <-- 0.001427 s
currentSize : 12 <-- 0.001609 s
currentSize : 13 <-- 0.001703 s
currentSize : 16 <-- 0.025436 s
currentSize : 17 <-- 0.025507 s
currentSize : 22 <-- 0.035407 s
currentSize : 28 <-- 0.035535 s

maxsize : 28
nodes : 9725.000000
filtered : 98583.000000
time : 0.037455
