Parameters: GAD=1 vflib=1 dir=1 label=1 lowerbound=1 fileNameGp=../graphsdb/mcs70/bvg/b03m/mcs70_b03m_s100.A66 fileNameGt=../graphsdb/mcs70/bvg/b03m/mcs70_b03m_s100.B66
Reading graphs...
100 : 150
100 : 150
Initializing...
maxdom : 10
D->valSize : 393
Solving...
Blb : 3 (clique : 53)
currentSize : 53 <-- 0.004468 s
currentSize : 54 <-- 0.010082 s
currentSize : 55 <-- 0.010904 s
currentSize : 56 <-- 0.011207 s
currentSize : 57 <-- 0.015192 s
currentSize : 58 <-- 0.015520 s
currentSize : 59 <-- 0.025726 s
currentSize : 60 <-- 0.026096 s
currentSize : 61 <-- 0.061921 s
currentSize : 62 <-- 0.062304 s
currentSize : 63 <-- 0.064520 s
currentSize : 64 <-- 0.064955 s
currentSize : 65 <-- 0.173786 s
currentSize : 66 <-- 0.175821 s
currentSize : 67 <-- 0.176403 s
currentSize : 69 <-- 0.850891 s
currentSize : 70 <-- 0.851720 s

maxsize : 70
nodes : 50678110.000000
filtered : 221799750.000000
time : 279.653320
