Parameters: GAD=1 vflib=1 dir=1 label=1 lowerbound=1 fileNameGp=../graphsdb/mcs70/m2D/m2Dr2/mcs70_m2Dr2_s90.A32 fileNameGt=../graphsdb/mcs70/m2D/m2Dr2/mcs70_m2Dr2_s90.B32
Reading graphs...
90 : 179
90 : 177
Initializing...
maxdom : 8
D->valSize : 554
Solving...
Blb : 2 (clique : 56)
currentSize : 56 <-- 0.011282 s
currentSize : 57 <-- 0.012155 s
currentSize : 60 <-- 0.023023 s
currentSize : 61 <-- 0.023640 s
currentSize : 62 <-- 88.273621 s
currentSize : 63 <-- 88.274254 s
currentSize : 64 <-- 88.375198 s
currentSize : 65 <-- 88.375938 s

maxsize : 65
nodes : 64825120.000000
filtered : 409675351.000000
time : 352.715881
