Parameters: GAD=1 vflib=1 dir=1 label=1 lowerbound=1 fileNameGp=../graphsdb/mcs70/bvg/b06/mcs70_b06_s90.A46 fileNameGt=../graphsdb/mcs70/bvg/b06/mcs70_b06_s90.B46
Reading graphs...
90 : 270
90 : 270
Initializing...
maxdom : 10
D->valSize : 555
Solving...
Blb : 2 (clique : 40)
currentSize : 40 <-- 0.010991 s
currentSize : 46 <-- 0.011506 s
currentSize : 49 <-- 0.011689 s
currentSize : 55 <-- 0.012106 s
currentSize : 56 <-- 0.013407 s
currentSize : 59 <-- 1.790050 s
currentSize : 60 <-- 1.790649 s
currentSize : 61 <-- 383.887665 s
currentSize : 63 <-- 392.079102 s

maxsize : 63
nodes : 77207685.000000
filtered : 530928368.000000
time : 407.955383
