Parameters: GAD=1 vflib=1 dir=1 label=1 lowerbound=1 fileNameGp=../graphsdb/mcs70/bvg/b03/mcs70_b03_s60.A54 fileNameGt=../graphsdb/mcs70/bvg/b03/mcs70_b03_s60.B54
Reading graphs...
60 : 90
60 : 90
Initializing...
maxdom : 7
D->valSize : 262
Solving...
Blb : 5 (clique : 30)
currentSize : 30 <-- 0.003174 s
currentSize : 31 <-- 1.267028 s
currentSize : 32 <-- 1.339334 s
currentSize : 33 <-- 1.525065 s
currentSize : 34 <-- 1.838220 s
currentSize : 35 <-- 1.838303 s
currentSize : 36 <-- 1.843213 s
currentSize : 37 <-- 1.843290 s
currentSize : 42 <-- 3.716652 s

maxsize : 42
nodes : 1453791.000000
filtered : 6301889.000000
time : 5.719416
