Parameters: GAD=1 vflib=1 dir=1 label=1 lowerbound=1 fileNameGp=../graphsdb/mcs70/m2D/m2D/mcs70_m2D_s100.A06 fileNameGt=../graphsdb/mcs70/m2D/m2D/mcs70_m2D_s100.B06
Reading graphs...
100 : 180
100 : 180
Initializing...
maxdom : 6
D->valSize : 341
Solving...
Blb : 2 (clique : 47)
currentSize : 47 <-- 0.003579 s
currentSize : 48 <-- 0.004076 s
currentSize : 49 <-- 0.004467 s
currentSize : 50 <-- 0.008363 s
currentSize : 51 <-- 0.008546 s
currentSize : 52 <-- 0.008641 s
currentSize : 53 <-- 0.016832 s
currentSize : 54 <-- 0.023845 s
currentSize : 55 <-- 0.077358 s
currentSize : 56 <-- 0.079835 s
currentSize : 58 <-- 0.131916 s
currentSize : 59 <-- 0.132626 s
currentSize : 60 <-- 0.266962 s
currentSize : 61 <-- 0.579593 s
currentSize : 62 <-- 0.830481 s
currentSize : 64 <-- 0.831381 s

TIMEOUT
maxsize : 64
nodes : 719181656.000000
filtered : 2624763056.000000
time : 3600.000000
