Parameters: GAD=1 vflib=1 dir=1 label=1 lowerbound=1 fileNameGp=../graphsdb/mcs70/bvg/b03m/mcs70_b03m_s60.A98 fileNameGt=../graphsdb/mcs70/bvg/b03m/mcs70_b03m_s60.B98
Reading graphs...
60 : 90
60 : 90
Initializing...
maxdom : 6
D->valSize : 253
Solving...
Blb : 2 (clique : 38)
currentSize : 38 <-- 0.002272 s
currentSize : 39 <-- 0.312313 s
currentSize : 40 <-- 0.751351 s
currentSize : 41 <-- 2.590528 s
currentSize : 42 <-- 2.590601 s

maxsize : 42
nodes : 1098826.000000
filtered : 4406335.000000
time : 4.394060
