Parameters: GAD=1 vflib=1 dir=1 label=1 lowerbound=1 fileNameGp=../graphsdb/mcs70/bvg/b06/mcs70_b06_s80.A29 fileNameGt=../graphsdb/mcs70/bvg/b06/mcs70_b06_s80.B29
Reading graphs...
80 : 240
80 : 240
Initializing...
maxdom : 9
D->valSize : 466
Solving...
Blb : 3 (clique : 38)
currentSize : 38 <-- 0.004701 s
currentSize : 45 <-- 0.004957 s
currentSize : 50 <-- 2.498456 s
currentSize : 51 <-- 3.270255 s
currentSize : 57 <-- 3.272544 s

maxsize : 57
nodes : 783749.000000
filtered : 6733948.000000
time : 4.311031
