Parameters: GAD=1 vflib=1 dir=1 label=1 lowerbound=1 fileNameGp=../graphsdb/mcs70/bvg/b09/mcs70_b09_s50.A65 fileNameGt=../graphsdb/mcs70/bvg/b09/mcs70_b09_s50.B65
Reading graphs...
50 : 225
50 : 225
Initializing...
maxdom : 10
D->valSize : 329
Solving...
Blb : 2 (clique : 13)
currentSize : 13 <-- 0.003535 s
currentSize : 21 <-- 0.031597 s
currentSize : 26 <-- 0.053909 s
currentSize : 28 <-- 0.071560 s
currentSize : 34 <-- 0.096547 s

maxsize : 34
nodes : 12765.000000
filtered : 226488.000000
time : 0.100577
