Parameters: GAD=1 vflib=1 dir=1 label=1 lowerbound=1 fileNameGp=../graphsdb/mcs70/rand/r005/mcs70_r005_s90.A38 fileNameGt=../graphsdb/mcs70/rand/r005/mcs70_r005_s90.B38
Reading graphs...
90 : 399
90 : 399
Initializing...
maxdom : 8
D->valSize : 534
Solving...
Blb : 2 (clique : 26)
currentSize : 26 <-- 0.005956 s
currentSize : 27 <-- 0.031563 s
currentSize : 31 <-- 0.047811 s
currentSize : 32 <-- 0.048076 s
currentSize : 34 <-- 0.074717 s
currentSize : 35 <-- 0.087602 s
currentSize : 36 <-- 0.134012 s
currentSize : 37 <-- 0.139817 s
currentSize : 39 <-- 0.167995 s
currentSize : 40 <-- 0.180819 s
currentSize : 41 <-- 0.263606 s
currentSize : 42 <-- 0.358561 s
currentSize : 43 <-- 0.358879 s
currentSize : 44 <-- 0.484296 s
currentSize : 47 <-- 0.484481 s
currentSize : 48 <-- 0.647205 s
currentSize : 49 <-- 0.649902 s
currentSize : 52 <-- 0.650271 s
currentSize : 53 <-- 1.193903 s
currentSize : 55 <-- 1.351596 s
currentSize : 63 <-- 1.724061 s

maxsize : 63
nodes : 306804.000000
filtered : 3840238.000000
time : 2.009844
