Parameters: GAD=1 vflib=1 dir=1 label=1 lowerbound=1 fileNameGp=../graphsdb/mcs70/bvg/b06m/mcs70_b06m_s70.A27 fileNameGt=../graphsdb/mcs70/bvg/b06m/mcs70_b06m_s70.B27
Reading graphs...
70 : 210
70 : 210
Initializing...
maxdom : 7
D->valSize : 344
Solving...
Blb : 3 (clique : 34)
currentSize : 34 <-- 0.004744 s
currentSize : 35 <-- 0.005309 s
currentSize : 39 <-- 0.006245 s
currentSize : 40 <-- 0.006644 s
currentSize : 41 <-- 0.007042 s
currentSize : 47 <-- 0.010873 s
currentSize : 49 <-- 0.011126 s

maxsize : 49
nodes : 54669.000000
filtered : 391275.000000
time : 0.290164
