Parameters: GAD=1 vflib=1 dir=1 label=1 lowerbound=1 fileNameGp=../graphsdb/mcs70/m2D/m2Dr6/mcs70_m2Dr6_s80.A25 fileNameGt=../graphsdb/mcs70/m2D/m2Dr6/mcs70_m2Dr6_s80.B25
Reading graphs...
80 : 190
80 : 190
Initializing...
maxdom : 8
D->valSize : 453
Solving...
Blb : 2 (clique : 32)
currentSize : 32 <-- 0.004762 s
currentSize : 33 <-- 0.007670 s
currentSize : 34 <-- 0.066563 s
currentSize : 36 <-- 0.066677 s
currentSize : 38 <-- 0.502667 s
currentSize : 39 <-- 78.518570 s
currentSize : 41 <-- 78.710464 s
currentSize : 42 <-- 102.911278 s
currentSize : 44 <-- 102.912682 s
currentSize : 46 <-- 135.698013 s
currentSize : 48 <-- 431.417358 s
currentSize : 49 <-- 571.885864 s

maxsize : 49
nodes : 137515974.000000
filtered : 886757865.000000
time : 668.659851
