Parameters: GAD=1 vflib=1 dir=1 label=1 lowerbound=1 fileNameGp=../graphsdb/mcs70/m2D/m2D/mcs70_m2D_s60.A41 fileNameGt=../graphsdb/mcs70/m2D/m2D/mcs70_m2D_s60.B41
Reading graphs...
60 : 104
60 : 104
Initializing...
maxdom : 8
D->valSize : 249
Solving...
Blb : 2 (clique : 28)
currentSize : 28 <-- 0.001902 s
currentSize : 29 <-- 0.002116 s
currentSize : 31 <-- 0.002285 s
currentSize : 33 <-- 0.026984 s
currentSize : 34 <-- 0.097787 s
currentSize : 35 <-- 0.100413 s
currentSize : 36 <-- 0.892504 s

maxsize : 36
nodes : 500406.000000
filtered : 2378402.000000
time : 1.932807
