Parameters: GAD=1 vflib=1 dir=1 label=1 lowerbound=1 fileNameGp=../graphsdb/mcs70/bvg/b09m/mcs70_b09m_s70.A85 fileNameGt=../graphsdb/mcs70/bvg/b09m/mcs70_b09m_s70.B85
Reading graphs...
70 : 315
70 : 315
Initializing...
maxdom : 7
D->valSize : 332
Solving...
Blb : 2 (clique : 24)
currentSize : 24 <-- 0.002769 s
currentSize : 28 <-- 0.007098 s
currentSize : 32 <-- 0.050254 s
currentSize : 41 <-- 0.081871 s
currentSize : 42 <-- 0.129882 s
currentSize : 43 <-- 0.177439 s
currentSize : 44 <-- 0.194262 s
currentSize : 48 <-- 0.224130 s

maxsize : 48
nodes : 41300.000000
filtered : 399944.000000
time : 0.251228
