Parameters: GAD=1 vflib=1 dir=1 label=1 lowerbound=1 fileNameGp=../graphsdb/mcs70/m2D/m2D/mcs70_m2D_s90.A02 fileNameGt=../graphsdb/mcs70/m2D/m2D/mcs70_m2D_s90.B02
Reading graphs...
90 : 161
90 : 161
Initializing...
maxdom : 9
D->valSize : 539
Solving...
Blb : 2 (clique : 53)
currentSize : 53 <-- 0.006562 s
currentSize : 54 <-- 0.006971 s
currentSize : 55 <-- 0.007846 s
currentSize : 57 <-- 0.088007 s
currentSize : 59 <-- 0.088065 s
currentSize : 60 <-- 1.834659 s
currentSize : 61 <-- 1.834925 s
currentSize : 62 <-- 1148.407959 s
currentSize : 63 <-- 1148.424561 s
currentSize : 64 <-- 1148.571167 s

TIMEOUT
maxsize : 64
nodes : 768343330.000000
filtered : 3616024909.000000
time : 3600.000000
