Parameters: GAD=1 vflib=1 dir=1 label=1 lowerbound=1 fileNameGp=../graphsdb/mcs70/rand/r005/mcs70_r005_s40.A12 fileNameGt=../graphsdb/mcs70/rand/r005/mcs70_r005_s40.B12
Reading graphs...
40 : 77
40 : 77
Initializing...
maxdom : 8
D->valSize : 222
Solving...
Blb : 2 (clique : 18)
currentSize : 18 <-- 0.001370 s
currentSize : 20 <-- 0.001618 s
currentSize : 23 <-- 0.001919 s
currentSize : 24 <-- 0.017696 s
currentSize : 28 <-- 0.017835 s

maxsize : 28
nodes : 5567.000000
filtered : 55298.000000
time : 0.024497
