Parameters: GAD=1 vflib=1 dir=1 label=1 lowerbound=1 fileNameGp=../graphsdb/mcs70/m3D/m3Dr2/mcs70_m3Dr2_s40.A48 fileNameGt=../graphsdb/mcs70/m3D/m3Dr2/mcs70_m3Dr2_s40.B48
Reading graphs...
40 : 92
40 : 92
Initializing...
maxdom : 7
D->valSize : 221
Solving...
Blb : 2 (clique : 17)
currentSize : 17 <-- 0.001425 s
currentSize : 18 <-- 0.001669 s
currentSize : 19 <-- 0.001767 s
currentSize : 23 <-- 0.001822 s
currentSize : 24 <-- 0.002073 s
currentSize : 27 <-- 0.002263 s

maxsize : 27
nodes : 1110.000000
filtered : 11650.000000
time : 0.005851
