Parameters: GAD=1 vflib=1 dir=1 label=1 lowerbound=1 fileNameGp=../graphsdb/mcs70/rand/r01/mcs70_r01_s60.A73 fileNameGt=../graphsdb/mcs70/rand/r01/mcs70_r01_s60.B73
Reading graphs...
60 : 353
60 : 353
Initializing...
maxdom : 9
D->valSize : 293
Solving...
Blb : 2 (clique : 10)
currentSize : 10 <-- 0.003173 s
currentSize : 11 <-- 0.003346 s
currentSize : 12 <-- 0.003425 s
currentSize : 13 <-- 0.003591 s
currentSize : 15 <-- 0.003921 s
currentSize : 16 <-- 0.011590 s
currentSize : 17 <-- 0.011807 s
currentSize : 19 <-- 0.015293 s
currentSize : 20 <-- 0.016630 s
currentSize : 22 <-- 0.017045 s
currentSize : 24 <-- 0.018432 s
currentSize : 34 <-- 0.018885 s
currentSize : 42 <-- 0.021351 s

maxsize : 42
nodes : 2876.000000
filtered : 33289.000000
time : 0.024359
