Parameters: GAD=1 vflib=1 dir=1 label=1 lowerbound=1 fileNameGp=../graphsdb/mcs70/rand/r005/mcs70_r005_s80.A74 fileNameGt=../graphsdb/mcs70/rand/r005/mcs70_r005_s80.B74
Reading graphs...
80 : 315
80 : 315
Initializing...
maxdom : 8
D->valSize : 468
Solving...
Blb : 2 (clique : 37)
currentSize : 37 <-- 0.007626 s
currentSize : 39 <-- 0.007999 s
currentSize : 43 <-- 0.008223 s
currentSize : 45 <-- 0.008346 s
currentSize : 53 <-- 0.340409 s
currentSize : 56 <-- 0.340512 s

maxsize : 56
nodes : 56301.000000
filtered : 427447.000000
time : 0.409905
