Parameters: GAD=1 vflib=1 dir=1 label=1 lowerbound=1 fileNameGp=../graphsdb/mcs70/m2D/m2D/mcs70_m2D_s40.A31 fileNameGt=../graphsdb/mcs70/m2D/m2D/mcs70_m2D_s40.B31
Reading graphs...
40 : 67
40 : 67
Initializing...
maxdom : 9
D->valSize : 227
Solving...
Blb : 5 (clique : 17)
currentSize : 17 <-- 0.001326 s
currentSize : 18 <-- 0.001431 s
currentSize : 19 <-- 0.001532 s
currentSize : 20 <-- 0.001677 s
currentSize : 21 <-- 0.003415 s
currentSize : 22 <-- 0.020237 s
currentSize : 24 <-- 0.029157 s
currentSize : 25 <-- 0.029263 s
currentSize : 26 <-- 0.046170 s

maxsize : 26
nodes : 15082.000000
filtered : 103320.000000
time : 0.056255
