Parameters: GAD=1 vflib=1 dir=1 label=1 lowerbound=1 fileNameGp=../graphsdb/mcs70/bvg/b03m/mcs70_b03m_s40.A11 fileNameGt=../graphsdb/mcs70/bvg/b03m/mcs70_b03m_s40.B11
Reading graphs...
40 : 60
40 : 60
Initializing...
maxdom : 8
D->valSize : 259
Solving...
Blb : 5 (clique : 22)
currentSize : 22 <-- 0.001588 s
currentSize : 23 <-- 0.001886 s
currentSize : 25 <-- 0.003152 s
currentSize : 27 <-- 0.003208 s
currentSize : 28 <-- 0.006904 s

maxsize : 28
nodes : 3403.000000
filtered : 24660.000000
time : 0.014426
