Parameters: GAD=1 vflib=1 dir=1 label=1 lowerbound=1 fileNameGp=../graphsdb/mcs70/bvg/b06m/mcs70_b06m_s30.A90 fileNameGt=../graphsdb/mcs70/bvg/b06m/mcs70_b06m_s30.B90
Reading graphs...
30 : 90
30 : 90
Initializing...
maxdom : 6
D->valSize : 131
Solving...
Blb : 2 (clique : 8)
currentSize : 8 <-- 0.000755 s
currentSize : 9 <-- 0.000799 s
currentSize : 10 <-- 0.001020 s
currentSize : 11 <-- 0.001083 s
currentSize : 13 <-- 0.001316 s
currentSize : 14 <-- 0.001366 s
currentSize : 15 <-- 0.002026 s
currentSize : 21 <-- 0.002342 s

maxsize : 21
nodes : 679.000000
filtered : 4632.000000
time : 0.002786
