Parameters: GAD=1 vflib=1 dir=1 label=1 lowerbound=1 fileNameGp=../graphsdb/mcs70/bvg/b06m/mcs70_b06m_s70.A60 fileNameGt=../graphsdb/mcs70/bvg/b06m/mcs70_b06m_s70.B60
Reading graphs...
70 : 210
70 : 210
Initializing...
maxdom : 10
D->valSize : 358
Solving...
Blb : 3 (clique : 35)
currentSize : 35 <-- 0.005030 s
currentSize : 37 <-- 0.005352 s
currentSize : 38 <-- 0.007447 s
currentSize : 40 <-- 0.027568 s
currentSize : 43 <-- 0.029218 s
currentSize : 49 <-- 0.420827 s

maxsize : 49
nodes : 293033.000000
filtered : 1718185.000000
time : 1.324014
