Parameters: GAD=1 vflib=1 dir=1 label=1 lowerbound=1 fileNameGp=../graphsdb/mcs70/m2D/m2Dr6/m2Dr6/mcs70_m2Dr6_s25.A08 fileNameGt=../graphsdb/mcs70/m2D/m2Dr6/m2Dr6/mcs70_m2Dr6_s25.B08
Reading graphs...
25 : 55
25 : 51
Initializing...
maxdom : 9
D->valSize : 164
Solving...
Blb : 3 (clique : 10)
currentSize : 10 <-- 0.000846 s
currentSize : 11 <-- 0.001072 s
currentSize : 12 <-- 0.001156 s
currentSize : 13 <-- 0.002921 s
currentSize : 16 <-- 0.004213 s

maxsize : 16
nodes : 1255.000000
filtered : 17836.000000
time : 0.005572
