Parameters: GAD=1 vflib=1 dir=1 label=1 lowerbound=1 fileNameGp=../graphsdb/mcs70/m2D/m2Dr6/mcs70_m2Dr6_s60.A53 fileNameGt=../graphsdb/mcs70/m2D/m2Dr6/mcs70_m2Dr6_s60.B53
Reading graphs...
60 : 140
60 : 138
Initializing...
maxdom : 9
D->valSize : 240
Solving...
Blb : 2 (clique : 26)
currentSize : 26 <-- 0.002694 s
currentSize : 27 <-- 0.002991 s
currentSize : 28 <-- 0.003183 s
currentSize : 29 <-- 0.003690 s
currentSize : 30 <-- 0.003809 s
currentSize : 31 <-- 0.003944 s
currentSize : 32 <-- 0.014463 s
currentSize : 33 <-- 0.014706 s
currentSize : 35 <-- 0.016997 s
currentSize : 36 <-- 0.017144 s
currentSize : 37 <-- 0.017326 s

maxsize : 37
nodes : 487250.000000
filtered : 1460792.000000
time : 1.687893
