Parameters: GAD=1 vflib=1 dir=1 label=1 lowerbound=1 fileNameGp=../graphsdb/mcs70/m2D/m2Dr2/mcs70_m2Dr2_s60.A86 fileNameGt=../graphsdb/mcs70/m2D/m2Dr2/mcs70_m2Dr2_s60.B86
Reading graphs...
60 : 116
60 : 115
Initializing...
maxdom : 7
D->valSize : 234
Solving...
Blb : 2 (clique : 30)
currentSize : 30 <-- 0.001777 s
currentSize : 32 <-- 0.002301 s
currentSize : 33 <-- 0.197066 s
currentSize : 35 <-- 0.197141 s
currentSize : 36 <-- 0.324275 s

maxsize : 36
nodes : 216020.000000
filtered : 1165104.000000
time : 0.952598
