Parameters: GAD=1 vflib=1 dir=1 label=1 lowerbound=1 fileNameGp=../graphsdb/mcs70/bvg/b06m/mcs70_b06m_s40.A62 fileNameGt=../graphsdb/mcs70/bvg/b06m/mcs70_b06m_s40.B62
Reading graphs...
40 : 120
40 : 120
Initializing...
maxdom : 9
D->valSize : 234
Solving...
Blb : 5 (clique : 20)
currentSize : 20 <-- 0.001372 s
currentSize : 23 <-- 0.018095 s
currentSize : 24 <-- 0.018387 s
currentSize : 26 <-- 0.025305 s
currentSize : 28 <-- 0.025443 s

maxsize : 28
nodes : 11342.000000
filtered : 110683.000000
time : 0.042822
