Parameters: GAD=1 vflib=1 dir=1 label=1 lowerbound=1 fileNameGp=../graphsdb/mcs70/bvg/b06m/mcs70_b06m_s80.A11 fileNameGt=../graphsdb/mcs70/bvg/b06m/mcs70_b06m_s80.B11
Reading graphs...
80 : 240
80 : 240
Initializing...
maxdom : 11
D->valSize : 475
Solving...
Blb : 2 (clique : 47)
currentSize : 47 <-- 0.008155 s
currentSize : 49 <-- 0.008616 s
currentSize : 52 <-- 3.968372 s
currentSize : 54 <-- 3.968521 s
currentSize : 56 <-- 3.968710 s

maxsize : 56
nodes : 1067971.000000
filtered : 8946061.000000
time : 5.748733
