Parameters: GAD=1 vflib=1 dir=1 label=1 lowerbound=1 fileNameGp=../graphsdb/mcs70/m3D/m3Dr4/mcs70_m3Dr4_s100.A19 fileNameGt=../graphsdb/mcs70/m3D/m3Dr4/mcs70_m3Dr4_s100.B19
Reading graphs...
100 : 275
100 : 274
Initializing...
maxdom : 9
D->valSize : 373
Solving...
Blb : 2 (clique : 47)
currentSize : 47 <-- 0.003919 s
currentSize : 48 <-- 0.004292 s
currentSize : 49 <-- 0.004684 s
currentSize : 53 <-- 0.930537 s
currentSize : 54 <-- 0.930721 s
currentSize : 55 <-- 0.930954 s
currentSize : 56 <-- 0.978796 s
currentSize : 57 <-- 12.565017 s
currentSize : 58 <-- 12.565385 s
currentSize : 59 <-- 12.620202 s
currentSize : 60 <-- 12.620375 s
currentSize : 61 <-- 12.620891 s
currentSize : 62 <-- 12.621099 s
currentSize : 63 <-- 12.725025 s
currentSize : 64 <-- 12.725234 s

maxsize : 64
nodes : 26092000.000000
filtered : 127632059.000000
time : 136.344376
