Parameters: GAD=1 vflib=1 dir=1 label=1 lowerbound=1 fileNameGp=../graphsdb/mcs70/m3D/m3D/mcs70_m3D_s100.A99 fileNameGt=../graphsdb/mcs70/m3D/m3D/mcs70_m3D_s100.B99
Reading graphs...
100 : 235
100 : 235
Initializing...
maxdom : 6
D->valSize : 369
Solving...
Blb : 3 (clique : 52)
currentSize : 52 <-- 0.004166 s
currentSize : 53 <-- 0.007845 s
currentSize : 54 <-- 0.159817 s
currentSize : 56 <-- 0.160344 s
currentSize : 57 <-- 0.160714 s
currentSize : 58 <-- 0.169709 s
currentSize : 59 <-- 291.290680 s
currentSize : 62 <-- 558.847107 s
currentSize : 64 <-- 558.853821 s
currentSize : 65 <-- 558.855103 s

maxsize : 65
nodes : 155862515.000000
filtered : 607041129.000000
time : 803.322388
