Parameters: GAD=1 vflib=1 dir=1 label=1 lowerbound=1 fileNameGp=../graphsdb/mcs70/bvg/b03m/mcs70_b03m_s50.A60 fileNameGt=../graphsdb/mcs70/bvg/b03m/mcs70_b03m_s50.B60
Reading graphs...
50 : 75
50 : 75
Initializing...
maxdom : 9
D->valSize : 343
Solving...
Blb : 2 (clique : 26)
currentSize : 26 <-- 0.002608 s
currentSize : 30 <-- 0.002845 s
currentSize : 32 <-- 0.465883 s
currentSize : 33 <-- 0.467960 s
currentSize : 35 <-- 0.647460 s

maxsize : 35
nodes : 336891.000000
filtered : 2531000.000000
time : 1.411182
