Parameters: GAD=1 vflib=1 dir=1 label=1 lowerbound=1 fileNameGp=../graphsdb/mcs70/bvg/b06m/mcs70_b06m_s40.A36 fileNameGt=../graphsdb/mcs70/bvg/b06m/mcs70_b06m_s40.B36
Reading graphs...
40 : 120
40 : 120
Initializing...
maxdom : 9
D->valSize : 218
Solving...
Blb : 2 (clique : 12)
currentSize : 12 <-- 0.001290 s
currentSize : 14 <-- 0.001369 s
currentSize : 15 <-- 0.001381 s
currentSize : 17 <-- 0.001424 s
currentSize : 18 <-- 0.001554 s
currentSize : 20 <-- 0.001691 s
currentSize : 21 <-- 0.001775 s
currentSize : 28 <-- 0.002109 s

maxsize : 28
nodes : 1527.000000
filtered : 11618.000000
time : 0.007129
