Parameters: GAD=1 vflib=1 dir=1 label=1 lowerbound=1 fileNameGp=../graphsdb/mcs70/rand/r02/mcs70_r02_s40.A61 fileNameGt=../graphsdb/mcs70/rand/r02/mcs70_r02_s40.B61
Reading graphs...
40 : 311
40 : 311
Initializing...
maxdom : 8
D->valSize : 218
Solving...
Blb : 5 (clique : 8)
currentSize : 8 <-- 0.001391 s
currentSize : 10 <-- 0.001818 s
currentSize : 12 <-- 0.002214 s
currentSize : 14 <-- 0.002379 s
currentSize : 18 <-- 0.002701 s
currentSize : 28 <-- 0.002772 s

maxsize : 28
nodes : 604.000000
filtered : 11767.000000
time : 0.003675
