Parameters: GAD=1 vflib=1 dir=1 label=1 lowerbound=1 fileNameGp=../graphsdb/mcs70/bvg/b06m/mcs70_b06m_s70.A84 fileNameGt=../graphsdb/mcs70/bvg/b06m/mcs70_b06m_s70.B84
Reading graphs...
70 : 210
70 : 210
Initializing...
maxdom : 7
D->valSize : 335
Solving...
Blb : 3 (clique : 34)
currentSize : 34 <-- 0.003047 s
currentSize : 35 <-- 0.003329 s
currentSize : 38 <-- 0.003443 s
currentSize : 40 <-- 0.003556 s
currentSize : 44 <-- 0.003807 s
currentSize : 47 <-- 0.003995 s
currentSize : 49 <-- 0.004078 s

maxsize : 49
nodes : 35263.000000
filtered : 309293.000000
time : 0.193026
