Parameters: GAD=1 vflib=1 dir=1 label=1 lowerbound=1 fileNameGp=../graphsdb/mcs70/m2D/m2Dr4/mcs70_m2Dr4_s90.A22 fileNameGt=../graphsdb/mcs70/m2D/m2Dr4/mcs70_m2Dr4_s90.B22
Reading graphs...
90 : 197
90 : 197
Initializing...
maxdom : 10
D->valSize : 544
Solving...
Blb : 2 (clique : 38)
currentSize : 38 <-- 0.006307 s
currentSize : 42 <-- 0.006604 s
currentSize : 43 <-- 0.006756 s
currentSize : 44 <-- 52.984097 s
currentSize : 46 <-- 64.275574 s
currentSize : 47 <-- 64.275734 s
currentSize : 48 <-- 80.124062 s
currentSize : 50 <-- 99.728287 s
currentSize : 51 <-- 99.728455 s
currentSize : 53 <-- 238.923538 s
currentSize : 54 <-- 238.923798 s
currentSize : 55 <-- 647.632874 s
currentSize : 56 <-- 648.896912 s
currentSize : 57 <-- 648.897156 s
currentSize : 58 <-- 691.421753 s
currentSize : 59 <-- 774.586609 s
currentSize : 63 <-- 885.724304 s
currentSize : 64 <-- 885.736511 s

maxsize : 64
nodes : 209237178.000000
filtered : 1209110461.000000
time : 1066.387817
