Parameters: GAD=1 vflib=1 dir=1 label=1 lowerbound=1 fileNameGp=../graphsdb/mcs70/m2D/m2Dr2/mcs70_m2Dr2_s90.A83 fileNameGt=../graphsdb/mcs70/m2D/m2Dr2/mcs70_m2Dr2_s90.B83
Reading graphs...
90 : 179
90 : 179
Initializing...
maxdom : 9
D->valSize : 518
Solving...
Blb : 3 (clique : 39)
currentSize : 39 <-- 0.006054 s
currentSize : 42 <-- 0.006342 s
currentSize : 43 <-- 0.007225 s
currentSize : 48 <-- 0.011435 s
currentSize : 50 <-- 0.246912 s
currentSize : 53 <-- 0.465175 s
currentSize : 54 <-- 0.767532 s
currentSize : 57 <-- 0.771855 s
currentSize : 58 <-- 15.067342 s
currentSize : 59 <-- 40.325672 s
currentSize : 60 <-- 40.325905 s
currentSize : 61 <-- 109.252441 s
currentSize : 63 <-- 142.474075 s
currentSize : 64 <-- 142.474350 s

maxsize : 64
nodes : 32257471.000000
filtered : 183413201.000000
time : 171.433517
