Parameters: GAD=1 vflib=1 dir=1 label=1 lowerbound=1 fileNameGp=../graphsdb/mcs70/m2D/m2Dr6/mcs70_m2Dr6_s90.A61 fileNameGt=../graphsdb/mcs70/m2D/m2Dr6/mcs70_m2Dr6_s90.B61
Reading graphs...
90 : 215
90 : 215
Initializing...
maxdom : 12
D->valSize : 563
Solving...
Blb : 2 (clique : 50)
currentSize : 50 <-- 0.007062 s
currentSize : 51 <-- 0.122398 s
currentSize : 52 <-- 6.611147 s
currentSize : 53 <-- 6.611563 s
currentSize : 54 <-- 7.077607 s
currentSize : 55 <-- 772.259949 s
currentSize : 56 <-- 772.260071 s
currentSize : 57 <-- 772.260437 s
currentSize : 58 <-- 772.261658 s
currentSize : 59 <-- 772.318726 s
currentSize : 60 <-- 1253.217651 s
currentSize : 61 <-- 1253.477051 s
currentSize : 62 <-- 1253.478149 s
currentSize : 63 <-- 1253.870117 s
currentSize : 64 <-- 1253.870972 s

maxsize : 64
nodes : 319957974.000000
filtered : 1838626690.000000
time : 1618.841187
