Parameters: GAD=1 vflib=1 dir=1 label=1 lowerbound=1 fileNameGp=../graphsdb/mcs70/bvg/b06/mcs70_b06_s60.A41 fileNameGt=../graphsdb/mcs70/bvg/b06/mcs70_b06_s60.B41
Reading graphs...
60 : 180
60 : 180
Initializing...
maxdom : 8
D->valSize : 282
Solving...
Blb : 2 (clique : 27)
currentSize : 27 <-- 0.002090 s
currentSize : 28 <-- 0.002307 s
currentSize : 29 <-- 0.002371 s
currentSize : 32 <-- 0.009491 s
currentSize : 35 <-- 0.009679 s
currentSize : 40 <-- 0.943487 s
currentSize : 42 <-- 0.943598 s

maxsize : 42
nodes : 266657.000000
filtered : 1199134.000000
time : 1.032629
