Parameters: GAD=1 vflib=1 dir=1 label=1 lowerbound=1 fileNameGp=../graphsdb/mcs70/m2D/m2D/mcs70_m2D_s60.A90 fileNameGt=../graphsdb/mcs70/m2D/m2D/mcs70_m2D_s60.B90
Reading graphs...
60 : 104
60 : 104
Initializing...
maxdom : 8
D->valSize : 262
Solving...
Blb : 2 (clique : 25)
currentSize : 25 <-- 0.001969 s
currentSize : 27 <-- 0.002656 s
currentSize : 28 <-- 0.003078 s
currentSize : 29 <-- 1.865770 s
currentSize : 31 <-- 8.030891 s
currentSize : 32 <-- 8.108257 s
currentSize : 33 <-- 9.698603 s
currentSize : 35 <-- 28.533360 s
currentSize : 36 <-- 28.661568 s
currentSize : 37 <-- 31.563795 s
currentSize : 38 <-- 31.564177 s

maxsize : 38
nodes : 8926617.000000
filtered : 47141069.000000
time : 35.661934
