Parameters: GAD=1 vflib=1 dir=1 label=1 lowerbound=1 fileNameGp=../graphsdb/mcs70/m2D/m2Dr4/mcs70_m2Dr4_s60.A13 fileNameGt=../graphsdb/mcs70/m2D/m2Dr4/mcs70_m2Dr4_s60.B13
Reading graphs...
60 : 128
60 : 125
Initializing...
maxdom : 10
D->valSize : 297
Solving...
Blb : 3 (clique : 25)
currentSize : 25 <-- 0.002303 s
currentSize : 26 <-- 0.348734 s
currentSize : 27 <-- 2.863900 s
currentSize : 28 <-- 3.581020 s
currentSize : 29 <-- 3.587184 s
currentSize : 30 <-- 4.321765 s
currentSize : 31 <-- 6.082910 s
currentSize : 32 <-- 6.083082 s
currentSize : 33 <-- 6.083144 s
currentSize : 34 <-- 6.967247 s
currentSize : 36 <-- 7.763507 s

maxsize : 36
nodes : 2172431.000000
filtered : 14380208.000000
time : 9.409679
