Parameters: GAD=1 vflib=1 dir=1 label=1 lowerbound=1 fileNameGp=../graphsdb/mcs70/bvg/b03/mcs70_b03_s70.A75 fileNameGt=../graphsdb/mcs70/bvg/b03/mcs70_b03_s70.B75
Reading graphs...
70 : 105
70 : 105
Initializing...
maxdom : 9
D->valSize : 355
Solving...
Blb : 2 (clique : 43)
currentSize : 43 <-- 0.003148 s
currentSize : 44 <-- 0.003456 s
currentSize : 45 <-- 0.003579 s
currentSize : 46 <-- 0.003710 s
currentSize : 48 <-- 0.003797 s
currentSize : 49 <-- 0.004417 s
currentSize : 50 <-- 0.009258 s

maxsize : 50
nodes : 276568.000000
filtered : 1255762.000000
time : 1.195102
