Parameters: GAD=1 vflib=1 dir=1 label=1 lowerbound=1 fileNameGp=../graphsdb/mcs70/m2D/m2Dr4/mcs70_m2Dr4_s90.A38 fileNameGt=../graphsdb/mcs70/m2D/m2Dr4/mcs70_m2Dr4_s90.B38
Reading graphs...
90 : 197
90 : 197
Initializing...
maxdom : 13
D->valSize : 595
Solving...
Blb : 2 (clique : 44)
currentSize : 44 <-- 0.012418 s
currentSize : 46 <-- 0.012959 s
currentSize : 47 <-- 0.013125 s
currentSize : 48 <-- 0.349696 s
currentSize : 49 <-- 0.370513 s
currentSize : 50 <-- 3.843985 s
currentSize : 52 <-- 3.865538 s
currentSize : 53 <-- 3.866054 s
currentSize : 54 <-- 115.074371 s
currentSize : 55 <-- 115.074638 s
currentSize : 56 <-- 115.111496 s
currentSize : 57 <-- 372.811371 s
currentSize : 59 <-- 374.768127 s
currentSize : 60 <-- 374.768311 s
currentSize : 61 <-- 1081.297974 s
currentSize : 63 <-- 1081.373413 s
currentSize : 64 <-- 1081.374634 s

maxsize : 64
nodes : 253357381.000000
filtered : 1361904768.000000
time : 1273.044922
