Parameters: GAD=1 vflib=1 dir=1 label=1 lowerbound=1 fileNameGp=../graphsdb/mcs70/rand/r005/mcs70_r005_s90.A45 fileNameGt=../graphsdb/mcs70/rand/r005/mcs70_r005_s90.B45
Reading graphs...
90 : 399
90 : 399
Initializing...
maxdom : 9
D->valSize : 545
Solving...
Blb : 3 (clique : 27)
currentSize : 27 <-- 0.006280 s
currentSize : 31 <-- 0.074250 s
currentSize : 32 <-- 0.247185 s
currentSize : 33 <-- 0.247263 s
currentSize : 37 <-- 0.542970 s
currentSize : 40 <-- 1.760569 s
currentSize : 43 <-- 1.773768 s
currentSize : 47 <-- 3.518023 s
currentSize : 49 <-- 4.671440 s
currentSize : 57 <-- 5.109854 s
currentSize : 63 <-- 5.110197 s

maxsize : 63
nodes : 856939.000000
filtered : 10740257.000000
time : 5.526216
