Parameters: GAD=1 vflib=1 dir=1 label=1 lowerbound=1 fileNameGp=../graphsdb/mcs70/rand/r01/mcs70_r01_s20.A19 fileNameGt=../graphsdb/mcs70/rand/r01/mcs70_r01_s20.B19
Reading graphs...
20 : 37
20 : 37
Initializing...
maxdom : 10
D->valSize : 135
Solving...
Blb : 2 (clique : 8)
currentSize : 8 <-- 0.000759 s
currentSize : 9 <-- 0.000806 s
currentSize : 10 <-- 0.000877 s
currentSize : 11 <-- 0.001034 s
currentSize : 13 <-- 0.001115 s
currentSize : 14 <-- 0.001160 s

maxsize : 14
nodes : 191.000000
filtered : 2475.000000
time : 0.001418
