Parameters: GAD=1 vflib=1 dir=1 label=1 lowerbound=1 fileNameGp=../graphsdb/mcs70/bvg/b03/mcs70_b03_s80.A27 fileNameGt=../graphsdb/mcs70/bvg/b03/mcs70_b03_s80.B27
Reading graphs...
80 : 120
80 : 120
Initializing...
maxdom : 8
D->valSize : 446
Solving...
Blb : 2 (clique : 49)
currentSize : 49 <-- 0.007887 s
currentSize : 50 <-- 0.008396 s
currentSize : 51 <-- 0.022639 s
currentSize : 52 <-- 0.063547 s
currentSize : 54 <-- 0.075830 s
currentSize : 55 <-- 0.278736 s
currentSize : 57 <-- 0.303282 s

maxsize : 57
nodes : 24777062.000000
filtered : 150440073.000000
time : 131.517410
