Parameters: GAD=1 vflib=1 dir=1 label=1 lowerbound=1 fileNameGp=../graphsdb/mcs70/m3D/m3Dr2/mcs70_m3Dr2_s40.A88 fileNameGt=../graphsdb/mcs70/m3D/m3Dr2/mcs70_m3Dr2_s40.B88
Reading graphs...
40 : 92
40 : 91
Initializing...
maxdom : 7
D->valSize : 214
Solving...
Blb : 5 (clique : 18)
currentSize : 18 <-- 0.001220 s
currentSize : 19 <-- 0.001341 s
currentSize : 23 <-- 0.001392 s
currentSize : 26 <-- 0.007600 s
currentSize : 27 <-- 0.007742 s

maxsize : 27
nodes : 2254.000000
filtered : 25879.000000
time : 0.011997
