Parameters: GAD=1 vflib=1 dir=1 label=1 lowerbound=1 fileNameGp=../graphsdb/mcs70/m2D/m2Dr4/mcs70_m2Dr4_s80.A66 fileNameGt=../graphsdb/mcs70/m2D/m2Dr4/mcs70_m2Dr4_s80.B66
Reading graphs...
80 : 174
80 : 173
Initializing...
maxdom : 13
D->valSize : 494
Solving...
Blb : 3 (clique : 35)
currentSize : 35 <-- 0.005831 s
currentSize : 36 <-- 8.588855 s
currentSize : 37 <-- 37.552353 s
currentSize : 39 <-- 727.854797 s
currentSize : 40 <-- 727.903564 s
currentSize : 42 <-- 729.314575 s
currentSize : 43 <-- 729.316162 s
currentSize : 44 <-- 816.012024 s
currentSize : 46 <-- 857.525818 s
currentSize : 47 <-- 857.525940 s
currentSize : 48 <-- 857.526489 s
currentSize : 50 <-- 857.526611 s

maxsize : 50
nodes : 154319174.000000
filtered : 1627183296.000000
time : 865.123901
