Parameters: GAD=1 vflib=1 dir=1 label=1 lowerbound=1 fileNameGp=../graphsdb/mcs70/m3D/m3D/mcs70_m3D_s40.A84 fileNameGt=../graphsdb/mcs70/m3D/m3D/mcs70_m3D_s40.B84
Reading graphs...
40 : 84
40 : 84
Initializing...
maxdom : 10
D->valSize : 226
Solving...
Blb : 5 (clique : 15)
currentSize : 15 <-- 0.001412 s
currentSize : 16 <-- 0.001513 s
currentSize : 17 <-- 0.001568 s
currentSize : 20 <-- 0.002262 s
currentSize : 21 <-- 0.002304 s
currentSize : 24 <-- 0.127650 s
currentSize : 27 <-- 0.131097 s

maxsize : 27
nodes : 33659.000000
filtered : 314662.000000
time : 0.134871
