Parameters: GAD=1 vflib=1 dir=1 label=1 lowerbound=1 fileNameGp=../graphsdb/mcs70/bvg/b03m/mcs70_b03m_s100.A79 fileNameGt=../graphsdb/mcs70/bvg/b03m/mcs70_b03m_s100.B79
Reading graphs...
100 : 150
100 : 150
Initializing...
maxdom : 7
D->valSize : 395
Solving...
Blb : 2 (clique : 54)
currentSize : 54 <-- 0.004472 s
currentSize : 56 <-- 0.006143 s
currentSize : 60 <-- 0.008123 s
currentSize : 61 <-- 0.024778 s
currentSize : 62 <-- 0.080349 s
currentSize : 65 <-- 0.128188 s
currentSize : 66 <-- 0.137323 s
currentSize : 67 <-- 1.372428 s
currentSize : 68 <-- 1.392627 s
currentSize : 69 <-- 7.477506 s
currentSize : 70 <-- 7.584912 s

maxsize : 70
nodes : 219778583.000000
filtered : 640268547.000000
time : 1044.946777
