Parameters: GAD=1 vflib=1 dir=1 label=1 lowerbound=1 fileNameGp=../graphsdb/mcs70/bvg/b06/mcs70_b06_s100.A85 fileNameGt=../graphsdb/mcs70/bvg/b06/mcs70_b06_s100.B85
Reading graphs...
100 : 300
100 : 300
Initializing...
maxdom : 6
D->valSize : 379
Solving...
Blb : 2 (clique : 50)
currentSize : 50 <-- 0.004035 s
currentSize : 52 <-- 0.004374 s
currentSize : 58 <-- 0.004655 s
currentSize : 59 <-- 0.004894 s
currentSize : 60 <-- 0.005213 s
currentSize : 61 <-- 0.005630 s
currentSize : 62 <-- 0.006120 s
currentSize : 63 <-- 0.006803 s
currentSize : 68 <-- 0.332559 s
currentSize : 69 <-- 0.333004 s
currentSize : 70 <-- 0.334201 s

maxsize : 70
nodes : 24448799.000000
filtered : 112642185.000000
time : 129.387726
