Parameters: GAD=1 vflib=1 dir=1 label=1 lowerbound=1 fileNameGp=../graphsdb/mcs70/m2D/m2D/mcs70_m2D_s60.A72 fileNameGt=../graphsdb/mcs70/m2D/m2D/mcs70_m2D_s60.B72
Reading graphs...
60 : 104
60 : 104
Initializing...
maxdom : 8
D->valSize : 284
Solving...
Blb : 2 (clique : 30)
currentSize : 30 <-- 0.003483 s
currentSize : 32 <-- 0.004594 s
currentSize : 33 <-- 0.004747 s
currentSize : 34 <-- 0.150191 s
currentSize : 35 <-- 3.056076 s
currentSize : 36 <-- 3.057198 s

maxsize : 36
nodes : 1204621.000000
filtered : 6799108.000000
time : 5.208893
