Parameters: GAD=1 vflib=1 dir=1 label=1 lowerbound=1 fileNameGp=../graphsdb/mcs70/m2D/m2Dr4/mcs70_m2Dr4_s100.A09 fileNameGt=../graphsdb/mcs70/m2D/m2Dr4/mcs70_m2Dr4_s100.B09
Reading graphs...
100 : 220
100 : 220
Initializing...
maxdom : 8
D->valSize : 372
Solving...
Blb : 2 (clique : 48)
currentSize : 48 <-- 0.004032 s
currentSize : 49 <-- 0.005598 s
currentSize : 50 <-- 0.005750 s
currentSize : 51 <-- 0.015197 s
currentSize : 52 <-- 0.015463 s
currentSize : 53 <-- 1.709871 s
currentSize : 54 <-- 1.710212 s
currentSize : 55 <-- 1.772665 s
currentSize : 56 <-- 1.773279 s
currentSize : 57 <-- 2.058325 s
currentSize : 58 <-- 2.070574 s
currentSize : 59 <-- 15.100055 s
currentSize : 61 <-- 15.100172 s
currentSize : 62 <-- 15.100525 s
currentSize : 63 <-- 15.205966 s
currentSize : 64 <-- 15.308892 s

maxsize : 64
nodes : 35751919.000000
filtered : 128529409.000000
time : 183.925049
