Parameters: GAD=1 vflib=1 dir=1 label=1 lowerbound=1 fileNameGp=../graphsdb/mcs70/bvg/b06m/mcs70_b06m_s90.A51 fileNameGt=../graphsdb/mcs70/bvg/b06m/mcs70_b06m_s90.B51
Reading graphs...
90 : 270
90 : 270
Initializing...
maxdom : 10
D->valSize : 521
Solving...
Blb : 3 (clique : 56)
currentSize : 56 <-- 0.006166 s
currentSize : 58 <-- 1.576556 s
currentSize : 60 <-- 11.752552 s
currentSize : 61 <-- 28.276045 s
currentSize : 63 <-- 28.276279 s

maxsize : 63
nodes : 5857879.000000
filtered : 54949016.000000
time : 36.459515
