Parameters: GAD=1 vflib=1 dir=1 label=1 lowerbound=1 fileNameGp=../graphsdb/mcs70/bvg/b03/mcs70_b03_s80.A65 fileNameGt=../graphsdb/mcs70/bvg/b03/mcs70_b03_s80.B65
Reading graphs...
80 : 120
80 : 120
Initializing...
maxdom : 9
D->valSize : 464
Solving...
Blb : 2 (clique : 43)
currentSize : 43 <-- 0.005128 s
currentSize : 44 <-- 0.005518 s
currentSize : 45 <-- 0.005624 s
currentSize : 46 <-- 0.005844 s
currentSize : 47 <-- 0.006148 s
currentSize : 48 <-- 7.103492 s
currentSize : 49 <-- 770.052979 s
currentSize : 50 <-- 2151.682861 s
currentSize : 51 <-- 3256.479980 s
currentSize : 52 <-- 3363.733398 s

TIMEOUT
maxsize : 52
nodes : 673629426.000000
filtered : 4689298053.000000
time : 3600.000000
