Parameters: GAD=1 vflib=1 dir=1 label=1 lowerbound=1 fileNameGp=../graphsdb/mcs70/bvg/b06/mcs70_b06_s70.A87 fileNameGt=../graphsdb/mcs70/bvg/b06/mcs70_b06_s70.B87
Reading graphs...
70 : 210
70 : 210
Initializing...
maxdom : 8
D->valSize : 365
Solving...
Blb : 3 (clique : 34)
currentSize : 34 <-- 0.003228 s
currentSize : 36 <-- 0.038205 s
currentSize : 37 <-- 0.038289 s
currentSize : 39 <-- 0.038369 s
currentSize : 40 <-- 0.049790 s
currentSize : 41 <-- 0.050287 s
currentSize : 42 <-- 0.050460 s
currentSize : 46 <-- 3.409970 s
currentSize : 48 <-- 3.410106 s
currentSize : 49 <-- 3.410405 s

maxsize : 49
nodes : 1190626.000000
filtered : 9843602.000000
time : 6.149191
