Parameters: GAD=1 vflib=1 dir=1 label=1 lowerbound=1 fileNameGp=../graphsdb/mcs70/rand/r02/mcs70_r02_s40.A78 fileNameGt=../graphsdb/mcs70/rand/r02/mcs70_r02_s40.B78
Reading graphs...
40 : 311
40 : 311
Initializing...
maxdom : 7
D->valSize : 215
Solving...
Blb : 3 (clique : 5)
currentSize : 5 <-- 0.001355 s
currentSize : 6 <-- 0.001419 s
currentSize : 7 <-- 0.001436 s
currentSize : 8 <-- 0.001607 s
currentSize : 12 <-- 0.002150 s
currentSize : 13 <-- 0.002402 s
currentSize : 15 <-- 0.002689 s
currentSize : 17 <-- 0.003291 s
currentSize : 28 <-- 0.004130 s

maxsize : 28
nodes : 861.000000
filtered : 13952.000000
time : 0.004606
