Parameters: GAD=1 vflib=1 dir=1 label=1 lowerbound=1 fileNameGp=../graphsdb/mcs70/bvg/b03/mcs70_b03_s50.A88 fileNameGt=../graphsdb/mcs70/bvg/b03/mcs70_b03_s50.B88
Reading graphs...
50 : 75
50 : 75
Initializing...
maxdom : 9
D->valSize : 327
Solving...
Blb : 5 (clique : 28)
currentSize : 28 <-- 0.004079 s
currentSize : 29 <-- 0.524786 s
currentSize : 30 <-- 0.833986 s
currentSize : 31 <-- 0.834061 s
currentSize : 32 <-- 0.834176 s
currentSize : 33 <-- 5.053904 s
currentSize : 34 <-- 5.053959 s
currentSize : 35 <-- 5.078271 s

maxsize : 35
nodes : 1418339.000000
filtered : 14413551.000000
time : 6.607630
