Parameters: GAD=1 vflib=1 dir=1 label=1 lowerbound=1 fileNameGp=../graphsdb/mcs70/m2D/m2Dr2/mcs70_m2Dr2_s50.A18 fileNameGt=../graphsdb/mcs70/m2D/m2Dr2/mcs70_m2Dr2_s50.B18
Reading graphs...
50 : 95
50 : 94
Initializing...
maxdom : 8
D->valSize : 322
Solving...
Blb : 5 (clique : 22)
currentSize : 22 <-- 0.002907 s
currentSize : 23 <-- 0.003809 s
currentSize : 24 <-- 0.004397 s
currentSize : 26 <-- 0.006626 s
currentSize : 28 <-- 0.534292 s
currentSize : 30 <-- 0.534333 s
currentSize : 32 <-- 0.577971 s
currentSize : 36 <-- 0.578595 s

maxsize : 36
nodes : 142921.000000
filtered : 1511213.000000
time : 0.654145
