Parameters: GAD=1 vflib=1 dir=1 label=1 lowerbound=1 fileNameGp=../graphsdb/mcs70/rand/r005/mcs70_r005_s25.A77 fileNameGt=../graphsdb/mcs70/rand/r005/mcs70_r005_s25.B77
Reading graphs...
25 : 33
25 : 33
Initializing...
maxdom : 9
D->valSize : 173
Solving...
Blb : 5 (clique : 12)
currentSize : 12 <-- 0.001321 s
currentSize : 13 <-- 0.001776 s
currentSize : 14 <-- 0.003307 s
currentSize : 15 <-- 0.009037 s
currentSize : 16 <-- 0.009092 s
currentSize : 17 <-- 0.012592 s

maxsize : 17
nodes : 3099.000000
filtered : 43192.000000
time : 0.020074
