Parameters: GAD=1 vflib=1 dir=1 label=1 lowerbound=1 fileNameGp=../graphsdb/mcs70/m2D/m2Dr4/mcs70_m2Dr4_s80.A43 fileNameGt=../graphsdb/mcs70/m2D/m2Dr4/mcs70_m2Dr4_s80.B43
Reading graphs...
80 : 174
80 : 173
Initializing...
maxdom : 9
D->valSize : 461
Solving...
Blb : 3 (clique : 34)
currentSize : 34 <-- 0.004821 s
currentSize : 36 <-- 0.005066 s
currentSize : 37 <-- 0.005229 s
currentSize : 38 <-- 0.008749 s
currentSize : 39 <-- 0.008887 s
currentSize : 40 <-- 0.018706 s
currentSize : 41 <-- 0.077542 s
currentSize : 42 <-- 0.289015 s
currentSize : 43 <-- 32.228542 s
currentSize : 44 <-- 32.228657 s
currentSize : 45 <-- 32.237480 s
currentSize : 46 <-- 32.332401 s
currentSize : 47 <-- 959.319214 s
currentSize : 48 <-- 959.320312 s
currentSize : 49 <-- 959.439880 s

maxsize : 49
nodes : 464554291.000000
filtered : 2130308705.000000
time : 2088.720215
