Parameters: GAD=1 vflib=1 dir=1 label=1 lowerbound=1 fileNameGp=../graphsdb/mcs70/bvg/b09/mcs70_b09_s90.A11 fileNameGt=../graphsdb/mcs70/bvg/b09/mcs70_b09_s90.B11
Reading graphs...
90 : 405
90 : 405
Initializing...
maxdom : 9
D->valSize : 591
Solving...
Blb : 2 (clique : 37)
currentSize : 37 <-- 0.011506 s
currentSize : 38 <-- 0.011977 s
currentSize : 39 <-- 0.013400 s
currentSize : 40 <-- 0.013616 s
currentSize : 41 <-- 0.013789 s
currentSize : 42 <-- 0.013953 s
currentSize : 53 <-- 0.018947 s
currentSize : 62 <-- 0.021559 s

maxsize : 62
nodes : 6977934.000000
filtered : 63028058.000000
time : 38.434631
