Parameters: GAD=1 vflib=1 dir=1 label=1 lowerbound=1 fileNameGp=../graphsdb/mcs70/m2D/m2D/mcs70_m2D_s100.A72 fileNameGt=../graphsdb/mcs70/m2D/m2D/mcs70_m2D_s100.B72
Reading graphs...
100 : 180
100 : 180
Initializing...
maxdom : 7
D->valSize : 359
Solving...
Blb : 2 (clique : 44)
currentSize : 44 <-- 0.003854 s
currentSize : 46 <-- 0.004183 s
currentSize : 47 <-- 0.011212 s
currentSize : 48 <-- 0.040126 s
currentSize : 49 <-- 0.042063 s
currentSize : 50 <-- 0.042184 s
currentSize : 51 <-- 0.042301 s
currentSize : 52 <-- 0.087107 s
currentSize : 53 <-- 2.136863 s
currentSize : 54 <-- 10.645974 s
currentSize : 55 <-- 280.514496 s
currentSize : 56 <-- 282.036011 s
currentSize : 57 <-- 364.916473 s
currentSize : 58 <-- 1023.256348 s
currentSize : 59 <-- 1047.879517 s
currentSize : 60 <-- 1074.093018 s
currentSize : 61 <-- 1096.634766 s

TIMEOUT
maxsize : 61
nodes : 671520872.000000
filtered : 2695231485.000000
time : 3600.000000
