Parameters: GAD=1 vflib=1 dir=1 label=1 lowerbound=1 fileNameGp=../graphsdb/mcs70/m2D/m2Dr4/mcs70_m2Dr4_s100.A63 fileNameGt=../graphsdb/mcs70/m2D/m2Dr4/mcs70_m2Dr4_s100.B63
Reading graphs...
100 : 220
100 : 220
Initializing...
maxdom : 8
D->valSize : 374
Solving...
Blb : 2 (clique : 47)
currentSize : 47 <-- 0.004175 s
currentSize : 49 <-- 0.004900 s
currentSize : 51 <-- 0.025024 s
currentSize : 52 <-- 0.025270 s
currentSize : 53 <-- 0.025791 s
currentSize : 54 <-- 0.026061 s
currentSize : 57 <-- 0.087179 s
currentSize : 58 <-- 0.087785 s
currentSize : 59 <-- 31.299925 s
currentSize : 61 <-- 31.546465 s
currentSize : 62 <-- 31.546724 s
currentSize : 63 <-- 71.266068 s
currentSize : 64 <-- 71.266319 s

maxsize : 64
nodes : 64924611.000000
filtered : 262468330.000000
time : 332.774048
