Parameters: GAD=1 vflib=1 dir=1 label=1 lowerbound=1 fileNameGp=../graphsdb/mcs70/m3D/m3D/mcs70_m3D_s100.A07 fileNameGt=../graphsdb/mcs70/m3D/m3D/mcs70_m3D_s100.B07
Reading graphs...
100 : 235
100 : 235
Initializing...
maxdom : 6
D->valSize : 367
Solving...
Blb : 2 (clique : 53)
currentSize : 53 <-- 0.006498 s
currentSize : 55 <-- 0.007074 s
currentSize : 56 <-- 0.012274 s
currentSize : 57 <-- 0.189476 s
currentSize : 59 <-- 0.189730 s
currentSize : 60 <-- 0.192428 s
currentSize : 61 <-- 0.320553 s
currentSize : 62 <-- 0.322007 s
currentSize : 63 <-- 2.887314 s
currentSize : 64 <-- 2.887771 s

maxsize : 64
nodes : 51594067.000000
filtered : 231420921.000000
time : 284.304352
