Parameters: GAD=1 vflib=1 dir=1 label=1 lowerbound=1 fileNameGp=../graphsdb/mcs70/bvg/b09/mcs70_b09_s70.A22 fileNameGt=../graphsdb/mcs70/bvg/b09/mcs70_b09_s70.B22
Reading graphs...
70 : 315
70 : 315
Initializing...
maxdom : 8
D->valSize : 360
Solving...
Blb : 3 (clique : 21)
currentSize : 21 <-- 0.003026 s
currentSize : 26 <-- 0.003168 s
currentSize : 29 <-- 0.242540 s
currentSize : 31 <-- 0.242624 s
currentSize : 33 <-- 0.242838 s
currentSize : 34 <-- 0.455964 s
currentSize : 38 <-- 0.553941 s
currentSize : 48 <-- 0.841583 s

maxsize : 48
nodes : 251846.000000
filtered : 1499627.000000
time : 1.108710
