Parameters: GAD=1 vflib=1 dir=1 label=1 lowerbound=1 fileNameGp=../graphsdb/mcs70/rand/r005/mcs70_r005_s100.A46 fileNameGt=../graphsdb/mcs70/rand/r005/mcs70_r005_s100.B46
Reading graphs...
100 : 494
100 : 494
Initializing...
maxdom : 7
D->valSize : 371
Solving...
Blb : 2 (clique : 56)
currentSize : 56 <-- 0.003812 s
currentSize : 58 <-- 0.004142 s
currentSize : 60 <-- 0.117424 s
currentSize : 63 <-- 0.117546 s
currentSize : 64 <-- 0.121385 s
currentSize : 70 <-- 0.121856 s

maxsize : 70
nodes : 30765.000000
filtered : 224724.000000
time : 0.194522
