Parameters: GAD=1 vflib=1 dir=1 label=1 lowerbound=1 fileNameGp=../graphsdb/mcs70/rand/r001/mcs70_r001_s100.A45 fileNameGt=../graphsdb/mcs70/rand/r001/mcs70_r001_s100.B45
Reading graphs...
100 : 120
100 : 120
Initializing...
maxdom : 8
D->valSize : 383
Solving...
Blb : 2 (clique : 57)
currentSize : 57 <-- 0.007251 s
currentSize : 58 <-- 0.007949 s
currentSize : 59 <-- 0.093184 s
currentSize : 60 <-- 2.003754 s
currentSize : 61 <-- 402.405701 s
currentSize : 63 <-- 1778.138062 s
currentSize : 66 <-- 1778.138428 s
currentSize : 68 <-- 1778.149414 s
currentSize : 70 <-- 1779.873657 s

maxsize : 70
nodes : 333346463.000000
filtered : 1267457491.000000
time : 1799.306763
