Parameters: GAD=1 vflib=1 dir=1 label=1 lowerbound=1 fileNameGp=../graphsdb/mcs70/rand/r02/mcs70_r02_s20.A36 fileNameGt=../graphsdb/mcs70/rand/r02/mcs70_r02_s20.B36
Reading graphs...
20 : 75
20 : 75
Initializing...
maxdom : 6
D->valSize : 102
Solving...
Blb : 5 (clique : 5)
currentSize : 5 <-- 0.000467 s
currentSize : 6 <-- 0.000534 s
currentSize : 7 <-- 0.000571 s
currentSize : 9 <-- 0.000740 s
currentSize : 10 <-- 0.000765 s
currentSize : 14 <-- 0.000816 s

maxsize : 14
nodes : 183.000000
filtered : 1960.000000
time : 0.000935
