Parameters: GAD=1 vflib=1 dir=1 label=1 lowerbound=1 fileNameGp=../graphsdb/mcs70/bvg/b06/mcs70_b06_s15.A95 fileNameGt=../graphsdb/mcs70/bvg/b06/mcs70_b06_s15.B95
Reading graphs...
15 : 45
15 : 45
Initializing...
maxdom : 10
D->valSize : 130
Solving...
Blb : 2 (clique : 4)
currentSize : 4 <-- 0.000727 s
currentSize : 5 <-- 0.000774 s
currentSize : 6 <-- 0.000809 s
currentSize : 7 <-- 0.000862 s
currentSize : 8 <-- 0.000918 s
currentSize : 9 <-- 0.001258 s
currentSize : 10 <-- 0.001312 s

maxsize : 10
nodes : 221.000000
filtered : 4455.000000
time : 0.001525
