Parameters: GAD=1 vflib=1 dir=1 label=1 lowerbound=1 fileNameGp=../graphsdb/mcs70/m2D/m2Dr6/mcs70_m2Dr6_s40.A14 fileNameGt=../graphsdb/mcs70/m2D/m2Dr6/mcs70_m2Dr6_s40.B14
Reading graphs...
40 : 91
40 : 91
Initializing...
maxdom : 10
D->valSize : 245
Solving...
Blb : 2 (clique : 19)
currentSize : 19 <-- 0.001488 s
currentSize : 20 <-- 0.001611 s
currentSize : 21 <-- 0.001725 s
currentSize : 22 <-- 0.002126 s
currentSize : 24 <-- 0.002449 s
currentSize : 26 <-- 0.002527 s

maxsize : 26
nodes : 6998.000000
filtered : 48863.000000
time : 0.025893
