Parameters: GAD=1 vflib=1 dir=1 label=1 lowerbound=1 fileNameGp=../graphsdb/mcs70/rand/r01/mcs70_r01_s60.A69 fileNameGt=../graphsdb/mcs70/rand/r01/mcs70_r01_s60.B69
Reading graphs...
60 : 353
60 : 353
Initializing...
maxdom : 8
D->valSize : 289
Solving...
Blb : 2 (clique : 22)
currentSize : 22 <-- 0.002301 s
currentSize : 23 <-- 0.004984 s
currentSize : 29 <-- 0.009028 s
currentSize : 31 <-- 0.014703 s
currentSize : 42 <-- 0.015941 s

maxsize : 42
nodes : 3516.000000
filtered : 39806.000000
time : 0.019182
