Parameters: GAD=1 vflib=1 dir=1 label=1 lowerbound=1 fileNameGp=../graphsdb/mcs70/m2D/m2Dr2/mcs70_m2Dr2_s80.A40 fileNameGt=../graphsdb/mcs70/m2D/m2Dr2/mcs70_m2Dr2_s80.B40
Reading graphs...
80 : 158
80 : 158
Initializing...
maxdom : 9
D->valSize : 434
Solving...
Blb : 2 (clique : 35)
currentSize : 35 <-- 0.004454 s
currentSize : 36 <-- 0.004701 s
currentSize : 37 <-- 0.004848 s
currentSize : 38 <-- 0.008515 s
currentSize : 39 <-- 34.959831 s
currentSize : 40 <-- 216.640594 s
currentSize : 41 <-- 220.436966 s
currentSize : 42 <-- 271.370636 s
currentSize : 48 <-- 802.570679 s
currentSize : 50 <-- 1189.536621 s

maxsize : 50
nodes : 258669474.000000
filtered : 2052694780.000000
time : 1381.473022
