Parameters: GAD=1 vflib=1 dir=1 label=1 lowerbound=1 fileNameGp=../graphsdb/mcs70/m2D/m2Dr6/mcs70_m2Dr6_s90.A99 fileNameGt=../graphsdb/mcs70/m2D/m2Dr6/mcs70_m2Dr6_s90.B99
Reading graphs...
90 : 215
90 : 213
Initializing...
maxdom : 9
D->valSize : 564
Solving...
Blb : 2 (clique : 32)
currentSize : 32 <-- 0.006683 s
currentSize : 33 <-- 1.458296 s
currentSize : 35 <-- 2.874278 s
currentSize : 39 <-- 3.812222 s
currentSize : 40 <-- 4.600151 s
currentSize : 41 <-- 5.306942 s
currentSize : 42 <-- 9.675206 s
currentSize : 44 <-- 21.906408 s
currentSize : 45 <-- 24.631657 s
currentSize : 50 <-- 25.696716 s
currentSize : 53 <-- 37.930195 s
currentSize : 55 <-- 132.746719 s
currentSize : 57 <-- 342.601288 s
currentSize : 60 <-- 415.209900 s
currentSize : 64 <-- 415.301941 s

maxsize : 64
nodes : 92003068.000000
filtered : 713915226.000000
time : 508.294769
