Parameters: GAD=1 vflib=1 dir=1 label=1 lowerbound=1 fileNameGp=../graphsdb/mcs70/rand/r005/mcs70_r005_s35.A05 fileNameGt=../graphsdb/mcs70/rand/r005/mcs70_r005_s35.B05
Reading graphs...
35 : 58
35 : 58
Initializing...
maxdom : 8
D->valSize : 172
Solving...
Blb : 2 (clique : 17)
currentSize : 17 <-- 0.001041 s
currentSize : 18 <-- 0.001212 s
currentSize : 19 <-- 0.001343 s
currentSize : 20 <-- 0.001383 s
currentSize : 21 <-- 0.002483 s
currentSize : 22 <-- 0.002508 s
currentSize : 24 <-- 0.002606 s

maxsize : 24
nodes : 1601.000000
filtered : 14336.000000
time : 0.006451
