Parameters: GAD=1 vflib=1 dir=1 label=1 lowerbound=1 fileNameGp=../graphsdb/mcs70/rand/r001/mcs70_r001_s100.A59 fileNameGt=../graphsdb/mcs70/rand/r001/mcs70_r001_s100.B59
Reading graphs...
100 : 120
100 : 120
Initializing...
maxdom : 7
D->valSize : 374
Solving...
Blb : 3 (clique : 60)
currentSize : 60 <-- 0.004273 s
currentSize : 61 <-- 0.272851 s
currentSize : 62 <-- 0.272924 s
currentSize : 63 <-- 0.273071 s
currentSize : 64 <-- 0.513194 s
currentSize : 65 <-- 0.551022 s
currentSize : 66 <-- 1.256168 s
currentSize : 67 <-- 1.312930 s
currentSize : 68 <-- 5.613995 s
currentSize : 69 <-- 15.654827 s
currentSize : 70 <-- 17.294827 s

maxsize : 70
nodes : 22415170.000000
filtered : 69767139.000000
time : 118.183922
