Parameters: GAD=1 vflib=1 dir=1 label=1 lowerbound=1 fileNameGp=../graphsdb/mcs70/bvg/b09/mcs70_b09_s90.A30 fileNameGt=../graphsdb/mcs70/bvg/b09/mcs70_b09_s90.B30
Reading graphs...
90 : 405
90 : 405
Initializing...
maxdom : 10
D->valSize : 595
Solving...
Blb : 2 (clique : 47)
currentSize : 47 <-- 0.007077 s
currentSize : 49 <-- 0.007450 s
currentSize : 50 <-- 8.548362 s
currentSize : 51 <-- 11.020702 s
currentSize : 56 <-- 11.902020 s
currentSize : 57 <-- 13.770222 s
currentSize : 60 <-- 18.190182 s
currentSize : 62 <-- 19.586548 s

maxsize : 62
nodes : 6175409.000000
filtered : 46153472.000000
time : 32.974709
