Parameters: GAD=1 vflib=1 dir=1 label=1 lowerbound=1 fileNameGp=../graphsdb/mcs70/bvg/b09m/mcs70_b09m_s60.A84 fileNameGt=../graphsdb/mcs70/bvg/b09m/mcs70_b09m_s60.B84
Reading graphs...
60 : 270
60 : 270
Initializing...
maxdom : 9
D->valSize : 281
Solving...
Blb : 3 (clique : 22)
currentSize : 22 <-- 0.001960 s
currentSize : 23 <-- 0.021193 s
currentSize : 26 <-- 0.037661 s
currentSize : 27 <-- 0.037807 s
currentSize : 29 <-- 0.057699 s
currentSize : 30 <-- 0.057936 s
currentSize : 32 <-- 0.070699 s
currentSize : 34 <-- 0.070788 s
currentSize : 36 <-- 0.086522 s
currentSize : 37 <-- 0.086672 s
currentSize : 38 <-- 0.087292 s
currentSize : 39 <-- 0.087365 s
currentSize : 41 <-- 0.087492 s
currentSize : 42 <-- 0.087581 s

maxsize : 42
nodes : 33418.000000
filtered : 207386.000000
time : 0.140088
