Parameters: GAD=1 vflib=1 dir=1 label=1 lowerbound=1 fileNameGp=../graphsdb/mcs70/bvg/b06m/mcs70_b06m_s90.A03 fileNameGt=../graphsdb/mcs70/bvg/b06m/mcs70_b06m_s90.B03
Reading graphs...
90 : 270
90 : 270
Initializing...
maxdom : 11
D->valSize : 565
Solving...
Blb : 2 (clique : 50)
currentSize : 50 <-- 0.006782 s
currentSize : 52 <-- 0.007163 s
currentSize : 54 <-- 0.023505 s
currentSize : 55 <-- 0.023719 s
currentSize : 60 <-- 0.136563 s
currentSize : 63 <-- 0.137484 s

maxsize : 63
nodes : 2721951.000000
filtered : 22663525.000000
time : 14.807082
