Parameters: GAD=1 vflib=1 dir=1 label=1 lowerbound=1 fileNameGp=../graphsdb/mcs70/m2D/m2Dr4/mcs70_m2Dr4_s80.A61 fileNameGt=../graphsdb/mcs70/m2D/m2Dr4/mcs70_m2Dr4_s80.B61
Reading graphs...
80 : 174
80 : 173
Initializing...
maxdom : 8
D->valSize : 400
Solving...
Blb : 2 (clique : 40)
currentSize : 40 <-- 0.007284 s
currentSize : 41 <-- 2.862726 s
currentSize : 43 <-- 3.075149 s
currentSize : 47 <-- 34.349213 s
currentSize : 51 <-- 38.384689 s

maxsize : 51
nodes : 8767121.000000
filtered : 63620728.000000
time : 45.957638
