Parameters: GAD=1 vflib=1 dir=1 label=1 lowerbound=1 fileNameGp=../graphsdb/mcs70/bvg/b03m/mcs70_b03m_s90.A32 fileNameGt=../graphsdb/mcs70/bvg/b03m/mcs70_b03m_s90.B32
Reading graphs...
90 : 135
90 : 135
Initializing...
maxdom : 9
D->valSize : 564
Solving...
Blb : 2 (clique : 55)
currentSize : 55 <-- 0.007015 s
currentSize : 56 <-- 0.007499 s
currentSize : 57 <-- 0.007626 s
currentSize : 58 <-- 0.014088 s
currentSize : 60 <-- 0.014404 s
currentSize : 62 <-- 0.122834 s
currentSize : 63 <-- 0.123440 s

maxsize : 63
nodes : 91866623.000000
filtered : 602845566.000000
time : 544.450500
