Parameters: GAD=1 vflib=1 dir=1 label=1 lowerbound=1 fileNameGp=../graphsdb/mcs70/bvg/b06m/mcs70_b06m_s40.A18 fileNameGt=../graphsdb/mcs70/bvg/b06m/mcs70_b06m_s40.B18
Reading graphs...
40 : 120
40 : 120
Initializing...
maxdom : 8
D->valSize : 218
Solving...
Blb : 2 (clique : 10)
currentSize : 10 <-- 0.001254 s
currentSize : 11 <-- 0.001347 s
currentSize : 13 <-- 0.001401 s
currentSize : 14 <-- 0.001625 s
currentSize : 15 <-- 0.005859 s
currentSize : 19 <-- 0.011210 s
currentSize : 21 <-- 0.011552 s
currentSize : 24 <-- 0.016838 s
currentSize : 28 <-- 0.019426 s

maxsize : 28
nodes : 5913.000000
filtered : 50452.000000
time : 0.022569
