Parameters: GAD=1 vflib=1 dir=1 label=1 lowerbound=1 fileNameGp=../graphsdb/mcs70/bvg/b03m/mcs70_b03m_s60.A84 fileNameGt=../graphsdb/mcs70/bvg/b03m/mcs70_b03m_s60.B84
Reading graphs...
60 : 90
60 : 90
Initializing...
maxdom : 7
D->valSize : 268
Solving...
Blb : 2 (clique : 34)
currentSize : 34 <-- 0.002148 s
currentSize : 38 <-- 0.038669 s
currentSize : 39 <-- 0.214596 s
currentSize : 40 <-- 5.312126 s
currentSize : 41 <-- 5.333218 s
currentSize : 42 <-- 5.334821 s

maxsize : 42
nodes : 5279407.000000
filtered : 19621354.000000
time : 19.807423
