Parameters: GAD=1 vflib=1 dir=1 label=1 lowerbound=1 fileNameGp=../graphsdb/mcs70/m2D/m2Dr2/mcs70_m2Dr2_s80.A70 fileNameGt=../graphsdb/mcs70/m2D/m2Dr2/mcs70_m2Dr2_s80.B70
Reading graphs...
80 : 158
80 : 158
Initializing...
maxdom : 9
D->valSize : 495
Solving...
Blb : 2 (clique : 44)
currentSize : 44 <-- 0.005541 s
currentSize : 46 <-- 0.006443 s
currentSize : 47 <-- 0.015244 s
currentSize : 48 <-- 0.025832 s
currentSize : 49 <-- 0.066573 s
currentSize : 51 <-- 0.652300 s
currentSize : 52 <-- 32.875275 s

maxsize : 52
nodes : 295129310.000000
filtered : 1949517548.000000
time : 1507.721436
