Parameters: GAD=1 vflib=1 dir=1 label=1 lowerbound=1 fileNameGp=../graphsdb/mcs70/m2D/m2Dr6/mcs70_m2Dr6_s70.A17 fileNameGt=../graphsdb/mcs70/m2D/m2Dr6/mcs70_m2Dr6_s70.B17
Reading graphs...
70 : 165
70 : 165
Initializing...
maxdom : 9
D->valSize : 362
Solving...
Blb : 3 (clique : 34)
currentSize : 34 <-- 0.005945 s
currentSize : 35 <-- 0.009668 s
currentSize : 37 <-- 0.094831 s
currentSize : 38 <-- 0.094910 s
currentSize : 39 <-- 0.094997 s
currentSize : 40 <-- 0.096559 s
currentSize : 42 <-- 0.530613 s
currentSize : 43 <-- 0.530888 s
currentSize : 44 <-- 0.531107 s
currentSize : 46 <-- 0.536111 s
currentSize : 47 <-- 1.338502 s
currentSize : 48 <-- 1.338765 s
currentSize : 50 <-- 1.341275 s

maxsize : 50
nodes : 493454.000000
filtered : 2566384.000000
time : 2.123837
