Parameters: GAD=1 vflib=1 dir=1 label=1 lowerbound=1 fileNameGp=../graphsdb/mcs70/bvg/b03/mcs70_b03_s90.A78 fileNameGt=../graphsdb/mcs70/bvg/b03/mcs70_b03_s90.B78
Reading graphs...
90 : 135
90 : 135
Initializing...
maxdom : 10
D->valSize : 572
Solving...
Blb : 2 (clique : 46)
currentSize : 46 <-- 0.012234 s
currentSize : 47 <-- 0.012906 s
currentSize : 48 <-- 0.013195 s
currentSize : 49 <-- 0.024156 s
currentSize : 50 <-- 0.024475 s
currentSize : 51 <-- 0.104948 s
currentSize : 52 <-- 0.715262 s
currentSize : 53 <-- 0.715381 s
currentSize : 54 <-- 0.734731 s
currentSize : 55 <-- 3.070164 s
currentSize : 58 <-- 3.093852 s
currentSize : 59 <-- 3.094040 s
currentSize : 62 <-- 3.415387 s
currentSize : 63 <-- 3.415575 s

maxsize : 63
nodes : 618509913.000000
filtered : 3988904760.000000
time : 3344.382812
