Parameters: GAD=1 vflib=1 dir=1 label=1 lowerbound=1 fileNameGp=../graphsdb/mcs70/m3D/m3Dr4/mcs70_m3Dr4_s90.A89 fileNameGt=../graphsdb/mcs70/m3D/m3Dr4/mcs70_m3Dr4_s90.B89
Reading graphs...
90 : 245
90 : 243
Initializing...
maxdom : 9
D->valSize : 533
Solving...
Blb : 3 (clique : 38)
currentSize : 38 <-- 0.006124 s
currentSize : 40 <-- 18.240959 s
currentSize : 41 <-- 50.584911 s
currentSize : 42 <-- 50.586273 s
currentSize : 45 <-- 85.263214 s
currentSize : 46 <-- 103.656799 s
currentSize : 47 <-- 103.657860 s
currentSize : 48 <-- 103.659248 s
currentSize : 49 <-- 174.453003 s
currentSize : 53 <-- 274.577850 s
currentSize : 54 <-- 274.578125 s
currentSize : 56 <-- 303.986145 s
currentSize : 57 <-- 304.209106 s
currentSize : 62 <-- 304.209320 s
currentSize : 64 <-- 343.688904 s

maxsize : 64
nodes : 66125072.000000
filtered : 468114613.000000
time : 359.319092
