Parameters: GAD=1 vflib=1 dir=1 label=1 lowerbound=1 fileNameGp=../graphsdb/mcs70/m2D/m2Dr4/mcs70_m2Dr4_s40.A39 fileNameGt=../graphsdb/mcs70/m2D/m2Dr4/mcs70_m2Dr4_s40.B39
Reading graphs...
40 : 83
40 : 82
Initializing...
maxdom : 7
D->valSize : 202
Solving...
Blb : 2 (clique : 16)
currentSize : 16 <-- 0.001102 s
currentSize : 17 <-- 0.001465 s
currentSize : 18 <-- 0.002221 s
currentSize : 19 <-- 0.011721 s
currentSize : 20 <-- 0.012109 s
currentSize : 21 <-- 0.012429 s
currentSize : 22 <-- 0.105095 s
currentSize : 25 <-- 0.121085 s

maxsize : 25
nodes : 53324.000000
filtered : 341456.000000
time : 0.178512
