Parameters: GAD=1 vflib=1 dir=1 label=1 lowerbound=1 fileNameGp=../graphsdb/mcs70/m2D/m2Dr6/m2Dr6/mcs70_m2Dr6_s25.A03 fileNameGt=../graphsdb/mcs70/m2D/m2Dr6/m2Dr6/mcs70_m2Dr6_s25.B03
Reading graphs...
25 : 55
25 : 54
Initializing...
maxdom : 12
D->valSize : 219
Solving...
Blb : 2 (clique : 9)
currentSize : 9 <-- 0.001202 s
currentSize : 10 <-- 0.001270 s
currentSize : 11 <-- 0.001327 s
currentSize : 12 <-- 0.002681 s
currentSize : 16 <-- 0.009982 s

maxsize : 16
nodes : 2467.000000
filtered : 43271.000000
time : 0.011169
