Parameters: GAD=1 vflib=1 dir=1 label=1 lowerbound=1 fileNameGp=../graphsdb/mcs70/rand/r01/mcs70_r01_s60.A06 fileNameGt=../graphsdb/mcs70/rand/r01/mcs70_r01_s60.B06
Reading graphs...
60 : 353
60 : 353
Initializing...
maxdom : 6
D->valSize : 238
Solving...
Blb : 5 (clique : 13)
currentSize : 13 <-- 0.002465 s
currentSize : 15 <-- 0.003512 s
currentSize : 18 <-- 0.005880 s
currentSize : 19 <-- 0.007099 s
currentSize : 28 <-- 0.007587 s
currentSize : 31 <-- 0.011668 s
currentSize : 42 <-- 0.025201 s

maxsize : 42
nodes : 4107.000000
filtered : 43374.000000
time : 0.032995
