Parameters: GAD=1 vflib=1 dir=1 label=1 lowerbound=1 fileNameGp=../graphsdb/mcs70/m2D/m2Dr2/mcs70_m2Dr2_s80.A24 fileNameGt=../graphsdb/mcs70/m2D/m2Dr2/mcs70_m2Dr2_s80.B24
Reading graphs...
80 : 158
80 : 157
Initializing...
maxdom : 9
D->valSize : 442
Solving...
Blb : 2 (clique : 37)
currentSize : 37 <-- 0.004615 s
currentSize : 38 <-- 0.004921 s
currentSize : 39 <-- 0.006655 s
currentSize : 40 <-- 0.010901 s
currentSize : 41 <-- 0.952426 s
currentSize : 42 <-- 0.952658 s
currentSize : 43 <-- 0.953126 s
currentSize : 44 <-- 85.798515 s
currentSize : 45 <-- 342.579224 s
currentSize : 46 <-- 895.541321 s
currentSize : 48 <-- 965.001587 s
currentSize : 49 <-- 1083.545532 s

maxsize : 49
nodes : 231712071.000000
filtered : 1355591335.000000
time : 1151.242065
