Parameters: GAD=1 vflib=1 dir=1 label=1 lowerbound=1 fileNameGp=../graphsdb/mcs70/bvg/b09m/mcs70_b09m_s100.A57 fileNameGt=../graphsdb/mcs70/bvg/b09m/mcs70_b09m_s100.B57
Reading graphs...
100 : 450
100 : 450
Initializing...
maxdom : 7
D->valSize : 344
Solving...
Blb : 2 (clique : 54)
currentSize : 54 <-- 0.003507 s
currentSize : 56 <-- 0.003834 s
currentSize : 63 <-- 0.005465 s
currentSize : 68 <-- 0.005710 s
currentSize : 70 <-- 0.006055 s

maxsize : 70
nodes : 2184475.000000
filtered : 7540620.000000
time : 10.466216
