Parameters: GAD=1 vflib=1 dir=1 label=1 lowerbound=1 fileNameGp=../graphsdb/mcs70/rand/r02/mcs70_r02_s25.A43 fileNameGt=../graphsdb/mcs70/rand/r02/mcs70_r02_s25.B43
Reading graphs...
25 : 119
25 : 119
Initializing...
maxdom : 9
D->valSize : 173
Solving...
Blb : 2 (clique : 6)
currentSize : 6 <-- 0.001143 s
currentSize : 7 <-- 0.001299 s
currentSize : 8 <-- 0.001826 s
currentSize : 9 <-- 0.001901 s
currentSize : 10 <-- 0.003488 s
currentSize : 11 <-- 0.004666 s
currentSize : 17 <-- 0.005053 s

maxsize : 17
nodes : 790.000000
filtered : 13361.000000
time : 0.005273
