Parameters: GAD=1 vflib=1 dir=1 label=1 lowerbound=1 fileNameGp=../graphsdb/mcs70/rand/r005/mcs70_r005_s80.A71 fileNameGt=../graphsdb/mcs70/rand/r005/mcs70_r005_s80.B71
Reading graphs...
80 : 315
80 : 315
Initializing...
maxdom : 9
D->valSize : 472
Solving...
Blb : 2 (clique : 33)
currentSize : 33 <-- 0.007819 s
currentSize : 35 <-- 0.008183 s
currentSize : 36 <-- 0.008896 s
currentSize : 39 <-- 0.009070 s
currentSize : 41 <-- 0.009370 s
currentSize : 42 <-- 0.010436 s
currentSize : 46 <-- 0.010769 s
currentSize : 48 <-- 0.235112 s
currentSize : 50 <-- 0.774530 s
currentSize : 53 <-- 1.101153 s
currentSize : 56 <-- 1.101358 s

maxsize : 56
nodes : 305485.000000
filtered : 2618158.000000
time : 1.725236
