Parameters: GAD=1 vflib=1 dir=1 label=1 lowerbound=1 fileNameGp=../graphsdb/mcs70/bvg/b03m/mcs70_b03m_s80.A88 fileNameGt=../graphsdb/mcs70/bvg/b03m/mcs70_b03m_s80.B88
Reading graphs...
80 : 120
80 : 120
Initializing...
maxdom : 8
D->valSize : 451
Solving...
Blb : 2 (clique : 43)
currentSize : 43 <-- 0.004728 s
currentSize : 45 <-- 0.005054 s
currentSize : 47 <-- 0.005373 s
currentSize : 48 <-- 0.006126 s
currentSize : 51 <-- 0.019616 s
currentSize : 53 <-- 0.052580 s
currentSize : 56 <-- 3.333083 s

maxsize : 56
nodes : 11331525.000000
filtered : 59556773.000000
time : 56.792328
