Parameters: GAD=1 vflib=1 dir=1 label=1 lowerbound=1 fileNameGp=../graphsdb/mcs70/m2D/m2D/mcs70_m2D_s80.A50 fileNameGt=../graphsdb/mcs70/m2D/m2D/mcs70_m2D_s80.B50
Reading graphs...
80 : 142
80 : 142
Initializing...
maxdom : 9
D->valSize : 441
Solving...
Blb : 2 (clique : 38)
currentSize : 38 <-- 0.008373 s
currentSize : 41 <-- 0.008806 s
currentSize : 43 <-- 1.020142 s
currentSize : 44 <-- 25.831783 s
currentSize : 45 <-- 25.832050 s
currentSize : 46 <-- 53.114365 s
currentSize : 48 <-- 53.114498 s
currentSize : 50 <-- 342.318115 s

maxsize : 50
nodes : 72358154.000000
filtered : 724657009.000000
time : 409.396759
