Parameters: GAD=1 vflib=1 dir=1 label=1 lowerbound=1 fileNameGp=../graphsdb/mcs70/rand/r005/mcs70_r005_s80.A07 fileNameGt=../graphsdb/mcs70/rand/r005/mcs70_r005_s80.B07
Reading graphs...
80 : 315
80 : 315
Initializing...
maxdom : 13
D->valSize : 466
Solving...
Blb : 3 (clique : 32)
currentSize : 32 <-- 0.007762 s
currentSize : 35 <-- 0.008385 s
currentSize : 36 <-- 0.008742 s
currentSize : 39 <-- 0.022976 s
currentSize : 42 <-- 0.023198 s
currentSize : 47 <-- 0.023447 s
currentSize : 50 <-- 0.089522 s
currentSize : 56 <-- 0.275467 s

maxsize : 56
nodes : 65322.000000
filtered : 920883.000000
time : 0.438512
