Parameters: GAD=1 vflib=1 dir=1 label=1 lowerbound=1 fileNameGp=../graphsdb/mcs70/bvg/b06/mcs70_b06_s70.A94 fileNameGt=../graphsdb/mcs70/bvg/b06/mcs70_b06_s70.B94
Reading graphs...
70 : 210
70 : 210
Initializing...
maxdom : 8
D->valSize : 331
Solving...
Blb : 2 (clique : 28)
currentSize : 28 <-- 0.004462 s
currentSize : 29 <-- 0.065520 s
currentSize : 30 <-- 0.066496 s
currentSize : 33 <-- 0.184285 s
currentSize : 34 <-- 0.343564 s
currentSize : 36 <-- 0.461430 s
currentSize : 38 <-- 2.007671 s
currentSize : 40 <-- 2.016183 s
currentSize : 42 <-- 2.016255 s
currentSize : 45 <-- 2.046903 s
currentSize : 49 <-- 3.469828 s

maxsize : 49
nodes : 865074.000000
filtered : 5964261.000000
time : 4.192074
