Parameters: GAD=1 vflib=1 dir=1 label=1 lowerbound=1 fileNameGp=../graphsdb/mcs70/bvg/b03/mcs70_b03_s25.A99 fileNameGt=../graphsdb/mcs70/bvg/b03/mcs70_b03_s25.B99
Reading graphs...
25 : 37
25 : 37
Initializing...
maxdom : 8
D->valSize : 167
Solving...
Blb : 2 (clique : 10)
currentSize : 10 <-- 0.000780 s
currentSize : 11 <-- 0.000850 s
currentSize : 12 <-- 0.000868 s
currentSize : 14 <-- 0.024868 s
currentSize : 15 <-- 0.026949 s
currentSize : 16 <-- 0.038366 s

maxsize : 16
nodes : 13952.000000
filtered : 178712.000000
time : 0.049776
