Parameters: GAD=1 vflib=1 dir=1 label=1 lowerbound=1 fileNameGp=../graphsdb/mcs70/bvg/b06m/mcs70_b06m_s40.A59 fileNameGt=../graphsdb/mcs70/bvg/b06m/mcs70_b06m_s40.B59
Reading graphs...
40 : 120
40 : 120
Initializing...
maxdom : 7
D->valSize : 219
Solving...
Blb : 2 (clique : 23)
currentSize : 23 <-- 0.001322 s
currentSize : 24 <-- 0.004616 s
currentSize : 26 <-- 0.004644 s
currentSize : 27 <-- 0.004743 s
currentSize : 28 <-- 0.004784 s

maxsize : 28
nodes : 4646.000000
filtered : 44043.000000
time : 0.017324
