Parameters: GAD=1 vflib=1 dir=1 label=1 lowerbound=1 fileNameGp=../graphsdb/mcs70/bvg/b06/mcs70_b06_s80.A85 fileNameGt=../graphsdb/mcs70/bvg/b06/mcs70_b06_s80.B85
Reading graphs...
80 : 240
80 : 240
Initializing...
maxdom : 8
D->valSize : 422
Solving...
Blb : 2 (clique : 42)
currentSize : 42 <-- 0.004099 s
currentSize : 48 <-- 0.004744 s
currentSize : 49 <-- 0.013443 s
currentSize : 50 <-- 0.016136 s
currentSize : 53 <-- 0.016386 s
currentSize : 56 <-- 0.665160 s

maxsize : 56
nodes : 270027.000000
filtered : 1941289.000000
time : 1.507298
