Parameters: GAD=1 vflib=1 dir=1 label=1 lowerbound=1 fileNameGp=../graphsdb/mcs70/rand/r01/mcs70_r01_s35.A51 fileNameGt=../graphsdb/mcs70/rand/r01/mcs70_r01_s35.B51
Reading graphs...
35 : 118
35 : 118
Initializing...
maxdom : 8
D->valSize : 175
Solving...
Blb : 2 (clique : 13)
currentSize : 13 <-- 0.001133 s
currentSize : 14 <-- 0.001224 s
currentSize : 15 <-- 0.001978 s
currentSize : 16 <-- 0.002280 s
currentSize : 17 <-- 0.002582 s
currentSize : 18 <-- 0.003084 s
currentSize : 19 <-- 0.003449 s
currentSize : 20 <-- 0.006291 s
currentSize : 24 <-- 0.006343 s

maxsize : 24
nodes : 1357.000000
filtered : 16307.000000
time : 0.007190
