Parameters: GAD=1 vflib=1 dir=1 label=1 lowerbound=1 fileNameGp=../graphsdb/mcs70/bvg/b03/mcs70_b03_s70.A35 fileNameGt=../graphsdb/mcs70/bvg/b03/mcs70_b03_s70.B35
Reading graphs...
70 : 105
70 : 105
Initializing...
maxdom : 9
D->valSize : 361
Solving...
Blb : 2 (clique : 39)
currentSize : 39 <-- 0.003294 s
currentSize : 40 <-- 0.003565 s
currentSize : 41 <-- 0.003661 s
currentSize : 46 <-- 0.005015 s
currentSize : 47 <-- 0.009665 s
currentSize : 48 <-- 0.010064 s
currentSize : 49 <-- 0.010369 s

maxsize : 49
nodes : 1606120.000000
filtered : 9502998.000000
time : 7.583118
