Parameters: GAD=1 vflib=1 dir=1 label=1 lowerbound=1 fileNameGp=../graphsdb/mcs70/bvg/b06m/mcs70_b06m_s90.A31 fileNameGt=../graphsdb/mcs70/bvg/b06m/mcs70_b06m_s90.B31
Reading graphs...
90 : 270
90 : 270
Initializing...
maxdom : 8
D->valSize : 571
Solving...
Blb : 2 (clique : 41)
currentSize : 41 <-- 0.011372 s
currentSize : 42 <-- 0.011942 s
currentSize : 44 <-- 0.012429 s
currentSize : 45 <-- 0.012607 s
currentSize : 46 <-- 0.013035 s
currentSize : 47 <-- 0.013228 s
currentSize : 48 <-- 0.016158 s
currentSize : 49 <-- 0.022595 s
currentSize : 50 <-- 0.022839 s
currentSize : 53 <-- 0.023198 s
currentSize : 54 <-- 0.023497 s
currentSize : 55 <-- 0.024695 s
currentSize : 56 <-- 0.024991 s
currentSize : 60 <-- 29.350464 s
currentSize : 61 <-- 29.350700 s
currentSize : 62 <-- 29.353777 s
currentSize : 63 <-- 29.353977 s

maxsize : 63
nodes : 230197848.000000
filtered : 1258023573.000000
time : 1136.429077
