Parameters: GAD=1 vflib=1 dir=1 label=1 lowerbound=1 fileNameGp=../graphsdb/mcs70/m4D/m4D/mcs70_m4D_s25.A96 fileNameGt=../graphsdb/mcs70/m4D/m4D/mcs70_m4D_s25.B96
Reading graphs...
25 : 47
25 : 47
Initializing...
maxdom : 8
D->valSize : 162
Solving...
Blb : 2 (clique : 12)
currentSize : 12 <-- 0.001197 s
currentSize : 13 <-- 0.001296 s
currentSize : 14 <-- 0.011038 s
currentSize : 15 <-- 0.014304 s
currentSize : 16 <-- 0.014412 s

maxsize : 16
nodes : 4340.000000
filtered : 50557.000000
time : 0.023166
