Parameters: GAD=1 vflib=1 dir=1 label=1 lowerbound=1 fileNameGp=../graphsdb/mcs70/bvg/b06/mcs70_b06_s60.A32 fileNameGt=../graphsdb/mcs70/bvg/b06/mcs70_b06_s60.B32
Reading graphs...
60 : 180
60 : 180
Initializing...
maxdom : 7
D->valSize : 277
Solving...
Blb : 2 (clique : 17)
currentSize : 17 <-- 0.002129 s
currentSize : 18 <-- 0.002492 s
currentSize : 19 <-- 0.002627 s
currentSize : 21 <-- 0.002750 s
currentSize : 22 <-- 0.003107 s
currentSize : 25 <-- 0.003135 s
currentSize : 27 <-- 0.004197 s
currentSize : 28 <-- 0.071190 s
currentSize : 29 <-- 0.093699 s
currentSize : 30 <-- 0.195546 s
currentSize : 31 <-- 0.198069 s
currentSize : 32 <-- 0.198189 s
currentSize : 35 <-- 0.198605 s
currentSize : 39 <-- 0.381089 s
currentSize : 40 <-- 0.496424 s
currentSize : 42 <-- 0.496517 s

maxsize : 42
nodes : 131226.000000
filtered : 875428.000000
time : 0.540006
