Parameters: GAD=1 vflib=1 dir=1 label=1 lowerbound=1 fileNameGp=../graphsdb/mcs70/bvg/b03m/mcs70_b03m_s70.A25 fileNameGt=../graphsdb/mcs70/bvg/b03m/mcs70_b03m_s70.B25
Reading graphs...
70 : 105
70 : 105
Initializing...
maxdom : 7
D->valSize : 335
Solving...
Blb : 2 (clique : 39)
currentSize : 39 <-- 0.004824 s
currentSize : 40 <-- 0.005316 s
currentSize : 42 <-- 0.005577 s
currentSize : 43 <-- 0.145826 s
currentSize : 44 <-- 0.645928 s
currentSize : 45 <-- 3.162849 s
currentSize : 46 <-- 3.345752 s
currentSize : 47 <-- 18.059427 s
currentSize : 48 <-- 22.822519 s

maxsize : 48
nodes : 6467429.000000
filtered : 29298076.000000
time : 28.201567
