Parameters: GAD=1 vflib=1 dir=1 label=1 lowerbound=1 fileNameGp=../graphsdb/mcs70/m4D/m4D/mcs70_m4D_s25.A66 fileNameGt=../graphsdb/mcs70/m4D/m4D/mcs70_m4D_s25.B66
Reading graphs...
25 : 47
25 : 47
Initializing...
maxdom : 9
D->valSize : 149
Solving...
Blb : 3 (clique : 9)
currentSize : 9 <-- 0.001082 s
currentSize : 10 <-- 0.001164 s
currentSize : 11 <-- 0.001316 s
currentSize : 12 <-- 0.001398 s
currentSize : 13 <-- 0.005493 s
currentSize : 16 <-- 0.005530 s

maxsize : 16
nodes : 1318.000000
filtered : 15202.000000
time : 0.007975
