Parameters: GAD=1 vflib=1 dir=1 label=1 lowerbound=1 fileNameGp=../graphsdb/mcs70/m2D/m2D/mcs70_m2D_s35.A95 fileNameGt=../graphsdb/mcs70/m2D/m2D/mcs70_m2D_s35.B95
Reading graphs...
35 : 58
35 : 58
Initializing...
maxdom : 7
D->valSize : 180
Solving...
Blb : 2 (clique : 18)
currentSize : 18 <-- 0.001162 s
currentSize : 19 <-- 0.001318 s
currentSize : 20 <-- 0.001448 s
currentSize : 21 <-- 0.001819 s
currentSize : 22 <-- 0.002152 s
currentSize : 25 <-- 0.002366 s

maxsize : 25
nodes : 628.000000
filtered : 4125.000000
time : 0.003438
