Parameters: GAD=1 vflib=1 dir=1 label=1 lowerbound=1 fileNameGp=../graphsdb/mcs70/m2D/m2D/mcs70_m2D_s70.A56 fileNameGt=../graphsdb/mcs70/m2D/m2D/mcs70_m2D_s70.B56
Reading graphs...
70 : 123
70 : 123
Initializing...
maxdom : 8
D->valSize : 345
Solving...
Blb : 2 (clique : 34)
currentSize : 34 <-- 0.004965 s
currentSize : 38 <-- 0.005359 s
currentSize : 40 <-- 0.007630 s
currentSize : 41 <-- 0.008375 s
currentSize : 42 <-- 0.009910 s
currentSize : 43 <-- 0.010351 s
currentSize : 46 <-- 0.015326 s
currentSize : 47 <-- 0.015790 s
currentSize : 48 <-- 1.710561 s
currentSize : 49 <-- 1.710959 s

maxsize : 49
nodes : 646226.000000
filtered : 4028494.000000
time : 3.195534
