Parameters: GAD=1 vflib=1 dir=1 label=1 lowerbound=1 fileNameGp=../graphsdb/mcs70/m2D/m2Dr4/mcs70_m2Dr4_s50.A57 fileNameGt=../graphsdb/mcs70/m2D/m2Dr4/mcs70_m2Dr4_s50.B57
Reading graphs...
50 : 105
50 : 103
Initializing...
maxdom : 11
D->valSize : 380
Solving...
Blb : 2 (clique : 27)
currentSize : 27 <-- 0.003186 s
currentSize : 28 <-- 0.003393 s
currentSize : 29 <-- 0.003701 s
currentSize : 32 <-- 0.003740 s
currentSize : 36 <-- 0.024887 s

maxsize : 36
nodes : 37194.000000
filtered : 256094.000000
time : 0.144897
