Parameters: GAD=1 vflib=1 dir=1 label=1 lowerbound=1 fileNameGp=../graphsdb/mcs70/bvg/b09m/mcs70_b09m_s80.A51 fileNameGt=../graphsdb/mcs70/bvg/b09m/mcs70_b09m_s80.B51
Reading graphs...
80 : 360
80 : 360
Initializing...
maxdom : 7
D->valSize : 420
Solving...
Blb : 2 (clique : 38)
currentSize : 38 <-- 0.006391 s
currentSize : 39 <-- 0.006760 s
currentSize : 43 <-- 0.007015 s
currentSize : 44 <-- 0.007095 s
currentSize : 49 <-- 0.008066 s
currentSize : 50 <-- 0.008167 s
currentSize : 55 <-- 0.010599 s
currentSize : 56 <-- 0.010710 s

maxsize : 56
nodes : 1268156.000000
filtered : 5842023.000000
time : 5.570702
