Parameters: GAD=1 vflib=1 dir=1 label=1 lowerbound=1 fileNameGp=../graphsdb/mcs70/m2D/m2Dr4/mcs70_m2Dr4_s80.A67 fileNameGt=../graphsdb/mcs70/m2D/m2Dr4/mcs70_m2Dr4_s80.B67
Reading graphs...
80 : 174
80 : 174
Initializing...
maxdom : 7
D->valSize : 412
Solving...
Blb : 3 (clique : 37)
currentSize : 37 <-- 0.003981 s
currentSize : 38 <-- 0.004651 s
currentSize : 39 <-- 0.009156 s
currentSize : 41 <-- 0.009614 s
currentSize : 42 <-- 0.851813 s
currentSize : 44 <-- 0.851979 s
currentSize : 46 <-- 4.535555 s
currentSize : 47 <-- 4.554988 s
currentSize : 49 <-- 4.555118 s

maxsize : 49
nodes : 282169886.000000
filtered : 1042738337.000000
time : 1213.853394
