Parameters: GAD=1 vflib=1 dir=1 label=1 lowerbound=1 fileNameGp=../graphsdb/mcs70/m2D/m2Dr6/mcs70_m2Dr6_s80.A31 fileNameGt=../graphsdb/mcs70/m2D/m2Dr6/mcs70_m2Dr6_s80.B31
Reading graphs...
80 : 190
80 : 190
Initializing...
maxdom : 9
D->valSize : 453
Solving...
Blb : 2 (clique : 44)
currentSize : 44 <-- 0.004669 s
currentSize : 45 <-- 0.005027 s
currentSize : 46 <-- 0.007794 s
currentSize : 47 <-- 0.008069 s
currentSize : 48 <-- 0.008389 s
currentSize : 49 <-- 10.814808 s
currentSize : 50 <-- 10.815158 s

maxsize : 50
nodes : 14202959.000000
filtered : 83674027.000000
time : 68.245613
