Parameters: GAD=1 vflib=1 dir=1 label=1 lowerbound=1 fileNameGp=../graphsdb/mcs70/m2D/m2Dr4/mcs70_m2Dr4_s80.A76 fileNameGt=../graphsdb/mcs70/m2D/m2Dr4/mcs70_m2Dr4_s80.B76
Reading graphs...
80 : 174
80 : 173
Initializing...
maxdom : 9
D->valSize : 466
Solving...
Blb : 2 (clique : 42)
currentSize : 42 <-- 0.004752 s
currentSize : 43 <-- 0.005156 s
currentSize : 44 <-- 0.005505 s
currentSize : 45 <-- 0.008293 s
currentSize : 46 <-- 0.008667 s
currentSize : 47 <-- 0.010891 s
currentSize : 48 <-- 0.011275 s
currentSize : 50 <-- 0.013740 s
currentSize : 51 <-- 0.014087 s

maxsize : 51
nodes : 9814842.000000
filtered : 65732418.000000
time : 53.350887
