Parameters: GAD=1 vflib=1 dir=1 label=1 lowerbound=1 fileNameGp=../graphsdb/mcs70/bvg/b06m/mcs70_b06m_s100.A78 fileNameGt=../graphsdb/mcs70/bvg/b06m/mcs70_b06m_s100.B78
Reading graphs...
100 : 300
100 : 300
Initializing...
maxdom : 8
D->valSize : 366
Solving...
Blb : 3 (clique : 55)
currentSize : 55 <-- 0.006523 s
currentSize : 56 <-- 0.008595 s
currentSize : 60 <-- 0.009005 s
currentSize : 61 <-- 0.650334 s
currentSize : 64 <-- 0.650923 s
currentSize : 65 <-- 0.651179 s
currentSize : 66 <-- 6.655719 s
currentSize : 69 <-- 6.660266 s
currentSize : 70 <-- 6.661324 s

maxsize : 70
nodes : 4931314.000000
filtered : 19999302.000000
time : 26.213207
