Parameters: GAD=1 vflib=1 dir=1 label=1 lowerbound=1 fileNameGp=../graphsdb/mcs70/bvg/b06m/mcs70_b06m_s90.A42 fileNameGt=../graphsdb/mcs70/bvg/b06m/mcs70_b06m_s90.B42
Reading graphs...
90 : 270
90 : 270
Initializing...
maxdom : 12
D->valSize : 574
Solving...
Blb : 3 (clique : 34)
currentSize : 34 <-- 0.011274 s
currentSize : 35 <-- 0.388711 s
currentSize : 39 <-- 1.219721 s
currentSize : 40 <-- 2.438892 s
currentSize : 41 <-- 40.336887 s
currentSize : 42 <-- 55.266911 s
currentSize : 43 <-- 96.300339 s
currentSize : 48 <-- 297.232391 s
currentSize : 49 <-- 297.232635 s
currentSize : 50 <-- 373.229492 s
currentSize : 55 <-- 575.348389 s
currentSize : 57 <-- 575.348694 s
currentSize : 58 <-- 602.804199 s
currentSize : 59 <-- 624.601501 s
currentSize : 61 <-- 626.361816 s
currentSize : 63 <-- 630.338867 s

maxsize : 63
nodes : 104837079.000000
filtered : 1193734460.000000
time : 634.219421
