Parameters: GAD=1 vflib=1 dir=1 label=1 lowerbound=1 fileNameGp=../graphsdb/mcs70/m2D/m2Dr2/mcs70_m2Dr2_s70.A80 fileNameGt=../graphsdb/mcs70/m2D/m2Dr2/mcs70_m2Dr2_s70.B80
Reading graphs...
70 : 137
70 : 137
Initializing...
maxdom : 8
D->valSize : 349
Solving...
Blb : 2 (clique : 43)
currentSize : 43 <-- 0.003148 s
currentSize : 46 <-- 0.003467 s
currentSize : 47 <-- 0.003751 s
currentSize : 49 <-- 0.004121 s
currentSize : 50 <-- 0.101218 s

maxsize : 50
nodes : 86552.000000
filtered : 468674.000000
time : 0.393405
