Parameters: GAD=1 vflib=1 dir=1 label=1 lowerbound=1 fileNameGp=../graphsdb/mcs70/rand/r005/mcs70_r005_s100.A65 fileNameGt=../graphsdb/mcs70/rand/r005/mcs70_r005_s100.B65
Reading graphs...
100 : 494
100 : 494
Initializing...
maxdom : 6
D->valSize : 348
Solving...
Blb : 3 (clique : 56)
currentSize : 56 <-- 0.003757 s
currentSize : 58 <-- 0.025830 s
currentSize : 59 <-- 0.179661 s
currentSize : 61 <-- 0.252277 s
currentSize : 63 <-- 0.253036 s
currentSize : 70 <-- 0.253411 s

maxsize : 70
nodes : 43455.000000
filtered : 366709.000000
time : 0.287744
