Parameters: GAD=1 vflib=1 dir=1 label=1 lowerbound=1 fileNameGp=../graphsdb/mcs70/m2D/m2Dr4/mcs70_m2Dr4_s90.A07 fileNameGt=../graphsdb/mcs70/m2D/m2Dr4/mcs70_m2Dr4_s90.B07
Reading graphs...
90 : 197
90 : 194
Initializing...
maxdom : 8
D->valSize : 536
Solving...
Blb : 2 (clique : 53)
currentSize : 53 <-- 0.010667 s
currentSize : 54 <-- 789.706604 s
currentSize : 56 <-- 805.840271 s
currentSize : 57 <-- 806.952209 s
currentSize : 58 <-- 1051.138184 s
currentSize : 60 <-- 1051.186890 s
currentSize : 62 <-- 1065.021606 s
currentSize : 64 <-- 1065.048462 s

maxsize : 64
nodes : 275963530.000000
filtered : 1407843588.000000
time : 1355.736450
