Parameters: GAD=1 vflib=1 dir=1 label=1 lowerbound=1 fileNameGp=../graphsdb/mcs70/bvg/b03m/mcs70_b03m_s90.A76 fileNameGt=../graphsdb/mcs70/bvg/b03m/mcs70_b03m_s90.B76
Reading graphs...
90 : 135
90 : 135
Initializing...
maxdom : 9
D->valSize : 560
Solving...
Blb : 2 (clique : 51)
currentSize : 51 <-- 0.006993 s
currentSize : 53 <-- 0.007469 s
currentSize : 54 <-- 0.008150 s
currentSize : 55 <-- 0.010482 s
currentSize : 57 <-- 0.059100 s
currentSize : 58 <-- 0.060471 s
currentSize : 59 <-- 3.900251 s
currentSize : 60 <-- 3.901957 s
currentSize : 61 <-- 3.905636 s

TIMEOUT
maxsize : 61
nodes : 766102945.000000
filtered : 3223210036.000000
time : 3600.000000
