Parameters: GAD=1 vflib=1 dir=1 label=1 lowerbound=1 fileNameGp=../graphsdb/mcs70/bvg/b09m/mcs70_b09m_s80.A29 fileNameGt=../graphsdb/mcs70/bvg/b09m/mcs70_b09m_s80.B29
Reading graphs...
80 : 360
80 : 360
Initializing...
maxdom : 7
D->valSize : 425
Solving...
Blb : 3 (clique : 46)
currentSize : 46 <-- 0.004456 s
currentSize : 47 <-- 0.134645 s
currentSize : 49 <-- 0.138004 s
currentSize : 52 <-- 0.180073 s
currentSize : 56 <-- 0.182264 s

maxsize : 56
nodes : 278883.000000
filtered : 1774230.000000
time : 1.331703
