Parameters: GAD=1 vflib=1 dir=1 label=1 lowerbound=1 fileNameGp=../graphsdb/mcs70/m2D/m2Dr6/mcs70_m2Dr6_s60.A48 fileNameGt=../graphsdb/mcs70/m2D/m2Dr6/mcs70_m2Dr6_s60.B48
Reading graphs...
60 : 140
60 : 140
Initializing...
maxdom : 8
D->valSize : 287
Solving...
Blb : 2 (clique : 24)
currentSize : 24 <-- 0.002307 s
currentSize : 27 <-- 0.002483 s
currentSize : 28 <-- 0.002626 s
currentSize : 30 <-- 0.041329 s
currentSize : 31 <-- 0.159753 s
currentSize : 33 <-- 0.159786 s
currentSize : 34 <-- 0.784766 s
currentSize : 36 <-- 0.784807 s

maxsize : 36
nodes : 338791.000000
filtered : 2061636.000000
time : 1.370334
