Parameters: GAD=1 vflib=1 dir=1 label=1 lowerbound=1 fileNameGp=../graphsdb/mcs70/m2D/m2Dr4/mcs70_m2Dr4_s70.A18 fileNameGt=../graphsdb/mcs70/m2D/m2Dr4/mcs70_m2Dr4_s70.B18
Reading graphs...
70 : 151
70 : 149
Initializing...
maxdom : 7
D->valSize : 326
Solving...
Blb : 2 (clique : 37)
currentSize : 37 <-- 0.002967 s
currentSize : 41 <-- 0.003245 s
currentSize : 46 <-- 0.004589 s
currentSize : 47 <-- 0.011082 s
currentSize : 49 <-- 0.011202 s

maxsize : 49
nodes : 516076.000000
filtered : 2445435.000000
time : 2.252818
