Parameters: GAD=1 vflib=1 dir=1 label=1 lowerbound=1 fileNameGp=../graphsdb/mcs70/m2D/m2Dr4/mcs70_m2Dr4_s70.A76 fileNameGt=../graphsdb/mcs70/m2D/m2Dr4/mcs70_m2Dr4_s70.B76
Reading graphs...
70 : 151
70 : 151
Initializing...
maxdom : 9
D->valSize : 364
Solving...
Blb : 2 (clique : 33)
currentSize : 33 <-- 0.005334 s
currentSize : 35 <-- 0.168813 s
currentSize : 44 <-- 2.320805 s
currentSize : 45 <-- 3.305730 s
currentSize : 49 <-- 3.925137 s

maxsize : 49
nodes : 944695.000000
filtered : 6055543.000000
time : 4.414809
