Parameters: GAD=1 vflib=1 dir=1 label=1 lowerbound=1 fileNameGp=../graphsdb/mcs70/m2D/m2Dr4/mcs70_m2Dr4_s40.A47 fileNameGt=../graphsdb/mcs70/m2D/m2Dr4/mcs70_m2Dr4_s40.B47
Reading graphs...
40 : 83
40 : 82
Initializing...
maxdom : 9
D->valSize : 243
Solving...
Blb : 2 (clique : 15)
currentSize : 15 <-- 0.001427 s
currentSize : 16 <-- 0.001516 s
currentSize : 17 <-- 0.001559 s
currentSize : 18 <-- 0.001657 s
currentSize : 20 <-- 0.001724 s
currentSize : 21 <-- 0.035027 s
currentSize : 22 <-- 0.035122 s
currentSize : 23 <-- 0.060842 s
currentSize : 25 <-- 0.083813 s

maxsize : 25
nodes : 38859.000000
filtered : 348236.000000
time : 0.147336
