Parameters: GAD=1 vflib=1 dir=1 label=1 lowerbound=1 fileNameGp=../graphsdb/mcs70/rand/r01/mcs70_r01_s35.A62 fileNameGt=../graphsdb/mcs70/rand/r01/mcs70_r01_s35.B62
Reading graphs...
35 : 118
35 : 118
Initializing...
maxdom : 8
D->valSize : 165
Solving...
Blb : 3 (clique : 15)
currentSize : 15 <-- 0.000938 s
currentSize : 17 <-- 0.001842 s
currentSize : 18 <-- 0.003781 s
currentSize : 19 <-- 0.003893 s
currentSize : 24 <-- 0.003945 s

maxsize : 24
nodes : 999.000000
filtered : 11642.000000
time : 0.004600
