Parameters: GAD=1 vflib=1 dir=1 label=1 lowerbound=1 fileNameGp=../graphsdb/mcs70/bvg/b03/mcs70_b03_s50.A41 fileNameGt=../graphsdb/mcs70/bvg/b03/mcs70_b03_s50.B41
Reading graphs...
50 : 75
50 : 75
Initializing...
maxdom : 9
D->valSize : 340
Solving...
Blb : 2 (clique : 20)
currentSize : 20 <-- 0.002811 s
currentSize : 28 <-- 0.002947 s
currentSize : 29 <-- 0.002977 s
currentSize : 30 <-- 0.003444 s
currentSize : 31 <-- 0.003465 s
currentSize : 32 <-- 0.003541 s
currentSize : 33 <-- 0.007447 s
currentSize : 34 <-- 0.007488 s

maxsize : 34
nodes : 1202891.000000
filtered : 11945419.000000
time : 5.354023
