Parameters: GAD=1 vflib=1 dir=1 label=1 lowerbound=1 fileNameGp=../graphsdb/mcs70/m2D/m2Dr4/mcs70_m2Dr4_s70.A68 fileNameGt=../graphsdb/mcs70/m2D/m2Dr4/mcs70_m2Dr4_s70.B68
Reading graphs...
70 : 151
70 : 150
Initializing...
maxdom : 8
D->valSize : 362
Solving...
Blb : 2 (clique : 41)
currentSize : 41 <-- 0.003315 s
currentSize : 43 <-- 0.003554 s
currentSize : 45 <-- 0.003999 s
currentSize : 46 <-- 0.004281 s
currentSize : 47 <-- 0.227736 s
currentSize : 48 <-- 1.061916 s
currentSize : 49 <-- 1.062131 s

maxsize : 49
nodes : 403649.000000
filtered : 2084437.000000
time : 1.759244
