Parameters: GAD=1 vflib=1 dir=1 label=1 lowerbound=1 fileNameGp=../graphsdb/mcs70/m2D/m2Dr4/mcs70_m2Dr4_s80.A59 fileNameGt=../graphsdb/mcs70/m2D/m2Dr4/mcs70_m2Dr4_s80.B59
Reading graphs...
80 : 174
80 : 171
Initializing...
maxdom : 10
D->valSize : 453
Solving...
Blb : 2 (clique : 37)
currentSize : 37 <-- 0.004627 s
currentSize : 38 <-- 0.031625 s
currentSize : 39 <-- 38.736622 s
currentSize : 40 <-- 38.992008 s
currentSize : 41 <-- 112.903870 s
currentSize : 42 <-- 112.904350 s
currentSize : 43 <-- 112.906242 s
currentSize : 44 <-- 1859.843018 s
currentSize : 46 <-- 2332.611328 s
currentSize : 49 <-- 2332.669189 s
currentSize : 51 <-- 2524.046631 s

maxsize : 51
nodes : 474334848.000000
filtered : 4885209443.000000
time : 2718.644775
