Parameters: GAD=1 vflib=1 dir=1 label=1 lowerbound=1 fileNameGp=../graphsdb/mcs70/bvg/b06/mcs70_b06_s100.A49 fileNameGt=../graphsdb/mcs70/bvg/b06/mcs70_b06_s100.B49
Reading graphs...
100 : 300
100 : 300
Initializing...
maxdom : 7
D->valSize : 421
Solving...
Blb : 2 (clique : 59)
currentSize : 59 <-- 0.004602 s
currentSize : 61 <-- 0.005004 s
currentSize : 64 <-- 0.016874 s
currentSize : 66 <-- 0.017097 s
currentSize : 68 <-- 2.977207 s
currentSize : 70 <-- 2.977509 s

maxsize : 70
nodes : 3780814.000000
filtered : 21081252.000000
time : 20.905050
