Parameters: GAD=1 vflib=1 dir=1 label=1 lowerbound=1 fileNameGp=../graphsdb/mcs70/m2D/m2Dr2/mcs70_m2Dr2_s90.A59 fileNameGt=../graphsdb/mcs70/m2D/m2Dr2/mcs70_m2Dr2_s90.B59
Reading graphs...
90 : 179
90 : 179
Initializing...
maxdom : 11
D->valSize : 562
Solving...
Blb : 2 (clique : 37)
currentSize : 37 <-- 0.006991 s
currentSize : 44 <-- 0.007312 s
currentSize : 46 <-- 0.007396 s
currentSize : 49 <-- 0.007506 s
currentSize : 52 <-- 0.007891 s
currentSize : 54 <-- 0.008259 s
currentSize : 56 <-- 113.781693 s
currentSize : 57 <-- 387.946350 s
currentSize : 58 <-- 399.723297 s
currentSize : 59 <-- 661.150940 s
currentSize : 62 <-- 661.376892 s
currentSize : 64 <-- 661.377014 s

maxsize : 64
nodes : 127525426.000000
filtered : 715200245.000000
time : 691.967957
