Parameters: GAD=1 vflib=1 dir=1 label=1 lowerbound=1 fileNameGp=../graphsdb/mcs70/bvg/b03/mcs70_b03_s70.A45 fileNameGt=../graphsdb/mcs70/bvg/b03/mcs70_b03_s70.B45
Reading graphs...
70 : 105
70 : 105
Initializing...
maxdom : 7
D->valSize : 352
Solving...
Blb : 2 (clique : 38)
currentSize : 38 <-- 0.003231 s
currentSize : 40 <-- 0.172349 s
currentSize : 41 <-- 0.172405 s
currentSize : 42 <-- 1.284707 s
currentSize : 43 <-- 1.284843 s
currentSize : 46 <-- 2.297262 s
currentSize : 47 <-- 2.297601 s
currentSize : 49 <-- 46.255623 s
currentSize : 50 <-- 46.257191 s

maxsize : 50
nodes : 25144281.000000
filtered : 107387004.000000
time : 103.762466
