Parameters: GAD=1 vflib=1 dir=1 label=1 lowerbound=1 fileNameGp=../graphsdb/mcs70/m2D/m2Dr4/mcs70_m2Dr4_s50.A36 fileNameGt=../graphsdb/mcs70/m2D/m2Dr4/mcs70_m2Dr4_s50.B36
Reading graphs...
50 : 105
50 : 104
Initializing...
maxdom : 9
D->valSize : 329
Solving...
Blb : 2 (clique : 22)
currentSize : 22 <-- 0.003889 s
currentSize : 24 <-- 0.004069 s
currentSize : 26 <-- 0.004767 s
currentSize : 27 <-- 0.035641 s
currentSize : 28 <-- 0.063455 s
currentSize : 31 <-- 0.849538 s
currentSize : 32 <-- 0.849816 s
currentSize : 33 <-- 0.850163 s
currentSize : 36 <-- 0.850380 s

maxsize : 36
nodes : 182751.000000
filtered : 2155811.000000
time : 0.892086
