Parameters: GAD=1 vflib=1 dir=1 label=1 lowerbound=1 fileNameGp=../graphsdb/mcs70/bvg/b09m/mcs70_b09m_s35.A78 fileNameGt=../graphsdb/mcs70/bvg/b09m/mcs70_b09m_s35.B78
Reading graphs...
35 : 157
35 : 157
Initializing...
maxdom : 9
D->valSize : 198
Solving...
Blb : 2 (clique : 7)
currentSize : 7 <-- 0.001155 s
currentSize : 9 <-- 0.001300 s
currentSize : 13 <-- 0.001502 s
currentSize : 14 <-- 0.001600 s
currentSize : 15 <-- 0.002487 s
currentSize : 20 <-- 0.002763 s
currentSize : 24 <-- 0.004124 s

maxsize : 24
nodes : 1087.000000
filtered : 13875.000000
time : 0.005652
