Parameters: GAD=1 vflib=1 dir=1 label=1 lowerbound=1 fileNameGp=../graphsdb/mcs70/m2D/m2Dr4/mcs70_m2Dr4_s50.A28 fileNameGt=../graphsdb/mcs70/m2D/m2Dr4/mcs70_m2Dr4_s50.B28
Reading graphs...
50 : 105
50 : 105
Initializing...
maxdom : 9
D->valSize : 333
Solving...
Blb : 2 (clique : 24)
currentSize : 24 <-- 0.002418 s
currentSize : 25 <-- 0.076645 s
currentSize : 26 <-- 0.076955 s
currentSize : 27 <-- 0.078087 s
currentSize : 29 <-- 0.103057 s
currentSize : 32 <-- 0.103256 s
currentSize : 33 <-- 0.104570 s
currentSize : 34 <-- 0.155994 s
currentSize : 35 <-- 0.161840 s
currentSize : 36 <-- 0.292379 s

maxsize : 36
nodes : 92063.000000
filtered : 846628.000000
time : 0.394871
