Parameters: GAD=1 vflib=1 dir=1 label=1 lowerbound=1 fileNameGp=../graphsdb/mcs70/rand/r02/mcs70_r02_s70.A45 fileNameGt=../graphsdb/mcs70/rand/r02/mcs70_r02_s70.B45
Reading graphs...
70 : 965
70 : 965
Initializing...
maxdom : 8
D->valSize : 354
Solving...
Blb : 2 (clique : 14)
currentSize : 14 <-- 0.002923 s
currentSize : 15 <-- 0.004007 s
currentSize : 24 <-- 0.005032 s
currentSize : 26 <-- 0.005625 s
currentSize : 27 <-- 0.007414 s
currentSize : 49 <-- 0.008084 s

maxsize : 49
nodes : 1062.000000
filtered : 26011.000000
time : 0.009045
