Parameters: GAD=1 vflib=1 dir=1 label=1 lowerbound=1 fileNameGp=../graphsdb/mcs70/bvg/b09/mcs70_b09_s80.A77 fileNameGt=../graphsdb/mcs70/bvg/b09/mcs70_b09_s80.B77
Reading graphs...
80 : 360
80 : 360
Initializing...
maxdom : 8
D->valSize : 438
Solving...
Blb : 2 (clique : 27)
currentSize : 27 <-- 0.004168 s
currentSize : 34 <-- 0.005321 s
currentSize : 43 <-- 3.251081 s
currentSize : 45 <-- 3.251334 s
currentSize : 56 <-- 11.092930 s

maxsize : 56
nodes : 2696376.000000
filtered : 13011947.000000
time : 12.198506
