Parameters: GAD=1 vflib=1 dir=1 label=1 lowerbound=1 fileNameGp=../graphsdb/mcs70/m2D/m2Dr4/mcs70_m2Dr4_s70.A14 fileNameGt=../graphsdb/mcs70/m2D/m2Dr4/mcs70_m2Dr4_s70.B14
Reading graphs...
70 : 151
70 : 150
Initializing...
maxdom : 10
D->valSize : 342
Solving...
Blb : 3 (clique : 44)
currentSize : 44 <-- 0.004897 s
currentSize : 45 <-- 0.007920 s
currentSize : 46 <-- 0.008174 s
currentSize : 47 <-- 0.008414 s
currentSize : 48 <-- 0.008542 s
currentSize : 49 <-- 0.008868 s

maxsize : 49
nodes : 174152.000000
filtered : 947103.000000
time : 0.803642
