Parameters: GAD=1 vflib=1 dir=1 label=1 lowerbound=1 fileNameGp=../graphsdb/mcs70/m2D/m2Dr4/mcs70_m2Dr4_s50.A45 fileNameGt=../graphsdb/mcs70/m2D/m2Dr4/mcs70_m2Dr4_s50.B45
Reading graphs...
50 : 105
50 : 105
Initializing...
maxdom : 9
D->valSize : 324
Solving...
Blb : 2 (clique : 25)
currentSize : 25 <-- 0.003840 s
currentSize : 26 <-- 0.006724 s
currentSize : 28 <-- 0.006922 s
currentSize : 29 <-- 0.008619 s
currentSize : 30 <-- 0.025089 s
currentSize : 31 <-- 0.120284 s
currentSize : 34 <-- 0.120402 s
currentSize : 35 <-- 0.129399 s
currentSize : 36 <-- 0.160849 s

maxsize : 36
nodes : 39284.000000
filtered : 475493.000000
time : 0.205761
