Parameters: GAD=1 vflib=1 dir=1 label=1 lowerbound=1 fileNameGp=../graphsdb/mcs70/bvg/b03/mcs70_b03_s90.A93 fileNameGt=../graphsdb/mcs70/bvg/b03/mcs70_b03_s90.B93
Reading graphs...
90 : 135
90 : 135
Initializing...
maxdom : 9
D->valSize : 554
Solving...
Blb : 2 (clique : 54)
currentSize : 54 <-- 0.006700 s
currentSize : 55 <-- 0.009111 s
currentSize : 56 <-- 0.013703 s
currentSize : 58 <-- 0.014561 s
currentSize : 60 <-- 400.818756 s
currentSize : 61 <-- 400.819000 s
currentSize : 62 <-- 1196.324463 s

TIMEOUT
maxsize : 62
nodes : 663874889.000000
filtered : 4422118385.000000
time : 3600.000000
