Parameters: GAD=1 vflib=1 dir=1 label=1 lowerbound=1 fileNameGp=../graphsdb/mcs70/rand/r02/mcs70_r02_s70.A84 fileNameGt=../graphsdb/mcs70/rand/r02/mcs70_r02_s70.B84
Reading graphs...
70 : 965
70 : 965
Initializing...
maxdom : 9
D->valSize : 349
Solving...
Blb : 2 (clique : 8)
currentSize : 8 <-- 0.002718 s
currentSize : 10 <-- 0.002801 s
currentSize : 12 <-- 0.002834 s
currentSize : 19 <-- 0.004263 s
currentSize : 49 <-- 0.005316 s

maxsize : 49
nodes : 779.000000
filtered : 19511.000000
time : 0.007137
