Parameters: GAD=1 vflib=1 dir=1 label=1 lowerbound=1 fileNameGp=../graphsdb/mcs70/bvg/b09/mcs70_b09_s90.A23 fileNameGt=../graphsdb/mcs70/bvg/b09/mcs70_b09_s90.B23
Reading graphs...
90 : 405
90 : 405
Initializing...
maxdom : 9
D->valSize : 556
Solving...
Blb : 3 (clique : 41)
currentSize : 41 <-- 0.006396 s
currentSize : 42 <-- 0.314925 s
currentSize : 44 <-- 0.315130 s
currentSize : 46 <-- 0.317780 s
currentSize : 47 <-- 0.319446 s
currentSize : 48 <-- 37.339565 s
currentSize : 55 <-- 105.836243 s
currentSize : 57 <-- 105.836395 s
currentSize : 59 <-- 105.836609 s
currentSize : 60 <-- 105.837288 s
currentSize : 62 <-- 105.838608 s

maxsize : 62
nodes : 23102137.000000
filtered : 154315565.000000
time : 123.014557
