Parameters: GAD=1 vflib=1 dir=1 label=1 lowerbound=1 fileNameGp=../graphsdb/mcs70/bvg/b06/mcs70_b06_s70.A36 fileNameGt=../graphsdb/mcs70/bvg/b06/mcs70_b06_s70.B36
Reading graphs...
70 : 210
70 : 210
Initializing...
maxdom : 11
D->valSize : 386
Solving...
Blb : 2 (clique : 36)
currentSize : 36 <-- 0.003461 s
currentSize : 39 <-- 0.004637 s
currentSize : 42 <-- 0.004807 s
currentSize : 44 <-- 0.014608 s
currentSize : 47 <-- 0.014731 s
currentSize : 49 <-- 0.014926 s

maxsize : 49
nodes : 218444.000000
filtered : 1956309.000000
time : 1.113257
