Parameters: GAD=1 vflib=1 dir=1 label=1 lowerbound=1 fileNameGp=../graphsdb/mcs70/rand/r02/mcs70_r02_s100.A86 fileNameGt=../graphsdb/mcs70/rand/r02/mcs70_r02_s100.B86
Reading graphs...
100 : 1979
100 : 1979
Initializing...
maxdom : 10
D->valSize : 373
Solving...
Blb : 2 (clique : 8)
currentSize : 8 <-- 0.003425 s
currentSize : 12 <-- 0.003538 s
currentSize : 16 <-- 0.003606 s
currentSize : 19 <-- 0.004475 s
currentSize : 32 <-- 0.005119 s
currentSize : 40 <-- 0.006580 s
currentSize : 41 <-- 0.009129 s
currentSize : 70 <-- 0.010231 s

maxsize : 70
nodes : 1201.000000
filtered : 22622.000000
time : 0.012061
