Parameters: GAD=1 vflib=1 dir=1 label=1 lowerbound=1 fileNameGp=../graphsdb/mcs70/rand/r005/mcs70_r005_s80.A39 fileNameGt=../graphsdb/mcs70/rand/r005/mcs70_r005_s80.B39
Reading graphs...
80 : 315
80 : 315
Initializing...
maxdom : 10
D->valSize : 452
Solving...
Blb : 2 (clique : 33)
currentSize : 33 <-- 0.004486 s
currentSize : 38 <-- 0.005056 s
currentSize : 44 <-- 0.017102 s
currentSize : 48 <-- 0.025387 s
currentSize : 56 <-- 0.029476 s

maxsize : 56
nodes : 30630.000000
filtered : 354231.000000
time : 0.181391
