Parameters: GAD=1 vflib=1 dir=1 label=1 lowerbound=1 fileNameGp=../graphsdb/mcs70/rand/r01/mcs70_r01_s25.A57 fileNameGt=../graphsdb/mcs70/rand/r01/mcs70_r01_s25.B57
Reading graphs...
25 : 59
25 : 59
Initializing...
maxdom : 8
D->valSize : 169
Solving...
Blb : 5 (clique : 10)
currentSize : 10 <-- 0.000861 s
currentSize : 11 <-- 0.000921 s
currentSize : 12 <-- 0.001656 s
currentSize : 13 <-- 0.001993 s
currentSize : 15 <-- 0.002861 s
currentSize : 17 <-- 0.002894 s

maxsize : 17
nodes : 670.000000
filtered : 9930.000000
time : 0.003176
