Parameters: GAD=1 vflib=1 dir=1 label=1 lowerbound=1 fileNameGp=../graphsdb/mcs70/rand/r001/mcs70_r001_s100.A58 fileNameGt=../graphsdb/mcs70/rand/r001/mcs70_r001_s100.B58
Reading graphs...
100 : 120
100 : 120
Initializing...
maxdom : 7
D->valSize : 369
Solving...
Blb : 2 (clique : 57)
currentSize : 57 <-- 0.004186 s
currentSize : 58 <-- 0.004745 s
currentSize : 59 <-- 0.005266 s
currentSize : 60 <-- 0.009803 s
currentSize : 61 <-- 0.011135 s
currentSize : 62 <-- 0.085577 s
currentSize : 63 <-- 0.086674 s
currentSize : 64 <-- 0.700678 s
currentSize : 65 <-- 60.650017 s
currentSize : 66 <-- 61.600258 s
currentSize : 67 <-- 206.733215 s
currentSize : 68 <-- 206.927536 s
currentSize : 69 <-- 207.008636 s
currentSize : 70 <-- 207.847687 s
currentSize : 71 <-- 207.966324 s

maxsize : 71
nodes : 72394013.000000
filtered : 205345052.000000
time : 350.728333
