Parameters: GAD=1 vflib=1 dir=1 label=1 lowerbound=1 fileNameGp=../graphsdb/mcs70/m2D/m2Dr6/mcs70_m2Dr6_s70.A91 fileNameGt=../graphsdb/mcs70/m2D/m2Dr6/mcs70_m2Dr6_s70.B91
Reading graphs...
70 : 165
70 : 163
Initializing...
maxdom : 6
D->valSize : 333
Solving...
Blb : 2 (clique : 31)
currentSize : 31 <-- 0.002825 s
currentSize : 32 <-- 0.003058 s
currentSize : 33 <-- 0.003155 s
currentSize : 35 <-- 0.003410 s
currentSize : 36 <-- 0.003732 s
currentSize : 37 <-- 0.004130 s
currentSize : 38 <-- 0.004464 s
currentSize : 40 <-- 0.431175 s
currentSize : 41 <-- 0.431457 s
currentSize : 42 <-- 0.433188 s
currentSize : 43 <-- 0.480103 s
currentSize : 44 <-- 0.481248 s
currentSize : 45 <-- 1.438005 s
currentSize : 47 <-- 1.439480 s
currentSize : 49 <-- 1.460599 s

maxsize : 49
nodes : 686670.000000
filtered : 3283676.000000
time : 3.027760
