Parameters: GAD=1 vflib=1 dir=1 label=1 lowerbound=1 fileNameGp=../graphsdb/mcs70/bvg/b06m/mcs70_b06m_s70.A10 fileNameGt=../graphsdb/mcs70/bvg/b06m/mcs70_b06m_s70.B10
Reading graphs...
70 : 210
70 : 210
Initializing...
maxdom : 8
D->valSize : 354
Solving...
Blb : 3 (clique : 35)
currentSize : 35 <-- 0.004880 s
currentSize : 36 <-- 0.272687 s
currentSize : 37 <-- 0.272749 s
currentSize : 40 <-- 0.275111 s
currentSize : 44 <-- 0.275292 s
currentSize : 45 <-- 0.358793 s
currentSize : 49 <-- 0.372452 s

maxsize : 49
nodes : 72950.000000
filtered : 516809.000000
time : 0.442727
