Parameters: GAD=1 vflib=1 dir=1 label=1 lowerbound=1 fileNameGp=../graphsdb/mcs70/m3D/m3Dr4/mcs70_m3Dr4_s100.A98 fileNameGt=../graphsdb/mcs70/m3D/m3Dr4/mcs70_m3Dr4_s100.B98
Reading graphs...
100 : 275
100 : 275
Initializing...
maxdom : 8
D->valSize : 373
Solving...
Blb : 3 (clique : 40)
currentSize : 40 <-- 0.003956 s
currentSize : 41 <-- 0.023843 s
currentSize : 42 <-- 0.026202 s
currentSize : 44 <-- 0.026277 s
currentSize : 45 <-- 0.026707 s
currentSize : 46 <-- 2.809284 s
currentSize : 50 <-- 2.810052 s
currentSize : 52 <-- 2.810156 s
currentSize : 55 <-- 6.896222 s
currentSize : 57 <-- 6.896339 s
currentSize : 58 <-- 12.762142 s
currentSize : 64 <-- 19.015944 s

maxsize : 64
nodes : 4978508.000000
filtered : 17850988.000000
time : 25.274456
