Parameters: GAD=1 vflib=1 dir=1 label=1 lowerbound=1 fileNameGp=../graphsdb/mcs70/bvg/b09/mcs70_b09_s30.A51 fileNameGt=../graphsdb/mcs70/bvg/b09/mcs70_b09_s30.B51
Reading graphs...
30 : 135
30 : 135
Initializing...
maxdom : 5
D->valSize : 115
Solving...
Blb : 3 (clique : 8)
currentSize : 8 <-- 0.000644 s
currentSize : 9 <-- 0.001078 s
currentSize : 10 <-- 0.001114 s
currentSize : 14 <-- 0.001564 s
currentSize : 17 <-- 0.001599 s
currentSize : 20 <-- 0.001919 s

maxsize : 20
nodes : 560.000000
filtered : 4639.000000
time : 0.002253
