Parameters: GAD=1 vflib=1 dir=1 label=1 lowerbound=1 fileNameGp=../graphsdb/mcs70/bvg/b03m/mcs70_b03m_s70.A69 fileNameGt=../graphsdb/mcs70/bvg/b03m/mcs70_b03m_s70.B69
Reading graphs...
70 : 105
70 : 105
Initializing...
maxdom : 8
D->valSize : 342
Solving...
Blb : 2 (clique : 35)
currentSize : 35 <-- 0.004983 s
currentSize : 36 <-- 0.118557 s
currentSize : 37 <-- 0.118745 s
currentSize : 38 <-- 0.383524 s
currentSize : 39 <-- 1.238508 s
currentSize : 40 <-- 1.381218 s
currentSize : 41 <-- 1.759465 s
currentSize : 42 <-- 2.374454 s
currentSize : 44 <-- 2.374710 s
currentSize : 45 <-- 2.628276 s
currentSize : 46 <-- 2.785062 s
currentSize : 47 <-- 2.891856 s
currentSize : 48 <-- 3.332212 s
currentSize : 49 <-- 3.332580 s
currentSize : 50 <-- 3.332757 s
currentSize : 51 <-- 4.360604 s

maxsize : 51
nodes : 1041142.000000
filtered : 5658964.000000
time : 4.939742
