Parameters: GAD=1 vflib=1 dir=1 label=1 lowerbound=1 fileNameGp=../graphsdb/mcs70/m2D/m2Dr4/mcs70_m2Dr4_s90.A79 fileNameGt=../graphsdb/mcs70/m2D/m2Dr4/mcs70_m2Dr4_s90.B79
Reading graphs...
90 : 197
90 : 195
Initializing...
maxdom : 9
D->valSize : 540
Solving...
Blb : 2 (clique : 61)
currentSize : 61 <-- 0.006512 s
currentSize : 63 <-- 429.158569 s
currentSize : 64 <-- 429.158905 s
currentSize : 65 <-- 603.920654 s
currentSize : 66 <-- 603.922546 s

maxsize : 66
nodes : 147340548.000000
filtered : 567529615.000000
time : 659.880127
