Parameters: GAD=1 vflib=1 dir=1 label=1 lowerbound=1 fileNameGp=../graphsdb/mcs70/m2D/m2Dr6/mcs70_m2Dr6_s100.A02 fileNameGt=../graphsdb/mcs70/m2D/m2Dr6/mcs70_m2Dr6_s100.B02
Reading graphs...
100 : 240
100 : 240
Initializing...
maxdom : 6
D->valSize : 362
Solving...
Blb : 2 (clique : 38)
currentSize : 38 <-- 0.004058 s
currentSize : 39 <-- 0.016777 s
currentSize : 40 <-- 0.018041 s
currentSize : 41 <-- 0.025077 s
currentSize : 42 <-- 0.025888 s
currentSize : 43 <-- 0.030856 s
currentSize : 44 <-- 0.339158 s
currentSize : 45 <-- 0.351124 s
currentSize : 46 <-- 1.653628 s
currentSize : 47 <-- 5.841769 s
currentSize : 48 <-- 5.849440 s
currentSize : 49 <-- 6.142317 s
currentSize : 50 <-- 7.278124 s
currentSize : 51 <-- 11.299346 s
currentSize : 52 <-- 32.699394 s
currentSize : 55 <-- 32.784389 s
currentSize : 56 <-- 33.605408 s
currentSize : 59 <-- 69.078491 s
currentSize : 61 <-- 69.079155 s
currentSize : 62 <-- 69.089272 s
currentSize : 63 <-- 73.124939 s
currentSize : 64 <-- 73.125481 s

maxsize : 64
nodes : 232294669.000000
filtered : 953676616.000000
time : 1201.310059
