Parameters: GAD=1 vflib=1 dir=1 label=1 lowerbound=1 fileNameGp=../graphsdb/mcs70/rand/r005/mcs70_r005_s50.A78 fileNameGt=../graphsdb/mcs70/rand/r005/mcs70_r005_s50.B78
Reading graphs...
50 : 121
50 : 121
Initializing...
maxdom : 13
D->valSize : 413
Solving...
Blb : 5 (clique : 20)
currentSize : 20 <-- 0.003253 s
currentSize : 21 <-- 0.004478 s
currentSize : 23 <-- 0.014384 s
currentSize : 24 <-- 0.066352 s
currentSize : 29 <-- 0.096893 s
currentSize : 31 <-- 0.215817 s
currentSize : 35 <-- 0.235082 s

maxsize : 35
nodes : 51852.000000
filtered : 644787.000000
time : 0.251681
