Parameters: GAD=1 vflib=1 dir=1 label=1 lowerbound=1 fileNameGp=../graphsdb/mcs70/bvg/b06m/mcs70_b06m_s50.A01 fileNameGt=../graphsdb/mcs70/bvg/b06m/mcs70_b06m_s50.B01
Reading graphs...
50 : 150
50 : 150
Initializing...
maxdom : 9
D->valSize : 321
Solving...
Blb : 3 (clique : 20)
currentSize : 20 <-- 0.003632 s
currentSize : 26 <-- 0.065552 s
currentSize : 27 <-- 0.099820 s
currentSize : 29 <-- 0.122275 s
currentSize : 30 <-- 0.122438 s
currentSize : 31 <-- 0.199424 s
currentSize : 32 <-- 0.199633 s
currentSize : 34 <-- 0.199745 s
currentSize : 35 <-- 0.252871 s

maxsize : 35
nodes : 49063.000000
filtered : 553022.000000
time : 0.261653
