Parameters: GAD=1 vflib=1 dir=1 label=1 lowerbound=1 fileNameGp=../graphsdb/mcs70/bvg/b03m/mcs70_b03m_s100.A89 fileNameGt=../graphsdb/mcs70/bvg/b03m/mcs70_b03m_s100.B89
Reading graphs...
100 : 150
100 : 150
Initializing...
maxdom : 7
D->valSize : 377
Solving...
Blb : 2 (clique : 56)
currentSize : 56 <-- 0.004184 s
currentSize : 57 <-- 0.047236 s
currentSize : 58 <-- 0.099133 s
currentSize : 59 <-- 0.326250 s
currentSize : 60 <-- 1.772684 s
currentSize : 61 <-- 1.841849 s
currentSize : 62 <-- 1.920921 s
currentSize : 63 <-- 2.830779 s
currentSize : 65 <-- 164.981003 s
currentSize : 66 <-- 165.047897 s
currentSize : 67 <-- 270.348267 s
currentSize : 68 <-- 870.022034 s
currentSize : 69 <-- 870.029724 s
currentSize : 70 <-- 870.063843 s

maxsize : 70
nodes : 253566486.000000
filtered : 651891056.000000
time : 1192.558472
