Parameters: GAD=1 vflib=1 dir=1 label=1 lowerbound=1 fileNameGp=../graphsdb/mcs70/rand/r005/mcs70_r005_s60.A09 fileNameGt=../graphsdb/mcs70/rand/r005/mcs70_r005_s60.B09
Reading graphs...
60 : 176
60 : 176
Initializing...
maxdom : 7
D->valSize : 259
Solving...
Blb : 2 (clique : 22)
currentSize : 22 <-- 0.002952 s
currentSize : 23 <-- 0.004531 s
currentSize : 24 <-- 0.004777 s
currentSize : 25 <-- 0.005512 s
currentSize : 26 <-- 0.012867 s
currentSize : 29 <-- 0.025418 s
currentSize : 31 <-- 0.051482 s
currentSize : 32 <-- 0.061818 s
currentSize : 33 <-- 0.109518 s
currentSize : 36 <-- 0.109593 s
currentSize : 39 <-- 0.135509 s
currentSize : 42 <-- 0.135589 s

maxsize : 42
nodes : 31794.000000
filtered : 242286.000000
time : 0.160400
