Parameters: GAD=1 vflib=1 dir=1 label=1 lowerbound=1 fileNameGp=../graphsdb/mcs70/m2D/m2D/mcs70_m2D_s90.A33 fileNameGt=../graphsdb/mcs70/m2D/m2D/mcs70_m2D_s90.B33
Reading graphs...
90 : 161
90 : 161
Initializing...
maxdom : 11
D->valSize : 577
Solving...
Blb : 2 (clique : 51)
currentSize : 51 <-- 0.012356 s
currentSize : 52 <-- 0.013078 s
currentSize : 53 <-- 0.014142 s
currentSize : 54 <-- 0.017068 s
currentSize : 55 <-- 0.017300 s
currentSize : 56 <-- 0.018765 s
currentSize : 57 <-- 0.019058 s

TIMEOUT
maxsize : 57
nodes : 764839639.000000
filtered : 3791327781.000000
time : 3600.000000
