Parameters: GAD=1 vflib=1 dir=1 label=1 lowerbound=1 fileNameGp=../graphsdb/mcs70/m3D/m3Dr2/mcs70_m3Dr2_s90.A03 fileNameGt=../graphsdb/mcs70/m3D/m3Dr2/mcs70_m3Dr2_s90.B03
Reading graphs...
90 : 227
90 : 227
Initializing...
maxdom : 10
D->valSize : 598
Solving...
Blb : 2 (clique : 46)
currentSize : 46 <-- 0.007541 s
currentSize : 47 <-- 8.515793 s
currentSize : 48 <-- 8.613528 s
currentSize : 49 <-- 216.592102 s
currentSize : 50 <-- 216.592667 s
currentSize : 51 <-- 216.594971 s
currentSize : 52 <-- 321.053223 s
currentSize : 57 <-- 321.059113 s
currentSize : 59 <-- 321.059265 s
currentSize : 62 <-- 537.569458 s
currentSize : 64 <-- 537.569702 s

maxsize : 64
nodes : 112973310.000000
filtered : 779857690.000000
time : 601.087769
