Parameters: GAD=1 vflib=1 dir=1 label=1 lowerbound=1 fileNameGp=../graphsdb/mcs70/m2D/m2D/mcs70_m2D_s80.A77 fileNameGt=../graphsdb/mcs70/m2D/m2D/mcs70_m2D_s80.B77
Reading graphs...
80 : 142
80 : 142
Initializing...
maxdom : 8
D->valSize : 444
Solving...
Blb : 2 (clique : 39)
currentSize : 39 <-- 0.004687 s
currentSize : 40 <-- 0.005140 s
currentSize : 41 <-- 0.005391 s
currentSize : 42 <-- 0.006974 s
currentSize : 43 <-- 0.007077 s
currentSize : 44 <-- 0.007216 s
currentSize : 45 <-- 0.011513 s
currentSize : 46 <-- 0.537957 s
currentSize : 47 <-- 0.538063 s
currentSize : 48 <-- 0.851005 s
currentSize : 49 <-- 139.910980 s
currentSize : 50 <-- 139.911163 s
currentSize : 51 <-- 140.707718 s

maxsize : 51
nodes : 166948165.000000
filtered : 1370704202.000000
time : 928.482605
