Parameters: GAD=1 vflib=1 dir=1 label=1 lowerbound=1 fileNameGp=../graphsdb/mcs70/m2D/m2Dr2/mcs70_m2Dr2_s90.A01 fileNameGt=../graphsdb/mcs70/m2D/m2Dr2/mcs70_m2Dr2_s90.B01
Reading graphs...
90 : 179
90 : 179
Initializing...
maxdom : 12
D->valSize : 596
Solving...
Blb : 2 (clique : 45)
currentSize : 45 <-- 0.007406 s
currentSize : 53 <-- 0.007772 s
currentSize : 54 <-- 0.008383 s
currentSize : 55 <-- 0.008781 s
currentSize : 56 <-- 9.313941 s
currentSize : 57 <-- 62.291088 s
currentSize : 58 <-- 62.291615 s
currentSize : 59 <-- 62.291916 s
currentSize : 60 <-- 70.504395 s
currentSize : 62 <-- 435.054626 s
currentSize : 63 <-- 555.887878 s
currentSize : 64 <-- 912.739258 s

maxsize : 64
nodes : 238654179.000000
filtered : 1370448839.000000
time : 1255.850220
