Parameters: GAD=1 vflib=1 dir=1 label=1 lowerbound=1 fileNameGp=../graphsdb/mcs70/m3D/m3Dr4/mcs70_m3Dr4_s40.A48 fileNameGt=../graphsdb/mcs70/m3D/m3Dr4/mcs70_m3Dr4_s40.B48
Reading graphs...
40 : 100
40 : 100
Initializing...
maxdom : 7
D->valSize : 223
Solving...
Blb : 2 (clique : 12)
currentSize : 12 <-- 0.001223 s
currentSize : 15 <-- 0.001290 s
currentSize : 16 <-- 0.001336 s
currentSize : 17 <-- 0.001429 s
currentSize : 18 <-- 0.003577 s
currentSize : 19 <-- 0.011064 s
currentSize : 20 <-- 0.011137 s
currentSize : 21 <-- 0.011217 s
currentSize : 22 <-- 0.011342 s
currentSize : 24 <-- 0.016115 s
currentSize : 25 <-- 0.016290 s
currentSize : 27 <-- 0.016454 s

maxsize : 27
nodes : 6022.000000
filtered : 57451.000000
time : 0.024766
