Parameters: GAD=1 vflib=1 dir=1 label=1 lowerbound=1 fileNameGp=../graphsdb/mcs70/rand/r005/mcs70_r005_s50.A24 fileNameGt=../graphsdb/mcs70/rand/r005/mcs70_r005_s50.B24
Reading graphs...
50 : 121
50 : 121
Initializing...
maxdom : 9
D->valSize : 340
Solving...
Blb : 2 (clique : 22)
currentSize : 22 <-- 0.002795 s
currentSize : 23 <-- 0.009904 s
currentSize : 24 <-- 0.045339 s
currentSize : 26 <-- 0.054806 s
currentSize : 28 <-- 0.066800 s
currentSize : 30 <-- 0.118641 s
currentSize : 32 <-- 0.205079 s
currentSize : 35 <-- 0.205178 s

maxsize : 35
nodes : 41369.000000
filtered : 579912.000000
time : 0.216203
