Parameters: GAD=1 vflib=1 dir=1 label=1 lowerbound=1 fileNameGp=../graphsdb/mcs70/m2D/m2D/mcs70_m2D_s50.A10 fileNameGt=../graphsdb/mcs70/m2D/m2D/mcs70_m2D_s50.B10
Reading graphs...
50 : 85
50 : 85
Initializing...
maxdom : 13
D->valSize : 379
Solving...
Blb : 2 (clique : 24)
currentSize : 24 <-- 0.003052 s
currentSize : 25 <-- 0.003228 s
currentSize : 27 <-- 0.003320 s
currentSize : 29 <-- 0.003419 s
currentSize : 30 <-- 0.122824 s
currentSize : 31 <-- 0.241467 s
currentSize : 33 <-- 0.497873 s
currentSize : 34 <-- 0.498041 s
currentSize : 36 <-- 0.498109 s

maxsize : 36
nodes : 120424.000000
filtered : 1364710.000000
time : 0.635009
