Parameters: GAD=1 vflib=1 dir=1 label=1 lowerbound=1 fileNameGp=../graphsdb/mcs70/m2D/m2Dr2/mcs70_m2Dr2_s90.A61 fileNameGt=../graphsdb/mcs70/m2D/m2Dr2/mcs70_m2Dr2_s90.B61
Reading graphs...
90 : 179
90 : 179
Initializing...
maxdom : 9
D->valSize : 583
Solving...
Blb : 2 (clique : 55)
currentSize : 55 <-- 0.007516 s
currentSize : 56 <-- 73.561501 s
currentSize : 57 <-- 73.600044 s
currentSize : 59 <-- 73.600136 s
currentSize : 60 <-- 631.243164 s
currentSize : 61 <-- 631.287842 s
currentSize : 64 <-- 631.288025 s

maxsize : 64
nodes : 165207582.000000
filtered : 767381716.000000
time : 803.418396
