Parameters: GAD=1 vflib=1 dir=1 label=1 lowerbound=1 fileNameGp=../graphsdb/mcs70/bvg/b09m/mcs70_b09m_s100.A98 fileNameGt=../graphsdb/mcs70/bvg/b09m/mcs70_b09m_s100.B98
Reading graphs...
100 : 450
100 : 450
Initializing...
maxdom : 7
D->valSize : 368
Solving...
Blb : 3 (clique : 49)
currentSize : 49 <-- 0.003763 s
currentSize : 52 <-- 0.004809 s
currentSize : 53 <-- 0.005610 s
currentSize : 58 <-- 0.006598 s
currentSize : 59 <-- 0.007651 s
currentSize : 60 <-- 0.023697 s
currentSize : 61 <-- 2.898208 s
currentSize : 63 <-- 2.898481 s
currentSize : 65 <-- 2.898896 s
currentSize : 66 <-- 2.900274 s
currentSize : 68 <-- 2.900558 s
currentSize : 69 <-- 3.163363 s
currentSize : 70 <-- 3.164920 s

maxsize : 70
nodes : 1863014.000000
filtered : 7850706.000000
time : 9.606618
