Parameters: GAD=1 vflib=1 dir=1 label=1 lowerbound=1 fileNameGp=../graphsdb/mcs70/bvg/b09/mcs70_b09_s50.A21 fileNameGt=../graphsdb/mcs70/bvg/b09/mcs70_b09_s50.B21
Reading graphs...
50 : 225
50 : 225
Initializing...
maxdom : 10
D->valSize : 346
Solving...
Blb : 2 (clique : 13)
currentSize : 13 <-- 0.002406 s
currentSize : 14 <-- 0.002601 s
currentSize : 15 <-- 0.003188 s
currentSize : 17 <-- 0.003505 s
currentSize : 21 <-- 0.009856 s
currentSize : 22 <-- 0.009928 s
currentSize : 28 <-- 0.012843 s
currentSize : 31 <-- 0.012936 s
currentSize : 34 <-- 0.016119 s

maxsize : 34
nodes : 3911.000000
filtered : 50419.000000
time : 0.019935
