Parameters: GAD=1 vflib=1 dir=1 label=1 lowerbound=1 fileNameGp=../graphsdb/mcs70/m3D/m3Dr4/mcs70_m3Dr4_s35.A55 fileNameGt=../graphsdb/mcs70/m3D/m3Dr4/mcs70_m3Dr4_s35.B55
Reading graphs...
35 : 86
35 : 85
Initializing...
maxdom : 6
D->valSize : 171
Solving...
Blb : 2 (clique : 16)
currentSize : 16 <-- 0.001075 s
currentSize : 18 <-- 0.001254 s
currentSize : 22 <-- 0.001475 s
currentSize : 24 <-- 0.001525 s
currentSize : 27 <-- 0.002591 s

maxsize : 27
nodes : 961.000000
filtered : 6148.000000
time : 0.004421
