Parameters: GAD=1 vflib=1 dir=1 label=1 lowerbound=1 fileNameGp=../graphsdb/mcs70/rand/r01/mcs70_r01_s90.A84 fileNameGt=../graphsdb/mcs70/rand/r01/mcs70_r01_s90.B84
Reading graphs...
90 : 800
90 : 800
Initializing...
maxdom : 14
D->valSize : 596
Solving...
Blb : 2 (clique : 37)
currentSize : 37 <-- 0.011112 s
currentSize : 45 <-- 0.011470 s
currentSize : 48 <-- 0.020153 s
currentSize : 51 <-- 0.023274 s
currentSize : 63 <-- 0.024677 s

maxsize : 63
nodes : 7404.000000
filtered : 124053.000000
time : 0.058846
