Parameters: GAD=1 vflib=1 dir=1 label=1 lowerbound=1 fileNameGp=../graphsdb/mcs70/m3D/m3D/mcs70_m3D_s90.A86 fileNameGt=../graphsdb/mcs70/m3D/m3D/mcs70_m3D_s90.B86
Reading graphs...
90 : 209
90 : 209
Initializing...
maxdom : 11
D->valSize : 577
Solving...
Blb : 3 (clique : 48)
currentSize : 48 <-- 0.007061 s
currentSize : 49 <-- 13.789600 s
currentSize : 50 <-- 13.792059 s
currentSize : 52 <-- 26.373764 s
currentSize : 53 <-- 35.557888 s
currentSize : 54 <-- 40.359245 s
currentSize : 56 <-- 46.729897 s
currentSize : 57 <-- 47.227283 s
currentSize : 58 <-- 47.781380 s
currentSize : 59 <-- 200.365356 s
currentSize : 61 <-- 372.833832 s
currentSize : 62 <-- 372.834656 s
currentSize : 64 <-- 372.840210 s
currentSize : 65 <-- 372.840942 s

maxsize : 65
nodes : 85213755.000000
filtered : 502551643.000000
time : 435.084991
