Parameters: GAD=1 vflib=1 dir=1 label=1 lowerbound=1 fileNameGp=../graphsdb/mcs70/rand/r01/mcs70_r01_s70.A63 fileNameGt=../graphsdb/mcs70/rand/r01/mcs70_r01_s70.B63
Reading graphs...
70 : 482
70 : 482
Initializing...
maxdom : 10
D->valSize : 391
Solving...
Blb : 2 (clique : 12)
currentSize : 12 <-- 0.005033 s
currentSize : 13 <-- 0.005592 s
currentSize : 15 <-- 0.005984 s
currentSize : 16 <-- 0.010884 s
currentSize : 17 <-- 0.012013 s
currentSize : 18 <-- 0.013423 s
currentSize : 19 <-- 0.018706 s
currentSize : 24 <-- 0.020214 s
currentSize : 27 <-- 0.037210 s
currentSize : 35 <-- 0.045562 s
currentSize : 49 <-- 0.050611 s

maxsize : 49
nodes : 6133.000000
filtered : 88570.000000
time : 0.055591
