Parameters: GAD=1 vflib=1 dir=1 label=1 lowerbound=1 fileNameGp=../graphsdb/mcs70/bvg/b09/mcs70_b09_s50.A14 fileNameGt=../graphsdb/mcs70/bvg/b09/mcs70_b09_s50.B14
Reading graphs...
50 : 225
50 : 225
Initializing...
maxdom : 9
D->valSize : 308
Solving...
Blb : 3 (clique : 22)
currentSize : 22 <-- 0.003326 s
currentSize : 23 <-- 0.003635 s
currentSize : 24 <-- 0.003903 s
currentSize : 26 <-- 0.004140 s
currentSize : 29 <-- 0.004253 s
currentSize : 30 <-- 0.004659 s
currentSize : 34 <-- 0.004806 s

maxsize : 34
nodes : 1279.000000
filtered : 26511.000000
time : 0.013606
