Parameters: GAD=1 vflib=1 dir=1 label=1 lowerbound=1 fileNameGp=../graphsdb/mcs70/bvg/b06m/mcs70_b06m_s100.A24 fileNameGt=../graphsdb/mcs70/bvg/b06m/mcs70_b06m_s100.B24
Reading graphs...
100 : 300
100 : 300
Initializing...
maxdom : 6
D->valSize : 380
Solving...
Blb : 2 (clique : 59)
currentSize : 59 <-- 0.004110 s
currentSize : 60 <-- 0.004638 s
currentSize : 61 <-- 0.005022 s
currentSize : 65 <-- 0.005620 s
currentSize : 70 <-- 0.006508 s

maxsize : 70
nodes : 34456.000000
filtered : 302889.000000
time : 0.236443
