Parameters: GAD=1 vflib=1 dir=1 label=1 lowerbound=1 fileNameGp=../graphsdb/mcs70/bvg/b06/mcs70_b06_s100.A70 fileNameGt=../graphsdb/mcs70/bvg/b06/mcs70_b06_s100.B70
Reading graphs...
100 : 300
100 : 300
Initializing...
maxdom : 7
D->valSize : 381
Solving...
Blb : 2 (clique : 45)
currentSize : 45 <-- 0.004010 s
currentSize : 46 <-- 0.004445 s
currentSize : 47 <-- 0.004777 s
currentSize : 49 <-- 0.004887 s
currentSize : 52 <-- 0.006141 s
currentSize : 53 <-- 0.010673 s
currentSize : 54 <-- 0.014350 s
currentSize : 55 <-- 0.023496 s
currentSize : 57 <-- 0.341680 s
currentSize : 58 <-- 1.182032 s
currentSize : 59 <-- 2.396284 s
currentSize : 60 <-- 5.113368 s
currentSize : 61 <-- 11.992152 s
currentSize : 62 <-- 11.992540 s
currentSize : 63 <-- 15.926069 s
currentSize : 64 <-- 62.748581 s
currentSize : 66 <-- 63.195583 s
currentSize : 67 <-- 63.196362 s
currentSize : 69 <-- 64.741646 s
currentSize : 70 <-- 64.742279 s

maxsize : 70
nodes : 14843849.000000
filtered : 66823555.000000
time : 79.757607
