Parameters: GAD=1 vflib=1 dir=1 label=1 lowerbound=1 fileNameGp=../graphsdb/mcs70/bvg/b06/mcs70_b06_s90.A93 fileNameGt=../graphsdb/mcs70/bvg/b06/mcs70_b06_s90.B93
Reading graphs...
90 : 270
90 : 270
Initializing...
maxdom : 10
D->valSize : 544
Solving...
Blb : 2 (clique : 40)
currentSize : 40 <-- 0.006430 s
currentSize : 42 <-- 0.007559 s
currentSize : 43 <-- 0.007641 s
currentSize : 44 <-- 0.013410 s
currentSize : 45 <-- 0.013520 s
currentSize : 46 <-- 0.953773 s
currentSize : 50 <-- 2.155553 s
currentSize : 51 <-- 2.155745 s
currentSize : 52 <-- 2.156184 s
currentSize : 53 <-- 2.156424 s
currentSize : 54 <-- 2.250235 s
currentSize : 55 <-- 332.926331 s
currentSize : 56 <-- 332.926697 s
currentSize : 57 <-- 333.171875 s
currentSize : 58 <-- 556.397644 s
currentSize : 59 <-- 556.397888 s
currentSize : 60 <-- 556.470032 s
currentSize : 61 <-- 556.470825 s
currentSize : 62 <-- 556.471130 s
currentSize : 63 <-- 556.471558 s

maxsize : 63
nodes : 192154500.000000
filtered : 967592579.000000
time : 941.853699
