Parameters: GAD=1 vflib=1 dir=1 label=1 lowerbound=1 fileNameGp=../graphsdb/mcs70/m2D/m2Dr2/mcs70_m2Dr2_s70.A74 fileNameGt=../graphsdb/mcs70/m2D/m2Dr2/mcs70_m2Dr2_s70.B74
Reading graphs...
70 : 137
70 : 136
Initializing...
maxdom : 13
D->valSize : 401
Solving...
Blb : 2 (clique : 36)
currentSize : 36 <-- 0.003879 s
currentSize : 40 <-- 0.004504 s
currentSize : 41 <-- 0.034845 s
currentSize : 43 <-- 0.737404 s
currentSize : 44 <-- 0.898688 s
currentSize : 47 <-- 0.898924 s
currentSize : 48 <-- 1.426528 s
currentSize : 49 <-- 1.965118 s

maxsize : 49
nodes : 490201.000000
filtered : 3275680.000000
time : 2.161564
