Parameters: GAD=1 vflib=1 dir=1 label=1 lowerbound=1 fileNameGp=../graphsdb/mcs70/rand/r001/mcs70_r001_s100.A63 fileNameGt=../graphsdb/mcs70/rand/r001/mcs70_r001_s100.B63
Reading graphs...
100 : 120
100 : 120
Initializing...
maxdom : 7
D->valSize : 409
Solving...
Blb : 2 (clique : 57)
currentSize : 57 <-- 0.004950 s
currentSize : 59 <-- 0.005525 s
currentSize : 60 <-- 0.015112 s
currentSize : 61 <-- 0.026147 s
currentSize : 62 <-- 0.051126 s
currentSize : 63 <-- 0.056358 s
currentSize : 64 <-- 0.057630 s
currentSize : 66 <-- 0.210150 s

TIMEOUT
maxsize : 66
nodes : 686132759.000000
filtered : 2686945670.000000
time : 3600.000000
