Parameters: GAD=1 vflib=1 dir=1 label=1 lowerbound=1 fileNameGp=../graphsdb/mcs70/m2D/m2Dr2/mcs70_m2Dr2_s60.A29 fileNameGt=../graphsdb/mcs70/m2D/m2Dr2/mcs70_m2Dr2_s60.B29
Reading graphs...
60 : 116
60 : 116
Initializing...
maxdom : 7
D->valSize : 247
Solving...
Blb : 2 (clique : 25)
currentSize : 25 <-- 0.002883 s
currentSize : 26 <-- 0.003126 s
currentSize : 27 <-- 0.058417 s
currentSize : 29 <-- 0.345130 s
currentSize : 30 <-- 2.138943 s
currentSize : 31 <-- 2.197400 s
currentSize : 32 <-- 2.462924 s
currentSize : 33 <-- 2.463279 s
currentSize : 34 <-- 2.464679 s
currentSize : 35 <-- 6.350233 s
currentSize : 36 <-- 6.371736 s
currentSize : 37 <-- 6.372044 s

maxsize : 37
nodes : 2628857.000000
filtered : 11350082.000000
time : 10.522381
