Parameters: GAD=1 vflib=1 dir=1 label=1 lowerbound=1 fileNameGp=../graphsdb/mcs70/m2D/m2Dr6/mcs70_m2Dr6_s40.A47 fileNameGt=../graphsdb/mcs70/m2D/m2Dr6/mcs70_m2Dr6_s40.B47
Reading graphs...
40 : 91
40 : 89
Initializing...
maxdom : 8
D->valSize : 254
Solving...
Blb : 2 (clique : 13)
currentSize : 13 <-- 0.001478 s
currentSize : 14 <-- 0.002199 s
currentSize : 15 <-- 0.007242 s
currentSize : 16 <-- 0.014200 s
currentSize : 17 <-- 0.022861 s
currentSize : 18 <-- 0.028614 s
currentSize : 19 <-- 0.028636 s
currentSize : 20 <-- 0.044713 s
currentSize : 21 <-- 0.051399 s
currentSize : 22 <-- 0.070415 s
currentSize : 24 <-- 0.076660 s
currentSize : 25 <-- 0.076724 s

maxsize : 25
nodes : 33493.000000
filtered : 231042.000000
time : 0.118187
