Parameters: GAD=1 vflib=1 dir=1 label=1 lowerbound=1 fileNameGp=../graphsdb/mcs70/m2D/m2Dr2/mcs70_m2Dr2_s60.A87 fileNameGt=../graphsdb/mcs70/m2D/m2Dr2/mcs70_m2Dr2_s60.B87
Reading graphs...
60 : 116
60 : 115
Initializing...
maxdom : 10
D->valSize : 302
Solving...
Blb : 2 (clique : 29)
currentSize : 29 <-- 0.003782 s
currentSize : 30 <-- 0.004032 s
currentSize : 34 <-- 0.033248 s
currentSize : 35 <-- 0.033532 s
currentSize : 36 <-- 0.035997 s
currentSize : 37 <-- 0.266888 s

maxsize : 37
nodes : 1122147.000000
filtered : 6033204.000000
time : 4.435765
