Parameters: GAD=1 vflib=1 dir=1 label=1 lowerbound=1 fileNameGp=../graphsdb/mcs70/m3D/m3D/mcs70_m3D_s90.A81 fileNameGt=../graphsdb/mcs70/m3D/m3D/mcs70_m3D_s90.B81
Reading graphs...
90 : 209
90 : 209
Initializing...
maxdom : 10
D->valSize : 559
Solving...
Blb : 3 (clique : 33)
currentSize : 33 <-- 0.006752 s
currentSize : 45 <-- 0.007073 s
currentSize : 46 <-- 0.007212 s
currentSize : 50 <-- 0.007324 s
currentSize : 52 <-- 0.007412 s
currentSize : 53 <-- 0.011971 s
currentSize : 54 <-- 0.091473 s
currentSize : 55 <-- 4.521627 s
currentSize : 56 <-- 4.521956 s
currentSize : 57 <-- 4.544541 s
currentSize : 58 <-- 168.830353 s
currentSize : 60 <-- 170.211166 s
currentSize : 61 <-- 170.212341 s
currentSize : 62 <-- 170.212723 s
currentSize : 63 <-- 170.225082 s
currentSize : 64 <-- 348.118103 s

maxsize : 64
nodes : 84875692.000000
filtered : 543762184.000000
time : 454.721466
