Parameters: GAD=1 vflib=1 dir=1 label=1 lowerbound=1 fileNameGp=../graphsdb/mcs70/bvg/b03m/mcs70_b03m_s60.A54 fileNameGt=../graphsdb/mcs70/bvg/b03m/mcs70_b03m_s60.B54
Reading graphs...
60 : 90
60 : 90
Initializing...
maxdom : 9
D->valSize : 300
Solving...
Blb : 3 (clique : 33)
currentSize : 33 <-- 0.002754 s
currentSize : 34 <-- 0.004311 s
currentSize : 35 <-- 0.004416 s
currentSize : 37 <-- 0.040739 s
currentSize : 39 <-- 0.040894 s
currentSize : 40 <-- 1.937256 s
currentSize : 41 <-- 1.937341 s
currentSize : 42 <-- 1.937384 s

maxsize : 42
nodes : 936997.000000
filtered : 4071868.000000
time : 3.450554
