Parameters: GAD=1 vflib=1 dir=1 label=1 lowerbound=1 fileNameGp=../graphsdb/mcs70/m2D/m2Dr2/mcs70_m2Dr2_s50.A27 fileNameGt=../graphsdb/mcs70/m2D/m2Dr2/mcs70_m2Dr2_s50.B27
Reading graphs...
50 : 95
50 : 95
Initializing...
maxdom : 10
D->valSize : 332
Solving...
Blb : 2 (clique : 26)
currentSize : 26 <-- 0.003952 s
currentSize : 27 <-- 0.004203 s
currentSize : 28 <-- 0.004365 s
currentSize : 29 <-- 0.004432 s
currentSize : 31 <-- 0.004969 s
currentSize : 32 <-- 0.005160 s
currentSize : 34 <-- 0.005299 s
currentSize : 36 <-- 0.008366 s

maxsize : 36
nodes : 14354.000000
filtered : 102580.000000
time : 0.080980
