Parameters: GAD=1 vflib=1 dir=1 label=1 lowerbound=1 fileNameGp=../graphsdb/mcs70/rand/r001/mcs70_r001_s100.A88 fileNameGt=../graphsdb/mcs70/rand/r001/mcs70_r001_s100.B88
Reading graphs...
100 : 120
100 : 120
Initializing...
maxdom : 8
D->valSize : 399
Solving...
Blb : 2 (clique : 51)
currentSize : 51 <-- 0.007318 s
currentSize : 52 <-- 0.008046 s
currentSize : 53 <-- 0.009071 s
currentSize : 54 <-- 0.034959 s
currentSize : 55 <-- 0.062247 s
currentSize : 57 <-- 0.088044 s
currentSize : 58 <-- 0.219462 s
currentSize : 59 <-- 0.806521 s
currentSize : 60 <-- 3.490404 s
currentSize : 61 <-- 3.490534 s
currentSize : 62 <-- 3.490676 s
currentSize : 63 <-- 3.490824 s
currentSize : 64 <-- 3.500289 s
currentSize : 65 <-- 3.500420 s
currentSize : 66 <-- 3.861809 s
currentSize : 67 <-- 12.575127 s
currentSize : 68 <-- 13.303247 s
currentSize : 70 <-- 455.649567 s

maxsize : 70
nodes : 423489755.000000
filtered : 1774507083.000000
time : 2342.027100
