Parameters: GAD=1 vflib=1 dir=1 label=1 lowerbound=1 fileNameGp=../graphsdb/mcs70/rand/r005/mcs70_r005_s80.A24 fileNameGt=../graphsdb/mcs70/rand/r005/mcs70_r005_s80.B24
Reading graphs...
80 : 315
80 : 315
Initializing...
maxdom : 9
D->valSize : 437
Solving...
Blb : 5 (clique : 20)
currentSize : 20 <-- 0.004291 s
currentSize : 41 <-- 0.004517 s
currentSize : 46 <-- 0.004657 s
currentSize : 49 <-- 0.005001 s
currentSize : 56 <-- 0.005205 s

maxsize : 56
nodes : 110814.000000
filtered : 960443.000000
time : 0.582284
