Parameters: GAD=1 vflib=1 dir=1 label=1 lowerbound=1 fileNameGp=../graphsdb/mcs70/bvg/b06/mcs70_b06_s80.A37 fileNameGt=../graphsdb/mcs70/bvg/b06/mcs70_b06_s80.B37
Reading graphs...
80 : 240
80 : 240
Initializing...
maxdom : 8
D->valSize : 431
Solving...
Blb : 2 (clique : 40)
currentSize : 40 <-- 0.004375 s
currentSize : 42 <-- 0.006011 s
currentSize : 44 <-- 1.390137 s
currentSize : 47 <-- 1.390210 s
currentSize : 48 <-- 1.390370 s
currentSize : 53 <-- 66.586037 s
currentSize : 55 <-- 66.586174 s
currentSize : 56 <-- 66.591438 s

maxsize : 56
nodes : 18336044.000000
filtered : 130518135.000000
time : 94.021149
