Parameters: GAD=1 vflib=1 dir=1 label=1 lowerbound=1 fileNameGp=../graphsdb/mcs70/bvg/b03m/mcs70_b03m_s70.A03 fileNameGt=../graphsdb/mcs70/bvg/b03m/mcs70_b03m_s70.B03
Reading graphs...
70 : 105
70 : 105
Initializing...
maxdom : 9
D->valSize : 380
Solving...
Blb : 2 (clique : 45)
currentSize : 45 <-- 0.003552 s
currentSize : 47 <-- 0.003838 s
currentSize : 48 <-- 0.004885 s
currentSize : 49 <-- 0.007960 s
currentSize : 50 <-- 0.773940 s

maxsize : 50
nodes : 2985143.000000
filtered : 14821714.000000
time : 13.729472
