Parameters: GAD=1 vflib=1 dir=1 label=1 lowerbound=1 fileNameGp=../graphsdb/mcs70/bvg/b09m/mcs70_b09m_s100.A65 fileNameGt=../graphsdb/mcs70/bvg/b09m/mcs70_b09m_s100.B65
Reading graphs...
100 : 450
100 : 450
Initializing...
maxdom : 7
D->valSize : 393
Solving...
Blb : 3 (clique : 58)
currentSize : 58 <-- 0.004247 s
currentSize : 60 <-- 0.187818 s
currentSize : 62 <-- 2.433021 s
currentSize : 65 <-- 2.433387 s
currentSize : 67 <-- 2.438975 s
currentSize : 70 <-- 2.439548 s

maxsize : 70
nodes : 1537865.000000
filtered : 8179633.000000
time : 8.485593
