Parameters: GAD=1 vflib=1 dir=1 label=1 lowerbound=1 fileNameGp=../graphsdb/mcs70/bvg/b03m/mcs70_b03m_s80.A69 fileNameGt=../graphsdb/mcs70/bvg/b03m/mcs70_b03m_s80.B69
Reading graphs...
80 : 120
80 : 120
Initializing...
maxdom : 9
D->valSize : 425
Solving...
Blb : 2 (clique : 43)
currentSize : 43 <-- 0.004629 s
currentSize : 48 <-- 0.004908 s
currentSize : 50 <-- 0.023954 s
currentSize : 51 <-- 0.024037 s
currentSize : 52 <-- 0.052684 s
currentSize : 53 <-- 0.052739 s
currentSize : 54 <-- 0.053401 s
currentSize : 55 <-- 0.259314 s
currentSize : 56 <-- 0.259923 s

maxsize : 56
nodes : 34722214.000000
filtered : 138678266.000000
time : 147.490295
