Parameters: GAD=1 vflib=1 dir=1 label=1 lowerbound=1 fileNameGp=../graphsdb/mcs70/bvg/b03/mcs70_b03_s80.A19 fileNameGt=../graphsdb/mcs70/bvg/b03/mcs70_b03_s80.B19
Reading graphs...
80 : 120
80 : 120
Initializing...
maxdom : 9
D->valSize : 457
Solving...
Blb : 2 (clique : 38)
currentSize : 38 <-- 0.007944 s
currentSize : 39 <-- 0.009084 s
currentSize : 40 <-- 0.009501 s
currentSize : 41 <-- 0.009649 s
currentSize : 42 <-- 0.012940 s
currentSize : 44 <-- 0.013540 s
currentSize : 46 <-- 0.579623 s
currentSize : 47 <-- 1.651136 s
currentSize : 50 <-- 2.276468 s
currentSize : 52 <-- 9.742649 s
currentSize : 53 <-- 10.206923 s
currentSize : 56 <-- 10.382438 s

maxsize : 56
nodes : 4867519.000000
filtered : 25803952.000000
time : 23.692768
