Parameters: GAD=1 vflib=1 dir=1 label=1 lowerbound=1 fileNameGp=../graphsdb/mcs70/bvg/b03m/mcs70_b03m_s35.A94 fileNameGt=../graphsdb/mcs70/bvg/b03m/mcs70_b03m_s35.B94
Reading graphs...
35 : 52
35 : 52
Initializing...
maxdom : 7
D->valSize : 167
Solving...
Blb : 2 (clique : 16)
currentSize : 16 <-- 0.001040 s
currentSize : 17 <-- 0.001355 s
currentSize : 18 <-- 0.001464 s
currentSize : 19 <-- 0.001797 s
currentSize : 20 <-- 0.001841 s
currentSize : 21 <-- 0.004007 s
currentSize : 22 <-- 0.007304 s
currentSize : 23 <-- 0.008536 s
currentSize : 24 <-- 0.026883 s

maxsize : 24
nodes : 9668.000000
filtered : 53178.000000
time : 0.030683
