Parameters: GAD=1 vflib=1 dir=1 label=1 lowerbound=1 fileNameGp=../graphsdb/mcs70/m3D/m3Dr6/mcs70_m3Dr6_s90.A12 fileNameGt=../graphsdb/mcs70/m3D/m3Dr6/mcs70_m3Dr6_s90.B12
Reading graphs...
90 : 263
90 : 262
Initializing...
maxdom : 9
D->valSize : 568
Solving...
Blb : 2 (clique : 51)
currentSize : 51 <-- 0.011676 s
currentSize : 52 <-- 0.012231 s
currentSize : 53 <-- 0.012439 s
currentSize : 55 <-- 0.012679 s
currentSize : 58 <-- 0.019773 s
currentSize : 60 <-- 0.019812 s
currentSize : 62 <-- 0.020091 s
currentSize : 64 <-- 0.020399 s

maxsize : 64
nodes : 72308913.000000
filtered : 346652703.000000
time : 348.811127
