Parameters: GAD=1 vflib=1 dir=1 label=1 lowerbound=1 fileNameGp=../graphsdb/mcs70/m2D/m2Dr6/mcs70_m2Dr6_s90.A12 fileNameGt=../graphsdb/mcs70/m2D/m2Dr6/mcs70_m2Dr6_s90.B12
Reading graphs...
90 : 215
90 : 215
Initializing...
maxdom : 9
D->valSize : 539
Solving...
Blb : 2 (clique : 51)
currentSize : 51 <-- 0.006442 s
currentSize : 52 <-- 0.008693 s
currentSize : 55 <-- 0.010738 s
currentSize : 56 <-- 0.032450 s
currentSize : 57 <-- 0.154505 s
currentSize : 59 <-- 0.242736 s
currentSize : 60 <-- 0.245595 s
currentSize : 63 <-- 0.253993 s
currentSize : 64 <-- 0.271248 s

maxsize : 64
nodes : 9783467.000000
filtered : 59853322.000000
time : 51.681484
