Parameters: GAD=1 vflib=1 dir=1 label=1 lowerbound=1 fileNameGp=../graphsdb/mcs70/m2D/m2D/mcs70_m2D_s90.A82 fileNameGt=../graphsdb/mcs70/m2D/m2D/mcs70_m2D_s90.B82
Reading graphs...
90 : 161
90 : 161
Initializing...
maxdom : 10
D->valSize : 543
Solving...
Blb : 2 (clique : 41)
currentSize : 41 <-- 0.006616 s
currentSize : 43 <-- 0.006999 s
currentSize : 44 <-- 0.008397 s
currentSize : 45 <-- 0.013973 s
currentSize : 46 <-- 0.014342 s
currentSize : 47 <-- 0.016591 s
currentSize : 48 <-- 0.119552 s
currentSize : 49 <-- 0.153241 s
currentSize : 50 <-- 0.161463 s
currentSize : 51 <-- 3.909224 s
currentSize : 52 <-- 3.916154 s
currentSize : 54 <-- 30.959242 s
currentSize : 55 <-- 30.960024 s
currentSize : 56 <-- 32.744312 s
currentSize : 57 <-- 32.745121 s
currentSize : 58 <-- 34.953979 s
currentSize : 59 <-- 34.994286 s
currentSize : 60 <-- 34.994705 s
currentSize : 64 <-- 43.849285 s

maxsize : 64
nodes : 17700498.000000
filtered : 124115186.000000
time : 98.706940
