Parameters: GAD=1 vflib=1 dir=1 label=1 lowerbound=1 fileNameGp=../graphsdb/mcs70/rand/r005/mcs70_r005_s60.A15 fileNameGt=../graphsdb/mcs70/rand/r005/mcs70_r005_s60.B15
Reading graphs...
60 : 176
60 : 176
Initializing...
maxdom : 9
D->valSize : 280
Solving...
Blb : 2 (clique : 29)
currentSize : 29 <-- 0.002259 s
currentSize : 31 <-- 0.002450 s
currentSize : 32 <-- 0.002970 s
currentSize : 35 <-- 0.003042 s
currentSize : 37 <-- 0.009844 s
currentSize : 38 <-- 0.010237 s
currentSize : 42 <-- 0.010397 s

maxsize : 42
nodes : 9213.000000
filtered : 72532.000000
time : 0.042141
