Parameters: GAD=1 vflib=1 dir=1 label=1 lowerbound=1 fileNameGp=../graphsdb/mcs70/m2D/m2Dr6/mcs70_m2Dr6_s80.A60 fileNameGt=../graphsdb/mcs70/m2D/m2Dr6/mcs70_m2Dr6_s80.B60
Reading graphs...
80 : 190
80 : 190
Initializing...
maxdom : 8
D->valSize : 424
Solving...
Blb : 3 (clique : 25)
currentSize : 25 <-- 0.007108 s
currentSize : 26 <-- 0.007457 s
currentSize : 27 <-- 0.007621 s
currentSize : 28 <-- 0.008335 s
currentSize : 30 <-- 0.008718 s
currentSize : 31 <-- 0.009395 s
currentSize : 32 <-- 0.012100 s
currentSize : 33 <-- 0.012843 s
currentSize : 34 <-- 0.018992 s
currentSize : 35 <-- 0.019716 s
currentSize : 37 <-- 0.020287 s
currentSize : 38 <-- 0.021414 s
currentSize : 39 <-- 9.104850 s
currentSize : 40 <-- 12.520766 s
currentSize : 41 <-- 13.120155 s
currentSize : 42 <-- 14.239061 s
currentSize : 43 <-- 14.239263 s
currentSize : 45 <-- 71.617714 s
currentSize : 49 <-- 71.618500 s

maxsize : 49
nodes : 15005463.000000
filtered : 144417454.000000
time : 88.402489
