Parameters: GAD=1 vflib=1 dir=1 label=1 lowerbound=1 fileNameGp=../graphsdb/mcs70/m3D/m3Dr6/mcs70_m3Dr6_s100.A82 fileNameGt=../graphsdb/mcs70/m3D/m3Dr6/mcs70_m3Dr6_s100.B82
Reading graphs...
100 : 295
100 : 294
Initializing...
maxdom : 7
D->valSize : 377
Solving...
Blb : 2 (clique : 47)
currentSize : 47 <-- 0.003952 s
currentSize : 49 <-- 0.004446 s
currentSize : 50 <-- 0.004680 s
currentSize : 52 <-- 0.004987 s
currentSize : 53 <-- 0.006035 s
currentSize : 54 <-- 0.007010 s
currentSize : 55 <-- 7.487619 s
currentSize : 57 <-- 7.487785 s
currentSize : 58 <-- 7.488689 s
currentSize : 59 <-- 7.489001 s
currentSize : 60 <-- 7.706787 s
currentSize : 62 <-- 7.707072 s
currentSize : 64 <-- 67.823814 s

maxsize : 64
nodes : 150385303.000000
filtered : 460853561.000000
time : 714.813904
