Parameters: GAD=1 vflib=1 dir=1 label=1 lowerbound=1 fileNameGp=../graphsdb/mcs70/m2D/m2Dr6/mcs70_m2Dr6_s90.A06 fileNameGt=../graphsdb/mcs70/m2D/m2Dr6/mcs70_m2Dr6_s90.B06
Reading graphs...
90 : 215
90 : 214
Initializing...
maxdom : 10
D->valSize : 572
Solving...
Blb : 2 (clique : 45)
currentSize : 45 <-- 0.011682 s
currentSize : 51 <-- 0.012206 s
currentSize : 53 <-- 0.012320 s
currentSize : 54 <-- 0.012996 s
currentSize : 57 <-- 0.014539 s
currentSize : 58 <-- 0.015090 s
currentSize : 61 <-- 170.990356 s
currentSize : 62 <-- 170.990875 s
currentSize : 63 <-- 171.296539 s
currentSize : 64 <-- 171.296982 s

maxsize : 64
nodes : 61634714.000000
filtered : 282317442.000000
time : 298.104462
