Parameters: GAD=1 vflib=1 dir=1 label=1 lowerbound=1 fileNameGp=../graphsdb/mcs70/bvg/b03/mcs70_b03_s60.A49 fileNameGt=../graphsdb/mcs70/bvg/b03/mcs70_b03_s60.B49
Reading graphs...
60 : 90
60 : 90
Initializing...
maxdom : 6
D->valSize : 244
Solving...
Blb : 2 (clique : 36)
currentSize : 36 <-- 0.001831 s
currentSize : 37 <-- 0.002117 s
currentSize : 39 <-- 0.035097 s
currentSize : 40 <-- 0.035888 s
currentSize : 41 <-- 0.296849 s
currentSize : 42 <-- 0.297004 s

maxsize : 42
nodes : 471767.000000
filtered : 1714831.000000
time : 1.763220
