Parameters: GAD=1 vflib=1 dir=1 label=1 lowerbound=1 fileNameGp=../graphsdb/mcs70/bvg/b09m/mcs70_b09m_s40.A65 fileNameGt=../graphsdb/mcs70/bvg/b09m/mcs70_b09m_s40.B65
Reading graphs...
40 : 180
40 : 180
Initializing...
maxdom : 9
D->valSize : 230
Solving...
Blb : 2 (clique : 9)
currentSize : 9 <-- 0.001380 s
currentSize : 11 <-- 0.001526 s
currentSize : 12 <-- 0.001555 s
currentSize : 17 <-- 0.001975 s
currentSize : 18 <-- 0.003103 s
currentSize : 24 <-- 0.005188 s
currentSize : 28 <-- 0.005313 s

maxsize : 28
nodes : 1615.000000
filtered : 17403.000000
time : 0.006865
