Parameters: GAD=1 vflib=1 dir=1 label=1 lowerbound=1 fileNameGp=../graphsdb/mcs70/m3D/m3D/mcs70_m3D_s35.A88 fileNameGt=../graphsdb/mcs70/m3D/m3D/mcs70_m3D_s35.B88
Reading graphs...
35 : 72
35 : 72
Initializing...
maxdom : 7
D->valSize : 166
Solving...
Blb : 3 (clique : 12)
currentSize : 12 <-- 0.001047 s
currentSize : 23 <-- 0.001125 s
currentSize : 24 <-- 0.001184 s
currentSize : 26 <-- 0.001305 s
currentSize : 27 <-- 0.001386 s

maxsize : 27
nodes : 312.000000
filtered : 1951.000000
time : 0.001893
