Parameters: GAD=1 vflib=1 dir=1 label=1 lowerbound=1 fileNameGp=../graphsdb/mcs70/bvg/b03/mcs70_b03_s80.A64 fileNameGt=../graphsdb/mcs70/bvg/b03/mcs70_b03_s80.B64
Reading graphs...
80 : 120
80 : 120
Initializing...
maxdom : 9
D->valSize : 451
Solving...
Blb : 2 (clique : 44)
currentSize : 44 <-- 0.007961 s
currentSize : 45 <-- 0.008467 s
currentSize : 46 <-- 0.008586 s
currentSize : 47 <-- 0.008703 s
currentSize : 48 <-- 0.008943 s
currentSize : 49 <-- 0.009108 s
currentSize : 50 <-- 0.009875 s
currentSize : 52 <-- 0.022288 s
currentSize : 56 <-- 0.081645 s

maxsize : 56
nodes : 21458644.000000
filtered : 116903761.000000
time : 107.280037
