Parameters: GAD=1 vflib=1 dir=1 label=1 lowerbound=1 fileNameGp=../graphsdb/mcs70/m2D/m2Dr6/mcs70_m2Dr6_s90.A04 fileNameGt=../graphsdb/mcs70/m2D/m2Dr6/mcs70_m2Dr6_s90.B04
Reading graphs...
90 : 215
90 : 214
Initializing...
maxdom : 11
D->valSize : 581
Solving...
Blb : 2 (clique : 59)
currentSize : 59 <-- 0.012179 s
currentSize : 60 <-- 0.012821 s
currentSize : 61 <-- 0.017793 s
currentSize : 62 <-- 0.017996 s
currentSize : 63 <-- 0.082356 s
currentSize : 64 <-- 0.082768 s

maxsize : 64
nodes : 160424035.000000
filtered : 653068124.000000
time : 707.410706
