Parameters: GAD=1 vflib=1 dir=1 label=1 lowerbound=1 fileNameGp=../graphsdb/mcs70/bvg/b06/mcs70_b06_s90.A66 fileNameGt=../graphsdb/mcs70/bvg/b06/mcs70_b06_s90.B66
Reading graphs...
90 : 270
90 : 270
Initializing...
maxdom : 8
D->valSize : 550
Solving...
Blb : 2 (clique : 47)
currentSize : 47 <-- 0.006292 s
currentSize : 48 <-- 0.006746 s
currentSize : 49 <-- 0.007055 s
currentSize : 50 <-- 0.008911 s
currentSize : 51 <-- 0.009343 s
currentSize : 52 <-- 0.012074 s
currentSize : 53 <-- 0.012320 s
currentSize : 54 <-- 0.013606 s
currentSize : 55 <-- 0.014285 s
currentSize : 57 <-- 0.014450 s
currentSize : 58 <-- 1.091611 s
currentSize : 60 <-- 1.091787 s
currentSize : 63 <-- 1.145646 s

maxsize : 63
nodes : 23566338.000000
filtered : 169509720.000000
time : 131.839584
