Parameters: GAD=1 vflib=1 dir=1 label=1 lowerbound=1 fileNameGp=../graphsdb/mcs70/m3D/m3Dr2/mcs70_m3Dr2_s35.A60 fileNameGt=../graphsdb/mcs70/m3D/m3Dr2/mcs70_m3Dr2_s35.B60
Reading graphs...
35 : 79
35 : 79
Initializing...
maxdom : 8
D->valSize : 175
Solving...
Blb : 2 (clique : 19)
currentSize : 19 <-- 0.001110 s
currentSize : 20 <-- 0.001259 s
currentSize : 25 <-- 0.004613 s
currentSize : 26 <-- 0.005598 s
currentSize : 27 <-- 0.005673 s

maxsize : 27
nodes : 1659.000000
filtered : 10457.000000
time : 0.006120
