Parameters: GAD=1 vflib=1 dir=1 label=1 lowerbound=1 fileNameGp=../graphsdb/mcs70/bvg/b09m/mcs70_b09m_s40.A72 fileNameGt=../graphsdb/mcs70/bvg/b09m/mcs70_b09m_s40.B72
Reading graphs...
40 : 180
40 : 180
Initializing...
maxdom : 8
D->valSize : 207
Solving...
Blb : 3 (clique : 12)
currentSize : 12 <-- 0.001233 s
currentSize : 14 <-- 0.002770 s
currentSize : 16 <-- 0.003474 s
currentSize : 22 <-- 0.004001 s
currentSize : 23 <-- 0.004610 s
currentSize : 28 <-- 0.004939 s

maxsize : 28
nodes : 1164.000000
filtered : 14548.000000
time : 0.005480
