Parameters: GAD=1 vflib=1 dir=1 label=1 lowerbound=1 fileNameGp=../graphsdb/mcs70/rand/r001/mcs70_r001_s100.A81 fileNameGt=../graphsdb/mcs70/rand/r001/mcs70_r001_s100.B81
Reading graphs...
100 : 120
100 : 120
Initializing...
maxdom : 7
D->valSize : 411
Solving...
Blb : 2 (clique : 51)
currentSize : 51 <-- 0.004686 s
currentSize : 53 <-- 0.005144 s
currentSize : 54 <-- 0.005252 s
currentSize : 56 <-- 0.005455 s
currentSize : 57 <-- 0.006246 s
currentSize : 59 <-- 0.006856 s
currentSize : 60 <-- 0.007311 s
currentSize : 61 <-- 0.009228 s
currentSize : 63 <-- 0.010987 s
currentSize : 64 <-- 0.011428 s
currentSize : 65 <-- 0.012720 s
currentSize : 67 <-- 5.231995 s
currentSize : 68 <-- 5.232370 s
currentSize : 69 <-- 30.598291 s
currentSize : 70 <-- 30.599615 s
currentSize : 71 <-- 44.407150 s
currentSize : 72 <-- 50.167431 s
currentSize : 73 <-- 50.168121 s

maxsize : 73
nodes : 10033952.000000
filtered : 42639650.000000
time : 55.745983
