Parameters: GAD=1 vflib=1 dir=1 label=1 lowerbound=1 fileNameGp=../graphsdb/mcs70/m2D/m2Dr6/mcs70_m2Dr6_s50.A47 fileNameGt=../graphsdb/mcs70/m2D/m2Dr6/mcs70_m2Dr6_s50.B47
Reading graphs...
50 : 115
50 : 114
Initializing...
maxdom : 12
D->valSize : 340
Solving...
Blb : 2 (clique : 23)
currentSize : 23 <-- 0.002532 s
currentSize : 24 <-- 0.002970 s
currentSize : 25 <-- 0.016805 s
currentSize : 26 <-- 0.027969 s
currentSize : 27 <-- 0.096557 s
currentSize : 28 <-- 0.096698 s
currentSize : 29 <-- 0.101729 s
currentSize : 30 <-- 0.274818 s
currentSize : 32 <-- 0.274863 s
currentSize : 34 <-- 0.274995 s
currentSize : 35 <-- 0.300134 s
currentSize : 36 <-- 0.300579 s

maxsize : 36
nodes : 86299.000000
filtered : 762320.000000
time : 0.369544
