Parameters: GAD=1 vflib=1 dir=1 label=1 lowerbound=1 fileNameGp=../graphsdb/mcs70/rand/r01/mcs70_r01_s90.A22 fileNameGt=../graphsdb/mcs70/rand/r01/mcs70_r01_s90.B22
Reading graphs...
90 : 800
90 : 800
Initializing...
maxdom : 9
D->valSize : 546
Solving...
Blb : 5 (clique : 24)
currentSize : 24 <-- 0.005808 s
currentSize : 27 <-- 0.014288 s
currentSize : 29 <-- 0.046429 s
currentSize : 32 <-- 0.055491 s
currentSize : 39 <-- 0.069432 s
currentSize : 45 <-- 0.099673 s
currentSize : 48 <-- 0.156010 s
currentSize : 63 <-- 0.194712 s

maxsize : 63
nodes : 30453.000000
filtered : 632443.000000
time : 0.224300
