Parameters: GAD=1 vflib=1 dir=1 label=1 lowerbound=1 fileNameGp=../graphsdb/mcs70/m3D/m3Dr4/mcs70_m3Dr4_s100.A07 fileNameGt=../graphsdb/mcs70/m3D/m3Dr4/mcs70_m3Dr4_s100.B07
Reading graphs...
100 : 275
100 : 274
Initializing...
maxdom : 7
D->valSize : 388
Solving...
Blb : 2 (clique : 53)
currentSize : 53 <-- 0.004238 s
currentSize : 55 <-- 0.004569 s
currentSize : 56 <-- 0.005076 s
currentSize : 58 <-- 34.938141 s
currentSize : 59 <-- 34.938698 s
currentSize : 60 <-- 34.939320 s
currentSize : 62 <-- 576.657715 s
currentSize : 63 <-- 576.658447 s
currentSize : 64 <-- 576.659119 s

maxsize : 64
nodes : 180097223.000000
filtered : 609911018.000000
time : 879.787781
