Parameters: GAD=1 vflib=1 dir=1 label=1 lowerbound=1 fileNameGp=../graphsdb/mcs70/m3D/m3Dr2/mcs70_m3Dr2_s100.A58 fileNameGt=../graphsdb/mcs70/m3D/m3Dr2/mcs70_m3Dr2_s100.B58
Reading graphs...
100 : 255
100 : 254
Initializing...
maxdom : 8
D->valSize : 383
Solving...
Blb : 2 (clique : 51)
currentSize : 51 <-- 0.004041 s
currentSize : 54 <-- 0.006176 s
currentSize : 57 <-- 0.575571 s
currentSize : 60 <-- 94.475433 s
currentSize : 64 <-- 96.079163 s

maxsize : 64
nodes : 32757666.000000
filtered : 156409966.000000
time : 178.184586
