Parameters: GAD=1 vflib=1 dir=1 label=1 lowerbound=1 fileNameGp=../graphsdb/mcs70/m2D/m2Dr6/mcs70_m2Dr6_s80.A86 fileNameGt=../graphsdb/mcs70/m2D/m2Dr6/mcs70_m2Dr6_s80.B86
Reading graphs...
80 : 190
80 : 187
Initializing...
maxdom : 8
D->valSize : 423
Solving...
Blb : 2 (clique : 36)
currentSize : 36 <-- 0.004177 s
currentSize : 37 <-- 0.004531 s
currentSize : 38 <-- 0.004897 s
currentSize : 44 <-- 1.217565 s
currentSize : 45 <-- 1.219803 s
currentSize : 47 <-- 46.413677 s
currentSize : 48 <-- 74.922997 s
currentSize : 49 <-- 112.864136 s

maxsize : 49
nodes : 24331785.000000
filtered : 191143474.000000
time : 128.127579
