Parameters: GAD=1 vflib=1 dir=1 label=1 lowerbound=1 fileNameGp=../graphsdb/mcs70/m2D/m2D/mcs70_m2D_s40.A68 fileNameGt=../graphsdb/mcs70/m2D/m2D/mcs70_m2D_s40.B68
Reading graphs...
40 : 67
40 : 67
Initializing...
maxdom : 8
D->valSize : 217
Solving...
Blb : 2 (clique : 16)
currentSize : 16 <-- 0.001523 s
currentSize : 17 <-- 0.013652 s
currentSize : 18 <-- 0.013727 s
currentSize : 19 <-- 0.022989 s
currentSize : 21 <-- 0.061370 s
currentSize : 22 <-- 0.061441 s
currentSize : 23 <-- 0.061944 s
currentSize : 24 <-- 0.090794 s
currentSize : 25 <-- 0.091618 s

maxsize : 25
nodes : 50075.000000
filtered : 412668.000000
time : 0.230678
