Parameters: GAD=1 vflib=1 dir=1 label=1 lowerbound=1 fileNameGp=../graphsdb/mcs70/m2D/m2D/mcs70_m2D_s70.A10 fileNameGt=../graphsdb/mcs70/m2D/m2D/mcs70_m2D_s70.B10
Reading graphs...
70 : 123
70 : 123
Initializing...
maxdom : 10
D->valSize : 380
Solving...
Blb : 2 (clique : 39)
currentSize : 39 <-- 0.003442 s
currentSize : 40 <-- 0.003804 s
currentSize : 42 <-- 0.004082 s
currentSize : 43 <-- 0.004229 s
currentSize : 44 <-- 1.409681 s
currentSize : 45 <-- 3.327487 s
currentSize : 46 <-- 4.428247 s
currentSize : 49 <-- 4.734537 s

maxsize : 49
nodes : 1111909.000000
filtered : 6182057.000000
time : 5.094338
