Parameters: GAD=1 vflib=1 dir=1 label=1 lowerbound=1 fileNameGp=../graphsdb/mcs70/m2D/m2Dr6/mcs70_m2Dr6_s90.A80 fileNameGt=../graphsdb/mcs70/m2D/m2Dr6/mcs70_m2Dr6_s90.B80
Reading graphs...
90 : 215
90 : 215
Initializing...
maxdom : 13
D->valSize : 602
Solving...
Blb : 2 (clique : 51)
currentSize : 51 <-- 0.007506 s
currentSize : 52 <-- 0.008036 s
currentSize : 54 <-- 0.009286 s
currentSize : 57 <-- 0.009522 s
currentSize : 58 <-- 0.099775 s
currentSize : 59 <-- 6.179689 s
currentSize : 63 <-- 9.540528 s
currentSize : 64 <-- 9.568632 s

maxsize : 64
nodes : 77301956.000000
filtered : 510262481.000000
time : 398.830475
