Parameters: GAD=1 vflib=1 dir=1 label=1 lowerbound=1 fileNameGp=../graphsdb/mcs70/m2D/m2Dr2/mcs70_m2Dr2_s35.A92 fileNameGt=../graphsdb/mcs70/m2D/m2Dr2/mcs70_m2Dr2_s35.B92
Reading graphs...
35 : 65
35 : 65
Initializing...
maxdom : 7
D->valSize : 162
Solving...
Blb : 2 (clique : 15)
currentSize : 15 <-- 0.001056 s
currentSize : 17 <-- 0.001166 s
currentSize : 19 <-- 0.001589 s
currentSize : 22 <-- 0.002174 s
currentSize : 25 <-- 0.005904 s

maxsize : 25
nodes : 1423.000000
filtered : 10575.000000
time : 0.006591
