Parameters: GAD=1 vflib=1 dir=1 label=1 lowerbound=1 fileNameGp=../graphsdb/mcs70/bvg/b03m/mcs70_b03m_s80.A28 fileNameGt=../graphsdb/mcs70/bvg/b03m/mcs70_b03m_s80.B28
Reading graphs...
80 : 120
80 : 120
Initializing...
maxdom : 7
D->valSize : 418
Solving...
Blb : 2 (clique : 45)
currentSize : 45 <-- 0.004470 s
currentSize : 46 <-- 0.004901 s
currentSize : 47 <-- 0.023386 s
currentSize : 49 <-- 28.502426 s
currentSize : 50 <-- 28.502787 s
currentSize : 51 <-- 28.507051 s
currentSize : 52 <-- 28.507641 s
currentSize : 53 <-- 195.918823 s
currentSize : 54 <-- 195.919342 s
currentSize : 55 <-- 195.923721 s
currentSize : 56 <-- 195.924530 s

maxsize : 56
nodes : 66912293.000000
filtered : 362010928.000000
time : 324.461121
