Parameters: GAD=1 vflib=1 dir=1 label=1 lowerbound=1 fileNameGp=../graphsdb/mcs70/m2D/m2Dr2/mcs70_m2Dr2_s80.A52 fileNameGt=../graphsdb/mcs70/m2D/m2Dr2/mcs70_m2Dr2_s80.B52
Reading graphs...
80 : 158
80 : 157
Initializing...
maxdom : 9
D->valSize : 446
Solving...
Blb : 2 (clique : 37)
currentSize : 37 <-- 0.007479 s
currentSize : 39 <-- 0.021448 s
currentSize : 41 <-- 0.030829 s
currentSize : 43 <-- 0.040439 s
currentSize : 44 <-- 2445.896240 s
currentSize : 45 <-- 2445.898682 s

TIMEOUT
maxsize : 45
nodes : 658340878.000000
filtered : 5505512486.000000
time : 3600.000000
