Parameters: GAD=1 vflib=1 dir=1 label=1 lowerbound=1 fileNameGp=../graphsdb/mcs70/m3D/m3Dr6/mcs70_m3Dr6_s35.A19 fileNameGt=../graphsdb/mcs70/m3D/m3Dr6/mcs70_m3Dr6_s35.B19
Reading graphs...
35 : 93
35 : 91
Initializing...
maxdom : 6
D->valSize : 160
Solving...
Blb : 3 (clique : 15)
currentSize : 15 <-- 0.000978 s
currentSize : 17 <-- 0.001133 s
currentSize : 18 <-- 0.002140 s
currentSize : 22 <-- 0.002502 s
currentSize : 26 <-- 0.004159 s
currentSize : 27 <-- 0.004332 s

maxsize : 27
nodes : 817.000000
filtered : 9344.000000
time : 0.004564
