Parameters: GAD=1 vflib=1 dir=1 label=1 lowerbound=1 fileNameGp=../graphsdb/mcs70/bvg/b06/mcs70_b06_s70.A04 fileNameGt=../graphsdb/mcs70/bvg/b06/mcs70_b06_s70.B04
Reading graphs...
70 : 210
70 : 210
Initializing...
maxdom : 8
D->valSize : 376
Solving...
Blb : 3 (clique : 33)
currentSize : 33 <-- 0.003409 s
currentSize : 36 <-- 0.702148 s
currentSize : 37 <-- 0.702252 s
currentSize : 38 <-- 0.704860 s
currentSize : 39 <-- 2.566817 s
currentSize : 40 <-- 2.589820 s
currentSize : 41 <-- 2.592385 s
currentSize : 42 <-- 8.184385 s
currentSize : 46 <-- 11.186677 s
currentSize : 47 <-- 11.186971 s
currentSize : 48 <-- 11.282272 s
currentSize : 49 <-- 11.282700 s

maxsize : 49
nodes : 3494181.000000
filtered : 18190431.000000
time : 14.895776
