Parameters: GAD=1 vflib=1 dir=1 label=1 lowerbound=1 fileNameGp=../graphsdb/mcs70/m3D/m3D/mcs70_m3D_s90.A89 fileNameGt=../graphsdb/mcs70/m3D/m3D/mcs70_m3D_s90.B89
Reading graphs...
90 : 209
90 : 209
Initializing...
maxdom : 10
D->valSize : 572
Solving...
Blb : 2 (clique : 51)
currentSize : 51 <-- 0.007068 s
currentSize : 52 <-- 0.025656 s
currentSize : 55 <-- 1.781796 s
currentSize : 56 <-- 1.966510 s
currentSize : 58 <-- 14.603013 s
currentSize : 59 <-- 14.603355 s
currentSize : 60 <-- 14.841760 s
currentSize : 61 <-- 92.881187 s
currentSize : 62 <-- 93.315414 s
currentSize : 63 <-- 93.315758 s
currentSize : 64 <-- 93.377968 s

maxsize : 64
nodes : 40801002.000000
filtered : 219002916.000000
time : 204.066818
