Parameters: GAD=1 vflib=1 dir=1 label=1 lowerbound=1 fileNameGp=../graphsdb/mcs70/bvg/b03m/mcs70_b03m_s20.A91 fileNameGt=../graphsdb/mcs70/bvg/b03m/mcs70_b03m_s20.B91
Reading graphs...
20 : 30
20 : 30
Initializing...
maxdom : 7
D->valSize : 107
Solving...
Blb : 5 (clique : 8)
currentSize : 8 <-- 0.000497 s
currentSize : 9 <-- 0.000536 s
currentSize : 10 <-- 0.000611 s
currentSize : 11 <-- 0.000804 s
currentSize : 12 <-- 0.001170 s
currentSize : 15 <-- 0.001326 s

maxsize : 15
nodes : 419.000000
filtered : 3513.000000
time : 0.001756
