Parameters: GAD=1 vflib=1 dir=1 label=1 lowerbound=1 fileNameGp=../graphsdb/mcs70/bvg/b09/mcs70_b09_s100.A01 fileNameGt=../graphsdb/mcs70/bvg/b09/mcs70_b09_s100.B01
Reading graphs...
100 : 450
100 : 450
Initializing...
maxdom : 8
D->valSize : 370
Solving...
Blb : 3 (clique : 55)
currentSize : 55 <-- 0.003973 s
currentSize : 56 <-- 0.004733 s
currentSize : 59 <-- 0.011498 s
currentSize : 66 <-- 4.433430 s
currentSize : 70 <-- 4.437580 s

maxsize : 70
nodes : 1234307.000000
filtered : 7622195.000000
time : 6.986157
