Parameters: GAD=1 vflib=1 dir=1 label=1 lowerbound=1 fileNameGp=../graphsdb/mcs70/bvg/b06/mcs70_b06_s40.A33 fileNameGt=../graphsdb/mcs70/bvg/b06/mcs70_b06_s40.B33
Reading graphs...
40 : 120
40 : 120
Initializing...
maxdom : 7
D->valSize : 214
Solving...
Blb : 2 (clique : 14)
currentSize : 14 <-- 0.001289 s
currentSize : 15 <-- 0.001805 s
currentSize : 19 <-- 0.001920 s
currentSize : 20 <-- 0.001986 s
currentSize : 21 <-- 0.004165 s
currentSize : 22 <-- 0.004217 s
currentSize : 25 <-- 0.008537 s
currentSize : 28 <-- 0.008604 s

maxsize : 28
nodes : 3986.000000
filtered : 36946.000000
time : 0.015896
