Parameters: GAD=1 vflib=1 dir=1 label=1 lowerbound=1 fileNameGp=../graphsdb/mcs70/rand/r005/mcs70_r005_s40.A13 fileNameGt=../graphsdb/mcs70/rand/r005/mcs70_r005_s40.B13
Reading graphs...
40 : 77
40 : 77
Initializing...
maxdom : 11
D->valSize : 231
Solving...
Blb : 5 (clique : 20)
currentSize : 20 <-- 0.001434 s
currentSize : 21 <-- 0.003372 s
currentSize : 22 <-- 0.006837 s
currentSize : 23 <-- 0.007411 s
currentSize : 24 <-- 0.010867 s
currentSize : 25 <-- 0.012228 s
currentSize : 26 <-- 0.012256 s
currentSize : 27 <-- 0.016073 s
currentSize : 28 <-- 0.020210 s

maxsize : 28
nodes : 4530.000000
filtered : 58396.000000
time : 0.022587
