Parameters: GAD=1 vflib=1 dir=1 label=1 lowerbound=1 fileNameGp=../graphsdb/mcs70/m2D/m2D/mcs70_m2D_s60.A82 fileNameGt=../graphsdb/mcs70/m2D/m2D/mcs70_m2D_s60.B82
Reading graphs...
60 : 104
60 : 104
Initializing...
maxdom : 7
D->valSize : 256
Solving...
Blb : 2 (clique : 31)
currentSize : 31 <-- 0.002979 s
currentSize : 32 <-- 0.404010 s
currentSize : 34 <-- 0.404765 s
currentSize : 36 <-- 3.859051 s
currentSize : 37 <-- 3.859194 s

maxsize : 37
nodes : 1464701.000000
filtered : 9402308.000000
time : 6.728895
