Parameters: GAD=1 vflib=1 dir=1 label=1 lowerbound=1 fileNameGp=../graphsdb/mcs70/m2D/m2Dr4/mcs70_m2Dr4_s80.A26 fileNameGt=../graphsdb/mcs70/m2D/m2Dr4/mcs70_m2Dr4_s80.B26
Reading graphs...
80 : 174
80 : 174
Initializing...
maxdom : 9
D->valSize : 447
Solving...
Blb : 2 (clique : 28)
currentSize : 28 <-- 0.004900 s
currentSize : 44 <-- 0.005158 s
currentSize : 46 <-- 0.005372 s
currentSize : 47 <-- 0.048313 s
currentSize : 50 <-- 0.048653 s
currentSize : 51 <-- 0.069689 s

maxsize : 51
nodes : 50141900.000000
filtered : 264339751.000000
time : 228.687927
