Parameters: GAD=1 vflib=1 dir=1 label=1 lowerbound=1 fileNameGp=../graphsdb/mcs70/m2D/m2Dr2/mcs70_m2Dr2_s50.A55 fileNameGt=../graphsdb/mcs70/m2D/m2Dr2/mcs70_m2Dr2_s50.B55
Reading graphs...
50 : 95
50 : 95
Initializing...
maxdom : 9
D->valSize : 326
Solving...
Blb : 3 (clique : 30)
currentSize : 30 <-- 0.002419 s
currentSize : 31 <-- 0.370003 s
currentSize : 32 <-- 1.052388 s
currentSize : 33 <-- 1.253210 s
currentSize : 36 <-- 1.728756 s

maxsize : 36
nodes : 423897.000000
filtered : 3987029.000000
time : 1.832778
