Parameters: GAD=1 vflib=1 dir=1 label=1 lowerbound=1 fileNameGp=../graphsdb/mcs70/m3D/m3D/mcs70_m3D_s100.A66 fileNameGt=../graphsdb/mcs70/m3D/m3D/mcs70_m3D_s100.B66
Reading graphs...
100 : 235
100 : 235
Initializing...
maxdom : 8
D->valSize : 394
Solving...
Blb : 2 (clique : 56)
currentSize : 56 <-- 0.007102 s
currentSize : 58 <-- 0.011320 s
currentSize : 59 <-- 0.013152 s
currentSize : 60 <-- 0.319424 s
currentSize : 61 <-- 0.320575 s
currentSize : 62 <-- 2.999710 s
currentSize : 63 <-- 130.599106 s
currentSize : 64 <-- 130.599838 s

maxsize : 64
nodes : 535833939.000000
filtered : 1264490806.000000
time : 2297.440918
