Parameters: GAD=1 vflib=1 dir=1 label=1 lowerbound=1 fileNameGp=../graphsdb/mcs70/m2D/m2Dr2/mcs70_m2Dr2_s40.A10 fileNameGt=../graphsdb/mcs70/m2D/m2Dr2/mcs70_m2Dr2_s40.B10
Reading graphs...
40 : 75
40 : 75
Initializing...
maxdom : 8
D->valSize : 221
Solving...
Blb : 2 (clique : 16)
currentSize : 16 <-- 0.001449 s
currentSize : 17 <-- 0.003089 s
currentSize : 18 <-- 0.093258 s
currentSize : 19 <-- 0.173621 s
currentSize : 20 <-- 0.564156 s
currentSize : 21 <-- 1.114375 s
currentSize : 23 <-- 1.689521 s
currentSize : 24 <-- 1.689637 s
currentSize : 25 <-- 1.689899 s
currentSize : 26 <-- 1.694124 s

maxsize : 26
nodes : 422249.000000
filtered : 3663810.000000
time : 1.773654
