Parameters: GAD=1 vflib=1 dir=1 label=1 lowerbound=1 fileNameGp=../graphsdb/mcs70/bvg/b03m/mcs70_b03m_s90.A43 fileNameGt=../graphsdb/mcs70/bvg/b03m/mcs70_b03m_s90.B43
Reading graphs...
90 : 135
90 : 135
Initializing...
maxdom : 9
D->valSize : 541
Solving...
Blb : 2 (clique : 50)
currentSize : 50 <-- 0.006454 s
currentSize : 52 <-- 0.013552 s
currentSize : 54 <-- 16.421516 s
currentSize : 57 <-- 16.422243 s
currentSize : 59 <-- 16.423141 s
currentSize : 61 <-- 16.424351 s
currentSize : 62 <-- 343.035858 s

maxsize : 62
nodes : 203377049.000000
filtered : 1265047882.000000
time : 1121.937866
