Parameters: GAD=1 vflib=1 dir=1 label=1 lowerbound=1 fileNameGp=../graphsdb/mcs70/bvg/b06/mcs70_b06_s40.A00 fileNameGt=../graphsdb/mcs70/bvg/b06/mcs70_b06_s40.B00
Reading graphs...
40 : 120
40 : 120
Initializing...
maxdom : 8
D->valSize : 204
Solving...
Blb : 2 (clique : 12)
currentSize : 12 <-- 0.001150 s
currentSize : 13 <-- 0.001816 s
currentSize : 16 <-- 0.001862 s
currentSize : 17 <-- 0.002672 s
currentSize : 20 <-- 0.007437 s
currentSize : 21 <-- 0.007530 s
currentSize : 28 <-- 0.015646 s

maxsize : 28
nodes : 4785.000000
filtered : 36628.000000
time : 0.017854
