Parameters: GAD=1 vflib=1 dir=1 label=1 lowerbound=1 fileNameGp=../graphsdb/mcs70/m2D/m2D/mcs70_m2D_s60.A20 fileNameGt=../graphsdb/mcs70/m2D/m2D/mcs70_m2D_s60.B20
Reading graphs...
60 : 104
60 : 104
Initializing...
maxdom : 12
D->valSize : 345
Solving...
Blb : 2 (clique : 27)
currentSize : 27 <-- 0.004523 s
currentSize : 28 <-- 0.004839 s
currentSize : 31 <-- 0.006258 s
currentSize : 32 <-- 0.006467 s
currentSize : 33 <-- 0.014330 s
currentSize : 34 <-- 0.014475 s
currentSize : 36 <-- 0.113895 s
currentSize : 37 <-- 0.150834 s

maxsize : 37
nodes : 809855.000000
filtered : 5391408.000000
time : 3.773482
