Parameters: GAD=1 vflib=1 dir=1 label=1 lowerbound=1 fileNameGp=../graphsdb/mcs70/m2D/m2Dr4/mcs70_m2Dr4_s90.A21 fileNameGt=../graphsdb/mcs70/m2D/m2Dr4/mcs70_m2Dr4_s90.B21
Reading graphs...
90 : 197
90 : 196
Initializing...
maxdom : 10
D->valSize : 567
Solving...
Blb : 2 (clique : 42)
currentSize : 42 <-- 0.011454 s
currentSize : 43 <-- 0.012159 s
currentSize : 45 <-- 0.012551 s
currentSize : 46 <-- 0.012736 s
currentSize : 47 <-- 0.014616 s
currentSize : 51 <-- 0.016175 s
currentSize : 52 <-- 0.017126 s
currentSize : 53 <-- 0.024735 s
currentSize : 54 <-- 0.025739 s
currentSize : 55 <-- 0.041723 s
currentSize : 56 <-- 0.044776 s
currentSize : 57 <-- 0.055193 s
currentSize : 59 <-- 0.058903 s
currentSize : 60 <-- 0.063623 s
currentSize : 63 <-- 67.460129 s
currentSize : 64 <-- 67.464058 s

maxsize : 64
nodes : 24745252.000000
filtered : 160525100.000000
time : 128.476151
