Parameters: GAD=1 vflib=1 dir=1 label=1 lowerbound=1 fileNameGp=../graphsdb/mcs70/m2D/m2D/mcs70_m2D_s100.A47 fileNameGt=../graphsdb/mcs70/m2D/m2D/mcs70_m2D_s100.B47
Reading graphs...
100 : 180
100 : 180
Initializing...
maxdom : 8
D->valSize : 408
Solving...
Blb : 2 (clique : 45)
currentSize : 45 <-- 0.008122 s
currentSize : 46 <-- 0.074711 s
currentSize : 48 <-- 0.074757 s
currentSize : 49 <-- 26.312918 s
currentSize : 51 <-- 26.312977 s
currentSize : 52 <-- 42.007957 s
currentSize : 53 <-- 56.355064 s
currentSize : 55 <-- 56.855518 s
currentSize : 57 <-- 98.228149 s
currentSize : 58 <-- 98.267586 s
currentSize : 59 <-- 303.680695 s
currentSize : 60 <-- 333.770721 s
currentSize : 61 <-- 333.770966 s
currentSize : 62 <-- 333.771332 s
currentSize : 63 <-- 333.849670 s
currentSize : 64 <-- 518.157654 s
currentSize : 65 <-- 532.777893 s

maxsize : 65
nodes : 166859287.000000
filtered : 630705455.000000
time : 816.708496
