Parameters: GAD=1 vflib=1 dir=1 label=1 lowerbound=1 fileNameGp=../graphsdb/mcs70/rand/r001/mcs70_r001_s100.A23 fileNameGt=../graphsdb/mcs70/rand/r001/mcs70_r001_s100.B23
Reading graphs...
100 : 120
100 : 120
Initializing...
maxdom : 11
D->valSize : 377
Solving...
Blb : 2 (clique : 57)
currentSize : 57 <-- 0.004342 s
currentSize : 59 <-- 0.004774 s
currentSize : 60 <-- 0.005085 s
currentSize : 62 <-- 0.005286 s
currentSize : 63 <-- 0.005845 s
currentSize : 64 <-- 0.009838 s
currentSize : 65 <-- 0.067948 s
currentSize : 67 <-- 0.147659 s
currentSize : 68 <-- 0.228583 s
currentSize : 69 <-- 1.774643 s
currentSize : 70 <-- 1.852242 s

maxsize : 70
nodes : 517078.000000
filtered : 2326198.000000
time : 3.273374
