Parameters: GAD=1 vflib=1 dir=1 label=1 lowerbound=1 fileNameGp=../graphsdb/mcs70/bvg/b06/mcs70_b06_s40.A25 fileNameGt=../graphsdb/mcs70/bvg/b06/mcs70_b06_s40.B25
Reading graphs...
40 : 120
40 : 120
Initializing...
maxdom : 8
D->valSize : 218
Solving...
Blb : 2 (clique : 17)
currentSize : 17 <-- 0.001235 s
currentSize : 19 <-- 0.001325 s
currentSize : 20 <-- 0.003952 s
currentSize : 24 <-- 0.012198 s
currentSize : 26 <-- 0.023080 s
currentSize : 28 <-- 0.028365 s

maxsize : 28
nodes : 9895.000000
filtered : 80197.000000
time : 0.036979
