Parameters: GAD=1 vflib=1 dir=1 label=1 lowerbound=1 fileNameGp=../graphsdb/mcs70/bvg/b09/mcs70_b09_s90.A83 fileNameGt=../graphsdb/mcs70/bvg/b09/mcs70_b09_s90.B83
Reading graphs...
90 : 405
90 : 405
Initializing...
maxdom : 10
D->valSize : 577
Solving...
Blb : 2 (clique : 28)
currentSize : 28 <-- 0.010976 s
currentSize : 29 <-- 0.355321 s
currentSize : 30 <-- 0.355975 s
currentSize : 31 <-- 0.356047 s
currentSize : 32 <-- 3.297531 s
currentSize : 33 <-- 3.297634 s
currentSize : 34 <-- 13.906161 s
currentSize : 35 <-- 78.846321 s
currentSize : 36 <-- 78.846436 s
currentSize : 37 <-- 80.921112 s
currentSize : 38 <-- 87.859573 s
currentSize : 39 <-- 107.854301 s
currentSize : 40 <-- 107.854416 s
currentSize : 42 <-- 117.633453 s
currentSize : 43 <-- 117.683174 s
currentSize : 44 <-- 140.900391 s
currentSize : 60 <-- 187.487366 s
currentSize : 62 <-- 187.487549 s

maxsize : 62
nodes : 39101056.000000
filtered : 270771621.000000
time : 195.163589
