Parameters: GAD=1 vflib=1 dir=1 label=1 lowerbound=1 fileNameGp=../graphsdb/mcs70/rand/r005/mcs70_r005_s60.A16 fileNameGt=../graphsdb/mcs70/rand/r005/mcs70_r005_s60.B16
Reading graphs...
60 : 176
60 : 176
Initializing...
maxdom : 6
D->valSize : 262
Solving...
Blb : 2 (clique : 26)
currentSize : 26 <-- 0.002958 s
currentSize : 27 <-- 0.068940 s
currentSize : 29 <-- 0.076294 s
currentSize : 30 <-- 0.093831 s
currentSize : 32 <-- 0.134965 s
currentSize : 34 <-- 0.150859 s
currentSize : 42 <-- 0.158188 s

maxsize : 42
nodes : 30610.000000
filtered : 217828.000000
time : 0.160858
