Parameters: GAD=1 vflib=1 dir=1 label=1 lowerbound=1 fileNameGp=../graphsdb/mcs70/m2D/m2Dr4/mcs70_m2Dr4_s80.A50 fileNameGt=../graphsdb/mcs70/m2D/m2Dr4/mcs70_m2Dr4_s80.B50
Reading graphs...
80 : 174
80 : 173
Initializing...
maxdom : 8
D->valSize : 418
Solving...
Blb : 2 (clique : 34)
currentSize : 34 <-- 0.004084 s
currentSize : 35 <-- 0.004527 s
currentSize : 36 <-- 0.045550 s
currentSize : 37 <-- 0.046271 s
currentSize : 38 <-- 0.076165 s
currentSize : 39 <-- 0.076460 s
currentSize : 40 <-- 0.082977 s
currentSize : 41 <-- 0.089302 s
currentSize : 42 <-- 0.089692 s
currentSize : 43 <-- 0.115782 s
currentSize : 44 <-- 5.059816 s
currentSize : 45 <-- 5.067647 s
currentSize : 46 <-- 22.648708 s
currentSize : 47 <-- 22.650320 s
currentSize : 49 <-- 22.675163 s
currentSize : 50 <-- 22.675339 s

maxsize : 50
nodes : 10078637.000000
filtered : 62950182.000000
time : 49.210503
