Parameters: GAD=1 vflib=1 dir=1 label=1 lowerbound=1 fileNameGp=../graphsdb/mcs70/m3D/m3D/mcs70_m3D_s100.A35 fileNameGt=../graphsdb/mcs70/m3D/m3D/mcs70_m3D_s100.B35
Reading graphs...
100 : 235
100 : 235
Initializing...
maxdom : 6
D->valSize : 366
Solving...
Blb : 2 (clique : 53)
currentSize : 53 <-- 0.007090 s
currentSize : 54 <-- 0.008142 s
currentSize : 55 <-- 0.009082 s
currentSize : 56 <-- 0.010156 s
currentSize : 57 <-- 0.012094 s
currentSize : 58 <-- 30.685163 s
currentSize : 59 <-- 30.702051 s
currentSize : 60 <-- 470.218903 s
currentSize : 61 <-- 470.219604 s
currentSize : 62 <-- 470.221527 s
currentSize : 63 <-- 513.224487 s
currentSize : 64 <-- 513.235779 s

maxsize : 64
nodes : 176135252.000000
filtered : 747791453.000000
time : 941.264343
