Parameters: GAD=1 vflib=1 dir=1 label=1 lowerbound=1 fileNameGp=../graphsdb/mcs70/m2D/m2Dr6/m2Dr6/mcs70_m2Dr6_s35.A55 fileNameGt=../graphsdb/mcs70/m2D/m2Dr6/m2Dr6/mcs70_m2Dr6_s35.B55
Reading graphs...
35 : 79
35 : 79
Initializing...
maxdom : 9
D->valSize : 185
Solving...
Blb : 2 (clique : 18)
currentSize : 18 <-- 0.001151 s
currentSize : 19 <-- 0.001275 s
currentSize : 21 <-- 0.001341 s
currentSize : 24 <-- 0.001600 s
currentSize : 25 <-- 0.003444 s

maxsize : 25
nodes : 981.000000
filtered : 8114.000000
time : 0.004735
