Parameters: GAD=1 vflib=1 dir=1 label=1 lowerbound=1 fileNameGp=../graphsdb/mcs70/m2D/m2D/mcs70_m2D_s70.A80 fileNameGt=../graphsdb/mcs70/m2D/m2D/mcs70_m2D_s70.B80
Reading graphs...
70 : 123
70 : 123
Initializing...
maxdom : 8
D->valSize : 339
Solving...
Blb : 3 (clique : 26)
currentSize : 26 <-- 0.002927 s
currentSize : 29 <-- 0.003101 s
currentSize : 30 <-- 0.016524 s
currentSize : 34 <-- 0.030124 s
currentSize : 35 <-- 0.207600 s
currentSize : 36 <-- 0.207646 s
currentSize : 37 <-- 0.410988 s
currentSize : 38 <-- 0.649832 s
currentSize : 39 <-- 0.649889 s
currentSize : 40 <-- 0.649928 s
currentSize : 41 <-- 1.059421 s
currentSize : 42 <-- 1.939188 s
currentSize : 43 <-- 1.939682 s
currentSize : 44 <-- 4.432854 s
currentSize : 47 <-- 6.413915 s
currentSize : 48 <-- 10.365942 s
currentSize : 49 <-- 11.589865 s

maxsize : 49
nodes : 3205204.000000
filtered : 12968802.000000
time : 12.732469
