Parameters: GAD=1 vflib=1 dir=1 label=1 lowerbound=1 fileNameGp=../graphsdb/mcs70/m2D/m2Dr6/mcs70_m2Dr6_s60.A81 fileNameGt=../graphsdb/mcs70/m2D/m2Dr6/mcs70_m2Dr6_s60.B81
Reading graphs...
60 : 140
60 : 140
Initializing...
maxdom : 8
D->valSize : 266
Solving...
Blb : 2 (clique : 31)
currentSize : 31 <-- 0.002101 s
currentSize : 32 <-- 0.002317 s
currentSize : 33 <-- 0.011259 s
currentSize : 34 <-- 2.487860 s
currentSize : 36 <-- 3.005679 s

maxsize : 36
nodes : 1212027.000000
filtered : 6255563.000000
time : 4.825352
