Parameters: GAD=1 vflib=1 dir=1 label=1 lowerbound=1 fileNameGp=../graphsdb/mcs70/m2D/m2Dr6/mcs70_m2Dr6_s80.A96 fileNameGt=../graphsdb/mcs70/m2D/m2Dr6/mcs70_m2Dr6_s80.B96
Reading graphs...
80 : 190
80 : 188
Initializing...
maxdom : 8
D->valSize : 422
Solving...
Blb : 2 (clique : 43)
currentSize : 43 <-- 0.004307 s
currentSize : 44 <-- 0.004715 s
currentSize : 48 <-- 0.041083 s
currentSize : 49 <-- 0.143708 s
currentSize : 50 <-- 0.143972 s

maxsize : 50
nodes : 30083629.000000
filtered : 191322411.000000
time : 150.326019
