Parameters: GAD=1 vflib=1 dir=1 label=1 lowerbound=1 fileNameGp=../graphsdb/mcs70/bvg/b06m/mcs70_b06m_s70.A66 fileNameGt=../graphsdb/mcs70/bvg/b06m/mcs70_b06m_s70.B66
Reading graphs...
70 : 210
70 : 210
Initializing...
maxdom : 8
D->valSize : 349
Solving...
Blb : 2 (clique : 41)
currentSize : 41 <-- 0.003305 s
currentSize : 42 <-- 0.003637 s
currentSize : 45 <-- 0.003745 s
currentSize : 46 <-- 0.021092 s
currentSize : 49 <-- 0.021191 s

maxsize : 49
nodes : 170412.000000
filtered : 1050151.000000
time : 0.740151
