Parameters: GAD=1 vflib=1 dir=1 label=1 lowerbound=1 fileNameGp=../graphsdb/mcs70/bvg/b09m/mcs70_b09m_s90.A42 fileNameGt=../graphsdb/mcs70/bvg/b09m/mcs70_b09m_s90.B42
Reading graphs...
90 : 405
90 : 405
Initializing...
maxdom : 13
D->valSize : 603
Solving...
Blb : 3 (clique : 27)
currentSize : 27 <-- 0.007360 s
currentSize : 36 <-- 0.007607 s
currentSize : 37 <-- 0.007763 s
currentSize : 38 <-- 0.008090 s
currentSize : 39 <-- 0.008311 s
currentSize : 42 <-- 0.008818 s
currentSize : 43 <-- 0.008905 s
currentSize : 49 <-- 0.105551 s
currentSize : 51 <-- 0.105669 s
currentSize : 52 <-- 0.106061 s
currentSize : 54 <-- 0.106301 s
currentSize : 56 <-- 0.106430 s
currentSize : 60 <-- 5.938744 s
currentSize : 62 <-- 5.938947 s

maxsize : 62
nodes : 1993009.000000
filtered : 16692151.000000
time : 10.752490
