Parameters: GAD=1 vflib=1 dir=1 label=1 lowerbound=1 fileNameGp=../graphsdb/mcs70/m2D/m2Dr2/mcs70_m2Dr2_s90.A50 fileNameGt=../graphsdb/mcs70/m2D/m2Dr2/mcs70_m2Dr2_s90.B50
Reading graphs...
90 : 179
90 : 179
Initializing...
maxdom : 12
D->valSize : 570
Solving...
Blb : 3 (clique : 53)
currentSize : 53 <-- 0.007121 s
currentSize : 54 <-- 8.326592 s
currentSize : 56 <-- 8.365439 s
currentSize : 58 <-- 8.365512 s
currentSize : 59 <-- 12.137998 s
currentSize : 60 <-- 60.573311 s
currentSize : 62 <-- 60.575241 s
currentSize : 64 <-- 60.575336 s

maxsize : 64
nodes : 35868283.000000
filtered : 289326152.000000
time : 215.908295
