Parameters: GAD=1 vflib=1 dir=1 label=1 lowerbound=1 fileNameGp=../graphsdb/mcs70/m2D/m2Dr2/mcs70_m2Dr2_s50.A95 fileNameGt=../graphsdb/mcs70/m2D/m2Dr2/mcs70_m2Dr2_s50.B95
Reading graphs...
50 : 95
50 : 95
Initializing...
maxdom : 10
D->valSize : 333
Solving...
Blb : 2 (clique : 27)
currentSize : 27 <-- 0.004057 s
currentSize : 30 <-- 0.004282 s
currentSize : 31 <-- 0.004467 s
currentSize : 34 <-- 0.295491 s
currentSize : 36 <-- 0.368882 s

maxsize : 36
nodes : 82188.000000
filtered : 701263.000000
time : 0.400857
