Parameters: GAD=1 vflib=1 dir=1 label=1 lowerbound=1 fileNameGp=../graphsdb/mcs70/m2D/m2D/mcs70_m2D_s40.A20 fileNameGt=../graphsdb/mcs70/m2D/m2D/mcs70_m2D_s40.B20
Reading graphs...
40 : 67
40 : 67
Initializing...
maxdom : 8
D->valSize : 230
Solving...
Blb : 2 (clique : 15)
currentSize : 15 <-- 0.001329 s
currentSize : 20 <-- 0.001416 s
currentSize : 21 <-- 0.001514 s
currentSize : 22 <-- 0.001545 s
currentSize : 23 <-- 0.001663 s
currentSize : 24 <-- 0.001693 s
currentSize : 25 <-- 0.002810 s

maxsize : 25
nodes : 68595.000000
filtered : 294663.000000
time : 0.215052
