Parameters: GAD=1 vflib=1 dir=1 label=1 lowerbound=1 fileNameGp=../graphsdb/mcs70/rand/r01/mcs70_r01_s70.A54 fileNameGt=../graphsdb/mcs70/rand/r01/mcs70_r01_s70.B54
Reading graphs...
70 : 482
70 : 482
Initializing...
maxdom : 12
D->valSize : 394
Solving...
Blb : 2 (clique : 12)
currentSize : 12 <-- 0.003320 s
currentSize : 13 <-- 0.004668 s
currentSize : 14 <-- 0.005178 s
currentSize : 15 <-- 0.074183 s
currentSize : 16 <-- 0.074380 s
currentSize : 23 <-- 0.075699 s
currentSize : 24 <-- 0.082218 s
currentSize : 25 <-- 0.082818 s
currentSize : 34 <-- 0.082925 s
currentSize : 35 <-- 0.091512 s
currentSize : 49 <-- 0.097224 s

maxsize : 49
nodes : 20474.000000
filtered : 171152.000000
time : 0.099789
