Parameters: GAD=1 vflib=1 dir=1 label=1 lowerbound=1 fileNameGp=../graphsdb/mcs70/m2D/m2Dr6/m2Dr6/mcs70_m2Dr6_s35.A13 fileNameGt=../graphsdb/mcs70/m2D/m2Dr6/m2Dr6/mcs70_m2Dr6_s35.B13
Reading graphs...
35 : 79
35 : 78
Initializing...
maxdom : 10
D->valSize : 202
Solving...
Blb : 2 (clique : 16)
currentSize : 16 <-- 0.001168 s
currentSize : 17 <-- 0.002264 s
currentSize : 19 <-- 0.002314 s
currentSize : 20 <-- 0.004368 s
currentSize : 22 <-- 0.009004 s
currentSize : 25 <-- 0.013516 s

maxsize : 25
nodes : 4836.000000
filtered : 31276.000000
time : 0.015913
