Parameters: GAD=1 vflib=1 dir=1 label=1 lowerbound=1 fileNameGp=../graphsdb/mcs70/rand/r01/mcs70_r01_s70.A44 fileNameGt=../graphsdb/mcs70/rand/r01/mcs70_r01_s70.B44
Reading graphs...
70 : 482
70 : 482
Initializing...
maxdom : 9
D->valSize : 365
Solving...
Blb : 2 (clique : 17)
currentSize : 17 <-- 0.003020 s
currentSize : 20 <-- 0.003186 s
currentSize : 21 <-- 0.003316 s
currentSize : 27 <-- 0.006387 s
currentSize : 28 <-- 0.013787 s
currentSize : 30 <-- 0.021673 s
currentSize : 37 <-- 0.024488 s
currentSize : 49 <-- 0.027599 s

maxsize : 49
nodes : 4391.000000
filtered : 80081.000000
time : 0.029549
