Parameters: GAD=1 vflib=1 dir=1 label=1 lowerbound=1 fileNameGp=../graphsdb/mcs70/m2D/m2Dr2/mcs70_m2Dr2_s60.A27 fileNameGt=../graphsdb/mcs70/m2D/m2Dr2/mcs70_m2Dr2_s60.B27
Reading graphs...
60 : 116
60 : 115
Initializing...
maxdom : 9
D->valSize : 276
Solving...
Blb : 2 (clique : 29)
currentSize : 29 <-- 0.002239 s
currentSize : 30 <-- 0.002476 s
currentSize : 31 <-- 0.030484 s
currentSize : 32 <-- 0.087004 s
currentSize : 33 <-- 0.114198 s
currentSize : 34 <-- 0.135815 s
currentSize : 35 <-- 1.006104 s
currentSize : 36 <-- 1.730418 s
currentSize : 37 <-- 1.802863 s
currentSize : 38 <-- 2.485141 s

maxsize : 38
nodes : 746312.000000
filtered : 5069544.000000
time : 3.266332
