Parameters: GAD=1 vflib=1 dir=1 label=1 lowerbound=1 fileNameGp=../graphsdb/mcs70/bvg/b03m/mcs70_b03m_s20.A31 fileNameGt=../graphsdb/mcs70/bvg/b03m/mcs70_b03m_s20.B31
Reading graphs...
20 : 30
20 : 30
Initializing...
maxdom : 7
D->valSize : 99
Solving...
Blb : 2 (clique : 7)
currentSize : 7 <-- 0.000681 s
currentSize : 8 <-- 0.000855 s
currentSize : 9 <-- 0.000910 s
currentSize : 10 <-- 0.001159 s
currentSize : 11 <-- 0.001403 s
currentSize : 14 <-- 0.001456 s

maxsize : 14
nodes : 368.000000
filtered : 2487.000000
time : 0.002070
