Parameters: GAD=1 vflib=1 dir=1 label=1 lowerbound=1 fileNameGp=../graphsdb/mcs70/m2D/m2D/mcs70_m2D_s80.A81 fileNameGt=../graphsdb/mcs70/m2D/m2D/mcs70_m2D_s80.B81
Reading graphs...
80 : 142
80 : 142
Initializing...
maxdom : 10
D->valSize : 451
Solving...
Blb : 2 (clique : 34)
currentSize : 34 <-- 0.004673 s
currentSize : 35 <-- 72.345345 s
currentSize : 36 <-- 200.201035 s
currentSize : 37 <-- 201.807602 s
currentSize : 38 <-- 883.293762 s
currentSize : 39 <-- 1192.863403 s
currentSize : 40 <-- 1428.355591 s
currentSize : 42 <-- 1428.355713 s
currentSize : 43 <-- 1428.370728 s
currentSize : 44 <-- 1428.620239 s
currentSize : 45 <-- 1428.686523 s
currentSize : 46 <-- 1428.686646 s
currentSize : 47 <-- 1526.504761 s
currentSize : 49 <-- 1526.509399 s
currentSize : 50 <-- 1526.526978 s

maxsize : 50
nodes : 316881931.000000
filtered : 2391672751.000000
time : 1629.509644
