Parameters: GAD=1 vflib=1 dir=1 label=1 lowerbound=1 fileNameGp=../graphsdb/mcs70/bvg/b03/mcs70_b03_s70.A86 fileNameGt=../graphsdb/mcs70/bvg/b03/mcs70_b03_s70.B86
Reading graphs...
70 : 105
70 : 105
Initializing...
maxdom : 9
D->valSize : 348
Solving...
Blb : 2 (clique : 35)
currentSize : 35 <-- 0.004995 s
currentSize : 36 <-- 0.005364 s
currentSize : 41 <-- 0.010714 s
currentSize : 43 <-- 0.011842 s
currentSize : 44 <-- 0.012473 s
currentSize : 45 <-- 194.734375 s
currentSize : 47 <-- 194.735245 s
currentSize : 48 <-- 211.898132 s

maxsize : 48
nodes : 52704859.000000
filtered : 268808843.000000
time : 224.647537
