Parameters: GAD=1 vflib=1 dir=1 label=1 lowerbound=1 fileNameGp=../graphsdb/mcs70/m2D/m2Dr2/mcs70_m2Dr2_s70.A57 fileNameGt=../graphsdb/mcs70/m2D/m2Dr2/mcs70_m2Dr2_s70.B57
Reading graphs...
70 : 137
70 : 137
Initializing...
maxdom : 9
D->valSize : 308
Solving...
Blb : 2 (clique : 26)
currentSize : 26 <-- 0.004183 s
currentSize : 30 <-- 0.004435 s
currentSize : 31 <-- 0.004730 s
currentSize : 32 <-- 0.005755 s
currentSize : 33 <-- 0.010931 s
currentSize : 34 <-- 0.011511 s
currentSize : 35 <-- 0.180098 s
currentSize : 36 <-- 0.204678 s
currentSize : 37 <-- 0.206910 s
currentSize : 38 <-- 0.259195 s
currentSize : 39 <-- 0.373386 s
currentSize : 40 <-- 0.373675 s
currentSize : 41 <-- 0.375819 s
currentSize : 42 <-- 0.376297 s
currentSize : 43 <-- 1.007640 s
currentSize : 44 <-- 1.008025 s
currentSize : 46 <-- 5.890492 s
currentSize : 49 <-- 6.251775 s

maxsize : 49
nodes : 1567688.000000
filtered : 6135998.000000
time : 6.494836
