Parameters: GAD=1 vflib=1 dir=1 label=1 lowerbound=1 fileNameGp=../graphsdb/mcs70/m3D/m3Dr4/mcs70_m3Dr4_s40.A59 fileNameGt=../graphsdb/mcs70/m3D/m3Dr4/mcs70_m3Dr4_s40.B59
Reading graphs...
40 : 100
40 : 99
Initializing...
maxdom : 7
D->valSize : 207
Solving...
Blb : 2 (clique : 19)
currentSize : 19 <-- 0.001212 s
currentSize : 20 <-- 0.012614 s
currentSize : 21 <-- 0.012727 s
currentSize : 22 <-- 0.025640 s
currentSize : 23 <-- 0.025949 s
currentSize : 24 <-- 0.049879 s
currentSize : 26 <-- 0.049930 s
currentSize : 27 <-- 0.050062 s

maxsize : 27
nodes : 15779.000000
filtered : 101932.000000
time : 0.056405
