Parameters: GAD=1 vflib=1 dir=1 label=1 lowerbound=1 fileNameGp=../graphsdb/mcs70/bvg/b09/mcs70_b09_s90.A93 fileNameGt=../graphsdb/mcs70/bvg/b09/mcs70_b09_s90.B93
Reading graphs...
90 : 405
90 : 405
Initializing...
maxdom : 10
D->valSize : 566
Solving...
Blb : 2 (clique : 25)
currentSize : 25 <-- 0.010692 s
currentSize : 31 <-- 0.250368 s
currentSize : 32 <-- 0.250782 s
currentSize : 33 <-- 0.326856 s
currentSize : 36 <-- 1.089520 s
currentSize : 37 <-- 1.089775 s
currentSize : 38 <-- 1.090301 s
currentSize : 39 <-- 1.091111 s
currentSize : 40 <-- 1.092814 s
currentSize : 44 <-- 104.020218 s
currentSize : 51 <-- 186.782501 s
currentSize : 53 <-- 186.785049 s
currentSize : 59 <-- 186.788940 s
currentSize : 62 <-- 186.789993 s

maxsize : 62
nodes : 40046431.000000
filtered : 287077273.000000
time : 210.485641
