Parameters: GAD=1 vflib=1 dir=1 label=1 lowerbound=1 fileNameGp=../graphsdb/mcs70/bvg/b03/mcs70_b03_s50.A38 fileNameGt=../graphsdb/mcs70/bvg/b03/mcs70_b03_s50.B38
Reading graphs...
50 : 75
50 : 75
Initializing...
maxdom : 12
D->valSize : 352
Solving...
Blb : 2 (clique : 24)
currentSize : 24 <-- 0.004368 s
currentSize : 25 <-- 0.092209 s
currentSize : 26 <-- 0.225151 s
currentSize : 27 <-- 0.936950 s
currentSize : 28 <-- 2.169899 s
currentSize : 29 <-- 2.791546 s
currentSize : 31 <-- 3.218725 s
currentSize : 32 <-- 3.223299 s
currentSize : 33 <-- 5.544668 s
currentSize : 34 <-- 5.553357 s

maxsize : 34
nodes : 1579387.000000
filtered : 16061031.000000
time : 7.527310
