Parameters: GAD=1 vflib=1 dir=1 label=1 lowerbound=1 fileNameGp=../graphsdb/mcs70/rand/r01/mcs70_r01_s80.A49 fileNameGt=../graphsdb/mcs70/rand/r01/mcs70_r01_s80.B49
Reading graphs...
80 : 631
80 : 631
Initializing...
maxdom : 9
D->valSize : 444
Solving...
Blb : 2 (clique : 26)
currentSize : 26 <-- 0.004149 s
currentSize : 27 <-- 0.004441 s
currentSize : 32 <-- 0.004585 s
currentSize : 34 <-- 0.004750 s
currentSize : 43 <-- 0.029861 s
currentSize : 56 <-- 0.045410 s

maxsize : 56
nodes : 7973.000000
filtered : 150261.000000
time : 0.055526
