Parameters: GAD=1 vflib=1 dir=1 label=1 lowerbound=1 fileNameGp=../graphsdb/mcs70/bvg/b09/mcs70_b09_s90.A25 fileNameGt=../graphsdb/mcs70/bvg/b09/mcs70_b09_s90.B25
Reading graphs...
90 : 405
90 : 405
Initializing...
maxdom : 10
D->valSize : 574
Solving...
Blb : 3 (clique : 24)
currentSize : 24 <-- 0.010834 s
currentSize : 25 <-- 6.101094 s
currentSize : 26 <-- 6.945888 s
currentSize : 27 <-- 6.945975 s
currentSize : 28 <-- 6.946457 s
currentSize : 29 <-- 16.702801 s
currentSize : 32 <-- 22.185841 s
currentSize : 34 <-- 22.186119 s
currentSize : 35 <-- 32.160633 s
currentSize : 37 <-- 32.161407 s
currentSize : 39 <-- 32.175426 s
currentSize : 46 <-- 44.325459 s
currentSize : 47 <-- 44.325607 s
currentSize : 49 <-- 48.885201 s
currentSize : 51 <-- 52.174591 s
currentSize : 58 <-- 52.174820 s
currentSize : 62 <-- 56.572044 s

maxsize : 62
nodes : 10302040.000000
filtered : 102299778.000000
time : 59.358379
