Parameters: GAD=1 vflib=1 dir=1 label=1 lowerbound=1 fileNameGp=../graphsdb/mcs70/m3D/m3Dr2/mcs70_m3Dr2_s35.A11 fileNameGt=../graphsdb/mcs70/m3D/m3Dr2/mcs70_m3Dr2_s35.B11
Reading graphs...
35 : 79
35 : 79
Initializing...
maxdom : 11
D->valSize : 204
Solving...
Blb : 3 (clique : 19)
currentSize : 19 <-- 0.001283 s
currentSize : 22 <-- 0.001556 s
currentSize : 24 <-- 0.001818 s
currentSize : 25 <-- 0.002467 s
currentSize : 27 <-- 0.002519 s

maxsize : 27
nodes : 542.000000
filtered : 5128.000000
time : 0.002952
