Parameters: GAD=1 vflib=1 dir=1 label=1 lowerbound=1 fileNameGp=../graphsdb/mcs70/rand/r005/mcs70_r005_s35.A32 fileNameGt=../graphsdb/mcs70/rand/r005/mcs70_r005_s35.B32
Reading graphs...
35 : 58
35 : 58
Initializing...
maxdom : 11
D->valSize : 199
Solving...
Blb : 2 (clique : 16)
currentSize : 16 <-- 0.001129 s
currentSize : 17 <-- 0.001226 s
currentSize : 18 <-- 0.001282 s
currentSize : 19 <-- 0.003598 s
currentSize : 20 <-- 0.008657 s
currentSize : 21 <-- 0.008823 s
currentSize : 22 <-- 0.010839 s
currentSize : 24 <-- 0.011947 s

maxsize : 24
nodes : 3598.000000
filtered : 47871.000000
time : 0.018844
