Parameters: GAD=1 vflib=1 dir=1 label=1 lowerbound=1 fileNameGp=../graphsdb/mcs70/m2D/m2Dr6/mcs70_m2Dr6_s100.A11 fileNameGt=../graphsdb/mcs70/m2D/m2Dr6/mcs70_m2Dr6_s100.B11
Reading graphs...
100 : 240
100 : 239
Initializing...
maxdom : 6
D->valSize : 350
Solving...
Blb : 2 (clique : 41)
currentSize : 41 <-- 0.003811 s
currentSize : 43 <-- 0.004112 s
currentSize : 44 <-- 0.004971 s
currentSize : 46 <-- 0.011720 s
currentSize : 47 <-- 0.012457 s
currentSize : 48 <-- 0.193663 s
currentSize : 49 <-- 0.294024 s
currentSize : 50 <-- 0.294653 s
currentSize : 51 <-- 0.344470 s
currentSize : 52 <-- 0.345471 s
currentSize : 53 <-- 0.346077 s
currentSize : 54 <-- 0.474745 s
currentSize : 55 <-- 0.475406 s
currentSize : 56 <-- 65.654984 s
currentSize : 57 <-- 65.655266 s
currentSize : 59 <-- 65.704361 s
currentSize : 61 <-- 65.704659 s
currentSize : 62 <-- 65.713867 s
currentSize : 64 <-- 76.557213 s

maxsize : 64
nodes : 36558803.000000
filtered : 132165635.000000
time : 187.564957
