Parameters: GAD=1 vflib=1 dir=1 label=1 lowerbound=1 fileNameGp=../graphsdb/mcs70/m2D/m2Dr2/mcs70_m2Dr2_s80.A99 fileNameGt=../graphsdb/mcs70/m2D/m2Dr2/mcs70_m2Dr2_s80.B99
Reading graphs...
80 : 158
80 : 156
Initializing...
maxdom : 8
D->valSize : 422
Solving...
Blb : 2 (clique : 37)
currentSize : 37 <-- 0.007030 s
currentSize : 38 <-- 0.497973 s
currentSize : 39 <-- 4.381096 s
currentSize : 40 <-- 6.187944 s
currentSize : 41 <-- 6.193786 s
currentSize : 42 <-- 58.046196 s
currentSize : 43 <-- 103.430237 s
currentSize : 44 <-- 103.432755 s
currentSize : 45 <-- 103.434059 s
currentSize : 46 <-- 149.939819 s
currentSize : 47 <-- 304.289215 s
currentSize : 48 <-- 304.289368 s
currentSize : 49 <-- 329.827454 s
currentSize : 50 <-- 329.828247 s
currentSize : 51 <-- 329.828461 s
currentSize : 52 <-- 329.833801 s

maxsize : 52
nodes : 90512609.000000
filtered : 609685476.000000
time : 468.181122
