Parameters: GAD=1 vflib=1 dir=1 label=1 lowerbound=1 fileNameGp=../graphsdb/mcs70/bvg/b03m/mcs70_b03m_s50.A40 fileNameGt=../graphsdb/mcs70/bvg/b03m/mcs70_b03m_s50.B40
Reading graphs...
50 : 75
50 : 75
Initializing...
maxdom : 9
D->valSize : 357
Solving...
Blb : 2 (clique : 22)
currentSize : 22 <-- 0.002803 s
currentSize : 25 <-- 0.003463 s
currentSize : 26 <-- 0.003504 s
currentSize : 27 <-- 1.902783 s
currentSize : 28 <-- 1.902839 s
currentSize : 29 <-- 1.903447 s
currentSize : 30 <-- 4.153346 s
currentSize : 31 <-- 5.743901 s
currentSize : 34 <-- 8.015159 s

maxsize : 34
nodes : 2956067.000000
filtered : 24391854.000000
time : 12.583267
