Parameters: GAD=1 vflib=1 dir=1 label=1 lowerbound=1 fileNameGp=../graphsdb/mcs70/m2D/m2Dr4/mcs70_m2Dr4_s90.A36 fileNameGt=../graphsdb/mcs70/m2D/m2Dr4/mcs70_m2Dr4_s90.B36
Reading graphs...
90 : 197
90 : 197
Initializing...
maxdom : 10
D->valSize : 563
Solving...
Blb : 2 (clique : 39)
currentSize : 39 <-- 0.006802 s
currentSize : 41 <-- 0.044386 s
currentSize : 43 <-- 0.093602 s
currentSize : 45 <-- 0.093746 s
currentSize : 46 <-- 0.094049 s
currentSize : 50 <-- 0.165789 s
currentSize : 53 <-- 404.141174 s
currentSize : 54 <-- 404.141724 s
currentSize : 56 <-- 788.773132 s
currentSize : 61 <-- 1161.715210 s
currentSize : 64 <-- 1161.715820 s

maxsize : 64
nodes : 224765395.000000
filtered : 1744607194.000000
time : 1280.573486
