Parameters: GAD=1 vflib=1 dir=1 label=1 lowerbound=1 fileNameGp=../graphsdb/mcs70/bvg/b09/mcs70_b09_s80.A49 fileNameGt=../graphsdb/mcs70/bvg/b09/mcs70_b09_s80.B49
Reading graphs...
80 : 360
80 : 360
Initializing...
maxdom : 10
D->valSize : 455
Solving...
Blb : 3 (clique : 34)
currentSize : 34 <-- 0.004875 s
currentSize : 35 <-- 0.108185 s
currentSize : 39 <-- 3.976113 s
currentSize : 40 <-- 4.011473 s
currentSize : 43 <-- 4.228557 s
currentSize : 44 <-- 4.724518 s
currentSize : 45 <-- 5.146491 s
currentSize : 47 <-- 5.740692 s
currentSize : 52 <-- 5.742240 s
currentSize : 56 <-- 5.742499 s

maxsize : 56
nodes : 1254430.000000
filtered : 8961838.000000
time : 6.171920
