Parameters: GAD=1 vflib=1 dir=1 label=1 lowerbound=1 fileNameGp=../graphsdb/mcs70/bvg/b06/mcs70_b06_s80.A11 fileNameGt=../graphsdb/mcs70/bvg/b06/mcs70_b06_s80.B11
Reading graphs...
80 : 240
80 : 240
Initializing...
maxdom : 10
D->valSize : 471
Solving...
Blb : 3 (clique : 29)
currentSize : 29 <-- 0.004796 s
currentSize : 30 <-- 0.009585 s
currentSize : 31 <-- 0.009680 s
currentSize : 32 <-- 0.009958 s
currentSize : 33 <-- 1.545438 s
currentSize : 34 <-- 6.141094 s
currentSize : 35 <-- 6.145013 s
currentSize : 37 <-- 6.153701 s
currentSize : 44 <-- 18.294132 s
currentSize : 45 <-- 18.488434 s
currentSize : 46 <-- 18.673080 s
currentSize : 47 <-- 22.532463 s
currentSize : 48 <-- 24.020388 s
currentSize : 50 <-- 24.227484 s
currentSize : 53 <-- 25.317549 s
currentSize : 54 <-- 29.199289 s
currentSize : 56 <-- 29.206341 s
currentSize : 57 <-- 29.206762 s

maxsize : 57
nodes : 6062393.000000
filtered : 55548842.000000
time : 32.943256
