Parameters: GAD=1 vflib=1 dir=1 label=1 lowerbound=1 fileNameGp=../graphsdb/mcs70/m2D/m2D/mcs70_m2D_s100.A08 fileNameGt=../graphsdb/mcs70/m2D/m2D/mcs70_m2D_s100.B08
Reading graphs...
100 : 180
100 : 180
Initializing...
maxdom : 8
D->valSize : 360
Solving...
Blb : 2 (clique : 47)
currentSize : 47 <-- 0.006219 s
currentSize : 48 <-- 0.045395 s
currentSize : 50 <-- 0.061244 s
currentSize : 51 <-- 3.889868 s
currentSize : 53 <-- 3.891532 s
currentSize : 54 <-- 5.639119 s
currentSize : 56 <-- 6.523900 s
currentSize : 58 <-- 6.524148 s
currentSize : 59 <-- 10.238573 s
currentSize : 60 <-- 34.470497 s
currentSize : 61 <-- 34.720257 s
currentSize : 63 <-- 34.720383 s
currentSize : 64 <-- 34.725258 s

maxsize : 64
nodes : 33586105.000000
filtered : 120331970.000000
time : 175.095184
