Parameters: GAD=1 vflib=1 dir=1 label=1 lowerbound=1 fileNameGp=../graphsdb/mcs70/rand/r01/mcs70_r01_s50.A85 fileNameGt=../graphsdb/mcs70/rand/r01/mcs70_r01_s50.B85
Reading graphs...
50 : 244
50 : 244
Initializing...
maxdom : 10
D->valSize : 353
Solving...
Blb : 2 (clique : 11)
currentSize : 11 <-- 0.002419 s
currentSize : 12 <-- 0.003341 s
currentSize : 13 <-- 0.005281 s
currentSize : 16 <-- 0.017301 s
currentSize : 18 <-- 0.023162 s
currentSize : 20 <-- 0.024035 s
currentSize : 22 <-- 0.024091 s
currentSize : 28 <-- 0.028346 s
currentSize : 35 <-- 0.036604 s

maxsize : 35
nodes : 7827.000000
filtered : 112929.000000
time : 0.038722
