Parameters: GAD=1 vflib=1 dir=1 label=1 lowerbound=1 fileNameGp=../graphsdb/mcs70/m3D/m3D/mcs70_m3D_s90.A24 fileNameGt=../graphsdb/mcs70/m3D/m3D/mcs70_m3D_s90.B24
Reading graphs...
90 : 209
90 : 209
Initializing...
maxdom : 9
D->valSize : 550
Solving...
Blb : 2 (clique : 52)
currentSize : 52 <-- 0.006745 s
currentSize : 54 <-- 0.007091 s
currentSize : 55 <-- 0.007492 s
currentSize : 56 <-- 0.009087 s
currentSize : 58 <-- 0.009234 s
currentSize : 59 <-- 0.009713 s
currentSize : 60 <-- 0.011963 s
currentSize : 62 <-- 0.158826 s
currentSize : 63 <-- 0.159406 s
currentSize : 64 <-- 0.161598 s

maxsize : 64
nodes : 64589686.000000
filtered : 374868151.000000
time : 322.010132
