Parameters: GAD=1 vflib=1 dir=1 label=1 lowerbound=1 fileNameGp=../graphsdb/mcs70/m2D/m2Dr4/mcs70_m2Dr4_s90.A34 fileNameGt=../graphsdb/mcs70/m2D/m2Dr4/mcs70_m2Dr4_s90.B34
Reading graphs...
90 : 197
90 : 196
Initializing...
maxdom : 11
D->valSize : 586
Solving...
Blb : 5 (clique : 34)
currentSize : 34 <-- 0.007573 s
currentSize : 50 <-- 0.007894 s
currentSize : 51 <-- 0.008027 s
currentSize : 54 <-- 0.008229 s
currentSize : 55 <-- 0.008375 s
currentSize : 56 <-- 0.008587 s
currentSize : 57 <-- 59.513332 s
currentSize : 58 <-- 252.323517 s
currentSize : 59 <-- 252.323700 s
currentSize : 60 <-- 318.179443 s
currentSize : 61 <-- 429.403748 s
currentSize : 62 <-- 635.678955 s
currentSize : 63 <-- 675.483398 s
currentSize : 64 <-- 736.900452 s

maxsize : 64
nodes : 150374095.000000
filtered : 838199349.000000
time : 783.790100
