Parameters: GAD=1 vflib=1 dir=1 label=1 lowerbound=1 fileNameGp=../graphsdb/mcs70/m3D/m3Dr4/mcs70_m3Dr4_s90.A11 fileNameGt=../graphsdb/mcs70/m3D/m3Dr4/mcs70_m3Dr4_s90.B11
Reading graphs...
90 : 245
90 : 241
Initializing...
maxdom : 10
D->valSize : 534
Solving...
Blb : 2 (clique : 36)
currentSize : 36 <-- 0.006146 s
currentSize : 39 <-- 0.006425 s
currentSize : 40 <-- 0.006752 s
currentSize : 43 <-- 0.006867 s
currentSize : 44 <-- 0.007294 s
currentSize : 45 <-- 0.007924 s
currentSize : 51 <-- 0.008273 s
currentSize : 59 <-- 9.864475 s
currentSize : 64 <-- 10.829945 s

maxsize : 64
nodes : 1993676.000000
filtered : 15930756.000000
time : 11.511012
