Parameters: GAD=1 vflib=1 dir=1 label=1 lowerbound=1 fileNameGp=../graphsdb/mcs70/m2D/m2D/mcs70_m2D_s50.A05 fileNameGt=../graphsdb/mcs70/m2D/m2D/mcs70_m2D_s50.B05
Reading graphs...
50 : 85
50 : 85
Initializing...
maxdom : 11
D->valSize : 355
Solving...
Blb : 2 (clique : 25)
currentSize : 25 <-- 0.002704 s
currentSize : 26 <-- 0.079005 s
currentSize : 28 <-- 0.291743 s
currentSize : 31 <-- 0.379860 s
currentSize : 32 <-- 0.379959 s
currentSize : 33 <-- 0.569262 s
currentSize : 35 <-- 0.569326 s
currentSize : 36 <-- 0.569528 s

maxsize : 36
nodes : 138078.000000
filtered : 1487248.000000
time : 0.669537
