Parameters: GAD=1 vflib=1 dir=1 label=1 lowerbound=1 fileNameGp=../graphsdb/mcs70/bvg/b03/mcs70_b03_s90.A62 fileNameGt=../graphsdb/mcs70/bvg/b03/mcs70_b03_s90.B62
Reading graphs...
90 : 135
90 : 135
Initializing...
maxdom : 11
D->valSize : 590
Solving...
Blb : 2 (clique : 56)
currentSize : 56 <-- 0.007665 s
currentSize : 57 <-- 8.614786 s
currentSize : 58 <-- 8.614962 s
currentSize : 59 <-- 8.615022 s
currentSize : 60 <-- 229.239502 s
currentSize : 61 <-- 1532.460693 s
currentSize : 62 <-- 1532.460693 s
currentSize : 63 <-- 1681.102173 s
currentSize : 64 <-- 2798.697510 s

maxsize : 64
nodes : 524110932.000000
filtered : 4129207201.000000
time : 3034.647949
