Parameters: GAD=1 vflib=1 dir=1 label=1 lowerbound=1 fileNameGp=../graphsdb/mcs70/m3D/m3D/mcs70_m3D_s100.A89 fileNameGt=../graphsdb/mcs70/m3D/m3D/mcs70_m3D_s100.B89
Reading graphs...
100 : 235
100 : 235
Initializing...
maxdom : 6
D->valSize : 391
Solving...
Blb : 2 (clique : 47)
currentSize : 47 <-- 0.006854 s
currentSize : 51 <-- 0.007411 s
currentSize : 52 <-- 0.007977 s
currentSize : 53 <-- 0.008497 s
currentSize : 57 <-- 1.556796 s
currentSize : 61 <-- 3.276007 s
currentSize : 64 <-- 4.692492 s

maxsize : 64
nodes : 187469995.000000
filtered : 761778237.000000
time : 966.846069
