Parameters: GAD=1 vflib=1 dir=1 label=1 lowerbound=1 fileNameGp=../graphsdb/mcs70/m2D/m2D/mcs70_m2D_s60.A69 fileNameGt=../graphsdb/mcs70/m2D/m2D/mcs70_m2D_s60.B69
Reading graphs...
60 : 104
60 : 104
Initializing...
maxdom : 7
D->valSize : 238
Solving...
Blb : 2 (clique : 26)
currentSize : 26 <-- 0.002739 s
currentSize : 27 <-- 0.003033 s
currentSize : 32 <-- 0.083344 s
currentSize : 33 <-- 1.967007 s
currentSize : 35 <-- 2.346958 s
currentSize : 36 <-- 2.350845 s
currentSize : 37 <-- 4.340894 s

maxsize : 37
nodes : 1372600.000000
filtered : 7507585.000000
time : 5.734115
