Parameters: GAD=1 vflib=1 dir=1 label=1 lowerbound=1 fileNameGp=../graphsdb/mcs70/m2D/m2Dr2/mcs70_m2Dr2_s70.A46 fileNameGt=../graphsdb/mcs70/m2D/m2Dr2/mcs70_m2Dr2_s70.B46
Reading graphs...
70 : 137
70 : 136
Initializing...
maxdom : 8
D->valSize : 356
Solving...
Blb : 2 (clique : 40)
currentSize : 40 <-- 0.003128 s
currentSize : 41 <-- 0.003413 s
currentSize : 43 <-- 0.003490 s
currentSize : 44 <-- 0.013024 s
currentSize : 45 <-- 0.013166 s
currentSize : 47 <-- 0.013250 s
currentSize : 48 <-- 0.044431 s
currentSize : 50 <-- 0.044523 s

maxsize : 50
nodes : 194317.000000
filtered : 1076016.000000
time : 0.871432
