Parameters: GAD=1 vflib=1 dir=1 label=1 lowerbound=1 fileNameGp=../graphsdb/mcs70/bvg/b09/mcs70_b09_s40.A87 fileNameGt=../graphsdb/mcs70/bvg/b09/mcs70_b09_s40.B87
Reading graphs...
40 : 180
40 : 180
Initializing...
maxdom : 10
D->valSize : 242
Solving...
Blb : 2 (clique : 14)
currentSize : 14 <-- 0.001664 s
currentSize : 18 <-- 0.001802 s
currentSize : 19 <-- 0.002476 s
currentSize : 20 <-- 0.003114 s
currentSize : 23 <-- 0.004524 s
currentSize : 26 <-- 0.009676 s
currentSize : 28 <-- 0.014060 s

maxsize : 28
nodes : 3378.000000
filtered : 38399.000000
time : 0.016677
