Parameters: GAD=1 vflib=1 dir=1 label=1 lowerbound=1 fileNameGp=../graphsdb/mcs70/rand/r01/mcs70_r01_s80.A68 fileNameGt=../graphsdb/mcs70/rand/r01/mcs70_r01_s80.B68
Reading graphs...
80 : 631
80 : 631
Initializing...
maxdom : 8
D->valSize : 449
Solving...
Blb : 5 (clique : 27)
currentSize : 27 <-- 0.004254 s
currentSize : 30 <-- 0.012786 s
currentSize : 33 <-- 0.020323 s
currentSize : 42 <-- 0.060081 s
currentSize : 56 <-- 0.085927 s

maxsize : 56
nodes : 15065.000000
filtered : 273030.000000
time : 0.102551
