Parameters: GAD=1 vflib=1 dir=1 label=1 lowerbound=1 fileNameGp=../graphsdb/mcs70/bvg/b09m/mcs70_b09m_s100.A97 fileNameGt=../graphsdb/mcs70/bvg/b09m/mcs70_b09m_s100.B97
Reading graphs...
100 : 450
100 : 450
Initializing...
maxdom : 7
D->valSize : 382
Solving...
Blb : 3 (clique : 55)
currentSize : 55 <-- 0.004067 s
currentSize : 56 <-- 2.342466 s
currentSize : 57 <-- 2.373687 s
currentSize : 58 <-- 2.374317 s
currentSize : 60 <-- 2.384007 s
currentSize : 61 <-- 2.384585 s
currentSize : 62 <-- 2.385337 s
currentSize : 63 <-- 8.635289 s
currentSize : 64 <-- 8.636083 s
currentSize : 67 <-- 8.636299 s
currentSize : 68 <-- 8.637036 s
currentSize : 69 <-- 11.036492 s
currentSize : 70 <-- 11.037400 s

maxsize : 70
nodes : 3752167.000000
filtered : 19741079.000000
time : 19.810478
