Parameters: GAD=1 vflib=1 dir=1 label=1 lowerbound=1 fileNameGp=../graphsdb/mcs70/m3D/m3Dr2/mcs70_m3Dr2_s40.A37 fileNameGt=../graphsdb/mcs70/m3D/m3Dr2/mcs70_m3Dr2_s40.B37
Reading graphs...
40 : 92
40 : 91
Initializing...
maxdom : 7
D->valSize : 200
Solving...
Blb : 3 (clique : 21)
currentSize : 21 <-- 0.001168 s
currentSize : 22 <-- 0.005943 s
currentSize : 23 <-- 0.024806 s
currentSize : 25 <-- 0.025079 s
currentSize : 27 <-- 0.025158 s

maxsize : 27
nodes : 7498.000000
filtered : 72072.000000
time : 0.030457
