Parameters: GAD=1 vflib=1 dir=1 label=1 lowerbound=1 fileNameGp=../graphsdb/mcs70/bvg/b06/mcs70_b06_s60.A75 fileNameGt=../graphsdb/mcs70/bvg/b06/mcs70_b06_s60.B75
Reading graphs...
60 : 180
60 : 180
Initializing...
maxdom : 7
D->valSize : 252
Solving...
Blb : 2 (clique : 31)
currentSize : 31 <-- 0.001851 s
currentSize : 32 <-- 0.002046 s
currentSize : 34 <-- 0.021196 s
currentSize : 35 <-- 0.021308 s
currentSize : 41 <-- 0.049106 s
currentSize : 42 <-- 0.049166 s

maxsize : 42
nodes : 45995.000000
filtered : 233206.000000
time : 0.178227
