Parameters: GAD=1 vflib=1 dir=1 label=1 lowerbound=1 fileNameGp=../graphsdb/mcs70/bvg/b09m/mcs70_b09m_s90.A52 fileNameGt=../graphsdb/mcs70/bvg/b09m/mcs70_b09m_s90.B52
Reading graphs...
90 : 405
90 : 405
Initializing...
maxdom : 8
D->valSize : 554
Solving...
Blb : 2 (clique : 41)
currentSize : 41 <-- 0.011619 s
currentSize : 49 <-- 0.012033 s
currentSize : 55 <-- 0.016556 s
currentSize : 57 <-- 0.017688 s
currentSize : 58 <-- 0.147030 s
currentSize : 60 <-- 0.147377 s
currentSize : 61 <-- 4.058106 s
currentSize : 62 <-- 4.059119 s

maxsize : 62
nodes : 2995109.000000
filtered : 24084965.000000
time : 16.559158
