Parameters: GAD=1 vflib=1 dir=1 label=1 lowerbound=1 fileNameGp=../graphsdb/mcs70/bvg/b06/mcs70_b06_s100.A31 fileNameGt=../graphsdb/mcs70/bvg/b06/mcs70_b06_s100.B31
Reading graphs...
100 : 300
100 : 300
Initializing...
maxdom : 6
D->valSize : 366
Solving...
Blb : 3 (clique : 59)
currentSize : 59 <-- 0.003978 s
currentSize : 60 <-- 48.641163 s
currentSize : 61 <-- 48.641556 s
currentSize : 62 <-- 48.642269 s
currentSize : 63 <-- 48.651775 s
currentSize : 64 <-- 503.460876 s
currentSize : 65 <-- 503.461182 s
currentSize : 66 <-- 503.461609 s
currentSize : 67 <-- 503.462219 s
currentSize : 68 <-- 503.492096 s
currentSize : 69 <-- 503.492920 s
currentSize : 70 <-- 503.494019 s

maxsize : 70
nodes : 120586951.000000
filtered : 497463601.000000
time : 618.920166
