Parameters: GAD=1 vflib=1 dir=1 label=1 lowerbound=1 fileNameGp=../graphsdb/mcs70/rand/r005/mcs70_r005_s60.A78 fileNameGt=../graphsdb/mcs70/rand/r005/mcs70_r005_s60.B78
Reading graphs...
60 : 176
60 : 176
Initializing...
maxdom : 8
D->valSize : 274
Solving...
Blb : 2 (clique : 30)
currentSize : 30 <-- 0.002008 s
currentSize : 31 <-- 0.002272 s
currentSize : 34 <-- 0.004014 s
currentSize : 36 <-- 0.004094 s
currentSize : 38 <-- 0.083204 s
currentSize : 40 <-- 0.091833 s
currentSize : 42 <-- 0.091922 s

maxsize : 42
nodes : 23584.000000
filtered : 211859.000000
time : 0.113272
