Parameters: GAD=1 vflib=1 dir=1 label=1 lowerbound=1 fileNameGp=../graphsdb/mcs70/m2D/m2Dr6/m2Dr6/mcs70_m2Dr6_s35.A79 fileNameGt=../graphsdb/mcs70/m2D/m2Dr6/m2Dr6/mcs70_m2Dr6_s35.B79
Reading graphs...
35 : 79
35 : 79
Initializing...
maxdom : 9
D->valSize : 181
Solving...
Blb : 2 (clique : 11)
currentSize : 11 <-- 0.001131 s
currentSize : 13 <-- 0.001198 s
currentSize : 14 <-- 0.001280 s
currentSize : 18 <-- 0.001840 s
currentSize : 20 <-- 0.006453 s
currentSize : 22 <-- 0.006497 s
currentSize : 25 <-- 0.007007 s

maxsize : 25
nodes : 1823.000000
filtered : 14366.000000
time : 0.007225
