Parameters: GAD=1 vflib=1 dir=1 label=1 lowerbound=1 fileNameGp=../graphsdb/mcs70/bvg/b06m/mcs70_b06m_s70.A72 fileNameGt=../graphsdb/mcs70/bvg/b06m/mcs70_b06m_s70.B72
Reading graphs...
70 : 210
70 : 210
Initializing...
maxdom : 8
D->valSize : 374
Solving...
Blb : 3 (clique : 26)
currentSize : 26 <-- 0.005263 s
currentSize : 27 <-- 0.005582 s
currentSize : 28 <-- 0.012931 s
currentSize : 29 <-- 0.514065 s
currentSize : 30 <-- 0.618070 s
currentSize : 31 <-- 1.424793 s
currentSize : 32 <-- 4.419300 s
currentSize : 33 <-- 5.325164 s
currentSize : 34 <-- 5.325327 s
currentSize : 35 <-- 5.668167 s
currentSize : 36 <-- 7.533336 s
currentSize : 37 <-- 7.534435 s
currentSize : 38 <-- 9.869677 s
currentSize : 39 <-- 13.737721 s
currentSize : 40 <-- 13.737897 s
currentSize : 43 <-- 19.518644 s
currentSize : 49 <-- 19.519077 s

maxsize : 49
nodes : 4375723.000000
filtered : 28126408.000000
time : 20.115631
