Parameters: GAD=1 vflib=1 dir=1 label=1 lowerbound=1 fileNameGp=../graphsdb/mcs70/bvg/b06/mcs70_b06_s60.A61 fileNameGt=../graphsdb/mcs70/bvg/b06/mcs70_b06_s60.B61
Reading graphs...
60 : 180
60 : 180
Initializing...
maxdom : 9
D->valSize : 298
Solving...
Blb : 2 (clique : 24)
currentSize : 24 <-- 0.002234 s
currentSize : 27 <-- 0.006332 s
currentSize : 31 <-- 0.006386 s
currentSize : 32 <-- 0.006642 s
currentSize : 35 <-- 0.053497 s
currentSize : 36 <-- 0.053734 s
currentSize : 37 <-- 0.053898 s
currentSize : 40 <-- 0.170970 s
currentSize : 41 <-- 0.171163 s
currentSize : 42 <-- 0.171260 s

maxsize : 42
nodes : 74867.000000
filtered : 494707.000000
time : 0.290232
