Parameters: GAD=1 vflib=1 dir=1 label=1 lowerbound=1 fileNameGp=../graphsdb/mcs70/m2D/m2Dr6/mcs70_m2Dr6_s80.A35 fileNameGt=../graphsdb/mcs70/m2D/m2Dr6/mcs70_m2Dr6_s80.B35
Reading graphs...
80 : 190
80 : 190
Initializing...
maxdom : 9
D->valSize : 439
Solving...
Blb : 2 (clique : 38)
currentSize : 38 <-- 0.004459 s
currentSize : 40 <-- 0.004780 s
currentSize : 41 <-- 0.005431 s
currentSize : 42 <-- 2.901270 s
currentSize : 43 <-- 23.554220 s
currentSize : 44 <-- 26.362713 s
currentSize : 45 <-- 202.428299 s
currentSize : 46 <-- 417.178375 s
currentSize : 47 <-- 417.614990 s
currentSize : 48 <-- 417.628937 s
currentSize : 49 <-- 417.629059 s

maxsize : 49
nodes : 155832520.000000
filtered : 801670594.000000
time : 713.280396
