Parameters: GAD=1 vflib=1 dir=1 label=1 lowerbound=1 fileNameGp=../graphsdb/mcs70/rand/r01/mcs70_r01_s30.A70 fileNameGt=../graphsdb/mcs70/rand/r01/mcs70_r01_s30.B70
Reading graphs...
30 : 86
30 : 86
Initializing...
maxdom : 7
D->valSize : 127
Solving...
Blb : 3 (clique : 15)
currentSize : 15 <-- 0.000829 s
currentSize : 17 <-- 0.000993 s
currentSize : 18 <-- 0.001321 s
currentSize : 19 <-- 0.001386 s
currentSize : 21 <-- 0.001420 s

maxsize : 21
nodes : 267.000000
filtered : 2004.000000
time : 0.001661
