Parameters: GAD=1 vflib=1 dir=1 label=1 lowerbound=1 fileNameGp=../graphsdb/mcs70/m3D/m3D/mcs70_m3D_s100.A45 fileNameGt=../graphsdb/mcs70/m3D/m3D/mcs70_m3D_s100.B45
Reading graphs...
100 : 235
100 : 235
Initializing...
maxdom : 7
D->valSize : 397
Solving...
Blb : 2 (clique : 42)
currentSize : 42 <-- 0.004177 s
currentSize : 43 <-- 0.004706 s
currentSize : 44 <-- 0.009321 s
currentSize : 45 <-- 0.010400 s
currentSize : 47 <-- 0.017569 s
currentSize : 48 <-- 11.854549 s
currentSize : 50 <-- 11.859972 s
currentSize : 51 <-- 11.865739 s
currentSize : 52 <-- 11.866167 s
currentSize : 53 <-- 110.775337 s
currentSize : 54 <-- 399.077850 s
currentSize : 55 <-- 399.077942 s
currentSize : 56 <-- 399.078247 s
currentSize : 57 <-- 399.079407 s
currentSize : 58 <-- 399.092773 s
currentSize : 59 <-- 594.067139 s
currentSize : 60 <-- 1193.214111 s
currentSize : 62 <-- 1193.217041 s
currentSize : 63 <-- 1193.217163 s
currentSize : 64 <-- 1193.221802 s
currentSize : 65 <-- 1257.392822 s

maxsize : 65
nodes : 425211182.000000
filtered : 1702894051.000000
time : 2131.818848
