Parameters: GAD=1 vflib=1 dir=1 label=1 lowerbound=1 fileNameGp=../graphsdb/mcs70/rand/r005/mcs70_r005_s25.A99 fileNameGt=../graphsdb/mcs70/rand/r005/mcs70_r005_s25.B99
Reading graphs...
25 : 33
25 : 33
Initializing...
maxdom : 7
D->valSize : 156
Solving...
Blb : 2 (clique : 12)
currentSize : 12 <-- 0.000813 s
currentSize : 14 <-- 0.000933 s
currentSize : 15 <-- 0.005326 s
currentSize : 16 <-- 0.034563 s
currentSize : 17 <-- 0.044016 s

maxsize : 17
nodes : 12393.000000
filtered : 142626.000000
time : 0.045558
