Parameters: GAD=1 vflib=1 dir=1 label=1 lowerbound=1 fileNameGp=../graphsdb/mcs70/bvg/b09m/mcs70_b09m_s90.A48 fileNameGt=../graphsdb/mcs70/bvg/b09m/mcs70_b09m_s90.B48
Reading graphs...
90 : 405
90 : 405
Initializing...
maxdom : 10
D->valSize : 544
Solving...
Blb : 3 (clique : 47)
currentSize : 47 <-- 0.011154 s
currentSize : 48 <-- 3.610638 s
currentSize : 51 <-- 3.611030 s
currentSize : 52 <-- 3.611693 s
currentSize : 56 <-- 10.646403 s
currentSize : 58 <-- 10.646587 s
currentSize : 60 <-- 10.646910 s
currentSize : 62 <-- 10.647106 s

maxsize : 62
nodes : 2458663.000000
filtered : 24582843.000000
time : 15.227728
