Parameters: GAD=1 vflib=1 dir=1 label=1 lowerbound=1 fileNameGp=../graphsdb/mcs70/m2D/m2Dr4/mcs70_m2Dr4_s80.A49 fileNameGt=../graphsdb/mcs70/m2D/m2Dr4/mcs70_m2Dr4_s80.B49
Reading graphs...
80 : 174
80 : 174
Initializing...
maxdom : 8
D->valSize : 430
Solving...
Blb : 2 (clique : 29)
currentSize : 29 <-- 0.004289 s
currentSize : 31 <-- 0.004500 s
currentSize : 32 <-- 0.004603 s
currentSize : 33 <-- 0.004682 s
currentSize : 34 <-- 0.266581 s
currentSize : 35 <-- 1.250775 s
currentSize : 36 <-- 16.337767 s
currentSize : 38 <-- 28.839392 s
currentSize : 39 <-- 28.840277 s
currentSize : 40 <-- 45.885178 s
currentSize : 41 <-- 45.890175 s
currentSize : 42 <-- 45.890350 s
currentSize : 43 <-- 88.193863 s
currentSize : 44 <-- 88.209595 s
currentSize : 47 <-- 205.727417 s
currentSize : 48 <-- 205.846191 s
currentSize : 49 <-- 207.348862 s
currentSize : 50 <-- 316.082916 s

maxsize : 50
nodes : 85877618.000000
filtered : 421269142.000000
time : 398.071106
