Parameters: GAD=1 vflib=1 dir=1 label=1 lowerbound=1 fileNameGp=../graphsdb/mcs70/m2D/m2D/mcs70_m2D_s50.A27 fileNameGt=../graphsdb/mcs70/m2D/m2D/mcs70_m2D_s50.B27
Reading graphs...
50 : 85
50 : 85
Initializing...
maxdom : 10
D->valSize : 331
Solving...
Blb : 3 (clique : 18)
currentSize : 18 <-- 0.002503 s
currentSize : 20 <-- 0.003325 s
currentSize : 21 <-- 0.004377 s
currentSize : 23 <-- 0.006956 s
currentSize : 24 <-- 0.009346 s
currentSize : 25 <-- 0.123265 s
currentSize : 26 <-- 0.150978 s
currentSize : 29 <-- 0.249507 s
currentSize : 30 <-- 0.249566 s
currentSize : 31 <-- 0.251115 s
currentSize : 32 <-- 0.357516 s
currentSize : 33 <-- 0.358021 s
currentSize : 34 <-- 1.078903 s
currentSize : 35 <-- 1.078973 s
currentSize : 36 <-- 1.082955 s

maxsize : 36
nodes : 317686.000000
filtered : 2370741.000000
time : 1.263769
