Parameters: GAD=1 vflib=1 dir=1 label=1 lowerbound=1 fileNameGp=../graphsdb/mcs70/m2D/m2Dr6/mcs70_m2Dr6_s80.A26 fileNameGt=../graphsdb/mcs70/m2D/m2Dr6/mcs70_m2Dr6_s80.B26
Reading graphs...
80 : 190
80 : 189
Initializing...
maxdom : 9
D->valSize : 448
Solving...
Blb : 2 (clique : 43)
currentSize : 43 <-- 0.004544 s
currentSize : 44 <-- 0.027252 s
currentSize : 45 <-- 0.027403 s
currentSize : 48 <-- 0.027496 s
currentSize : 50 <-- 0.027764 s
currentSize : 51 <-- 0.028347 s

maxsize : 51
nodes : 11937772.000000
filtered : 79097884.000000
time : 61.449417
