Parameters: GAD=1 vflib=1 dir=1 label=1 lowerbound=1 fileNameGp=../graphsdb/mcs70/bvg/b06m/mcs70_b06m_s80.A26 fileNameGt=../graphsdb/mcs70/bvg/b06m/mcs70_b06m_s80.B26
Reading graphs...
80 : 240
80 : 240
Initializing...
maxdom : 10
D->valSize : 448
Solving...
Blb : 3 (clique : 38)
currentSize : 38 <-- 0.004558 s
currentSize : 45 <-- 0.004814 s
currentSize : 46 <-- 0.005028 s
currentSize : 47 <-- 0.065775 s
currentSize : 48 <-- 0.203484 s
currentSize : 49 <-- 0.207286 s
currentSize : 50 <-- 0.207531 s
currentSize : 51 <-- 32.536083 s
currentSize : 53 <-- 46.762001 s
currentSize : 54 <-- 46.762306 s
currentSize : 55 <-- 47.133553 s
currentSize : 56 <-- 47.133842 s

maxsize : 56
nodes : 15395826.000000
filtered : 54222850.000000
time : 63.861511
