Parameters: GAD=1 vflib=1 dir=1 label=1 lowerbound=1 fileNameGp=../graphsdb/mcs70/m2D/m2D/mcs70_m2D_s80.A13 fileNameGt=../graphsdb/mcs70/m2D/m2D/mcs70_m2D_s80.B13
Reading graphs...
80 : 142
80 : 142
Initializing...
maxdom : 9
D->valSize : 443
Solving...
Blb : 2 (clique : 40)
currentSize : 40 <-- 0.004595 s
currentSize : 41 <-- 0.005059 s
currentSize : 42 <-- 0.363633 s
currentSize : 43 <-- 0.620462 s
currentSize : 44 <-- 3.470915 s
currentSize : 45 <-- 4.060787 s
currentSize : 46 <-- 4.363242 s
currentSize : 47 <-- 607.606567 s
currentSize : 48 <-- 607.607422 s
currentSize : 49 <-- 607.682007 s
currentSize : 51 <-- 608.909058 s

maxsize : 51
nodes : 141207731.000000
filtered : 877286052.000000
time : 742.120117
