Parameters: GAD=1 vflib=1 dir=1 label=1 lowerbound=1 fileNameGp=../graphsdb/mcs70/m2D/m2D/mcs70_m2D_s90.A21 fileNameGt=../graphsdb/mcs70/m2D/m2D/mcs70_m2D_s90.B21
Reading graphs...
90 : 161
90 : 161
Initializing...
maxdom : 10
D->valSize : 565
Solving...
Blb : 2 (clique : 51)
currentSize : 51 <-- 0.007117 s
currentSize : 52 <-- 0.007641 s
currentSize : 55 <-- 0.007873 s
currentSize : 60 <-- 0.008354 s
currentSize : 63 <-- 3.230276 s
currentSize : 64 <-- 5.365234 s
currentSize : 65 <-- 5.942946 s

maxsize : 65
nodes : 128727300.000000
filtered : 836428815.000000
time : 689.612244
