Parameters: GAD=1 vflib=1 dir=1 label=1 lowerbound=1 fileNameGp=../graphsdb/mcs70/bvg/b09/mcs70_b09_s80.A98 fileNameGt=../graphsdb/mcs70/bvg/b09/mcs70_b09_s80.B98
Reading graphs...
80 : 360
80 : 360
Initializing...
maxdom : 10
D->valSize : 444
Solving...
Blb : 2 (clique : 39)
currentSize : 39 <-- 0.004364 s
currentSize : 41 <-- 0.004610 s
currentSize : 44 <-- 0.004882 s
currentSize : 45 <-- 0.005116 s
currentSize : 46 <-- 0.005384 s
currentSize : 47 <-- 0.005664 s
currentSize : 55 <-- 0.011326 s
currentSize : 56 <-- 0.011806 s

maxsize : 56
nodes : 203603.000000
filtered : 1507150.000000
time : 1.029690
