Parameters: GAD=1 vflib=1 dir=1 label=1 lowerbound=1 fileNameGp=../graphsdb/mcs70/m2D/m2Dr6/mcs70_m2Dr6_s40.A72 fileNameGt=../graphsdb/mcs70/m2D/m2Dr6/mcs70_m2Dr6_s40.B72
Reading graphs...
40 : 91
40 : 90
Initializing...
maxdom : 7
D->valSize : 205
Solving...
Blb : 2 (clique : 17)
currentSize : 17 <-- 0.001153 s
currentSize : 18 <-- 0.001259 s
currentSize : 20 <-- 0.001307 s
currentSize : 23 <-- 0.008217 s
currentSize : 25 <-- 0.045117 s

maxsize : 25
nodes : 12721.000000
filtered : 169517.000000
time : 0.058416
