Parameters: GAD=1 vflib=1 dir=1 label=1 lowerbound=1 fileNameGp=../graphsdb/mcs70/m2D/m2Dr4/mcs70_m2Dr4_s90.A26 fileNameGt=../graphsdb/mcs70/m2D/m2Dr4/mcs70_m2Dr4_s90.B26
Reading graphs...
90 : 197
90 : 195
Initializing...
maxdom : 9
D->valSize : 568
Solving...
Blb : 2 (clique : 49)
currentSize : 49 <-- 0.006880 s
currentSize : 53 <-- 36.117954 s
currentSize : 57 <-- 258.371674 s
currentSize : 61 <-- 258.376465 s
currentSize : 64 <-- 258.390778 s

maxsize : 64
nodes : 64820370.000000
filtered : 531973482.000000
time : 364.120087
