Parameters: GAD=1 vflib=1 dir=1 label=1 lowerbound=1 fileNameGp=../graphsdb/mcs70/m2D/m2D/mcs70_m2D_s90.A61 fileNameGt=../graphsdb/mcs70/m2D/m2D/mcs70_m2D_s90.B61
Reading graphs...
90 : 161
90 : 161
Initializing...
maxdom : 11
D->valSize : 547
Solving...
Blb : 2 (clique : 34)
currentSize : 34 <-- 0.006410 s
currentSize : 37 <-- 1.699005 s
currentSize : 38 <-- 21.870346 s
currentSize : 39 <-- 59.590759 s
currentSize : 40 <-- 109.341850 s
currentSize : 41 <-- 338.057434 s
currentSize : 42 <-- 414.528839 s
currentSize : 43 <-- 673.134521 s
currentSize : 44 <-- 714.350525 s
currentSize : 45 <-- 714.374573 s
currentSize : 46 <-- 1558.050415 s
currentSize : 47 <-- 2128.464111 s
currentSize : 48 <-- 2128.464600 s
currentSize : 49 <-- 2359.861572 s
currentSize : 50 <-- 2464.790527 s

TIMEOUT
maxsize : 50
nodes : 630580395.000000
filtered : 4647281046.000000
time : 3600.000000
