Parameters: GAD=1 vflib=1 dir=1 label=1 lowerbound=1 fileNameGp=../graphsdb/mcs70/m2D/m2D/mcs70_m2D_s60.A92 fileNameGt=../graphsdb/mcs70/m2D/m2D/mcs70_m2D_s60.B92
Reading graphs...
60 : 104
60 : 104
Initializing...
maxdom : 7
D->valSize : 253
Solving...
Blb : 3 (clique : 24)
currentSize : 24 <-- 0.001941 s
currentSize : 26 <-- 0.002158 s
currentSize : 27 <-- 0.002585 s
currentSize : 28 <-- 0.003269 s
currentSize : 29 <-- 0.168935 s
currentSize : 30 <-- 0.170505 s
currentSize : 34 <-- 0.296689 s
currentSize : 35 <-- 4.199370 s
currentSize : 36 <-- 4.199475 s

maxsize : 36
nodes : 5966922.000000
filtered : 37135664.000000
time : 25.016960
