Parameters: GAD=1 vflib=1 dir=1 label=1 lowerbound=1 fileNameGp=../graphsdb/mcs70/m3D/m3Dr2/mcs70_m3Dr2_s100.A31 fileNameGt=../graphsdb/mcs70/m3D/m3Dr2/mcs70_m3Dr2_s100.B31
Reading graphs...
100 : 255
100 : 255
Initializing...
maxdom : 8
D->valSize : 358
Solving...
Blb : 3 (clique : 40)
currentSize : 40 <-- 0.006088 s
currentSize : 41 <-- 0.034513 s
currentSize : 42 <-- 0.397438 s
currentSize : 43 <-- 3.022167 s
currentSize : 44 <-- 3.302603 s
currentSize : 45 <-- 6.060834 s
currentSize : 46 <-- 8.787891 s
currentSize : 47 <-- 10.316527 s
currentSize : 48 <-- 11.083665 s
currentSize : 49 <-- 18.050152 s
currentSize : 50 <-- 28.429348 s
currentSize : 51 <-- 34.256409 s
currentSize : 52 <-- 37.647442 s
currentSize : 53 <-- 40.840618 s
currentSize : 54 <-- 40.896935 s
currentSize : 55 <-- 40.897282 s
currentSize : 57 <-- 42.366356 s
currentSize : 58 <-- 42.368694 s
currentSize : 63 <-- 55.056469 s
currentSize : 64 <-- 55.056805 s

maxsize : 64
nodes : 14394537.000000
filtered : 64646414.000000
time : 76.549683
