Parameters: GAD=1 vflib=1 dir=1 label=1 lowerbound=1 fileNameGp=../graphsdb/mcs70/m2D/m2D/mcs70_m2D_s25.A97 fileNameGt=../graphsdb/mcs70/m2D/m2D/mcs70_m2D_s25.B97
Reading graphs...
25 : 40
25 : 40
Initializing...
maxdom : 8
D->valSize : 158
Solving...
Blb : 2 (clique : 12)
currentSize : 12 <-- 0.001167 s
currentSize : 13 <-- 0.003632 s
currentSize : 14 <-- 0.005254 s
currentSize : 15 <-- 0.009232 s
currentSize : 16 <-- 0.014565 s

maxsize : 16
nodes : 2956.000000
filtered : 32479.000000
time : 0.015758
