Parameters: GAD=1 vflib=1 dir=1 label=1 lowerbound=1 fileNameGp=../graphsdb/mcs70/m2D/m2Dr6/mcs70_m2Dr6_s60.A26 fileNameGt=../graphsdb/mcs70/m2D/m2Dr6/mcs70_m2Dr6_s60.B26
Reading graphs...
60 : 140
60 : 140
Initializing...
maxdom : 7
D->valSize : 258
Solving...
Blb : 3 (clique : 26)
currentSize : 26 <-- 0.001823 s
currentSize : 28 <-- 0.001961 s
currentSize : 29 <-- 0.002048 s
currentSize : 30 <-- 0.002203 s
currentSize : 31 <-- 0.002429 s
currentSize : 32 <-- 0.002585 s
currentSize : 34 <-- 0.003235 s
currentSize : 36 <-- 0.003414 s

maxsize : 36
nodes : 112921.000000
filtered : 503576.000000
time : 0.441603
