Parameters: GAD=1 vflib=1 dir=1 label=1 lowerbound=1 fileNameGp=../graphsdb/mcs70/m2D/m2Dr2/mcs70_m2Dr2_s35.A14 fileNameGt=../graphsdb/mcs70/m2D/m2Dr2/mcs70_m2Dr2_s35.B14
Reading graphs...
35 : 65
35 : 65
Initializing...
maxdom : 6
D->valSize : 171
Solving...
Blb : 2 (clique : 16)
currentSize : 16 <-- 0.000936 s
currentSize : 17 <-- 0.001052 s
currentSize : 19 <-- 0.010566 s
currentSize : 23 <-- 0.026738 s
currentSize : 25 <-- 0.026848 s

maxsize : 25
nodes : 8279.000000
filtered : 52832.000000
time : 0.030183
