Parameters: GAD=1 vflib=1 dir=1 label=1 lowerbound=1 fileNameGp=../graphsdb/mcs70/m3D/m3D/mcs70_m3D_s100.A55 fileNameGt=../graphsdb/mcs70/m3D/m3D/mcs70_m3D_s100.B55
Reading graphs...
100 : 235
100 : 235
Initializing...
maxdom : 7
D->valSize : 361
Solving...
Blb : 2 (clique : 45)
currentSize : 45 <-- 0.003955 s
currentSize : 47 <-- 0.009943 s
currentSize : 49 <-- 0.020158 s
currentSize : 51 <-- 0.020230 s
currentSize : 53 <-- 0.091093 s
currentSize : 54 <-- 37.512695 s
currentSize : 57 <-- 38.675865 s
currentSize : 58 <-- 908.880859 s
currentSize : 59 <-- 1019.532898 s
currentSize : 61 <-- 1019.534546 s
currentSize : 63 <-- 1020.192749 s
currentSize : 64 <-- 1192.809448 s

maxsize : 64
nodes : 333517536.000000
filtered : 1193068872.000000
time : 1659.543823
