Parameters: GAD=1 vflib=1 dir=1 label=1 lowerbound=1 fileNameGp=../graphsdb/mcs70/rand/r01/mcs70_r01_s60.A65 fileNameGt=../graphsdb/mcs70/rand/r01/mcs70_r01_s60.B65
Reading graphs...
60 : 353
60 : 353
Initializing...
maxdom : 7
D->valSize : 270
Solving...
Blb : 2 (clique : 13)
currentSize : 13 <-- 0.002043 s
currentSize : 14 <-- 0.002155 s
currentSize : 16 <-- 0.002207 s
currentSize : 20 <-- 0.002591 s
currentSize : 25 <-- 0.004535 s
currentSize : 27 <-- 0.005351 s
currentSize : 30 <-- 0.008084 s
currentSize : 42 <-- 0.012003 s

maxsize : 42
nodes : 2590.000000
filtered : 34485.000000
time : 0.015209
