Parameters: GAD=1 vflib=1 dir=1 label=1 lowerbound=1 fileNameGp=../graphsdb/mcs70/m3D/m3D/mcs70_m3D_s100.A18 fileNameGt=../graphsdb/mcs70/m3D/m3D/mcs70_m3D_s100.B18
Reading graphs...
100 : 235
100 : 235
Initializing...
maxdom : 11
D->valSize : 380
Solving...
Blb : 2 (clique : 33)
currentSize : 33 <-- 0.004149 s
currentSize : 35 <-- 0.004389 s
currentSize : 37 <-- 0.099846 s
currentSize : 38 <-- 0.362466 s
currentSize : 40 <-- 1.947977 s
currentSize : 41 <-- 2.329910 s
currentSize : 42 <-- 5.810405 s
currentSize : 45 <-- 11.538988 s
currentSize : 46 <-- 11.539159 s
currentSize : 47 <-- 11.540093 s
currentSize : 48 <-- 15.212367 s
currentSize : 49 <-- 34.916451 s
currentSize : 50 <-- 34.916924 s
currentSize : 51 <-- 34.927280 s
currentSize : 52 <-- 34.927586 s
currentSize : 54 <-- 246.546463 s
currentSize : 57 <-- 246.550217 s
currentSize : 59 <-- 527.789856 s
currentSize : 62 <-- 527.791748 s
currentSize : 64 <-- 613.490234 s

maxsize : 64
nodes : 150462956.000000
filtered : 669972109.000000
time : 763.705261
