Parameters: GAD=1 vflib=1 dir=1 label=1 lowerbound=1 fileNameGp=../graphsdb/mcs70/rand/r02/mcs70_r02_s80.A89 fileNameGt=../graphsdb/mcs70/rand/r02/mcs70_r02_s80.B89
Reading graphs...
80 : 1263
80 : 1263
Initializing...
maxdom : 8
D->valSize : 432
Solving...
Blb : 5 (clique : 10)
currentSize : 10 <-- 0.003887 s
currentSize : 12 <-- 0.004050 s
currentSize : 22 <-- 0.006293 s
currentSize : 25 <-- 0.009336 s
currentSize : 56 <-- 0.015688 s

maxsize : 56
nodes : 2241.000000
filtered : 60427.000000
time : 0.018525
