Parameters: GAD=1 vflib=1 dir=1 label=1 lowerbound=1 fileNameGp=../graphsdb/mcs70/m2D/m2Dr2/mcs70_m2Dr2_s25.A66 fileNameGt=../graphsdb/mcs70/m2D/m2Dr2/mcs70_m2Dr2_s25.B66
Reading graphs...
25 : 45
25 : 45
Initializing...
maxdom : 10
D->valSize : 181
Solving...
Blb : 2 (clique : 9)
currentSize : 9 <-- 0.000967 s
currentSize : 10 <-- 0.001024 s
currentSize : 11 <-- 0.002603 s
currentSize : 12 <-- 0.005435 s
currentSize : 14 <-- 0.006271 s
currentSize : 16 <-- 0.012025 s

maxsize : 16
nodes : 4388.000000
filtered : 50620.000000
time : 0.017111
