Parameters: GAD=1 vflib=1 dir=1 label=1 lowerbound=1 fileNameGp=../graphsdb/mcs70/m3D/m3Dr4/mcs70_m3Dr4_s90.A04 fileNameGt=../graphsdb/mcs70/m3D/m3Dr4/mcs70_m3Dr4_s90.B04
Reading graphs...
90 : 245
90 : 243
Initializing...
maxdom : 9
D->valSize : 576
Solving...
Blb : 2 (clique : 46)
currentSize : 46 <-- 0.007056 s
currentSize : 47 <-- 53.961414 s
currentSize : 48 <-- 222.350510 s
currentSize : 52 <-- 250.550110 s
currentSize : 53 <-- 443.139221 s
currentSize : 54 <-- 443.141693 s
currentSize : 61 <-- 457.628448 s
currentSize : 64 <-- 511.118408 s

maxsize : 64
nodes : 96327289.000000
filtered : 737397813.000000
time : 529.668030
