Parameters: GAD=1 vflib=1 dir=1 label=1 lowerbound=1 fileNameGp=../graphsdb/mcs70/bvg/b06/mcs70_b06_s35.A60 fileNameGt=../graphsdb/mcs70/bvg/b06/mcs70_b06_s35.B60
Reading graphs...
35 : 105
35 : 105
Initializing...
maxdom : 8
D->valSize : 175
Solving...
Blb : 2 (clique : 11)
currentSize : 11 <-- 0.001050 s
currentSize : 12 <-- 0.001114 s
currentSize : 13 <-- 0.001159 s
currentSize : 17 <-- 0.001697 s
currentSize : 19 <-- 0.001733 s
currentSize : 20 <-- 0.001762 s
currentSize : 22 <-- 0.003720 s
currentSize : 24 <-- 0.003750 s

maxsize : 24
nodes : 1027.000000
filtered : 7613.000000
time : 0.004168
