Parameters: GAD=1 vflib=1 dir=1 label=1 lowerbound=1 fileNameGp=../graphsdb/mcs70/bvg/b03m/mcs70_b03m_s70.A64 fileNameGt=../graphsdb/mcs70/bvg/b03m/mcs70_b03m_s70.B64
Reading graphs...
70 : 105
70 : 105
Initializing...
maxdom : 9
D->valSize : 352
Solving...
Blb : 3 (clique : 39)
currentSize : 39 <-- 0.003407 s
currentSize : 40 <-- 0.042572 s
currentSize : 41 <-- 0.043583 s
currentSize : 42 <-- 0.198580 s
currentSize : 43 <-- 1.977278 s
currentSize : 44 <-- 1.978965 s
currentSize : 45 <-- 2.190886 s
currentSize : 46 <-- 20.624889 s
currentSize : 47 <-- 20.625305 s
currentSize : 48 <-- 34.325752 s
currentSize : 49 <-- 36.678078 s

maxsize : 49
nodes : 11057577.000000
filtered : 41269511.000000
time : 42.686031
