Parameters: GAD=1 vflib=1 dir=1 label=1 lowerbound=1 fileNameGp=../graphsdb/mcs70/m2D/m2Dr6/mcs70_m2Dr6_s70.A04 fileNameGt=../graphsdb/mcs70/m2D/m2Dr6/mcs70_m2Dr6_s70.B04
Reading graphs...
70 : 165
70 : 163
Initializing...
maxdom : 9
D->valSize : 344
Solving...
Blb : 2 (clique : 33)
currentSize : 33 <-- 0.003113 s
currentSize : 35 <-- 0.004788 s
currentSize : 36 <-- 0.004923 s
currentSize : 37 <-- 0.005119 s
currentSize : 38 <-- 0.008943 s
currentSize : 40 <-- 0.009367 s
currentSize : 41 <-- 0.009544 s
currentSize : 44 <-- 0.015252 s
currentSize : 45 <-- 0.015453 s
currentSize : 46 <-- 0.016197 s
currentSize : 49 <-- 0.016327 s

maxsize : 49
nodes : 879064.000000
filtered : 5089890.000000
time : 4.036829
