Parameters: GAD=1 vflib=1 dir=1 label=1 lowerbound=1 fileNameGp=../graphsdb/mcs70/m2D/m2D/mcs70_m2D_s100.A11 fileNameGt=../graphsdb/mcs70/m2D/m2D/mcs70_m2D_s100.B11
Reading graphs...
100 : 180
100 : 180
Initializing...
maxdom : 8
D->valSize : 416
Solving...
Blb : 2 (clique : 49)
currentSize : 49 <-- 0.007766 s
currentSize : 50 <-- 145.035858 s
currentSize : 51 <-- 145.220932 s
currentSize : 52 <-- 1147.204834 s
currentSize : 53 <-- 1150.758301 s
currentSize : 54 <-- 1150.909424 s

TIMEOUT
maxsize : 54
nodes : 644205782.000000
filtered : 3586648963.000000
time : 3600.000000
