Parameters: GAD=1 vflib=1 dir=1 label=1 lowerbound=1 fileNameGp=../graphsdb/mcs70/m2D/m2Dr4/mcs70_m2Dr4_s35.A97 fileNameGt=../graphsdb/mcs70/m2D/m2Dr4/mcs70_m2Dr4_s35.B97
Reading graphs...
35 : 72
35 : 71
Initializing...
maxdom : 6
D->valSize : 163
Solving...
Blb : 3 (clique : 19)
currentSize : 19 <-- 0.000921 s
currentSize : 22 <-- 0.001678 s
currentSize : 23 <-- 0.002330 s
currentSize : 24 <-- 0.002709 s
currentSize : 25 <-- 0.003631 s

maxsize : 25
nodes : 1267.000000
filtered : 9885.000000
time : 0.005131
