Parameters: GAD=1 vflib=1 dir=1 label=1 lowerbound=1 fileNameGp=../graphsdb/mcs70/m2D/m2Dr6/mcs70_m2Dr6_s40.A95 fileNameGt=../graphsdb/mcs70/m2D/m2Dr6/mcs70_m2Dr6_s40.B95
Reading graphs...
40 : 91
40 : 88
Initializing...
maxdom : 7
D->valSize : 220
Solving...
Blb : 3 (clique : 21)
currentSize : 21 <-- 0.001290 s
currentSize : 22 <-- 0.028484 s
currentSize : 23 <-- 0.060283 s
currentSize : 24 <-- 0.152983 s
currentSize : 25 <-- 0.157775 s

maxsize : 25
nodes : 47148.000000
filtered : 417442.000000
time : 0.179458
