Parameters: GAD=1 vflib=1 dir=1 label=1 lowerbound=1 fileNameGp=../graphsdb/mcs70/m2D/m2Dr4/mcs70_m2Dr4_s70.A45 fileNameGt=../graphsdb/mcs70/m2D/m2Dr4/mcs70_m2Dr4_s70.B45
Reading graphs...
70 : 151
70 : 151
Initializing...
maxdom : 9
D->valSize : 354
Solving...
Blb : 2 (clique : 33)
currentSize : 33 <-- 0.005011 s
currentSize : 36 <-- 0.027564 s
currentSize : 37 <-- 1.957449 s
currentSize : 39 <-- 2.838939 s
currentSize : 40 <-- 2.861626 s
currentSize : 42 <-- 10.911910 s
currentSize : 43 <-- 10.912296 s
currentSize : 44 <-- 10.966765 s
currentSize : 45 <-- 13.697460 s
currentSize : 46 <-- 13.698028 s
currentSize : 47 <-- 14.961902 s
currentSize : 48 <-- 16.320312 s
currentSize : 49 <-- 20.141085 s

maxsize : 49
nodes : 5012287.000000
filtered : 25502990.000000
time : 22.036940
