Parameters: GAD=1 vflib=1 dir=1 label=1 lowerbound=1 fileNameGp=../graphsdb/mcs70/m2D/m2D/mcs70_m2D_s90.A24 fileNameGt=../graphsdb/mcs70/m2D/m2D/mcs70_m2D_s90.B24
Reading graphs...
90 : 161
90 : 161
Initializing...
maxdom : 8
D->valSize : 541
Solving...
Blb : 2 (clique : 42)
currentSize : 42 <-- 0.006366 s
currentSize : 50 <-- 0.006698 s
currentSize : 52 <-- 0.007191 s
currentSize : 54 <-- 1.412059 s
currentSize : 56 <-- 151.353790 s
currentSize : 57 <-- 433.040833 s
currentSize : 59 <-- 433.081451 s
currentSize : 60 <-- 839.649963 s
currentSize : 62 <-- 839.697449 s
currentSize : 64 <-- 994.904236 s

maxsize : 64
nodes : 265150321.000000
filtered : 1657554539.000000
time : 1423.827148
