Parameters: GAD=1 vflib=1 dir=1 label=1 lowerbound=1 fileNameGp=../graphsdb/mcs70/m3D/m3Dr4/mcs70_m3Dr4_s100.A82 fileNameGt=../graphsdb/mcs70/m3D/m3Dr4/mcs70_m3Dr4_s100.B82
Reading graphs...
100 : 275
100 : 275
Initializing...
maxdom : 8
D->valSize : 405
Solving...
Blb : 2 (clique : 58)
currentSize : 58 <-- 0.004355 s
currentSize : 59 <-- 0.005058 s
currentSize : 62 <-- 141.569397 s
currentSize : 63 <-- 141.569977 s
currentSize : 64 <-- 141.571350 s

maxsize : 64
nodes : 69596286.000000
filtered : 283655745.000000
time : 365.052826
