Parameters: GAD=1 vflib=1 dir=1 label=1 lowerbound=1 fileNameGp=../graphsdb/mcs70/rand/r01/mcs70_r01_s90.A27 fileNameGt=../graphsdb/mcs70/rand/r01/mcs70_r01_s90.B27
Reading graphs...
90 : 800
90 : 800
Initializing...
maxdom : 12
D->valSize : 635
Solving...
Blb : 3 (clique : 19)
currentSize : 19 <-- 0.012092 s
currentSize : 20 <-- 0.047078 s
currentSize : 21 <-- 0.225190 s
currentSize : 22 <-- 0.225446 s
currentSize : 26 <-- 0.225650 s
currentSize : 35 <-- 0.296760 s
currentSize : 43 <-- 0.351118 s
currentSize : 63 <-- 0.351417 s

maxsize : 63
nodes : 42463.000000
filtered : 776042.000000
time : 0.375890
