Parameters: GAD=1 vflib=1 dir=1 label=1 lowerbound=1 fileNameGp=../graphsdb/mcs70/bvg/b09/mcs70_b09_s90.A82 fileNameGt=../graphsdb/mcs70/bvg/b09/mcs70_b09_s90.B82
Reading graphs...
90 : 405
90 : 405
Initializing...
maxdom : 11
D->valSize : 557
Solving...
Blb : 3 (clique : 33)
currentSize : 33 <-- 0.010676 s
currentSize : 34 <-- 1.480637 s
currentSize : 35 <-- 1.480743 s
currentSize : 38 <-- 1.539859 s
currentSize : 39 <-- 1.540036 s
currentSize : 41 <-- 1.540554 s
currentSize : 42 <-- 1.540760 s
currentSize : 44 <-- 6.000653 s
currentSize : 48 <-- 6.002796 s
currentSize : 53 <-- 6.011540 s
currentSize : 59 <-- 6.011927 s
currentSize : 62 <-- 8.232721 s

maxsize : 62
nodes : 2326064.000000
filtered : 23666636.000000
time : 14.245836
