Parameters: GAD=1 vflib=1 dir=1 label=1 lowerbound=1 fileNameGp=../graphsdb/mcs70/m3D/m3Dr6/mcs70_m3Dr6_s90.A42 fileNameGt=../graphsdb/mcs70/m3D/m3Dr6/mcs70_m3Dr6_s90.B42
Reading graphs...
90 : 263
90 : 259
Initializing...
maxdom : 10
D->valSize : 539
Solving...
Blb : 2 (clique : 40)
currentSize : 40 <-- 0.006285 s
currentSize : 41 <-- 1.195236 s
currentSize : 42 <-- 19.320637 s
currentSize : 43 <-- 19.335567 s
currentSize : 45 <-- 33.443256 s
currentSize : 48 <-- 44.055336 s
currentSize : 49 <-- 44.055721 s
currentSize : 50 <-- 56.693405 s
currentSize : 53 <-- 56.738029 s
currentSize : 54 <-- 56.738220 s
currentSize : 56 <-- 68.845734 s
currentSize : 57 <-- 84.984497 s
currentSize : 58 <-- 84.990021 s
currentSize : 63 <-- 86.710373 s
currentSize : 64 <-- 86.710732 s
currentSize : 65 <-- 86.713249 s

maxsize : 65
nodes : 18150842.000000
filtered : 123514941.000000
time : 97.523941
