Parameters: GAD=1 vflib=1 dir=1 label=1 lowerbound=1 fileNameGp=../graphsdb/mcs70/rand/r01/mcs70_r01_s30.A12 fileNameGt=../graphsdb/mcs70/rand/r01/mcs70_r01_s30.B12
Reading graphs...
30 : 86
30 : 86
Initializing...
maxdom : 7
D->valSize : 140
Solving...
Blb : 2 (clique : 11)
currentSize : 11 <-- 0.000826 s
currentSize : 12 <-- 0.000914 s
currentSize : 13 <-- 0.001190 s
currentSize : 15 <-- 0.001225 s
currentSize : 16 <-- 0.001540 s
currentSize : 17 <-- 0.001766 s
currentSize : 18 <-- 0.001919 s
currentSize : 21 <-- 0.002325 s

maxsize : 21
nodes : 453.000000
filtered : 3884.000000
time : 0.002512
