Parameters: GAD=1 vflib=1 dir=1 label=1 lowerbound=1 fileNameGp=../graphsdb/mcs70/bvg/b06/mcs70_b06_s90.A52 fileNameGt=../graphsdb/mcs70/bvg/b06/mcs70_b06_s90.B52
Reading graphs...
90 : 270
90 : 270
Initializing...
maxdom : 10
D->valSize : 551
Solving...
Blb : 3 (clique : 38)
currentSize : 38 <-- 0.006461 s
currentSize : 40 <-- 0.006746 s
currentSize : 41 <-- 0.006919 s
currentSize : 42 <-- 0.007533 s
currentSize : 44 <-- 0.010192 s
currentSize : 45 <-- 0.010429 s
currentSize : 46 <-- 0.010639 s
currentSize : 47 <-- 0.011068 s
currentSize : 48 <-- 0.011377 s
currentSize : 49 <-- 0.016005 s
currentSize : 51 <-- 0.019951 s
currentSize : 52 <-- 0.020274 s
currentSize : 53 <-- 89.689186 s
currentSize : 54 <-- 89.689522 s
currentSize : 55 <-- 186.982544 s
currentSize : 59 <-- 186.983261 s
currentSize : 60 <-- 186.983627 s
currentSize : 62 <-- 210.385284 s
currentSize : 63 <-- 210.385727 s

maxsize : 63
nodes : 40581972.000000
filtered : 307027978.000000
time : 230.723602
