Parameters: GAD=1 vflib=1 dir=1 label=1 lowerbound=1 fileNameGp=../graphsdb/mcs70/bvg/b03m/mcs70_b03m_s50.A05 fileNameGt=../graphsdb/mcs70/bvg/b03m/mcs70_b03m_s50.B05
Reading graphs...
50 : 75
50 : 75
Initializing...
maxdom : 10
D->valSize : 374
Solving...
Blb : 2 (clique : 29)
currentSize : 29 <-- 0.004926 s
currentSize : 30 <-- 0.005497 s
currentSize : 31 <-- 0.062122 s
currentSize : 32 <-- 0.264118 s
currentSize : 33 <-- 0.431692 s
currentSize : 34 <-- 0.448382 s
currentSize : 35 <-- 0.731252 s

maxsize : 35
nodes : 352720.000000
filtered : 3449340.000000
time : 1.611606
