Parameters: GAD=1 vflib=1 dir=1 label=1 lowerbound=1 fileNameGp=../graphsdb/mcs70/bvg/b09m/mcs70_b09m_s60.A40 fileNameGt=../graphsdb/mcs70/bvg/b09m/mcs70_b09m_s60.B40
Reading graphs...
60 : 270
60 : 270
Initializing...
maxdom : 9
D->valSize : 270
Solving...
Blb : 2 (clique : 15)
currentSize : 15 <-- 0.001931 s
currentSize : 16 <-- 0.002039 s
currentSize : 17 <-- 0.002477 s
currentSize : 18 <-- 0.003403 s
currentSize : 19 <-- 0.003761 s
currentSize : 20 <-- 0.011748 s
currentSize : 21 <-- 0.020873 s
currentSize : 23 <-- 0.020905 s
currentSize : 24 <-- 0.021141 s
currentSize : 26 <-- 0.021820 s
currentSize : 29 <-- 0.035640 s
currentSize : 33 <-- 0.038683 s
currentSize : 34 <-- 0.048135 s
currentSize : 40 <-- 0.062594 s
currentSize : 42 <-- 0.062876 s

maxsize : 42
nodes : 16355.000000
filtered : 114592.000000
time : 0.073794
