Parameters: GAD=1 vflib=1 dir=1 label=1 lowerbound=1 fileNameGp=../graphsdb/mcs70/bvg/b03m/mcs70_b03m_s40.A06 fileNameGt=../graphsdb/mcs70/bvg/b03m/mcs70_b03m_s40.B06
Reading graphs...
40 : 60
40 : 60
Initializing...
maxdom : 10
D->valSize : 235
Solving...
Blb : 3 (clique : 22)
currentSize : 22 <-- 0.001411 s
currentSize : 23 <-- 0.007949 s
currentSize : 24 <-- 0.070727 s
currentSize : 25 <-- 0.136808 s
currentSize : 26 <-- 0.136903 s
currentSize : 27 <-- 0.236292 s
currentSize : 28 <-- 0.279541 s

maxsize : 28
nodes : 77482.000000
filtered : 656779.000000
time : 0.288623
