Parameters: GAD=1 vflib=1 dir=1 label=1 lowerbound=1 fileNameGp=../graphsdb/mcs70/bvg/b06/mcs70_b06_s100.A71 fileNameGt=../graphsdb/mcs70/bvg/b06/mcs70_b06_s100.B71
Reading graphs...
100 : 300
100 : 300
Initializing...
maxdom : 7
D->valSize : 363
Solving...
Blb : 2 (clique : 36)
currentSize : 36 <-- 0.003641 s
currentSize : 38 <-- 0.003916 s
currentSize : 40 <-- 0.004040 s
currentSize : 42 <-- 0.004163 s
currentSize : 43 <-- 0.004567 s
currentSize : 46 <-- 0.004880 s
currentSize : 47 <-- 0.005475 s
currentSize : 51 <-- 0.167277 s
currentSize : 52 <-- 0.167821 s
currentSize : 53 <-- 0.168836 s
currentSize : 56 <-- 1.962582 s
currentSize : 57 <-- 1.963169 s
currentSize : 58 <-- 2.170904 s
currentSize : 59 <-- 2.174163 s
currentSize : 60 <-- 7.312963 s
currentSize : 62 <-- 7.525317 s
currentSize : 63 <-- 7.530557 s
currentSize : 69 <-- 17.535187 s
currentSize : 70 <-- 17.536640 s

maxsize : 70
nodes : 5985084.000000
filtered : 33113166.000000
time : 33.491924
