Parameters: GAD=1 vflib=1 dir=1 label=1 lowerbound=1 fileNameGp=../graphsdb/mcs70/m2D/m2D/mcs70_m2D_s70.A05 fileNameGt=../graphsdb/mcs70/m2D/m2D/mcs70_m2D_s70.B05
Reading graphs...
70 : 123
70 : 123
Initializing...
maxdom : 9
D->valSize : 375
Solving...
Blb : 2 (clique : 37)
currentSize : 37 <-- 0.003795 s
currentSize : 38 <-- 0.004211 s
currentSize : 39 <-- 0.004301 s
currentSize : 40 <-- 0.006544 s
currentSize : 41 <-- 0.006662 s
currentSize : 42 <-- 0.008415 s
currentSize : 43 <-- 0.008580 s
currentSize : 44 <-- 0.019575 s
currentSize : 45 <-- 0.019707 s
currentSize : 46 <-- 0.025612 s
currentSize : 47 <-- 0.025757 s
currentSize : 48 <-- 3.182957 s
currentSize : 49 <-- 3.183131 s

maxsize : 49
nodes : 1184150.000000
filtered : 6947115.000000
time : 5.344285
