Parameters: GAD=1 vflib=1 dir=1 label=1 lowerbound=1 fileNameGp=../graphsdb/mcs70/m3D/m3Dr4/mcs70_m3Dr4_s90.A92 fileNameGt=../graphsdb/mcs70/m3D/m3Dr4/mcs70_m3Dr4_s90.B92
Reading graphs...
90 : 245
90 : 245
Initializing...
maxdom : 10
D->valSize : 546
Solving...
Blb : 2 (clique : 55)
currentSize : 55 <-- 0.006537 s
currentSize : 56 <-- 0.006934 s
currentSize : 60 <-- 0.028239 s
currentSize : 61 <-- 0.029039 s
currentSize : 62 <-- 0.029620 s
currentSize : 64 <-- 48.380459 s

maxsize : 64
nodes : 24678307.000000
filtered : 135809873.000000
time : 122.685928
