Parameters: GAD=1 vflib=1 dir=1 label=1 lowerbound=1 fileNameGp=../graphsdb/mcs70/rand/r005/mcs70_r005_s100.A40 fileNameGt=../graphsdb/mcs70/rand/r005/mcs70_r005_s100.B40
Reading graphs...
100 : 494
100 : 494
Initializing...
maxdom : 12
D->valSize : 504
Solving...
Blb : 2 (clique : 38)
currentSize : 38 <-- 0.006090 s
currentSize : 43 <-- 0.006433 s
currentSize : 52 <-- 0.010012 s
currentSize : 62 <-- 0.019114 s
currentSize : 70 <-- 0.034204 s

maxsize : 70
nodes : 47761.000000
filtered : 576620.000000
time : 0.345591
