Parameters: GAD=1 vflib=1 dir=1 label=1 lowerbound=1 fileNameGp=../graphsdb/mcs70/m2D/m2Dr4/mcs70_m2Dr4_s60.A17 fileNameGt=../graphsdb/mcs70/m2D/m2Dr4/mcs70_m2Dr4_s60.B17
Reading graphs...
60 : 128
60 : 126
Initializing...
maxdom : 7
D->valSize : 248
Solving...
Blb : 3 (clique : 25)
currentSize : 25 <-- 0.001866 s
currentSize : 27 <-- 3.079866 s
currentSize : 28 <-- 3.080128 s
currentSize : 29 <-- 3.080202 s
currentSize : 31 <-- 3.082573 s
currentSize : 32 <-- 3.082662 s
currentSize : 33 <-- 3.576604 s
currentSize : 37 <-- 3.579915 s

maxsize : 37
nodes : 966589.000000
filtered : 6113199.000000
time : 4.304477
