Parameters: GAD=1 vflib=1 dir=1 label=1 lowerbound=1 fileNameGp=../graphsdb/mcs70/m2D/m2Dr2/mcs70_m2Dr2_s60.A57 fileNameGt=../graphsdb/mcs70/m2D/m2Dr2/mcs70_m2Dr2_s60.B57
Reading graphs...
60 : 116
60 : 116
Initializing...
maxdom : 11
D->valSize : 251
Solving...
Blb : 2 (clique : 26)
currentSize : 26 <-- 0.002923 s
currentSize : 28 <-- 0.004190 s
currentSize : 32 <-- 0.020787 s
currentSize : 34 <-- 0.021166 s
currentSize : 36 <-- 0.049196 s

maxsize : 36
nodes : 58303.000000
filtered : 324600.000000
time : 0.263013
