Parameters: GAD=1 vflib=1 dir=1 label=1 lowerbound=1 fileNameGp=../graphsdb/mcs70/bvg/b06m/mcs70_b06m_s60.A15 fileNameGt=../graphsdb/mcs70/bvg/b06m/mcs70_b06m_s60.B15
Reading graphs...
60 : 180
60 : 180
Initializing...
maxdom : 6
D->valSize : 259
Solving...
Blb : 2 (clique : 35)
currentSize : 35 <-- 0.002988 s
currentSize : 36 <-- 0.003320 s
currentSize : 39 <-- 0.004581 s
currentSize : 40 <-- 0.004852 s
currentSize : 41 <-- 0.005316 s
currentSize : 42 <-- 0.005653 s

maxsize : 42
nodes : 76301.000000
filtered : 310291.000000
time : 0.306536
