Parameters: GAD=1 vflib=1 dir=1 label=1 lowerbound=1 fileNameGp=../graphsdb/mcs70/rand/r02/mcs70_r02_s80.A54 fileNameGt=../graphsdb/mcs70/rand/r02/mcs70_r02_s80.B54
Reading graphs...
80 : 1263
80 : 1263
Initializing...
maxdom : 10
D->valSize : 462
Solving...
Blb : 2 (clique : 10)
currentSize : 10 <-- 0.004239 s
currentSize : 14 <-- 0.004448 s
currentSize : 17 <-- 0.007570 s
currentSize : 29 <-- 0.008203 s
currentSize : 56 <-- 0.012659 s

maxsize : 56
nodes : 1578.000000
filtered : 42355.000000
time : 0.014497
