Parameters: GAD=1 vflib=1 dir=1 label=1 lowerbound=1 fileNameGp=../graphsdb/mcs70/bvg/b03/mcs70_b03_s100.A54 fileNameGt=../graphsdb/mcs70/bvg/b03/mcs70_b03_s100.B54
Reading graphs...
100 : 150
100 : 150
Initializing...
maxdom : 7
D->valSize : 423
Solving...
Blb : 2 (clique : 56)
currentSize : 56 <-- 0.004920 s
currentSize : 58 <-- 0.026172 s
currentSize : 59 <-- 7.137842 s
currentSize : 60 <-- 7.138081 s
currentSize : 61 <-- 17.858875 s
currentSize : 62 <-- 17.859020 s
currentSize : 63 <-- 962.508972 s
currentSize : 64 <-- 969.264954 s
currentSize : 65 <-- 969.265015 s
currentSize : 66 <-- 969.265198 s
currentSize : 67 <-- 1335.420776 s
currentSize : 68 <-- 2375.582031 s
currentSize : 69 <-- 2714.318848 s

TIMEOUT
maxsize : 69
nodes : 689550952.000000
filtered : 2708114911.000000
time : 3600.000000
