Parameters: GAD=1 vflib=1 dir=1 label=1 lowerbound=1 fileNameGp=../graphsdb/mcs70/m2D/m2Dr2/mcs70_m2Dr2_s80.A82 fileNameGt=../graphsdb/mcs70/m2D/m2Dr2/mcs70_m2Dr2_s80.B82
Reading graphs...
80 : 158
80 : 158
Initializing...
maxdom : 8
D->valSize : 427
Solving...
Blb : 2 (clique : 41)
currentSize : 41 <-- 0.004448 s
currentSize : 42 <-- 0.011283 s
currentSize : 44 <-- 0.016901 s
currentSize : 45 <-- 0.017275 s
currentSize : 46 <-- 0.155380 s
currentSize : 47 <-- 0.155418 s
currentSize : 48 <-- 0.155572 s
currentSize : 49 <-- 2.689121 s
currentSize : 50 <-- 2.689469 s
currentSize : 51 <-- 2.709511 s

maxsize : 51
nodes : 152798471.000000
filtered : 841903156.000000
time : 737.564026
