Parameters: GAD=1 vflib=1 dir=1 label=1 lowerbound=1 fileNameGp=../graphsdb/mcs70/bvg/b09m/mcs70_b09m_s90.A91 fileNameGt=../graphsdb/mcs70/bvg/b09m/mcs70_b09m_s90.B91
Reading graphs...
90 : 405
90 : 405
Initializing...
maxdom : 10
D->valSize : 572
Solving...
Blb : 3 (clique : 46)
currentSize : 46 <-- 0.006724 s
currentSize : 51 <-- 5.438352 s
currentSize : 53 <-- 5.438521 s
currentSize : 55 <-- 20.926908 s
currentSize : 59 <-- 31.067259 s
currentSize : 62 <-- 33.290371 s

maxsize : 62
nodes : 6579433.000000
filtered : 58639424.000000
time : 37.068848
