Parameters: GAD=1 vflib=1 dir=1 label=1 lowerbound=1 fileNameGp=../graphsdb/mcs70/m2D/m2Dr2/mcs70_m2Dr2_s70.A63 fileNameGt=../graphsdb/mcs70/m2D/m2Dr2/mcs70_m2Dr2_s70.B63
Reading graphs...
70 : 137
70 : 136
Initializing...
maxdom : 9
D->valSize : 371
Solving...
Blb : 2 (clique : 36)
currentSize : 36 <-- 0.003358 s
currentSize : 38 <-- 0.003570 s
currentSize : 39 <-- 0.015636 s
currentSize : 41 <-- 0.015691 s
currentSize : 42 <-- 0.062842 s
currentSize : 44 <-- 0.062909 s
currentSize : 45 <-- 1.525911 s
currentSize : 47 <-- 1.526140 s
currentSize : 50 <-- 1.542074 s

maxsize : 50
nodes : 493186.000000
filtered : 1355519.000000
time : 1.773537
