Parameters: GAD=1 vflib=1 dir=1 label=1 lowerbound=1 fileNameGp=../graphsdb/mcs70/bvg/b03/mcs70_b03_s35.A96 fileNameGt=../graphsdb/mcs70/bvg/b03/mcs70_b03_s35.B96
Reading graphs...
35 : 52
35 : 52
Initializing...
maxdom : 9
D->valSize : 212
Solving...
Blb : 5 (clique : 18)
currentSize : 18 <-- 0.001203 s
currentSize : 19 <-- 0.001298 s
currentSize : 21 <-- 0.003080 s
currentSize : 23 <-- 0.034070 s
currentSize : 25 <-- 0.034110 s

maxsize : 25
nodes : 18972.000000
filtered : 144964.000000
time : 0.067502
