Parameters: GAD=1 vflib=1 dir=1 label=1 lowerbound=1 fileNameGp=../graphsdb/mcs70/m2D/m2Dr6/mcs70_m2Dr6_s70.A79 fileNameGt=../graphsdb/mcs70/m2D/m2Dr6/mcs70_m2Dr6_s70.B79
Reading graphs...
70 : 165
70 : 165
Initializing...
maxdom : 9
D->valSize : 329
Solving...
Blb : 2 (clique : 34)
currentSize : 34 <-- 0.002840 s
currentSize : 40 <-- 0.003038 s
currentSize : 41 <-- 0.314444 s
currentSize : 42 <-- 0.428702 s
currentSize : 44 <-- 0.572371 s
currentSize : 47 <-- 3.116641 s
currentSize : 48 <-- 3.116760 s
currentSize : 49 <-- 3.116810 s
currentSize : 50 <-- 3.933925 s

maxsize : 50
nodes : 1442738.000000
filtered : 4585856.000000
time : 5.333218
