Parameters: GAD=1 vflib=1 dir=1 label=1 lowerbound=1 fileNameGp=../graphsdb/mcs70/bvg/b09/mcs70_b09_s50.A85 fileNameGt=../graphsdb/mcs70/bvg/b09/mcs70_b09_s50.B85
Reading graphs...
50 : 225
50 : 225
Initializing...
maxdom : 9
D->valSize : 320
Solving...
Blb : 2 (clique : 19)
currentSize : 19 <-- 0.003489 s
currentSize : 21 <-- 0.005559 s
currentSize : 22 <-- 0.007330 s
currentSize : 27 <-- 0.049460 s
currentSize : 30 <-- 0.050218 s
currentSize : 31 <-- 0.081279 s
currentSize : 34 <-- 0.100386 s

maxsize : 34
nodes : 19542.000000
filtered : 262158.000000
time : 0.140794
