Parameters: GAD=1 vflib=1 dir=1 label=1 lowerbound=1 fileNameGp=../graphsdb/mcs70/bvg/b09m/mcs70_b09m_s70.A73 fileNameGt=../graphsdb/mcs70/bvg/b09m/mcs70_b09m_s70.B73
Reading graphs...
70 : 315
70 : 315
Initializing...
maxdom : 9
D->valSize : 332
Solving...
Blb : 2 (clique : 28)
currentSize : 28 <-- 0.002683 s
currentSize : 29 <-- 0.272799 s
currentSize : 30 <-- 0.421117 s
currentSize : 33 <-- 0.540096 s
currentSize : 34 <-- 0.540354 s
currentSize : 35 <-- 0.540558 s
currentSize : 36 <-- 0.930915 s
currentSize : 37 <-- 0.995460 s
currentSize : 38 <-- 0.995918 s
currentSize : 40 <-- 1.277317 s
currentSize : 42 <-- 1.277476 s
currentSize : 44 <-- 1.277855 s
currentSize : 46 <-- 1.278026 s
currentSize : 48 <-- 1.280241 s

maxsize : 48
nodes : 297250.000000
filtered : 2270672.000000
time : 1.473357
