Parameters: GAD=1 vflib=1 dir=1 label=1 lowerbound=1 fileNameGp=../graphsdb/mcs70/bvg/b03/mcs70_b03_s90.A05 fileNameGt=../graphsdb/mcs70/bvg/b03/mcs70_b03_s90.B05
Reading graphs...
90 : 135
90 : 135
Initializing...
maxdom : 10
D->valSize : 595
Solving...
Blb : 2 (clique : 50)
currentSize : 50 <-- 0.012797 s
currentSize : 51 <-- 46.632576 s
currentSize : 52 <-- 46.632656 s
currentSize : 53 <-- 90.275986 s
currentSize : 55 <-- 90.276558 s
currentSize : 56 <-- 122.925888 s
currentSize : 57 <-- 280.208130 s
currentSize : 58 <-- 281.994720 s
currentSize : 59 <-- 286.523773 s
currentSize : 61 <-- 471.569183 s
currentSize : 62 <-- 472.386108 s
currentSize : 63 <-- 474.822693 s

maxsize : 63
nodes : 190767104.000000
filtered : 1581754783.000000
time : 1177.426270
