Parameters: GAD=1 vflib=1 dir=1 label=1 lowerbound=1 fileNameGp=../graphsdb/mcs70/m3D/m3D/mcs70_m3D_s40.A03 fileNameGt=../graphsdb/mcs70/m3D/m3D/mcs70_m3D_s40.B03
Reading graphs...
40 : 84
40 : 84
Initializing...
maxdom : 7
D->valSize : 221
Solving...
Blb : 2 (clique : 16)
currentSize : 16 <-- 0.001299 s
currentSize : 17 <-- 0.001421 s
currentSize : 19 <-- 0.001511 s
currentSize : 20 <-- 0.001562 s
currentSize : 24 <-- 0.002078 s
currentSize : 27 <-- 0.002168 s

maxsize : 27
nodes : 3447.000000
filtered : 33347.000000
time : 0.014946
