Parameters: GAD=1 vflib=1 dir=1 label=1 lowerbound=1 fileNameGp=../graphsdb/mcs70/bvg/b03/mcs70_b03_s40.A06 fileNameGt=../graphsdb/mcs70/bvg/b03/mcs70_b03_s40.B06
Reading graphs...
40 : 60
40 : 60
Initializing...
maxdom : 12
D->valSize : 280
Solving...
Blb : 2 (clique : 22)
currentSize : 22 <-- 0.001778 s
currentSize : 24 <-- 0.018906 s
currentSize : 25 <-- 0.073414 s
currentSize : 27 <-- 0.134998 s
currentSize : 28 <-- 0.135039 s

maxsize : 28
nodes : 67796.000000
filtered : 625676.000000
time : 0.261042
