Parameters: GAD=1 vflib=1 dir=1 label=1 lowerbound=1 fileNameGp=../graphsdb/mcs70/m3D/m3Dr4/mcs70_m3Dr4_s90.A30 fileNameGt=../graphsdb/mcs70/m3D/m3Dr4/mcs70_m3Dr4_s90.B30
Reading graphs...
90 : 245
90 : 245
Initializing...
maxdom : 11
D->valSize : 563
Solving...
Blb : 2 (clique : 55)
currentSize : 55 <-- 0.011502 s
currentSize : 56 <-- 0.012448 s
currentSize : 59 <-- 0.012812 s
currentSize : 62 <-- 0.013068 s
currentSize : 64 <-- 0.015409 s

maxsize : 64
nodes : 16792222.000000
filtered : 97139593.000000
time : 84.148621
