Parameters: GAD=1 vflib=1 dir=1 label=1 lowerbound=1 fileNameGp=../graphsdb/mcs70/bvg/b09m/mcs70_b09m_s100.A61 fileNameGt=../graphsdb/mcs70/bvg/b09m/mcs70_b09m_s100.B61
Reading graphs...
100 : 450
100 : 450
Initializing...
maxdom : 7
D->valSize : 373
Solving...
Blb : 3 (clique : 43)
currentSize : 43 <-- 0.003702 s
currentSize : 46 <-- 0.108755 s
currentSize : 47 <-- 0.113426 s
currentSize : 48 <-- 0.113818 s
currentSize : 50 <-- 0.175861 s
currentSize : 52 <-- 0.184412 s
currentSize : 58 <-- 2.380165 s
currentSize : 61 <-- 2.380373 s
currentSize : 66 <-- 7.283519 s
currentSize : 70 <-- 7.283755 s

maxsize : 70
nodes : 2052696.000000
filtered : 10372700.000000
time : 10.982229
