Parameters: GAD=1 vflib=1 dir=1 label=1 lowerbound=1 fileNameGp=../graphsdb/mcs70/m2D/m2Dr2/mcs70_m2Dr2_s90.A46 fileNameGt=../graphsdb/mcs70/m2D/m2Dr2/mcs70_m2Dr2_s90.B46
Reading graphs...
90 : 179
90 : 179
Initializing...
maxdom : 9
D->valSize : 578
Solving...
Blb : 2 (clique : 43)
currentSize : 43 <-- 0.011908 s
currentSize : 45 <-- 0.017617 s
currentSize : 46 <-- 0.283490 s
currentSize : 49 <-- 0.285100 s
currentSize : 50 <-- 0.547479 s
currentSize : 53 <-- 682.330811 s
currentSize : 54 <-- 1464.049683 s
currentSize : 55 <-- 1464.049805 s
currentSize : 56 <-- 1635.592041 s
currentSize : 57 <-- 1706.532227 s
currentSize : 58 <-- 1845.449707 s
currentSize : 59 <-- 1845.605225 s
currentSize : 60 <-- 1915.974731 s
currentSize : 61 <-- 1915.974854 s
currentSize : 62 <-- 1983.679565 s
currentSize : 63 <-- 1983.680054 s
currentSize : 64 <-- 1983.680298 s

maxsize : 64
nodes : 366153896.000000
filtered : 2655196673.000000
time : 2025.088013
