Parameters: GAD=1 vflib=1 dir=1 label=1 lowerbound=1 fileNameGp=../graphsdb/mcs70/bvg/b06/mcs70_b06_s80.A48 fileNameGt=../graphsdb/mcs70/bvg/b06/mcs70_b06_s80.B48
Reading graphs...
80 : 240
80 : 240
Initializing...
maxdom : 9
D->valSize : 463
Solving...
Blb : 3 (clique : 45)
currentSize : 45 <-- 0.007735 s
currentSize : 46 <-- 8.585005 s
currentSize : 47 <-- 14.887478 s
currentSize : 48 <-- 14.887628 s
currentSize : 49 <-- 20.456291 s
currentSize : 52 <-- 20.541162 s
currentSize : 53 <-- 20.541185 s
currentSize : 54 <-- 20.541433 s
currentSize : 55 <-- 20.541620 s
currentSize : 56 <-- 20.542101 s

maxsize : 56
nodes : 9321209.000000
filtered : 52301063.000000
time : 43.309177
