Parameters: GAD=1 vflib=1 dir=1 label=1 lowerbound=1 fileNameGp=../graphsdb/mcs70/m2D/m2Dr4/mcs70_m2Dr4_s100.A75 fileNameGt=../graphsdb/mcs70/m2D/m2Dr4/mcs70_m2Dr4_s100.B75
Reading graphs...
100 : 220
100 : 219
Initializing...
maxdom : 6
D->valSize : 372
Solving...
Blb : 2 (clique : 52)
currentSize : 52 <-- 0.004183 s
currentSize : 53 <-- 0.004946 s
currentSize : 54 <-- 0.005149 s
currentSize : 55 <-- 0.020667 s
currentSize : 56 <-- 0.067646 s
currentSize : 57 <-- 0.108753 s
currentSize : 58 <-- 0.335936 s
currentSize : 59 <-- 0.526100 s
currentSize : 60 <-- 0.677780 s
currentSize : 61 <-- 2.114333 s
currentSize : 62 <-- 2.119392 s
currentSize : 63 <-- 2.352532 s
currentSize : 64 <-- 2.461414 s
currentSize : 65 <-- 2.477474 s

maxsize : 65
nodes : 70350837.000000
filtered : 278526462.000000
time : 380.265015
