Parameters: GAD=1 vflib=1 dir=1 label=1 lowerbound=1 fileNameGp=../graphsdb/mcs70/bvg/b09m/mcs70_b09m_s50.A27 fileNameGt=../graphsdb/mcs70/bvg/b09m/mcs70_b09m_s50.B27
Reading graphs...
50 : 225
50 : 225
Initializing...
maxdom : 11
D->valSize : 376
Solving...
Blb : 3 (clique : 14)
currentSize : 14 <-- 0.002690 s
currentSize : 15 <-- 0.002810 s
currentSize : 16 <-- 0.003051 s
currentSize : 17 <-- 0.005670 s
currentSize : 18 <-- 0.008403 s
currentSize : 21 <-- 0.010407 s
currentSize : 25 <-- 0.019615 s
currentSize : 31 <-- 0.045888 s
currentSize : 32 <-- 0.050411 s
currentSize : 34 <-- 0.050470 s

maxsize : 34
nodes : 12636.000000
filtered : 184632.000000
time : 0.061819
