Parameters: GAD=1 vflib=1 dir=1 label=1 lowerbound=1 fileNameGp=../graphsdb/mcs70/m3D/m3D/mcs70_m3D_s90.A91 fileNameGt=../graphsdb/mcs70/m3D/m3D/mcs70_m3D_s90.B91
Reading graphs...
90 : 209
90 : 209
Initializing...
maxdom : 9
D->valSize : 543
Solving...
Blb : 2 (clique : 56)
currentSize : 56 <-- 0.006586 s
currentSize : 60 <-- 0.006989 s
currentSize : 61 <-- 0.007661 s
currentSize : 62 <-- 0.041363 s
currentSize : 63 <-- 0.048086 s
currentSize : 64 <-- 0.048858 s

maxsize : 64
nodes : 23043126.000000
filtered : 149025207.000000
time : 124.853760
