Parameters: GAD=1 vflib=1 dir=1 label=1 lowerbound=1 fileNameGp=../graphsdb/mcs70/m2D/m2D/mcs70_m2D_s80.A97 fileNameGt=../graphsdb/mcs70/m2D/m2D/mcs70_m2D_s80.B97
Reading graphs...
80 : 142
80 : 142
Initializing...
maxdom : 8
D->valSize : 426
Solving...
Blb : 3 (clique : 36)
currentSize : 36 <-- 0.004419 s
currentSize : 39 <-- 0.004665 s
currentSize : 40 <-- 0.020066 s
currentSize : 41 <-- 0.066481 s
currentSize : 42 <-- 0.067267 s
currentSize : 43 <-- 4.237162 s
currentSize : 44 <-- 6.710931 s
currentSize : 45 <-- 11.968934 s
currentSize : 46 <-- 372.259155 s
currentSize : 47 <-- 492.699097 s
currentSize : 49 <-- 492.699219 s

maxsize : 49
nodes : 440410236.000000
filtered : 3129835690.000000
time : 2394.719238
