Parameters: GAD=1 vflib=1 dir=1 label=1 lowerbound=1 fileNameGp=../graphsdb/mcs70/m2D/m2Dr6/mcs70_m2Dr6_s100.A49 fileNameGt=../graphsdb/mcs70/m2D/m2Dr6/mcs70_m2Dr6_s100.B49
Reading graphs...
100 : 240
100 : 240
Initializing...
maxdom : 9
D->valSize : 384
Solving...
Blb : 3 (clique : 49)
currentSize : 49 <-- 0.004162 s
currentSize : 53 <-- 0.777315 s
currentSize : 54 <-- 14.479244 s
currentSize : 55 <-- 141.689453 s
currentSize : 57 <-- 141.691147 s
currentSize : 58 <-- 153.715210 s
currentSize : 59 <-- 171.849701 s
currentSize : 62 <-- 298.288605 s
currentSize : 63 <-- 313.482697 s
currentSize : 64 <-- 332.741608 s

maxsize : 64
nodes : 81137156.000000
filtered : 366924036.000000
time : 421.160645
