Parameters: GAD=1 vflib=1 dir=1 label=1 lowerbound=1 fileNameGp=../graphsdb/mcs70/rand/r01/mcs70_r01_s40.A26 fileNameGt=../graphsdb/mcs70/rand/r01/mcs70_r01_s40.B26
Reading graphs...
40 : 155
40 : 155
Initializing...
maxdom : 9
D->valSize : 233
Solving...
Blb : 2 (clique : 13)
currentSize : 13 <-- 0.001406 s
currentSize : 15 <-- 0.001496 s
currentSize : 16 <-- 0.001636 s
currentSize : 17 <-- 0.001796 s
currentSize : 18 <-- 0.001882 s
currentSize : 21 <-- 0.002323 s
currentSize : 24 <-- 0.003801 s
currentSize : 28 <-- 0.003874 s

maxsize : 28
nodes : 1216.000000
filtered : 14679.000000
time : 0.006103
