Parameters: GAD=1 vflib=1 dir=1 label=1 lowerbound=1 fileNameGp=../graphsdb/mcs70/m3D/m3Dr4/mcs70_m3Dr4_s40.A95 fileNameGt=../graphsdb/mcs70/m3D/m3Dr4/mcs70_m3Dr4_s40.B95
Reading graphs...
40 : 100
40 : 98
Initializing...
maxdom : 9
D->valSize : 242
Solving...
Blb : 3 (clique : 17)
currentSize : 17 <-- 0.001475 s
currentSize : 18 <-- 0.048775 s
currentSize : 20 <-- 0.057684 s
currentSize : 22 <-- 0.065717 s
currentSize : 23 <-- 0.074161 s
currentSize : 25 <-- 0.074262 s
currentSize : 27 <-- 0.078606 s

maxsize : 27
nodes : 20083.000000
filtered : 222553.000000
time : 0.080634
