Parameters: GAD=1 vflib=1 dir=1 label=1 lowerbound=1 fileNameGp=../graphsdb/mcs70/m2D/m2Dr4/mcs70_m2Dr4_s40.A98 fileNameGt=../graphsdb/mcs70/m2D/m2Dr4/mcs70_m2Dr4_s40.B98
Reading graphs...
40 : 83
40 : 82
Initializing...
maxdom : 10
D->valSize : 227
Solving...
Blb : 2 (clique : 15)
currentSize : 15 <-- 0.001309 s
currentSize : 16 <-- 0.019792 s
currentSize : 17 <-- 0.023271 s
currentSize : 18 <-- 0.034516 s
currentSize : 19 <-- 0.040965 s
currentSize : 20 <-- 0.041165 s
currentSize : 21 <-- 0.041268 s
currentSize : 22 <-- 0.056328 s
currentSize : 23 <-- 0.071069 s
currentSize : 24 <-- 0.074144 s
currentSize : 25 <-- 0.074224 s

maxsize : 25
nodes : 35333.000000
filtered : 292950.000000
time : 0.139482
