Parameters: GAD=1 vflib=1 dir=1 label=1 lowerbound=1 fileNameGp=../graphsdb/mcs70/m2D/m2Dr6/mcs70_m2Dr6_s70.A07 fileNameGt=../graphsdb/mcs70/m2D/m2Dr6/mcs70_m2Dr6_s70.B07
Reading graphs...
70 : 165
70 : 165
Initializing...
maxdom : 9
D->valSize : 339
Solving...
Blb : 2 (clique : 44)
currentSize : 44 <-- 0.004884 s
currentSize : 45 <-- 0.005497 s
currentSize : 46 <-- 0.006027 s
currentSize : 47 <-- 0.701333 s
currentSize : 48 <-- 0.701560 s
currentSize : 49 <-- 0.701834 s

maxsize : 49
nodes : 694533.000000
filtered : 3121751.000000
time : 3.058099
