Parameters: GAD=1 vflib=1 dir=1 label=1 lowerbound=1 fileNameGp=../graphsdb/mcs70/bvg/b03m/mcs70_b03m_s60.A56 fileNameGt=../graphsdb/mcs70/bvg/b03m/mcs70_b03m_s60.B56
Reading graphs...
60 : 90
60 : 90
Initializing...
maxdom : 7
D->valSize : 269
Solving...
Blb : 3 (clique : 37)
currentSize : 37 <-- 0.002112 s
currentSize : 38 <-- 0.300781 s
currentSize : 39 <-- 0.457662 s
currentSize : 40 <-- 0.608719 s
currentSize : 41 <-- 1.573233 s
currentSize : 42 <-- 1.573365 s

maxsize : 42
nodes : 698814.000000
filtered : 2743511.000000
time : 2.612776
