Parameters: GAD=1 vflib=1 dir=1 label=1 lowerbound=1 fileNameGp=../graphsdb/mcs70/rand/r005/mcs70_r005_s25.A18 fileNameGt=../graphsdb/mcs70/rand/r005/mcs70_r005_s25.B18
Reading graphs...
25 : 33
25 : 33
Initializing...
maxdom : 8
D->valSize : 167
Solving...
Blb : 2 (clique : 12)
currentSize : 12 <-- 0.000780 s
currentSize : 13 <-- 0.000977 s
currentSize : 14 <-- 0.001794 s
currentSize : 15 <-- 0.003776 s
currentSize : 16 <-- 0.005379 s
currentSize : 17 <-- 0.005508 s

maxsize : 17
nodes : 1502.000000
filtered : 20223.000000
time : 0.007287
