Parameters: GAD=1 vflib=1 dir=1 label=1 lowerbound=1 fileNameGp=../graphsdb/mcs70/m3D/m3Dr4/mcs70_m3Dr4_s100.A38 fileNameGt=../graphsdb/mcs70/m3D/m3Dr4/mcs70_m3Dr4_s100.B38
Reading graphs...
100 : 275
100 : 275
Initializing...
maxdom : 8
D->valSize : 394
Solving...
Blb : 2 (clique : 39)
currentSize : 39 <-- 0.004033 s
currentSize : 40 <-- 0.004818 s
currentSize : 43 <-- 0.005415 s
currentSize : 44 <-- 0.005987 s
currentSize : 47 <-- 0.006679 s
currentSize : 48 <-- 0.007400 s
currentSize : 51 <-- 0.008122 s
currentSize : 52 <-- 0.008449 s
currentSize : 53 <-- 0.009761 s
currentSize : 54 <-- 0.012030 s
currentSize : 55 <-- 0.012338 s
currentSize : 56 <-- 0.012974 s
currentSize : 57 <-- 0.013302 s
currentSize : 58 <-- 0.017347 s
currentSize : 59 <-- 0.039402 s
currentSize : 61 <-- 0.047995 s
currentSize : 62 <-- 1.135412 s
currentSize : 63 <-- 1.164414 s
currentSize : 64 <-- 1.165714 s

maxsize : 64
nodes : 20080553.000000
filtered : 97141952.000000
time : 109.666473
