Parameters: GAD=1 vflib=1 dir=1 label=1 lowerbound=1 fileNameGp=../graphsdb/mcs70/bvg/b06m/mcs70_b06m_s100.A96 fileNameGt=../graphsdb/mcs70/bvg/b06m/mcs70_b06m_s100.B96
Reading graphs...
100 : 300
100 : 300
Initializing...
maxdom : 7
D->valSize : 398
Solving...
Blb : 5 (clique : 43)
currentSize : 43 <-- 0.007075 s
currentSize : 46 <-- 18.283785 s
currentSize : 47 <-- 18.283976 s
currentSize : 50 <-- 83.409302 s
currentSize : 51 <-- 83.409470 s
currentSize : 52 <-- 305.985809 s
currentSize : 54 <-- 306.046600 s
currentSize : 59 <-- 306.046753 s
currentSize : 61 <-- 394.760010 s
currentSize : 65 <-- 394.971771 s
currentSize : 66 <-- 456.358246 s
currentSize : 67 <-- 713.821899 s
currentSize : 69 <-- 804.666565 s
currentSize : 70 <-- 804.670532 s
currentSize : 71 <-- 804.771057 s

maxsize : 71
nodes : 188191229.000000
filtered : 829285869.000000
time : 950.073303
