Parameters: GAD=1 vflib=1 dir=1 label=1 lowerbound=1 fileNameGp=../graphsdb/mcs70/m4D/m4Dr4/mcs70_m4Dr4_s25.A66 fileNameGt=../graphsdb/mcs70/m4D/m4Dr4/mcs70_m4Dr4_s25.B66
Reading graphs...
25 : 57
25 : 57
Initializing...
maxdom : 9
D->valSize : 185
Solving...
Blb : 2 (clique : 9)
currentSize : 9 <-- 0.000923 s
currentSize : 10 <-- 0.001028 s
currentSize : 12 <-- 0.001944 s
currentSize : 14 <-- 0.003145 s
currentSize : 15 <-- 0.003165 s
currentSize : 16 <-- 0.003193 s

maxsize : 16
nodes : 983.000000
filtered : 10305.000000
time : 0.004180
