Parameters: GAD=1 vflib=1 dir=1 label=1 lowerbound=1 fileNameGp=../graphsdb/mcs70/m2D/m2Dr2/mcs70_m2Dr2_s40.A32 fileNameGt=../graphsdb/mcs70/m2D/m2Dr2/mcs70_m2Dr2_s40.B32
Reading graphs...
40 : 75
40 : 73
Initializing...
maxdom : 9
D->valSize : 237
Solving...
Blb : 2 (clique : 19)
currentSize : 19 <-- 0.002244 s
currentSize : 20 <-- 0.002404 s
currentSize : 21 <-- 0.010284 s
currentSize : 22 <-- 0.015027 s
currentSize : 24 <-- 0.126981 s
currentSize : 25 <-- 0.175456 s

maxsize : 25
nodes : 43660.000000
filtered : 321266.000000
time : 0.243501
