Parameters: GAD=1 vflib=1 dir=1 label=1 lowerbound=1 fileNameGp=../graphsdb/mcs70/m2D/m2Dr4/mcs70_m2Dr4_s70.A13 fileNameGt=../graphsdb/mcs70/m2D/m2Dr4/mcs70_m2Dr4_s70.B13
Reading graphs...
70 : 151
70 : 151
Initializing...
maxdom : 9
D->valSize : 363
Solving...
Blb : 2 (clique : 35)
currentSize : 35 <-- 0.003180 s
currentSize : 36 <-- 0.003431 s
currentSize : 37 <-- 0.003557 s
currentSize : 38 <-- 0.003809 s
currentSize : 39 <-- 0.004353 s
currentSize : 40 <-- 0.004820 s
currentSize : 41 <-- 0.004935 s
currentSize : 42 <-- 0.006265 s
currentSize : 44 <-- 0.006326 s
currentSize : 45 <-- 0.008764 s
currentSize : 46 <-- 0.008988 s
currentSize : 48 <-- 0.009052 s
currentSize : 49 <-- 0.742234 s

maxsize : 49
nodes : 596029.000000
filtered : 3402660.000000
time : 2.684484
