Parameters: GAD=1 vflib=1 dir=1 label=1 lowerbound=1 fileNameGp=../graphsdb/mcs70/m2D/m2Dr4/mcs70_m2Dr4_s35.A96 fileNameGt=../graphsdb/mcs70/m2D/m2Dr4/mcs70_m2Dr4_s35.B96
Reading graphs...
35 : 72
35 : 71
Initializing...
maxdom : 7
D->valSize : 166
Solving...
Blb : 5 (clique : 16)
currentSize : 16 <-- 0.000942 s
currentSize : 17 <-- 0.001465 s
currentSize : 18 <-- 0.003566 s
currentSize : 19 <-- 0.003625 s
currentSize : 22 <-- 0.013653 s
currentSize : 23 <-- 0.013752 s
currentSize : 24 <-- 0.013877 s
currentSize : 25 <-- 0.013989 s

maxsize : 25
nodes : 5591.000000
filtered : 37283.000000
time : 0.019747
