Parameters: GAD=1 vflib=1 dir=1 label=1 lowerbound=1 fileNameGp=../graphsdb/mcs70/m2D/m2D/mcs70_m2D_s100.A46 fileNameGt=../graphsdb/mcs70/m2D/m2D/mcs70_m2D_s100.B46
Reading graphs...
100 : 180
100 : 180
Initializing...
maxdom : 6
D->valSize : 390
Solving...
Blb : 2 (clique : 47)
currentSize : 47 <-- 0.004247 s
currentSize : 48 <-- 0.004731 s
currentSize : 50 <-- 0.006137 s
currentSize : 51 <-- 0.006646 s
currentSize : 52 <-- 0.007426 s
currentSize : 53 <-- 0.009087 s
currentSize : 54 <-- 0.016881 s
currentSize : 55 <-- 0.018047 s
currentSize : 56 <-- 0.151907 s
currentSize : 57 <-- 0.955751 s
currentSize : 58 <-- 2.839348 s
currentSize : 59 <-- 9.694688 s
currentSize : 60 <-- 9.859446 s
currentSize : 61 <-- 11.287307 s
currentSize : 62 <-- 292.773621 s
currentSize : 63 <-- 1557.105591 s
currentSize : 64 <-- 1574.248901 s
currentSize : 65 <-- 1993.241089 s
currentSize : 66 <-- 2001.705200 s

maxsize : 66
nodes : 467008287.000000
filtered : 2032104269.000000
time : 2556.741943
