Parameters: GAD=1 vflib=1 dir=1 label=1 lowerbound=1 fileNameGp=../graphsdb/mcs70/bvg/b03m/mcs70_b03m_s60.A31 fileNameGt=../graphsdb/mcs70/bvg/b03m/mcs70_b03m_s60.B31
Reading graphs...
60 : 90
60 : 90
Initializing...
maxdom : 7
D->valSize : 258
Solving...
Blb : 3 (clique : 34)
currentSize : 34 <-- 0.001965 s
currentSize : 35 <-- 0.072052 s
currentSize : 36 <-- 0.072612 s
currentSize : 37 <-- 0.106379 s
currentSize : 39 <-- 0.126049 s
currentSize : 40 <-- 0.126445 s
currentSize : 41 <-- 1.875801 s
currentSize : 42 <-- 1.876092 s

maxsize : 42
nodes : 616972.000000
filtered : 2898032.000000
time : 2.408753
