Parameters: GAD=1 vflib=1 dir=1 label=1 lowerbound=1 fileNameGp=../graphsdb/mcs70/m2D/m2Dr2/mcs70_m2Dr2_s35.A08 fileNameGt=../graphsdb/mcs70/m2D/m2Dr2/mcs70_m2Dr2_s35.B08
Reading graphs...
35 : 65
35 : 65
Initializing...
maxdom : 9
D->valSize : 191
Solving...
Blb : 2 (clique : 16)
currentSize : 16 <-- 0.001066 s
currentSize : 20 <-- 0.001509 s
currentSize : 21 <-- 0.001591 s
currentSize : 22 <-- 0.001827 s
currentSize : 24 <-- 0.001860 s
currentSize : 25 <-- 0.001960 s

maxsize : 25
nodes : 830.000000
filtered : 5561.000000
time : 0.003422
