Parameters: GAD=1 vflib=1 dir=1 label=1 lowerbound=1 fileNameGp=../graphsdb/mcs70/bvg/b06m/mcs70_b06m_s20.A27 fileNameGt=../graphsdb/mcs70/bvg/b06m/mcs70_b06m_s20.B27
Reading graphs...
20 : 60
20 : 60
Initializing...
maxdom : 6
D->valSize : 107
Solving...
Blb : 2 (clique : 6)
currentSize : 6 <-- 0.000489 s
currentSize : 7 <-- 0.000595 s
currentSize : 12 <-- 0.001480 s
currentSize : 13 <-- 0.001532 s
currentSize : 14 <-- 0.001581 s

maxsize : 14
nodes : 442.000000
filtered : 3890.000000
time : 0.001753
