Parameters: GAD=1 vflib=1 dir=1 label=1 lowerbound=1 fileNameGp=../graphsdb/mcs70/bvg/b06/mcs70_b06_s40.A02 fileNameGt=../graphsdb/mcs70/bvg/b06/mcs70_b06_s40.B02
Reading graphs...
40 : 120
40 : 120
Initializing...
maxdom : 9
D->valSize : 232
Solving...
Blb : 2 (clique : 15)
currentSize : 15 <-- 0.001354 s
currentSize : 16 <-- 0.001446 s
currentSize : 17 <-- 0.005645 s
currentSize : 20 <-- 0.009827 s
currentSize : 22 <-- 0.009856 s
currentSize : 28 <-- 0.036810 s

maxsize : 28
nodes : 12854.000000
filtered : 93583.000000
time : 0.045200
