Parameters: GAD=1 vflib=1 dir=1 label=1 lowerbound=1 fileNameGp=../graphsdb/mcs70/m2D/m2Dr6/mcs70_m2Dr6_s60.A66 fileNameGt=../graphsdb/mcs70/m2D/m2Dr6/mcs70_m2Dr6_s60.B66
Reading graphs...
60 : 140
60 : 139
Initializing...
maxdom : 8
D->valSize : 261
Solving...
Blb : 2 (clique : 24)
currentSize : 24 <-- 0.001890 s
currentSize : 25 <-- 0.002042 s
currentSize : 26 <-- 0.002092 s
currentSize : 27 <-- 0.002120 s
currentSize : 29 <-- 0.004196 s
currentSize : 31 <-- 0.040461 s
currentSize : 33 <-- 0.235019 s
currentSize : 36 <-- 0.308569 s

maxsize : 36
nodes : 316189.000000
filtered : 1848849.000000
time : 1.376941
