Parameters: GAD=1 vflib=1 dir=1 label=1 lowerbound=1 fileNameGp=../graphsdb/mcs70/m2D/m2D/mcs70_m2D_s90.A88 fileNameGt=../graphsdb/mcs70/m2D/m2D/mcs70_m2D_s90.B88
Reading graphs...
90 : 161
90 : 161
Initializing...
maxdom : 10
D->valSize : 536
Solving...
Blb : 2 (clique : 45)
currentSize : 45 <-- 0.006384 s
currentSize : 51 <-- 0.006745 s
currentSize : 52 <-- 0.006942 s
currentSize : 53 <-- 0.009670 s
currentSize : 54 <-- 0.028424 s
currentSize : 56 <-- 0.028555 s
currentSize : 57 <-- 0.054353 s
currentSize : 58 <-- 0.054555 s
currentSize : 59 <-- 0.058004 s
currentSize : 60 <-- 0.427990 s
currentSize : 63 <-- 0.767123 s
currentSize : 65 <-- 0.767287 s

maxsize : 65
nodes : 7734370.000000
filtered : 48325013.000000
time : 42.942192
