Parameters: GAD=1 vflib=1 dir=1 label=1 lowerbound=1 fileNameGp=../graphsdb/mcs70/m3D/m3Dr4/mcs70_m3Dr4_s100.A24 fileNameGt=../graphsdb/mcs70/m3D/m3Dr4/mcs70_m3Dr4_s100.B24
Reading graphs...
100 : 275
100 : 275
Initializing...
maxdom : 9
D->valSize : 391
Solving...
Blb : 2 (clique : 55)
currentSize : 55 <-- 0.004222 s
currentSize : 58 <-- 0.009860 s
currentSize : 59 <-- 0.014413 s
currentSize : 61 <-- 2.297331 s
currentSize : 62 <-- 2.298857 s
currentSize : 63 <-- 2.310814 s
currentSize : 64 <-- 131.686172 s

maxsize : 64
nodes : 94025250.000000
filtered : 377695304.000000
time : 471.955994
