Parameters: GAD=1 vflib=1 dir=1 label=1 lowerbound=1 fileNameGp=../graphsdb/mcs70/bvg/b09m/mcs70_b09m_s70.A65 fileNameGt=../graphsdb/mcs70/bvg/b09m/mcs70_b09m_s70.B65
Reading graphs...
70 : 315
70 : 315
Initializing...
maxdom : 7
D->valSize : 344
Solving...
Blb : 2 (clique : 22)
currentSize : 22 <-- 0.002878 s
currentSize : 24 <-- 0.003030 s
currentSize : 27 <-- 0.003108 s
currentSize : 28 <-- 0.003291 s
currentSize : 32 <-- 0.011007 s
currentSize : 33 <-- 0.031471 s
currentSize : 44 <-- 0.067889 s
currentSize : 45 <-- 0.101098 s
currentSize : 47 <-- 0.182067 s
currentSize : 48 <-- 0.323636 s

maxsize : 48
nodes : 112537.000000
filtered : 512454.000000
time : 0.458712
