Parameters: GAD=1 vflib=1 dir=1 label=1 lowerbound=1 fileNameGp=../graphsdb/mcs70/bvg/b03m/mcs70_b03m_s100.A69 fileNameGt=../graphsdb/mcs70/bvg/b03m/mcs70_b03m_s100.B69
Reading graphs...
100 : 150
100 : 150
Initializing...
maxdom : 7
D->valSize : 377
Solving...
Blb : 2 (clique : 57)
currentSize : 57 <-- 0.004393 s
currentSize : 58 <-- 0.005130 s
currentSize : 59 <-- 0.005639 s
currentSize : 60 <-- 0.007869 s
currentSize : 62 <-- 0.010403 s
currentSize : 65 <-- 0.014025 s
currentSize : 67 <-- 0.045389 s
currentSize : 68 <-- 12.667254 s
currentSize : 70 <-- 12.675110 s

maxsize : 70
nodes : 18633517.000000
filtered : 82461462.000000
time : 99.137787
