Parameters: GAD=1 vflib=1 dir=1 label=1 lowerbound=1 fileNameGp=../graphsdb/mcs70/bvg/b09/mcs70_b09_s70.A34 fileNameGt=../graphsdb/mcs70/bvg/b09/mcs70_b09_s70.B34
Reading graphs...
70 : 315
70 : 315
Initializing...
maxdom : 8
D->valSize : 327
Solving...
Blb : 3 (clique : 18)
currentSize : 18 <-- 0.002719 s
currentSize : 19 <-- 0.824414 s
currentSize : 20 <-- 0.829428 s
currentSize : 21 <-- 0.839091 s
currentSize : 22 <-- 0.839242 s
currentSize : 23 <-- 0.839927 s
currentSize : 26 <-- 0.840036 s
currentSize : 27 <-- 0.842720 s
currentSize : 30 <-- 1.233044 s
currentSize : 32 <-- 1.241245 s
currentSize : 44 <-- 1.734041 s
currentSize : 48 <-- 1.734098 s

maxsize : 48
nodes : 512758.000000
filtered : 3126195.000000
time : 2.233696
