Parameters: GAD=1 vflib=1 dir=1 label=1 lowerbound=1 fileNameGp=../graphsdb/mcs70/rand/r005/mcs70_r005_s25.A15 fileNameGt=../graphsdb/mcs70/rand/r005/mcs70_r005_s25.B15
Reading graphs...
25 : 33
25 : 33
Initializing...
maxdom : 7
D->valSize : 156
Solving...
Blb : 2 (clique : 12)
currentSize : 12 <-- 0.000894 s
currentSize : 13 <-- 0.007134 s
currentSize : 14 <-- 0.008651 s
currentSize : 15 <-- 0.009760 s
currentSize : 17 <-- 0.012543 s

maxsize : 17
nodes : 4608.000000
filtered : 29487.000000
time : 0.015470
