Parameters: GAD=1 vflib=1 dir=1 label=1 lowerbound=1 fileNameGp=../graphsdb/mcs70/bvg/b06/mcs70_b06_s40.A89 fileNameGt=../graphsdb/mcs70/bvg/b06/mcs70_b06_s40.B89
Reading graphs...
40 : 120
40 : 120
Initializing...
maxdom : 7
D->valSize : 233
Solving...
Blb : 2 (clique : 17)
currentSize : 17 <-- 0.001369 s
currentSize : 18 <-- 0.034638 s
currentSize : 20 <-- 0.034693 s
currentSize : 21 <-- 0.034862 s
currentSize : 25 <-- 0.041057 s
currentSize : 28 <-- 0.041111 s

maxsize : 28
nodes : 11130.000000
filtered : 113537.000000
time : 0.044967
