Parameters: GAD=1 vflib=1 dir=1 label=1 lowerbound=1 fileNameGp=../graphsdb/mcs70/m2D/m2Dr2/mcs70_m2Dr2_s80.A34 fileNameGt=../graphsdb/mcs70/m2D/m2Dr2/mcs70_m2Dr2_s80.B34
Reading graphs...
80 : 158
80 : 157
Initializing...
maxdom : 9
D->valSize : 454
Solving...
Blb : 2 (clique : 38)
currentSize : 38 <-- 0.007691 s
currentSize : 39 <-- 0.008205 s
currentSize : 40 <-- 0.009500 s
currentSize : 41 <-- 0.009640 s
currentSize : 42 <-- 0.311817 s
currentSize : 43 <-- 0.312318 s
currentSize : 44 <-- 32.177979 s
currentSize : 45 <-- 63.755272 s
currentSize : 46 <-- 103.192627 s
currentSize : 47 <-- 220.158661 s
currentSize : 48 <-- 242.161072 s
currentSize : 49 <-- 284.995941 s
currentSize : 50 <-- 399.551788 s

maxsize : 50
nodes : 596161740.000000
filtered : 3030682612.000000
time : 2687.100098
