Parameters: GAD=1 vflib=1 dir=1 label=1 lowerbound=1 fileNameGp=../graphsdb/mcs70/m2D/m2D/mcs70_m2D_s100.A99 fileNameGt=../graphsdb/mcs70/m2D/m2D/mcs70_m2D_s100.B99
Reading graphs...
100 : 180
100 : 180
Initializing...
maxdom : 8
D->valSize : 395
Solving...
Blb : 2 (clique : 53)
currentSize : 53 <-- 0.004652 s
currentSize : 56 <-- 0.005291 s
currentSize : 58 <-- 95.907585 s
currentSize : 59 <-- 95.908043 s
currentSize : 60 <-- 120.498413 s
currentSize : 62 <-- 274.722351 s
currentSize : 63 <-- 274.726044 s
currentSize : 64 <-- 328.002350 s

TIMEOUT
maxsize : 64
nodes : 797292130.000000
filtered : 1977196652.000000
time : 3600.000000
