Parameters: GAD=1 vflib=1 dir=1 label=1 lowerbound=1 fileNameGp=../graphsdb/mcs70/bvg/b03/mcs70_b03_s80.A73 fileNameGt=../graphsdb/mcs70/bvg/b03/mcs70_b03_s80.B73
Reading graphs...
80 : 120
80 : 120
Initializing...
maxdom : 8
D->valSize : 433
Solving...
Blb : 2 (clique : 39)
currentSize : 39 <-- 0.004643 s
currentSize : 40 <-- 0.184968 s
currentSize : 41 <-- 1.126085 s
currentSize : 43 <-- 5.768578 s
currentSize : 44 <-- 5.777449 s
currentSize : 45 <-- 12.003940 s
currentSize : 46 <-- 12.344654 s
currentSize : 47 <-- 13.338878 s
currentSize : 48 <-- 13.339225 s
currentSize : 49 <-- 18.755169 s
currentSize : 50 <-- 18.757317 s
currentSize : 51 <-- 18.757471 s
currentSize : 53 <-- 18.866842 s
currentSize : 54 <-- 23.887840 s
currentSize : 56 <-- 24.160963 s
currentSize : 57 <-- 38.007648 s

maxsize : 57
nodes : 9823268.000000
filtered : 61634156.000000
time : 51.420601
