Parameters: GAD=1 vflib=1 dir=1 label=1 lowerbound=1 fileNameGp=../graphsdb/mcs70/m3D/m3Dr4/mcs70_m3Dr4_s40.A08 fileNameGt=../graphsdb/mcs70/m3D/m3Dr4/mcs70_m3Dr4_s40.B08
Reading graphs...
40 : 100
40 : 98
Initializing...
maxdom : 8
D->valSize : 213
Solving...
Blb : 3 (clique : 16)
currentSize : 16 <-- 0.001239 s
currentSize : 18 <-- 0.001346 s
currentSize : 22 <-- 0.001407 s
currentSize : 24 <-- 0.021544 s
currentSize : 27 <-- 0.025754 s

maxsize : 27
nodes : 7144.000000
filtered : 68381.000000
time : 0.028927
