Parameters: GAD=1 vflib=1 dir=1 label=1 lowerbound=1 fileNameGp=../graphsdb/mcs70/rand/r01/mcs70_r01_s80.A95 fileNameGt=../graphsdb/mcs70/rand/r01/mcs70_r01_s80.B95
Reading graphs...
80 : 631
80 : 631
Initializing...
maxdom : 12
D->valSize : 475
Solving...
Blb : 2 (clique : 14)
currentSize : 14 <-- 0.004651 s
currentSize : 15 <-- 0.005877 s
currentSize : 26 <-- 0.007141 s
currentSize : 30 <-- 0.009744 s
currentSize : 40 <-- 0.029011 s
currentSize : 56 <-- 0.067891 s

maxsize : 56
nodes : 13942.000000
filtered : 253634.000000
time : 0.093301
