Parameters: GAD=1 vflib=1 dir=1 label=1 lowerbound=1 fileNameGp=../graphsdb/mcs70/rand/r02/mcs70_r02_s25.A65 fileNameGt=../graphsdb/mcs70/rand/r02/mcs70_r02_s25.B65
Reading graphs...
25 : 119
25 : 119
Initializing...
maxdom : 7
D->valSize : 158
Solving...
Blb : 3 (clique : 7)
currentSize : 7 <-- 0.000708 s
currentSize : 8 <-- 0.000843 s
currentSize : 9 <-- 0.001125 s
currentSize : 11 <-- 0.002527 s
currentSize : 17 <-- 0.003278 s

maxsize : 17
nodes : 867.000000
filtered : 14562.000000
time : 0.003635
