Parameters: GAD=1 vflib=1 dir=1 label=1 lowerbound=1 fileNameGp=../graphsdb/mcs70/bvg/b03m/mcs70_b03m_s100.A84 fileNameGt=../graphsdb/mcs70/bvg/b03m/mcs70_b03m_s100.B84
Reading graphs...
100 : 150
100 : 150
Initializing...
maxdom : 7
D->valSize : 408
Solving...
Blb : 2 (clique : 52)
currentSize : 52 <-- 0.004744 s
currentSize : 53 <-- 0.005207 s
currentSize : 54 <-- 0.005312 s
currentSize : 55 <-- 0.008122 s
currentSize : 57 <-- 0.008232 s
currentSize : 59 <-- 0.075414 s
currentSize : 60 <-- 0.149434 s
currentSize : 61 <-- 47.067001 s
currentSize : 62 <-- 389.285950 s
currentSize : 63 <-- 395.489014 s
currentSize : 64 <-- 395.594879 s
currentSize : 66 <-- 687.366089 s
currentSize : 67 <-- 687.366211 s
currentSize : 68 <-- 687.468445 s
currentSize : 69 <-- 1189.034180 s
currentSize : 70 <-- 1192.181885 s
currentSize : 71 <-- 1192.182373 s
currentSize : 72 <-- 1192.184082 s

maxsize : 72
nodes : 271224713.000000
filtered : 882622260.000000
time : 1348.103027
