Parameters: GAD=1 vflib=1 dir=1 label=1 lowerbound=1 fileNameGp=../graphsdb/mcs70/m2D/m2D/mcs70_m2D_s80.A07 fileNameGt=../graphsdb/mcs70/m2D/m2D/mcs70_m2D_s80.B07
Reading graphs...
80 : 142
80 : 142
Initializing...
maxdom : 8
D->valSize : 423
Solving...
Blb : 2 (clique : 38)
currentSize : 38 <-- 0.004703 s
currentSize : 39 <-- 0.005482 s
currentSize : 40 <-- 0.011322 s
currentSize : 41 <-- 0.024617 s
currentSize : 42 <-- 0.030845 s
currentSize : 44 <-- 4.355233 s
currentSize : 47 <-- 4.407487 s
currentSize : 48 <-- 4.705031 s
currentSize : 49 <-- 122.138954 s
currentSize : 50 <-- 122.264198 s

maxsize : 50
nodes : 48521772.000000
filtered : 298220656.000000
time : 253.303665
