Parameters: GAD=1 vflib=1 dir=1 label=1 lowerbound=1 fileNameGp=../graphsdb/mcs70/bvg/b03m/mcs70_b03m_s40.A53 fileNameGt=../graphsdb/mcs70/bvg/b03m/mcs70_b03m_s40.B53
Reading graphs...
40 : 60
40 : 60
Initializing...
maxdom : 8
D->valSize : 204
Solving...
Blb : 2 (clique : 19)
currentSize : 19 <-- 0.001215 s
currentSize : 20 <-- 0.001786 s
currentSize : 22 <-- 0.002686 s
currentSize : 25 <-- 0.005309 s
currentSize : 29 <-- 0.044709 s

maxsize : 29
nodes : 12162.000000
filtered : 109314.000000
time : 0.047698
