Parameters: GAD=1 vflib=1 dir=1 label=1 lowerbound=1 fileNameGp=../graphsdb/mcs70/m2D/m2Dr4/mcs70_m2Dr4_s50.A38 fileNameGt=../graphsdb/mcs70/m2D/m2Dr4/mcs70_m2Dr4_s50.B38
Reading graphs...
50 : 105
50 : 104
Initializing...
maxdom : 12
D->valSize : 349
Solving...
Blb : 2 (clique : 29)
currentSize : 29 <-- 0.002699 s
currentSize : 31 <-- 0.027438 s
currentSize : 33 <-- 0.028007 s
currentSize : 34 <-- 0.042611 s
currentSize : 36 <-- 0.042666 s

maxsize : 36
nodes : 17788.000000
filtered : 160396.000000
time : 0.079205
