Parameters: GAD=1 vflib=1 dir=1 label=1 lowerbound=1 fileNameGp=../graphsdb/mcs70/m3D/m3Dr4/mcs70_m3Dr4_s100.A52 fileNameGt=../graphsdb/mcs70/m3D/m3Dr4/mcs70_m3Dr4_s100.B52
Reading graphs...
100 : 275
100 : 274
Initializing...
maxdom : 9
D->valSize : 367
Solving...
Blb : 2 (clique : 53)
currentSize : 53 <-- 0.003997 s
currentSize : 56 <-- 0.004476 s
currentSize : 58 <-- 0.011211 s
currentSize : 61 <-- 9.688986 s
currentSize : 62 <-- 9.689672 s
currentSize : 63 <-- 9.710231 s
currentSize : 64 <-- 9.710979 s

maxsize : 64
nodes : 5206331.000000
filtered : 24318290.000000
time : 28.682701
