Parameters: GAD=1 vflib=1 dir=1 label=1 lowerbound=1 fileNameGp=../graphsdb/mcs70/bvg/b06m/mcs70_b06m_s90.A40 fileNameGt=../graphsdb/mcs70/bvg/b06m/mcs70_b06m_s90.B40
Reading graphs...
90 : 270
90 : 270
Initializing...
maxdom : 10
D->valSize : 562
Solving...
Blb : 2 (clique : 49)
currentSize : 49 <-- 0.006943 s
currentSize : 52 <-- 0.007299 s
currentSize : 54 <-- 0.007546 s
currentSize : 55 <-- 0.008184 s
currentSize : 59 <-- 0.008428 s
currentSize : 60 <-- 0.008856 s
currentSize : 61 <-- 0.039890 s
currentSize : 62 <-- 13.882339 s
currentSize : 63 <-- 13.906200 s

maxsize : 63
nodes : 4874314.000000
filtered : 41651710.000000
time : 29.917969
