Parameters: GAD=1 vflib=1 dir=1 label=1 lowerbound=1 fileNameGp=../graphsdb/mcs70/m2D/m2Dr2/mcs70_m2Dr2_s60.A65 fileNameGt=../graphsdb/mcs70/m2D/m2Dr2/mcs70_m2Dr2_s60.B65
Reading graphs...
60 : 116
60 : 116
Initializing...
maxdom : 7
D->valSize : 246
Solving...
Blb : 2 (clique : 27)
currentSize : 27 <-- 0.001820 s
currentSize : 28 <-- 0.002198 s
currentSize : 30 <-- 0.002236 s
currentSize : 31 <-- 0.004627 s
currentSize : 32 <-- 0.033180 s
currentSize : 34 <-- 0.033234 s
currentSize : 35 <-- 0.784287 s
currentSize : 37 <-- 1.369711 s

maxsize : 37
nodes : 1917528.000000
filtered : 7288154.000000
time : 7.250457
