Parameters: GAD=1 vflib=1 dir=1 label=1 lowerbound=1 fileNameGp=../graphsdb/mcs70/m3D/m3D/mcs70_m3D_s35.A08 fileNameGt=../graphsdb/mcs70/m3D/m3D/mcs70_m3D_s35.B08
Reading graphs...
35 : 72
35 : 72
Initializing...
maxdom : 8
D->valSize : 162
Solving...
Blb : 3 (clique : 15)
currentSize : 15 <-- 0.001003 s
currentSize : 16 <-- 0.001559 s
currentSize : 17 <-- 0.001782 s
currentSize : 18 <-- 0.006668 s
currentSize : 21 <-- 0.006874 s
currentSize : 23 <-- 0.007779 s
currentSize : 27 <-- 0.008446 s

maxsize : 27
nodes : 2535.000000
filtered : 17247.000000
time : 0.008693
