Parameters: GAD=1 vflib=1 dir=1 label=1 lowerbound=1 fileNameGp=../graphsdb/mcs70/m2D/m2Dr4/mcs70_m2Dr4_s90.A35 fileNameGt=../graphsdb/mcs70/m2D/m2Dr4/mcs70_m2Dr4_s90.B35
Reading graphs...
90 : 197
90 : 196
Initializing...
maxdom : 12
D->valSize : 576
Solving...
Blb : 2 (clique : 54)
currentSize : 54 <-- 0.007026 s
currentSize : 57 <-- 0.007392 s
currentSize : 61 <-- 0.008130 s
currentSize : 62 <-- 0.010925 s
currentSize : 63 <-- 0.018285 s
currentSize : 64 <-- 0.027694 s

maxsize : 64
nodes : 20678297.000000
filtered : 112919021.000000
time : 105.318054
