Parameters: GAD=1 vflib=1 dir=1 label=1 lowerbound=1 fileNameGp=../graphsdb/mcs70/bvg/b03/mcs70_b03_s100.A58 fileNameGt=../graphsdb/mcs70/bvg/b03/mcs70_b03_s100.B58
Reading graphs...
100 : 150
100 : 150
Initializing...
maxdom : 9
D->valSize : 375
Solving...
Blb : 2 (clique : 53)
currentSize : 53 <-- 0.004300 s
currentSize : 54 <-- 0.007122 s
currentSize : 55 <-- 0.007310 s
currentSize : 56 <-- 1.352166 s
currentSize : 57 <-- 1.355099 s
currentSize : 58 <-- 1.355320 s
currentSize : 59 <-- 3.901336 s
currentSize : 60 <-- 3.901535 s
currentSize : 61 <-- 6.207606 s
currentSize : 62 <-- 6.239147 s
currentSize : 63 <-- 6.240964 s
currentSize : 64 <-- 82.560478 s
currentSize : 65 <-- 82.772110 s
currentSize : 66 <-- 82.774635 s
currentSize : 67 <-- 82.775536 s
currentSize : 68 <-- 89.377838 s
currentSize : 69 <-- 89.378113 s
currentSize : 70 <-- 89.760803 s
currentSize : 71 <-- 196.037292 s

maxsize : 71
nodes : 51304615.000000
filtered : 158226239.000000
time : 258.877869
