Parameters: GAD=1 vflib=1 dir=1 label=1 lowerbound=1 fileNameGp=../graphsdb/mcs70/m3D/m3Dr6/mcs70_m3Dr6_s40.A33 fileNameGt=../graphsdb/mcs70/m3D/m3Dr6/mcs70_m3Dr6_s40.B33
Reading graphs...
40 : 108
40 : 107
Initializing...
maxdom : 8
D->valSize : 222
Solving...
Blb : 2 (clique : 17)
currentSize : 17 <-- 0.001415 s
currentSize : 18 <-- 0.001510 s
currentSize : 19 <-- 0.001608 s
currentSize : 20 <-- 0.001648 s
currentSize : 23 <-- 0.001684 s
currentSize : 25 <-- 0.001821 s
currentSize : 27 <-- 0.016808 s

maxsize : 27
nodes : 5522.000000
filtered : 46421.000000
time : 0.023353
