Parameters: GAD=1 vflib=1 dir=1 label=1 lowerbound=1 fileNameGp=../graphsdb/mcs70/bvg/b03/mcs70_b03_s50.A29 fileNameGt=../graphsdb/mcs70/bvg/b03/mcs70_b03_s50.B29
Reading graphs...
50 : 75
50 : 75
Initializing...
maxdom : 11
D->valSize : 392
Solving...
Blb : 2 (clique : 25)
currentSize : 25 <-- 0.003109 s
currentSize : 26 <-- 0.004494 s
currentSize : 27 <-- 0.007648 s
currentSize : 28 <-- 0.007783 s
currentSize : 30 <-- 1.767054 s
currentSize : 31 <-- 5.881428 s
currentSize : 32 <-- 6.399914 s
currentSize : 33 <-- 6.399991 s
currentSize : 34 <-- 7.527359 s

maxsize : 34
nodes : 1695341.000000
filtered : 21373726.000000
time : 8.458328
