Parameters: GAD=1 vflib=1 dir=1 label=1 lowerbound=1 fileNameGp=../graphsdb/mcs70/rand/r01/mcs70_r01_s50.A28 fileNameGt=../graphsdb/mcs70/rand/r01/mcs70_r01_s50.B28
Reading graphs...
50 : 244
50 : 244
Initializing...
maxdom : 10
D->valSize : 348
Solving...
Blb : 2 (clique : 11)
currentSize : 11 <-- 0.002481 s
currentSize : 15 <-- 0.002581 s
currentSize : 16 <-- 0.003278 s
currentSize : 18 <-- 0.003371 s
currentSize : 20 <-- 0.004295 s
currentSize : 21 <-- 0.016719 s
currentSize : 24 <-- 0.016792 s
currentSize : 35 <-- 0.021374 s

maxsize : 35
nodes : 4381.000000
filtered : 86787.000000
time : 0.025439
