Parameters: GAD=1 vflib=1 dir=1 label=1 lowerbound=1 fileNameGp=../graphsdb/mcs70/m2D/m2D/mcs70_m2D_s90.A06 fileNameGt=../graphsdb/mcs70/m2D/m2D/mcs70_m2D_s90.B06
Reading graphs...
90 : 161
90 : 161
Initializing...
maxdom : 9
D->valSize : 539
Solving...
Blb : 2 (clique : 55)
currentSize : 55 <-- 0.010716 s
currentSize : 56 <-- 0.011639 s
currentSize : 57 <-- 0.100335 s
currentSize : 58 <-- 0.101828 s
currentSize : 59 <-- 0.114586 s
currentSize : 60 <-- 7.417436 s
currentSize : 61 <-- 352.933044 s
currentSize : 62 <-- 352.933746 s
currentSize : 63 <-- 352.949432 s
currentSize : 64 <-- 352.949738 s
currentSize : 65 <-- 353.467896 s

maxsize : 65
nodes : 72629261.000000
filtered : 374471800.000000
time : 370.596008
