Parameters: GAD=1 vflib=1 dir=1 label=1 lowerbound=1 fileNameGp=../graphsdb/mcs70/rand/r01/mcs70_r01_s25.A20 fileNameGt=../graphsdb/mcs70/rand/r01/mcs70_r01_s25.B20
Reading graphs...
25 : 59
25 : 59
Initializing...
maxdom : 8
D->valSize : 160
Solving...
Blb : 2 (clique : 9)
currentSize : 9 <-- 0.000749 s
currentSize : 10 <-- 0.001139 s
currentSize : 11 <-- 0.001324 s
currentSize : 12 <-- 0.001754 s
currentSize : 13 <-- 0.002171 s
currentSize : 17 <-- 0.002889 s

maxsize : 17
nodes : 859.000000
filtered : 11390.000000
time : 0.003735
