Parameters: GAD=1 vflib=1 dir=1 label=1 lowerbound=1 fileNameGp=../graphsdb/mcs70/bvg/b09/mcs70_b09_s70.A00 fileNameGt=../graphsdb/mcs70/bvg/b09/mcs70_b09_s70.B00
Reading graphs...
70 : 315
70 : 315
Initializing...
maxdom : 8
D->valSize : 362
Solving...
Blb : 2 (clique : 29)
currentSize : 29 <-- 0.004794 s
currentSize : 35 <-- 0.005203 s
currentSize : 40 <-- 0.005523 s
currentSize : 42 <-- 0.047205 s
currentSize : 45 <-- 0.047501 s
currentSize : 48 <-- 0.048131 s

maxsize : 48
nodes : 76079.000000
filtered : 610039.000000
time : 0.381232
