Parameters: GAD=1 vflib=1 dir=1 label=1 lowerbound=1 fileNameGp=../graphsdb/mcs70/m2D/m2D/mcs70_m2D_s100.A59 fileNameGt=../graphsdb/mcs70/m2D/m2D/mcs70_m2D_s100.B59
Reading graphs...
100 : 180
100 : 180
Initializing...
maxdom : 7
D->valSize : 357
Solving...
Blb : 2 (clique : 49)
currentSize : 49 <-- 0.003821 s
currentSize : 52 <-- 0.004213 s
currentSize : 53 <-- 0.021380 s
currentSize : 54 <-- 0.024225 s
currentSize : 55 <-- 0.027771 s
currentSize : 57 <-- 0.082579 s
currentSize : 58 <-- 3.338366 s
currentSize : 59 <-- 99.891495 s
currentSize : 60 <-- 227.389297 s
currentSize : 61 <-- 227.504425 s
currentSize : 62 <-- 255.996231 s
currentSize : 63 <-- 256.194244 s
currentSize : 64 <-- 2859.911133 s
currentSize : 65 <-- 2877.466797 s
currentSize : 66 <-- 2881.786377 s

TIMEOUT
maxsize : 66
nodes : 739845161.000000
filtered : 2365936218.000000
time : 3600.000000
