Parameters: GAD=1 vflib=1 dir=1 label=1 lowerbound=1 fileNameGp=../graphsdb/mcs70/m2D/m2D/mcs70_m2D_s100.A34 fileNameGt=../graphsdb/mcs70/m2D/m2D/mcs70_m2D_s100.B34
Reading graphs...
100 : 180
100 : 180
Initializing...
maxdom : 6
D->valSize : 366
Solving...
Blb : 3 (clique : 45)
currentSize : 45 <-- 0.006367 s
currentSize : 46 <-- 59.704311 s
currentSize : 47 <-- 82.098457 s
currentSize : 49 <-- 168.945908 s
currentSize : 50 <-- 186.680359 s
currentSize : 51 <-- 369.374176 s
currentSize : 53 <-- 2444.258057 s
currentSize : 54 <-- 2444.269043 s

TIMEOUT
maxsize : 54
nodes : 719811642.000000
filtered : 2542940201.000000
time : 3600.000000
