Parameters: GAD=1 vflib=1 dir=1 label=1 lowerbound=1 fileNameGp=../graphsdb/mcs70/m2D/m2Dr6/mcs70_m2Dr6_s60.A07 fileNameGt=../graphsdb/mcs70/m2D/m2Dr6/mcs70_m2Dr6_s60.B07
Reading graphs...
60 : 139
60 : 137
Initializing...
maxdom : 8
D->valSize : 246
Solving...
Blb : 3 (clique : 21)
currentSize : 21 <-- 0.001718 s
currentSize : 22 <-- 0.025259 s
currentSize : 23 <-- 0.846503 s
currentSize : 25 <-- 0.846723 s
currentSize : 26 <-- 1.786319 s
currentSize : 27 <-- 1.790419 s
currentSize : 28 <-- 1.925994 s
currentSize : 29 <-- 2.746604 s
currentSize : 33 <-- 3.525887 s
currentSize : 36 <-- 3.924606 s

maxsize : 36
nodes : 1054200.000000
filtered : 7256347.000000
time : 4.520846
