Parameters: GAD=1 vflib=1 dir=1 label=1 lowerbound=1 fileNameGp=../graphsdb/mcs70/bvg/b06/mcs70_b06_s25.A09 fileNameGt=../graphsdb/mcs70/bvg/b06/mcs70_b06_s25.B09
Reading graphs...
25 : 75
25 : 75
Initializing...
maxdom : 8
D->valSize : 164
Solving...
Blb : 2 (clique : 9)
currentSize : 9 <-- 0.001207 s
currentSize : 10 <-- 0.001297 s
currentSize : 11 <-- 0.001409 s
currentSize : 12 <-- 0.002593 s
currentSize : 13 <-- 0.003911 s
currentSize : 14 <-- 0.004081 s
currentSize : 15 <-- 0.005792 s
currentSize : 17 <-- 0.005820 s

maxsize : 17
nodes : 1062.000000
filtered : 18099.000000
time : 0.006814
