Parameters: GAD=1 vflib=1 dir=1 label=1 lowerbound=1 fileNameGp=../graphsdb/mcs70/m3D/m3Dr2/mcs70_m3Dr2_s40.A72 fileNameGt=../graphsdb/mcs70/m3D/m3Dr2/mcs70_m3Dr2_s40.B72
Reading graphs...
40 : 92
40 : 90
Initializing...
maxdom : 9
D->valSize : 197
Solving...
Blb : 2 (clique : 15)
currentSize : 15 <-- 0.001229 s
currentSize : 16 <-- 0.008439 s
currentSize : 17 <-- 0.010689 s
currentSize : 18 <-- 0.013418 s
currentSize : 21 <-- 0.016448 s
currentSize : 24 <-- 0.016527 s
currentSize : 27 <-- 0.016580 s

maxsize : 27
nodes : 4864.000000
filtered : 31126.000000
time : 0.016912
