Parameters: GAD=1 vflib=1 dir=1 label=1 lowerbound=1 fileNameGp=../graphsdb/mcs70/m2D/m2D/mcs70_m2D_s40.A11 fileNameGt=../graphsdb/mcs70/m2D/m2D/mcs70_m2D_s40.B11
Reading graphs...
40 : 67
40 : 67
Initializing...
maxdom : 8
D->valSize : 201
Solving...
Blb : 5 (clique : 17)
currentSize : 17 <-- 0.001256 s
currentSize : 18 <-- 0.007195 s
currentSize : 19 <-- 0.011230 s
currentSize : 20 <-- 0.011240 s
currentSize : 21 <-- 0.022964 s
currentSize : 23 <-- 0.054983 s
currentSize : 24 <-- 0.073608 s
currentSize : 25 <-- 0.144285 s

maxsize : 25
nodes : 39124.000000
filtered : 340433.000000
time : 0.151855
