Parameters: GAD=1 vflib=1 dir=1 label=1 lowerbound=1 fileNameGp=../graphsdb/mcs70/bvg/b03m/mcs70_b03m_s90.A50 fileNameGt=../graphsdb/mcs70/bvg/b03m/mcs70_b03m_s90.B50
Reading graphs...
90 : 135
90 : 135
Initializing...
maxdom : 10
D->valSize : 551
Solving...
Blb : 2 (clique : 50)
currentSize : 50 <-- 0.006887 s
currentSize : 51 <-- 0.007319 s
currentSize : 52 <-- 0.007642 s
currentSize : 53 <-- 0.007777 s
currentSize : 54 <-- 0.008112 s
currentSize : 56 <-- 0.008377 s
currentSize : 57 <-- 0.009806 s
currentSize : 60 <-- 0.012425 s
currentSize : 61 <-- 0.013632 s
currentSize : 62 <-- 0.031698 s

maxsize : 62
nodes : 238482980.000000
filtered : 1409124645.000000
time : 1287.936279
