Parameters: GAD=1 vflib=1 dir=1 label=1 lowerbound=1 fileNameGp=../graphsdb/mcs70/bvg/b06/mcs70_b06_s50.A10 fileNameGt=../graphsdb/mcs70/bvg/b06/mcs70_b06_s50.B10
Reading graphs...
50 : 150
50 : 150
Initializing...
maxdom : 9
D->valSize : 353
Solving...
Blb : 5 (clique : 15)
currentSize : 15 <-- 0.003561 s
currentSize : 16 <-- 0.007193 s
currentSize : 21 <-- 0.014551 s
currentSize : 23 <-- 0.014682 s
currentSize : 24 <-- 0.125286 s
currentSize : 25 <-- 0.265200 s
currentSize : 26 <-- 0.317523 s
currentSize : 27 <-- 0.317599 s
currentSize : 28 <-- 0.568991 s
currentSize : 29 <-- 0.733481 s
currentSize : 35 <-- 0.733535 s

maxsize : 35
nodes : 184739.000000
filtered : 2066164.000000
time : 0.804056
