Parameters: GAD=1 vflib=1 dir=1 label=1 lowerbound=1 fileNameGp=../graphsdb/mcs70/bvg/b03/mcs70_b03_s80.A36 fileNameGt=../graphsdb/mcs70/bvg/b03/mcs70_b03_s80.B36
Reading graphs...
80 : 120
80 : 120
Initializing...
maxdom : 8
D->valSize : 464
Solving...
Blb : 2 (clique : 48)
currentSize : 48 <-- 0.008226 s
currentSize : 49 <-- 0.009038 s
currentSize : 51 <-- 0.010863 s
currentSize : 52 <-- 0.011115 s
currentSize : 53 <-- 0.011971 s
currentSize : 54 <-- 0.012240 s
currentSize : 55 <-- 0.046234 s
currentSize : 56 <-- 0.047162 s

maxsize : 56
nodes : 52317449.000000
filtered : 355248967.000000
time : 274.691101
