Parameters: GAD=1 vflib=1 dir=1 label=1 lowerbound=1 fileNameGp=../graphsdb/mcs70/m2D/m2Dr2/mcs70_m2Dr2_s35.A31 fileNameGt=../graphsdb/mcs70/m2D/m2Dr2/mcs70_m2Dr2_s35.B31
Reading graphs...
35 : 65
35 : 65
Initializing...
maxdom : 7
D->valSize : 182
Solving...
Blb : 2 (clique : 14)
currentSize : 14 <-- 0.001045 s
currentSize : 16 <-- 0.001191 s
currentSize : 17 <-- 0.001531 s
currentSize : 20 <-- 0.001992 s
currentSize : 22 <-- 0.002424 s
currentSize : 25 <-- 0.002451 s

maxsize : 25
nodes : 2979.000000
filtered : 16152.000000
time : 0.009491
