Parameters: GAD=1 vflib=1 dir=1 label=1 lowerbound=1 fileNameGp=../graphsdb/mcs70/rand/r02/mcs70_r02_s40.A21 fileNameGt=../graphsdb/mcs70/rand/r02/mcs70_r02_s40.B21
Reading graphs...
40 : 311
40 : 311
Initializing...
maxdom : 9
D->valSize : 223
Solving...
Blb : 2 (clique : 8)
currentSize : 8 <-- 0.001346 s
currentSize : 9 <-- 0.001861 s
currentSize : 13 <-- 0.002128 s
currentSize : 15 <-- 0.002454 s
currentSize : 28 <-- 0.002703 s

maxsize : 28
nodes : 449.000000
filtered : 8830.000000
time : 0.003243
