Parameters: GAD=1 vflib=1 dir=1 label=1 lowerbound=1 fileNameGp=../graphsdb/mcs70/m3D/m3D/mcs70_m3D_s90.A48 fileNameGt=../graphsdb/mcs70/m3D/m3D/mcs70_m3D_s90.B48
Reading graphs...
90 : 209
90 : 209
Initializing...
maxdom : 9
D->valSize : 537
Solving...
Blb : 2 (clique : 48)
currentSize : 48 <-- 0.010565 s
currentSize : 49 <-- 14.448214 s
currentSize : 50 <-- 34.176571 s
currentSize : 51 <-- 129.924362 s
currentSize : 54 <-- 130.038910 s
currentSize : 55 <-- 130.042328 s
currentSize : 56 <-- 178.588715 s
currentSize : 58 <-- 178.589249 s
currentSize : 63 <-- 178.589981 s
currentSize : 64 <-- 178.668167 s

maxsize : 64
nodes : 42463282.000000
filtered : 248287552.000000
time : 219.824326
