Parameters: GAD=1 vflib=1 dir=1 label=1 lowerbound=1 fileNameGp=../graphsdb/mcs70/m2D/m2D/mcs70_m2D_s60.A22 fileNameGt=../graphsdb/mcs70/m2D/m2D/mcs70_m2D_s60.B22
Reading graphs...
60 : 104
60 : 104
Initializing...
maxdom : 9
D->valSize : 290
Solving...
Blb : 2 (clique : 26)
currentSize : 26 <-- 0.002124 s
currentSize : 28 <-- 0.002330 s
currentSize : 29 <-- 0.013477 s
currentSize : 30 <-- 4.324024 s
currentSize : 31 <-- 6.862010 s
currentSize : 33 <-- 8.088310 s
currentSize : 34 <-- 8.135223 s
currentSize : 35 <-- 8.168762 s
currentSize : 36 <-- 9.500896 s

maxsize : 36
nodes : 2744948.000000
filtered : 16393813.000000
time : 11.923347
