Parameters: GAD=1 vflib=1 dir=1 label=1 lowerbound=1 fileNameGp=../graphsdb/mcs70/m2D/m2D/mcs70_m2D_s35.A25 fileNameGt=../graphsdb/mcs70/m2D/m2D/mcs70_m2D_s35.B25
Reading graphs...
35 : 58
35 : 58
Initializing...
maxdom : 7
D->valSize : 162
Solving...
Blb : 2 (clique : 13)
currentSize : 13 <-- 0.000917 s
currentSize : 16 <-- 0.000993 s
currentSize : 20 <-- 0.001013 s
currentSize : 21 <-- 0.001077 s
currentSize : 25 <-- 0.004411 s

maxsize : 25
nodes : 1205.000000
filtered : 8927.000000
time : 0.004830
