Parameters: GAD=1 vflib=1 dir=1 label=1 lowerbound=1 fileNameGp=../graphsdb/mcs70/bvg/b09m/mcs70_b09m_s90.A40 fileNameGt=../graphsdb/mcs70/bvg/b09m/mcs70_b09m_s90.B40
Reading graphs...
90 : 405
90 : 405
Initializing...
maxdom : 10
D->valSize : 578
Solving...
Blb : 2 (clique : 36)
currentSize : 36 <-- 0.011296 s
currentSize : 47 <-- 0.011752 s
currentSize : 48 <-- 0.012343 s
currentSize : 53 <-- 0.014549 s
currentSize : 55 <-- 0.014780 s
currentSize : 62 <-- 0.784239 s

maxsize : 62
nodes : 3354021.000000
filtered : 19602409.000000
time : 17.562452
