Parameters: GAD=1 vflib=1 dir=1 label=1 lowerbound=1 fileNameGp=../graphsdb/mcs70/rand/r01/mcs70_r01_s90.A48 fileNameGt=../graphsdb/mcs70/rand/r01/mcs70_r01_s90.B48
Reading graphs...
90 : 800
90 : 800
Initializing...
maxdom : 11
D->valSize : 573
Solving...
Blb : 2 (clique : 16)
currentSize : 16 <-- 0.010172 s
currentSize : 17 <-- 0.066819 s
currentSize : 21 <-- 0.076488 s
currentSize : 23 <-- 0.108383 s
currentSize : 25 <-- 0.108748 s
currentSize : 31 <-- 0.109831 s
currentSize : 38 <-- 0.155875 s
currentSize : 43 <-- 0.176209 s
currentSize : 46 <-- 0.234200 s
currentSize : 47 <-- 0.294715 s
currentSize : 63 <-- 0.340997 s

maxsize : 63
nodes : 35104.000000
filtered : 734639.000000
time : 0.362079
