Parameters: GAD=1 vflib=1 dir=1 label=1 lowerbound=1 fileNameGp=../graphsdb/mcs70/m2D/m2D/mcs70_m2D_s60.A80 fileNameGt=../graphsdb/mcs70/m2D/m2D/mcs70_m2D_s60.B80
Reading graphs...
60 : 104
60 : 104
Initializing...
maxdom : 7
D->valSize : 264
Solving...
Blb : 2 (clique : 23)
currentSize : 23 <-- 0.002004 s
currentSize : 28 <-- 0.002152 s
currentSize : 29 <-- 0.002175 s
currentSize : 30 <-- 0.002225 s
currentSize : 31 <-- 0.002241 s
currentSize : 32 <-- 0.002321 s
currentSize : 33 <-- 0.002408 s
currentSize : 34 <-- 0.002666 s
currentSize : 35 <-- 0.410601 s
currentSize : 36 <-- 0.410627 s
currentSize : 37 <-- 0.677877 s
currentSize : 38 <-- 0.677902 s

maxsize : 38
nodes : 895394.000000
filtered : 4768694.000000
time : 3.645714
