Parameters: GAD=1 vflib=1 dir=1 label=1 lowerbound=1 fileNameGp=../graphsdb/mcs70/m3D/m3Dr4/mcs70_m3Dr4_s90.A50 fileNameGt=../graphsdb/mcs70/m3D/m3Dr4/mcs70_m3Dr4_s90.B50
Reading graphs...
90 : 245
90 : 245
Initializing...
maxdom : 12
D->valSize : 592
Solving...
Blb : 2 (clique : 48)
currentSize : 48 <-- 0.012341 s
currentSize : 54 <-- 0.012904 s
currentSize : 56 <-- 0.014003 s
currentSize : 57 <-- 0.017073 s
currentSize : 58 <-- 0.062498 s
currentSize : 60 <-- 0.063164 s
currentSize : 61 <-- 0.067875 s
currentSize : 63 <-- 10.153055 s
currentSize : 65 <-- 13.462611 s
currentSize : 66 <-- 13.464994 s

maxsize : 66
nodes : 2673778.000000
filtered : 20893351.000000
time : 15.671967
