Parameters: GAD=1 vflib=1 dir=1 label=1 lowerbound=1 fileNameGp=../graphsdb/mcs70/rand/r01/mcs70_r01_s60.A29 fileNameGt=../graphsdb/mcs70/rand/r01/mcs70_r01_s60.B29
Reading graphs...
60 : 353
60 : 353
Initializing...
maxdom : 8
D->valSize : 280
Solving...
Blb : 2 (clique : 17)
currentSize : 17 <-- 0.001944 s
currentSize : 21 <-- 0.002112 s
currentSize : 27 <-- 0.002325 s
currentSize : 28 <-- 0.002712 s
currentSize : 42 <-- 0.003249 s

maxsize : 42
nodes : 1409.000000
filtered : 17499.000000
time : 0.008425
