Parameters: GAD=1 vflib=1 dir=1 label=1 lowerbound=1 fileNameGp=../graphsdb/mcs70/m3D/m3Dr4/mcs70_m3Dr4_s90.A09 fileNameGt=../graphsdb/mcs70/m3D/m3Dr4/mcs70_m3Dr4_s90.B09
Reading graphs...
90 : 245
90 : 245
Initializing...
maxdom : 11
D->valSize : 569
Solving...
Blb : 2 (clique : 53)
currentSize : 53 <-- 0.011469 s
currentSize : 56 <-- 0.012001 s
currentSize : 58 <-- 0.012386 s
currentSize : 59 <-- 0.031288 s
currentSize : 61 <-- 12.798634 s
currentSize : 63 <-- 12.798986 s
currentSize : 64 <-- 12.829798 s

maxsize : 64
nodes : 11670736.000000
filtered : 83890509.000000
time : 63.506439
