Parameters: GAD=1 vflib=1 dir=1 label=1 lowerbound=1 fileNameGp=../graphsdb/mcs70/m2D/m2Dr2/mcs70_m2Dr2_s90.A71 fileNameGt=../graphsdb/mcs70/m2D/m2Dr2/mcs70_m2Dr2_s90.B71
Reading graphs...
90 : 179
90 : 178
Initializing...
maxdom : 10
D->valSize : 560
Solving...
Blb : 2 (clique : 46)
currentSize : 46 <-- 0.006745 s
currentSize : 47 <-- 449.839386 s
currentSize : 48 <-- 449.848022 s
currentSize : 49 <-- 449.956635 s
currentSize : 50 <-- 1193.942627 s
currentSize : 51 <-- 1307.141235 s
currentSize : 52 <-- 1501.459595 s
currentSize : 53 <-- 1501.460083 s
currentSize : 54 <-- 1501.512329 s
currentSize : 55 <-- 1765.729004 s
currentSize : 56 <-- 1765.729126 s
currentSize : 57 <-- 1765.729248 s
currentSize : 58 <-- 1765.782959 s
currentSize : 59 <-- 2014.656250 s
currentSize : 60 <-- 2014.704956 s
currentSize : 61 <-- 2320.209961 s

TIMEOUT
maxsize : 61
nodes : 730953713.000000
filtered : 3851689084.000000
time : 3600.000000
