Parameters: GAD=1 vflib=1 dir=1 label=1 lowerbound=1 fileNameGp=../graphsdb/mcs70/bvg/b06m/mcs70_b06m_s50.A07 fileNameGt=../graphsdb/mcs70/bvg/b06m/mcs70_b06m_s50.B07
Reading graphs...
50 : 150
50 : 150
Initializing...
maxdom : 9
D->valSize : 333
Solving...
Blb : 3 (clique : 24)
currentSize : 24 <-- 0.002462 s
currentSize : 26 <-- 0.066205 s
currentSize : 27 <-- 0.066375 s
currentSize : 34 <-- 0.148384 s
currentSize : 35 <-- 0.148565 s

maxsize : 35
nodes : 45974.000000
filtered : 585783.000000
time : 0.209653
