Parameters: GAD=1 vflib=1 dir=1 label=1 lowerbound=1 fileNameGp=../graphsdb/mcs70/m2D/m2Dr2/mcs70_m2Dr2_s40.A46 fileNameGt=../graphsdb/mcs70/m2D/m2Dr2/mcs70_m2Dr2_s40.B46
Reading graphs...
40 : 75
40 : 75
Initializing...
maxdom : 9
D->valSize : 220
Solving...
Blb : 2 (clique : 17)
currentSize : 17 <-- 0.001275 s
currentSize : 18 <-- 0.073290 s
currentSize : 20 <-- 0.386479 s
currentSize : 21 <-- 1.046231 s
currentSize : 22 <-- 1.049617 s
currentSize : 23 <-- 1.050528 s
currentSize : 24 <-- 1.161419 s
currentSize : 25 <-- 1.161622 s

maxsize : 25
nodes : 368482.000000
filtered : 2764443.000000
time : 1.324118
