Parameters: GAD=1 vflib=1 dir=1 label=1 lowerbound=1 fileNameGp=../graphsdb/mcs70/bvg/b09/mcs70_b09_s70.A08 fileNameGt=../graphsdb/mcs70/bvg/b09/mcs70_b09_s70.B08
Reading graphs...
70 : 315
70 : 315
Initializing...
maxdom : 9
D->valSize : 368
Solving...
Blb : 3 (clique : 32)
currentSize : 32 <-- 0.003200 s
currentSize : 37 <-- 0.003381 s
currentSize : 39 <-- 0.003505 s
currentSize : 40 <-- 0.003792 s
currentSize : 42 <-- 0.004453 s
currentSize : 43 <-- 0.004787 s
currentSize : 47 <-- 0.234200 s
currentSize : 48 <-- 0.234594 s

maxsize : 48
nodes : 135555.000000
filtered : 893042.000000
time : 0.603802
