Parameters: GAD=1 vflib=1 dir=1 label=1 lowerbound=1 fileNameGp=../graphsdb/mcs70/bvg/b06/mcs70_b06_s90.A64 fileNameGt=../graphsdb/mcs70/bvg/b06/mcs70_b06_s90.B64
Reading graphs...
90 : 270
90 : 270
Initializing...
maxdom : 9
D->valSize : 574
Solving...
Blb : 2 (clique : 50)
currentSize : 50 <-- 0.007023 s
currentSize : 51 <-- 0.007564 s
currentSize : 52 <-- 0.008488 s
currentSize : 53 <-- 0.008916 s
currentSize : 54 <-- 0.170948 s
currentSize : 55 <-- 0.171407 s
currentSize : 56 <-- 0.354211 s
currentSize : 57 <-- 0.354936 s
currentSize : 59 <-- 0.851900 s
currentSize : 60 <-- 0.852639 s
currentSize : 61 <-- 1.022895 s
currentSize : 63 <-- 1.169662 s

maxsize : 63
nodes : 24351545.000000
filtered : 176516813.000000
time : 133.092270
