Parameters: GAD=1 vflib=1 dir=1 label=1 lowerbound=1 fileNameGp=../graphsdb/mcs70/m2D/m2D/mcs70_m2D_s60.A66 fileNameGt=../graphsdb/mcs70/m2D/m2D/mcs70_m2D_s60.B66
Reading graphs...
60 : 104
60 : 104
Initializing...
maxdom : 8
D->valSize : 263
Solving...
Blb : 2 (clique : 31)
currentSize : 31 <-- 0.001872 s
currentSize : 32 <-- 0.002107 s
currentSize : 34 <-- 0.002424 s
currentSize : 35 <-- 0.002487 s
currentSize : 36 <-- 0.003917 s
currentSize : 37 <-- 0.004011 s

maxsize : 37
nodes : 1633653.000000
filtered : 7419856.000000
time : 6.462798
