Parameters: GAD=1 vflib=1 dir=1 label=1 lowerbound=1 fileNameGp=../graphsdb/mcs70/m2D/m2Dr4/mcs70_m2Dr4_s90.A16 fileNameGt=../graphsdb/mcs70/m2D/m2Dr4/mcs70_m2Dr4_s90.B16
Reading graphs...
90 : 197
90 : 196
Initializing...
maxdom : 10
D->valSize : 543
Solving...
Blb : 2 (clique : 52)
currentSize : 52 <-- 0.006470 s
currentSize : 53 <-- 846.328430 s
currentSize : 55 <-- 846.328674 s
currentSize : 56 <-- 846.328857 s
currentSize : 57 <-- 2082.265137 s
currentSize : 59 <-- 2082.265381 s
currentSize : 60 <-- 2082.265625 s
currentSize : 61 <-- 3073.361816 s
currentSize : 62 <-- 3073.364014 s
currentSize : 63 <-- 3073.678223 s
currentSize : 64 <-- 3073.678711 s
currentSize : 65 <-- 3073.691650 s

maxsize : 65
nodes : 698707603.000000
filtered : 3410120466.000000
time : 3324.142578
