Parameters: GAD=1 vflib=1 dir=1 label=1 lowerbound=1 fileNameGp=../graphsdb/mcs70/bvg/b06/mcs70_b06_s100.A99 fileNameGt=../graphsdb/mcs70/bvg/b06/mcs70_b06_s100.B99
Reading graphs...
100 : 300
100 : 300
Initializing...
maxdom : 7
D->valSize : 376
Solving...
Blb : 2 (clique : 52)
currentSize : 52 <-- 0.004078 s
currentSize : 54 <-- 0.004930 s
currentSize : 56 <-- 0.005066 s
currentSize : 58 <-- 0.007785 s
currentSize : 60 <-- 0.078886 s
currentSize : 64 <-- 8.098365 s
currentSize : 66 <-- 8.098610 s
currentSize : 68 <-- 8.101520 s
currentSize : 70 <-- 8.414815 s

maxsize : 70
nodes : 1678520.000000
filtered : 8378062.000000
time : 10.122076
