Parameters: GAD=1 vflib=1 dir=1 label=1 lowerbound=1 fileNameGp=../graphsdb/mcs70/m2D/m2Dr4/mcs70_m2Dr4_s60.A46 fileNameGt=../graphsdb/mcs70/m2D/m2Dr4/mcs70_m2Dr4_s60.B46
Reading graphs...
60 : 128
60 : 128
Initializing...
maxdom : 7
D->valSize : 231
Solving...
Blb : 2 (clique : 28)
currentSize : 28 <-- 0.001826 s
currentSize : 29 <-- 0.004165 s
currentSize : 31 <-- 0.071347 s
currentSize : 34 <-- 0.086763 s
currentSize : 35 <-- 0.116856 s
currentSize : 36 <-- 0.123838 s
currentSize : 37 <-- 0.216735 s

maxsize : 37
nodes : 91155.000000
filtered : 448133.000000
time : 0.366714
