Parameters: GAD=1 vflib=1 dir=1 label=1 lowerbound=1 fileNameGp=../graphsdb/mcs70/m2D/m2D/mcs70_m2D_s25.A91 fileNameGt=../graphsdb/mcs70/m2D/m2D/mcs70_m2D_s25.B91
Reading graphs...
25 : 40
25 : 40
Initializing...
maxdom : 9
D->valSize : 156
Solving...
Blb : 3 (clique : 12)
currentSize : 12 <-- 0.001135 s
currentSize : 13 <-- 0.001217 s
currentSize : 14 <-- 0.001384 s
currentSize : 15 <-- 0.002230 s
currentSize : 16 <-- 0.002266 s

maxsize : 16
nodes : 908.000000
filtered : 7932.000000
time : 0.005127
