Parameters: GAD=1 vflib=1 dir=1 label=1 lowerbound=1 fileNameGp=../graphsdb/mcs70/m2D/m2Dr6/mcs70_m2Dr6_s50.A26 fileNameGt=../graphsdb/mcs70/m2D/m2Dr6/mcs70_m2Dr6_s50.B26
Reading graphs...
50 : 115
50 : 114
Initializing...
maxdom : 10
D->valSize : 366
Solving...
Blb : 3 (clique : 20)
currentSize : 20 <-- 0.002727 s
currentSize : 24 <-- 0.002853 s
currentSize : 26 <-- 0.002892 s
currentSize : 28 <-- 0.002973 s
currentSize : 30 <-- 0.003039 s
currentSize : 31 <-- 0.129951 s
currentSize : 33 <-- 0.130030 s
currentSize : 34 <-- 0.318278 s
currentSize : 36 <-- 0.318358 s
currentSize : 37 <-- 0.360494 s

maxsize : 37
nodes : 73651.000000
filtered : 1146460.000000
time : 0.392960
