Parameters: GAD=1 vflib=1 dir=1 label=1 lowerbound=1 fileNameGp=../graphsdb/mcs70/bvg/b09/mcs70_b09_s60.A18 fileNameGt=../graphsdb/mcs70/bvg/b09/mcs70_b09_s60.B18
Reading graphs...
60 : 270
60 : 270
Initializing...
maxdom : 7
D->valSize : 260
Solving...
Blb : 2 (clique : 33)
currentSize : 33 <-- 0.002971 s
currentSize : 34 <-- 0.003548 s
currentSize : 36 <-- 0.004126 s
currentSize : 38 <-- 0.004397 s
currentSize : 40 <-- 0.010912 s
currentSize : 42 <-- 0.011403 s

maxsize : 42
nodes : 14591.000000
filtered : 93581.000000
time : 0.093121
