Parameters: GAD=1 vflib=1 dir=1 label=1 lowerbound=1 fileNameGp=../graphsdb/mcs70/m2D/m2Dr2/mcs70_m2Dr2_s60.A39 fileNameGt=../graphsdb/mcs70/m2D/m2Dr2/mcs70_m2Dr2_s60.B39
Reading graphs...
60 : 116
60 : 115
Initializing...
maxdom : 8
D->valSize : 268
Solving...
Blb : 2 (clique : 23)
currentSize : 23 <-- 0.003140 s
currentSize : 24 <-- 0.003436 s
currentSize : 25 <-- 0.003781 s
currentSize : 26 <-- 0.004034 s
currentSize : 27 <-- 0.004150 s
currentSize : 28 <-- 0.004452 s
currentSize : 29 <-- 0.035455 s
currentSize : 32 <-- 0.105949 s
currentSize : 33 <-- 0.106089 s
currentSize : 34 <-- 0.107092 s
currentSize : 35 <-- 0.176583 s
currentSize : 36 <-- 0.178622 s

maxsize : 36
nodes : 225121.000000
filtered : 903490.000000
time : 0.952481
