Parameters: GAD=1 vflib=1 dir=1 label=1 lowerbound=1 fileNameGp=../graphsdb/mcs70/bvg/b06/mcs70_b06_s35.A76 fileNameGt=../graphsdb/mcs70/bvg/b06/mcs70_b06_s35.B76
Reading graphs...
35 : 105
35 : 105
Initializing...
maxdom : 6
D->valSize : 165
Solving...
Blb : 3 (clique : 9)
currentSize : 9 <-- 0.001016 s
currentSize : 10 <-- 0.001195 s
currentSize : 11 <-- 0.001332 s
currentSize : 15 <-- 0.001705 s
currentSize : 16 <-- 0.003001 s
currentSize : 19 <-- 0.003500 s
currentSize : 23 <-- 0.003949 s
currentSize : 24 <-- 0.004529 s

maxsize : 24
nodes : 1502.000000
filtered : 12540.000000
time : 0.006792
