Parameters: GAD=1 vflib=1 dir=1 label=1 lowerbound=1 fileNameGp=../graphsdb/mcs70/m3D/m3D/mcs70_m3D_s40.A25 fileNameGt=../graphsdb/mcs70/m3D/m3D/mcs70_m3D_s40.B25
Reading graphs...
40 : 84
40 : 84
Initializing...
maxdom : 9
D->valSize : 243
Solving...
Blb : 2 (clique : 16)
currentSize : 16 <-- 0.001450 s
currentSize : 17 <-- 0.001542 s
currentSize : 18 <-- 0.006735 s
currentSize : 20 <-- 0.016784 s
currentSize : 21 <-- 0.016851 s
currentSize : 23 <-- 0.027797 s
currentSize : 24 <-- 0.027940 s
currentSize : 26 <-- 0.054617 s
currentSize : 27 <-- 0.054810 s

maxsize : 27
nodes : 20953.000000
filtered : 141379.000000
time : 0.073577
