Parameters: GAD=1 vflib=1 dir=1 label=1 lowerbound=1 fileNameGp=../graphsdb/mcs70/m3D/m3Dr4/mcs70_m3Dr4_s100.A84 fileNameGt=../graphsdb/mcs70/m3D/m3Dr4/mcs70_m3Dr4_s100.B84
Reading graphs...
100 : 274
100 : 271
Initializing...
maxdom : 6
D->valSize : 350
Solving...
Blb : 3 (clique : 40)
currentSize : 40 <-- 0.006680 s
currentSize : 41 <-- 0.098508 s
currentSize : 42 <-- 9.421357 s
currentSize : 43 <-- 9.432988 s
currentSize : 44 <-- 26.997091 s
currentSize : 45 <-- 27.093611 s
currentSize : 46 <-- 27.093761 s
currentSize : 47 <-- 59.681686 s
currentSize : 48 <-- 131.771713 s
currentSize : 49 <-- 131.917831 s
currentSize : 50 <-- 131.935654 s
currentSize : 51 <-- 136.064346 s
currentSize : 53 <-- 136.889679 s
currentSize : 54 <-- 136.890823 s
currentSize : 57 <-- 136.906525 s
currentSize : 58 <-- 158.994553 s
currentSize : 59 <-- 159.172134 s
currentSize : 62 <-- 159.229462 s
currentSize : 65 <-- 160.213043 s

maxsize : 65
nodes : 42614667.000000
filtered : 176346956.000000
time : 229.278580
