Parameters: GAD=1 vflib=1 dir=1 label=1 lowerbound=1 fileNameGp=../graphsdb/mcs70/rand/r005/mcs70_r005_s60.A72 fileNameGt=../graphsdb/mcs70/rand/r005/mcs70_r005_s60.B72
Reading graphs...
60 : 176
60 : 176
Initializing...
maxdom : 6
D->valSize : 265
Solving...
Blb : 2 (clique : 28)
currentSize : 28 <-- 0.002025 s
currentSize : 31 <-- 0.002400 s
currentSize : 35 <-- 0.006186 s
currentSize : 36 <-- 0.011763 s
currentSize : 42 <-- 0.012000 s

maxsize : 42
nodes : 3560.000000
filtered : 35250.000000
time : 0.020123
