Parameters: GAD=1 vflib=1 dir=1 label=1 lowerbound=1 fileNameGp=../graphsdb/mcs70/bvg/b09/mcs70_b09_s90.A81 fileNameGt=../graphsdb/mcs70/bvg/b09/mcs70_b09_s90.B81
Reading graphs...
90 : 405
90 : 405
Initializing...
maxdom : 10
D->valSize : 551
Solving...
Blb : 2 (clique : 29)
currentSize : 29 <-- 0.006308 s
currentSize : 30 <-- 0.009492 s
currentSize : 32 <-- 1.797442 s
currentSize : 34 <-- 2.866274 s
currentSize : 35 <-- 3.624436 s
currentSize : 36 <-- 4.600381 s
currentSize : 39 <-- 5.957691 s
currentSize : 41 <-- 5.958302 s
currentSize : 42 <-- 5.958510 s
currentSize : 44 <-- 7.377325 s
currentSize : 46 <-- 7.379084 s
currentSize : 48 <-- 7.480050 s
currentSize : 51 <-- 7.481842 s
currentSize : 59 <-- 18.415108 s
currentSize : 62 <-- 18.415600 s

maxsize : 62
nodes : 3746686.000000
filtered : 32711645.000000
time : 21.909485
