Parameters: GAD=1 vflib=1 dir=1 label=1 lowerbound=1 fileNameGp=../graphsdb/mcs70/bvg/b06m/mcs70_b06m_s90.A00 fileNameGt=../graphsdb/mcs70/bvg/b06m/mcs70_b06m_s90.B00
Reading graphs...
90 : 270
90 : 270
Initializing...
maxdom : 10
D->valSize : 546
Solving...
Blb : 3 (clique : 47)
currentSize : 47 <-- 0.006346 s
currentSize : 48 <-- 3.259748 s
currentSize : 49 <-- 3.260165 s
currentSize : 50 <-- 20.354853 s
currentSize : 52 <-- 23.155436 s
currentSize : 54 <-- 23.155640 s
currentSize : 56 <-- 31.992151 s
currentSize : 57 <-- 31.992710 s
currentSize : 58 <-- 43.970844 s
currentSize : 59 <-- 43.971397 s
currentSize : 60 <-- 57.860535 s
currentSize : 62 <-- 74.320412 s
currentSize : 63 <-- 74.321213 s

maxsize : 63
nodes : 14918278.000000
filtered : 108095514.000000
time : 81.660416
