Parameters: GAD=1 vflib=1 dir=1 label=1 lowerbound=1 fileNameGp=../graphsdb/mcs70/bvg/b03m/mcs70_b03m_s40.A04 fileNameGt=../graphsdb/mcs70/bvg/b03m/mcs70_b03m_s40.B04
Reading graphs...
40 : 60
40 : 60
Initializing...
maxdom : 11
D->valSize : 254
Solving...
Blb : 2 (clique : 20)
currentSize : 20 <-- 0.001547 s
currentSize : 21 <-- 0.011640 s
currentSize : 22 <-- 0.025682 s
currentSize : 23 <-- 0.069231 s
currentSize : 24 <-- 0.071538 s
currentSize : 26 <-- 0.144798 s
currentSize : 27 <-- 0.144831 s
currentSize : 29 <-- 0.144869 s

maxsize : 29
nodes : 47560.000000
filtered : 403259.000000
time : 0.176681
