Parameters: GAD=1 vflib=1 dir=1 label=1 lowerbound=1 fileNameGp=../graphsdb/mcs70/m2D/m2D/mcs70_m2D_s40.A28 fileNameGt=../graphsdb/mcs70/m2D/m2D/mcs70_m2D_s40.B28
Reading graphs...
40 : 67
40 : 67
Initializing...
maxdom : 10
D->valSize : 216
Solving...
Blb : 3 (clique : 14)
currentSize : 14 <-- 0.001226 s
currentSize : 15 <-- 0.001332 s
currentSize : 16 <-- 0.002655 s
currentSize : 17 <-- 0.005629 s
currentSize : 18 <-- 0.006065 s
currentSize : 19 <-- 0.010237 s
currentSize : 22 <-- 0.010777 s
currentSize : 23 <-- 0.060613 s
currentSize : 24 <-- 0.075746 s
currentSize : 25 <-- 0.248143 s

maxsize : 25
nodes : 63904.000000
filtered : 677845.000000
time : 0.260543
