Parameters: GAD=1 vflib=1 dir=1 label=1 lowerbound=1 fileNameGp=../graphsdb/mcs70/m2D/m2D/mcs70_m2D_s25.A55 fileNameGt=../graphsdb/mcs70/m2D/m2D/mcs70_m2D_s25.B55
Reading graphs...
25 : 40
25 : 40
Initializing...
maxdom : 7
D->valSize : 156
Solving...
Blb : 5 (clique : 10)
currentSize : 10 <-- 0.000799 s
currentSize : 11 <-- 0.000874 s
currentSize : 12 <-- 0.003406 s
currentSize : 13 <-- 0.043490 s
currentSize : 14 <-- 0.054174 s
currentSize : 15 <-- 0.058470 s
currentSize : 16 <-- 0.058508 s

maxsize : 16
nodes : 22088.000000
filtered : 197017.000000
time : 0.070723
