Parameters: GAD=1 vflib=1 dir=1 label=1 lowerbound=1 fileNameGp=../graphsdb/mcs70/m2D/m2Dr6/mcs70_m2Dr6_s90.A62 fileNameGt=../graphsdb/mcs70/m2D/m2Dr6/mcs70_m2Dr6_s90.B62
Reading graphs...
90 : 215
90 : 212
Initializing...
maxdom : 11
D->valSize : 548
Solving...
Blb : 3 (clique : 40)
currentSize : 40 <-- 0.006406 s
currentSize : 41 <-- 0.024489 s
currentSize : 43 <-- 0.024871 s
currentSize : 45 <-- 0.235547 s
currentSize : 46 <-- 1.080929 s
currentSize : 49 <-- 1.083615 s
currentSize : 52 <-- 1.957470 s
currentSize : 56 <-- 7.081815 s
currentSize : 57 <-- 7.092884 s
currentSize : 58 <-- 12.664710 s
currentSize : 59 <-- 66.986488 s
currentSize : 60 <-- 66.986740 s
currentSize : 61 <-- 67.066681 s
currentSize : 63 <-- 81.936424 s
currentSize : 64 <-- 81.936913 s

maxsize : 64
nodes : 33948793.000000
filtered : 162000554.000000
time : 165.117767
