Parameters: GAD=1 vflib=1 dir=1 label=1 lowerbound=1 fileNameGp=../graphsdb/mcs70/m4D/m4D/mcs70_m4D_s25.A47 fileNameGt=../graphsdb/mcs70/m4D/m4D/mcs70_m4D_s25.B47
Reading graphs...
25 : 47
25 : 47
Initializing...
maxdom : 8
D->valSize : 161
Solving...
Blb : 2 (clique : 12)
currentSize : 12 <-- 0.001213 s
currentSize : 13 <-- 0.025595 s
currentSize : 14 <-- 0.046961 s
currentSize : 16 <-- 0.054101 s
currentSize : 17 <-- 0.054188 s

maxsize : 17
nodes : 13078.000000
filtered : 122981.000000
time : 0.059618
