Parameters: GAD=1 vflib=1 dir=1 label=1 lowerbound=1 fileNameGp=../graphsdb/mcs70/m4D/m4D/mcs70_m4D_s25.A45 fileNameGt=../graphsdb/mcs70/m4D/m4D/mcs70_m4D_s25.B45
Reading graphs...
25 : 47
25 : 47
Initializing...
maxdom : 8
D->valSize : 157
Solving...
Blb : 2 (clique : 10)
currentSize : 10 <-- 0.001168 s
currentSize : 11 <-- 0.003955 s
currentSize : 13 <-- 0.016028 s
currentSize : 16 <-- 0.016570 s
currentSize : 17 <-- 0.016594 s

maxsize : 17
nodes : 4602.000000
filtered : 47075.000000
time : 0.020224
