Parameters: GAD=1 vflib=1 dir=1 label=1 lowerbound=1 fileNameGp=../graphsdb/mcs70/rand/r005/mcs70_r005_s90.A00 fileNameGt=../graphsdb/mcs70/rand/r005/mcs70_r005_s90.B00
Reading graphs...
90 : 399
90 : 399
Initializing...
maxdom : 11
D->valSize : 560
Solving...
Blb : 2 (clique : 34)
currentSize : 34 <-- 0.010775 s
currentSize : 37 <-- 0.011223 s
currentSize : 39 <-- 0.011485 s
currentSize : 40 <-- 1.583554 s
currentSize : 41 <-- 3.152339 s
currentSize : 46 <-- 6.481904 s
currentSize : 47 <-- 8.332663 s
currentSize : 49 <-- 8.332799 s
currentSize : 51 <-- 8.333173 s
currentSize : 54 <-- 9.426284 s
currentSize : 56 <-- 9.941262 s
currentSize : 63 <-- 9.941497 s

maxsize : 63
nodes : 1664755.000000
filtered : 21580222.000000
time : 10.990250
