Parameters: GAD=1 vflib=1 dir=1 label=1 lowerbound=1 fileNameGp=../graphsdb/mcs70/rand/r02/mcs70_r02_s40.A54 fileNameGt=../graphsdb/mcs70/rand/r02/mcs70_r02_s40.B54
Reading graphs...
40 : 311
40 : 311
Initializing...
maxdom : 7
D->valSize : 214
Solving...
Blb : 3 (clique : 8)
currentSize : 8 <-- 0.001437 s
currentSize : 10 <-- 0.001512 s
currentSize : 12 <-- 0.001764 s
currentSize : 15 <-- 0.001835 s
currentSize : 28 <-- 0.003045 s

maxsize : 28
nodes : 535.000000
filtered : 12080.000000
time : 0.004115
