Parameters: GAD=1 vflib=1 dir=1 label=1 lowerbound=1 fileNameGp=../graphsdb/mcs70/bvg/b03m/mcs70_b03m_s60.A04 fileNameGt=../graphsdb/mcs70/bvg/b03m/mcs70_b03m_s60.B04
Reading graphs...
60 : 90
60 : 90
Initializing...
maxdom : 7
D->valSize : 232
Solving...
Blb : 2 (clique : 34)
currentSize : 34 <-- 0.002009 s
currentSize : 35 <-- 0.143308 s
currentSize : 36 <-- 0.143410 s
currentSize : 37 <-- 0.145805 s
currentSize : 38 <-- 0.193811 s
currentSize : 40 <-- 1.255691 s
currentSize : 41 <-- 1.257769 s
currentSize : 42 <-- 1.362318 s

maxsize : 42
nodes : 753175.000000
filtered : 2784593.000000
time : 2.745363
