Parameters: GAD=1 vflib=1 dir=1 label=1 lowerbound=1 fileNameGp=../graphsdb/mcs70/bvg/b06/mcs70_b06_s25.A69 fileNameGt=../graphsdb/mcs70/bvg/b06/mcs70_b06_s25.B69
Reading graphs...
25 : 75
25 : 75
Initializing...
maxdom : 7
D->valSize : 157
Solving...
Blb : 2 (clique : 7)
currentSize : 7 <-- 0.000713 s
currentSize : 8 <-- 0.000757 s
currentSize : 9 <-- 0.000810 s
currentSize : 16 <-- 0.001576 s
currentSize : 17 <-- 0.001626 s

maxsize : 17
nodes : 691.000000
filtered : 8015.000000
time : 0.002893
