Parameters: GAD=1 vflib=1 dir=1 label=1 lowerbound=1 fileNameGp=../graphsdb/mcs70/m2D/m2Dr2/mcs70_m2Dr2_s40.A19 fileNameGt=../graphsdb/mcs70/m2D/m2Dr2/mcs70_m2Dr2_s40.B19
Reading graphs...
40 : 75
40 : 75
Initializing...
maxdom : 9
D->valSize : 218
Solving...
Blb : 2 (clique : 17)
currentSize : 17 <-- 0.001997 s
currentSize : 19 <-- 0.002301 s
currentSize : 21 <-- 0.026215 s
currentSize : 23 <-- 0.026460 s
currentSize : 24 <-- 0.093011 s
currentSize : 25 <-- 0.127888 s

maxsize : 25
nodes : 45304.000000
filtered : 363153.000000
time : 0.198625
