Parameters: GAD=1 vflib=1 dir=1 label=1 lowerbound=1 fileNameGp=../graphsdb/mcs70/bvg/b03m/mcs70_b03m_s40.A47 fileNameGt=../graphsdb/mcs70/bvg/b03m/mcs70_b03m_s40.B47
Reading graphs...
40 : 60
40 : 60
Initializing...
maxdom : 11
D->valSize : 258
Solving...
Blb : 3 (clique : 23)
currentSize : 23 <-- 0.001555 s
currentSize : 26 <-- 0.001658 s
currentSize : 27 <-- 0.001871 s
currentSize : 28 <-- 0.003471 s
currentSize : 29 <-- 0.017298 s

maxsize : 29
nodes : 9198.000000
filtered : 73913.000000
time : 0.035595
