Parameters: GAD=1 vflib=1 dir=1 label=1 lowerbound=1 fileNameGp=../graphsdb/mcs70/bvg/b09/mcs70_b09_s80.A35 fileNameGt=../graphsdb/mcs70/bvg/b09/mcs70_b09_s80.B35
Reading graphs...
80 : 360
80 : 360
Initializing...
maxdom : 10
D->valSize : 454
Solving...
Blb : 3 (clique : 34)
currentSize : 34 <-- 0.004730 s
currentSize : 35 <-- 1.441843 s
currentSize : 39 <-- 2.781675 s
currentSize : 40 <-- 2.781818 s
currentSize : 44 <-- 2.782146 s
currentSize : 45 <-- 2.782317 s
currentSize : 52 <-- 4.000536 s
currentSize : 56 <-- 4.001074 s

maxsize : 56
nodes : 831896.000000
filtered : 7000113.000000
time : 4.328893
