Parameters: GAD=1 vflib=1 dir=1 label=1 lowerbound=1 fileNameGp=../graphsdb/mcs70/rand/r01/mcs70_r01_s20.A95 fileNameGt=../graphsdb/mcs70/rand/r01/mcs70_r01_s20.B95
Reading graphs...
20 : 37
20 : 37
Initializing...
maxdom : 8
D->valSize : 106
Solving...
Blb : 2 (clique : 9)
currentSize : 9 <-- 0.000553 s
currentSize : 10 <-- 0.000593 s
currentSize : 11 <-- 0.000607 s
currentSize : 12 <-- 0.001025 s
currentSize : 14 <-- 0.001056 s

maxsize : 14
nodes : 201.000000
filtered : 1975.000000
time : 0.001091
