Parameters: GAD=1 vflib=1 dir=1 label=1 lowerbound=1 fileNameGp=../graphsdb/mcs70/rand/r005/mcs70_r005_s40.A86 fileNameGt=../graphsdb/mcs70/rand/r005/mcs70_r005_s40.B86
Reading graphs...
40 : 77
40 : 77
Initializing...
maxdom : 7
D->valSize : 203
Solving...
Blb : 3 (clique : 18)
currentSize : 18 <-- 0.001125 s
currentSize : 19 <-- 0.010169 s
currentSize : 20 <-- 0.030215 s
currentSize : 21 <-- 0.035238 s
currentSize : 22 <-- 0.035305 s
currentSize : 24 <-- 0.039626 s
currentSize : 25 <-- 0.042877 s
currentSize : 27 <-- 0.042962 s
currentSize : 28 <-- 0.043082 s

maxsize : 28
nodes : 12877.000000
filtered : 97948.000000
time : 0.048181
