Parameters: GAD=1 vflib=1 dir=1 label=1 lowerbound=1 fileNameGp=../graphsdb/mcs70/m2D/m2Dr6/mcs70_m2Dr6_s70.A38 fileNameGt=../graphsdb/mcs70/m2D/m2Dr6/mcs70_m2Dr6_s70.B38
Reading graphs...
70 : 165
70 : 163
Initializing...
maxdom : 8
D->valSize : 360
Solving...
Blb : 3 (clique : 36)
currentSize : 36 <-- 0.005150 s
currentSize : 38 <-- 0.005837 s
currentSize : 41 <-- 0.007975 s
currentSize : 42 <-- 0.013503 s
currentSize : 45 <-- 0.013892 s
currentSize : 49 <-- 1.711042 s

maxsize : 49
nodes : 624989.000000
filtered : 2608446.000000
time : 2.839014
