Parameters: GAD=1 vflib=1 dir=1 label=1 lowerbound=1 fileNameGp=../graphsdb/mcs70/rand/r005/mcs70_r005_s80.A82 fileNameGt=../graphsdb/mcs70/rand/r005/mcs70_r005_s80.B82
Reading graphs...
80 : 315
80 : 315
Initializing...
maxdom : 12
D->valSize : 449
Solving...
Blb : 2 (clique : 23)
currentSize : 23 <-- 0.004441 s
currentSize : 24 <-- 0.004636 s
currentSize : 25 <-- 0.005621 s
currentSize : 26 <-- 0.015341 s
currentSize : 27 <-- 0.015393 s
currentSize : 28 <-- 0.015762 s
currentSize : 30 <-- 0.035439 s
currentSize : 32 <-- 0.035665 s
currentSize : 34 <-- 0.090776 s
currentSize : 37 <-- 0.090911 s
currentSize : 38 <-- 0.095243 s
currentSize : 42 <-- 0.095390 s
currentSize : 48 <-- 0.442124 s
currentSize : 53 <-- 0.442281 s
currentSize : 56 <-- 0.446029 s

maxsize : 56
nodes : 166971.000000
filtered : 1494723.000000
time : 0.897735
