Parameters: GAD=1 vflib=1 dir=1 label=1 lowerbound=1 fileNameGp=../graphsdb/mcs70/m2D/m2Dr6/m2Dr6/mcs70_m2Dr6_s35.A77 fileNameGt=../graphsdb/mcs70/m2D/m2Dr6/m2Dr6/mcs70_m2Dr6_s35.B77
Reading graphs...
35 : 79
35 : 79
Initializing...
maxdom : 8
D->valSize : 176
Solving...
Blb : 3 (clique : 17)
currentSize : 17 <-- 0.000991 s
currentSize : 18 <-- 0.001921 s
currentSize : 19 <-- 0.001949 s
currentSize : 20 <-- 0.002565 s
currentSize : 25 <-- 0.003260 s

maxsize : 25
nodes : 856.000000
filtered : 5949.000000
time : 0.003922
