Parameters: GAD=1 vflib=1 dir=1 label=1 lowerbound=1 fileNameGp=../graphsdb/mcs70/rand/r005/mcs70_r005_s70.A65 fileNameGt=../graphsdb/mcs70/rand/r005/mcs70_r005_s70.B65
Reading graphs...
70 : 240
70 : 240
Initializing...
maxdom : 11
D->valSize : 366
Solving...
Blb : 2 (clique : 24)
currentSize : 24 <-- 0.003218 s
currentSize : 27 <-- 0.003378 s
currentSize : 29 <-- 0.003811 s
currentSize : 31 <-- 0.111589 s
currentSize : 33 <-- 0.114921 s
currentSize : 37 <-- 0.198525 s
currentSize : 38 <-- 0.198905 s
currentSize : 49 <-- 0.247325 s

maxsize : 49
nodes : 65513.000000
filtered : 646329.000000
time : 0.332830
