Parameters: GAD=1 vflib=1 dir=1 label=1 lowerbound=1 fileNameGp=../graphsdb/mcs70/m2D/m2D/mcs70_m2D_s70.A29 fileNameGt=../graphsdb/mcs70/m2D/m2D/mcs70_m2D_s70.B29
Reading graphs...
70 : 123
70 : 123
Initializing...
maxdom : 7
D->valSize : 339
Solving...
Blb : 2 (clique : 44)
currentSize : 44 <-- 0.002996 s
currentSize : 45 <-- 0.063818 s
currentSize : 46 <-- 4.587918 s
currentSize : 48 <-- 4.592864 s
currentSize : 49 <-- 4.593078 s

maxsize : 49
nodes : 4091368.000000
filtered : 17751837.000000
time : 16.703165
