Parameters: GAD=1 vflib=1 dir=1 label=1 lowerbound=1 fileNameGp=../graphsdb/mcs70/m2D/m2Dr2/mcs70_m2Dr2_s80.A33 fileNameGt=../graphsdb/mcs70/m2D/m2Dr2/mcs70_m2Dr2_s80.B33
Reading graphs...
80 : 158
80 : 156
Initializing...
maxdom : 9
D->valSize : 416
Solving...
Blb : 2 (clique : 35)
currentSize : 35 <-- 0.004290 s
currentSize : 36 <-- 0.005881 s
currentSize : 39 <-- 0.028109 s
currentSize : 40 <-- 0.196980 s
currentSize : 41 <-- 0.200883 s
currentSize : 42 <-- 101.987923 s
currentSize : 43 <-- 102.299110 s
currentSize : 44 <-- 102.308861 s
currentSize : 45 <-- 219.376663 s
currentSize : 46 <-- 219.412125 s
currentSize : 47 <-- 219.412384 s
currentSize : 48 <-- 219.432739 s
currentSize : 49 <-- 283.100159 s

maxsize : 49
nodes : 142977582.000000
filtered : 883877992.000000
time : 722.544678
