Parameters: GAD=1 vflib=1 dir=1 label=1 lowerbound=1 fileNameGp=../graphsdb/mcs70/m3D/m3D/mcs70_m3D_s90.A93 fileNameGt=../graphsdb/mcs70/m3D/m3D/mcs70_m3D_s90.B93
Reading graphs...
90 : 209
90 : 209
Initializing...
maxdom : 9
D->valSize : 545
Solving...
Blb : 2 (clique : 54)
currentSize : 54 <-- 0.006409 s
currentSize : 58 <-- 0.006791 s
currentSize : 59 <-- 0.007573 s
currentSize : 60 <-- 0.011371 s
currentSize : 63 <-- 0.202681 s
currentSize : 64 <-- 0.203118 s

maxsize : 64
nodes : 5936100.000000
filtered : 36516237.000000
time : 31.189922
