Parameters: GAD=1 vflib=1 dir=1 label=1 lowerbound=1 fileNameGp=../graphsdb/mcs70/m2D/m2Dr2/mcs70_m2Dr2_s40.A52 fileNameGt=../graphsdb/mcs70/m2D/m2Dr2/mcs70_m2Dr2_s40.B52
Reading graphs...
40 : 75
40 : 74
Initializing...
maxdom : 7
D->valSize : 214
Solving...
Blb : 2 (clique : 17)
currentSize : 17 <-- 0.001219 s
currentSize : 18 <-- 0.010967 s
currentSize : 19 <-- 0.011286 s
currentSize : 20 <-- 0.023336 s
currentSize : 21 <-- 0.027260 s
currentSize : 22 <-- 0.137506 s
currentSize : 23 <-- 0.265220 s
currentSize : 24 <-- 0.557990 s
currentSize : 25 <-- 0.704628 s

maxsize : 25
nodes : 184030.000000
filtered : 1671597.000000
time : 0.755176
