Parameters: GAD=1 vflib=1 dir=1 label=1 lowerbound=1 fileNameGp=../graphsdb/mcs70/m3D/m3Dr2/mcs70_m3Dr2_s90.A74 fileNameGt=../graphsdb/mcs70/m3D/m3Dr2/mcs70_m3Dr2_s90.B74
Reading graphs...
90 : 227
90 : 227
Initializing...
maxdom : 9
D->valSize : 561
Solving...
Blb : 2 (clique : 56)
currentSize : 56 <-- 0.006746 s
currentSize : 57 <-- 16.578686 s
currentSize : 59 <-- 16.582529 s
currentSize : 60 <-- 16.611162 s
currentSize : 61 <-- 52.960018 s
currentSize : 62 <-- 52.994297 s
currentSize : 63 <-- 52.998543 s
currentSize : 64 <-- 53.011921 s

maxsize : 64
nodes : 44738049.000000
filtered : 288162399.000000
time : 238.754974
