Parameters: GAD=1 vflib=1 dir=1 label=1 lowerbound=1 fileNameGp=../graphsdb/mcs70/bvg/b03/mcs70_b03_s70.A27 fileNameGt=../graphsdb/mcs70/bvg/b03/mcs70_b03_s70.B27
Reading graphs...
70 : 105
70 : 105
Initializing...
maxdom : 7
D->valSize : 335
Solving...
Blb : 2 (clique : 41)
currentSize : 41 <-- 0.004916 s
currentSize : 43 <-- 0.005535 s
currentSize : 44 <-- 0.005623 s
currentSize : 45 <-- 0.007530 s
currentSize : 46 <-- 0.021152 s
currentSize : 47 <-- 0.021302 s
currentSize : 48 <-- 9.874004 s
currentSize : 49 <-- 17.704672 s

maxsize : 49
nodes : 5837944.000000
filtered : 24575254.000000
time : 24.619827
