Parameters: GAD=1 vflib=1 dir=1 label=1 lowerbound=1 fileNameGp=../graphsdb/mcs70/m2D/m2Dr4/mcs70_m2Dr4_s100.A28 fileNameGt=../graphsdb/mcs70/m2D/m2Dr4/mcs70_m2Dr4_s100.B28
Reading graphs...
100 : 220
100 : 218
Initializing...
maxdom : 6
D->valSize : 379
Solving...
Blb : 2 (clique : 41)
currentSize : 41 <-- 0.005768 s
currentSize : 42 <-- 0.006314 s
currentSize : 44 <-- 0.104075 s
currentSize : 45 <-- 0.372082 s
currentSize : 46 <-- 0.374386 s
currentSize : 47 <-- 1.817722 s
currentSize : 48 <-- 13.105536 s
currentSize : 49 <-- 120.684090 s
currentSize : 50 <-- 120.685570 s
currentSize : 51 <-- 120.689919 s
currentSize : 52 <-- 120.829849 s
currentSize : 53 <-- 120.830498 s
currentSize : 54 <-- 120.845917 s
currentSize : 55 <-- 121.593109 s
currentSize : 56 <-- 280.693390 s
currentSize : 57 <-- 280.693726 s
currentSize : 58 <-- 280.697998 s
currentSize : 59 <-- 362.711853 s
currentSize : 60 <-- 362.714966 s
currentSize : 61 <-- 450.190735 s
currentSize : 62 <-- 473.863678 s
currentSize : 64 <-- 473.879242 s

maxsize : 64
nodes : 115788118.000000
filtered : 521026089.000000
time : 627.914490
