Parameters: GAD=1 vflib=1 dir=1 label=1 lowerbound=1 fileNameGp=../graphsdb/mcs70/rand/r005/mcs70_r005_s100.A78 fileNameGt=../graphsdb/mcs70/rand/r005/mcs70_r005_s100.B78
Reading graphs...
100 : 494
100 : 494
Initializing...
maxdom : 7
D->valSize : 398
Solving...
Blb : 3 (clique : 41)
currentSize : 41 <-- 0.004026 s
currentSize : 43 <-- 0.007215 s
currentSize : 48 <-- 0.007598 s
currentSize : 51 <-- 0.089123 s
currentSize : 56 <-- 0.089704 s
currentSize : 57 <-- 0.179914 s
currentSize : 60 <-- 0.180209 s
currentSize : 64 <-- 0.180620 s
currentSize : 70 <-- 0.180965 s

maxsize : 70
nodes : 40878.000000
filtered : 282788.000000
time : 0.243052
