Parameters: GAD=1 vflib=1 dir=1 label=1 lowerbound=1 fileNameGp=../graphsdb/mcs70/m2D/m2Dr2/mcs70_m2Dr2_s60.A79 fileNameGt=../graphsdb/mcs70/m2D/m2Dr2/mcs70_m2Dr2_s60.B79
Reading graphs...
60 : 116
60 : 116
Initializing...
maxdom : 7
D->valSize : 268
Solving...
Blb : 2 (clique : 23)
currentSize : 23 <-- 0.003090 s
currentSize : 24 <-- 0.003983 s
currentSize : 25 <-- 0.006592 s
currentSize : 27 <-- 0.007451 s
currentSize : 28 <-- 0.017048 s
currentSize : 32 <-- 0.110092 s
currentSize : 33 <-- 2.626133 s
currentSize : 34 <-- 2.876301 s
currentSize : 35 <-- 2.924541 s
currentSize : 36 <-- 2.924671 s

maxsize : 36
nodes : 2408141.000000
filtered : 12190321.000000
time : 9.777745
