Parameters: GAD=1 vflib=1 dir=1 label=1 lowerbound=1 fileNameGp=../graphsdb/mcs70/m3D/m3Dr2/mcs70_m3Dr2_s40.A25 fileNameGt=../graphsdb/mcs70/m3D/m3Dr2/mcs70_m3Dr2_s40.B25
Reading graphs...
40 : 92
40 : 91
Initializing...
maxdom : 11
D->valSize : 240
Solving...
Blb : 3 (clique : 14)
currentSize : 14 <-- 0.001473 s
currentSize : 21 <-- 0.001573 s
currentSize : 22 <-- 0.001632 s
currentSize : 23 <-- 0.001726 s
currentSize : 24 <-- 0.016951 s
currentSize : 25 <-- 0.017023 s
currentSize : 26 <-- 0.017066 s
currentSize : 27 <-- 0.022096 s

maxsize : 27
nodes : 11897.000000
filtered : 81165.000000
time : 0.039936
