Parameters: GAD=1 vflib=1 dir=1 label=1 lowerbound=1 fileNameGp=../graphsdb/mcs70/bvg/b06m/mcs70_b06m_s80.A25 fileNameGt=../graphsdb/mcs70/bvg/b06m/mcs70_b06m_s80.B25
Reading graphs...
80 : 240
80 : 240
Initializing...
maxdom : 14
D->valSize : 512
Solving...
Blb : 2 (clique : 35)
currentSize : 35 <-- 0.005842 s
currentSize : 38 <-- 0.006207 s
currentSize : 39 <-- 0.007365 s
currentSize : 40 <-- 0.008043 s
currentSize : 41 <-- 0.009251 s
currentSize : 43 <-- 0.009916 s
currentSize : 44 <-- 0.015828 s
currentSize : 45 <-- 0.018513 s
currentSize : 46 <-- 0.024039 s
currentSize : 47 <-- 0.024161 s
currentSize : 48 <-- 0.024349 s
currentSize : 49 <-- 0.025786 s
currentSize : 50 <-- 0.025920 s
currentSize : 51 <-- 1.002092 s
currentSize : 53 <-- 1.002429 s
currentSize : 54 <-- 1.009322 s
currentSize : 56 <-- 1.009450 s

maxsize : 56
nodes : 7085356.000000
filtered : 41573603.000000
time : 32.175293
