Parameters: GAD=1 vflib=1 dir=1 label=1 lowerbound=1 fileNameGp=../graphsdb/mcs70/m3D/m3Dr2/mcs70_m3Dr2_s90.A38 fileNameGt=../graphsdb/mcs70/m3D/m3Dr2/mcs70_m3Dr2_s90.B38
Reading graphs...
90 : 227
90 : 227
Initializing...
maxdom : 10
D->valSize : 564
Solving...
Blb : 2 (clique : 47)
currentSize : 47 <-- 0.006774 s
currentSize : 51 <-- 0.007191 s
currentSize : 53 <-- 0.015264 s
currentSize : 56 <-- 0.015650 s
currentSize : 60 <-- 0.089466 s
currentSize : 61 <-- 0.924571 s
currentSize : 62 <-- 0.927398 s
currentSize : 63 <-- 4.490666 s
currentSize : 64 <-- 4.493376 s

maxsize : 64
nodes : 24538924.000000
filtered : 137523104.000000
time : 120.967911
