Parameters: GAD=1 vflib=1 dir=1 label=1 lowerbound=1 fileNameGp=../graphsdb/mcs70/m2D/m2Dr6/mcs70_m2Dr6_s40.A56 fileNameGt=../graphsdb/mcs70/m2D/m2Dr6/mcs70_m2Dr6_s40.B56
Reading graphs...
40 : 91
40 : 90
Initializing...
maxdom : 8
D->valSize : 218
Solving...
Blb : 2 (clique : 19)
currentSize : 19 <-- 0.001247 s
currentSize : 20 <-- 0.052765 s
currentSize : 22 <-- 0.052793 s
currentSize : 23 <-- 0.057094 s
currentSize : 25 <-- 0.087023 s

maxsize : 25
nodes : 44775.000000
filtered : 296021.000000
time : 0.153103
