Parameters: GAD=1 vflib=1 dir=1 label=1 lowerbound=1 fileNameGp=../graphsdb/mcs70/m2D/m2Dr4/mcs70_m2Dr4_s100.A27 fileNameGt=../graphsdb/mcs70/m2D/m2Dr4/mcs70_m2Dr4_s100.B27
Reading graphs...
100 : 220
100 : 219
Initializing...
maxdom : 7
D->valSize : 365
Solving...
Blb : 2 (clique : 52)
currentSize : 52 <-- 0.003990 s
currentSize : 53 <-- 0.004516 s
currentSize : 54 <-- 0.199055 s
currentSize : 55 <-- 0.199164 s
currentSize : 57 <-- 0.552189 s
currentSize : 58 <-- 0.552289 s
currentSize : 60 <-- 0.734841 s
currentSize : 64 <-- 498.815033 s

maxsize : 64
nodes : 273016943.000000
filtered : 907674558.000000
time : 1268.879883
