Parameters: GAD=1 vflib=1 dir=1 label=1 lowerbound=1 fileNameGp=../graphsdb/mcs70/bvg/b03m/mcs70_b03m_s80.A96 fileNameGt=../graphsdb/mcs70/bvg/b03m/mcs70_b03m_s80.B96
Reading graphs...
80 : 120
80 : 120
Initializing...
maxdom : 9
D->valSize : 464
Solving...
Blb : 3 (clique : 41)
currentSize : 41 <-- 0.004972 s
currentSize : 42 <-- 7.499886 s
currentSize : 43 <-- 7.612453 s
currentSize : 44 <-- 54.402275 s
currentSize : 45 <-- 54.418488 s
currentSize : 46 <-- 328.128387 s
currentSize : 47 <-- 328.794586 s
currentSize : 48 <-- 642.359192 s
currentSize : 49 <-- 642.359436 s
currentSize : 50 <-- 642.362122 s
currentSize : 51 <-- 642.663757 s
currentSize : 52 <-- 758.987793 s
currentSize : 53 <-- 1011.920410 s
currentSize : 54 <-- 1011.978516 s
currentSize : 55 <-- 1064.366333 s
currentSize : 56 <-- 1294.269653 s

maxsize : 56
nodes : 304159514.000000
filtered : 1629017327.000000
time : 1466.217651
