Parameters: GAD=1 vflib=1 dir=1 label=1 lowerbound=1 fileNameGp=../graphsdb/mcs70/rand/r02/mcs70_r02_s80.A13 fileNameGt=../graphsdb/mcs70/rand/r02/mcs70_r02_s80.B13
Reading graphs...
80 : 1263
80 : 1263
Initializing...
maxdom : 8
D->valSize : 458
Solving...
Blb : 2 (clique : 9)
currentSize : 9 <-- 0.006519 s
currentSize : 10 <-- 0.006681 s
currentSize : 12 <-- 0.007232 s
currentSize : 13 <-- 0.007624 s
currentSize : 15 <-- 0.007880 s
currentSize : 23 <-- 0.008042 s
currentSize : 56 <-- 0.012758 s

maxsize : 56
nodes : 998.000000
filtered : 32017.000000
time : 0.017109
