Parameters: GAD=1 vflib=1 dir=1 label=1 lowerbound=1 fileNameGp=../graphsdb/mcs70/m3D/m3Dr6/mcs70_m3Dr6_s40.A93 fileNameGt=../graphsdb/mcs70/m3D/m3Dr6/mcs70_m3Dr6_s40.B93
Reading graphs...
40 : 108
40 : 106
Initializing...
maxdom : 9
D->valSize : 220
Solving...
Blb : 3 (clique : 14)
currentSize : 14 <-- 0.001327 s
currentSize : 16 <-- 0.001660 s
currentSize : 17 <-- 0.005015 s
currentSize : 20 <-- 0.010157 s
currentSize : 21 <-- 0.010226 s
currentSize : 22 <-- 0.013694 s
currentSize : 24 <-- 0.022895 s
currentSize : 25 <-- 0.022956 s
currentSize : 27 <-- 0.025851 s

maxsize : 27
nodes : 7238.000000
filtered : 78910.000000
time : 0.030087
