Parameters: GAD=1 vflib=1 dir=1 label=1 lowerbound=1 fileNameGp=../graphsdb/mcs70/rand/r02/mcs70_r02_s35.A33 fileNameGt=../graphsdb/mcs70/rand/r02/mcs70_r02_s35.B33
Reading graphs...
35 : 237
35 : 237
Initializing...
maxdom : 7
D->valSize : 162
Solving...
Blb : 2 (clique : 7)
currentSize : 7 <-- 0.000989 s
currentSize : 8 <-- 0.001273 s
currentSize : 11 <-- 0.001593 s
currentSize : 12 <-- 0.002109 s
currentSize : 24 <-- 0.003392 s

maxsize : 24
nodes : 664.000000
filtered : 10122.000000
time : 0.003873
