Parameters: GAD=1 vflib=1 dir=1 label=1 lowerbound=1 fileNameGp=../graphsdb/mcs70/m2D/m2Dr6/mcs70_m2Dr6_s50.A73 fileNameGt=../graphsdb/mcs70/m2D/m2Dr6/mcs70_m2Dr6_s50.B73
Reading graphs...
50 : 115
50 : 113
Initializing...
maxdom : 12
D->valSize : 377
Solving...
Blb : 2 (clique : 21)
currentSize : 21 <-- 0.004780 s
currentSize : 23 <-- 0.004965 s
currentSize : 24 <-- 0.005032 s
currentSize : 27 <-- 0.033255 s
currentSize : 29 <-- 0.119438 s
currentSize : 35 <-- 0.174673 s
currentSize : 36 <-- 0.212051 s

maxsize : 36
nodes : 32657.000000
filtered : 422970.000000
time : 0.245568
