Parameters: GAD=1 vflib=1 dir=1 label=1 lowerbound=1 fileNameGp=../graphsdb/mcs70/bvg/b06/mcs70_b06_s60.A22 fileNameGt=../graphsdb/mcs70/bvg/b06/mcs70_b06_s60.B22
Reading graphs...
60 : 180
60 : 180
Initializing...
maxdom : 6
D->valSize : 249
Solving...
Blb : 3 (clique : 22)
currentSize : 22 <-- 0.001791 s
currentSize : 23 <-- 0.057113 s
currentSize : 24 <-- 0.081377 s
currentSize : 27 <-- 0.082890 s
currentSize : 28 <-- 0.082963 s
currentSize : 31 <-- 0.389709 s
currentSize : 32 <-- 0.389932 s
currentSize : 33 <-- 0.392184 s
currentSize : 34 <-- 0.447569 s
currentSize : 37 <-- 0.675394 s
currentSize : 38 <-- 0.675556 s
currentSize : 39 <-- 0.676874 s
currentSize : 40 <-- 0.708357 s
currentSize : 41 <-- 0.709117 s
currentSize : 42 <-- 0.768473 s

maxsize : 42
nodes : 211800.000000
filtered : 1007052.000000
time : 0.817236
