Parameters: GAD=1 vflib=1 dir=1 label=1 lowerbound=1 fileNameGp=../graphsdb/mcs70/bvg/b06m/mcs70_b06m_s100.A55 fileNameGt=../graphsdb/mcs70/bvg/b06m/mcs70_b06m_s100.B55
Reading graphs...
100 : 300
100 : 300
Initializing...
maxdom : 6
D->valSize : 379
Solving...
Blb : 3 (clique : 55)
currentSize : 55 <-- 0.003998 s
currentSize : 56 <-- 0.006768 s
currentSize : 57 <-- 0.007272 s
currentSize : 60 <-- 0.007461 s
currentSize : 62 <-- 0.008469 s
currentSize : 63 <-- 0.461290 s
currentSize : 64 <-- 0.461710 s
currentSize : 66 <-- 0.461923 s
currentSize : 67 <-- 0.462372 s
currentSize : 69 <-- 0.463350 s
currentSize : 70 <-- 0.463904 s

maxsize : 70
nodes : 3449008.000000
filtered : 13074801.000000
time : 17.695925
