Parameters: GAD=1 vflib=1 dir=1 label=1 lowerbound=1 fileNameGp=../graphsdb/mcs70/m2D/m2D/mcs70_m2D_s60.A15 fileNameGt=../graphsdb/mcs70/m2D/m2D/mcs70_m2D_s60.B15
Reading graphs...
60 : 104
60 : 104
Initializing...
maxdom : 6
D->valSize : 257
Solving...
Blb : 2 (clique : 30)
currentSize : 30 <-- 0.001856 s
currentSize : 31 <-- 0.005476 s
currentSize : 32 <-- 0.760960 s
currentSize : 33 <-- 0.761059 s
currentSize : 34 <-- 6.409634 s
currentSize : 35 <-- 13.413278 s
currentSize : 36 <-- 13.806860 s
currentSize : 37 <-- 17.944130 s

maxsize : 37
nodes : 5299632.000000
filtered : 27563363.000000
time : 20.892008
