Parameters: GAD=1 vflib=1 dir=1 label=1 lowerbound=1 fileNameGp=../graphsdb/mcs70/m2D/m2Dr4/mcs70_m2Dr4_s35.A79 fileNameGt=../graphsdb/mcs70/m2D/m2Dr4/mcs70_m2Dr4_s35.B79
Reading graphs...
35 : 72
35 : 71
Initializing...
maxdom : 7
D->valSize : 169
Solving...
Blb : 3 (clique : 15)
currentSize : 15 <-- 0.000942 s
currentSize : 16 <-- 0.001029 s
currentSize : 17 <-- 0.001089 s
currentSize : 18 <-- 0.001136 s
currentSize : 19 <-- 0.002724 s
currentSize : 22 <-- 0.002770 s
currentSize : 23 <-- 0.003498 s
currentSize : 25 <-- 0.003847 s

maxsize : 25
nodes : 1057.000000
filtered : 9501.000000
time : 0.004610
