Parameters: GAD=1 vflib=1 dir=1 label=1 lowerbound=1 fileNameGp=../graphsdb/mcs70/m2D/m2Dr6/mcs70_m2Dr6_s80.A77 fileNameGt=../graphsdb/mcs70/m2D/m2Dr6/mcs70_m2Dr6_s80.B77
Reading graphs...
80 : 190
80 : 189
Initializing...
maxdom : 10
D->valSize : 434
Solving...
Blb : 5 (clique : 29)
currentSize : 29 <-- 0.007055 s
currentSize : 30 <-- 7.291819 s
currentSize : 31 <-- 8.382251 s
currentSize : 32 <-- 100.390190 s
currentSize : 33 <-- 281.413147 s
currentSize : 34 <-- 340.608582 s
currentSize : 35 <-- 454.627563 s
currentSize : 36 <-- 607.674866 s
currentSize : 37 <-- 696.037415 s
currentSize : 38 <-- 909.845154 s
currentSize : 39 <-- 1016.297668 s
currentSize : 42 <-- 1139.819702 s
currentSize : 43 <-- 1141.123535 s
currentSize : 44 <-- 1144.737183 s
currentSize : 46 <-- 1144.739624 s
currentSize : 47 <-- 1145.716553 s
currentSize : 48 <-- 1317.336426 s
currentSize : 49 <-- 1317.537109 s

maxsize : 49
nodes : 270826941.000000
filtered : 2457660164.000000
time : 1394.985718
