Parameters: GAD=1 vflib=1 dir=1 label=1 lowerbound=1 fileNameGp=../graphsdb/mcs70/m2D/m2D/mcs70_m2D_s40.A95 fileNameGt=../graphsdb/mcs70/m2D/m2D/mcs70_m2D_s40.B95
Reading graphs...
40 : 67
40 : 67
Initializing...
maxdom : 12
D->valSize : 224
Solving...
Blb : 2 (clique : 14)
currentSize : 14 <-- 0.001405 s
currentSize : 16 <-- 0.001482 s
currentSize : 17 <-- 0.001530 s
currentSize : 18 <-- 0.001587 s
currentSize : 19 <-- 0.111521 s
currentSize : 20 <-- 0.112270 s
currentSize : 21 <-- 0.474805 s
currentSize : 22 <-- 0.474923 s
currentSize : 23 <-- 0.648530 s
currentSize : 25 <-- 0.787475 s

maxsize : 25
nodes : 218705.000000
filtered : 1956896.000000
time : 0.844120
