Parameters: GAD=1 vflib=1 dir=1 label=1 lowerbound=1 fileNameGp=../graphsdb/mcs70/m2D/m2D/mcs70_m2D_s80.A98 fileNameGt=../graphsdb/mcs70/m2D/m2D/mcs70_m2D_s80.B98
Reading graphs...
80 : 142
80 : 142
Initializing...
maxdom : 9
D->valSize : 443
Solving...
Blb : 2 (clique : 31)
currentSize : 31 <-- 0.004613 s
currentSize : 32 <-- 0.004863 s
currentSize : 33 <-- 0.005095 s
currentSize : 34 <-- 0.200536 s
currentSize : 35 <-- 1.013082 s
currentSize : 36 <-- 1.013172 s
currentSize : 37 <-- 6.412301 s
currentSize : 38 <-- 13.913050 s
currentSize : 39 <-- 21.173904 s
currentSize : 40 <-- 90.311104 s
currentSize : 41 <-- 91.050560 s
currentSize : 42 <-- 161.904999 s
currentSize : 43 <-- 371.332703 s
currentSize : 44 <-- 958.621338 s
currentSize : 46 <-- 958.656982 s
currentSize : 47 <-- 968.951843 s
currentSize : 48 <-- 1130.178345 s
currentSize : 49 <-- 1726.146729 s
currentSize : 50 <-- 3273.324219 s
currentSize : 51 <-- 3484.146484 s

TIMEOUT
maxsize : 51
nodes : 708544997.000000
filtered : 4482343414.000000
time : 3600.000000
