Parameters: GAD=1 vflib=1 dir=1 label=1 lowerbound=1 fileNameGp=../graphsdb/mcs70/m2D/m2Dr6/m2Dr6/mcs70_m2Dr6_s25.A65 fileNameGt=../graphsdb/mcs70/m2D/m2Dr6/m2Dr6/mcs70_m2Dr6_s25.B65
Reading graphs...
25 : 55
25 : 53
Initializing...
maxdom : 10
D->valSize : 159
Solving...
Blb : 3 (clique : 9)
currentSize : 9 <-- 0.000844 s
currentSize : 10 <-- 0.001059 s
currentSize : 11 <-- 0.002237 s
currentSize : 12 <-- 0.005936 s
currentSize : 14 <-- 0.014100 s
currentSize : 16 <-- 0.014144 s

maxsize : 16
nodes : 4164.000000
filtered : 50132.000000
time : 0.014812
