Parameters: GAD=1 vflib=1 dir=1 label=1 lowerbound=1 fileNameGp=../graphsdb/mcs70/m2D/m2Dr2/mcs70_m2Dr2_s60.A34 fileNameGt=../graphsdb/mcs70/m2D/m2Dr2/mcs70_m2Dr2_s60.B34
Reading graphs...
60 : 116
60 : 116
Initializing...
maxdom : 9
D->valSize : 254
Solving...
Blb : 2 (clique : 20)
currentSize : 20 <-- 0.002951 s
currentSize : 26 <-- 0.003146 s
currentSize : 28 <-- 0.017880 s
currentSize : 29 <-- 0.018035 s
currentSize : 30 <-- 0.018171 s
currentSize : 31 <-- 0.020703 s
currentSize : 32 <-- 0.027639 s
currentSize : 33 <-- 0.131845 s
currentSize : 34 <-- 0.133520 s
currentSize : 35 <-- 0.224988 s
currentSize : 36 <-- 0.381191 s
currentSize : 37 <-- 0.553300 s

maxsize : 37
nodes : 135381.000000
filtered : 1010166.000000
time : 0.640146
