Parameters: GAD=1 vflib=1 dir=1 label=1 lowerbound=1 fileNameGp=../graphsdb/mcs70/m2D/m2Dr2/mcs70_m2Dr2_s60.A58 fileNameGt=../graphsdb/mcs70/m2D/m2Dr2/mcs70_m2Dr2_s60.B58
Reading graphs...
60 : 116
60 : 115
Initializing...
maxdom : 10
D->valSize : 272
Solving...
Blb : 2 (clique : 30)
currentSize : 30 <-- 0.003218 s
currentSize : 32 <-- 0.003675 s
currentSize : 33 <-- 0.003885 s
currentSize : 34 <-- 0.004691 s
currentSize : 35 <-- 0.015520 s
currentSize : 36 <-- 0.015708 s
currentSize : 37 <-- 0.016552 s

maxsize : 37
nodes : 222646.000000
filtered : 1088989.000000
time : 0.980407
