Parameters: GAD=1 vflib=1 dir=1 label=1 lowerbound=1 fileNameGp=../graphsdb/mcs70/m3D/m3Dr2/mcs70_m3Dr2_s90.A53 fileNameGt=../graphsdb/mcs70/m3D/m3Dr2/mcs70_m3Dr2_s90.B53
Reading graphs...
90 : 227
90 : 227
Initializing...
maxdom : 10
D->valSize : 567
Solving...
Blb : 2 (clique : 48)
currentSize : 48 <-- 0.011337 s
currentSize : 52 <-- 0.011975 s
currentSize : 54 <-- 0.012409 s
currentSize : 55 <-- 0.013855 s
currentSize : 58 <-- 0.014152 s
currentSize : 59 <-- 0.020383 s
currentSize : 60 <-- 0.021816 s
currentSize : 64 <-- 0.022187 s

maxsize : 64
nodes : 2686462.000000
filtered : 23666798.000000
time : 16.546553
