Parameters: GAD=1 vflib=1 dir=1 label=1 lowerbound=1 fileNameGp=../graphsdb/mcs70/m3D/m3D/mcs70_m3D_s40.A58 fileNameGt=../graphsdb/mcs70/m3D/m3D/mcs70_m3D_s40.B58
Reading graphs...
40 : 84
40 : 84
Initializing...
maxdom : 8
D->valSize : 215
Solving...
Blb : 2 (clique : 17)
currentSize : 17 <-- 0.001305 s
currentSize : 18 <-- 0.001412 s
currentSize : 19 <-- 0.001444 s
currentSize : 22 <-- 0.001504 s
currentSize : 24 <-- 0.002100 s
currentSize : 26 <-- 0.002443 s
currentSize : 28 <-- 0.002818 s

maxsize : 28
nodes : 1666.000000
filtered : 10801.000000
time : 0.006782
