Parameters: GAD=1 vflib=1 dir=1 label=1 lowerbound=1 fileNameGp=../graphsdb/mcs70/bvg/b03/mcs70_b03_s80.A58 fileNameGt=../graphsdb/mcs70/bvg/b03/mcs70_b03_s80.B58
Reading graphs...
80 : 120
80 : 120
Initializing...
maxdom : 9
D->valSize : 454
Solving...
Blb : 2 (clique : 36)
currentSize : 36 <-- 0.007955 s
currentSize : 37 <-- 0.065595 s
currentSize : 38 <-- 0.075449 s
currentSize : 39 <-- 0.222046 s
currentSize : 40 <-- 0.222203 s
currentSize : 41 <-- 0.253169 s
currentSize : 42 <-- 0.611347 s
currentSize : 43 <-- 0.709894 s
currentSize : 44 <-- 3.551540 s
currentSize : 45 <-- 4.193881 s
currentSize : 46 <-- 7.376826 s
currentSize : 47 <-- 7.635694 s
currentSize : 48 <-- 8.031287 s
currentSize : 49 <-- 10.415960 s
currentSize : 50 <-- 10.416043 s
currentSize : 51 <-- 10.416247 s
currentSize : 52 <-- 11.365661 s
currentSize : 53 <-- 17.578266 s
currentSize : 54 <-- 24.049711 s
currentSize : 55 <-- 24.050035 s
currentSize : 57 <-- 94.647232 s
currentSize : 58 <-- 94.647339 s

maxsize : 58
nodes : 24309179.000000
filtered : 158774574.000000
time : 127.157120
