Parameters: GAD=1 vflib=1 dir=1 label=1 lowerbound=1 fileNameGp=../graphsdb/mcs70/bvg/b03m/mcs70_b03m_s60.A10 fileNameGt=../graphsdb/mcs70/bvg/b03m/mcs70_b03m_s60.B10
Reading graphs...
60 : 90
60 : 90
Initializing...
maxdom : 10
D->valSize : 268
Solving...
Blb : 2 (clique : 35)
currentSize : 35 <-- 0.002091 s
currentSize : 36 <-- 0.002307 s
currentSize : 37 <-- 0.002787 s
currentSize : 39 <-- 0.002856 s
currentSize : 41 <-- 0.003308 s
currentSize : 42 <-- 0.006074 s

maxsize : 42
nodes : 24123.000000
filtered : 108022.000000
time : 0.096191
