Parameters: GAD=1 vflib=1 dir=1 label=1 lowerbound=1 fileNameGp=../graphsdb/mcs70/bvg/b06m/mcs70_b06m_s30.A58 fileNameGt=../graphsdb/mcs70/bvg/b06m/mcs70_b06m_s30.B58
Reading graphs...
30 : 90
30 : 90
Initializing...
maxdom : 6
D->valSize : 130
Solving...
Blb : 3 (clique : 14)
currentSize : 14 <-- 0.000788 s
currentSize : 15 <-- 0.001039 s
currentSize : 16 <-- 0.003151 s
currentSize : 19 <-- 0.003189 s
currentSize : 20 <-- 0.003259 s
currentSize : 21 <-- 0.003327 s

maxsize : 21
nodes : 947.000000
filtered : 6708.000000
time : 0.003850
