Parameters: GAD=1 vflib=1 dir=1 label=1 lowerbound=1 fileNameGp=../graphsdb/mcs70/m3D/m3Dr2/mcs70_m3Dr2_s100.A72 fileNameGt=../graphsdb/mcs70/m3D/m3Dr2/mcs70_m3Dr2_s100.B72
Reading graphs...
100 : 255
100 : 254
Initializing...
maxdom : 7
D->valSize : 367
Solving...
Blb : 2 (clique : 37)
currentSize : 37 <-- 0.007004 s
currentSize : 45 <-- 0.007512 s
currentSize : 46 <-- 0.008136 s
currentSize : 48 <-- 6.471121 s
currentSize : 50 <-- 6.471328 s
currentSize : 51 <-- 6.472363 s
currentSize : 52 <-- 10.713233 s
currentSize : 54 <-- 13.187229 s
currentSize : 55 <-- 13.187811 s
currentSize : 56 <-- 13.189081 s
currentSize : 57 <-- 13.189818 s
currentSize : 58 <-- 42.186375 s
currentSize : 59 <-- 42.187309 s
currentSize : 63 <-- 65.417389 s
currentSize : 64 <-- 65.422462 s

maxsize : 64
nodes : 15683080.000000
filtered : 79459024.000000
time : 85.619469
