Parameters: GAD=1 vflib=1 dir=1 label=1 lowerbound=1 fileNameGp=../graphsdb/mcs70/bvg/b03/mcs70_b03_s30.A08 fileNameGt=../graphsdb/mcs70/bvg/b03/mcs70_b03_s30.B08
Reading graphs...
30 : 45
30 : 45
Initializing...
maxdom : 5
D->valSize : 114
Solving...
Blb : 2 (clique : 13)
currentSize : 13 <-- 0.000664 s
currentSize : 15 <-- 0.000799 s
currentSize : 16 <-- 0.002057 s
currentSize : 17 <-- 0.008476 s
currentSize : 20 <-- 0.010616 s

maxsize : 20
nodes : 4630.000000
filtered : 17311.000000
time : 0.014401
