Parameters: GAD=1 vflib=1 dir=1 label=1 lowerbound=1 fileNameGp=../graphsdb/mcs70/bvg/b03/mcs70_b03_s50.A42 fileNameGt=../graphsdb/mcs70/bvg/b03/mcs70_b03_s50.B42
Reading graphs...
50 : 75
50 : 75
Initializing...
maxdom : 10
D->valSize : 345
Solving...
Blb : 2 (clique : 29)
currentSize : 29 <-- 0.002603 s
currentSize : 30 <-- 0.221774 s
currentSize : 31 <-- 0.221856 s
currentSize : 32 <-- 0.403680 s
currentSize : 33 <-- 0.972631 s
currentSize : 34 <-- 0.978066 s

maxsize : 34
nodes : 533777.000000
filtered : 5289273.000000
time : 2.400814
