Parameters: GAD=1 vflib=1 dir=1 label=1 lowerbound=1 fileNameGp=../graphsdb/mcs70/bvg/b09m/mcs70_b09m_s90.A73 fileNameGt=../graphsdb/mcs70/bvg/b09m/mcs70_b09m_s90.B73
Reading graphs...
90 : 405
90 : 405
Initializing...
maxdom : 9
D->valSize : 540
Solving...
Blb : 2 (clique : 42)
currentSize : 42 <-- 0.006162 s
currentSize : 44 <-- 0.006437 s
currentSize : 45 <-- 0.006633 s
currentSize : 48 <-- 0.006713 s
currentSize : 51 <-- 0.008015 s
currentSize : 62 <-- 0.050213 s

maxsize : 62
nodes : 526418.000000
filtered : 3315309.000000
time : 2.785949
