Parameters: GAD=1 vflib=1 dir=1 label=1 lowerbound=1 fileNameGp=../graphsdb/mcs70/m2D/m2Dr2/mcs70_m2Dr2_s50.A57 fileNameGt=../graphsdb/mcs70/m2D/m2Dr2/mcs70_m2Dr2_s50.B57
Reading graphs...
50 : 95
50 : 95
Initializing...
maxdom : 9
D->valSize : 337
Solving...
Blb : 5 (clique : 19)
currentSize : 19 <-- 0.002568 s
currentSize : 20 <-- 0.002748 s
currentSize : 22 <-- 0.006906 s
currentSize : 23 <-- 0.010989 s
currentSize : 24 <-- 0.021427 s
currentSize : 25 <-- 0.075445 s
currentSize : 26 <-- 0.116796 s
currentSize : 27 <-- 0.158489 s
currentSize : 28 <-- 0.217745 s
currentSize : 29 <-- 0.268265 s
currentSize : 31 <-- 0.787345 s
currentSize : 32 <-- 0.850030 s
currentSize : 35 <-- 1.284391 s
currentSize : 36 <-- 1.284541 s

maxsize : 36
nodes : 311013.000000
filtered : 2998609.000000
time : 1.320824
