Parameters: GAD=1 vflib=1 dir=1 label=1 lowerbound=1 fileNameGp=../graphsdb/mcs70/m2D/m2Dr6/mcs70_m2Dr6_s50.A25 fileNameGt=../graphsdb/mcs70/m2D/m2Dr6/mcs70_m2Dr6_s50.B25
Reading graphs...
50 : 115
50 : 113
Initializing...
maxdom : 12
D->valSize : 374
Solving...
Blb : 2 (clique : 20)
currentSize : 20 <-- 0.002904 s
currentSize : 22 <-- 0.003028 s
currentSize : 23 <-- 0.018706 s
currentSize : 24 <-- 0.047937 s
currentSize : 26 <-- 0.083409 s
currentSize : 27 <-- 0.083682 s
currentSize : 28 <-- 0.126538 s
currentSize : 29 <-- 0.151898 s
currentSize : 30 <-- 0.152029 s
currentSize : 31 <-- 0.190601 s
currentSize : 32 <-- 0.203239 s
currentSize : 36 <-- 0.203329 s

maxsize : 36
nodes : 58609.000000
filtered : 585548.000000
time : 0.262668
