Parameters: GAD=1 vflib=1 dir=1 label=1 lowerbound=1 fileNameGp=../graphsdb/mcs70/bvg/b03/mcs70_b03_s70.A83 fileNameGt=../graphsdb/mcs70/bvg/b03/mcs70_b03_s70.B83
Reading graphs...
70 : 105
70 : 105
Initializing...
maxdom : 9
D->valSize : 368
Solving...
Blb : 2 (clique : 41)
currentSize : 41 <-- 0.005508 s
currentSize : 42 <-- 0.082576 s
currentSize : 43 <-- 0.082696 s
currentSize : 44 <-- 0.273984 s
currentSize : 45 <-- 2.222537 s
currentSize : 47 <-- 2.222690 s
currentSize : 48 <-- 2.253479 s
currentSize : 49 <-- 4.157708 s

maxsize : 49
nodes : 2810617.000000
filtered : 18160627.000000
time : 13.591700
