Parameters: GAD=1 vflib=1 dir=1 label=1 lowerbound=1 fileNameGp=../graphsdb/mcs70/bvg/b06m/mcs70_b06m_s100.A01 fileNameGt=../graphsdb/mcs70/bvg/b06m/mcs70_b06m_s100.B01
Reading graphs...
100 : 300
100 : 300
Initializing...
maxdom : 6
D->valSize : 372
Solving...
Blb : 3 (clique : 49)
currentSize : 49 <-- 0.004262 s
currentSize : 50 <-- 0.004836 s
currentSize : 53 <-- 0.007656 s
currentSize : 55 <-- 0.007855 s
currentSize : 57 <-- 0.008353 s
currentSize : 59 <-- 0.206163 s
currentSize : 61 <-- 0.206457 s
currentSize : 62 <-- 26.309780 s
currentSize : 66 <-- 26.312004 s
currentSize : 68 <-- 26.312336 s
currentSize : 70 <-- 47.037521 s

maxsize : 70
nodes : 16197871.000000
filtered : 65738335.000000
time : 82.385155
