Parameters: GAD=1 vflib=1 dir=1 label=1 lowerbound=1 fileNameGp=../graphsdb/mcs70/bvg/b03/mcs70_b03_s50.A00 fileNameGt=../graphsdb/mcs70/bvg/b03/mcs70_b03_s50.B00
Reading graphs...
50 : 75
50 : 75
Initializing...
maxdom : 8
D->valSize : 310
Solving...
Blb : 2 (clique : 24)
currentSize : 24 <-- 0.003696 s
currentSize : 25 <-- 0.077654 s
currentSize : 26 <-- 0.077795 s
currentSize : 27 <-- 0.079715 s
currentSize : 28 <-- 1.379135 s
currentSize : 29 <-- 6.902071 s
currentSize : 30 <-- 12.692242 s
currentSize : 32 <-- 18.799141 s
currentSize : 34 <-- 30.074633 s

maxsize : 34
nodes : 7550656.000000
filtered : 78231158.000000
time : 33.163445
