Parameters: GAD=1 vflib=1 dir=1 label=1 lowerbound=1 fileNameGp=../graphsdb/mcs70/m4D/m4Dr6/mcs70_m4Dr6_s25.A93 fileNameGt=../graphsdb/mcs70/m4D/m4Dr6/mcs70_m4Dr6_s25.B93
Reading graphs...
25 : 62
25 : 62
Initializing...
maxdom : 8
D->valSize : 172
Solving...
Blb : 2 (clique : 9)
currentSize : 9 <-- 0.000844 s
currentSize : 10 <-- 0.007433 s
currentSize : 11 <-- 0.029256 s
currentSize : 12 <-- 0.034364 s
currentSize : 13 <-- 0.034470 s
currentSize : 16 <-- 0.035403 s

maxsize : 16
nodes : 11343.000000
filtered : 125741.000000
time : 0.036423
