Parameters: GAD=1 vflib=1 dir=1 label=1 lowerbound=1 fileNameGp=../graphsdb/mcs70/bvg/b03m/mcs70_b03m_s70.A73 fileNameGt=../graphsdb/mcs70/bvg/b03m/mcs70_b03m_s70.B73
Reading graphs...
70 : 105
70 : 105
Initializing...
maxdom : 8
D->valSize : 351
Solving...
Blb : 2 (clique : 39)
currentSize : 39 <-- 0.005080 s
currentSize : 40 <-- 0.005789 s
currentSize : 41 <-- 0.006234 s
currentSize : 42 <-- 0.009868 s
currentSize : 43 <-- 0.010573 s
currentSize : 45 <-- 0.018198 s
currentSize : 46 <-- 0.025946 s
currentSize : 47 <-- 1.609755 s
currentSize : 48 <-- 1.610260 s

maxsize : 48
nodes : 2180055.000000
filtered : 10775773.000000
time : 9.857881
