Parameters: GAD=1 vflib=1 dir=1 label=1 lowerbound=1 fileNameGp=../graphsdb/mcs70/rand/r005/mcs70_r005_s90.A52 fileNameGt=../graphsdb/mcs70/rand/r005/mcs70_r005_s90.B52
Reading graphs...
90 : 399
90 : 399
Initializing...
maxdom : 12
D->valSize : 562
Solving...
Blb : 2 (clique : 31)
currentSize : 31 <-- 0.010765 s
currentSize : 32 <-- 0.011242 s
currentSize : 33 <-- 0.012148 s
currentSize : 34 <-- 0.013664 s
currentSize : 35 <-- 0.014216 s
currentSize : 36 <-- 0.014806 s
currentSize : 38 <-- 0.014904 s
currentSize : 42 <-- 0.015051 s
currentSize : 48 <-- 0.069394 s
currentSize : 52 <-- 0.485290 s
currentSize : 63 <-- 0.485642 s

maxsize : 63
nodes : 121742.000000
filtered : 1739751.000000
time : 0.874941
