Parameters: GAD=1 vflib=1 dir=1 label=1 lowerbound=1 fileNameGp=../graphsdb/mcs70/rand/r005/mcs70_r005_s90.A64 fileNameGt=../graphsdb/mcs70/rand/r005/mcs70_r005_s90.B64
Reading graphs...
90 : 399
90 : 399
Initializing...
maxdom : 9
D->valSize : 538
Solving...
Blb : 2 (clique : 23)
currentSize : 23 <-- 0.010532 s
currentSize : 24 <-- 0.961143 s
currentSize : 25 <-- 1.124684 s
currentSize : 26 <-- 1.212838 s
currentSize : 27 <-- 1.212874 s
currentSize : 29 <-- 1.613765 s
currentSize : 30 <-- 1.613814 s
currentSize : 32 <-- 2.999615 s
currentSize : 34 <-- 2.999649 s
currentSize : 36 <-- 3.948049 s
currentSize : 37 <-- 4.115718 s
currentSize : 38 <-- 5.627002 s
currentSize : 41 <-- 5.627039 s
currentSize : 42 <-- 6.092758 s
currentSize : 43 <-- 7.445511 s
currentSize : 44 <-- 7.738320 s
currentSize : 47 <-- 7.738482 s
currentSize : 50 <-- 8.120270 s
currentSize : 53 <-- 8.120492 s
currentSize : 54 <-- 8.277535 s
currentSize : 58 <-- 8.476675 s
currentSize : 63 <-- 8.477290 s

maxsize : 63
nodes : 1455063.000000
filtered : 15784771.000000
time : 8.960670
