Parameters: GAD=1 vflib=1 dir=1 label=1 lowerbound=1 fileNameGp=../graphsdb/mcs70/m3D/m3D/mcs70_m3D_s90.A16 fileNameGt=../graphsdb/mcs70/m3D/m3D/mcs70_m3D_s90.B16
Reading graphs...
90 : 209
90 : 209
Initializing...
maxdom : 11
D->valSize : 588
Solving...
Blb : 2 (clique : 58)
currentSize : 58 <-- 0.007543 s
currentSize : 59 <-- 0.008029 s
currentSize : 61 <-- 0.013849 s
currentSize : 62 <-- 0.028896 s
currentSize : 63 <-- 0.029223 s
currentSize : 65 <-- 0.044647 s

maxsize : 65
nodes : 374700939.000000
filtered : 1614124374.000000
time : 1702.755371
