Parameters: GAD=1 vflib=1 dir=1 label=1 lowerbound=1 fileNameGp=../graphsdb/mcs70/bvg/b06m/mcs70_b06m_s90.A34 fileNameGt=../graphsdb/mcs70/bvg/b06m/mcs70_b06m_s90.B34
Reading graphs...
90 : 270
90 : 270
Initializing...
maxdom : 9
D->valSize : 558
Solving...
Blb : 2 (clique : 53)
currentSize : 53 <-- 0.006665 s
currentSize : 54 <-- 94.861389 s
currentSize : 59 <-- 94.862976 s
currentSize : 60 <-- 94.863243 s
currentSize : 61 <-- 94.866058 s
currentSize : 62 <-- 94.868172 s
currentSize : 63 <-- 94.868484 s

maxsize : 63
nodes : 61104071.000000
filtered : 354364441.000000
time : 312.549103
