Parameters: GAD=1 vflib=1 dir=1 label=1 lowerbound=1 fileNameGp=../graphsdb/mcs70/m3D/m3Dr6/mcs70_m3Dr6_s100.A59 fileNameGt=../graphsdb/mcs70/m3D/m3Dr6/mcs70_m3Dr6_s100.B59
Reading graphs...
100 : 295
100 : 294
Initializing...
maxdom : 7
D->valSize : 358
Solving...
Blb : 2 (clique : 40)
currentSize : 40 <-- 0.006007 s
currentSize : 42 <-- 40.450031 s
currentSize : 44 <-- 40.536472 s
currentSize : 46 <-- 42.572819 s
currentSize : 47 <-- 58.851578 s
currentSize : 49 <-- 71.010551 s
currentSize : 51 <-- 71.793312 s
currentSize : 52 <-- 98.798050 s
currentSize : 53 <-- 111.916695 s
currentSize : 54 <-- 126.377266 s
currentSize : 55 <-- 126.377831 s
currentSize : 57 <-- 126.383408 s
currentSize : 59 <-- 126.470634 s
currentSize : 62 <-- 170.004745 s
currentSize : 64 <-- 170.183731 s

maxsize : 64
nodes : 34578217.000000
filtered : 149386041.000000
time : 186.194244
