Parameters: GAD=1 vflib=1 dir=1 label=1 lowerbound=1 fileNameGp=../graphsdb/mcs70/rand/r01/mcs70_r01_s50.A60 fileNameGt=../graphsdb/mcs70/rand/r01/mcs70_r01_s50.B60
Reading graphs...
50 : 244
50 : 244
Initializing...
maxdom : 10
D->valSize : 337
Solving...
Blb : 3 (clique : 13)
currentSize : 13 <-- 0.002382 s
currentSize : 14 <-- 0.008505 s
currentSize : 15 <-- 0.008616 s
currentSize : 16 <-- 0.022358 s
currentSize : 17 <-- 0.023036 s
currentSize : 18 <-- 0.033511 s
currentSize : 19 <-- 0.033589 s
currentSize : 24 <-- 0.033770 s
currentSize : 25 <-- 0.048590 s
currentSize : 27 <-- 0.049560 s
currentSize : 35 <-- 0.050886 s

maxsize : 35
nodes : 10616.000000
filtered : 159269.000000
time : 0.053882
