Parameters: GAD=1 vflib=1 dir=1 label=1 lowerbound=1 fileNameGp=../graphsdb/mcs70/m2D/m2Dr2/mcs70_m2Dr2_s80.A20 fileNameGt=../graphsdb/mcs70/m2D/m2Dr2/mcs70_m2Dr2_s80.B20
Reading graphs...
80 : 158
80 : 158
Initializing...
maxdom : 8
D->valSize : 435
Solving...
Blb : 2 (clique : 42)
currentSize : 42 <-- 0.004337 s
currentSize : 43 <-- 0.096832 s
currentSize : 45 <-- 0.156270 s
currentSize : 46 <-- 15.605748 s
currentSize : 47 <-- 15.606109 s
currentSize : 48 <-- 15.617594 s
currentSize : 49 <-- 15.642259 s

maxsize : 49
nodes : 498288590.000000
filtered : 2216837615.000000
time : 2269.320557
