Parameters: GAD=1 vflib=1 dir=1 label=1 lowerbound=1 fileNameGp=../graphsdb/mcs70/bvg/b06m/mcs70_b06m_s60.A59 fileNameGt=../graphsdb/mcs70/bvg/b06m/mcs70_b06m_s60.B59
Reading graphs...
60 : 180
60 : 180
Initializing...
maxdom : 6
D->valSize : 252
Solving...
Blb : 2 (clique : 32)
currentSize : 32 <-- 0.002899 s
currentSize : 33 <-- 0.003307 s
currentSize : 34 <-- 0.003808 s
currentSize : 35 <-- 0.011732 s
currentSize : 37 <-- 0.015446 s
currentSize : 38 <-- 0.040876 s
currentSize : 40 <-- 0.041038 s
currentSize : 42 <-- 0.041923 s

maxsize : 42
nodes : 16584.000000
filtered : 91599.000000
time : 0.094750
