Parameters: GAD=1 vflib=1 dir=1 label=1 lowerbound=1 fileNameGp=../graphsdb/mcs70/bvg/b06/mcs70_b06_s50.A26 fileNameGt=../graphsdb/mcs70/bvg/b06/mcs70_b06_s50.B26
Reading graphs...
50 : 150
50 : 150
Initializing...
maxdom : 10
D->valSize : 355
Solving...
Blb : 3 (clique : 25)
currentSize : 25 <-- 0.003170 s
currentSize : 27 <-- 0.003520 s
currentSize : 28 <-- 0.010910 s
currentSize : 29 <-- 0.017250 s
currentSize : 35 <-- 0.017370 s

maxsize : 35
nodes : 14701.000000
filtered : 141314.000000
time : 0.065492
