Parameters: GAD=1 vflib=1 dir=1 label=1 lowerbound=1 fileNameGp=../graphsdb/mcs70/bvg/b06m/mcs70_b06m_s60.A76 fileNameGt=../graphsdb/mcs70/bvg/b06m/mcs70_b06m_s60.B76
Reading graphs...
60 : 180
60 : 180
Initializing...
maxdom : 6
D->valSize : 248
Solving...
Blb : 3 (clique : 29)
currentSize : 29 <-- 0.001887 s
currentSize : 31 <-- 0.003067 s
currentSize : 33 <-- 0.003345 s
currentSize : 35 <-- 0.087736 s
currentSize : 37 <-- 0.090830 s
currentSize : 39 <-- 0.090982 s
currentSize : 41 <-- 0.091113 s
currentSize : 42 <-- 0.095107 s

maxsize : 42
nodes : 30850.000000
filtered : 136397.000000
time : 0.117072
