Parameters: GAD=1 vflib=1 dir=1 label=1 lowerbound=1 fileNameGp=../graphsdb/mcs70/m2D/m2D/mcs70_m2D_s90.A48 fileNameGt=../graphsdb/mcs70/m2D/m2D/mcs70_m2D_s90.B48
Reading graphs...
90 : 161
90 : 161
Initializing...
maxdom : 8
D->valSize : 534
Solving...
Blb : 2 (clique : 46)
currentSize : 46 <-- 0.006431 s
currentSize : 54 <-- 0.006791 s
currentSize : 59 <-- 0.006930 s
currentSize : 60 <-- 0.007553 s
currentSize : 61 <-- 0.008239 s
currentSize : 62 <-- 0.008932 s
currentSize : 63 <-- 0.009642 s
currentSize : 64 <-- 0.010409 s

maxsize : 64
nodes : 1876791.000000
filtered : 13337441.000000
time : 11.896827
