Parameters: GAD=1 vflib=1 dir=1 label=1 lowerbound=1 fileNameGp=../graphsdb/mcs70/bvg/b09/mcs70_b09_s70.A66 fileNameGt=../graphsdb/mcs70/bvg/b09/mcs70_b09_s70.B66
Reading graphs...
70 : 315
70 : 315
Initializing...
maxdom : 9
D->valSize : 377
Solving...
Blb : 2 (clique : 30)
currentSize : 30 <-- 0.003264 s
currentSize : 34 <-- 0.004877 s
currentSize : 36 <-- 0.004984 s
currentSize : 37 <-- 0.005318 s
currentSize : 38 <-- 0.052744 s
currentSize : 44 <-- 0.053120 s
currentSize : 48 <-- 0.053255 s

maxsize : 48
nodes : 31771.000000
filtered : 281743.000000
time : 0.157957
