Parameters: GAD=1 vflib=1 dir=1 label=1 lowerbound=1 fileNameGp=../graphsdb/mcs70/m2D/m2Dr4/mcs70_m2Dr4_s60.A68 fileNameGt=../graphsdb/mcs70/m2D/m2Dr4/mcs70_m2Dr4_s60.B68
Reading graphs...
60 : 128
60 : 128
Initializing...
maxdom : 7
D->valSize : 267
Solving...
Blb : 2 (clique : 29)
currentSize : 29 <-- 0.003127 s
currentSize : 34 <-- 0.003367 s
currentSize : 35 <-- 0.003540 s
currentSize : 36 <-- 0.003784 s
currentSize : 37 <-- 5.015248 s

maxsize : 37
nodes : 2092514.000000
filtered : 10322258.000000
time : 8.161633
