Parameters: GAD=1 vflib=1 dir=1 label=1 lowerbound=1 fileNameGp=../graphsdb/mcs70/m2D/m2Dr6/mcs70_m2Dr6_s90.A13 fileNameGt=../graphsdb/mcs70/m2D/m2Dr6/mcs70_m2Dr6_s90.B13
Reading graphs...
90 : 215
90 : 214
Initializing...
maxdom : 12
D->valSize : 579
Solving...
Blb : 2 (clique : 53)
currentSize : 53 <-- 0.011862 s
currentSize : 59 <-- 0.013242 s
currentSize : 60 <-- 0.025685 s
currentSize : 61 <-- 0.089501 s
currentSize : 63 <-- 0.091012 s
currentSize : 64 <-- 0.233141 s

maxsize : 64
nodes : 9730061.000000
filtered : 60163969.000000
time : 51.690117
