Parameters: GAD=1 vflib=1 dir=1 label=1 lowerbound=1 fileNameGp=../graphsdb/mcs70/m2D/m2Dr4/mcs70_m2Dr4_s100.A33 fileNameGt=../graphsdb/mcs70/m2D/m2Dr4/mcs70_m2Dr4_s100.B33
Reading graphs...
100 : 220
100 : 219
Initializing...
maxdom : 8
D->valSize : 372
Solving...
Blb : 2 (clique : 46)
currentSize : 46 <-- 0.006708 s
currentSize : 47 <-- 0.008128 s
currentSize : 49 <-- 0.009886 s
currentSize : 50 <-- 0.010188 s
currentSize : 51 <-- 0.011889 s
currentSize : 52 <-- 0.019981 s
currentSize : 53 <-- 0.031544 s
currentSize : 54 <-- 0.032929 s
currentSize : 55 <-- 0.035264 s
currentSize : 58 <-- 0.435709 s
currentSize : 59 <-- 28.821388 s
currentSize : 60 <-- 2152.424072 s
currentSize : 63 <-- 2155.812256 s
currentSize : 64 <-- 2162.636719 s

maxsize : 64
nodes : 720714679.000000
filtered : 2356998346.000000
time : 3529.202637
