Parameters: GAD=1 vflib=1 dir=1 label=1 lowerbound=1 fileNameGp=../graphsdb/mcs70/rand/r01/mcs70_r01_s35.A65 fileNameGt=../graphsdb/mcs70/rand/r01/mcs70_r01_s35.B65
Reading graphs...
35 : 118
35 : 118
Initializing...
maxdom : 7
D->valSize : 186
Solving...
Blb : 2 (clique : 13)
currentSize : 13 <-- 0.001018 s
currentSize : 14 <-- 0.001080 s
currentSize : 15 <-- 0.001091 s
currentSize : 18 <-- 0.001494 s
currentSize : 20 <-- 0.001808 s
currentSize : 24 <-- 0.001860 s

maxsize : 24
nodes : 430.000000
filtered : 5810.000000
time : 0.002599
