Parameters: GAD=1 vflib=1 dir=1 label=1 lowerbound=1 fileNameGp=../graphsdb/mcs70/bvg/b06/mcs70_b06_s35.A42 fileNameGt=../graphsdb/mcs70/bvg/b06/mcs70_b06_s35.B42
Reading graphs...
35 : 105
35 : 105
Initializing...
maxdom : 7
D->valSize : 162
Solving...
Blb : 2 (clique : 10)
currentSize : 10 <-- 0.000916 s
currentSize : 11 <-- 0.001143 s
currentSize : 14 <-- 0.002019 s
currentSize : 15 <-- 0.002044 s
currentSize : 22 <-- 0.004257 s
currentSize : 24 <-- 0.006453 s

maxsize : 24
nodes : 1709.000000
filtered : 17696.000000
time : 0.007252
