Parameters: GAD=1 vflib=1 dir=1 label=1 lowerbound=1 fileNameGp=../graphsdb/mcs70/rand/r02/mcs70_r02_s40.A23 fileNameGt=../graphsdb/mcs70/rand/r02/mcs70_r02_s40.B23
Reading graphs...
40 : 311
40 : 311
Initializing...
maxdom : 8
D->valSize : 219
Solving...
Blb : 2 (clique : 8)
currentSize : 8 <-- 0.001318 s
currentSize : 10 <-- 0.001441 s
currentSize : 14 <-- 0.001490 s
currentSize : 16 <-- 0.002032 s
currentSize : 28 <-- 0.002612 s

maxsize : 28
nodes : 484.000000
filtered : 11492.000000
time : 0.003492
