Parameters: GAD=1 vflib=1 dir=1 label=1 lowerbound=1 fileNameGp=../graphsdb/mcs70/m2D/m2Dr4/mcs70_m2Dr4_s90.A18 fileNameGt=../graphsdb/mcs70/m2D/m2Dr4/mcs70_m2Dr4_s90.B18
Reading graphs...
90 : 197
90 : 197
Initializing...
maxdom : 9
D->valSize : 548
Solving...
Blb : 2 (clique : 57)
currentSize : 57 <-- 0.006651 s
currentSize : 59 <-- 0.007039 s
currentSize : 61 <-- 25.018309 s
currentSize : 62 <-- 25.018660 s
currentSize : 63 <-- 33.870743 s
currentSize : 64 <-- 33.871098 s

maxsize : 64
nodes : 9664067.000000
filtered : 54342097.000000
time : 49.779892
