Parameters: GAD=1 vflib=1 dir=1 label=1 lowerbound=1 fileNameGp=../graphsdb/mcs70/m2D/m2Dr2/mcs70_m2Dr2_s50.A96 fileNameGt=../graphsdb/mcs70/m2D/m2Dr2/mcs70_m2Dr2_s50.B96
Reading graphs...
50 : 95
50 : 95
Initializing...
maxdom : 12
D->valSize : 395
Solving...
Blb : 2 (clique : 28)
currentSize : 28 <-- 0.005580 s
currentSize : 29 <-- 0.006226 s
currentSize : 30 <-- 0.006932 s
currentSize : 31 <-- 0.014291 s
currentSize : 32 <-- 0.014969 s
currentSize : 33 <-- 0.015705 s
currentSize : 35 <-- 0.018020 s
currentSize : 36 <-- 0.018596 s

maxsize : 36
nodes : 169245.000000
filtered : 1053106.000000
time : 0.614050
