Parameters: GAD=1 vflib=1 dir=1 label=1 lowerbound=1 fileNameGp=../graphsdb/mcs70/m2D/m2Dr6/mcs70_m2Dr6_s60.A35 fileNameGt=../graphsdb/mcs70/m2D/m2Dr6/mcs70_m2Dr6_s60.B35
Reading graphs...
60 : 140
60 : 138
Initializing...
maxdom : 6
D->valSize : 232
Solving...
Blb : 2 (clique : 23)
currentSize : 23 <-- 0.001692 s
currentSize : 24 <-- 0.002390 s
currentSize : 25 <-- 0.003015 s
currentSize : 26 <-- 0.003490 s
currentSize : 27 <-- 0.003580 s
currentSize : 28 <-- 0.004234 s
currentSize : 30 <-- 0.009655 s
currentSize : 32 <-- 0.011380 s
currentSize : 35 <-- 0.035476 s
currentSize : 36 <-- 0.035612 s

maxsize : 36
nodes : 459150.000000
filtered : 1794922.000000
time : 1.750611
