Parameters: GAD=1 vflib=1 dir=1 label=1 lowerbound=1 fileNameGp=../graphsdb/mcs70/rand/r02/mcs70_r02_s100.A79 fileNameGt=../graphsdb/mcs70/rand/r02/mcs70_r02_s100.B79
Reading graphs...
100 : 1979
100 : 1979
Initializing...
maxdom : 6
D->valSize : 374
Solving...
Blb : 2 (clique : 10)
currentSize : 10 <-- 0.003785 s
currentSize : 11 <-- 0.004102 s
currentSize : 16 <-- 0.004501 s
currentSize : 17 <-- 0.004924 s
currentSize : 35 <-- 0.005823 s
currentSize : 36 <-- 0.007983 s
currentSize : 70 <-- 0.008336 s

maxsize : 70
nodes : 938.000000
filtered : 16433.000000
time : 0.010134
