Parameters: GAD=1 vflib=1 dir=1 label=1 lowerbound=1 fileNameGp=../graphsdb/mcs70/rand/r01/mcs70_r01_s50.A36 fileNameGt=../graphsdb/mcs70/rand/r01/mcs70_r01_s50.B36
Reading graphs...
50 : 244
50 : 244
Initializing...
maxdom : 11
D->valSize : 377
Solving...
Blb : 2 (clique : 15)
currentSize : 15 <-- 0.002785 s
currentSize : 17 <-- 0.002892 s
currentSize : 18 <-- 0.003022 s
currentSize : 19 <-- 0.003480 s
currentSize : 20 <-- 0.004110 s
currentSize : 27 <-- 0.004185 s
currentSize : 35 <-- 0.004481 s

maxsize : 35
nodes : 1069.000000
filtered : 18987.000000
time : 0.007803
