Parameters: GAD=1 vflib=1 dir=1 label=1 lowerbound=1 fileNameGp=../graphsdb/mcs70/m2D/m2Dr4/mcs70_m2Dr4_s40.A15 fileNameGt=../graphsdb/mcs70/m2D/m2Dr4/mcs70_m2Dr4_s40.B15
Reading graphs...
40 : 83
40 : 82
Initializing...
maxdom : 10
D->valSize : 236
Solving...
Blb : 2 (clique : 15)
currentSize : 15 <-- 0.001628 s
currentSize : 18 <-- 0.001714 s
currentSize : 20 <-- 0.035712 s
currentSize : 22 <-- 0.035743 s
currentSize : 24 <-- 0.046385 s
currentSize : 25 <-- 0.046435 s
currentSize : 26 <-- 0.053373 s

maxsize : 26
nodes : 18706.000000
filtered : 187902.000000
time : 0.072678
