Parameters: GAD=1 vflib=1 dir=1 label=1 lowerbound=1 fileNameGp=../graphsdb/mcs70/bvg/b03m/mcs70_b03m_s50.A84 fileNameGt=../graphsdb/mcs70/bvg/b03m/mcs70_b03m_s50.B84
Reading graphs...
50 : 75
50 : 75
Initializing...
maxdom : 11
D->valSize : 333
Solving...
Blb : 3 (clique : 26)
currentSize : 26 <-- 0.004061 s
currentSize : 27 <-- 1.050553 s
currentSize : 28 <-- 1.666514 s
currentSize : 30 <-- 1.736920 s
currentSize : 31 <-- 1.737046 s
currentSize : 32 <-- 1.737200 s
currentSize : 33 <-- 2.152098 s
currentSize : 35 <-- 3.068500 s

maxsize : 35
nodes : 758132.000000
filtered : 8666741.000000
time : 3.823769
