Parameters: GAD=1 vflib=1 dir=1 label=1 lowerbound=1 fileNameGp=../graphsdb/mcs70/m2D/m2Dr2/mcs70_m2Dr2_s70.A15 fileNameGt=../graphsdb/mcs70/m2D/m2Dr2/mcs70_m2Dr2_s70.B15
Reading graphs...
70 : 137
70 : 137
Initializing...
maxdom : 8
D->valSize : 345
Solving...
Blb : 2 (clique : 39)
currentSize : 39 <-- 0.004915 s
currentSize : 40 <-- 0.005373 s
currentSize : 41 <-- 0.044169 s
currentSize : 42 <-- 0.416224 s
currentSize : 43 <-- 8.630283 s
currentSize : 45 <-- 8.630604 s
currentSize : 46 <-- 12.689107 s
currentSize : 47 <-- 12.689416 s
currentSize : 48 <-- 12.706989 s
currentSize : 49 <-- 12.773104 s

maxsize : 49
nodes : 3602675.000000
filtered : 16182025.000000
time : 15.139235
