Parameters: GAD=1 vflib=1 dir=1 label=1 lowerbound=1 fileNameGp=../graphsdb/mcs70/m2D/m2Dr4/mcs70_m2Dr4_s60.A75 fileNameGt=../graphsdb/mcs70/m2D/m2Dr4/mcs70_m2Dr4_s60.B75
Reading graphs...
60 : 128
60 : 128
Initializing...
maxdom : 9
D->valSize : 247
Solving...
Blb : 3 (clique : 24)
currentSize : 24 <-- 0.001851 s
currentSize : 25 <-- 0.146574 s
currentSize : 26 <-- 0.146659 s
currentSize : 27 <-- 0.151478 s
currentSize : 28 <-- 0.151611 s
currentSize : 29 <-- 3.763830 s
currentSize : 30 <-- 4.989037 s
currentSize : 31 <-- 5.048476 s
currentSize : 32 <-- 5.048599 s
currentSize : 33 <-- 5.048974 s
currentSize : 34 <-- 5.308158 s
currentSize : 35 <-- 5.662386 s
currentSize : 36 <-- 5.662569 s

maxsize : 36
nodes : 1506297.000000
filtered : 8174151.000000
time : 6.170458
