Parameters: GAD=1 vflib=1 dir=1 label=1 lowerbound=1 fileNameGp=../graphsdb/mcs70/rand/r005/mcs70_r005_s50.A29 fileNameGt=../graphsdb/mcs70/rand/r005/mcs70_r005_s50.B29
Reading graphs...
50 : 121
50 : 121
Initializing...
maxdom : 9
D->valSize : 318
Solving...
Blb : 2 (clique : 24)
currentSize : 24 <-- 0.003633 s
currentSize : 25 <-- 0.055780 s
currentSize : 26 <-- 0.082480 s
currentSize : 27 <-- 0.123137 s
currentSize : 31 <-- 0.123518 s
currentSize : 35 <-- 0.203733 s

maxsize : 35
nodes : 58886.000000
filtered : 730388.000000
time : 0.311598
