Parameters: GAD=1 vflib=1 dir=1 label=1 lowerbound=1 fileNameGp=../graphsdb/mcs70/m2D/m2Dr4/mcs70_m2Dr4_s50.A56 fileNameGt=../graphsdb/mcs70/m2D/m2Dr4/mcs70_m2Dr4_s50.B56
Reading graphs...
50 : 105
50 : 105
Initializing...
maxdom : 8
D->valSize : 330
Solving...
Blb : 2 (clique : 19)
currentSize : 19 <-- 0.002376 s
currentSize : 20 <-- 0.002523 s
currentSize : 22 <-- 0.002814 s
currentSize : 23 <-- 0.009418 s
currentSize : 24 <-- 0.026576 s
currentSize : 25 <-- 0.114639 s
currentSize : 26 <-- 0.114750 s
currentSize : 27 <-- 0.139199 s
currentSize : 28 <-- 0.139339 s
currentSize : 29 <-- 0.139447 s
currentSize : 30 <-- 0.202737 s
currentSize : 32 <-- 0.264219 s
currentSize : 33 <-- 0.264373 s
currentSize : 34 <-- 0.264513 s
currentSize : 35 <-- 0.281255 s
currentSize : 36 <-- 0.281406 s

maxsize : 36
nodes : 72945.000000
filtered : 695673.000000
time : 0.342732
