Parameters: GAD=1 vflib=1 dir=1 label=1 lowerbound=1 fileNameGp=../graphsdb/mcs70/bvg/b09m/mcs70_b09m_s90.A82 fileNameGt=../graphsdb/mcs70/bvg/b09m/mcs70_b09m_s90.B82
Reading graphs...
90 : 405
90 : 405
Initializing...
maxdom : 12
D->valSize : 582
Solving...
Blb : 2 (clique : 36)
currentSize : 36 <-- 0.006944 s
currentSize : 37 <-- 0.007295 s
currentSize : 43 <-- 0.042476 s
currentSize : 45 <-- 0.043912 s
currentSize : 46 <-- 0.044093 s
currentSize : 47 <-- 0.161542 s
currentSize : 51 <-- 0.164230 s
currentSize : 52 <-- 0.164382 s
currentSize : 54 <-- 3.146498 s
currentSize : 55 <-- 3.146744 s
currentSize : 57 <-- 3.331778 s
currentSize : 61 <-- 3.335220 s
currentSize : 62 <-- 3.335398 s

maxsize : 62
nodes : 1056060.000000
filtered : 6619058.000000
time : 5.510735
