Parameters: GAD=1 vflib=1 dir=1 label=1 lowerbound=1 fileNameGp=../graphsdb/mcs70/bvg/b03/mcs70_b03_s90.A13 fileNameGt=../graphsdb/mcs70/bvg/b03/mcs70_b03_s90.B13
Reading graphs...
90 : 135
90 : 135
Initializing...
maxdom : 10
D->valSize : 557
Solving...
Blb : 2 (clique : 58)
currentSize : 58 <-- 0.011544 s
currentSize : 59 <-- 0.012266 s
currentSize : 60 <-- 0.017015 s
currentSize : 61 <-- 0.017318 s
currentSize : 62 <-- 0.033727 s
currentSize : 63 <-- 0.034060 s

TIMEOUT
maxsize : 63
nodes : 733789669.000000
filtered : 3564345277.000000
time : 3600.000000
