Parameters: GAD=1 vflib=1 dir=1 label=1 lowerbound=1 fileNameGp=../graphsdb/mcs70/m2D/m2Dr4/mcs70_m2Dr4_s15.A84 fileNameGt=../graphsdb/mcs70/m2D/m2Dr4/mcs70_m2Dr4_s15.B84
Reading graphs...
15 : 28
15 : 28
Initializing...
maxdom : 11
D->valSize : 116
Solving...
Blb : 2 (clique : 5)
currentSize : 5 <-- 0.000636 s
currentSize : 6 <-- 0.000670 s
currentSize : 7 <-- 0.000773 s
currentSize : 8 <-- 0.000870 s
currentSize : 9 <-- 0.001220 s
currentSize : 10 <-- 0.001259 s

maxsize : 10
nodes : 231.000000
filtered : 3304.000000
time : 0.001355
