Parameters: GAD=1 vflib=1 dir=1 label=1 lowerbound=1 fileNameGp=../graphsdb/mcs70/bvg/b03m/mcs70_b03m_s100.A35 fileNameGt=../graphsdb/mcs70/bvg/b03m/mcs70_b03m_s100.B35
Reading graphs...
100 : 150
100 : 150
Initializing...
maxdom : 6
D->valSize : 341
Solving...
Blb : 3 (clique : 54)
currentSize : 54 <-- 0.006789 s
currentSize : 57 <-- 0.007512 s
currentSize : 58 <-- 0.015384 s
currentSize : 62 <-- 0.032133 s
currentSize : 66 <-- 0.104429 s
currentSize : 68 <-- 0.158644 s
currentSize : 69 <-- 0.400898 s
currentSize : 71 <-- 0.463178 s

maxsize : 71
nodes : 7826278.000000
filtered : 25766885.000000
time : 41.252720
