Parameters: GAD=1 vflib=1 dir=1 label=1 lowerbound=1 fileNameGp=../graphsdb/mcs70/bvg/b06m/mcs70_b06m_s80.A53 fileNameGt=../graphsdb/mcs70/bvg/b06m/mcs70_b06m_s80.B53
Reading graphs...
80 : 240
80 : 240
Initializing...
maxdom : 9
D->valSize : 462
Solving...
Blb : 2 (clique : 27)
currentSize : 27 <-- 0.004617 s
currentSize : 31 <-- 0.004836 s
currentSize : 37 <-- 0.004927 s
currentSize : 38 <-- 0.005632 s
currentSize : 39 <-- 0.007258 s
currentSize : 40 <-- 0.007448 s
currentSize : 41 <-- 0.008792 s
currentSize : 43 <-- 0.008867 s
currentSize : 44 <-- 0.674182 s
currentSize : 45 <-- 1.271544 s
currentSize : 46 <-- 11.453994 s
currentSize : 47 <-- 11.454390 s
currentSize : 48 <-- 14.612494 s
currentSize : 49 <-- 19.655048 s
currentSize : 51 <-- 25.310671 s
currentSize : 52 <-- 25.310986 s
currentSize : 54 <-- 25.311083 s
currentSize : 56 <-- 25.311335 s

maxsize : 56
nodes : 8071755.000000
filtered : 42577260.000000
time : 37.823860
