Parameters: GAD=1 vflib=1 dir=1 label=1 lowerbound=1 fileNameGp=../graphsdb/mcs70/bvg/b06/mcs70_b06_s70.A84 fileNameGt=../graphsdb/mcs70/bvg/b06/mcs70_b06_s70.B84
Reading graphs...
70 : 210
70 : 210
Initializing...
maxdom : 8
D->valSize : 367
Solving...
Blb : 2 (clique : 38)
currentSize : 38 <-- 0.003307 s
currentSize : 39 <-- 0.003696 s
currentSize : 40 <-- 0.006873 s
currentSize : 45 <-- 0.034312 s
currentSize : 47 <-- 0.034392 s
currentSize : 49 <-- 0.117996 s

maxsize : 49
nodes : 267383.000000
filtered : 2001741.000000
time : 1.265346
