Parameters: GAD=1 vflib=1 dir=1 label=1 lowerbound=1 fileNameGp=../graphsdb/mcs70/bvg/b03m/mcs70_b03m_s60.A97 fileNameGt=../graphsdb/mcs70/bvg/b03m/mcs70_b03m_s60.B97
Reading graphs...
60 : 90
60 : 90
Initializing...
maxdom : 6
D->valSize : 263
Solving...
Blb : 3 (clique : 36)
currentSize : 36 <-- 0.001970 s
currentSize : 37 <-- 0.002185 s
currentSize : 38 <-- 0.002374 s
currentSize : 39 <-- 0.002611 s
currentSize : 41 <-- 0.002825 s
currentSize : 42 <-- 0.002994 s
currentSize : 43 <-- 0.003209 s
currentSize : 44 <-- 0.003384 s

maxsize : 44
nodes : 14409.000000
filtered : 88553.000000
time : 0.068373
