Parameters: GAD=1 vflib=1 dir=1 label=1 lowerbound=1 fileNameGp=../graphsdb/mcs70/m2D/m2Dr2/mcs70_m2Dr2_s25.A91 fileNameGt=../graphsdb/mcs70/m2D/m2Dr2/mcs70_m2Dr2_s25.B91
Reading graphs...
25 : 45
25 : 44
Initializing...
maxdom : 10
D->valSize : 155
Solving...
Blb : 3 (clique : 11)
currentSize : 11 <-- 0.001126 s
currentSize : 12 <-- 0.001679 s
currentSize : 13 <-- 0.002533 s
currentSize : 14 <-- 0.003006 s
currentSize : 15 <-- 0.010770 s
currentSize : 16 <-- 0.021379 s

maxsize : 16
nodes : 4980.000000
filtered : 50782.000000
time : 0.024664
