Parameters: GAD=1 vflib=1 dir=1 label=1 lowerbound=1 fileNameGp=../graphsdb/mcs70/m3D/m3Dr2/mcs70_m3Dr2_s90.A10 fileNameGt=../graphsdb/mcs70/m3D/m3Dr2/mcs70_m3Dr2_s90.B10
Reading graphs...
90 : 227
90 : 227
Initializing...
maxdom : 11
D->valSize : 591
Solving...
Blb : 2 (clique : 44)
currentSize : 44 <-- 0.011682 s
currentSize : 51 <-- 0.012003 s
currentSize : 54 <-- 0.012236 s
currentSize : 56 <-- 0.215408 s
currentSize : 58 <-- 0.215654 s
currentSize : 59 <-- 2.354400 s
currentSize : 61 <-- 2.732642 s
currentSize : 64 <-- 2.733118 s

maxsize : 64
nodes : 982297.000000
filtered : 6626235.000000
time : 5.384859
