Parameters: GAD=1 vflib=1 dir=1 label=1 lowerbound=1 fileNameGp=../graphsdb/mcs70/m3D/m3D/mcs70_m3D_s100.A08 fileNameGt=../graphsdb/mcs70/m3D/m3D/mcs70_m3D_s100.B08
Reading graphs...
100 : 235
100 : 235
Initializing...
maxdom : 7
D->valSize : 389
Solving...
Blb : 2 (clique : 43)
currentSize : 43 <-- 0.006896 s
currentSize : 45 <-- 0.102671 s
currentSize : 46 <-- 0.102871 s
currentSize : 47 <-- 0.106589 s
currentSize : 49 <-- 0.181185 s
currentSize : 52 <-- 0.181358 s
currentSize : 53 <-- 0.181813 s
currentSize : 54 <-- 0.215484 s
currentSize : 55 <-- 0.215956 s
currentSize : 56 <-- 0.217696 s
currentSize : 57 <-- 0.506657 s
currentSize : 58 <-- 0.506953 s
currentSize : 59 <-- 0.554981 s
currentSize : 60 <-- 0.555886 s
currentSize : 61 <-- 0.556160 s
currentSize : 62 <-- 1.386414 s
currentSize : 64 <-- 1.422830 s

maxsize : 64
nodes : 6794383.000000
filtered : 27129492.000000
time : 35.305748
