Parameters: GAD=1 vflib=1 dir=1 label=1 lowerbound=1 fileNameGp=../graphsdb/mcs70/rand/r01/mcs70_r01_s70.A30 fileNameGt=../graphsdb/mcs70/rand/r01/mcs70_r01_s70.B30
Reading graphs...
70 : 482
70 : 482
Initializing...
maxdom : 8
D->valSize : 341
Solving...
Blb : 3 (clique : 18)
currentSize : 18 <-- 0.002809 s
currentSize : 20 <-- 0.007785 s
currentSize : 21 <-- 0.007894 s
currentSize : 23 <-- 0.008089 s
currentSize : 26 <-- 0.008514 s
currentSize : 27 <-- 0.024793 s
currentSize : 34 <-- 0.024943 s
currentSize : 36 <-- 0.027396 s
currentSize : 49 <-- 0.027601 s

maxsize : 49
nodes : 6287.000000
filtered : 67616.000000
time : 0.034963
