Parameters: GAD=1 vflib=1 dir=1 label=1 lowerbound=1 fileNameGp=../graphsdb/mcs70/bvg/b03/mcs70_b03_s20.A25 fileNameGt=../graphsdb/mcs70/bvg/b03/mcs70_b03_s20.B25
Reading graphs...
20 : 30
20 : 30
Initializing...
maxdom : 6
D->valSize : 104
Solving...
Blb : 2 (clique : 8)
currentSize : 8 <-- 0.000697 s
currentSize : 9 <-- 0.001575 s
currentSize : 10 <-- 0.001612 s
currentSize : 13 <-- 0.002278 s
currentSize : 14 <-- 0.003149 s

maxsize : 14
nodes : 775.000000
filtered : 5628.000000
time : 0.003600
