Parameters: GAD=1 vflib=1 dir=1 label=1 lowerbound=1 fileNameGp=../graphsdb/mcs70/bvg/b06/mcs70_b06_s70.A41 fileNameGt=../graphsdb/mcs70/bvg/b06/mcs70_b06_s70.B41
Reading graphs...
70 : 210
70 : 210
Initializing...
maxdom : 10
D->valSize : 379
Solving...
Blb : 2 (clique : 25)
currentSize : 25 <-- 0.003618 s
currentSize : 26 <-- 0.003841 s
currentSize : 28 <-- 0.003909 s
currentSize : 29 <-- 0.004085 s
currentSize : 31 <-- 0.005851 s
currentSize : 34 <-- 0.005917 s
currentSize : 35 <-- 0.007523 s
currentSize : 37 <-- 1.240994 s
currentSize : 38 <-- 1.249639 s
currentSize : 39 <-- 1.249773 s
currentSize : 40 <-- 1.923186 s
currentSize : 41 <-- 1.923393 s
currentSize : 45 <-- 3.227204 s
currentSize : 49 <-- 3.227344 s

maxsize : 49
nodes : 1024251.000000
filtered : 7908852.000000
time : 4.702609
