Parameters: GAD=1 vflib=1 dir=1 label=1 lowerbound=1 fileNameGp=../graphsdb/mcs70/m3D/m3Dr2/mcs70_m3Dr2_s35.A16 fileNameGt=../graphsdb/mcs70/m3D/m3Dr2/mcs70_m3Dr2_s35.B16
Reading graphs...
35 : 79
35 : 78
Initializing...
maxdom : 8
D->valSize : 177
Solving...
Blb : 2 (clique : 15)
currentSize : 15 <-- 0.001092 s
currentSize : 16 <-- 0.001229 s
currentSize : 18 <-- 0.001302 s
currentSize : 19 <-- 0.001409 s
currentSize : 21 <-- 0.001456 s
currentSize : 22 <-- 0.002311 s
currentSize : 27 <-- 0.002373 s

maxsize : 27
nodes : 559.000000
filtered : 3831.000000
time : 0.002670
