Parameters: GAD=1 vflib=1 dir=1 label=1 lowerbound=1 fileNameGp=../graphsdb/mcs70/m2D/m2Dr4/mcs70_m2Dr4_s25.A94 fileNameGt=../graphsdb/mcs70/m2D/m2Dr4/mcs70_m2Dr4_s25.B94
Reading graphs...
25 : 50
25 : 48
Initializing...
maxdom : 11
D->valSize : 168
Solving...
Blb : 2 (clique : 12)
currentSize : 12 <-- 0.000855 s
currentSize : 13 <-- 0.005137 s
currentSize : 14 <-- 0.008004 s
currentSize : 15 <-- 0.008030 s
currentSize : 17 <-- 0.008825 s

maxsize : 17
nodes : 2634.000000
filtered : 29299.000000
time : 0.009621
