Parameters: GAD=1 vflib=1 dir=1 label=1 lowerbound=1 fileNameGp=../graphsdb/mcs70/bvg/b06m/mcs70_b06m_s100.A85 fileNameGt=../graphsdb/mcs70/bvg/b06m/mcs70_b06m_s100.B85
Reading graphs...
100 : 300
100 : 300
Initializing...
maxdom : 7
D->valSize : 372
Solving...
Blb : 2 (clique : 59)
currentSize : 59 <-- 0.004165 s
currentSize : 60 <-- 0.004656 s
currentSize : 63 <-- 0.004823 s
currentSize : 66 <-- 0.004922 s
currentSize : 69 <-- 0.006541 s
currentSize : 70 <-- 0.021287 s

maxsize : 70
nodes : 21210256.000000
filtered : 70162145.000000
time : 104.554817
