Parameters: GAD=1 vflib=1 dir=1 label=1 lowerbound=1 fileNameGp=../graphsdb/mcs70/bvg/b03/mcs70_b03_s60.A41 fileNameGt=../graphsdb/mcs70/bvg/b03/mcs70_b03_s60.B41
Reading graphs...
60 : 90
60 : 90
Initializing...
maxdom : 9
D->valSize : 274
Solving...
Blb : 2 (clique : 35)
currentSize : 35 <-- 0.002053 s
currentSize : 36 <-- 0.011189 s
currentSize : 37 <-- 0.410417 s
currentSize : 38 <-- 0.410602 s
currentSize : 40 <-- 0.410901 s
currentSize : 41 <-- 0.411101 s
currentSize : 42 <-- 0.731146 s

maxsize : 42
nodes : 247033.000000
filtered : 1105498.000000
time : 1.061074
