Parameters: GAD=1 vflib=1 dir=1 label=1 lowerbound=1 fileNameGp=../graphsdb/mcs70/m2D/m2Dr6/mcs70_m2Dr6_s60.A84 fileNameGt=../graphsdb/mcs70/m2D/m2Dr6/mcs70_m2Dr6_s60.B84
Reading graphs...
60 : 140
60 : 137
Initializing...
maxdom : 8
D->valSize : 269
Solving...
Blb : 5 (clique : 30)
currentSize : 30 <-- 0.002048 s
currentSize : 31 <-- 0.003790 s
currentSize : 32 <-- 0.023469 s
currentSize : 33 <-- 0.023692 s
currentSize : 34 <-- 0.911569 s
currentSize : 35 <-- 3.515599 s
currentSize : 36 <-- 4.799907 s

maxsize : 36
nodes : 1858768.000000
filtered : 8247171.000000
time : 7.113709
