Parameters: GAD=1 vflib=1 dir=1 label=1 lowerbound=1 fileNameGp=../graphsdb/mcs70/bvg/b06/mcs70_b06_s80.A44 fileNameGt=../graphsdb/mcs70/bvg/b06/mcs70_b06_s80.B44
Reading graphs...
80 : 240
80 : 240
Initializing...
maxdom : 8
D->valSize : 427
Solving...
Blb : 2 (clique : 23)
currentSize : 23 <-- 0.006778 s
currentSize : 24 <-- 0.007207 s
currentSize : 29 <-- 0.007318 s
currentSize : 31 <-- 0.007466 s
currentSize : 33 <-- 0.011710 s
currentSize : 36 <-- 0.077774 s
currentSize : 37 <-- 0.083411 s
currentSize : 38 <-- 0.118404 s
currentSize : 39 <-- 0.122815 s
currentSize : 40 <-- 1.476340 s
currentSize : 41 <-- 2.071999 s
currentSize : 42 <-- 2.072296 s
currentSize : 43 <-- 2.072691 s
currentSize : 44 <-- 2.107583 s
currentSize : 45 <-- 2.107853 s
currentSize : 54 <-- 34.363434 s
currentSize : 55 <-- 34.363823 s
currentSize : 56 <-- 34.364273 s

maxsize : 56
nodes : 9394957.000000
filtered : 58747396.000000
time : 44.964035
