Parameters: GAD=1 vflib=1 dir=1 label=1 lowerbound=1 fileNameGp=../graphsdb/mcs70/bvg/b06/mcs70_b06_s90.A65 fileNameGt=../graphsdb/mcs70/bvg/b06/mcs70_b06_s90.B65
Reading graphs...
90 : 270
90 : 270
Initializing...
maxdom : 9
D->valSize : 576
Solving...
Blb : 3 (clique : 51)
currentSize : 51 <-- 0.006970 s
currentSize : 52 <-- 12.993700 s
currentSize : 53 <-- 12.995097 s
currentSize : 59 <-- 12.998073 s
currentSize : 60 <-- 12.998595 s
currentSize : 63 <-- 46.843201 s

maxsize : 63
nodes : 11519789.000000
filtered : 111277398.000000
time : 70.777184
