Parameters: GAD=1 vflib=1 dir=1 label=1 lowerbound=1 fileNameGp=../graphsdb/mcs70/bvg/b09m/mcs70_b09m_s70.A99 fileNameGt=../graphsdb/mcs70/bvg/b09m/mcs70_b09m_s70.B99
Reading graphs...
70 : 315
70 : 315
Initializing...
maxdom : 8
D->valSize : 334
Solving...
Blb : 2 (clique : 33)
currentSize : 33 <-- 0.004477 s
currentSize : 36 <-- 0.004974 s
currentSize : 41 <-- 0.046719 s
currentSize : 44 <-- 0.047601 s
currentSize : 45 <-- 0.078298 s
currentSize : 48 <-- 0.078649 s

maxsize : 48
nodes : 61089.000000
filtered : 384034.000000
time : 0.361836
