Parameters: GAD=1 vflib=1 dir=1 label=1 lowerbound=1 fileNameGp=../graphsdb/mcs70/m2D/m2Dr6/mcs70_m2Dr6_s80.A15 fileNameGt=../graphsdb/mcs70/m2D/m2Dr6/mcs70_m2Dr6_s80.B15
Reading graphs...
80 : 190
80 : 188
Initializing...
maxdom : 8
D->valSize : 439
Solving...
Blb : 2 (clique : 32)
currentSize : 32 <-- 0.004400 s
currentSize : 33 <-- 0.004696 s
currentSize : 34 <-- 1.813239 s
currentSize : 35 <-- 1.813330 s
currentSize : 36 <-- 1.813562 s
currentSize : 37 <-- 1.815495 s
currentSize : 38 <-- 5.033774 s
currentSize : 39 <-- 5.035275 s
currentSize : 40 <-- 11.443801 s
currentSize : 41 <-- 11.472649 s
currentSize : 42 <-- 11.480046 s
currentSize : 43 <-- 11.512615 s
currentSize : 44 <-- 25.941959 s
currentSize : 45 <-- 28.695667 s
currentSize : 46 <-- 42.240978 s
currentSize : 47 <-- 42.241203 s
currentSize : 48 <-- 42.242146 s
currentSize : 49 <-- 233.512451 s
currentSize : 50 <-- 1333.585205 s

maxsize : 50
nodes : 555744820.000000
filtered : 2973087439.000000
time : 2521.349854
