Parameters: GAD=1 vflib=1 dir=1 label=1 lowerbound=1 fileNameGp=../graphsdb/mcs70/bvg/b09/mcs70_b09_s100.A38 fileNameGt=../graphsdb/mcs70/bvg/b09/mcs70_b09_s100.B38
Reading graphs...
100 : 450
100 : 450
Initializing...
maxdom : 7
D->valSize : 372
Solving...
Blb : 3 (clique : 45)
currentSize : 45 <-- 0.003875 s
currentSize : 47 <-- 0.559150 s
currentSize : 48 <-- 0.906375 s
currentSize : 50 <-- 0.906531 s
currentSize : 51 <-- 1.453036 s
currentSize : 52 <-- 1.934471 s
currentSize : 54 <-- 1.934616 s
currentSize : 56 <-- 2.772249 s
currentSize : 57 <-- 3.466476 s
currentSize : 59 <-- 3.466633 s
currentSize : 61 <-- 4.893843 s
currentSize : 63 <-- 4.894109 s
currentSize : 67 <-- 4.894715 s
currentSize : 70 <-- 4.894911 s

maxsize : 70
nodes : 936014.000000
filtered : 6728700.000000
time : 5.982598
