Parameters: GAD=1 vflib=1 dir=1 label=1 lowerbound=1 fileNameGp=../graphsdb/mcs70/bvg/b09m/mcs70_b09m_s25.A15 fileNameGt=../graphsdb/mcs70/bvg/b09m/mcs70_b09m_s25.B15
Reading graphs...
25 : 112
25 : 112
Initializing...
maxdom : 10
D->valSize : 198
Solving...
Blb : 2 (clique : 5)
currentSize : 5 <-- 0.001390 s
currentSize : 7 <-- 0.001456 s
currentSize : 9 <-- 0.001965 s
currentSize : 12 <-- 0.005530 s
currentSize : 13 <-- 0.006661 s
currentSize : 15 <-- 0.006714 s
currentSize : 16 <-- 0.006796 s

maxsize : 16
nodes : 1121.000000
filtered : 22856.000000
time : 0.007697
