Parameters: GAD=1 vflib=1 dir=1 label=1 lowerbound=1 fileNameGp=../graphsdb/mcs70/rand/r01/mcs70_r01_s90.A47 fileNameGt=../graphsdb/mcs70/rand/r01/mcs70_r01_s90.B47
Reading graphs...
90 : 800
90 : 800
Initializing...
maxdom : 10
D->valSize : 555
Solving...
Blb : 2 (clique : 31)
currentSize : 31 <-- 0.006235 s
currentSize : 35 <-- 0.015407 s
currentSize : 37 <-- 0.032173 s
currentSize : 47 <-- 0.033897 s
currentSize : 63 <-- 0.049286 s

maxsize : 63
nodes : 10494.000000
filtered : 197806.000000
time : 0.077213
