Parameters: GAD=1 vflib=1 dir=1 label=1 lowerbound=1 fileNameGp=../graphsdb/mcs70/m3D/m3D/mcs70_m3D_s90.A20 fileNameGt=../graphsdb/mcs70/m3D/m3D/mcs70_m3D_s90.B20
Reading graphs...
90 : 209
90 : 209
Initializing...
maxdom : 10
D->valSize : 588
Solving...
Blb : 2 (clique : 43)
currentSize : 43 <-- 0.007255 s
currentSize : 44 <-- 0.008566 s
currentSize : 46 <-- 0.008816 s
currentSize : 47 <-- 0.009252 s
currentSize : 48 <-- 0.009964 s
currentSize : 50 <-- 0.024524 s
currentSize : 51 <-- 0.024893 s
currentSize : 52 <-- 0.025351 s
currentSize : 53 <-- 21.700439 s
currentSize : 54 <-- 21.705561 s
currentSize : 55 <-- 21.719805 s
currentSize : 56 <-- 21.720400 s
currentSize : 57 <-- 21.724691 s
currentSize : 58 <-- 21.748116 s
currentSize : 59 <-- 21.749540 s
currentSize : 60 <-- 33.050011 s
currentSize : 61 <-- 33.056419 s
currentSize : 62 <-- 50.844059 s
currentSize : 63 <-- 73.212463 s
currentSize : 64 <-- 73.213112 s
currentSize : 65 <-- 73.227753 s

maxsize : 65
nodes : 32895935.000000
filtered : 182372878.000000
time : 174.796463
