Parameters: GAD=1 vflib=1 dir=1 label=1 lowerbound=1 fileNameGp=../graphsdb/mcs70/m2D/m2Dr4/mcs70_m2Dr4_s70.A35 fileNameGt=../graphsdb/mcs70/m2D/m2Dr4/mcs70_m2Dr4_s70.B35
Reading graphs...
70 : 151
70 : 151
Initializing...
maxdom : 8
D->valSize : 340
Solving...
Blb : 2 (clique : 31)
currentSize : 31 <-- 0.002956 s
currentSize : 33 <-- 0.003163 s
currentSize : 34 <-- 0.003661 s
currentSize : 35 <-- 0.005020 s
currentSize : 36 <-- 0.005185 s
currentSize : 37 <-- 0.009106 s
currentSize : 38 <-- 0.012986 s
currentSize : 39 <-- 0.360813 s
currentSize : 41 <-- 0.360891 s
currentSize : 42 <-- 0.361583 s
currentSize : 43 <-- 0.361844 s
currentSize : 44 <-- 0.364267 s
currentSize : 45 <-- 0.366294 s
currentSize : 48 <-- 0.690451 s
currentSize : 49 <-- 0.693755 s

maxsize : 49
nodes : 1221637.000000
filtered : 5651246.000000
time : 5.307409
