Parameters: GAD=1 vflib=1 dir=1 label=1 lowerbound=1 fileNameGp=../graphsdb/mcs70/bvg/b03m/mcs70_b03m_s70.A50 fileNameGt=../graphsdb/mcs70/bvg/b03m/mcs70_b03m_s70.B50
Reading graphs...
70 : 105
70 : 105
Initializing...
maxdom : 11
D->valSize : 378
Solving...
Blb : 2 (clique : 38)
currentSize : 38 <-- 0.003573 s
currentSize : 39 <-- 12.683599 s
currentSize : 41 <-- 23.645876 s
currentSize : 42 <-- 23.646036 s
currentSize : 43 <-- 24.687609 s
currentSize : 44 <-- 27.281445 s
currentSize : 46 <-- 45.797970 s
currentSize : 47 <-- 57.177841 s
currentSize : 48 <-- 66.866585 s
currentSize : 49 <-- 66.866692 s

maxsize : 49
nodes : 18829812.000000
filtered : 89117416.000000
time : 80.245033
