Parameters: GAD=1 vflib=1 dir=1 label=1 lowerbound=1 fileNameGp=../graphsdb/mcs70/rand/r02/mcs70_r02_s50.A32 fileNameGt=../graphsdb/mcs70/rand/r02/mcs70_r02_s50.B32
Reading graphs...
50 : 489
50 : 489
Initializing...
maxdom : 11
D->valSize : 324
Solving...
Blb : 2 (clique : 6)
currentSize : 6 <-- 0.003191 s
currentSize : 9 <-- 0.003319 s
currentSize : 18 <-- 0.004731 s
currentSize : 20 <-- 0.005637 s
currentSize : 35 <-- 0.008962 s

maxsize : 35
nodes : 954.000000
filtered : 28476.000000
time : 0.010974
