Parameters: GAD=1 vflib=1 dir=1 label=1 lowerbound=1 fileNameGp=../graphsdb/mcs70/m4D/m4Dr4/mcs70_m4Dr4_s25.A22 fileNameGt=../graphsdb/mcs70/m4D/m4Dr4/mcs70_m4Dr4_s25.B22
Reading graphs...
25 : 57
25 : 55
Initializing...
maxdom : 10
D->valSize : 193
Solving...
Blb : 5 (clique : 11)
currentSize : 11 <-- 0.001442 s
currentSize : 12 <-- 0.001943 s
currentSize : 13 <-- 0.002570 s
currentSize : 14 <-- 0.018382 s
currentSize : 16 <-- 0.022003 s

maxsize : 16
nodes : 3439.000000
filtered : 76046.000000
time : 0.023066
