Parameters: GAD=1 vflib=1 dir=1 label=1 lowerbound=1 fileNameGp=../graphsdb/mcs70/rand/r005/mcs70_r005_s40.A34 fileNameGt=../graphsdb/mcs70/rand/r005/mcs70_r005_s40.B34
Reading graphs...
40 : 77
40 : 77
Initializing...
maxdom : 8
D->valSize : 228
Solving...
Blb : 5 (clique : 18)
currentSize : 18 <-- 0.001323 s
currentSize : 19 <-- 0.038497 s
currentSize : 20 <-- 0.072741 s
currentSize : 21 <-- 0.073457 s
currentSize : 22 <-- 0.093930 s
currentSize : 23 <-- 0.109004 s
currentSize : 25 <-- 0.135981 s
currentSize : 26 <-- 0.146027 s
currentSize : 28 <-- 0.146069 s

maxsize : 28
nodes : 37683.000000
filtered : 421413.000000
time : 0.157087
