Parameters: GAD=1 vflib=1 dir=1 label=1 lowerbound=1 fileNameGp=../graphsdb/mcs70/bvg/b06m/mcs70_b06m_s100.A08 fileNameGt=../graphsdb/mcs70/bvg/b06m/mcs70_b06m_s100.B08
Reading graphs...
100 : 300
100 : 300
Initializing...
maxdom : 6
D->valSize : 385
Solving...
Blb : 3 (clique : 40)
currentSize : 40 <-- 0.004019 s
currentSize : 41 <-- 1.159569 s
currentSize : 42 <-- 2.545577 s
currentSize : 44 <-- 2.551708 s
currentSize : 45 <-- 9.687008 s
currentSize : 47 <-- 11.065144 s
currentSize : 49 <-- 11.099199 s
currentSize : 52 <-- 17.115999 s
currentSize : 53 <-- 19.218708 s
currentSize : 57 <-- 19.873852 s
currentSize : 58 <-- 23.835512 s
currentSize : 63 <-- 30.982420 s
currentSize : 64 <-- 39.255753 s
currentSize : 65 <-- 42.128033 s
currentSize : 70 <-- 42.639290 s

maxsize : 70
nodes : 9380055.000000
filtered : 46370054.000000
time : 51.105343
