Parameters: GAD=1 vflib=1 dir=1 label=1 lowerbound=1 fileNameGp=../graphsdb/mcs70/bvg/b03m/mcs70_b03m_s40.A18 fileNameGt=../graphsdb/mcs70/bvg/b03m/mcs70_b03m_s40.B18
Reading graphs...
40 : 60
40 : 60
Initializing...
maxdom : 7
D->valSize : 212
Solving...
Blb : 2 (clique : 22)
currentSize : 22 <-- 0.001457 s
currentSize : 23 <-- 0.006583 s
currentSize : 24 <-- 0.045511 s
currentSize : 25 <-- 0.051715 s
currentSize : 26 <-- 0.051872 s
currentSize : 28 <-- 0.063495 s

maxsize : 28
nodes : 16947.000000
filtered : 135302.000000
time : 0.066225
