Parameters: GAD=1 vflib=1 dir=1 label=1 lowerbound=1 fileNameGp=../graphsdb/mcs70/bvg/b03/mcs70_b03_s80.A50 fileNameGt=../graphsdb/mcs70/bvg/b03/mcs70_b03_s80.B50
Reading graphs...
80 : 120
80 : 120
Initializing...
maxdom : 8
D->valSize : 428
Solving...
Blb : 2 (clique : 45)
currentSize : 45 <-- 0.004470 s
currentSize : 46 <-- 0.005319 s
currentSize : 47 <-- 0.005961 s
currentSize : 48 <-- 0.007516 s
currentSize : 49 <-- 0.010582 s
currentSize : 50 <-- 0.010904 s
currentSize : 53 <-- 0.012468 s
currentSize : 54 <-- 0.012691 s
currentSize : 55 <-- 0.015629 s
currentSize : 56 <-- 0.015827 s
currentSize : 57 <-- 0.016604 s

maxsize : 57
nodes : 51289417.000000
filtered : 226814153.000000
time : 233.986313
