Parameters: GAD=1 vflib=1 dir=1 label=1 lowerbound=1 fileNameGp=../graphsdb/mcs70/bvg/b03m/mcs70_b03m_s80.A37 fileNameGt=../graphsdb/mcs70/bvg/b03m/mcs70_b03m_s80.B37
Reading graphs...
80 : 120
80 : 120
Initializing...
maxdom : 12
D->valSize : 452
Solving...
Blb : 2 (clique : 53)
currentSize : 53 <-- 0.008037 s
currentSize : 54 <-- 0.008901 s
currentSize : 55 <-- 0.009445 s
currentSize : 56 <-- 0.269428 s
currentSize : 57 <-- 9.280382 s

maxsize : 57
nodes : 2970039.000000
filtered : 19129495.000000
time : 15.108703
