Parameters: GAD=1 vflib=1 dir=1 label=1 lowerbound=1 fileNameGp=../graphsdb/mcs70/rand/r02/mcs70_r02_s50.A92 fileNameGt=../graphsdb/mcs70/rand/r02/mcs70_r02_s50.B92
Reading graphs...
50 : 489
50 : 489
Initializing...
maxdom : 12
D->valSize : 351
Solving...
Blb : 2 (clique : 8)
currentSize : 8 <-- 0.002452 s
currentSize : 11 <-- 0.002929 s
currentSize : 12 <-- 0.003309 s
currentSize : 15 <-- 0.005147 s
currentSize : 17 <-- 0.005928 s
currentSize : 20 <-- 0.007790 s
currentSize : 35 <-- 0.007933 s

maxsize : 35
nodes : 1335.000000
filtered : 31068.000000
time : 0.009279
