Parameters: GAD=1 vflib=1 dir=1 label=1 lowerbound=1 fileNameGp=../graphsdb/mcs70/m2D/m2Dr4/mcs70_m2Dr4_s70.A19 fileNameGt=../graphsdb/mcs70/m2D/m2Dr4/mcs70_m2Dr4_s70.B19
Reading graphs...
70 : 151
70 : 149
Initializing...
maxdom : 8
D->valSize : 347
Solving...
Blb : 2 (clique : 32)
currentSize : 32 <-- 0.003129 s
currentSize : 33 <-- 0.004600 s
currentSize : 34 <-- 0.005012 s
currentSize : 35 <-- 0.005228 s
currentSize : 36 <-- 0.005270 s
currentSize : 37 <-- 0.009630 s
currentSize : 38 <-- 1.082244 s
currentSize : 39 <-- 1.082330 s
currentSize : 40 <-- 3.261834 s
currentSize : 42 <-- 3.262100 s
currentSize : 46 <-- 11.977209 s
currentSize : 47 <-- 11.977303 s
currentSize : 48 <-- 11.977639 s
currentSize : 49 <-- 11.977753 s

maxsize : 49
nodes : 3517410.000000
filtered : 16793673.000000
time : 15.852627
