Parameters: GAD=1 vflib=1 dir=1 label=1 lowerbound=1 fileNameGp=../graphsdb/mcs70/bvg/b06m/mcs70_b06m_s80.A05 fileNameGt=../graphsdb/mcs70/bvg/b06m/mcs70_b06m_s80.B05
Reading graphs...
80 : 240
80 : 240
Initializing...
maxdom : 8
D->valSize : 444
Solving...
Blb : 3 (clique : 33)
currentSize : 33 <-- 0.007397 s
currentSize : 34 <-- 0.098733 s
currentSize : 35 <-- 0.098929 s
currentSize : 38 <-- 0.099028 s
currentSize : 39 <-- 0.143649 s
currentSize : 40 <-- 0.143819 s
currentSize : 43 <-- 2.132303 s
currentSize : 44 <-- 2.132427 s
currentSize : 45 <-- 2.143223 s
currentSize : 46 <-- 2.143399 s
currentSize : 48 <-- 11.510662 s
currentSize : 51 <-- 20.818363 s
currentSize : 53 <-- 69.187386 s
currentSize : 54 <-- 69.189484 s
currentSize : 56 <-- 69.192894 s

maxsize : 56
nodes : 19537890.000000
filtered : 106983727.000000
time : 89.294182
