Parameters: GAD=1 vflib=1 dir=1 label=1 lowerbound=1 fileNameGp=../graphsdb/mcs70/m2D/m2Dr2/mcs70_m2Dr2_s60.A94 fileNameGt=../graphsdb/mcs70/m2D/m2Dr2/mcs70_m2Dr2_s60.B94
Reading graphs...
60 : 116
60 : 116
Initializing...
maxdom : 9
D->valSize : 265
Solving...
Blb : 2 (clique : 21)
currentSize : 21 <-- 0.002116 s
currentSize : 22 <-- 0.002322 s
currentSize : 23 <-- 0.003190 s
currentSize : 24 <-- 1.082423 s
currentSize : 25 <-- 1.082539 s
currentSize : 26 <-- 1.083700 s
currentSize : 27 <-- 2.126468 s
currentSize : 28 <-- 2.282283 s
currentSize : 30 <-- 2.282363 s
currentSize : 31 <-- 2.375791 s
currentSize : 32 <-- 2.491203 s
currentSize : 33 <-- 2.895752 s
currentSize : 34 <-- 2.895855 s
currentSize : 35 <-- 2.906175 s
currentSize : 36 <-- 2.906321 s
currentSize : 37 <-- 2.906446 s

maxsize : 37
nodes : 852614.000000
filtered : 5083855.000000
time : 3.573932
