Parameters: GAD=1 vflib=1 dir=1 label=1 lowerbound=1 fileNameGp=../graphsdb/mcs70/m2D/m2Dr6/mcs70_m2Dr6_s80.A00 fileNameGt=../graphsdb/mcs70/m2D/m2Dr6/mcs70_m2Dr6_s80.B00
Reading graphs...
80 : 190
80 : 189
Initializing...
maxdom : 8
D->valSize : 456
Solving...
Blb : 2 (clique : 37)
currentSize : 37 <-- 0.004799 s
currentSize : 38 <-- 0.006314 s
currentSize : 39 <-- 0.009425 s
currentSize : 40 <-- 0.016509 s
currentSize : 41 <-- 0.093390 s
currentSize : 42 <-- 2.200911 s
currentSize : 43 <-- 7.134961 s
currentSize : 44 <-- 7.321211 s
currentSize : 46 <-- 659.186829 s
currentSize : 47 <-- 659.190125 s
currentSize : 48 <-- 659.290100 s
currentSize : 49 <-- 659.290710 s
currentSize : 50 <-- 659.313660 s

maxsize : 50
nodes : 274160801.000000
filtered : 1756148042.000000
time : 1341.808594
