Parameters: GAD=1 vflib=1 dir=1 label=1 lowerbound=1 fileNameGp=../graphsdb/mcs70/bvg/b06/mcs70_b06_s50.A72 fileNameGt=../graphsdb/mcs70/bvg/b06/mcs70_b06_s50.B72
Reading graphs...
50 : 150
50 : 150
Initializing...
maxdom : 9
D->valSize : 352
Solving...
Blb : 2 (clique : 19)
currentSize : 19 <-- 0.002487 s
currentSize : 23 <-- 0.002608 s
currentSize : 24 <-- 0.002670 s
currentSize : 26 <-- 0.002713 s
currentSize : 27 <-- 0.004733 s
currentSize : 28 <-- 0.004861 s
currentSize : 32 <-- 0.204107 s
currentSize : 33 <-- 0.204270 s
currentSize : 35 <-- 0.204342 s

maxsize : 35
nodes : 56266.000000
filtered : 596818.000000
time : 0.251282
