Parameters: GAD=1 vflib=1 dir=1 label=1 lowerbound=1 fileNameGp=../graphsdb/mcs70/rand/r005/mcs70_r005_s50.A67 fileNameGt=../graphsdb/mcs70/rand/r005/mcs70_r005_s50.B67
Reading graphs...
50 : 121
50 : 121
Initializing...
maxdom : 10
D->valSize : 356
Solving...
Blb : 2 (clique : 17)
currentSize : 17 <-- 0.002588 s
currentSize : 18 <-- 0.003718 s
currentSize : 19 <-- 0.015917 s
currentSize : 20 <-- 0.051470 s
currentSize : 21 <-- 0.143595 s
currentSize : 22 <-- 0.179543 s
currentSize : 23 <-- 0.217199 s
currentSize : 25 <-- 0.388118 s
currentSize : 27 <-- 0.632298 s
currentSize : 29 <-- 0.692196 s
currentSize : 31 <-- 0.714233 s
currentSize : 32 <-- 0.740519 s
currentSize : 33 <-- 0.755716 s
currentSize : 35 <-- 0.771791 s

maxsize : 35
nodes : 168117.000000
filtered : 2120614.000000
time : 0.781244
