Parameters: GAD=1 vflib=1 dir=1 label=1 lowerbound=1 fileNameGp=../graphsdb/mcs70/bvg/b03m/mcs70_b03m_s35.A28 fileNameGt=../graphsdb/mcs70/bvg/b03m/mcs70_b03m_s35.B28
Reading graphs...
35 : 52
35 : 52
Initializing...
maxdom : 7
D->valSize : 160
Solving...
Blb : 5 (clique : 17)
currentSize : 17 <-- 0.001107 s
currentSize : 18 <-- 0.003517 s
currentSize : 19 <-- 0.003550 s
currentSize : 20 <-- 0.025451 s
currentSize : 21 <-- 0.025503 s
currentSize : 22 <-- 0.042364 s
currentSize : 24 <-- 0.042382 s

maxsize : 24
nodes : 23355.000000
filtered : 122071.000000
time : 0.071130
