Parameters: GAD=1 vflib=1 dir=1 label=1 lowerbound=1 fileNameGp=../graphsdb/mcs70/m2D/m2D/mcs70_m2D_s70.A58 fileNameGt=../graphsdb/mcs70/m2D/m2D/mcs70_m2D_s70.B58
Reading graphs...
70 : 123
70 : 123
Initializing...
maxdom : 7
D->valSize : 331
Solving...
Blb : 2 (clique : 38)
currentSize : 38 <-- 0.002871 s
currentSize : 39 <-- 0.006706 s
currentSize : 40 <-- 0.009480 s
currentSize : 41 <-- 0.014662 s
currentSize : 42 <-- 0.014847 s
currentSize : 43 <-- 0.030652 s
currentSize : 46 <-- 0.065586 s
currentSize : 47 <-- 0.067998 s
currentSize : 48 <-- 0.068167 s
currentSize : 49 <-- 4.428762 s

maxsize : 49
nodes : 1193808.000000
filtered : 7743826.000000
time : 5.810386
