Parameters: GAD=1 vflib=1 dir=1 label=1 lowerbound=1 fileNameGp=../graphsdb/mcs70/m2D/m2D/mcs70_m2D_s80.A53 fileNameGt=../graphsdb/mcs70/m2D/m2D/mcs70_m2D_s80.B53
Reading graphs...
80 : 142
80 : 142
Initializing...
maxdom : 10
D->valSize : 439
Solving...
Blb : 2 (clique : 45)
currentSize : 45 <-- 0.007548 s
currentSize : 47 <-- 0.008458 s
currentSize : 48 <-- 0.013392 s
currentSize : 49 <-- 4.312204 s
currentSize : 50 <-- 4.312770 s
currentSize : 51 <-- 4.320246 s

maxsize : 51
nodes : 88224474.000000
filtered : 436158469.000000
time : 400.716034
