Parameters: GAD=1 vflib=1 dir=1 label=1 lowerbound=1 fileNameGp=../graphsdb/mcs70/m2D/m2Dr2/mcs70_m2Dr2_s50.A20 fileNameGt=../graphsdb/mcs70/m2D/m2Dr2/mcs70_m2Dr2_s50.B20
Reading graphs...
50 : 95
50 : 94
Initializing...
maxdom : 9
D->valSize : 320
Solving...
Blb : 5 (clique : 20)
currentSize : 20 <-- 0.002345 s
currentSize : 27 <-- 0.002468 s
currentSize : 29 <-- 0.002531 s
currentSize : 31 <-- 0.002655 s
currentSize : 33 <-- 0.002803 s
currentSize : 34 <-- 0.003090 s
currentSize : 35 <-- 0.003217 s
currentSize : 36 <-- 0.003324 s

maxsize : 36
nodes : 4064.000000
filtered : 40617.000000
time : 0.020824
