Parameters: GAD=1 vflib=1 dir=1 label=1 lowerbound=1 fileNameGp=../graphsdb/mcs70/m2D/m2Dr2/mcs70_m2Dr2_s100.A94 fileNameGt=../graphsdb/mcs70/m2D/m2Dr2/mcs70_m2Dr2_s100.B94
Reading graphs...
100 : 200
100 : 200
Initializing...
maxdom : 6
D->valSize : 367
Solving...
Blb : 2 (clique : 59)
currentSize : 59 <-- 0.003974 s
currentSize : 61 <-- 0.004347 s
currentSize : 62 <-- 0.013376 s
currentSize : 63 <-- 0.139052 s
currentSize : 64 <-- 0.167703 s

maxsize : 64
nodes : 100304499.000000
filtered : 462729549.000000
time : 567.064697
