Parameters: GAD=1 vflib=1 dir=1 label=1 lowerbound=1 fileNameGp=../graphsdb/mcs70/rand/r01/mcs70_r01_s30.A66 fileNameGt=../graphsdb/mcs70/rand/r01/mcs70_r01_s30.B66
Reading graphs...
30 : 86
30 : 86
Initializing...
maxdom : 7
D->valSize : 146
Solving...
Blb : 3 (clique : 10)
currentSize : 10 <-- 0.000812 s
currentSize : 11 <-- 0.000904 s
currentSize : 12 <-- 0.001245 s
currentSize : 13 <-- 0.001508 s
currentSize : 14 <-- 0.001559 s
currentSize : 16 <-- 0.001787 s
currentSize : 21 <-- 0.001858 s

maxsize : 21
nodes : 383.000000
filtered : 3229.000000
time : 0.002181
