Parameters: GAD=1 vflib=1 dir=1 label=1 lowerbound=1 fileNameGp=../graphsdb/mcs70/rand/r01/mcs70_r01_s60.A51 fileNameGt=../graphsdb/mcs70/rand/r01/mcs70_r01_s60.B51
Reading graphs...
60 : 353
60 : 353
Initializing...
maxdom : 7
D->valSize : 275
Solving...
Blb : 2 (clique : 16)
currentSize : 16 <-- 0.001966 s
currentSize : 17 <-- 0.002336 s
currentSize : 18 <-- 0.006071 s
currentSize : 21 <-- 0.006161 s
currentSize : 27 <-- 0.010249 s
currentSize : 29 <-- 0.013615 s
currentSize : 33 <-- 0.015168 s
currentSize : 42 <-- 0.015300 s

maxsize : 42
nodes : 3134.000000
filtered : 32913.000000
time : 0.016596
