Parameters: GAD=1 vflib=1 dir=1 label=1 lowerbound=1 fileNameGp=../graphsdb/mcs70/bvg/b06/mcs70_b06_s40.A53 fileNameGt=../graphsdb/mcs70/bvg/b06/mcs70_b06_s40.B53
Reading graphs...
40 : 120
40 : 120
Initializing...
maxdom : 8
D->valSize : 213
Solving...
Blb : 2 (clique : 18)
currentSize : 18 <-- 0.001371 s
currentSize : 19 <-- 0.001486 s
currentSize : 20 <-- 0.001822 s
currentSize : 21 <-- 0.001894 s
currentSize : 22 <-- 0.019148 s
currentSize : 24 <-- 0.026015 s
currentSize : 27 <-- 0.030680 s
currentSize : 28 <-- 0.030796 s

maxsize : 28
nodes : 10496.000000
filtered : 77323.000000
time : 0.036365
