Parameters: GAD=1 vflib=1 dir=1 label=1 lowerbound=1 fileNameGp=../graphsdb/mcs70/m3D/m3Dr2/mcs70_m3Dr2_s90.A08 fileNameGt=../graphsdb/mcs70/m3D/m3Dr2/mcs70_m3Dr2_s90.B08
Reading graphs...
90 : 227
90 : 227
Initializing...
maxdom : 9
D->valSize : 554
Solving...
Blb : 2 (clique : 52)
currentSize : 52 <-- 0.006583 s
currentSize : 53 <-- 0.006978 s
currentSize : 59 <-- 0.007576 s
currentSize : 60 <-- 0.007969 s
currentSize : 61 <-- 0.008779 s
currentSize : 63 <-- 12.837292 s
currentSize : 64 <-- 12.837753 s

maxsize : 64
nodes : 5605685.000000
filtered : 36276528.000000
time : 31.404388
