Parameters: GAD=1 vflib=1 dir=1 label=1 lowerbound=1 fileNameGp=../graphsdb/mcs70/bvg/b03m/mcs70_b03m_s70.A44 fileNameGt=../graphsdb/mcs70/bvg/b03m/mcs70_b03m_s70.B44
Reading graphs...
70 : 105
70 : 105
Initializing...
maxdom : 9
D->valSize : 374
Solving...
Blb : 2 (clique : 38)
currentSize : 38 <-- 0.003560 s
currentSize : 39 <-- 0.003826 s
currentSize : 40 <-- 7.392226 s
currentSize : 41 <-- 7.393118 s
currentSize : 42 <-- 12.878101 s
currentSize : 43 <-- 16.252535 s
currentSize : 44 <-- 48.546444 s
currentSize : 45 <-- 48.787655 s
currentSize : 46 <-- 102.851868 s
currentSize : 47 <-- 102.852249 s
currentSize : 48 <-- 102.857597 s

maxsize : 48
nodes : 25683616.000000
filtered : 146693346.000000
time : 117.994324
