Parameters: GAD=1 vflib=1 dir=1 label=1 lowerbound=1 fileNameGp=../graphsdb/mcs70/m2D/m2Dr6/mcs70_m2Dr6_s80.A98 fileNameGt=../graphsdb/mcs70/m2D/m2Dr6/mcs70_m2Dr6_s80.B98
Reading graphs...
80 : 190
80 : 188
Initializing...
maxdom : 9
D->valSize : 450
Solving...
Blb : 2 (clique : 30)
currentSize : 30 <-- 0.007588 s
currentSize : 31 <-- 0.008010 s
currentSize : 33 <-- 0.008212 s
currentSize : 36 <-- 0.084804 s
currentSize : 37 <-- 0.886469 s
currentSize : 38 <-- 0.897679 s
currentSize : 41 <-- 4.280110 s
currentSize : 42 <-- 4.291956 s
currentSize : 43 <-- 21.005745 s
currentSize : 46 <-- 146.704773 s
currentSize : 47 <-- 146.815918 s
currentSize : 49 <-- 146.819885 s
currentSize : 50 <-- 146.820160 s
currentSize : 51 <-- 167.914291 s

maxsize : 51
nodes : 107837466.000000
filtered : 682339939.000000
time : 499.666168
