Parameters: GAD=1 vflib=1 dir=1 label=1 lowerbound=1 fileNameGp=../graphsdb/mcs70/m2D/m2Dr4/mcs70_m2Dr4_s100.A00 fileNameGt=../graphsdb/mcs70/m2D/m2Dr4/mcs70_m2Dr4_s100.B00
Reading graphs...
100 : 220
100 : 220
Initializing...
maxdom : 8
D->valSize : 437
Solving...
Blb : 2 (clique : 55)
currentSize : 55 <-- 0.004789 s
currentSize : 56 <-- 0.384624 s
currentSize : 57 <-- 0.385032 s
currentSize : 58 <-- 1.968069 s
currentSize : 59 <-- 2.196574 s
currentSize : 60 <-- 2.217419 s
currentSize : 61 <-- 4.748766 s
currentSize : 62 <-- 6.590358 s
currentSize : 63 <-- 6.590815 s
currentSize : 64 <-- 7.150866 s
currentSize : 65 <-- 7.151350 s

maxsize : 65
nodes : 12950093.000000
filtered : 75925125.000000
time : 77.113731
