Parameters: GAD=1 vflib=1 dir=1 label=1 lowerbound=1 fileNameGp=../graphsdb/mcs70/rand/r01/mcs70_r01_s20.A08 fileNameGt=../graphsdb/mcs70/rand/r01/mcs70_r01_s20.B08
Reading graphs...
20 : 37
20 : 37
Initializing...
maxdom : 8
D->valSize : 104
Solving...
Blb : 3 (clique : 8)
currentSize : 8 <-- 0.000698 s
currentSize : 9 <-- 0.000776 s
currentSize : 10 <-- 0.000858 s
currentSize : 11 <-- 0.000868 s
currentSize : 12 <-- 0.001191 s
currentSize : 14 <-- 0.001830 s

maxsize : 14
nodes : 305.000000
filtered : 3454.000000
time : 0.002006
