Parameters: GAD=1 vflib=1 dir=1 label=1 lowerbound=1 fileNameGp=../graphsdb/mcs70/m2D/m2Dr4/mcs70_m2Dr4_s100.A61 fileNameGt=../graphsdb/mcs70/m2D/m2Dr4/mcs70_m2Dr4_s100.B61
Reading graphs...
100 : 220
100 : 219
Initializing...
maxdom : 9
D->valSize : 349
Solving...
Blb : 3 (clique : 54)
currentSize : 54 <-- 0.003915 s
currentSize : 55 <-- 0.004581 s
currentSize : 56 <-- 0.004838 s
currentSize : 59 <-- 0.136469 s
currentSize : 61 <-- 0.136844 s
currentSize : 62 <-- 3.035761 s
currentSize : 64 <-- 3.036125 s

maxsize : 64
nodes : 77968902.000000
filtered : 274221415.000000
time : 391.313080
