Parameters: GAD=1 vflib=1 dir=1 label=1 lowerbound=1 fileNameGp=../graphsdb/mcs70/bvg/b06/mcs70_b06_s90.A22 fileNameGt=../graphsdb/mcs70/bvg/b06/mcs70_b06_s90.B22
Reading graphs...
90 : 270
90 : 270
Initializing...
maxdom : 10
D->valSize : 574
Solving...
Blb : 2 (clique : 53)
currentSize : 53 <-- 0.011576 s
currentSize : 54 <-- 0.012340 s
currentSize : 59 <-- 0.012702 s
currentSize : 60 <-- 0.013122 s
currentSize : 63 <-- 0.020220 s

maxsize : 63
nodes : 32645677.000000
filtered : 326785321.000000
time : 198.496124
