Parameters: GAD=1 vflib=1 dir=1 label=1 lowerbound=1 fileNameGp=../graphsdb/mcs70/m2D/m2Dr4/mcs70_m2Dr4_s60.A14 fileNameGt=../graphsdb/mcs70/m2D/m2Dr4/mcs70_m2Dr4_s60.B14
Reading graphs...
60 : 128
60 : 128
Initializing...
maxdom : 7
D->valSize : 237
Solving...
Blb : 2 (clique : 24)
currentSize : 24 <-- 0.002648 s
currentSize : 25 <-- 0.051974 s
currentSize : 26 <-- 0.133173 s
currentSize : 27 <-- 0.133927 s
currentSize : 28 <-- 0.394179 s
currentSize : 31 <-- 0.394641 s
currentSize : 32 <-- 0.574486 s
currentSize : 35 <-- 0.574579 s
currentSize : 36 <-- 0.662423 s

maxsize : 36
nodes : 137216.000000
filtered : 838888.000000
time : 0.772017
