Parameters: GAD=1 vflib=1 dir=1 label=1 lowerbound=1 fileNameGp=../graphsdb/mcs70/m2D/m2D/mcs70_m2D_s50.A42 fileNameGt=../graphsdb/mcs70/m2D/m2D/mcs70_m2D_s50.B42
Reading graphs...
50 : 85
50 : 85
Initializing...
maxdom : 8
D->valSize : 321
Solving...
Blb : 2 (clique : 26)
currentSize : 26 <-- 0.002717 s
currentSize : 27 <-- 0.002877 s
currentSize : 30 <-- 0.002902 s
currentSize : 32 <-- 0.003105 s
currentSize : 35 <-- 0.003293 s
currentSize : 36 <-- 0.003480 s

maxsize : 36
nodes : 28377.000000
filtered : 277866.000000
time : 0.125885
