Parameters: GAD=1 vflib=1 dir=1 label=1 lowerbound=1 fileNameGp=../graphsdb/mcs70/m2D/m2Dr6/mcs70_m2Dr6_s100.A25 fileNameGt=../graphsdb/mcs70/m2D/m2Dr6/mcs70_m2Dr6_s100.B25
Reading graphs...
100 : 240
100 : 240
Initializing...
maxdom : 7
D->valSize : 390
Solving...
Blb : 3 (clique : 52)
currentSize : 52 <-- 0.006946 s
currentSize : 53 <-- 0.008069 s
currentSize : 54 <-- 12.227953 s
currentSize : 56 <-- 12.228818 s
currentSize : 57 <-- 12.230091 s
currentSize : 58 <-- 12.275319 s
currentSize : 60 <-- 53.883072 s
currentSize : 62 <-- 53.883297 s
currentSize : 63 <-- 53.883701 s
currentSize : 64 <-- 53.885426 s

maxsize : 64
nodes : 75417058.000000
filtered : 364364890.000000
time : 418.588470
