Parameters: GAD=1 vflib=1 dir=1 label=1 lowerbound=1 fileNameGp=../graphsdb/mcs70/bvg/b03m/mcs70_b03m_s60.A22 fileNameGt=../graphsdb/mcs70/bvg/b03m/mcs70_b03m_s60.B22
Reading graphs...
60 : 90
60 : 90
Initializing...
maxdom : 8
D->valSize : 297
Solving...
Blb : 2 (clique : 26)
currentSize : 26 <-- 0.002253 s
currentSize : 27 <-- 0.033294 s
currentSize : 28 <-- 0.103334 s
currentSize : 29 <-- 0.162192 s
currentSize : 30 <-- 0.163124 s
currentSize : 31 <-- 0.253473 s
currentSize : 32 <-- 1.626869 s
currentSize : 33 <-- 1.627175 s
currentSize : 34 <-- 1.643965 s
currentSize : 35 <-- 2.051424 s
currentSize : 36 <-- 2.343699 s
currentSize : 37 <-- 2.532366 s
currentSize : 39 <-- 2.532482 s
currentSize : 40 <-- 2.532680 s
currentSize : 43 <-- 2.537877 s

maxsize : 43
nodes : 627708.000000
filtered : 3378251.000000
time : 2.606734
