Parameters: GAD=1 vflib=1 dir=1 label=1 lowerbound=1 fileNameGp=../graphsdb/mcs70/m2D/m2Dr4/mcs70_m2Dr4_s80.A83 fileNameGt=../graphsdb/mcs70/m2D/m2Dr4/mcs70_m2Dr4_s80.B83
Reading graphs...
80 : 174
80 : 173
Initializing...
maxdom : 13
D->valSize : 472
Solving...
Blb : 2 (clique : 33)
currentSize : 33 <-- 0.009092 s
currentSize : 35 <-- 0.009381 s
currentSize : 37 <-- 0.009453 s
currentSize : 38 <-- 0.080564 s
currentSize : 39 <-- 5.054510 s
currentSize : 40 <-- 5.055163 s
currentSize : 41 <-- 5.055257 s
currentSize : 42 <-- 149.845810 s
currentSize : 43 <-- 256.324860 s
currentSize : 44 <-- 256.337555 s
currentSize : 45 <-- 256.337738 s
currentSize : 46 <-- 677.887268 s
currentSize : 47 <-- 677.903931 s
currentSize : 48 <-- 677.904968 s
currentSize : 49 <-- 677.905334 s
currentSize : 50 <-- 677.905701 s

maxsize : 50
nodes : 159934957.000000
filtered : 1180992814.000000
time : 836.060242
