Parameters: GAD=1 vflib=1 dir=1 label=1 lowerbound=1 fileNameGp=../graphsdb/mcs70/m3D/m3Dr2/mcs70_m3Dr2_s100.A96 fileNameGt=../graphsdb/mcs70/m3D/m3Dr2/mcs70_m3Dr2_s100.B96
Reading graphs...
100 : 255
100 : 255
Initializing...
maxdom : 10
D->valSize : 417
Solving...
Blb : 3 (clique : 57)
currentSize : 57 <-- 0.004633 s
currentSize : 58 <-- 0.005171 s
currentSize : 60 <-- 0.009041 s
currentSize : 63 <-- 0.009178 s
currentSize : 64 <-- 0.309229 s

maxsize : 64
nodes : 11115205.000000
filtered : 54093080.000000
time : 58.727768
