Parameters: GAD=1 vflib=1 dir=1 label=1 lowerbound=1 fileNameGp=../graphsdb/mcs70/m2D/m2D/mcs70_m2D_s100.A01 fileNameGt=../graphsdb/mcs70/m2D/m2D/mcs70_m2D_s100.B01
Reading graphs...
100 : 180
100 : 180
Initializing...
maxdom : 10
D->valSize : 385
Solving...
Blb : 2 (clique : 49)
currentSize : 49 <-- 0.004294 s
currentSize : 50 <-- 0.004970 s
currentSize : 51 <-- 0.007028 s
currentSize : 52 <-- 0.009817 s
currentSize : 53 <-- 0.029199 s
currentSize : 54 <-- 0.040637 s
currentSize : 55 <-- 0.073537 s
currentSize : 56 <-- 0.091321 s
currentSize : 57 <-- 0.093243 s

TIMEOUT
maxsize : 57
nodes : 803280139.000000
filtered : 2269776350.000000
time : 3600.000000
