Parameters: GAD=1 vflib=1 dir=1 label=1 lowerbound=1 fileNameGp=../graphsdb/mcs70/m2D/m2Dr4/mcs70_m2Dr4_s70.A15 fileNameGt=../graphsdb/mcs70/m2D/m2Dr4/mcs70_m2Dr4_s70.B15
Reading graphs...
70 : 151
70 : 151
Initializing...
maxdom : 8
D->valSize : 353
Solving...
Blb : 3 (clique : 35)
currentSize : 35 <-- 0.003070 s
currentSize : 38 <-- 0.004376 s
currentSize : 40 <-- 0.013244 s
currentSize : 41 <-- 1.969312 s
currentSize : 43 <-- 1.977519 s
currentSize : 45 <-- 4.534776 s
currentSize : 46 <-- 5.662225 s
currentSize : 48 <-- 6.157791 s
currentSize : 50 <-- 6.158125 s

maxsize : 50
nodes : 1514017.000000
filtered : 8315541.000000
time : 6.890776
