Parameters: GAD=1 vflib=1 dir=1 label=1 lowerbound=1 fileNameGp=../graphsdb/mcs70/m2D/m2Dr6/mcs70_m2Dr6_s40.A15 fileNameGt=../graphsdb/mcs70/m2D/m2Dr6/mcs70_m2Dr6_s40.B15
Reading graphs...
40 : 91
40 : 91
Initializing...
maxdom : 9
D->valSize : 247
Solving...
Blb : 2 (clique : 20)
currentSize : 20 <-- 0.001499 s
currentSize : 22 <-- 0.034864 s
currentSize : 23 <-- 0.053166 s
currentSize : 24 <-- 0.053256 s
currentSize : 25 <-- 0.071342 s

maxsize : 25
nodes : 44476.000000
filtered : 372510.000000
time : 0.164123
