Parameters: GAD=1 vflib=1 dir=1 label=1 lowerbound=1 fileNameGp=../graphsdb/mcs70/bvg/b06/mcs70_b06_s80.A15 fileNameGt=../graphsdb/mcs70/bvg/b06/mcs70_b06_s80.B15
Reading graphs...
80 : 240
80 : 240
Initializing...
maxdom : 8
D->valSize : 453
Solving...
Blb : 2 (clique : 43)
currentSize : 43 <-- 0.008401 s
currentSize : 46 <-- 0.015396 s
currentSize : 48 <-- 4.014285 s
currentSize : 49 <-- 4.015780 s
currentSize : 50 <-- 4.028102 s
currentSize : 51 <-- 4.028264 s
currentSize : 55 <-- 12.415694 s
currentSize : 56 <-- 12.415813 s

maxsize : 56
nodes : 10184606.000000
filtered : 54483259.000000
time : 47.156048
