Parameters: GAD=1 vflib=1 dir=1 label=1 lowerbound=1 fileNameGp=../graphsdb/mcs70/m2D/m2D/mcs70_m2D_s100.A27 fileNameGt=../graphsdb/mcs70/m2D/m2D/mcs70_m2D_s100.B27
Reading graphs...
100 : 180
100 : 180
Initializing...
maxdom : 7
D->valSize : 346
Solving...
Blb : 2 (clique : 49)
currentSize : 49 <-- 0.003857 s
currentSize : 50 <-- 0.004294 s
currentSize : 51 <-- 0.004486 s
currentSize : 52 <-- 1.401011 s
currentSize : 53 <-- 149.414093 s
currentSize : 54 <-- 149.414597 s
currentSize : 55 <-- 149.653214 s
currentSize : 56 <-- 394.737793 s
currentSize : 57 <-- 397.947235 s
currentSize : 58 <-- 398.052612 s
currentSize : 59 <-- 398.126587 s
currentSize : 60 <-- 411.406097 s
currentSize : 61 <-- 3492.429199 s
currentSize : 62 <-- 3500.356934 s

TIMEOUT
maxsize : 62
nodes : 810951873.000000
filtered : 1808197807.000000
time : 3600.000000
