Parameters: GAD=1 vflib=1 dir=1 label=1 lowerbound=1 fileNameGp=../graphsdb/mcs70/bvg/b09m/mcs70_b09m_s50.A46 fileNameGt=../graphsdb/mcs70/bvg/b09m/mcs70_b09m_s50.B46
Reading graphs...
50 : 225
50 : 225
Initializing...
maxdom : 11
D->valSize : 374
Solving...
Blb : 2 (clique : 11)
currentSize : 11 <-- 0.004325 s
currentSize : 12 <-- 0.007425 s
currentSize : 14 <-- 0.009216 s
currentSize : 15 <-- 0.022941 s
currentSize : 17 <-- 0.048636 s
currentSize : 18 <-- 0.054975 s
currentSize : 19 <-- 0.083298 s
currentSize : 20 <-- 0.103485 s
currentSize : 22 <-- 0.116960 s
currentSize : 23 <-- 0.126602 s
currentSize : 25 <-- 0.143988 s
currentSize : 27 <-- 0.240615 s
currentSize : 30 <-- 0.240726 s
currentSize : 31 <-- 0.254237 s
currentSize : 34 <-- 0.262359 s

maxsize : 34
nodes : 59822.000000
filtered : 800208.000000
time : 0.280090
