Parameters: GAD=1 vflib=1 dir=1 label=1 lowerbound=1 fileNameGp=../graphsdb/mcs70/m2D/m2D/mcs70_m2D_s80.A25 fileNameGt=../graphsdb/mcs70/m2D/m2D/mcs70_m2D_s80.B25
Reading graphs...
80 : 142
80 : 142
Initializing...
maxdom : 11
D->valSize : 436
Solving...
Blb : 2 (clique : 38)
currentSize : 38 <-- 0.004690 s
currentSize : 39 <-- 0.004999 s
currentSize : 40 <-- 0.005311 s
currentSize : 41 <-- 0.048021 s
currentSize : 42 <-- 0.902487 s
currentSize : 43 <-- 189.667953 s
currentSize : 44 <-- 189.668030 s
currentSize : 45 <-- 189.841156 s
currentSize : 46 <-- 189.841278 s
currentSize : 48 <-- 3066.086670 s
currentSize : 49 <-- 3066.086914 s
currentSize : 50 <-- 3066.087158 s

maxsize : 50
nodes : 652661768.000000
filtered : 5037941340.000000
time : 3431.706299
