Parameters: GAD=1 vflib=1 dir=1 label=1 lowerbound=1 fileNameGp=../graphsdb/mcs70/rand/r01/mcs70_r01_s25.A79 fileNameGt=../graphsdb/mcs70/rand/r01/mcs70_r01_s25.B79
Reading graphs...
25 : 59
25 : 59
Initializing...
maxdom : 9
D->valSize : 166
Solving...
Blb : 3 (clique : 12)
currentSize : 12 <-- 0.001193 s
currentSize : 13 <-- 0.001774 s
currentSize : 14 <-- 0.003284 s
currentSize : 16 <-- 0.005329 s
currentSize : 17 <-- 0.005430 s

maxsize : 17
nodes : 888.000000
filtered : 11817.000000
time : 0.006307
