Parameters: GAD=1 vflib=1 dir=1 label=1 lowerbound=1 fileNameGp=../graphsdb/mcs70/bvg/b03m/mcs70_b03m_s100.A41 fileNameGt=../graphsdb/mcs70/bvg/b03m/mcs70_b03m_s100.B41
Reading graphs...
100 : 150
100 : 150
Initializing...
maxdom : 7
D->valSize : 397
Solving...
Blb : 2 (clique : 63)
currentSize : 63 <-- 0.004610 s
currentSize : 64 <-- 0.005659 s
currentSize : 65 <-- 0.009525 s
currentSize : 66 <-- 0.498567 s
currentSize : 67 <-- 1.465615 s
currentSize : 68 <-- 2.422950 s
currentSize : 69 <-- 95.756020 s
currentSize : 70 <-- 95.756363 s

maxsize : 70
nodes : 326974114.000000
filtered : 913200561.000000
time : 1565.751099
