Parameters: GAD=1 vflib=1 dir=1 label=1 lowerbound=1 fileNameGp=../graphsdb/mcs70/m3D/m3Dr2/mcs70_m3Dr2_s90.A30 fileNameGt=../graphsdb/mcs70/m3D/m3Dr2/mcs70_m3Dr2_s90.B30
Reading graphs...
90 : 227
90 : 227
Initializing...
maxdom : 9
D->valSize : 537
Solving...
Blb : 2 (clique : 42)
currentSize : 42 <-- 0.010611 s
currentSize : 45 <-- 0.010930 s
currentSize : 46 <-- 0.011110 s
currentSize : 48 <-- 0.012354 s
currentSize : 49 <-- 0.019475 s
currentSize : 50 <-- 0.020970 s
currentSize : 51 <-- 0.021225 s
currentSize : 52 <-- 0.021733 s
currentSize : 55 <-- 2.240967 s
currentSize : 56 <-- 2.241367 s
currentSize : 60 <-- 2.243712 s
currentSize : 61 <-- 2.244201 s
currentSize : 62 <-- 2.797153 s
currentSize : 64 <-- 2.797316 s

maxsize : 64
nodes : 3298739.000000
filtered : 23551410.000000
time : 17.799244
