Parameters: GAD=1 vflib=1 dir=1 label=1 lowerbound=1 fileNameGp=../graphsdb/mcs70/bvg/b09/mcs70_b09_s90.A53 fileNameGt=../graphsdb/mcs70/bvg/b09/mcs70_b09_s90.B53
Reading graphs...
90 : 405
90 : 405
Initializing...
maxdom : 10
D->valSize : 539
Solving...
Blb : 2 (clique : 43)
currentSize : 43 <-- 0.006108 s
currentSize : 48 <-- 0.006404 s
currentSize : 52 <-- 0.008273 s
currentSize : 59 <-- 0.008469 s
currentSize : 62 <-- 0.140126 s

maxsize : 62
nodes : 1935388.000000
filtered : 16863158.000000
time : 11.240958
