Parameters: GAD=1 vflib=1 dir=1 label=1 lowerbound=1 fileNameGp=../graphsdb/mcs70/bvg/b06/mcs70_b06_s100.A41 fileNameGt=../graphsdb/mcs70/bvg/b06/mcs70_b06_s100.B41
Reading graphs...
100 : 300
100 : 300
Initializing...
maxdom : 8
D->valSize : 358
Solving...
Blb : 2 (clique : 47)
currentSize : 47 <-- 0.006266 s
currentSize : 48 <-- 0.006945 s
currentSize : 49 <-- 0.009357 s
currentSize : 51 <-- 0.009575 s
currentSize : 52 <-- 0.010174 s
currentSize : 53 <-- 0.029668 s
currentSize : 54 <-- 0.030444 s
currentSize : 55 <-- 0.031212 s
currentSize : 60 <-- 0.052023 s
currentSize : 61 <-- 0.053792 s
currentSize : 62 <-- 0.135043 s
currentSize : 63 <-- 0.145318 s
currentSize : 67 <-- 0.145511 s
currentSize : 68 <-- 0.146016 s
currentSize : 69 <-- 0.146425 s
currentSize : 70 <-- 0.822256 s

maxsize : 70
nodes : 7872088.000000
filtered : 38430516.000000
time : 43.142067
