Parameters: GAD=1 vflib=1 dir=1 label=1 lowerbound=1 fileNameGp=../graphsdb/mcs70/m2D/m2Dr4/mcs70_m2Dr4_s80.A64 fileNameGt=../graphsdb/mcs70/m2D/m2Dr4/mcs70_m2Dr4_s80.B64
Reading graphs...
80 : 174
80 : 174
Initializing...
maxdom : 10
D->valSize : 439
Solving...
Blb : 3 (clique : 34)
currentSize : 34 <-- 0.004519 s
currentSize : 42 <-- 0.004768 s
currentSize : 43 <-- 0.020366 s
currentSize : 44 <-- 0.023874 s
currentSize : 45 <-- 0.028468 s
currentSize : 46 <-- 0.063567 s
currentSize : 47 <-- 3.982811 s
currentSize : 48 <-- 3.989319 s
currentSize : 49 <-- 4.041704 s
currentSize : 50 <-- 4.045718 s

maxsize : 50
nodes : 209909075.000000
filtered : 1098221060.000000
time : 990.143799
