Parameters: GAD=1 vflib=1 dir=1 label=1 lowerbound=1 fileNameGp=../graphsdb/mcs70/rand/r005/mcs70_r005_s70.A72 fileNameGt=../graphsdb/mcs70/rand/r005/mcs70_r005_s70.B72
Reading graphs...
70 : 240
70 : 240
Initializing...
maxdom : 10
D->valSize : 357
Solving...
Blb : 2 (clique : 25)
currentSize : 25 <-- 0.003012 s
currentSize : 26 <-- 0.003209 s
currentSize : 29 <-- 0.003350 s
currentSize : 31 <-- 0.003614 s
currentSize : 36 <-- 0.008301 s
currentSize : 42 <-- 0.013029 s
currentSize : 46 <-- 0.034035 s
currentSize : 49 <-- 0.034215 s

maxsize : 49
nodes : 16312.000000
filtered : 167873.000000
time : 0.089115
