Parameters: GAD=1 vflib=1 dir=1 label=1 lowerbound=1 fileNameGp=../graphsdb/mcs70/rand/r001/mcs70_r001_s100.A22 fileNameGt=../graphsdb/mcs70/rand/r001/mcs70_r001_s100.B22
Reading graphs...
100 : 120
100 : 120
Initializing...
maxdom : 6
D->valSize : 365
Solving...
Blb : 2 (clique : 55)
currentSize : 55 <-- 0.006741 s
currentSize : 56 <-- 0.007460 s
currentSize : 57 <-- 1.239690 s
currentSize : 58 <-- 1.639901 s
currentSize : 59 <-- 2.553260 s
currentSize : 60 <-- 3.580541 s
currentSize : 61 <-- 3.810557 s
currentSize : 62 <-- 3.821870 s
currentSize : 63 <-- 4.126089 s
currentSize : 64 <-- 4.146740 s
currentSize : 65 <-- 4.430607 s
currentSize : 66 <-- 5.569603 s
currentSize : 67 <-- 5.581893 s
currentSize : 68 <-- 5.587835 s
currentSize : 69 <-- 5.611130 s
currentSize : 70 <-- 5.617461 s

maxsize : 70
nodes : 2182295.000000
filtered : 7229531.000000
time : 11.673192
