Parameters: GAD=1 vflib=1 dir=1 label=1 lowerbound=1 fileNameGp=../graphsdb/mcs70/bvg/b03m/mcs70_b03m_s50.A88 fileNameGt=../graphsdb/mcs70/bvg/b03m/mcs70_b03m_s50.B88
Reading graphs...
50 : 75
50 : 75
Initializing...
maxdom : 12
D->valSize : 374
Solving...
Blb : 2 (clique : 26)
currentSize : 26 <-- 0.003039 s
currentSize : 28 <-- 0.003263 s
currentSize : 29 <-- 0.015275 s
currentSize : 30 <-- 0.244636 s
currentSize : 32 <-- 5.616088 s
currentSize : 33 <-- 5.616156 s
currentSize : 34 <-- 5.616474 s
currentSize : 35 <-- 5.616547 s
currentSize : 36 <-- 5.642343 s

maxsize : 36
nodes : 1627378.000000
filtered : 15594728.000000
time : 7.458442
