Parameters: GAD=1 vflib=1 dir=1 label=1 lowerbound=1 fileNameGp=../graphsdb/mcs70/bvg/b03m/mcs70_b03m_s20.A15 fileNameGt=../graphsdb/mcs70/bvg/b03m/mcs70_b03m_s20.B15
Reading graphs...
20 : 30
20 : 30
Initializing...
maxdom : 7
D->valSize : 113
Solving...
Blb : 2 (clique : 7)
currentSize : 7 <-- 0.000697 s
currentSize : 9 <-- 0.000738 s
currentSize : 11 <-- 0.000777 s
currentSize : 12 <-- 0.001284 s
currentSize : 14 <-- 0.003180 s

maxsize : 14
nodes : 924.000000
filtered : 9460.000000
time : 0.003539
