Parameters: GAD=1 vflib=1 dir=1 label=1 lowerbound=1 fileNameGp=../graphsdb/mcs70/rand/r005/mcs70_r005_s80.A30 fileNameGt=../graphsdb/mcs70/rand/r005/mcs70_r005_s80.B30
Reading graphs...
80 : 315
80 : 315
Initializing...
maxdom : 8
D->valSize : 444
Solving...
Blb : 2 (clique : 34)
currentSize : 34 <-- 0.004307 s
currentSize : 37 <-- 0.004544 s
currentSize : 40 <-- 0.004670 s
currentSize : 45 <-- 0.005045 s
currentSize : 49 <-- 0.096161 s
currentSize : 56 <-- 0.096740 s

maxsize : 56
nodes : 48591.000000
filtered : 462032.000000
time : 0.260356
