Parameters: GAD=1 vflib=1 dir=1 label=1 lowerbound=1 fileNameGp=../graphsdb/mcs70/m2D/m2Dr2/mcs70_m2Dr2_s80.A75 fileNameGt=../graphsdb/mcs70/m2D/m2Dr2/mcs70_m2Dr2_s80.B75
Reading graphs...
80 : 158
80 : 157
Initializing...
maxdom : 8
D->valSize : 423
Solving...
Blb : 2 (clique : 27)
currentSize : 27 <-- 0.004280 s
currentSize : 39 <-- 0.004518 s
currentSize : 40 <-- 0.063790 s
currentSize : 41 <-- 3.317950 s
currentSize : 42 <-- 3.319047 s
currentSize : 43 <-- 3.328502 s
currentSize : 46 <-- 1469.284058 s
currentSize : 47 <-- 1469.284424 s
currentSize : 48 <-- 1572.512451 s
currentSize : 49 <-- 1572.513062 s
currentSize : 50 <-- 1572.541382 s
currentSize : 51 <-- 1572.541992 s

maxsize : 51
nodes : 305520619.000000
filtered : 2515502479.000000
time : 1690.457764
