Parameters: GAD=1 vflib=1 dir=1 label=1 lowerbound=1 fileNameGp=../graphsdb/mcs70/m2D/m2Dr2/mcs70_m2Dr2_s100.A71 fileNameGt=../graphsdb/mcs70/m2D/m2Dr2/mcs70_m2Dr2_s100.B71
Reading graphs...
100 : 200
100 : 200
Initializing...
maxdom : 6
D->valSize : 359
Solving...
Blb : 3 (clique : 38)
currentSize : 38 <-- 0.003858 s
currentSize : 39 <-- 11.784460 s
currentSize : 40 <-- 355.960052 s
currentSize : 41 <-- 404.530060 s
currentSize : 42 <-- 655.840149 s
currentSize : 43 <-- 692.622742 s
currentSize : 44 <-- 692.622925 s
currentSize : 45 <-- 692.632141 s
currentSize : 46 <-- 693.128967 s
currentSize : 47 <-- 790.507263 s
currentSize : 48 <-- 889.077515 s
currentSize : 49 <-- 889.665405 s
currentSize : 50 <-- 1005.772766 s
currentSize : 51 <-- 1006.266663 s
currentSize : 52 <-- 1373.782104 s
currentSize : 53 <-- 2214.813721 s
currentSize : 54 <-- 2829.954590 s
currentSize : 55 <-- 2829.954590 s
currentSize : 56 <-- 2829.978271 s
currentSize : 57 <-- 2829.978516 s
currentSize : 58 <-- 2839.986572 s
currentSize : 59 <-- 2843.147705 s

TIMEOUT
maxsize : 59
nodes : 703362424.000000
filtered : 2530900440.000000
time : 3600.000000
