Parameters: GAD=1 vflib=1 dir=1 label=1 lowerbound=1 fileNameGp=../graphsdb/mcs70/rand/r02/mcs70_r02_s80.A06 fileNameGt=../graphsdb/mcs70/rand/r02/mcs70_r02_s80.B06
Reading graphs...
80 : 1263
80 : 1263
Initializing...
maxdom : 9
D->valSize : 461
Solving...
Blb : 2 (clique : 9)
currentSize : 9 <-- 0.004410 s
currentSize : 10 <-- 0.007198 s
currentSize : 11 <-- 0.007687 s
currentSize : 13 <-- 0.008159 s
currentSize : 17 <-- 0.009575 s
currentSize : 24 <-- 0.010582 s
currentSize : 28 <-- 0.012810 s
currentSize : 35 <-- 0.015473 s
currentSize : 56 <-- 0.015889 s

maxsize : 56
nodes : 2255.000000
filtered : 56049.000000
time : 0.018174
