Parameters: GAD=1 vflib=1 dir=1 label=1 lowerbound=1 fileNameGp=../graphsdb/mcs70/m2D/m2Dr2/mcs70_m2Dr2_s90.A70 fileNameGt=../graphsdb/mcs70/m2D/m2Dr2/mcs70_m2Dr2_s90.B70
Reading graphs...
90 : 179
90 : 178
Initializing...
maxdom : 11
D->valSize : 597
Solving...
Blb : 2 (clique : 51)
currentSize : 51 <-- 0.007572 s
currentSize : 53 <-- 0.007925 s
currentSize : 54 <-- 0.008268 s
currentSize : 55 <-- 75.086754 s
currentSize : 58 <-- 75.086899 s
currentSize : 59 <-- 187.909683 s
currentSize : 64 <-- 272.764862 s

maxsize : 64
nodes : 59354456.000000
filtered : 468279656.000000
time : 337.378998
