Parameters: GAD=1 vflib=1 dir=1 label=1 lowerbound=1 fileNameGp=../graphsdb/mcs70/rand/r005/mcs70_r005_s100.A67 fileNameGt=../graphsdb/mcs70/rand/r005/mcs70_r005_s100.B67
Reading graphs...
100 : 494
100 : 494
Initializing...
maxdom : 7
D->valSize : 381
Solving...
Blb : 2 (clique : 23)
currentSize : 23 <-- 0.006152 s
currentSize : 24 <-- 0.007749 s
currentSize : 26 <-- 0.008216 s
currentSize : 27 <-- 0.018038 s
currentSize : 28 <-- 0.020798 s
currentSize : 29 <-- 0.034868 s
currentSize : 31 <-- 0.136433 s
currentSize : 32 <-- 0.136709 s
currentSize : 33 <-- 0.136886 s
currentSize : 34 <-- 0.137111 s
currentSize : 35 <-- 0.197877 s
currentSize : 37 <-- 0.199697 s
currentSize : 40 <-- 0.199852 s
currentSize : 43 <-- 0.203886 s
currentSize : 45 <-- 0.265460 s
currentSize : 49 <-- 0.335776 s
currentSize : 52 <-- 0.446511 s
currentSize : 56 <-- 0.446771 s
currentSize : 60 <-- 0.610800 s
currentSize : 61 <-- 0.774181 s
currentSize : 70 <-- 0.774628 s

maxsize : 70
nodes : 172897.000000
filtered : 1170046.000000
time : 1.047986
