Parameters: GAD=1 vflib=1 dir=1 label=1 lowerbound=1 fileNameGp=../graphsdb/mcs70/bvg/b09m/mcs70_b09m_s80.A12 fileNameGt=../graphsdb/mcs70/bvg/b09m/mcs70_b09m_s80.B12
Reading graphs...
80 : 360
80 : 360
Initializing...
maxdom : 8
D->valSize : 434
Solving...
Blb : 3 (clique : 36)
currentSize : 36 <-- 0.004142 s
currentSize : 40 <-- 0.004573 s
currentSize : 46 <-- 0.007324 s
currentSize : 52 <-- 0.007583 s
currentSize : 54 <-- 0.268967 s
currentSize : 56 <-- 0.642943 s

maxsize : 56
nodes : 216497.000000
filtered : 2003561.000000
time : 1.137932
