Parameters: GAD=1 vflib=1 dir=1 label=1 lowerbound=1 fileNameGp=../graphsdb/mcs70/m4D/m4Dr6/mcs70_m4Dr6_s25.A07 fileNameGt=../graphsdb/mcs70/m4D/m4Dr6/mcs70_m4Dr6_s25.B07
Reading graphs...
25 : 62
25 : 60
Initializing...
maxdom : 10
D->valSize : 182
Solving...
Blb : 5 (clique : 10)
currentSize : 10 <-- 0.000927 s
currentSize : 11 <-- 0.001063 s
currentSize : 12 <-- 0.007193 s
currentSize : 13 <-- 0.010577 s
currentSize : 15 <-- 0.011995 s
currentSize : 16 <-- 0.012035 s

maxsize : 16
nodes : 3030.000000
filtered : 47924.000000
time : 0.013104
