Parameters: GAD=1 vflib=1 dir=1 label=1 lowerbound=1 fileNameGp=../graphsdb/mcs70/rand/r01/mcs70_r01_s80.A98 fileNameGt=../graphsdb/mcs70/rand/r01/mcs70_r01_s80.B98
Reading graphs...
80 : 631
80 : 631
Initializing...
maxdom : 12
D->valSize : 493
Solving...
Blb : 2 (clique : 33)
currentSize : 33 <-- 0.004900 s
currentSize : 37 <-- 0.022042 s
currentSize : 39 <-- 0.048063 s
currentSize : 40 <-- 0.048737 s
currentSize : 56 <-- 0.048966 s

maxsize : 56
nodes : 8457.000000
filtered : 177160.000000
time : 0.062200
