Parameters: GAD=1 vflib=1 dir=1 label=1 lowerbound=1 fileNameGp=../graphsdb/mcs70/m2D/m2Dr4/mcs70_m2Dr4_s80.A91 fileNameGt=../graphsdb/mcs70/m2D/m2Dr4/mcs70_m2Dr4_s80.B91
Reading graphs...
80 : 174
80 : 174
Initializing...
maxdom : 8
D->valSize : 423
Solving...
Blb : 2 (clique : 37)
currentSize : 37 <-- 0.007724 s
currentSize : 39 <-- 0.008396 s
currentSize : 40 <-- 0.151324 s
currentSize : 42 <-- 0.801534 s
currentSize : 44 <-- 0.801638 s
currentSize : 45 <-- 0.985258 s
currentSize : 48 <-- 67.382515 s
currentSize : 49 <-- 67.712784 s
currentSize : 50 <-- 67.713158 s

maxsize : 50
nodes : 48185381.000000
filtered : 279487267.000000
time : 232.654663
