Parameters: GAD=1 vflib=1 dir=1 label=1 lowerbound=1 fileNameGp=../graphsdb/mcs70/rand/r01/mcs70_r01_s40.A33 fileNameGt=../graphsdb/mcs70/rand/r01/mcs70_r01_s40.B33
Reading graphs...
40 : 155
40 : 155
Initializing...
maxdom : 6
D->valSize : 210
Solving...
Blb : 2 (clique : 11)
currentSize : 11 <-- 0.001199 s
currentSize : 12 <-- 0.001262 s
currentSize : 14 <-- 0.001319 s
currentSize : 17 <-- 0.001469 s
currentSize : 20 <-- 0.001502 s
currentSize : 21 <-- 0.003398 s
currentSize : 22 <-- 0.004574 s
currentSize : 28 <-- 0.004649 s

maxsize : 28
nodes : 911.000000
filtered : 15856.000000
time : 0.005201
