Parameters: GAD=1 vflib=1 dir=1 label=1 lowerbound=1 fileNameGp=../graphsdb/mcs70/m2D/m2D/mcs70_m2D_s70.A27 fileNameGt=../graphsdb/mcs70/m2D/m2D/mcs70_m2D_s70.B27
Reading graphs...
70 : 123
70 : 123
Initializing...
maxdom : 7
D->valSize : 318
Solving...
Blb : 2 (clique : 37)
currentSize : 37 <-- 0.002833 s
currentSize : 41 <-- 0.003119 s
currentSize : 44 <-- 0.016987 s
currentSize : 48 <-- 0.021159 s
currentSize : 49 <-- 0.023851 s
currentSize : 50 <-- 0.414165 s

maxsize : 50
nodes : 155946.000000
filtered : 875551.000000
time : 0.733352
