Parameters: GAD=1 vflib=1 dir=1 label=1 lowerbound=1 fileNameGp=../graphsdb/mcs70/m2D/m2D/mcs70_m2D_s50.A34 fileNameGt=../graphsdb/mcs70/m2D/m2D/mcs70_m2D_s50.B34
Reading graphs...
50 : 85
50 : 85
Initializing...
maxdom : 8
D->valSize : 324
Solving...
Blb : 2 (clique : 24)
currentSize : 24 <-- 0.002525 s
currentSize : 25 <-- 0.377449 s
currentSize : 26 <-- 0.392658 s
currentSize : 27 <-- 0.402346 s
currentSize : 28 <-- 0.441102 s
currentSize : 30 <-- 0.484795 s
currentSize : 33 <-- 0.500397 s
currentSize : 34 <-- 0.634714 s
currentSize : 36 <-- 0.634815 s

maxsize : 36
nodes : 161012.000000
filtered : 1668289.000000
time : 0.781914
