Parameters: GAD=1 vflib=1 dir=1 label=1 lowerbound=1 fileNameGp=../graphsdb/mcs70/m2D/m2Dr6/mcs70_m2Dr6_s70.A13 fileNameGt=../graphsdb/mcs70/m2D/m2Dr6/mcs70_m2Dr6_s70.B13
Reading graphs...
70 : 165
70 : 165
Initializing...
maxdom : 10
D->valSize : 385
Solving...
Blb : 2 (clique : 37)
currentSize : 37 <-- 0.003639 s
currentSize : 39 <-- 0.006088 s
currentSize : 40 <-- 0.006355 s
currentSize : 41 <-- 0.016247 s
currentSize : 42 <-- 0.016477 s
currentSize : 46 <-- 0.140041 s
currentSize : 49 <-- 1.211272 s

maxsize : 49
nodes : 434703.000000
filtered : 2465825.000000
time : 1.953086
