Parameters: GAD=1 vflib=1 dir=1 label=1 lowerbound=1 fileNameGp=../graphsdb/mcs70/m3D/m3D/mcs70_m3D_s40.A27 fileNameGt=../graphsdb/mcs70/m3D/m3D/mcs70_m3D_s40.B27
Reading graphs...
40 : 84
40 : 84
Initializing...
maxdom : 8
D->valSize : 220
Solving...
Blb : 2 (clique : 18)
currentSize : 18 <-- 0.001340 s
currentSize : 19 <-- 0.006236 s
currentSize : 21 <-- 0.008993 s
currentSize : 23 <-- 0.009379 s
currentSize : 24 <-- 0.014085 s
currentSize : 25 <-- 0.014130 s
currentSize : 27 <-- 0.019345 s

maxsize : 27
nodes : 8019.000000
filtered : 56158.000000
time : 0.029528
