Parameters: GAD=1 vflib=1 dir=1 label=1 lowerbound=1 fileNameGp=../graphsdb/mcs70/m2D/m2Dr4/mcs70_m2Dr4_s70.A62 fileNameGt=../graphsdb/mcs70/m2D/m2Dr4/mcs70_m2Dr4_s70.B62
Reading graphs...
70 : 151
70 : 149
Initializing...
maxdom : 8
D->valSize : 351
Solving...
Blb : 2 (clique : 43)
currentSize : 43 <-- 0.003209 s
currentSize : 44 <-- 0.003503 s
currentSize : 45 <-- 2.759692 s
currentSize : 46 <-- 3.263678 s
currentSize : 47 <-- 3.263793 s
currentSize : 48 <-- 3.265657 s
currentSize : 49 <-- 7.520517 s

maxsize : 49
nodes : 2300621.000000
filtered : 11635511.000000
time : 10.249248
