Parameters: GAD=1 vflib=1 dir=1 label=1 lowerbound=1 fileNameGp=../graphsdb/mcs70/rand/r02/mcs70_r02_s100.A54 fileNameGt=../graphsdb/mcs70/rand/r02/mcs70_r02_s100.B54
Reading graphs...
100 : 1979
100 : 1979
Initializing...
maxdom : 9
D->valSize : 408
Solving...
Blb : 2 (clique : 9)
currentSize : 9 <-- 0.004186 s
currentSize : 15 <-- 0.004386 s
currentSize : 18 <-- 0.006070 s
currentSize : 30 <-- 0.006215 s
currentSize : 37 <-- 0.008043 s
currentSize : 70 <-- 0.008606 s

maxsize : 70
nodes : 1038.000000
filtered : 22904.000000
time : 0.011129
