Parameters: GAD=1 vflib=1 dir=1 label=1 lowerbound=1 fileNameGp=../graphsdb/mcs70/bvg/b06/mcs70_b06_s70.A97 fileNameGt=../graphsdb/mcs70/bvg/b06/mcs70_b06_s70.B97
Reading graphs...
70 : 210
70 : 210
Initializing...
maxdom : 7
D->valSize : 335
Solving...
Blb : 3 (clique : 39)
currentSize : 39 <-- 0.003119 s
currentSize : 41 <-- 1.396027 s
currentSize : 42 <-- 1.396431 s
currentSize : 43 <-- 1.401092 s
currentSize : 44 <-- 1.401438 s
currentSize : 47 <-- 3.238216 s
currentSize : 49 <-- 3.754744 s

maxsize : 49
nodes : 820033.000000
filtered : 6403839.000000
time : 4.156287
