Parameters: GAD=1 vflib=1 dir=1 label=1 lowerbound=1 fileNameGp=../graphsdb/mcs70/bvg/b06/mcs70_b06_s60.A16 fileNameGt=../graphsdb/mcs70/bvg/b06/mcs70_b06_s60.B16
Reading graphs...
60 : 180
60 : 180
Initializing...
maxdom : 9
D->valSize : 255
Solving...
Blb : 2 (clique : 27)
currentSize : 27 <-- 0.002029 s
currentSize : 31 <-- 0.002240 s
currentSize : 32 <-- 0.002399 s
currentSize : 37 <-- 0.002539 s
currentSize : 42 <-- 0.151772 s

maxsize : 42
nodes : 46736.000000
filtered : 240709.000000
time : 0.184210
