Parameters: GAD=1 vflib=1 dir=1 label=1 lowerbound=1 fileNameGp=../graphsdb/mcs70/bvg/b03m/mcs70_b03m_s50.A27 fileNameGt=../graphsdb/mcs70/bvg/b03m/mcs70_b03m_s50.B27
Reading graphs...
50 : 75
50 : 75
Initializing...
maxdom : 11
D->valSize : 360
Solving...
Blb : 2 (clique : 29)
currentSize : 29 <-- 0.002723 s
currentSize : 30 <-- 0.002897 s
currentSize : 31 <-- 0.003106 s
currentSize : 32 <-- 5.424968 s
currentSize : 33 <-- 5.425060 s
currentSize : 34 <-- 5.425466 s
currentSize : 35 <-- 5.425655 s

maxsize : 35
nodes : 1489734.000000
filtered : 12623817.000000
time : 6.584663
