Parameters: GAD=1 vflib=1 dir=1 label=1 lowerbound=1 fileNameGp=../graphsdb/mcs70/rand/r02/mcs70_r02_s50.A50 fileNameGt=../graphsdb/mcs70/rand/r02/mcs70_r02_s50.B50
Reading graphs...
50 : 489
50 : 489
Initializing...
maxdom : 8
D->valSize : 336
Solving...
Blb : 2 (clique : 9)
currentSize : 9 <-- 0.002298 s
currentSize : 10 <-- 0.002396 s
currentSize : 20 <-- 0.002759 s
currentSize : 22 <-- 0.003271 s
currentSize : 35 <-- 0.003885 s

maxsize : 35
nodes : 516.000000
filtered : 18174.000000
time : 0.005132
