Parameters: GAD=1 vflib=1 dir=1 label=1 lowerbound=1 fileNameGp=../graphsdb/mcs70/m2D/m2D/mcs70_m2D_s100.A24 fileNameGt=../graphsdb/mcs70/m2D/m2D/mcs70_m2D_s100.B24
Reading graphs...
100 : 180
100 : 180
Initializing...
maxdom : 7
D->valSize : 395
Solving...
Blb : 2 (clique : 46)
currentSize : 46 <-- 0.004283 s
currentSize : 47 <-- 0.007039 s
currentSize : 48 <-- 0.231226 s
currentSize : 49 <-- 1.376611 s
currentSize : 51 <-- 40.978802 s
currentSize : 52 <-- 40.979836 s
currentSize : 53 <-- 41.000080 s
currentSize : 54 <-- 43.572445 s
currentSize : 55 <-- 273.680054 s
currentSize : 57 <-- 359.788361 s
currentSize : 59 <-- 359.790802 s
currentSize : 60 <-- 359.895966 s
currentSize : 62 <-- 652.518860 s
currentSize : 63 <-- 652.528748 s
currentSize : 64 <-- 652.604797 s

TIMEOUT
maxsize : 64
nodes : 761855246.000000
filtered : 2136227203.000000
time : 3600.000000
