Parameters: GAD=1 vflib=1 dir=1 label=1 lowerbound=1 fileNameGp=../graphsdb/mcs70/m2D/m2Dr2/mcs70_m2Dr2_s60.A08 fileNameGt=../graphsdb/mcs70/m2D/m2Dr2/mcs70_m2Dr2_s60.B08
Reading graphs...
60 : 116
60 : 116
Initializing...
maxdom : 9
D->valSize : 262
Solving...
Blb : 2 (clique : 30)
currentSize : 30 <-- 0.001937 s
currentSize : 31 <-- 0.670373 s
currentSize : 32 <-- 2.783374 s
currentSize : 33 <-- 4.424370 s
currentSize : 35 <-- 5.091724 s
currentSize : 36 <-- 5.091892 s

maxsize : 36
nodes : 2268490.000000
filtered : 10874753.000000
time : 8.794762
