Parameters: GAD=1 vflib=1 dir=1 label=1 lowerbound=1 fileNameGp=../graphsdb/mcs70/rand/r02/mcs70_r02_s30.A41 fileNameGt=../graphsdb/mcs70/rand/r02/mcs70_r02_s30.B41
Reading graphs...
30 : 173
30 : 173
Initializing...
maxdom : 8
D->valSize : 133
Solving...
Blb : 3 (clique : 8)
currentSize : 8 <-- 0.000708 s
currentSize : 9 <-- 0.000875 s
currentSize : 12 <-- 0.000995 s
currentSize : 13 <-- 0.001470 s
currentSize : 21 <-- 0.001750 s

maxsize : 21
nodes : 361.000000
filtered : 4465.000000
time : 0.002071
