Parameters: GAD=1 vflib=1 dir=1 label=1 lowerbound=1 fileNameGp=../graphsdb/mcs70/m2D/m2D/mcs70_m2D_s50.A26 fileNameGt=../graphsdb/mcs70/m2D/m2D/mcs70_m2D_s50.B26
Reading graphs...
50 : 85
50 : 85
Initializing...
maxdom : 11
D->valSize : 375
Solving...
Blb : 2 (clique : 28)
currentSize : 28 <-- 0.003036 s
currentSize : 30 <-- 0.003196 s
currentSize : 31 <-- 0.003279 s
currentSize : 34 <-- 0.003314 s
currentSize : 36 <-- 0.003596 s

maxsize : 36
nodes : 23196.000000
filtered : 273506.000000
time : 0.116939
