Parameters: GAD=1 vflib=1 dir=1 label=1 lowerbound=1 fileNameGp=../graphsdb/mcs70/m2D/m2Dr6/mcs70_m2Dr6_s70.A02 fileNameGt=../graphsdb/mcs70/m2D/m2Dr6/mcs70_m2Dr6_s70.B02
Reading graphs...
70 : 165
70 : 163
Initializing...
maxdom : 9
D->valSize : 335
Solving...
Blb : 3 (clique : 25)
currentSize : 25 <-- 0.004597 s
currentSize : 26 <-- 2.242982 s
currentSize : 27 <-- 5.411761 s
currentSize : 28 <-- 7.989316 s
currentSize : 29 <-- 7.991330 s
currentSize : 30 <-- 11.580521 s
currentSize : 31 <-- 12.994889 s
currentSize : 32 <-- 14.232378 s
currentSize : 33 <-- 14.235410 s
currentSize : 34 <-- 18.018896 s
currentSize : 36 <-- 18.197599 s
currentSize : 38 <-- 18.206562 s
currentSize : 40 <-- 22.352688 s
currentSize : 41 <-- 22.353306 s
currentSize : 43 <-- 22.358408 s
currentSize : 44 <-- 25.031116 s
currentSize : 47 <-- 25.044174 s
currentSize : 48 <-- 25.044403 s
currentSize : 49 <-- 25.044872 s

maxsize : 49
nodes : 5584025.000000
filtered : 34282949.000000
time : 25.347250
