Parameters: GAD=1 vflib=1 dir=1 label=1 lowerbound=1 fileNameGp=../graphsdb/mcs70/m2D/m2Dr2/mcs70_m2Dr2_s100.A68 fileNameGt=../graphsdb/mcs70/m2D/m2Dr2/mcs70_m2Dr2_s100.B68
Reading graphs...
100 : 200
100 : 200
Initializing...
maxdom : 7
D->valSize : 382
Solving...
Blb : 2 (clique : 50)
currentSize : 50 <-- 0.004525 s
currentSize : 54 <-- 0.007845 s
currentSize : 55 <-- 0.071506 s
currentSize : 56 <-- 1002.112061 s
currentSize : 57 <-- 1002.124695 s
currentSize : 58 <-- 1495.482422 s
currentSize : 59 <-- 1495.615356 s
currentSize : 60 <-- 1496.819458 s
currentSize : 61 <-- 1496.891846 s
currentSize : 62 <-- 2788.071533 s
currentSize : 63 <-- 2788.412109 s
currentSize : 64 <-- 2788.422119 s

TIMEOUT
maxsize : 64
nodes : 754042716.000000
filtered : 2154615708.000000
time : 3600.000000
