Parameters: GAD=1 vflib=1 dir=1 label=1 lowerbound=1 fileNameGp=../graphsdb/mcs70/m2D/m2D/mcs70_m2D_s70.A95 fileNameGt=../graphsdb/mcs70/m2D/m2D/mcs70_m2D_s70.B95
Reading graphs...
70 : 123
70 : 123
Initializing...
maxdom : 7
D->valSize : 355
Solving...
Blb : 2 (clique : 39)
currentSize : 39 <-- 0.005210 s
currentSize : 40 <-- 0.005751 s
currentSize : 41 <-- 0.006054 s
currentSize : 42 <-- 0.006302 s
currentSize : 43 <-- 0.006601 s
currentSize : 44 <-- 0.006834 s
currentSize : 45 <-- 0.007201 s
currentSize : 46 <-- 0.007581 s
currentSize : 47 <-- 0.008032 s
currentSize : 48 <-- 0.008384 s
currentSize : 49 <-- 0.008919 s
currentSize : 50 <-- 0.009615 s

maxsize : 50
nodes : 1939686.000000
filtered : 8444907.000000
time : 8.417751
