Parameters: GAD=1 vflib=1 dir=1 label=1 lowerbound=1 fileNameGp=../graphsdb/mcs70/bvg/b09/mcs70_b09_s50.A26 fileNameGt=../graphsdb/mcs70/bvg/b09/mcs70_b09_s50.B26
Reading graphs...
50 : 225
50 : 225
Initializing...
maxdom : 10
D->valSize : 355
Solving...
Blb : 2 (clique : 11)
currentSize : 11 <-- 0.002435 s
currentSize : 12 <-- 0.002656 s
currentSize : 13 <-- 0.008867 s
currentSize : 15 <-- 0.011930 s
currentSize : 16 <-- 0.012142 s
currentSize : 17 <-- 0.012202 s
currentSize : 21 <-- 0.019938 s
currentSize : 24 <-- 0.032221 s
currentSize : 29 <-- 0.044713 s
currentSize : 34 <-- 0.044848 s

maxsize : 34
nodes : 16322.000000
filtered : 162427.000000
time : 0.069558
