Parameters: GAD=1 vflib=1 dir=1 label=1 lowerbound=1 fileNameGp=../graphsdb/mcs70/m2D/m2D/mcs70_m2D_s60.A75 fileNameGt=../graphsdb/mcs70/m2D/m2D/mcs70_m2D_s60.B75
Reading graphs...
60 : 104
60 : 104
Initializing...
maxdom : 9
D->valSize : 275
Solving...
Blb : 2 (clique : 28)
currentSize : 28 <-- 0.002105 s
currentSize : 29 <-- 2.480223 s
currentSize : 30 <-- 15.987456 s
currentSize : 33 <-- 19.790888 s
currentSize : 34 <-- 24.543268 s
currentSize : 35 <-- 27.187391 s
currentSize : 36 <-- 33.172516 s

maxsize : 36
nodes : 7533607.000000
filtered : 51310325.000000
time : 33.623547
