Parameters: GAD=1 vflib=1 dir=1 label=1 lowerbound=1 fileNameGp=../graphsdb/mcs70/rand/r005/mcs70_r005_s100.A03 fileNameGt=../graphsdb/mcs70/rand/r005/mcs70_r005_s100.B03
Reading graphs...
100 : 494
100 : 494
Initializing...
maxdom : 8
D->valSize : 391
Solving...
Blb : 2 (clique : 25)
currentSize : 25 <-- 0.007326 s
currentSize : 27 <-- 0.008813 s
currentSize : 28 <-- 0.009008 s
currentSize : 30 <-- 0.010568 s
currentSize : 31 <-- 0.010705 s
currentSize : 33 <-- 0.012236 s
currentSize : 37 <-- 0.014211 s
currentSize : 39 <-- 0.016322 s
currentSize : 43 <-- 0.016652 s
currentSize : 44 <-- 0.019804 s
currentSize : 48 <-- 0.019992 s
currentSize : 53 <-- 0.022670 s
currentSize : 59 <-- 0.023523 s
currentSize : 63 <-- 0.036346 s
currentSize : 70 <-- 0.037694 s

maxsize : 70
nodes : 57736.000000
filtered : 442640.000000
time : 0.357556
