Parameters: GAD=1 vflib=1 dir=1 label=1 lowerbound=1 fileNameGp=../graphsdb/mcs70/bvg/b06m/mcs70_b06m_s40.A66 fileNameGt=../graphsdb/mcs70/bvg/b06m/mcs70_b06m_s40.B66
Reading graphs...
40 : 120
40 : 120
Initializing...
maxdom : 7
D->valSize : 208
Solving...
Blb : 2 (clique : 12)
currentSize : 12 <-- 0.001283 s
currentSize : 14 <-- 0.002925 s
currentSize : 15 <-- 0.005349 s
currentSize : 16 <-- 0.009911 s
currentSize : 17 <-- 0.009977 s
currentSize : 18 <-- 0.015392 s
currentSize : 19 <-- 0.019268 s
currentSize : 21 <-- 0.019410 s
currentSize : 24 <-- 0.019564 s
currentSize : 26 <-- 0.025971 s
currentSize : 28 <-- 0.028401 s

maxsize : 28
nodes : 10093.000000
filtered : 83629.000000
time : 0.035877
