Parameters: GAD=1 vflib=1 dir=1 label=1 lowerbound=1 fileNameGp=../graphsdb/mcs70/m3D/m3Dr6/mcs70_m3Dr6_s100.A06 fileNameGt=../graphsdb/mcs70/m3D/m3Dr6/mcs70_m3Dr6_s100.B06
Reading graphs...
100 : 295
100 : 293
Initializing...
maxdom : 7
D->valSize : 364
Solving...
Blb : 3 (clique : 45)
currentSize : 45 <-- 0.006236 s
currentSize : 46 <-- 0.006970 s
currentSize : 48 <-- 0.008048 s
currentSize : 49 <-- 0.008642 s
currentSize : 51 <-- 0.008769 s
currentSize : 52 <-- 0.096164 s
currentSize : 57 <-- 0.103615 s
currentSize : 58 <-- 7.795468 s
currentSize : 60 <-- 13.189609 s
currentSize : 63 <-- 13.189983 s
currentSize : 64 <-- 16.790592 s

maxsize : 64
nodes : 7900645.000000
filtered : 36153102.000000
time : 42.887489
