Parameters: GAD=1 vflib=1 dir=1 label=1 lowerbound=1 fileNameGp=../graphsdb/mcs70/bvg/b09/mcs70_b09_s50.A42 fileNameGt=../graphsdb/mcs70/bvg/b09/mcs70_b09_s50.B42
Reading graphs...
50 : 225
50 : 225
Initializing...
maxdom : 8
D->valSize : 342
Solving...
Blb : 2 (clique : 21)
currentSize : 21 <-- 0.002350 s
currentSize : 23 <-- 0.002466 s
currentSize : 24 <-- 0.002820 s
currentSize : 31 <-- 0.020239 s
currentSize : 32 <-- 0.020482 s
currentSize : 34 <-- 0.020570 s

maxsize : 34
nodes : 12515.000000
filtered : 118105.000000
time : 0.053592
