Parameters: GAD=1 vflib=1 dir=1 label=1 lowerbound=1 fileNameGp=../graphsdb/mcs70/bvg/b06/mcs70_b06_s90.A89 fileNameGt=../graphsdb/mcs70/bvg/b06/mcs70_b06_s90.B89
Reading graphs...
90 : 270
90 : 270
Initializing...
maxdom : 9
D->valSize : 573
Solving...
Blb : 2 (clique : 38)
currentSize : 38 <-- 0.006922 s
currentSize : 39 <-- 0.822861 s
currentSize : 40 <-- 3.965453 s
currentSize : 41 <-- 31.138708 s
currentSize : 42 <-- 76.439377 s
currentSize : 43 <-- 76.440681 s
currentSize : 45 <-- 132.423309 s
currentSize : 47 <-- 132.546463 s
currentSize : 48 <-- 132.546646 s
currentSize : 49 <-- 132.546844 s
currentSize : 50 <-- 362.161407 s
currentSize : 54 <-- 466.953735 s
currentSize : 55 <-- 466.954071 s
currentSize : 56 <-- 466.954315 s
currentSize : 57 <-- 1528.846069 s
currentSize : 60 <-- 2278.412598 s
currentSize : 62 <-- 2278.412598 s
currentSize : 63 <-- 2278.413574 s

maxsize : 63
nodes : 610170508.000000
filtered : 4303177527.000000
time : 3191.343262
