Parameters: GAD=1 vflib=1 dir=1 label=1 lowerbound=1 fileNameGp=../graphsdb/mcs70/m3D/m3Dr2/mcs70_m3Dr2_s90.A18 fileNameGt=../graphsdb/mcs70/m3D/m3Dr2/mcs70_m3Dr2_s90.B18
Reading graphs...
90 : 227
90 : 227
Initializing...
maxdom : 10
D->valSize : 553
Solving...
Blb : 2 (clique : 42)
currentSize : 42 <-- 0.006582 s
currentSize : 43 <-- 106.660034 s
currentSize : 44 <-- 106.670876 s
currentSize : 45 <-- 242.034119 s
currentSize : 46 <-- 242.039810 s
currentSize : 47 <-- 298.388733 s
currentSize : 48 <-- 314.736389 s
currentSize : 49 <-- 338.081818 s
currentSize : 50 <-- 382.185791 s
currentSize : 51 <-- 382.186646 s
currentSize : 52 <-- 445.488495 s
currentSize : 53 <-- 615.182983 s
currentSize : 54 <-- 708.738403 s
currentSize : 57 <-- 729.454712 s
currentSize : 58 <-- 729.454956 s
currentSize : 59 <-- 973.998535 s
currentSize : 63 <-- 1234.733154 s
currentSize : 64 <-- 1234.737549 s

maxsize : 64
nodes : 259419905.000000
filtered : 1388367734.000000
time : 1299.089233
