Parameters: GAD=1 vflib=1 dir=1 label=1 lowerbound=1 fileNameGp=../graphsdb/mcs70/rand/r01/mcs70_r01_s25.A89 fileNameGt=../graphsdb/mcs70/rand/r01/mcs70_r01_s25.B89
Reading graphs...
25 : 59
25 : 59
Initializing...
maxdom : 9
D->valSize : 181
Solving...
Blb : 5 (clique : 9)
currentSize : 9 <-- 0.000917 s
currentSize : 10 <-- 0.000973 s
currentSize : 11 <-- 0.001166 s
currentSize : 12 <-- 0.001782 s
currentSize : 13 <-- 0.001794 s
currentSize : 17 <-- 0.002660 s

maxsize : 17
nodes : 687.000000
filtered : 9384.000000
time : 0.003343
