Parameters: GAD=1 vflib=1 dir=1 label=1 lowerbound=1 fileNameGp=../graphsdb/mcs70/bvg/b06m/mcs70_b06m_s35.A79 fileNameGt=../graphsdb/mcs70/bvg/b06m/mcs70_b06m_s35.B79
Reading graphs...
35 : 105
35 : 105
Initializing...
maxdom : 8
D->valSize : 166
Solving...
Blb : 3 (clique : 15)
currentSize : 15 <-- 0.000930 s
currentSize : 16 <-- 0.001538 s
currentSize : 17 <-- 0.001594 s
currentSize : 18 <-- 0.004838 s
currentSize : 24 <-- 0.006880 s

maxsize : 24
nodes : 2680.000000
filtered : 21790.000000
time : 0.009770
