Parameters: GAD=1 vflib=1 dir=1 label=1 lowerbound=1 fileNameGp=../graphsdb/mcs70/m2D/m2Dr2/mcs70_m2Dr2_s90.A94 fileNameGt=../graphsdb/mcs70/m2D/m2Dr2/mcs70_m2Dr2_s90.B94
Reading graphs...
90 : 179
90 : 178
Initializing...
maxdom : 11
D->valSize : 526
Solving...
Blb : 3 (clique : 37)
currentSize : 37 <-- 0.006159 s
currentSize : 50 <-- 0.006483 s
currentSize : 51 <-- 0.006565 s
currentSize : 52 <-- 0.006867 s
currentSize : 53 <-- 0.006951 s
currentSize : 54 <-- 0.010111 s
currentSize : 55 <-- 0.014087 s
currentSize : 59 <-- 0.163679 s
currentSize : 60 <-- 0.165622 s
currentSize : 61 <-- 0.166695 s
currentSize : 62 <-- 20.747721 s
currentSize : 63 <-- 20.751120 s
currentSize : 64 <-- 20.751921 s

maxsize : 64
nodes : 49960782.000000
filtered : 212138595.000000
time : 253.773758
