Parameters: GAD=1 vflib=1 dir=1 label=1 lowerbound=1 fileNameGp=../graphsdb/mcs70/m2D/m2Dr2/mcs70_m2Dr2_s90.A57 fileNameGt=../graphsdb/mcs70/m2D/m2Dr2/mcs70_m2Dr2_s90.B57
Reading graphs...
90 : 179
90 : 179
Initializing...
maxdom : 11
D->valSize : 540
Solving...
Blb : 2 (clique : 54)
currentSize : 54 <-- 0.006603 s
currentSize : 57 <-- 0.007019 s
currentSize : 60 <-- 0.009181 s
currentSize : 62 <-- 22.017626 s
currentSize : 65 <-- 22.028683 s

maxsize : 65
nodes : 5663965.000000
filtered : 41577297.000000
time : 33.061081
