Parameters: GAD=1 vflib=1 dir=1 label=1 lowerbound=1 fileNameGp=../graphsdb/mcs70/m2D/m2Dr2/mcs70_m2Dr2_s40.A84 fileNameGt=../graphsdb/mcs70/m2D/m2Dr2/mcs70_m2Dr2_s40.B84
Reading graphs...
40 : 75
40 : 74
Initializing...
maxdom : 10
D->valSize : 271
Solving...
Blb : 2 (clique : 15)
currentSize : 15 <-- 0.001709 s
currentSize : 16 <-- 0.002291 s
currentSize : 21 <-- 0.002996 s
currentSize : 22 <-- 0.003115 s
currentSize : 23 <-- 0.003161 s
currentSize : 25 <-- 0.029794 s

maxsize : 25
nodes : 28901.000000
filtered : 335268.000000
time : 0.120588
