Parameters: GAD=1 vflib=1 dir=1 label=1 lowerbound=1 fileNameGp=../graphsdb/mcs70/bvg/b06/mcs70_b06_s90.A99 fileNameGt=../graphsdb/mcs70/bvg/b06/mcs70_b06_s90.B99
Reading graphs...
90 : 270
90 : 270
Initializing...
maxdom : 11
D->valSize : 622
Solving...
Blb : 2 (clique : 45)
currentSize : 45 <-- 0.012878 s
currentSize : 46 <-- 0.013903 s
currentSize : 48 <-- 0.014090 s
currentSize : 49 <-- 0.014450 s
currentSize : 53 <-- 121.473068 s
currentSize : 58 <-- 236.937134 s
currentSize : 59 <-- 241.233826 s
currentSize : 63 <-- 334.852814 s

maxsize : 63
nodes : 54382797.000000
filtered : 603256227.000000
time : 348.918579
