Parameters: GAD=1 vflib=1 dir=1 label=1 lowerbound=1 fileNameGp=../graphsdb/mcs70/m3D/m3Dr6/mcs70_m3Dr6_s100.A33 fileNameGt=../graphsdb/mcs70/m3D/m3Dr6/mcs70_m3Dr6_s100.B33
Reading graphs...
100 : 295
100 : 295
Initializing...
maxdom : 5
D->valSize : 349
Solving...
Blb : 2 (clique : 52)
currentSize : 52 <-- 0.005877 s
currentSize : 58 <-- 0.032474 s
currentSize : 59 <-- 0.035467 s
currentSize : 63 <-- 0.201407 s
currentSize : 64 <-- 0.204306 s

maxsize : 64
nodes : 24501494.000000
filtered : 110882298.000000
time : 130.779907
