Parameters: GAD=1 vflib=1 dir=1 label=1 lowerbound=1 fileNameGp=../graphsdb/mcs70/bvg/b06m/mcs70_b06m_s50.A02 fileNameGt=../graphsdb/mcs70/bvg/b06m/mcs70_b06m_s50.B02
Reading graphs...
50 : 150
50 : 150
Initializing...
maxdom : 8
D->valSize : 329
Solving...
Blb : 3 (clique : 26)
currentSize : 26 <-- 0.003925 s
currentSize : 27 <-- 0.208471 s
currentSize : 28 <-- 0.208818 s
currentSize : 29 <-- 0.384074 s
currentSize : 30 <-- 0.384359 s
currentSize : 31 <-- 0.384459 s
currentSize : 32 <-- 0.475312 s
currentSize : 33 <-- 0.475425 s
currentSize : 34 <-- 0.475809 s
currentSize : 35 <-- 0.475936 s

maxsize : 35
nodes : 122124.000000
filtered : 1184249.000000
time : 0.556305
