Parameters: GAD=1 vflib=1 dir=1 label=1 lowerbound=1 fileNameGp=../graphsdb/mcs70/bvg/b09m/mcs70_b09m_s80.A09 fileNameGt=../graphsdb/mcs70/bvg/b09m/mcs70_b09m_s80.B09
Reading graphs...
80 : 360
80 : 360
Initializing...
maxdom : 13
D->valSize : 486
Solving...
Blb : 3 (clique : 46)
currentSize : 46 <-- 0.004972 s
currentSize : 47 <-- 0.059931 s
currentSize : 48 <-- 1.274676 s
currentSize : 51 <-- 1.275017 s
currentSize : 53 <-- 1.634484 s
currentSize : 56 <-- 1.634737 s

maxsize : 56
nodes : 478972.000000
filtered : 4420497.000000
time : 2.495889
