Parameters: GAD=1 vflib=1 dir=1 label=1 lowerbound=1 fileNameGp=../graphsdb/mcs70/m2D/m2Dr4/mcs70_m2Dr4_s100.A40 fileNameGt=../graphsdb/mcs70/m2D/m2Dr4/mcs70_m2Dr4_s100.B40
Reading graphs...
100 : 220
100 : 218
Initializing...
maxdom : 8
D->valSize : 372
Solving...
Blb : 2 (clique : 48)
currentSize : 48 <-- 0.004004 s
currentSize : 49 <-- 0.009393 s
currentSize : 50 <-- 0.009733 s
currentSize : 55 <-- 0.091516 s
currentSize : 56 <-- 0.092229 s
currentSize : 57 <-- 0.092605 s
currentSize : 58 <-- 0.191891 s
currentSize : 59 <-- 0.195690 s
currentSize : 60 <-- 0.196123 s
currentSize : 61 <-- 2.452604 s
currentSize : 62 <-- 2.453311 s
currentSize : 63 <-- 3.486826 s
currentSize : 64 <-- 3.488032 s

maxsize : 64
nodes : 7707678.000000
filtered : 33095397.000000
time : 40.489944
