Parameters: GAD=1 vflib=1 dir=1 label=1 lowerbound=1 fileNameGp=../graphsdb/mcs70/m2D/m2Dr6/mcs70_m2Dr6_s70.A09 fileNameGt=../graphsdb/mcs70/m2D/m2Dr6/mcs70_m2Dr6_s70.B09
Reading graphs...
70 : 165
70 : 164
Initializing...
maxdom : 7
D->valSize : 327
Solving...
Blb : 2 (clique : 27)
currentSize : 27 <-- 0.002905 s
currentSize : 33 <-- 0.003092 s
currentSize : 36 <-- 0.003151 s
currentSize : 38 <-- 0.003249 s
currentSize : 41 <-- 0.015174 s
currentSize : 43 <-- 0.876424 s
currentSize : 45 <-- 0.876581 s
currentSize : 46 <-- 3.447735 s
currentSize : 47 <-- 3.448051 s
currentSize : 48 <-- 5.965747 s
currentSize : 49 <-- 5.966297 s

maxsize : 49
nodes : 1856570.000000
filtered : 11181555.000000
time : 8.334438
