Parameters: GAD=1 vflib=1 dir=1 label=1 lowerbound=1 fileNameGp=../graphsdb/mcs70/rand/r02/mcs70_r02_s35.A74 fileNameGt=../graphsdb/mcs70/rand/r02/mcs70_r02_s35.B74
Reading graphs...
35 : 237
35 : 237
Initializing...
maxdom : 8
D->valSize : 167
Solving...
Blb : 2 (clique : 7)
currentSize : 7 <-- 0.001035 s
currentSize : 8 <-- 0.001328 s
currentSize : 9 <-- 0.001340 s
currentSize : 14 <-- 0.001808 s
currentSize : 24 <-- 0.001873 s

maxsize : 24
nodes : 336.000000
filtered : 5288.000000
time : 0.002416
