Parameters: GAD=1 vflib=1 dir=1 label=1 lowerbound=1 fileNameGp=../graphsdb/mcs70/m2D/m2Dr6/mcs70_m2Dr6_s60.A97 fileNameGt=../graphsdb/mcs70/m2D/m2Dr6/mcs70_m2Dr6_s60.B97
Reading graphs...
60 : 140
60 : 139
Initializing...
maxdom : 7
D->valSize : 262
Solving...
Blb : 2 (clique : 26)
currentSize : 26 <-- 0.001946 s
currentSize : 27 <-- 0.002242 s
currentSize : 28 <-- 0.002451 s
currentSize : 32 <-- 0.004772 s
currentSize : 35 <-- 0.007240 s
currentSize : 36 <-- 0.007386 s
currentSize : 37 <-- 0.149501 s

maxsize : 37
nodes : 351301.000000
filtered : 1237833.000000
time : 1.259687
