Parameters: GAD=1 vflib=1 dir=1 label=1 lowerbound=1 fileNameGp=../graphsdb/mcs70/m3D/m3Dr4/mcs70_m3Dr4_s90.A44 fileNameGt=../graphsdb/mcs70/m3D/m3Dr4/mcs70_m3Dr4_s90.B44
Reading graphs...
90 : 245
90 : 243
Initializing...
maxdom : 10
D->valSize : 583
Solving...
Blb : 2 (clique : 35)
currentSize : 35 <-- 0.011731 s
currentSize : 36 <-- 0.201667 s
currentSize : 37 <-- 0.583994 s
currentSize : 38 <-- 3.517667 s
currentSize : 39 <-- 7.032599 s
currentSize : 42 <-- 10.585909 s
currentSize : 46 <-- 24.394745 s
currentSize : 48 <-- 31.126736 s
currentSize : 49 <-- 31.127089 s
currentSize : 50 <-- 55.701328 s
currentSize : 51 <-- 55.701561 s
currentSize : 55 <-- 69.223099 s
currentSize : 56 <-- 69.223358 s
currentSize : 58 <-- 156.139755 s
currentSize : 59 <-- 156.139969 s
currentSize : 60 <-- 156.207199 s
currentSize : 61 <-- 156.207413 s
currentSize : 62 <-- 163.533417 s
currentSize : 63 <-- 163.567154 s
currentSize : 64 <-- 163.567429 s

maxsize : 64
nodes : 67528567.000000
filtered : 332555521.000000
time : 329.456268
