Parameters: GAD=1 vflib=1 dir=1 label=1 lowerbound=1 fileNameGp=../graphsdb/mcs70/m2D/m2Dr4/mcs70_m2Dr4_s90.A11 fileNameGt=../graphsdb/mcs70/m2D/m2Dr4/mcs70_m2Dr4_s90.B11
Reading graphs...
90 : 197
90 : 197
Initializing...
maxdom : 9
D->valSize : 545
Solving...
Blb : 3 (clique : 39)
currentSize : 39 <-- 0.006532 s
currentSize : 56 <-- 0.006864 s
currentSize : 58 <-- 0.007003 s
currentSize : 60 <-- 0.011929 s
currentSize : 65 <-- 75.666779 s

maxsize : 65
nodes : 18484410.000000
filtered : 108065682.000000
time : 97.982323
