Parameters: GAD=1 vflib=1 dir=1 label=1 lowerbound=1 fileNameGp=../graphsdb/mcs70/m3D/m3Dr6/mcs70_m3Dr6_s100.A96 fileNameGt=../graphsdb/mcs70/m3D/m3Dr6/mcs70_m3Dr6_s100.B96
Reading graphs...
100 : 295
100 : 295
Initializing...
maxdom : 6
D->valSize : 363
Solving...
Blb : 2 (clique : 45)
currentSize : 45 <-- 0.004015 s
currentSize : 46 <-- 0.004408 s
currentSize : 47 <-- 0.007524 s
currentSize : 48 <-- 0.008596 s
currentSize : 49 <-- 5.583123 s
currentSize : 51 <-- 8.678984 s
currentSize : 52 <-- 8.679345 s
currentSize : 53 <-- 8.681758 s
currentSize : 54 <-- 8.682783 s
currentSize : 55 <-- 8.699044 s
currentSize : 56 <-- 204.800156 s
currentSize : 57 <-- 204.800919 s
currentSize : 58 <-- 207.617050 s
currentSize : 60 <-- 207.617249 s
currentSize : 61 <-- 207.618073 s
currentSize : 62 <-- 207.618637 s
currentSize : 63 <-- 207.620590 s
currentSize : 64 <-- 207.647461 s

maxsize : 64
nodes : 73299280.000000
filtered : 257119755.000000
time : 361.352692
