Parameters: GAD=1 vflib=1 dir=1 label=1 lowerbound=1 fileNameGp=../graphsdb/mcs70/m2D/m2D/mcs70_m2D_s60.A83 fileNameGt=../graphsdb/mcs70/m2D/m2D/mcs70_m2D_s60.B83
Reading graphs...
60 : 104
60 : 104
Initializing...
maxdom : 9
D->valSize : 275
Solving...
Blb : 2 (clique : 30)
currentSize : 30 <-- 0.002101 s
currentSize : 31 <-- 0.010519 s
currentSize : 32 <-- 0.146992 s
currentSize : 33 <-- 0.585577 s
currentSize : 34 <-- 0.601012 s
currentSize : 35 <-- 0.663294 s
currentSize : 37 <-- 0.663400 s

maxsize : 37
nodes : 467099.000000
filtered : 2692345.000000
time : 1.968491
