Parameters: GAD=1 vflib=1 dir=1 label=1 lowerbound=1 fileNameGp=../graphsdb/mcs70/bvg/b03m/mcs70_b03m_s100.A59 fileNameGt=../graphsdb/mcs70/bvg/b03m/mcs70_b03m_s100.B59
Reading graphs...
100 : 150
100 : 150
Initializing...
maxdom : 10
D->valSize : 383
Solving...
Blb : 2 (clique : 64)
currentSize : 64 <-- 0.004351 s
currentSize : 67 <-- 0.004775 s
currentSize : 68 <-- 0.005081 s
currentSize : 69 <-- 0.005402 s
currentSize : 70 <-- 0.006560 s
currentSize : 71 <-- 3.142071 s

maxsize : 71
nodes : 732951069.000000
filtered : 1765294198.000000
time : 3253.134766
