Parameters: GAD=1 vflib=1 dir=1 label=1 lowerbound=1 fileNameGp=../graphsdb/mcs70/m2D/m2D/mcs70_m2D_s60.A70 fileNameGt=../graphsdb/mcs70/m2D/m2D/mcs70_m2D_s60.B70
Reading graphs...
60 : 104
60 : 104
Initializing...
maxdom : 7
D->valSize : 262
Solving...
Blb : 5 (clique : 22)
currentSize : 22 <-- 0.003097 s
currentSize : 25 <-- 0.003299 s
currentSize : 26 <-- 0.004137 s
currentSize : 27 <-- 0.046352 s
currentSize : 28 <-- 1.545295 s
currentSize : 29 <-- 1.546091 s
currentSize : 30 <-- 2.397764 s
currentSize : 32 <-- 2.444863 s
currentSize : 33 <-- 4.096192 s
currentSize : 34 <-- 6.487491 s
currentSize : 35 <-- 6.489840 s
currentSize : 37 <-- 7.228723 s
currentSize : 38 <-- 7.500666 s

maxsize : 38
nodes : 2345529.000000
filtered : 11492921.000000
time : 9.183168
