Parameters: GAD=1 vflib=1 dir=1 label=1 lowerbound=1 fileNameGp=../graphsdb/mcs70/bvg/b09/mcs70_b09_s70.A43 fileNameGt=../graphsdb/mcs70/bvg/b09/mcs70_b09_s70.B43
Reading graphs...
70 : 315
70 : 315
Initializing...
maxdom : 9
D->valSize : 359
Solving...
Blb : 3 (clique : 27)
currentSize : 27 <-- 0.002995 s
currentSize : 28 <-- 0.574550 s
currentSize : 29 <-- 1.061177 s
currentSize : 30 <-- 1.061309 s
currentSize : 33 <-- 1.061413 s
currentSize : 35 <-- 1.063357 s
currentSize : 36 <-- 1.063472 s
currentSize : 45 <-- 4.187599 s
currentSize : 48 <-- 4.189344 s

maxsize : 48
nodes : 1132190.000000
filtered : 4789830.000000
time : 4.532298
