Parameters: GAD=1 vflib=1 dir=1 label=1 lowerbound=1 fileNameGp=../graphsdb/mcs70/bvg/b03m/mcs70_b03m_s60.A88 fileNameGt=../graphsdb/mcs70/bvg/b03m/mcs70_b03m_s60.B88
Reading graphs...
60 : 90
60 : 90
Initializing...
maxdom : 7
D->valSize : 285
Solving...
Blb : 3 (clique : 36)
currentSize : 36 <-- 0.003531 s
currentSize : 37 <-- 0.008801 s
currentSize : 38 <-- 0.181894 s
currentSize : 39 <-- 0.404487 s
currentSize : 40 <-- 1.460300 s
currentSize : 41 <-- 1.460672 s
currentSize : 42 <-- 1.553650 s

maxsize : 42
nodes : 587539.000000
filtered : 2331956.000000
time : 2.332512
