Parameters: GAD=1 vflib=1 dir=1 label=1 lowerbound=1 fileNameGp=../graphsdb/mcs70/rand/r005/mcs70_r005_s90.A76 fileNameGt=../graphsdb/mcs70/rand/r005/mcs70_r005_s90.B76
Reading graphs...
90 : 399
90 : 399
Initializing...
maxdom : 14
D->valSize : 631
Solving...
Blb : 2 (clique : 30)
currentSize : 30 <-- 0.007909 s
currentSize : 32 <-- 0.008188 s
currentSize : 33 <-- 0.008556 s
currentSize : 35 <-- 0.008653 s
currentSize : 36 <-- 0.294106 s
currentSize : 38 <-- 0.294218 s
currentSize : 42 <-- 0.767150 s
currentSize : 45 <-- 0.767353 s
currentSize : 57 <-- 1.165743 s
currentSize : 63 <-- 2.057916 s

maxsize : 63
nodes : 495487.000000
filtered : 6556437.000000
time : 3.121871
