Parameters: GAD=1 vflib=1 dir=1 label=1 lowerbound=1 fileNameGp=../graphsdb/mcs70/bvg/b03m/mcs70_b03m_s25.A81 fileNameGt=../graphsdb/mcs70/bvg/b03m/mcs70_b03m_s25.B81
Reading graphs...
25 : 37
25 : 37
Initializing...
maxdom : 8
D->valSize : 154
Solving...
Blb : 2 (clique : 11)
currentSize : 11 <-- 0.001111 s
currentSize : 12 <-- 0.001259 s
currentSize : 13 <-- 0.001398 s
currentSize : 16 <-- 0.003316 s
currentSize : 17 <-- 0.003415 s

maxsize : 17
nodes : 1324.000000
filtered : 16595.000000
time : 0.008252
