Parameters: GAD=1 vflib=1 dir=1 label=1 lowerbound=1 fileNameGp=../graphsdb/mcs70/bvg/b03/mcs70_b03_s40.A02 fileNameGt=../graphsdb/mcs70/bvg/b03/mcs70_b03_s40.B02
Reading graphs...
40 : 60
40 : 60
Initializing...
maxdom : 12
D->valSize : 258
Solving...
Blb : 3 (clique : 22)
currentSize : 22 <-- 0.001766 s
currentSize : 23 <-- 0.037715 s
currentSize : 25 <-- 0.038289 s
currentSize : 27 <-- 0.040850 s
currentSize : 28 <-- 0.075135 s

maxsize : 28
nodes : 28887.000000
filtered : 257999.000000
time : 0.111389
