Parameters: GAD=1 vflib=1 dir=1 label=1 lowerbound=1 fileNameGp=../graphsdb/mcs70/m2D/m2Dr4/mcs70_m2Dr4_s40.A55 fileNameGt=../graphsdb/mcs70/m2D/m2Dr4/mcs70_m2Dr4_s40.B55
Reading graphs...
40 : 83
40 : 83
Initializing...
maxdom : 7
D->valSize : 204
Solving...
Blb : 2 (clique : 13)
currentSize : 13 <-- 0.001145 s
currentSize : 14 <-- 0.001295 s
currentSize : 15 <-- 0.001551 s
currentSize : 16 <-- 0.003413 s
currentSize : 17 <-- 0.006006 s
currentSize : 21 <-- 0.027838 s
currentSize : 22 <-- 0.209775 s
currentSize : 23 <-- 0.215310 s
currentSize : 24 <-- 0.215366 s
currentSize : 25 <-- 0.215447 s
currentSize : 26 <-- 0.215491 s

maxsize : 26
nodes : 76309.000000
filtered : 585158.000000
time : 0.276518
