Parameters: GAD=1 vflib=1 dir=1 label=1 lowerbound=1 fileNameGp=../graphsdb/mcs70/bvg/b06m/mcs70_b06m_s50.A97 fileNameGt=../graphsdb/mcs70/bvg/b06m/mcs70_b06m_s50.B97
Reading graphs...
50 : 150
50 : 150
Initializing...
maxdom : 10
D->valSize : 332
Solving...
Blb : 2 (clique : 17)
currentSize : 17 <-- 0.003802 s
currentSize : 19 <-- 0.005510 s
currentSize : 20 <-- 0.009576 s
currentSize : 21 <-- 0.021990 s
currentSize : 22 <-- 0.022343 s
currentSize : 24 <-- 0.050418 s
currentSize : 25 <-- 0.089390 s
currentSize : 27 <-- 0.133169 s
currentSize : 28 <-- 0.374592 s
currentSize : 29 <-- 0.374632 s
currentSize : 31 <-- 0.477150 s
currentSize : 32 <-- 0.477334 s
currentSize : 34 <-- 0.495846 s
currentSize : 35 <-- 0.496132 s

maxsize : 35
nodes : 125047.000000
filtered : 1097355.000000
time : 0.529185
