Parameters: GAD=1 vflib=1 dir=1 label=1 lowerbound=1 fileNameGp=../graphsdb/mcs70/m3D/m3Dr4/mcs70_m3Dr4_s90.A43 fileNameGt=../graphsdb/mcs70/m3D/m3Dr4/mcs70_m3Dr4_s90.B43
Reading graphs...
90 : 245
90 : 244
Initializing...
maxdom : 11
D->valSize : 555
Solving...
Blb : 2 (clique : 33)
currentSize : 33 <-- 0.006785 s
currentSize : 36 <-- 0.015805 s
currentSize : 37 <-- 0.022990 s
currentSize : 38 <-- 0.715414 s
currentSize : 39 <-- 0.716181 s
currentSize : 41 <-- 1.636495 s
currentSize : 43 <-- 3.865349 s
currentSize : 45 <-- 3.874873 s
currentSize : 48 <-- 6.147079 s
currentSize : 49 <-- 6.147321 s
currentSize : 50 <-- 14.708823 s
currentSize : 54 <-- 27.045565 s
currentSize : 55 <-- 30.728516 s
currentSize : 57 <-- 30.845543 s
currentSize : 61 <-- 45.574200 s
currentSize : 62 <-- 45.700768 s
currentSize : 64 <-- 45.734993 s

maxsize : 64
nodes : 10837238.000000
filtered : 85366078.000000
time : 59.657478
