Parameters: GAD=1 vflib=1 dir=1 label=1 lowerbound=1 fileNameGp=../graphsdb/mcs70/bvg/b06m/mcs70_b06m_s80.A85 fileNameGt=../graphsdb/mcs70/bvg/b06m/mcs70_b06m_s80.B85
Reading graphs...
80 : 240
80 : 240
Initializing...
maxdom : 9
D->valSize : 486
Solving...
Blb : 3 (clique : 30)
currentSize : 30 <-- 0.005059 s
currentSize : 31 <-- 0.930845 s
currentSize : 32 <-- 3.687638 s
currentSize : 33 <-- 3.733042 s
currentSize : 34 <-- 3.750070 s
currentSize : 35 <-- 3.756759 s
currentSize : 36 <-- 3.757493 s
currentSize : 44 <-- 4.216521 s
currentSize : 45 <-- 4.216737 s
currentSize : 49 <-- 5.409793 s
currentSize : 50 <-- 5.410023 s
currentSize : 51 <-- 6.148235 s
currentSize : 52 <-- 6.148636 s
currentSize : 53 <-- 11.276622 s
currentSize : 54 <-- 11.316766 s
currentSize : 55 <-- 11.318411 s
currentSize : 56 <-- 11.318857 s
currentSize : 57 <-- 15.387029 s

maxsize : 57
nodes : 4581969.000000
filtered : 35086354.000000
time : 24.099161
