Parameters: GAD=1 vflib=1 dir=1 label=1 lowerbound=1 fileNameGp=../graphsdb/mcs70/m2D/m2D/mcs70_m2D_s90.A60 fileNameGt=../graphsdb/mcs70/m2D/m2D/mcs70_m2D_s90.B60
Reading graphs...
90 : 161
90 : 161
Initializing...
maxdom : 12
D->valSize : 582
Solving...
Blb : 2 (clique : 46)
currentSize : 46 <-- 0.012369 s
currentSize : 54 <-- 0.012952 s
currentSize : 55 <-- 201.121643 s
currentSize : 56 <-- 201.129669 s
currentSize : 57 <-- 201.142349 s
currentSize : 59 <-- 312.592651 s
currentSize : 60 <-- 312.592834 s
currentSize : 63 <-- 312.593323 s
currentSize : 64 <-- 312.614319 s

maxsize : 64
nodes : 72474221.000000
filtered : 362398842.000000
time : 362.972046
