Parameters: GAD=1 vflib=1 dir=1 label=1 lowerbound=1 fileNameGp=../graphsdb/mcs70/bvg/b03/mcs70_b03_s100.A14 fileNameGt=../graphsdb/mcs70/bvg/b03/mcs70_b03_s100.B14
Reading graphs...
100 : 150
100 : 150
Initializing...
maxdom : 7
D->valSize : 343
Solving...
Blb : 2 (clique : 57)
currentSize : 57 <-- 0.003629 s
currentSize : 58 <-- 0.013118 s
currentSize : 59 <-- 0.020201 s
currentSize : 60 <-- 0.556676 s
currentSize : 61 <-- 3.804690 s
currentSize : 62 <-- 3.881088 s
currentSize : 64 <-- 43.382561 s
currentSize : 65 <-- 43.383308 s
currentSize : 66 <-- 43.501778 s
currentSize : 67 <-- 51.364025 s
currentSize : 68 <-- 51.364857 s
currentSize : 69 <-- 51.366039 s
currentSize : 70 <-- 51.429935 s

maxsize : 70
nodes : 10459329.000000
filtered : 33735552.000000
time : 54.212975
