Parameters: GAD=1 vflib=1 dir=1 label=1 lowerbound=1 fileNameGp=../graphsdb/mcs70/bvg/b03/mcs70_b03_s60.A88 fileNameGt=../graphsdb/mcs70/bvg/b03/mcs70_b03_s60.B88
Reading graphs...
60 : 90
60 : 90
Initializing...
maxdom : 7
D->valSize : 260
Solving...
Blb : 2 (clique : 24)
currentSize : 24 <-- 0.003092 s
currentSize : 25 <-- 0.007366 s
currentSize : 26 <-- 0.007477 s
currentSize : 28 <-- 0.012048 s
currentSize : 29 <-- 0.038279 s
currentSize : 30 <-- 0.086061 s
currentSize : 31 <-- 0.108047 s
currentSize : 33 <-- 0.874301 s
currentSize : 34 <-- 0.881317 s
currentSize : 35 <-- 1.110874 s
currentSize : 36 <-- 1.649514 s
currentSize : 37 <-- 6.285957 s
currentSize : 39 <-- 11.253595 s
currentSize : 40 <-- 12.186615 s
currentSize : 41 <-- 13.746693 s
currentSize : 42 <-- 13.867759 s

maxsize : 42
nodes : 3493777.000000
filtered : 18367231.000000
time : 14.364287
