Parameters: GAD=1 vflib=1 dir=1 label=1 lowerbound=1 fileNameGp=../graphsdb/mcs70/bvg/b03m/mcs70_b03m_s30.A37 fileNameGt=../graphsdb/mcs70/bvg/b03m/mcs70_b03m_s30.B37
Reading graphs...
30 : 45
30 : 45
Initializing...
maxdom : 7
D->valSize : 120
Solving...
Blb : 2 (clique : 13)
currentSize : 13 <-- 0.000714 s
currentSize : 15 <-- 0.008179 s
currentSize : 17 <-- 0.010476 s
currentSize : 19 <-- 0.012488 s
currentSize : 20 <-- 0.018741 s

maxsize : 20
nodes : 7247.000000
filtered : 32668.000000
time : 0.022497
