Parameters: GAD=1 vflib=1 dir=1 label=1 lowerbound=1 fileNameGp=../graphsdb/mcs70/m2D/m2Dr4/mcs70_m2Dr4_s40.A43 fileNameGt=../graphsdb/mcs70/m2D/m2Dr4/mcs70_m2Dr4_s40.B43
Reading graphs...
40 : 83
40 : 83
Initializing...
maxdom : 8
D->valSize : 221
Solving...
Blb : 2 (clique : 14)
currentSize : 14 <-- 0.001278 s
currentSize : 15 <-- 0.001350 s
currentSize : 16 <-- 0.001692 s
currentSize : 17 <-- 0.002582 s
currentSize : 18 <-- 0.002692 s
currentSize : 19 <-- 0.003350 s
currentSize : 20 <-- 0.036585 s
currentSize : 21 <-- 0.043266 s
currentSize : 22 <-- 0.044564 s
currentSize : 23 <-- 0.053096 s
currentSize : 24 <-- 0.082286 s
currentSize : 25 <-- 0.082401 s

maxsize : 25
nodes : 25846.000000
filtered : 218054.000000
time : 0.096068
