Parameters: GAD=1 vflib=1 dir=1 label=1 lowerbound=1 fileNameGp=../graphsdb/mcs70/rand/r01/mcs70_r01_s90.A61 fileNameGt=../graphsdb/mcs70/rand/r01/mcs70_r01_s90.B61
Reading graphs...
90 : 800
90 : 800
Initializing...
maxdom : 10
D->valSize : 553
Solving...
Blb : 2 (clique : 13)
currentSize : 13 <-- 0.009956 s
currentSize : 14 <-- 0.011006 s
currentSize : 15 <-- 0.016640 s
currentSize : 16 <-- 0.019074 s
currentSize : 21 <-- 0.053169 s
currentSize : 25 <-- 0.092163 s
currentSize : 31 <-- 0.117354 s
currentSize : 40 <-- 0.139359 s
currentSize : 43 <-- 0.183828 s
currentSize : 47 <-- 0.195340 s
currentSize : 49 <-- 0.286396 s
currentSize : 63 <-- 0.287205 s

maxsize : 63
nodes : 41739.000000
filtered : 786596.000000
time : 0.295328
