Parameters: GAD=1 vflib=1 dir=1 label=1 lowerbound=1 fileNameGp=../graphsdb/mcs70/m2D/m2D/mcs70_m2D_s25.A52 fileNameGt=../graphsdb/mcs70/m2D/m2D/mcs70_m2D_s25.B52
Reading graphs...
25 : 40
25 : 40
Initializing...
maxdom : 8
D->valSize : 176
Solving...
Blb : 2 (clique : 11)
currentSize : 11 <-- 0.001288 s
currentSize : 12 <-- 0.014673 s
currentSize : 13 <-- 0.028500 s
currentSize : 14 <-- 0.146715 s
currentSize : 15 <-- 0.146736 s
currentSize : 16 <-- 0.146765 s

maxsize : 16
nodes : 39866.000000
filtered : 516977.000000
time : 0.158071
