Parameters: GAD=1 vflib=1 dir=1 label=1 lowerbound=1 fileNameGp=../graphsdb/mcs70/m2D/m2Dr2/mcs70_m2Dr2_s80.A47 fileNameGt=../graphsdb/mcs70/m2D/m2Dr2/mcs70_m2Dr2_s80.B47
Reading graphs...
80 : 158
80 : 157
Initializing...
maxdom : 9
D->valSize : 431
Solving...
Blb : 2 (clique : 47)
currentSize : 47 <-- 0.004379 s
currentSize : 48 <-- 148.151581 s
currentSize : 50 <-- 204.343842 s
currentSize : 51 <-- 204.345215 s
currentSize : 52 <-- 204.346024 s

maxsize : 52
nodes : 73809316.000000
filtered : 397608698.000000
time : 365.667419
