Parameters: GAD=1 vflib=1 dir=1 label=1 lowerbound=1 fileNameGp=../graphsdb/mcs70/bvg/b03m/mcs70_b03m_s35.A32 fileNameGt=../graphsdb/mcs70/bvg/b03m/mcs70_b03m_s35.B32
Reading graphs...
35 : 52
35 : 52
Initializing...
maxdom : 11
D->valSize : 233
Solving...
Blb : 2 (clique : 19)
currentSize : 19 <-- 0.001420 s
currentSize : 20 <-- 0.002177 s
currentSize : 21 <-- 0.003863 s
currentSize : 22 <-- 0.013574 s
currentSize : 23 <-- 0.013723 s
currentSize : 24 <-- 0.013784 s

maxsize : 24
nodes : 8369.000000
filtered : 61258.000000
time : 0.026521
