Parameters: GAD=1 vflib=1 dir=1 label=1 lowerbound=1 fileNameGp=../graphsdb/mcs70/m2D/m2Dr6/mcs70_m2Dr6_s60.A82 fileNameGt=../graphsdb/mcs70/m2D/m2Dr6/mcs70_m2Dr6_s60.B82
Reading graphs...
60 : 140
60 : 138
Initializing...
maxdom : 6
D->valSize : 241
Solving...
Blb : 2 (clique : 26)
currentSize : 26 <-- 0.001790 s
currentSize : 27 <-- 0.001969 s
currentSize : 28 <-- 0.002180 s
currentSize : 29 <-- 1.753481 s
currentSize : 30 <-- 1.753564 s
currentSize : 31 <-- 1.754237 s
currentSize : 32 <-- 1.754614 s
currentSize : 33 <-- 3.270183 s
currentSize : 34 <-- 3.274107 s
currentSize : 35 <-- 3.275087 s
currentSize : 36 <-- 3.275193 s
currentSize : 37 <-- 3.275381 s

maxsize : 37
nodes : 1952257.000000
filtered : 7046439.000000
time : 7.181702
