Parameters: GAD=1 vflib=1 dir=1 label=1 lowerbound=1 fileNameGp=../graphsdb/mcs70/rand/r02/mcs70_r02_s35.A82 fileNameGt=../graphsdb/mcs70/rand/r02/mcs70_r02_s35.B82
Reading graphs...
35 : 237
35 : 237
Initializing...
maxdom : 8
D->valSize : 184
Solving...
Blb : 3 (clique : 7)
currentSize : 7 <-- 0.000988 s
currentSize : 9 <-- 0.001033 s
currentSize : 13 <-- 0.001149 s
currentSize : 14 <-- 0.001367 s
currentSize : 24 <-- 0.001432 s

maxsize : 24
nodes : 246.000000
filtered : 4401.000000
time : 0.001839
