Parameters: GAD=1 vflib=1 dir=1 label=1 lowerbound=1 fileNameGp=../graphsdb/mcs70/bvg/b06/mcs70_b06_s80.A91 fileNameGt=../graphsdb/mcs70/bvg/b06/mcs70_b06_s80.B91
Reading graphs...
80 : 240
80 : 240
Initializing...
maxdom : 9
D->valSize : 462
Solving...
Blb : 2 (clique : 32)
currentSize : 32 <-- 0.007694 s
currentSize : 33 <-- 0.055713 s
currentSize : 39 <-- 0.367421 s
currentSize : 43 <-- 1.081879 s
currentSize : 44 <-- 2.398100 s
currentSize : 49 <-- 3.126344 s
currentSize : 51 <-- 4.121580 s
currentSize : 54 <-- 5.995676 s
currentSize : 56 <-- 5.995845 s

maxsize : 56
nodes : 1345641.000000
filtered : 12035835.000000
time : 7.624625
