Parameters: GAD=1 vflib=1 dir=1 label=1 lowerbound=1 fileNameGp=../graphsdb/mcs70/rand/r01/mcs70_r01_s70.A78 fileNameGt=../graphsdb/mcs70/rand/r01/mcs70_r01_s70.B78
Reading graphs...
70 : 482
70 : 482
Initializing...
maxdom : 7
D->valSize : 323
Solving...
Blb : 2 (clique : 22)
currentSize : 22 <-- 0.002793 s
currentSize : 24 <-- 0.003840 s
currentSize : 28 <-- 0.016647 s
currentSize : 37 <-- 0.024953 s
currentSize : 49 <-- 0.028555 s

maxsize : 49
nodes : 5612.000000
filtered : 63543.000000
time : 0.033383
