Parameters: GAD=1 vflib=1 dir=1 label=1 lowerbound=1 fileNameGp=../graphsdb/mcs70/m3D/m3D/mcs70_m3D_s40.A38 fileNameGt=../graphsdb/mcs70/m3D/m3D/mcs70_m3D_s40.B38
Reading graphs...
40 : 84
40 : 84
Initializing...
maxdom : 9
D->valSize : 234
Solving...
Blb : 2 (clique : 18)
currentSize : 18 <-- 0.001367 s
currentSize : 20 <-- 0.017817 s
currentSize : 22 <-- 0.022761 s
currentSize : 25 <-- 0.022841 s
currentSize : 27 <-- 0.040642 s

maxsize : 27
nodes : 12588.000000
filtered : 115023.000000
time : 0.050266
