Parameters: GAD=1 vflib=1 dir=1 label=1 lowerbound=1 fileNameGp=../graphsdb/mcs70/bvg/b09/mcs70_b09_s100.A79 fileNameGt=../graphsdb/mcs70/bvg/b09/mcs70_b09_s100.B79
Reading graphs...
100 : 450
100 : 450
Initializing...
maxdom : 8
D->valSize : 387
Solving...
Blb : 2 (clique : 40)
currentSize : 40 <-- 0.004070 s
currentSize : 44 <-- 0.005957 s
currentSize : 46 <-- 0.010298 s
currentSize : 48 <-- 0.051180 s
currentSize : 49 <-- 0.051515 s
currentSize : 54 <-- 0.052179 s
currentSize : 55 <-- 0.052620 s
currentSize : 56 <-- 0.056516 s
currentSize : 57 <-- 0.056791 s
currentSize : 63 <-- 0.089935 s
currentSize : 66 <-- 0.093653 s
currentSize : 67 <-- 3.085994 s
currentSize : 70 <-- 3.088041 s

maxsize : 70
nodes : 934016.000000
filtered : 4864042.000000
time : 5.059359
