Parameters: GAD=1 vflib=1 dir=1 label=1 lowerbound=1 fileNameGp=../graphsdb/mcs70/bvg/b03m/mcs70_b03m_s50.A36 fileNameGt=../graphsdb/mcs70/bvg/b03m/mcs70_b03m_s50.B36
Reading graphs...
50 : 75
50 : 75
Initializing...
maxdom : 11
D->valSize : 337
Solving...
Blb : 2 (clique : 24)
currentSize : 24 <-- 0.002536 s
currentSize : 25 <-- 0.002751 s
currentSize : 26 <-- 0.003103 s
currentSize : 27 <-- 0.037794 s
currentSize : 28 <-- 0.050030 s
currentSize : 29 <-- 0.123449 s
currentSize : 30 <-- 0.124761 s
currentSize : 31 <-- 1.162054 s
currentSize : 32 <-- 2.839668 s
currentSize : 33 <-- 4.058413 s
currentSize : 34 <-- 4.058875 s

maxsize : 34
nodes : 1404630.000000
filtered : 11726378.000000
time : 5.872188
