Parameters: GAD=1 vflib=1 dir=1 label=1 lowerbound=1 fileNameGp=../graphsdb/mcs70/m2D/m2Dr2/mcs70_m2Dr2_s100.A77 fileNameGt=../graphsdb/mcs70/m2D/m2Dr2/mcs70_m2Dr2_s100.B77
Reading graphs...
100 : 200
100 : 200
Initializing...
maxdom : 9
D->valSize : 412
Solving...
Blb : 3 (clique : 40)
currentSize : 40 <-- 0.004508 s
currentSize : 43 <-- 0.047129 s
currentSize : 44 <-- 0.067205 s
currentSize : 45 <-- 0.067686 s
currentSize : 46 <-- 0.068109 s
currentSize : 47 <-- 0.069057 s
currentSize : 48 <-- 0.107883 s
currentSize : 49 <-- 0.797842 s
currentSize : 50 <-- 1.905180 s
currentSize : 51 <-- 2.670036 s
currentSize : 52 <-- 9.587988 s
currentSize : 53 <-- 9.607204 s
currentSize : 55 <-- 54.837307 s
currentSize : 56 <-- 55.604298 s
currentSize : 57 <-- 3339.754639 s
currentSize : 58 <-- 3355.819336 s

TIMEOUT
maxsize : 58
nodes : 696001585.000000
filtered : 3085542091.000000
time : 3600.000000
