Parameters: GAD=1 vflib=1 dir=1 label=1 lowerbound=1 fileNameGp=../graphsdb/mcs70/m3D/m3D/mcs70_m3D_s90.A32 fileNameGt=../graphsdb/mcs70/m3D/m3D/mcs70_m3D_s90.B32
Reading graphs...
90 : 209
90 : 209
Initializing...
maxdom : 9
D->valSize : 554
Solving...
Blb : 2 (clique : 51)
currentSize : 51 <-- 0.011082 s
currentSize : 54 <-- 49.048622 s
currentSize : 55 <-- 65.683960 s
currentSize : 56 <-- 65.758209 s
currentSize : 57 <-- 65.758812 s
currentSize : 58 <-- 65.759254 s
currentSize : 59 <-- 207.788208 s
currentSize : 60 <-- 208.061447 s
currentSize : 61 <-- 208.061737 s
currentSize : 63 <-- 208.248581 s
currentSize : 64 <-- 208.249100 s

maxsize : 64
nodes : 96234586.000000
filtered : 605996648.000000
time : 506.341675
