Parameters: GAD=1 vflib=1 dir=1 label=1 lowerbound=1 fileNameGp=../graphsdb/mcs70/m3D/m3D/mcs70_m3D_s90.A66 fileNameGt=../graphsdb/mcs70/m3D/m3D/mcs70_m3D_s90.B66
Reading graphs...
90 : 209
90 : 209
Initializing...
maxdom : 10
D->valSize : 576
Solving...
Blb : 2 (clique : 47)
currentSize : 47 <-- 0.012027 s
currentSize : 48 <-- 0.125015 s
currentSize : 49 <-- 0.125169 s
currentSize : 50 <-- 0.128450 s
currentSize : 52 <-- 0.128562 s
currentSize : 54 <-- 0.128706 s
currentSize : 57 <-- 115.500641 s
currentSize : 59 <-- 115.622917 s
currentSize : 60 <-- 291.629425 s
currentSize : 64 <-- 291.629700 s

maxsize : 64
nodes : 60508898.000000
filtered : 438511910.000000
time : 340.443634
