Parameters: GAD=1 vflib=1 dir=1 label=1 lowerbound=1 fileNameGp=../graphsdb/mcs70/bvg/b03m/mcs70_b03m_s60.A91 fileNameGt=../graphsdb/mcs70/bvg/b03m/mcs70_b03m_s60.B91
Reading graphs...
60 : 90
60 : 90
Initializing...
maxdom : 6
D->valSize : 255
Solving...
Blb : 2 (clique : 30)
currentSize : 30 <-- 0.002089 s
currentSize : 31 <-- 0.002310 s
currentSize : 32 <-- 0.002447 s
currentSize : 33 <-- 0.002932 s
currentSize : 34 <-- 0.003024 s
currentSize : 36 <-- 0.004052 s
currentSize : 38 <-- 0.006070 s
currentSize : 39 <-- 0.011081 s
currentSize : 41 <-- 0.022388 s
currentSize : 42 <-- 0.023130 s
currentSize : 43 <-- 0.032940 s

maxsize : 43
nodes : 99659.000000
filtered : 432356.000000
time : 0.387031
