Parameters: GAD=1 vflib=1 dir=1 label=1 lowerbound=1 fileNameGp=../graphsdb/mcs70/rand/r01/mcs70_r01_s50.A47 fileNameGt=../graphsdb/mcs70/rand/r01/mcs70_r01_s50.B47
Reading graphs...
50 : 244
50 : 244
Initializing...
maxdom : 9
D->valSize : 338
Solving...
Blb : 2 (clique : 14)
currentSize : 14 <-- 0.003691 s
currentSize : 16 <-- 0.005784 s
currentSize : 20 <-- 0.023117 s
currentSize : 22 <-- 0.028484 s
currentSize : 35 <-- 0.035572 s

maxsize : 35
nodes : 7179.000000
filtered : 103071.000000
time : 0.037372
