Parameters: GAD=1 vflib=1 dir=1 label=1 lowerbound=1 fileNameGp=../graphsdb/mcs70/bvg/b03m/mcs70_b03m_s100.A37 fileNameGt=../graphsdb/mcs70/bvg/b03m/mcs70_b03m_s100.B37
Reading graphs...
100 : 150
100 : 150
Initializing...
maxdom : 6
D->valSize : 353
Solving...
Blb : 2 (clique : 65)
currentSize : 65 <-- 0.003932 s
currentSize : 66 <-- 4.535798 s
currentSize : 67 <-- 109.550903 s
currentSize : 69 <-- 123.348038 s
currentSize : 71 <-- 285.686615 s

maxsize : 71
nodes : 99291844.000000
filtered : 266099984.000000
time : 456.659576
