Parameters: GAD=1 vflib=1 dir=1 label=1 lowerbound=1 fileNameGp=../graphsdb/mcs70/bvg/b03/mcs70_b03_s15.A57 fileNameGt=../graphsdb/mcs70/bvg/b03/mcs70_b03_s15.B57
Reading graphs...
15 : 22
15 : 22
Initializing...
maxdom : 9
D->valSize : 117
Solving...
Blb : 2 (clique : 7)
currentSize : 7 <-- 0.000586 s
currentSize : 8 <-- 0.000617 s
currentSize : 9 <-- 0.000655 s
currentSize : 10 <-- 0.000782 s
currentSize : 11 <-- 0.000924 s

maxsize : 11
nodes : 239.000000
filtered : 3503.000000
time : 0.001345
