Parameters: GAD=1 vflib=1 dir=1 label=1 lowerbound=1 fileNameGp=../graphsdb/mcs70/m3D/m3Dr2/mcs70_m3Dr2_s35.A48 fileNameGt=../graphsdb/mcs70/m3D/m3Dr2/mcs70_m3Dr2_s35.B48
Reading graphs...
35 : 79
35 : 79
Initializing...
maxdom : 10
D->valSize : 194
Solving...
Blb : 2 (clique : 15)
currentSize : 15 <-- 0.001328 s
currentSize : 16 <-- 0.001438 s
currentSize : 17 <-- 0.001506 s
currentSize : 18 <-- 0.001548 s
currentSize : 19 <-- 0.002736 s
currentSize : 20 <-- 0.002854 s
currentSize : 23 <-- 0.002910 s
currentSize : 27 <-- 0.005167 s

maxsize : 27
nodes : 1386.000000
filtered : 10145.000000
time : 0.005888
