Parameters: GAD=1 vflib=1 dir=1 label=1 lowerbound=1 fileNameGp=../graphsdb/mcs70/bvg/b03/mcs70_b03_s100.A63 fileNameGt=../graphsdb/mcs70/bvg/b03/mcs70_b03_s100.B63
Reading graphs...
100 : 150
100 : 150
Initializing...
maxdom : 11
D->valSize : 403
Solving...
Blb : 2 (clique : 53)
currentSize : 53 <-- 0.007566 s
currentSize : 54 <-- 0.010989 s
currentSize : 55 <-- 0.032618 s
currentSize : 56 <-- 0.119975 s
currentSize : 57 <-- 0.128894 s
currentSize : 58 <-- 0.129622 s
currentSize : 59 <-- 0.977586 s
currentSize : 60 <-- 0.982837 s
currentSize : 61 <-- 0.983385 s
currentSize : 62 <-- 2.861583 s
currentSize : 63 <-- 2.861935 s
currentSize : 64 <-- 10.692412 s
currentSize : 65 <-- 47.421780 s
currentSize : 66 <-- 50.323864 s
currentSize : 67 <-- 94.822815 s
currentSize : 68 <-- 94.823509 s
currentSize : 69 <-- 119.053391 s
currentSize : 70 <-- 120.386383 s

maxsize : 70
nodes : 37843069.000000
filtered : 206334683.000000
time : 230.693130
