Parameters: GAD=1 vflib=1 dir=1 label=1 lowerbound=1 fileNameGp=../graphsdb/mcs70/m3D/m3Dr4/mcs70_m3Dr4_s90.A28 fileNameGt=../graphsdb/mcs70/m3D/m3Dr4/mcs70_m3Dr4_s90.B28
Reading graphs...
90 : 245
90 : 245
Initializing...
maxdom : 11
D->valSize : 577
Solving...
Blb : 2 (clique : 41)
currentSize : 41 <-- 0.006985 s
currentSize : 42 <-- 0.535340 s
currentSize : 43 <-- 1.912593 s
currentSize : 44 <-- 3.038086 s
currentSize : 45 <-- 23.325752 s
currentSize : 46 <-- 23.619583 s
currentSize : 47 <-- 46.063217 s
currentSize : 48 <-- 46.159752 s
currentSize : 49 <-- 46.415478 s
currentSize : 50 <-- 46.469475 s
currentSize : 51 <-- 46.469776 s
currentSize : 52 <-- 71.716545 s
currentSize : 53 <-- 71.717720 s
currentSize : 54 <-- 71.718094 s
currentSize : 55 <-- 71.719719 s
currentSize : 58 <-- 71.722977 s
currentSize : 59 <-- 172.471344 s
currentSize : 60 <-- 172.471771 s
currentSize : 64 <-- 172.473434 s

maxsize : 64
nodes : 37702087.000000
filtered : 269654398.000000
time : 197.064514
