Parameters: GAD=1 vflib=1 dir=1 label=1 lowerbound=1 fileNameGp=../graphsdb/mcs70/bvg/b03m/mcs70_b03m_s80.A58 fileNameGt=../graphsdb/mcs70/bvg/b03m/mcs70_b03m_s80.B58
Reading graphs...
80 : 120
80 : 120
Initializing...
maxdom : 10
D->valSize : 469
Solving...
Blb : 2 (clique : 49)
currentSize : 49 <-- 0.005282 s
currentSize : 50 <-- 20.314566 s
currentSize : 51 <-- 74.449402 s
currentSize : 52 <-- 74.469856 s
currentSize : 53 <-- 74.497345 s
currentSize : 54 <-- 75.996658 s
currentSize : 55 <-- 366.166718 s
currentSize : 56 <-- 366.167023 s
currentSize : 57 <-- 397.736084 s

maxsize : 57
nodes : 117340467.000000
filtered : 696772334.000000
time : 568.494873
