Parameters: GAD=1 vflib=1 dir=1 label=1 lowerbound=1 fileNameGp=../graphsdb/mcs70/m2D/m2Dr2/mcs70_m2Dr2_s80.A69 fileNameGt=../graphsdb/mcs70/m2D/m2Dr2/mcs70_m2Dr2_s80.B69
Reading graphs...
80 : 158
80 : 158
Initializing...
maxdom : 9
D->valSize : 467
Solving...
Blb : 2 (clique : 31)
currentSize : 31 <-- 0.008013 s
currentSize : 32 <-- 0.008400 s
currentSize : 33 <-- 0.025878 s
currentSize : 34 <-- 60.917747 s
currentSize : 35 <-- 334.026062 s
currentSize : 36 <-- 424.410828 s
currentSize : 37 <-- 424.411255 s
currentSize : 38 <-- 424.417053 s
currentSize : 39 <-- 821.512634 s
currentSize : 40 <-- 1154.847778 s
currentSize : 41 <-- 1154.850220 s
currentSize : 42 <-- 1155.285400 s
currentSize : 43 <-- 1222.120850 s
currentSize : 44 <-- 1389.396851 s
currentSize : 45 <-- 1389.396973 s
currentSize : 47 <-- 2167.348145 s
currentSize : 48 <-- 2167.348633 s
currentSize : 49 <-- 2482.334473 s

maxsize : 49
nodes : 517471080.000000
filtered : 4911071491.000000
time : 2790.113281
