Parameters: GAD=1 vflib=1 dir=1 label=1 lowerbound=1 fileNameGp=../graphsdb/mcs70/rand/r005/mcs70_r005_s50.A84 fileNameGt=../graphsdb/mcs70/rand/r005/mcs70_r005_s50.B84
Reading graphs...
50 : 121
50 : 121
Initializing...
maxdom : 8
D->valSize : 324
Solving...
Blb : 2 (clique : 18)
currentSize : 18 <-- 0.002352 s
currentSize : 27 <-- 0.002474 s
currentSize : 29 <-- 0.002544 s
currentSize : 32 <-- 0.002618 s
currentSize : 35 <-- 0.002722 s

maxsize : 35
nodes : 6419.000000
filtered : 75613.000000
time : 0.031608
