Parameters: GAD=1 vflib=1 dir=1 label=1 lowerbound=1 fileNameGp=../graphsdb/mcs70/bvg/b06/mcs70_b06_s70.A05 fileNameGt=../graphsdb/mcs70/bvg/b06/mcs70_b06_s70.B05
Reading graphs...
70 : 210
70 : 210
Initializing...
maxdom : 7
D->valSize : 335
Solving...
Blb : 3 (clique : 39)
currentSize : 39 <-- 0.002859 s
currentSize : 40 <-- 0.258870 s
currentSize : 41 <-- 0.272919 s
currentSize : 43 <-- 6.248293 s
currentSize : 44 <-- 6.248919 s
currentSize : 46 <-- 6.249025 s
currentSize : 47 <-- 6.249483 s
currentSize : 48 <-- 6.254627 s
currentSize : 49 <-- 6.255074 s

maxsize : 49
nodes : 1853602.000000
filtered : 9553012.000000
time : 7.930180
