Parameters: GAD=1 vflib=1 dir=1 label=1 lowerbound=1 fileNameGp=../graphsdb/mcs70/m2D/m2D/mcs70_m2D_s100.A36 fileNameGt=../graphsdb/mcs70/m2D/m2D/mcs70_m2D_s100.B36
Reading graphs...
100 : 180
100 : 180
Initializing...
maxdom : 8
D->valSize : 376
Solving...
Blb : 2 (clique : 39)
currentSize : 39 <-- 0.004041 s
currentSize : 40 <-- 0.004341 s
currentSize : 42 <-- 0.013656 s
currentSize : 43 <-- 0.013717 s
currentSize : 47 <-- 0.022694 s
currentSize : 48 <-- 0.023658 s
currentSize : 50 <-- 0.032380 s
currentSize : 51 <-- 0.032613 s
currentSize : 52 <-- 0.033123 s
currentSize : 53 <-- 0.633849 s
currentSize : 54 <-- 1.363096 s
currentSize : 55 <-- 444.153748 s
currentSize : 56 <-- 444.825653 s
currentSize : 57 <-- 444.826202 s
currentSize : 58 <-- 1094.203857 s
currentSize : 61 <-- 1094.207642 s
currentSize : 62 <-- 1094.208130 s
currentSize : 63 <-- 1094.283081 s
currentSize : 64 <-- 1094.283813 s

TIMEOUT
maxsize : 64
nodes : 745002483.000000
filtered : 2457646264.000000
time : 3600.000000
