Parameters: GAD=1 vflib=1 dir=1 label=1 lowerbound=1 fileNameGp=../graphsdb/mcs70/bvg/b03m/mcs70_b03m_s70.A89 fileNameGt=../graphsdb/mcs70/bvg/b03m/mcs70_b03m_s70.B89
Reading graphs...
70 : 105
70 : 105
Initializing...
maxdom : 9
D->valSize : 358
Solving...
Blb : 2 (clique : 37)
currentSize : 37 <-- 0.005407 s
currentSize : 38 <-- 0.005863 s
currentSize : 40 <-- 0.005962 s
currentSize : 43 <-- 0.013350 s
currentSize : 45 <-- 1.809798 s
currentSize : 46 <-- 2.556457 s
currentSize : 47 <-- 2.556766 s
currentSize : 48 <-- 2.809126 s
currentSize : 49 <-- 2.809309 s

maxsize : 49
nodes : 1344997.000000
filtered : 7995190.000000
time : 6.211092
