Parameters: GAD=1 vflib=1 dir=1 label=1 lowerbound=1 fileNameGp=../graphsdb/mcs70/bvg/b06m/mcs70_b06m_s35.A48 fileNameGt=../graphsdb/mcs70/bvg/b06m/mcs70_b06m_s35.B48
Reading graphs...
35 : 105
35 : 105
Initializing...
maxdom : 9
D->valSize : 190
Solving...
Blb : 2 (clique : 8)
currentSize : 8 <-- 0.001012 s
currentSize : 10 <-- 0.001059 s
currentSize : 11 <-- 0.001178 s
currentSize : 12 <-- 0.001288 s
currentSize : 15 <-- 0.002341 s
currentSize : 16 <-- 0.003296 s
currentSize : 18 <-- 0.003363 s
currentSize : 19 <-- 0.003388 s
currentSize : 21 <-- 0.003414 s
currentSize : 22 <-- 0.004968 s
currentSize : 24 <-- 0.005764 s

maxsize : 24
nodes : 1708.000000
filtered : 17228.000000
time : 0.006891
