Parameters: GAD=1 vflib=1 dir=1 label=1 lowerbound=1 fileNameGp=../graphsdb/mcs70/bvg/b09m/mcs70_b09m_s90.A93 fileNameGt=../graphsdb/mcs70/bvg/b09m/mcs70_b09m_s90.B93
Reading graphs...
90 : 405
90 : 405
Initializing...
maxdom : 9
D->valSize : 569
Solving...
Blb : 3 (clique : 32)
currentSize : 32 <-- 0.006605 s
currentSize : 34 <-- 0.215543 s
currentSize : 37 <-- 0.215658 s
currentSize : 38 <-- 0.216267 s
currentSize : 39 <-- 0.217415 s
currentSize : 40 <-- 1.009399 s
currentSize : 41 <-- 1.442034 s
currentSize : 42 <-- 1.442254 s
currentSize : 43 <-- 1.442850 s
currentSize : 44 <-- 3.336391 s
currentSize : 45 <-- 4.172896 s
currentSize : 46 <-- 10.754534 s
currentSize : 48 <-- 10.754708 s
currentSize : 50 <-- 20.081669 s
currentSize : 53 <-- 37.417999 s
currentSize : 59 <-- 37.418247 s
currentSize : 62 <-- 37.418583 s

maxsize : 62
nodes : 7300241.000000
filtered : 62975900.000000
time : 40.810726
