Parameters: GAD=1 vflib=1 dir=1 label=1 lowerbound=1 fileNameGp=../graphsdb/mcs70/bvg/b06/mcs70_b06_s40.A17 fileNameGt=../graphsdb/mcs70/bvg/b06/mcs70_b06_s40.B17
Reading graphs...
40 : 120
40 : 120
Initializing...
maxdom : 10
D->valSize : 218
Solving...
Blb : 3 (clique : 15)
currentSize : 15 <-- 0.001312 s
currentSize : 19 <-- 0.001455 s
currentSize : 21 <-- 0.001781 s
currentSize : 22 <-- 0.030797 s
currentSize : 28 <-- 0.032069 s

maxsize : 28
nodes : 10059.000000
filtered : 98375.000000
time : 0.040091
