Parameters: GAD=1 vflib=1 dir=1 label=1 lowerbound=1 fileNameGp=../graphsdb/mcs70/m3D/m3Dr4/mcs70_m3Dr4_s40.A87 fileNameGt=../graphsdb/mcs70/m3D/m3Dr4/mcs70_m3Dr4_s40.B87
Reading graphs...
40 : 100
40 : 100
Initializing...
maxdom : 8
D->valSize : 218
Solving...
Blb : 2 (clique : 13)
currentSize : 13 <-- 0.001248 s
currentSize : 14 <-- 0.001389 s
currentSize : 15 <-- 0.001512 s
currentSize : 16 <-- 0.001570 s
currentSize : 17 <-- 0.002014 s
currentSize : 18 <-- 0.002096 s
currentSize : 19 <-- 0.002734 s
currentSize : 22 <-- 0.009562 s
currentSize : 24 <-- 0.009650 s
currentSize : 27 <-- 0.009705 s

maxsize : 27
nodes : 5736.000000
filtered : 49089.000000
time : 0.021265
