Parameters: GAD=1 vflib=1 dir=1 label=1 lowerbound=1 fileNameGp=../graphsdb/mcs70/rand/r005/mcs70_r005_s50.A49 fileNameGt=../graphsdb/mcs70/rand/r005/mcs70_r005_s50.B49
Reading graphs...
50 : 121
50 : 121
Initializing...
maxdom : 14
D->valSize : 394
Solving...
Blb : 2 (clique : 24)
currentSize : 24 <-- 0.003085 s
currentSize : 25 <-- 0.017402 s
currentSize : 26 <-- 0.031934 s
currentSize : 29 <-- 0.063807 s
currentSize : 31 <-- 0.119493 s
currentSize : 35 <-- 0.131388 s

maxsize : 35
nodes : 26574.000000
filtered : 484278.000000
time : 0.144667
