Parameters: GAD=1 vflib=1 dir=1 label=1 lowerbound=1 fileNameGp=../graphsdb/mcs70/bvg/b03m/mcs70_b03m_s60.A55 fileNameGt=../graphsdb/mcs70/bvg/b03m/mcs70_b03m_s60.B55
Reading graphs...
60 : 90
60 : 90
Initializing...
maxdom : 8
D->valSize : 299
Solving...
Blb : 2 (clique : 32)
currentSize : 32 <-- 0.002531 s
currentSize : 33 <-- 0.087509 s
currentSize : 35 <-- 0.087690 s
currentSize : 36 <-- 0.282977 s
currentSize : 37 <-- 0.295933 s
currentSize : 38 <-- 0.296629 s
currentSize : 39 <-- 0.356751 s
currentSize : 40 <-- 0.424281 s
currentSize : 41 <-- 0.800459 s
currentSize : 42 <-- 0.873487 s

maxsize : 42
nodes : 209451.000000
filtered : 1134034.000000
time : 0.951077
