Parameters: GAD=1 vflib=1 dir=1 label=1 lowerbound=1 fileNameGp=../graphsdb/mcs70/m2D/m2Dr4/mcs70_m2Dr4_s25.A96 fileNameGt=../graphsdb/mcs70/m2D/m2Dr4/mcs70_m2Dr4_s25.B96
Reading graphs...
25 : 50
25 : 49
Initializing...
maxdom : 8
D->valSize : 167
Solving...
Blb : 2 (clique : 9)
currentSize : 9 <-- 0.000914 s
currentSize : 10 <-- 0.001082 s
currentSize : 12 <-- 0.001162 s
currentSize : 13 <-- 0.001381 s
currentSize : 14 <-- 0.002414 s
currentSize : 15 <-- 0.002589 s
currentSize : 16 <-- 0.003821 s

maxsize : 16
nodes : 1041.000000
filtered : 11832.000000
time : 0.004355
