Parameters: GAD=1 vflib=1 dir=1 label=1 lowerbound=1 fileNameGp=../graphsdb/mcs70/m2D/m2Dr4/mcs70_m2Dr4_s60.A67 fileNameGt=../graphsdb/mcs70/m2D/m2Dr4/mcs70_m2Dr4_s60.B67
Reading graphs...
60 : 128
60 : 127
Initializing...
maxdom : 6
D->valSize : 276
Solving...
Blb : 2 (clique : 27)
currentSize : 27 <-- 0.003223 s
currentSize : 29 <-- 0.003461 s
currentSize : 30 <-- 0.099667 s
currentSize : 32 <-- 0.182431 s
currentSize : 33 <-- 0.182814 s
currentSize : 34 <-- 1.405686 s
currentSize : 35 <-- 1.420892 s
currentSize : 36 <-- 3.657422 s

maxsize : 36
nodes : 1726836.000000
filtered : 12193944.000000
time : 7.849894
