Parameters: GAD=1 vflib=1 dir=1 label=1 lowerbound=1 fileNameGp=../graphsdb/mcs70/bvg/b03m/mcs70_b03m_s80.A92 fileNameGt=../graphsdb/mcs70/bvg/b03m/mcs70_b03m_s80.B92
Reading graphs...
80 : 120
80 : 120
Initializing...
maxdom : 8
D->valSize : 451
Solving...
Blb : 2 (clique : 43)
currentSize : 43 <-- 0.004805 s
currentSize : 46 <-- 14.439637 s
currentSize : 47 <-- 143.642471 s
currentSize : 48 <-- 557.310913 s
currentSize : 49 <-- 557.311279 s
currentSize : 50 <-- 557.311340 s
currentSize : 51 <-- 951.042969 s
currentSize : 53 <-- 951.043030 s
currentSize : 56 <-- 951.147644 s

maxsize : 56
nodes : 233776340.000000
filtered : 1500723165.000000
time : 1204.860107
