Parameters: GAD=1 vflib=1 dir=1 label=1 lowerbound=1 fileNameGp=../graphsdb/mcs70/rand/r01/mcs70_r01_s80.A86 fileNameGt=../graphsdb/mcs70/rand/r01/mcs70_r01_s80.B86
Reading graphs...
80 : 631
80 : 631
Initializing...
maxdom : 7
D->valSize : 434
Solving...
Blb : 2 (clique : 13)
currentSize : 13 <-- 0.004060 s
currentSize : 14 <-- 0.004295 s
currentSize : 15 <-- 0.006540 s
currentSize : 16 <-- 0.006615 s
currentSize : 17 <-- 0.011583 s
currentSize : 18 <-- 0.015401 s
currentSize : 19 <-- 0.024241 s
currentSize : 20 <-- 0.029520 s
currentSize : 22 <-- 0.029719 s
currentSize : 33 <-- 0.040095 s
currentSize : 37 <-- 0.049952 s
currentSize : 42 <-- 0.097201 s
currentSize : 43 <-- 0.109372 s
currentSize : 56 <-- 0.125037 s

maxsize : 56
nodes : 22986.000000
filtered : 329215.000000
time : 0.142414
