Parameters: GAD=1 vflib=1 dir=1 label=1 lowerbound=1 fileNameGp=../graphsdb/mcs70/m3D/m3D/mcs70_m3D_s100.A60 fileNameGt=../graphsdb/mcs70/m3D/m3D/mcs70_m3D_s100.B60
Reading graphs...
100 : 235
100 : 235
Initializing...
maxdom : 6
D->valSize : 353
Solving...
Blb : 2 (clique : 42)
currentSize : 42 <-- 0.006942 s
currentSize : 43 <-- 0.008300 s
currentSize : 45 <-- 0.008601 s
currentSize : 46 <-- 0.009560 s
currentSize : 47 <-- 0.011460 s
currentSize : 48 <-- 0.057161 s
currentSize : 49 <-- 0.058944 s
currentSize : 50 <-- 0.478893 s
currentSize : 51 <-- 0.483912 s
currentSize : 52 <-- 0.643495 s
currentSize : 53 <-- 1.881093 s
currentSize : 54 <-- 281.612885 s
currentSize : 55 <-- 281.673218 s
currentSize : 56 <-- 281.673645 s
currentSize : 57 <-- 281.696259 s
currentSize : 58 <-- 281.696686 s
currentSize : 59 <-- 281.752930 s
currentSize : 60 <-- 282.168427 s
currentSize : 61 <-- 282.248291 s
currentSize : 62 <-- 1216.521362 s
currentSize : 63 <-- 1216.536987 s
currentSize : 64 <-- 1216.537598 s

maxsize : 64
nodes : 300861721.000000
filtered : 1073308299.000000
time : 1535.695068
