Parameters: GAD=1 vflib=1 dir=1 label=1 lowerbound=1 fileNameGp=../graphsdb/mcs70/bvg/b09/mcs70_b09_s100.A77 fileNameGt=../graphsdb/mcs70/bvg/b09/mcs70_b09_s100.B77
Reading graphs...
100 : 450
100 : 450
Initializing...
maxdom : 7
D->valSize : 393
Solving...
Blb : 2 (clique : 57)
currentSize : 57 <-- 0.006893 s
currentSize : 60 <-- 0.007591 s
currentSize : 65 <-- 0.056422 s
currentSize : 69 <-- 0.056846 s
currentSize : 70 <-- 0.064811 s

maxsize : 70
nodes : 1915150.000000
filtered : 11333865.000000
time : 10.837681
