Parameters: GAD=1 vflib=1 dir=1 label=1 lowerbound=1 fileNameGp=../graphsdb/mcs70/rand/r005/mcs70_r005_s90.A53 fileNameGt=../graphsdb/mcs70/rand/r005/mcs70_r005_s90.B53
Reading graphs...
90 : 399
90 : 399
Initializing...
maxdom : 12
D->valSize : 583
Solving...
Blb : 2 (clique : 35)
currentSize : 35 <-- 0.011318 s
currentSize : 38 <-- 0.011853 s
currentSize : 40 <-- 0.012056 s
currentSize : 41 <-- 0.012788 s
currentSize : 46 <-- 1.639549 s
currentSize : 48 <-- 1.639721 s
currentSize : 52 <-- 1.642184 s
currentSize : 54 <-- 1.642400 s
currentSize : 55 <-- 2.216651 s
currentSize : 63 <-- 2.217709 s

maxsize : 63
nodes : 458406.000000
filtered : 5696862.000000
time : 3.057076
