Parameters: GAD=1 vflib=1 dir=1 label=1 lowerbound=1 fileNameGp=../graphsdb/mcs70/bvg/b03/mcs70_b03_s50.A84 fileNameGt=../graphsdb/mcs70/bvg/b03/mcs70_b03_s50.B84
Reading graphs...
50 : 75
50 : 75
Initializing...
maxdom : 10
D->valSize : 333
Solving...
Blb : 2 (clique : 28)
currentSize : 28 <-- 0.003005 s
currentSize : 29 <-- 0.028324 s
currentSize : 30 <-- 2.072859 s
currentSize : 31 <-- 2.089525 s
currentSize : 32 <-- 3.131643 s
currentSize : 33 <-- 3.372695 s
currentSize : 34 <-- 3.372990 s

maxsize : 34
nodes : 948073.000000
filtered : 8697959.000000
time : 3.880221
