Parameters: GAD=1 vflib=1 dir=1 label=1 lowerbound=1 fileNameGp=../graphsdb/mcs70/m4D/m4Dr2/mcs70_m4Dr2_s25.A29 fileNameGt=../graphsdb/mcs70/m4D/m4Dr2/mcs70_m4Dr2_s25.B29
Reading graphs...
25 : 52
25 : 52
Initializing...
maxdom : 8
D->valSize : 154
Solving...
Blb : 2 (clique : 8)
currentSize : 8 <-- 0.000696 s
currentSize : 9 <-- 0.000977 s
currentSize : 10 <-- 0.001029 s
currentSize : 11 <-- 0.001093 s
currentSize : 12 <-- 0.003327 s
currentSize : 13 <-- 0.014186 s
currentSize : 16 <-- 0.016879 s

maxsize : 16
nodes : 4839.000000
filtered : 59772.000000
time : 0.017957
