Parameters: GAD=1 vflib=1 dir=1 label=1 lowerbound=1 fileNameGp=../graphsdb/mcs70/rand/r005/mcs70_r005_s30.A18 fileNameGt=../graphsdb/mcs70/rand/r005/mcs70_r005_s30.B18
Reading graphs...
30 : 42
30 : 42
Initializing...
maxdom : 5
D->valSize : 112
Solving...
Blb : 2 (clique : 11)
currentSize : 11 <-- 0.000627 s
currentSize : 13 <-- 0.000685 s
currentSize : 14 <-- 0.000723 s
currentSize : 15 <-- 0.001809 s
currentSize : 17 <-- 0.006950 s
currentSize : 19 <-- 0.008351 s
currentSize : 21 <-- 0.010983 s

maxsize : 21
nodes : 4289.000000
filtered : 22296.000000
time : 0.012481
