Parameters: GAD=1 vflib=1 dir=1 label=1 lowerbound=1 fileNameGp=../graphsdb/mcs70/bvg/b09/mcs70_b09_s20.A33 fileNameGt=../graphsdb/mcs70/bvg/b09/mcs70_b09_s20.B33
Reading graphs...
20 : 90
20 : 90
Initializing...
maxdom : 6
D->valSize : 105
Solving...
Blb : 5 (clique : 6)
currentSize : 6 <-- 0.000501 s
currentSize : 8 <-- 0.000578 s
currentSize : 10 <-- 0.000656 s
currentSize : 11 <-- 0.000804 s
currentSize : 14 <-- 0.000993 s

maxsize : 14
nodes : 205.000000
filtered : 3428.000000
time : 0.001113
