Parameters: GAD=1 vflib=1 dir=1 label=1 lowerbound=1 fileNameGp=../graphsdb/mcs70/m2D/m2Dr4/mcs70_m2Dr4_s50.A77 fileNameGt=../graphsdb/mcs70/m2D/m2Dr4/mcs70_m2Dr4_s50.B77
Reading graphs...
50 : 105
50 : 104
Initializing...
maxdom : 9
D->valSize : 335
Solving...
Blb : 2 (clique : 18)
currentSize : 18 <-- 0.003987 s
currentSize : 19 <-- 0.004650 s
currentSize : 21 <-- 0.005021 s
currentSize : 23 <-- 0.007061 s
currentSize : 24 <-- 0.013472 s
currentSize : 25 <-- 0.014977 s
currentSize : 27 <-- 0.042225 s
currentSize : 28 <-- 0.042410 s
currentSize : 30 <-- 0.042781 s
currentSize : 33 <-- 0.129486 s
currentSize : 34 <-- 0.465766 s
currentSize : 36 <-- 0.466385 s

maxsize : 36
nodes : 100452.000000
filtered : 936631.000000
time : 0.555525
