Parameters: GAD=1 vflib=1 dir=1 label=1 lowerbound=1 fileNameGp=../graphsdb/mcs70/rand/r01/mcs70_r01_s90.A53 fileNameGt=../graphsdb/mcs70/rand/r01/mcs70_r01_s90.B53
Reading graphs...
90 : 800
90 : 800
Initializing...
maxdom : 8
D->valSize : 510
Solving...
Blb : 3 (clique : 17)
currentSize : 17 <-- 0.005495 s
currentSize : 24 <-- 0.005644 s
currentSize : 26 <-- 0.007322 s
currentSize : 32 <-- 0.007593 s
currentSize : 42 <-- 0.056280 s
currentSize : 63 <-- 0.074237 s

maxsize : 63
nodes : 11273.000000
filtered : 216025.000000
time : 0.083078
