Parameters: GAD=1 vflib=1 dir=1 label=1 lowerbound=1 fileNameGp=../graphsdb/mcs70/bvg/b03/mcs70_b03_s70.A38 fileNameGt=../graphsdb/mcs70/bvg/b03/mcs70_b03_s70.B38
Reading graphs...
70 : 105
70 : 105
Initializing...
maxdom : 8
D->valSize : 324
Solving...
Blb : 2 (clique : 40)
currentSize : 40 <-- 0.002816 s
currentSize : 43 <-- 0.003068 s
currentSize : 46 <-- 0.003298 s
currentSize : 48 <-- 0.003421 s
currentSize : 49 <-- 0.054012 s

maxsize : 49
nodes : 2126975.000000
filtered : 13106993.000000
time : 10.526583
