Parameters: GAD=1 vflib=1 dir=1 label=1 lowerbound=1 fileNameGp=../graphsdb/mcs70/bvg/b06m/mcs70_b06m_s80.A22 fileNameGt=../graphsdb/mcs70/bvg/b06m/mcs70_b06m_s80.B22
Reading graphs...
80 : 240
80 : 240
Initializing...
maxdom : 8
D->valSize : 412
Solving...
Blb : 3 (clique : 43)
currentSize : 43 <-- 0.004112 s
currentSize : 44 <-- 0.042445 s
currentSize : 46 <-- 0.042648 s
currentSize : 48 <-- 2.694302 s
currentSize : 50 <-- 2.694446 s
currentSize : 51 <-- 2.695287 s
currentSize : 55 <-- 50.207722 s
currentSize : 56 <-- 50.258152 s

maxsize : 56
nodes : 11637320.000000
filtered : 58656334.000000
time : 54.277771
