Parameters: GAD=1 vflib=1 dir=1 label=1 lowerbound=1 fileNameGp=../graphsdb/mcs70/bvg/b06/mcs70_b06_s100.A33 fileNameGt=../graphsdb/mcs70/bvg/b06/mcs70_b06_s100.B33
Reading graphs...
100 : 300
100 : 300
Initializing...
maxdom : 9
D->valSize : 418
Solving...
Blb : 2 (clique : 45)
currentSize : 45 <-- 0.007491 s
currentSize : 48 <-- 4.043501 s
currentSize : 49 <-- 4.043777 s
currentSize : 50 <-- 4.044754 s
currentSize : 51 <-- 4.548190 s
currentSize : 53 <-- 10.970328 s
currentSize : 54 <-- 10.971631 s
currentSize : 55 <-- 11.118702 s
currentSize : 56 <-- 16.361582 s
currentSize : 59 <-- 16.363235 s
currentSize : 60 <-- 16.367565 s
currentSize : 61 <-- 16.542128 s
currentSize : 62 <-- 16.544334 s
currentSize : 65 <-- 24.512815 s
currentSize : 66 <-- 24.513033 s
currentSize : 67 <-- 24.513540 s
currentSize : 68 <-- 24.513792 s
currentSize : 70 <-- 24.695507 s

maxsize : 70
nodes : 6832876.000000
filtered : 23783455.000000
time : 33.687832
