Parameters: GAD=1 vflib=1 dir=1 label=1 lowerbound=1 fileNameGp=../graphsdb/mcs70/bvg/b03/mcs70_b03_s35.A30 fileNameGt=../graphsdb/mcs70/bvg/b03/mcs70_b03_s35.B30
Reading graphs...
35 : 52
35 : 52
Initializing...
maxdom : 7
D->valSize : 180
Solving...
Blb : 2 (clique : 18)
currentSize : 18 <-- 0.001062 s
currentSize : 20 <-- 0.001164 s
currentSize : 21 <-- 0.001219 s
currentSize : 23 <-- 0.005670 s
currentSize : 24 <-- 0.005734 s

maxsize : 24
nodes : 7488.000000
filtered : 62562.000000
time : 0.029717
