Parameters: GAD=1 vflib=1 dir=1 label=1 lowerbound=1 fileNameGp=../graphsdb/mcs70/m3D/m3Dr2/mcs70_m3Dr2_s100.A86 fileNameGt=../graphsdb/mcs70/m3D/m3Dr2/mcs70_m3Dr2_s100.B86
Reading graphs...
100 : 255
100 : 254
Initializing...
maxdom : 5
D->valSize : 359
Solving...
Blb : 2 (clique : 47)
currentSize : 47 <-- 0.006081 s
currentSize : 48 <-- 0.006790 s
currentSize : 50 <-- 0.006988 s
currentSize : 51 <-- 0.007649 s
currentSize : 53 <-- 0.009462 s
currentSize : 55 <-- 0.011203 s
currentSize : 56 <-- 0.019083 s
currentSize : 59 <-- 0.019336 s
currentSize : 61 <-- 0.020941 s
currentSize : 62 <-- 0.201101 s
currentSize : 64 <-- 0.262426 s

maxsize : 64
nodes : 18231703.000000
filtered : 87935527.000000
time : 104.758369
