Parameters: GAD=1 vflib=1 dir=1 label=1 lowerbound=1 fileNameGp=../graphsdb/mcs70/bvg/b09m/mcs70_b09m_s90.A96 fileNameGt=../graphsdb/mcs70/bvg/b09m/mcs70_b09m_s90.B96
Reading graphs...
90 : 405
90 : 405
Initializing...
maxdom : 12
D->valSize : 590
Solving...
Blb : 3 (clique : 43)
currentSize : 43 <-- 0.007065 s
currentSize : 45 <-- 0.362089 s
currentSize : 51 <-- 0.362305 s
currentSize : 53 <-- 0.362597 s
currentSize : 60 <-- 0.628891 s
currentSize : 62 <-- 0.629599 s

maxsize : 62
nodes : 398340.000000
filtered : 3781092.000000
time : 2.287441
