Parameters: GAD=1 vflib=1 dir=1 label=1 lowerbound=1 fileNameGp=../graphsdb/mcs70/bvg/b09/mcs70_b09_s60.A83 fileNameGt=../graphsdb/mcs70/bvg/b09/mcs70_b09_s60.B83
Reading graphs...
60 : 270
60 : 270
Initializing...
maxdom : 8
D->valSize : 298
Solving...
Blb : 2 (clique : 26)
currentSize : 26 <-- 0.002164 s
currentSize : 28 <-- 0.002310 s
currentSize : 30 <-- 0.002355 s
currentSize : 39 <-- 0.018336 s
currentSize : 42 <-- 0.018418 s

maxsize : 42
nodes : 22554.000000
filtered : 141062.000000
time : 0.094543
