Parameters: GAD=1 vflib=1 dir=1 label=1 lowerbound=1 fileNameGp=../graphsdb/mcs70/m2D/m2Dr6/mcs70_m2Dr6_s40.A70 fileNameGt=../graphsdb/mcs70/m2D/m2Dr6/mcs70_m2Dr6_s40.B70
Reading graphs...
40 : 90
40 : 90
Initializing...
maxdom : 9
D->valSize : 228
Solving...
Blb : 2 (clique : 15)
currentSize : 15 <-- 0.001365 s
currentSize : 16 <-- 0.002903 s
currentSize : 19 <-- 0.041455 s
currentSize : 22 <-- 0.041553 s
currentSize : 24 <-- 0.065293 s
currentSize : 25 <-- 0.065370 s

maxsize : 25
nodes : 23712.000000
filtered : 200308.000000
time : 0.088686
