Parameters: GAD=1 vflib=1 dir=1 label=1 lowerbound=1 fileNameGp=../graphsdb/mcs70/m2D/m2D/mcs70_m2D_s25.A58 fileNameGt=../graphsdb/mcs70/m2D/m2D/mcs70_m2D_s25.B58
Reading graphs...
25 : 40
25 : 40
Initializing...
maxdom : 7
D->valSize : 157
Solving...
Blb : 2 (clique : 10)
currentSize : 10 <-- 0.000802 s
currentSize : 11 <-- 0.000870 s
currentSize : 12 <-- 0.001231 s
currentSize : 15 <-- 0.008807 s
currentSize : 16 <-- 0.008845 s
currentSize : 18 <-- 0.011808 s

maxsize : 18
nodes : 3558.000000
filtered : 38373.000000
time : 0.012578
