Parameters: GAD=1 vflib=1 dir=1 label=1 lowerbound=1 fileNameGp=../graphsdb/mcs70/m3D/m3D/mcs70_m3D_s100.A67 fileNameGt=../graphsdb/mcs70/m3D/m3D/mcs70_m3D_s100.B67
Reading graphs...
100 : 235
100 : 235
Initializing...
maxdom : 7
D->valSize : 376
Solving...
Blb : 2 (clique : 52)
currentSize : 52 <-- 0.003999 s
currentSize : 54 <-- 0.014940 s
currentSize : 55 <-- 0.015641 s
currentSize : 56 <-- 0.270347 s
currentSize : 57 <-- 3.489909 s
currentSize : 58 <-- 3.513095 s
currentSize : 59 <-- 71.005150 s
currentSize : 61 <-- 80.092064 s
currentSize : 62 <-- 80.524017 s
currentSize : 63 <-- 84.402534 s
currentSize : 64 <-- 84.412109 s

maxsize : 64
nodes : 89877834.000000
filtered : 338605485.000000
time : 455.746796
