Parameters: GAD=1 vflib=1 dir=1 label=1 lowerbound=1 fileNameGp=../graphsdb/mcs70/m2D/m2D/mcs70_m2D_s90.A57 fileNameGt=../graphsdb/mcs70/m2D/m2D/mcs70_m2D_s90.B57
Reading graphs...
90 : 161
90 : 161
Initializing...
maxdom : 9
D->valSize : 580
Solving...
Blb : 2 (clique : 56)
currentSize : 56 <-- 0.007218 s
currentSize : 57 <-- 0.007808 s
currentSize : 58 <-- 0.008085 s
currentSize : 59 <-- 0.008469 s
currentSize : 60 <-- 0.010321 s
currentSize : 61 <-- 0.010632 s
currentSize : 62 <-- 0.011123 s
currentSize : 63 <-- 0.031467 s
currentSize : 64 <-- 0.031847 s
currentSize : 65 <-- 0.032561 s

maxsize : 65
nodes : 388231230.000000
filtered : 2448637112.000000
time : 2116.806396
