Parameters: GAD=1 vflib=1 dir=1 label=1 lowerbound=1 fileNameGp=../graphsdb/mcs70/m2D/m2Dr2/mcs70_m2Dr2_s60.A51 fileNameGt=../graphsdb/mcs70/m2D/m2Dr2/mcs70_m2Dr2_s60.B51
Reading graphs...
60 : 116
60 : 115
Initializing...
maxdom : 9
D->valSize : 262
Solving...
Blb : 2 (clique : 22)
currentSize : 22 <-- 0.001940 s
currentSize : 26 <-- 0.002218 s
currentSize : 29 <-- 0.004166 s
currentSize : 30 <-- 0.124269 s
currentSize : 32 <-- 0.126337 s
currentSize : 33 <-- 0.126537 s
currentSize : 36 <-- 0.675694 s

maxsize : 36
nodes : 199958.000000
filtered : 1047607.000000
time : 0.814301
