Parameters: GAD=1 vflib=1 dir=1 label=1 lowerbound=1 fileNameGp=../graphsdb/mcs70/bvg/b06/mcs70_b06_s80.A82 fileNameGt=../graphsdb/mcs70/bvg/b06/mcs70_b06_s80.B82
Reading graphs...
80 : 240
80 : 240
Initializing...
maxdom : 7
D->valSize : 418
Solving...
Blb : 3 (clique : 39)
currentSize : 39 <-- 0.004053 s
currentSize : 41 <-- 0.147638 s
currentSize : 46 <-- 62.986546 s
currentSize : 49 <-- 62.992893 s
currentSize : 56 <-- 124.554405 s

maxsize : 56
nodes : 29853814.000000
filtered : 185706941.000000
time : 140.958817
