Parameters: GAD=1 vflib=1 dir=1 label=1 lowerbound=1 fileNameGp=../graphsdb/mcs70/bvg/b03m/mcs70_b03m_s80.A45 fileNameGt=../graphsdb/mcs70/bvg/b03m/mcs70_b03m_s80.B45
Reading graphs...
80 : 120
80 : 120
Initializing...
maxdom : 9
D->valSize : 455
Solving...
Blb : 2 (clique : 51)
currentSize : 51 <-- 0.004882 s
currentSize : 52 <-- 0.005266 s
currentSize : 53 <-- 0.005641 s
currentSize : 55 <-- 0.006673 s
currentSize : 56 <-- 0.006990 s
currentSize : 57 <-- 0.027326 s

maxsize : 57
nodes : 40578118.000000
filtered : 249201490.000000
time : 205.954239
