Parameters: GAD=1 vflib=1 dir=1 label=1 lowerbound=1 fileNameGp=../graphsdb/mcs70/bvg/b09m/mcs70_b09m_s50.A45 fileNameGt=../graphsdb/mcs70/bvg/b09m/mcs70_b09m_s50.B45
Reading graphs...
50 : 225
50 : 225
Initializing...
maxdom : 10
D->valSize : 339
Solving...
Blb : 2 (clique : 21)
currentSize : 21 <-- 0.002390 s
currentSize : 22 <-- 0.025212 s
currentSize : 25 <-- 0.059973 s
currentSize : 29 <-- 0.104133 s
currentSize : 34 <-- 0.104198 s

maxsize : 34
nodes : 52110.000000
filtered : 356254.000000
time : 0.187579
