Parameters: GAD=1 vflib=1 dir=1 label=1 lowerbound=1 fileNameGp=../graphsdb/mcs70/bvg/b03m/mcs70_b03m_s60.A67 fileNameGt=../graphsdb/mcs70/bvg/b03m/mcs70_b03m_s60.B67
Reading graphs...
60 : 90
60 : 90
Initializing...
maxdom : 7
D->valSize : 244
Solving...
Blb : 3 (clique : 32)
currentSize : 32 <-- 0.002862 s
currentSize : 33 <-- 0.355747 s
currentSize : 34 <-- 0.780679 s
currentSize : 35 <-- 0.813508 s
currentSize : 36 <-- 0.815399 s
currentSize : 37 <-- 2.119078 s
currentSize : 38 <-- 2.324983 s
currentSize : 39 <-- 2.325474 s
currentSize : 41 <-- 8.096366 s
currentSize : 42 <-- 8.137770 s

maxsize : 42
nodes : 3265311.000000
filtered : 11222609.000000
time : 12.300498
