Parameters: GAD=1 vflib=1 dir=1 label=1 lowerbound=1 fileNameGp=../graphsdb/mcs70/bvg/b03m/mcs70_b03m_s20.A25 fileNameGt=../graphsdb/mcs70/bvg/b03m/mcs70_b03m_s20.B25
Reading graphs...
20 : 30
20 : 30
Initializing...
maxdom : 7
D->valSize : 110
Solving...
Blb : 2 (clique : 10)
currentSize : 10 <-- 0.000566 s
currentSize : 11 <-- 0.003068 s
currentSize : 12 <-- 0.003086 s
currentSize : 13 <-- 0.003731 s
currentSize : 14 <-- 0.003753 s

maxsize : 14
nodes : 1095.000000
filtered : 10831.000000
time : 0.004399
