Parameters: GAD=1 vflib=1 dir=1 label=1 lowerbound=1 fileNameGp=../graphsdb/mcs70/bvg/b09m/mcs70_b09m_s90.A39 fileNameGt=../graphsdb/mcs70/bvg/b09m/mcs70_b09m_s90.B39
Reading graphs...
90 : 405
90 : 405
Initializing...
maxdom : 9
D->valSize : 556
Solving...
Blb : 3 (clique : 45)
currentSize : 45 <-- 0.006458 s
currentSize : 47 <-- 0.013608 s
currentSize : 48 <-- 6.116089 s
currentSize : 57 <-- 17.056271 s
currentSize : 58 <-- 17.057192 s
currentSize : 62 <-- 17.324677 s

maxsize : 62
nodes : 7386793.000000
filtered : 50396660.000000
time : 38.501537
