Parameters: GAD=1 vflib=1 dir=1 label=1 lowerbound=1 fileNameGp=../graphsdb/mcs70/bvg/b06m/mcs70_b06m_s90.A71 fileNameGt=../graphsdb/mcs70/bvg/b06m/mcs70_b06m_s90.B71
Reading graphs...
90 : 270
90 : 270
Initializing...
maxdom : 12
D->valSize : 574
Solving...
Blb : 3 (clique : 43)
currentSize : 43 <-- 0.007017 s
currentSize : 44 <-- 0.058474 s
currentSize : 45 <-- 0.058688 s
currentSize : 47 <-- 1.430817 s
currentSize : 48 <-- 1.431013 s
currentSize : 50 <-- 2.967668 s
currentSize : 51 <-- 2.989572 s
currentSize : 52 <-- 2.990277 s
currentSize : 54 <-- 2.990400 s
currentSize : 56 <-- 7.117081 s
currentSize : 57 <-- 7.356758 s
currentSize : 58 <-- 13.467912 s
currentSize : 60 <-- 13.468047 s
currentSize : 61 <-- 35.122456 s
currentSize : 63 <-- 35.122593 s

maxsize : 63
nodes : 5870933.000000
filtered : 60479687.000000
time : 38.039211
