Parameters: GAD=1 vflib=1 dir=1 label=1 lowerbound=1 fileNameGp=../graphsdb/mcs70/bvg/b09/mcs70_b09_s50.A96 fileNameGt=../graphsdb/mcs70/bvg/b09/mcs70_b09_s50.B96
Reading graphs...
50 : 225
50 : 225
Initializing...
maxdom : 12
D->valSize : 410
Solving...
Blb : 2 (clique : 23)
currentSize : 23 <-- 0.004946 s
currentSize : 26 <-- 0.005180 s
currentSize : 28 <-- 0.005459 s
currentSize : 29 <-- 0.005596 s
currentSize : 34 <-- 0.060500 s

maxsize : 34
nodes : 13833.000000
filtered : 147044.000000
time : 0.083650
