Parameters: GAD=1 vflib=1 dir=1 label=1 lowerbound=1 fileNameGp=../graphsdb/mcs70/m3D/m3Dr4/mcs70_m3Dr4_s40.A74 fileNameGt=../graphsdb/mcs70/m3D/m3Dr4/mcs70_m3Dr4_s40.B74
Reading graphs...
40 : 100
40 : 100
Initializing...
maxdom : 8
D->valSize : 232
Solving...
Blb : 2 (clique : 16)
currentSize : 16 <-- 0.001342 s
currentSize : 17 <-- 0.001447 s
currentSize : 21 <-- 0.001492 s
currentSize : 26 <-- 0.008096 s
currentSize : 27 <-- 0.008125 s

maxsize : 27
nodes : 3967.000000
filtered : 40966.000000
time : 0.016584
