Parameters: GAD=1 vflib=1 dir=1 label=1 lowerbound=1 fileNameGp=../graphsdb/mcs70/m3D/m3D/mcs70_m3D_s35.A41 fileNameGt=../graphsdb/mcs70/m3D/m3D/mcs70_m3D_s35.B41
Reading graphs...
35 : 72
35 : 72
Initializing...
maxdom : 7
D->valSize : 169
Solving...
Blb : 3 (clique : 15)
currentSize : 15 <-- 0.001005 s
currentSize : 18 <-- 0.001741 s
currentSize : 19 <-- 0.001784 s
currentSize : 22 <-- 0.002168 s
currentSize : 24 <-- 0.002488 s
currentSize : 27 <-- 0.002819 s

maxsize : 27
nodes : 822.000000
filtered : 5725.000000
time : 0.003426
