Parameters: GAD=1 vflib=1 dir=1 label=1 lowerbound=1 fileNameGp=../graphsdb/mcs70/m2D/m2Dr6/mcs70_m2Dr6_s100.A06 fileNameGt=../graphsdb/mcs70/m2D/m2Dr6/mcs70_m2Dr6_s100.B06
Reading graphs...
100 : 240
100 : 238
Initializing...
maxdom : 6
D->valSize : 358
Solving...
Blb : 2 (clique : 50)
currentSize : 50 <-- 0.006779 s
currentSize : 51 <-- 0.007630 s
currentSize : 52 <-- 0.008153 s
currentSize : 53 <-- 0.008412 s
currentSize : 54 <-- 0.042011 s
currentSize : 55 <-- 0.042527 s
currentSize : 56 <-- 0.042821 s
currentSize : 57 <-- 0.764633 s
currentSize : 58 <-- 0.769994 s
currentSize : 59 <-- 200.606766 s
currentSize : 60 <-- 252.806198 s
currentSize : 61 <-- 253.040329 s
currentSize : 63 <-- 253.076553 s
currentSize : 64 <-- 253.077271 s

maxsize : 64
nodes : 81691729.000000
filtered : 339360283.000000
time : 430.881042
