Parameters: GAD=1 vflib=1 dir=1 label=1 lowerbound=1 fileNameGp=../graphsdb/mcs70/m3D/m3Dr2/mcs70_m3Dr2_s100.A22 fileNameGt=../graphsdb/mcs70/m3D/m3Dr2/mcs70_m3Dr2_s100.B22
Reading graphs...
100 : 255
100 : 255
Initializing...
maxdom : 7
D->valSize : 371
Solving...
Blb : 2 (clique : 57)
currentSize : 57 <-- 0.004070 s
currentSize : 59 <-- 0.004431 s
currentSize : 60 <-- 0.227457 s
currentSize : 61 <-- 0.227888 s
currentSize : 63 <-- 0.254367 s
currentSize : 64 <-- 0.254741 s

maxsize : 64
nodes : 70765070.000000
filtered : 293629123.000000
time : 355.574860
