Parameters: GAD=1 vflib=1 dir=1 label=1 lowerbound=1 fileNameGp=../graphsdb/mcs70/bvg/b06/mcs70_b06_s70.A67 fileNameGt=../graphsdb/mcs70/bvg/b06/mcs70_b06_s70.B67
Reading graphs...
70 : 210
70 : 210
Initializing...
maxdom : 11
D->valSize : 368
Solving...
Blb : 2 (clique : 28)
currentSize : 28 <-- 0.003142 s
currentSize : 30 <-- 0.003477 s
currentSize : 33 <-- 0.003538 s
currentSize : 34 <-- 0.003850 s
currentSize : 35 <-- 0.004609 s
currentSize : 40 <-- 0.004689 s
currentSize : 41 <-- 0.004902 s
currentSize : 42 <-- 0.088810 s
currentSize : 47 <-- 0.089792 s
currentSize : 49 <-- 0.089913 s

maxsize : 49
nodes : 194972.000000
filtered : 1336693.000000
time : 0.951654
