Parameters: GAD=1 vflib=1 dir=1 label=1 lowerbound=1 fileNameGp=../graphsdb/mcs70/bvg/b03/mcs70_b03_s60.A09 fileNameGt=../graphsdb/mcs70/bvg/b03/mcs70_b03_s60.B09
Reading graphs...
60 : 90
60 : 90
Initializing...
maxdom : 9
D->valSize : 271
Solving...
Blb : 2 (clique : 25)
currentSize : 25 <-- 0.003317 s
currentSize : 26 <-- 0.004271 s
currentSize : 27 <-- 0.144298 s
currentSize : 28 <-- 0.259295 s
currentSize : 29 <-- 0.441635 s
currentSize : 30 <-- 0.784471 s
currentSize : 31 <-- 2.889506 s
currentSize : 32 <-- 2.889602 s
currentSize : 33 <-- 14.854763 s
currentSize : 35 <-- 18.364744 s
currentSize : 36 <-- 18.364822 s
currentSize : 37 <-- 20.735683 s
currentSize : 40 <-- 21.708811 s
currentSize : 42 <-- 22.082735 s

maxsize : 42
nodes : 5158284.000000
filtered : 33577954.000000
time : 22.173668
