Parameters: GAD=1 vflib=1 dir=1 label=1 lowerbound=1 fileNameGp=../graphsdb/mcs70/bvg/b06/mcs70_b06_s35.A27 fileNameGt=../graphsdb/mcs70/bvg/b06/mcs70_b06_s35.B27
Reading graphs...
35 : 105
35 : 105
Initializing...
maxdom : 6
D->valSize : 169
Solving...
Blb : 2 (clique : 11)
currentSize : 11 <-- 0.000943 s
currentSize : 12 <-- 0.001013 s
currentSize : 15 <-- 0.001066 s
currentSize : 17 <-- 0.001744 s
currentSize : 20 <-- 0.005048 s
currentSize : 21 <-- 0.005120 s
currentSize : 23 <-- 0.005159 s
currentSize : 24 <-- 0.005748 s

maxsize : 24
nodes : 3721.000000
filtered : 23732.000000
time : 0.012371
