Parameters: GAD=1 vflib=1 dir=1 label=1 lowerbound=1 fileNameGp=../graphsdb/mcs70/rand/r02/mcs70_r02_s40.A02 fileNameGt=../graphsdb/mcs70/rand/r02/mcs70_r02_s40.B02
Reading graphs...
40 : 311
40 : 311
Initializing...
maxdom : 8
D->valSize : 210
Solving...
Blb : 3 (clique : 13)
currentSize : 13 <-- 0.001560 s
currentSize : 14 <-- 0.001714 s
currentSize : 15 <-- 0.002136 s
currentSize : 16 <-- 0.003721 s
currentSize : 28 <-- 0.004323 s

maxsize : 28
nodes : 596.000000
filtered : 13695.000000
time : 0.004751
