Parameters: GAD=1 vflib=1 dir=1 label=1 lowerbound=1 fileNameGp=../graphsdb/mcs70/bvg/b06/mcs70_b06_s20.A24 fileNameGt=../graphsdb/mcs70/bvg/b06/mcs70_b06_s20.B24
Reading graphs...
20 : 60
20 : 60
Initializing...
maxdom : 7
D->valSize : 100
Solving...
Blb : 2 (clique : 6)
currentSize : 6 <-- 0.000541 s
currentSize : 8 <-- 0.000617 s
currentSize : 9 <-- 0.000789 s
currentSize : 11 <-- 0.000812 s
currentSize : 14 <-- 0.000833 s

maxsize : 14
nodes : 178.000000
filtered : 1793.000000
time : 0.000959
