Parameters: GAD=1 vflib=1 dir=1 label=1 lowerbound=1 fileNameGp=../graphsdb/mcs70/m3D/m3Dr6/mcs70_m3Dr6_s40.A35 fileNameGt=../graphsdb/mcs70/m3D/m3Dr6/mcs70_m3Dr6_s40.B35
Reading graphs...
40 : 108
40 : 107
Initializing...
maxdom : 8
D->valSize : 217
Solving...
Blb : 3 (clique : 19)
currentSize : 19 <-- 0.001301 s
currentSize : 22 <-- 0.001383 s
currentSize : 23 <-- 0.001406 s
currentSize : 26 <-- 0.001446 s
currentSize : 27 <-- 0.001574 s

maxsize : 27
nodes : 5166.000000
filtered : 32485.000000
time : 0.018978
