Parameters: GAD=1 vflib=1 dir=1 label=1 lowerbound=1 fileNameGp=../graphsdb/mcs70/rand/r005/mcs70_r005_s90.A82 fileNameGt=../graphsdb/mcs70/rand/r005/mcs70_r005_s90.B82
Reading graphs...
90 : 399
90 : 399
Initializing...
maxdom : 10
D->valSize : 565
Solving...
Blb : 2 (clique : 30)
currentSize : 30 <-- 0.006480 s
currentSize : 31 <-- 0.006781 s
currentSize : 32 <-- 0.006920 s
currentSize : 38 <-- 0.012759 s
currentSize : 42 <-- 0.184675 s
currentSize : 43 <-- 1.510866 s
currentSize : 49 <-- 1.644088 s
currentSize : 53 <-- 1.644300 s
currentSize : 58 <-- 2.227880 s
currentSize : 63 <-- 2.228249 s

maxsize : 63
nodes : 485002.000000
filtered : 4969657.000000
time : 2.939136
