Parameters: GAD=1 vflib=1 dir=1 label=1 lowerbound=1 fileNameGp=../graphsdb/mcs70/bvg/b03/mcs70_b03_s90.A11 fileNameGt=../graphsdb/mcs70/bvg/b03/mcs70_b03_s90.B11
Reading graphs...
90 : 135
90 : 135
Initializing...
maxdom : 15
D->valSize : 594
Solving...
Blb : 2 (clique : 49)
currentSize : 49 <-- 0.007686 s
currentSize : 50 <-- 0.008350 s
currentSize : 51 <-- 0.357777 s
currentSize : 52 <-- 0.378078 s
currentSize : 53 <-- 0.378103 s
currentSize : 54 <-- 1.447868 s
currentSize : 55 <-- 1.942093 s

TIMEOUT
maxsize : 55
nodes : 701720527.000000
filtered : 4587556713.000000
time : 3600.000000
