Parameters: GAD=1 vflib=1 dir=1 label=1 lowerbound=1 fileNameGp=../graphsdb/mcs70/bvg/b03/mcs70_b03_s100.A23 fileNameGt=../graphsdb/mcs70/bvg/b03/mcs70_b03_s100.B23
Reading graphs...
100 : 150
100 : 150
Initializing...
maxdom : 6
D->valSize : 364
Solving...
Blb : 2 (clique : 54)
currentSize : 54 <-- 0.004211 s
currentSize : 55 <-- 0.021508 s
currentSize : 57 <-- 0.657027 s
currentSize : 58 <-- 0.675840 s
currentSize : 59 <-- 0.694021 s
currentSize : 60 <-- 1.739508 s
currentSize : 61 <-- 3.936937 s
currentSize : 62 <-- 3.952844 s
currentSize : 63 <-- 3.969137 s
currentSize : 65 <-- 9.730344 s
currentSize : 66 <-- 9.730661 s
currentSize : 67 <-- 15.248740 s
currentSize : 69 <-- 63.243038 s
currentSize : 70 <-- 81.053238 s

maxsize : 70
nodes : 140530246.000000
filtered : 541281029.000000
time : 738.052734
