Parameters: GAD=1 vflib=1 dir=1 label=1 lowerbound=1 fileNameGp=../graphsdb/mcs70/m2D/m2Dr4/mcs70_m2Dr4_s40.A18 fileNameGt=../graphsdb/mcs70/m2D/m2Dr4/mcs70_m2Dr4_s40.B18
Reading graphs...
40 : 83
40 : 81
Initializing...
maxdom : 8
D->valSize : 218
Solving...
Blb : 2 (clique : 18)
currentSize : 18 <-- 0.001994 s
currentSize : 19 <-- 0.002203 s
currentSize : 20 <-- 0.002306 s
currentSize : 21 <-- 0.002512 s
currentSize : 23 <-- 0.002741 s
currentSize : 25 <-- 0.002953 s

maxsize : 25
nodes : 7978.000000
filtered : 98012.000000
time : 0.052866
