Parameters: GAD=1 vflib=1 dir=1 label=1 lowerbound=1 fileNameGp=../graphsdb/mcs70/bvg/b09/mcs70_b09_s90.A50 fileNameGt=../graphsdb/mcs70/bvg/b09/mcs70_b09_s90.B50
Reading graphs...
90 : 405
90 : 405
Initializing...
maxdom : 8
D->valSize : 527
Solving...
Blb : 2 (clique : 46)
currentSize : 46 <-- 0.005893 s
currentSize : 47 <-- 0.006478 s
currentSize : 50 <-- 0.006631 s
currentSize : 51 <-- 0.007557 s
currentSize : 52 <-- 0.008200 s
currentSize : 57 <-- 0.008383 s
currentSize : 62 <-- 0.182054 s

maxsize : 62
nodes : 1347115.000000
filtered : 11535953.000000
time : 7.809871
