Parameters: GAD=1 vflib=1 dir=1 label=1 lowerbound=1 fileNameGp=../graphsdb/mcs70/bvg/b03m/mcs70_b03m_s90.A07 fileNameGt=../graphsdb/mcs70/bvg/b03m/mcs70_b03m_s90.B07
Reading graphs...
90 : 135
90 : 135
Initializing...
maxdom : 9
D->valSize : 535
Solving...
Blb : 2 (clique : 49)
currentSize : 49 <-- 0.010868 s
currentSize : 50 <-- 24.996731 s
currentSize : 51 <-- 324.554016 s
currentSize : 52 <-- 604.559021 s
currentSize : 53 <-- 604.571594 s
currentSize : 54 <-- 1304.318237 s
currentSize : 55 <-- 1304.326782 s
currentSize : 56 <-- 2784.307129 s
currentSize : 57 <-- 2784.308594 s

TIMEOUT
maxsize : 57
nodes : 651927052.000000
filtered : 4377424521.000000
time : 3600.000000
