Parameters: GAD=1 vflib=1 dir=1 label=1 lowerbound=1 fileNameGp=../graphsdb/mcs70/m3D/m3D/mcs70_m3D_s90.A50 fileNameGt=../graphsdb/mcs70/m3D/m3D/mcs70_m3D_s90.B50
Reading graphs...
90 : 209
90 : 209
Initializing...
maxdom : 13
D->valSize : 625
Solving...
Blb : 2 (clique : 33)
currentSize : 33 <-- 0.007892 s
currentSize : 48 <-- 0.008223 s
currentSize : 51 <-- 0.028734 s
currentSize : 52 <-- 16.300383 s
currentSize : 53 <-- 16.301512 s
currentSize : 55 <-- 16.308458 s
currentSize : 56 <-- 16.308811 s
currentSize : 57 <-- 16.309420 s
currentSize : 58 <-- 308.156677 s
currentSize : 59 <-- 573.291016 s
currentSize : 60 <-- 573.312134 s
currentSize : 61 <-- 573.318481 s
currentSize : 62 <-- 573.706604 s
currentSize : 63 <-- 573.720093 s
currentSize : 64 <-- 573.722290 s

maxsize : 64
nodes : 202212526.000000
filtered : 1470158893.000000
time : 1095.173828
