Parameters: GAD=1 vflib=1 dir=1 label=1 lowerbound=1 fileNameGp=../graphsdb/mcs70/bvg/b09/mcs70_b09_s40.A82 fileNameGt=../graphsdb/mcs70/bvg/b09/mcs70_b09_s40.B82
Reading graphs...
40 : 180
40 : 180
Initializing...
maxdom : 8
D->valSize : 218
Solving...
Blb : 2 (clique : 14)
currentSize : 14 <-- 0.001253 s
currentSize : 15 <-- 0.001501 s
currentSize : 17 <-- 0.001535 s
currentSize : 22 <-- 0.007532 s
currentSize : 28 <-- 0.008681 s

maxsize : 28
nodes : 2469.000000
filtered : 32641.000000
time : 0.010600
