Parameters: GAD=1 vflib=1 dir=1 label=1 lowerbound=1 fileNameGp=../graphsdb/mcs70/rand/r01/mcs70_r01_s25.A70 fileNameGt=../graphsdb/mcs70/rand/r01/mcs70_r01_s25.B70
Reading graphs...
25 : 59
25 : 59
Initializing...
maxdom : 12
D->valSize : 173
Solving...
Blb : 3 (clique : 8)
currentSize : 8 <-- 0.000977 s
currentSize : 9 <-- 0.001055 s
currentSize : 13 <-- 0.001106 s
currentSize : 14 <-- 0.003086 s
currentSize : 17 <-- 0.003217 s

maxsize : 17
nodes : 631.000000
filtered : 14420.000000
time : 0.003472
