Parameters: GAD=1 vflib=1 dir=1 label=1 lowerbound=1 fileNameGp=../graphsdb/mcs70/m2D/m2D/mcs70_m2D_s80.A36 fileNameGt=../graphsdb/mcs70/m2D/m2D/mcs70_m2D_s80.B36
Reading graphs...
80 : 142
80 : 142
Initializing...
maxdom : 8
D->valSize : 436
Solving...
Blb : 2 (clique : 40)
currentSize : 40 <-- 0.004408 s
currentSize : 41 <-- 0.006508 s
currentSize : 42 <-- 0.013636 s
currentSize : 43 <-- 0.015505 s
currentSize : 44 <-- 0.037838 s
currentSize : 46 <-- 0.057155 s
currentSize : 47 <-- 0.060002 s
currentSize : 49 <-- 3.762025 s
currentSize : 50 <-- 3.763679 s
currentSize : 51 <-- 366.988312 s

maxsize : 51
nodes : 153684088.000000
filtered : 896061217.000000
time : 747.850525
