Parameters: GAD=1 vflib=1 dir=1 label=1 lowerbound=1 fileNameGp=../graphsdb/mcs70/bvg/b06m/mcs70_b06m_s80.A64 fileNameGt=../graphsdb/mcs70/bvg/b06m/mcs70_b06m_s80.B64
Reading graphs...
80 : 240
80 : 240
Initializing...
maxdom : 8
D->valSize : 427
Solving...
Blb : 3 (clique : 38)
currentSize : 38 <-- 0.006897 s
currentSize : 39 <-- 0.007660 s
currentSize : 40 <-- 0.019431 s
currentSize : 41 <-- 0.020730 s
currentSize : 42 <-- 0.029600 s
currentSize : 46 <-- 0.029811 s
currentSize : 48 <-- 0.904129 s
currentSize : 49 <-- 1.517065 s
currentSize : 52 <-- 2.183809 s
currentSize : 56 <-- 2.184159 s

maxsize : 56
nodes : 493071.000000
filtered : 3811565.000000
time : 2.692342
