Parameters: GAD=1 vflib=1 dir=1 label=1 lowerbound=1 fileNameGp=../graphsdb/mcs70/rand/r01/mcs70_r01_s35.A69 fileNameGt=../graphsdb/mcs70/rand/r01/mcs70_r01_s35.B69
Reading graphs...
35 : 118
35 : 118
Initializing...
maxdom : 5
D->valSize : 157
Solving...
Blb : 2 (clique : 13)
currentSize : 13 <-- 0.000855 s
currentSize : 16 <-- 0.001914 s
currentSize : 18 <-- 0.002297 s
currentSize : 19 <-- 0.002498 s
currentSize : 24 <-- 0.002803 s

maxsize : 24
nodes : 697.000000
filtered : 7510.000000
time : 0.003725
