Parameters: GAD=1 vflib=1 dir=1 label=1 lowerbound=1 fileNameGp=../graphsdb/mcs70/bvg/b03/mcs70_b03_s60.A70 fileNameGt=../graphsdb/mcs70/bvg/b03/mcs70_b03_s60.B70
Reading graphs...
60 : 90
60 : 90
Initializing...
maxdom : 7
D->valSize : 262
Solving...
Blb : 2 (clique : 33)
currentSize : 33 <-- 0.003147 s
currentSize : 34 <-- 0.003437 s
currentSize : 36 <-- 0.003725 s
currentSize : 37 <-- 0.004779 s
currentSize : 39 <-- 0.018402 s
currentSize : 42 <-- 0.091019 s

maxsize : 42
nodes : 242010.000000
filtered : 1089003.000000
time : 1.010715
