Parameters: GAD=1 vflib=1 dir=1 label=1 lowerbound=1 fileNameGp=../graphsdb/mcs70/m2D/m2Dr4/mcs70_m2Dr4_s80.A82 fileNameGt=../graphsdb/mcs70/m2D/m2Dr4/mcs70_m2Dr4_s80.B82
Reading graphs...
80 : 174
80 : 173
Initializing...
maxdom : 7
D->valSize : 412
Solving...
Blb : 2 (clique : 40)
currentSize : 40 <-- 0.004059 s
currentSize : 41 <-- 0.028323 s
currentSize : 43 <-- 0.029059 s
currentSize : 44 <-- 0.056234 s
currentSize : 45 <-- 2.741094 s
currentSize : 46 <-- 2.741269 s
currentSize : 48 <-- 2.743633 s
currentSize : 49 <-- 2.910262 s

maxsize : 49
nodes : 49153745.000000
filtered : 315881004.000000
time : 250.789276
