Parameters: GAD=1 vflib=1 dir=1 label=1 lowerbound=1 fileNameGp=../graphsdb/mcs70/m2D/m2D/mcs70_m2D_s80.A40 fileNameGt=../graphsdb/mcs70/m2D/m2D/mcs70_m2D_s80.B40
Reading graphs...
80 : 142
80 : 142
Initializing...
maxdom : 10
D->valSize : 426
Solving...
Blb : 2 (clique : 37)
currentSize : 37 <-- 0.006904 s
currentSize : 38 <-- 0.007813 s
currentSize : 39 <-- 0.014274 s
currentSize : 40 <-- 0.014501 s
currentSize : 41 <-- 0.014756 s
currentSize : 42 <-- 0.015359 s
currentSize : 43 <-- 0.019142 s
currentSize : 44 <-- 0.019426 s
currentSize : 46 <-- 0.023331 s
currentSize : 47 <-- 0.023669 s
currentSize : 48 <-- 3.316531 s
currentSize : 49 <-- 3.321377 s

maxsize : 49
nodes : 79283117.000000
filtered : 336899584.000000
time : 358.156799
