Parameters: GAD=1 vflib=1 dir=1 label=1 lowerbound=1 fileNameGp=../graphsdb/mcs70/rand/r005/mcs70_r005_s35.A97 fileNameGt=../graphsdb/mcs70/rand/r005/mcs70_r005_s35.B97
Reading graphs...
35 : 58
35 : 58
Initializing...
maxdom : 6
D->valSize : 160
Solving...
Blb : 5 (clique : 16)
currentSize : 16 <-- 0.001036 s
currentSize : 17 <-- 0.001167 s
currentSize : 19 <-- 0.001385 s
currentSize : 21 <-- 0.005762 s
currentSize : 22 <-- 0.011862 s
currentSize : 24 <-- 0.012040 s

maxsize : 24
nodes : 3581.000000
filtered : 35395.000000
time : 0.014439
