Parameters: GAD=1 vflib=1 dir=1 label=1 lowerbound=1 fileNameGp=../graphsdb/mcs70/bvg/b03/mcs70_b03_s100.A06 fileNameGt=../graphsdb/mcs70/bvg/b03/mcs70_b03_s100.B06
Reading graphs...
100 : 150
100 : 150
Initializing...
maxdom : 8
D->valSize : 374
Solving...
Blb : 2 (clique : 59)
currentSize : 59 <-- 0.004508 s
currentSize : 60 <-- 0.004914 s
currentSize : 63 <-- 0.005232 s
currentSize : 64 <-- 0.005536 s
currentSize : 66 <-- 0.023762 s
currentSize : 67 <-- 0.024125 s
currentSize : 68 <-- 1.509535 s
currentSize : 71 <-- 4.386386 s

maxsize : 71
nodes : 13280357.000000
filtered : 55131956.000000
time : 71.060318
