Parameters: GAD=1 vflib=1 dir=1 label=1 lowerbound=1 fileNameGp=../graphsdb/mcs70/m2D/m2Dr4/mcs70_m2Dr4_s60.A85 fileNameGt=../graphsdb/mcs70/m2D/m2Dr4/mcs70_m2Dr4_s60.B85
Reading graphs...
60 : 128
60 : 127
Initializing...
maxdom : 8
D->valSize : 258
Solving...
Blb : 2 (clique : 22)
currentSize : 22 <-- 0.001996 s
currentSize : 28 <-- 0.002134 s
currentSize : 29 <-- 0.002382 s
currentSize : 32 <-- 0.004590 s
currentSize : 33 <-- 0.009988 s
currentSize : 34 <-- 0.010408 s
currentSize : 35 <-- 4.016772 s
currentSize : 36 <-- 7.686308 s

maxsize : 36
nodes : 3070269.000000
filtered : 12713030.000000
time : 11.621606
