Parameters: GAD=1 vflib=1 dir=1 label=1 lowerbound=1 fileNameGp=../graphsdb/mcs70/bvg/b06m/mcs70_b06m_s50.A25 fileNameGt=../graphsdb/mcs70/bvg/b06m/mcs70_b06m_s50.B25
Reading graphs...
50 : 150
50 : 150
Initializing...
maxdom : 10
D->valSize : 324
Solving...
Blb : 2 (clique : 26)
currentSize : 26 <-- 0.002287 s
currentSize : 27 <-- 0.002454 s
currentSize : 28 <-- 0.002587 s
currentSize : 32 <-- 0.027072 s
currentSize : 35 <-- 0.027475 s

maxsize : 35
nodes : 20047.000000
filtered : 123058.000000
time : 0.071475
