Parameters: GAD=1 vflib=1 dir=1 label=1 lowerbound=1 fileNameGp=../graphsdb/mcs70/bvg/b06/mcs70_b06_s90.A69 fileNameGt=../graphsdb/mcs70/bvg/b06/mcs70_b06_s90.B69
Reading graphs...
90 : 270
90 : 270
Initializing...
maxdom : 9
D->valSize : 530
Solving...
Blb : 3 (clique : 50)
currentSize : 50 <-- 0.010180 s
currentSize : 51 <-- 3.738304 s
currentSize : 52 <-- 3.738499 s
currentSize : 54 <-- 3.738708 s
currentSize : 55 <-- 5.744950 s
currentSize : 56 <-- 19.591921 s
currentSize : 57 <-- 19.592196 s
currentSize : 58 <-- 19.592518 s
currentSize : 60 <-- 19.595123 s
currentSize : 62 <-- 34.697121 s
currentSize : 63 <-- 34.700897 s

maxsize : 63
nodes : 7389680.000000
filtered : 52884120.000000
time : 41.550659
