Parameters: GAD=1 vflib=1 dir=1 label=1 lowerbound=1 fileNameGp=../graphsdb/mcs70/m3D/m3Dr4/mcs70_m3Dr4_s40.A43 fileNameGt=../graphsdb/mcs70/m3D/m3Dr4/mcs70_m3Dr4_s40.B43
Reading graphs...
40 : 100
40 : 100
Initializing...
maxdom : 7
D->valSize : 220
Solving...
Blb : 2 (clique : 20)
currentSize : 20 <-- 0.001353 s
currentSize : 22 <-- 0.001448 s
currentSize : 23 <-- 0.001561 s
currentSize : 24 <-- 0.001654 s
currentSize : 26 <-- 0.001718 s
currentSize : 27 <-- 0.001825 s

maxsize : 27
nodes : 5379.000000
filtered : 46485.000000
time : 0.021332
