Parameters: GAD=1 vflib=1 dir=1 label=1 lowerbound=1 fileNameGp=../graphsdb/mcs70/bvg/b06/mcs70_b06_s50.A16 fileNameGt=../graphsdb/mcs70/bvg/b06/mcs70_b06_s50.B16
Reading graphs...
50 : 150
50 : 150
Initializing...
maxdom : 8
D->valSize : 340
Solving...
Blb : 2 (clique : 22)
currentSize : 22 <-- 0.003973 s
currentSize : 23 <-- 0.135109 s
currentSize : 24 <-- 0.268251 s
currentSize : 27 <-- 0.348669 s
currentSize : 28 <-- 0.449370 s
currentSize : 30 <-- 0.687743 s
currentSize : 32 <-- 0.858984 s
currentSize : 34 <-- 0.859036 s
currentSize : 35 <-- 0.918929 s

maxsize : 35
nodes : 195732.000000
filtered : 2033184.000000
time : 0.986980
