Parameters: GAD=1 vflib=1 dir=1 label=1 lowerbound=1 fileNameGp=../graphsdb/mcs70/m2D/m2Dr4/mcs70_m2Dr4_s90.A27 fileNameGt=../graphsdb/mcs70/m2D/m2Dr4/mcs70_m2Dr4_s90.B27
Reading graphs...
90 : 197
90 : 196
Initializing...
maxdom : 11
D->valSize : 575
Solving...
Blb : 2 (clique : 59)
currentSize : 59 <-- 0.007117 s
currentSize : 60 <-- 8.750850 s
currentSize : 63 <-- 8.898083 s
currentSize : 64 <-- 8.898560 s
currentSize : 65 <-- 8.898977 s

maxsize : 65
nodes : 4779739.000000
filtered : 37682476.000000
time : 27.041277
