Parameters: GAD=1 vflib=1 dir=1 label=1 lowerbound=1 fileNameGp=../graphsdb/mcs70/rand/r005/mcs70_r005_s40.A57 fileNameGt=../graphsdb/mcs70/rand/r005/mcs70_r005_s40.B57
Reading graphs...
40 : 77
40 : 77
Initializing...
maxdom : 9
D->valSize : 220
Solving...
Blb : 2 (clique : 17)
currentSize : 17 <-- 0.001382 s
currentSize : 18 <-- 0.001480 s
currentSize : 19 <-- 0.001540 s
currentSize : 20 <-- 0.022074 s
currentSize : 21 <-- 0.023357 s
currentSize : 22 <-- 0.024371 s
currentSize : 23 <-- 0.046048 s
currentSize : 24 <-- 0.093725 s
currentSize : 27 <-- 0.093826 s
currentSize : 28 <-- 0.093963 s

maxsize : 28
nodes : 25162.000000
filtered : 271151.000000
time : 0.103078
