Parameters: GAD=1 vflib=1 dir=1 label=1 lowerbound=1 fileNameGp=../graphsdb/mcs70/m2D/m2Dr2/mcs70_m2Dr2_s70.A71 fileNameGt=../graphsdb/mcs70/m2D/m2Dr2/mcs70_m2Dr2_s70.B71
Reading graphs...
70 : 137
70 : 137
Initializing...
maxdom : 8
D->valSize : 370
Solving...
Blb : 3 (clique : 40)
currentSize : 40 <-- 0.003396 s
currentSize : 41 <-- 0.104942 s
currentSize : 42 <-- 0.105617 s
currentSize : 43 <-- 2.412705 s
currentSize : 44 <-- 2.413021 s
currentSize : 45 <-- 3.791547 s
currentSize : 47 <-- 3.797719 s
currentSize : 49 <-- 8.299219 s

maxsize : 49
nodes : 2831178.000000
filtered : 11468068.000000
time : 11.323222
