Parameters: GAD=1 vflib=1 dir=1 label=1 lowerbound=1 fileNameGp=../graphsdb/mcs70/rand/r01/mcs70_r01_s35.A76 fileNameGt=../graphsdb/mcs70/rand/r01/mcs70_r01_s35.B76
Reading graphs...
35 : 118
35 : 118
Initializing...
maxdom : 7
D->valSize : 169
Solving...
Blb : 2 (clique : 9)
currentSize : 9 <-- 0.000921 s
currentSize : 10 <-- 0.001010 s
currentSize : 11 <-- 0.001218 s
currentSize : 12 <-- 0.001271 s
currentSize : 13 <-- 0.001669 s
currentSize : 17 <-- 0.004534 s
currentSize : 24 <-- 0.006406 s

maxsize : 24
nodes : 1777.000000
filtered : 19263.000000
time : 0.006930
