Parameters: GAD=1 vflib=1 dir=1 label=1 lowerbound=1 fileNameGp=../graphsdb/mcs70/bvg/b03m/mcs70_b03m_s100.A76 fileNameGt=../graphsdb/mcs70/bvg/b03m/mcs70_b03m_s100.B76
Reading graphs...
100 : 150
100 : 150
Initializing...
maxdom : 6
D->valSize : 364
Solving...
Blb : 2 (clique : 60)
currentSize : 60 <-- 0.004215 s
currentSize : 62 <-- 0.004623 s
currentSize : 63 <-- 0.005095 s
currentSize : 64 <-- 0.005428 s
currentSize : 65 <-- 0.006148 s
currentSize : 66 <-- 0.006770 s
currentSize : 68 <-- 0.007001 s
currentSize : 69 <-- 0.010449 s
currentSize : 70 <-- 41.763729 s
currentSize : 71 <-- 41.764515 s

maxsize : 71
nodes : 10093535.000000
filtered : 35462179.000000
time : 54.925854
