Parameters: GAD=1 vflib=1 dir=1 label=1 lowerbound=1 fileNameGp=../graphsdb/mcs70/bvg/b03m/mcs70_b03m_s30.A03 fileNameGt=../graphsdb/mcs70/bvg/b03m/mcs70_b03m_s30.B03
Reading graphs...
30 : 45
30 : 45
Initializing...
maxdom : 6
D->valSize : 125
Solving...
Blb : 2 (clique : 14)
currentSize : 14 <-- 0.000744 s
currentSize : 15 <-- 0.001021 s
currentSize : 16 <-- 0.001536 s
currentSize : 17 <-- 0.002747 s
currentSize : 18 <-- 0.004164 s
currentSize : 19 <-- 0.004259 s
currentSize : 20 <-- 0.004821 s

maxsize : 20
nodes : 2056.000000
filtered : 14437.000000
time : 0.007681
