Parameters: GAD=1 vflib=1 dir=1 label=1 lowerbound=1 fileNameGp=../graphsdb/mcs70/rand/r005/mcs70_r005_s35.A51 fileNameGt=../graphsdb/mcs70/rand/r005/mcs70_r005_s35.B51
Reading graphs...
35 : 58
35 : 58
Initializing...
maxdom : 8
D->valSize : 168
Solving...
Blb : 2 (clique : 15)
currentSize : 15 <-- 0.001106 s
currentSize : 17 <-- 0.001173 s
currentSize : 18 <-- 0.001218 s
currentSize : 19 <-- 0.001255 s
currentSize : 20 <-- 0.002074 s
currentSize : 22 <-- 0.002088 s
currentSize : 24 <-- 0.002262 s

maxsize : 24
nodes : 756.000000
filtered : 6163.000000
time : 0.004029
