Parameters: GAD=1 vflib=1 dir=1 label=1 lowerbound=1 fileNameGp=../graphsdb/mcs70/m2D/m2Dr6/m2Dr6/mcs70_m2Dr6_s25.A50 fileNameGt=../graphsdb/mcs70/m2D/m2Dr6/m2Dr6/mcs70_m2Dr6_s25.B50
Reading graphs...
25 : 55
25 : 55
Initializing...
maxdom : 8
D->valSize : 163
Solving...
Blb : 3 (clique : 9)
currentSize : 9 <-- 0.001176 s
currentSize : 10 <-- 0.002694 s
currentSize : 11 <-- 0.003585 s
currentSize : 14 <-- 0.004329 s
currentSize : 15 <-- 0.004397 s
currentSize : 16 <-- 0.009514 s

maxsize : 16
nodes : 1825.000000
filtered : 21283.000000
time : 0.010091
