Parameters: GAD=1 vflib=1 dir=1 label=1 lowerbound=1 fileNameGp=../graphsdb/mcs70/m3D/m3Dr2/mcs70_m3Dr2_s40.A97 fileNameGt=../graphsdb/mcs70/m3D/m3Dr2/mcs70_m3Dr2_s40.B97
Reading graphs...
40 : 92
40 : 91
Initializing...
maxdom : 8
D->valSize : 212
Solving...
Blb : 2 (clique : 15)
currentSize : 15 <-- 0.001240 s
currentSize : 16 <-- 0.006151 s
currentSize : 18 <-- 0.016000 s
currentSize : 19 <-- 0.016086 s
currentSize : 21 <-- 0.052701 s
currentSize : 22 <-- 0.052777 s
currentSize : 24 <-- 0.066377 s
currentSize : 27 <-- 0.084762 s

maxsize : 27
nodes : 25817.000000
filtered : 214637.000000
time : 0.096336
