Parameters: GAD=1 vflib=1 dir=1 label=1 lowerbound=1 fileNameGp=../graphsdb/mcs70/rand/r005/mcs70_r005_s100.A08 fileNameGt=../graphsdb/mcs70/rand/r005/mcs70_r005_s100.B08
Reading graphs...
100 : 494
100 : 494
Initializing...
maxdom : 7
D->valSize : 370
Solving...
Blb : 2 (clique : 37)
currentSize : 37 <-- 0.003708 s
currentSize : 38 <-- 0.004190 s
currentSize : 43 <-- 0.004355 s
currentSize : 45 <-- 0.004569 s
currentSize : 50 <-- 0.004803 s
currentSize : 58 <-- 0.005107 s
currentSize : 70 <-- 0.005975 s

maxsize : 70
nodes : 41517.000000
filtered : 380866.000000
time : 0.274753
