Parameters: GAD=1 vflib=1 dir=1 label=1 lowerbound=1 fileNameGp=../graphsdb/mcs70/bvg/b06m/mcs70_b06m_s90.A61 fileNameGt=../graphsdb/mcs70/bvg/b06m/mcs70_b06m_s90.B61
Reading graphs...
90 : 270
90 : 270
Initializing...
maxdom : 10
D->valSize : 564
Solving...
Blb : 2 (clique : 43)
currentSize : 43 <-- 0.006709 s
currentSize : 44 <-- 0.007375 s
currentSize : 47 <-- 0.042488 s
currentSize : 53 <-- 0.077383 s
currentSize : 55 <-- 0.411249 s
currentSize : 57 <-- 0.420319 s
currentSize : 58 <-- 0.733818 s
currentSize : 59 <-- 1.342728 s
currentSize : 61 <-- 1.342953 s
currentSize : 63 <-- 1.345863 s

maxsize : 63
nodes : 4449946.000000
filtered : 25159610.000000
time : 22.110138
