Parameters: GAD=1 vflib=1 dir=1 label=1 lowerbound=1 fileNameGp=../graphsdb/mcs70/rand/r01/mcs70_r01_s90.A37 fileNameGt=../graphsdb/mcs70/rand/r01/mcs70_r01_s90.B37
Reading graphs...
90 : 800
90 : 800
Initializing...
maxdom : 10
D->valSize : 526
Solving...
Blb : 2 (clique : 13)
currentSize : 13 <-- 0.005830 s
currentSize : 14 <-- 0.006017 s
currentSize : 16 <-- 0.006989 s
currentSize : 17 <-- 0.064353 s
currentSize : 19 <-- 0.104517 s
currentSize : 20 <-- 0.123756 s
currentSize : 22 <-- 0.126391 s
currentSize : 23 <-- 0.153113 s
currentSize : 28 <-- 0.183362 s
currentSize : 29 <-- 0.189293 s
currentSize : 35 <-- 0.198334 s
currentSize : 43 <-- 0.208894 s
currentSize : 63 <-- 0.254091 s

maxsize : 63
nodes : 44769.000000
filtered : 574808.000000
time : 0.277194
