Parameters: GAD=1 vflib=1 dir=1 label=1 lowerbound=1 fileNameGp=../graphsdb/mcs70/bvg/b03m/mcs70_b03m_s40.A51 fileNameGt=../graphsdb/mcs70/bvg/b03m/mcs70_b03m_s40.B51
Reading graphs...
40 : 60
40 : 60
Initializing...
maxdom : 7
D->valSize : 201
Solving...
Blb : 3 (clique : 19)
currentSize : 19 <-- 0.001297 s
currentSize : 20 <-- 0.002053 s
currentSize : 21 <-- 0.012882 s
currentSize : 22 <-- 0.027518 s
currentSize : 23 <-- 0.035971 s
currentSize : 26 <-- 0.088552 s
currentSize : 28 <-- 0.140520 s

maxsize : 28
nodes : 38011.000000
filtered : 311367.000000
time : 0.145470
