Parameters: GAD=1 vflib=1 dir=1 label=1 lowerbound=1 fileNameGp=../graphsdb/mcs70/m2D/m2D/mcs70_m2D_s70.A19 fileNameGt=../graphsdb/mcs70/m2D/m2D/mcs70_m2D_s70.B19
Reading graphs...
70 : 123
70 : 123
Initializing...
maxdom : 7
D->valSize : 325
Solving...
Blb : 2 (clique : 34)
currentSize : 34 <-- 0.002770 s
currentSize : 35 <-- 0.003011 s
currentSize : 36 <-- 0.003077 s
currentSize : 37 <-- 0.003372 s
currentSize : 38 <-- 0.004660 s
currentSize : 41 <-- 0.004720 s
currentSize : 42 <-- 0.005131 s
currentSize : 43 <-- 0.005839 s
currentSize : 44 <-- 0.007566 s
currentSize : 45 <-- 0.013181 s
currentSize : 47 <-- 0.013415 s
currentSize : 48 <-- 0.014032 s
currentSize : 49 <-- 0.014596 s

maxsize : 49
nodes : 544447.000000
filtered : 3101101.000000
time : 2.613380
