Parameters: GAD=1 vflib=1 dir=1 label=1 lowerbound=1 fileNameGp=../graphsdb/mcs70/m2D/m2D/mcs70_m2D_s80.A59 fileNameGt=../graphsdb/mcs70/m2D/m2D/mcs70_m2D_s80.B59
Reading graphs...
80 : 142
80 : 142
Initializing...
maxdom : 9
D->valSize : 443
Solving...
Blb : 2 (clique : 39)
currentSize : 39 <-- 0.004593 s
currentSize : 40 <-- 1.096099 s
currentSize : 41 <-- 17.631350 s
currentSize : 42 <-- 30.332893 s
currentSize : 43 <-- 466.222351 s
currentSize : 44 <-- 506.640900 s

TIMEOUT
maxsize : 44
nodes : 656436073.000000
filtered : 5784521618.000000
time : 3600.000000
