Parameters: GAD=1 vflib=1 dir=1 label=1 lowerbound=1 fileNameGp=../graphsdb/mcs70/m2D/m2Dr6/mcs70_m2Dr6_s100.A22 fileNameGt=../graphsdb/mcs70/m2D/m2Dr6/mcs70_m2Dr6_s100.B22
Reading graphs...
100 : 240
100 : 239
Initializing...
maxdom : 7
D->valSize : 372
Solving...
Blb : 3 (clique : 58)
currentSize : 58 <-- 0.004143 s
currentSize : 59 <-- 418.427429 s
currentSize : 60 <-- 418.427917 s
currentSize : 61 <-- 418.496338 s
currentSize : 62 <-- 527.457458 s
currentSize : 63 <-- 527.458130 s
currentSize : 64 <-- 527.544739 s

maxsize : 64
nodes : 305687586.000000
filtered : 1099483112.000000
time : 1549.022461
