Parameters: GAD=1 vflib=1 dir=1 label=1 lowerbound=1 fileNameGp=../graphsdb/mcs70/bvg/b03m/mcs70_b03m_s40.A82 fileNameGt=../graphsdb/mcs70/bvg/b03m/mcs70_b03m_s40.B82
Reading graphs...
40 : 60
40 : 60
Initializing...
maxdom : 8
D->valSize : 228
Solving...
Blb : 5 (clique : 23)
currentSize : 23 <-- 0.001345 s
currentSize : 24 <-- 0.316598 s
currentSize : 25 <-- 0.457506 s
currentSize : 26 <-- 0.457605 s
currentSize : 27 <-- 0.457719 s
currentSize : 28 <-- 0.457834 s
currentSize : 29 <-- 0.458807 s

maxsize : 29
nodes : 122160.000000
filtered : 940993.000000
time : 0.465924
