Parameters: GAD=1 vflib=1 dir=1 label=1 lowerbound=1 fileNameGp=../graphsdb/mcs70/rand/r01/mcs70_r01_s60.A79 fileNameGt=../graphsdb/mcs70/rand/r01/mcs70_r01_s60.B79
Reading graphs...
60 : 353
60 : 353
Initializing...
maxdom : 8
D->valSize : 272
Solving...
Blb : 2 (clique : 18)
currentSize : 18 <-- 0.001895 s
currentSize : 21 <-- 0.010533 s
currentSize : 23 <-- 0.010594 s
currentSize : 27 <-- 0.010682 s
currentSize : 42 <-- 0.017561 s

maxsize : 42
nodes : 4454.000000
filtered : 44724.000000
time : 0.022095
