Parameters: GAD=1 vflib=1 dir=1 label=1 lowerbound=1 fileNameGp=../graphsdb/mcs70/rand/r01/mcs70_r01_s100.A11 fileNameGt=../graphsdb/mcs70/rand/r01/mcs70_r01_s100.B11
Reading graphs...
100 : 989
100 : 989
Initializing...
maxdom : 7
D->valSize : 343
Solving...
Blb : 2 (clique : 16)
currentSize : 16 <-- 0.003518 s
currentSize : 17 <-- 0.003674 s
currentSize : 18 <-- 0.007067 s
currentSize : 20 <-- 0.008062 s
currentSize : 22 <-- 0.010915 s
currentSize : 23 <-- 0.011056 s
currentSize : 28 <-- 0.017428 s
currentSize : 30 <-- 0.017544 s
currentSize : 33 <-- 0.027857 s
currentSize : 36 <-- 0.028013 s
currentSize : 38 <-- 0.034441 s
currentSize : 42 <-- 0.046184 s
currentSize : 51 <-- 0.046413 s
currentSize : 53 <-- 0.050851 s
currentSize : 56 <-- 0.060371 s
currentSize : 70 <-- 0.060720 s

maxsize : 70
nodes : 10208.000000
filtered : 99821.000000
time : 0.065992
