Parameters: GAD=1 vflib=1 dir=1 label=1 lowerbound=1 fileNameGp=../graphsdb/mcs70/bvg/b09/mcs70_b09_s70.A03 fileNameGt=../graphsdb/mcs70/bvg/b09/mcs70_b09_s70.B03
Reading graphs...
70 : 315
70 : 315
Initializing...
maxdom : 9
D->valSize : 356
Solving...
Blb : 3 (clique : 32)
currentSize : 32 <-- 0.003068 s
currentSize : 33 <-- 0.006081 s
currentSize : 43 <-- 0.369390 s
currentSize : 44 <-- 0.369886 s
currentSize : 46 <-- 0.370073 s
currentSize : 48 <-- 0.370295 s

maxsize : 48
nodes : 135013.000000
filtered : 858844.000000
time : 0.614522
