Parameters: GAD=1 vflib=1 dir=1 label=1 lowerbound=1 fileNameGp=../graphsdb/mcs70/m2D/m2Dr6/mcs70_m2Dr6_s60.A77 fileNameGt=../graphsdb/mcs70/m2D/m2Dr6/mcs70_m2Dr6_s60.B77
Reading graphs...
60 : 140
60 : 140
Initializing...
maxdom : 7
D->valSize : 246
Solving...
Blb : 3 (clique : 30)
currentSize : 30 <-- 0.002840 s
currentSize : 31 <-- 0.051104 s
currentSize : 32 <-- 0.051276 s
currentSize : 33 <-- 0.051817 s
currentSize : 34 <-- 0.051995 s
currentSize : 35 <-- 0.191504 s
currentSize : 36 <-- 0.191645 s

maxsize : 36
nodes : 63717.000000
filtered : 505708.000000
time : 0.319819
