Parameters: GAD=1 vflib=1 dir=1 label=1 lowerbound=1 fileNameGp=../graphsdb/mcs70/bvg/b06/mcs70_b06_s90.A49 fileNameGt=../graphsdb/mcs70/bvg/b06/mcs70_b06_s90.B49
Reading graphs...
90 : 270
90 : 270
Initializing...
maxdom : 10
D->valSize : 574
Solving...
Blb : 2 (clique : 48)
currentSize : 48 <-- 0.011653 s
currentSize : 54 <-- 0.012250 s
currentSize : 56 <-- 0.012962 s
currentSize : 60 <-- 0.034204 s
currentSize : 63 <-- 0.035086 s

maxsize : 63
nodes : 13539031.000000
filtered : 122332675.000000
time : 83.096710
