Parameters: GAD=1 vflib=1 dir=1 label=1 lowerbound=1 fileNameGp=../graphsdb/mcs70/bvg/b03/mcs70_b03_s50.A35 fileNameGt=../graphsdb/mcs70/bvg/b03/mcs70_b03_s50.B35
Reading graphs...
50 : 75
50 : 75
Initializing...
maxdom : 8
D->valSize : 318
Solving...
Blb : 2 (clique : 18)
currentSize : 18 <-- 0.003757 s
currentSize : 25 <-- 0.003948 s
currentSize : 26 <-- 0.004058 s
currentSize : 28 <-- 0.004122 s
currentSize : 29 <-- 0.059768 s
currentSize : 30 <-- 0.556450 s
currentSize : 31 <-- 2.641947 s
currentSize : 34 <-- 2.642022 s

maxsize : 34
nodes : 726890.000000
filtered : 6003631.000000
time : 3.184749
