Parameters: GAD=1 vflib=1 dir=1 label=1 lowerbound=1 fileNameGp=../graphsdb/mcs70/bvg/b09/mcs70_b09_s80.A55 fileNameGt=../graphsdb/mcs70/bvg/b09/mcs70_b09_s80.B55
Reading graphs...
80 : 360
80 : 360
Initializing...
maxdom : 11
D->valSize : 467
Solving...
Blb : 2 (clique : 23)
currentSize : 23 <-- 0.007465 s
currentSize : 24 <-- 0.056422 s
currentSize : 25 <-- 0.197414 s
currentSize : 26 <-- 0.197950 s
currentSize : 28 <-- 0.201571 s
currentSize : 32 <-- 0.219823 s
currentSize : 33 <-- 0.220501 s
currentSize : 34 <-- 0.223420 s
currentSize : 37 <-- 0.384107 s
currentSize : 40 <-- 0.384314 s
currentSize : 43 <-- 0.385308 s
currentSize : 45 <-- 1.844097 s
currentSize : 47 <-- 1.847394 s
currentSize : 52 <-- 1.847630 s
currentSize : 56 <-- 1.918341 s

maxsize : 56
nodes : 490370.000000
filtered : 4118089.000000
time : 2.518670
