Parameters: GAD=1 vflib=1 dir=1 label=1 lowerbound=1 fileNameGp=../graphsdb/mcs70/m2D/m2Dr6/mcs70_m2Dr6_s100.A57 fileNameGt=../graphsdb/mcs70/m2D/m2Dr6/mcs70_m2Dr6_s100.B57
Reading graphs...
100 : 240
100 : 236
Initializing...
maxdom : 7
D->valSize : 376
Solving...
Blb : 2 (clique : 50)
currentSize : 50 <-- 0.004053 s
currentSize : 51 <-- 0.005145 s
currentSize : 52 <-- 1.148194 s
currentSize : 53 <-- 2.319302 s
currentSize : 55 <-- 2.319761 s
currentSize : 56 <-- 2.320763 s
currentSize : 58 <-- 131.774384 s
currentSize : 59 <-- 132.284973 s
currentSize : 61 <-- 132.285172 s
currentSize : 62 <-- 132.285492 s
currentSize : 64 <-- 142.007614 s

maxsize : 64
nodes : 236557368.000000
filtered : 898786295.000000
time : 1179.437744
