Parameters: GAD=1 vflib=1 dir=1 label=1 lowerbound=1 fileNameGp=../graphsdb/mcs70/rand/r005/mcs70_r005_s80.A40 fileNameGt=../graphsdb/mcs70/rand/r005/mcs70_r005_s80.B40
Reading graphs...
80 : 315
80 : 315
Initializing...
maxdom : 11
D->valSize : 494
Solving...
Blb : 2 (clique : 38)
currentSize : 38 <-- 0.005082 s
currentSize : 42 <-- 0.005320 s
currentSize : 43 <-- 0.005561 s
currentSize : 49 <-- 0.005657 s
currentSize : 50 <-- 0.073010 s
currentSize : 56 <-- 0.073150 s

maxsize : 56
nodes : 41050.000000
filtered : 467049.000000
time : 0.241697
