Parameters: GAD=1 vflib=1 dir=1 label=1 lowerbound=1 fileNameGp=../graphsdb/mcs70/bvg/b03m/mcs70_b03m_s100.A65 fileNameGt=../graphsdb/mcs70/bvg/b03m/mcs70_b03m_s100.B65
Reading graphs...
100 : 150
100 : 150
Initializing...
maxdom : 7
D->valSize : 371
Solving...
Blb : 2 (clique : 53)
currentSize : 53 <-- 0.004129 s
currentSize : 54 <-- 0.004619 s
currentSize : 55 <-- 0.005110 s
currentSize : 56 <-- 0.005735 s
currentSize : 57 <-- 0.024103 s
currentSize : 58 <-- 0.024659 s
currentSize : 59 <-- 0.025384 s
currentSize : 60 <-- 0.968255 s
currentSize : 61 <-- 0.983587 s
currentSize : 63 <-- 0.983800 s
currentSize : 64 <-- 1.222324 s
currentSize : 65 <-- 1.355167 s
currentSize : 68 <-- 1.363169 s
currentSize : 69 <-- 1.515286 s
currentSize : 70 <-- 1.515627 s

maxsize : 70
nodes : 29056289.000000
filtered : 96808717.000000
time : 149.581329
