Parameters: GAD=1 vflib=1 dir=1 label=1 lowerbound=1 fileNameGp=../graphsdb/mcs70/m2D/m2Dr4/mcs70_m2Dr4_s70.A03 fileNameGt=../graphsdb/mcs70/m2D/m2Dr4/mcs70_m2Dr4_s70.B03
Reading graphs...
70 : 151
70 : 148
Initializing...
maxdom : 8
D->valSize : 352
Solving...
Blb : 3 (clique : 30)
currentSize : 30 <-- 0.003184 s
currentSize : 31 <-- 0.766215 s
currentSize : 32 <-- 0.766382 s
currentSize : 33 <-- 0.766665 s
currentSize : 34 <-- 0.767031 s
currentSize : 36 <-- 1.206473 s
currentSize : 38 <-- 2.278782 s
currentSize : 40 <-- 3.992402 s
currentSize : 43 <-- 5.631671 s
currentSize : 45 <-- 6.562164 s
currentSize : 47 <-- 6.698552 s
currentSize : 49 <-- 6.698643 s

maxsize : 49
nodes : 1877970.000000
filtered : 11919219.000000
time : 8.538927
