Parameters: GAD=1 vflib=1 dir=1 label=1 lowerbound=1 fileNameGp=../graphsdb/mcs70/rand/r02/mcs70_r02_s100.A80 fileNameGt=../graphsdb/mcs70/rand/r02/mcs70_r02_s100.B80
Reading graphs...
100 : 1979
100 : 1979
Initializing...
maxdom : 7
D->valSize : 397
Solving...
Blb : 2 (clique : 9)
currentSize : 9 <-- 0.003858 s
currentSize : 10 <-- 0.003975 s
currentSize : 12 <-- 0.004067 s
currentSize : 18 <-- 0.004150 s
currentSize : 37 <-- 0.004454 s
currentSize : 43 <-- 0.007168 s
currentSize : 70 <-- 0.008242 s

maxsize : 70
nodes : 1076.000000
filtered : 23962.000000
time : 0.011204
