Parameters: GAD=1 vflib=1 dir=1 label=1 lowerbound=1 fileNameGp=../graphsdb/mcs70/m3D/m3D/mcs70_m3D_s40.A06 fileNameGt=../graphsdb/mcs70/m3D/m3D/mcs70_m3D_s40.B06
Reading graphs...
40 : 84
40 : 84
Initializing...
maxdom : 8
D->valSize : 231
Solving...
Blb : 2 (clique : 22)
currentSize : 22 <-- 0.001365 s
currentSize : 23 <-- 0.006393 s
currentSize : 24 <-- 0.017882 s
currentSize : 27 <-- 0.033093 s
currentSize : 28 <-- 0.033222 s

maxsize : 28
nodes : 11775.000000
filtered : 127900.000000
time : 0.048573
