Parameters: GAD=1 vflib=1 dir=1 label=1 lowerbound=1 fileNameGp=../graphsdb/mcs70/m2D/m2D/mcs70_m2D_s60.A29 fileNameGt=../graphsdb/mcs70/m2D/m2D/mcs70_m2D_s60.B29
Reading graphs...
60 : 104
60 : 104
Initializing...
maxdom : 8
D->valSize : 263
Solving...
Blb : 2 (clique : 30)
currentSize : 30 <-- 0.002002 s
currentSize : 31 <-- 0.002208 s
currentSize : 32 <-- 0.002837 s
currentSize : 33 <-- 0.003761 s
currentSize : 34 <-- 0.004044 s
currentSize : 35 <-- 0.013481 s
currentSize : 36 <-- 0.520040 s
currentSize : 37 <-- 0.675927 s

maxsize : 37
nodes : 975548.000000
filtered : 5123434.000000
time : 4.053447
