Parameters: GAD=1 vflib=1 dir=1 label=1 lowerbound=1 fileNameGp=../graphsdb/mcs70/m2D/m2Dr6/mcs70_m2Dr6_s70.A10 fileNameGt=../graphsdb/mcs70/m2D/m2Dr6/mcs70_m2Dr6_s70.B10
Reading graphs...
70 : 165
70 : 165
Initializing...
maxdom : 7
D->valSize : 341
Solving...
Blb : 3 (clique : 33)
currentSize : 33 <-- 0.002957 s
currentSize : 37 <-- 3.825659 s
currentSize : 39 <-- 4.509569 s
currentSize : 40 <-- 4.903253 s
currentSize : 41 <-- 4.993945 s
currentSize : 42 <-- 5.271489 s
currentSize : 43 <-- 5.702795 s
currentSize : 44 <-- 5.766829 s
currentSize : 49 <-- 5.894582 s

maxsize : 49
nodes : 1309988.000000
filtered : 7503726.000000
time : 6.178074
