Parameters: GAD=1 vflib=1 dir=1 label=1 lowerbound=1 fileNameGp=../graphsdb/mcs70/m2D/m2Dr4/mcs70_m2Dr4_s70.A17 fileNameGt=../graphsdb/mcs70/m2D/m2Dr4/mcs70_m2Dr4_s70.B17
Reading graphs...
70 : 151
70 : 151
Initializing...
maxdom : 8
D->valSize : 345
Solving...
Blb : 3 (clique : 43)
currentSize : 43 <-- 0.005004 s
currentSize : 44 <-- 0.009906 s
currentSize : 45 <-- 0.386285 s
currentSize : 46 <-- 0.435556 s
currentSize : 47 <-- 0.444229 s
currentSize : 49 <-- 0.444453 s

maxsize : 49
nodes : 439054.000000
filtered : 2723994.000000
time : 2.225431
