Parameters: GAD=1 vflib=1 dir=1 label=1 lowerbound=1 fileNameGp=../graphsdb/mcs70/m2D/m2Dr6/mcs70_m2Dr6_s100.A66 fileNameGt=../graphsdb/mcs70/m2D/m2Dr6/mcs70_m2Dr6_s100.B66
Reading graphs...
100 : 240
100 : 240
Initializing...
maxdom : 7
D->valSize : 371
Solving...
Blb : 3 (clique : 48)
currentSize : 48 <-- 0.004154 s
currentSize : 49 <-- 6.149105 s
currentSize : 50 <-- 6.153521 s
currentSize : 51 <-- 6.661690 s
currentSize : 52 <-- 7.931632 s
currentSize : 53 <-- 7.935843 s
currentSize : 54 <-- 9.174694 s
currentSize : 55 <-- 44.384155 s
currentSize : 56 <-- 386.743042 s
currentSize : 57 <-- 415.986267 s
currentSize : 58 <-- 470.486877 s
currentSize : 59 <-- 475.076599 s
currentSize : 60 <-- 475.076843 s
currentSize : 61 <-- 475.099274 s
currentSize : 62 <-- 475.375397 s
currentSize : 63 <-- 475.685974 s
currentSize : 64 <-- 1705.637939 s

TIMEOUT
maxsize : 64
nodes : 750557003.000000
filtered : 2419666070.000000
time : 3600.000000
