Parameters: GAD=1 vflib=1 dir=1 label=1 lowerbound=1 fileNameGp=../graphsdb/mcs70/bvg/b06m/mcs70_b06m_s50.A41 fileNameGt=../graphsdb/mcs70/bvg/b06m/mcs70_b06m_s50.B41
Reading graphs...
50 : 150
50 : 150
Initializing...
maxdom : 10
D->valSize : 328
Solving...
Blb : 2 (clique : 30)
currentSize : 30 <-- 0.003861 s
currentSize : 31 <-- 0.004131 s
currentSize : 32 <-- 0.004601 s
currentSize : 33 <-- 0.005823 s
currentSize : 35 <-- 0.006395 s

maxsize : 35
nodes : 12713.000000
filtered : 100514.000000
time : 0.054024
