Parameters: GAD=1 vflib=1 dir=1 label=1 lowerbound=1 fileNameGp=../graphsdb/mcs70/rand/r005/mcs70_r005_s40.A42 fileNameGt=../graphsdb/mcs70/rand/r005/mcs70_r005_s40.B42
Reading graphs...
40 : 77
40 : 77
Initializing...
maxdom : 8
D->valSize : 208
Solving...
Blb : 2 (clique : 17)
currentSize : 17 <-- 0.001252 s
currentSize : 19 <-- 0.001371 s
currentSize : 21 <-- 0.001444 s
currentSize : 23 <-- 0.020779 s
currentSize : 24 <-- 0.020903 s
currentSize : 27 <-- 0.020934 s
currentSize : 28 <-- 0.024700 s

maxsize : 28
nodes : 6110.000000
filtered : 65195.000000
time : 0.025858
