Parameters: GAD=1 vflib=1 dir=1 label=1 lowerbound=1 fileNameGp=../graphsdb/mcs70/rand/r01/mcs70_r01_s30.A13 fileNameGt=../graphsdb/mcs70/rand/r01/mcs70_r01_s30.B13
Reading graphs...
30 : 86
30 : 86
Initializing...
maxdom : 9
D->valSize : 167
Solving...
Blb : 2 (clique : 11)
currentSize : 11 <-- 0.000974 s
currentSize : 12 <-- 0.001056 s
currentSize : 14 <-- 0.002213 s
currentSize : 17 <-- 0.002337 s
currentSize : 21 <-- 0.002636 s

maxsize : 21
nodes : 722.000000
filtered : 7020.000000
time : 0.003358
