Parameters: GAD=1 vflib=1 dir=1 label=1 lowerbound=1 fileNameGp=../graphsdb/mcs70/rand/r005/mcs70_r005_s70.A91 fileNameGt=../graphsdb/mcs70/rand/r005/mcs70_r005_s70.B91
Reading graphs...
70 : 240
70 : 240
Initializing...
maxdom : 8
D->valSize : 373
Solving...
Blb : 2 (clique : 29)
currentSize : 29 <-- 0.003344 s
currentSize : 30 <-- 0.003574 s
currentSize : 33 <-- 0.004048 s
currentSize : 36 <-- 0.041084 s
currentSize : 37 <-- 0.068334 s
currentSize : 43 <-- 0.086377 s
currentSize : 44 <-- 0.142942 s
currentSize : 49 <-- 0.149295 s

maxsize : 49
nodes : 28938.000000
filtered : 295476.000000
time : 0.154499
