Parameters: GAD=1 vflib=1 dir=1 label=1 lowerbound=1 fileNameGp=../graphsdb/mcs70/m3D/m3Dr4/mcs70_m3Dr4_s40.A20 fileNameGt=../graphsdb/mcs70/m3D/m3Dr4/mcs70_m3Dr4_s40.B20
Reading graphs...
40 : 100
40 : 100
Initializing...
maxdom : 8
D->valSize : 226
Solving...
Blb : 3 (clique : 22)
currentSize : 22 <-- 0.001310 s
currentSize : 23 <-- 0.002258 s
currentSize : 25 <-- 0.002283 s
currentSize : 26 <-- 0.002414 s
currentSize : 27 <-- 0.007880 s

maxsize : 27
nodes : 3858.000000
filtered : 33767.000000
time : 0.015315
