Parameters: GAD=1 vflib=1 dir=1 label=1 lowerbound=1 fileNameGp=../graphsdb/mcs70/bvg/b03/mcs70_b03_s60.A57 fileNameGt=../graphsdb/mcs70/bvg/b03/mcs70_b03_s60.B57
Reading graphs...
60 : 90
60 : 90
Initializing...
maxdom : 8
D->valSize : 271
Solving...
Blb : 3 (clique : 33)
currentSize : 33 <-- 0.003290 s
currentSize : 34 <-- 0.003681 s
currentSize : 35 <-- 0.004171 s
currentSize : 36 <-- 0.495749 s
currentSize : 37 <-- 1.860545 s
currentSize : 38 <-- 1.860812 s
currentSize : 39 <-- 4.051365 s
currentSize : 40 <-- 5.636776 s
currentSize : 41 <-- 6.473890 s
currentSize : 42 <-- 6.484356 s
currentSize : 43 <-- 7.536417 s

maxsize : 43
nodes : 1982216.000000
filtered : 9678117.000000
time : 8.005080
