Parameters: GAD=1 vflib=1 dir=1 label=1 lowerbound=1 fileNameGp=../graphsdb/mcs70/rand/r005/mcs70_r005_s60.A05 fileNameGt=../graphsdb/mcs70/rand/r005/mcs70_r005_s60.B05
Reading graphs...
60 : 176
60 : 176
Initializing...
maxdom : 7
D->valSize : 238
Solving...
Blb : 2 (clique : 21)
currentSize : 21 <-- 0.001974 s
currentSize : 23 <-- 0.009158 s
currentSize : 25 <-- 0.020941 s
currentSize : 26 <-- 0.031368 s
currentSize : 27 <-- 0.036694 s
currentSize : 28 <-- 0.142051 s
currentSize : 29 <-- 0.154843 s
currentSize : 30 <-- 0.155022 s
currentSize : 31 <-- 0.155106 s
currentSize : 34 <-- 0.230577 s
currentSize : 37 <-- 0.252557 s
currentSize : 38 <-- 0.253105 s
currentSize : 42 <-- 0.253265 s

maxsize : 42
nodes : 56011.000000
filtered : 337922.000000
time : 0.264317
