Parameters: GAD=1 vflib=1 dir=1 label=1 lowerbound=1 fileNameGp=../graphsdb/mcs70/m2D/m2Dr6/mcs70_m2Dr6_s80.A58 fileNameGt=../graphsdb/mcs70/m2D/m2Dr6/mcs70_m2Dr6_s80.B58
Reading graphs...
80 : 190
80 : 186
Initializing...
maxdom : 8
D->valSize : 450
Solving...
Blb : 2 (clique : 42)
currentSize : 42 <-- 0.004776 s
currentSize : 44 <-- 0.005346 s
currentSize : 45 <-- 0.005660 s
currentSize : 46 <-- 0.010925 s
currentSize : 47 <-- 0.015952 s
currentSize : 48 <-- 0.016233 s
currentSize : 49 <-- 14.019658 s
currentSize : 50 <-- 14.049321 s

maxsize : 50
nodes : 56212773.000000
filtered : 275236518.000000
time : 263.741730
