Parameters: GAD=1 vflib=1 dir=1 label=1 lowerbound=1 fileNameGp=../graphsdb/mcs70/m2D/m2Dr6/mcs70_m2Dr6_s90.A37 fileNameGt=../graphsdb/mcs70/m2D/m2Dr6/mcs70_m2Dr6_s90.B37
Reading graphs...
90 : 215
90 : 212
Initializing...
maxdom : 10
D->valSize : 611
Solving...
Blb : 2 (clique : 56)
currentSize : 56 <-- 0.007818 s
currentSize : 60 <-- 0.010576 s
currentSize : 61 <-- 0.028670 s
currentSize : 62 <-- 0.028752 s
currentSize : 64 <-- 0.029321 s
currentSize : 65 <-- 0.470770 s

maxsize : 65
nodes : 117256245.000000
filtered : 450514469.000000
time : 527.888123
