Parameters: GAD=1 vflib=1 dir=1 label=1 lowerbound=1 fileNameGp=../graphsdb/mcs70/m2D/m2Dr2/mcs70_m2Dr2_s35.A62 fileNameGt=../graphsdb/mcs70/m2D/m2Dr2/mcs70_m2Dr2_s35.B62
Reading graphs...
35 : 65
35 : 65
Initializing...
maxdom : 7
D->valSize : 175
Solving...
Blb : 2 (clique : 14)
currentSize : 14 <-- 0.001013 s
currentSize : 15 <-- 0.016012 s
currentSize : 16 <-- 0.017778 s
currentSize : 17 <-- 0.061465 s
currentSize : 18 <-- 0.061582 s
currentSize : 19 <-- 0.061785 s
currentSize : 21 <-- 0.061878 s
currentSize : 23 <-- 0.071173 s
currentSize : 24 <-- 0.071222 s
currentSize : 25 <-- 0.075363 s

maxsize : 25
nodes : 23115.000000
filtered : 161894.000000
time : 0.078861
