Parameters: GAD=1 vflib=1 dir=1 label=1 lowerbound=1 fileNameGp=../graphsdb/mcs70/rand/r005/mcs70_r005_s50.A60 fileNameGt=../graphsdb/mcs70/rand/r005/mcs70_r005_s50.B60
Reading graphs...
50 : 121
50 : 121
Initializing...
maxdom : 14
D->valSize : 363
Solving...
Blb : 2 (clique : 20)
currentSize : 20 <-- 0.004369 s
currentSize : 22 <-- 0.004559 s
currentSize : 23 <-- 0.051441 s
currentSize : 25 <-- 0.290057 s
currentSize : 27 <-- 0.292674 s
currentSize : 28 <-- 0.336337 s
currentSize : 29 <-- 0.465983 s
currentSize : 30 <-- 0.568029 s
currentSize : 31 <-- 0.580099 s
currentSize : 35 <-- 0.608656 s

maxsize : 35
nodes : 102942.000000
filtered : 1452259.000000
time : 0.638209
