Parameters: GAD=1 vflib=1 dir=1 label=1 lowerbound=1 fileNameGp=../graphsdb/mcs70/bvg/b06m/mcs70_b06m_s80.A73 fileNameGt=../graphsdb/mcs70/bvg/b06m/mcs70_b06m_s80.B73
Reading graphs...
80 : 240
80 : 240
Initializing...
maxdom : 9
D->valSize : 441
Solving...
Blb : 3 (clique : 38)
currentSize : 38 <-- 0.004416 s
currentSize : 39 <-- 0.096899 s
currentSize : 41 <-- 0.097739 s
currentSize : 43 <-- 12.349130 s
currentSize : 44 <-- 26.960148 s
currentSize : 45 <-- 26.961000 s
currentSize : 46 <-- 26.962149 s
currentSize : 47 <-- 26.964455 s
currentSize : 50 <-- 26.964594 s
currentSize : 51 <-- 31.913130 s
currentSize : 52 <-- 34.370136 s
currentSize : 53 <-- 34.370647 s
currentSize : 54 <-- 36.072388 s
currentSize : 55 <-- 38.631329 s
currentSize : 56 <-- 38.632050 s

maxsize : 56
nodes : 8333027.000000
filtered : 53022139.000000
time : 41.176674
