Parameters: GAD=1 vflib=1 dir=1 label=1 lowerbound=1 fileNameGp=../graphsdb/mcs70/m2D/m2Dr6/mcs70_m2Dr6_s80.A97 fileNameGt=../graphsdb/mcs70/m2D/m2Dr6/mcs70_m2Dr6_s80.B97
Reading graphs...
80 : 190
80 : 190
Initializing...
maxdom : 11
D->valSize : 453
Solving...
Blb : 2 (clique : 28)
currentSize : 28 <-- 0.008342 s
currentSize : 31 <-- 0.009756 s
currentSize : 36 <-- 0.061534 s
currentSize : 42 <-- 3.038117 s
currentSize : 43 <-- 3.038661 s
currentSize : 44 <-- 3.038691 s
currentSize : 45 <-- 7.717946 s
currentSize : 46 <-- 7.718025 s
currentSize : 47 <-- 28.338144 s
currentSize : 48 <-- 28.338402 s
currentSize : 49 <-- 28.345158 s

maxsize : 49
nodes : 16343082.000000
filtered : 72882821.000000
time : 73.201378
