Parameters: GAD=1 vflib=1 dir=1 label=1 lowerbound=1 fileNameGp=../graphsdb/mcs70/m2D/m2Dr6/mcs70_m2Dr6_s90.A08 fileNameGt=../graphsdb/mcs70/m2D/m2Dr6/mcs70_m2Dr6_s90.B08
Reading graphs...
90 : 215
90 : 214
Initializing...
maxdom : 11
D->valSize : 600
Solving...
Blb : 2 (clique : 43)
currentSize : 43 <-- 0.007555 s
currentSize : 44 <-- 0.007964 s
currentSize : 45 <-- 0.008100 s
currentSize : 46 <-- 0.008329 s
currentSize : 51 <-- 0.096501 s
currentSize : 52 <-- 0.096717 s
currentSize : 53 <-- 0.146069 s
currentSize : 54 <-- 401.043976 s
currentSize : 55 <-- 401.143005 s
currentSize : 56 <-- 556.741516 s
currentSize : 57 <-- 776.430969 s
currentSize : 58 <-- 1125.775513 s
currentSize : 59 <-- 1125.776001 s
currentSize : 60 <-- 1128.693604 s
currentSize : 61 <-- 1128.697876 s
currentSize : 64 <-- 1632.674805 s

maxsize : 64
nodes : 352639665.000000
filtered : 2073838450.000000
time : 1832.255005
