Parameters: GAD=1 vflib=1 dir=1 label=1 lowerbound=1 fileNameGp=../graphsdb/mcs70/rand/r01/mcs70_r01_s40.A87 fileNameGt=../graphsdb/mcs70/rand/r01/mcs70_r01_s40.B87
Reading graphs...
40 : 155
40 : 155
Initializing...
maxdom : 7
D->valSize : 201
Solving...
Blb : 2 (clique : 15)
currentSize : 15 <-- 0.001165 s
currentSize : 17 <-- 0.001909 s
currentSize : 20 <-- 0.002056 s
currentSize : 22 <-- 0.005664 s
currentSize : 28 <-- 0.007349 s

maxsize : 28
nodes : 1786.000000
filtered : 21223.000000
time : 0.008132
