Parameters: GAD=1 vflib=1 dir=1 label=1 lowerbound=1 fileNameGp=../graphsdb/mcs70/m3D/m3D/mcs70_m3D_s90.A19 fileNameGt=../graphsdb/mcs70/m3D/m3D/mcs70_m3D_s90.B19
Reading graphs...
90 : 209
90 : 209
Initializing...
maxdom : 10
D->valSize : 545
Solving...
Blb : 2 (clique : 42)
currentSize : 42 <-- 0.006692 s
currentSize : 45 <-- 0.006999 s
currentSize : 47 <-- 0.007083 s
currentSize : 48 <-- 0.009777 s
currentSize : 49 <-- 0.010063 s
currentSize : 50 <-- 0.015737 s
currentSize : 51 <-- 0.018243 s
currentSize : 52 <-- 0.018603 s
currentSize : 54 <-- 0.036110 s
currentSize : 55 <-- 0.112433 s
currentSize : 56 <-- 0.122544 s
currentSize : 57 <-- 0.122906 s
currentSize : 58 <-- 0.123230 s
currentSize : 61 <-- 0.551761 s
currentSize : 62 <-- 0.552259 s
currentSize : 63 <-- 0.552804 s
currentSize : 64 <-- 0.553209 s

maxsize : 64
nodes : 3895962.000000
filtered : 23526832.000000
time : 21.956713
