Parameters: GAD=1 vflib=1 dir=1 label=1 lowerbound=1 fileNameGp=../graphsdb/mcs70/m2D/m2Dr2/mcs70_m2Dr2_s70.A76 fileNameGt=../graphsdb/mcs70/m2D/m2Dr2/mcs70_m2Dr2_s70.B76
Reading graphs...
70 : 137
70 : 137
Initializing...
maxdom : 7
D->valSize : 336
Solving...
Blb : 2 (clique : 44)
currentSize : 44 <-- 0.003024 s
currentSize : 46 <-- 0.005431 s
currentSize : 47 <-- 0.005661 s
currentSize : 48 <-- 0.007180 s
currentSize : 49 <-- 0.007406 s

maxsize : 49
nodes : 3548869.000000
filtered : 11966552.000000
time : 13.745696
