Parameters: GAD=1 vflib=1 dir=1 label=1 lowerbound=1 fileNameGp=../graphsdb/mcs70/m2D/m2D/mcs70_m2D_s25.A11 fileNameGt=../graphsdb/mcs70/m2D/m2D/mcs70_m2D_s25.B11
Reading graphs...
25 : 40
25 : 40
Initializing...
maxdom : 8
D->valSize : 165
Solving...
Blb : 2 (clique : 9)
currentSize : 9 <-- 0.000770 s
currentSize : 11 <-- 0.000815 s
currentSize : 12 <-- 0.001097 s
currentSize : 14 <-- 0.004405 s
currentSize : 15 <-- 0.005564 s
currentSize : 16 <-- 0.011059 s

maxsize : 16
nodes : 2984.000000
filtered : 39627.000000
time : 0.011347
