Parameters: GAD=1 vflib=1 dir=1 label=1 lowerbound=1 fileNameGp=../graphsdb/mcs70/m3D/m3D/mcs70_m3D_s40.A92 fileNameGt=../graphsdb/mcs70/m3D/m3D/mcs70_m3D_s40.B92
Reading graphs...
40 : 84
40 : 84
Initializing...
maxdom : 7
D->valSize : 209
Solving...
Blb : 2 (clique : 21)
currentSize : 21 <-- 0.001203 s
currentSize : 22 <-- 0.001352 s
currentSize : 23 <-- 0.138577 s
currentSize : 25 <-- 0.201827 s
currentSize : 27 <-- 0.201898 s

maxsize : 27
nodes : 60376.000000
filtered : 481354.000000
time : 0.224275
