Parameters: GAD=1 vflib=1 dir=1 label=1 lowerbound=1 fileNameGp=../graphsdb/mcs70/m3D/m3Dr2/mcs70_m3Dr2_s90.A41 fileNameGt=../graphsdb/mcs70/m3D/m3Dr2/mcs70_m3Dr2_s90.B41
Reading graphs...
90 : 227
90 : 227
Initializing...
maxdom : 10
D->valSize : 573
Solving...
Blb : 2 (clique : 46)
currentSize : 46 <-- 0.006914 s
currentSize : 47 <-- 0.007247 s
currentSize : 50 <-- 0.011167 s
currentSize : 52 <-- 0.011277 s
currentSize : 54 <-- 0.042952 s
currentSize : 56 <-- 0.271366 s
currentSize : 57 <-- 90.521866 s
currentSize : 58 <-- 342.696320 s
currentSize : 59 <-- 527.688965 s
currentSize : 61 <-- 527.691162 s
currentSize : 62 <-- 527.918762 s
currentSize : 64 <-- 527.926392 s

maxsize : 64
nodes : 130502683.000000
filtered : 675890595.000000
time : 642.462402
