Parameters: GAD=1 vflib=1 dir=1 label=1 lowerbound=1 fileNameGp=../graphsdb/mcs70/bvg/b06/mcs70_b06_s50.A23 fileNameGt=../graphsdb/mcs70/bvg/b06/mcs70_b06_s50.B23
Reading graphs...
50 : 150
50 : 150
Initializing...
maxdom : 9
D->valSize : 320
Solving...
Blb : 3 (clique : 20)
currentSize : 20 <-- 0.002316 s
currentSize : 23 <-- 0.003412 s
currentSize : 26 <-- 0.009939 s
currentSize : 27 <-- 0.010047 s
currentSize : 29 <-- 0.240482 s
currentSize : 31 <-- 0.240569 s
currentSize : 35 <-- 0.272144 s

maxsize : 35
nodes : 68539.000000
filtered : 631404.000000
time : 0.307781
