Parameters: GAD=1 vflib=1 dir=1 label=1 lowerbound=1 fileNameGp=../graphsdb/mcs70/m2D/m2D/mcs70_m2D_s70.A59 fileNameGt=../graphsdb/mcs70/m2D/m2D/mcs70_m2D_s70.B59
Reading graphs...
70 : 123
70 : 123
Initializing...
maxdom : 8
D->valSize : 335
Solving...
Blb : 2 (clique : 39)
currentSize : 39 <-- 0.004676 s
currentSize : 40 <-- 0.005237 s
currentSize : 41 <-- 0.006880 s
currentSize : 43 <-- 0.007054 s
currentSize : 44 <-- 0.007224 s
currentSize : 45 <-- 0.140600 s
currentSize : 46 <-- 0.156300 s
currentSize : 47 <-- 0.164780 s
currentSize : 49 <-- 0.164898 s
currentSize : 50 <-- 0.165374 s

maxsize : 50
nodes : 367828.000000
filtered : 1716044.000000
time : 1.752035
