Parameters: GAD=1 vflib=1 dir=1 label=1 lowerbound=1 fileNameGp=../graphsdb/mcs70/m3D/m3Dr6/mcs70_m3Dr6_s100.A81 fileNameGt=../graphsdb/mcs70/m3D/m3Dr6/mcs70_m3Dr6_s100.B81
Reading graphs...
100 : 295
100 : 294
Initializing...
maxdom : 6
D->valSize : 364
Solving...
Blb : 3 (clique : 49)
currentSize : 49 <-- 0.003836 s
currentSize : 50 <-- 539.226135 s
currentSize : 52 <-- 539.226624 s
currentSize : 53 <-- 539.229248 s
currentSize : 55 <-- 1208.078491 s
currentSize : 56 <-- 1208.094482 s
currentSize : 57 <-- 1270.577026 s
currentSize : 58 <-- 1437.096191 s
currentSize : 60 <-- 1666.465332 s
currentSize : 61 <-- 1666.465820 s
currentSize : 63 <-- 1669.929688 s
currentSize : 64 <-- 1776.172363 s

maxsize : 64
nodes : 364408173.000000
filtered : 1493713624.000000
time : 1895.999146
