Parameters: GAD=1 vflib=1 dir=1 label=1 lowerbound=1 fileNameGp=../graphsdb/mcs70/bvg/b03m/mcs70_b03m_s80.A01 fileNameGt=../graphsdb/mcs70/bvg/b03m/mcs70_b03m_s80.B01
Reading graphs...
80 : 120
80 : 120
Initializing...
maxdom : 9
D->valSize : 441
Solving...
Blb : 2 (clique : 46)
currentSize : 46 <-- 0.004623 s
currentSize : 48 <-- 0.004937 s
currentSize : 49 <-- 0.013425 s
currentSize : 55 <-- 0.060971 s
currentSize : 56 <-- 12.863702 s

maxsize : 56
nodes : 4703790.000000
filtered : 21778769.000000
time : 22.007580
