Parameters: GAD=1 vflib=1 dir=1 label=1 lowerbound=1 fileNameGp=../graphsdb/mcs70/bvg/b06/mcs70_b06_s25.A29 fileNameGt=../graphsdb/mcs70/bvg/b06/mcs70_b06_s25.B29
Reading graphs...
25 : 75
25 : 75
Initializing...
maxdom : 9
D->valSize : 182
Solving...
Blb : 3 (clique : 10)
currentSize : 10 <-- 0.000878 s
currentSize : 11 <-- 0.001143 s
currentSize : 14 <-- 0.001401 s
currentSize : 15 <-- 0.001496 s
currentSize : 17 <-- 0.001518 s

maxsize : 17
nodes : 374.000000
filtered : 4652.000000
time : 0.002061
