Parameters: GAD=1 vflib=1 dir=1 label=1 lowerbound=1 fileNameGp=../graphsdb/mcs70/bvg/b03m/mcs70_b03m_s100.A93 fileNameGt=../graphsdb/mcs70/bvg/b03m/mcs70_b03m_s100.B93
Reading graphs...
100 : 150
100 : 150
Initializing...
maxdom : 6
D->valSize : 371
Solving...
Blb : 2 (clique : 59)
currentSize : 59 <-- 0.004361 s
currentSize : 60 <-- 0.938313 s
currentSize : 61 <-- 5.470961 s
currentSize : 62 <-- 5.486216 s
currentSize : 63 <-- 8.115210 s
currentSize : 64 <-- 27.335104 s
currentSize : 65 <-- 27.335527 s
currentSize : 66 <-- 27.343180 s

TIMEOUT
maxsize : 66
nodes : 741906530.000000
filtered : 2267711763.000000
time : 3600.000000
