Parameters: GAD=1 vflib=1 dir=1 label=1 lowerbound=1 fileNameGp=../graphsdb/mcs70/m2D/m2Dr4/mcs70_m2Dr4_s70.A83 fileNameGt=../graphsdb/mcs70/m2D/m2Dr4/mcs70_m2Dr4_s70.B83
Reading graphs...
70 : 151
70 : 150
Initializing...
maxdom : 8
D->valSize : 352
Solving...
Blb : 2 (clique : 37)
currentSize : 37 <-- 0.003095 s
currentSize : 38 <-- 0.003475 s
currentSize : 41 <-- 0.003585 s
currentSize : 44 <-- 0.004436 s
currentSize : 49 <-- 0.415363 s

maxsize : 49
nodes : 230838.000000
filtered : 1396634.000000
time : 1.045603
