Parameters: GAD=1 vflib=1 dir=1 label=1 lowerbound=1 fileNameGp=../graphsdb/mcs70/bvg/b06/mcs70_b06_s100.A06 fileNameGt=../graphsdb/mcs70/bvg/b06/mcs70_b06_s100.B06
Reading graphs...
100 : 300
100 : 300
Initializing...
maxdom : 8
D->valSize : 401
Solving...
Blb : 3 (clique : 40)
currentSize : 40 <-- 0.007040 s
currentSize : 41 <-- 0.030736 s
currentSize : 44 <-- 0.065513 s
currentSize : 47 <-- 10.658429 s
currentSize : 48 <-- 10.769317 s
currentSize : 49 <-- 67.932678 s
currentSize : 51 <-- 87.919838 s
currentSize : 54 <-- 87.927536 s
currentSize : 55 <-- 87.992584 s
currentSize : 56 <-- 142.143173 s
currentSize : 57 <-- 142.143829 s
currentSize : 58 <-- 142.249710 s
currentSize : 60 <-- 142.268524 s
currentSize : 63 <-- 142.268784 s
currentSize : 70 <-- 185.780090 s

maxsize : 70
nodes : 37220247.000000
filtered : 162372063.000000
time : 190.528854
