Parameters: GAD=1 vflib=1 dir=1 label=1 lowerbound=1 fileNameGp=../graphsdb/mcs70/m2D/m2Dr4/mcs70_m2Dr4_s100.A17 fileNameGt=../graphsdb/mcs70/m2D/m2Dr4/mcs70_m2Dr4_s100.B17
Reading graphs...
100 : 220
100 : 218
Initializing...
maxdom : 7
D->valSize : 400
Solving...
Blb : 3 (clique : 48)
currentSize : 48 <-- 0.004346 s
currentSize : 50 <-- 0.004674 s
currentSize : 51 <-- 0.005007 s
currentSize : 53 <-- 0.016662 s
currentSize : 54 <-- 0.017063 s
currentSize : 55 <-- 0.017625 s
currentSize : 56 <-- 0.026223 s
currentSize : 57 <-- 0.026939 s
currentSize : 58 <-- 0.028207 s
currentSize : 59 <-- 0.206507 s
currentSize : 60 <-- 0.213578 s
currentSize : 61 <-- 0.214924 s
currentSize : 62 <-- 0.216141 s
currentSize : 63 <-- 0.217629 s
currentSize : 64 <-- 0.245393 s

maxsize : 64
nodes : 144893516.000000
filtered : 568122646.000000
time : 732.976074
