Parameters: GAD=1 vflib=1 dir=1 label=1 lowerbound=1 fileNameGp=../graphsdb/mcs70/bvg/b09/mcs70_b09_s90.A04 fileNameGt=../graphsdb/mcs70/bvg/b09/mcs70_b09_s90.B04
Reading graphs...
90 : 405
90 : 405
Initializing...
maxdom : 10
D->valSize : 521
Solving...
Blb : 2 (clique : 41)
currentSize : 41 <-- 0.005745 s
currentSize : 42 <-- 0.006102 s
currentSize : 49 <-- 0.006525 s
currentSize : 54 <-- 0.007574 s
currentSize : 56 <-- 0.029039 s
currentSize : 62 <-- 0.030039 s

maxsize : 62
nodes : 91690.000000
filtered : 713923.000000
time : 0.506314
