Parameters: GAD=1 vflib=1 dir=1 label=1 lowerbound=1 fileNameGp=../graphsdb/mcs70/bvg/b03m/mcs70_b03m_s90.A99 fileNameGt=../graphsdb/mcs70/bvg/b03m/mcs70_b03m_s90.B99
Reading graphs...
90 : 135
90 : 135
Initializing...
maxdom : 11
D->valSize : 541
Solving...
Blb : 2 (clique : 55)
currentSize : 55 <-- 0.006793 s
currentSize : 57 <-- 0.007167 s
currentSize : 58 <-- 0.029697 s
currentSize : 59 <-- 121.313683 s
currentSize : 60 <-- 317.152222 s
currentSize : 61 <-- 317.154419 s
currentSize : 62 <-- 3542.436768 s
currentSize : 63 <-- 3542.445068 s
currentSize : 64 <-- 3543.327393 s

TIMEOUT
maxsize : 64
nodes : 695965226.000000
filtered : 3655198754.000000
time : 3600.000000
