Parameters: GAD=1 vflib=1 dir=1 label=1 lowerbound=1 fileNameGp=../graphsdb/mcs70/rand/r01/mcs70_r01_s100.A31 fileNameGt=../graphsdb/mcs70/rand/r01/mcs70_r01_s100.B31
Reading graphs...
100 : 989
100 : 989
Initializing...
maxdom : 8
D->valSize : 390
Solving...
Blb : 2 (clique : 17)
currentSize : 17 <-- 0.003917 s
currentSize : 20 <-- 0.004066 s
currentSize : 24 <-- 0.015493 s
currentSize : 25 <-- 0.016904 s
currentSize : 28 <-- 0.021052 s
currentSize : 31 <-- 0.035668 s
currentSize : 32 <-- 0.036031 s
currentSize : 38 <-- 0.036223 s
currentSize : 40 <-- 0.061932 s
currentSize : 52 <-- 0.062181 s
currentSize : 70 <-- 0.094895 s

maxsize : 70
nodes : 16826.000000
filtered : 184719.000000
time : 0.112094
