Parameters: GAD=1 vflib=1 dir=1 label=1 lowerbound=1 fileNameGp=../graphsdb/mcs70/m3D/m3Dr2/mcs70_m3Dr2_s100.A55 fileNameGt=../graphsdb/mcs70/m3D/m3Dr2/mcs70_m3Dr2_s100.B55
Reading graphs...
100 : 255
100 : 255
Initializing...
maxdom : 7
D->valSize : 364
Solving...
Blb : 3 (clique : 44)
currentSize : 44 <-- 0.006830 s
currentSize : 45 <-- 0.011404 s
currentSize : 46 <-- 0.021894 s
currentSize : 47 <-- 0.057156 s
currentSize : 50 <-- 0.060165 s
currentSize : 52 <-- 0.117528 s
currentSize : 53 <-- 0.119910 s
currentSize : 54 <-- 0.168927 s
currentSize : 55 <-- 0.173072 s
currentSize : 57 <-- 0.174252 s
currentSize : 58 <-- 0.374436 s
currentSize : 60 <-- 0.504192 s
currentSize : 62 <-- 0.504985 s
currentSize : 64 <-- 37.294971 s

maxsize : 64
nodes : 35224815.000000
filtered : 151346524.000000
time : 188.712860
