Parameters: GAD=1 vflib=1 dir=1 label=1 lowerbound=1 fileNameGp=../graphsdb/mcs70/bvg/b06/mcs70_b06_s90.A79 fileNameGt=../graphsdb/mcs70/bvg/b06/mcs70_b06_s90.B79
Reading graphs...
90 : 270
90 : 270
Initializing...
maxdom : 12
D->valSize : 541
Solving...
Blb : 3 (clique : 44)
currentSize : 44 <-- 0.010576 s
currentSize : 45 <-- 26.460880 s
currentSize : 47 <-- 102.034393 s
currentSize : 49 <-- 102.034462 s
currentSize : 51 <-- 102.281250 s
currentSize : 53 <-- 1231.500488 s
currentSize : 54 <-- 1231.500732 s
currentSize : 55 <-- 1231.501831 s
currentSize : 59 <-- 1249.437866 s
currentSize : 61 <-- 1249.437866 s
currentSize : 63 <-- 1249.438110 s

maxsize : 63
nodes : 254236151.000000
filtered : 1800168873.000000
time : 1325.829956
