Parameters: GAD=1 vflib=1 dir=1 label=1 lowerbound=1 fileNameGp=../graphsdb/mcs70/bvg/b06/mcs70_b06_s80.A04 fileNameGt=../graphsdb/mcs70/bvg/b06/mcs70_b06_s80.B04
Reading graphs...
80 : 240
80 : 240
Initializing...
maxdom : 11
D->valSize : 457
Solving...
Blb : 2 (clique : 30)
currentSize : 30 <-- 0.007475 s
currentSize : 31 <-- 0.008019 s
currentSize : 32 <-- 0.008542 s
currentSize : 33 <-- 0.008721 s
currentSize : 34 <-- 0.008978 s
currentSize : 35 <-- 0.022455 s
currentSize : 36 <-- 0.065179 s
currentSize : 38 <-- 0.070418 s
currentSize : 40 <-- 0.215562 s
currentSize : 41 <-- 0.598439 s
currentSize : 42 <-- 0.619537 s
currentSize : 43 <-- 0.623078 s
currentSize : 44 <-- 1.264731 s
currentSize : 45 <-- 1.264984 s
currentSize : 47 <-- 1.332681 s
currentSize : 48 <-- 3.195102 s
currentSize : 50 <-- 14.658705 s
currentSize : 52 <-- 14.658971 s
currentSize : 54 <-- 18.777901 s
currentSize : 56 <-- 18.778112 s

maxsize : 56
nodes : 4150039.000000
filtered : 29970768.000000
time : 21.971249
