Parameters: GAD=1 vflib=1 dir=1 label=1 lowerbound=1 fileNameGp=../graphsdb/mcs70/rand/r005/mcs70_r005_s30.A49 fileNameGt=../graphsdb/mcs70/rand/r005/mcs70_r005_s30.B49
Reading graphs...
30 : 42
30 : 42
Initializing...
maxdom : 6
D->valSize : 114
Solving...
Blb : 2 (clique : 13)
currentSize : 13 <-- 0.000652 s
currentSize : 14 <-- 0.000758 s
currentSize : 15 <-- 0.001777 s
currentSize : 18 <-- 0.001980 s
currentSize : 21 <-- 0.002025 s

maxsize : 21
nodes : 495.000000
filtered : 2227.000000
time : 0.002091
