Parameters: GAD=1 vflib=1 dir=1 label=1 lowerbound=1 fileNameGp=../graphsdb/mcs70/m2D/m2Dr2/mcs70_m2Dr2_s60.A20 fileNameGt=../graphsdb/mcs70/m2D/m2Dr2/mcs70_m2Dr2_s60.B20
Reading graphs...
60 : 116
60 : 115
Initializing...
maxdom : 9
D->valSize : 275
Solving...
Blb : 3 (clique : 29)
currentSize : 29 <-- 0.003706 s
currentSize : 30 <-- 0.045422 s
currentSize : 31 <-- 0.112442 s
currentSize : 32 <-- 0.117980 s
currentSize : 33 <-- 0.446738 s
currentSize : 34 <-- 0.467327 s
currentSize : 36 <-- 0.551182 s

maxsize : 36
nodes : 371264.000000
filtered : 2615646.000000
time : 1.703243
