Parameters: GAD=1 vflib=1 dir=1 label=1 lowerbound=1 fileNameGp=../graphsdb/mcs70/bvg/b03m/mcs70_b03m_s60.A81 fileNameGt=../graphsdb/mcs70/bvg/b03m/mcs70_b03m_s60.B81
Reading graphs...
60 : 90
60 : 90
Initializing...
maxdom : 8
D->valSize : 250
Solving...
Blb : 2 (clique : 37)
currentSize : 37 <-- 0.003038 s
currentSize : 38 <-- 0.007793 s
currentSize : 39 <-- 0.009834 s
currentSize : 40 <-- 0.166315 s
currentSize : 41 <-- 0.406030 s
currentSize : 42 <-- 0.406968 s
currentSize : 43 <-- 0.413173 s

maxsize : 43
nodes : 174928.000000
filtered : 515555.000000
time : 0.633081
