Parameters: GAD=1 vflib=1 dir=1 label=1 lowerbound=1 fileNameGp=../graphsdb/mcs70/rand/r01/mcs70_r01_s80.A32 fileNameGt=../graphsdb/mcs70/rand/r01/mcs70_r01_s80.B32
Reading graphs...
80 : 631
80 : 631
Initializing...
maxdom : 9
D->valSize : 466
Solving...
Blb : 2 (clique : 15)
currentSize : 15 <-- 0.004374 s
currentSize : 16 <-- 0.006802 s
currentSize : 17 <-- 0.007410 s
currentSize : 18 <-- 0.007636 s
currentSize : 19 <-- 0.008245 s
currentSize : 20 <-- 0.008449 s
currentSize : 21 <-- 0.011318 s
currentSize : 22 <-- 0.011501 s
currentSize : 23 <-- 0.011667 s
currentSize : 25 <-- 0.016649 s
currentSize : 27 <-- 0.026151 s
currentSize : 33 <-- 0.054236 s
currentSize : 38 <-- 0.059892 s
currentSize : 56 <-- 0.071130 s

maxsize : 56
nodes : 13152.000000
filtered : 229655.000000
time : 0.087412
