Parameters: GAD=1 vflib=1 dir=1 label=1 lowerbound=1 fileNameGp=../graphsdb/mcs70/m2D/m2Dr2/mcs70_m2Dr2_s50.A16 fileNameGt=../graphsdb/mcs70/m2D/m2Dr2/mcs70_m2Dr2_s50.B16
Reading graphs...
50 : 95
50 : 94
Initializing...
maxdom : 10
D->valSize : 358
Solving...
Blb : 2 (clique : 18)
currentSize : 18 <-- 0.004512 s
currentSize : 19 <-- 0.004780 s
currentSize : 20 <-- 0.008366 s
currentSize : 21 <-- 0.014761 s
currentSize : 22 <-- 0.049925 s
currentSize : 23 <-- 0.061901 s
currentSize : 24 <-- 0.118034 s
currentSize : 25 <-- 0.118345 s
currentSize : 26 <-- 0.182933 s
currentSize : 27 <-- 0.199492 s
currentSize : 29 <-- 0.227288 s
currentSize : 30 <-- 0.227479 s
currentSize : 31 <-- 0.296904 s
currentSize : 32 <-- 0.348671 s
currentSize : 33 <-- 0.348984 s
currentSize : 35 <-- 0.430799 s
currentSize : 36 <-- 0.431134 s

maxsize : 36
nodes : 87775.000000
filtered : 912866.000000
time : 0.491292
