Parameters: GAD=1 vflib=1 dir=1 label=1 lowerbound=1 fileNameGp=../graphsdb/mcs70/bvg/b03m/mcs70_b03m_s100.A39 fileNameGt=../graphsdb/mcs70/bvg/b03m/mcs70_b03m_s100.B39
Reading graphs...
100 : 150
100 : 150
Initializing...
maxdom : 6
D->valSize : 364
Solving...
Blb : 3 (clique : 52)
currentSize : 52 <-- 0.006556 s
currentSize : 53 <-- 113.447647 s
currentSize : 54 <-- 138.815323 s
currentSize : 55 <-- 1026.877686 s
currentSize : 56 <-- 2197.514648 s
currentSize : 57 <-- 3362.919434 s
currentSize : 58 <-- 3525.306152 s
currentSize : 59 <-- 3525.306641 s
currentSize : 60 <-- 3525.702637 s

TIMEOUT
maxsize : 60
nodes : 759211995.000000
filtered : 2137052026.000000
time : 3600.000000
