Parameters: GAD=1 vflib=1 dir=1 label=1 lowerbound=1 fileNameGp=../graphsdb/mcs70/bvg/b06/mcs70_b06_s100.A97 fileNameGt=../graphsdb/mcs70/bvg/b06/mcs70_b06_s100.B97
Reading graphs...
100 : 300
100 : 300
Initializing...
maxdom : 7
D->valSize : 401
Solving...
Blb : 2 (clique : 40)
currentSize : 40 <-- 0.004232 s
currentSize : 41 <-- 0.004966 s
currentSize : 42 <-- 0.015472 s
currentSize : 43 <-- 0.016982 s
currentSize : 44 <-- 1.494393 s
currentSize : 47 <-- 1.805807 s
currentSize : 48 <-- 1.807512 s
currentSize : 49 <-- 1.901968 s
currentSize : 50 <-- 1.911433 s
currentSize : 51 <-- 4.350886 s
currentSize : 52 <-- 4.353300 s
currentSize : 53 <-- 29.137604 s
currentSize : 54 <-- 36.937977 s
currentSize : 55 <-- 36.941746 s
currentSize : 56 <-- 36.941956 s
currentSize : 58 <-- 83.876633 s
currentSize : 59 <-- 86.130470 s
currentSize : 61 <-- 86.130760 s
currentSize : 63 <-- 141.447281 s
currentSize : 66 <-- 141.460342 s
currentSize : 70 <-- 145.507339 s

maxsize : 70
nodes : 30348901.000000
filtered : 128444325.000000
time : 156.281555
