Parameters: GAD=1 vflib=1 dir=1 label=1 lowerbound=1 fileNameGp=../graphsdb/mcs70/rand/r005/mcs70_r005_s50.A20 fileNameGt=../graphsdb/mcs70/rand/r005/mcs70_r005_s50.B20
Reading graphs...
50 : 121
50 : 121
Initializing...
maxdom : 10
D->valSize : 328
Solving...
Blb : 2 (clique : 19)
currentSize : 19 <-- 0.003853 s
currentSize : 20 <-- 0.005359 s
currentSize : 21 <-- 0.006099 s
currentSize : 22 <-- 0.006154 s
currentSize : 23 <-- 0.008683 s
currentSize : 24 <-- 0.016521 s
currentSize : 26 <-- 0.019876 s
currentSize : 27 <-- 0.023652 s
currentSize : 29 <-- 0.023700 s
currentSize : 30 <-- 0.064536 s
currentSize : 32 <-- 0.064586 s
currentSize : 33 <-- 0.077607 s
currentSize : 34 <-- 0.091831 s
currentSize : 35 <-- 0.107026 s

maxsize : 35
nodes : 27537.000000
filtered : 383248.000000
time : 0.147167
