Parameters: GAD=1 vflib=1 dir=1 label=1 lowerbound=1 fileNameGp=../graphsdb/mcs70/bvg/b06/mcs70_b06_s100.A23 fileNameGt=../graphsdb/mcs70/bvg/b06/mcs70_b06_s100.B23
Reading graphs...
100 : 300
100 : 300
Initializing...
maxdom : 8
D->valSize : 426
Solving...
Blb : 2 (clique : 43)
currentSize : 43 <-- 0.008051 s
currentSize : 44 <-- 0.013402 s
currentSize : 47 <-- 0.013701 s
currentSize : 48 <-- 0.019623 s
currentSize : 51 <-- 0.019888 s
currentSize : 52 <-- 0.029142 s
currentSize : 53 <-- 0.065155 s
currentSize : 54 <-- 0.112044 s
currentSize : 55 <-- 0.115641 s
currentSize : 60 <-- 1.322624 s
currentSize : 62 <-- 1.324839 s
currentSize : 63 <-- 14.511132 s
currentSize : 68 <-- 14.544995 s
currentSize : 70 <-- 14.545178 s

maxsize : 70
nodes : 3726470.000000
filtered : 21730913.000000
time : 22.344776
