Parameters: GAD=1 vflib=1 dir=1 label=1 lowerbound=1 fileNameGp=../graphsdb/mcs70/m3D/m3Dr6/mcs70_m3Dr6_s90.A15 fileNameGt=../graphsdb/mcs70/m3D/m3Dr6/mcs70_m3Dr6_s90.B15
Reading graphs...
90 : 263
90 : 260
Initializing...
maxdom : 9
D->valSize : 570
Solving...
Blb : 2 (clique : 45)
currentSize : 45 <-- 0.006859 s
currentSize : 46 <-- 0.007301 s
currentSize : 47 <-- 0.101711 s
currentSize : 50 <-- 0.101843 s
currentSize : 51 <-- 12.194203 s
currentSize : 52 <-- 29.132320 s
currentSize : 53 <-- 49.923882 s
currentSize : 54 <-- 49.924126 s
currentSize : 56 <-- 49.924290 s
currentSize : 57 <-- 49.924572 s
currentSize : 58 <-- 78.149612 s
currentSize : 59 <-- 78.149902 s
currentSize : 60 <-- 153.416458 s
currentSize : 62 <-- 156.726196 s
currentSize : 64 <-- 206.379227 s

maxsize : 64
nodes : 42185851.000000
filtered : 284012309.000000
time : 230.508820
