Parameters: GAD=1 vflib=1 dir=1 label=1 lowerbound=1 fileNameGp=../graphsdb/mcs90/m2D/m2D/mcs90_m2D_s100.A97 fileNameGt=../graphsdb/mcs90/m2D/m2D/mcs90_m2D_s100.B97
Reading graphs...
100 : 180
100 : 180
Initializing...
maxdom : 7
D->valSize : 346
Solving...
Blb : 2 (clique : 56)
currentSize : 56 <-- 0.003913 s
currentSize : 60 <-- 0.059406 s
currentSize : 62 <-- 0.072372 s
currentSize : 63 <-- 0.149479 s
currentSize : 67 <-- 0.149649 s
currentSize : 71 <-- 0.178263 s
currentSize : 73 <-- 0.268126 s
currentSize : 75 <-- 0.322434 s
currentSize : 79 <-- 0.392343 s
currentSize : 81 <-- 0.428937 s

maxsize : 81
nodes : 173088.000000
filtered : 555786.000000
time : 0.838796
