Parameters: GAD=1 vflib=1 dir=1 label=1 lowerbound=1 fileNameGp=../graphsdb/mcs90/bvg/b03m/mcs90_b03m_s50.A25 fileNameGt=../graphsdb/mcs90/bvg/b03m/mcs90_b03m_s50.B25
Reading graphs...
50 : 75
50 : 75
Initializing...
maxdom : 11
D->valSize : 357
Solving...
Blb : 3 (clique : 31)
currentSize : 31 <-- 0.002789 s
currentSize : 37 <-- 0.002955 s
currentSize : 39 <-- 0.002996 s
currentSize : 40 <-- 0.003391 s
currentSize : 44 <-- 0.003717 s

maxsize : 44
nodes : 719.000000
filtered : 4799.000000
time : 0.005096
