Parameters: GAD=1 vflib=1 dir=1 label=1 lowerbound=1 fileNameGp=../graphsdb/mcs90/m2D/m2Dr4/mcs90_m2Dr4_s100.A14 fileNameGt=../graphsdb/mcs90/m2D/m2Dr4/mcs90_m2Dr4_s100.B14
Reading graphs...
100 : 220
100 : 218
Initializing...
maxdom : 7
D->valSize : 400
Solving...
Blb : 2 (clique : 61)
currentSize : 61 <-- 0.004348 s
currentSize : 62 <-- 0.004935 s
currentSize : 66 <-- 0.005742 s
currentSize : 67 <-- 0.006193 s
currentSize : 72 <-- 0.010738 s
currentSize : 73 <-- 0.011374 s
currentSize : 75 <-- 0.015761 s
currentSize : 81 <-- 0.016078 s

maxsize : 81
nodes : 244327.000000
filtered : 1192828.000000
time : 1.251736
