Parameters: GAD=1 vflib=1 dir=1 label=1 lowerbound=1 fileNameGp=../graphsdb/mcs90/m2D/m2Dr2/mcs90_m2Dr2_s90.A29 fileNameGt=../graphsdb/mcs90/m2D/m2Dr2/mcs90_m2Dr2_s90.B29
Reading graphs...
90 : 179
90 : 178
Initializing...
maxdom : 11
D->valSize : 621
Solving...
Blb : 2 (clique : 66)
currentSize : 66 <-- 0.008235 s
currentSize : 69 <-- 0.008670 s
currentSize : 72 <-- 0.009038 s
currentSize : 73 <-- 0.010373 s
currentSize : 75 <-- 0.010672 s
currentSize : 78 <-- 0.010898 s
currentSize : 81 <-- 0.011899 s

maxsize : 81
nodes : 3078.000000
filtered : 20150.000000
time : 0.024662
