Parameters: GAD=1 vflib=1 dir=1 label=1 lowerbound=1 fileNameGp=../graphsdb/mcs90/bvg/b09/mcs90_b09_s50.A63 fileNameGt=../graphsdb/mcs90/bvg/b09/mcs90_b09_s50.B63
Reading graphs...
50 : 225
50 : 225
Initializing...
maxdom : 9
D->valSize : 333
Solving...
Blb : 2 (clique : 29)
currentSize : 29 <-- 0.003751 s
currentSize : 32 <-- 0.003954 s
currentSize : 34 <-- 0.004160 s
currentSize : 39 <-- 0.016523 s
currentSize : 44 <-- 0.016695 s

maxsize : 44
nodes : 2234.000000
filtered : 22874.000000
time : 0.017705
