Parameters: GAD=1 vflib=1 dir=1 label=1 lowerbound=1 fileNameGp=../graphsdb/mcs90/m3D/m3D/mcs90_m3D_s80.A98 fileNameGt=../graphsdb/mcs90/m3D/m3D/mcs90_m3D_s80.B98
Reading graphs...
80 : 184
80 : 184
Initializing...
maxdom : 10
D->valSize : 464
Solving...
Blb : 2 (clique : 40)
currentSize : 40 <-- 0.004970 s
currentSize : 43 <-- 0.005234 s
currentSize : 44 <-- 0.005483 s
currentSize : 45 <-- 0.540912 s
currentSize : 46 <-- 1.782684 s
currentSize : 47 <-- 1.825653 s
currentSize : 49 <-- 1.830656 s
currentSize : 50 <-- 1.830887 s
currentSize : 58 <-- 7.251106 s
currentSize : 61 <-- 7.251271 s
currentSize : 64 <-- 7.351713 s

maxsize : 64
nodes : 1412225.000000
filtered : 9050583.000000
time : 7.395290
