Parameters: GAD=1 vflib=1 dir=1 label=1 lowerbound=1 fileNameGp=../graphsdb/mcs90/m3D/m3Dr6/mcs90_m3Dr6_s30.A06 fileNameGt=../graphsdb/mcs90/m3D/m3Dr6/mcs90_m3Dr6_s30.B06
Reading graphs...
30 : 79
30 : 76
Initializing...
maxdom : 6
D->valSize : 136
Solving...
Blb : 2 (clique : 11)
currentSize : 11 <-- 0.000862 s
currentSize : 13 <-- 0.001058 s
currentSize : 15 <-- 0.001212 s
currentSize : 16 <-- 0.001408 s
currentSize : 27 <-- 0.001547 s

maxsize : 27
nodes : 270.000000
filtered : 1387.000000
time : 0.001618
