Parameters: GAD=1 vflib=1 dir=1 label=1 lowerbound=1 fileNameGp=../graphsdb/mcs90/m2D/m2Dr4/mcs90_m2Dr4_s30.A01 fileNameGt=../graphsdb/mcs90/m2D/m2Dr4/mcs90_m2Dr4_s30.B01
Reading graphs...
30 : 61
30 : 60
Initializing...
maxdom : 6
D->valSize : 128
Solving...
Blb : 2 (clique : 15)
currentSize : 15 <-- 0.000724 s
currentSize : 16 <-- 0.000936 s
currentSize : 18 <-- 0.001219 s
currentSize : 19 <-- 0.001293 s
currentSize : 20 <-- 0.001431 s
currentSize : 25 <-- 0.001516 s

maxsize : 25
nodes : 361.000000
filtered : 1486.000000
time : 0.001572
