Parameters: GAD=1 vflib=1 dir=1 label=1 lowerbound=1 fileNameGp=../graphsdb/mcs90/m2D/m2Dr4/mcs90_m2Dr4_s100.A69 fileNameGt=../graphsdb/mcs90/m2D/m2Dr4/mcs90_m2Dr4_s100.B69
Reading graphs...
100 : 220
100 : 220
Initializing...
maxdom : 6
D->valSize : 385
Solving...
Blb : 2 (clique : 66)
currentSize : 66 <-- 0.006970 s
currentSize : 71 <-- 0.007649 s
currentSize : 75 <-- 0.010300 s
currentSize : 76 <-- 0.022126 s
currentSize : 79 <-- 0.031572 s
currentSize : 81 <-- 0.031889 s

maxsize : 81
nodes : 23716.000000
filtered : 110953.000000
time : 0.225609
