Parameters: GAD=1 vflib=1 dir=1 label=1 lowerbound=1 fileNameGp=../graphsdb/mcs90/m3D/m3D/mcs90_m3D_s80.A51 fileNameGt=../graphsdb/mcs90/m3D/m3D/mcs90_m3D_s80.B51
Reading graphs...
80 : 184
80 : 184
Initializing...
maxdom : 8
D->valSize : 440
Solving...
Blb : 2 (clique : 37)
currentSize : 37 <-- 0.008316 s
currentSize : 40 <-- 0.008572 s
currentSize : 41 <-- 0.008720 s
currentSize : 43 <-- 0.008819 s
currentSize : 45 <-- 0.009300 s
currentSize : 46 <-- 0.012202 s
currentSize : 47 <-- 0.013504 s
currentSize : 48 <-- 0.014134 s
currentSize : 51 <-- 0.023530 s
currentSize : 52 <-- 0.038292 s
currentSize : 57 <-- 0.038635 s
currentSize : 58 <-- 0.039106 s
currentSize : 59 <-- 0.142912 s
currentSize : 61 <-- 0.769127 s
currentSize : 62 <-- 0.769709 s
currentSize : 64 <-- 0.841812 s

maxsize : 64
nodes : 251673.000000
filtered : 1487115.000000
time : 1.230544
