Parameters: GAD=1 vflib=1 dir=1 label=1 lowerbound=1 fileNameGp=../graphsdb/mcs90/m2D/m2Dr4/mcs90_m2Dr4_s90.A88 fileNameGt=../graphsdb/mcs90/m2D/m2Dr4/mcs90_m2Dr4_s90.B88
Reading graphs...
90 : 197
90 : 197
Initializing...
maxdom : 11
D->valSize : 595
Solving...
Blb : 3 (clique : 45)
currentSize : 45 <-- 0.007306 s
currentSize : 56 <-- 0.007660 s
currentSize : 58 <-- 0.007868 s
currentSize : 59 <-- 0.008201 s
currentSize : 60 <-- 0.009989 s
currentSize : 62 <-- 0.010235 s
currentSize : 63 <-- 0.010650 s
currentSize : 67 <-- 0.210194 s
currentSize : 69 <-- 0.334530 s
currentSize : 74 <-- 0.335012 s
currentSize : 76 <-- 0.361775 s
currentSize : 81 <-- 0.362108 s

maxsize : 81
nodes : 60311.000000
filtered : 493589.000000
time : 0.362917
