Parameters: GAD=1 vflib=1 dir=1 label=1 lowerbound=1 fileNameGp=../graphsdb/mcs90/m2D/m2D/mcs90_m2D_s80.A27 fileNameGt=../graphsdb/mcs90/m2D/m2D/mcs90_m2D_s80.B27
Reading graphs...
80 : 142
80 : 142
Initializing...
maxdom : 9
D->valSize : 438
Solving...
Blb : 2 (clique : 52)
currentSize : 52 <-- 0.004735 s
currentSize : 54 <-- 0.006831 s
currentSize : 55 <-- 0.007083 s
currentSize : 56 <-- 0.016888 s
currentSize : 58 <-- 0.053986 s
currentSize : 59 <-- 0.054578 s
currentSize : 63 <-- 1.193364 s
currentSize : 64 <-- 1.193776 s

maxsize : 64
nodes : 2003716.000000
filtered : 7703549.000000
time : 8.873314
