Parameters: GAD=1 vflib=1 dir=1 label=1 lowerbound=1 fileNameGp=../graphsdb/mcs90/m4D/m4Dr6/mcs90_m4Dr6_s20.A28 fileNameGt=../graphsdb/mcs90/m4D/m4Dr6/mcs90_m4Dr6_s20.B28
Reading graphs...
20 : 49
20 : 48
Initializing...
maxdom : 7
D->valSize : 116
Solving...
Blb : 2 (clique : 9)
currentSize : 9 <-- 0.000568 s
currentSize : 10 <-- 0.000612 s
currentSize : 11 <-- 0.000636 s
currentSize : 13 <-- 0.000698 s
currentSize : 16 <-- 0.000718 s

maxsize : 16
nodes : 134.000000
filtered : 995.000000
time : 0.000854
