Parameters: GAD=1 vflib=1 dir=1 label=1 lowerbound=1 fileNameGp=../graphsdb/mcs90/m4D/m4D/mcs90_m4D_s90.A53 fileNameGt=../graphsdb/mcs90/m4D/m4D/mcs90_m4D_s90.B53
Reading graphs...
90 : 210
90 : 210
Initializing...
maxdom : 8
D->valSize : 531
Solving...
Blb : 3 (clique : 76)
currentSize : 76 <-- 0.010857 s
currentSize : 77 <-- 0.012499 s
currentSize : 79 <-- 0.012792 s
currentSize : 80 <-- 0.014269 s
currentSize : 81 <-- 0.015770 s

maxsize : 81
nodes : 854.000000
filtered : 2707.000000
time : 0.017029
