Parameters: GAD=1 vflib=1 dir=1 label=1 lowerbound=1 fileNameGp=../graphsdb/mcs90/m2D/m2Dr4/mcs90_m2Dr4_s60.A56 fileNameGt=../graphsdb/mcs90/m2D/m2Dr4/mcs90_m2Dr4_s60.B56
Reading graphs...
60 : 128
60 : 128
Initializing...
maxdom : 8
D->valSize : 270
Solving...
Blb : 3 (clique : 28)
currentSize : 28 <-- 0.003210 s
currentSize : 29 <-- 0.003890 s
currentSize : 31 <-- 0.007671 s
currentSize : 34 <-- 0.007906 s
currentSize : 35 <-- 0.008256 s
currentSize : 37 <-- 0.033062 s
currentSize : 39 <-- 0.033290 s
currentSize : 43 <-- 0.034250 s
currentSize : 44 <-- 0.034617 s
currentSize : 49 <-- 0.053995 s

maxsize : 49
nodes : 9141.000000
filtered : 50059.000000
time : 0.065115
