Parameters: GAD=1 vflib=1 dir=1 label=1 lowerbound=1 fileNameGp=../graphsdb/mcs90/m3D/m3Dr4/mcs90_m3Dr4_s80.A48 fileNameGt=../graphsdb/mcs90/m3D/m3Dr4/mcs90_m3Dr4_s80.B48
Reading graphs...
80 : 216
80 : 215
Initializing...
maxdom : 10
D->valSize : 469
Solving...
Blb : 3 (clique : 51)
currentSize : 51 <-- 0.004909 s
currentSize : 52 <-- 0.007501 s
currentSize : 54 <-- 0.007663 s
currentSize : 61 <-- 2.560131 s
currentSize : 62 <-- 2.561068 s
currentSize : 63 <-- 2.561487 s
currentSize : 64 <-- 2.561868 s

maxsize : 64
nodes : 596503.000000
filtered : 3822958.000000
time : 2.917311
