Parameters: GAD=1 vflib=1 dir=1 label=1 lowerbound=1 fileNameGp=../graphsdb/mcs90/m2D/m2Dr4/mcs90_m2Dr4_s80.A60 fileNameGt=../graphsdb/mcs90/m2D/m2Dr4/mcs90_m2Dr4_s80.B60
Reading graphs...
80 : 174
80 : 174
Initializing...
maxdom : 8
D->valSize : 449
Solving...
Blb : 2 (clique : 55)
currentSize : 55 <-- 0.004670 s
currentSize : 56 <-- 0.011869 s
currentSize : 58 <-- 0.012030 s
currentSize : 59 <-- 0.012643 s
currentSize : 61 <-- 0.616762 s
currentSize : 62 <-- 0.617397 s
currentSize : 64 <-- 0.617549 s

maxsize : 64
nodes : 160615.000000
filtered : 979164.000000
time : 0.814636
