Parameters: GAD=1 vflib=1 dir=1 label=1 lowerbound=1 fileNameGp=../graphsdb/mcs90/bvg/b03m/mcs90_b03m_s90.A61 fileNameGt=../graphsdb/mcs90/bvg/b03m/mcs90_b03m_s90.B61
Reading graphs...
90 : 135
90 : 135
Initializing...
maxdom : 10
D->valSize : 597
Solving...
Blb : 2 (clique : 60)
currentSize : 60 <-- 0.007659 s
currentSize : 62 <-- 0.008062 s
currentSize : 66 <-- 0.008257 s
currentSize : 67 <-- 1.276291 s
currentSize : 70 <-- 1.276431 s
currentSize : 72 <-- 1.320538 s
currentSize : 76 <-- 2.316251 s
currentSize : 79 <-- 2.351666 s
currentSize : 80 <-- 2.352311 s

maxsize : 80
nodes : 461396.000000
filtered : 2320295.000000
time : 2.360457
