Parameters: GAD=1 vflib=1 dir=1 label=1 lowerbound=1 fileNameGp=../graphsdb/mcs90/m3D/m3D/mcs90_m3D_s70.A51 fileNameGt=../graphsdb/mcs90/m3D/m3D/mcs90_m3D_s70.B51
Reading graphs...
70 : 159
70 : 159
Initializing...
maxdom : 9
D->valSize : 368
Solving...
Blb : 2 (clique : 43)
currentSize : 43 <-- 0.003345 s
currentSize : 46 <-- 0.003592 s
currentSize : 50 <-- 0.003741 s
currentSize : 51 <-- 0.004141 s
currentSize : 55 <-- 0.004394 s
currentSize : 57 <-- 0.004604 s
currentSize : 61 <-- 0.004757 s
currentSize : 64 <-- 0.005132 s

maxsize : 64
nodes : 974.000000
filtered : 3726.000000
time : 0.006452
