Parameters: GAD=1 vflib=1 dir=1 label=1 lowerbound=1 fileNameGp=../graphsdb/mcs90/m3D/m3Dr2/mcs90_m3Dr2_s80.A14 fileNameGt=../graphsdb/mcs90/m3D/m3Dr2/mcs90_m3Dr2_s80.B14
Reading graphs...
80 : 200
80 : 198
Initializing...
maxdom : 14
D->valSize : 501
Solving...
Blb : 2 (clique : 46)
currentSize : 46 <-- 0.009777 s
currentSize : 47 <-- 0.010092 s
currentSize : 48 <-- 0.011964 s
currentSize : 49 <-- 0.017407 s
currentSize : 50 <-- 0.018617 s
currentSize : 51 <-- 0.018825 s
currentSize : 52 <-- 0.086813 s
currentSize : 54 <-- 0.208839 s
currentSize : 56 <-- 1.741140 s
currentSize : 57 <-- 1.741877 s
currentSize : 59 <-- 1.741948 s
currentSize : 61 <-- 1.757847 s
currentSize : 64 <-- 1.758538 s

maxsize : 64
nodes : 396475.000000
filtered : 2478991.000000
time : 1.962257
