Parameters: GAD=1 vflib=1 dir=1 label=1 lowerbound=1 fileNameGp=../graphsdb/mcs90/m2D/m2Dr6/mcs90_m2Dr6_s30.A16 fileNameGt=../graphsdb/mcs90/m2D/m2Dr6/mcs90_m2Dr6_s30.B16
Reading graphs...
30 : 67
30 : 65
Initializing...
maxdom : 6
D->valSize : 120
Solving...
Blb : 3 (clique : 13)
currentSize : 13 <-- 0.000686 s
currentSize : 15 <-- 0.000941 s
currentSize : 16 <-- 0.000964 s
currentSize : 18 <-- 0.001389 s
currentSize : 19 <-- 0.001419 s
currentSize : 21 <-- 0.001688 s
currentSize : 25 <-- 0.001866 s

maxsize : 25
nodes : 572.000000
filtered : 2720.000000
time : 0.002040
