Parameters: GAD=1 vflib=1 dir=1 label=1 lowerbound=1 fileNameGp=../graphsdb/mcs90/m2D/m2D/mcs90_m2D_s100.A21 fileNameGt=../graphsdb/mcs90/m2D/m2D/mcs90_m2D_s100.B21
Reading graphs...
100 : 180
100 : 180
Initializing...
maxdom : 6
D->valSize : 364
Solving...
Blb : 3 (clique : 62)
currentSize : 62 <-- 0.004041 s
currentSize : 63 <-- 0.007564 s
currentSize : 64 <-- 0.081869 s
currentSize : 65 <-- 0.082407 s
currentSize : 66 <-- 0.084128 s
currentSize : 67 <-- 0.084691 s
currentSize : 69 <-- 0.126199 s
currentSize : 70 <-- 0.240599 s
currentSize : 71 <-- 0.241514 s
currentSize : 73 <-- 0.242424 s
currentSize : 74 <-- 0.243231 s
currentSize : 76 <-- 0.298385 s
currentSize : 77 <-- 0.299497 s
currentSize : 79 <-- 0.307919 s
currentSize : 80 <-- 0.308890 s
currentSize : 81 <-- 0.488740 s

maxsize : 81
nodes : 1311622.000000
filtered : 4796108.000000
time : 6.623570
