Parameters: GAD=1 vflib=1 dir=1 label=1 lowerbound=1 fileNameGp=../graphsdb/mcs90/m2D/m2Dr6/mcs90_m2Dr6_s90.A62 fileNameGt=../graphsdb/mcs90/m2D/m2Dr6/mcs90_m2Dr6_s90.B62
Reading graphs...
90 : 215
90 : 215
Initializing...
maxdom : 11
D->valSize : 576
Solving...
Blb : 3 (clique : 62)
currentSize : 62 <-- 0.012060 s
currentSize : 67 <-- 0.012692 s
currentSize : 69 <-- 0.013049 s
currentSize : 71 <-- 0.025993 s
currentSize : 74 <-- 0.026450 s
currentSize : 76 <-- 0.032936 s
currentSize : 78 <-- 0.034087 s
currentSize : 81 <-- 0.034594 s

maxsize : 81
nodes : 3395.000000
filtered : 15462.000000
time : 0.035643
