Parameters: GAD=1 vflib=1 dir=1 label=1 lowerbound=1 fileNameGp=../graphsdb/mcs90/m2D/m2D/mcs90_m2D_s20.A18 fileNameGt=../graphsdb/mcs90/m2D/m2D/mcs90_m2D_s20.B18
Reading graphs...
20 : 31
20 : 31
Initializing...
maxdom : 10
D->valSize : 131
Solving...
Blb : 3 (clique : 10)
currentSize : 10 <-- 0.000623 s
currentSize : 11 <-- 0.000675 s
currentSize : 13 <-- 0.000738 s
currentSize : 14 <-- 0.000934 s
currentSize : 16 <-- 0.001044 s

maxsize : 16
nodes : 196.000000
filtered : 1984.000000
time : 0.001113
