Parameters: GAD=1 vflib=1 dir=1 label=1 lowerbound=1 fileNameGp=../graphsdb/mcs90/m3D/m3D/mcs90_m3D_s80.A81 fileNameGt=../graphsdb/mcs90/m3D/m3D/mcs90_m3D_s80.B81
Reading graphs...
80 : 184
80 : 184
Initializing...
maxdom : 9
D->valSize : 436
Solving...
Blb : 3 (clique : 34)
currentSize : 34 <-- 0.004641 s
currentSize : 37 <-- 0.023386 s
currentSize : 38 <-- 0.023515 s
currentSize : 39 <-- 0.023695 s
currentSize : 40 <-- 0.023840 s
currentSize : 44 <-- 0.542883 s
currentSize : 46 <-- 0.543013 s
currentSize : 47 <-- 1.361930 s
currentSize : 49 <-- 4.148081 s
currentSize : 50 <-- 5.013068 s
currentSize : 51 <-- 6.440408 s
currentSize : 53 <-- 6.784954 s
currentSize : 55 <-- 7.155574 s
currentSize : 58 <-- 7.163124 s
currentSize : 64 <-- 9.854123 s

maxsize : 64
nodes : 2013122.000000
filtered : 12253974.000000
time : 10.067392
