Parameters: GAD=1 vflib=1 dir=1 label=1 lowerbound=1 fileNameGp=../graphsdb/mcs90/bvg/b06m/mcs90_b06m_s90.A52 fileNameGt=../graphsdb/mcs90/bvg/b06m/mcs90_b06m_s90.B52
Reading graphs...
90 : 270
90 : 270
Initializing...
maxdom : 12
D->valSize : 577
Solving...
Blb : 2 (clique : 58)
currentSize : 58 <-- 0.007131 s
currentSize : 59 <-- 0.007917 s
currentSize : 62 <-- 0.008115 s
currentSize : 69 <-- 0.012326 s
currentSize : 81 <-- 0.491363 s

maxsize : 81
nodes : 99558.000000
filtered : 587791.000000
time : 0.503308
