Parameters: GAD=1 vflib=1 dir=1 label=1 lowerbound=1 fileNameGp=../graphsdb/mcs90/m2D/m2D/mcs90_m2D_s80.A31 fileNameGt=../graphsdb/mcs90/m2D/m2D/mcs90_m2D_s80.B31
Reading graphs...
80 : 142
80 : 142
Initializing...
maxdom : 11
D->valSize : 499
Solving...
Blb : 2 (clique : 43)
currentSize : 43 <-- 0.005547 s
currentSize : 44 <-- 0.558417 s
currentSize : 47 <-- 1.763217 s
currentSize : 50 <-- 4.217366 s
currentSize : 51 <-- 5.934286 s
currentSize : 54 <-- 10.260947 s
currentSize : 55 <-- 10.597689 s
currentSize : 58 <-- 10.597847 s
currentSize : 60 <-- 12.011523 s
currentSize : 61 <-- 12.248343 s
currentSize : 64 <-- 12.248505 s

maxsize : 64
nodes : 2096484.000000
filtered : 22040915.000000
time : 12.310604
