Parameters: GAD=1 vflib=1 dir=1 label=1 lowerbound=1 fileNameGp=../graphsdb/mcs90/bvg/b06m/mcs90_b06m_s80.A39 fileNameGt=../graphsdb/mcs90/bvg/b06m/mcs90_b06m_s80.B39
Reading graphs...
80 : 240
80 : 240
Initializing...
maxdom : 9
D->valSize : 514
Solving...
Blb : 2 (clique : 46)
currentSize : 46 <-- 0.009138 s
currentSize : 48 <-- 0.009596 s
currentSize : 49 <-- 0.013300 s
currentSize : 51 <-- 0.013541 s
currentSize : 52 <-- 0.022318 s
currentSize : 53 <-- 0.022731 s
currentSize : 56 <-- 0.041346 s
currentSize : 60 <-- 0.041616 s
currentSize : 62 <-- 0.041987 s
currentSize : 64 <-- 0.050999 s
currentSize : 66 <-- 0.051408 s
currentSize : 67 <-- 0.052733 s
currentSize : 72 <-- 0.053117 s

maxsize : 72
nodes : 7222.000000
filtered : 17409.000000
time : 0.054531
