Parameters: GAD=1 vflib=1 dir=1 label=1 lowerbound=1 fileNameGp=../graphsdb/mcs90/m2D/m2Dr4/mcs90_m2Dr4_s60.A23 fileNameGt=../graphsdb/mcs90/m2D/m2Dr4/mcs90_m2Dr4_s60.B23
Reading graphs...
60 : 128
60 : 128
Initializing...
maxdom : 7
D->valSize : 260
Solving...
Blb : 2 (clique : 21)
currentSize : 21 <-- 0.001918 s
currentSize : 22 <-- 0.002078 s
currentSize : 23 <-- 0.002217 s
currentSize : 24 <-- 0.002276 s
currentSize : 26 <-- 0.005220 s
currentSize : 27 <-- 0.019223 s
currentSize : 29 <-- 0.024718 s
currentSize : 32 <-- 0.031828 s
currentSize : 34 <-- 0.032082 s
currentSize : 35 <-- 0.033164 s
currentSize : 39 <-- 0.054918 s
currentSize : 40 <-- 0.055219 s
currentSize : 41 <-- 0.055577 s
currentSize : 42 <-- 0.062080 s
currentSize : 43 <-- 0.062366 s
currentSize : 44 <-- 0.070911 s
currentSize : 45 <-- 0.075394 s
currentSize : 47 <-- 0.075484 s
currentSize : 49 <-- 0.075604 s

maxsize : 49
nodes : 18738.000000
filtered : 100250.000000
time : 0.077365
