Parameters: GAD=1 vflib=1 dir=1 label=1 lowerbound=1 fileNameGp=../graphsdb/mcs90/bvg/b03/mcs90_b03_s80.A04 fileNameGt=../graphsdb/mcs90/bvg/b03/mcs90_b03_s80.B04
Reading graphs...
80 : 120
80 : 120
Initializing...
maxdom : 8
D->valSize : 445
Solving...
Blb : 3 (clique : 52)
currentSize : 52 <-- 0.004772 s
currentSize : 53 <-- 0.005778 s
currentSize : 56 <-- 0.007337 s
currentSize : 57 <-- 0.009271 s
currentSize : 60 <-- 0.010873 s
currentSize : 63 <-- 0.015263 s
currentSize : 67 <-- 0.026195 s
currentSize : 68 <-- 0.026803 s
currentSize : 69 <-- 0.031345 s
currentSize : 72 <-- 0.038629 s

maxsize : 72
nodes : 7576.000000
filtered : 29023.000000
time : 0.039168
