Parameters: GAD=1 vflib=1 dir=1 label=1 lowerbound=1 fileNameGp=../graphsdb/mcs90/m2D/m2D/mcs90_m2D_s100.A92 fileNameGt=../graphsdb/mcs90/m2D/m2D/mcs90_m2D_s100.B92
Reading graphs...
100 : 180
100 : 180
Initializing...
maxdom : 8
D->valSize : 403
Solving...
Blb : 2 (clique : 65)
currentSize : 65 <-- 0.004566 s
currentSize : 67 <-- 0.005308 s
currentSize : 70 <-- 0.006996 s
currentSize : 73 <-- 0.007350 s
currentSize : 74 <-- 0.137036 s
currentSize : 77 <-- 0.137428 s
currentSize : 80 <-- 0.328969 s
currentSize : 81 <-- 0.329846 s

maxsize : 81
nodes : 84010.000000
filtered : 287587.000000
time : 0.427692
