Parameters: GAD=1 vflib=1 dir=1 label=1 lowerbound=1 fileNameGp=../graphsdb/mcs90/bvg/b03m/mcs90_b03m_s50.A01 fileNameGt=../graphsdb/mcs90/bvg/b03m/mcs90_b03m_s50.B01
Reading graphs...
50 : 75
50 : 75
Initializing...
maxdom : 11
D->valSize : 353
Solving...
Blb : 3 (clique : 33)
currentSize : 33 <-- 0.002796 s
currentSize : 34 <-- 0.002992 s
currentSize : 35 <-- 0.003102 s
currentSize : 37 <-- 0.003195 s
currentSize : 39 <-- 0.003282 s
currentSize : 40 <-- 0.003620 s
currentSize : 42 <-- 0.003720 s
currentSize : 44 <-- 0.003783 s

maxsize : 44
nodes : 1261.000000
filtered : 6808.000000
time : 0.006817
