Parameters: GAD=1 vflib=1 dir=1 label=1 lowerbound=1 fileNameGp=../graphsdb/mcs90/bvg/b03m/mcs90_b03m_s80.A41 fileNameGt=../graphsdb/mcs90/bvg/b03m/mcs90_b03m_s80.B41
Reading graphs...
80 : 120
80 : 120
Initializing...
maxdom : 12
D->valSize : 493
Solving...
Blb : 2 (clique : 55)
currentSize : 55 <-- 0.005547 s
currentSize : 56 <-- 0.005909 s
currentSize : 58 <-- 0.005945 s
currentSize : 59 <-- 0.006112 s
currentSize : 61 <-- 0.006246 s
currentSize : 63 <-- 0.006343 s
currentSize : 64 <-- 0.111213 s
currentSize : 68 <-- 0.230633 s
currentSize : 71 <-- 0.523881 s
currentSize : 72 <-- 0.560186 s

maxsize : 72
nodes : 109615.000000
filtered : 619161.000000
time : 0.561664
