Parameters: GAD=1 vflib=1 dir=1 label=1 lowerbound=1 fileNameGp=../graphsdb/mcs90/m3D/m3D/mcs90_m3D_s80.A41 fileNameGt=../graphsdb/mcs90/m3D/m3D/mcs90_m3D_s80.B41
Reading graphs...
80 : 184
80 : 184
Initializing...
maxdom : 10
D->valSize : 471
Solving...
Blb : 2 (clique : 36)
currentSize : 36 <-- 0.004891 s
currentSize : 37 <-- 0.060963 s
currentSize : 38 <-- 0.069927 s
currentSize : 39 <-- 0.123308 s
currentSize : 40 <-- 0.124653 s
currentSize : 41 <-- 0.355484 s
currentSize : 42 <-- 0.355575 s
currentSize : 43 <-- 0.448641 s
currentSize : 44 <-- 0.619723 s
currentSize : 45 <-- 0.619943 s
currentSize : 46 <-- 0.621321 s
currentSize : 48 <-- 0.716711 s
currentSize : 49 <-- 1.071073 s
currentSize : 50 <-- 1.071675 s
currentSize : 52 <-- 1.072914 s
currentSize : 57 <-- 1.074192 s
currentSize : 58 <-- 1.121324 s
currentSize : 64 <-- 1.121678 s

maxsize : 64
nodes : 237145.000000
filtered : 1189952.000000
time : 1.150129
