Parameters: GAD=1 vflib=1 dir=1 label=1 lowerbound=1 fileNameGp=../graphsdb/mcs90/m4D/m4Dr4/mcs90_m4Dr4_s90.A76 fileNameGt=../graphsdb/mcs90/m4D/m4Dr4/mcs90_m4Dr4_s90.B76
Reading graphs...
90 : 246
90 : 245
Initializing...
maxdom : 8
D->valSize : 553
Solving...
Blb : 2 (clique : 67)
currentSize : 67 <-- 0.007026 s
currentSize : 68 <-- 0.007635 s
currentSize : 73 <-- 0.007972 s
currentSize : 75 <-- 0.008626 s
currentSize : 79 <-- 0.014540 s
currentSize : 81 <-- 0.015041 s

maxsize : 81
nodes : 3464.000000
filtered : 10086.000000
time : 0.021437
