Parameters: GAD=1 vflib=1 dir=1 label=1 lowerbound=1 fileNameGp=../graphsdb/mcs90/m3D/m3D/mcs90_m3D_s80.A80 fileNameGt=../graphsdb/mcs90/m3D/m3D/mcs90_m3D_s80.B80
Reading graphs...
80 : 184
80 : 184
Initializing...
maxdom : 9
D->valSize : 456
Solving...
Blb : 3 (clique : 55)
currentSize : 55 <-- 0.004972 s
currentSize : 57 <-- 0.010904 s
currentSize : 58 <-- 0.011749 s
currentSize : 63 <-- 1.226158 s
currentSize : 64 <-- 1.227368 s

maxsize : 64
nodes : 822576.000000
filtered : 3941836.000000
time : 3.780329
