Parameters: GAD=1 vflib=1 dir=1 label=1 lowerbound=1 fileNameGp=../graphsdb/mcs90/m2D/m2Dr2/mcs90_m2Dr2_s80.A55 fileNameGt=../graphsdb/mcs90/m2D/m2Dr2/mcs90_m2Dr2_s80.B55
Reading graphs...
80 : 158
80 : 157
Initializing...
maxdom : 12
D->valSize : 496
Solving...
Blb : 2 (clique : 48)
currentSize : 48 <-- 0.005858 s
currentSize : 49 <-- 0.190096 s
currentSize : 50 <-- 0.192626 s
currentSize : 51 <-- 0.192748 s
currentSize : 52 <-- 10.073457 s
currentSize : 53 <-- 10.073691 s
currentSize : 54 <-- 20.889248 s
currentSize : 55 <-- 22.032885 s
currentSize : 57 <-- 22.033327 s
currentSize : 58 <-- 26.437307 s
currentSize : 59 <-- 27.881416 s
currentSize : 64 <-- 27.984900 s

maxsize : 64
nodes : 6315441.000000
filtered : 30795696.000000
time : 28.176704
