Parameters: GAD=1 vflib=1 dir=1 label=1 lowerbound=1 fileNameGp=../graphsdb/mcs90/bvg/b03/mcs90_b03_s100.A10 fileNameGt=../graphsdb/mcs90/bvg/b03/mcs90_b03_s100.B10
Reading graphs...
100 : 150
100 : 150
Initializing...
maxdom : 7
D->valSize : 398
Solving...
Blb : 3 (clique : 78)
currentSize : 78 <-- 0.004654 s
currentSize : 81 <-- 0.083931 s
currentSize : 83 <-- 0.163196 s
currentSize : 86 <-- 0.167903 s
currentSize : 90 <-- 0.220690 s

maxsize : 90
nodes : 47582.000000
filtered : 135396.000000
time : 0.227729
