Parameters: GAD=1 vflib=1 dir=1 label=1 lowerbound=1 fileNameGp=../graphsdb/mcs90/rand/r02/mcs90_r02_s70.A02 fileNameGt=../graphsdb/mcs90/rand/r02/mcs90_r02_s70.B02
Reading graphs...
70 : 965
70 : 965
Initializing...
maxdom : 8
D->valSize : 339
Solving...
Blb : 3 (clique : 12)
currentSize : 12 <-- 0.002651 s
currentSize : 13 <-- 0.002916 s
currentSize : 16 <-- 0.003624 s
currentSize : 28 <-- 0.004565 s
currentSize : 63 <-- 0.005679 s

maxsize : 63
nodes : 704.000000
filtered : 10211.000000
time : 0.006015
