Parameters: GAD=1 vflib=1 dir=1 label=1 lowerbound=1 fileNameGp=../graphsdb/mcs90/bvg/b03m/mcs90_b03m_s35.A89 fileNameGt=../graphsdb/mcs90/bvg/b03m/mcs90_b03m_s35.B89
Reading graphs...
35 : 52
35 : 52
Initializing...
maxdom : 8
D->valSize : 187
Solving...
Blb : 3 (clique : 25)
currentSize : 25 <-- 0.001130 s
currentSize : 26 <-- 0.001222 s
currentSize : 27 <-- 0.001230 s
currentSize : 29 <-- 0.001305 s
currentSize : 30 <-- 0.001574 s

maxsize : 30
nodes : 370.000000
filtered : 1871.000000
time : 0.001930
