Parameters: GAD=1 vflib=1 dir=1 label=1 lowerbound=1 fileNameGp=../graphsdb/mcs90/bvg/b06m/mcs90_b06m_s25.A91 fileNameGt=../graphsdb/mcs90/bvg/b06m/mcs90_b06m_s25.B91
Reading graphs...
25 : 75
25 : 75
Initializing...
maxdom : 7
D->valSize : 158
Solving...
Blb : 2 (clique : 12)
currentSize : 12 <-- 0.001113 s
currentSize : 14 <-- 0.001382 s
currentSize : 15 <-- 0.001824 s
currentSize : 17 <-- 0.001876 s
currentSize : 20 <-- 0.002315 s
currentSize : 22 <-- 0.002405 s

maxsize : 22
nodes : 343.000000
filtered : 3722.000000
time : 0.002494
