Parameters: GAD=1 vflib=1 dir=1 label=1 lowerbound=1 fileNameGp=../graphsdb/mcs90/m2D/m2Dr2/mcs90_m2Dr2_s100.A94 fileNameGt=../graphsdb/mcs90/m2D/m2Dr2/mcs90_m2Dr2_s100.B94
Reading graphs...
100 : 200
100 : 200
Initializing...
maxdom : 7
D->valSize : 379
Solving...
Blb : 2 (clique : 64)
currentSize : 64 <-- 0.007142 s
currentSize : 67 <-- 0.010315 s
currentSize : 68 <-- 0.030351 s
currentSize : 69 <-- 0.883918 s
currentSize : 73 <-- 0.885044 s
currentSize : 75 <-- 0.897092 s
currentSize : 76 <-- 1.763020 s
currentSize : 81 <-- 1.766459 s

maxsize : 81
nodes : 401571.000000
filtered : 1608617.000000
time : 2.220689
