Parameters: GAD=1 vflib=1 dir=1 label=1 lowerbound=1 fileNameGp=../graphsdb/mcs90/m2D/m2Dr2/mcs90_m2Dr2_s90.A32 fileNameGt=../graphsdb/mcs90/m2D/m2Dr2/mcs90_m2Dr2_s90.B32
Reading graphs...
90 : 179
90 : 178
Initializing...
maxdom : 9
D->valSize : 556
Solving...
Blb : 2 (clique : 68)
currentSize : 68 <-- 0.006817 s
currentSize : 72 <-- 0.007227 s
currentSize : 74 <-- 0.030298 s
currentSize : 75 <-- 0.043653 s
currentSize : 81 <-- 0.085190 s

maxsize : 81
nodes : 13344.000000
filtered : 101069.000000
time : 0.085643
