Parameters: GAD=1 vflib=1 dir=1 label=1 lowerbound=1 fileNameGp=../graphsdb/mcs90/m2D/m2Dr2/mcs90_m2Dr2_s100.A17 fileNameGt=../graphsdb/mcs90/m2D/m2Dr2/mcs90_m2Dr2_s100.B17
Reading graphs...
100 : 200
100 : 200
Initializing...
maxdom : 9
D->valSize : 407
Solving...
Blb : 2 (clique : 57)
currentSize : 57 <-- 0.004456 s
currentSize : 61 <-- 0.004844 s
currentSize : 66 <-- 0.005026 s
currentSize : 67 <-- 0.005508 s
currentSize : 68 <-- 0.005856 s
currentSize : 71 <-- 0.059279 s
currentSize : 72 <-- 0.059678 s
currentSize : 74 <-- 0.273902 s
currentSize : 75 <-- 0.274290 s
currentSize : 76 <-- 0.618395 s
currentSize : 77 <-- 0.702893 s
currentSize : 79 <-- 0.711291 s
currentSize : 81 <-- 0.711421 s

maxsize : 81
nodes : 499436.000000
filtered : 2242866.000000
time : 2.665481
