Parameters: GAD=1 vflib=1 dir=1 label=1 lowerbound=1 fileNameGp=../graphsdb/mcs90/m2D/m2Dr6/mcs90_m2Dr6_s80.A64 fileNameGt=../graphsdb/mcs90/m2D/m2Dr6/mcs90_m2Dr6_s80.B64
Reading graphs...
80 : 190
80 : 190
Initializing...
maxdom : 8
D->valSize : 446
Solving...
Blb : 2 (clique : 37)
currentSize : 37 <-- 0.004526 s
currentSize : 38 <-- 0.013329 s
currentSize : 39 <-- 0.361637 s
currentSize : 40 <-- 0.643922 s
currentSize : 41 <-- 1.115906 s
currentSize : 42 <-- 1.177665 s
currentSize : 44 <-- 1.177731 s
currentSize : 47 <-- 1.345527 s
currentSize : 49 <-- 1.345592 s
currentSize : 50 <-- 1.355681 s
currentSize : 52 <-- 1.355755 s
currentSize : 53 <-- 1.418212 s
currentSize : 55 <-- 1.418297 s
currentSize : 57 <-- 1.430033 s
currentSize : 58 <-- 1.456218 s
currentSize : 60 <-- 1.456310 s
currentSize : 61 <-- 1.529629 s
currentSize : 63 <-- 1.529728 s
currentSize : 64 <-- 1.530287 s

maxsize : 64
nodes : 279067.000000
filtered : 2347589.000000
time : 1.612659
