Parameters: GAD=1 vflib=1 dir=1 label=1 lowerbound=1 fileNameGp=../graphsdb/mcs90/m2D/m2D/mcs90_m2D_s80.A84 fileNameGt=../graphsdb/mcs90/m2D/m2D/mcs90_m2D_s80.B84
Reading graphs...
80 : 142
80 : 142
Initializing...
maxdom : 11
D->valSize : 486
Solving...
Blb : 2 (clique : 46)
currentSize : 46 <-- 0.005218 s
currentSize : 49 <-- 0.005619 s
currentSize : 50 <-- 0.006093 s
currentSize : 52 <-- 0.006313 s
currentSize : 55 <-- 0.006854 s
currentSize : 56 <-- 0.010730 s
currentSize : 59 <-- 0.010899 s
currentSize : 60 <-- 0.030075 s
currentSize : 61 <-- 0.030365 s
currentSize : 64 <-- 0.030466 s

maxsize : 64
nodes : 37941.000000
filtered : 171339.000000
time : 0.174198
