Parameters: GAD=1 vflib=1 dir=1 label=1 lowerbound=1 fileNameGp=../graphsdb/mcs90/bvg/b06/mcs90_b06_s35.A86 fileNameGt=../graphsdb/mcs90/bvg/b06/mcs90_b06_s35.B86
Reading graphs...
35 : 105
35 : 105
Initializing...
maxdom : 8
D->valSize : 179
Solving...
Blb : 2 (clique : 10)
currentSize : 10 <-- 0.001134 s
currentSize : 11 <-- 0.001215 s
currentSize : 17 <-- 0.001304 s
currentSize : 24 <-- 0.001435 s
currentSize : 31 <-- 0.001550 s

maxsize : 31
nodes : 226.000000
filtered : 1543.000000
time : 0.001759
