Parameters: GAD=1 vflib=1 dir=1 label=1 lowerbound=1 fileNameGp=../graphsdb/mcs90/m2D/m2Dr2/mcs90_m2Dr2_s60.A81 fileNameGt=../graphsdb/mcs90/m2D/m2Dr2/mcs90_m2Dr2_s60.B81
Reading graphs...
60 : 116
60 : 116
Initializing...
maxdom : 7
D->valSize : 262
Solving...
Blb : 2 (clique : 38)
currentSize : 38 <-- 0.002397 s
currentSize : 41 <-- 0.002611 s
currentSize : 43 <-- 0.003876 s
currentSize : 46 <-- 0.003949 s
currentSize : 49 <-- 0.004878 s

maxsize : 49
nodes : 5784.000000
filtered : 19519.000000
time : 0.021973
