Parameters: GAD=1 vflib=1 dir=1 label=1 lowerbound=1 fileNameGp=../graphsdb/mcs90/m3D/m3Dr2/mcs90_m3Dr2_s80.A32 fileNameGt=../graphsdb/mcs90/m3D/m3Dr2/mcs90_m3Dr2_s80.B32
Reading graphs...
80 : 200
80 : 200
Initializing...
maxdom : 8
D->valSize : 438
Solving...
Blb : 2 (clique : 37)
currentSize : 37 <-- 0.007392 s
currentSize : 44 <-- 0.187384 s
currentSize : 46 <-- 0.395793 s
currentSize : 48 <-- 0.685238 s
currentSize : 49 <-- 4.853264 s
currentSize : 50 <-- 4.853556 s
currentSize : 55 <-- 4.887949 s
currentSize : 56 <-- 4.888223 s
currentSize : 57 <-- 6.269697 s
currentSize : 58 <-- 8.085909 s
currentSize : 64 <-- 8.099734 s

maxsize : 64
nodes : 1816325.000000
filtered : 10423446.000000
time : 8.797014
