Parameters: GAD=1 vflib=1 dir=1 label=1 lowerbound=1 fileNameGp=../graphsdb/mcs90/m2D/m2Dr2/mcs90_m2Dr2_s90.A61 fileNameGt=../graphsdb/mcs90/m2D/m2Dr2/mcs90_m2Dr2_s90.B61
Reading graphs...
90 : 179
90 : 179
Initializing...
maxdom : 12
D->valSize : 566
Solving...
Blb : 2 (clique : 65)
currentSize : 65 <-- 0.011704 s
currentSize : 69 <-- 0.012396 s
currentSize : 71 <-- 0.020178 s
currentSize : 75 <-- 0.020888 s
currentSize : 76 <-- 0.037546 s
currentSize : 81 <-- 0.038146 s

maxsize : 81
nodes : 2779.000000
filtered : 21120.000000
time : 0.038850
