Parameters: GAD=1 vflib=1 dir=1 label=1 lowerbound=1 fileNameGp=../graphsdb/mcs90/m3D/m3D/mcs90_m3D_s80.A87 fileNameGt=../graphsdb/mcs90/m3D/m3D/mcs90_m3D_s80.B87
Reading graphs...
80 : 184
80 : 184
Initializing...
maxdom : 10
D->valSize : 483
Solving...
Blb : 2 (clique : 46)
currentSize : 46 <-- 0.008478 s
currentSize : 47 <-- 0.256580 s
currentSize : 48 <-- 0.256948 s
currentSize : 49 <-- 0.884368 s
currentSize : 51 <-- 0.885741 s
currentSize : 52 <-- 0.886058 s
currentSize : 55 <-- 0.886809 s
currentSize : 56 <-- 0.887376 s
currentSize : 58 <-- 1.026701 s
currentSize : 61 <-- 2.145582 s
currentSize : 62 <-- 2.146217 s
currentSize : 64 <-- 2.165327 s

maxsize : 64
nodes : 455359.000000
filtered : 3183069.000000
time : 2.389369
