Parameters: GAD=1 vflib=1 dir=1 label=1 lowerbound=1 fileNameGp=../graphsdb/mcs90/bvg/b06m/mcs90_b06m_s80.A91 fileNameGt=../graphsdb/mcs90/bvg/b06m/mcs90_b06m_s80.B91
Reading graphs...
80 : 240
80 : 240
Initializing...
maxdom : 9
D->valSize : 461
Solving...
Blb : 3 (clique : 62)
currentSize : 62 <-- 0.005015 s
currentSize : 63 <-- 0.005800 s
currentSize : 64 <-- 0.006481 s
currentSize : 70 <-- 0.008203 s
currentSize : 72 <-- 0.008344 s

maxsize : 72
nodes : 990.000000
filtered : 5035.000000
time : 0.009549
