Parameters: GAD=1 vflib=1 dir=1 label=1 lowerbound=1 fileNameGp=../graphsdb/mcs90/m2D/m2D/mcs90_m2D_s80.A17 fileNameGt=../graphsdb/mcs90/m2D/m2D/mcs90_m2D_s80.B17
Reading graphs...
80 : 142
80 : 142
Initializing...
maxdom : 11
D->valSize : 465
Solving...
Blb : 2 (clique : 54)
currentSize : 54 <-- 0.005549 s
currentSize : 57 <-- 0.005964 s
currentSize : 58 <-- 0.006307 s
currentSize : 59 <-- 0.006559 s
currentSize : 60 <-- 0.007544 s
currentSize : 61 <-- 0.007882 s
currentSize : 64 <-- 0.008055 s

maxsize : 64
nodes : 138854.000000
filtered : 831921.000000
time : 0.696949
