Parameters: GAD=1 vflib=1 dir=1 label=1 lowerbound=1 fileNameGp=../graphsdb/mcs90/bvg/b03/mcs90_b03_s80.A45 fileNameGt=../graphsdb/mcs90/bvg/b03/mcs90_b03_s80.B45
Reading graphs...
80 : 120
80 : 120
Initializing...
maxdom : 8
D->valSize : 459
Solving...
Blb : 2 (clique : 58)
currentSize : 58 <-- 0.008117 s
currentSize : 59 <-- 0.008894 s
currentSize : 63 <-- 0.009071 s
currentSize : 66 <-- 0.009301 s
currentSize : 68 <-- 0.009652 s
currentSize : 69 <-- 0.011957 s
currentSize : 70 <-- 0.013182 s
currentSize : 71 <-- 0.014470 s
currentSize : 72 <-- 0.015688 s

maxsize : 72
nodes : 1553.000000
filtered : 6559.000000
time : 0.022460
