Parameters: GAD=1 vflib=1 dir=1 label=1 lowerbound=1 fileNameGp=../graphsdb/mcs90/m3D/m3D/mcs90_m3D_s70.A30 fileNameGt=../graphsdb/mcs90/m3D/m3D/mcs90_m3D_s70.B30
Reading graphs...
70 : 159
70 : 159
Initializing...
maxdom : 9
D->valSize : 374
Solving...
Blb : 2 (clique : 25)
currentSize : 25 <-- 0.003272 s
currentSize : 26 <-- 0.016781 s
currentSize : 27 <-- 0.017445 s
currentSize : 28 <-- 0.017569 s
currentSize : 29 <-- 0.094313 s
currentSize : 30 <-- 0.137636 s
currentSize : 31 <-- 0.177310 s
currentSize : 33 <-- 0.198351 s
currentSize : 36 <-- 0.233972 s
currentSize : 39 <-- 0.265035 s
currentSize : 41 <-- 0.277512 s
currentSize : 43 <-- 0.288503 s
currentSize : 47 <-- 0.292715 s
currentSize : 49 <-- 0.310051 s
currentSize : 56 <-- 0.327415 s
currentSize : 64 <-- 0.330409 s

maxsize : 64
nodes : 74383.000000
filtered : 445889.000000
time : 0.330657
