Parameters: GAD=1 vflib=1 dir=1 label=1 lowerbound=1 fileNameGp=../graphsdb/mcs90/m2D/m2D/mcs90_m2D_s80.A74 fileNameGt=../graphsdb/mcs90/m2D/m2D/mcs90_m2D_s80.B74
Reading graphs...
80 : 142
80 : 142
Initializing...
maxdom : 9
D->valSize : 432
Solving...
Blb : 2 (clique : 51)
currentSize : 51 <-- 0.004864 s
currentSize : 52 <-- 0.005365 s
currentSize : 55 <-- 0.014676 s
currentSize : 56 <-- 0.091653 s
currentSize : 58 <-- 0.091777 s
currentSize : 60 <-- 0.091894 s
currentSize : 61 <-- 0.221061 s
currentSize : 64 <-- 0.221445 s

maxsize : 64
nodes : 345012.000000
filtered : 1818524.000000
time : 1.607753
