Parameters: GAD=1 vflib=1 dir=1 label=1 lowerbound=1 fileNameGp=../graphsdb/mcs90/m2D/m2Dr6/mcs90_m2Dr6_s80.A29 fileNameGt=../graphsdb/mcs90/m2D/m2Dr6/mcs90_m2Dr6_s80.B29
Reading graphs...
80 : 190
80 : 189
Initializing...
maxdom : 11
D->valSize : 482
Solving...
Blb : 2 (clique : 56)
currentSize : 56 <-- 0.005264 s
currentSize : 58 <-- 0.009081 s
currentSize : 59 <-- 0.009453 s
currentSize : 63 <-- 0.011061 s
currentSize : 64 <-- 0.011710 s

maxsize : 64
nodes : 101860.000000
filtered : 716884.000000
time : 0.533760
