Parameters: GAD=1 vflib=1 dir=1 label=1 lowerbound=1 fileNameGp=../graphsdb/mcs90/bvg/b03m/mcs90_b03m_s50.A13 fileNameGt=../graphsdb/mcs90/bvg/b03m/mcs90_b03m_s50.B13
Reading graphs...
50 : 75
50 : 75
Initializing...
maxdom : 10
D->valSize : 354
Solving...
Blb : 2 (clique : 34)
currentSize : 34 <-- 0.002740 s
currentSize : 35 <-- 0.002938 s
currentSize : 38 <-- 0.002978 s
currentSize : 39 <-- 0.003108 s
currentSize : 40 <-- 0.005668 s
currentSize : 43 <-- 0.005727 s
currentSize : 44 <-- 0.005884 s

maxsize : 44
nodes : 1276.000000
filtered : 4925.000000
time : 0.006629
