Parameters: GAD=1 vflib=1 dir=1 label=1 lowerbound=1 fileNameGp=../graphsdb/mcs90/m2D/m2Dr4/mcs90_m2Dr4_s80.A85 fileNameGt=../graphsdb/mcs90/m2D/m2Dr4/mcs90_m2Dr4_s80.B85
Reading graphs...
80 : 174
80 : 173
Initializing...
maxdom : 9
D->valSize : 457
Solving...
Blb : 2 (clique : 52)
currentSize : 52 <-- 0.007885 s
currentSize : 53 <-- 1.271931 s
currentSize : 54 <-- 1.272353 s
currentSize : 55 <-- 1.272530 s
currentSize : 56 <-- 1.273403 s
currentSize : 58 <-- 1.273544 s
currentSize : 60 <-- 1.299120 s
currentSize : 61 <-- 3.700870 s
currentSize : 62 <-- 3.702368 s
currentSize : 64 <-- 3.702508 s

maxsize : 64
nodes : 828269.000000
filtered : 4348959.000000
time : 4.175796
