Parameters: GAD=1 vflib=1 dir=1 label=1 lowerbound=1 fileNameGp=../graphsdb/mcs90/bvg/b09m/mcs90_b09m_s80.A58 fileNameGt=../graphsdb/mcs90/bvg/b09m/mcs90_b09m_s80.B58
Reading graphs...
80 : 360
80 : 360
Initializing...
maxdom : 10
D->valSize : 475
Solving...
Blb : 3 (clique : 56)
currentSize : 56 <-- 0.004860 s
currentSize : 57 <-- 0.005629 s
currentSize : 60 <-- 0.005884 s
currentSize : 63 <-- 0.012026 s
currentSize : 69 <-- 0.012571 s
currentSize : 72 <-- 0.012880 s

maxsize : 72
nodes : 1816.000000
filtered : 12310.000000
time : 0.013351
