Parameters: GAD=1 vflib=1 dir=1 label=1 lowerbound=1 fileNameGp=../graphsdb/mcs90/bvg/b06/mcs90_b06_s60.A90 fileNameGt=../graphsdb/mcs90/bvg/b06/mcs90_b06_s60.B90
Reading graphs...
60 : 180
60 : 180
Initializing...
maxdom : 11
D->valSize : 298
Solving...
Blb : 2 (clique : 29)
currentSize : 29 <-- 0.002303 s
currentSize : 30 <-- 0.004808 s
currentSize : 33 <-- 0.005340 s
currentSize : 35 <-- 0.005540 s
currentSize : 40 <-- 0.006013 s
currentSize : 43 <-- 0.006120 s
currentSize : 46 <-- 0.006640 s
currentSize : 54 <-- 0.007256 s

maxsize : 54
nodes : 1965.000000
filtered : 7604.000000
time : 0.008375
