Parameters: GAD=1 vflib=1 dir=1 label=1 lowerbound=1 fileNameGp=../graphsdb/mcs90/rand/r005/mcs90_r005_s50.A73 fileNameGt=../graphsdb/mcs90/rand/r005/mcs90_r005_s50.B73
Reading graphs...
50 : 121
50 : 121
Initializing...
maxdom : 9
D->valSize : 331
Solving...
Blb : 3 (clique : 26)
currentSize : 26 <-- 0.002437 s
currentSize : 32 <-- 0.002572 s
currentSize : 35 <-- 0.002679 s
currentSize : 38 <-- 0.005872 s
currentSize : 40 <-- 0.007777 s
currentSize : 45 <-- 0.007854 s

maxsize : 45
nodes : 1330.000000
filtered : 16720.000000
time : 0.008236
