Parameters: GAD=1 vflib=1 dir=1 label=1 lowerbound=1 fileNameGp=../graphsdb/mcs90/bvg/b09/mcs90_b09_s70.A54 fileNameGt=../graphsdb/mcs90/bvg/b09/mcs90_b09_s70.B54
Reading graphs...
70 : 315
70 : 315
Initializing...
maxdom : 10
D->valSize : 378
Solving...
Blb : 2 (clique : 30)
currentSize : 30 <-- 0.003338 s
currentSize : 33 <-- 0.003525 s
currentSize : 43 <-- 0.003738 s
currentSize : 48 <-- 0.004165 s
currentSize : 58 <-- 0.004404 s
currentSize : 62 <-- 0.005045 s

maxsize : 62
nodes : 709.000000
filtered : 4628.000000
time : 0.005641
