Parameters: GAD=1 vflib=1 dir=1 label=1 lowerbound=1 fileNameGp=../graphsdb/mcs90/m3D/m3Dr4/mcs90_m3Dr4_s80.A86 fileNameGt=../graphsdb/mcs90/m3D/m3Dr4/mcs90_m3Dr4_s80.B86
Reading graphs...
80 : 216
80 : 216
Initializing...
maxdom : 9
D->valSize : 456
Solving...
Blb : 3 (clique : 52)
currentSize : 52 <-- 0.007887 s
currentSize : 54 <-- 0.041062 s
currentSize : 55 <-- 0.046363 s
currentSize : 58 <-- 0.051483 s
currentSize : 59 <-- 0.058250 s
currentSize : 60 <-- 0.824190 s
currentSize : 61 <-- 1.837703 s
currentSize : 64 <-- 1.842143 s

maxsize : 64
nodes : 499212.000000
filtered : 3049031.000000
time : 2.348022
