Parameters: GAD=1 vflib=1 dir=1 label=1 lowerbound=1 fileNameGp=../graphsdb/mcs90/m4D/m4Dr2/mcs90_m4Dr2_s100.A33 fileNameGt=../graphsdb/mcs90/m4D/m4Dr2/mcs90_m4Dr2_s100.B33
Reading graphs...
100 : 243
100 : 242
Initializing...
maxdom : 6
D->valSize : 387
Solving...
Blb : 2 (clique : 69)
currentSize : 69 <-- 0.004523 s
currentSize : 70 <-- 0.005035 s
currentSize : 71 <-- 0.005301 s
currentSize : 74 <-- 1.061350 s
currentSize : 75 <-- 1.061807 s
currentSize : 76 <-- 1.062325 s
currentSize : 78 <-- 1.161390 s
currentSize : 79 <-- 1.161906 s
currentSize : 80 <-- 1.162493 s
currentSize : 81 <-- 1.569531 s

maxsize : 81
nodes : 6483792.000000
filtered : 19330177.000000
time : 30.279324
