Parameters: GAD=1 vflib=1 dir=1 label=1 lowerbound=1 fileNameGp=../graphsdb/mcs90/m2D/m2D/mcs90_m2D_s50.A25 fileNameGt=../graphsdb/mcs90/m2D/m2D/mcs90_m2D_s50.B25
Reading graphs...
50 : 85
50 : 85
Initializing...
maxdom : 8
D->valSize : 334
Solving...
Blb : 2 (clique : 36)
currentSize : 36 <-- 0.002517 s
currentSize : 38 <-- 0.002778 s
currentSize : 41 <-- 0.002824 s
currentSize : 44 <-- 0.003089 s
currentSize : 45 <-- 0.003596 s
currentSize : 49 <-- 0.003855 s

maxsize : 49
nodes : 512.000000
filtered : 2753.000000
time : 0.003991
