Parameters: GAD=1 vflib=1 dir=1 label=1 lowerbound=1 fileNameGp=../graphsdb/mcs90/bvg/b09m/mcs90_b09m_s50.A34 fileNameGt=../graphsdb/mcs90/bvg/b09m/mcs90_b09m_s50.B34
Reading graphs...
50 : 225
50 : 225
Initializing...
maxdom : 10
D->valSize : 338
Solving...
Blb : 2 (clique : 25)
currentSize : 25 <-- 0.002412 s
currentSize : 26 <-- 0.004476 s
currentSize : 33 <-- 0.006561 s
currentSize : 35 <-- 0.009287 s
currentSize : 44 <-- 0.010661 s

maxsize : 44
nodes : 1865.000000
filtered : 27164.000000
time : 0.011031
