Parameters: GAD=1 vflib=1 dir=1 label=1 lowerbound=1 fileNameGp=../graphsdb/mcs90/bvg/b09/mcs90_b09_s90.A58 fileNameGt=../graphsdb/mcs90/bvg/b09/mcs90_b09_s90.B58
Reading graphs...
90 : 405
90 : 405
Initializing...
maxdom : 12
D->valSize : 567
Solving...
Blb : 3 (clique : 46)
currentSize : 46 <-- 0.006564 s
currentSize : 53 <-- 0.010997 s
currentSize : 56 <-- 0.014955 s
currentSize : 65 <-- 0.018763 s
currentSize : 67 <-- 0.020327 s
currentSize : 74 <-- 0.022791 s
currentSize : 80 <-- 0.023602 s

maxsize : 80
nodes : 2798.000000
filtered : 37948.000000
time : 0.024037
