Parameters: GAD=1 vflib=1 dir=1 label=1 lowerbound=1 fileNameGp=../graphsdb/mcs90/m2D/m2Dr2/mcs90_m2Dr2_s30.A91 fileNameGt=../graphsdb/mcs90/m2D/m2Dr2/mcs90_m2Dr2_s30.B91
Reading graphs...
30 : 55
30 : 54
Initializing...
maxdom : 5
D->valSize : 116
Solving...
Blb : 2 (clique : 14)
currentSize : 14 <-- 0.000783 s
currentSize : 18 <-- 0.000849 s
currentSize : 19 <-- 0.001054 s
currentSize : 20 <-- 0.001230 s
currentSize : 21 <-- 0.001427 s
currentSize : 25 <-- 0.001451 s

maxsize : 25
nodes : 362.000000
filtered : 1652.000000
time : 0.001667
