Parameters: GAD=1 vflib=1 dir=1 label=1 lowerbound=1 fileNameGp=../graphsdb/mcs90/m2D/m2D/mcs90_m2D_s30.A96 fileNameGt=../graphsdb/mcs90/m2D/m2D/mcs90_m2D_s30.B96
Reading graphs...
30 : 49
30 : 49
Initializing...
maxdom : 7
D->valSize : 127
Solving...
Blb : 3 (clique : 15)
currentSize : 15 <-- 0.000836 s
currentSize : 18 <-- 0.000946 s
currentSize : 21 <-- 0.001070 s
currentSize : 24 <-- 0.001292 s
currentSize : 25 <-- 0.001454 s

maxsize : 25
nodes : 272.000000
filtered : 1243.000000
time : 0.001534
