Parameters: GAD=1 vflib=1 dir=1 label=1 lowerbound=1 fileNameGp=../graphsdb/mcs90/m4D/m4Dr4/mcs90_m4Dr4_s100.A47 fileNameGt=../graphsdb/mcs90/m4D/m4Dr4/mcs90_m4Dr4_s100.B47
Reading graphs...
100 : 263
100 : 262
Initializing...
maxdom : 8
D->valSize : 404
Solving...
Blb : 3 (clique : 71)
currentSize : 71 <-- 0.004538 s
currentSize : 72 <-- 0.028722 s
currentSize : 73 <-- 0.202405 s
currentSize : 74 <-- 0.202653 s
currentSize : 77 <-- 0.707666 s
currentSize : 78 <-- 0.708017 s
currentSize : 80 <-- 0.880818 s
currentSize : 81 <-- 0.881192 s

maxsize : 81
nodes : 279469.000000
filtered : 890725.000000
time : 1.309065
