Parameters: GAD=1 vflib=1 dir=1 label=1 lowerbound=1 fileNameGp=../graphsdb/mcs90/m2D/m2D/mcs90_m2D_s100.A43 fileNameGt=../graphsdb/mcs90/m2D/m2D/mcs90_m2D_s100.B43
Reading graphs...
100 : 180
100 : 180
Initializing...
maxdom : 7
D->valSize : 382
Solving...
Blb : 2 (clique : 54)
currentSize : 54 <-- 0.004125 s
currentSize : 55 <-- 0.004536 s
currentSize : 56 <-- 0.004772 s
currentSize : 57 <-- 0.013590 s
currentSize : 58 <-- 0.013764 s
currentSize : 59 <-- 0.017062 s
currentSize : 60 <-- 0.017167 s
currentSize : 61 <-- 0.057825 s
currentSize : 62 <-- 0.058003 s
currentSize : 63 <-- 0.059540 s
currentSize : 64 <-- 0.059641 s
currentSize : 65 <-- 0.682259 s
currentSize : 66 <-- 0.684342 s
currentSize : 68 <-- 0.684507 s
currentSize : 70 <-- 1.331157 s
currentSize : 72 <-- 6.213107 s
currentSize : 74 <-- 6.215514 s
currentSize : 75 <-- 6.231841 s
currentSize : 76 <-- 10.929270 s
currentSize : 77 <-- 11.445950 s
currentSize : 78 <-- 11.453358 s
currentSize : 81 <-- 11.453540 s

maxsize : 81
nodes : 2364505.000000
filtered : 8479461.000000
time : 11.504797
