Parameters: GAD=1 vflib=1 dir=1 label=1 lowerbound=1 fileNameGp=../graphsdb/mcs90/bvg/b03/mcs90_b03_s50.A76 fileNameGt=../graphsdb/mcs90/bvg/b03/mcs90_b03_s50.B76
Reading graphs...
50 : 75
50 : 75
Initializing...
maxdom : 10
D->valSize : 348
Solving...
Blb : 3 (clique : 30)
currentSize : 30 <-- 0.002877 s
currentSize : 34 <-- 0.003046 s
currentSize : 37 <-- 0.006379 s
currentSize : 40 <-- 0.054889 s
currentSize : 44 <-- 0.224121 s

maxsize : 44
nodes : 55605.000000
filtered : 334145.000000
time : 0.232553
