Parameters: GAD=1 vflib=1 dir=1 label=1 lowerbound=1 fileNameGp=../graphsdb/mcs90/m4D/m4D/mcs90_m4D_s100.A67 fileNameGt=../graphsdb/mcs90/m4D/m4D/mcs90_m4D_s100.B67
Reading graphs...
100 : 223
100 : 223
Initializing...
maxdom : 7
D->valSize : 373
Solving...
Blb : 3 (clique : 57)
currentSize : 57 <-- 0.004130 s
currentSize : 60 <-- 0.080094 s
currentSize : 62 <-- 0.204110 s
currentSize : 63 <-- 0.315401 s
currentSize : 65 <-- 0.403608 s
currentSize : 67 <-- 0.456206 s
currentSize : 69 <-- 0.919421 s
currentSize : 71 <-- 0.971042 s
currentSize : 74 <-- 1.177499 s
currentSize : 75 <-- 1.326076 s
currentSize : 77 <-- 1.350216 s
currentSize : 81 <-- 1.498703 s

maxsize : 81
nodes : 491452.000000
filtered : 1663166.000000
time : 2.461746
