Parameters: GAD=1 vflib=1 dir=1 label=1 lowerbound=1 fileNameGp=../graphsdb/mcs90/bvg/b06/mcs90_b06_s50.A83 fileNameGt=../graphsdb/mcs90/bvg/b06/mcs90_b06_s50.B83
Reading graphs...
50 : 150
50 : 150
Initializing...
maxdom : 10
D->valSize : 330
Solving...
Blb : 3 (clique : 33)
currentSize : 33 <-- 0.002560 s
currentSize : 36 <-- 0.003536 s
currentSize : 37 <-- 0.009307 s
currentSize : 39 <-- 0.010483 s
currentSize : 45 <-- 0.010558 s

maxsize : 45
nodes : 2090.000000
filtered : 18280.000000
time : 0.010792
