Parameters: GAD=1 vflib=1 dir=1 label=1 lowerbound=1 fileNameGp=../graphsdb/mcs90/m2D/m2Dr4/mcs90_m2Dr4_s20.A15 fileNameGt=../graphsdb/mcs90/m2D/m2Dr4/mcs90_m2Dr4_s20.B15
Reading graphs...
20 : 39
20 : 38
Initializing...
maxdom : 7
D->valSize : 100
Solving...
Blb : 2 (clique : 8)
currentSize : 8 <-- 0.000466 s
currentSize : 9 <-- 0.000506 s
currentSize : 10 <-- 0.001142 s
currentSize : 12 <-- 0.001342 s
currentSize : 16 <-- 0.001407 s

maxsize : 16
nodes : 392.000000
filtered : 3078.000000
time : 0.001533
