Parameters: GAD=1 vflib=1 dir=1 label=1 lowerbound=1 fileNameGp=../graphsdb/mcs90/m2D/m2Dr2/mcs90_m2Dr2_s80.A17 fileNameGt=../graphsdb/mcs90/m2D/m2Dr2/mcs90_m2Dr2_s80.B17
Reading graphs...
80 : 158
80 : 158
Initializing...
maxdom : 10
D->valSize : 459
Solving...
Blb : 3 (clique : 50)
currentSize : 50 <-- 0.009156 s
currentSize : 51 <-- 0.011788 s
currentSize : 52 <-- 0.071038 s
currentSize : 53 <-- 0.071312 s
currentSize : 55 <-- 0.115422 s
currentSize : 56 <-- 0.575971 s
currentSize : 59 <-- 0.612948 s
currentSize : 60 <-- 12.955301 s
currentSize : 64 <-- 13.029918 s

maxsize : 64
nodes : 2827062.000000
filtered : 16656193.000000
time : 13.805685
