Parameters: GAD=1 vflib=1 dir=1 label=1 lowerbound=1 fileNameGp=../graphsdb/mcs90/rand/r001/mcs90_r001_s100.A39 fileNameGt=../graphsdb/mcs90/rand/r001/mcs90_r001_s100.B39
Reading graphs...
100 : 108
100 : 108
Initializing...
maxdom : 9
D->valSize : 435
Solving...
Blb : 2 (clique : 83)
currentSize : 83 <-- 0.005336 s
currentSize : 84 <-- 0.006506 s
currentSize : 87 <-- 0.014307 s
currentSize : 88 <-- 0.024608 s
currentSize : 90 <-- 0.025296 s

maxsize : 90
nodes : 3339.000000
filtered : 12004.000000
time : 0.025752
