Parameters: GAD=1 vflib=1 dir=1 label=1 lowerbound=1 fileNameGp=../graphsdb/mcs90/m2D/m2Dr2/mcs90_m2Dr2_s80.A74 fileNameGt=../graphsdb/mcs90/m2D/m2Dr2/mcs90_m2Dr2_s80.B74
Reading graphs...
80 : 158
80 : 158
Initializing...
maxdom : 9
D->valSize : 488
Solving...
Blb : 2 (clique : 34)
currentSize : 34 <-- 0.005230 s
currentSize : 39 <-- 0.005489 s
currentSize : 41 <-- 0.005580 s
currentSize : 44 <-- 0.005700 s
currentSize : 45 <-- 0.006005 s
currentSize : 46 <-- 0.009674 s
currentSize : 47 <-- 0.009891 s
currentSize : 48 <-- 2.282465 s
currentSize : 49 <-- 2.282999 s
currentSize : 51 <-- 2.283325 s
currentSize : 52 <-- 2.283612 s
currentSize : 53 <-- 5.550498 s
currentSize : 56 <-- 5.551246 s
currentSize : 57 <-- 9.669420 s
currentSize : 60 <-- 9.669850 s
currentSize : 61 <-- 9.670258 s
currentSize : 63 <-- 12.817913 s
currentSize : 64 <-- 12.818396 s

maxsize : 64
nodes : 2596622.000000
filtered : 16386791.000000
time : 13.453262
