Parameters: GAD=1 vflib=1 dir=1 label=1 lowerbound=1 fileNameGp=../graphsdb/mcs90/m3D/m3Dr2/mcs90_m3Dr2_s80.A09 fileNameGt=../graphsdb/mcs90/m3D/m3Dr2/mcs90_m3Dr2_s80.B09
Reading graphs...
80 : 200
80 : 200
Initializing...
maxdom : 8
D->valSize : 425
Solving...
Blb : 2 (clique : 48)
currentSize : 48 <-- 0.007708 s
currentSize : 49 <-- 0.948530 s
currentSize : 50 <-- 0.963334 s
currentSize : 51 <-- 0.963644 s
currentSize : 52 <-- 0.963817 s
currentSize : 59 <-- 1.814019 s
currentSize : 60 <-- 1.814350 s
currentSize : 63 <-- 2.354949 s
currentSize : 64 <-- 2.355177 s

maxsize : 64
nodes : 546122.000000
filtered : 2756077.000000
time : 2.689749
