Parameters: GAD=1 vflib=1 dir=1 label=1 lowerbound=1 fileNameGp=../graphsdb/mcs90/m4D/m4Dr4/mcs90_m4Dr4_s100.A87 fileNameGt=../graphsdb/mcs90/m4D/m4Dr4/mcs90_m4Dr4_s100.B87
Reading graphs...
100 : 263
100 : 262
Initializing...
maxdom : 6
D->valSize : 362
Solving...
Blb : 3 (clique : 76)
currentSize : 76 <-- 0.006621 s
currentSize : 77 <-- 0.009677 s
currentSize : 78 <-- 0.010402 s
currentSize : 79 <-- 0.574822 s
currentSize : 81 <-- 0.575830 s

maxsize : 81
nodes : 1441803.000000
filtered : 2449377.000000
time : 6.477748
