Parameters: GAD=1 vflib=1 dir=1 label=1 lowerbound=1 fileNameGp=../graphsdb/mcs90/m2D/m2D/mcs90_m2D_s20.A73 fileNameGt=../graphsdb/mcs90/m2D/m2D/mcs90_m2D_s20.B73
Reading graphs...
20 : 31
20 : 31
Initializing...
maxdom : 7
D->valSize : 104
Solving...
Blb : 2 (clique : 8)
currentSize : 8 <-- 0.000556 s
currentSize : 9 <-- 0.000596 s
currentSize : 10 <-- 0.000655 s
currentSize : 11 <-- 0.000722 s
currentSize : 12 <-- 0.001118 s
currentSize : 13 <-- 0.001318 s
currentSize : 14 <-- 0.001412 s
currentSize : 15 <-- 0.001546 s
currentSize : 16 <-- 0.001626 s

maxsize : 16
nodes : 408.000000
filtered : 2696.000000
time : 0.001675
