Parameters: GAD=1 vflib=1 dir=1 label=1 lowerbound=1 fileNameGp=../graphsdb/mcs90/m2D/m2Dr6/mcs90_m2Dr6_s40.A70 fileNameGt=../graphsdb/mcs90/m2D/m2Dr6/mcs90_m2Dr6_s40.B70
Reading graphs...
40 : 91
40 : 89
Initializing...
maxdom : 8
D->valSize : 225
Solving...
Blb : 2 (clique : 20)
currentSize : 20 <-- 0.001596 s
currentSize : 21 <-- 0.001740 s
currentSize : 22 <-- 0.001770 s
currentSize : 24 <-- 0.001852 s
currentSize : 28 <-- 0.001922 s
currentSize : 36 <-- 0.002092 s

maxsize : 36
nodes : 266.000000
filtered : 1283.000000
time : 0.002219
