Parameters: GAD=1 vflib=1 dir=1 label=1 lowerbound=1 fileNameGp=../graphsdb/mcs90/m2D/m2D/mcs90_m2D_s30.A61 fileNameGt=../graphsdb/mcs90/m2D/m2D/mcs90_m2D_s30.B61
Reading graphs...
30 : 49
30 : 49
Initializing...
maxdom : 9
D->valSize : 167
Solving...
Blb : 3 (clique : 14)
currentSize : 14 <-- 0.000826 s
currentSize : 17 <-- 0.001037 s
currentSize : 19 <-- 0.001182 s
currentSize : 20 <-- 0.001236 s
currentSize : 21 <-- 0.001647 s
currentSize : 25 <-- 0.001791 s

maxsize : 25
nodes : 377.000000
filtered : 2512.000000
time : 0.001859
