Parameters: GAD=1 vflib=1 dir=1 label=1 lowerbound=1 fileNameGp=../graphsdb/mcs90/rand/r02/mcs90_r02_s60.A94 fileNameGt=../graphsdb/mcs90/rand/r02/mcs90_r02_s60.B94
Reading graphs...
60 : 707
60 : 707
Initializing...
maxdom : 8
D->valSize : 286
Solving...
Blb : 2 (clique : 6)
currentSize : 6 <-- 0.001919 s
currentSize : 7 <-- 0.001988 s
currentSize : 8 <-- 0.002060 s
currentSize : 10 <-- 0.002348 s
currentSize : 12 <-- 0.002610 s
currentSize : 22 <-- 0.002707 s
currentSize : 54 <-- 0.003270 s

maxsize : 54
nodes : 405.000000
filtered : 4458.000000
time : 0.003496
