Parameters: GAD=1 vflib=1 dir=1 label=1 lowerbound=1 fileNameGp=../graphsdb/mcs90/m2D/m2D/mcs90_m2D_s100.A00 fileNameGt=../graphsdb/mcs90/m2D/m2D/mcs90_m2D_s100.B00
Reading graphs...
100 : 180
100 : 180
Initializing...
maxdom : 8
D->valSize : 390
Solving...
Blb : 2 (clique : 63)
currentSize : 63 <-- 0.007196 s
currentSize : 68 <-- 0.008029 s
currentSize : 69 <-- 0.008812 s
currentSize : 71 <-- 0.009246 s
currentSize : 72 <-- 0.010074 s
currentSize : 74 <-- 0.024904 s
currentSize : 75 <-- 0.025985 s
currentSize : 76 <-- 1.186806 s
currentSize : 78 <-- 1.189748 s
currentSize : 79 <-- 1.190523 s
currentSize : 80 <-- 1.512284 s
currentSize : 81 <-- 1.513232 s

maxsize : 81
nodes : 663502.000000
filtered : 2762102.000000
time : 3.486535
