Parameters: GAD=1 vflib=1 dir=1 label=1 lowerbound=1 fileNameGp=../graphsdb/mcs90/bvg/b06m/mcs90_b06m_s35.A45 fileNameGt=../graphsdb/mcs90/bvg/b06m/mcs90_b06m_s35.B45
Reading graphs...
35 : 105
35 : 105
Initializing...
maxdom : 9
D->valSize : 219
Solving...
Blb : 2 (clique : 14)
currentSize : 14 <-- 0.001246 s
currentSize : 15 <-- 0.001338 s
currentSize : 16 <-- 0.001977 s
currentSize : 17 <-- 0.002754 s
currentSize : 21 <-- 0.002852 s
currentSize : 23 <-- 0.003684 s
currentSize : 31 <-- 0.004296 s

maxsize : 31
nodes : 965.000000
filtered : 9231.000000
time : 0.004369
