Parameters: GAD=1 vflib=1 dir=1 label=1 lowerbound=1 fileNameGp=../graphsdb/mcs90/m2D/m2Dr2/mcs90_m2Dr2_s80.A94 fileNameGt=../graphsdb/mcs90/m2D/m2Dr2/mcs90_m2Dr2_s80.B94
Reading graphs...
80 : 158
80 : 158
Initializing...
maxdom : 11
D->valSize : 477
Solving...
Blb : 2 (clique : 46)
currentSize : 46 <-- 0.005047 s
currentSize : 47 <-- 0.005437 s
currentSize : 50 <-- 0.005772 s
currentSize : 51 <-- 0.006015 s
currentSize : 52 <-- 0.006838 s
currentSize : 53 <-- 0.007020 s
currentSize : 54 <-- 0.007257 s
currentSize : 55 <-- 0.007467 s
currentSize : 56 <-- 0.009906 s
currentSize : 59 <-- 0.010057 s
currentSize : 60 <-- 0.010352 s
currentSize : 61 <-- 0.019799 s
currentSize : 62 <-- 0.020277 s
currentSize : 64 <-- 0.020379 s

maxsize : 64
nodes : 141210.000000
filtered : 614176.000000
time : 0.633147
