Parameters: GAD=1 vflib=1 dir=1 label=1 lowerbound=1 fileNameGp=../graphsdb/mcs90/bvg/b03m/mcs90_b03m_s50.A75 fileNameGt=../graphsdb/mcs90/bvg/b03m/mcs90_b03m_s50.B75
Reading graphs...
50 : 75
50 : 75
Initializing...
maxdom : 10
D->valSize : 339
Solving...
Blb : 2 (clique : 37)
currentSize : 37 <-- 0.002556 s
currentSize : 38 <-- 0.002870 s
currentSize : 39 <-- 0.003115 s
currentSize : 43 <-- 0.064638 s
currentSize : 44 <-- 0.064805 s

maxsize : 44
nodes : 16445.000000
filtered : 104958.000000
time : 0.066711
