Parameters: GAD=1 vflib=1 dir=1 label=1 lowerbound=1 fileNameGp=../graphsdb/mcs90/bvg/b03/mcs90_b03_s40.A76 fileNameGt=../graphsdb/mcs90/bvg/b03/mcs90_b03_s40.B76
Reading graphs...
40 : 60
40 : 60
Initializing...
maxdom : 8
D->valSize : 221
Solving...
Blb : 2 (clique : 26)
currentSize : 26 <-- 0.001499 s
currentSize : 27 <-- 0.001637 s
currentSize : 28 <-- 0.001719 s
currentSize : 29 <-- 0.002191 s
currentSize : 30 <-- 0.002759 s
currentSize : 36 <-- 0.010232 s

maxsize : 36
nodes : 2794.000000
filtered : 12845.000000
time : 0.011456
