Parameters: GAD=1 vflib=1 dir=1 label=1 lowerbound=1 fileNameGp=../graphsdb/mcs90/m2D/m2Dr2/mcs90_m2Dr2_s70.A17 fileNameGt=../graphsdb/mcs90/m2D/m2Dr2/mcs90_m2Dr2_s70.B17
Reading graphs...
70 : 137
70 : 137
Initializing...
maxdom : 9
D->valSize : 382
Solving...
Blb : 3 (clique : 50)
currentSize : 50 <-- 0.003566 s
currentSize : 54 <-- 0.003834 s
currentSize : 58 <-- 0.004032 s
currentSize : 62 <-- 0.004309 s
currentSize : 64 <-- 0.004658 s

maxsize : 64
nodes : 585.000000
filtered : 2152.000000
time : 0.004995
