Parameters: GAD=1 vflib=1 dir=1 label=1 lowerbound=1 fileNameGp=../graphsdb/mcs90/bvg/b06/mcs90_b06_s100.A58 fileNameGt=../graphsdb/mcs90/bvg/b06/mcs90_b06_s100.B58
Reading graphs...
100 : 300
100 : 300
Initializing...
maxdom : 9
D->valSize : 426
Solving...
Blb : 3 (clique : 68)
currentSize : 68 <-- 0.004940 s
currentSize : 69 <-- 0.005710 s
currentSize : 73 <-- 0.005924 s
currentSize : 75 <-- 0.006152 s
currentSize : 77 <-- 0.006407 s
currentSize : 80 <-- 0.006669 s
currentSize : 83 <-- 0.006944 s
currentSize : 87 <-- 0.010058 s
currentSize : 90 <-- 0.010376 s

maxsize : 90
nodes : 12505.000000
filtered : 54285.000000
time : 0.067712
