Parameters: GAD=1 vflib=1 dir=1 label=1 lowerbound=1 fileNameGp=../graphsdb/mcs90/m2D/m2Dr2/mcs90_m2Dr2_s30.A26 fileNameGt=../graphsdb/mcs90/m2D/m2Dr2/mcs90_m2Dr2_s30.B26
Reading graphs...
30 : 55
30 : 55
Initializing...
maxdom : 6
D->valSize : 120
Solving...
Blb : 2 (clique : 16)
currentSize : 16 <-- 0.000801 s
currentSize : 18 <-- 0.001025 s
currentSize : 21 <-- 0.001073 s
currentSize : 22 <-- 0.001437 s
currentSize : 25 <-- 0.001627 s

maxsize : 25
nodes : 321.000000
filtered : 1811.000000
time : 0.001755
