Parameters: GAD=1 vflib=1 dir=1 label=1 lowerbound=1 fileNameGp=../graphsdb/mcs90/m4D/m4Dr2/mcs90_m4Dr2_s100.A86 fileNameGt=../graphsdb/mcs90/m4D/m4Dr2/mcs90_m4Dr2_s100.B86
Reading graphs...
100 : 243
100 : 242
Initializing...
maxdom : 6
D->valSize : 374
Solving...
Blb : 2 (clique : 73)
currentSize : 73 <-- 0.007705 s
currentSize : 74 <-- 0.008435 s
currentSize : 75 <-- 0.010116 s
currentSize : 76 <-- 1.621699 s
currentSize : 79 <-- 2.189408 s
currentSize : 80 <-- 2.190627 s
currentSize : 81 <-- 2.191960 s

maxsize : 81
nodes : 564195.000000
filtered : 1486378.000000
time : 2.462423
