Parameters: GAD=1 vflib=1 dir=1 label=1 lowerbound=1 fileNameGp=../graphsdb/mcs90/m4D/m4Dr2/mcs90_m4Dr2_s90.A01 fileNameGt=../graphsdb/mcs90/m4D/m4Dr2/mcs90_m4Dr2_s90.B01
Reading graphs...
90 : 228
90 : 227
Initializing...
maxdom : 11
D->valSize : 564
Solving...
Blb : 3 (clique : 65)
currentSize : 65 <-- 0.006807 s
currentSize : 66 <-- 0.008827 s
currentSize : 68 <-- 0.009087 s
currentSize : 75 <-- 0.016486 s
currentSize : 81 <-- 0.018431 s

maxsize : 81
nodes : 3051.000000
filtered : 8136.000000
time : 0.019315
