Parameters: GAD=1 vflib=1 dir=1 label=1 lowerbound=1 fileNameGp=../graphsdb/mcs90/m2D/m2Dr4/mcs90_m2Dr4_s70.A98 fileNameGt=../graphsdb/mcs90/m2D/m2Dr4/mcs90_m2Dr4_s70.B98
Reading graphs...
70 : 151
70 : 147
Initializing...
maxdom : 7
D->valSize : 342
Solving...
Blb : 3 (clique : 44)
currentSize : 44 <-- 0.003121 s
currentSize : 45 <-- 0.003579 s
currentSize : 48 <-- 0.003696 s
currentSize : 49 <-- 0.004176 s
currentSize : 52 <-- 0.004279 s
currentSize : 54 <-- 0.004502 s
currentSize : 57 <-- 0.004607 s
currentSize : 59 <-- 0.004946 s
currentSize : 64 <-- 0.005180 s

maxsize : 64
nodes : 769.000000
filtered : 1979.000000
time : 0.005445
