Parameters: GAD=1 vflib=1 dir=1 label=1 lowerbound=1 fileNameGp=../graphsdb/mcs90/m3D/m3Dr6/mcs90_m3Dr6_s80.A08 fileNameGt=../graphsdb/mcs90/m3D/m3Dr6/mcs90_m3Dr6_s80.B08
Reading graphs...
80 : 232
80 : 231
Initializing...
maxdom : 8
D->valSize : 437
Solving...
Blb : 3 (clique : 36)
currentSize : 36 <-- 0.004190 s
currentSize : 48 <-- 0.004449 s
currentSize : 51 <-- 0.004630 s
currentSize : 54 <-- 0.004865 s
currentSize : 55 <-- 0.005481 s
currentSize : 56 <-- 0.006222 s
currentSize : 58 <-- 1.068470 s
currentSize : 59 <-- 1.069558 s
currentSize : 63 <-- 1.192392 s
currentSize : 64 <-- 1.193272 s

maxsize : 64
nodes : 249479.000000
filtered : 1975871.000000
time : 1.271570
