Parameters: GAD=1 vflib=1 dir=1 label=1 lowerbound=1 fileNameGp=../graphsdb/mcs90/m3D/m3Dr2/mcs90_m3Dr2_s70.A92 fileNameGt=../graphsdb/mcs90/m3D/m3Dr2/mcs90_m3Dr2_s70.B92
Reading graphs...
70 : 173
70 : 173
Initializing...
maxdom : 7
D->valSize : 325
Solving...
Blb : 3 (clique : 33)
currentSize : 33 <-- 0.002710 s
currentSize : 34 <-- 0.003017 s
currentSize : 36 <-- 0.010517 s
currentSize : 41 <-- 0.034709 s
currentSize : 50 <-- 0.067698 s
currentSize : 52 <-- 0.071638 s
currentSize : 56 <-- 0.072225 s
currentSize : 57 <-- 0.073641 s
currentSize : 64 <-- 0.074668 s

maxsize : 64
nodes : 14236.000000
filtered : 105518.000000
time : 0.074903
