Parameters: GAD=1 vflib=1 dir=1 label=1 lowerbound=1 fileNameGp=../graphsdb/mcs90/bvg/b03m/mcs90_b03m_s25.A61 fileNameGt=../graphsdb/mcs90/bvg/b03m/mcs90_b03m_s25.B61
Reading graphs...
25 : 37
25 : 37
Initializing...
maxdom : 10
D->valSize : 169
Solving...
Blb : 2 (clique : 12)
currentSize : 12 <-- 0.001269 s
currentSize : 13 <-- 0.001353 s
currentSize : 14 <-- 0.001411 s
currentSize : 15 <-- 0.001490 s
currentSize : 18 <-- 0.001695 s
currentSize : 21 <-- 0.001835 s
currentSize : 22 <-- 0.001884 s

maxsize : 22
nodes : 227.000000
filtered : 1383.000000
time : 0.002072
