Parameters: GAD=1 vflib=1 dir=1 label=1 lowerbound=1 fileNameGp=../graphsdb/mcs90/m2D/m2Dr2/mcs90_m2Dr2_s80.A28 fileNameGt=../graphsdb/mcs90/m2D/m2Dr2/mcs90_m2Dr2_s80.B28
Reading graphs...
80 : 158
80 : 156
Initializing...
maxdom : 9
D->valSize : 454
Solving...
Blb : 3 (clique : 51)
currentSize : 51 <-- 0.004820 s
currentSize : 52 <-- 0.005206 s
currentSize : 53 <-- 0.005389 s
currentSize : 54 <-- 0.006884 s
currentSize : 57 <-- 0.007045 s
currentSize : 58 <-- 0.007391 s
currentSize : 59 <-- 0.334467 s
currentSize : 60 <-- 0.980459 s
currentSize : 62 <-- 0.982516 s
currentSize : 64 <-- 0.984699 s

maxsize : 64
nodes : 286778.000000
filtered : 1601206.000000
time : 1.390204
