Parameters: GAD=1 vflib=1 dir=1 label=1 lowerbound=1 fileNameGp=../graphsdb/mcs90/bvg/b06m/mcs90_b06m_s40.A69 fileNameGt=../graphsdb/mcs90/bvg/b06m/mcs90_b06m_s40.B69
Reading graphs...
40 : 120
40 : 120
Initializing...
maxdom : 7
D->valSize : 222
Solving...
Blb : 3 (clique : 23)
currentSize : 23 <-- 0.001510 s
currentSize : 26 <-- 0.001688 s
currentSize : 28 <-- 0.001994 s
currentSize : 31 <-- 0.002291 s
currentSize : 36 <-- 0.002935 s

maxsize : 36
nodes : 509.000000
filtered : 3949.000000
time : 0.003175
