Parameters: GAD=1 vflib=1 dir=1 label=1 lowerbound=1 fileNameGp=../graphsdb/mcs90/bvg/b03/mcs90_b03_s70.A76 fileNameGt=../graphsdb/mcs90/bvg/b03/mcs90_b03_s70.B76
Reading graphs...
70 : 105
70 : 105
Initializing...
maxdom : 8
D->valSize : 354
Solving...
Blb : 3 (clique : 53)
currentSize : 53 <-- 0.003337 s
currentSize : 54 <-- 0.003695 s
currentSize : 56 <-- 0.003866 s
currentSize : 57 <-- 0.004200 s
currentSize : 58 <-- 0.004900 s
currentSize : 59 <-- 0.005314 s
currentSize : 62 <-- 0.005716 s

maxsize : 62
nodes : 1717.000000
filtered : 6650.000000
time : 0.011083
