Parameters: GAD=1 vflib=1 dir=1 label=1 lowerbound=1 fileNameGp=../graphsdb/mcs90/bvg/b06/mcs90_b06_s50.A44 fileNameGt=../graphsdb/mcs90/bvg/b06/mcs90_b06_s50.B44
Reading graphs...
50 : 150
50 : 150
Initializing...
maxdom : 10
D->valSize : 343
Solving...
Blb : 2 (clique : 28)
currentSize : 28 <-- 0.002523 s
currentSize : 30 <-- 0.002708 s
currentSize : 31 <-- 0.002993 s
currentSize : 32 <-- 0.003205 s
currentSize : 35 <-- 0.003298 s
currentSize : 37 <-- 0.003355 s
currentSize : 45 <-- 0.020787 s

maxsize : 45
nodes : 4785.000000
filtered : 37849.000000
time : 0.021797
