Parameters: GAD=1 vflib=1 dir=1 label=1 lowerbound=1 fileNameGp=../graphsdb/mcs90/bvg/b03/mcs90_b03_s25.A94 fileNameGt=../graphsdb/mcs90/bvg/b03/mcs90_b03_s25.B94
Reading graphs...
25 : 37
25 : 37
Initializing...
maxdom : 7
D->valSize : 161
Solving...
Blb : 2 (clique : 13)
currentSize : 13 <-- 0.000769 s
currentSize : 14 <-- 0.000863 s
currentSize : 16 <-- 0.001186 s
currentSize : 17 <-- 0.001490 s
currentSize : 22 <-- 0.001933 s

maxsize : 22
nodes : 467.000000
filtered : 3666.000000
time : 0.002001
