Parameters: GAD=1 vflib=1 dir=1 label=1 lowerbound=1 fileNameGp=../graphsdb/mcs90/m2D/m2Dr2/mcs90_m2Dr2_s100.A39 fileNameGt=../graphsdb/mcs90/m2D/m2Dr2/mcs90_m2Dr2_s100.B39
Reading graphs...
100 : 200
100 : 200
Initializing...
maxdom : 7
D->valSize : 385
Solving...
Blb : 2 (clique : 70)
currentSize : 70 <-- 0.007141 s
currentSize : 73 <-- 0.009719 s
currentSize : 76 <-- 0.012967 s
currentSize : 78 <-- 0.165370 s
currentSize : 81 <-- 0.166002 s

maxsize : 81
nodes : 19062.000000
filtered : 67253.000000
time : 0.176802
