Parameters: GAD=1 vflib=1 dir=1 label=1 lowerbound=1 fileNameGp=../graphsdb/mcs90/m2D/m2Dr4/mcs90_m2Dr4_s100.A48 fileNameGt=../graphsdb/mcs90/m2D/m2Dr4/mcs90_m2Dr4_s100.B48
Reading graphs...
100 : 220
100 : 220
Initializing...
maxdom : 6
D->valSize : 375
Solving...
Blb : 2 (clique : 72)
currentSize : 72 <-- 0.004378 s
currentSize : 74 <-- 0.004784 s
currentSize : 75 <-- 0.005670 s
currentSize : 79 <-- 0.005908 s
currentSize : 81 <-- 0.006859 s

maxsize : 81
nodes : 1228561.000000
filtered : 3732021.000000
time : 6.000809
