Parameters: GAD=1 vflib=1 dir=1 label=1 lowerbound=1 fileNameGp=../graphsdb/mcs90/m2D/m2D/mcs90_m2D_s100.A60 fileNameGt=../graphsdb/mcs90/m2D/m2D/mcs90_m2D_s100.B60
Reading graphs...
100 : 180
100 : 180
Initializing...
maxdom : 10
D->valSize : 438
Solving...
Blb : 3 (clique : 65)
currentSize : 65 <-- 0.005161 s
currentSize : 66 <-- 1.110692 s
currentSize : 67 <-- 15.147567 s
currentSize : 70 <-- 15.215248 s
currentSize : 71 <-- 15.215591 s
currentSize : 74 <-- 16.346001 s
currentSize : 75 <-- 16.346714 s
currentSize : 77 <-- 35.533871 s
currentSize : 79 <-- 35.885605 s
currentSize : 81 <-- 35.885777 s

maxsize : 81
nodes : 8012057.000000
filtered : 25738760.000000
time : 38.151649
