Parameters: GAD=1 vflib=1 dir=1 label=1 lowerbound=1 fileNameGp=../graphsdb/mcs90/m2D/m2Dr2/mcs90_m2Dr2_s60.A03 fileNameGt=../graphsdb/mcs90/m2D/m2Dr2/mcs90_m2Dr2_s60.B03
Reading graphs...
60 : 116
60 : 116
Initializing...
maxdom : 7
D->valSize : 276
Solving...
Blb : 2 (clique : 41)
currentSize : 41 <-- 0.002230 s
currentSize : 42 <-- 0.002593 s
currentSize : 43 <-- 0.002991 s
currentSize : 45 <-- 0.003144 s
currentSize : 47 <-- 0.003481 s
currentSize : 49 <-- 0.003577 s

maxsize : 49
nodes : 1286.000000
filtered : 7071.000000
time : 0.007150
