Parameters: GAD=1 vflib=1 dir=1 label=1 lowerbound=1 fileNameGp=../graphsdb/mcs90/rand/r001/mcs90_r001_s100.A90 fileNameGt=../graphsdb/mcs90/rand/r001/mcs90_r001_s100.B90
Reading graphs...
100 : 108
100 : 108
Initializing...
maxdom : 6
D->valSize : 363
Solving...
Blb : 2 (clique : 83)
currentSize : 83 <-- 0.004380 s
currentSize : 85 <-- 0.004907 s
currentSize : 86 <-- 0.005146 s
currentSize : 87 <-- 0.005372 s
currentSize : 89 <-- 0.005642 s
currentSize : 90 <-- 0.005893 s

maxsize : 90
nodes : 753.000000
filtered : 1598.000000
time : 0.006593
