Parameters: GAD=1 vflib=1 dir=1 label=1 lowerbound=1 fileNameGp=../graphsdb/mcs90/m2D/m2D/mcs90_m2D_s80.A03 fileNameGt=../graphsdb/mcs90/m2D/m2D/mcs90_m2D_s80.B03
Reading graphs...
80 : 142
80 : 142
Initializing...
maxdom : 9
D->valSize : 451
Solving...
Blb : 2 (clique : 47)
currentSize : 47 <-- 0.007900 s
currentSize : 48 <-- 0.008531 s
currentSize : 52 <-- 0.008706 s
currentSize : 53 <-- 0.009398 s
currentSize : 54 <-- 0.010048 s
currentSize : 56 <-- 0.010392 s
currentSize : 59 <-- 0.010665 s
currentSize : 63 <-- 4.409438 s
currentSize : 64 <-- 4.410091 s

maxsize : 64
nodes : 997755.000000
filtered : 5830687.000000
time : 5.146082
