Parameters: GAD=1 vflib=1 dir=1 label=1 lowerbound=1 fileNameGp=../graphsdb/mcs90/m3D/m3Dr2/mcs90_m3Dr2_s80.A66 fileNameGt=../graphsdb/mcs90/m3D/m3Dr2/mcs90_m3Dr2_s80.B66
Reading graphs...
80 : 199
80 : 197
Initializing...
maxdom : 9
D->valSize : 465
Solving...
Blb : 2 (clique : 56)
currentSize : 56 <-- 0.004846 s
currentSize : 59 <-- 0.005248 s
currentSize : 60 <-- 0.006051 s
currentSize : 63 <-- 0.011641 s
currentSize : 64 <-- 0.012518 s

maxsize : 64
nodes : 90880.000000
filtered : 521848.000000
time : 0.437605
