Parameters: GAD=1 vflib=1 dir=1 label=1 lowerbound=1 fileNameGp=../graphsdb/mcs90/m3D/m3D/mcs90_m3D_s80.A94 fileNameGt=../graphsdb/mcs90/m3D/m3D/mcs90_m3D_s80.B94
Reading graphs...
80 : 184
80 : 184
Initializing...
maxdom : 10
D->valSize : 468
Solving...
Blb : 2 (clique : 37)
currentSize : 37 <-- 0.004942 s
currentSize : 39 <-- 0.005243 s
currentSize : 40 <-- 0.005603 s
currentSize : 47 <-- 0.005984 s
currentSize : 48 <-- 0.006613 s
currentSize : 51 <-- 0.007888 s
currentSize : 53 <-- 0.008314 s
currentSize : 59 <-- 0.104181 s
currentSize : 63 <-- 0.276106 s
currentSize : 64 <-- 0.277001 s

maxsize : 64
nodes : 55377.000000
filtered : 490083.000000
time : 0.316158
