Parameters: GAD=1 vflib=1 dir=1 label=1 lowerbound=1 fileNameGp=../graphsdb/mcs90/bvg/b03m/mcs90_b03m_s50.A58 fileNameGt=../graphsdb/mcs90/bvg/b03m/mcs90_b03m_s50.B58
Reading graphs...
50 : 75
50 : 75
Initializing...
maxdom : 10
D->valSize : 348
Solving...
Blb : 3 (clique : 37)
currentSize : 37 <-- 0.002711 s
currentSize : 38 <-- 0.003860 s
currentSize : 39 <-- 0.004847 s
currentSize : 40 <-- 0.005751 s
currentSize : 42 <-- 0.037511 s
currentSize : 44 <-- 0.039555 s

maxsize : 44
nodes : 9843.000000
filtered : 61830.000000
time : 0.039950
