Parameters: GAD=1 vflib=1 dir=1 label=1 lowerbound=1 fileNameGp=../graphsdb/mcs90/m2D/m2Dr2/mcs90_m2Dr2_s100.A75 fileNameGt=../graphsdb/mcs90/m2D/m2Dr2/mcs90_m2Dr2_s100.B75
Reading graphs...
100 : 200
100 : 200
Initializing...
maxdom : 6
D->valSize : 370
Solving...
Blb : 2 (clique : 57)
currentSize : 57 <-- 0.007270 s
currentSize : 58 <-- 0.008036 s
currentSize : 60 <-- 0.008377 s
currentSize : 61 <-- 0.009310 s
currentSize : 63 <-- 0.011407 s
currentSize : 66 <-- 0.013721 s
currentSize : 67 <-- 0.014095 s
currentSize : 69 <-- 0.014332 s
currentSize : 70 <-- 0.015023 s
currentSize : 72 <-- 0.015272 s
currentSize : 73 <-- 0.015879 s
currentSize : 74 <-- 0.730800 s
currentSize : 75 <-- 0.732111 s
currentSize : 77 <-- 0.732375 s
currentSize : 78 <-- 0.733801 s
currentSize : 80 <-- 0.980994 s
currentSize : 81 <-- 1.251710 s

maxsize : 81
nodes : 263733.000000
filtered : 1181569.000000
time : 1.451206
