Parameters: GAD=1 vflib=1 dir=1 label=1 lowerbound=1 fileNameGp=../graphsdb/mcs90/m3D/m3Dr6/mcs90_m3Dr6_s80.A38 fileNameGt=../graphsdb/mcs90/m3D/m3Dr6/mcs90_m3Dr6_s80.B38
Reading graphs...
80 : 232
80 : 232
Initializing...
maxdom : 8
D->valSize : 448
Solving...
Blb : 2 (clique : 43)
currentSize : 43 <-- 0.007468 s
currentSize : 45 <-- 0.007879 s
currentSize : 54 <-- 0.008163 s
currentSize : 60 <-- 0.008539 s
currentSize : 63 <-- 0.451744 s
currentSize : 64 <-- 0.453311 s

maxsize : 64
nodes : 84995.000000
filtered : 740483.000000
time : 0.597279
