Parameters: GAD=1 vflib=1 dir=1 label=1 lowerbound=1 fileNameGp=../graphsdb/mcs90/bvg/b03/mcs90_b03_s25.A05 fileNameGt=../graphsdb/mcs90/bvg/b03/mcs90_b03_s25.B05
Reading graphs...
25 : 37
25 : 37
Initializing...
maxdom : 9
D->valSize : 160
Solving...
Blb : 2 (clique : 13)
currentSize : 13 <-- 0.000852 s
currentSize : 14 <-- 0.001570 s
currentSize : 15 <-- 0.003044 s
currentSize : 16 <-- 0.004134 s
currentSize : 19 <-- 0.004658 s
currentSize : 22 <-- 0.004702 s

maxsize : 22
nodes : 1269.000000
filtered : 10140.000000
time : 0.004781
