Parameters: GAD=1 vflib=1 dir=1 label=1 lowerbound=1 fileNameGp=../graphsdb/mcs90/m2D/m2Dr4/mcs90_m2Dr4_s80.A07 fileNameGt=../graphsdb/mcs90/m2D/m2Dr4/mcs90_m2Dr4_s80.B07
Reading graphs...
80 : 174
80 : 174
Initializing...
maxdom : 8
D->valSize : 438
Solving...
Blb : 2 (clique : 43)
currentSize : 43 <-- 0.004464 s
currentSize : 45 <-- 0.004755 s
currentSize : 48 <-- 0.004843 s
currentSize : 51 <-- 0.009481 s
currentSize : 54 <-- 0.009606 s
currentSize : 56 <-- 0.009795 s
currentSize : 59 <-- 0.016391 s
currentSize : 61 <-- 0.023432 s
currentSize : 64 <-- 0.023717 s

maxsize : 64
nodes : 55543.000000
filtered : 375712.000000
time : 0.325921
