Parameters: GAD=1 vflib=1 dir=1 label=1 lowerbound=1 fileNameGp=../graphsdb/mcs90/bvg/b03m/mcs90_b03m_s90.A09 fileNameGt=../graphsdb/mcs90/bvg/b03m/mcs90_b03m_s90.B09
Reading graphs...
90 : 135
90 : 135
Initializing...
maxdom : 10
D->valSize : 581
Solving...
Blb : 2 (clique : 61)
currentSize : 61 <-- 0.012565 s
currentSize : 62 <-- 0.013292 s
currentSize : 63 <-- 0.014365 s
currentSize : 65 <-- 0.017460 s
currentSize : 67 <-- 0.017703 s
currentSize : 69 <-- 0.027130 s
currentSize : 72 <-- 0.027357 s
currentSize : 75 <-- 0.037012 s
currentSize : 76 <-- 0.046901 s
currentSize : 80 <-- 0.047149 s

maxsize : 80
nodes : 18780.000000
filtered : 82484.000000
time : 0.168622
