Parameters: GAD=1 vflib=1 dir=1 label=1 lowerbound=1 fileNameGp=../graphsdb/mcs90/m4D/m4Dr2/mcs90_m4Dr2_s100.A40 fileNameGt=../graphsdb/mcs90/m4D/m4Dr2/mcs90_m4Dr2_s100.B40
Reading graphs...
100 : 243
100 : 243
Initializing...
maxdom : 7
D->valSize : 376
Solving...
Blb : 2 (clique : 72)
currentSize : 72 <-- 0.004234 s
currentSize : 76 <-- 0.005067 s
currentSize : 77 <-- 0.007001 s
currentSize : 79 <-- 0.464169 s
currentSize : 80 <-- 0.465541 s
currentSize : 81 <-- 0.467690 s

maxsize : 81
nodes : 535049.000000
filtered : 2758431.000000
time : 2.902468
