Parameters: GAD=1 vflib=1 dir=1 label=1 lowerbound=1 fileNameGp=../graphsdb/mcs90/m2D/m2Dr4/mcs90_m2Dr4_s80.A48 fileNameGt=../graphsdb/mcs90/m2D/m2Dr4/mcs90_m2Dr4_s80.B48
Reading graphs...
80 : 174
80 : 174
Initializing...
maxdom : 8
D->valSize : 440
Solving...
Blb : 2 (clique : 52)
currentSize : 52 <-- 0.004608 s
currentSize : 54 <-- 0.004967 s
currentSize : 57 <-- 0.006302 s
currentSize : 60 <-- 0.325491 s
currentSize : 61 <-- 0.525923 s
currentSize : 64 <-- 0.527784 s

maxsize : 64
nodes : 162818.000000
filtered : 940097.000000
time : 0.775343
