Parameters: GAD=1 vflib=1 dir=1 label=1 lowerbound=1 fileNameGp=../graphsdb/mcs90/m2D/m2D/mcs90_m2D_s100.A38 fileNameGt=../graphsdb/mcs90/m2D/m2D/mcs90_m2D_s100.B38
Reading graphs...
100 : 180
100 : 180
Initializing...
maxdom : 7
D->valSize : 381
Solving...
Blb : 2 (clique : 60)
currentSize : 60 <-- 0.007070 s
currentSize : 64 <-- 0.008100 s
currentSize : 65 <-- 0.009286 s
currentSize : 69 <-- 0.009937 s
currentSize : 70 <-- 0.013847 s
currentSize : 75 <-- 0.014338 s
currentSize : 76 <-- 0.025752 s
currentSize : 81 <-- 0.026285 s

maxsize : 81
nodes : 86081.000000
filtered : 478296.000000
time : 0.552268
