Parameters: GAD=1 vflib=1 dir=1 label=1 lowerbound=1 fileNameGp=../graphsdb/mcs90/m2D/m2D/mcs90_m2D_s90.A85 fileNameGt=../graphsdb/mcs90/m2D/m2D/mcs90_m2D_s90.B85
Reading graphs...
90 : 161
90 : 161
Initializing...
maxdom : 10
D->valSize : 574
Solving...
Blb : 2 (clique : 65)
currentSize : 65 <-- 0.012142 s
currentSize : 66 <-- 0.018610 s
currentSize : 67 <-- 0.458500 s
currentSize : 69 <-- 0.462010 s
currentSize : 70 <-- 0.478916 s
currentSize : 71 <-- 0.482723 s
currentSize : 72 <-- 0.488339 s
currentSize : 74 <-- 0.493967 s
currentSize : 77 <-- 0.495414 s
currentSize : 81 <-- 0.497290 s

maxsize : 81
nodes : 105709.000000
filtered : 416696.000000
time : 0.498868
