Parameters: GAD=1 vflib=1 dir=1 label=1 lowerbound=1 fileNameGp=../graphsdb/mcs90/m2D/m2D/mcs90_m2D_s100.A51 fileNameGt=../graphsdb/mcs90/m2D/m2D/mcs90_m2D_s100.B51
Reading graphs...
100 : 180
100 : 180
Initializing...
maxdom : 6
D->valSize : 379
Solving...
Blb : 2 (clique : 53)
currentSize : 53 <-- 0.004134 s
currentSize : 54 <-- 0.007005 s
currentSize : 55 <-- 0.008090 s
currentSize : 56 <-- 0.011992 s
currentSize : 58 <-- 0.017472 s
currentSize : 60 <-- 0.017746 s
currentSize : 61 <-- 0.021741 s
currentSize : 62 <-- 0.041118 s
currentSize : 65 <-- 0.117285 s
currentSize : 66 <-- 0.117994 s
currentSize : 67 <-- 0.118956 s
currentSize : 68 <-- 0.119729 s
currentSize : 75 <-- 0.121202 s
currentSize : 81 <-- 0.587897 s

maxsize : 81
nodes : 144177.000000
filtered : 494635.000000
time : 0.759076
