Parameters: GAD=1 vflib=1 dir=1 label=1 lowerbound=1 fileNameGp=../graphsdb/mcs90/m2D/m2Dr2/mcs90_m2Dr2_s100.A44 fileNameGt=../graphsdb/mcs90/m2D/m2Dr2/mcs90_m2Dr2_s100.B44
Reading graphs...
100 : 200
100 : 198
Initializing...
maxdom : 7
D->valSize : 356
Solving...
Blb : 2 (clique : 67)
currentSize : 67 <-- 0.003886 s
currentSize : 68 <-- 0.004584 s
currentSize : 69 <-- 0.013981 s
currentSize : 73 <-- 0.014313 s
currentSize : 75 <-- 0.065955 s
currentSize : 76 <-- 0.895051 s
currentSize : 79 <-- 1.837817 s
currentSize : 81 <-- 1.837964 s

maxsize : 81
nodes : 422295.000000
filtered : 1182807.000000
time : 2.008038
