Parameters: GAD=1 vflib=1 dir=1 label=1 lowerbound=1 fileNameGp=../graphsdb/mcs90/m2D/m2Dr4/mcs90_m2Dr4_s100.A10 fileNameGt=../graphsdb/mcs90/m2D/m2Dr4/mcs90_m2Dr4_s100.B10
Reading graphs...
100 : 220
100 : 219
Initializing...
maxdom : 10
D->valSize : 444
Solving...
Blb : 2 (clique : 65)
currentSize : 65 <-- 0.005316 s
currentSize : 67 <-- 0.029966 s
currentSize : 68 <-- 0.031195 s
currentSize : 70 <-- 0.032893 s
currentSize : 71 <-- 0.070301 s
currentSize : 74 <-- 0.070856 s
currentSize : 81 <-- 0.153198 s

maxsize : 81
nodes : 36689.000000
filtered : 152064.000000
time : 0.200376
