Parameters: GAD=1 vflib=1 dir=1 label=1 lowerbound=1 fileNameGp=../graphsdb/mcs90/rand/r01/mcs90_r01_s50.A17 fileNameGt=../graphsdb/mcs90/rand/r01/mcs90_r01_s50.B17
Reading graphs...
50 : 244
50 : 244
Initializing...
maxdom : 9
D->valSize : 330
Solving...
Blb : 2 (clique : 17)
currentSize : 17 <-- 0.002306 s
currentSize : 20 <-- 0.002428 s
currentSize : 24 <-- 0.002674 s
currentSize : 32 <-- 0.003669 s
currentSize : 45 <-- 0.004530 s

maxsize : 45
nodes : 575.000000
filtered : 8919.000000
time : 0.004700
