Parameters: GAD=1 vflib=1 dir=1 label=1 lowerbound=1 fileNameGp=../graphsdb/mcs90/m4D/m4Dr6/mcs90_m4Dr6_s20.A27 fileNameGt=../graphsdb/mcs90/m4D/m4Dr6/mcs90_m4Dr6_s20.B27
Reading graphs...
20 : 49
20 : 49
Initializing...
maxdom : 7
D->valSize : 103
Solving...
Blb : 5 (clique : 7)
currentSize : 7 <-- 0.000537 s
currentSize : 8 <-- 0.000621 s
currentSize : 9 <-- 0.000635 s
currentSize : 11 <-- 0.000816 s
currentSize : 12 <-- 0.001073 s
currentSize : 16 <-- 0.001308 s

maxsize : 16
nodes : 258.000000
filtered : 2694.000000
time : 0.001372
