Parameters: GAD=1 vflib=1 dir=1 label=1 lowerbound=1 fileNameGp=../graphsdb/mcs90/m2D/m2Dr2/mcs90_m2Dr2_s100.A69 fileNameGt=../graphsdb/mcs90/m2D/m2Dr2/mcs90_m2Dr2_s100.B69
Reading graphs...
100 : 200
100 : 199
Initializing...
maxdom : 7
D->valSize : 400
Solving...
Blb : 2 (clique : 49)
currentSize : 49 <-- 0.004442 s
currentSize : 51 <-- 0.004797 s
currentSize : 54 <-- 0.004969 s
currentSize : 56 <-- 0.005274 s
currentSize : 58 <-- 0.006054 s
currentSize : 60 <-- 0.006296 s
currentSize : 63 <-- 0.026908 s
currentSize : 66 <-- 0.027161 s
currentSize : 68 <-- 0.029421 s
currentSize : 70 <-- 0.121711 s
currentSize : 73 <-- 0.122014 s
currentSize : 77 <-- 0.302054 s
currentSize : 79 <-- 0.495585 s
currentSize : 81 <-- 0.955089 s

maxsize : 81
nodes : 181025.000000
filtered : 875894.000000
time : 1.012432
