Parameters: GAD=1 vflib=1 dir=1 label=1 lowerbound=1 fileNameGp=../graphsdb/mcs90/bvg/b09m/mcs90_b09m_s90.A87 fileNameGt=../graphsdb/mcs90/bvg/b09m/mcs90_b09m_s90.B87
Reading graphs...
90 : 405
90 : 405
Initializing...
maxdom : 12
D->valSize : 601
Solving...
Blb : 3 (clique : 64)
currentSize : 64 <-- 0.007272 s
currentSize : 67 <-- 0.007686 s
currentSize : 68 <-- 0.011975 s
currentSize : 75 <-- 0.021680 s
currentSize : 80 <-- 0.025547 s

maxsize : 80
nodes : 3133.000000
filtered : 44334.000000
time : 0.027575
