Parameters: GAD=1 vflib=1 dir=1 label=1 lowerbound=1 fileNameGp=../graphsdb/mcs90/rand/r005/mcs90_r005_s40.A51 fileNameGt=../graphsdb/mcs90/rand/r005/mcs90_r005_s40.B51
Reading graphs...
40 : 77
40 : 77
Initializing...
maxdom : 8
D->valSize : 230
Solving...
Blb : 2 (clique : 19)
currentSize : 19 <-- 0.001608 s
currentSize : 24 <-- 0.007741 s
currentSize : 26 <-- 0.007840 s
currentSize : 30 <-- 0.010653 s
currentSize : 31 <-- 0.011787 s
currentSize : 36 <-- 0.012390 s

maxsize : 36
nodes : 2652.000000
filtered : 20622.000000
time : 0.012575
