Parameters: GAD=1 vflib=1 dir=1 label=1 lowerbound=1 fileNameGp=../graphsdb/mcs90/m2D/m2Dr4/mcs90_m2Dr4_s40.A13 fileNameGt=../graphsdb/mcs90/m2D/m2Dr4/mcs90_m2Dr4_s40.B13
Reading graphs...
40 : 83
40 : 83
Initializing...
maxdom : 8
D->valSize : 211
Solving...
Blb : 3 (clique : 21)
currentSize : 21 <-- 0.001279 s
currentSize : 24 <-- 0.001377 s
currentSize : 26 <-- 0.001423 s
currentSize : 27 <-- 0.001507 s
currentSize : 31 <-- 0.001755 s
currentSize : 32 <-- 0.001828 s
currentSize : 36 <-- 0.002096 s

maxsize : 36
nodes : 495.000000
filtered : 2404.000000
time : 0.002569
