Parameters: GAD=1 vflib=1 dir=1 label=1 lowerbound=1 fileNameGp=../graphsdb/mcs90/rand/r01/mcs90_r01_s40.A96 fileNameGt=../graphsdb/mcs90/rand/r01/mcs90_r01_s40.B96
Reading graphs...
40 : 155
40 : 155
Initializing...
maxdom : 11
D->valSize : 267
Solving...
Blb : 2 (clique : 13)
currentSize : 13 <-- 0.001573 s
currentSize : 15 <-- 0.002236 s
currentSize : 18 <-- 0.003052 s
currentSize : 21 <-- 0.003229 s
currentSize : 29 <-- 0.003318 s
currentSize : 36 <-- 0.003541 s

maxsize : 36
nodes : 644.000000
filtered : 6745.000000
time : 0.003638
