Parameters: GAD=1 vflib=1 dir=1 label=1 lowerbound=1 fileNameGp=../graphsdb/mcs90/bvg/b06/mcs90_b06_s90.A62 fileNameGt=../graphsdb/mcs90/bvg/b06/mcs90_b06_s90.B62
Reading graphs...
90 : 270
90 : 270
Initializing...
maxdom : 11
D->valSize : 627
Solving...
Blb : 3 (clique : 50)
currentSize : 50 <-- 0.013364 s
currentSize : 56 <-- 0.013984 s
currentSize : 59 <-- 0.014582 s
currentSize : 62 <-- 0.015056 s
currentSize : 66 <-- 0.015658 s
currentSize : 68 <-- 0.176175 s
currentSize : 70 <-- 0.176439 s
currentSize : 73 <-- 0.176801 s
currentSize : 81 <-- 1.090492 s

maxsize : 81
nodes : 217417.000000
filtered : 1122544.000000
time : 1.147840
