Parameters: GAD=1 vflib=1 dir=1 label=1 lowerbound=1 fileNameGp=../graphsdb/mcs90/rand/r001/mcs90_r001_s100.A88 fileNameGt=../graphsdb/mcs90/rand/r001/mcs90_r001_s100.B88
Reading graphs...
100 : 108
100 : 108
Initializing...
maxdom : 9
D->valSize : 470
Solving...
Blb : 2 (clique : 85)
currentSize : 85 <-- 0.005733 s
currentSize : 86 <-- 0.006572 s
currentSize : 87 <-- 0.007738 s
currentSize : 89 <-- 0.008992 s
currentSize : 90 <-- 0.011057 s

maxsize : 90
nodes : 4230.000000
filtered : 16325.000000
time : 0.029505
