Parameters: GAD=1 vflib=1 dir=1 label=1 lowerbound=1 fileNameGp=../graphsdb/mcs90/m2D/m2Dr4/mcs90_m2Dr4_s60.A67 fileNameGt=../graphsdb/mcs90/m2D/m2Dr4/mcs90_m2Dr4_s60.B67
Reading graphs...
60 : 128
60 : 128
Initializing...
maxdom : 7
D->valSize : 256
Solving...
Blb : 2 (clique : 38)
currentSize : 38 <-- 0.001872 s
currentSize : 43 <-- 0.002064 s
currentSize : 45 <-- 0.002228 s
currentSize : 46 <-- 0.002838 s
currentSize : 48 <-- 0.003004 s
currentSize : 49 <-- 0.003616 s

maxsize : 49
nodes : 2609.000000
filtered : 13979.000000
time : 0.012080
