Parameters: GAD=1 vflib=1 dir=1 label=1 lowerbound=1 fileNameGp=../graphsdb/mcs90/m3D/m3Dr4/mcs90_m3Dr4_s80.A92 fileNameGt=../graphsdb/mcs90/m3D/m3Dr4/mcs90_m3Dr4_s80.B92
Reading graphs...
80 : 216
80 : 215
Initializing...
maxdom : 8
D->valSize : 431
Solving...
Blb : 2 (clique : 29)
currentSize : 29 <-- 0.004288 s
currentSize : 46 <-- 0.004525 s
currentSize : 51 <-- 0.004735 s
currentSize : 56 <-- 0.006331 s
currentSize : 59 <-- 1.733272 s
currentSize : 64 <-- 2.061593 s

maxsize : 64
nodes : 469842.000000
filtered : 2343356.000000
time : 2.325991
