Parameters: GAD=1 vflib=1 dir=1 label=1 lowerbound=1 fileNameGp=../graphsdb/mcs90/rand/r001/mcs90_r001_s100.A64 fileNameGt=../graphsdb/mcs90/rand/r001/mcs90_r001_s100.B64
Reading graphs...
100 : 108
100 : 108
Initializing...
maxdom : 7
D->valSize : 384
Solving...
Blb : 3 (clique : 79)
currentSize : 79 <-- 0.007520 s
currentSize : 81 <-- 0.009230 s
currentSize : 82 <-- 0.009537 s
currentSize : 83 <-- 0.010268 s
currentSize : 84 <-- 0.011012 s
currentSize : 86 <-- 0.021350 s
currentSize : 88 <-- 0.026758 s
currentSize : 90 <-- 0.029336 s

maxsize : 90
nodes : 3039.000000
filtered : 8657.000000
time : 0.030873
