Parameters: GAD=1 vflib=1 dir=1 label=1 lowerbound=1 fileNameGp=../graphsdb/mcs90/bvg/b09/mcs90_b09_s50.A25 fileNameGt=../graphsdb/mcs90/bvg/b09/mcs90_b09_s50.B25
Reading graphs...
50 : 225
50 : 225
Initializing...
maxdom : 11
D->valSize : 340
Solving...
Blb : 3 (clique : 17)
currentSize : 17 <-- 0.002387 s
currentSize : 18 <-- 0.002821 s
currentSize : 19 <-- 0.002958 s
currentSize : 24 <-- 0.003194 s
currentSize : 26 <-- 0.003583 s
currentSize : 44 <-- 0.007143 s

maxsize : 44
nodes : 1171.000000
filtered : 16538.000000
time : 0.007493
