Parameters: GAD=1 vflib=1 dir=1 label=1 lowerbound=1 fileNameGp=../graphsdb/mcs90/m4D/m4Dr4/mcs90_m4Dr4_s100.A98 fileNameGt=../graphsdb/mcs90/m4D/m4Dr4/mcs90_m4Dr4_s100.B98
Reading graphs...
100 : 263
100 : 262
Initializing...
maxdom : 6
D->valSize : 373
Solving...
Blb : 3 (clique : 75)
currentSize : 75 <-- 0.004167 s
currentSize : 76 <-- 0.017432 s
currentSize : 77 <-- 0.417326 s
currentSize : 78 <-- 0.418968 s
currentSize : 80 <-- 0.432876 s
currentSize : 81 <-- 0.434728 s

maxsize : 81
nodes : 457635.000000
filtered : 1250758.000000
time : 2.212077
