Parameters: GAD=1 vflib=1 dir=1 label=1 lowerbound=1 fileNameGp=../graphsdb/mcs90/m2D/m2Dr6/mcs90_m2Dr6_s90.A31 fileNameGt=../graphsdb/mcs90/m2D/m2Dr6/mcs90_m2Dr6_s90.B31
Reading graphs...
90 : 215
90 : 214
Initializing...
maxdom : 9
D->valSize : 585
Solving...
Blb : 2 (clique : 61)
currentSize : 61 <-- 0.007410 s
currentSize : 62 <-- 0.007945 s
currentSize : 63 <-- 0.008277 s
currentSize : 64 <-- 0.008598 s
currentSize : 65 <-- 0.012698 s
currentSize : 66 <-- 0.013071 s
currentSize : 67 <-- 0.020973 s
currentSize : 70 <-- 0.021171 s
currentSize : 71 <-- 0.021547 s
currentSize : 73 <-- 0.025531 s
currentSize : 75 <-- 0.040245 s
currentSize : 76 <-- 0.107635 s
currentSize : 78 <-- 0.107763 s
currentSize : 81 <-- 0.110721 s

maxsize : 81
nodes : 23424.000000
filtered : 115943.000000
time : 0.124138
