Parameters: GAD=1 vflib=1 dir=1 label=1 lowerbound=1 fileNameGp=../graphsdb/mcs90/m3D/m3D/mcs90_m3D_s80.A34 fileNameGt=../graphsdb/mcs90/m3D/m3D/mcs90_m3D_s80.B34
Reading graphs...
80 : 184
80 : 184
Initializing...
maxdom : 9
D->valSize : 462
Solving...
Blb : 2 (clique : 51)
currentSize : 51 <-- 0.007954 s
currentSize : 55 <-- 0.011881 s
currentSize : 59 <-- 0.043729 s
currentSize : 60 <-- 0.204038 s
currentSize : 64 <-- 0.212630 s

maxsize : 64
nodes : 91353.000000
filtered : 380167.000000
time : 0.423973
