Parameters: GAD=1 vflib=1 dir=1 label=1 lowerbound=1 fileNameGp=../graphsdb/mcs90/m3D/m3Dr4/mcs90_m3Dr4_s80.A71 fileNameGt=../graphsdb/mcs90/m3D/m3Dr4/mcs90_m3Dr4_s80.B71
Reading graphs...
80 : 216
80 : 215
Initializing...
maxdom : 7
D->valSize : 421
Solving...
Blb : 3 (clique : 31)
currentSize : 31 <-- 0.006745 s
currentSize : 33 <-- 0.497386 s
currentSize : 35 <-- 2.069288 s
currentSize : 36 <-- 3.115347 s
currentSize : 37 <-- 3.215642 s
currentSize : 38 <-- 3.215954 s
currentSize : 42 <-- 3.511415 s
currentSize : 44 <-- 3.661568 s
currentSize : 45 <-- 3.937955 s
currentSize : 47 <-- 4.169758 s
currentSize : 48 <-- 4.247653 s
currentSize : 53 <-- 4.248799 s
currentSize : 57 <-- 4.425128 s
currentSize : 58 <-- 4.492471 s
currentSize : 64 <-- 4.492898 s

maxsize : 64
nodes : 870235.000000
filtered : 6032134.000000
time : 4.578517
