Parameters: GAD=1 vflib=1 dir=1 label=1 lowerbound=1 fileNameGp=../graphsdb/mcs90/m2D/m2Dr2/mcs90_m2Dr2_s100.A74 fileNameGt=../graphsdb/mcs90/m2D/m2Dr2/mcs90_m2Dr2_s100.B74
Reading graphs...
100 : 200
100 : 199
Initializing...
maxdom : 8
D->valSize : 414
Solving...
Blb : 2 (clique : 75)
currentSize : 75 <-- 0.007860 s
currentSize : 77 <-- 0.008572 s
currentSize : 78 <-- 0.050805 s
currentSize : 80 <-- 0.749802 s
currentSize : 81 <-- 0.760681 s

maxsize : 81
nodes : 304385.000000
filtered : 1336814.000000
time : 1.722119
