Parameters: GAD=1 vflib=1 dir=1 label=1 lowerbound=1 fileNameGp=../graphsdb/mcs90/m2D/m2D/mcs90_m2D_s100.A83 fileNameGt=../graphsdb/mcs90/m2D/m2D/mcs90_m2D_s100.B83
Reading graphs...
100 : 180
100 : 180
Initializing...
maxdom : 6
D->valSize : 362
Solving...
Blb : 3 (clique : 62)
currentSize : 62 <-- 0.004155 s
currentSize : 63 <-- 0.005492 s
currentSize : 64 <-- 0.006496 s
currentSize : 66 <-- 0.007700 s
currentSize : 67 <-- 0.008309 s
currentSize : 68 <-- 0.010267 s
currentSize : 69 <-- 0.016847 s
currentSize : 70 <-- 0.017030 s
currentSize : 71 <-- 0.017388 s
currentSize : 72 <-- 63.855438 s
currentSize : 73 <-- 63.856453 s
currentSize : 74 <-- 63.857334 s
currentSize : 75 <-- 63.858177 s
currentSize : 76 <-- 63.859131 s
currentSize : 78 <-- 100.082550 s
currentSize : 80 <-- 100.082809 s
currentSize : 81 <-- 100.506462 s

maxsize : 81
nodes : 20782590.000000
filtered : 74475136.000000
time : 105.574127
