Parameters: GAD=1 vflib=1 dir=1 label=1 lowerbound=1 fileNameGp=../graphsdb/mcs90/m2D/m2D/mcs90_m2D_s80.A25 fileNameGt=../graphsdb/mcs90/m2D/m2D/mcs90_m2D_s80.B25
Reading graphs...
80 : 142
80 : 142
Initializing...
maxdom : 8
D->valSize : 467
Solving...
Blb : 2 (clique : 32)
currentSize : 32 <-- 0.007994 s
currentSize : 51 <-- 0.008466 s
currentSize : 52 <-- 0.008551 s
currentSize : 53 <-- 0.019598 s
currentSize : 58 <-- 0.280487 s
currentSize : 64 <-- 11.720626 s

maxsize : 64
nodes : 2536249.000000
filtered : 15079681.000000
time : 12.780199
