Parameters: GAD=1 vflib=1 dir=1 label=1 lowerbound=1 fileNameGp=../graphsdb/mcs90/bvg/b03m/mcs90_b03m_s80.A01 fileNameGt=../graphsdb/mcs90/bvg/b03m/mcs90_b03m_s80.B01
Reading graphs...
80 : 120
80 : 120
Initializing...
maxdom : 10
D->valSize : 456
Solving...
Blb : 3 (clique : 63)
currentSize : 63 <-- 0.009456 s
currentSize : 64 <-- 0.010322 s
currentSize : 65 <-- 0.010849 s
currentSize : 69 <-- 0.011672 s
currentSize : 72 <-- 0.014036 s

maxsize : 72
nodes : 2003.000000
filtered : 11323.000000
time : 0.019467
