Parameters: GAD=1 vflib=1 dir=1 label=1 lowerbound=1 fileNameGp=../graphsdb/mcs90/m2D/m2Dr2/mcs90_m2Dr2_s80.A96 fileNameGt=../graphsdb/mcs90/m2D/m2Dr2/mcs90_m2Dr2_s80.B96
Reading graphs...
80 : 158
80 : 158
Initializing...
maxdom : 11
D->valSize : 474
Solving...
Blb : 2 (clique : 51)
currentSize : 51 <-- 0.005078 s
currentSize : 53 <-- 0.005390 s
currentSize : 56 <-- 0.008738 s
currentSize : 59 <-- 0.011012 s
currentSize : 61 <-- 0.173371 s
currentSize : 64 <-- 0.175773 s

maxsize : 64
nodes : 568627.000000
filtered : 2084777.000000
time : 2.368890
