Parameters: GAD=1 vflib=1 dir=1 label=1 lowerbound=1 fileNameGp=../graphsdb/mcs90/bvg/b09/mcs90_b09_s90.A10 fileNameGt=../graphsdb/mcs90/bvg/b09/mcs90_b09_s90.B10
Reading graphs...
90 : 405
90 : 405
Initializing...
maxdom : 10
D->valSize : 546
Solving...
Blb : 2 (clique : 50)
currentSize : 50 <-- 0.006174 s
currentSize : 51 <-- 0.037282 s
currentSize : 56 <-- 0.868830 s
currentSize : 57 <-- 0.870540 s
currentSize : 58 <-- 1.644565 s
currentSize : 66 <-- 1.686170 s
currentSize : 69 <-- 1.691048 s
currentSize : 80 <-- 1.693841 s

maxsize : 80
nodes : 338914.000000
filtered : 1992554.000000
time : 1.695381
