Parameters: GAD=1 vflib=1 dir=1 label=1 lowerbound=1 fileNameGp=../graphsdb/mcs90/m2D/m2Dr4/mcs90_m2Dr4_s80.A97 fileNameGt=../graphsdb/mcs90/m2D/m2Dr4/mcs90_m2Dr4_s80.B97
Reading graphs...
80 : 174
80 : 172
Initializing...
maxdom : 10
D->valSize : 456
Solving...
Blb : 3 (clique : 48)
currentSize : 48 <-- 0.007901 s
currentSize : 50 <-- 0.009315 s
currentSize : 51 <-- 0.009639 s
currentSize : 54 <-- 0.013153 s
currentSize : 58 <-- 0.013449 s
currentSize : 59 <-- 1.688519 s
currentSize : 61 <-- 2.517158 s
currentSize : 64 <-- 9.423506 s

maxsize : 64
nodes : 2660531.000000
filtered : 15034478.000000
time : 12.236600
