Parameters: GAD=1 vflib=1 dir=1 label=1 lowerbound=1 fileNameGp=../graphsdb/mcs90/m2D/m2Dr6/mcs90_m2Dr6_s100.A34 fileNameGt=../graphsdb/mcs90/m2D/m2Dr6/mcs90_m2Dr6_s100.B34
Reading graphs...
100 : 240
100 : 239
Initializing...
maxdom : 7
D->valSize : 370
Solving...
Blb : 2 (clique : 70)
currentSize : 70 <-- 0.004094 s
currentSize : 73 <-- 0.004752 s
currentSize : 76 <-- 0.009320 s
currentSize : 77 <-- 0.024427 s
currentSize : 81 <-- 0.024722 s

maxsize : 81
nodes : 7374.000000
filtered : 27276.000000
time : 0.039202
