Parameters: GAD=1 vflib=1 dir=1 label=1 lowerbound=1 fileNameGp=../graphsdb/mcs90/m2D/m2D/mcs90_m2D_s60.A74 fileNameGt=../graphsdb/mcs90/m2D/m2D/mcs90_m2D_s60.B74
Reading graphs...
60 : 104
60 : 104
Initializing...
maxdom : 8
D->valSize : 252
Solving...
Blb : 2 (clique : 42)
currentSize : 42 <-- 0.001890 s
currentSize : 44 <-- 0.002113 s
currentSize : 45 <-- 0.004097 s
currentSize : 48 <-- 0.004171 s
currentSize : 49 <-- 0.004444 s

maxsize : 49
nodes : 1395.000000
filtered : 4597.000000
time : 0.006386
