Parameters: GAD=1 vflib=1 dir=1 label=1 lowerbound=1 fileNameGp=../graphsdb/mcs90/m2D/m2Dr6/mcs90_m2Dr6_s80.A30 fileNameGt=../graphsdb/mcs90/m2D/m2Dr6/mcs90_m2Dr6_s80.B30
Reading graphs...
80 : 190
80 : 188
Initializing...
maxdom : 10
D->valSize : 477
Solving...
Blb : 2 (clique : 47)
currentSize : 47 <-- 0.008331 s
currentSize : 54 <-- 0.008779 s
currentSize : 57 <-- 0.009069 s
currentSize : 61 <-- 0.009424 s
currentSize : 63 <-- 0.595318 s
currentSize : 64 <-- 0.595981 s

maxsize : 64
nodes : 162494.000000
filtered : 1364596.000000
time : 0.928315
