Parameters: GAD=1 vflib=1 dir=1 label=1 lowerbound=1 fileNameGp=../graphsdb/mcs90/m2D/m2Dr6/mcs90_m2Dr6_s20.A50 fileNameGt=../graphsdb/mcs90/m2D/m2Dr6/mcs90_m2Dr6_s20.B50
Reading graphs...
20 : 43
20 : 43
Initializing...
maxdom : 7
D->valSize : 112
Solving...
Blb : 2 (clique : 9)
currentSize : 9 <-- 0.000549 s
currentSize : 10 <-- 0.000655 s
currentSize : 11 <-- 0.001031 s
currentSize : 14 <-- 0.001171 s
currentSize : 16 <-- 0.001187 s

maxsize : 16
nodes : 271.000000
filtered : 2431.000000
time : 0.001257
