Parameters: GAD=1 vflib=1 dir=1 label=1 lowerbound=1 fileNameGp=../graphsdb/mcs90/m2D/m2Dr4/mcs90_m2Dr4_s90.A18 fileNameGt=../graphsdb/mcs90/m2D/m2Dr4/mcs90_m2Dr4_s90.B18
Reading graphs...
90 : 197
90 : 197
Initializing...
maxdom : 9
D->valSize : 544
Solving...
Blb : 3 (clique : 65)
currentSize : 65 <-- 0.011069 s
currentSize : 66 <-- 0.015728 s
currentSize : 67 <-- 0.016544 s
currentSize : 70 <-- 0.130829 s
currentSize : 73 <-- 0.163655 s
currentSize : 74 <-- 0.173072 s
currentSize : 76 <-- 0.193691 s
currentSize : 78 <-- 0.194315 s
currentSize : 81 <-- 0.194802 s

maxsize : 81
nodes : 19570.000000
filtered : 141837.000000
time : 0.199366
