Parameters: GAD=1 vflib=1 dir=1 label=1 lowerbound=1 fileNameGp=../graphsdb/mcs90/m4D/m4D/mcs90_m4D_s100.A13 fileNameGt=../graphsdb/mcs90/m4D/m4D/mcs90_m4D_s100.B13
Reading graphs...
100 : 223
100 : 223
Initializing...
maxdom : 6
D->valSize : 377
Solving...
Blb : 2 (clique : 68)
currentSize : 68 <-- 0.004663 s
currentSize : 69 <-- 0.007993 s
currentSize : 70 <-- 0.020492 s
currentSize : 72 <-- 0.032409 s
currentSize : 73 <-- 0.033145 s
currentSize : 74 <-- 0.044967 s
currentSize : 76 <-- 0.119083 s
currentSize : 77 <-- 0.120011 s
currentSize : 78 <-- 0.131008 s
currentSize : 79 <-- 0.342482 s
currentSize : 80 <-- 0.360136 s
currentSize : 81 <-- 0.361213 s

maxsize : 81
nodes : 406868.000000
filtered : 431168.000000
time : 1.608919
