Parameters: GAD=1 vflib=1 dir=1 label=1 lowerbound=1 fileNameGp=../graphsdb/mcs90/bvg/b03/mcs90_b03_s100.A33 fileNameGt=../graphsdb/mcs90/bvg/b03/mcs90_b03_s100.B33
Reading graphs...
100 : 150
100 : 150
Initializing...
maxdom : 8
D->valSize : 435
Solving...
Blb : 2 (clique : 76)
currentSize : 76 <-- 0.008697 s
currentSize : 77 <-- 0.010342 s
currentSize : 80 <-- 0.010915 s
currentSize : 83 <-- 0.011784 s
currentSize : 85 <-- 0.012156 s
currentSize : 90 <-- 0.012739 s

maxsize : 90
nodes : 870.000000
filtered : 2231.000000
time : 0.013940
