Parameters: GAD=1 vflib=1 dir=1 label=1 lowerbound=1 fileNameGp=../graphsdb/mcs90/bvg/b03/mcs90_b03_s80.A30 fileNameGt=../graphsdb/mcs90/bvg/b03/mcs90_b03_s80.B30
Reading graphs...
80 : 120
80 : 120
Initializing...
maxdom : 9
D->valSize : 445
Solving...
Blb : 2 (clique : 51)
currentSize : 51 <-- 0.004760 s
currentSize : 52 <-- 0.005139 s
currentSize : 53 <-- 0.011660 s
currentSize : 54 <-- 0.014007 s
currentSize : 55 <-- 0.014456 s
currentSize : 56 <-- 0.029329 s
currentSize : 57 <-- 0.033402 s
currentSize : 59 <-- 0.037144 s
currentSize : 60 <-- 0.039199 s
currentSize : 61 <-- 0.039394 s
currentSize : 62 <-- 0.040809 s
currentSize : 64 <-- 0.051127 s
currentSize : 65 <-- 0.051400 s
currentSize : 67 <-- 0.051528 s
currentSize : 68 <-- 0.054839 s
currentSize : 72 <-- 0.055060 s

maxsize : 72
nodes : 14479.000000
filtered : 42184.000000
time : 0.059261
