Parameters: GAD=1 vflib=1 dir=1 label=1 lowerbound=1 fileNameGp=../graphsdb/mcs90/bvg/b06/mcs90_b06_s90.A57 fileNameGt=../graphsdb/mcs90/bvg/b06/mcs90_b06_s90.B57
Reading graphs...
90 : 270
90 : 270
Initializing...
maxdom : 9
D->valSize : 553
Solving...
Blb : 2 (clique : 55)
currentSize : 55 <-- 0.010994 s
currentSize : 59 <-- 0.011598 s
currentSize : 61 <-- 0.011871 s
currentSize : 67 <-- 0.012245 s
currentSize : 70 <-- 0.012634 s
currentSize : 73 <-- 0.012936 s
currentSize : 81 <-- 0.015865 s

maxsize : 81
nodes : 4825.000000
filtered : 30168.000000
time : 0.055879
