Parameters: GAD=1 vflib=1 dir=1 label=1 lowerbound=1 fileNameGp=../graphsdb/mcs90/m4D/m4Dr4/mcs90_m4Dr4_s100.A73 fileNameGt=../graphsdb/mcs90/m4D/m4Dr4/mcs90_m4Dr4_s100.B73
Reading graphs...
100 : 263
100 : 263
Initializing...
maxdom : 8
D->valSize : 416
Solving...
Blb : 3 (clique : 58)
currentSize : 58 <-- 0.004718 s
currentSize : 59 <-- 8.580349 s
currentSize : 60 <-- 8.580817 s
currentSize : 61 <-- 8.604187 s
currentSize : 62 <-- 25.101992 s
currentSize : 64 <-- 25.114063 s
currentSize : 66 <-- 67.702957 s
currentSize : 67 <-- 67.747475 s
currentSize : 68 <-- 111.514885 s
currentSize : 70 <-- 111.527191 s
currentSize : 71 <-- 268.640228 s
currentSize : 73 <-- 268.640472 s
currentSize : 74 <-- 268.664062 s
currentSize : 75 <-- 329.384491 s
currentSize : 77 <-- 329.390381 s
currentSize : 78 <-- 353.323151 s
currentSize : 79 <-- 353.347260 s
currentSize : 80 <-- 366.627441 s
currentSize : 81 <-- 367.190613 s

maxsize : 81
nodes : 83350522.000000
filtered : 228977767.000000
time : 375.974030
