Parameters: GAD=1 vflib=1 dir=1 label=1 lowerbound=1 fileNameGp=../graphsdb/mcs90/bvg/b06/mcs90_b06_s90.A73 fileNameGt=../graphsdb/mcs90/bvg/b06/mcs90_b06_s90.B73
Reading graphs...
90 : 270
90 : 270
Initializing...
maxdom : 12
D->valSize : 581
Solving...
Blb : 2 (clique : 63)
currentSize : 63 <-- 0.012057 s
currentSize : 64 <-- 0.013271 s
currentSize : 65 <-- 0.014190 s
currentSize : 66 <-- 0.015240 s
currentSize : 67 <-- 0.016083 s
currentSize : 68 <-- 0.017137 s
currentSize : 72 <-- 0.017764 s
currentSize : 73 <-- 0.019522 s
currentSize : 80 <-- 0.024847 s
currentSize : 81 <-- 0.027646 s

maxsize : 81
nodes : 4455.000000
filtered : 28281.000000
time : 0.057614
