Parameters: GAD=1 vflib=1 dir=1 label=1 lowerbound=1 fileNameGp=../graphsdb/mcs90/m2D/m2D/mcs90_m2D_s70.A10 fileNameGt=../graphsdb/mcs90/m2D/m2D/mcs90_m2D_s70.B10
Reading graphs...
70 : 123
70 : 123
Initializing...
maxdom : 10
D->valSize : 417
Solving...
Blb : 2 (clique : 50)
currentSize : 50 <-- 0.003942 s
currentSize : 53 <-- 0.004348 s
currentSize : 55 <-- 0.004588 s
currentSize : 59 <-- 0.005879 s
currentSize : 64 <-- 0.013364 s

maxsize : 64
nodes : 2453.000000
filtered : 11339.000000
time : 0.013646
