Parameters: GAD=1 vflib=1 dir=1 label=1 lowerbound=1 fileNameGp=../graphsdb/mcs90/m2D/m2Dr2/mcs90_m2Dr2_s100.A45 fileNameGt=../graphsdb/mcs90/m2D/m2Dr2/mcs90_m2Dr2_s100.B45
Reading graphs...
100 : 200
100 : 200
Initializing...
maxdom : 7
D->valSize : 378
Solving...
Blb : 2 (clique : 65)
currentSize : 65 <-- 0.004449 s
currentSize : 66 <-- 0.005274 s
currentSize : 70 <-- 0.005448 s
currentSize : 71 <-- 0.006294 s
currentSize : 74 <-- 0.007653 s
currentSize : 75 <-- 0.009289 s
currentSize : 77 <-- 1.599638 s
currentSize : 79 <-- 1.600235 s
currentSize : 81 <-- 1.600455 s

maxsize : 81
nodes : 479402.000000
filtered : 1700501.000000
time : 2.372325
