Parameters: GAD=1 vflib=1 dir=1 label=1 lowerbound=1 fileNameGp=../graphsdb/mcs90/m2D/m2Dr4/mcs90_m2Dr4_s80.A02 fileNameGt=../graphsdb/mcs90/m2D/m2Dr4/mcs90_m2Dr4_s80.B02
Reading graphs...
80 : 174
80 : 174
Initializing...
maxdom : 8
D->valSize : 448
Solving...
Blb : 2 (clique : 52)
currentSize : 52 <-- 0.004837 s
currentSize : 54 <-- 0.005877 s
currentSize : 57 <-- 0.016430 s
currentSize : 58 <-- 0.016627 s
currentSize : 59 <-- 0.017089 s
currentSize : 60 <-- 0.160127 s
currentSize : 61 <-- 1.781566 s
currentSize : 63 <-- 1.781834 s
currentSize : 64 <-- 1.892118 s

maxsize : 64
nodes : 660874.000000
filtered : 3362656.000000
time : 2.988967
