Parameters: GAD=1 vflib=1 dir=1 label=1 lowerbound=1 fileNameGp=../graphsdb/mcs90/bvg/b03/mcs90_b03_s50.A10 fileNameGt=../graphsdb/mcs90/bvg/b03/mcs90_b03_s50.B10
Reading graphs...
50 : 75
50 : 75
Initializing...
maxdom : 8
D->valSize : 334
Solving...
Blb : 2 (clique : 35)
currentSize : 35 <-- 0.004755 s
currentSize : 36 <-- 0.005232 s
currentSize : 37 <-- 0.005617 s
currentSize : 42 <-- 0.006239 s
currentSize : 44 <-- 0.007278 s

maxsize : 44
nodes : 574.000000
filtered : 3134.000000
time : 0.007898
