Parameters: GAD=1 vflib=1 dir=1 label=1 lowerbound=1 fileNameGp=../graphsdb/mcs90/bvg/b03m/mcs90_b03m_s90.A06 fileNameGt=../graphsdb/mcs90/bvg/b03m/mcs90_b03m_s90.B06
Reading graphs...
90 : 135
90 : 135
Initializing...
maxdom : 11
D->valSize : 684
Solving...
Blb : 2 (clique : 69)
currentSize : 69 <-- 0.009655 s
currentSize : 70 <-- 0.010273 s
currentSize : 75 <-- 0.011093 s
currentSize : 76 <-- 0.011560 s
currentSize : 79 <-- 0.017118 s
currentSize : 80 <-- 0.021618 s

maxsize : 80
nodes : 61327.000000
filtered : 490934.000000
time : 0.346582
