Parameters: GAD=1 vflib=1 dir=1 label=1 lowerbound=1 fileNameGp=../graphsdb/mcs90/m4D/m4Dr6/mcs90_m4Dr6_s100.A26 fileNameGt=../graphsdb/mcs90/m4D/m4Dr6/mcs90_m4Dr6_s100.B26
Reading graphs...
100 : 283
100 : 281
Initializing...
maxdom : 7
D->valSize : 396
Solving...
Blb : 2 (clique : 68)
currentSize : 68 <-- 0.007233 s
currentSize : 70 <-- 0.007945 s
currentSize : 72 <-- 0.008177 s
currentSize : 74 <-- 0.009452 s
currentSize : 77 <-- 0.010164 s
currentSize : 79 <-- 0.010426 s
currentSize : 81 <-- 0.026127 s

maxsize : 81
nodes : 7604.000000
filtered : 36885.000000
time : 0.080071
