Parameters: GAD=1 vflib=1 dir=1 label=1 lowerbound=1 fileNameGp=../graphsdb/mcs90/m3D/m3D/mcs90_m3D_s80.A84 fileNameGt=../graphsdb/mcs90/m3D/m3D/mcs90_m3D_s80.B84
Reading graphs...
80 : 184
80 : 184
Initializing...
maxdom : 11
D->valSize : 456
Solving...
Blb : 2 (clique : 38)
currentSize : 38 <-- 0.007710 s
currentSize : 39 <-- 0.049174 s
currentSize : 41 <-- 0.049462 s
currentSize : 42 <-- 0.697369 s
currentSize : 44 <-- 0.697517 s
currentSize : 45 <-- 1.014772 s
currentSize : 46 <-- 1.743954 s
currentSize : 47 <-- 3.472019 s
currentSize : 49 <-- 3.472834 s
currentSize : 51 <-- 3.641157 s
currentSize : 52 <-- 3.802140 s
currentSize : 54 <-- 4.070240 s
currentSize : 56 <-- 4.120472 s
currentSize : 59 <-- 4.121150 s
currentSize : 60 <-- 4.279610 s
currentSize : 64 <-- 4.293676 s

maxsize : 64
nodes : 836124.000000
filtered : 4533397.000000
time : 4.380336
