Parameters: GAD=1 vflib=1 dir=1 label=1 lowerbound=1 fileNameGp=../graphsdb/mcs90/m4D/m4Dr2/mcs90_m4Dr2_s100.A34 fileNameGt=../graphsdb/mcs90/m4D/m4Dr2/mcs90_m4Dr2_s100.B34
Reading graphs...
100 : 243
100 : 242
Initializing...
maxdom : 8
D->valSize : 394
Solving...
Blb : 3 (clique : 74)
currentSize : 74 <-- 0.007474 s
currentSize : 75 <-- 1.830126 s
currentSize : 76 <-- 1.856526 s
currentSize : 77 <-- 69.174515 s
currentSize : 78 <-- 69.212097 s
currentSize : 79 <-- 69.212784 s
currentSize : 80 <-- 69.214050 s
currentSize : 81 <-- 69.224182 s

maxsize : 81
nodes : 32490805.000000
filtered : 69090921.000000
time : 146.805283
