Parameters: GAD=1 vflib=1 dir=1 label=1 lowerbound=1 fileNameGp=../graphsdb/mcs90/m2D/m2D/mcs90_m2D_s60.A91 fileNameGt=../graphsdb/mcs90/m2D/m2D/mcs90_m2D_s60.B91
Reading graphs...
60 : 104
60 : 104
Initializing...
maxdom : 8
D->valSize : 268
Solving...
Blb : 3 (clique : 39)
currentSize : 39 <-- 0.002070 s
currentSize : 40 <-- 0.002673 s
currentSize : 42 <-- 0.003959 s
currentSize : 46 <-- 0.007940 s
currentSize : 49 <-- 0.008277 s

maxsize : 49
nodes : 2078.000000
filtered : 5860.000000
time : 0.008682
