Parameters: GAD=1 vflib=1 dir=1 label=1 lowerbound=1 fileNameGp=../graphsdb/mcs90/bvg/b03m/mcs90_b03m_s80.A60 fileNameGt=../graphsdb/mcs90/bvg/b03m/mcs90_b03m_s80.B60
Reading graphs...
80 : 120
80 : 120
Initializing...
maxdom : 9
D->valSize : 453
Solving...
Blb : 2 (clique : 65)
currentSize : 65 <-- 0.004894 s
currentSize : 68 <-- 0.005311 s
currentSize : 69 <-- 0.006190 s
currentSize : 70 <-- 0.022088 s
currentSize : 72 <-- 0.022411 s

maxsize : 72
nodes : 7292.000000
filtered : 54417.000000
time : 0.042052
