Parameters: GAD=1 vflib=1 dir=1 label=1 lowerbound=1 fileNameGp=../graphsdb/mcs90/m2D/m2D/mcs90_m2D_s60.A79 fileNameGt=../graphsdb/mcs90/m2D/m2D/mcs90_m2D_s60.B79
Reading graphs...
60 : 104
60 : 104
Initializing...
maxdom : 6
D->valSize : 263
Solving...
Blb : 3 (clique : 34)
currentSize : 34 <-- 0.001947 s
currentSize : 35 <-- 0.003728 s
currentSize : 37 <-- 0.003873 s
currentSize : 42 <-- 0.010667 s
currentSize : 43 <-- 0.011598 s
currentSize : 45 <-- 0.022511 s
currentSize : 49 <-- 0.022688 s
currentSize : 50 <-- 0.024203 s

maxsize : 50
nodes : 5953.000000
filtered : 31107.000000
time : 0.026224
