Parameters: GAD=1 vflib=1 dir=1 label=1 lowerbound=1 fileNameGp=../graphsdb/mcs90/bvg/b03/mcs90_b03_s40.A40 fileNameGt=../graphsdb/mcs90/bvg/b03/mcs90_b03_s40.B40
Reading graphs...
40 : 60
40 : 60
Initializing...
maxdom : 8
D->valSize : 230
Solving...
Blb : 2 (clique : 24)
currentSize : 24 <-- 0.001460 s
currentSize : 27 <-- 0.001615 s
currentSize : 29 <-- 0.003157 s
currentSize : 30 <-- 0.004989 s
currentSize : 31 <-- 0.005907 s
currentSize : 36 <-- 0.006679 s

maxsize : 36
nodes : 1724.000000
filtered : 10225.000000
time : 0.006776
