Parameters: GAD=1 vflib=1 dir=1 label=1 lowerbound=1 fileNameGp=../graphsdb/mcs90/bvg/b03/mcs90_b03_s60.A50 fileNameGt=../graphsdb/mcs90/bvg/b03/mcs90_b03_s60.B50
Reading graphs...
60 : 90
60 : 90
Initializing...
maxdom : 7
D->valSize : 280
Solving...
Blb : 2 (clique : 42)
currentSize : 42 <-- 0.002279 s
currentSize : 46 <-- 0.002520 s
currentSize : 49 <-- 0.002816 s
currentSize : 50 <-- 0.003573 s
currentSize : 54 <-- 0.003847 s

maxsize : 54
nodes : 639.000000
filtered : 1910.000000
time : 0.004041
