Parameters: GAD=1 vflib=1 dir=1 label=1 lowerbound=1 fileNameGp=../graphsdb/mcs90/m3D/m3Dr2/mcs90_m3Dr2_s80.A25 fileNameGt=../graphsdb/mcs90/m3D/m3Dr2/mcs90_m3Dr2_s80.B25
Reading graphs...
80 : 200
80 : 200
Initializing...
maxdom : 9
D->valSize : 465
Solving...
Blb : 2 (clique : 52)
currentSize : 52 <-- 0.004874 s
currentSize : 55 <-- 0.005199 s
currentSize : 57 <-- 0.005322 s
currentSize : 58 <-- 0.006087 s
currentSize : 60 <-- 0.006282 s
currentSize : 63 <-- 0.006404 s
currentSize : 64 <-- 0.007375 s

maxsize : 64
nodes : 261626.000000
filtered : 1359167.000000
time : 1.231388
