Parameters: GAD=1 vflib=1 dir=1 label=1 lowerbound=1 fileNameGp=../graphsdb/mcs90/bvg/b09m/mcs90_b09m_s50.A22 fileNameGt=../graphsdb/mcs90/bvg/b09m/mcs90_b09m_s50.B22
Reading graphs...
50 : 225
50 : 225
Initializing...
maxdom : 10
D->valSize : 361
Solving...
Blb : 3 (clique : 21)
currentSize : 21 <-- 0.002605 s
currentSize : 22 <-- 0.004643 s
currentSize : 28 <-- 0.004808 s
currentSize : 30 <-- 0.006333 s
currentSize : 32 <-- 0.007217 s
currentSize : 44 <-- 0.007405 s

maxsize : 44
nodes : 1171.000000
filtered : 16274.000000
time : 0.007780
