Parameters: GAD=1 vflib=1 dir=1 label=1 lowerbound=1 fileNameGp=../graphsdb/mcs90/m4D/m4Dr6/mcs90_m4Dr6_s20.A75 fileNameGt=../graphsdb/mcs90/m4D/m4Dr6/mcs90_m4Dr6_s20.B75
Reading graphs...
20 : 49
20 : 48
Initializing...
maxdom : 7
D->valSize : 99
Solving...
Blb : 2 (clique : 7)
currentSize : 7 <-- 0.000452 s
currentSize : 8 <-- 0.000573 s
currentSize : 9 <-- 0.000797 s
currentSize : 15 <-- 0.001058 s
currentSize : 16 <-- 0.001136 s

maxsize : 16
nodes : 293.000000
filtered : 2443.000000
time : 0.001222
