Parameters: GAD=1 vflib=1 dir=1 label=1 lowerbound=1 fileNameGp=../graphsdb/mcs90/m4D/m4D/mcs90_m4D_s100.A98 fileNameGt=../graphsdb/mcs90/m4D/m4D/mcs90_m4D_s100.B98
Reading graphs...
100 : 223
100 : 223
Initializing...
maxdom : 10
D->valSize : 407
Solving...
Blb : 2 (clique : 68)
currentSize : 68 <-- 0.004564 s
currentSize : 69 <-- 0.040031 s
currentSize : 71 <-- 0.041372 s
currentSize : 72 <-- 0.042150 s
currentSize : 75 <-- 6.201975 s
currentSize : 78 <-- 17.940960 s
currentSize : 79 <-- 17.942669 s
currentSize : 80 <-- 17.949677 s
currentSize : 81 <-- 17.952044 s

maxsize : 81
nodes : 3819584.000000
filtered : 11597300.000000
time : 18.433472
