Parameters: GAD=1 vflib=1 dir=1 label=1 lowerbound=1 fileNameGp=../graphsdb/mcs90/bvg/b09m/mcs90_b09m_s50.A33 fileNameGt=../graphsdb/mcs90/bvg/b09m/mcs90_b09m_s50.B33
Reading graphs...
50 : 225
50 : 225
Initializing...
maxdom : 9
D->valSize : 354
Solving...
Blb : 2 (clique : 20)
currentSize : 20 <-- 0.002467 s
currentSize : 21 <-- 0.002634 s
currentSize : 27 <-- 0.002713 s
currentSize : 28 <-- 0.003397 s
currentSize : 33 <-- 0.003876 s
currentSize : 34 <-- 0.004498 s
currentSize : 44 <-- 0.004614 s

maxsize : 44
nodes : 564.000000
filtered : 7434.000000
time : 0.004903
