Parameters: GAD=1 vflib=1 dir=1 label=1 lowerbound=1 fileNameGp=../graphsdb/mcs90/m4D/m4D/mcs90_m4D_s100.A27 fileNameGt=../graphsdb/mcs90/m4D/m4D/mcs90_m4D_s100.B27
Reading graphs...
100 : 223
100 : 223
Initializing...
maxdom : 7
D->valSize : 383
Solving...
Blb : 2 (clique : 56)
currentSize : 56 <-- 0.007007 s
currentSize : 57 <-- 0.013866 s
currentSize : 58 <-- 0.089169 s
currentSize : 60 <-- 1.977631 s
currentSize : 61 <-- 1.991438 s
currentSize : 63 <-- 9.680462 s
currentSize : 65 <-- 9.707392 s
currentSize : 66 <-- 9.743760 s
currentSize : 68 <-- 9.748396 s
currentSize : 70 <-- 14.865174 s
currentSize : 73 <-- 14.866161 s
currentSize : 76 <-- 15.933484 s
currentSize : 78 <-- 16.415468 s
currentSize : 81 <-- 16.916945 s

maxsize : 81
nodes : 3593764.000000
filtered : 9866449.000000
time : 17.242922
