Parameters: GAD=1 vflib=1 dir=1 label=1 lowerbound=1 fileNameGp=../graphsdb/mcs90/m2D/m2Dr2/mcs90_m2Dr2_s80.A27 fileNameGt=../graphsdb/mcs90/m2D/m2Dr2/mcs90_m2Dr2_s80.B27
Reading graphs...
80 : 158
80 : 156
Initializing...
maxdom : 9
D->valSize : 456
Solving...
Blb : 2 (clique : 50)
currentSize : 50 <-- 0.004663 s
currentSize : 52 <-- 0.004978 s
currentSize : 53 <-- 0.005316 s
currentSize : 54 <-- 0.005706 s
currentSize : 55 <-- 0.006013 s
currentSize : 57 <-- 0.008988 s
currentSize : 58 <-- 0.009477 s
currentSize : 59 <-- 0.021640 s
currentSize : 60 <-- 0.022228 s
currentSize : 61 <-- 0.023230 s
currentSize : 62 <-- 0.024057 s
currentSize : 63 <-- 0.025640 s
currentSize : 64 <-- 0.026478 s

maxsize : 64
nodes : 71653.000000
filtered : 386190.000000
time : 0.344283
