Parameters: GAD=1 vflib=1 dir=1 label=1 lowerbound=1 fileNameGp=../graphsdb/mcs90/m2D/m2Dr4/mcs90_m2Dr4_s100.A83 fileNameGt=../graphsdb/mcs90/m2D/m2Dr4/mcs90_m2Dr4_s100.B83
Reading graphs...
100 : 220
100 : 218
Initializing...
maxdom : 6
D->valSize : 367
Solving...
Blb : 2 (clique : 65)
currentSize : 65 <-- 0.006468 s
currentSize : 69 <-- 0.007116 s
currentSize : 70 <-- 0.008861 s
currentSize : 71 <-- 2.140187 s
currentSize : 75 <-- 2.140385 s
currentSize : 76 <-- 2.141563 s
currentSize : 79 <-- 2.941353 s
currentSize : 81 <-- 2.941631 s

maxsize : 81
nodes : 711852.000000
filtered : 1828821.000000
time : 3.358378
