Parameters: GAD=1 vflib=1 dir=1 label=1 lowerbound=1 fileNameGp=../graphsdb/mcs90/m2D/m2D/mcs90_m2D_s80.A90 fileNameGt=../graphsdb/mcs90/m2D/m2D/mcs90_m2D_s80.B90
Reading graphs...
80 : 142
80 : 142
Initializing...
maxdom : 9
D->valSize : 470
Solving...
Blb : 2 (clique : 53)
currentSize : 53 <-- 0.005124 s
currentSize : 56 <-- 0.042893 s
currentSize : 58 <-- 0.509678 s
currentSize : 59 <-- 1.395529 s
currentSize : 60 <-- 2.231906 s
currentSize : 63 <-- 3.049558 s
currentSize : 64 <-- 3.049930 s

maxsize : 64
nodes : 884314.000000
filtered : 5561831.000000
time : 4.442075
