Parameters: GAD=1 vflib=1 dir=1 label=1 lowerbound=1 fileNameGp=../graphsdb/mcs90/m2D/m2D/mcs90_m2D_s100.A76 fileNameGt=../graphsdb/mcs90/m2D/m2D/mcs90_m2D_s100.B76
Reading graphs...
100 : 180
100 : 180
Initializing...
maxdom : 6
D->valSize : 360
Solving...
Blb : 2 (clique : 65)
currentSize : 65 <-- 0.003990 s
currentSize : 70 <-- 0.004388 s
currentSize : 75 <-- 0.004757 s
currentSize : 80 <-- 0.005152 s
currentSize : 81 <-- 0.006725 s

maxsize : 81
nodes : 15846.000000
filtered : 77106.000000
time : 0.096601
