Parameters: GAD=1 vflib=1 dir=1 label=1 lowerbound=1 fileNameGp=../graphsdb/mcs90/m4D/m4Dr4/mcs90_m4Dr4_s100.A81 fileNameGt=../graphsdb/mcs90/m4D/m4Dr4/mcs90_m4Dr4_s100.B81
Reading graphs...
100 : 263
100 : 262
Initializing...
maxdom : 6
D->valSize : 367
Solving...
Blb : 2 (clique : 64)
currentSize : 64 <-- 0.004044 s
currentSize : 65 <-- 0.029558 s
currentSize : 66 <-- 0.030142 s
currentSize : 67 <-- 0.043212 s
currentSize : 68 <-- 1.431084 s
currentSize : 69 <-- 1.431853 s
currentSize : 70 <-- 1.433714 s
currentSize : 71 <-- 1.433862 s
currentSize : 72 <-- 2.876779 s
currentSize : 73 <-- 2.877048 s
currentSize : 74 <-- 2.877293 s
currentSize : 75 <-- 3.114876 s
currentSize : 79 <-- 3.151308 s
currentSize : 81 <-- 3.203612 s

maxsize : 81
nodes : 650623.000000
filtered : 2637712.000000
time : 3.370638
