Parameters: GAD=1 vflib=1 dir=1 label=1 lowerbound=1 fileNameGp=../graphsdb/mcs90/bvg/b03/mcs90_b03_s100.A94 fileNameGt=../graphsdb/mcs90/bvg/b03/mcs90_b03_s100.B94
Reading graphs...
100 : 150
100 : 150
Initializing...
maxdom : 8
D->valSize : 405
Solving...
Blb : 2 (clique : 75)
currentSize : 75 <-- 0.004879 s
currentSize : 79 <-- 0.007413 s
currentSize : 80 <-- 0.007911 s
currentSize : 81 <-- 0.085291 s
currentSize : 82 <-- 0.130995 s
currentSize : 85 <-- 0.170621 s
currentSize : 86 <-- 0.171441 s
currentSize : 90 <-- 0.204572 s

maxsize : 90
nodes : 42059.000000
filtered : 120592.000000
time : 0.207202
