Parameters: GAD=1 vflib=1 dir=1 label=1 lowerbound=1 fileNameGp=../graphsdb/mcs90/m2D/m2D/mcs90_m2D_s60.A70 fileNameGt=../graphsdb/mcs90/m2D/m2D/mcs90_m2D_s60.B70
Reading graphs...
60 : 104
60 : 104
Initializing...
maxdom : 6
D->valSize : 247
Solving...
Blb : 2 (clique : 24)
currentSize : 24 <-- 0.002872 s
currentSize : 26 <-- 0.003091 s
currentSize : 29 <-- 0.003158 s
currentSize : 34 <-- 0.032047 s
currentSize : 35 <-- 0.034073 s
currentSize : 36 <-- 0.099467 s
currentSize : 39 <-- 0.104201 s
currentSize : 40 <-- 0.138461 s
currentSize : 44 <-- 0.143110 s
currentSize : 45 <-- 0.148909 s
currentSize : 49 <-- 0.149238 s

maxsize : 49
nodes : 23359.000000
filtered : 88555.000000
time : 0.149901
