Parameters: GAD=1 vflib=1 dir=1 label=1 lowerbound=1 fileNameGp=../graphsdb/mcs90/m2D/m2Dr6/mcs90_m2Dr6_s70.A15 fileNameGt=../graphsdb/mcs90/m2D/m2Dr6/mcs90_m2Dr6_s70.B15
Reading graphs...
70 : 165
70 : 162
Initializing...
maxdom : 10
D->valSize : 393
Solving...
Blb : 2 (clique : 41)
currentSize : 41 <-- 0.003613 s
currentSize : 42 <-- 0.004155 s
currentSize : 43 <-- 0.004254 s
currentSize : 45 <-- 0.005973 s
currentSize : 49 <-- 0.022397 s
currentSize : 56 <-- 0.034115 s
currentSize : 64 <-- 0.035256 s

maxsize : 64
nodes : 7407.000000
filtered : 46758.000000
time : 0.035545
