Parameters: GAD=1 vflib=1 dir=1 label=1 lowerbound=1 fileNameGp=../graphsdb/mcs90/rand/r02/mcs90_r02_s35.A87 fileNameGt=../graphsdb/mcs90/rand/r02/mcs90_r02_s35.B87
Reading graphs...
35 : 237
35 : 237
Initializing...
maxdom : 7
D->valSize : 172
Solving...
Blb : 2 (clique : 7)
currentSize : 7 <-- 0.001035 s
currentSize : 8 <-- 0.001110 s
currentSize : 9 <-- 0.001201 s
currentSize : 13 <-- 0.001440 s
currentSize : 31 <-- 0.001980 s

maxsize : 31
nodes : 291.000000
filtered : 3384.000000
time : 0.002112
