Parameters: GAD=1 vflib=1 dir=1 label=1 lowerbound=1 fileNameGp=../graphsdb/mcs90/m2D/m2Dr2/mcs90_m2Dr2_s40.A65 fileNameGt=../graphsdb/mcs90/m2D/m2Dr2/mcs90_m2Dr2_s40.B65
Reading graphs...
40 : 75
40 : 75
Initializing...
maxdom : 9
D->valSize : 235
Solving...
Blb : 2 (clique : 30)
currentSize : 30 <-- 0.001700 s
currentSize : 32 <-- 0.001830 s
currentSize : 33 <-- 0.002028 s
currentSize : 35 <-- 0.002110 s
currentSize : 36 <-- 0.002375 s

maxsize : 36
nodes : 783.000000
filtered : 4366.000000
time : 0.004235
