Parameters: GAD=1 vflib=1 dir=1 label=1 lowerbound=1 fileNameGp=../graphsdb/mcs90/m2D/m2Dr2/mcs90_m2Dr2_s80.A34 fileNameGt=../graphsdb/mcs90/m2D/m2Dr2/mcs90_m2Dr2_s80.B34
Reading graphs...
80 : 158
80 : 158
Initializing...
maxdom : 8
D->valSize : 434
Solving...
Blb : 2 (clique : 54)
currentSize : 54 <-- 0.004511 s
currentSize : 55 <-- 0.005012 s
currentSize : 56 <-- 0.987352 s
currentSize : 58 <-- 2.624160 s
currentSize : 63 <-- 2.727766 s
currentSize : 64 <-- 2.915431 s
currentSize : 65 <-- 2.916513 s

maxsize : 65
nodes : 722677.000000
filtered : 4098445.000000
time : 3.543124
