Parameters: GAD=1 vflib=1 dir=1 label=1 lowerbound=1 fileNameGp=../graphsdb/mcs90/m2D/m2Dr2/mcs90_m2Dr2_s100.A97 fileNameGt=../graphsdb/mcs90/m2D/m2Dr2/mcs90_m2Dr2_s100.B97
Reading graphs...
100 : 200
100 : 200
Initializing...
maxdom : 7
D->valSize : 390
Solving...
Blb : 2 (clique : 67)
currentSize : 67 <-- 0.007136 s
currentSize : 68 <-- 0.009329 s
currentSize : 69 <-- 0.011942 s
currentSize : 70 <-- 0.014308 s
currentSize : 72 <-- 0.021537 s
currentSize : 73 <-- 0.022486 s
currentSize : 74 <-- 0.023636 s
currentSize : 75 <-- 0.026001 s
currentSize : 76 <-- 0.027384 s
currentSize : 78 <-- 0.041105 s
currentSize : 79 <-- 0.042467 s
currentSize : 80 <-- 0.045431 s
currentSize : 81 <-- 0.047041 s

maxsize : 81
nodes : 41608.000000
filtered : 181419.000000
time : 0.262813
