Parameters: GAD=1 vflib=1 dir=1 label=1 lowerbound=1 fileNameGp=../graphsdb/mcs90/m2D/m2D/mcs90_m2D_s90.A06 fileNameGt=../graphsdb/mcs90/m2D/m2D/mcs90_m2D_s90.B06
Reading graphs...
90 : 161
90 : 161
Initializing...
maxdom : 9
D->valSize : 583
Solving...
Blb : 2 (clique : 69)
currentSize : 69 <-- 0.007229 s
currentSize : 72 <-- 0.007753 s
currentSize : 76 <-- 0.008378 s
currentSize : 77 <-- 0.018371 s
currentSize : 81 <-- 0.018630 s

maxsize : 81
nodes : 15209.000000
filtered : 114272.000000
time : 0.094693
