Parameters: GAD=1 vflib=1 dir=1 label=1 lowerbound=1 fileNameGp=../graphsdb/mcs90/m2D/m2D/mcs90_m2D_s60.A01 fileNameGt=../graphsdb/mcs90/m2D/m2D/mcs90_m2D_s60.B01
Reading graphs...
60 : 104
60 : 104
Initializing...
maxdom : 8
D->valSize : 296
Solving...
Blb : 2 (clique : 39)
currentSize : 39 <-- 0.002449 s
currentSize : 43 <-- 0.002745 s
currentSize : 44 <-- 0.002924 s
currentSize : 47 <-- 0.003074 s
currentSize : 49 <-- 0.003188 s

maxsize : 49
nodes : 678.000000
filtered : 3659.000000
time : 0.004906
