Parameters: GAD=1 vflib=1 dir=1 label=1 lowerbound=1 fileNameGp=../graphsdb/mcs90/m2D/m2D/mcs90_m2D_s70.A28 fileNameGt=../graphsdb/mcs90/m2D/m2D/mcs90_m2D_s70.B28
Reading graphs...
70 : 123
70 : 123
Initializing...
maxdom : 8
D->valSize : 366
Solving...
Blb : 2 (clique : 50)
currentSize : 50 <-- 0.003365 s
currentSize : 52 <-- 0.003629 s
currentSize : 56 <-- 0.003733 s
currentSize : 59 <-- 0.003906 s
currentSize : 60 <-- 0.005276 s
currentSize : 64 <-- 0.005412 s

maxsize : 64
nodes : 886.000000
filtered : 3734.000000
time : 0.006440
