Parameters: GAD=1 vflib=1 dir=1 label=1 lowerbound=1 fileNameGp=../graphsdb/mcs90/m2D/m2Dr6/mcs90_m2Dr6_s80.A68 fileNameGt=../graphsdb/mcs90/m2D/m2Dr6/mcs90_m2Dr6_s80.B68
Reading graphs...
80 : 190
80 : 188
Initializing...
maxdom : 9
D->valSize : 458
Solving...
Blb : 2 (clique : 50)
currentSize : 50 <-- 0.004702 s
currentSize : 53 <-- 0.005002 s
currentSize : 55 <-- 0.202735 s
currentSize : 58 <-- 0.690031 s
currentSize : 59 <-- 1.182415 s
currentSize : 64 <-- 1.182577 s

maxsize : 64
nodes : 340754.000000
filtered : 2366712.000000
time : 1.671646
