Parameters: GAD=1 vflib=1 dir=1 label=1 lowerbound=1 fileNameGp=../graphsdb/mcs90/m2D/m2Dr6/mcs90_m2Dr6_s80.A67 fileNameGt=../graphsdb/mcs90/m2D/m2Dr6/mcs90_m2Dr6_s80.B67
Reading graphs...
80 : 190
80 : 188
Initializing...
maxdom : 8
D->valSize : 460
Solving...
Blb : 2 (clique : 37)
currentSize : 37 <-- 0.007794 s
currentSize : 45 <-- 0.008190 s
currentSize : 48 <-- 5.157994 s
currentSize : 49 <-- 7.489004 s
currentSize : 50 <-- 7.489134 s
currentSize : 52 <-- 10.758812 s
currentSize : 53 <-- 10.760134 s
currentSize : 54 <-- 10.760328 s
currentSize : 57 <-- 10.782428 s
currentSize : 58 <-- 10.782669 s
currentSize : 59 <-- 11.821634 s
currentSize : 61 <-- 11.906864 s
currentSize : 62 <-- 12.119405 s
currentSize : 64 <-- 12.119556 s

maxsize : 64
nodes : 2530155.000000
filtered : 15817554.000000
time : 12.577711
