Parameters: GAD=1 vflib=1 dir=1 label=1 lowerbound=1 fileNameGp=../graphsdb/mcs90/m2D/m2Dr2/mcs90_m2Dr2_s90.A09 fileNameGt=../graphsdb/mcs90/m2D/m2Dr2/mcs90_m2Dr2_s90.B09
Reading graphs...
90 : 179
90 : 179
Initializing...
maxdom : 9
D->valSize : 584
Solving...
Blb : 3 (clique : 60)
currentSize : 60 <-- 0.011698 s
currentSize : 61 <-- 0.734504 s
currentSize : 62 <-- 0.761060 s
currentSize : 64 <-- 0.761283 s
currentSize : 66 <-- 0.763909 s
currentSize : 68 <-- 0.764128 s
currentSize : 75 <-- 0.775003 s
currentSize : 81 <-- 0.777957 s

maxsize : 81
nodes : 148277.000000
filtered : 728008.000000
time : 0.778383
