Parameters: GAD=1 vflib=1 dir=1 label=1 lowerbound=1 fileNameGp=../graphsdb/mcs90/bvg/b06m/mcs90_b06m_s35.A87 fileNameGt=../graphsdb/mcs90/bvg/b06m/mcs90_b06m_s35.B87
Reading graphs...
35 : 105
35 : 105
Initializing...
maxdom : 8
D->valSize : 187
Solving...
Blb : 2 (clique : 13)
currentSize : 13 <-- 0.001196 s
currentSize : 14 <-- 0.001291 s
currentSize : 19 <-- 0.001337 s
currentSize : 23 <-- 0.001535 s
currentSize : 24 <-- 0.001920 s
currentSize : 31 <-- 0.002009 s

maxsize : 31
nodes : 295.000000
filtered : 1773.000000
time : 0.002101
