Parameters: GAD=1 vflib=1 dir=1 label=1 lowerbound=1 fileNameGp=../graphsdb/mcs90/rand/r01/mcs90_r01_s90.A91 fileNameGt=../graphsdb/mcs90/rand/r01/mcs90_r01_s90.B91
Reading graphs...
90 : 800
90 : 800
Initializing...
maxdom : 12
D->valSize : 603
Solving...
Blb : 2 (clique : 20)
currentSize : 20 <-- 0.006964 s
currentSize : 23 <-- 0.007150 s
currentSize : 26 <-- 0.007220 s
currentSize : 33 <-- 0.007492 s
currentSize : 37 <-- 0.007749 s
currentSize : 49 <-- 0.007978 s
currentSize : 58 <-- 0.011977 s
currentSize : 81 <-- 0.012398 s

maxsize : 81
nodes : 1085.000000
filtered : 17483.000000
time : 0.013156
