Parameters: GAD=1 vflib=1 dir=1 label=1 lowerbound=1 fileNameGp=../graphsdb/mcs90/m2D/m2Dr4/mcs90_m2Dr4_s90.A98 fileNameGt=../graphsdb/mcs90/m2D/m2Dr4/mcs90_m2Dr4_s90.B98
Reading graphs...
90 : 197
90 : 197
Initializing...
maxdom : 11
D->valSize : 638
Solving...
Blb : 3 (clique : 68)
currentSize : 68 <-- 0.008504 s
currentSize : 69 <-- 0.009465 s
currentSize : 71 <-- 0.010535 s
currentSize : 78 <-- 0.010735 s
currentSize : 81 <-- 0.016770 s

maxsize : 81
nodes : 3002.000000
filtered : 24867.000000
time : 0.024347
