Parameters: GAD=1 vflib=1 dir=1 label=1 lowerbound=1 fileNameGp=../graphsdb/mcs90/m4D/m4Dr2/mcs90_m4Dr2_s90.A27 fileNameGt=../graphsdb/mcs90/m4D/m4Dr2/mcs90_m4Dr2_s90.B27
Reading graphs...
90 : 228
90 : 227
Initializing...
maxdom : 9
D->valSize : 548
Solving...
Blb : 2 (clique : 73)
currentSize : 73 <-- 0.006635 s
currentSize : 75 <-- 0.008332 s
currentSize : 76 <-- 0.008772 s
currentSize : 80 <-- 0.010428 s
currentSize : 81 <-- 0.010886 s

maxsize : 81
nodes : 2412.000000
filtered : 5634.000000
time : 0.015692
