Parameters: GAD=1 vflib=1 dir=1 label=1 lowerbound=1 fileNameGp=../graphsdb/mcs90/m2D/m2D/mcs90_m2D_s80.A54 fileNameGt=../graphsdb/mcs90/m2D/m2D/mcs90_m2D_s80.B54
Reading graphs...
80 : 142
80 : 142
Initializing...
maxdom : 10
D->valSize : 445
Solving...
Blb : 2 (clique : 54)
currentSize : 54 <-- 0.004568 s
currentSize : 56 <-- 0.004891 s
currentSize : 57 <-- 0.006146 s
currentSize : 59 <-- 0.006933 s
currentSize : 62 <-- 0.007116 s
currentSize : 64 <-- 0.007960 s

maxsize : 64
nodes : 38670.000000
filtered : 265046.000000
time : 0.223031
