Parameters: GAD=1 vflib=1 dir=1 label=1 lowerbound=1 fileNameGp=../graphsdb/mcs90/m2D/m2Dr2/mcs90_m2Dr2_s100.A77 fileNameGt=../graphsdb/mcs90/m2D/m2Dr2/mcs90_m2Dr2_s100.B77
Reading graphs...
100 : 200
100 : 200
Initializing...
maxdom : 7
D->valSize : 394
Solving...
Blb : 2 (clique : 61)
currentSize : 61 <-- 0.007357 s
currentSize : 65 <-- 0.231030 s
currentSize : 66 <-- 0.232937 s
currentSize : 70 <-- 0.315750 s
currentSize : 71 <-- 0.317738 s
currentSize : 74 <-- 8.870087 s
currentSize : 75 <-- 8.871720 s
currentSize : 76 <-- 16.360165 s
currentSize : 79 <-- 16.391764 s
currentSize : 80 <-- 16.393127 s
currentSize : 81 <-- 16.394737 s

maxsize : 81
nodes : 4423024.000000
filtered : 16305490.000000
time : 22.819885
