Parameters: GAD=1 vflib=1 dir=1 label=1 lowerbound=1 fileNameGp=../graphsdb/mcs90/bvg/b03m/mcs90_b03m_s90.A63 fileNameGt=../graphsdb/mcs90/bvg/b03m/mcs90_b03m_s90.B63
Reading graphs...
90 : 135
90 : 135
Initializing...
maxdom : 11
D->valSize : 589
Solving...
Blb : 2 (clique : 66)
currentSize : 66 <-- 0.012887 s
currentSize : 68 <-- 0.013621 s
currentSize : 70 <-- 0.014011 s
currentSize : 72 <-- 0.145661 s
currentSize : 74 <-- 0.145872 s
currentSize : 77 <-- 0.306462 s
currentSize : 80 <-- 0.306645 s

maxsize : 80
nodes : 74454.000000
filtered : 230210.000000
time : 0.341130
