Parameters: GAD=1 vflib=1 dir=1 label=1 lowerbound=1 fileNameGp=../graphsdb/mcs90/bvg/b03m/mcs90_b03m_s70.A94 fileNameGt=../graphsdb/mcs90/bvg/b03m/mcs90_b03m_s70.B94
Reading graphs...
70 : 105
70 : 105
Initializing...
maxdom : 8
D->valSize : 363
Solving...
Blb : 2 (clique : 53)
currentSize : 53 <-- 0.005543 s
currentSize : 57 <-- 0.005984 s
currentSize : 58 <-- 0.006736 s
currentSize : 61 <-- 0.007111 s
currentSize : 62 <-- 0.008079 s

maxsize : 62
nodes : 1407.000000
filtered : 5360.000000
time : 0.014626
