Parameters: GAD=1 vflib=1 dir=1 label=1 lowerbound=1 fileNameGp=../graphsdb/mcs90/m2D/m2Dr4/mcs90_m2Dr4_s100.A01 fileNameGt=../graphsdb/mcs90/m2D/m2Dr4/mcs90_m2Dr4_s100.B01
Reading graphs...
100 : 220
100 : 220
Initializing...
maxdom : 8
D->valSize : 412
Solving...
Blb : 3 (clique : 70)
currentSize : 70 <-- 0.004834 s
currentSize : 75 <-- 0.005261 s
currentSize : 76 <-- 0.121853 s
currentSize : 80 <-- 0.259228 s
currentSize : 81 <-- 0.270980 s

maxsize : 81
nodes : 67983.000000
filtered : 387708.000000
time : 0.382840
