Parameters: GAD=1 vflib=1 dir=1 label=1 lowerbound=1 fileNameGp=../graphsdb/mcs90/m4D/m4D/mcs90_m4D_s100.A71 fileNameGt=../graphsdb/mcs90/m4D/m4D/mcs90_m4D_s100.B71
Reading graphs...
100 : 223
100 : 223
Initializing...
maxdom : 7
D->valSize : 364
Solving...
Blb : 2 (clique : 53)
currentSize : 53 <-- 0.006603 s
currentSize : 55 <-- 0.007184 s
currentSize : 56 <-- 0.007569 s
currentSize : 57 <-- 0.010428 s
currentSize : 58 <-- 0.010873 s
currentSize : 59 <-- 0.065204 s
currentSize : 60 <-- 0.065855 s
currentSize : 61 <-- 2.590566 s
currentSize : 63 <-- 2.590948 s
currentSize : 65 <-- 2.593658 s
currentSize : 66 <-- 5.854711 s
currentSize : 68 <-- 5.855080 s
currentSize : 69 <-- 7.123801 s
currentSize : 71 <-- 7.124338 s
currentSize : 72 <-- 8.854412 s
currentSize : 74 <-- 8.855171 s
currentSize : 75 <-- 9.177012 s
currentSize : 76 <-- 9.217476 s
currentSize : 77 <-- 9.427563 s
currentSize : 78 <-- 9.640357 s
currentSize : 80 <-- 9.849888 s
currentSize : 81 <-- 10.038012 s

maxsize : 81
nodes : 2126785.000000
filtered : 6851811.000000
time : 10.333394
