Parameters: GAD=1 vflib=1 dir=1 label=1 lowerbound=1 fileNameGp=../graphsdb/mcs90/m4D/m4Dr2/mcs90_m4Dr2_s90.A84 fileNameGt=../graphsdb/mcs90/m4D/m4Dr2/mcs90_m4Dr2_s90.B84
Reading graphs...
90 : 228
90 : 228
Initializing...
maxdom : 11
D->valSize : 585
Solving...
Blb : 2 (clique : 69)
currentSize : 69 <-- 0.007451 s
currentSize : 70 <-- 0.008457 s
currentSize : 73 <-- 0.008643 s
currentSize : 75 <-- 0.008834 s
currentSize : 76 <-- 0.009971 s
currentSize : 77 <-- 0.011447 s
currentSize : 78 <-- 0.012831 s
currentSize : 80 <-- 0.013232 s
currentSize : 81 <-- 0.014864 s

maxsize : 81
nodes : 6661.000000
filtered : 40978.000000
time : 0.049227
