Parameters: GAD=1 vflib=1 dir=1 label=1 lowerbound=1 fileNameGp=../graphsdb/mcs90/m2D/m2Dr6/mcs90_m2Dr6_s100.A45 fileNameGt=../graphsdb/mcs90/m2D/m2Dr6/mcs90_m2Dr6_s100.B45
Reading graphs...
100 : 240
100 : 240
Initializing...
maxdom : 7
D->valSize : 365
Solving...
Blb : 2 (clique : 62)
currentSize : 62 <-- 0.003974 s
currentSize : 66 <-- 0.004380 s
currentSize : 71 <-- 0.004829 s
currentSize : 73 <-- 0.005409 s
currentSize : 75 <-- 0.016017 s
currentSize : 76 <-- 0.269651 s
currentSize : 78 <-- 0.270609 s
currentSize : 79 <-- 0.275340 s
currentSize : 81 <-- 0.275650 s

maxsize : 81
nodes : 710529.000000
filtered : 2809006.000000
time : 3.749192
