Parameters: GAD=1 vflib=1 dir=1 label=1 lowerbound=1 fileNameGp=../graphsdb/mcs90/bvg/b03/mcs90_b03_s25.A34 fileNameGt=../graphsdb/mcs90/bvg/b03/mcs90_b03_s25.B34
Reading graphs...
25 : 37
25 : 37
Initializing...
maxdom : 8
D->valSize : 164
Solving...
Blb : 2 (clique : 15)
currentSize : 15 <-- 0.000826 s
currentSize : 16 <-- 0.000895 s
currentSize : 17 <-- 0.001316 s
currentSize : 18 <-- 0.001342 s
currentSize : 22 <-- 0.002838 s

maxsize : 22
nodes : 697.000000
filtered : 6375.000000
time : 0.002912
