Parameters: GAD=1 vflib=1 dir=1 label=1 lowerbound=1 fileNameGp=../graphsdb/mcs90/rand/r001/mcs90_r001_s100.A50 fileNameGt=../graphsdb/mcs90/rand/r001/mcs90_r001_s100.B50
Reading graphs...
100 : 108
100 : 108
Initializing...
maxdom : 7
D->valSize : 400
Solving...
Blb : 3 (clique : 84)
currentSize : 84 <-- 0.004859 s
currentSize : 85 <-- 0.005694 s
currentSize : 86 <-- 0.006311 s
currentSize : 87 <-- 0.007072 s
currentSize : 89 <-- 0.007214 s
currentSize : 90 <-- 0.007921 s

maxsize : 90
nodes : 921.000000
filtered : 1983.000000
time : 0.008756
