Parameters: GAD=1 vflib=1 dir=1 label=1 lowerbound=1 fileNameGp=../graphsdb/mcs90/m2D/m2Dr4/mcs90_m2Dr4_s80.A63 fileNameGt=../graphsdb/mcs90/m2D/m2Dr4/mcs90_m2Dr4_s80.B63
Reading graphs...
80 : 174
80 : 174
Initializing...
maxdom : 8
D->valSize : 436
Solving...
Blb : 2 (clique : 55)
currentSize : 55 <-- 0.004628 s
currentSize : 60 <-- 0.004940 s
currentSize : 61 <-- 0.005885 s
currentSize : 63 <-- 0.568728 s
currentSize : 64 <-- 0.572062 s

maxsize : 64
nodes : 375679.000000
filtered : 2006973.000000
time : 1.675214
