Parameters: GAD=1 vflib=1 dir=1 label=1 lowerbound=1 fileNameGp=../graphsdb/mcs90/m2D/m2Dr4/mcs90_m2Dr4_s20.A85 fileNameGt=../graphsdb/mcs90/m2D/m2Dr4/mcs90_m2Dr4_s20.B85
Reading graphs...
20 : 38
20 : 38
Initializing...
maxdom : 8
D->valSize : 108
Solving...
Blb : 2 (clique : 8)
currentSize : 8 <-- 0.000643 s
currentSize : 9 <-- 0.000714 s
currentSize : 10 <-- 0.000760 s
currentSize : 12 <-- 0.000895 s
currentSize : 16 <-- 0.001049 s

maxsize : 16
nodes : 176.000000
filtered : 1640.000000
time : 0.001122
