Parameters: GAD=1 vflib=1 dir=1 label=1 lowerbound=1 fileNameGp=../graphsdb/mcs90/m2D/m2Dr6/mcs90_m2Dr6_s100.A79 fileNameGt=../graphsdb/mcs90/m2D/m2Dr6/mcs90_m2Dr6_s100.B79
Reading graphs...
100 : 240
100 : 240
Initializing...
maxdom : 6
D->valSize : 403
Solving...
Blb : 2 (clique : 65)
currentSize : 65 <-- 0.004381 s
currentSize : 66 <-- 0.005071 s
currentSize : 73 <-- 0.006677 s
currentSize : 74 <-- 0.007462 s
currentSize : 75 <-- 0.015304 s
currentSize : 79 <-- 0.061662 s
currentSize : 81 <-- 0.062238 s

maxsize : 81
nodes : 221145.000000
filtered : 830696.000000
time : 1.125071
