Parameters: GAD=1 vflib=1 dir=1 label=1 lowerbound=1 fileNameGp=../graphsdb/mcs90/m2D/m2D/mcs90_m2D_s100.A52 fileNameGt=../graphsdb/mcs90/m2D/m2D/mcs90_m2D_s100.B52
Reading graphs...
100 : 180
100 : 180
Initializing...
maxdom : 7
D->valSize : 424
Solving...
Blb : 2 (clique : 72)
currentSize : 72 <-- 0.004865 s
currentSize : 73 <-- 0.005719 s
currentSize : 74 <-- 0.006334 s
currentSize : 75 <-- 0.006996 s
currentSize : 78 <-- 0.011437 s
currentSize : 79 <-- 0.012154 s
currentSize : 80 <-- 0.013037 s
currentSize : 81 <-- 0.013881 s

maxsize : 81
nodes : 650089.000000
filtered : 2993209.000000
time : 3.512821
