Parameters: GAD=1 vflib=1 dir=1 label=1 lowerbound=1 fileNameGp=../graphsdb/mcs90/bvg/b06/mcs90_b06_s15.A26 fileNameGt=../graphsdb/mcs90/bvg/b06/mcs90_b06_s15.B26
Reading graphs...
15 : 45
15 : 45
Initializing...
maxdom : 9
D->valSize : 114
Solving...
Blb : 5 (clique : 6)
currentSize : 6 <-- 0.000705 s
currentSize : 7 <-- 0.000862 s
currentSize : 8 <-- 0.000937 s
currentSize : 9 <-- 0.001246 s
currentSize : 10 <-- 0.001304 s
currentSize : 13 <-- 0.001367 s

maxsize : 13
nodes : 234.000000
filtered : 3263.000000
time : 0.001409
