Parameters: GAD=1 vflib=1 dir=1 label=1 lowerbound=1 fileNameGp=../graphsdb/mcs90/bvg/b03m/mcs90_b03m_s80.A40 fileNameGt=../graphsdb/mcs90/bvg/b03m/mcs90_b03m_s80.B40
Reading graphs...
80 : 120
80 : 120
Initializing...
maxdom : 9
D->valSize : 478
Solving...
Blb : 2 (clique : 67)
currentSize : 67 <-- 0.005291 s
currentSize : 69 <-- 0.005768 s
currentSize : 70 <-- 0.006883 s
currentSize : 71 <-- 0.008898 s
currentSize : 72 <-- 0.010183 s

maxsize : 72
nodes : 976.000000
filtered : 4385.000000
time : 0.011659
