Parameters: GAD=1 vflib=1 dir=1 label=1 lowerbound=1 fileNameGp=../graphsdb/mcs90/bvg/b03/mcs90_b03_s90.A37 fileNameGt=../graphsdb/mcs90/bvg/b03/mcs90_b03_s90.B37
Reading graphs...
90 : 135
90 : 135
Initializing...
maxdom : 10
D->valSize : 586
Solving...
Blb : 2 (clique : 66)
currentSize : 66 <-- 0.007934 s
currentSize : 67 <-- 0.008512 s
currentSize : 71 <-- 0.008657 s
currentSize : 75 <-- 0.009085 s
currentSize : 79 <-- 0.009399 s
currentSize : 80 <-- 0.010549 s

maxsize : 80
nodes : 13561.000000
filtered : 65295.000000
time : 0.077519
