Parameters: GAD=1 vflib=1 dir=1 label=1 lowerbound=1 fileNameGp=../graphsdb/mcs90/m2D/m2D/mcs90_m2D_s100.A31 fileNameGt=../graphsdb/mcs90/m2D/m2D/mcs90_m2D_s100.B31
Reading graphs...
100 : 180
100 : 180
Initializing...
maxdom : 8
D->valSize : 389
Solving...
Blb : 2 (clique : 57)
currentSize : 57 <-- 0.004299 s
currentSize : 59 <-- 0.004704 s
currentSize : 65 <-- 0.004914 s
currentSize : 67 <-- 0.005343 s
currentSize : 72 <-- 0.021570 s
currentSize : 76 <-- 0.029812 s
currentSize : 77 <-- 0.037564 s
currentSize : 80 <-- 0.041007 s
currentSize : 81 <-- 0.042869 s

maxsize : 81
nodes : 9696.000000
filtered : 30882.000000
time : 0.053752
