Parameters: GAD=1 vflib=1 dir=1 label=1 lowerbound=1 fileNameGp=../graphsdb/mcs90/m4D/m4Dr2/mcs90_m4Dr2_s100.A69 fileNameGt=../graphsdb/mcs90/m4D/m4Dr2/mcs90_m4Dr2_s100.B69
Reading graphs...
100 : 243
100 : 243
Initializing...
maxdom : 6
D->valSize : 348
Solving...
Blb : 3 (clique : 77)
currentSize : 77 <-- 0.006494 s
currentSize : 78 <-- 4.537757 s
currentSize : 79 <-- 4.538011 s
currentSize : 80 <-- 7.611392 s
currentSize : 81 <-- 7.611729 s

maxsize : 81
nodes : 1880822.000000
filtered : 3371334.000000
time : 8.077936
