Parameters: GAD=1 vflib=1 dir=1 label=1 lowerbound=1 fileNameGp=../graphsdb/mcs90/bvg/b09m/mcs90_b09m_s80.A80 fileNameGt=../graphsdb/mcs90/bvg/b09m/mcs90_b09m_s80.B80
Reading graphs...
80 : 360
80 : 360
Initializing...
maxdom : 8
D->valSize : 480
Solving...
Blb : 3 (clique : 33)
currentSize : 33 <-- 0.007921 s
currentSize : 35 <-- 0.009317 s
currentSize : 40 <-- 0.018641 s
currentSize : 48 <-- 0.018978 s
currentSize : 56 <-- 0.027567 s
currentSize : 62 <-- 0.030553 s
currentSize : 72 <-- 0.040824 s

maxsize : 72
nodes : 3899.000000
filtered : 43299.000000
time : 0.042498
