Parameters: GAD=1 vflib=1 dir=1 label=1 lowerbound=1 fileNameGp=../graphsdb/mcs90/rand/r005/mcs90_r005_s50.A97 fileNameGt=../graphsdb/mcs90/rand/r005/mcs90_r005_s50.B97
Reading graphs...
50 : 121
50 : 121
Initializing...
maxdom : 8
D->valSize : 331
Solving...
Blb : 3 (clique : 29)
currentSize : 29 <-- 0.002339 s
currentSize : 31 <-- 0.005395 s
currentSize : 32 <-- 0.011783 s
currentSize : 35 <-- 0.017655 s
currentSize : 38 <-- 0.018081 s
currentSize : 45 <-- 0.018484 s

maxsize : 45
nodes : 3585.000000
filtered : 47900.000000
time : 0.018794
