Parameters: GAD=1 vflib=1 dir=1 label=1 lowerbound=1 fileNameGp=../graphsdb/mcs90/m3D/m3Dr6/mcs90_m3Dr6_s70.A70 fileNameGt=../graphsdb/mcs90/m3D/m3Dr6/mcs90_m3Dr6_s70.B70
Reading graphs...
70 : 201
70 : 201
Initializing...
maxdom : 9
D->valSize : 384
Solving...
Blb : 3 (clique : 46)
currentSize : 46 <-- 0.003474 s
currentSize : 49 <-- 0.003739 s
currentSize : 52 <-- 0.004145 s
currentSize : 59 <-- 0.004463 s
currentSize : 64 <-- 0.004901 s

maxsize : 64
nodes : 613.000000
filtered : 2792.000000
time : 0.005141
