Parameters: GAD=1 vflib=1 dir=1 label=1 lowerbound=1 fileNameGp=../graphsdb/mcs90/m3D/m3Dr4/mcs90_m3Dr4_s80.A65 fileNameGt=../graphsdb/mcs90/m3D/m3Dr4/mcs90_m3Dr4_s80.B65
Reading graphs...
80 : 216
80 : 216
Initializing...
maxdom : 9
D->valSize : 470
Solving...
Blb : 2 (clique : 56)
currentSize : 56 <-- 0.004836 s
currentSize : 58 <-- 0.131507 s
currentSize : 60 <-- 0.370689 s
currentSize : 62 <-- 0.370837 s
currentSize : 64 <-- 0.388454 s

maxsize : 64
nodes : 70191.000000
filtered : 512711.000000
time : 0.442772
