Parameters: GAD=1 vflib=1 dir=1 label=1 lowerbound=1 fileNameGp=../graphsdb/mcs90/rand/r02/mcs90_r02_s60.A99 fileNameGt=../graphsdb/mcs90/rand/r02/mcs90_r02_s60.B99
Reading graphs...
60 : 707
60 : 707
Initializing...
maxdom : 9
D->valSize : 292
Solving...
Blb : 2 (clique : 10)
currentSize : 10 <-- 0.002000 s
currentSize : 11 <-- 0.002207 s
currentSize : 17 <-- 0.002452 s
currentSize : 28 <-- 0.002931 s
currentSize : 54 <-- 0.003707 s

maxsize : 54
nodes : 449.000000
filtered : 5729.000000
time : 0.003896
