Parameters: GAD=1 vflib=1 dir=1 label=1 lowerbound=1 fileNameGp=../graphsdb/mcs90/m2D/m2D/mcs90_m2D_s30.A05 fileNameGt=../graphsdb/mcs90/m2D/m2D/mcs90_m2D_s30.B05
Reading graphs...
30 : 49
30 : 49
Initializing...
maxdom : 6
D->valSize : 118
Solving...
Blb : 3 (clique : 15)
currentSize : 15 <-- 0.000789 s
currentSize : 16 <-- 0.001061 s
currentSize : 17 <-- 0.001111 s
currentSize : 18 <-- 0.001167 s
currentSize : 19 <-- 0.001398 s
currentSize : 20 <-- 0.001517 s
currentSize : 21 <-- 0.001735 s
currentSize : 25 <-- 0.001937 s

maxsize : 25
nodes : 426.000000
filtered : 1830.000000
time : 0.002010
