Parameters: GAD=1 vflib=1 dir=1 label=1 lowerbound=1 fileNameGp=../graphsdb/mcs90/m4D/m4D/mcs90_m4D_s100.A61 fileNameGt=../graphsdb/mcs90/m4D/m4D/mcs90_m4D_s100.B61
Reading graphs...
100 : 223
100 : 223
Initializing...
maxdom : 7
D->valSize : 370
Solving...
Blb : 3 (clique : 59)
currentSize : 59 <-- 0.004074 s
currentSize : 60 <-- 0.004710 s
currentSize : 63 <-- 4.064862 s
currentSize : 65 <-- 4.065104 s
currentSize : 67 <-- 4.552239 s
currentSize : 69 <-- 4.552504 s
currentSize : 70 <-- 243.041687 s
currentSize : 72 <-- 243.042435 s
currentSize : 73 <-- 263.216766 s
currentSize : 76 <-- 297.751221 s
currentSize : 77 <-- 305.662933 s
currentSize : 78 <-- 305.663513 s
currentSize : 79 <-- 305.675323 s
currentSize : 80 <-- 305.675934 s
currentSize : 81 <-- 305.676636 s

maxsize : 81
nodes : 69453822.000000
filtered : 192275624.000000
time : 311.043884
