Parameters: GAD=1 vflib=1 dir=1 label=1 lowerbound=1 fileNameGp=../graphsdb/mcs90/m2D/m2Dr2/mcs90_m2Dr2_s100.A88 fileNameGt=../graphsdb/mcs90/m2D/m2Dr2/mcs90_m2Dr2_s100.B88
Reading graphs...
100 : 200
100 : 200
Initializing...
maxdom : 7
D->valSize : 361
Solving...
Blb : 2 (clique : 65)
currentSize : 65 <-- 0.006495 s
currentSize : 67 <-- 0.007515 s
currentSize : 72 <-- 0.010446 s
currentSize : 76 <-- 0.014830 s
currentSize : 77 <-- 0.037166 s
currentSize : 81 <-- 0.041153 s

maxsize : 81
nodes : 4415.000000
filtered : 16476.000000
time : 0.044990
