Parameters: GAD=1 vflib=1 dir=1 label=1 lowerbound=1 fileNameGp=../graphsdb/mcs90/m2D/m2Dr6/mcs90_m2Dr6_s100.A58 fileNameGt=../graphsdb/mcs90/m2D/m2Dr6/mcs90_m2Dr6_s100.B58
Reading graphs...
100 : 240
100 : 238
Initializing...
maxdom : 8
D->valSize : 429
Solving...
Blb : 2 (clique : 71)
currentSize : 71 <-- 0.008257 s
currentSize : 73 <-- 0.009244 s
currentSize : 75 <-- 0.021749 s
currentSize : 78 <-- 0.319788 s
currentSize : 79 <-- 0.320876 s
currentSize : 80 <-- 0.325708 s
currentSize : 81 <-- 0.326822 s

maxsize : 81
nodes : 310774.000000
filtered : 2135974.000000
time : 2.043941
