Parameters: GAD=1 vflib=1 dir=1 label=1 lowerbound=1 fileNameGp=../graphsdb/mcs90/m2D/m2Dr2/mcs90_m2Dr2_s60.A87 fileNameGt=../graphsdb/mcs90/m2D/m2Dr2/mcs90_m2Dr2_s60.B87
Reading graphs...
60 : 116
60 : 116
Initializing...
maxdom : 6
D->valSize : 249
Solving...
Blb : 2 (clique : 40)
currentSize : 40 <-- 0.001880 s
currentSize : 41 <-- 0.002126 s
currentSize : 43 <-- 0.002350 s
currentSize : 44 <-- 0.002458 s
currentSize : 49 <-- 0.007635 s

maxsize : 49
nodes : 4782.000000
filtered : 15455.000000
time : 0.017675
