Parameters: GAD=1 vflib=1 dir=1 label=1 lowerbound=1 fileNameGp=../graphsdb/mcs90/m2D/m2D/mcs90_m2D_s80.A98 fileNameGt=../graphsdb/mcs90/m2D/m2D/mcs90_m2D_s80.B98
Reading graphs...
80 : 142
80 : 142
Initializing...
maxdom : 7
D->valSize : 432
Solving...
Blb : 2 (clique : 47)
currentSize : 47 <-- 0.004423 s
currentSize : 48 <-- 0.019771 s
currentSize : 49 <-- 0.100483 s
currentSize : 50 <-- 0.153484 s
currentSize : 51 <-- 0.255038 s
currentSize : 52 <-- 0.394221 s
currentSize : 53 <-- 0.394713 s
currentSize : 56 <-- 0.488187 s
currentSize : 57 <-- 0.488613 s
currentSize : 59 <-- 0.737741 s
currentSize : 60 <-- 0.738089 s
currentSize : 63 <-- 0.827489 s
currentSize : 64 <-- 0.827839 s

maxsize : 64
nodes : 215033.000000
filtered : 931722.000000
time : 1.008695
