Parameters: GAD=1 vflib=1 dir=1 label=1 lowerbound=1 fileNameGp=../graphsdb/mcs90/m3D/m3Dr2/mcs90_m3Dr2_s80.A77 fileNameGt=../graphsdb/mcs90/m3D/m3Dr2/mcs90_m3Dr2_s80.B77
Reading graphs...
80 : 200
80 : 200
Initializing...
maxdom : 12
D->valSize : 546
Solving...
Blb : 2 (clique : 46)
currentSize : 46 <-- 0.010200 s
currentSize : 52 <-- 0.010686 s
currentSize : 57 <-- 0.011074 s
currentSize : 58 <-- 0.012796 s
currentSize : 64 <-- 0.013078 s

maxsize : 64
nodes : 41714.000000
filtered : 353637.000000
time : 0.381573
