Parameters: GAD=1 vflib=1 dir=1 label=1 lowerbound=1 fileNameGp=../graphsdb/mcs90/m3D/m3Dr6/mcs90_m3Dr6_s80.A48 fileNameGt=../graphsdb/mcs90/m3D/m3Dr6/mcs90_m3Dr6_s80.B48
Reading graphs...
80 : 232
80 : 232
Initializing...
maxdom : 9
D->valSize : 436
Solving...
Blb : 3 (clique : 49)
currentSize : 49 <-- 0.007224 s
currentSize : 53 <-- 0.279932 s
currentSize : 55 <-- 0.280306 s
currentSize : 56 <-- 0.355952 s
currentSize : 57 <-- 0.363736 s
currentSize : 61 <-- 0.363925 s
currentSize : 64 <-- 0.364165 s

maxsize : 64
nodes : 58941.000000
filtered : 378356.000000
time : 0.399664
