Parameters: GAD=1 vflib=1 dir=1 label=1 lowerbound=1 fileNameGp=../graphsdb/mcs90/m4D/m4D/mcs90_m4D_s90.A37 fileNameGt=../graphsdb/mcs90/m4D/m4D/mcs90_m4D_s90.B37
Reading graphs...
90 : 210
90 : 210
Initializing...
maxdom : 10
D->valSize : 561
Solving...
Blb : 2 (clique : 73)
currentSize : 73 <-- 0.007356 s
currentSize : 74 <-- 0.008026 s
currentSize : 75 <-- 0.008598 s
currentSize : 79 <-- 0.070833 s
currentSize : 80 <-- 0.071566 s
currentSize : 81 <-- 0.072435 s

maxsize : 81
nodes : 56814.000000
filtered : 115077.000000
time : 0.249765
