Parameters: GAD=1 vflib=1 dir=1 label=1 lowerbound=1 fileNameGp=../graphsdb/mcs90/rand/r005/mcs90_r005_s80.A66 fileNameGt=../graphsdb/mcs90/rand/r005/mcs90_r005_s80.B66
Reading graphs...
80 : 315
80 : 315
Initializing...
maxdom : 7
D->valSize : 438
Solving...
Blb : 2 (clique : 36)
currentSize : 36 <-- 0.004221 s
currentSize : 42 <-- 0.004498 s
currentSize : 48 <-- 0.005627 s
currentSize : 57 <-- 0.006362 s
currentSize : 72 <-- 0.010827 s

maxsize : 72
nodes : 1545.000000
filtered : 14434.000000
time : 0.012096
