Parameters: GAD=1 vflib=1 dir=1 label=1 lowerbound=1 fileNameGp=../graphsdb/mcs90/rand/r005/mcs90_r005_s90.A04 fileNameGt=../graphsdb/mcs90/rand/r005/mcs90_r005_s90.B04
Reading graphs...
90 : 399
90 : 399
Initializing...
maxdom : 9
D->valSize : 577
Solving...
Blb : 3 (clique : 62)
currentSize : 62 <-- 0.011591 s
currentSize : 64 <-- 0.011944 s
currentSize : 70 <-- 0.012179 s
currentSize : 75 <-- 0.014430 s
currentSize : 81 <-- 0.014708 s

maxsize : 81
nodes : 879.000000
filtered : 9633.000000
time : 0.015381
