Parameters: GAD=1 vflib=1 dir=1 label=1 lowerbound=1 fileNameGp=../graphsdb/mcs90/rand/r005/mcs90_r005_s90.A20 fileNameGt=../graphsdb/mcs90/rand/r005/mcs90_r005_s90.B20
Reading graphs...
90 : 399
90 : 399
Initializing...
maxdom : 9
D->valSize : 587
Solving...
Blb : 2 (clique : 47)
currentSize : 47 <-- 0.007038 s
currentSize : 55 <-- 0.067707 s
currentSize : 56 <-- 0.087777 s
currentSize : 64 <-- 0.088067 s
currentSize : 65 <-- 0.092158 s
currentSize : 81 <-- 0.103551 s

maxsize : 81
nodes : 14343.000000
filtered : 179464.000000
time : 0.104359
