Parameters: GAD=1 vflib=1 dir=1 label=1 lowerbound=1 fileNameGp=../graphsdb/mcs90/rand/r005/mcs90_r005_s60.A18 fileNameGt=../graphsdb/mcs90/rand/r005/mcs90_r005_s60.B18
Reading graphs...
60 : 176
60 : 176
Initializing...
maxdom : 8
D->valSize : 272
Solving...
Blb : 2 (clique : 29)
currentSize : 29 <-- 0.002079 s
currentSize : 33 <-- 0.002356 s
currentSize : 37 <-- 0.004158 s
currentSize : 39 <-- 0.007774 s
currentSize : 41 <-- 0.008574 s
currentSize : 54 <-- 0.010043 s

maxsize : 54
nodes : 1983.000000
filtered : 13198.000000
time : 0.010277
