Parameters: GAD=1 vflib=1 dir=1 label=1 lowerbound=1 fileNameGp=../graphsdb/mcs90/bvg/b09/mcs90_b09_s80.A41 fileNameGt=../graphsdb/mcs90/bvg/b09/mcs90_b09_s80.B41
Reading graphs...
80 : 360
80 : 360
Initializing...
maxdom : 11
D->valSize : 489
Solving...
Blb : 3 (clique : 39)
currentSize : 39 <-- 0.005028 s
currentSize : 51 <-- 0.006892 s
currentSize : 54 <-- 0.006996 s
currentSize : 60 <-- 0.023316 s
currentSize : 72 <-- 0.026609 s

maxsize : 72
nodes : 4513.000000
filtered : 35553.000000
time : 0.027218
