Parameters: GAD=1 vflib=1 dir=1 label=1 lowerbound=1 fileNameGp=../graphsdb/mcs90/m2D/m2Dr2/mcs90_m2Dr2_s80.A54 fileNameGt=../graphsdb/mcs90/m2D/m2Dr2/mcs90_m2Dr2_s80.B54
Reading graphs...
80 : 158
80 : 157
Initializing...
maxdom : 10
D->valSize : 478
Solving...
Blb : 2 (clique : 54)
currentSize : 54 <-- 0.008531 s
currentSize : 55 <-- 0.009187 s
currentSize : 56 <-- 0.010550 s
currentSize : 59 <-- 0.010834 s
currentSize : 60 <-- 0.015964 s
currentSize : 63 <-- 0.016293 s
currentSize : 64 <-- 0.022158 s

maxsize : 64
nodes : 1013936.000000
filtered : 5538162.000000
time : 4.891872
