Parameters: GAD=1 vflib=1 dir=1 label=1 lowerbound=1 fileNameGp=../graphsdb/mcs90/bvg/b06m/mcs90_b06m_s90.A30 fileNameGt=../graphsdb/mcs90/bvg/b06m/mcs90_b06m_s90.B30
Reading graphs...
90 : 270
90 : 270
Initializing...
maxdom : 10
D->valSize : 551
Solving...
Blb : 2 (clique : 45)
currentSize : 45 <-- 0.006601 s
currentSize : 50 <-- 0.006912 s
currentSize : 54 <-- 0.007099 s
currentSize : 57 <-- 0.007351 s
currentSize : 59 <-- 0.007593 s
currentSize : 60 <-- 0.008631 s
currentSize : 64 <-- 0.008860 s
currentSize : 69 <-- 0.036511 s
currentSize : 70 <-- 0.319535 s
currentSize : 74 <-- 0.436133 s
currentSize : 81 <-- 0.436474 s

maxsize : 81
nodes : 81474.000000
filtered : 542470.000000
time : 0.437881
