Parameters: GAD=1 vflib=1 dir=1 label=1 lowerbound=1 fileNameGp=../graphsdb/mcs90/m2D/m2Dr4/mcs90_m2Dr4_s100.A00 fileNameGt=../graphsdb/mcs90/m2D/m2Dr4/mcs90_m2Dr4_s100.B00
Reading graphs...
100 : 220
100 : 219
Initializing...
maxdom : 7
D->valSize : 409
Solving...
Blb : 2 (clique : 64)
currentSize : 64 <-- 0.007903 s
currentSize : 65 <-- 0.008561 s
currentSize : 67 <-- 0.009450 s
currentSize : 68 <-- 0.009967 s
currentSize : 69 <-- 0.010921 s
currentSize : 72 <-- 0.011125 s
currentSize : 75 <-- 0.012491 s
currentSize : 78 <-- 0.013804 s
currentSize : 81 <-- 0.015238 s

maxsize : 81
nodes : 19248.000000
filtered : 104748.000000
time : 0.117263
