Parameters: GAD=1 vflib=1 dir=1 label=1 lowerbound=1 fileNameGp=../graphsdb/mcs90/bvg/b09/mcs90_b09_s70.A17 fileNameGt=../graphsdb/mcs90/bvg/b09/mcs90_b09_s70.B17
Reading graphs...
70 : 315
70 : 315
Initializing...
maxdom : 10
D->valSize : 375
Solving...
Blb : 3 (clique : 44)
currentSize : 44 <-- 0.003237 s
currentSize : 47 <-- 0.003488 s
currentSize : 48 <-- 0.004158 s
currentSize : 49 <-- 0.015798 s
currentSize : 58 <-- 0.016128 s
currentSize : 62 <-- 0.016367 s

maxsize : 62
nodes : 2790.000000
filtered : 21271.000000
time : 0.016625
