Parameters: GAD=1 vflib=1 dir=1 label=1 lowerbound=1 fileNameGp=../graphsdb/mcs90/rand/r005/mcs90_r005_s25.A12 fileNameGt=../graphsdb/mcs90/rand/r005/mcs90_r005_s25.B12
Reading graphs...
25 : 29
25 : 29
Initializing...
maxdom : 11
D->valSize : 191
Solving...
Blb : 2 (clique : 13)
currentSize : 13 <-- 0.001017 s
currentSize : 14 <-- 0.001093 s
currentSize : 16 <-- 0.001183 s
currentSize : 17 <-- 0.001372 s
currentSize : 22 <-- 0.001827 s

maxsize : 22
nodes : 364.000000
filtered : 3065.000000
time : 0.002028
