Parameters: GAD=1 vflib=1 dir=1 label=1 lowerbound=1 fileNameGp=../graphsdb/mcs90/m3D/m3Dr6/mcs90_m3Dr6_s80.A00 fileNameGt=../graphsdb/mcs90/m3D/m3Dr6/mcs90_m3Dr6_s80.B00
Reading graphs...
80 : 232
80 : 232
Initializing...
maxdom : 9
D->valSize : 465
Solving...
Blb : 2 (clique : 38)
currentSize : 38 <-- 0.004688 s
currentSize : 39 <-- 0.005017 s
currentSize : 42 <-- 0.012939 s
currentSize : 44 <-- 0.013015 s
currentSize : 45 <-- 0.013309 s
currentSize : 46 <-- 0.197973 s
currentSize : 47 <-- 0.198282 s
currentSize : 48 <-- 0.317738 s
currentSize : 52 <-- 0.412239 s
currentSize : 53 <-- 0.412797 s
currentSize : 56 <-- 0.412990 s
currentSize : 57 <-- 0.501091 s
currentSize : 58 <-- 0.797138 s
currentSize : 61 <-- 0.797332 s
currentSize : 64 <-- 0.847484 s

maxsize : 64
nodes : 171950.000000
filtered : 1336979.000000
time : 0.896011
