Parameters: GAD=1 vflib=1 dir=1 label=1 lowerbound=1 fileNameGp=../graphsdb/mcs90/m3D/m3D/mcs90_m3D_s80.A49 fileNameGt=../graphsdb/mcs90/m3D/m3D/mcs90_m3D_s80.B49
Reading graphs...
80 : 184
80 : 184
Initializing...
maxdom : 8
D->valSize : 416
Solving...
Blb : 3 (clique : 50)
currentSize : 50 <-- 0.004224 s
currentSize : 52 <-- 0.004513 s
currentSize : 55 <-- 0.008638 s
currentSize : 56 <-- 0.144589 s
currentSize : 60 <-- 0.148079 s
currentSize : 64 <-- 0.166719 s

maxsize : 64
nodes : 32653.000000
filtered : 229172.000000
time : 0.179135
