Parameters: GAD=1 vflib=1 dir=1 label=1 lowerbound=1 fileNameGp=../graphsdb/mcs90/m2D/m2Dr2/mcs90_m2Dr2_s80.A80 fileNameGt=../graphsdb/mcs90/m2D/m2Dr2/mcs90_m2Dr2_s80.B80
Reading graphs...
80 : 158
80 : 158
Initializing...
maxdom : 10
D->valSize : 481
Solving...
Blb : 2 (clique : 41)
currentSize : 41 <-- 0.008735 s
currentSize : 42 <-- 0.009262 s
currentSize : 43 <-- 0.010485 s
currentSize : 44 <-- 0.075666 s
currentSize : 45 <-- 0.077377 s
currentSize : 46 <-- 1.179400 s
currentSize : 47 <-- 1.183020 s
currentSize : 48 <-- 1.183128 s
currentSize : 49 <-- 1.184308 s
currentSize : 50 <-- 1.189771 s
currentSize : 52 <-- 11.910228 s
currentSize : 53 <-- 11.911121 s
currentSize : 54 <-- 11.911268 s
currentSize : 55 <-- 11.936031 s
currentSize : 56 <-- 11.938748 s
currentSize : 57 <-- 11.938910 s
currentSize : 58 <-- 47.462521 s
currentSize : 61 <-- 47.463196 s
currentSize : 64 <-- 47.484596 s

maxsize : 64
nodes : 10973157.000000
filtered : 60221614.000000
time : 51.807808
