Parameters: GAD=1 vflib=1 dir=1 label=1 lowerbound=1 fileNameGp=../graphsdb/mcs90/m2D/m2Dr4/mcs90_m2Dr4_s60.A50 fileNameGt=../graphsdb/mcs90/m2D/m2Dr4/mcs90_m2Dr4_s60.B50
Reading graphs...
60 : 128
60 : 128
Initializing...
maxdom : 6
D->valSize : 259
Solving...
Blb : 2 (clique : 36)
currentSize : 36 <-- 0.001953 s
currentSize : 37 <-- 0.002178 s
currentSize : 40 <-- 0.002248 s
currentSize : 45 <-- 0.002349 s
currentSize : 49 <-- 0.002465 s

maxsize : 49
nodes : 1093.000000
filtered : 4396.000000
time : 0.005477
