Parameters: GAD=1 vflib=1 dir=1 label=1 lowerbound=1 fileNameGp=../graphsdb/mcs90/bvg/b03m/mcs90_b03m_s90.A31 fileNameGt=../graphsdb/mcs90/bvg/b03m/mcs90_b03m_s90.B31
Reading graphs...
90 : 135
90 : 135
Initializing...
maxdom : 11
D->valSize : 583
Solving...
Blb : 2 (clique : 72)
currentSize : 72 <-- 0.007427 s
currentSize : 75 <-- 0.534174 s
currentSize : 77 <-- 0.666902 s
currentSize : 78 <-- 1.022202 s
currentSize : 80 <-- 1.026438 s

maxsize : 80
nodes : 199286.000000
filtered : 1307864.000000
time : 1.149717
