Parameters: GAD=1 vflib=1 dir=1 label=1 lowerbound=1 fileNameGp=../graphsdb/mcs90/m4D/m4Dr4/mcs90_m4Dr4_s100.A48 fileNameGt=../graphsdb/mcs90/m4D/m4Dr4/mcs90_m4Dr4_s100.B48
Reading graphs...
100 : 263
100 : 263
Initializing...
maxdom : 7
D->valSize : 371
Solving...
Blb : 2 (clique : 74)
currentSize : 74 <-- 0.006896 s
currentSize : 75 <-- 0.009528 s
currentSize : 76 <-- 0.023880 s
currentSize : 77 <-- 0.027952 s
currentSize : 79 <-- 0.044196 s
currentSize : 81 <-- 0.044870 s

maxsize : 81
nodes : 89287.000000
filtered : 494974.000000
time : 0.570053
