Parameters: GAD=1 vflib=1 dir=1 label=1 lowerbound=1 fileNameGp=../graphsdb/mcs90/bvg/b03/mcs90_b03_s35.A67 fileNameGt=../graphsdb/mcs90/bvg/b03/mcs90_b03_s35.B67
Reading graphs...
35 : 52
35 : 52
Initializing...
maxdom : 8
D->valSize : 196
Solving...
Blb : 2 (clique : 19)
currentSize : 19 <-- 0.001138 s
currentSize : 24 <-- 0.001831 s
currentSize : 25 <-- 0.001896 s
currentSize : 27 <-- 0.003251 s
currentSize : 28 <-- 0.003321 s
currentSize : 29 <-- 0.003698 s
currentSize : 30 <-- 0.003771 s

maxsize : 30
nodes : 1257.000000
filtered : 6223.000000
time : 0.004527
