Parameters: GAD=1 vflib=1 dir=1 label=1 lowerbound=1 fileNameGp=../graphsdb/mcs90/rand/r001/mcs90_r001_s100.A79 fileNameGt=../graphsdb/mcs90/rand/r001/mcs90_r001_s100.B79
Reading graphs...
100 : 108
100 : 108
Initializing...
maxdom : 7
D->valSize : 387
Solving...
Blb : 2 (clique : 81)
currentSize : 81 <-- 0.007664 s
currentSize : 82 <-- 0.009630 s
currentSize : 83 <-- 0.011346 s
currentSize : 85 <-- 0.023298 s
currentSize : 86 <-- 0.023740 s
currentSize : 87 <-- 0.091407 s
currentSize : 88 <-- 0.091714 s
currentSize : 90 <-- 0.147481 s

maxsize : 90
nodes : 22306.000000
filtered : 71432.000000
time : 0.148451
