Parameters: GAD=1 vflib=1 dir=1 label=1 lowerbound=1 fileNameGp=../graphsdb/mcs90/m2D/m2Dr6/mcs90_m2Dr6_s80.A18 fileNameGt=../graphsdb/mcs90/m2D/m2Dr6/mcs90_m2Dr6_s80.B18
Reading graphs...
80 : 190
80 : 187
Initializing...
maxdom : 9
D->valSize : 445
Solving...
Blb : 3 (clique : 52)
currentSize : 52 <-- 0.007715 s
currentSize : 57 <-- 5.273916 s
currentSize : 58 <-- 5.278592 s
currentSize : 60 <-- 16.457783 s
currentSize : 61 <-- 16.458029 s
currentSize : 62 <-- 16.458525 s
currentSize : 64 <-- 16.459145 s

maxsize : 64
nodes : 4246785.000000
filtered : 18879463.000000
time : 18.073820
