Parameters: GAD=1 vflib=1 dir=1 label=1 lowerbound=1 fileNameGp=../graphsdb/mcs90/m2D/m2Dr2/mcs90_m2Dr2_s60.A27 fileNameGt=../graphsdb/mcs90/m2D/m2Dr2/mcs90_m2Dr2_s60.B27
Reading graphs...
60 : 116
60 : 116
Initializing...
maxdom : 8
D->valSize : 271
Solving...
Blb : 2 (clique : 42)
currentSize : 42 <-- 0.002295 s
currentSize : 43 <-- 0.002544 s
currentSize : 44 <-- 0.002696 s
currentSize : 48 <-- 0.004127 s
currentSize : 49 <-- 0.004513 s

maxsize : 49
nodes : 2302.000000
filtered : 12674.000000
time : 0.011250
