Parameters: GAD=1 vflib=1 dir=1 label=1 lowerbound=1 fileNameGp=../graphsdb/mcs90/bvg/b03/mcs90_b03_s90.A79 fileNameGt=../graphsdb/mcs90/bvg/b03/mcs90_b03_s90.B79
Reading graphs...
90 : 135
90 : 135
Initializing...
maxdom : 11
D->valSize : 580
Solving...
Blb : 3 (clique : 56)
currentSize : 56 <-- 0.007424 s
currentSize : 57 <-- 0.008253 s
currentSize : 58 <-- 0.010067 s
currentSize : 59 <-- 0.018247 s
currentSize : 60 <-- 0.018418 s
currentSize : 62 <-- 0.027307 s
currentSize : 63 <-- 0.027489 s
currentSize : 64 <-- 0.029658 s
currentSize : 65 <-- 0.032319 s
currentSize : 68 <-- 0.167321 s
currentSize : 69 <-- 0.167602 s
currentSize : 71 <-- 0.203715 s
currentSize : 72 <-- 0.204070 s
currentSize : 74 <-- 0.259053 s
currentSize : 76 <-- 0.259259 s
currentSize : 77 <-- 0.484042 s
currentSize : 80 <-- 0.484311 s

maxsize : 80
nodes : 90576.000000
filtered : 508143.000000
time : 0.489245
