Parameters: GAD=1 vflib=1 dir=1 label=1 lowerbound=1 fileNameGp=../graphsdb/mcs90/rand/r01/mcs90_r01_s15.A20 fileNameGt=../graphsdb/mcs90/rand/r01/mcs90_r01_s15.B20
Reading graphs...
15 : 20
15 : 20
Initializing...
maxdom : 8
D->valSize : 111
Solving...
Blb : 2 (clique : 8)
currentSize : 8 <-- 0.000687 s
currentSize : 9 <-- 0.000756 s
currentSize : 10 <-- 0.001214 s
currentSize : 11 <-- 0.001346 s
currentSize : 13 <-- 0.001409 s

maxsize : 13
nodes : 259.000000
filtered : 3034.000000
time : 0.001468
