Parameters: GAD=1 vflib=1 dir=1 label=1 lowerbound=1 fileNameGp=../graphsdb/mcs90/bvg/b06m/mcs90_b06m_s50.A17 fileNameGt=../graphsdb/mcs90/bvg/b06m/mcs90_b06m_s50.B17
Reading graphs...
50 : 150
50 : 150
Initializing...
maxdom : 9
D->valSize : 348
Solving...
Blb : 2 (clique : 22)
currentSize : 22 <-- 0.002485 s
currentSize : 26 <-- 0.002606 s
currentSize : 27 <-- 0.002699 s
currentSize : 34 <-- 0.023926 s
currentSize : 36 <-- 0.024053 s
currentSize : 39 <-- 0.025173 s
currentSize : 45 <-- 0.025341 s

maxsize : 45
nodes : 5820.000000
filtered : 49569.000000
time : 0.025511
