Parameters: GAD=1 vflib=1 dir=1 label=1 lowerbound=1 fileNameGp=../graphsdb/mcs90/m2D/m2Dr2/mcs90_m2Dr2_s80.A83 fileNameGt=../graphsdb/mcs90/m2D/m2Dr2/mcs90_m2Dr2_s80.B83
Reading graphs...
80 : 158
80 : 158
Initializing...
maxdom : 10
D->valSize : 510
Solving...
Blb : 2 (clique : 53)
currentSize : 53 <-- 0.009761 s
currentSize : 54 <-- 0.010284 s
currentSize : 55 <-- 0.010652 s
currentSize : 58 <-- 0.010796 s
currentSize : 59 <-- 1.739037 s
currentSize : 61 <-- 1.739109 s
currentSize : 64 <-- 1.739384 s

maxsize : 64
nodes : 538543.000000
filtered : 3313621.000000
time : 2.681016
