Parameters: GAD=1 vflib=1 dir=1 label=1 lowerbound=1 fileNameGp=../graphsdb/mcs90/m2D/m2Dr2/mcs90_m2Dr2_s80.A52 fileNameGt=../graphsdb/mcs90/m2D/m2Dr2/mcs90_m2Dr2_s80.B52
Reading graphs...
80 : 158
80 : 158
Initializing...
maxdom : 8
D->valSize : 419
Solving...
Blb : 2 (clique : 41)
currentSize : 41 <-- 0.004215 s
currentSize : 42 <-- 0.036535 s
currentSize : 43 <-- 0.036781 s
currentSize : 44 <-- 0.069226 s
currentSize : 46 <-- 0.093224 s
currentSize : 47 <-- 0.161048 s
currentSize : 48 <-- 0.161430 s
currentSize : 50 <-- 1.004430 s
currentSize : 51 <-- 1.117020 s
currentSize : 53 <-- 1.117178 s
currentSize : 55 <-- 1.773539 s
currentSize : 57 <-- 1.775588 s
currentSize : 59 <-- 5.877109 s
currentSize : 60 <-- 18.823456 s
currentSize : 62 <-- 18.823652 s
currentSize : 64 <-- 18.831514 s

maxsize : 64
nodes : 4789004.000000
filtered : 22229534.000000
time : 22.418634
