Parameters: GAD=1 vflib=1 dir=1 label=1 lowerbound=1 fileNameGp=../graphsdb/mcs90/bvg/b03/mcs90_b03_s100.A15 fileNameGt=../graphsdb/mcs90/bvg/b03/mcs90_b03_s100.B15
Reading graphs...
100 : 150
100 : 150
Initializing...
maxdom : 7
D->valSize : 395
Solving...
Blb : 2 (clique : 74)
currentSize : 74 <-- 0.007818 s
currentSize : 78 <-- 0.009274 s
currentSize : 82 <-- 0.010546 s
currentSize : 84 <-- 0.012301 s
currentSize : 86 <-- 0.012852 s
currentSize : 87 <-- 0.096429 s
currentSize : 89 <-- 0.096791 s
currentSize : 90 <-- 0.099159 s

maxsize : 90
nodes : 15129.000000
filtered : 58089.000000
time : 0.106315
