Parameters: GAD=1 vflib=1 dir=1 label=1 lowerbound=1 fileNameGp=../graphsdb/mcs90/rand/r01/mcs90_r01_s25.A18 fileNameGt=../graphsdb/mcs90/rand/r01/mcs90_r01_s25.B18
Reading graphs...
25 : 59
25 : 59
Initializing...
maxdom : 10
D->valSize : 172
Solving...
Blb : 2 (clique : 10)
currentSize : 10 <-- 0.000788 s
currentSize : 11 <-- 0.000889 s
currentSize : 14 <-- 0.001070 s
currentSize : 18 <-- 0.001144 s
currentSize : 22 <-- 0.001236 s

maxsize : 22
nodes : 229.000000
filtered : 1943.000000
time : 0.001317
