Parameters: GAD=1 vflib=1 dir=1 label=1 lowerbound=1 fileNameGp=../graphsdb/mcs90/bvg/b03m/mcs90_b03m_s70.A76 fileNameGt=../graphsdb/mcs90/bvg/b03m/mcs90_b03m_s70.B76
Reading graphs...
70 : 105
70 : 105
Initializing...
maxdom : 10
D->valSize : 376
Solving...
Blb : 3 (clique : 49)
currentSize : 49 <-- 0.003527 s
currentSize : 50 <-- 0.004271 s
currentSize : 51 <-- 0.004787 s
currentSize : 55 <-- 0.004958 s
currentSize : 56 <-- 0.005446 s
currentSize : 57 <-- 0.005581 s
currentSize : 59 <-- 0.005635 s
currentSize : 62 <-- 0.084333 s

maxsize : 62
nodes : 23172.000000
filtered : 148562.000000
time : 0.122613
