Parameters: GAD=1 vflib=1 dir=1 label=1 lowerbound=1 fileNameGp=../graphsdb/mcs90/bvg/b03m/mcs90_b03m_s60.A34 fileNameGt=../graphsdb/mcs90/bvg/b03m/mcs90_b03m_s60.B34
Reading graphs...
60 : 90
60 : 90
Initializing...
maxdom : 8
D->valSize : 292
Solving...
Blb : 3 (clique : 38)
currentSize : 38 <-- 0.002377 s
currentSize : 40 <-- 0.002593 s
currentSize : 41 <-- 0.003290 s
currentSize : 47 <-- 0.003727 s
currentSize : 50 <-- 0.003976 s
currentSize : 51 <-- 0.004883 s
currentSize : 54 <-- 0.005146 s

maxsize : 54
nodes : 817.000000
filtered : 2763.000000
time : 0.005343
