Parameters: GAD=1 vflib=1 dir=1 label=1 lowerbound=1 fileNameGp=../graphsdb/mcs90/bvg/b06/mcs90_b06_s50.A42 fileNameGt=../graphsdb/mcs90/bvg/b06/mcs90_b06_s50.B42
Reading graphs...
50 : 150
50 : 150
Initializing...
maxdom : 8
D->valSize : 336
Solving...
Blb : 3 (clique : 28)
currentSize : 28 <-- 0.002443 s
currentSize : 29 <-- 0.002697 s
currentSize : 30 <-- 0.006288 s
currentSize : 34 <-- 0.007219 s
currentSize : 36 <-- 0.008385 s
currentSize : 38 <-- 0.010102 s
currentSize : 45 <-- 0.011950 s

maxsize : 45
nodes : 2323.000000
filtered : 22955.000000
time : 0.012107
