Parameters: GAD=1 vflib=1 dir=1 label=1 lowerbound=1 fileNameGp=../graphsdb/mcs90/m2D/m2Dr6/mcs90_m2Dr6_s100.A23 fileNameGt=../graphsdb/mcs90/m2D/m2Dr6/mcs90_m2Dr6_s100.B23
Reading graphs...
100 : 240
100 : 239
Initializing...
maxdom : 8
D->valSize : 396
Solving...
Blb : 2 (clique : 49)
currentSize : 49 <-- 0.006826 s
currentSize : 53 <-- 0.008086 s
currentSize : 54 <-- 2.522546 s
currentSize : 57 <-- 2.522735 s
currentSize : 60 <-- 4.375351 s
currentSize : 63 <-- 4.375560 s
currentSize : 66 <-- 5.583919 s
currentSize : 67 <-- 5.584434 s
currentSize : 68 <-- 7.607616 s
currentSize : 72 <-- 7.607824 s
currentSize : 73 <-- 7.608409 s
currentSize : 77 <-- 8.596855 s
currentSize : 78 <-- 8.597601 s
currentSize : 80 <-- 9.113863 s
currentSize : 81 <-- 9.114654 s

maxsize : 81
nodes : 1918666.000000
filtered : 6932215.000000
time : 9.448225
