Parameters: GAD=1 vflib=1 dir=1 label=1 lowerbound=1 fileNameGp=../graphsdb/mcs90/m2D/m2Dr6/mcs90_m2Dr6_s100.A17 fileNameGt=../graphsdb/mcs90/m2D/m2Dr6/mcs90_m2Dr6_s100.B17
Reading graphs...
100 : 240
100 : 238
Initializing...
maxdom : 8
D->valSize : 455
Solving...
Blb : 3 (clique : 71)
currentSize : 71 <-- 0.005333 s
currentSize : 73 <-- 0.035103 s
currentSize : 75 <-- 0.035447 s
currentSize : 79 <-- 0.136559 s
currentSize : 81 <-- 0.136992 s

maxsize : 81
nodes : 29695.000000
filtered : 200286.000000
time : 0.171332
