Parameters: GAD=1 vflib=1 dir=1 label=1 lowerbound=1 fileNameGp=../graphsdb/mcs90/bvg/b06/mcs90_b06_s60.A11 fileNameGt=../graphsdb/mcs90/bvg/b06/mcs90_b06_s60.B11
Reading graphs...
60 : 180
60 : 180
Initializing...
maxdom : 6
D->valSize : 271
Solving...
Blb : 2 (clique : 37)
currentSize : 37 <-- 0.002040 s
currentSize : 42 <-- 0.002222 s
currentSize : 44 <-- 0.003738 s
currentSize : 46 <-- 0.134112 s
currentSize : 54 <-- 0.134283 s

maxsize : 54
nodes : 39586.000000
filtered : 101098.000000
time : 0.134905
