Parameters: GAD=1 vflib=1 dir=1 label=1 lowerbound=1 fileNameGp=../graphsdb/mcs90/bvg/b03/mcs90_b03_s70.A04 fileNameGt=../graphsdb/mcs90/bvg/b03/mcs90_b03_s70.B04
Reading graphs...
70 : 105
70 : 105
Initializing...
maxdom : 8
D->valSize : 345
Solving...
Blb : 2 (clique : 44)
currentSize : 44 <-- 0.003227 s
currentSize : 46 <-- 0.003497 s
currentSize : 47 <-- 0.003615 s
currentSize : 49 <-- 0.003684 s
currentSize : 50 <-- 0.003926 s
currentSize : 54 <-- 0.004015 s
currentSize : 58 <-- 0.004264 s
currentSize : 62 <-- 0.004910 s

maxsize : 62
nodes : 654.000000
filtered : 2273.000000
time : 0.005171
