Parameters: GAD=1 vflib=1 dir=1 label=1 lowerbound=1 fileNameGp=../graphsdb/mcs90/bvg/b03/mcs90_b03_s80.A35 fileNameGt=../graphsdb/mcs90/bvg/b03/mcs90_b03_s80.B35
Reading graphs...
80 : 120
80 : 120
Initializing...
maxdom : 9
D->valSize : 455
Solving...
Blb : 2 (clique : 64)
currentSize : 64 <-- 0.004853 s
currentSize : 67 <-- 0.005691 s
currentSize : 69 <-- 0.012319 s
currentSize : 70 <-- 0.012965 s
currentSize : 71 <-- 0.029034 s
currentSize : 72 <-- 0.029750 s

maxsize : 72
nodes : 14128.000000
filtered : 77131.000000
time : 0.077424
