Parameters: GAD=1 vflib=1 dir=1 label=1 lowerbound=1 fileNameGp=../graphsdb/mcs90/rand/r001/mcs90_r001_s100.A22 fileNameGt=../graphsdb/mcs90/rand/r001/mcs90_r001_s100.B22
Reading graphs...
100 : 108
100 : 108
Initializing...
maxdom : 6
D->valSize : 387
Solving...
Blb : 3 (clique : 83)
currentSize : 83 <-- 0.008502 s
currentSize : 84 <-- 0.009920 s
currentSize : 85 <-- 0.010544 s
currentSize : 87 <-- 0.010757 s
currentSize : 88 <-- 0.011313 s
currentSize : 90 <-- 0.012158 s

maxsize : 90
nodes : 1096.000000
filtered : 2265.000000
time : 0.013062
