Parameters: GAD=1 vflib=1 dir=1 label=1 lowerbound=1 fileNameGp=../graphsdb/mcs90/bvg/b06/mcs90_b06_s90.A82 fileNameGt=../graphsdb/mcs90/bvg/b06/mcs90_b06_s90.B82
Reading graphs...
90 : 270
90 : 270
Initializing...
maxdom : 10
D->valSize : 567
Solving...
Blb : 3 (clique : 61)
currentSize : 61 <-- 0.007125 s
currentSize : 64 <-- 0.007540 s
currentSize : 65 <-- 0.008014 s
currentSize : 71 <-- 0.008132 s
currentSize : 72 <-- 0.008764 s
currentSize : 74 <-- 0.010985 s
currentSize : 81 <-- 0.011164 s

maxsize : 81
nodes : 11029.000000
filtered : 73505.000000
time : 0.065385
