Parameters: GAD=1 vflib=1 dir=1 label=1 lowerbound=1 fileNameGp=../graphsdb/mcs90/bvg/b03/mcs90_b03_s35.A58 fileNameGt=../graphsdb/mcs90/bvg/b03/mcs90_b03_s35.B58
Reading graphs...
35 : 52
35 : 52
Initializing...
maxdom : 8
D->valSize : 168
Solving...
Blb : 5 (clique : 19)
currentSize : 19 <-- 0.000971 s
currentSize : 20 <-- 0.001207 s
currentSize : 21 <-- 0.002701 s
currentSize : 22 <-- 0.003035 s
currentSize : 23 <-- 0.003211 s
currentSize : 24 <-- 0.006695 s
currentSize : 25 <-- 0.006707 s
currentSize : 26 <-- 0.007242 s
currentSize : 30 <-- 0.008836 s

maxsize : 30
nodes : 3107.000000
filtered : 11765.000000
time : 0.008934
