Parameters: GAD=1 vflib=1 dir=1 label=1 lowerbound=1 fileNameGp=../graphsdb/mcs90/bvg/b03m/mcs90_b03m_s90.A64 fileNameGt=../graphsdb/mcs90/bvg/b03m/mcs90_b03m_s90.B64
Reading graphs...
90 : 135
90 : 135
Initializing...
maxdom : 8
D->valSize : 537
Solving...
Blb : 3 (clique : 72)
currentSize : 72 <-- 0.011263 s
currentSize : 73 <-- 0.013131 s
currentSize : 75 <-- 0.013400 s
currentSize : 76 <-- 0.015662 s
currentSize : 77 <-- 0.020087 s
currentSize : 79 <-- 0.020395 s
currentSize : 80 <-- 0.021788 s

maxsize : 80
nodes : 8053.000000
filtered : 33751.000000
time : 0.074081
