Parameters: GAD=1 vflib=1 dir=1 label=1 lowerbound=1 fileNameGp=../graphsdb/mcs90/bvg/b06/mcs90_b06_s70.A05 fileNameGt=../graphsdb/mcs90/bvg/b06/mcs90_b06_s70.B05
Reading graphs...
70 : 210
70 : 210
Initializing...
maxdom : 8
D->valSize : 363
Solving...
Blb : 3 (clique : 52)
currentSize : 52 <-- 0.003214 s
currentSize : 53 <-- 0.003707 s
currentSize : 55 <-- 0.003800 s
currentSize : 61 <-- 0.029953 s
currentSize : 63 <-- 0.030073 s

maxsize : 63
nodes : 6465.000000
filtered : 28134.000000
time : 0.030418
