Parameters: GAD=1 vflib=1 dir=1 label=1 lowerbound=1 fileNameGp=../graphsdb/mcs90/m2D/m2Dr6/mcs90_m2Dr6_s80.A22 fileNameGt=../graphsdb/mcs90/m2D/m2Dr6/mcs90_m2Dr6_s80.B22
Reading graphs...
80 : 190
80 : 189
Initializing...
maxdom : 13
D->valSize : 496
Solving...
Blb : 2 (clique : 52)
currentSize : 52 <-- 0.005511 s
currentSize : 54 <-- 1.191129 s
currentSize : 56 <-- 2.138839 s
currentSize : 57 <-- 2.488087 s
currentSize : 58 <-- 2.796820 s
currentSize : 60 <-- 2.796892 s
currentSize : 61 <-- 4.759924 s
currentSize : 62 <-- 4.760134 s
currentSize : 64 <-- 4.760212 s

maxsize : 64
nodes : 1054183.000000
filtered : 5965701.000000
time : 4.926422
