Parameters: GAD=1 vflib=1 dir=1 label=1 lowerbound=1 fileNameGp=../graphsdb/mcs90/m2D/m2Dr2/mcs90_m2Dr2_s40.A32 fileNameGt=../graphsdb/mcs90/m2D/m2Dr2/mcs90_m2Dr2_s40.B32
Reading graphs...
40 : 75
40 : 75
Initializing...
maxdom : 8
D->valSize : 236
Solving...
Blb : 5 (clique : 20)
currentSize : 20 <-- 0.001495 s
currentSize : 28 <-- 0.001595 s
currentSize : 30 <-- 0.001643 s
currentSize : 31 <-- 0.002554 s
currentSize : 33 <-- 0.002592 s
currentSize : 36 <-- 0.002898 s

maxsize : 36
nodes : 619.000000
filtered : 3802.000000
time : 0.003233
