Parameters: GAD=1 vflib=1 dir=1 label=1 lowerbound=1 fileNameGp=../graphsdb/mcs90/m2D/m2Dr2/mcs90_m2Dr2_s80.A13 fileNameGt=../graphsdb/mcs90/m2D/m2Dr2/mcs90_m2Dr2_s80.B13
Reading graphs...
80 : 158
80 : 158
Initializing...
maxdom : 9
D->valSize : 455
Solving...
Blb : 2 (clique : 47)
currentSize : 47 <-- 0.004869 s
currentSize : 48 <-- 0.015541 s
currentSize : 50 <-- 0.020572 s
currentSize : 53 <-- 1.171376 s
currentSize : 55 <-- 1.177943 s
currentSize : 56 <-- 1.305733 s
currentSize : 59 <-- 1.417618 s
currentSize : 62 <-- 1.417863 s
currentSize : 64 <-- 1.418230 s

maxsize : 64
nodes : 291864.000000
filtered : 1759577.000000
time : 1.484628
