Parameters: GAD=1 vflib=1 dir=1 label=1 lowerbound=1 fileNameGp=../graphsdb/mcs90/bvg/b03m/mcs90_b03m_s100.A76 fileNameGt=../graphsdb/mcs90/bvg/b03m/mcs90_b03m_s100.B76
Reading graphs...
100 : 150
100 : 150
Initializing...
maxdom : 7
D->valSize : 376
Solving...
Blb : 3 (clique : 77)
currentSize : 77 <-- 0.004504 s
currentSize : 80 <-- 0.005171 s
currentSize : 81 <-- 0.005292 s
currentSize : 84 <-- 0.008623 s
currentSize : 85 <-- 0.008749 s
currentSize : 86 <-- 0.009439 s
currentSize : 87 <-- 0.009576 s
currentSize : 90 <-- 0.010377 s

maxsize : 90
nodes : 1785.000000
filtered : 3042.000000
time : 0.010843
