Parameters: GAD=1 vflib=1 dir=1 label=1 lowerbound=1 fileNameGp=../graphsdb/mcs90/bvg/b09/mcs90_b09_s90.A20 fileNameGt=../graphsdb/mcs90/bvg/b09/mcs90_b09_s90.B20
Reading graphs...
90 : 405
90 : 405
Initializing...
maxdom : 11
D->valSize : 611
Solving...
Blb : 3 (clique : 53)
currentSize : 53 <-- 0.007532 s
currentSize : 55 <-- 0.025721 s
currentSize : 58 <-- 0.035169 s
currentSize : 64 <-- 0.212965 s
currentSize : 67 <-- 0.213208 s
currentSize : 70 <-- 1.640671 s
currentSize : 80 <-- 1.640989 s

maxsize : 80
nodes : 291422.000000
filtered : 2455665.000000
time : 1.651995
