Parameters: GAD=1 vflib=1 dir=1 label=1 lowerbound=1 fileNameGp=../graphsdb/mcs90/bvg/b03/mcs90_b03_s90.A00 fileNameGt=../graphsdb/mcs90/bvg/b03/mcs90_b03_s90.B00
Reading graphs...
90 : 135
90 : 135
Initializing...
maxdom : 14
D->valSize : 664
Solving...
Blb : 2 (clique : 71)
currentSize : 71 <-- 0.011607 s
currentSize : 74 <-- 0.012131 s
currentSize : 77 <-- 0.315901 s
currentSize : 79 <-- 0.316006 s
currentSize : 80 <-- 0.316357 s

maxsize : 80
nodes : 118946.000000
filtered : 662128.000000
time : 0.638296
