Parameters: GAD=1 vflib=1 dir=1 label=1 lowerbound=1 fileNameGp=../graphsdb/mcs90/rand/r01/mcs90_r01_s25.A47 fileNameGt=../graphsdb/mcs90/rand/r01/mcs90_r01_s25.B47
Reading graphs...
25 : 59
25 : 59
Initializing...
maxdom : 9
D->valSize : 166
Solving...
Blb : 3 (clique : 9)
currentSize : 9 <-- 0.000748 s
currentSize : 11 <-- 0.000810 s
currentSize : 13 <-- 0.000831 s
currentSize : 14 <-- 0.000897 s
currentSize : 17 <-- 0.001025 s
currentSize : 22 <-- 0.001182 s

maxsize : 22
nodes : 204.000000
filtered : 2050.000000
time : 0.001250
