Parameters: GAD=1 vflib=1 dir=1 label=1 lowerbound=1 fileNameGp=../graphsdb/mcs90/m2D/m2Dr4/mcs90_m2Dr4_s60.A05 fileNameGt=../graphsdb/mcs90/m2D/m2Dr4/mcs90_m2Dr4_s60.B05
Reading graphs...
60 : 128
60 : 128
Initializing...
maxdom : 8
D->valSize : 261
Solving...
Blb : 2 (clique : 44)
currentSize : 44 <-- 0.002044 s
currentSize : 45 <-- 0.002392 s
currentSize : 46 <-- 0.005816 s
currentSize : 47 <-- 0.006083 s
currentSize : 48 <-- 0.006944 s
currentSize : 49 <-- 0.007274 s

maxsize : 49
nodes : 5100.000000
filtered : 21898.000000
time : 0.020539
