Parameters: GAD=1 vflib=1 dir=1 label=1 lowerbound=1 fileNameGp=../graphsdb/mcs90/m2D/m2Dr2/mcs90_m2Dr2_s60.A75 fileNameGt=../graphsdb/mcs90/m2D/m2Dr2/mcs90_m2Dr2_s60.B75
Reading graphs...
60 : 116
60 : 116
Initializing...
maxdom : 9
D->valSize : 284
Solving...
Blb : 3 (clique : 35)
currentSize : 35 <-- 0.002152 s
currentSize : 36 <-- 0.019660 s
currentSize : 38 <-- 0.024525 s
currentSize : 41 <-- 0.054193 s
currentSize : 43 <-- 0.054517 s
currentSize : 46 <-- 0.063624 s
currentSize : 49 <-- 0.063898 s

maxsize : 49
nodes : 16336.000000
filtered : 67640.000000
time : 0.064453
