Parameters: GAD=1 vflib=1 dir=1 label=1 lowerbound=1 fileNameGp=../graphsdb/mcs90/bvg/b06/mcs90_b06_s90.A48 fileNameGt=../graphsdb/mcs90/bvg/b06/mcs90_b06_s90.B48
Reading graphs...
90 : 270
90 : 270
Initializing...
maxdom : 10
D->valSize : 566
Solving...
Blb : 3 (clique : 54)
currentSize : 54 <-- 0.011449 s
currentSize : 56 <-- 0.014245 s
currentSize : 58 <-- 0.023582 s
currentSize : 59 <-- 0.051172 s
currentSize : 60 <-- 0.064508 s
currentSize : 65 <-- 0.075261 s
currentSize : 67 <-- 0.077372 s
currentSize : 73 <-- 0.083709 s
currentSize : 74 <-- 0.085273 s
currentSize : 81 <-- 0.085624 s

maxsize : 81
nodes : 11836.000000
filtered : 48618.000000
time : 0.087292
