Parameters: GAD=1 vflib=1 dir=1 label=1 lowerbound=1 fileNameGp=../graphsdb/mcs90/m2D/m2Dr2/mcs90_m2Dr2_s90.A46 fileNameGt=../graphsdb/mcs90/m2D/m2Dr2/mcs90_m2Dr2_s90.B46
Reading graphs...
90 : 179
90 : 179
Initializing...
maxdom : 14
D->valSize : 621
Solving...
Blb : 3 (clique : 45)
currentSize : 45 <-- 0.008141 s
currentSize : 46 <-- 0.012473 s
currentSize : 47 <-- 0.013318 s
currentSize : 49 <-- 0.033275 s
currentSize : 50 <-- 0.038326 s
currentSize : 51 <-- 0.038766 s
currentSize : 54 <-- 11.063400 s
currentSize : 55 <-- 14.542506 s
currentSize : 59 <-- 14.545698 s
currentSize : 62 <-- 14.545856 s
currentSize : 64 <-- 16.630663 s
currentSize : 65 <-- 16.804552 s
currentSize : 68 <-- 16.804691 s
currentSize : 70 <-- 16.844700 s
currentSize : 71 <-- 16.848392 s
currentSize : 75 <-- 16.848991 s
currentSize : 76 <-- 16.867428 s
currentSize : 81 <-- 16.868967 s

maxsize : 81
nodes : 3452328.000000
filtered : 15853868.000000
time : 16.871428
