Parameters: GAD=1 vflib=1 dir=1 label=1 lowerbound=1 fileNameGp=../graphsdb/mcs90/m3D/m3Dr2/mcs90_m3Dr2_s80.A99 fileNameGt=../graphsdb/mcs90/m3D/m3Dr2/mcs90_m3Dr2_s80.B99
Reading graphs...
80 : 200
80 : 199
Initializing...
maxdom : 9
D->valSize : 461
Solving...
Blb : 2 (clique : 41)
currentSize : 41 <-- 0.004940 s
currentSize : 42 <-- 0.005320 s
currentSize : 44 <-- 0.008839 s
currentSize : 45 <-- 0.009063 s
currentSize : 51 <-- 0.017468 s
currentSize : 54 <-- 0.017741 s
currentSize : 55 <-- 0.019255 s
currentSize : 58 <-- 0.019450 s
currentSize : 60 <-- 0.033428 s
currentSize : 64 <-- 0.033658 s

maxsize : 64
nodes : 23653.000000
filtered : 162185.000000
time : 0.124647
