Parameters: GAD=1 vflib=1 dir=1 label=1 lowerbound=1 fileNameGp=../graphsdb/mcs90/bvg/b03/mcs90_b03_s100.A79 fileNameGt=../graphsdb/mcs90/bvg/b03/mcs90_b03_s100.B79
Reading graphs...
100 : 150
100 : 150
Initializing...
maxdom : 7
D->valSize : 394
Solving...
Blb : 2 (clique : 80)
currentSize : 80 <-- 0.004780 s
currentSize : 85 <-- 0.005290 s
currentSize : 86 <-- 0.006005 s
currentSize : 87 <-- 0.007404 s
currentSize : 90 <-- 0.007638 s

maxsize : 90
nodes : 1873.000000
filtered : 6725.000000
time : 0.014203
