Parameters: GAD=1 vflib=1 dir=1 label=1 lowerbound=1 fileNameGp=../graphsdb/mcs90/m4D/m4D/mcs90_m4D_s90.A07 fileNameGt=../graphsdb/mcs90/m4D/m4D/mcs90_m4D_s90.B07
Reading graphs...
90 : 210
90 : 210
Initializing...
maxdom : 10
D->valSize : 561
Solving...
Blb : 2 (clique : 70)
currentSize : 70 <-- 0.007283 s
currentSize : 71 <-- 0.007957 s
currentSize : 72 <-- 0.019671 s
currentSize : 74 <-- 0.019748 s
currentSize : 75 <-- 0.020343 s
currentSize : 79 <-- 0.033528 s
currentSize : 80 <-- 0.034654 s
currentSize : 81 <-- 0.035877 s

maxsize : 81
nodes : 11550.000000
filtered : 22948.000000
time : 0.055270
