Parameters: GAD=1 vflib=1 dir=1 label=1 lowerbound=1 fileNameGp=../graphsdb/mcs90/m3D/m3D/mcs90_m3D_s80.A56 fileNameGt=../graphsdb/mcs90/m3D/m3D/mcs90_m3D_s80.B56
Reading graphs...
80 : 184
80 : 184
Initializing...
maxdom : 11
D->valSize : 492
Solving...
Blb : 2 (clique : 53)
currentSize : 53 <-- 0.005226 s
currentSize : 56 <-- 0.005530 s
currentSize : 58 <-- 0.012900 s
currentSize : 59 <-- 0.219301 s
currentSize : 61 <-- 0.219772 s
currentSize : 62 <-- 0.310327 s
currentSize : 64 <-- 0.310685 s

maxsize : 64
nodes : 85241.000000
filtered : 531813.000000
time : 0.397824
