Parameters: GAD=1 vflib=1 dir=1 label=1 lowerbound=1 fileNameGp=../graphsdb/mcs90/m2D/m2Dr6/mcs90_m2Dr6_s60.A69 fileNameGt=../graphsdb/mcs90/m2D/m2Dr6/mcs90_m2Dr6_s60.B69
Reading graphs...
60 : 140
60 : 138
Initializing...
maxdom : 7
D->valSize : 251
Solving...
Blb : 2 (clique : 28)
currentSize : 28 <-- 0.001828 s
currentSize : 31 <-- 0.001992 s
currentSize : 32 <-- 0.002563 s
currentSize : 33 <-- 0.002630 s
currentSize : 35 <-- 0.002697 s
currentSize : 36 <-- 0.002803 s
currentSize : 37 <-- 0.003682 s
currentSize : 41 <-- 0.003780 s
currentSize : 42 <-- 0.003885 s
currentSize : 43 <-- 0.024631 s
currentSize : 44 <-- 0.025242 s
currentSize : 49 <-- 0.025356 s

maxsize : 49
nodes : 5711.000000
filtered : 38107.000000
time : 0.026642
