Parameters: GAD=1 vflib=1 dir=1 label=1 lowerbound=1 fileNameGp=../graphsdb/mcs90/bvg/b03m/mcs90_b03m_s100.A27 fileNameGt=../graphsdb/mcs90/bvg/b03m/mcs90_b03m_s100.B27
Reading graphs...
100 : 150
100 : 150
Initializing...
maxdom : 8
D->valSize : 426
Solving...
Blb : 3 (clique : 80)
currentSize : 80 <-- 0.005154 s
currentSize : 82 <-- 0.006101 s
currentSize : 83 <-- 0.011968 s
currentSize : 84 <-- 0.022361 s
currentSize : 85 <-- 0.024038 s
currentSize : 86 <-- 0.025860 s
currentSize : 87 <-- 0.029379 s
currentSize : 90 <-- 0.029785 s

maxsize : 90
nodes : 3621.000000
filtered : 15475.000000
time : 0.032514
