Parameters: GAD=1 vflib=1 dir=1 label=1 lowerbound=1 fileNameGp=../graphsdb/mcs90/m4D/m4Dr4/mcs90_m4Dr4_s90.A21 fileNameGt=../graphsdb/mcs90/m4D/m4Dr4/mcs90_m4Dr4_s90.B21
Reading graphs...
90 : 246
90 : 245
Initializing...
maxdom : 10
D->valSize : 611
Solving...
Blb : 3 (clique : 72)
currentSize : 72 <-- 0.013203 s
currentSize : 74 <-- 0.013961 s
currentSize : 75 <-- 0.015035 s
currentSize : 79 <-- 0.015984 s
currentSize : 80 <-- 0.018636 s
currentSize : 81 <-- 0.021531 s

maxsize : 81
nodes : 2473.000000
filtered : 10893.000000
time : 0.036050
