Parameters: GAD=1 vflib=1 dir=1 label=1 lowerbound=1 fileNameGp=../graphsdb/mcs90/m2D/m2Dr2/mcs90_m2Dr2_s70.A32 fileNameGt=../graphsdb/mcs90/m2D/m2Dr2/mcs90_m2Dr2_s70.B32
Reading graphs...
70 : 137
70 : 137
Initializing...
maxdom : 8
D->valSize : 372
Solving...
Blb : 3 (clique : 51)
currentSize : 51 <-- 0.003423 s
currentSize : 52 <-- 0.004098 s
currentSize : 54 <-- 0.004719 s
currentSize : 56 <-- 0.005107 s
currentSize : 58 <-- 0.005538 s
currentSize : 59 <-- 0.006162 s
currentSize : 60 <-- 0.006583 s
currentSize : 64 <-- 0.006636 s

maxsize : 64
nodes : 1026.000000
filtered : 4660.000000
time : 0.006957
