Parameters: GAD=1 vflib=1 dir=1 label=1 lowerbound=1 fileNameGp=../graphsdb/mcs90/bvg/b06m/mcs90_b06m_s80.A00 fileNameGt=../graphsdb/mcs90/bvg/b06m/mcs90_b06m_s80.B00
Reading graphs...
80 : 240
80 : 240
Initializing...
maxdom : 9
D->valSize : 446
Solving...
Blb : 3 (clique : 58)
currentSize : 58 <-- 0.007492 s
currentSize : 59 <-- 0.008863 s
currentSize : 64 <-- 0.009174 s
currentSize : 66 <-- 0.080836 s
currentSize : 72 <-- 0.081225 s

maxsize : 72
nodes : 10285.000000
filtered : 74531.000000
time : 0.091745
