Parameters: GAD=1 vflib=1 dir=1 label=1 lowerbound=1 fileNameGp=../graphsdb/mcs90/m2D/m2Dr6/mcs90_m2Dr6_s80.A12 fileNameGt=../graphsdb/mcs90/m2D/m2Dr6/mcs90_m2Dr6_s80.B12
Reading graphs...
80 : 190
80 : 187
Initializing...
maxdom : 10
D->valSize : 474
Solving...
Blb : 3 (clique : 40)
currentSize : 40 <-- 0.004986 s
currentSize : 44 <-- 0.068100 s
currentSize : 45 <-- 0.126230 s
currentSize : 46 <-- 0.179057 s
currentSize : 50 <-- 0.396825 s
currentSize : 51 <-- 1.100932 s
currentSize : 52 <-- 1.357143 s
currentSize : 55 <-- 2.329807 s
currentSize : 57 <-- 2.845066 s
currentSize : 64 <-- 4.131972 s

maxsize : 64
nodes : 892096.000000
filtered : 5662536.000000
time : 4.186386
