Parameters: GAD=1 vflib=1 dir=1 label=1 lowerbound=1 fileNameGp=../graphsdb/mcs90/m2D/m2Dr4/mcs90_m2Dr4_s60.A72 fileNameGt=../graphsdb/mcs90/m2D/m2Dr4/mcs90_m2Dr4_s60.B72
Reading graphs...
60 : 128
60 : 127
Initializing...
maxdom : 7
D->valSize : 271
Solving...
Blb : 2 (clique : 35)
currentSize : 35 <-- 0.002110 s
currentSize : 36 <-- 0.002422 s
currentSize : 39 <-- 0.008598 s
currentSize : 43 <-- 0.008720 s
currentSize : 49 <-- 0.013707 s

maxsize : 49
nodes : 5775.000000
filtered : 23410.000000
time : 0.022486
