Parameters: GAD=1 vflib=1 dir=1 label=1 lowerbound=1 fileNameGp=../graphsdb/mcs90/m2D/m2Dr6/mcs90_m2Dr6_s30.A86 fileNameGt=../graphsdb/mcs90/m2D/m2Dr6/mcs90_m2Dr6_s30.B86
Reading graphs...
30 : 67
30 : 64
Initializing...
maxdom : 5
D->valSize : 123
Solving...
Blb : 2 (clique : 9)
currentSize : 9 <-- 0.000724 s
currentSize : 10 <-- 0.000800 s
currentSize : 11 <-- 0.000858 s
currentSize : 12 <-- 0.000939 s
currentSize : 13 <-- 0.000964 s
currentSize : 15 <-- 0.001068 s
currentSize : 19 <-- 0.001428 s
currentSize : 22 <-- 0.001715 s
currentSize : 25 <-- 0.001849 s

maxsize : 25
nodes : 418.000000
filtered : 2246.000000
time : 0.001926
