Parameters: GAD=1 vflib=1 dir=1 label=1 lowerbound=1 fileNameGp=../graphsdb/mcs90/m4D/m4D/mcs90_m4D_s100.A38 fileNameGt=../graphsdb/mcs90/m4D/m4D/mcs90_m4D_s100.B38
Reading graphs...
100 : 223
100 : 223
Initializing...
maxdom : 8
D->valSize : 397
Solving...
Blb : 2 (clique : 72)
currentSize : 72 <-- 0.004626 s
currentSize : 73 <-- 0.005617 s
currentSize : 76 <-- 0.075914 s
currentSize : 77 <-- 0.076902 s
currentSize : 80 <-- 14.651014 s
currentSize : 81 <-- 14.652462 s

maxsize : 81
nodes : 3468176.000000
filtered : 10462585.000000
time : 17.083685
