Parameters: GAD=1 vflib=1 dir=1 label=1 lowerbound=1 fileNameGp=../graphsdb/mcs90/bvg/b06/mcs90_b06_s90.A36 fileNameGt=../graphsdb/mcs90/bvg/b06/mcs90_b06_s90.B36
Reading graphs...
90 : 270
90 : 270
Initializing...
maxdom : 12
D->valSize : 608
Solving...
Blb : 3 (clique : 44)
currentSize : 44 <-- 0.012677 s
currentSize : 48 <-- 0.063135 s
currentSize : 49 <-- 0.201128 s
currentSize : 50 <-- 0.232183 s
currentSize : 52 <-- 0.234120 s
currentSize : 55 <-- 0.234504 s
currentSize : 56 <-- 0.278124 s
currentSize : 60 <-- 0.789305 s
currentSize : 67 <-- 0.794995 s
currentSize : 68 <-- 0.996774 s
currentSize : 71 <-- 1.232240 s
currentSize : 74 <-- 1.232448 s
currentSize : 78 <-- 1.265129 s
currentSize : 81 <-- 1.265503 s

maxsize : 81
nodes : 227652.000000
filtered : 1393150.000000
time : 1.266973
