Parameters: GAD=1 vflib=1 dir=1 label=1 lowerbound=1 fileNameGp=../graphsdb/mcs90/m3D/m3Dr2/mcs90_m3Dr2_s80.A87 fileNameGt=../graphsdb/mcs90/m3D/m3Dr2/mcs90_m3Dr2_s80.B87
Reading graphs...
80 : 200
80 : 200
Initializing...
maxdom : 8
D->valSize : 446
Solving...
Blb : 2 (clique : 45)
currentSize : 45 <-- 0.004446 s
currentSize : 50 <-- 0.004730 s
currentSize : 54 <-- 0.005245 s
currentSize : 59 <-- 1.634182 s
currentSize : 64 <-- 1.634438 s

maxsize : 64
nodes : 420929.000000
filtered : 2597237.000000
time : 1.983226
