Parameters: GAD=1 vflib=1 dir=1 label=1 lowerbound=1 fileNameGp=../graphsdb/mcs90/rand/r02/mcs90_r02_s50.A02 fileNameGt=../graphsdb/mcs90/rand/r02/mcs90_r02_s50.B02
Reading graphs...
50 : 489
50 : 489
Initializing...
maxdom : 8
D->valSize : 331
Solving...
Blb : 5 (clique : 7)
currentSize : 7 <-- 0.002172 s
currentSize : 8 <-- 0.002252 s
currentSize : 9 <-- 0.002267 s
currentSize : 10 <-- 0.002453 s
currentSize : 12 <-- 0.002549 s
currentSize : 22 <-- 0.002845 s
currentSize : 45 <-- 0.003881 s

maxsize : 45
nodes : 438.000000
filtered : 8581.000000
time : 0.004061
