Parameters: GAD=1 vflib=1 dir=1 label=1 lowerbound=1 fileNameGp=../graphsdb/mcs90/bvg/b03m/mcs90_b03m_s30.A61 fileNameGt=../graphsdb/mcs90/bvg/b03m/mcs90_b03m_s30.B61
Reading graphs...
30 : 45
30 : 45
Initializing...
maxdom : 7
D->valSize : 145
Solving...
Blb : 2 (clique : 18)
currentSize : 18 <-- 0.000889 s
currentSize : 20 <-- 0.000969 s
currentSize : 21 <-- 0.001015 s
currentSize : 25 <-- 0.001156 s
currentSize : 26 <-- 0.001264 s

maxsize : 26
nodes : 236.000000
filtered : 1082.000000
time : 0.001485
