Parameters: GAD=1 vflib=1 dir=1 label=1 lowerbound=1 fileNameGp=../graphsdb/mcs90/bvg/b06m/mcs90_b06m_s30.A70 fileNameGt=../graphsdb/mcs90/bvg/b06m/mcs90_b06m_s30.B70
Reading graphs...
30 : 90
30 : 90
Initializing...
maxdom : 5
D->valSize : 124
Solving...
Blb : 2 (clique : 10)
currentSize : 10 <-- 0.000670 s
currentSize : 11 <-- 0.000787 s
currentSize : 12 <-- 0.000872 s
currentSize : 13 <-- 0.001019 s
currentSize : 16 <-- 0.001336 s
currentSize : 19 <-- 0.001483 s
currentSize : 20 <-- 0.001684 s
currentSize : 27 <-- 0.001745 s

maxsize : 27
nodes : 371.000000
filtered : 2032.000000
time : 0.001821
