Parameters: GAD=1 vflib=1 dir=1 label=1 lowerbound=1 fileNameGp=../graphsdb/mcs90/bvg/b03/mcs90_b03_s70.A01 fileNameGt=../graphsdb/mcs90/bvg/b03/mcs90_b03_s70.B01
Reading graphs...
70 : 105
70 : 105
Initializing...
maxdom : 7
D->valSize : 363
Solving...
Blb : 2 (clique : 50)
currentSize : 50 <-- 0.003449 s
currentSize : 52 <-- 0.003737 s
currentSize : 53 <-- 0.003866 s
currentSize : 56 <-- 0.004046 s
currentSize : 57 <-- 0.004288 s
currentSize : 58 <-- 0.004609 s
currentSize : 61 <-- 0.005103 s
currentSize : 62 <-- 0.005656 s

maxsize : 62
nodes : 4534.000000
filtered : 17614.000000
time : 0.022283
