Parameters: GAD=1 vflib=1 dir=1 label=1 lowerbound=1 fileNameGp=../graphsdb/mcs90/m2D/m2Dr2/mcs90_m2Dr2_s80.A32 fileNameGt=../graphsdb/mcs90/m2D/m2Dr2/mcs90_m2Dr2_s80.B32
Reading graphs...
80 : 158
80 : 158
Initializing...
maxdom : 8
D->valSize : 442
Solving...
Blb : 2 (clique : 45)
currentSize : 45 <-- 0.005054 s
currentSize : 48 <-- 0.005595 s
currentSize : 50 <-- 0.006987 s
currentSize : 53 <-- 0.008438 s
currentSize : 54 <-- 0.008737 s
currentSize : 55 <-- 0.009329 s
currentSize : 57 <-- 0.010640 s
currentSize : 59 <-- 0.010775 s
currentSize : 60 <-- 0.011984 s
currentSize : 64 <-- 0.012103 s

maxsize : 64
nodes : 3675.000000
filtered : 21331.000000
time : 0.023976
