Parameters: GAD=1 vflib=1 dir=1 label=1 lowerbound=1 fileNameGp=../graphsdb/mcs90/m3D/m3D/mcs90_m3D_s70.A36 fileNameGt=../graphsdb/mcs90/m3D/m3D/mcs90_m3D_s70.B36
Reading graphs...
70 : 159
70 : 159
Initializing...
maxdom : 8
D->valSize : 333
Solving...
Blb : 3 (clique : 41)
currentSize : 41 <-- 0.002850 s
currentSize : 42 <-- 0.003172 s
currentSize : 43 <-- 0.004374 s
currentSize : 45 <-- 0.004490 s
currentSize : 48 <-- 0.005225 s
currentSize : 53 <-- 0.006104 s
currentSize : 61 <-- 0.008741 s
currentSize : 64 <-- 0.008911 s

maxsize : 64
nodes : 1531.000000
filtered : 8671.000000
time : 0.009311
