Parameters: GAD=1 vflib=1 dir=1 label=1 lowerbound=1 fileNameGp=../graphsdb/mcs90/bvg/b06m/mcs90_b06m_s90.A75 fileNameGt=../graphsdb/mcs90/bvg/b06m/mcs90_b06m_s90.B75
Reading graphs...
90 : 270
90 : 270
Initializing...
maxdom : 8
D->valSize : 562
Solving...
Blb : 3 (clique : 60)
currentSize : 60 <-- 0.006870 s
currentSize : 62 <-- 0.018269 s
currentSize : 66 <-- 0.210269 s
currentSize : 72 <-- 0.211603 s
currentSize : 75 <-- 0.388189 s
currentSize : 81 <-- 0.388589 s

maxsize : 81
nodes : 67048.000000
filtered : 605241.000000
time : 0.391784
