Parameters: GAD=1 vflib=1 dir=1 label=1 lowerbound=1 fileNameGp=../graphsdb/mcs90/m2D/m2Dr2/mcs90_m2Dr2_s80.A97 fileNameGt=../graphsdb/mcs90/m2D/m2Dr2/mcs90_m2Dr2_s80.B97
Reading graphs...
80 : 158
80 : 158
Initializing...
maxdom : 12
D->valSize : 498
Solving...
Blb : 2 (clique : 36)
currentSize : 36 <-- 0.005537 s
currentSize : 51 <-- 0.005814 s
currentSize : 56 <-- 0.012454 s
currentSize : 58 <-- 0.012672 s
currentSize : 64 <-- 0.666970 s

maxsize : 64
nodes : 479062.000000
filtered : 2830142.000000
time : 2.363164
