Parameters: GAD=1 vflib=1 dir=1 label=1 lowerbound=1 fileNameGp=../graphsdb/mcs90/m3D/m3Dr2/mcs90_m3Dr2_s80.A79 fileNameGt=../graphsdb/mcs90/m3D/m3Dr2/mcs90_m3Dr2_s80.B79
Reading graphs...
80 : 200
80 : 199
Initializing...
maxdom : 10
D->valSize : 455
Solving...
Blb : 2 (clique : 46)
currentSize : 46 <-- 0.004776 s
currentSize : 47 <-- 0.247327 s
currentSize : 50 <-- 0.248097 s
currentSize : 52 <-- 0.432983 s
currentSize : 55 <-- 0.433321 s
currentSize : 56 <-- 0.452818 s
currentSize : 57 <-- 0.453397 s
currentSize : 59 <-- 0.453987 s
currentSize : 60 <-- 0.454860 s
currentSize : 64 <-- 0.811291 s

maxsize : 64
nodes : 190410.000000
filtered : 1327691.000000
time : 0.953241
