Parameters: GAD=1 vflib=1 dir=1 label=1 lowerbound=1 fileNameGp=../graphsdb/mcs90/bvg/b06m/mcs90_b06m_s70.A99 fileNameGt=../graphsdb/mcs90/bvg/b06m/mcs90_b06m_s70.B99
Reading graphs...
70 : 210
70 : 210
Initializing...
maxdom : 9
D->valSize : 372
Solving...
Blb : 3 (clique : 46)
currentSize : 46 <-- 0.003274 s
currentSize : 47 <-- 0.003838 s
currentSize : 49 <-- 0.005807 s
currentSize : 53 <-- 0.020578 s
currentSize : 57 <-- 0.020727 s
currentSize : 63 <-- 0.021103 s

maxsize : 63
nodes : 4301.000000
filtered : 18504.000000
time : 0.021413
