Parameters: GAD=1 vflib=1 dir=1 label=1 lowerbound=1 fileNameGp=../graphsdb/mcs90/bvg/b03/mcs90_b03_s90.A60 fileNameGt=../graphsdb/mcs90/bvg/b03/mcs90_b03_s90.B60
Reading graphs...
90 : 135
90 : 135
Initializing...
maxdom : 9
D->valSize : 560
Solving...
Blb : 2 (clique : 62)
currentSize : 62 <-- 0.007077 s
currentSize : 65 <-- 0.007537 s
currentSize : 70 <-- 0.008678 s
currentSize : 72 <-- 0.009923 s
currentSize : 76 <-- 0.010737 s
currentSize : 80 <-- 0.012717 s

maxsize : 80
nodes : 4644.000000
filtered : 26638.000000
time : 0.034191
