Parameters: GAD=1 vflib=1 dir=1 label=1 lowerbound=1 fileNameGp=../graphsdb/mcs90/m2D/m2D/mcs90_m2D_s90.A90 fileNameGt=../graphsdb/mcs90/m2D/m2D/mcs90_m2D_s90.B90
Reading graphs...
90 : 161
90 : 161
Initializing...
maxdom : 11
D->valSize : 603
Solving...
Blb : 2 (clique : 71)
currentSize : 71 <-- 0.013165 s
currentSize : 73 <-- 0.020572 s
currentSize : 76 <-- 0.081904 s
currentSize : 77 <-- 0.083502 s
currentSize : 81 <-- 0.083677 s

maxsize : 81
nodes : 11375.000000
filtered : 69650.000000
time : 0.091613
