Parameters: GAD=1 vflib=1 dir=1 label=1 lowerbound=1 fileNameGp=../graphsdb/mcs90/m4D/m4Dr6/mcs90_m4Dr6_s100.A97 fileNameGt=../graphsdb/mcs90/m4D/m4Dr6/mcs90_m4Dr6_s100.B97
Reading graphs...
100 : 283
100 : 281
Initializing...
maxdom : 9
D->valSize : 394
Solving...
Blb : 3 (clique : 66)
currentSize : 66 <-- 0.004240 s
currentSize : 67 <-- 0.005144 s
currentSize : 73 <-- 0.018627 s
currentSize : 76 <-- 0.023889 s
currentSize : 81 <-- 0.025727 s

maxsize : 81
nodes : 129622.000000
filtered : 690562.000000
time : 0.721145
