Parameters: GAD=1 vflib=1 dir=1 label=1 lowerbound=1 fileNameGp=../graphsdb/mcs90/m3D/m3D/mcs90_m3D_s80.A76 fileNameGt=../graphsdb/mcs90/m3D/m3D/mcs90_m3D_s80.B76
Reading graphs...
80 : 184
80 : 184
Initializing...
maxdom : 8
D->valSize : 461
Solving...
Blb : 2 (clique : 57)
currentSize : 57 <-- 0.008043 s
currentSize : 58 <-- 0.008644 s
currentSize : 62 <-- 0.010705 s
currentSize : 63 <-- 0.010868 s
currentSize : 64 <-- 0.016662 s
currentSize : 65 <-- 0.016841 s

maxsize : 65
nodes : 451476.000000
filtered : 2413239.000000
time : 2.119029
