Parameters: GAD=1 vflib=1 dir=1 label=1 lowerbound=1 fileNameGp=../graphsdb/mcs90/m3D/m3Dr2/mcs90_m3Dr2_s80.A05 fileNameGt=../graphsdb/mcs90/m3D/m3Dr2/mcs90_m3Dr2_s80.B05
Reading graphs...
80 : 200
80 : 198
Initializing...
maxdom : 8
D->valSize : 455
Solving...
Blb : 2 (clique : 49)
currentSize : 49 <-- 0.004684 s
currentSize : 56 <-- 0.006246 s
currentSize : 57 <-- 0.006565 s
currentSize : 63 <-- 0.008361 s
currentSize : 64 <-- 0.008662 s

maxsize : 64
nodes : 73237.000000
filtered : 304212.000000
time : 0.327072
