Parameters: GAD=1 vflib=1 dir=1 label=1 lowerbound=1 fileNameGp=../graphsdb/mcs90/m3D/m3Dr2/mcs90_m3Dr2_s80.A73 fileNameGt=../graphsdb/mcs90/m3D/m3Dr2/mcs90_m3Dr2_s80.B73
Reading graphs...
80 : 200
80 : 200
Initializing...
maxdom : 9
D->valSize : 436
Solving...
Blb : 2 (clique : 46)
currentSize : 46 <-- 0.004545 s
currentSize : 49 <-- 0.004834 s
currentSize : 52 <-- 0.004991 s
currentSize : 53 <-- 0.005567 s
currentSize : 56 <-- 0.005718 s
currentSize : 59 <-- 0.022022 s
currentSize : 60 <-- 0.022837 s
currentSize : 64 <-- 0.023024 s

maxsize : 64
nodes : 14253.000000
filtered : 89009.000000
time : 0.076820
