Parameters: GAD=1 vflib=1 dir=1 label=1 lowerbound=1 fileNameGp=../graphsdb/mcs90/m2D/m2Dr2/mcs90_m2Dr2_s90.A41 fileNameGt=../graphsdb/mcs90/m2D/m2Dr2/mcs90_m2Dr2_s90.B41
Reading graphs...
90 : 179
90 : 179
Initializing...
maxdom : 10
D->valSize : 581
Solving...
Blb : 2 (clique : 55)
currentSize : 55 <-- 0.007448 s
currentSize : 56 <-- 0.008000 s
currentSize : 57 <-- 0.008190 s
currentSize : 62 <-- 0.008931 s
currentSize : 68 <-- 0.009942 s
currentSize : 70 <-- 0.011814 s
currentSize : 71 <-- 0.013272 s
currentSize : 74 <-- 0.013485 s
currentSize : 76 <-- 0.014968 s
currentSize : 79 <-- 0.017799 s
currentSize : 81 <-- 0.018176 s

maxsize : 81
nodes : 3916.000000
filtered : 16410.000000
time : 0.025331
