Parameters: GAD=1 vflib=1 dir=1 label=1 lowerbound=1 fileNameGp=../graphsdb/mcs90/m2D/m2Dr4/mcs90_m2Dr4_s90.A39 fileNameGt=../graphsdb/mcs90/m2D/m2Dr4/mcs90_m2Dr4_s90.B39
Reading graphs...
90 : 197
90 : 195
Initializing...
maxdom : 9
D->valSize : 575
Solving...
Blb : 2 (clique : 51)
currentSize : 51 <-- 0.012114 s
currentSize : 54 <-- 0.012714 s
currentSize : 58 <-- 0.013388 s
currentSize : 59 <-- 0.016881 s
currentSize : 64 <-- 0.017287 s
currentSize : 65 <-- 0.019014 s
currentSize : 67 <-- 0.020708 s
currentSize : 68 <-- 0.022642 s
currentSize : 71 <-- 0.028702 s
currentSize : 73 <-- 0.030124 s
currentSize : 75 <-- 0.031147 s
currentSize : 77 <-- 0.032244 s
currentSize : 81 <-- 0.033111 s

maxsize : 81
nodes : 2638.000000
filtered : 12795.000000
time : 0.033787
