Parameters: GAD=1 vflib=1 dir=1 label=1 lowerbound=1 fileNameGp=../graphsdb/mcs90/bvg/b09m/mcs90_b09m_s50.A13 fileNameGt=../graphsdb/mcs90/bvg/b09m/mcs90_b09m_s50.B13
Reading graphs...
50 : 225
50 : 225
Initializing...
maxdom : 10
D->valSize : 326
Solving...
Blb : 3 (clique : 26)
currentSize : 26 <-- 0.002271 s
currentSize : 27 <-- 0.003180 s
currentSize : 30 <-- 0.004031 s
currentSize : 33 <-- 0.004112 s
currentSize : 40 <-- 0.005200 s
currentSize : 44 <-- 0.005328 s

maxsize : 44
nodes : 880.000000
filtered : 11047.000000
time : 0.005745
