Parameters: GAD=1 vflib=1 dir=1 label=1 lowerbound=1 fileNameGp=../graphsdb/mcs90/m3D/m3D/mcs90_m3D_s80.A38 fileNameGt=../graphsdb/mcs90/m3D/m3D/mcs90_m3D_s80.B38
Reading graphs...
80 : 184
80 : 184
Initializing...
maxdom : 10
D->valSize : 466
Solving...
Blb : 3 (clique : 50)
currentSize : 50 <-- 0.004888 s
currentSize : 51 <-- 0.117866 s
currentSize : 52 <-- 0.129808 s
currentSize : 53 <-- 0.130173 s
currentSize : 55 <-- 0.130344 s
currentSize : 56 <-- 0.642491 s
currentSize : 57 <-- 0.794666 s
currentSize : 58 <-- 1.187827 s
currentSize : 59 <-- 1.306508 s
currentSize : 62 <-- 1.306722 s
currentSize : 64 <-- 1.306918 s

maxsize : 64
nodes : 266927.000000
filtered : 1702211.000000
time : 1.374651
