Parameters: GAD=1 vflib=1 dir=1 label=1 lowerbound=1 fileNameGp=../graphsdb/mcs90/bvg/b03/mcs90_b03_s90.A11 fileNameGt=../graphsdb/mcs90/bvg/b03/mcs90_b03_s90.B11
Reading graphs...
90 : 135
90 : 135
Initializing...
maxdom : 11
D->valSize : 582
Solving...
Blb : 2 (clique : 68)
currentSize : 68 <-- 0.007548 s
currentSize : 69 <-- 0.008291 s
currentSize : 72 <-- 0.008440 s
currentSize : 76 <-- 0.008618 s
currentSize : 80 <-- 0.008865 s

maxsize : 80
nodes : 2059.000000
filtered : 10826.000000
time : 0.018806
