Parameters: GAD=1 vflib=1 dir=1 label=1 lowerbound=1 fileNameGp=../graphsdb/mcs90/m2D/m2Dr4/mcs90_m2Dr4_s80.A32 fileNameGt=../graphsdb/mcs90/m2D/m2Dr4/mcs90_m2Dr4_s80.B32
Reading graphs...
80 : 174
80 : 172
Initializing...
maxdom : 9
D->valSize : 462
Solving...
Blb : 2 (clique : 40)
currentSize : 40 <-- 0.004806 s
currentSize : 44 <-- 0.232002 s
currentSize : 45 <-- 0.232277 s
currentSize : 46 <-- 0.232474 s
currentSize : 52 <-- 0.633246 s
currentSize : 54 <-- 0.694864 s
currentSize : 57 <-- 0.702442 s
currentSize : 59 <-- 0.865684 s
currentSize : 60 <-- 0.874377 s
currentSize : 64 <-- 0.874847 s

maxsize : 64
nodes : 175184.000000
filtered : 1325269.000000
time : 0.909796
