Parameters: GAD=1 vflib=1 dir=1 label=1 lowerbound=1 fileNameGp=../graphsdb/mcs90/bvg/b03m/mcs90_b03m_s70.A99 fileNameGt=../graphsdb/mcs90/bvg/b03m/mcs90_b03m_s70.B99
Reading graphs...
70 : 105
70 : 105
Initializing...
maxdom : 7
D->valSize : 326
Solving...
Blb : 3 (clique : 48)
currentSize : 48 <-- 0.002908 s
currentSize : 49 <-- 0.003197 s
currentSize : 50 <-- 0.003407 s
currentSize : 52 <-- 0.029486 s
currentSize : 55 <-- 0.029768 s
currentSize : 58 <-- 0.039445 s
currentSize : 59 <-- 0.051231 s
currentSize : 61 <-- 0.063971 s
currentSize : 62 <-- 0.064220 s

maxsize : 62
nodes : 16647.000000
filtered : 60295.000000
time : 0.065433
