Parameters: GAD=1 vflib=1 dir=1 label=1 lowerbound=1 fileNameGp=../graphsdb/mcs90/m2D/m2D/mcs90_m2D_s60.A64 fileNameGt=../graphsdb/mcs90/m2D/m2D/mcs90_m2D_s60.B64
Reading graphs...
60 : 104
60 : 104
Initializing...
maxdom : 8
D->valSize : 257
Solving...
Blb : 2 (clique : 42)
currentSize : 42 <-- 0.002058 s
currentSize : 43 <-- 0.002322 s
currentSize : 44 <-- 0.002512 s
currentSize : 47 <-- 0.002647 s
currentSize : 48 <-- 0.002797 s
currentSize : 49 <-- 0.003023 s

maxsize : 49
nodes : 30368.000000
filtered : 152581.000000
time : 0.116492
