Parameters: GAD=1 vflib=1 dir=1 label=1 lowerbound=1 fileNameGp=../graphsdb/mcs90/m2D/m2D/mcs90_m2D_s80.A77 fileNameGt=../graphsdb/mcs90/m2D/m2D/mcs90_m2D_s80.B77
Reading graphs...
80 : 142
80 : 142
Initializing...
maxdom : 7
D->valSize : 453
Solving...
Blb : 2 (clique : 48)
currentSize : 48 <-- 0.004813 s
currentSize : 49 <-- 0.005274 s
currentSize : 51 <-- 0.005444 s
currentSize : 52 <-- 0.006299 s
currentSize : 54 <-- 0.006738 s
currentSize : 57 <-- 0.085585 s
currentSize : 62 <-- 0.134890 s
currentSize : 64 <-- 0.175481 s

maxsize : 64
nodes : 2343051.000000
filtered : 11839986.000000
time : 11.144158
