Parameters: GAD=1 vflib=1 dir=1 label=1 lowerbound=1 fileNameGp=../graphsdb/mcs90/m2D/m2Dr2/mcs90_m2Dr2_s100.A64 fileNameGt=../graphsdb/mcs90/m2D/m2Dr2/mcs90_m2Dr2_s100.B64
Reading graphs...
100 : 200
100 : 199
Initializing...
maxdom : 7
D->valSize : 378
Solving...
Blb : 3 (clique : 61)
currentSize : 61 <-- 0.007088 s
currentSize : 62 <-- 0.007851 s
currentSize : 65 <-- 0.025093 s
currentSize : 66 <-- 0.025460 s
currentSize : 67 <-- 0.082551 s
currentSize : 68 <-- 0.099842 s
currentSize : 69 <-- 0.100052 s
currentSize : 70 <-- 0.104536 s
currentSize : 71 <-- 0.104768 s
currentSize : 72 <-- 0.105572 s
currentSize : 73 <-- 0.105929 s
currentSize : 74 <-- 0.170913 s
currentSize : 75 <-- 0.171265 s
currentSize : 76 <-- 5.767671 s
currentSize : 77 <-- 5.769191 s
currentSize : 78 <-- 5.769851 s
currentSize : 79 <-- 5.770681 s
currentSize : 80 <-- 5.815971 s
currentSize : 81 <-- 5.816818 s

maxsize : 81
nodes : 1421158.000000
filtered : 6074352.000000
time : 8.110191
