Parameters: GAD=1 vflib=1 dir=1 label=1 lowerbound=1 fileNameGp=../graphsdb/mcs90/m4D/m4Dr2/mcs90_m4Dr2_s100.A30 fileNameGt=../graphsdb/mcs90/m4D/m4Dr2/mcs90_m4Dr2_s100.B30
Reading graphs...
100 : 243
100 : 243
Initializing...
maxdom : 7
D->valSize : 361
Solving...
Blb : 2 (clique : 68)
currentSize : 68 <-- 0.004352 s
currentSize : 71 <-- 0.122758 s
currentSize : 77 <-- 2.414721 s
currentSize : 78 <-- 2.415538 s
currentSize : 79 <-- 4.812302 s
currentSize : 80 <-- 4.822730 s
currentSize : 81 <-- 4.823485 s

maxsize : 81
nodes : 3293190.000000
filtered : 7926661.000000
time : 15.389193
