Parameters: GAD=1 vflib=1 dir=1 label=1 lowerbound=1 fileNameGp=../graphsdb/mcs90/m2D/m2D/mcs90_m2D_s100.A82 fileNameGt=../graphsdb/mcs90/m2D/m2D/mcs90_m2D_s100.B82
Reading graphs...
100 : 180
100 : 180
Initializing...
maxdom : 8
D->valSize : 389
Solving...
Blb : 2 (clique : 59)
currentSize : 59 <-- 0.004266 s
currentSize : 60 <-- 0.004693 s
currentSize : 61 <-- 0.004840 s
currentSize : 62 <-- 0.005005 s
currentSize : 63 <-- 0.005247 s
currentSize : 64 <-- 0.136345 s
currentSize : 65 <-- 0.152861 s
currentSize : 67 <-- 0.153172 s
currentSize : 69 <-- 0.234562 s
currentSize : 70 <-- 0.290377 s
currentSize : 71 <-- 0.354095 s
currentSize : 75 <-- 0.354373 s
currentSize : 78 <-- 0.467469 s
currentSize : 79 <-- 0.475479 s
currentSize : 81 <-- 0.475695 s

maxsize : 81
nodes : 256177.000000
filtered : 674765.000000
time : 1.252745
