Parameters: GAD=1 vflib=1 dir=1 label=1 lowerbound=1 fileNameGp=../graphsdb/mcs90/m3D/m3Dr4/mcs90_m3Dr4_s70.A80 fileNameGt=../graphsdb/mcs90/m3D/m3Dr4/mcs90_m3Dr4_s70.B80
Reading graphs...
70 : 187
70 : 186
Initializing...
maxdom : 9
D->valSize : 377
Solving...
Blb : 3 (clique : 39)
currentSize : 39 <-- 0.005416 s
currentSize : 50 <-- 0.005778 s
currentSize : 54 <-- 0.006213 s
currentSize : 56 <-- 0.007330 s
currentSize : 64 <-- 0.007738 s

maxsize : 64
nodes : 650.000000
filtered : 3514.000000
time : 0.008651
