Parameters: GAD=1 vflib=1 dir=1 label=1 lowerbound=1 fileNameGp=../graphsdb/mcs90/m2D/m2Dr6/mcs90_m2Dr6_s80.A83 fileNameGt=../graphsdb/mcs90/m2D/m2Dr6/mcs90_m2Dr6_s80.B83
Reading graphs...
80 : 190
80 : 190
Initializing...
maxdom : 9
D->valSize : 459
Solving...
Blb : 2 (clique : 58)
currentSize : 58 <-- 0.008485 s
currentSize : 59 <-- 0.009776 s
currentSize : 61 <-- 0.011611 s
currentSize : 62 <-- 0.012318 s
currentSize : 63 <-- 0.023501 s
currentSize : 64 <-- 0.024238 s

maxsize : 64
nodes : 233498.000000
filtered : 1021034.000000
time : 1.032167
