Parameters: GAD=1 vflib=1 dir=1 label=1 lowerbound=1 fileNameGp=../graphsdb/mcs90/m2D/m2D/mcs90_m2D_s70.A82 fileNameGt=../graphsdb/mcs90/m2D/m2D/mcs90_m2D_s70.B82
Reading graphs...
70 : 123
70 : 123
Initializing...
maxdom : 7
D->valSize : 334
Solving...
Blb : 2 (clique : 53)
currentSize : 53 <-- 0.003081 s
currentSize : 54 <-- 0.003501 s
currentSize : 57 <-- 0.019087 s
currentSize : 59 <-- 0.019189 s
currentSize : 64 <-- 0.023410 s

maxsize : 64
nodes : 4816.000000
filtered : 20773.000000
time : 0.023653
