Parameters: GAD=1 vflib=1 dir=1 label=1 lowerbound=1 fileNameGp=../graphsdb/mcs90/m2D/m2D/mcs90_m2D_s100.A62 fileNameGt=../graphsdb/mcs90/m2D/m2D/mcs90_m2D_s100.B62
Reading graphs...
100 : 180
100 : 180
Initializing...
maxdom : 8
D->valSize : 386
Solving...
Blb : 2 (clique : 49)
currentSize : 49 <-- 0.004172 s
currentSize : 52 <-- 0.004633 s
currentSize : 55 <-- 0.005825 s
currentSize : 58 <-- 0.009616 s
currentSize : 59 <-- 0.009669 s
currentSize : 60 <-- 0.017557 s
currentSize : 61 <-- 0.017696 s
currentSize : 62 <-- 0.114969 s
currentSize : 63 <-- 0.267948 s
currentSize : 66 <-- 0.274404 s
currentSize : 67 <-- 0.274562 s
currentSize : 69 <-- 0.363930 s
currentSize : 73 <-- 0.370711 s
currentSize : 77 <-- 0.388958 s
currentSize : 78 <-- 0.586981 s
currentSize : 81 <-- 0.587378 s

maxsize : 81
nodes : 149715.000000
filtered : 475814.000000
time : 0.747758
