Parameters: GAD=1 vflib=1 dir=1 label=1 lowerbound=1 fileNameGp=../graphsdb/mcs90/rand/r01/mcs90_r01_s40.A86 fileNameGt=../graphsdb/mcs90/rand/r01/mcs90_r01_s40.B86
Reading graphs...
40 : 155
40 : 155
Initializing...
maxdom : 7
D->valSize : 210
Solving...
Blb : 2 (clique : 18)
currentSize : 18 <-- 0.001320 s
currentSize : 19 <-- 0.001455 s
currentSize : 20 <-- 0.001887 s
currentSize : 24 <-- 0.001922 s
currentSize : 36 <-- 0.002323 s

maxsize : 36
nodes : 387.000000
filtered : 3749.000000
time : 0.002429
