Parameters: GAD=1 vflib=1 dir=1 label=1 lowerbound=1 fileNameGp=../graphsdb/mcs90/m2D/m2D/mcs90_m2D_s90.A98 fileNameGt=../graphsdb/mcs90/m2D/m2D/mcs90_m2D_s90.B98
Reading graphs...
90 : 161
90 : 161
Initializing...
maxdom : 10
D->valSize : 595
Solving...
Blb : 2 (clique : 69)
currentSize : 69 <-- 0.012904 s
currentSize : 70 <-- 0.014126 s
currentSize : 76 <-- 0.014658 s
currentSize : 79 <-- 0.015181 s
currentSize : 81 <-- 0.015607 s

maxsize : 81
nodes : 12245.000000
filtered : 59758.000000
time : 0.091852
