Parameters: GAD=1 vflib=1 dir=1 label=1 lowerbound=1 fileNameGp=../graphsdb/mcs90/m2D/m2Dr6/mcs90_m2Dr6_s100.A72 fileNameGt=../graphsdb/mcs90/m2D/m2Dr6/mcs90_m2Dr6_s100.B72
Reading graphs...
100 : 240
100 : 240
Initializing...
maxdom : 7
D->valSize : 381
Solving...
Blb : 3 (clique : 60)
currentSize : 60 <-- 0.004094 s
currentSize : 61 <-- 0.005059 s
currentSize : 63 <-- 0.005249 s
currentSize : 65 <-- 0.006956 s
currentSize : 67 <-- 0.007168 s
currentSize : 70 <-- 0.012352 s
currentSize : 75 <-- 0.013888 s
currentSize : 79 <-- 0.042563 s
currentSize : 81 <-- 0.042727 s

maxsize : 81
nodes : 173649.000000
filtered : 679634.000000
time : 0.885047
