Parameters: GAD=1 vflib=1 dir=1 label=1 lowerbound=1 fileNameGp=../graphsdb/mcs90/m2D/m2Dr6/mcs90_m2Dr6_s20.A80 fileNameGt=../graphsdb/mcs90/m2D/m2Dr6/mcs90_m2Dr6_s20.B80
Reading graphs...
20 : 43
20 : 42
Initializing...
maxdom : 7
D->valSize : 112
Solving...
Blb : 3 (clique : 8)
currentSize : 8 <-- 0.000511 s
currentSize : 9 <-- 0.000824 s
currentSize : 10 <-- 0.001071 s
currentSize : 11 <-- 0.001340 s
currentSize : 13 <-- 0.001354 s
currentSize : 16 <-- 0.001504 s

maxsize : 16
nodes : 370.000000
filtered : 3508.000000
time : 0.001546
