Parameters: GAD=1 vflib=1 dir=1 label=1 lowerbound=1 fileNameGp=../graphsdb/mcs90/bvg/b06/mcs90_b06_s100.A89 fileNameGt=../graphsdb/mcs90/bvg/b06/mcs90_b06_s100.B89
Reading graphs...
100 : 300
100 : 300
Initializing...
maxdom : 7
D->valSize : 378
Solving...
Blb : 2 (clique : 66)
currentSize : 66 <-- 0.004154 s
currentSize : 71 <-- 0.004625 s
currentSize : 74 <-- 0.005081 s
currentSize : 80 <-- 0.005553 s
currentSize : 83 <-- 0.006271 s
currentSize : 90 <-- 0.006769 s

maxsize : 90
nodes : 1169.000000
filtered : 3679.000000
time : 0.008501
