Parameters: GAD=1 vflib=1 dir=1 label=1 lowerbound=1 fileNameGp=../graphsdb/mcs90/m2D/m2Dr2/mcs90_m2Dr2_s90.A57 fileNameGt=../graphsdb/mcs90/m2D/m2Dr2/mcs90_m2Dr2_s90.B57
Reading graphs...
90 : 179
90 : 179
Initializing...
maxdom : 10
D->valSize : 598
Solving...
Blb : 2 (clique : 57)
currentSize : 57 <-- 0.007731 s
currentSize : 59 <-- 0.008136 s
currentSize : 61 <-- 0.008261 s
currentSize : 65 <-- 0.009341 s
currentSize : 66 <-- 0.009972 s
currentSize : 70 <-- 0.110544 s
currentSize : 74 <-- 0.116025 s
currentSize : 76 <-- 0.204695 s
currentSize : 81 <-- 0.205057 s

maxsize : 81
nodes : 35573.000000
filtered : 237526.000000
time : 0.205474
