Parameters: GAD=1 vflib=1 dir=1 label=1 lowerbound=1 fileNameGp=../graphsdb/mcs90/bvg/b03/mcs90_b03_s100.A54 fileNameGt=../graphsdb/mcs90/bvg/b03/mcs90_b03_s100.B54
Reading graphs...
100 : 150
100 : 150
Initializing...
maxdom : 7
D->valSize : 401
Solving...
Blb : 3 (clique : 77)
currentSize : 77 <-- 0.007829 s
currentSize : 80 <-- 0.010569 s
currentSize : 81 <-- 0.011504 s
currentSize : 83 <-- 0.023938 s
currentSize : 86 <-- 0.028113 s
currentSize : 87 <-- 0.033248 s
currentSize : 90 <-- 0.034143 s

maxsize : 90
nodes : 3389.000000
filtered : 9396.000000
time : 0.036438
