Parameters: GAD=1 vflib=1 dir=1 label=1 lowerbound=1 fileNameGp=../graphsdb/mcs90/bvg/b03/mcs90_b03_s50.A15 fileNameGt=../graphsdb/mcs90/bvg/b03/mcs90_b03_s50.B15
Reading graphs...
50 : 75
50 : 75
Initializing...
maxdom : 9
D->valSize : 363
Solving...
Blb : 2 (clique : 37)
currentSize : 37 <-- 0.002820 s
currentSize : 39 <-- 0.004342 s
currentSize : 40 <-- 0.005726 s
currentSize : 43 <-- 0.013054 s
currentSize : 44 <-- 0.014936 s

maxsize : 44
nodes : 3578.000000
filtered : 22084.000000
time : 0.016433
