Parameters: GAD=1 vflib=1 dir=1 label=1 lowerbound=1 fileNameGp=../graphsdb/mcs90/m2D/m2Dr4/mcs90_m2Dr4_s30.A25 fileNameGt=../graphsdb/mcs90/m2D/m2Dr4/mcs90_m2Dr4_s30.B25
Reading graphs...
30 : 61
30 : 60
Initializing...
maxdom : 6
D->valSize : 114
Solving...
Blb : 2 (clique : 13)
currentSize : 13 <-- 0.000734 s
currentSize : 15 <-- 0.000901 s
currentSize : 17 <-- 0.001192 s
currentSize : 20 <-- 0.001451 s
currentSize : 21 <-- 0.001583 s
currentSize : 25 <-- 0.001643 s

maxsize : 25
nodes : 361.000000
filtered : 1491.000000
time : 0.001730
