Parameters: GAD=1 vflib=1 dir=1 label=1 lowerbound=1 fileNameGp=../graphsdb/mcs90/bvg/b03/mcs90_b03_s25.A24 fileNameGt=../graphsdb/mcs90/bvg/b03/mcs90_b03_s25.B24
Reading graphs...
25 : 37
25 : 37
Initializing...
maxdom : 9
D->valSize : 165
Solving...
Blb : 3 (clique : 14)
currentSize : 14 <-- 0.000876 s
currentSize : 17 <-- 0.001156 s
currentSize : 18 <-- 0.001339 s
currentSize : 21 <-- 0.001546 s
currentSize : 22 <-- 0.001800 s

maxsize : 22
nodes : 324.000000
filtered : 2740.000000
time : 0.001860
