Parameters: GAD=1 vflib=1 dir=1 label=1 lowerbound=1 fileNameGp=../graphsdb/mcs90/bvg/b03m/mcs90_b03m_s90.A04 fileNameGt=../graphsdb/mcs90/bvg/b03m/mcs90_b03m_s90.B04
Reading graphs...
90 : 135
90 : 135
Initializing...
maxdom : 10
D->valSize : 569
Solving...
Blb : 3 (clique : 71)
currentSize : 71 <-- 0.007222 s
currentSize : 72 <-- 0.048359 s
currentSize : 73 <-- 0.048941 s
currentSize : 75 <-- 0.631589 s
currentSize : 76 <-- 0.632268 s
currentSize : 77 <-- 0.647247 s
currentSize : 79 <-- 0.647377 s
currentSize : 80 <-- 0.648174 s

maxsize : 80
nodes : 128858.000000
filtered : 885750.000000
time : 0.679445
