Parameters: GAD=1 vflib=1 dir=1 label=1 lowerbound=1 fileNameGp=../graphsdb/mcs90/m2D/m2Dr2/mcs90_m2Dr2_s100.A37 fileNameGt=../graphsdb/mcs90/m2D/m2Dr2/mcs90_m2Dr2_s100.B37
Reading graphs...
100 : 200
100 : 200
Initializing...
maxdom : 7
D->valSize : 386
Solving...
Blb : 2 (clique : 77)
currentSize : 77 <-- 0.004390 s
currentSize : 78 <-- 0.005105 s
currentSize : 79 <-- 0.006085 s
currentSize : 80 <-- 0.006485 s
currentSize : 81 <-- 0.006959 s

maxsize : 81
nodes : 5794160.000000
filtered : 19422178.000000
time : 27.737125
