Parameters: GAD=1 vflib=1 dir=1 label=1 lowerbound=1 fileNameGp=../graphsdb/mcs90/m2D/m2D/mcs90_m2D_s100.A23 fileNameGt=../graphsdb/mcs90/m2D/m2D/mcs90_m2D_s100.B23
Reading graphs...
100 : 180
100 : 180
Initializing...
maxdom : 7
D->valSize : 357
Solving...
Blb : 3 (clique : 70)
currentSize : 70 <-- 0.004064 s
currentSize : 73 <-- 0.036266 s
currentSize : 74 <-- 0.036557 s
currentSize : 76 <-- 1.816063 s
currentSize : 77 <-- 3.165018 s
currentSize : 81 <-- 3.199263 s

maxsize : 81
nodes : 652672.000000
filtered : 2787522.000000
time : 3.512947
