Parameters: GAD=1 vflib=1 dir=1 label=1 lowerbound=1 fileNameGp=../graphsdb/mcs90/rand/r02/mcs90_r02_s100.A88 fileNameGt=../graphsdb/mcs90/rand/r02/mcs90_r02_s100.B88
Reading graphs...
100 : 1979
100 : 1979
Initializing...
maxdom : 7
D->valSize : 401
Solving...
Blb : 3 (clique : 13)
currentSize : 13 <-- 0.003852 s
currentSize : 14 <-- 0.004412 s
currentSize : 19 <-- 0.005092 s
currentSize : 20 <-- 0.005822 s
currentSize : 42 <-- 0.006353 s
currentSize : 90 <-- 0.007351 s

maxsize : 90
nodes : 723.000000
filtered : 8124.000000
time : 0.007864
