Parameters: GAD=1 vflib=1 dir=1 label=1 lowerbound=1 fileNameGp=../graphsdb/mcs90/m2D/m2Dr2/mcs90_m2Dr2_s80.A73 fileNameGt=../graphsdb/mcs90/m2D/m2Dr2/mcs90_m2Dr2_s80.B73
Reading graphs...
80 : 158
80 : 158
Initializing...
maxdom : 9
D->valSize : 451
Solving...
Blb : 3 (clique : 49)
currentSize : 49 <-- 0.004906 s
currentSize : 52 <-- 0.005246 s
currentSize : 57 <-- 0.006474 s
currentSize : 58 <-- 0.006736 s
currentSize : 61 <-- 0.095135 s
currentSize : 63 <-- 0.095276 s
currentSize : 64 <-- 0.096079 s

maxsize : 64
nodes : 67066.000000
filtered : 461760.000000
time : 0.356374
