Parameters: GAD=1 vflib=1 dir=1 label=1 lowerbound=1 fileNameGp=../graphsdb/mcs90/bvg/b03/mcs90_b03_s90.A67 fileNameGt=../graphsdb/mcs90/bvg/b03/mcs90_b03_s90.B67
Reading graphs...
90 : 135
90 : 135
Initializing...
maxdom : 9
D->valSize : 577
Solving...
Blb : 3 (clique : 57)
currentSize : 57 <-- 0.007229 s
currentSize : 61 <-- 0.007667 s
currentSize : 62 <-- 0.007803 s
currentSize : 63 <-- 0.007951 s
currentSize : 64 <-- 0.008071 s
currentSize : 65 <-- 0.008329 s
currentSize : 66 <-- 0.008938 s
currentSize : 70 <-- 0.009360 s
currentSize : 71 <-- 0.009818 s
currentSize : 76 <-- 0.010307 s
currentSize : 80 <-- 0.010743 s

maxsize : 80
nodes : 3012.000000
filtered : 19208.000000
time : 0.024446
