Parameters: GAD=1 vflib=1 dir=1 label=1 lowerbound=1 fileNameGp=../graphsdb/mcs90/m2D/m2D/mcs90_m2D_s100.A90 fileNameGt=../graphsdb/mcs90/m2D/m2D/mcs90_m2D_s100.B90
Reading graphs...
100 : 180
100 : 180
Initializing...
maxdom : 5
D->valSize : 359
Solving...
Blb : 2 (clique : 66)
currentSize : 66 <-- 0.003965 s
currentSize : 67 <-- 0.004608 s
currentSize : 71 <-- 0.004762 s
currentSize : 72 <-- 0.005107 s
currentSize : 73 <-- 0.017315 s
currentSize : 75 <-- 0.058362 s
currentSize : 76 <-- 0.253186 s
currentSize : 77 <-- 0.258884 s
currentSize : 79 <-- 0.289537 s
currentSize : 81 <-- 0.722673 s

maxsize : 81
nodes : 356008.000000
filtered : 1084112.000000
time : 1.669457
