Parameters: GAD=1 vflib=1 dir=1 label=1 lowerbound=1 fileNameGp=../graphsdb/mcs90/m2D/m2D/mcs90_m2D_s90.A70 fileNameGt=../graphsdb/mcs90/m2D/m2D/mcs90_m2D_s90.B70
Reading graphs...
90 : 161
90 : 161
Initializing...
maxdom : 9
D->valSize : 560
Solving...
Blb : 2 (clique : 64)
currentSize : 64 <-- 0.007051 s
currentSize : 65 <-- 0.007830 s
currentSize : 67 <-- 0.007974 s
currentSize : 69 <-- 0.008158 s
currentSize : 72 <-- 0.008320 s
currentSize : 73 <-- 0.009676 s
currentSize : 76 <-- 0.009905 s
currentSize : 77 <-- 0.011454 s
currentSize : 81 <-- 0.012001 s

maxsize : 81
nodes : 1940.000000
filtered : 9678.000000
time : 0.017455
