Parameters: GAD=1 vflib=1 dir=1 label=1 lowerbound=1 fileNameGp=../graphsdb/mcs90/bvg/b09/mcs90_b09_s90.A45 fileNameGt=../graphsdb/mcs90/bvg/b09/mcs90_b09_s90.B45
Reading graphs...
90 : 405
90 : 405
Initializing...
maxdom : 13
D->valSize : 579
Solving...
Blb : 2 (clique : 54)
currentSize : 54 <-- 0.006933 s
currentSize : 59 <-- 0.007384 s
currentSize : 63 <-- 0.038417 s
currentSize : 69 <-- 0.044120 s
currentSize : 80 <-- 0.117975 s

maxsize : 80
nodes : 19629.000000
filtered : 226336.000000
time : 0.125577
