Parameters: GAD=1 vflib=1 dir=1 label=1 lowerbound=1 fileNameGp=../graphsdb/mcs90/m2D/m2Dr6/mcs90_m2Dr6_s100.A66 fileNameGt=../graphsdb/mcs90/m2D/m2Dr6/mcs90_m2Dr6_s100.B66
Reading graphs...
100 : 240
100 : 238
Initializing...
maxdom : 6
D->valSize : 387
Solving...
Blb : 3 (clique : 71)
currentSize : 71 <-- 0.004286 s
currentSize : 72 <-- 0.006326 s
currentSize : 74 <-- 0.006625 s
currentSize : 75 <-- 0.515513 s
currentSize : 78 <-- 0.515866 s
currentSize : 81 <-- 0.516194 s

maxsize : 81
nodes : 91815.000000
filtered : 548365.000000
time : 0.590039
