Parameters: GAD=1 vflib=1 dir=1 label=1 lowerbound=1 fileNameGp=../graphsdb/mcs90/m2D/m2Dr4/mcs90_m2Dr4_s30.A79 fileNameGt=../graphsdb/mcs90/m2D/m2Dr4/mcs90_m2Dr4_s30.B79
Reading graphs...
30 : 61
30 : 59
Initializing...
maxdom : 5
D->valSize : 121
Solving...
Blb : 3 (clique : 15)
currentSize : 15 <-- 0.000708 s
currentSize : 16 <-- 0.000801 s
currentSize : 18 <-- 0.001080 s
currentSize : 20 <-- 0.001244 s
currentSize : 25 <-- 0.001378 s

maxsize : 25
nodes : 289.000000
filtered : 1613.000000
time : 0.001508
