Parameters: GAD=1 vflib=1 dir=1 label=1 lowerbound=1 fileNameGp=../graphsdb/mcs90/m2D/m2D/mcs90_m2D_s100.A89 fileNameGt=../graphsdb/mcs90/m2D/m2D/mcs90_m2D_s100.B89
Reading graphs...
100 : 180
100 : 180
Initializing...
maxdom : 8
D->valSize : 397
Solving...
Blb : 2 (clique : 58)
currentSize : 58 <-- 0.004777 s
currentSize : 63 <-- 0.005155 s
currentSize : 65 <-- 0.005572 s
currentSize : 71 <-- 0.008708 s
currentSize : 74 <-- 0.101081 s
currentSize : 76 <-- 0.101515 s
currentSize : 80 <-- 0.849135 s
currentSize : 81 <-- 0.850125 s

maxsize : 81
nodes : 252426.000000
filtered : 1098350.000000
time : 1.366197
