Parameters: GAD=1 vflib=1 dir=1 label=1 lowerbound=1 fileNameGp=../graphsdb/mcs90/m2D/m2Dr4/mcs90_m2Dr4_s100.A38 fileNameGt=../graphsdb/mcs90/m2D/m2Dr4/mcs90_m2Dr4_s100.B38
Reading graphs...
100 : 220
100 : 219
Initializing...
maxdom : 7
D->valSize : 385
Solving...
Blb : 3 (clique : 66)
currentSize : 66 <-- 0.007169 s
currentSize : 68 <-- 0.016096 s
currentSize : 72 <-- 0.239849 s
currentSize : 73 <-- 3.843157 s
currentSize : 77 <-- 3.890145 s
currentSize : 81 <-- 5.717041 s

maxsize : 81
nodes : 1158430.000000
filtered : 4634190.000000
time : 6.159789
