Parameters: GAD=1 vflib=1 dir=1 label=1 lowerbound=1 fileNameGp=../graphsdb/mcs90/bvg/b03m/mcs90_b03m_s100.A71 fileNameGt=../graphsdb/mcs90/bvg/b03m/mcs90_b03m_s100.B71
Reading graphs...
100 : 150
100 : 150
Initializing...
maxdom : 7
D->valSize : 414
Solving...
Blb : 2 (clique : 76)
currentSize : 76 <-- 0.004998 s
currentSize : 79 <-- 0.005731 s
currentSize : 80 <-- 0.009150 s
currentSize : 83 <-- 0.009520 s
currentSize : 84 <-- 0.019140 s
currentSize : 87 <-- 0.019513 s
currentSize : 90 <-- 0.031358 s

maxsize : 90
nodes : 5659.000000
filtered : 20522.000000
time : 0.032877
