Parameters: GAD=1 vflib=1 dir=1 label=1 lowerbound=1 fileNameGp=../graphsdb/mcs90/m3D/m3D/mcs90_m3D_s80.A02 fileNameGt=../graphsdb/mcs90/m3D/m3D/mcs90_m3D_s80.B02
Reading graphs...
80 : 184
80 : 184
Initializing...
maxdom : 9
D->valSize : 448
Solving...
Blb : 2 (clique : 47)
currentSize : 47 <-- 0.004662 s
currentSize : 51 <-- 0.017485 s
currentSize : 52 <-- 0.191323 s
currentSize : 53 <-- 0.191615 s
currentSize : 58 <-- 0.239159 s
currentSize : 63 <-- 2.163830 s
currentSize : 64 <-- 2.164252 s

maxsize : 64
nodes : 514566.000000
filtered : 2294466.000000
time : 2.370248
