Parameters: GAD=1 vflib=1 dir=1 label=1 lowerbound=1 fileNameGp=../graphsdb/mcs90/m2D/m2Dr2/mcs90_m2Dr2_s80.A82 fileNameGt=../graphsdb/mcs90/m2D/m2Dr2/mcs90_m2Dr2_s80.B82
Reading graphs...
80 : 158
80 : 158
Initializing...
maxdom : 12
D->valSize : 506
Solving...
Blb : 2 (clique : 52)
currentSize : 52 <-- 0.005566 s
currentSize : 54 <-- 0.008702 s
currentSize : 55 <-- 0.031517 s
currentSize : 56 <-- 0.031716 s
currentSize : 59 <-- 0.032077 s
currentSize : 60 <-- 0.032321 s
currentSize : 61 <-- 0.330682 s
currentSize : 64 <-- 0.330880 s

maxsize : 64
nodes : 111899.000000
filtered : 663141.000000
time : 0.547794
