Parameters: GAD=1 vflib=1 dir=1 label=1 lowerbound=1 fileNameGp=../graphsdb/mcs90/m3D/m3Dr6/mcs90_m3Dr6_s80.A53 fileNameGt=../graphsdb/mcs90/m3D/m3Dr6/mcs90_m3Dr6_s80.B53
Reading graphs...
80 : 232
80 : 231
Initializing...
maxdom : 11
D->valSize : 451
Solving...
Blb : 2 (clique : 42)
currentSize : 42 <-- 0.004695 s
currentSize : 43 <-- 0.005741 s
currentSize : 44 <-- 0.006173 s
currentSize : 48 <-- 0.006303 s
currentSize : 50 <-- 0.011102 s
currentSize : 53 <-- 0.011353 s
currentSize : 56 <-- 0.037926 s
currentSize : 60 <-- 0.039137 s
currentSize : 64 <-- 0.070911 s

maxsize : 64
nodes : 105427.000000
filtered : 659349.000000
time : 0.584686
