Parameters: GAD=1 vflib=1 dir=1 label=1 lowerbound=1 fileNameGp=../graphsdb/mcs90/m3D/m3Dr2/mcs90_m3Dr2_s80.A83 fileNameGt=../graphsdb/mcs90/m3D/m3Dr2/mcs90_m3Dr2_s80.B83
Reading graphs...
80 : 200
80 : 200
Initializing...
maxdom : 8
D->valSize : 459
Solving...
Blb : 2 (clique : 49)
currentSize : 49 <-- 0.004710 s
currentSize : 51 <-- 0.005020 s
currentSize : 54 <-- 0.005687 s
currentSize : 56 <-- 0.005802 s
currentSize : 57 <-- 0.006896 s
currentSize : 59 <-- 0.007027 s
currentSize : 60 <-- 0.011754 s
currentSize : 61 <-- 0.012253 s
currentSize : 63 <-- 0.013169 s
currentSize : 64 <-- 0.014221 s

maxsize : 64
nodes : 93742.000000
filtered : 582512.000000
time : 0.509634
