Parameters: GAD=1 vflib=1 dir=1 label=1 lowerbound=1 fileNameGp=../graphsdb/mcs90/bvg/b06m/mcs90_b06m_s50.A84 fileNameGt=../graphsdb/mcs90/bvg/b06m/mcs90_b06m_s50.B84
Reading graphs...
50 : 150
50 : 150
Initializing...
maxdom : 10
D->valSize : 352
Solving...
Blb : 3 (clique : 21)
currentSize : 21 <-- 0.002691 s
currentSize : 29 <-- 0.002817 s
currentSize : 34 <-- 0.002895 s
currentSize : 39 <-- 0.007036 s
currentSize : 45 <-- 0.007122 s

maxsize : 45
nodes : 1282.000000
filtered : 12945.000000
time : 0.007819
