Parameters: GAD=1 vflib=1 dir=1 label=1 lowerbound=1 fileNameGp=../graphsdb/mcs90/rand/r02/mcs90_r02_s25.A58 fileNameGt=../graphsdb/mcs90/rand/r02/mcs90_r02_s25.B58
Reading graphs...
25 : 119
25 : 119
Initializing...
maxdom : 8
D->valSize : 160
Solving...
Blb : 2 (clique : 6)
currentSize : 6 <-- 0.000943 s
currentSize : 7 <-- 0.001112 s
currentSize : 9 <-- 0.001187 s
currentSize : 11 <-- 0.001669 s
currentSize : 22 <-- 0.001714 s

maxsize : 22
nodes : 289.000000
filtered : 3661.000000
time : 0.001786
