Parameters: GAD=1 vflib=1 dir=1 label=1 lowerbound=1 fileNameGp=../graphsdb/mcs90/m4D/m4D/mcs90_m4D_s100.A42 fileNameGt=../graphsdb/mcs90/m4D/m4D/mcs90_m4D_s100.B42
Reading graphs...
100 : 223
100 : 223
Initializing...
maxdom : 6
D->valSize : 363
Solving...
Blb : 3 (clique : 67)
currentSize : 67 <-- 0.006780 s
currentSize : 68 <-- 0.057968 s
currentSize : 71 <-- 0.397086 s
currentSize : 72 <-- 0.397241 s
currentSize : 73 <-- 0.534703 s
currentSize : 76 <-- 0.549959 s
currentSize : 77 <-- 0.550320 s
currentSize : 81 <-- 0.585206 s

maxsize : 81
nodes : 118224.000000
filtered : 272805.000000
time : 0.595222
