Parameters: GAD=1 vflib=1 dir=1 label=1 lowerbound=1 fileNameGp=../graphsdb/mcs90/m2D/m2D/mcs90_m2D_s80.A36 fileNameGt=../graphsdb/mcs90/m2D/m2D/mcs90_m2D_s80.B36
Reading graphs...
80 : 142
80 : 142
Initializing...
maxdom : 9
D->valSize : 455
Solving...
Blb : 2 (clique : 52)
currentSize : 52 <-- 0.004771 s
currentSize : 55 <-- 0.005091 s
currentSize : 56 <-- 0.005719 s
currentSize : 59 <-- 0.006068 s
currentSize : 63 <-- 0.007639 s
currentSize : 64 <-- 0.161106 s

maxsize : 64
nodes : 87122.000000
filtered : 494179.000000
time : 0.463066
