Parameters: GAD=1 vflib=1 dir=1 label=1 lowerbound=1 fileNameGp=../graphsdb/mcs90/m2D/m2Dr2/mcs90_m2Dr2_s80.A58 fileNameGt=../graphsdb/mcs90/m2D/m2Dr2/mcs90_m2Dr2_s80.B58
Reading graphs...
80 : 158
80 : 158
Initializing...
maxdom : 9
D->valSize : 450
Solving...
Blb : 2 (clique : 44)
currentSize : 44 <-- 0.004730 s
currentSize : 46 <-- 0.005068 s
currentSize : 47 <-- 0.005230 s
currentSize : 48 <-- 0.005391 s
currentSize : 49 <-- 0.005538 s
currentSize : 50 <-- 0.006349 s
currentSize : 51 <-- 0.006512 s
currentSize : 52 <-- 0.062867 s
currentSize : 53 <-- 0.064282 s
currentSize : 54 <-- 0.188905 s
currentSize : 55 <-- 0.190697 s
currentSize : 59 <-- 0.284784 s
currentSize : 60 <-- 0.285202 s
currentSize : 61 <-- 0.286370 s
currentSize : 62 <-- 0.559840 s
currentSize : 63 <-- 0.560251 s
currentSize : 64 <-- 0.561569 s

maxsize : 64
nodes : 1232536.000000
filtered : 5605101.000000
time : 5.527569
