Parameters: GAD=1 vflib=1 dir=1 label=1 lowerbound=1 fileNameGp=../graphsdb/mcs90/bvg/b06m/mcs90_b06m_s50.A56 fileNameGt=../graphsdb/mcs90/bvg/b06m/mcs90_b06m_s50.B56
Reading graphs...
50 : 150
50 : 150
Initializing...
maxdom : 9
D->valSize : 323
Solving...
Blb : 2 (clique : 31)
currentSize : 31 <-- 0.003707 s
currentSize : 32 <-- 0.004056 s
currentSize : 37 <-- 0.010780 s
currentSize : 38 <-- 0.010922 s
currentSize : 45 <-- 0.011717 s

maxsize : 45
nodes : 1461.000000
filtered : 12199.000000
time : 0.012388
