Parameters: GAD=1 vflib=1 dir=1 label=1 lowerbound=1 fileNameGp=../graphsdb/mcs90/bvg/b03/mcs90_b03_s80.A75 fileNameGt=../graphsdb/mcs90/bvg/b03/mcs90_b03_s80.B75
Reading graphs...
80 : 120
80 : 120
Initializing...
maxdom : 14
D->valSize : 506
Solving...
Blb : 2 (clique : 61)
currentSize : 61 <-- 0.005721 s
currentSize : 62 <-- 0.006300 s
currentSize : 66 <-- 0.008518 s
currentSize : 67 <-- 0.009572 s
currentSize : 71 <-- 0.009753 s
currentSize : 72 <-- 0.010229 s

maxsize : 72
nodes : 2615.000000
filtered : 10670.000000
time : 0.016677
