Parameters: GAD=1 vflib=1 dir=1 label=1 lowerbound=1 fileNameGp=../graphsdb/mcs90/rand/r005/mcs90_r005_s25.A00 fileNameGt=../graphsdb/mcs90/rand/r005/mcs90_r005_s25.B00
Reading graphs...
25 : 29
25 : 29
Initializing...
maxdom : 9
D->valSize : 170
Solving...
Blb : 3 (clique : 16)
currentSize : 16 <-- 0.000978 s
currentSize : 17 <-- 0.001165 s
currentSize : 18 <-- 0.001290 s
currentSize : 19 <-- 0.001419 s
currentSize : 20 <-- 0.001425 s
currentSize : 22 <-- 0.001985 s

maxsize : 22
nodes : 320.000000
filtered : 2763.000000
time : 0.002090
