Parameters: GAD=1 vflib=1 dir=1 label=1 lowerbound=1 fileNameGp=../graphsdb/mcs90/m2D/m2Dr6/mcs90_m2Dr6_s90.A65 fileNameGt=../graphsdb/mcs90/m2D/m2Dr6/mcs90_m2Dr6_s90.B65
Reading graphs...
90 : 215
90 : 213
Initializing...
maxdom : 8
D->valSize : 536
Solving...
Blb : 2 (clique : 49)
currentSize : 49 <-- 0.010713 s
currentSize : 57 <-- 0.011263 s
currentSize : 61 <-- 0.011671 s
currentSize : 63 <-- 0.024316 s
currentSize : 68 <-- 0.031743 s
currentSize : 69 <-- 0.045185 s
currentSize : 74 <-- 0.045590 s
currentSize : 77 <-- 0.055021 s
currentSize : 81 <-- 0.055515 s

maxsize : 81
nodes : 5446.000000
filtered : 35017.000000
time : 0.057611
