Parameters: GAD=1 vflib=1 dir=1 label=1 lowerbound=1 fileNameGp=../graphsdb/mcs90/bvg/b03/mcs90_b03_s15.A69 fileNameGt=../graphsdb/mcs90/bvg/b03/mcs90_b03_s15.B69
Reading graphs...
15 : 22
15 : 22
Initializing...
maxdom : 9
D->valSize : 120
Solving...
Blb : 2 (clique : 7)
currentSize : 7 <-- 0.000529 s
currentSize : 8 <-- 0.000592 s
currentSize : 9 <-- 0.000667 s
currentSize : 10 <-- 0.000920 s
currentSize : 12 <-- 0.000938 s

maxsize : 12
nodes : 180.000000
filtered : 1938.000000
time : 0.001059
