Parameters: GAD=1 vflib=1 dir=1 label=1 lowerbound=1 fileNameGp=../graphsdb/mcs90/bvg/b03m/mcs90_b03m_s90.A95 fileNameGt=../graphsdb/mcs90/bvg/b03m/mcs90_b03m_s90.B95
Reading graphs...
90 : 135
90 : 135
Initializing...
maxdom : 9
D->valSize : 550
Solving...
Blb : 3 (clique : 74)
currentSize : 74 <-- 0.006856 s
currentSize : 77 <-- 0.007291 s
currentSize : 78 <-- 0.007636 s
currentSize : 79 <-- 0.008188 s
currentSize : 80 <-- 0.008533 s

maxsize : 80
nodes : 716.000000
filtered : 3170.000000
time : 0.009498
