Parameters: GAD=1 vflib=1 dir=1 label=1 lowerbound=1 fileNameGp=../graphsdb/mcs90/m2D/m2D/mcs90_m2D_s70.A77 fileNameGt=../graphsdb/mcs90/m2D/m2D/mcs90_m2D_s70.B77
Reading graphs...
70 : 123
70 : 123
Initializing...
maxdom : 7
D->valSize : 334
Solving...
Blb : 3 (clique : 56)
currentSize : 56 <-- 0.004940 s
currentSize : 57 <-- 0.005721 s
currentSize : 59 <-- 0.006031 s
currentSize : 60 <-- 0.037012 s
currentSize : 62 <-- 0.037224 s
currentSize : 64 <-- 0.039414 s

maxsize : 64
nodes : 9122.000000
filtered : 29181.000000
time : 0.039689
