Parameters: GAD=1 vflib=1 dir=1 label=1 lowerbound=1 fileNameGp=../graphsdb/mcs90/bvg/b03m/mcs90_b03m_s40.A44 fileNameGt=../graphsdb/mcs90/bvg/b03m/mcs90_b03m_s40.B44
Reading graphs...
40 : 60
40 : 60
Initializing...
maxdom : 7
D->valSize : 213
Solving...
Blb : 3 (clique : 25)
currentSize : 25 <-- 0.001506 s
currentSize : 27 <-- 0.001853 s
currentSize : 29 <-- 0.005635 s
currentSize : 32 <-- 0.005782 s
currentSize : 36 <-- 0.006211 s

maxsize : 36
nodes : 1274.000000
filtered : 7015.000000
time : 0.006330
