Parameters: GAD=1 vflib=1 dir=1 label=1 lowerbound=1 fileNameGp=../graphsdb/mcs90/bvg/b03m/mcs90_b03m_s90.A65 fileNameGt=../graphsdb/mcs90/bvg/b03m/mcs90_b03m_s90.B65
Reading graphs...
90 : 135
90 : 135
Initializing...
maxdom : 10
D->valSize : 556
Solving...
Blb : 3 (clique : 70)
currentSize : 70 <-- 0.012073 s
currentSize : 71 <-- 0.020864 s
currentSize : 72 <-- 0.021642 s
currentSize : 73 <-- 0.069096 s
currentSize : 76 <-- 0.071231 s
currentSize : 77 <-- 0.185067 s
currentSize : 80 <-- 0.188370 s

maxsize : 80
nodes : 28696.000000
filtered : 86506.000000
time : 0.221213
