Parameters: GAD=1 vflib=1 dir=1 label=1 lowerbound=1 fileNameGp=../graphsdb/mcs90/bvg/b03/mcs90_b03_s25.A08 fileNameGt=../graphsdb/mcs90/bvg/b03/mcs90_b03_s25.B08
Reading graphs...
25 : 37
25 : 37
Initializing...
maxdom : 8
D->valSize : 170
Solving...
Blb : 3 (clique : 16)
currentSize : 16 <-- 0.000811 s
currentSize : 18 <-- 0.001245 s
currentSize : 19 <-- 0.002135 s
currentSize : 21 <-- 0.002303 s
currentSize : 22 <-- 0.002387 s

maxsize : 22
nodes : 518.000000
filtered : 5109.000000
time : 0.002466
