Parameters: GAD=1 vflib=1 dir=0 label=0 lowerbound=1 fileNameGp=../graphsdb/mcs10/rand/r02/mcs10_r02_s30.A63 fileNameGt=../graphsdb/mcs10/rand/r02/mcs10_r02_s30.B63
Reading graphs...
30 :  161
30 :  158
Initializing...
maxdom : 30
D->valSize : 900
Solving...
currentSize : 10 <-- 0.009234 s
currentSize : 11 <-- 0.009268 s
currentSize : 12 <-- 0.009504 s
currentSize : 13 <-- 0.100838 s
currentSize : 14 <-- 4.695019 s
currentSize : 15 <-- 395.097321 s

maxsize : 15
nodes : 92591975.000000
filtered : 1205864556.000000
time : 443.504089
