Parameters: GAD=1 vflib=1 dir=0 label=0 lowerbound=1 fileNameGp=../graphsdb/mcs10/rand/r01/mcs10_r01_s30.A02 fileNameGt=../graphsdb/mcs10/rand/r01/mcs10_r01_s30.B02
Reading graphs...
30 :  84
30 :  84
Initializing...
maxdom : 30
D->valSize : 900
Solving...
currentSize : 11 <-- 0.010295 s
currentSize : 12 <-- 0.010320 s
currentSize : 13 <-- 0.010448 s
currentSize : 14 <-- 0.010703 s
currentSize : 15 <-- 0.015094 s
currentSize : 16 <-- 0.027485 s
currentSize : 17 <-- 1.103529 s
currentSize : 18 <-- 35.677753 s
currentSize : 19 <-- 103.402985 s

maxsize : 19
nodes : 21951004.000000
filtered : 557432499.000000
time : 185.039581
