Parameters: GAD=1 vflib=1 dir=0 label=0 lowerbound=1 fileNameGp=../graphsdb/mcs10/rand/r01/mcs10_r01_s30.A95 fileNameGt=../graphsdb/mcs10/rand/r01/mcs10_r01_s30.B95
Reading graphs...
30 :  84
30 :  86
Initializing...
maxdom : 30
D->valSize : 900
Solving...
currentSize : 10 <-- 0.010278 s
currentSize : 11 <-- 0.010316 s
currentSize : 12 <-- 0.010330 s
currentSize : 13 <-- 0.010681 s
currentSize : 15 <-- 0.014339 s
currentSize : 16 <-- 0.087523 s
currentSize : 17 <-- 1.055852 s
currentSize : 18 <-- 44.992020 s

maxsize : 18
nodes : 30335844.000000
filtered : 777661529.000000
time : 299.023254
