Parameters: GAD=1 vflib=1 dir=0 label=0 lowerbound=1 fileNameGp=../graphsdb/mcs10/rand/r005/mcs10_r005_s30.A85 fileNameGt=../graphsdb/mcs10/rand/r005/mcs10_r005_s30.B85
Reading graphs...
30 :  45
30 :  45
Initializing...
maxdom : 30
D->valSize : 900
Solving...
currentSize : 12 <-- 0.019644 s
currentSize : 15 <-- 0.019843 s
currentSize : 16 <-- 0.019902 s
currentSize : 17 <-- 0.549704 s
currentSize : 18 <-- 1.152063 s
currentSize : 19 <-- 1.504893 s
currentSize : 20 <-- 1.816771 s
currentSize : 21 <-- 30.917215 s
currentSize : 22 <-- 41.136440 s

maxsize : 22
nodes : 3615284.000000
filtered : 97557140.000000
time : 88.536018
