Parameters: GAD=1 vflib=1 dir=0 label=0 lowerbound=1 fileNameGp=../graphsdb/mcs10/rand/r005/mcs10_r005_s25.A42 fileNameGt=../graphsdb/mcs10/rand/r005/mcs10_r005_s25.B42
Reading graphs...
25 :  31
25 :  31
Initializing...
maxdom : 25
D->valSize : 625
Solving...
currentSize : 8 <-- 0.009415 s
currentSize : 9 <-- 0.009604 s
currentSize : 10 <-- 0.010324 s
currentSize : 11 <-- 0.010338 s
currentSize : 12 <-- 0.010369 s
currentSize : 13 <-- 0.010847 s
currentSize : 14 <-- 0.012309 s
currentSize : 15 <-- 0.149896 s
currentSize : 16 <-- 0.193270 s
currentSize : 17 <-- 0.887406 s
currentSize : 18 <-- 9.744702 s

maxsize : 18
nodes : 857871.000000
filtered : 12924877.000000
time : 15.306853
