Parameters: GAD=1 vflib=1 dir=0 label=0 lowerbound=1 fileNameGp=../graphsdb/mcs10/rand/r01/mcs10_r01_s35.A53 fileNameGt=../graphsdb/mcs10/rand/r01/mcs10_r01_s35.B53
Reading graphs...
35 :  117
35 :  115
Initializing...
maxdom : 35
D->valSize : 1225
Solving...
currentSize : 13 <-- 0.018718 s
currentSize : 14 <-- 0.018785 s
currentSize : 15 <-- 0.018848 s
currentSize : 16 <-- 0.019373 s
currentSize : 17 <-- 0.031757 s
currentSize : 18 <-- 0.031806 s
currentSize : 19 <-- 50.749519 s
currentSize : 20 <-- 228.463058 s

TIMEOUT
maxsize : 20
nodes : 407489527.000000
filtered : 11554128814.000000
time : 3600.000000
