Parameters: GAD=1 vflib=1 dir=0 label=0 lowerbound=1 fileNameGp=../graphsdb/mcs10/rand/r02/mcs10_r02_s30.A00 fileNameGt=../graphsdb/mcs10/rand/r02/mcs10_r02_s30.B00
Reading graphs...
30 :  156
30 :  154
Initializing...
maxdom : 30
D->valSize : 900
Solving...
currentSize : 9 <-- 0.009296 s
currentSize : 10 <-- 0.009325 s
currentSize : 11 <-- 0.009346 s
currentSize : 12 <-- 0.010926 s
currentSize : 13 <-- 0.037848 s
currentSize : 14 <-- 3.429602 s
currentSize : 15 <-- 71.131599 s

maxsize : 15
nodes : 52479454.000000
filtered : 793343597.000000
time : 267.100739
