Parameters: GAD=1 vflib=1 dir=0 label=0 lowerbound=1 fileNameGp=../graphsdb/mcs10/rand/r01/mcs10_r01_s20.A43 fileNameGt=../graphsdb/mcs10/rand/r01/mcs10_r01_s20.B43
Reading graphs...
20 :  38
20 :  38
Initializing...
maxdom : 20
D->valSize : 400
Solving...
currentSize : 8 <-- 0.002169 s
currentSize : 9 <-- 0.002191 s
currentSize : 10 <-- 0.003950 s
currentSize : 11 <-- 0.015173 s
currentSize : 12 <-- 0.015662 s
currentSize : 13 <-- 0.018233 s
currentSize : 14 <-- 0.030864 s

maxsize : 14
nodes : 42005.000000
filtered : 881123.000000
time : 0.401983
