Parameters: GAD=1 vflib=1 dir=0 label=0 lowerbound=1 fileNameGp=../graphsdb/mcs10/rand/r005/mcs10_r005_s30.A60 fileNameGt=../graphsdb/mcs10/rand/r005/mcs10_r005_s30.B60
Reading graphs...
30 :  45
30 :  45
Initializing...
maxdom : 30
D->valSize : 900
Solving...
currentSize : 10 <-- 0.011186 s
currentSize : 11 <-- 0.011267 s
currentSize : 12 <-- 0.011559 s
currentSize : 13 <-- 0.011622 s
currentSize : 14 <-- 0.011979 s
currentSize : 15 <-- 0.017505 s
currentSize : 16 <-- 0.094627 s
currentSize : 17 <-- 1.412584 s
currentSize : 18 <-- 2.035211 s
currentSize : 19 <-- 4.722725 s
currentSize : 20 <-- 4.766625 s
currentSize : 21 <-- 5.167514 s

maxsize : 21
nodes : 5905065.000000
filtered : 133432403.000000
time : 120.157997
