Parameters: GAD=1 vflib=1 dir=0 label=0 lowerbound=1 fileNameGp=../graphsdb/mcs10/rand/r005/mcs10_r005_s30.A27 fileNameGt=../graphsdb/mcs10/rand/r005/mcs10_r005_s30.B27
Reading graphs...
30 :  44
30 :  44
Initializing...
maxdom : 30
D->valSize : 900
Solving...
currentSize : 16 <-- 0.011135 s
currentSize : 17 <-- 0.011160 s
currentSize : 19 <-- 0.011218 s
currentSize : 20 <-- 0.034329 s
currentSize : 21 <-- 1.866020 s
currentSize : 22 <-- 7.271435 s
currentSize : 23 <-- 59.632256 s

maxsize : 23
nodes : 2088291.000000
filtered : 65563962.000000
time : 73.475021
