Parameters: GAD=1 vflib=1 dir=0 label=0 lowerbound=1 fileNameGp=../graphsdb/mcs10/rand/r005/mcs10_r005_s35.A55 fileNameGt=../graphsdb/mcs10/rand/r005/mcs10_r005_s35.B55
Reading graphs...
35 :  61
35 :  60
Initializing...
maxdom : 35
D->valSize : 1225
Solving...
currentSize : 18 <-- 0.036437 s
currentSize : 19 <-- 0.036485 s
currentSize : 20 <-- 0.056771 s
currentSize : 21 <-- 0.263379 s
currentSize : 22 <-- 0.272267 s
currentSize : 23 <-- 0.272285 s
currentSize : 24 <-- 42.517101 s
currentSize : 25 <-- 1161.158569 s

maxsize : 25
nodes : 73997649.000000
filtered : 2742368815.000000
time : 2022.464478
