Parameters: GAD=1 vflib=1 dir=0 label=0 lowerbound=1 fileNameGp=../graphsdb/mcs10/rand/r005/mcs10_r005_s30.A88 fileNameGt=../graphsdb/mcs10/rand/r005/mcs10_r005_s30.B88
Reading graphs...
30 :  44
30 :  43
Initializing...
maxdom : 30
D->valSize : 900
Solving...
currentSize : 11 <-- 0.011589 s
currentSize : 12 <-- 0.011758 s
currentSize : 13 <-- 0.011778 s
currentSize : 14 <-- 0.011967 s
currentSize : 15 <-- 0.015247 s
currentSize : 16 <-- 0.021024 s
currentSize : 17 <-- 0.161685 s
currentSize : 18 <-- 0.388361 s
currentSize : 19 <-- 0.462502 s
currentSize : 20 <-- 0.601419 s
currentSize : 21 <-- 0.817774 s
currentSize : 22 <-- 8.558135 s
currentSize : 23 <-- 18.336048 s

maxsize : 23
nodes : 1591017.000000
filtered : 46067950.000000
time : 39.042179
