Parameters: GAD=1 vflib=1 dir=0 label=0 lowerbound=1 fileNameGp=../graphsdb/mcs10/rand/r005/mcs10_r005_s25.A30 fileNameGt=../graphsdb/mcs10/rand/r005/mcs10_r005_s25.B30
Reading graphs...
25 :  31
25 :  29
Initializing...
maxdom : 25
D->valSize : 625
Solving...
currentSize : 10 <-- 0.005915 s
currentSize : 11 <-- 0.005958 s
currentSize : 12 <-- 0.049751 s
currentSize : 13 <-- 0.052686 s
currentSize : 14 <-- 0.111266 s
currentSize : 15 <-- 0.890780 s
currentSize : 16 <-- 0.996370 s
currentSize : 17 <-- 1.005109 s
currentSize : 18 <-- 1.808039 s

maxsize : 18
nodes : 714234.000000
filtered : 9753292.000000
time : 7.851832
