Parameters: GAD=1 vflib=1 dir=0 label=0 lowerbound=1 fileNameGp=../graphsdb/mcs10/rand/r02/mcs10_r02_s20.A17 fileNameGt=../graphsdb/mcs10/rand/r02/mcs10_r02_s20.B17
Reading graphs...
20 :  65
20 :  71
Initializing...
maxdom : 20
D->valSize : 400
Solving...
currentSize : 7 <-- 0.002033 s
currentSize : 8 <-- 0.002051 s
currentSize : 9 <-- 0.002080 s
currentSize : 10 <-- 0.002395 s
currentSize : 11 <-- 0.019351 s
currentSize : 12 <-- 0.257629 s

maxsize : 12
nodes : 201889.000000
filtered : 2993848.000000
time : 0.915479
