Parameters: GAD=1 vflib=1 dir=0 label=0 lowerbound=1 fileNameGp=../graphsdb/mcs10/rand/r005/mcs10_r005_s25.A68 fileNameGt=../graphsdb/mcs10/rand/r005/mcs10_r005_s25.B68
Reading graphs...
25 :  31
25 :  31
Initializing...
maxdom : 25
D->valSize : 625
Solving...
currentSize : 10 <-- 0.005397 s
currentSize : 11 <-- 0.005460 s
currentSize : 12 <-- 0.013045 s
currentSize : 13 <-- 0.031848 s
currentSize : 14 <-- 0.175129 s
currentSize : 15 <-- 0.299218 s
currentSize : 16 <-- 1.463569 s
currentSize : 17 <-- 1.463891 s
currentSize : 18 <-- 6.486781 s

maxsize : 18
nodes : 1470932.000000
filtered : 16385351.000000
time : 10.095030
