Parameters: GAD=1 vflib=1 dir=0 label=0 lowerbound=1 fileNameGp=../graphsdb/mcs10/rand/r02/mcs10_r02_s30.A99 fileNameGt=../graphsdb/mcs10/rand/r02/mcs10_r02_s30.B99
Reading graphs...
30 :  159
30 :  156
Initializing...
maxdom : 30
D->valSize : 900
Solving...
currentSize : 9 <-- 0.009293 s
currentSize : 10 <-- 0.009363 s
currentSize : 11 <-- 0.009468 s
currentSize : 12 <-- 0.011915 s
currentSize : 13 <-- 0.033568 s
currentSize : 14 <-- 14.673652 s

maxsize : 14
nodes : 90636529.000000
filtered : 1231446420.000000
time : 433.793518
