Parameters: GAD=1 vflib=1 dir=0 label=0 lowerbound=1 fileNameGp=../graphsdb/mcs10/rand/r01/mcs10_r01_s30.A15 fileNameGt=../graphsdb/mcs10/rand/r01/mcs10_r01_s30.B15
Reading graphs...
30 :  84
30 :  84
Initializing...
maxdom : 30
D->valSize : 900
Solving...
currentSize : 11 <-- 0.015951 s
currentSize : 13 <-- 0.016009 s
currentSize : 14 <-- 0.016864 s
currentSize : 15 <-- 0.016901 s
currentSize : 16 <-- 0.034371 s
currentSize : 17 <-- 0.268821 s
currentSize : 18 <-- 1.287239 s

maxsize : 18
nodes : 29118956.000000
filtered : 724276797.000000
time : 260.321960
