Parameters: GAD=1 vflib=1 dir=0 label=0 lowerbound=1 fileNameGp=../graphsdb/mcs10/rand/r005/mcs10_r005_s30.A53 fileNameGt=../graphsdb/mcs10/rand/r005/mcs10_r005_s30.B53
Reading graphs...
30 :  44
30 :  43
Initializing...
maxdom : 30
D->valSize : 900
Solving...
currentSize : 15 <-- 0.011580 s
currentSize : 18 <-- 0.011620 s
currentSize : 19 <-- 0.470979 s
currentSize : 20 <-- 4.514844 s
currentSize : 21 <-- 45.778282 s
currentSize : 22 <-- 67.113983 s

maxsize : 22
nodes : 6645707.000000
filtered : 148200400.000000
time : 133.619431
