Parameters: GAD=1 vflib=1 dir=0 label=0 lowerbound=1 fileNameGp=../graphsdb/mcs10/rand/r01/mcs10_r01_s25.A48 fileNameGt=../graphsdb/mcs10/rand/r01/mcs10_r01_s25.B48
Reading graphs...
25 :  58
25 :  60
Initializing...
maxdom : 25
D->valSize : 625
Solving...
currentSize : 10 <-- 0.005126 s
currentSize : 11 <-- 0.005141 s
currentSize : 12 <-- 0.005246 s
currentSize : 13 <-- 0.012427 s
currentSize : 14 <-- 0.032630 s
currentSize : 15 <-- 0.032641 s
currentSize : 16 <-- 5.706845 s

maxsize : 16
nodes : 3123500.000000
filtered : 58943730.000000
time : 20.402357
