Parameters: GAD=1 vflib=1 dir=0 label=0 lowerbound=1 fileNameGp=../graphsdb/mcs10/rand/r005/mcs10_r005_s35.A33 fileNameGt=../graphsdb/mcs10/rand/r005/mcs10_r005_s35.B33
Reading graphs...
35 :  60
35 :  60
Initializing...
maxdom : 35
D->valSize : 1225
Solving...
currentSize : 13 <-- 0.020739 s
currentSize : 16 <-- 0.020772 s
currentSize : 18 <-- 0.020911 s
currentSize : 19 <-- 0.027837 s
currentSize : 20 <-- 0.212480 s
currentSize : 21 <-- 1.532873 s
currentSize : 22 <-- 6.442506 s
currentSize : 23 <-- 106.812706 s
currentSize : 24 <-- 216.825836 s
currentSize : 25 <-- 388.334351 s

maxsize : 25
nodes : 40497711.000000
filtered : 1276074396.000000
time : 1031.829712
