Parameters: GAD=1 vflib=1 dir=0 label=0 lowerbound=1 fileNameGp=../graphsdb/mcs10/rand/r005/mcs10_r005_s25.A60 fileNameGt=../graphsdb/mcs10/rand/r005/mcs10_r005_s25.B60
Reading graphs...
25 :  31
25 :  31
Initializing...
maxdom : 25
D->valSize : 625
Solving...
currentSize : 11 <-- 0.005397 s
currentSize : 13 <-- 0.005666 s
currentSize : 14 <-- 0.007777 s
currentSize : 15 <-- 0.089537 s
currentSize : 16 <-- 0.230421 s
currentSize : 17 <-- 1.142180 s
currentSize : 18 <-- 1.235179 s

maxsize : 18
nodes : 395528.000000
filtered : 6141107.000000
time : 4.517851
