Parameters: GAD=1 vflib=1 dir=0 label=0 lowerbound=1 fileNameGp=../graphsdb/mcs10/rand/r005/mcs10_r005_s30.A55 fileNameGt=../graphsdb/mcs10/rand/r005/mcs10_r005_s30.B55
Reading graphs...
30 :  43
30 :  45
Initializing...
maxdom : 30
D->valSize : 900
Solving...
currentSize : 13 <-- 0.011274 s
currentSize : 14 <-- 0.011330 s
currentSize : 15 <-- 0.013083 s
currentSize : 16 <-- 0.035469 s
currentSize : 17 <-- 0.035506 s
currentSize : 18 <-- 0.273020 s
currentSize : 19 <-- 0.585795 s
currentSize : 20 <-- 14.798003 s
currentSize : 21 <-- 95.230423 s

maxsize : 21
nodes : 12049932.000000
filtered : 241911687.000000
time : 221.125259
