Parameters: GAD=1 vflib=1 dir=0 label=0 lowerbound=1 fileNameGp=../graphsdb/mcs10/rand/r005/mcs10_r005_s30.A25 fileNameGt=../graphsdb/mcs10/rand/r005/mcs10_r005_s30.B25
Reading graphs...
30 :  42
30 :  44
Initializing...
maxdom : 30
D->valSize : 900
Solving...
currentSize : 16 <-- 0.015521 s
currentSize : 18 <-- 0.015603 s
currentSize : 19 <-- 0.015953 s
currentSize : 20 <-- 0.106125 s
currentSize : 21 <-- 0.234289 s
currentSize : 22 <-- 1.399125 s

maxsize : 22
nodes : 2076636.000000
filtered : 65215435.000000
time : 46.424988
