Parameters: GAD=1 vflib=1 dir=0 label=0 lowerbound=1 fileNameGp=../graphsdb/mcs10/rand/r01/mcs10_r01_s35.A19 fileNameGt=../graphsdb/mcs10/rand/r01/mcs10_r01_s35.B19
Reading graphs...
35 :  119
35 :  119
Initializing...
maxdom : 35
D->valSize : 1225
Solving...
currentSize : 13 <-- 0.019598 s
currentSize : 15 <-- 0.019679 s
currentSize : 16 <-- 0.024730 s
currentSize : 17 <-- 0.024846 s
currentSize : 18 <-- 0.161429 s
currentSize : 19 <-- 0.432209 s
currentSize : 20 <-- 1892.963257 s

TIMEOUT
maxsize : 20
nodes : 435864906.000000
filtered : 10875207688.000000
time : 3600.000000
