Parameters: GAD=1 vflib=1 dir=0 label=0 lowerbound=1 fileNameGp=../graphsdb/mcs10/rand/r01/mcs10_r01_s35.A78 fileNameGt=../graphsdb/mcs10/rand/r01/mcs10_r01_s35.B78
Reading graphs...
35 :  118
35 :  115
Initializing...
maxdom : 35
D->valSize : 1225
Solving...
currentSize : 13 <-- 0.019073 s
currentSize : 14 <-- 0.019115 s
currentSize : 15 <-- 0.019185 s
currentSize : 16 <-- 0.030612 s
currentSize : 17 <-- 0.044119 s
currentSize : 18 <-- 0.876056 s
currentSize : 19 <-- 0.885211 s
currentSize : 20 <-- 0.885311 s

maxsize : 20
nodes : 375322598.000000
filtered : 10753833771.000000
time : 3274.172607
