Parameters: GAD=1 vflib=1 dir=0 label=0 lowerbound=1 fileNameGp=../graphsdb/mcs10/rand/r005/mcs10_r005_s25.A93 fileNameGt=../graphsdb/mcs10/rand/r005/mcs10_r005_s25.B93
Reading graphs...
25 :  30
25 :  30
Initializing...
maxdom : 25
D->valSize : 625
Solving...
currentSize : 9 <-- 0.009488 s
currentSize : 11 <-- 0.009533 s
currentSize : 12 <-- 0.012259 s
currentSize : 13 <-- 0.013597 s
currentSize : 15 <-- 0.022640 s
currentSize : 16 <-- 0.022859 s
currentSize : 17 <-- 0.121940 s
currentSize : 18 <-- 1.980440 s

maxsize : 18
nodes : 337598.000000
filtered : 6374760.000000
time : 5.176850
