Parameters: GAD=1 vflib=1 dir=0 label=0 lowerbound=1 fileNameGp=../graphsdb/mcs10/rand/r005/mcs10_r005_s30.A04 fileNameGt=../graphsdb/mcs10/rand/r005/mcs10_r005_s30.B04
Reading graphs...
30 :  44
30 :  44
Initializing...
maxdom : 30
D->valSize : 900
Solving...
currentSize : 16 <-- 0.011177 s
currentSize : 17 <-- 0.011497 s
currentSize : 18 <-- 0.022057 s
currentSize : 19 <-- 0.050337 s
currentSize : 20 <-- 0.606638 s
currentSize : 21 <-- 4.316774 s
currentSize : 22 <-- 6.609266 s

maxsize : 22
nodes : 3418256.000000
filtered : 100362735.000000
time : 99.054703
