Parameters: GAD=1 vflib=1 dir=0 label=0 lowerbound=1 fileNameGp=../graphsdb/mcs10/rand/r005/mcs10_r005_s25.A34 fileNameGt=../graphsdb/mcs10/rand/r005/mcs10_r005_s25.B34
Reading graphs...
25 :  31
25 :  31
Initializing...
maxdom : 25
D->valSize : 625
Solving...
currentSize : 12 <-- 0.009416 s
currentSize : 13 <-- 0.009447 s
currentSize : 14 <-- 0.009457 s
currentSize : 15 <-- 0.013253 s
currentSize : 16 <-- 0.013493 s
currentSize : 17 <-- 0.041468 s
currentSize : 18 <-- 7.353468 s

maxsize : 18
nodes : 860829.000000
filtered : 12986990.000000
time : 9.531707
