Parameters: GAD=1 vflib=1 dir=0 label=0 lowerbound=1 fileNameGp=../graphsdb/mcs10/rand/r01/mcs10_r01_s30.A61 fileNameGt=../graphsdb/mcs10/rand/r01/mcs10_r01_s30.B61
Reading graphs...
30 :  88
30 :  81
Initializing...
maxdom : 30
D->valSize : 900
Solving...
currentSize : 12 <-- 0.010220 s
currentSize : 13 <-- 0.010256 s
currentSize : 14 <-- 0.015506 s
currentSize : 15 <-- 0.068011 s
currentSize : 16 <-- 0.542500 s
currentSize : 17 <-- 13.202869 s
currentSize : 18 <-- 60.775745 s

maxsize : 18
nodes : 24008492.000000
filtered : 653060052.000000
time : 242.797180
