Parameters: GAD=1 vflib=1 dir=0 label=0 lowerbound=1 fileNameGp=../graphsdb/mcs10/rand/r005/mcs10_r005_s20.A82 fileNameGt=../graphsdb/mcs10/rand/r005/mcs10_r005_s20.B82
Reading graphs...
20 :  20
20 :  19
Initializing...
maxdom : 20
D->valSize : 400
Solving...
currentSize : 10 <-- 0.003991 s
currentSize : 11 <-- 0.004018 s
currentSize : 12 <-- 0.019670 s
currentSize : 13 <-- 0.076859 s
currentSize : 14 <-- 0.645622 s
currentSize : 15 <-- 0.647682 s

maxsize : 15
nodes : 129342.000000
filtered : 1051212.000000
time : 0.740740
