Parameters: GAD=1 vflib=1 dir=0 label=0 lowerbound=1 fileNameGp=../graphsdb/mcs10/rand/r01/mcs10_r01_s35.A59 fileNameGt=../graphsdb/mcs10/rand/r01/mcs10_r01_s35.B59
Reading graphs...
35 :  116
35 :  117
Initializing...
maxdom : 35
D->valSize : 1225
Solving...
currentSize : 13 <-- 0.018373 s
currentSize : 15 <-- 0.018411 s
currentSize : 16 <-- 0.018901 s
currentSize : 17 <-- 0.037944 s
currentSize : 18 <-- 0.495929 s
currentSize : 19 <-- 3.538901 s
currentSize : 20 <-- 1485.100830 s

TIMEOUT
maxsize : 20
nodes : 429625387.000000
filtered : 10745824684.000000
time : 3600.000000
