Parameters: GAD=1 vflib=1 dir=0 label=0 lowerbound=1 fileNameGp=../graphsdb/mcs10/rand/r005/mcs10_r005_s25.A61 fileNameGt=../graphsdb/mcs10/rand/r005/mcs10_r005_s25.B61
Reading graphs...
25 :  31
25 :  31
Initializing...
maxdom : 25
D->valSize : 625
Solving...
currentSize : 9 <-- 0.009516 s
currentSize : 10 <-- 0.009620 s
currentSize : 12 <-- 0.009841 s
currentSize : 13 <-- 0.009852 s
currentSize : 14 <-- 0.009957 s
currentSize : 15 <-- 0.196935 s
currentSize : 16 <-- 0.257243 s

maxsize : 16
nodes : 4224416.000000
filtered : 40477667.000000
time : 46.777115
