Parameters: GAD=1 vflib=1 dir=0 label=0 lowerbound=1 fileNameGp=../graphsdb/mcs10/rand/r005/mcs10_r005_s25.A12 fileNameGt=../graphsdb/mcs10/rand/r005/mcs10_r005_s25.B12
Reading graphs...
25 :  30
25 :  31
Initializing...
maxdom : 25
D->valSize : 625
Solving...
currentSize : 11 <-- 0.005374 s
currentSize : 12 <-- 0.005405 s
currentSize : 13 <-- 0.062592 s
currentSize : 15 <-- 0.062628 s
currentSize : 16 <-- 0.488958 s
currentSize : 17 <-- 4.971084 s
currentSize : 18 <-- 5.828949 s

maxsize : 18
nodes : 1581598.000000
filtered : 18028414.000000
time : 17.225937
