Parameters: GAD=1 vflib=1 dir=0 label=0 lowerbound=1 fileNameGp=../graphsdb/mcs10/rand/r01/mcs10_r01_s35.A89 fileNameGt=../graphsdb/mcs10/rand/r01/mcs10_r01_s35.B89
Reading graphs...
35 :  116
35 :  114
Initializing...
maxdom : 35
D->valSize : 1225
Solving...
currentSize : 11 <-- 0.018759 s
currentSize : 12 <-- 0.018777 s
currentSize : 13 <-- 0.018907 s
currentSize : 14 <-- 0.019217 s
currentSize : 15 <-- 0.020537 s
currentSize : 16 <-- 0.051127 s
currentSize : 17 <-- 0.116004 s
currentSize : 18 <-- 2.607704 s
currentSize : 19 <-- 7.895874 s
currentSize : 20 <-- 200.148453 s

TIMEOUT
maxsize : 20
nodes : 405525938.000000
filtered : 10808492297.000000
time : 3600.000000
