Parameters: GAD=1 vflib=1 dir=0 label=0 lowerbound=1 fileNameGp=../graphsdb/mcs10/rand/r005/mcs10_r005_s25.A00 fileNameGt=../graphsdb/mcs10/rand/r005/mcs10_r005_s25.B00
Reading graphs...
25 :  31
25 :  31
Initializing...
maxdom : 25
D->valSize : 625
Solving...
currentSize : 4 <-- 0.005345 s
currentSize : 9 <-- 0.005386 s
currentSize : 12 <-- 0.005429 s
currentSize : 13 <-- 0.006562 s
currentSize : 14 <-- 0.006684 s
currentSize : 15 <-- 0.164337 s
currentSize : 16 <-- 0.301917 s
currentSize : 17 <-- 3.434296 s

maxsize : 17
nodes : 1241552.000000
filtered : 18996808.000000
time : 12.089292
