Parameters: GAD=1 vflib=1 dir=0 label=0 lowerbound=1 fileNameGp=../graphsdb/mcs10/rand/r005/mcs10_r005_s30.A17 fileNameGt=../graphsdb/mcs10/rand/r005/mcs10_r005_s30.B17
Reading graphs...
30 :  43
30 :  45
Initializing...
maxdom : 30
D->valSize : 900
Solving...
currentSize : 13 <-- 0.019769 s
currentSize : 14 <-- 0.019882 s
currentSize : 15 <-- 0.022914 s
currentSize : 16 <-- 0.024530 s
currentSize : 17 <-- 0.071909 s
currentSize : 18 <-- 0.072973 s
currentSize : 19 <-- 0.438016 s
currentSize : 20 <-- 3.880035 s
currentSize : 21 <-- 3.917322 s

maxsize : 21
nodes : 8317177.000000
filtered : 214789788.000000
time : 189.055603
