Parameters: GAD=1 vflib=1 dir=0 label=0 lowerbound=1 fileNameGp=../graphsdb/mcs10/rand/r02/mcs10_r02_s30.A16 fileNameGt=../graphsdb/mcs10/rand/r02/mcs10_r02_s30.B16
Reading graphs...
30 :  150
30 :  155
Initializing...
maxdom : 30
D->valSize : 900
Solving...
currentSize : 10 <-- 0.009018 s
currentSize : 11 <-- 0.009145 s
currentSize : 12 <-- 0.009836 s
currentSize : 13 <-- 0.075235 s
currentSize : 14 <-- 0.159130 s
currentSize : 15 <-- 39.670734 s

maxsize : 15
nodes : 54297016.000000
filtered : 848292035.000000
time : 277.046692
