Parameters: GAD=1 vflib=1 dir=0 label=0 lowerbound=1 fileNameGp=../graphsdb/mcs10/rand/r02/mcs10_r02_s30.A18 fileNameGt=../graphsdb/mcs10/rand/r02/mcs10_r02_s30.B18
Reading graphs...
30 :  154
30 :  163
Initializing...
maxdom : 30
D->valSize : 900
Solving...
currentSize : 9 <-- 0.009393 s
currentSize : 10 <-- 0.009753 s
currentSize : 11 <-- 0.009779 s
currentSize : 12 <-- 0.010608 s
currentSize : 13 <-- 0.462444 s
currentSize : 14 <-- 16.486238 s

maxsize : 14
nodes : 98500483.000000
filtered : 1307744051.000000
time : 461.077362
