Parameters: GAD=1 vflib=1 dir=0 label=0 lowerbound=1 fileNameGp=../graphsdb/mcs10/rand/r005/mcs10_r005_s30.A38 fileNameGt=../graphsdb/mcs10/rand/r005/mcs10_r005_s30.B38
Reading graphs...
30 :  44
30 :  44
Initializing...
maxdom : 30
D->valSize : 900
Solving...
currentSize : 13 <-- 0.011075 s
currentSize : 14 <-- 0.011442 s
currentSize : 15 <-- 0.013385 s
currentSize : 16 <-- 0.018977 s
currentSize : 17 <-- 0.019029 s
currentSize : 18 <-- 0.085240 s
currentSize : 19 <-- 0.919709 s
currentSize : 20 <-- 50.096066 s
currentSize : 21 <-- 117.476761 s

maxsize : 21
nodes : 15792237.000000
filtered : 306079237.000000
time : 242.302078
