Parameters: GAD=1 vflib=1 dir=0 label=0 lowerbound=1 fileNameGp=../graphsdb/mcs10/rand/r01/mcs10_r01_s25.A78 fileNameGt=../graphsdb/mcs10/rand/r01/mcs10_r01_s25.B78
Reading graphs...
25 :  57
25 :  60
Initializing...
maxdom : 25
D->valSize : 625
Solving...
currentSize : 10 <-- 0.008555 s
currentSize : 11 <-- 0.008606 s
currentSize : 13 <-- 0.008707 s
currentSize : 14 <-- 0.039818 s
currentSize : 15 <-- 0.110753 s
currentSize : 16 <-- 1.353431 s
currentSize : 17 <-- 8.179517 s

maxsize : 17
nodes : 1396436.000000
filtered : 31244597.000000
time : 11.674714
