Parameters: GAD=1 vflib=1 dir=0 label=0 lowerbound=1 fileNameGp=../graphsdb/mcs10/rand/r005/mcs10_r005_s35.A00 fileNameGt=../graphsdb/mcs10/rand/r005/mcs10_r005_s35.B00
Reading graphs...
35 :  60
35 :  60
Initializing...
maxdom : 35
D->valSize : 1225
Solving...
currentSize : 19 <-- 0.036278 s
currentSize : 20 <-- 0.036344 s
currentSize : 21 <-- 0.391032 s
currentSize : 22 <-- 6.864971 s
currentSize : 23 <-- 19.706072 s
currentSize : 24 <-- 24.657343 s
currentSize : 25 <-- 24.657616 s

maxsize : 25
nodes : 26710351.000000
filtered : 1071844531.000000
time : 920.460693
