Parameters: GAD=1 vflib=1 dir=0 label=0 lowerbound=1 fileNameGp=../graphsdb/mcs10/rand/r01/mcs10_r01_s35.A20 fileNameGt=../graphsdb/mcs10/rand/r01/mcs10_r01_s35.B20
Reading graphs...
35 :  112
35 :  115
Initializing...
maxdom : 35
D->valSize : 1225
Solving...
currentSize : 14 <-- 0.018953 s
currentSize : 15 <-- 0.018993 s
currentSize : 16 <-- 0.019381 s
currentSize : 17 <-- 0.020662 s
currentSize : 18 <-- 0.217424 s
currentSize : 19 <-- 1.423447 s
currentSize : 20 <-- 172.701920 s

TIMEOUT
maxsize : 20
nodes : 396035729.000000
filtered : 10604747414.000000
time : 3600.000000
