Parameters: GAD=1 vflib=1 dir=0 label=0 lowerbound=1 fileNameGp=../graphsdb/mcs10/rand/r01/mcs10_r01_s30.A25 fileNameGt=../graphsdb/mcs10/rand/r01/mcs10_r01_s30.B25
Reading graphs...
30 :  87
30 :  88
Initializing...
maxdom : 30
D->valSize : 900
Solving...
currentSize : 10 <-- 0.017782 s
currentSize : 11 <-- 0.017825 s
currentSize : 13 <-- 0.018177 s
currentSize : 14 <-- 0.018485 s
currentSize : 15 <-- 0.034011 s
currentSize : 16 <-- 0.034590 s
currentSize : 17 <-- 4.743531 s
currentSize : 18 <-- 53.193249 s

maxsize : 18
nodes : 34769854.000000
filtered : 836454957.000000
time : 320.196777
