Parameters: GAD=1 vflib=1 dir=0 label=0 lowerbound=1 fileNameGp=../graphsdb/mcs10/rand/r005/mcs10_r005_s30.A41 fileNameGt=../graphsdb/mcs10/rand/r005/mcs10_r005_s30.B41
Reading graphs...
30 :  45
30 :  44
Initializing...
maxdom : 30
D->valSize : 900
Solving...
currentSize : 8 <-- 0.011134 s
currentSize : 10 <-- 0.011217 s
currentSize : 11 <-- 0.011238 s
currentSize : 12 <-- 0.011378 s
currentSize : 13 <-- 0.011409 s
currentSize : 15 <-- 0.011615 s
currentSize : 16 <-- 0.013383 s
currentSize : 17 <-- 0.213839 s
currentSize : 18 <-- 0.777611 s
currentSize : 19 <-- 110.418106 s
currentSize : 20 <-- 166.754593 s
currentSize : 21 <-- 196.124802 s

maxsize : 21
nodes : 29455008.000000
filtered : 468815426.000000
time : 376.354065
