Parameters: GAD=1 vflib=1 dir=0 label=0 lowerbound=1 fileNameGp=../graphsdb/mcs10/rand/r005/mcs10_r005_s35.A16 fileNameGt=../graphsdb/mcs10/rand/r005/mcs10_r005_s35.B16
Reading graphs...
35 :  60
35 :  60
Initializing...
maxdom : 35
D->valSize : 1225
Solving...
currentSize : 16 <-- 0.036646 s
currentSize : 17 <-- 0.037009 s
currentSize : 18 <-- 0.039746 s
currentSize : 19 <-- 0.126696 s
currentSize : 20 <-- 0.496166 s
currentSize : 21 <-- 1.655183 s
currentSize : 22 <-- 4.414398 s
currentSize : 23 <-- 4.417150 s

TIMEOUT
maxsize : 23
nodes : 194414526.000000
filtered : 5123630384.000000
time : 3600.000000
