Parameters: GAD=1 vflib=1 dir=0 label=0 lowerbound=1 fileNameGp=../graphsdb/mcs10/rand/r01/mcs10_r01_s25.A44 fileNameGt=../graphsdb/mcs10/rand/r01/mcs10_r01_s25.B44
Reading graphs...
25 :  59
25 :  60
Initializing...
maxdom : 25
D->valSize : 625
Solving...
currentSize : 9 <-- 0.008622 s
currentSize : 10 <-- 0.008739 s
currentSize : 11 <-- 0.009009 s
currentSize : 12 <-- 0.011139 s
currentSize : 13 <-- 0.011471 s
currentSize : 14 <-- 0.016081 s
currentSize : 15 <-- 0.020177 s
currentSize : 16 <-- 0.053683 s

maxsize : 16
nodes : 1134950.000000
filtered : 25936786.000000
time : 10.091296
