Parameters: GAD=1 vflib=1 dir=0 label=0 lowerbound=1 fileNameGp=../graphsdb/mcs10/rand/r01/mcs10_r01_s20.A71 fileNameGt=../graphsdb/mcs10/rand/r01/mcs10_r01_s20.B71
Reading graphs...
20 :  36
20 :  37
Initializing...
maxdom : 20
D->valSize : 400
Solving...
currentSize : 6 <-- 0.002261 s
currentSize : 7 <-- 0.002290 s
currentSize : 8 <-- 0.002315 s
currentSize : 9 <-- 0.002553 s
currentSize : 11 <-- 0.002561 s
currentSize : 12 <-- 0.004149 s
currentSize : 13 <-- 0.010406 s
currentSize : 14 <-- 0.098920 s

maxsize : 14
nodes : 38744.000000
filtered : 844587.000000
time : 0.415844
