Parameters: GAD=1 vflib=1 dir=0 label=0 lowerbound=1 fileNameGp=../graphsdb/mcs10/rand/r01/mcs10_r01_s35.A27 fileNameGt=../graphsdb/mcs10/rand/r01/mcs10_r01_s35.B27
Reading graphs...
35 :  116
35 :  119
Initializing...
maxdom : 35
D->valSize : 1225
Solving...
currentSize : 13 <-- 0.018786 s
currentSize : 15 <-- 0.018849 s
currentSize : 16 <-- 0.035758 s
currentSize : 17 <-- 0.118136 s
currentSize : 18 <-- 2.817014 s
currentSize : 19 <-- 33.244511 s
currentSize : 20 <-- 956.688843 s

TIMEOUT
maxsize : 20
nodes : 374479370.000000
filtered : 10427069162.000000
time : 3600.000000
