Parameters: GAD=1 vflib=1 dir=0 label=0 lowerbound=1 fileNameGp=../graphsdb/mcs10/rand/r02/mcs10_r02_s25.A95 fileNameGt=../graphsdb/mcs10/rand/r02/mcs10_r02_s25.B95
Reading graphs...
25 :  111
25 :  114
Initializing...
maxdom : 25
D->valSize : 625
Solving...
currentSize : 7 <-- 0.004799 s
currentSize : 8 <-- 0.004820 s
currentSize : 9 <-- 0.004850 s
currentSize : 10 <-- 0.004891 s
currentSize : 11 <-- 0.007268 s
currentSize : 12 <-- 0.017698 s
currentSize : 13 <-- 0.420029 s

maxsize : 13
nodes : 5218917.000000
filtered : 73917840.000000
time : 24.095018
