Parameters: GAD=1 vflib=1 dir=0 label=0 lowerbound=1 fileNameGp=../graphsdb/mcs10/rand/r01/mcs10_r01_s30.A04 fileNameGt=../graphsdb/mcs10/rand/r01/mcs10_r01_s30.B04
Reading graphs...
30 :  87
30 :  83
Initializing...
maxdom : 30
D->valSize : 900
Solving...
currentSize : 13 <-- 0.010379 s
currentSize : 14 <-- 0.010729 s
currentSize : 15 <-- 0.057636 s
currentSize : 16 <-- 0.182795 s
currentSize : 17 <-- 0.474727 s
currentSize : 18 <-- 44.333687 s

maxsize : 18
nodes : 22671312.000000
filtered : 587188103.000000
time : 219.131226
