Parameters: GAD=1 vflib=1 dir=0 label=0 lowerbound=1 fileNameGp=../graphsdb/mcs10/rand/r02/mcs10_r02_s35.A89 fileNameGt=../graphsdb/mcs10/rand/r02/mcs10_r02_s35.B89
Reading graphs...
35 :  215
35 :  215
Initializing...
maxdom : 35
D->valSize : 1225
Solving...
currentSize : 11 <-- 0.017409 s
currentSize : 12 <-- 0.017829 s
currentSize : 13 <-- 0.022501 s
currentSize : 14 <-- 0.075760 s
currentSize : 15 <-- 1.645421 s
currentSize : 16 <-- 213.633926 s

maxsize : 16
nodes : 581989283.000000
filtered : 9172356558.000000
time : 3068.045654
