Parameters: GAD=1 vflib=1 dir=0 label=0 lowerbound=1 fileNameGp=../graphsdb/mcs10/rand/r005/mcs10_r005_s30.A34 fileNameGt=../graphsdb/mcs10/rand/r005/mcs10_r005_s30.B34
Reading graphs...
30 :  44
30 :  45
Initializing...
maxdom : 30
D->valSize : 900
Solving...
currentSize : 13 <-- 0.011867 s
currentSize : 16 <-- 0.011950 s
currentSize : 17 <-- 0.012668 s
currentSize : 18 <-- 0.024802 s
currentSize : 19 <-- 0.103245 s
currentSize : 20 <-- 17.032667 s
currentSize : 21 <-- 20.486761 s
currentSize : 22 <-- 46.290989 s

maxsize : 22
nodes : 4759017.000000
filtered : 106933934.000000
time : 86.066360
