Parameters: GAD=1 vflib=1 dir=0 label=0 lowerbound=1 fileNameGp=../graphsdb/mcs10/rand/r01/mcs10_r01_s30.A34 fileNameGt=../graphsdb/mcs10/rand/r01/mcs10_r01_s30.B34
Reading graphs...
30 :  84
30 :  85
Initializing...
maxdom : 30
D->valSize : 900
Solving...
currentSize : 12 <-- 0.014830 s
currentSize : 13 <-- 0.014847 s
currentSize : 15 <-- 0.015109 s
currentSize : 16 <-- 0.106478 s
currentSize : 17 <-- 0.591896 s
currentSize : 18 <-- 74.314178 s

maxsize : 18
nodes : 30745241.000000
filtered : 733582548.000000
time : 272.435455
