Parameters: GAD=1 vflib=1 dir=0 label=0 lowerbound=1 fileNameGp=../graphsdb/mcs10/rand/r005/mcs10_r005_s25.A85 fileNameGt=../graphsdb/mcs10/rand/r005/mcs10_r005_s25.B85
Reading graphs...
25 :  30
25 :  31
Initializing...
maxdom : 25
D->valSize : 625
Solving...
currentSize : 10 <-- 0.009593 s
currentSize : 11 <-- 0.009616 s
currentSize : 13 <-- 0.010355 s
currentSize : 14 <-- 0.019849 s
currentSize : 16 <-- 0.024766 s
currentSize : 17 <-- 1.074171 s

maxsize : 17
nodes : 940828.000000
filtered : 11820007.000000
time : 11.486019
