Parameters: GAD=1 vflib=1 dir=0 label=0 lowerbound=1 fileNameGp=../graphsdb/mcs10/rand/r02/mcs10_r02_s20.A69 fileNameGt=../graphsdb/mcs10/rand/r02/mcs10_r02_s20.B69
Reading graphs...
20 :  70
20 :  69
Initializing...
maxdom : 20
D->valSize : 400
Solving...
currentSize : 7 <-- 0.001989 s
currentSize : 8 <-- 0.002037 s
currentSize : 9 <-- 0.002122 s
currentSize : 10 <-- 0.002840 s
currentSize : 11 <-- 0.009921 s
currentSize : 12 <-- 0.113185 s

maxsize : 12
nodes : 140384.000000
filtered : 2178062.000000
time : 0.687010
