Parameters: GAD=1 vflib=1 dir=0 label=0 lowerbound=1 fileNameGp=../graphsdb/mcs10/rand/r005/mcs10_r005_s30.A82 fileNameGt=../graphsdb/mcs10/rand/r005/mcs10_r005_s30.B82
Reading graphs...
30 :  45
30 :  45
Initializing...
maxdom : 30
D->valSize : 900
Solving...
currentSize : 15 <-- 0.011144 s
currentSize : 16 <-- 0.011625 s
currentSize : 17 <-- 0.021379 s
currentSize : 18 <-- 0.495866 s
currentSize : 19 <-- 0.502859 s
currentSize : 20 <-- 2.515736 s
currentSize : 21 <-- 2.519638 s

maxsize : 21
nodes : 8648768.000000
filtered : 231397033.000000
time : 149.400085
