Parameters: GAD=1 vflib=1 dir=0 label=0 lowerbound=1 fileNameGp=../graphsdb/mcs10/rand/r005/mcs10_r005_s35.A44 fileNameGt=../graphsdb/mcs10/rand/r005/mcs10_r005_s35.B44
Reading graphs...
35 :  61
35 :  57
Initializing...
maxdom : 35
D->valSize : 1225
Solving...
currentSize : 16 <-- 0.020697 s
currentSize : 17 <-- 0.020944 s
currentSize : 18 <-- 0.020961 s
currentSize : 19 <-- 0.090600 s
currentSize : 20 <-- 0.348902 s
currentSize : 21 <-- 5.962953 s
currentSize : 22 <-- 6.515655 s
currentSize : 23 <-- 83.279747 s
currentSize : 24 <-- 85.126640 s
currentSize : 25 <-- 194.076736 s

maxsize : 25
nodes : 25453452.000000
filtered : 775382479.000000
time : 594.578613
