Parameters: GAD=1 vflib=1 dir=0 label=0 lowerbound=1 fileNameGp=../graphsdb/mcs10/rand/r01/mcs10_r01_s35.A31 fileNameGt=../graphsdb/mcs10/rand/r01/mcs10_r01_s35.B31
Reading graphs...
35 :  115
35 :  115
Initializing...
maxdom : 35
D->valSize : 1225
Solving...
currentSize : 15 <-- 0.020796 s
currentSize : 16 <-- 0.021597 s
currentSize : 17 <-- 0.040519 s
currentSize : 18 <-- 1.388651 s
currentSize : 19 <-- 31.606133 s
currentSize : 20 <-- 335.658417 s

maxsize : 20
nodes : 327917481.000000
filtered : 9700291732.000000
time : 3492.298828
