Parameters: GAD=1 vflib=1 dir=0 label=0 lowerbound=1 fileNameGp=../graphsdb/mcs10/rand/r005/mcs10_r005_s35.A86 fileNameGt=../graphsdb/mcs10/rand/r005/mcs10_r005_s35.B86
Reading graphs...
35 :  60
35 :  60
Initializing...
maxdom : 35
D->valSize : 1225
Solving...
currentSize : 15 <-- 0.020757 s
currentSize : 17 <-- 0.020781 s
currentSize : 18 <-- 0.020848 s
currentSize : 19 <-- 0.022550 s
currentSize : 20 <-- 0.023002 s
currentSize : 21 <-- 0.089790 s
currentSize : 22 <-- 1.137288 s
currentSize : 24 <-- 2.798299 s
currentSize : 25 <-- 462.806183 s

maxsize : 25
nodes : 40209016.000000
filtered : 1593236150.000000
time : 1245.736816
