Parameters: GAD=1 vflib=1 dir=0 label=0 lowerbound=1 fileNameGp=../graphsdb/mcs10/rand/r005/mcs10_r005_s20.A69 fileNameGt=../graphsdb/mcs10/rand/r005/mcs10_r005_s20.B69
Reading graphs...
20 :  20
20 :  20
Initializing...
maxdom : 20
D->valSize : 400
Solving...
currentSize : 7 <-- 0.004019 s
currentSize : 10 <-- 0.004088 s
currentSize : 11 <-- 0.004118 s
currentSize : 12 <-- 0.004159 s
currentSize : 13 <-- 0.004421 s
currentSize : 14 <-- 0.018276 s
currentSize : 15 <-- 0.059580 s

maxsize : 15
nodes : 17246.000000
filtered : 229599.000000
time : 0.206968
