Parameters: GAD=1 vflib=1 dir=0 label=0 lowerbound=1 fileNameGp=../graphsdb/mcs10/rand/r005/mcs10_r005_s35.A45 fileNameGt=../graphsdb/mcs10/rand/r005/mcs10_r005_s35.B45
Reading graphs...
35 :  61
35 :  58
Initializing...
maxdom : 35
D->valSize : 1225
Solving...
currentSize : 17 <-- 0.021273 s
currentSize : 18 <-- 0.024308 s
currentSize : 19 <-- 0.039053 s
currentSize : 20 <-- 0.255587 s
currentSize : 21 <-- 5.052269 s
currentSize : 22 <-- 38.496376 s
currentSize : 23 <-- 97.934769 s
currentSize : 24 <-- 203.373856 s

maxsize : 24
nodes : 84546862.000000
filtered : 2722226624.000000
time : 2709.623291
