Parameters: GAD=1 vflib=1 dir=0 label=0 lowerbound=1 fileNameGp=../graphsdb/mcs10/rand/r01/mcs10_r01_s35.A56 fileNameGt=../graphsdb/mcs10/rand/r01/mcs10_r01_s35.B56
Reading graphs...
35 :  113
35 :  115
Initializing...
maxdom : 35
D->valSize : 1225
Solving...
currentSize : 12 <-- 0.019686 s
currentSize : 13 <-- 0.019737 s
currentSize : 14 <-- 0.019937 s
currentSize : 15 <-- 0.020391 s
currentSize : 16 <-- 0.020999 s
currentSize : 17 <-- 0.024732 s
currentSize : 18 <-- 0.262398 s
currentSize : 19 <-- 4.172831 s
currentSize : 20 <-- 1452.844971 s

TIMEOUT
maxsize : 20
nodes : 404909296.000000
filtered : 10284187470.000000
time : 3600.000000
