Parameters: GAD=1 vflib=1 dir=0 label=0 lowerbound=1 fileNameGp=../graphsdb/mcs10/rand/r01/mcs10_r01_s35.A65 fileNameGt=../graphsdb/mcs10/rand/r01/mcs10_r01_s35.B65
Reading graphs...
35 :  117
35 :  116
Initializing...
maxdom : 35
D->valSize : 1225
Solving...
currentSize : 14 <-- 0.018159 s
currentSize : 15 <-- 0.018344 s
currentSize : 16 <-- 0.018877 s
currentSize : 17 <-- 0.025950 s
currentSize : 18 <-- 0.098365 s
currentSize : 19 <-- 0.408572 s
currentSize : 20 <-- 851.662292 s

TIMEOUT
maxsize : 20
nodes : 370046961.000000
filtered : 10284188674.000000
time : 3600.000000
