Parameters: GAD=1 vflib=1 dir=0 label=0 lowerbound=1 fileNameGp=../graphsdb/mcs10/rand/r01/mcs10_r01_s35.A26 fileNameGt=../graphsdb/mcs10/rand/r01/mcs10_r01_s35.B26
Reading graphs...
35 :  114
35 :  118
Initializing...
maxdom : 35
D->valSize : 1225
Solving...
currentSize : 13 <-- 0.024042 s
currentSize : 14 <-- 0.024108 s
currentSize : 15 <-- 0.024741 s
currentSize : 17 <-- 0.026296 s
currentSize : 18 <-- 2.276441 s
currentSize : 19 <-- 26.454062 s
currentSize : 20 <-- 84.113068 s

maxsize : 20
nodes : 357847139.000000
filtered : 10230506899.000000
time : 3397.979980
