Parameters: GAD=1 vflib=1 dir=0 label=0 lowerbound=1 fileNameGp=../graphsdb/mcs10/rand/r01/mcs10_r01_s25.A86 fileNameGt=../graphsdb/mcs10/rand/r01/mcs10_r01_s25.B86
Reading graphs...
25 :  56
25 :  59
Initializing...
maxdom : 25
D->valSize : 625
Solving...
currentSize : 11 <-- 0.008759 s
currentSize : 12 <-- 0.008800 s
currentSize : 13 <-- 0.010809 s
currentSize : 14 <-- 0.018169 s
currentSize : 15 <-- 0.045920 s
currentSize : 16 <-- 0.232939 s

maxsize : 16
nodes : 1771821.000000
filtered : 39361140.000000
time : 14.673532
