Parameters: GAD=1 vflib=1 dir=0 label=0 lowerbound=1 fileNameGp=../graphsdb/mcs10/rand/r01/mcs10_r01_s25.A31 fileNameGt=../graphsdb/mcs10/rand/r01/mcs10_r01_s25.B31
Reading graphs...
25 :  60
25 :  57
Initializing...
maxdom : 25
D->valSize : 625
Solving...
currentSize : 10 <-- 0.004980 s
currentSize : 11 <-- 0.005094 s
currentSize : 13 <-- 0.006336 s
currentSize : 14 <-- 0.013576 s
currentSize : 15 <-- 0.035610 s
currentSize : 16 <-- 0.147393 s

maxsize : 16
nodes : 1235349.000000
filtered : 30600397.000000
time : 12.260056
