Parameters: GAD=1 vflib=1 dir=0 label=0 lowerbound=1 fileNameGp=../graphsdb/mcs10/rand/r005/mcs10_r005_s25.A36 fileNameGt=../graphsdb/mcs10/rand/r005/mcs10_r005_s25.B36
Reading graphs...
25 :  30
25 :  30
Initializing...
maxdom : 25
D->valSize : 625
Solving...
currentSize : 11 <-- 0.005438 s
currentSize : 13 <-- 0.006918 s
currentSize : 14 <-- 0.007103 s
currentSize : 15 <-- 0.067190 s
currentSize : 16 <-- 0.541521 s
currentSize : 17 <-- 0.541553 s
currentSize : 18 <-- 2.545705 s
currentSize : 19 <-- 4.387874 s

maxsize : 19
nodes : 597930.000000
filtered : 7976884.000000
time : 5.816813
