Parameters: GAD=1 vflib=1 dir=0 label=0 lowerbound=1 fileNameGp=../graphsdb/mcs10/rand/r02/mcs10_r02_s30.A75 fileNameGt=../graphsdb/mcs10/rand/r02/mcs10_r02_s30.B75
Reading graphs...
30 :  159
30 :  156
Initializing...
maxdom : 30
D->valSize : 900
Solving...
currentSize : 10 <-- 0.009265 s
currentSize : 11 <-- 0.009292 s
currentSize : 12 <-- 0.009385 s
currentSize : 13 <-- 0.024396 s
currentSize : 14 <-- 0.070912 s
currentSize : 15 <-- 3.317917 s

maxsize : 15
nodes : 33260120.000000
filtered : 574090387.000000
time : 181.340805
