Parameters: GAD=1 vflib=1 dir=0 label=0 lowerbound=1 fileNameGp=../graphsdb/mcs10/rand/r01/mcs10_r01_s35.A96 fileNameGt=../graphsdb/mcs10/rand/r01/mcs10_r01_s35.B96
Reading graphs...
35 :  117
35 :  115
Initializing...
maxdom : 35
D->valSize : 1225
Solving...
currentSize : 14 <-- 0.018706 s
currentSize : 15 <-- 0.019474 s
currentSize : 16 <-- 0.022496 s
currentSize : 17 <-- 0.095306 s
currentSize : 18 <-- 0.296044 s
currentSize : 19 <-- 63.357956 s
currentSize : 20 <-- 847.451660 s

TIMEOUT
maxsize : 20
nodes : 429610791.000000
filtered : 10784048904.000000
time : 3600.000000
