Parameters: GAD=1 vflib=1 dir=0 label=0 lowerbound=1 fileNameGp=../graphsdb/mcs10/rand/r005/mcs10_r005_s35.A51 fileNameGt=../graphsdb/mcs10/rand/r005/mcs10_r005_s35.B51
Reading graphs...
35 :  61
35 :  60
Initializing...
maxdom : 35
D->valSize : 1225
Solving...
currentSize : 15 <-- 0.020806 s
currentSize : 16 <-- 0.020970 s
currentSize : 17 <-- 0.021620 s
currentSize : 18 <-- 0.022318 s
currentSize : 19 <-- 0.028764 s
currentSize : 20 <-- 0.052485 s
currentSize : 21 <-- 0.196346 s
currentSize : 22 <-- 0.459260 s
currentSize : 23 <-- 254.360519 s
currentSize : 24 <-- 1215.479126 s

maxsize : 24
nodes : 119406425.000000
filtered : 3752388011.000000
time : 3263.143799
