Parameters: GAD=1 vflib=1 dir=0 label=0 lowerbound=1 fileNameGp=../graphsdb/mcs10/rand/r01/mcs10_r01_s25.A36 fileNameGt=../graphsdb/mcs10/rand/r01/mcs10_r01_s25.B36
Reading graphs...
25 :  60
25 :  59
Initializing...
maxdom : 25
D->valSize : 625
Solving...
currentSize : 7 <-- 0.008580 s
currentSize : 9 <-- 0.008612 s
currentSize : 11 <-- 0.009052 s
currentSize : 12 <-- 0.009619 s
currentSize : 14 <-- 0.016329 s
currentSize : 15 <-- 0.046505 s
currentSize : 16 <-- 0.770097 s

maxsize : 16
nodes : 1260978.000000
filtered : 29428043.000000
time : 11.770154
