Parameters: GAD=1 vflib=1 dir=0 label=0 lowerbound=1 fileNameGp=../graphsdb/mcs10/rand/r01/mcs10_r01_s30.A56 fileNameGt=../graphsdb/mcs10/rand/r01/mcs10_r01_s30.B56
Reading graphs...
30 :  85
30 :  87
Initializing...
maxdom : 30
D->valSize : 900
Solving...
currentSize : 13 <-- 0.010191 s
currentSize : 14 <-- 0.010271 s
currentSize : 15 <-- 0.010366 s
currentSize : 16 <-- 0.010417 s
currentSize : 17 <-- 0.605578 s
currentSize : 18 <-- 62.736561 s

maxsize : 18
nodes : 34329170.000000
filtered : 840264351.000000
time : 299.561920
