Parameters: GAD=1 vflib=1 dir=0 label=0 lowerbound=1 fileNameGp=../graphsdb/mcs10/rand/r005/mcs10_r005_s20.A12 fileNameGt=../graphsdb/mcs10/rand/r005/mcs10_r005_s20.B12
Reading graphs...
20 :  20
20 :  20
Initializing...
maxdom : 20
D->valSize : 400
Solving...
currentSize : 8 <-- 0.002325 s
currentSize : 10 <-- 0.002352 s
currentSize : 11 <-- 0.002514 s
currentSize : 12 <-- 0.003437 s
currentSize : 13 <-- 0.023012 s
currentSize : 14 <-- 0.046722 s
currentSize : 15 <-- 0.308932 s

maxsize : 15
nodes : 70404.000000
filtered : 613363.000000
time : 0.401164
