Parameters: GAD=1 vflib=1 dir=0 label=0 lowerbound=1 fileNameGp=../graphsdb/mcs10/rand/r005/mcs10_r005_s30.A24 fileNameGt=../graphsdb/mcs10/rand/r005/mcs10_r005_s30.B24
Reading graphs...
30 :  42
30 :  45
Initializing...
maxdom : 30
D->valSize : 900
Solving...
currentSize : 14 <-- 0.011384 s
currentSize : 16 <-- 0.011443 s
currentSize : 17 <-- 0.011599 s
currentSize : 18 <-- 0.018853 s
currentSize : 19 <-- 0.073017 s
currentSize : 20 <-- 0.772496 s
currentSize : 21 <-- 23.353325 s
currentSize : 22 <-- 24.476622 s

maxsize : 22
nodes : 5169249.000000
filtered : 130105106.000000
time : 100.036308
