Parameters: GAD=1 vflib=1 dir=0 label=0 lowerbound=1 fileNameGp=../graphsdb/mcs10/rand/r02/mcs10_r02_s30.A94 fileNameGt=../graphsdb/mcs10/rand/r02/mcs10_r02_s30.B94
Reading graphs...
30 :  155
30 :  163
Initializing...
maxdom : 30
D->valSize : 900
Solving...
currentSize : 10 <-- 0.009222 s
currentSize : 11 <-- 0.009271 s
currentSize : 12 <-- 0.009419 s
currentSize : 13 <-- 0.055772 s
currentSize : 14 <-- 5.771316 s
currentSize : 15 <-- 338.101959 s

maxsize : 15
nodes : 87708804.000000
filtered : 1189372490.000000
time : 412.015778
