Parameters: GAD=1 vflib=1 dir=0 label=0 lowerbound=1 fileNameGp=../graphsdb/mcs10/rand/r01/mcs10_r01_s20.A77 fileNameGt=../graphsdb/mcs10/rand/r01/mcs10_r01_s20.B77
Reading graphs...
20 :  36
20 :  38
Initializing...
maxdom : 20
D->valSize : 400
Solving...
currentSize : 9 <-- 0.002147 s
currentSize : 10 <-- 0.002253 s
currentSize : 11 <-- 0.002470 s
currentSize : 12 <-- 0.002681 s
currentSize : 13 <-- 0.003265 s
currentSize : 14 <-- 0.219444 s

maxsize : 14
nodes : 75962.000000
filtered : 1338672.000000
time : 0.493386
