Parameters: GAD=1 vflib=1 dir=0 label=0 lowerbound=1 fileNameGp=../graphsdb/mcs10/rand/r02/mcs10_r02_s35.A62 fileNameGt=../graphsdb/mcs10/rand/r02/mcs10_r02_s35.B62
Reading graphs...
35 :  214
35 :  215
Initializing...
maxdom : 35
D->valSize : 1225
Solving...
currentSize : 9 <-- 0.017136 s
currentSize : 10 <-- 0.017188 s
currentSize : 11 <-- 0.017430 s
currentSize : 12 <-- 0.017874 s
currentSize : 13 <-- 0.020636 s
currentSize : 14 <-- 0.161909 s
currentSize : 15 <-- 15.160285 s

TIMEOUT
maxsize : 15
nodes : 723675257.000000
filtered : 9606311473.000000
time : 3600.000000
