Parameters: GAD=1 vflib=1 dir=0 label=0 lowerbound=1 fileNameGp=../graphsdb/mcs10/rand/r005/mcs10_r005_s25.A67 fileNameGt=../graphsdb/mcs10/rand/r005/mcs10_r005_s25.B67
Reading graphs...
25 :  31
25 :  31
Initializing...
maxdom : 25
D->valSize : 625
Solving...
currentSize : 10 <-- 0.009551 s
currentSize : 13 <-- 0.010958 s
currentSize : 14 <-- 0.011193 s
currentSize : 15 <-- 0.026573 s
currentSize : 16 <-- 0.161617 s
currentSize : 17 <-- 0.161629 s
currentSize : 18 <-- 0.163021 s

maxsize : 18
nodes : 922283.000000
filtered : 13608893.000000
time : 14.968973
