Parameters: GAD=1 vflib=1 dir=0 label=0 lowerbound=1 fileNameGp=../graphsdb/mcs10/rand/r005/mcs10_r005_s25.A72 fileNameGt=../graphsdb/mcs10/rand/r005/mcs10_r005_s25.B72
Reading graphs...
25 :  31
25 :  31
Initializing...
maxdom : 25
D->valSize : 625
Solving...
currentSize : 9 <-- 0.005598 s
currentSize : 10 <-- 0.005652 s
currentSize : 12 <-- 0.006701 s
currentSize : 13 <-- 0.019127 s
currentSize : 14 <-- 0.019220 s
currentSize : 15 <-- 0.019903 s
currentSize : 16 <-- 0.597077 s
currentSize : 17 <-- 0.699577 s
currentSize : 18 <-- 1.072129 s

maxsize : 18
nodes : 338621.000000
filtered : 5864236.000000
time : 4.557246
