Parameters: GAD=1 vflib=1 dir=0 label=0 lowerbound=1 fileNameGp=../graphsdb/mcs10/rand/r01/mcs10_r01_s25.A23 fileNameGt=../graphsdb/mcs10/rand/r01/mcs10_r01_s25.B23
Reading graphs...
25 :  58
25 :  61
Initializing...
maxdom : 25
D->valSize : 625
Solving...
currentSize : 11 <-- 0.008701 s
currentSize : 12 <-- 0.008812 s
currentSize : 13 <-- 0.008875 s
currentSize : 14 <-- 0.012060 s
currentSize : 15 <-- 0.135342 s
currentSize : 16 <-- 6.253040 s

maxsize : 16
nodes : 2793524.000000
filtered : 53621419.000000
time : 20.958433
