Parameters: GAD=1 vflib=1 dir=0 label=0 lowerbound=1 fileNameGp=../graphsdb/mcs10/rand/r005/mcs10_r005_s35.A34 fileNameGt=../graphsdb/mcs10/rand/r005/mcs10_r005_s35.B34
Reading graphs...
35 :  58
35 :  60
Initializing...
maxdom : 35
D->valSize : 1225
Solving...
currentSize : 18 <-- 0.020863 s
currentSize : 19 <-- 0.142049 s
currentSize : 20 <-- 3.156191 s
currentSize : 21 <-- 7.001480 s
currentSize : 22 <-- 7.814696 s
currentSize : 23 <-- 115.123283 s
currentSize : 24 <-- 405.295593 s

TIMEOUT
maxsize : 24
nodes : 149721788.000000
filtered : 4415252683.000000
time : 3600.000244
