Parameters: GAD=1 vflib=1 dir=0 label=0 lowerbound=1 fileNameGp=../graphsdb/mcs10/rand/r005/mcs10_r005_s20.A43 fileNameGt=../graphsdb/mcs10/rand/r005/mcs10_r005_s20.B43
Reading graphs...
20 :  20
20 :  20
Initializing...
maxdom : 20
D->valSize : 400
Solving...
currentSize : 6 <-- 0.002344 s
currentSize : 11 <-- 0.002374 s
currentSize : 12 <-- 0.002845 s
currentSize : 13 <-- 0.002898 s
currentSize : 14 <-- 0.018979 s
currentSize : 15 <-- 0.086976 s

maxsize : 15
nodes : 25045.000000
filtered : 319757.000000
time : 0.196426
