Parameters: GAD=1 vflib=1 dir=0 label=0 lowerbound=1 fileNameGp=../graphsdb/mcs10/rand/r01/mcs10_r01_s25.A39 fileNameGt=../graphsdb/mcs10/rand/r01/mcs10_r01_s25.B39
Reading graphs...
25 :  59
25 :  56
Initializing...
maxdom : 25
D->valSize : 625
Solving...
currentSize : 11 <-- 0.008656 s
currentSize : 12 <-- 0.008689 s
currentSize : 13 <-- 0.010890 s
currentSize : 14 <-- 0.010999 s
currentSize : 15 <-- 0.623165 s
currentSize : 16 <-- 1.445350 s
currentSize : 17 <-- 3.558662 s

maxsize : 17
nodes : 631974.000000
filtered : 14710251.000000
time : 5.893997
