Parameters: GAD=1 vflib=1 dir=0 label=0 lowerbound=1 fileNameGp=../graphsdb/mcs10/rand/r005/mcs10_r005_s30.A43 fileNameGt=../graphsdb/mcs10/rand/r005/mcs10_r005_s30.B43
Reading graphs...
30 :  43
30 :  44
Initializing...
maxdom : 30
D->valSize : 900
Solving...
currentSize : 12 <-- 0.019836 s
currentSize : 16 <-- 0.023842 s
currentSize : 17 <-- 0.236224 s
currentSize : 18 <-- 0.322190 s
currentSize : 19 <-- 1.296670 s
currentSize : 20 <-- 3.229950 s
currentSize : 21 <-- 5.538340 s
currentSize : 22 <-- 37.050167 s
currentSize : 23 <-- 112.482109 s

maxsize : 23
nodes : 5183817.000000
filtered : 132217378.000000
time : 120.450104
