Parameters: GAD=1 vflib=1 dir=0 label=0 lowerbound=1 fileNameGp=../graphsdb/mcs10/rand/r01/mcs10_r01_s25.A91 fileNameGt=../graphsdb/mcs10/rand/r01/mcs10_r01_s25.B91
Reading graphs...
25 :  58
25 :  57
Initializing...
maxdom : 25
D->valSize : 625
Solving...
currentSize : 11 <-- 0.008677 s
currentSize : 12 <-- 0.011779 s
currentSize : 13 <-- 0.027412 s
currentSize : 14 <-- 0.032762 s
currentSize : 15 <-- 0.318295 s
currentSize : 16 <-- 2.359593 s

maxsize : 16
nodes : 1650823.000000
filtered : 35609700.000000
time : 14.023486
