Parameters: GAD=1 vflib=1 dir=0 label=0 lowerbound=1 fileNameGp=../graphsdb/mcs10/rand/r01/mcs10_r01_s30.A46 fileNameGt=../graphsdb/mcs10/rand/r01/mcs10_r01_s30.B46
Reading graphs...
30 :  85
30 :  83
Initializing...
maxdom : 30
D->valSize : 900
Solving...
currentSize : 11 <-- 0.017847 s
currentSize : 12 <-- 0.017873 s
currentSize : 13 <-- 0.017947 s
currentSize : 14 <-- 0.018071 s
currentSize : 15 <-- 0.018101 s
currentSize : 16 <-- 0.053091 s
currentSize : 17 <-- 0.072436 s
currentSize : 18 <-- 0.344941 s

maxsize : 18
nodes : 27023285.000000
filtered : 713968007.000000
time : 259.724518
