Parameters: GAD=1 vflib=1 dir=0 label=0 lowerbound=1 fileNameGp=../graphsdb/mcs10/rand/r005/mcs10_r005_s25.A86 fileNameGt=../graphsdb/mcs10/rand/r005/mcs10_r005_s25.B86
Reading graphs...
25 :  31
25 :  31
Initializing...
maxdom : 25
D->valSize : 625
Solving...
currentSize : 7 <-- 0.009527 s
currentSize : 9 <-- 0.009561 s
currentSize : 12 <-- 0.009678 s
currentSize : 13 <-- 0.010829 s
currentSize : 14 <-- 0.026095 s
currentSize : 15 <-- 0.026763 s
currentSize : 16 <-- 0.026794 s
currentSize : 17 <-- 2.346397 s
currentSize : 18 <-- 18.520935 s

maxsize : 18
nodes : 2052527.000000
filtered : 28558550.000000
time : 20.139133
