Parameters: GAD=1 vflib=1 dir=0 label=0 lowerbound=1 fileNameGp=../graphsdb/mcs10/rand/r01/mcs10_r01_s30.A36 fileNameGt=../graphsdb/mcs10/rand/r01/mcs10_r01_s30.B36
Reading graphs...
30 :  87
30 :  86
Initializing...
maxdom : 30
D->valSize : 900
Solving...
currentSize : 12 <-- 0.010143 s
currentSize : 13 <-- 0.012411 s
currentSize : 14 <-- 0.014268 s
currentSize : 15 <-- 0.026233 s
currentSize : 16 <-- 0.032610 s
currentSize : 17 <-- 0.414958 s
currentSize : 18 <-- 30.846615 s

maxsize : 18
nodes : 24645821.000000
filtered : 610823540.000000
time : 237.422165
