Parameters: GAD=1 vflib=1 dir=0 label=0 lowerbound=1 fileNameGp=../graphsdb/mcs10/rand/r005/mcs10_r005_s25.A40 fileNameGt=../graphsdb/mcs10/rand/r005/mcs10_r005_s25.B40
Reading graphs...
25 :  31
25 :  31
Initializing...
maxdom : 25
D->valSize : 625
Solving...
currentSize : 10 <-- 0.009393 s
currentSize : 11 <-- 0.009674 s
currentSize : 15 <-- 0.012629 s
currentSize : 17 <-- 0.022145 s
currentSize : 18 <-- 0.022171 s
currentSize : 19 <-- 0.022566 s
currentSize : 20 <-- 0.927040 s

maxsize : 20
nodes : 57852.000000
filtered : 1616058.000000
time : 1.214652
