Parameters: GAD=1 vflib=1 dir=0 label=0 lowerbound=1 fileNameGp=../graphsdb/mcs10/rand/r02/mcs10_r02_s30.A79 fileNameGt=../graphsdb/mcs10/rand/r02/mcs10_r02_s30.B79
Reading graphs...
30 :  159
30 :  158
Initializing...
maxdom : 30
D->valSize : 900
Solving...
currentSize : 10 <-- 0.009235 s
currentSize : 11 <-- 0.009318 s
currentSize : 12 <-- 0.009434 s
currentSize : 13 <-- 0.068822 s
currentSize : 14 <-- 19.737345 s
currentSize : 15 <-- 351.594177 s

maxsize : 15
nodes : 84645245.000000
filtered : 1157502068.000000
time : 400.239990
