Parameters: GAD=1 vflib=1 dir=0 label=0 lowerbound=1 fileNameGp=../graphsdb/mcs10/rand/r005/mcs10_r005_s35.A65 fileNameGt=../graphsdb/mcs10/rand/r005/mcs10_r005_s35.B65
Reading graphs...
35 :  60
35 :  60
Initializing...
maxdom : 35
D->valSize : 1225
Solving...
currentSize : 13 <-- 0.020967 s
currentSize : 14 <-- 0.020998 s
currentSize : 15 <-- 0.021049 s
currentSize : 17 <-- 0.021063 s
currentSize : 18 <-- 0.021102 s
currentSize : 19 <-- 0.024471 s
currentSize : 20 <-- 0.737510 s
currentSize : 21 <-- 0.737534 s
currentSize : 22 <-- 9.632959 s
currentSize : 23 <-- 618.858765 s
currentSize : 24 <-- 636.837830 s

TIMEOUT
maxsize : 24
nodes : 122490165.000000
filtered : 3402170454.000000
time : 3600.000000
