Parameters: GAD=1 vflib=1 dir=0 label=0 lowerbound=1 fileNameGp=../graphsdb/mcs10/rand/r01/mcs10_r01_s25.A38 fileNameGt=../graphsdb/mcs10/rand/r01/mcs10_r01_s25.B38
Reading graphs...
25 :  60
25 :  60
Initializing...
maxdom : 25
D->valSize : 625
Solving...
currentSize : 10 <-- 0.004885 s
currentSize : 12 <-- 0.004904 s
currentSize : 13 <-- 0.005828 s
currentSize : 14 <-- 0.014840 s
currentSize : 15 <-- 0.182782 s
currentSize : 16 <-- 5.853127 s

maxsize : 16
nodes : 1822138.000000
filtered : 39249141.000000
time : 16.111904
