Parameters: GAD=1 vflib=1 dir=0 label=0 lowerbound=1 fileNameGp=../graphsdb/mcs10/rand/r01/mcs10_r01_s20.A57 fileNameGt=../graphsdb/mcs10/rand/r01/mcs10_r01_s20.B57
Reading graphs...
20 :  36
20 :  36
Initializing...
maxdom : 20
D->valSize : 400
Solving...
currentSize : 7 <-- 0.002219 s
currentSize : 8 <-- 0.002243 s
currentSize : 9 <-- 0.002422 s
currentSize : 11 <-- 0.002586 s
currentSize : 12 <-- 0.019410 s
currentSize : 13 <-- 0.019425 s

maxsize : 13
nodes : 189903.000000
filtered : 2859993.000000
time : 1.800235
