Parameters: GAD=1 vflib=1 dir=0 label=0 lowerbound=1 fileNameGp=../graphsdb/mcs10/rand/r02/mcs10_r02_s25.A15 fileNameGt=../graphsdb/mcs10/rand/r02/mcs10_r02_s25.B15
Reading graphs...
25 :  111
25 :  109
Initializing...
maxdom : 25
D->valSize : 625
Solving...
currentSize : 8 <-- 0.004492 s
currentSize : 9 <-- 0.004518 s
currentSize : 10 <-- 0.004733 s
currentSize : 11 <-- 0.005445 s
currentSize : 12 <-- 0.011633 s
currentSize : 13 <-- 0.206627 s

maxsize : 13
nodes : 5207353.000000
filtered : 71556410.000000
time : 23.177401
