Parameters: GAD=1 vflib=1 dir=0 label=0 lowerbound=1 fileNameGp=../graphsdb/mcs10/rand/r005/mcs10_r005_s25.A64 fileNameGt=../graphsdb/mcs10/rand/r005/mcs10_r005_s25.B64
Reading graphs...
25 :  31
25 :  30
Initializing...
maxdom : 25
D->valSize : 625
Solving...
currentSize : 11 <-- 0.005738 s
currentSize : 12 <-- 0.007434 s
currentSize : 13 <-- 0.007698 s
currentSize : 14 <-- 0.008007 s
currentSize : 15 <-- 0.009835 s
currentSize : 16 <-- 0.030086 s
currentSize : 17 <-- 0.208107 s
currentSize : 18 <-- 0.389930 s
currentSize : 19 <-- 0.893636 s
currentSize : 20 <-- 1.101755 s

maxsize : 20
nodes : 102544.000000
filtered : 1506342.000000
time : 1.468780
