Parameters: GAD=1 vflib=1 dir=0 label=0 lowerbound=1 fileNameGp=../graphsdb/mcs10/rand/r005/mcs10_r005_s25.A10 fileNameGt=../graphsdb/mcs10/rand/r005/mcs10_r005_s25.B10
Reading graphs...
25 :  31
25 :  30
Initializing...
maxdom : 25
D->valSize : 625
Solving...
currentSize : 6 <-- 0.009556 s
currentSize : 8 <-- 0.009584 s
currentSize : 9 <-- 0.009656 s
currentSize : 10 <-- 0.009684 s
currentSize : 12 <-- 0.010066 s
currentSize : 13 <-- 0.012248 s
currentSize : 14 <-- 0.014800 s
currentSize : 15 <-- 0.015903 s
currentSize : 16 <-- 2.120325 s
currentSize : 17 <-- 2.202907 s
currentSize : 18 <-- 15.087521 s

maxsize : 18
nodes : 1689900.000000
filtered : 19542704.000000
time : 16.838688
