Parameters: GAD=1 vflib=1 dir=0 label=0 lowerbound=1 fileNameGp=../graphsdb/mcs10/rand/r01/mcs10_r01_s35.A46 fileNameGt=../graphsdb/mcs10/rand/r01/mcs10_r01_s35.B46
Reading graphs...
35 :  112
35 :  114
Initializing...
maxdom : 35
D->valSize : 1225
Solving...
currentSize : 12 <-- 0.020107 s
currentSize : 13 <-- 0.020135 s
currentSize : 14 <-- 0.020213 s
currentSize : 15 <-- 0.021259 s
currentSize : 16 <-- 0.021670 s
currentSize : 17 <-- 0.194028 s
currentSize : 18 <-- 1.173552 s
currentSize : 19 <-- 28.638630 s
currentSize : 20 <-- 136.068848 s

TIMEOUT
maxsize : 20
nodes : 380425287.000000
filtered : 10614124144.000000
time : 3600.000000
