Parameters: GAD=1 vflib=1 dir=0 label=0 lowerbound=1 fileNameGp=../graphsdb/mcs10/rand/r005/mcs10_r005_s35.A06 fileNameGt=../graphsdb/mcs10/rand/r005/mcs10_r005_s35.B06
Reading graphs...
35 :  60
35 :  61
Initializing...
maxdom : 35
D->valSize : 1225
Solving...
currentSize : 18 <-- 0.020767 s
currentSize : 19 <-- 0.020808 s
currentSize : 20 <-- 0.021256 s
currentSize : 21 <-- 0.024196 s
currentSize : 22 <-- 0.402306 s
currentSize : 23 <-- 2.748981 s
currentSize : 24 <-- 494.281738 s

maxsize : 24
nodes : 152525100.000000
filtered : 4905339777.000000
time : 3591.091553
