Parameters: GAD=1 vflib=1 dir=0 label=0 lowerbound=1 fileNameGp=../graphsdb/mcs10/rand/r005/mcs10_r005_s20.A72 fileNameGt=../graphsdb/mcs10/rand/r005/mcs10_r005_s20.B72
Reading graphs...
20 :  20
20 :  20
Initializing...
maxdom : 20
D->valSize : 400
Solving...
currentSize : 4 <-- 0.002335 s
currentSize : 8 <-- 0.002364 s
currentSize : 9 <-- 0.002388 s
currentSize : 12 <-- 0.002402 s
currentSize : 13 <-- 0.004089 s
currentSize : 14 <-- 0.004234 s
currentSize : 15 <-- 0.016141 s

maxsize : 15
nodes : 16633.000000
filtered : 199666.000000
time : 0.191912
