Parameters: GAD=1 vflib=1 dir=0 label=0 lowerbound=1 fileNameGp=../graphsdb/mcs30/rand/r02/mcs30_r02_s35.A83 fileNameGt=../graphsdb/mcs30/rand/r02/mcs30_r02_s35.B83
Reading graphs...
35 :  210
35 :  213
Initializing...
maxdom : 35
D->valSize : 1225
Solving...
currentSize : 11 <-- 0.029164 s
currentSize : 12 <-- 0.029274 s
currentSize : 13 <-- 0.029508 s
currentSize : 14 <-- 0.037122 s
currentSize : 15 <-- 18.057653 s
currentSize : 16 <-- 458.128021 s

maxsize : 16
nodes : 643736647.000000
filtered : 9993056025.000000
time : 3453.916992
