Parameters: GAD=1 vflib=1 dir=0 label=0 lowerbound=1 fileNameGp=../graphsdb/mcs30/m3D/m3Dr6/mcs30_m3Dr6_s30.A37 fileNameGt=../graphsdb/mcs30/m3D/m3Dr6/mcs30_m3Dr6_s30.B37
Reading graphs...
30 :  77
30 :  76
Initializing...
maxdom : 30
D->valSize : 900
Solving...
currentSize : 13 <-- 0.018263 s
currentSize : 14 <-- 0.018467 s
currentSize : 15 <-- 0.028350 s
currentSize : 16 <-- 0.038212 s
currentSize : 17 <-- 0.039624 s
currentSize : 18 <-- 0.600921 s
currentSize : 19 <-- 66.346588 s

maxsize : 19
nodes : 17406895.000000
filtered : 467803703.000000
time : 168.584747
