Parameters: GAD=1 vflib=1 dir=0 label=0 lowerbound=1 fileNameGp=../graphsdb/mcs30/bvg/b09m/mcs30_b09m_s35.A77 fileNameGt=../graphsdb/mcs30/bvg/b09m/mcs30_b09m_s35.B77
Reading graphs...
35 :  148
35 :  143
Initializing...
maxdom : 35
D->valSize : 1225
Solving...
currentSize : 11 <-- 0.022669 s
currentSize : 12 <-- 0.022717 s
currentSize : 13 <-- 0.022800 s
currentSize : 14 <-- 0.023648 s
currentSize : 15 <-- 0.024100 s
currentSize : 16 <-- 0.027164 s
currentSize : 17 <-- 0.588207 s
currentSize : 18 <-- 10.860638 s

TIMEOUT
maxsize : 18
nodes : 558226834.000000
filtered : 12357571202.000000
time : 3600.000000
