Parameters: GAD=1 vflib=1 dir=0 label=0 lowerbound=1 fileNameGp=../graphsdb/mcs30/bvg/b03m/mcs30_b03m_s25.A33 fileNameGt=../graphsdb/mcs30/bvg/b03m/mcs30_b03m_s25.B33
Reading graphs...
25 :  35
25 :  36
Initializing...
maxdom : 25
D->valSize : 625
Solving...
currentSize : 11 <-- 0.009224 s
currentSize : 12 <-- 0.009246 s
currentSize : 13 <-- 0.009409 s
currentSize : 14 <-- 0.010779 s
currentSize : 15 <-- 0.083930 s
currentSize : 16 <-- 0.123254 s
currentSize : 17 <-- 1.466613 s
currentSize : 18 <-- 2.002741 s
currentSize : 19 <-- 4.833800 s

maxsize : 19
nodes : 424755.000000
filtered : 8515764.000000
time : 6.483605
