Parameters: GAD=1 vflib=1 dir=0 label=0 lowerbound=1 fileNameGp=../graphsdb/mcs30/rand/r01/mcs30_r01_s35.A18 fileNameGt=../graphsdb/mcs30/rand/r01/mcs30_r01_s35.B18
Reading graphs...
35 :  116
35 :  114
Initializing...
maxdom : 35
D->valSize : 1225
Solving...
currentSize : 13 <-- 0.018926 s
currentSize : 14 <-- 0.018982 s
currentSize : 15 <-- 0.025240 s
currentSize : 16 <-- 0.029017 s
currentSize : 17 <-- 0.060094 s
currentSize : 18 <-- 0.225063 s
currentSize : 19 <-- 3.951531 s
currentSize : 20 <-- 20.279217 s

TIMEOUT
maxsize : 20
nodes : 382135490.000000
filtered : 11084452060.000000
time : 3600.000000
