Parameters: GAD=1 vflib=1 dir=0 label=0 lowerbound=1 fileNameGp=../graphsdb/mcs30/m3D/m3Dr2/mcs30_m3Dr2_s30.A88 fileNameGt=../graphsdb/mcs30/m3D/m3Dr2/mcs30_m3Dr2_s30.B88
Reading graphs...
30 :  65
30 :  66
Initializing...
maxdom : 30
D->valSize : 900
Solving...
currentSize : 13 <-- 0.010988 s
currentSize : 14 <-- 0.011225 s
currentSize : 15 <-- 0.011265 s
currentSize : 16 <-- 0.011716 s
currentSize : 17 <-- 0.063551 s
currentSize : 18 <-- 0.219426 s
currentSize : 19 <-- 0.437485 s
currentSize : 20 <-- 30.363640 s

maxsize : 20
nodes : 9187637.000000
filtered : 278412885.000000
time : 113.579353
