Parameters: GAD=1 vflib=1 dir=0 label=0 lowerbound=1 fileNameGp=../graphsdb/mcs30/bvg/b03m/mcs30_b03m_s30.A53 fileNameGt=../graphsdb/mcs30/bvg/b03m/mcs30_b03m_s30.B53
Reading graphs...
30 :  44
30 :  44
Initializing...
maxdom : 30
D->valSize : 900
Solving...
currentSize : 15 <-- 0.011254 s
currentSize : 16 <-- 0.011671 s
currentSize : 17 <-- 0.012321 s
currentSize : 19 <-- 0.012335 s
currentSize : 20 <-- 2.831429 s
currentSize : 21 <-- 142.619034 s

maxsize : 21
nodes : 11463068.000000
filtered : 220614028.000000
time : 230.742828
