Parameters: GAD=1 vflib=1 dir=0 label=0 lowerbound=1 fileNameGp=../graphsdb/mcs30/bvg/b06/mcs30_b06_s25.A11 fileNameGt=../graphsdb/mcs30/bvg/b06/mcs30_b06_s25.B11
Reading graphs...
25 :  72
25 :  74
Initializing...
maxdom : 25
D->valSize : 625
Solving...
currentSize : 9 <-- 0.008399 s
currentSize : 10 <-- 0.008685 s
currentSize : 11 <-- 0.009548 s
currentSize : 12 <-- 0.009760 s
currentSize : 13 <-- 0.026632 s
currentSize : 14 <-- 0.094197 s
currentSize : 15 <-- 1.100528 s

maxsize : 15
nodes : 1888308.000000
filtered : 37035585.000000
time : 14.112531
