Parameters: GAD=1 vflib=1 dir=0 label=0 lowerbound=1 fileNameGp=../graphsdb/mcs30/bvg/b06m/mcs30_b06m_s30.A10 fileNameGt=../graphsdb/mcs30/bvg/b06m/mcs30_b06m_s30.B10
Reading graphs...
30 :  88
30 :  87
Initializing...
maxdom : 30
D->valSize : 900
Solving...
currentSize : 9 <-- 0.010341 s
currentSize : 10 <-- 0.011102 s
currentSize : 11 <-- 0.011316 s
currentSize : 12 <-- 0.011325 s
currentSize : 13 <-- 0.011467 s
currentSize : 14 <-- 0.022964 s
currentSize : 15 <-- 0.261682 s
currentSize : 16 <-- 0.492141 s
currentSize : 17 <-- 0.796592 s
currentSize : 18 <-- 50.280113 s

maxsize : 18
nodes : 15572895.000000
filtered : 410013431.000000
time : 145.696564
