Parameters: GAD=1 vflib=1 dir=0 label=0 lowerbound=1 fileNameGp=../graphsdb/mcs30/rand/r01/mcs30_r01_s30.A87 fileNameGt=../graphsdb/mcs30/rand/r01/mcs30_r01_s30.B87
Reading graphs...
30 :  85
30 :  84
Initializing...
maxdom : 30
D->valSize : 900
Solving...
currentSize : 12 <-- 0.010322 s
currentSize : 13 <-- 0.010726 s
currentSize : 14 <-- 0.010827 s
currentSize : 15 <-- 0.016516 s
currentSize : 16 <-- 0.018618 s
currentSize : 17 <-- 0.864380 s
currentSize : 18 <-- 1.886545 s

maxsize : 18
nodes : 38595023.000000
filtered : 1000417418.000000
time : 365.404388
