Parameters: GAD=1 vflib=1 dir=0 label=0 lowerbound=1 fileNameGp=../graphsdb/mcs30/bvg/b03m/mcs30_b03m_s35.A04 fileNameGt=../graphsdb/mcs30/bvg/b03m/mcs30_b03m_s35.B04
Reading graphs...
35 :  51
35 :  51
Initializing...
maxdom : 35
D->valSize : 1225
Solving...
currentSize : 14 <-- 0.036895 s
currentSize : 15 <-- 0.037630 s
currentSize : 16 <-- 0.038610 s
currentSize : 18 <-- 0.038628 s
currentSize : 19 <-- 0.197679 s
currentSize : 20 <-- 0.198160 s
currentSize : 21 <-- 0.351786 s
currentSize : 22 <-- 0.444516 s
currentSize : 23 <-- 20.696024 s
currentSize : 24 <-- 50.424400 s
currentSize : 25 <-- 1150.635742 s

maxsize : 25
nodes : 94027121.000000
filtered : 2564227848.000000
time : 2536.896729
