Parameters: GAD=1 vflib=1 dir=0 label=0 lowerbound=1 fileNameGp=../graphsdb/mcs30/bvg/b03m/mcs30_b03m_s35.A50 fileNameGt=../graphsdb/mcs30/bvg/b03m/mcs30_b03m_s35.B50
Reading graphs...
35 :  51
35 :  51
Initializing...
maxdom : 35
D->valSize : 1225
Solving...
currentSize : 11 <-- 0.036288 s
currentSize : 13 <-- 0.038550 s
currentSize : 15 <-- 0.038717 s
currentSize : 16 <-- 0.038731 s
currentSize : 17 <-- 0.038744 s
currentSize : 18 <-- 0.039394 s
currentSize : 19 <-- 0.180155 s
currentSize : 20 <-- 1.292939 s
currentSize : 21 <-- 1.341067 s
currentSize : 22 <-- 5.187721 s
currentSize : 23 <-- 186.079620 s
currentSize : 24 <-- 189.218918 s

maxsize : 24
nodes : 144224262.000000
filtered : 3660111475.000000
time : 3559.115234
