Parameters: GAD=1 vflib=1 dir=0 label=0 lowerbound=1 fileNameGp=../graphsdb/mcs30/m3D/m3Dr2/mcs30_m3Dr2_s30.A31 fileNameGt=../graphsdb/mcs30/m3D/m3Dr2/mcs30_m3Dr2_s30.B31
Reading graphs...
30 :  67
30 :  61
Initializing...
maxdom : 30
D->valSize : 900
Solving...
currentSize : 13 <-- 0.018698 s
currentSize : 14 <-- 0.018752 s
currentSize : 15 <-- 0.019487 s
currentSize : 16 <-- 0.030948 s
currentSize : 17 <-- 1.669655 s
currentSize : 18 <-- 2.657007 s
currentSize : 19 <-- 10.858841 s
currentSize : 20 <-- 236.705338 s

maxsize : 20
nodes : 18991722.000000
filtered : 511429522.000000
time : 258.050507
