Parameters: GAD=1 vflib=1 dir=0 label=0 lowerbound=1 fileNameGp=../graphsdb/mcs30/m2D/m2Dr6/mcs30_m2Dr6_s30.A28 fileNameGt=../graphsdb/mcs30/m2D/m2Dr6/mcs30_m2Dr6_s30.B28
Reading graphs...
30 :  65
30 :  65
Initializing...
maxdom : 30
D->valSize : 900
Solving...
currentSize : 14 <-- 0.010900 s
currentSize : 15 <-- 0.013156 s
currentSize : 16 <-- 0.017692 s
currentSize : 17 <-- 0.201336 s
currentSize : 18 <-- 0.292456 s
currentSize : 19 <-- 1.012420 s
currentSize : 20 <-- 9.557762 s

maxsize : 20
nodes : 7364910.000000
filtered : 237653465.000000
time : 99.380638
