Parameters: GAD=1 vflib=1 dir=0 label=0 lowerbound=1 fileNameGp=../graphsdb/mcs30/m3D/m3D/mcs30_m3D_s30.A63 fileNameGt=../graphsdb/mcs30/m3D/m3D/mcs30_m3D_s30.B63
Reading graphs...
30 :  61
30 :  60
Initializing...
maxdom : 30
D->valSize : 900
Solving...
currentSize : 12 <-- 0.018760 s
currentSize : 13 <-- 0.018802 s
currentSize : 14 <-- 0.018822 s
currentSize : 15 <-- 0.019265 s
currentSize : 16 <-- 0.019322 s
currentSize : 17 <-- 0.120873 s
currentSize : 18 <-- 0.965401 s
currentSize : 19 <-- 0.965592 s
currentSize : 20 <-- 2.660429 s
currentSize : 21 <-- 5.652895 s

maxsize : 21
nodes : 2280988.000000
filtered : 76390263.000000
time : 40.888168
