Parameters: GAD=1 vflib=1 dir=0 label=0 lowerbound=1 fileNameGp=../graphsdb/mcs30/rand/r005/mcs30_r005_s25.A79 fileNameGt=../graphsdb/mcs30/rand/r005/mcs30_r005_s25.B79
Reading graphs...
25 :  34
25 :  32
Initializing...
maxdom : 25
D->valSize : 625
Solving...
currentSize : 9 <-- 0.009466 s
currentSize : 10 <-- 0.009595 s
currentSize : 12 <-- 0.010261 s
currentSize : 13 <-- 0.010799 s
currentSize : 14 <-- 0.014403 s
currentSize : 15 <-- 0.399259 s
currentSize : 16 <-- 0.754018 s
currentSize : 17 <-- 2.576543 s

maxsize : 17
nodes : 1947309.000000
filtered : 28589257.000000
time : 23.109371
