Parameters: GAD=1 vflib=1 dir=0 label=0 lowerbound=1 fileNameGp=../graphsdb/mcs30/rand/r005/mcs30_r005_s25.A77 fileNameGt=../graphsdb/mcs30/rand/r005/mcs30_r005_s25.B77
Reading graphs...
25 :  34
25 :  32
Initializing...
maxdom : 25
D->valSize : 625
Solving...
currentSize : 6 <-- 0.009377 s
currentSize : 10 <-- 0.009439 s
currentSize : 15 <-- 0.009566 s
currentSize : 16 <-- 0.285758 s
currentSize : 17 <-- 0.343498 s
currentSize : 18 <-- 0.684699 s
currentSize : 19 <-- 0.685568 s

maxsize : 19
nodes : 125673.000000
filtered : 2725474.000000
time : 2.268943
