Parameters: GAD=1 vflib=1 dir=0 label=0 lowerbound=1 fileNameGp=../graphsdb/mcs30/bvg/b09/mcs30_b09_s35.A77 fileNameGt=../graphsdb/mcs30/bvg/b09/mcs30_b09_s35.B77
Reading graphs...
35 :  151
35 :  149
Initializing...
maxdom : 35
D->valSize : 1225
Solving...
currentSize : 11 <-- 0.031546 s
currentSize : 12 <-- 0.031599 s
currentSize : 13 <-- 0.032131 s
currentSize : 14 <-- 0.040686 s
currentSize : 15 <-- 0.095041 s
currentSize : 16 <-- 0.229812 s
currentSize : 17 <-- 12.615631 s
currentSize : 18 <-- 161.669434 s
currentSize : 19 <-- 172.058258 s

TIMEOUT
maxsize : 19
nodes : 479857663.000000
filtered : 11016608235.000000
time : 3600.000000
