Parameters: GAD=1 vflib=1 dir=0 label=0 lowerbound=1 fileNameGp=../graphsdb/mcs30/bvg/b06/mcs30_b06_s35.A61 fileNameGt=../graphsdb/mcs30/bvg/b06/mcs30_b06_s35.B61
Reading graphs...
35 :  102
35 :  104
Initializing...
maxdom : 35
D->valSize : 1225
Solving...
currentSize : 16 <-- 0.033863 s
currentSize : 17 <-- 0.040216 s
currentSize : 18 <-- 0.040564 s
currentSize : 19 <-- 0.042499 s
currentSize : 20 <-- 0.042603 s
currentSize : 21 <-- 178.803772 s
currentSize : 22 <-- 349.658112 s

maxsize : 22
nodes : 72148705.000000
filtered : 2476802070.000000
time : 1088.094971
