Parameters: GAD=1 vflib=1 dir=0 label=0 lowerbound=1 fileNameGp=../graphsdb/mcs30/bvg/b06m/mcs30_b06m_s25.A98 fileNameGt=../graphsdb/mcs30/bvg/b06m/mcs30_b06m_s25.B98
Reading graphs...
25 :  69
25 :  70
Initializing...
maxdom : 25
D->valSize : 625
Solving...
currentSize : 10 <-- 0.005185 s
currentSize : 11 <-- 0.005208 s
currentSize : 12 <-- 0.005227 s
currentSize : 13 <-- 0.007243 s
currentSize : 14 <-- 0.017538 s
currentSize : 15 <-- 0.986330 s

maxsize : 15
nodes : 1778521.000000
filtered : 38587358.000000
time : 13.821304
