Parameters: GAD=1 vflib=1 dir=0 label=0 lowerbound=1 fileNameGp=../graphsdb/mcs30/bvg/b06m/mcs30_b06m_s30.A64 fileNameGt=../graphsdb/mcs30/bvg/b06m/mcs30_b06m_s30.B64
Reading graphs...
30 :  86
30 :  86
Initializing...
maxdom : 30
D->valSize : 900
Solving...
currentSize : 12 <-- 0.010252 s
currentSize : 14 <-- 0.010532 s
currentSize : 15 <-- 0.010546 s
currentSize : 16 <-- 0.027109 s
currentSize : 17 <-- 0.057204 s
currentSize : 18 <-- 0.303759 s

maxsize : 18
nodes : 15414606.000000
filtered : 413593669.000000
time : 128.005142
