Parameters: GAD=1 vflib=1 dir=0 label=0 lowerbound=1 fileNameGp=../graphsdb/mcs30/rand/r005/mcs30_r005_s35.A85 fileNameGt=../graphsdb/mcs30/rand/r005/mcs30_r005_s35.B85
Reading graphs...
35 :  63
35 :  62
Initializing...
maxdom : 35
D->valSize : 1225
Solving...
currentSize : 17 <-- 0.020701 s
currentSize : 18 <-- 0.020783 s
currentSize : 19 <-- 0.021985 s
currentSize : 20 <-- 0.027013 s
currentSize : 21 <-- 0.512728 s
currentSize : 22 <-- 0.512747 s
currentSize : 23 <-- 0.546564 s
currentSize : 24 <-- 4.668820 s
currentSize : 25 <-- 4.668911 s

maxsize : 25
nodes : 29359898.000000
filtered : 1190743390.000000
time : 987.234497
