Parameters: GAD=1 vflib=1 dir=0 label=0 lowerbound=1 fileNameGp=../graphsdb/mcs30/bvg/b03/mcs30_b03_s30.A29 fileNameGt=../graphsdb/mcs30/bvg/b03/mcs30_b03_s30.B29
Reading graphs...
30 :  45
30 :  45
Initializing...
maxdom : 30
D->valSize : 900
Solving...
currentSize : 8 <-- 0.016874 s
currentSize : 13 <-- 0.017059 s
currentSize : 14 <-- 0.017081 s
currentSize : 16 <-- 0.017485 s
currentSize : 17 <-- 0.099275 s
currentSize : 18 <-- 0.304049 s
currentSize : 19 <-- 0.312298 s
currentSize : 20 <-- 17.588612 s
currentSize : 21 <-- 20.030552 s

maxsize : 21
nodes : 5592512.000000
filtered : 131665911.000000
time : 87.534966
