Parameters: GAD=1 vflib=1 dir=0 label=0 lowerbound=1 fileNameGp=../graphsdb/mcs30/m3D/m3Dr6/mcs30_m3Dr6_s25.A85 fileNameGt=../graphsdb/mcs30/m3D/m3Dr6/mcs30_m3Dr6_s25.B85
Reading graphs...
25 :  61
25 :  59
Initializing...
maxdom : 25
D->valSize : 625
Solving...
currentSize : 9 <-- 0.004913 s
currentSize : 10 <-- 0.004929 s
currentSize : 11 <-- 0.004992 s
currentSize : 13 <-- 0.005078 s
currentSize : 14 <-- 0.005288 s
currentSize : 15 <-- 0.049647 s
currentSize : 16 <-- 0.183904 s
currentSize : 17 <-- 2.102655 s

maxsize : 17
nodes : 511088.000000
filtered : 13650074.000000
time : 5.165415
