Parameters: GAD=1 vflib=1 dir=0 label=0 lowerbound=1 fileNameGp=../graphsdb/mcs30/m2D/m2D/mcs30_m2D_s30.A69 fileNameGt=../graphsdb/mcs30/m2D/m2D/mcs30_m2D_s30.B69
Reading graphs...
30 :  48
30 :  49
Initializing...
maxdom : 30
D->valSize : 900
Solving...
currentSize : 16 <-- 0.019609 s
currentSize : 17 <-- 0.019647 s
currentSize : 18 <-- 0.020434 s
currentSize : 19 <-- 0.020484 s
currentSize : 20 <-- 0.020691 s
currentSize : 21 <-- 7.006857 s

maxsize : 21
nodes : 3916879.000000
filtered : 113379666.000000
time : 69.207649
