Parameters: GAD=1 vflib=1 dir=0 label=0 lowerbound=1 fileNameGp=../graphsdb/mcs30/bvg/b03m/mcs30_b03m_s25.A32 fileNameGt=../graphsdb/mcs30/bvg/b03m/mcs30_b03m_s25.B32
Reading graphs...
25 :  36
25 :  37
Initializing...
maxdom : 25
D->valSize : 625
Solving...
currentSize : 11 <-- 0.005317 s
currentSize : 12 <-- 0.005342 s
currentSize : 14 <-- 0.005389 s
currentSize : 15 <-- 0.009896 s
currentSize : 16 <-- 0.263568 s
currentSize : 17 <-- 0.263599 s
currentSize : 18 <-- 2.404734 s

maxsize : 18
nodes : 384870.000000
filtered : 8176108.000000
time : 6.663654
