Parameters: GAD=1 vflib=1 dir=0 label=0 lowerbound=1 fileNameGp=../graphsdb/mcs30/bvg/b06/mcs30_b06_s35.A50 fileNameGt=../graphsdb/mcs30/bvg/b06/mcs30_b06_s35.B50
Reading graphs...
35 :  103
35 :  102
Initializing...
maxdom : 35
D->valSize : 1225
Solving...
currentSize : 13 <-- 0.019108 s
currentSize : 14 <-- 0.019444 s
currentSize : 15 <-- 0.024631 s
currentSize : 16 <-- 0.034921 s
currentSize : 17 <-- 0.112608 s
currentSize : 18 <-- 0.203191 s
currentSize : 19 <-- 0.208399 s
currentSize : 20 <-- 5.752747 s
currentSize : 21 <-- 144.149612 s

maxsize : 21
nodes : 161668880.000000
filtered : 5441513235.000000
time : 2550.407471
