Parameters: GAD=1 vflib=1 dir=0 label=0 lowerbound=1 fileNameGp=../graphsdb/mcs30/bvg/b03/mcs30_b03_s35.A24 fileNameGt=../graphsdb/mcs30/bvg/b03/mcs30_b03_s35.B24
Reading graphs...
35 :  51
35 :  52
Initializing...
maxdom : 35
D->valSize : 1225
Solving...
currentSize : 16 <-- 0.025338 s
currentSize : 17 <-- 0.025400 s
currentSize : 18 <-- 0.025418 s
currentSize : 19 <-- 0.025440 s
currentSize : 20 <-- 0.758253 s
currentSize : 21 <-- 13.528674 s
currentSize : 22 <-- 64.807259 s
currentSize : 23 <-- 115.185715 s
currentSize : 24 <-- 130.505569 s
currentSize : 25 <-- 649.051636 s

maxsize : 25
nodes : 74726961.000000
filtered : 2120767615.000000
time : 1968.552612
