Parameters: GAD=1 vflib=1 dir=0 label=0 lowerbound=1 fileNameGp=../graphsdb/mcs30/m3D/m3Dr2/mcs30_m3Dr2_s25.A39 fileNameGt=../graphsdb/mcs30/m3D/m3Dr2/mcs30_m3Dr2_s25.B39
Reading graphs...
25 :  53
25 :  50
Initializing...
maxdom : 25
D->valSize : 625
Solving...
currentSize : 11 <-- 0.008792 s
currentSize : 12 <-- 0.008990 s
currentSize : 13 <-- 0.008999 s
currentSize : 14 <-- 0.012869 s
currentSize : 15 <-- 0.036358 s
currentSize : 16 <-- 0.311163 s
currentSize : 17 <-- 1.243049 s

maxsize : 17
nodes : 447634.000000
filtered : 11918116.000000
time : 5.832190
