Parameters: GAD=1 vflib=1 dir=0 label=0 lowerbound=1 fileNameGp=../graphsdb/mcs30/bvg/b06m/mcs30_b06m_s25.A02 fileNameGt=../graphsdb/mcs30/bvg/b06m/mcs30_b06m_s25.B02
Reading graphs...
25 :  67
25 :  70
Initializing...
maxdom : 25
D->valSize : 625
Solving...
currentSize : 9 <-- 0.008435 s
currentSize : 10 <-- 0.008480 s
currentSize : 12 <-- 0.008525 s
currentSize : 13 <-- 0.015298 s
currentSize : 14 <-- 0.038476 s
currentSize : 15 <-- 0.353314 s

maxsize : 15
nodes : 1910474.000000
filtered : 41016749.000000
time : 14.774219
