Parameters: GAD=1 vflib=1 dir=0 label=0 lowerbound=1 fileNameGp=../graphsdb/mcs30/m3D/m3Dr6/mcs30_m3Dr6_s25.A51 fileNameGt=../graphsdb/mcs30/m3D/m3Dr6/mcs30_m3Dr6_s25.B51
Reading graphs...
25 :  61
25 :  61
Initializing...
maxdom : 25
D->valSize : 625
Solving...
currentSize : 10 <-- 0.008636 s
currentSize : 12 <-- 0.008690 s
currentSize : 13 <-- 0.008778 s
currentSize : 14 <-- 0.017336 s
currentSize : 15 <-- 0.090170 s
currentSize : 16 <-- 1.044656 s

maxsize : 16
nodes : 1022109.000000
filtered : 24407005.000000
time : 9.824496
