Parameters: GAD=1 vflib=1 dir=0 label=0 lowerbound=1 fileNameGp=../graphsdb/mcs30/rand/r01/mcs30_r01_s30.A77 fileNameGt=../graphsdb/mcs30/rand/r01/mcs30_r01_s30.B77
Reading graphs...
30 :  86
30 :  85
Initializing...
maxdom : 30
D->valSize : 900
Solving...
currentSize : 11 <-- 0.010180 s
currentSize : 12 <-- 0.010373 s
currentSize : 13 <-- 0.011240 s
currentSize : 14 <-- 0.011305 s
currentSize : 15 <-- 0.021585 s
currentSize : 16 <-- 0.024352 s
currentSize : 17 <-- 0.053179 s
currentSize : 18 <-- 1.003345 s

maxsize : 18
nodes : 24716367.000000
filtered : 623115946.000000
time : 225.274277
