Parameters: GAD=1 vflib=1 dir=0 label=0 lowerbound=1 fileNameGp=../graphsdb/mcs30/rand/r005/mcs30_r005_s20.A49 fileNameGt=../graphsdb/mcs30/rand/r005/mcs30_r005_s20.B49
Reading graphs...
20 :  22
20 :  23
Initializing...
maxdom : 20
D->valSize : 400
Solving...
currentSize : 9 <-- 0.002265 s
currentSize : 10 <-- 0.003768 s
currentSize : 11 <-- 0.005956 s
currentSize : 12 <-- 0.006268 s
currentSize : 13 <-- 0.006599 s
currentSize : 14 <-- 0.046175 s
currentSize : 15 <-- 0.057802 s
currentSize : 16 <-- 0.135359 s

maxsize : 16
nodes : 25657.000000
filtered : 235090.000000
time : 0.163524
