Parameters: GAD=1 vflib=1 dir=0 label=0 lowerbound=1 fileNameGp=../graphsdb/mcs30/m3D/m3Dr4/mcs30_m3Dr4_s25.A02 fileNameGt=../graphsdb/mcs30/m3D/m3Dr4/mcs30_m3Dr4_s25.B02
Reading graphs...
25 :  58
25 :  59
Initializing...
maxdom : 25
D->valSize : 625
Solving...
currentSize : 11 <-- 0.005126 s
currentSize : 12 <-- 0.005162 s
currentSize : 13 <-- 0.008730 s
currentSize : 14 <-- 0.203709 s
currentSize : 15 <-- 0.432656 s
currentSize : 16 <-- 2.361648 s
currentSize : 17 <-- 4.733637 s

maxsize : 17
nodes : 861728.000000
filtered : 18434497.000000
time : 6.905814
