Parameters: GAD=1 vflib=1 dir=0 label=0 lowerbound=1 fileNameGp=../graphsdb/mcs30/m3D/m3D/mcs30_m3D_s30.A61 fileNameGt=../graphsdb/mcs30/m3D/m3D/mcs30_m3D_s30.B61
Reading graphs...
30 :  61
30 :  58
Initializing...
maxdom : 30
D->valSize : 900
Solving...
currentSize : 16 <-- 0.018979 s
currentSize : 17 <-- 0.137030 s
currentSize : 18 <-- 0.748661 s
currentSize : 19 <-- 3.866277 s
currentSize : 20 <-- 9.606925 s
currentSize : 21 <-- 59.443642 s

maxsize : 21
nodes : 7098498.000000
filtered : 210509863.000000
time : 107.823601
