Parameters: GAD=1 vflib=1 dir=0 label=0 lowerbound=1 fileNameGp=../graphsdb/mcs30/m2D/m2Dr6/mcs30_m2Dr6_s30.A15 fileNameGt=../graphsdb/mcs30/m2D/m2Dr6/mcs30_m2Dr6_s30.B15
Reading graphs...
30 :  65
30 :  66
Initializing...
maxdom : 30
D->valSize : 900
Solving...
currentSize : 14 <-- 0.010644 s
currentSize : 15 <-- 0.012503 s
currentSize : 16 <-- 0.015808 s
currentSize : 17 <-- 0.030196 s
currentSize : 18 <-- 6.910919 s
currentSize : 19 <-- 13.988024 s
currentSize : 20 <-- 71.138031 s

maxsize : 20
nodes : 10463450.000000
filtered : 273214214.000000
time : 115.146080
