Parameters: GAD=1 vflib=1 dir=0 label=0 lowerbound=1 fileNameGp=../graphsdb/mcs30/bvg/b06/mcs30_b06_s30.A20 fileNameGt=../graphsdb/mcs30/bvg/b06/mcs30_b06_s30.B20
Reading graphs...
30 :  89
30 :  87
Initializing...
maxdom : 30
D->valSize : 900
Solving...
currentSize : 13 <-- 0.017535 s
currentSize : 14 <-- 0.017600 s
currentSize : 15 <-- 0.020930 s
currentSize : 16 <-- 0.022708 s
currentSize : 17 <-- 0.265134 s
currentSize : 18 <-- 0.334762 s
currentSize : 19 <-- 10.001906 s

maxsize : 19
nodes : 4562133.000000
filtered : 151286640.000000
time : 61.959057
