Parameters: GAD=1 vflib=1 dir=0 label=0 lowerbound=1 fileNameGp=../graphsdb/mcs30/rand/r005/mcs30_r005_s20.A70 fileNameGt=../graphsdb/mcs30/rand/r005/mcs30_r005_s20.B70
Reading graphs...
20 :  23
20 :  22
Initializing...
maxdom : 20
D->valSize : 400
Solving...
currentSize : 8 <-- 0.002399 s
currentSize : 9 <-- 0.002416 s
currentSize : 11 <-- 0.002502 s
currentSize : 12 <-- 0.004460 s
currentSize : 13 <-- 0.012453 s
currentSize : 14 <-- 0.588044 s
currentSize : 15 <-- 0.860518 s

maxsize : 15
nodes : 155973.000000
filtered : 1316562.000000
time : 0.889917
