Parameters: GAD=1 vflib=1 dir=0 label=0 lowerbound=1 fileNameGp=../graphsdb/mcs30/bvg/b03/mcs30_b03_s20.A35 fileNameGt=../graphsdb/mcs30/bvg/b03/mcs30_b03_s20.B35
Reading graphs...
20 :  30
20 :  29
Initializing...
maxdom : 20
D->valSize : 400
Solving...
currentSize : 10 <-- 0.003827 s
currentSize : 11 <-- 0.004358 s
currentSize : 12 <-- 0.030167 s
currentSize : 13 <-- 0.030757 s
currentSize : 14 <-- 0.320650 s
currentSize : 15 <-- 0.323350 s

maxsize : 15
nodes : 52644.000000
filtered : 736110.000000
time : 0.405929
