Parameters: GAD=1 vflib=1 dir=0 label=0 lowerbound=1 fileNameGp=../graphsdb/mcs30/rand/r01/mcs30_r01_s35.A50 fileNameGt=../graphsdb/mcs30/rand/r01/mcs30_r01_s35.B50
Reading graphs...
35 :  115
35 :  112
Initializing...
maxdom : 35
D->valSize : 1225
Solving...
currentSize : 12 <-- 0.019583 s
currentSize : 13 <-- 0.020042 s
currentSize : 14 <-- 0.020215 s
currentSize : 15 <-- 0.022523 s
currentSize : 16 <-- 0.040805 s
currentSize : 17 <-- 0.047645 s
currentSize : 18 <-- 0.338079 s
currentSize : 19 <-- 30.676836 s
currentSize : 20 <-- 850.622375 s

TIMEOUT
maxsize : 20
nodes : 352570619.000000
filtered : 9631249731.000000
time : 3600.000000
