Parameters: GAD=1 vflib=1 dir=0 label=0 lowerbound=1 fileNameGp=../graphsdb/mcs30/m3D/m3D/mcs30_m3D_s25.A39 fileNameGt=../graphsdb/mcs30/m3D/m3D/mcs30_m3D_s25.B39
Reading graphs...
25 :  46
25 :  48
Initializing...
maxdom : 25
D->valSize : 625
Solving...
currentSize : 12 <-- 0.009055 s
currentSize : 13 <-- 0.019247 s
currentSize : 14 <-- 0.039346 s
currentSize : 15 <-- 0.041699 s
currentSize : 16 <-- 0.105624 s
currentSize : 17 <-- 4.168226 s

maxsize : 17
nodes : 947538.000000
filtered : 20303051.000000
time : 9.579261
