Parameters: GAD=1 vflib=1 dir=0 label=0 lowerbound=1 fileNameGp=../graphsdb/mcs30/m2D/m2D/mcs30_m2D_s30.A92 fileNameGt=../graphsdb/mcs30/m2D/m2D/mcs30_m2D_s30.B92
Reading graphs...
30 :  48
30 :  49
Initializing...
maxdom : 30
D->valSize : 900
Solving...
currentSize : 11 <-- 0.011127 s
currentSize : 13 <-- 0.011159 s
currentSize : 14 <-- 0.011227 s
currentSize : 15 <-- 0.011233 s
currentSize : 16 <-- 0.011803 s
currentSize : 18 <-- 0.012197 s
currentSize : 19 <-- 0.030194 s
currentSize : 20 <-- 1.025875 s
currentSize : 21 <-- 3.088736 s
currentSize : 22 <-- 17.347609 s

maxsize : 22
nodes : 1439469.000000
filtered : 45463037.000000
time : 34.039509
