Parameters: GAD=1 vflib=1 dir=0 label=0 lowerbound=1 fileNameGp=../graphsdb/mcs30/m3D/m3Dr4/mcs30_m3Dr4_s30.A33 fileNameGt=../graphsdb/mcs30/m3D/m3Dr4/mcs30_m3Dr4_s30.B33
Reading graphs...
30 :  72
30 :  69
Initializing...
maxdom : 30
D->valSize : 900
Solving...
currentSize : 13 <-- 0.018286 s
currentSize : 15 <-- 0.018692 s
currentSize : 16 <-- 0.018822 s
currentSize : 17 <-- 0.060358 s
currentSize : 18 <-- 2.018784 s
currentSize : 19 <-- 32.149345 s

maxsize : 19
nodes : 27966823.000000
filtered : 766096901.000000
time : 332.724152
