Parameters: GAD=1 vflib=1 dir=0 label=0 lowerbound=1 fileNameGp=../graphsdb/mcs30/rand/r01/mcs30_r01_s25.A97 fileNameGt=../graphsdb/mcs30/rand/r01/mcs30_r01_s25.B97
Reading graphs...
25 :  61
25 :  59
Initializing...
maxdom : 25
D->valSize : 625
Solving...
currentSize : 11 <-- 0.005168 s
currentSize : 12 <-- 0.005601 s
currentSize : 13 <-- 0.005651 s
currentSize : 14 <-- 0.005726 s
currentSize : 15 <-- 0.089522 s
currentSize : 16 <-- 0.128834 s

maxsize : 16
nodes : 1600059.000000
filtered : 36537530.000000
time : 13.255481
