Parameters: GAD=1 vflib=1 dir=0 label=0 lowerbound=1 fileNameGp=../graphsdb/mcs30/bvg/b06m/mcs30_b06m_s35.A91 fileNameGt=../graphsdb/mcs30/bvg/b06m/mcs30_b06m_s35.B91
Reading graphs...
35 :  102
35 :  101
Initializing...
maxdom : 35
D->valSize : 1225
Solving...
currentSize : 13 <-- 0.019165 s
currentSize : 14 <-- 0.019431 s
currentSize : 15 <-- 0.020893 s
currentSize : 16 <-- 0.022636 s
currentSize : 17 <-- 0.052819 s
currentSize : 18 <-- 0.702688 s
currentSize : 19 <-- 0.857347 s
currentSize : 20 <-- 24.787638 s
currentSize : 21 <-- 1558.978394 s

maxsize : 21
nodes : 278405965.000000
filtered : 8427828525.000000
time : 3197.999268
