Parameters: GAD=1 vflib=1 dir=0 label=0 lowerbound=1 fileNameGp=../graphsdb/mcs30/m3D/m3Dr4/mcs30_m3Dr4_s30.A12 fileNameGt=../graphsdb/mcs30/m3D/m3Dr4/mcs30_m3Dr4_s30.B12
Reading graphs...
30 :  71
30 :  70
Initializing...
maxdom : 30
D->valSize : 900
Solving...
currentSize : 12 <-- 0.018322 s
currentSize : 14 <-- 0.018542 s
currentSize : 15 <-- 0.023240 s
currentSize : 16 <-- 0.031638 s
currentSize : 17 <-- 0.103397 s
currentSize : 18 <-- 0.875429 s
currentSize : 19 <-- 22.618092 s
currentSize : 20 <-- 49.041847 s

maxsize : 20
nodes : 10024261.000000
filtered : 302093791.000000
time : 120.941132
