Parameters: GAD=1 vflib=1 dir=0 label=0 lowerbound=1 fileNameGp=../graphsdb/mcs30/rand/r005/mcs30_r005_s25.A20 fileNameGt=../graphsdb/mcs30/rand/r005/mcs30_r005_s25.B20
Reading graphs...
25 :  33
25 :  33
Initializing...
maxdom : 25
D->valSize : 625
Solving...
currentSize : 13 <-- 0.009507 s
currentSize : 14 <-- 0.009542 s
currentSize : 15 <-- 0.009892 s
currentSize : 17 <-- 0.110215 s
currentSize : 18 <-- 0.699448 s
currentSize : 19 <-- 2.178973 s

maxsize : 19
nodes : 300899.000000
filtered : 6314264.000000
time : 4.996542
