Parameters: GAD=1 vflib=1 dir=0 label=0 lowerbound=1 fileNameGp=../graphsdb/mcs30/m3D/m3Dr4/mcs30_m3Dr4_s25.A37 fileNameGt=../graphsdb/mcs30/m3D/m3Dr4/mcs30_m3Dr4_s25.B37
Reading graphs...
25 :  57
25 :  56
Initializing...
maxdom : 25
D->valSize : 625
Solving...
currentSize : 11 <-- 0.008744 s
currentSize : 12 <-- 0.008790 s
currentSize : 13 <-- 0.009202 s
currentSize : 14 <-- 0.050143 s
currentSize : 15 <-- 0.525213 s
currentSize : 16 <-- 0.629619 s

maxsize : 16
nodes : 1180500.000000
filtered : 28973552.000000
time : 11.526142
