Parameters: GAD=1 vflib=1 dir=0 label=0 lowerbound=1 fileNameGp=../graphsdb/mcs30/bvg/b06/mcs30_b06_s35.A59 fileNameGt=../graphsdb/mcs30/bvg/b06/mcs30_b06_s35.B59
Reading graphs...
35 :  102
35 :  101
Initializing...
maxdom : 35
D->valSize : 1225
Solving...
currentSize : 11 <-- 0.019412 s
currentSize : 13 <-- 0.019467 s
currentSize : 14 <-- 0.019533 s
currentSize : 15 <-- 0.019570 s
currentSize : 16 <-- 0.019602 s
currentSize : 17 <-- 0.023617 s
currentSize : 18 <-- 0.027347 s
currentSize : 19 <-- 0.324767 s
currentSize : 20 <-- 16.404631 s
currentSize : 21 <-- 902.401917 s

maxsize : 21
nodes : 262882592.000000
filtered : 8291439418.000000
time : 3378.044434
