Parameters: GAD=1 vflib=1 dir=0 label=0 lowerbound=1 fileNameGp=../graphsdb/mcs30/m2D/m2Dr2/mcs30_m2Dr2_s30.A10 fileNameGt=../graphsdb/mcs30/m2D/m2Dr2/mcs30_m2Dr2_s30.B10
Reading graphs...
30 :  55
30 :  55
Initializing...
maxdom : 30
D->valSize : 900
Solving...
currentSize : 11 <-- 0.010860 s
currentSize : 14 <-- 0.010906 s
currentSize : 15 <-- 0.010936 s
currentSize : 16 <-- 0.014755 s
currentSize : 17 <-- 0.014797 s
currentSize : 18 <-- 0.015257 s
currentSize : 19 <-- 0.126667 s
currentSize : 20 <-- 20.467611 s
currentSize : 21 <-- 66.144989 s

maxsize : 21
nodes : 6739385.000000
filtered : 175448558.000000
time : 101.734550
