Parameters: GAD=1 vflib=1 dir=0 label=0 lowerbound=1 fileNameGp=../graphsdb/mcs30/m3D/m3Dr6/mcs30_m3Dr6_s25.A80 fileNameGt=../graphsdb/mcs30/m3D/m3Dr6/mcs30_m3Dr6_s25.B80
Reading graphs...
25 :  61
25 :  59
Initializing...
maxdom : 25
D->valSize : 625
Solving...
currentSize : 10 <-- 0.004959 s
currentSize : 11 <-- 0.005229 s
currentSize : 12 <-- 0.006011 s
currentSize : 13 <-- 0.006659 s
currentSize : 14 <-- 0.047663 s
currentSize : 15 <-- 0.050599 s
currentSize : 16 <-- 0.184683 s

maxsize : 16
nodes : 1161123.000000
filtered : 28776651.000000
time : 11.232914
