Parameters: GAD=1 vflib=1 dir=0 label=0 lowerbound=1 fileNameGp=../graphsdb/mcs30/bvg/b09/mcs30_b09_s35.A19 fileNameGt=../graphsdb/mcs30/bvg/b09/mcs30_b09_s35.B19
Reading graphs...
35 :  151
35 :  152
Initializing...
maxdom : 35
D->valSize : 1225
Solving...
currentSize : 11 <-- 0.031429 s
currentSize : 12 <-- 0.031601 s
currentSize : 13 <-- 0.032820 s
currentSize : 14 <-- 0.041055 s
currentSize : 15 <-- 0.428772 s
currentSize : 16 <-- 0.613991 s
currentSize : 17 <-- 0.931831 s
currentSize : 18 <-- 9.697718 s
currentSize : 19 <-- 37.438683 s
currentSize : 20 <-- 178.809204 s

maxsize : 20
nodes : 77034221.000000
filtered : 2438644117.000000
time : 710.194702
