Parameters: GAD=1 vflib=1 dir=0 label=0 lowerbound=1 fileNameGp=../graphsdb/mcs30/bvg/b09/mcs30_b09_s35.A52 fileNameGt=../graphsdb/mcs30/bvg/b09/mcs30_b09_s35.B52
Reading graphs...
35 :  154
35 :  150
Initializing...
maxdom : 35
D->valSize : 1225
Solving...
currentSize : 10 <-- 0.018209 s
currentSize : 11 <-- 0.018295 s
currentSize : 12 <-- 0.018343 s
currentSize : 13 <-- 0.018383 s
currentSize : 14 <-- 0.018527 s
currentSize : 15 <-- 0.023574 s
currentSize : 16 <-- 0.132438 s
currentSize : 17 <-- 0.139637 s
currentSize : 18 <-- 4.207110 s
currentSize : 19 <-- 6.112237 s
currentSize : 20 <-- 269.095367 s

maxsize : 20
nodes : 70384237.000000
filtered : 2665527314.000000
time : 691.531006
