Parameters: GAD=1 vflib=1 dir=0 label=0 lowerbound=1 fileNameGp=../graphsdb/mcs30/bvg/b09m/mcs30_b09m_s35.A55 fileNameGt=../graphsdb/mcs30/bvg/b09m/mcs30_b09m_s35.B55
Reading graphs...
35 :  149
35 :  148
Initializing...
maxdom : 35
D->valSize : 1225
Solving...
currentSize : 12 <-- 0.018606 s
currentSize : 13 <-- 0.019115 s
currentSize : 14 <-- 0.022997 s
currentSize : 15 <-- 0.024764 s
currentSize : 16 <-- 0.038889 s
currentSize : 17 <-- 1.444766 s
currentSize : 18 <-- 23.098444 s
currentSize : 19 <-- 584.827332 s

maxsize : 19
nodes : 243857764.000000
filtered : 7251735961.000000
time : 2009.953979
