Parameters: GAD=1 vflib=1 dir=0 label=0 lowerbound=1 fileNameGp=../graphsdb/mcs30/m2D/m2Dr2/mcs30_m2Dr2_s30.A96 fileNameGt=../graphsdb/mcs30/m2D/m2Dr2/mcs30_m2Dr2_s30.B96
Reading graphs...
30 :  55
30 :  55
Initializing...
maxdom : 30
D->valSize : 900
Solving...
currentSize : 16 <-- 0.011099 s
currentSize : 17 <-- 0.011344 s
currentSize : 18 <-- 0.027243 s
currentSize : 19 <-- 0.038762 s
currentSize : 20 <-- 0.420979 s
currentSize : 21 <-- 2.899973 s

maxsize : 21
nodes : 3872396.000000
filtered : 124911839.000000
time : 63.575771
