Parameters: GAD=1 vflib=1 dir=0 label=0 lowerbound=1 fileNameGp=../graphsdb/mcs30/bvg/b03m/mcs30_b03m_s30.A38 fileNameGt=../graphsdb/mcs30/bvg/b03m/mcs30_b03m_s30.B38
Reading graphs...
30 :  44
30 :  44
Initializing...
maxdom : 30
D->valSize : 900
Solving...
currentSize : 15 <-- 0.019658 s
currentSize : 16 <-- 0.019761 s
currentSize : 17 <-- 0.019968 s
currentSize : 18 <-- 0.146416 s
currentSize : 19 <-- 2.570087 s
currentSize : 20 <-- 8.794109 s
currentSize : 21 <-- 11.397262 s
currentSize : 22 <-- 18.724615 s

maxsize : 22
nodes : 3843636.000000
filtered : 99862122.000000
time : 103.695801
