Parameters: GAD=1 vflib=1 dir=0 label=0 lowerbound=1 fileNameGp=../graphsdb/mcs30/bvg/b09m/mcs30_b09m_s35.A10 fileNameGt=../graphsdb/mcs30/bvg/b09m/mcs30_b09m_s35.B10
Reading graphs...
35 :  142
35 :  140
Initializing...
maxdom : 35
D->valSize : 1225
Solving...
currentSize : 13 <-- 0.018723 s
currentSize : 14 <-- 0.018926 s
currentSize : 15 <-- 0.072369 s
currentSize : 16 <-- 0.072714 s
currentSize : 17 <-- 10.329730 s
currentSize : 18 <-- 28.864748 s
currentSize : 19 <-- 1854.760010 s

maxsize : 19
nodes : 346458671.000000
filtered : 9267421118.000000
time : 3131.832031
