Parameters: GAD=1 vflib=1 dir=0 label=0 lowerbound=1 fileNameGp=../graphsdb/mcs30/m2D/m2Dr2/mcs30_m2Dr2_s30.A76 fileNameGt=../graphsdb/mcs30/m2D/m2Dr2/mcs30_m2Dr2_s30.B76
Reading graphs...
30 :  55
30 :  53
Initializing...
maxdom : 30
D->valSize : 900
Solving...
currentSize : 15 <-- 0.011748 s
currentSize : 17 <-- 0.030210 s
currentSize : 18 <-- 0.349764 s
currentSize : 19 <-- 15.766747 s
currentSize : 20 <-- 15.851806 s
currentSize : 21 <-- 42.814430 s

maxsize : 21
nodes : 7793702.000000
filtered : 212948277.000000
time : 125.127670
