Parameters: GAD=1 vflib=1 dir=0 label=0 lowerbound=1 fileNameGp=../graphsdb/mcs30/m3D/m3Dr4/mcs30_m3Dr4_s30.A01 fileNameGt=../graphsdb/mcs30/m3D/m3Dr4/mcs30_m3Dr4_s30.B01
Reading graphs...
30 :  71
30 :  69
Initializing...
maxdom : 30
D->valSize : 900
Solving...
currentSize : 10 <-- 0.010875 s
currentSize : 11 <-- 0.011027 s
currentSize : 13 <-- 0.011112 s
currentSize : 15 <-- 0.014603 s
currentSize : 16 <-- 0.014779 s
currentSize : 17 <-- 0.357098 s
currentSize : 18 <-- 6.702244 s
currentSize : 19 <-- 57.150040 s

maxsize : 19
nodes : 20803699.000000
filtered : 546947672.000000
time : 223.235794
