Parameters: GAD=1 vflib=1 dir=0 label=0 lowerbound=1 fileNameGp=../graphsdb/mcs30/m3D/m3Dr6/mcs30_m3Dr6_s30.A55 fileNameGt=../graphsdb/mcs30/m3D/m3Dr6/mcs30_m3Dr6_s30.B55
Reading graphs...
30 :  74
30 :  74
Initializing...
maxdom : 30
D->valSize : 900
Solving...
currentSize : 11 <-- 0.018306 s
currentSize : 12 <-- 0.018429 s
currentSize : 14 <-- 0.019489 s
currentSize : 15 <-- 0.019498 s
currentSize : 16 <-- 0.044779 s
currentSize : 17 <-- 0.071453 s
currentSize : 18 <-- 0.567909 s
currentSize : 19 <-- 22.352123 s

maxsize : 19
nodes : 19093513.000000
filtered : 518646973.000000
time : 193.349899
