Parameters: GAD=1 vflib=1 dir=0 label=0 lowerbound=1 fileNameGp=../graphsdb/mcs30/bvg/b03/mcs30_b03_s30.A05 fileNameGt=../graphsdb/mcs30/bvg/b03/mcs30_b03_s30.B05
Reading graphs...
30 :  45
30 :  45
Initializing...
maxdom : 30
D->valSize : 900
Solving...
currentSize : 13 <-- 0.011211 s
currentSize : 14 <-- 0.011254 s
currentSize : 15 <-- 0.011407 s
currentSize : 17 <-- 0.467001 s
currentSize : 19 <-- 0.484648 s
currentSize : 20 <-- 79.597687 s
currentSize : 21 <-- 219.855881 s

maxsize : 21
nodes : 22894669.000000
filtered : 441243056.000000
time : 318.249664
