Parameters: GAD=1 vflib=1 dir=0 label=0 lowerbound=1 fileNameGp=../graphsdb/mcs30/bvg/b03m/mcs30_b03m_s30.A56 fileNameGt=../graphsdb/mcs30/bvg/b03m/mcs30_b03m_s30.B56
Reading graphs...
30 :  43
30 :  44
Initializing...
maxdom : 30
D->valSize : 900
Solving...
currentSize : 10 <-- 0.011351 s
currentSize : 13 <-- 0.011400 s
currentSize : 15 <-- 0.011423 s
currentSize : 16 <-- 0.011586 s
currentSize : 18 <-- 0.011802 s
currentSize : 19 <-- 0.011813 s
currentSize : 20 <-- 2.568987 s
currentSize : 21 <-- 36.646439 s

maxsize : 21
nodes : 15146929.000000
filtered : 333156708.000000
time : 323.001984
