Parameters: GAD=1 vflib=1 dir=0 label=0 lowerbound=1 fileNameGp=../graphsdb/mcs30/rand/r01/mcs30_r01_s25.A66 fileNameGt=../graphsdb/mcs30/rand/r01/mcs30_r01_s25.B66
Reading graphs...
25 :  62
25 :  58
Initializing...
maxdom : 25
D->valSize : 625
Solving...
currentSize : 11 <-- 0.005101 s
currentSize : 12 <-- 0.005372 s
currentSize : 13 <-- 0.005400 s
currentSize : 14 <-- 0.006145 s
currentSize : 15 <-- 0.070424 s
currentSize : 16 <-- 17.868773 s

maxsize : 16
nodes : 2413458.000000
filtered : 51277409.000000
time : 20.318739
