Parameters: GAD=1 vflib=1 dir=0 label=0 lowerbound=1 fileNameGp=../graphsdb/mcs30/rand/r005/mcs30_r005_s25.A86 fileNameGt=../graphsdb/mcs30/rand/r005/mcs30_r005_s25.B86
Reading graphs...
25 :  33
25 :  34
Initializing...
maxdom : 25
D->valSize : 625
Solving...
currentSize : 12 <-- 0.009430 s
currentSize : 13 <-- 0.009485 s
currentSize : 14 <-- 0.013205 s
currentSize : 15 <-- 0.237707 s
currentSize : 16 <-- 0.267436 s
currentSize : 17 <-- 0.870349 s
currentSize : 18 <-- 0.870360 s

maxsize : 18
nodes : 359707.000000
filtered : 7780416.000000
time : 6.119154
