Parameters: GAD=1 vflib=1 dir=0 label=0 lowerbound=1 fileNameGp=../graphsdb/mcs30/bvg/b09m/mcs30_b09m_s35.A40 fileNameGt=../graphsdb/mcs30/bvg/b09m/mcs30_b09m_s35.B40
Reading graphs...
35 :  147
35 :  142
Initializing...
maxdom : 35
D->valSize : 1225
Solving...
currentSize : 12 <-- 0.018381 s
currentSize : 13 <-- 0.018550 s
currentSize : 14 <-- 0.018807 s
currentSize : 15 <-- 0.021151 s
currentSize : 16 <-- 0.073317 s
currentSize : 17 <-- 29.035614 s
currentSize : 18 <-- 62.521374 s

TIMEOUT
maxsize : 18
nodes : 487483304.000000
filtered : 11463337485.000000
time : 3600.000000
