Parameters: GAD=1 vflib=1 dir=0 label=0 lowerbound=1 fileNameGp=../graphsdb/mcs30/bvg/b06/mcs30_b06_s30.A04 fileNameGt=../graphsdb/mcs30/bvg/b06/mcs30_b06_s30.B04
Reading graphs...
30 :  88
30 :  87
Initializing...
maxdom : 30
D->valSize : 900
Solving...
currentSize : 13 <-- 0.010083 s
currentSize : 14 <-- 0.010282 s
currentSize : 15 <-- 0.035166 s
currentSize : 16 <-- 0.043462 s
currentSize : 17 <-- 0.047417 s
currentSize : 18 <-- 1.274887 s

maxsize : 18
nodes : 15736789.000000
filtered : 402475619.000000
time : 135.747009
