Parameters: GAD=1 vflib=1 dir=0 label=0 lowerbound=1 fileNameGp=../graphsdb/mcs30/m3D/m3D/mcs30_m3D_s30.A15 fileNameGt=../graphsdb/mcs30/m3D/m3D/mcs30_m3D_s30.B15
Reading graphs...
30 :  61
30 :  59
Initializing...
maxdom : 30
D->valSize : 900
Solving...
currentSize : 15 <-- 0.017606 s
currentSize : 16 <-- 0.017651 s
currentSize : 17 <-- 0.018443 s
currentSize : 18 <-- 0.030162 s
currentSize : 19 <-- 0.036393 s
currentSize : 20 <-- 0.790193 s
currentSize : 21 <-- 208.219040 s

maxsize : 21
nodes : 17592798.000000
filtered : 493034775.000000
time : 223.112640
