Parameters: GAD=1 vflib=1 dir=0 label=0 lowerbound=1 fileNameGp=../graphsdb/mcs30/bvg/b09/mcs30_b09_s35.A72 fileNameGt=../graphsdb/mcs30/bvg/b09/mcs30_b09_s35.B72
Reading graphs...
35 :  153
35 :  150
Initializing...
maxdom : 35
D->valSize : 1225
Solving...
currentSize : 15 <-- 0.018101 s
currentSize : 16 <-- 0.021488 s
currentSize : 17 <-- 0.092330 s
currentSize : 18 <-- 0.668611 s
currentSize : 19 <-- 3.084742 s
currentSize : 20 <-- 102.026115 s

maxsize : 20
nodes : 58927450.000000
filtered : 1909682020.000000
time : 609.848816
