Parameters: GAD=1 vflib=1 dir=0 label=0 lowerbound=1 fileNameGp=../graphsdb/mcs30/m3D/m3D/mcs30_m3D_s30.A78 fileNameGt=../graphsdb/mcs30/m3D/m3D/mcs30_m3D_s30.B78
Reading graphs...
30 :  59
30 :  59
Initializing...
maxdom : 30
D->valSize : 900
Solving...
currentSize : 6 <-- 0.018858 s
currentSize : 10 <-- 0.018912 s
currentSize : 11 <-- 0.018938 s
currentSize : 13 <-- 0.018989 s
currentSize : 14 <-- 0.019004 s
currentSize : 15 <-- 0.049893 s
currentSize : 16 <-- 0.068288 s
currentSize : 17 <-- 0.122634 s
currentSize : 18 <-- 0.132469 s
currentSize : 19 <-- 0.581215 s
currentSize : 20 <-- 61.973782 s

maxsize : 20
nodes : 17457402.000000
filtered : 465649474.000000
time : 203.942627
