Parameters: GAD=1 vflib=1 dir=0 label=0 lowerbound=1 fileNameGp=../graphsdb/mcs30/bvg/b09m/mcs30_b09m_s35.A74 fileNameGt=../graphsdb/mcs30/bvg/b09m/mcs30_b09m_s35.B74
Reading graphs...
35 :  146
35 :  148
Initializing...
maxdom : 35
D->valSize : 1225
Solving...
currentSize : 14 <-- 0.018556 s
currentSize : 15 <-- 0.018626 s
currentSize : 16 <-- 0.018923 s
currentSize : 17 <-- 0.114696 s
currentSize : 18 <-- 0.586556 s
currentSize : 19 <-- 12.203682 s

maxsize : 19
nodes : 201040895.000000
filtered : 5772608900.000000
time : 1804.159546
