Parameters: GAD=1 vflib=1 dir=0 label=0 lowerbound=1 fileNameGp=../graphsdb/mcs30/m2D/m2Dr2/mcs30_m2Dr2_s30.A28 fileNameGt=../graphsdb/mcs30/m2D/m2Dr2/mcs30_m2Dr2_s30.B28
Reading graphs...
30 :  53
30 :  51
Initializing...
maxdom : 30
D->valSize : 900
Solving...
currentSize : 15 <-- 0.011154 s
currentSize : 16 <-- 0.011266 s
currentSize : 18 <-- 0.016864 s
currentSize : 19 <-- 0.723256 s
currentSize : 20 <-- 8.346843 s
currentSize : 21 <-- 12.847260 s

maxsize : 21
nodes : 5594473.000000
filtered : 178245840.000000
time : 128.354568
