Parameters: GAD=1 vflib=1 dir=0 label=0 lowerbound=1 fileNameGp=../graphsdb/mcs30/rand/r005/mcs30_r005_s30.A30 fileNameGt=../graphsdb/mcs30/rand/r005/mcs30_r005_s30.B30
Reading graphs...
30 :  47
30 :  48
Initializing...
maxdom : 30
D->valSize : 900
Solving...
currentSize : 11 <-- 0.010989 s
currentSize : 13 <-- 0.011025 s
currentSize : 14 <-- 0.011051 s
currentSize : 16 <-- 0.011132 s
currentSize : 17 <-- 0.011343 s
currentSize : 19 <-- 0.011394 s
currentSize : 20 <-- 0.606001 s
currentSize : 21 <-- 0.615983 s
currentSize : 22 <-- 3.033310 s
currentSize : 23 <-- 25.959793 s

maxsize : 23
nodes : 1258398.000000
filtered : 43323749.000000
time : 39.774467
