Parameters: GAD=1 vflib=1 dir=0 label=0 lowerbound=1 fileNameGp=../graphsdb/mcs30/rand/r01/mcs30_r01_s25.A06 fileNameGt=../graphsdb/mcs30/rand/r01/mcs30_r01_s25.B06
Reading graphs...
25 :  59
25 :  60
Initializing...
maxdom : 25
D->valSize : 625
Solving...
currentSize : 11 <-- 0.004930 s
currentSize : 12 <-- 0.005164 s
currentSize : 13 <-- 0.005734 s
currentSize : 14 <-- 0.006635 s
currentSize : 15 <-- 0.007880 s
currentSize : 16 <-- 1.661192 s

maxsize : 16
nodes : 2011672.000000
filtered : 43161866.000000
time : 14.921384
