Parameters: GAD=1 vflib=1 dir=0 label=0 lowerbound=1 fileNameGp=../graphsdb/mcs30/m3D/m3Dr2/mcs30_m3Dr2_s25.A82 fileNameGt=../graphsdb/mcs30/m3D/m3Dr2/mcs30_m3Dr2_s25.B82
Reading graphs...
25 :  53
25 :  52
Initializing...
maxdom : 25
D->valSize : 625
Solving...
currentSize : 12 <-- 0.008826 s
currentSize : 13 <-- 0.009408 s
currentSize : 14 <-- 0.009891 s
currentSize : 15 <-- 0.012725 s
currentSize : 16 <-- 0.086718 s
currentSize : 17 <-- 3.941761 s

maxsize : 17
nodes : 1119794.000000
filtered : 26464805.000000
time : 11.603282
