Parameters: GAD=1 vflib=1 dir=0 label=0 lowerbound=1 fileNameGp=../graphsdb/mcs30/bvg/b03m/mcs30_b03m_s15.A11 fileNameGt=../graphsdb/mcs30/bvg/b03m/mcs30_b03m_s15.B11
Reading graphs...
15 :  21
15 :  20
Initializing...
maxdom : 15
D->valSize : 225
Solving...
currentSize : 4 <-- 0.000954 s
currentSize : 7 <-- 0.000977 s
currentSize : 8 <-- 0.001054 s
currentSize : 9 <-- 0.001513 s
currentSize : 10 <-- 0.006930 s
currentSize : 11 <-- 0.009085 s
currentSize : 12 <-- 0.009112 s

maxsize : 12
nodes : 2165.000000
filtered : 27198.000000
time : 0.015244
