Parameters: GAD=1 vflib=1 dir=0 label=0 lowerbound=1 fileNameGp=../graphsdb/mcs30/rand/r005/mcs30_r005_s25.A53 fileNameGt=../graphsdb/mcs30/rand/r005/mcs30_r005_s25.B53
Reading graphs...
25 :  34
25 :  33
Initializing...
maxdom : 25
D->valSize : 625
Solving...
currentSize : 14 <-- 0.009423 s
currentSize : 15 <-- 0.042493 s
currentSize : 16 <-- 0.187291 s
currentSize : 17 <-- 0.217209 s
currentSize : 18 <-- 0.220916 s
currentSize : 19 <-- 3.938194 s

maxsize : 19
nodes : 339866.000000
filtered : 7398907.000000
time : 5.471613
