Parameters: GAD=1 vflib=1 dir=0 label=0 lowerbound=1 fileNameGp=../graphsdb/mcs30/m2D/m2D/mcs30_m2D_s30.A77 fileNameGt=../graphsdb/mcs30/m2D/m2D/mcs30_m2D_s30.B77
Reading graphs...
30 :  47
30 :  48
Initializing...
maxdom : 30
D->valSize : 900
Solving...
currentSize : 15 <-- 0.011266 s
currentSize : 16 <-- 0.011307 s
currentSize : 17 <-- 0.011324 s
currentSize : 18 <-- 0.048626 s
currentSize : 19 <-- 0.058821 s
currentSize : 20 <-- 0.074736 s
currentSize : 21 <-- 0.833041 s
currentSize : 22 <-- 4.071515 s

maxsize : 22
nodes : 1360046.000000
filtered : 44065199.000000
time : 27.428425
