Parameters: GAD=1 vflib=1 dir=0 label=0 lowerbound=1 fileNameGp=../graphsdb/mcs30/m3D/m3Dr4/mcs30_m3Dr4_s30.A97 fileNameGt=../graphsdb/mcs30/m3D/m3Dr4/mcs30_m3Dr4_s30.B97
Reading graphs...
30 :  68
30 :  67
Initializing...
maxdom : 30
D->valSize : 900
Solving...
currentSize : 12 <-- 0.018401 s
currentSize : 13 <-- 0.018454 s
currentSize : 14 <-- 0.018520 s
currentSize : 15 <-- 0.020513 s
currentSize : 16 <-- 0.045228 s
currentSize : 17 <-- 0.094565 s
currentSize : 18 <-- 0.265367 s
currentSize : 19 <-- 0.645540 s
currentSize : 20 <-- 8.762473 s

maxsize : 20
nodes : 8315147.000000
filtered : 263796497.000000
time : 119.365585
