Parameters: GAD=1 vflib=1 dir=0 label=0 lowerbound=1 fileNameGp=../graphsdb/mcs30/bvg/b06/mcs30_b06_s35.A02 fileNameGt=../graphsdb/mcs30/bvg/b06/mcs30_b06_s35.B02
Reading graphs...
35 :  104
35 :  104
Initializing...
maxdom : 35
D->valSize : 1225
Solving...
currentSize : 15 <-- 0.019226 s
currentSize : 16 <-- 0.020142 s
currentSize : 17 <-- 0.020244 s
currentSize : 18 <-- 0.035513 s
currentSize : 19 <-- 0.056838 s
currentSize : 20 <-- 4.729347 s
currentSize : 21 <-- 200.318954 s

maxsize : 21
nodes : 188202872.000000
filtered : 5996032294.000000
time : 2019.278931
