Parameters: GAD=1 vflib=1 dir=0 label=0 lowerbound=1 fileNameGp=../graphsdb/mcs30/m3D/m3Dr4/mcs30_m3Dr4_s25.A48 fileNameGt=../graphsdb/mcs30/m3D/m3Dr4/mcs30_m3Dr4_s25.B48
Reading graphs...
25 :  56
25 :  56
Initializing...
maxdom : 25
D->valSize : 625
Solving...
currentSize : 12 <-- 0.005123 s
currentSize : 13 <-- 0.005262 s
currentSize : 14 <-- 0.005282 s
currentSize : 15 <-- 0.007201 s
currentSize : 16 <-- 1.043002 s
currentSize : 17 <-- 3.465858 s

maxsize : 17
nodes : 507179.000000
filtered : 12217099.000000
time : 5.358589
