Parameters: GAD=1 vflib=1 dir=0 label=0 lowerbound=1 fileNameGp=../graphsdb/mcs30/rand/r01/mcs30_r01_s35.A21 fileNameGt=../graphsdb/mcs30/rand/r01/mcs30_r01_s35.B21
Reading graphs...
35 :  115
35 :  110
Initializing...
maxdom : 35
D->valSize : 1225
Solving...
currentSize : 12 <-- 0.033006 s
currentSize : 13 <-- 0.033078 s
currentSize : 15 <-- 0.034024 s
currentSize : 16 <-- 0.067580 s
currentSize : 17 <-- 0.149578 s
currentSize : 18 <-- 0.215528 s
currentSize : 19 <-- 59.548523 s
currentSize : 20 <-- 1904.198242 s

TIMEOUT
maxsize : 20
nodes : 360429995.000000
filtered : 9378048763.000000
time : 3600.000000
