Parameters: GAD=1 vflib=1 dir=0 label=0 lowerbound=1 fileNameGp=../graphsdb/mcs30/rand/r01/mcs30_r01_s35.A86 fileNameGt=../graphsdb/mcs30/rand/r01/mcs30_r01_s35.B86
Reading graphs...
35 :  115
35 :  113
Initializing...
maxdom : 35
D->valSize : 1225
Solving...
currentSize : 14 <-- 0.019060 s
currentSize : 15 <-- 0.019109 s
currentSize : 16 <-- 0.020852 s
currentSize : 17 <-- 0.021000 s
currentSize : 18 <-- 0.052190 s
currentSize : 19 <-- 2.594482 s
currentSize : 20 <-- 306.299805 s

TIMEOUT
maxsize : 20
nodes : 353597658.000000
filtered : 9736248785.000000
time : 3600.000000
