Parameters: GAD=1 vflib=1 dir=0 label=0 lowerbound=1 fileNameGp=../graphsdb/mcs30/rand/r01/mcs30_r01_s35.A29 fileNameGt=../graphsdb/mcs30/rand/r01/mcs30_r01_s35.B29
Reading graphs...
35 :  116
35 :  115
Initializing...
maxdom : 35
D->valSize : 1225
Solving...
currentSize : 13 <-- 0.018738 s
currentSize : 14 <-- 0.018833 s
currentSize : 15 <-- 0.020012 s
currentSize : 16 <-- 0.020707 s
currentSize : 17 <-- 0.021293 s
currentSize : 18 <-- 0.069636 s
currentSize : 19 <-- 17.784571 s
currentSize : 20 <-- 1176.537354 s

TIMEOUT
maxsize : 20
nodes : 390394767.000000
filtered : 10621445358.000000
time : 3600.000244
