Parameters: GAD=1 vflib=1 dir=0 label=0 lowerbound=1 fileNameGp=../graphsdb/mcs30/m3D/m3D/mcs30_m3D_s30.A86 fileNameGt=../graphsdb/mcs30/m3D/m3D/mcs30_m3D_s30.B86
Reading graphs...
30 :  60
30 :  60
Initializing...
maxdom : 30
D->valSize : 900
Solving...
currentSize : 15 <-- 0.011031 s
currentSize : 16 <-- 0.014966 s
currentSize : 17 <-- 0.015875 s
currentSize : 18 <-- 0.027445 s
currentSize : 19 <-- 0.027506 s
currentSize : 20 <-- 45.032913 s

maxsize : 20
nodes : 8459507.000000
filtered : 262916699.000000
time : 145.988037
