Parameters: GAD=1 vflib=1 dir=0 label=0 lowerbound=1 fileNameGp=../graphsdb/mcs30/bvg/b06/mcs30_b06_s35.A98 fileNameGt=../graphsdb/mcs30/bvg/b06/mcs30_b06_s35.B98
Reading graphs...
35 :  101
35 :  101
Initializing...
maxdom : 35
D->valSize : 1225
Solving...
currentSize : 14 <-- 0.024892 s
currentSize : 15 <-- 0.026710 s
currentSize : 16 <-- 0.053171 s
currentSize : 17 <-- 0.112966 s
currentSize : 18 <-- 3.704785 s
currentSize : 19 <-- 10.574317 s
currentSize : 20 <-- 25.051998 s
currentSize : 21 <-- 133.353470 s

maxsize : 21
nodes : 174037971.000000
filtered : 5509188040.000000
time : 2519.243408
