Parameters: GAD=1 vflib=1 dir=0 label=0 lowerbound=1 fileNameGp=../graphsdb/mcs30/bvg/b06/mcs30_b06_s35.A39 fileNameGt=../graphsdb/mcs30/bvg/b06/mcs30_b06_s35.B39
Reading graphs...
35 :  104
35 :  103
Initializing...
maxdom : 35
D->valSize : 1225
Solving...
currentSize : 16 <-- 0.033746 s
currentSize : 17 <-- 0.034129 s
currentSize : 18 <-- 0.034789 s
currentSize : 19 <-- 0.079100 s
currentSize : 20 <-- 16.902424 s
currentSize : 21 <-- 162.936996 s

maxsize : 21
nodes : 95520353.000000
filtered : 3536495301.000000
time : 1516.428345
