Parameters: GAD=1 vflib=1 dir=0 label=0 lowerbound=1 fileNameGp=../graphsdb/mcs30/bvg/b06m/mcs30_b06m_s35.A20 fileNameGt=../graphsdb/mcs30/bvg/b06m/mcs30_b06m_s35.B20
Reading graphs...
35 :  100
35 :  102
Initializing...
maxdom : 35
D->valSize : 1225
Solving...
currentSize : 15 <-- 0.033688 s
currentSize : 16 <-- 0.036283 s
currentSize : 17 <-- 0.036396 s
currentSize : 18 <-- 0.042511 s
currentSize : 19 <-- 0.716338 s
currentSize : 20 <-- 2.437842 s
currentSize : 21 <-- 837.007141 s

TIMEOUT
maxsize : 21
nodes : 254964909.000000
filtered : 7885734750.000000
time : 3600.000000
