Parameters: GAD=1 vflib=1 dir=0 label=0 lowerbound=1 fileNameGp=../graphsdb/mcs30/rand/r01/mcs30_r01_s30.A26 fileNameGt=../graphsdb/mcs30/rand/r01/mcs30_r01_s30.B26
Reading graphs...
30 :  83
30 :  82
Initializing...
maxdom : 30
D->valSize : 900
Solving...
currentSize : 13 <-- 0.017839 s
currentSize : 14 <-- 0.017940 s
currentSize : 15 <-- 0.047660 s
currentSize : 16 <-- 0.102793 s
currentSize : 17 <-- 0.474540 s
currentSize : 18 <-- 5.576111 s

maxsize : 18
nodes : 30715763.000000
filtered : 762886630.000000
time : 252.582977
