Parameters: GAD=1 vflib=1 dir=0 label=0 lowerbound=1 fileNameGp=../graphsdb/mcs30/bvg/b03m/mcs30_b03m_s35.A10 fileNameGt=../graphsdb/mcs30/bvg/b03m/mcs30_b03m_s35.B10
Reading graphs...
35 :  51
35 :  52
Initializing...
maxdom : 35
D->valSize : 1225
Solving...
currentSize : 17 <-- 0.020754 s
currentSize : 18 <-- 0.020772 s
currentSize : 19 <-- 0.020832 s
currentSize : 20 <-- 0.023158 s
currentSize : 21 <-- 0.193740 s
currentSize : 22 <-- 0.195373 s
currentSize : 23 <-- 229.108292 s

TIMEOUT
maxsize : 23
nodes : 198319087.000000
filtered : 3563774083.000000
time : 3600.000000
