Parameters: GAD=1 vflib=1 dir=0 label=0 lowerbound=1 fileNameGp=../graphsdb/mcs30/m3D/m3Dr4/mcs30_m3Dr4_s25.A42 fileNameGt=../graphsdb/mcs30/m3D/m3Dr4/mcs30_m3Dr4_s25.B42
Reading graphs...
25 :  58
25 :  57
Initializing...
maxdom : 25
D->valSize : 625
Solving...
currentSize : 11 <-- 0.005054 s
currentSize : 12 <-- 0.005321 s
currentSize : 13 <-- 0.008275 s
currentSize : 14 <-- 0.034122 s
currentSize : 15 <-- 0.036277 s
currentSize : 16 <-- 0.638583 s

maxsize : 16
nodes : 1955200.000000
filtered : 42584419.000000
time : 15.436118
