Parameters: GAD=1 vflib=1 dir=0 label=0 lowerbound=1 fileNameGp=../graphsdb/mcs30/bvg/b03m/mcs30_b03m_s30.A10 fileNameGt=../graphsdb/mcs30/bvg/b03m/mcs30_b03m_s30.B10
Reading graphs...
30 :  43
30 :  44
Initializing...
maxdom : 30
D->valSize : 900
Solving...
currentSize : 17 <-- 0.011441 s
currentSize : 18 <-- 0.281593 s
currentSize : 19 <-- 1.838471 s
currentSize : 20 <-- 2.600202 s
currentSize : 21 <-- 30.027143 s
currentSize : 22 <-- 30.153576 s

maxsize : 22
nodes : 4126176.000000
filtered : 97637877.000000
time : 80.684036
