Parameters: GAD=1 vflib=1 dir=0 label=0 lowerbound=1 fileNameGp=../graphsdb/mcs30/bvg/b06/mcs30_b06_s25.A16 fileNameGt=../graphsdb/mcs30/bvg/b06/mcs30_b06_s25.B16
Reading graphs...
25 :  72
25 :  73
Initializing...
maxdom : 25
D->valSize : 625
Solving...
currentSize : 10 <-- 0.004765 s
currentSize : 11 <-- 0.005245 s
currentSize : 12 <-- 0.005381 s
currentSize : 13 <-- 0.005416 s
currentSize : 14 <-- 0.044233 s
currentSize : 15 <-- 3.624543 s
currentSize : 16 <-- 13.502915 s

maxsize : 16
nodes : 1763167.000000
filtered : 39147694.000000
time : 13.973159
