Parameters: GAD=1 vflib=1 dir=0 label=0 lowerbound=1 fileNameGp=../graphsdb/mcs30/rand/r01/mcs30_r01_s30.A35 fileNameGt=../graphsdb/mcs30/rand/r01/mcs30_r01_s30.B35
Reading graphs...
30 :  86
30 :  82
Initializing...
maxdom : 30
D->valSize : 900
Solving...
currentSize : 13 <-- 0.010333 s
currentSize : 14 <-- 0.011156 s
currentSize : 15 <-- 0.021993 s
currentSize : 16 <-- 0.046482 s
currentSize : 17 <-- 0.184915 s
currentSize : 18 <-- 161.875381 s

maxsize : 18
nodes : 39370937.000000
filtered : 901333378.000000
time : 338.121277
