Parameters: GAD=1 vflib=1 dir=0 label=0 lowerbound=1 fileNameGp=../graphsdb/mcs30/bvg/b06/mcs30_b06_s30.A47 fileNameGt=../graphsdb/mcs30/bvg/b06/mcs30_b06_s30.B47
Reading graphs...
30 :  86
30 :  86
Initializing...
maxdom : 30
D->valSize : 900
Solving...
currentSize : 11 <-- 0.010259 s
currentSize : 12 <-- 0.010293 s
currentSize : 13 <-- 0.010434 s
currentSize : 14 <-- 0.010445 s
currentSize : 15 <-- 0.011068 s
currentSize : 16 <-- 0.055321 s
currentSize : 17 <-- 0.755008 s
currentSize : 18 <-- 12.947603 s

maxsize : 18
nodes : 16045134.000000
filtered : 436336596.000000
time : 166.447189
