Parameters: GAD=1 vflib=1 dir=0 label=0 lowerbound=1 fileNameGp=../graphsdb/mcs30/bvg/b03/mcs30_b03_s30.A38 fileNameGt=../graphsdb/mcs30/bvg/b03/mcs30_b03_s30.B38
Reading graphs...
30 :  45
30 :  45
Initializing...
maxdom : 30
D->valSize : 900
Solving...
currentSize : 11 <-- 0.019359 s
currentSize : 14 <-- 0.019407 s
currentSize : 15 <-- 0.028456 s
currentSize : 16 <-- 0.028554 s
currentSize : 17 <-- 0.109148 s
currentSize : 18 <-- 0.406898 s
currentSize : 19 <-- 16.122110 s
currentSize : 20 <-- 16.183027 s
currentSize : 21 <-- 71.225639 s

maxsize : 21
nodes : 11423732.000000
filtered : 262923096.000000
time : 205.318146
