Parameters: GAD=1 vflib=1 dir=0 label=0 lowerbound=1 fileNameGp=../graphsdb/mcs30/m2D/m2Dr6/mcs30_m2Dr6_s30.A72 fileNameGt=../graphsdb/mcs30/m2D/m2Dr6/mcs30_m2Dr6_s30.B72
Reading graphs...
30 :  65
30 :  63
Initializing...
maxdom : 30
D->valSize : 900
Solving...
currentSize : 13 <-- 0.010762 s
currentSize : 14 <-- 0.010822 s
currentSize : 16 <-- 0.011426 s
currentSize : 18 <-- 0.096572 s
currentSize : 19 <-- 1.305317 s
currentSize : 20 <-- 28.598806 s

maxsize : 20
nodes : 11625416.000000
filtered : 364892175.000000
time : 183.846329
