Parameters: GAD=1 vflib=1 dir=0 label=0 lowerbound=1 fileNameGp=../graphsdb/mcs30/bvg/b06m/mcs30_b06m_s35.A06 fileNameGt=../graphsdb/mcs30/bvg/b06m/mcs30_b06m_s35.B06
Reading graphs...
35 :  101
35 :  98
Initializing...
maxdom : 35
D->valSize : 1225
Solving...
currentSize : 14 <-- 0.019852 s
currentSize : 15 <-- 0.019900 s
currentSize : 16 <-- 0.020378 s
currentSize : 17 <-- 0.028623 s
currentSize : 18 <-- 0.079651 s
currentSize : 19 <-- 1.278156 s
currentSize : 20 <-- 7.930915 s
currentSize : 21 <-- 1069.098999 s

TIMEOUT
maxsize : 21
nodes : 296801190.000000
filtered : 8941632716.000000
time : 3600.000000
