Parameters: GAD=1 vflib=1 dir=0 label=0 lowerbound=1 fileNameGp=../graphsdb/mcs30/bvg/b03m/mcs30_b03m_s35.A65 fileNameGt=../graphsdb/mcs30/bvg/b03m/mcs30_b03m_s35.B65
Reading graphs...
35 :  52
35 :  52
Initializing...
maxdom : 35
D->valSize : 1225
Solving...
currentSize : 11 <-- 0.020977 s
currentSize : 12 <-- 0.021393 s
currentSize : 14 <-- 0.025906 s
currentSize : 16 <-- 0.026973 s
currentSize : 17 <-- 0.065078 s
currentSize : 18 <-- 0.065230 s
currentSize : 19 <-- 0.157667 s
currentSize : 20 <-- 0.431706 s
currentSize : 21 <-- 0.439758 s
currentSize : 22 <-- 3.545289 s
currentSize : 23 <-- 36.935917 s
currentSize : 24 <-- 325.252838 s
currentSize : 25 <-- 454.007416 s

maxsize : 25
nodes : 46012441.000000
filtered : 1335668984.000000
time : 1940.854980
