Parameters: GAD=1 vflib=1 dir=0 label=0 lowerbound=1 fileNameGp=../graphsdb/mcs30/rand/r005/mcs30_r005_s35.A91 fileNameGt=../graphsdb/mcs30/rand/r005/mcs30_r005_s35.B91
Reading graphs...
35 :  63
35 :  63
Initializing...
maxdom : 35
D->valSize : 1225
Solving...
currentSize : 15 <-- 0.036273 s
currentSize : 17 <-- 0.036350 s
currentSize : 18 <-- 0.036534 s
currentSize : 19 <-- 0.036990 s
currentSize : 20 <-- 0.050767 s
currentSize : 21 <-- 0.050862 s
currentSize : 22 <-- 0.409783 s
currentSize : 23 <-- 22.162865 s
currentSize : 24 <-- 63.658428 s

maxsize : 24
nodes : 81224681.000000
filtered : 3227657231.000000
time : 2174.264893
