Parameters: GAD=1 vflib=1 dir=0 label=0 lowerbound=1 fileNameGp=../graphsdb/mcs30/bvg/b03/mcs30_b03_s25.A46 fileNameGt=../graphsdb/mcs30/bvg/b03/mcs30_b03_s25.B46
Reading graphs...
25 :  36
25 :  37
Initializing...
maxdom : 25
D->valSize : 625
Solving...
currentSize : 12 <-- 0.009310 s
currentSize : 13 <-- 0.009383 s
currentSize : 14 <-- 0.011594 s
currentSize : 15 <-- 0.375155 s
currentSize : 16 <-- 0.752475 s
currentSize : 17 <-- 1.419145 s
currentSize : 18 <-- 4.856372 s

maxsize : 18
nodes : 686994.000000
filtered : 12489462.000000
time : 10.434872
