Parameters: GAD=1 vflib=1 dir=0 label=0 lowerbound=1 fileNameGp=../graphsdb/mcs30/bvg/b03/mcs30_b03_s20.A82 fileNameGt=../graphsdb/mcs30/bvg/b03/mcs30_b03_s20.B82
Reading graphs...
20 :  29
20 :  30
Initializing...
maxdom : 20
D->valSize : 400
Solving...
currentSize : 9 <-- 0.002312 s
currentSize : 10 <-- 0.002328 s
currentSize : 11 <-- 0.005485 s
currentSize : 12 <-- 0.011137 s
currentSize : 13 <-- 0.057557 s
currentSize : 14 <-- 0.058136 s

maxsize : 14
nodes : 64578.000000
filtered : 911275.000000
time : 0.572111
