Parameters: GAD=1 vflib=1 dir=0 label=0 lowerbound=1 fileNameGp=../graphsdb/mcs30/rand/r02/mcs30_r02_s25.A35 fileNameGt=../graphsdb/mcs30/rand/r02/mcs30_r02_s25.B35
Reading graphs...
25 :  104
25 :  110
Initializing...
maxdom : 25
D->valSize : 625
Solving...
currentSize : 7 <-- 0.008898 s
currentSize : 8 <-- 0.008930 s
currentSize : 10 <-- 0.008968 s
currentSize : 11 <-- 0.009101 s
currentSize : 12 <-- 0.016106 s
currentSize : 13 <-- 0.159335 s

maxsize : 13
nodes : 5972659.000000
filtered : 82208089.000000
time : 27.396856
