Parameters: GAD=1 vflib=1 dir=0 label=0 lowerbound=1 fileNameGp=../graphsdb/mcs30/bvg/b03/mcs30_b03_s25.A02 fileNameGt=../graphsdb/mcs30/bvg/b03/mcs30_b03_s25.B02
Reading graphs...
25 :  36
25 :  36
Initializing...
maxdom : 25
D->valSize : 625
Solving...
currentSize : 6 <-- 0.005323 s
currentSize : 8 <-- 0.005349 s
currentSize : 13 <-- 0.005492 s
currentSize : 14 <-- 0.006197 s
currentSize : 15 <-- 0.176523 s
currentSize : 16 <-- 6.865076 s
currentSize : 17 <-- 31.121916 s

maxsize : 17
nodes : 6545691.000000
filtered : 61466250.000000
time : 34.886143
