Parameters: GAD=1 vflib=1 dir=0 label=0 lowerbound=1 fileNameGp=../graphsdb/mcs30/m3D/m3Dr2/mcs30_m3Dr2_s30.A49 fileNameGt=../graphsdb/mcs30/m3D/m3Dr2/mcs30_m3Dr2_s30.B49
Reading graphs...
30 :  67
30 :  63
Initializing...
maxdom : 30
D->valSize : 900
Solving...
currentSize : 15 <-- 0.010501 s
currentSize : 16 <-- 0.022558 s
currentSize : 17 <-- 0.034201 s
currentSize : 18 <-- 0.056349 s
currentSize : 19 <-- 0.056511 s
currentSize : 20 <-- 0.466063 s

maxsize : 20
nodes : 9185704.000000
filtered : 301247601.000000
time : 142.397919
