Parameters: GAD=1 vflib=1 dir=0 label=0 lowerbound=1 fileNameGp=../graphsdb/mcs30/rand/r005/mcs30_r005_s25.A25 fileNameGt=../graphsdb/mcs30/rand/r005/mcs30_r005_s25.B25
Reading graphs...
25 :  33
25 :  34
Initializing...
maxdom : 25
D->valSize : 625
Solving...
currentSize : 7 <-- 0.005304 s
currentSize : 10 <-- 0.005337 s
currentSize : 11 <-- 0.005520 s
currentSize : 12 <-- 0.005994 s
currentSize : 13 <-- 0.017050 s
currentSize : 14 <-- 0.056075 s
currentSize : 15 <-- 0.056294 s
currentSize : 16 <-- 0.075587 s
currentSize : 17 <-- 0.081639 s
currentSize : 18 <-- 0.127711 s
currentSize : 19 <-- 0.186875 s

maxsize : 19
nodes : 79393.000000
filtered : 1897662.000000
time : 1.614072
