Parameters: GAD=1 vflib=1 dir=0 label=0 lowerbound=1 fileNameGp=../graphsdb/mcs30/rand/r005/mcs30_r005_s30.A77 fileNameGt=../graphsdb/mcs30/rand/r005/mcs30_r005_s30.B77
Reading graphs...
30 :  48
30 :  47
Initializing...
maxdom : 30
D->valSize : 900
Solving...
currentSize : 16 <-- 0.010994 s
currentSize : 17 <-- 0.013534 s
currentSize : 18 <-- 0.519923 s
currentSize : 19 <-- 3.433913 s
currentSize : 20 <-- 4.497543 s
currentSize : 21 <-- 25.801916 s
currentSize : 22 <-- 146.137466 s

maxsize : 22
nodes : 7349870.000000
filtered : 197940693.000000
time : 176.718506
