Parameters: GAD=1 vflib=1 dir=0 label=0 lowerbound=1 fileNameGp=../graphsdb/mcs30/rand/r01/mcs30_r01_s25.A35 fileNameGt=../graphsdb/mcs30/rand/r01/mcs30_r01_s25.B35
Reading graphs...
25 :  60
25 :  59
Initializing...
maxdom : 25
D->valSize : 625
Solving...
currentSize : 11 <-- 0.008680 s
currentSize : 12 <-- 0.008764 s
currentSize : 13 <-- 0.012410 s
currentSize : 14 <-- 0.014477 s
currentSize : 15 <-- 0.165346 s
currentSize : 16 <-- 1.605988 s

maxsize : 16
nodes : 1520416.000000
filtered : 32622110.000000
time : 11.657838
