Parameters: GAD=1 vflib=1 dir=0 label=0 lowerbound=1 fileNameGp=../graphsdb/mcs30/m3D/m3Dr6/mcs30_m3Dr6_s25.A23 fileNameGt=../graphsdb/mcs30/m3D/m3Dr6/mcs30_m3Dr6_s25.B23
Reading graphs...
25 :  60
25 :  57
Initializing...
maxdom : 25
D->valSize : 625
Solving...
currentSize : 11 <-- 0.005279 s
currentSize : 12 <-- 0.005344 s
currentSize : 13 <-- 0.005388 s
currentSize : 14 <-- 0.007481 s
currentSize : 15 <-- 0.801420 s
currentSize : 16 <-- 8.407918 s

maxsize : 16
nodes : 2560702.000000
filtered : 53575965.000000
time : 20.314037
