Parameters: GAD=1 vflib=1 dir=0 label=0 lowerbound=1 fileNameGp=../graphsdb/mcs30/m2D/m2D/mcs30_m2D_s30.A98 fileNameGt=../graphsdb/mcs30/m2D/m2D/mcs30_m2D_s30.B98
Reading graphs...
30 :  48
30 :  49
Initializing...
maxdom : 30
D->valSize : 900
Solving...
currentSize : 14 <-- 0.011090 s
currentSize : 15 <-- 0.011111 s
currentSize : 16 <-- 0.011130 s
currentSize : 17 <-- 0.012168 s
currentSize : 18 <-- 0.015590 s
currentSize : 19 <-- 0.318897 s
currentSize : 20 <-- 2.711925 s
currentSize : 21 <-- 3.267021 s

maxsize : 21
nodes : 6919389.000000
filtered : 222713452.000000
time : 191.990082
