Parameters: GAD=1 vflib=1 dir=0 label=0 lowerbound=1 fileNameGp=../graphsdb/mcs30/bvg/b03m/mcs30_b03m_s35.A41 fileNameGt=../graphsdb/mcs30/bvg/b03m/mcs30_b03m_s35.B41
Reading graphs...
35 :  52
35 :  52
Initializing...
maxdom : 35
D->valSize : 1225
Solving...
currentSize : 14 <-- 0.020865 s
currentSize : 17 <-- 0.020900 s
currentSize : 21 <-- 0.020919 s
currentSize : 22 <-- 10.549962 s
currentSize : 23 <-- 199.266159 s
currentSize : 24 <-- 1490.061646 s
currentSize : 25 <-- 2560.326904 s

maxsize : 25
nodes : 136057337.000000
filtered : 3084371122.000000
time : 2995.277832
