Parameters: GAD=1 vflib=1 dir=0 label=0 lowerbound=1 fileNameGp=../graphsdb/mcs30/bvg/b03/mcs30_b03_s15.A91 fileNameGt=../graphsdb/mcs30/bvg/b03/mcs30_b03_s15.B91
Reading graphs...
15 :  22
15 :  21
Initializing...
maxdom : 15
D->valSize : 225
Solving...
currentSize : 5 <-- 0.000920 s
currentSize : 6 <-- 0.001077 s
currentSize : 8 <-- 0.001263 s
currentSize : 9 <-- 0.001674 s
currentSize : 10 <-- 0.005886 s
currentSize : 11 <-- 0.017011 s

maxsize : 11
nodes : 5424.000000
filtered : 52773.000000
time : 0.027211
