Parameters: GAD=1 vflib=1 dir=0 label=0 lowerbound=1 fileNameGp=../graphsdb/mcs30/rand/r01/mcs30_r01_s20.A79 fileNameGt=../graphsdb/mcs30/rand/r01/mcs30_r01_s20.B79
Reading graphs...
20 :  39
20 :  40
Initializing...
maxdom : 20
D->valSize : 400
Solving...
currentSize : 8 <-- 0.002185 s
currentSize : 9 <-- 0.002202 s
currentSize : 10 <-- 0.002503 s
currentSize : 11 <-- 0.004186 s
currentSize : 12 <-- 0.015694 s
currentSize : 13 <-- 0.016152 s
currentSize : 14 <-- 0.356059 s
currentSize : 15 <-- 0.356472 s

maxsize : 15
nodes : 46707.000000
filtered : 869017.000000
time : 0.406089
