Parameters: GAD=1 vflib=1 dir=0 label=0 lowerbound=1 fileNameGp=../graphsdb/mcs30/m2D/m2Dr6/mcs30_m2Dr6_s30.A95 fileNameGt=../graphsdb/mcs30/m2D/m2Dr6/mcs30_m2Dr6_s30.B95
Reading graphs...
30 :  63
30 :  64
Initializing...
maxdom : 30
D->valSize : 900
Solving...
currentSize : 14 <-- 0.015757 s
currentSize : 15 <-- 0.021801 s
currentSize : 16 <-- 0.038804 s
currentSize : 17 <-- 0.077839 s
currentSize : 18 <-- 0.484745 s
currentSize : 19 <-- 12.770994 s
currentSize : 20 <-- 54.213696 s

maxsize : 20
nodes : 14532146.000000
filtered : 402724052.000000
time : 192.398407
