Parameters: GAD=1 vflib=1 dir=0 label=0 lowerbound=1 fileNameGp=../graphsdb/mcs30/rand/r005/mcs30_r005_s35.A59 fileNameGt=../graphsdb/mcs30/rand/r005/mcs30_r005_s35.B59
Reading graphs...
35 :  63
35 :  64
Initializing...
maxdom : 35
D->valSize : 1225
Solving...
currentSize : 18 <-- 0.025824 s
currentSize : 19 <-- 0.025861 s
currentSize : 20 <-- 0.030924 s
currentSize : 21 <-- 0.033171 s
currentSize : 22 <-- 0.289054 s
currentSize : 23 <-- 0.588325 s
currentSize : 24 <-- 4.586776 s
currentSize : 25 <-- 113.368103 s

maxsize : 25
nodes : 41421126.000000
filtered : 1578887878.000000
time : 873.784302
