Parameters: GAD=1 vflib=1 dir=0 label=0 lowerbound=1 fileNameGp=../graphsdb/mcs30/bvg/b03/mcs30_b03_s35.A91 fileNameGt=../graphsdb/mcs30/bvg/b03/mcs30_b03_s35.B91
Reading graphs...
35 :  52
35 :  52
Initializing...
maxdom : 35
D->valSize : 1225
Solving...
currentSize : 12 <-- 0.020946 s
currentSize : 13 <-- 0.020965 s
currentSize : 15 <-- 0.020999 s
currentSize : 16 <-- 0.023558 s
currentSize : 17 <-- 0.084635 s
currentSize : 18 <-- 2.214077 s
currentSize : 20 <-- 5.770838 s
currentSize : 21 <-- 22.541342 s
currentSize : 22 <-- 43.378330 s
currentSize : 23 <-- 440.042694 s

TIMEOUT
maxsize : 23
nodes : 158954149.000000
filtered : 3566693540.000000
time : 3600.000000
