Parameters: GAD=1 vflib=1 dir=0 label=0 lowerbound=1 fileNameGp=../graphsdb/mcs30/m3D/m3Dr4/mcs30_m3Dr4_s25.A36 fileNameGt=../graphsdb/mcs30/m3D/m3Dr4/mcs30_m3Dr4_s25.B36
Reading graphs...
25 :  56
25 :  57
Initializing...
maxdom : 25
D->valSize : 625
Solving...
currentSize : 9 <-- 0.004985 s
currentSize : 10 <-- 0.005512 s
currentSize : 11 <-- 0.007074 s
currentSize : 12 <-- 0.007992 s
currentSize : 13 <-- 0.010274 s
currentSize : 14 <-- 0.076918 s
currentSize : 15 <-- 0.232861 s
currentSize : 16 <-- 2.155847 s
currentSize : 17 <-- 9.415768 s

maxsize : 17
nodes : 1254390.000000
filtered : 27230704.000000
time : 11.680292
