Parameters: GAD=1 vflib=1 dir=0 label=0 lowerbound=1 fileNameGp=../graphsdb/mcs30/m2D/m2Dr4/mcs30_m2Dr4_s30.A50 fileNameGt=../graphsdb/mcs30/m2D/m2Dr4/mcs30_m2Dr4_s30.B50
Reading graphs...
30 :  58
30 :  58
Initializing...
maxdom : 30
D->valSize : 900
Solving...
currentSize : 11 <-- 0.019059 s
currentSize : 13 <-- 0.019106 s
currentSize : 14 <-- 0.019247 s
currentSize : 15 <-- 0.026062 s
currentSize : 16 <-- 0.029066 s
currentSize : 17 <-- 0.130132 s
currentSize : 18 <-- 5.990590 s
currentSize : 19 <-- 71.921120 s

maxsize : 19
nodes : 57316160.000000
filtered : 1276997458.000000
time : 613.269043
