Parameters: GAD=1 vflib=1 dir=0 label=0 lowerbound=1 fileNameGp=../graphsdb/mcs30/bvg/b06m/mcs30_b06m_s30.A05 fileNameGt=../graphsdb/mcs30/bvg/b06m/mcs30_b06m_s30.B05
Reading graphs...
30 :  87
30 :  87
Initializing...
maxdom : 30
D->valSize : 900
Solving...
currentSize : 13 <-- 0.017904 s
currentSize : 14 <-- 0.018226 s
currentSize : 15 <-- 0.040732 s
currentSize : 16 <-- 0.220700 s
currentSize : 17 <-- 0.359474 s
currentSize : 18 <-- 23.358458 s
currentSize : 19 <-- 80.255615 s

maxsize : 19
nodes : 10840545.000000
filtered : 292011615.000000
time : 117.913460
