Parameters: GAD=1 vflib=1 dir=0 label=0 lowerbound=1 fileNameGp=../graphsdb/mcs30/rand/r005/mcs30_r005_s35.A27 fileNameGt=../graphsdb/mcs30/rand/r005/mcs30_r005_s35.B27
Reading graphs...
35 :  64
35 :  63
Initializing...
maxdom : 35
D->valSize : 1225
Solving...
currentSize : 13 <-- 0.020785 s
currentSize : 15 <-- 0.020823 s
currentSize : 17 <-- 0.028400 s
currentSize : 18 <-- 0.028471 s
currentSize : 22 <-- 0.081546 s
currentSize : 23 <-- 0.877176 s
currentSize : 24 <-- 2.136947 s

maxsize : 24
nodes : 66495205.000000
filtered : 2454429316.000000
time : 2118.802979
