Parameters: GAD=1 vflib=1 dir=0 label=0 lowerbound=1 fileNameGp=../graphsdb/mcs30/rand/r01/mcs30_r01_s35.A40 fileNameGt=../graphsdb/mcs30/rand/r01/mcs30_r01_s35.B40
Reading graphs...
35 :  113
35 :  110
Initializing...
maxdom : 35
D->valSize : 1225
Solving...
currentSize : 13 <-- 0.023545 s
currentSize : 14 <-- 0.024051 s
currentSize : 15 <-- 0.027725 s
currentSize : 16 <-- 0.031488 s
currentSize : 17 <-- 0.144644 s
currentSize : 18 <-- 0.167723 s
currentSize : 19 <-- 5.090247 s
currentSize : 20 <-- 56.485672 s

TIMEOUT
maxsize : 20
nodes : 366954447.000000
filtered : 10134319995.000000
time : 3600.000000
