Parameters: GAD=1 vflib=1 dir=0 label=0 lowerbound=1 fileNameGp=../graphsdb/mcs30/rand/r005/mcs30_r005_s35.A26 fileNameGt=../graphsdb/mcs30/rand/r005/mcs30_r005_s35.B26
Reading graphs...
35 :  64
35 :  64
Initializing...
maxdom : 35
D->valSize : 1225
Solving...
currentSize : 18 <-- 0.020659 s
currentSize : 19 <-- 0.031193 s
currentSize : 20 <-- 0.092660 s
currentSize : 21 <-- 0.519121 s
currentSize : 22 <-- 0.912753 s
currentSize : 23 <-- 26.620728 s
currentSize : 24 <-- 166.628922 s

maxsize : 24
nodes : 85581318.000000
filtered : 2824673483.000000
time : 1478.820923
