Parameters: GAD=1 vflib=1 dir=0 label=0 lowerbound=1 fileNameGp=../graphsdb/mcs30/bvg/b03m/mcs30_b03m_s20.A17 fileNameGt=../graphsdb/mcs30/bvg/b03m/mcs30_b03m_s20.B17
Reading graphs...
20 :  30
20 :  29
Initializing...
maxdom : 20
D->valSize : 400
Solving...
currentSize : 8 <-- 0.003835 s
currentSize : 10 <-- 0.004226 s
currentSize : 11 <-- 0.007849 s
currentSize : 12 <-- 0.055019 s
currentSize : 13 <-- 0.058992 s
currentSize : 14 <-- 0.284590 s

maxsize : 14
nodes : 67260.000000
filtered : 1094334.000000
time : 0.579494
