Parameters: GAD=1 vflib=1 dir=0 label=0 lowerbound=1 fileNameGp=../graphsdb/mcs30/m2D/m2D/mcs30_m2D_s30.A57 fileNameGt=../graphsdb/mcs30/m2D/m2D/mcs30_m2D_s30.B57
Reading graphs...
30 :  49
30 :  48
Initializing...
maxdom : 30
D->valSize : 900
Solving...
currentSize : 8 <-- 0.011162 s
currentSize : 14 <-- 0.011214 s
currentSize : 15 <-- 0.011248 s
currentSize : 16 <-- 0.018205 s
currentSize : 17 <-- 0.047236 s
currentSize : 18 <-- 0.251687 s
currentSize : 19 <-- 0.596026 s
currentSize : 20 <-- 2.512085 s
currentSize : 21 <-- 10.899877 s

maxsize : 21
nodes : 4385491.000000
filtered : 131495070.000000
time : 79.529907
