Parameters: GAD=1 vflib=1 dir=0 label=0 lowerbound=1 fileNameGp=../graphsdb/mcs30/m3D/m3Dr6/mcs30_m3Dr6_s30.A22 fileNameGt=../graphsdb/mcs30/m3D/m3Dr6/mcs30_m3Dr6_s30.B22
Reading graphs...
30 :  76
30 :  73
Initializing...
maxdom : 30
D->valSize : 900
Solving...
currentSize : 13 <-- 0.010757 s
currentSize : 14 <-- 0.010934 s
currentSize : 15 <-- 0.013248 s
currentSize : 16 <-- 0.256945 s
currentSize : 17 <-- 0.289997 s
currentSize : 18 <-- 6.822440 s

maxsize : 18
nodes : 35550796.000000
filtered : 926887356.000000
time : 371.179810
