Parameters: GAD=1 vflib=1 dir=0 label=0 lowerbound=1 fileNameGp=../graphsdb/mcs30/bvg/b03/mcs30_b03_s35.A13 fileNameGt=../graphsdb/mcs30/bvg/b03/mcs30_b03_s35.B13
Reading graphs...
35 :  51
35 :  52
Initializing...
maxdom : 35
D->valSize : 1225
Solving...
currentSize : 15 <-- 0.021076 s
currentSize : 18 <-- 0.021582 s
currentSize : 19 <-- 0.028272 s
currentSize : 20 <-- 0.086770 s
currentSize : 21 <-- 20.354315 s
currentSize : 22 <-- 154.398956 s
currentSize : 23 <-- 648.026611 s
currentSize : 24 <-- 1243.783691 s
currentSize : 25 <-- 1473.645874 s

maxsize : 25
nodes : 101459163.000000
filtered : 2470967788.000000
time : 3144.024170
