Parameters: GAD=1 vflib=1 dir=0 label=0 lowerbound=1 fileNameGp=../graphsdb/mcs30/rand/r01/mcs30_r01_s35.A96 fileNameGt=../graphsdb/mcs30/rand/r01/mcs30_r01_s35.B96
Reading graphs...
35 :  115
35 :  115
Initializing...
maxdom : 35
D->valSize : 1225
Solving...
currentSize : 13 <-- 0.019110 s
currentSize : 14 <-- 0.019151 s
currentSize : 15 <-- 0.021773 s
currentSize : 16 <-- 0.023633 s
currentSize : 17 <-- 0.040218 s
currentSize : 18 <-- 1.468813 s
currentSize : 19 <-- 4.272340 s
currentSize : 20 <-- 1660.320801 s

TIMEOUT
maxsize : 20
nodes : 432357185.000000
filtered : 10487777548.000000
time : 3600.000000
