Parameters: GAD=1 vflib=1 dir=0 label=0 lowerbound=1 fileNameGp=../graphsdb/mcs30/m2D/m2Dr4/mcs30_m2Dr4_s30.A91 fileNameGt=../graphsdb/mcs30/m2D/m2Dr4/mcs30_m2Dr4_s30.B91
Reading graphs...
30 :  60
30 :  58
Initializing...
maxdom : 30
D->valSize : 900
Solving...
currentSize : 14 <-- 0.010781 s
currentSize : 15 <-- 0.011070 s
currentSize : 16 <-- 0.011323 s
currentSize : 17 <-- 0.015474 s
currentSize : 18 <-- 1.193784 s
currentSize : 19 <-- 1.278449 s
currentSize : 20 <-- 12.199952 s
currentSize : 21 <-- 46.152000 s

maxsize : 21
nodes : 4791841.000000
filtered : 142621023.000000
time : 85.294136
