Parameters: GAD=1 vflib=1 dir=0 label=0 lowerbound=1 fileNameGp=../graphsdb/mcs30/bvg/b03m/mcs30_b03m_s30.A22 fileNameGt=../graphsdb/mcs30/bvg/b03m/mcs30_b03m_s30.B22
Reading graphs...
30 :  43
30 :  44
Initializing...
maxdom : 30
D->valSize : 900
Solving...
currentSize : 12 <-- 0.011225 s
currentSize : 15 <-- 0.011282 s
currentSize : 17 <-- 0.012256 s
currentSize : 18 <-- 0.016622 s
currentSize : 19 <-- 0.060840 s
currentSize : 20 <-- 1.314636 s
currentSize : 21 <-- 2.365309 s
currentSize : 22 <-- 37.555447 s

maxsize : 22
nodes : 4569436.000000
filtered : 123675160.000000
time : 145.534805
