Parameters: GAD=1 vflib=1 dir=0 label=0 lowerbound=1 fileNameGp=../graphsdb/mcs30/bvg/b03/mcs30_b03_s35.A98 fileNameGt=../graphsdb/mcs30/bvg/b03/mcs30_b03_s35.B98
Reading graphs...
35 :  52
35 :  51
Initializing...
maxdom : 35
D->valSize : 1225
Solving...
currentSize : 12 <-- 0.021271 s
currentSize : 16 <-- 0.021323 s
currentSize : 17 <-- 0.021644 s
currentSize : 18 <-- 0.022579 s
currentSize : 19 <-- 0.022601 s
currentSize : 20 <-- 0.084749 s
currentSize : 21 <-- 0.238506 s
currentSize : 22 <-- 0.584848 s
currentSize : 23 <-- 15.637621 s
currentSize : 24 <-- 50.891121 s
currentSize : 25 <-- 1139.555176 s
currentSize : 26 <-- 1346.386841 s

maxsize : 26
nodes : 62480113.000000
filtered : 1781641179.000000
time : 1773.446045
