Parameters: GAD=1 vflib=1 dir=0 label=0 lowerbound=1 fileNameGp=../graphsdb/mcs30/bvg/b03/mcs30_b03_s20.A39 fileNameGt=../graphsdb/mcs30/bvg/b03/mcs30_b03_s20.B39
Reading graphs...
20 :  29
20 :  30
Initializing...
maxdom : 20
D->valSize : 400
Solving...
currentSize : 6 <-- 0.003796 s
currentSize : 8 <-- 0.003845 s
currentSize : 9 <-- 0.003883 s
currentSize : 11 <-- 0.004030 s
currentSize : 12 <-- 0.013939 s
currentSize : 13 <-- 0.021514 s
currentSize : 14 <-- 0.141767 s
currentSize : 15 <-- 0.148836 s

maxsize : 15
nodes : 21324.000000
filtered : 371054.000000
time : 0.220853
