Parameters: GAD=1 vflib=1 dir=0 label=0 lowerbound=1 fileNameGp=../graphsdb/mcs30/m2D/m2D/mcs30_m2D_s30.A95 fileNameGt=../graphsdb/mcs30/m2D/m2D/mcs30_m2D_s30.B95
Reading graphs...
30 :  48
30 :  48
Initializing...
maxdom : 30
D->valSize : 900
Solving...
currentSize : 13 <-- 0.019211 s
currentSize : 14 <-- 0.019251 s
currentSize : 15 <-- 0.020154 s
currentSize : 16 <-- 0.028981 s
currentSize : 17 <-- 0.029302 s
currentSize : 18 <-- 0.397565 s
currentSize : 19 <-- 3.794984 s
currentSize : 20 <-- 7.929421 s
currentSize : 21 <-- 67.158051 s

maxsize : 21
nodes : 10327912.000000
filtered : 273320123.000000
time : 206.514877
