Parameters: GAD=1 vflib=1 dir=0 label=0 lowerbound=1 fileNameGp=../graphsdb/mcs30/bvg/b09m/mcs30_b09m_s35.A11 fileNameGt=../graphsdb/mcs30/bvg/b09m/mcs30_b09m_s35.B11
Reading graphs...
35 :  144
35 :  144
Initializing...
maxdom : 35
D->valSize : 1225
Solving...
currentSize : 12 <-- 0.023854 s
currentSize : 13 <-- 0.023888 s
currentSize : 14 <-- 0.023939 s
currentSize : 15 <-- 0.027187 s
currentSize : 16 <-- 0.056683 s
currentSize : 17 <-- 0.805782 s
currentSize : 18 <-- 43.918430 s
currentSize : 19 <-- 479.355743 s

maxsize : 19
nodes : 267724523.000000
filtered : 7748370385.000000
time : 2285.524170
