Parameters: GAD=1 vflib=1 dir=0 label=0 lowerbound=1 fileNameGp=../graphsdb/mcs30/rand/r005/mcs30_r005_s25.A87 fileNameGt=../graphsdb/mcs30/rand/r005/mcs30_r005_s25.B87
Reading graphs...
25 :  33
25 :  34
Initializing...
maxdom : 25
D->valSize : 625
Solving...
currentSize : 12 <-- 0.005431 s
currentSize : 13 <-- 0.005841 s
currentSize : 14 <-- 0.027459 s
currentSize : 15 <-- 0.065402 s
currentSize : 16 <-- 0.172951 s
currentSize : 17 <-- 0.177312 s
currentSize : 18 <-- 0.401582 s
currentSize : 19 <-- 2.348719 s

maxsize : 19
nodes : 266929.000000
filtered : 5568831.000000
time : 4.566532
