Parameters: GAD=1 vflib=1 dir=0 label=0 lowerbound=1 fileNameGp=../graphsdb/mcs30/bvg/b06m/mcs30_b06m_s25.A12 fileNameGt=../graphsdb/mcs30/bvg/b06m/mcs30_b06m_s25.B12
Reading graphs...
25 :  71
25 :  69
Initializing...
maxdom : 25
D->valSize : 625
Solving...
currentSize : 10 <-- 0.004919 s
currentSize : 11 <-- 0.005600 s
currentSize : 12 <-- 0.005744 s
currentSize : 13 <-- 0.011076 s
currentSize : 14 <-- 0.064134 s
currentSize : 15 <-- 0.098552 s
currentSize : 16 <-- 4.531716 s

maxsize : 16
nodes : 903548.000000
filtered : 20686689.000000
time : 7.717872
