Parameters: GAD=1 vflib=1 dir=0 label=0 lowerbound=1 fileNameGp=../graphsdb/mcs30/rand/r01/mcs30_r01_s35.A77 fileNameGt=../graphsdb/mcs30/rand/r01/mcs30_r01_s35.B77
Reading graphs...
35 :  114
35 :  114
Initializing...
maxdom : 35
D->valSize : 1225
Solving...
currentSize : 13 <-- 0.019134 s
currentSize : 14 <-- 0.019153 s
currentSize : 15 <-- 0.019818 s
currentSize : 16 <-- 0.019978 s
currentSize : 17 <-- 0.020137 s
currentSize : 18 <-- 0.021823 s
currentSize : 19 <-- 6.327792 s
currentSize : 20 <-- 195.832230 s

TIMEOUT
maxsize : 20
nodes : 392163007.000000
filtered : 10589016920.000000
time : 3600.000244
