Parameters: GAD=1 vflib=1 dir=0 label=0 lowerbound=1 fileNameGp=../graphsdb/mcs30/bvg/b06m/mcs30_b06m_s25.A71 fileNameGt=../graphsdb/mcs30/bvg/b06m/mcs30_b06m_s25.B71
Reading graphs...
25 :  68
25 :  68
Initializing...
maxdom : 25
D->valSize : 625
Solving...
currentSize : 8 <-- 0.008329 s
currentSize : 9 <-- 0.008383 s
currentSize : 11 <-- 0.008473 s
currentSize : 12 <-- 0.012422 s
currentSize : 13 <-- 0.052316 s
currentSize : 14 <-- 0.068595 s
currentSize : 15 <-- 0.553313 s
currentSize : 16 <-- 2.107506 s

maxsize : 16
nodes : 694186.000000
filtered : 17235144.000000
time : 5.607613
