Parameters: GAD=1 vflib=1 dir=0 label=0 lowerbound=1 fileNameGp=../graphsdb/mcs30/rand/r02/mcs30_r02_s30.A20 fileNameGt=../graphsdb/mcs30/rand/r02/mcs30_r02_s30.B20
Reading graphs...
30 :  155
30 :  159
Initializing...
maxdom : 30
D->valSize : 900
Solving...
currentSize : 8 <-- 0.009339 s
currentSize : 10 <-- 0.009393 s
currentSize : 11 <-- 0.009458 s
currentSize : 12 <-- 0.012360 s
currentSize : 13 <-- 0.106625 s
currentSize : 14 <-- 3.272542 s

maxsize : 14
nodes : 111381078.000000
filtered : 1518466879.000000
time : 527.673340
