Parameters: GAD=1 vflib=1 dir=0 label=0 lowerbound=1 fileNameGp=../graphsdb/mcs30/m3D/m3Dr4/mcs30_m3Dr4_s30.A13 fileNameGt=../graphsdb/mcs30/m3D/m3Dr4/mcs30_m3Dr4_s30.B13
Reading graphs...
30 :  72
30 :  70
Initializing...
maxdom : 30
D->valSize : 900
Solving...
currentSize : 13 <-- 0.010708 s
currentSize : 14 <-- 0.014288 s
currentSize : 15 <-- 0.020957 s
currentSize : 16 <-- 0.034295 s
currentSize : 17 <-- 0.435126 s
currentSize : 18 <-- 1.036866 s
currentSize : 19 <-- 4.178847 s

maxsize : 19
nodes : 17537483.000000
filtered : 488092408.000000
time : 215.998627
