Parameters: GAD=1 vflib=1 dir=0 label=0 lowerbound=1 fileNameGp=../graphsdb/mcs30/bvg/b03m/mcs30_b03m_s20.A24 fileNameGt=../graphsdb/mcs30/bvg/b03m/mcs30_b03m_s20.B24
Reading graphs...
20 :  30
20 :  30
Initializing...
maxdom : 20
D->valSize : 400
Solving...
currentSize : 7 <-- 0.002324 s
currentSize : 8 <-- 0.003037 s
currentSize : 9 <-- 0.005677 s
currentSize : 10 <-- 0.005692 s
currentSize : 11 <-- 0.008657 s
currentSize : 12 <-- 0.206604 s
currentSize : 13 <-- 0.295631 s
currentSize : 14 <-- 0.707126 s

maxsize : 14
nodes : 142219.000000
filtered : 1628297.000000
time : 0.960584
