Parameters: GAD=1 vflib=1 dir=0 label=0 lowerbound=1 fileNameGp=../graphsdb/mcs30/m3D/m3Dr4/mcs30_m3Dr4_s30.A74 fileNameGt=../graphsdb/mcs30/m3D/m3Dr4/mcs30_m3Dr4_s30.B74
Reading graphs...
30 :  70
30 :  71
Initializing...
maxdom : 30
D->valSize : 900
Solving...
currentSize : 14 <-- 0.015338 s
currentSize : 15 <-- 0.035443 s
currentSize : 16 <-- 0.035583 s
currentSize : 17 <-- 0.035764 s
currentSize : 18 <-- 0.165802 s
currentSize : 19 <-- 2.089863 s
currentSize : 20 <-- 26.382372 s

maxsize : 20
nodes : 10002662.000000
filtered : 285801274.000000
time : 111.777649
