Parameters: GAD=1 vflib=1 dir=0 label=0 lowerbound=1 fileNameGp=../graphsdb/mcs30/bvg/b06m/mcs30_b06m_s30.A06 fileNameGt=../graphsdb/mcs30/bvg/b06m/mcs30_b06m_s30.B06
Reading graphs...
30 :  86
30 :  85
Initializing...
maxdom : 30
D->valSize : 900
Solving...
currentSize : 12 <-- 0.010115 s
currentSize : 13 <-- 0.010166 s
currentSize : 14 <-- 0.010457 s
currentSize : 15 <-- 0.026301 s
currentSize : 16 <-- 0.175859 s
currentSize : 17 <-- 1.047535 s
currentSize : 18 <-- 81.163185 s

maxsize : 18
nodes : 28530510.000000
filtered : 713986513.000000
time : 247.809891
