Parameters: GAD=1 vflib=1 dir=0 label=0 lowerbound=1 fileNameGp=../graphsdb/mcs30/m2D/m2Dr4/mcs30_m2Dr4_s30.A55 fileNameGt=../graphsdb/mcs30/m2D/m2Dr4/mcs30_m2Dr4_s30.B55
Reading graphs...
30 :  60
30 :  58
Initializing...
maxdom : 30
D->valSize : 900
Solving...
currentSize : 15 <-- 0.011348 s
currentSize : 16 <-- 0.011441 s
currentSize : 17 <-- 0.011473 s
currentSize : 18 <-- 0.011574 s
currentSize : 19 <-- 0.020703 s
currentSize : 20 <-- 1.242186 s

maxsize : 20
nodes : 16459522.000000
filtered : 506917354.000000
time : 319.365784
