Parameters: GAD=1 vflib=1 dir=0 label=0 lowerbound=1 fileNameGp=../graphsdb/mcs30/bvg/b06m/mcs30_b06m_s30.A96 fileNameGt=../graphsdb/mcs30/bvg/b06m/mcs30_b06m_s30.B96
Reading graphs...
30 :  85
30 :  85
Initializing...
maxdom : 30
D->valSize : 900
Solving...
currentSize : 12 <-- 0.010330 s
currentSize : 13 <-- 0.010397 s
currentSize : 14 <-- 0.010491 s
currentSize : 15 <-- 0.011524 s
currentSize : 16 <-- 0.157671 s
currentSize : 17 <-- 1.249551 s
currentSize : 18 <-- 38.795937 s
currentSize : 19 <-- 81.024162 s

maxsize : 19
nodes : 16203680.000000
filtered : 442651711.000000
time : 152.265152
