Parameters: GAD=1 vflib=1 dir=0 label=0 lowerbound=1 fileNameGp=../graphsdb/mcs30/bvg/b06/mcs30_b06_s35.A75 fileNameGt=../graphsdb/mcs30/bvg/b06/mcs30_b06_s35.B75
Reading graphs...
35 :  101
35 :  99
Initializing...
maxdom : 35
D->valSize : 1225
Solving...
currentSize : 13 <-- 0.019183 s
currentSize : 14 <-- 0.019366 s
currentSize : 15 <-- 0.021123 s
currentSize : 16 <-- 0.023569 s
currentSize : 17 <-- 0.023608 s
currentSize : 18 <-- 0.023682 s
currentSize : 19 <-- 0.260333 s
currentSize : 20 <-- 134.887619 s
currentSize : 21 <-- 506.103455 s

TIMEOUT
maxsize : 21
nodes : 289924021.000000
filtered : 8671243956.000000
time : 3600.000244
