Parameters: GAD=1 vflib=1 dir=0 label=0 lowerbound=1 fileNameGp=../graphsdb/mcs30/bvg/b03m/mcs30_b03m_s25.A55 fileNameGt=../graphsdb/mcs30/bvg/b03m/mcs30_b03m_s25.B55
Reading graphs...
25 :  37
25 :  37
Initializing...
maxdom : 25
D->valSize : 625
Solving...
currentSize : 13 <-- 0.009192 s
currentSize : 14 <-- 0.309958 s
currentSize : 15 <-- 0.477945 s
currentSize : 16 <-- 1.090698 s
currentSize : 17 <-- 1.104155 s
currentSize : 18 <-- 1.585899 s

maxsize : 18
nodes : 579052.000000
filtered : 9539567.000000
time : 7.113386
