Parameters: GAD=1 vflib=1 dir=0 label=0 lowerbound=1 fileNameGp=../graphsdb/mcs30/rand/r02/mcs30_r02_s35.A37 fileNameGt=../graphsdb/mcs30/rand/r02/mcs30_r02_s35.B37
Reading graphs...
35 :  210
35 :  210
Initializing...
maxdom : 35
D->valSize : 1225
Solving...
currentSize : 10 <-- 0.017332 s
currentSize : 11 <-- 0.017569 s
currentSize : 12 <-- 0.019757 s
currentSize : 13 <-- 0.062447 s
currentSize : 14 <-- 0.472315 s
currentSize : 15 <-- 7.734769 s
currentSize : 16 <-- 3434.436768 s

TIMEOUT
maxsize : 16
nodes : 702000379.000000
filtered : 9481429768.000000
time : 3600.000000
