Parameters: GAD=1 vflib=1 dir=0 label=0 lowerbound=1 fileNameGp=../graphsdb/mcs30/bvg/b06m/mcs30_b06m_s30.A89 fileNameGt=../graphsdb/mcs30/bvg/b06m/mcs30_b06m_s30.B89
Reading graphs...
30 :  85
30 :  83
Initializing...
maxdom : 30
D->valSize : 900
Solving...
currentSize : 10 <-- 0.010187 s
currentSize : 14 <-- 0.010222 s
currentSize : 15 <-- 0.010515 s
currentSize : 16 <-- 0.014357 s
currentSize : 17 <-- 0.172637 s
currentSize : 18 <-- 0.251504 s

maxsize : 18
nodes : 19066856.000000
filtered : 517926639.000000
time : 211.708847
