Parameters: GAD=1 vflib=1 dir=0 label=0 lowerbound=1 fileNameGp=../graphsdb/mcs30/m3D/m3Dr2/mcs30_m3Dr2_s25.A60 fileNameGt=../graphsdb/mcs30/m3D/m3Dr2/mcs30_m3Dr2_s25.B60
Reading graphs...
25 :  54
25 :  54
Initializing...
maxdom : 25
D->valSize : 625
Solving...
currentSize : 8 <-- 0.004950 s
currentSize : 10 <-- 0.004971 s
currentSize : 11 <-- 0.005439 s
currentSize : 12 <-- 0.005530 s
currentSize : 13 <-- 0.005599 s
currentSize : 14 <-- 0.011303 s
currentSize : 15 <-- 0.017766 s
currentSize : 16 <-- 0.358480 s
currentSize : 17 <-- 4.275240 s

maxsize : 17
nodes : 727496.000000
filtered : 18252863.000000
time : 8.716669
