Parameters: GAD=1 vflib=1 dir=0 label=0 lowerbound=1 fileNameGp=../graphsdb/mcs30/bvg/b03/mcs30_b03_s30.A32 fileNameGt=../graphsdb/mcs30/bvg/b03/mcs30_b03_s30.B32
Reading graphs...
30 :  44
30 :  43
Initializing...
maxdom : 30
D->valSize : 900
Solving...
currentSize : 11 <-- 0.019707 s
currentSize : 15 <-- 0.019770 s
currentSize : 16 <-- 0.022443 s
currentSize : 17 <-- 0.031702 s
currentSize : 18 <-- 0.031711 s
currentSize : 19 <-- 0.051457 s
currentSize : 20 <-- 3.258307 s
currentSize : 21 <-- 89.226448 s

maxsize : 21
nodes : 12133673.000000
filtered : 243052793.000000
time : 187.439987
