Parameters: GAD=1 vflib=1 dir=0 label=0 lowerbound=1 fileNameGp=../graphsdb/mcs30/bvg/b03/mcs30_b03_s35.A33 fileNameGt=../graphsdb/mcs30/bvg/b03/mcs30_b03_s35.B33
Reading graphs...
35 :  52
35 :  52
Initializing...
maxdom : 35
D->valSize : 1225
Solving...
currentSize : 17 <-- 0.037020 s
currentSize : 18 <-- 0.038322 s
currentSize : 20 <-- 0.039963 s
currentSize : 21 <-- 0.418154 s
currentSize : 22 <-- 0.510800 s
currentSize : 23 <-- 74.659332 s
currentSize : 24 <-- 479.603363 s
currentSize : 25 <-- 3454.113525 s
currentSize : 26 <-- 3466.747314 s

TIMEOUT
maxsize : 26
nodes : 146581699.000000
filtered : 3292541703.000000
time : 3600.000000
