Parameters: GAD=1 vflib=1 dir=0 label=0 lowerbound=1 fileNameGp=../graphsdb/mcs30/bvg/b09/mcs30_b09_s35.A17 fileNameGt=../graphsdb/mcs30/bvg/b09/mcs30_b09_s35.B17
Reading graphs...
35 :  153
35 :  153
Initializing...
maxdom : 35
D->valSize : 1225
Solving...
currentSize : 14 <-- 0.018280 s
currentSize : 15 <-- 0.018356 s
currentSize : 16 <-- 0.018698 s
currentSize : 17 <-- 0.018745 s
currentSize : 18 <-- 0.053859 s
currentSize : 19 <-- 4.065137 s
currentSize : 20 <-- 238.665176 s

maxsize : 20
nodes : 126814540.000000
filtered : 3625010245.000000
time : 1150.469971
