Parameters: GAD=1 vflib=1 dir=0 label=0 lowerbound=1 fileNameGp=../graphsdb/mcs30/bvg/b03m/mcs30_b03m_s25.A96 fileNameGt=../graphsdb/mcs30/bvg/b03m/mcs30_b03m_s25.B96
Reading graphs...
25 :  37
25 :  37
Initializing...
maxdom : 25
D->valSize : 625
Solving...
currentSize : 9 <-- 0.009612 s
currentSize : 11 <-- 0.009697 s
currentSize : 12 <-- 0.010682 s
currentSize : 14 <-- 0.012010 s
currentSize : 15 <-- 0.012019 s
currentSize : 16 <-- 0.126593 s
currentSize : 17 <-- 0.251727 s
currentSize : 18 <-- 0.376063 s

maxsize : 18
nodes : 342322.000000
filtered : 8408332.000000
time : 6.924120
