Parameters: GAD=1 vflib=1 dir=0 label=0 lowerbound=1 fileNameGp=../graphsdb/mcs30/rand/r01/mcs30_r01_s30.A27 fileNameGt=../graphsdb/mcs30/rand/r01/mcs30_r01_s30.B27
Reading graphs...
30 :  82
30 :  84
Initializing...
maxdom : 30
D->valSize : 900
Solving...
currentSize : 13 <-- 0.017969 s
currentSize : 14 <-- 0.017993 s
currentSize : 15 <-- 0.020241 s
currentSize : 16 <-- 0.024469 s
currentSize : 17 <-- 0.129918 s
currentSize : 18 <-- 6.815665 s

maxsize : 18
nodes : 40738237.000000
filtered : 1049099497.000000
time : 379.928070
