Parameters: GAD=1 vflib=1 dir=0 label=0 lowerbound=1 fileNameGp=../graphsdb/mcs30/m3D/m3Dr2/mcs30_m3Dr2_s25.A47 fileNameGt=../graphsdb/mcs30/m3D/m3Dr2/mcs30_m3Dr2_s25.B47
Reading graphs...
25 :  54
25 :  52
Initializing...
maxdom : 25
D->valSize : 625
Solving...
currentSize : 10 <-- 0.005321 s
currentSize : 11 <-- 0.005589 s
currentSize : 12 <-- 0.044009 s
currentSize : 13 <-- 0.113587 s
currentSize : 14 <-- 0.129610 s
currentSize : 16 <-- 0.306068 s

maxsize : 16
nodes : 1693015.000000
filtered : 37337362.000000
time : 14.936439
