Parameters: GAD=1 vflib=1 dir=0 label=0 lowerbound=1 fileNameGp=../graphsdb/mcs30/bvg/b06m/mcs30_b06m_s35.A99 fileNameGt=../graphsdb/mcs30/bvg/b06m/mcs30_b06m_s35.B99
Reading graphs...
35 :  102
35 :  98
Initializing...
maxdom : 35
D->valSize : 1225
Solving...
currentSize : 11 <-- 0.019480 s
currentSize : 13 <-- 0.019505 s
currentSize : 15 <-- 0.019920 s
currentSize : 16 <-- 0.020204 s
currentSize : 17 <-- 0.041400 s
currentSize : 18 <-- 0.083294 s
currentSize : 19 <-- 0.184677 s
currentSize : 20 <-- 26.415367 s
currentSize : 21 <-- 209.743103 s

maxsize : 21
nodes : 232256473.000000
filtered : 7692750768.000000
time : 3377.527832
