Parameters: GAD=1 vflib=1 dir=0 label=0 lowerbound=1 fileNameGp=../graphsdb/mcs30/m3D/m3Dr6/mcs30_m3Dr6_s25.A97 fileNameGt=../graphsdb/mcs30/m3D/m3Dr6/mcs30_m3Dr6_s25.B97
Reading graphs...
25 :  61
25 :  61
Initializing...
maxdom : 25
D->valSize : 625
Solving...
currentSize : 11 <-- 0.008564 s
currentSize : 12 <-- 0.008589 s
currentSize : 13 <-- 0.008971 s
currentSize : 14 <-- 0.040281 s
currentSize : 15 <-- 0.259397 s
currentSize : 16 <-- 3.028650 s

maxsize : 16
nodes : 1249557.000000
filtered : 29849351.000000
time : 12.786126
