Parameters: GAD=1 vflib=1 dir=0 label=0 lowerbound=1 fileNameGp=../graphsdb/mcs30/m3D/m3Dr2/mcs30_m3Dr2_s25.A76 fileNameGt=../graphsdb/mcs30/m3D/m3Dr2/mcs30_m3Dr2_s25.B76
Reading graphs...
25 :  54
25 :  50
Initializing...
maxdom : 25
D->valSize : 625
Solving...
currentSize : 11 <-- 0.005257 s
currentSize : 12 <-- 0.005491 s
currentSize : 13 <-- 0.005511 s
currentSize : 14 <-- 0.007144 s
currentSize : 15 <-- 0.008364 s
currentSize : 16 <-- 0.065526 s
currentSize : 17 <-- 6.058443 s

maxsize : 17
nodes : 933147.000000
filtered : 20575068.000000
time : 9.541091
