Parameters: GAD=1 vflib=1 dir=0 label=0 lowerbound=1 fileNameGp=../graphsdb/mcs30/bvg/b06m/mcs30_b06m_s35.A34 fileNameGt=../graphsdb/mcs30/bvg/b06m/mcs30_b06m_s35.B34
Reading graphs...
35 :  102
35 :  99
Initializing...
maxdom : 35
D->valSize : 1225
Solving...
currentSize : 15 <-- 0.034088 s
currentSize : 16 <-- 0.034129 s
currentSize : 17 <-- 0.034500 s
currentSize : 18 <-- 0.034720 s
currentSize : 19 <-- 11.541467 s
currentSize : 20 <-- 70.270004 s
currentSize : 21 <-- 652.777283 s

maxsize : 21
nodes : 188742747.000000
filtered : 6041850352.000000
time : 2782.169678
