Parameters: GAD=1 vflib=1 dir=0 label=0 lowerbound=1 fileNameGp=../graphsdb/mcs30/rand/r01/mcs30_r01_s35.A24 fileNameGt=../graphsdb/mcs30/rand/r01/mcs30_r01_s35.B24
Reading graphs...
35 :  114
35 :  112
Initializing...
maxdom : 35
D->valSize : 1225
Solving...
currentSize : 12 <-- 0.023142 s
currentSize : 13 <-- 0.023269 s
currentSize : 14 <-- 0.023767 s
currentSize : 16 <-- 0.025540 s
currentSize : 17 <-- 0.029996 s
currentSize : 18 <-- 0.968581 s
currentSize : 19 <-- 35.612068 s
currentSize : 20 <-- 1767.875732 s

TIMEOUT
maxsize : 20
nodes : 412763991.000000
filtered : 10208389336.000000
time : 3600.000000
