Parameters: GAD=1 vflib=1 dir=0 label=0 lowerbound=1 fileNameGp=../graphsdb/mcs30/rand/r005/mcs30_r005_s20.A28 fileNameGt=../graphsdb/mcs30/rand/r005/mcs30_r005_s20.B28
Reading graphs...
20 :  22
20 :  22
Initializing...
maxdom : 20
D->valSize : 400
Solving...
currentSize : 7 <-- 0.002289 s
currentSize : 9 <-- 0.002338 s
currentSize : 10 <-- 0.002623 s
currentSize : 11 <-- 0.004241 s
currentSize : 12 <-- 0.011679 s
currentSize : 14 <-- 0.011703 s
currentSize : 15 <-- 0.018150 s

maxsize : 15
nodes : 68168.000000
filtered : 872323.000000
time : 1.020137
