Parameters: GAD=1 vflib=1 dir=0 label=0 lowerbound=1 fileNameGp=../graphsdb/mcs30/m2D/m2Dr2/mcs30_m2Dr2_s30.A18 fileNameGt=../graphsdb/mcs30/m2D/m2Dr2/mcs30_m2Dr2_s30.B18
Reading graphs...
30 :  54
30 :  54
Initializing...
maxdom : 30
D->valSize : 900
Solving...
currentSize : 14 <-- 0.011368 s
currentSize : 15 <-- 0.011427 s
currentSize : 16 <-- 0.023370 s
currentSize : 17 <-- 0.023813 s
currentSize : 18 <-- 0.166536 s
currentSize : 19 <-- 1.427167 s
currentSize : 20 <-- 2.943226 s
currentSize : 21 <-- 114.053299 s

maxsize : 21
nodes : 10234031.000000
filtered : 284929646.000000
time : 158.587936
