Parameters: GAD=1 vflib=1 dir=0 label=0 lowerbound=1 fileNameGp=../graphsdb/mcs30/m3D/m3Dr4/mcs30_m3Dr4_s25.A30 fileNameGt=../graphsdb/mcs30/m3D/m3Dr4/mcs30_m3Dr4_s25.B30
Reading graphs...
25 :  56
25 :  55
Initializing...
maxdom : 25
D->valSize : 625
Solving...
currentSize : 11 <-- 0.004928 s
currentSize : 12 <-- 0.004979 s
currentSize : 13 <-- 0.009413 s
currentSize : 14 <-- 0.010858 s
currentSize : 15 <-- 0.048014 s
currentSize : 16 <-- 0.168323 s
currentSize : 17 <-- 3.960598 s

maxsize : 17
nodes : 649267.000000
filtered : 16483037.000000
time : 8.390888
