Parameters: GAD=1 vflib=1 dir=0 label=0 lowerbound=1 fileNameGp=../graphsdb/mcs30/bvg/b09/mcs30_b09_s35.A62 fileNameGt=../graphsdb/mcs30/bvg/b09/mcs30_b09_s35.B62
Reading graphs...
35 :  153
35 :  151
Initializing...
maxdom : 35
D->valSize : 1225
Solving...
currentSize : 11 <-- 0.023557 s
currentSize : 14 <-- 0.023616 s
currentSize : 15 <-- 0.036652 s
currentSize : 16 <-- 0.085665 s
currentSize : 17 <-- 0.094080 s
currentSize : 18 <-- 0.226842 s
currentSize : 19 <-- 12.544395 s
currentSize : 20 <-- 243.144882 s

maxsize : 20
nodes : 93466812.000000
filtered : 3028819451.000000
time : 907.809509
