Parameters: GAD=1 vflib=1 dir=0 label=0 lowerbound=1 fileNameGp=../graphsdb/mcs30/bvg/b06/mcs30_b06_s35.A96 fileNameGt=../graphsdb/mcs30/bvg/b06/mcs30_b06_s35.B96
Reading graphs...
35 :  104
35 :  100
Initializing...
maxdom : 35
D->valSize : 1225
Solving...
currentSize : 11 <-- 0.020030 s
currentSize : 12 <-- 0.020072 s
currentSize : 13 <-- 0.021432 s
currentSize : 14 <-- 0.039610 s
currentSize : 15 <-- 0.040261 s
currentSize : 16 <-- 0.048055 s
currentSize : 17 <-- 0.073921 s
currentSize : 18 <-- 0.890502 s
currentSize : 19 <-- 9.071145 s
currentSize : 20 <-- 12.340771 s
currentSize : 21 <-- 363.851074 s

maxsize : 21
nodes : 188268534.000000
filtered : 6210117353.000000
time : 2510.232910
