Parameters: GAD=1 vflib=1 dir=0 label=0 lowerbound=1 fileNameGp=../graphsdb/mcs30/bvg/b03m/mcs30_b03m_s25.A16 fileNameGt=../graphsdb/mcs30/bvg/b03m/mcs30_b03m_s25.B16
Reading graphs...
25 :  36
25 :  36
Initializing...
maxdom : 25
D->valSize : 625
Solving...
currentSize : 10 <-- 0.005453 s
currentSize : 11 <-- 0.005549 s
currentSize : 12 <-- 0.005585 s
currentSize : 14 <-- 0.005739 s
currentSize : 15 <-- 0.006937 s
currentSize : 16 <-- 1.867728 s

maxsize : 16
nodes : 4509222.000000
filtered : 61870224.000000
time : 35.448009
