Parameters: GAD=1 vflib=1 dir=0 label=0 lowerbound=1 fileNameGp=../graphsdb/mcs30/rand/r01/mcs30_r01_s35.A09 fileNameGt=../graphsdb/mcs30/rand/r01/mcs30_r01_s35.B09
Reading graphs...
35 :  112
35 :  113
Initializing...
maxdom : 35
D->valSize : 1225
Solving...
currentSize : 12 <-- 0.018803 s
currentSize : 13 <-- 0.018821 s
currentSize : 14 <-- 0.018887 s
currentSize : 15 <-- 0.019527 s
currentSize : 16 <-- 0.021105 s
currentSize : 17 <-- 0.077313 s
currentSize : 18 <-- 0.126460 s
currentSize : 19 <-- 1.267974 s
currentSize : 20 <-- 2493.518066 s

TIMEOUT
maxsize : 20
nodes : 456859986.000000
filtered : 10348538072.000000
time : 3600.000000
