Parameters: GAD=1 vflib=1 dir=0 label=0 lowerbound=1 fileNameGp=../graphsdb/mcs30/m3D/m3Dr2/mcs30_m3Dr2_s30.A20 fileNameGt=../graphsdb/mcs30/m3D/m3Dr2/mcs30_m3Dr2_s30.B20
Reading graphs...
30 :  62
30 :  66
Initializing...
maxdom : 30
D->valSize : 900
Solving...
currentSize : 13 <-- 0.010572 s
currentSize : 14 <-- 0.010598 s
currentSize : 15 <-- 0.010609 s
currentSize : 16 <-- 0.012179 s
currentSize : 17 <-- 0.014772 s
currentSize : 18 <-- 0.112000 s
currentSize : 19 <-- 0.268773 s
currentSize : 20 <-- 2.637376 s
currentSize : 21 <-- 47.506779 s

maxsize : 21
nodes : 6828322.000000
filtered : 211188406.000000
time : 88.490662
