Parameters: GAD=1 vflib=1 dir=0 label=0 lowerbound=1 fileNameGp=../graphsdb/mcs30/bvg/b06m/mcs30_b06m_s35.A48 fileNameGt=../graphsdb/mcs30/bvg/b06m/mcs30_b06m_s35.B48
Reading graphs...
35 :  100
35 :  103
Initializing...
maxdom : 35
D->valSize : 1225
Solving...
currentSize : 12 <-- 0.025007 s
currentSize : 14 <-- 0.025224 s
currentSize : 15 <-- 0.025257 s
currentSize : 16 <-- 0.027361 s
currentSize : 17 <-- 0.032207 s
currentSize : 18 <-- 0.110794 s
currentSize : 19 <-- 0.114347 s
currentSize : 20 <-- 6.504535 s
currentSize : 21 <-- 110.742851 s

maxsize : 21
nodes : 205940706.000000
filtered : 6681555883.000000
time : 2877.379883
