Parameters: GAD=1 vflib=1 dir=0 label=0 lowerbound=1 fileNameGp=../graphsdb/mcs30/rand/r005/mcs30_r005_s20.A54 fileNameGt=../graphsdb/mcs30/rand/r005/mcs30_r005_s20.B54
Reading graphs...
20 :  23
20 :  23
Initializing...
maxdom : 20
D->valSize : 400
Solving...
currentSize : 8 <-- 0.003930 s
currentSize : 12 <-- 0.003966 s
currentSize : 13 <-- 0.031503 s
currentSize : 14 <-- 0.152149 s
currentSize : 15 <-- 0.158086 s
currentSize : 16 <-- 0.402131 s

maxsize : 16
nodes : 30101.000000
filtered : 422231.000000
time : 0.493355
