Parameters: GAD=1 vflib=1 dir=0 label=0 lowerbound=1 fileNameGp=../graphsdb/mcs30/bvg/b03/mcs30_b03_s25.A03 fileNameGt=../graphsdb/mcs30/bvg/b03/mcs30_b03_s25.B03
Reading graphs...
25 :  35
25 :  35
Initializing...
maxdom : 25
D->valSize : 625
Solving...
currentSize : 12 <-- 0.009371 s
currentSize : 13 <-- 0.010498 s
currentSize : 14 <-- 0.021122 s
currentSize : 15 <-- 0.033906 s
currentSize : 16 <-- 0.035174 s
currentSize : 17 <-- 0.081112 s
currentSize : 18 <-- 1.816565 s

maxsize : 18
nodes : 653220.000000
filtered : 11903233.000000
time : 9.705081
