Parameters: GAD=1 vflib=1 dir=0 label=0 lowerbound=1 fileNameGp=../graphsdb/mcs30/m3D/m3D/mcs30_m3D_s30.A44 fileNameGt=../graphsdb/mcs30/m3D/m3D/mcs30_m3D_s30.B44
Reading graphs...
30 :  59
30 :  61
Initializing...
maxdom : 30
D->valSize : 900
Solving...
currentSize : 14 <-- 0.010685 s
currentSize : 15 <-- 0.010774 s
currentSize : 16 <-- 0.010961 s
currentSize : 17 <-- 0.011929 s
currentSize : 18 <-- 0.015167 s
currentSize : 19 <-- 0.199136 s
currentSize : 20 <-- 10.809464 s

maxsize : 20
nodes : 11709665.000000
filtered : 342526345.000000
time : 209.963882
