Parameters: GAD=1 vflib=1 dir=0 label=0 lowerbound=1 fileNameGp=../graphsdb/mcs30/m3D/m3Dr4/mcs30_m3Dr4_s30.A58 fileNameGt=../graphsdb/mcs30/m3D/m3Dr4/mcs30_m3Dr4_s30.B58
Reading graphs...
30 :  69
30 :  69
Initializing...
maxdom : 30
D->valSize : 900
Solving...
currentSize : 14 <-- 0.015130 s
currentSize : 16 <-- 0.017100 s
currentSize : 17 <-- 0.020473 s
currentSize : 18 <-- 0.051312 s
currentSize : 19 <-- 0.132895 s
currentSize : 20 <-- 1.740371 s

maxsize : 20
nodes : 4198828.000000
filtered : 137727622.000000
time : 56.215672
