Parameters: GAD=1 vflib=1 dir=0 label=0 lowerbound=1 fileNameGp=../graphsdb/mcs30/rand/r02/mcs30_r02_s30.A84 fileNameGt=../graphsdb/mcs30/rand/r02/mcs30_r02_s30.B84
Reading graphs...
30 :  154
30 :  153
Initializing...
maxdom : 30
D->valSize : 900
Solving...
currentSize : 9 <-- 0.009399 s
currentSize : 10 <-- 0.009452 s
currentSize : 11 <-- 0.009540 s
currentSize : 12 <-- 0.019824 s
currentSize : 13 <-- 0.020648 s
currentSize : 14 <-- 3.067942 s

maxsize : 14
nodes : 100418808.000000
filtered : 1379381627.000000
time : 483.985504
