Parameters: GAD=1 vflib=1 dir=0 label=0 lowerbound=1 fileNameGp=../graphsdb/mcs30/bvg/b06/mcs30_b06_s30.A26 fileNameGt=../graphsdb/mcs30/bvg/b06/mcs30_b06_s30.B26
Reading graphs...
30 :  89
30 :  88
Initializing...
maxdom : 30
D->valSize : 900
Solving...
currentSize : 13 <-- 0.017867 s
currentSize : 14 <-- 0.024532 s
currentSize : 15 <-- 0.034182 s
currentSize : 16 <-- 0.047212 s
currentSize : 17 <-- 0.940524 s
currentSize : 18 <-- 19.457668 s

maxsize : 18
nodes : 16990725.000000
filtered : 433717307.000000
time : 165.804443
