Parameters: GAD=1 vflib=1 dir=0 label=0 lowerbound=1 fileNameGp=../graphsdb/mcs30/bvg/b03m/mcs30_b03m_s30.A25 fileNameGt=../graphsdb/mcs30/bvg/b03m/mcs30_b03m_s30.B25
Reading graphs...
30 :  44
30 :  44
Initializing...
maxdom : 30
D->valSize : 900
Solving...
currentSize : 15 <-- 0.011184 s
currentSize : 16 <-- 0.011277 s
currentSize : 17 <-- 0.038308 s
currentSize : 18 <-- 0.078175 s
currentSize : 19 <-- 3.220176 s
currentSize : 20 <-- 46.692490 s

maxsize : 20
nodes : 24826184.000000
filtered : 485052956.000000
time : 380.883118
