Parameters: GAD=1 vflib=1 dir=0 label=0 lowerbound=1 fileNameGp=../graphsdb/mcs30/bvg/b03m/mcs30_b03m_s20.A41 fileNameGt=../graphsdb/mcs30/bvg/b03m/mcs30_b03m_s20.B41
Reading graphs...
20 :  28
20 :  29
Initializing...
maxdom : 20
D->valSize : 400
Solving...
currentSize : 7 <-- 0.002543 s
currentSize : 10 <-- 0.002565 s
currentSize : 11 <-- 0.002868 s
currentSize : 12 <-- 0.003069 s
currentSize : 14 <-- 0.063979 s
currentSize : 15 <-- 0.104321 s

maxsize : 15
nodes : 32772.000000
filtered : 591814.000000
time : 0.374308
