Parameters: GAD=1 vflib=1 dir=0 label=0 lowerbound=1 fileNameGp=../graphsdb/mcs30/bvg/b03/mcs30_b03_s30.A46 fileNameGt=../graphsdb/mcs30/bvg/b03/mcs30_b03_s30.B46
Reading graphs...
30 :  45
30 :  45
Initializing...
maxdom : 30
D->valSize : 900
Solving...
currentSize : 12 <-- 0.019132 s
currentSize : 17 <-- 0.019186 s
currentSize : 18 <-- 0.132870 s
currentSize : 19 <-- 0.338663 s
currentSize : 20 <-- 2.606922 s
currentSize : 21 <-- 21.195324 s
currentSize : 22 <-- 43.723438 s

maxsize : 22
nodes : 4550036.000000
filtered : 109266591.000000
time : 81.745880
