Parameters: GAD=1 vflib=1 dir=0 label=0 lowerbound=1 fileNameGp=../graphsdb/mcs30/rand/r01/mcs30_r01_s30.A78 fileNameGt=../graphsdb/mcs30/rand/r01/mcs30_r01_s30.B78
Reading graphs...
30 :  83
30 :  86
Initializing...
maxdom : 30
D->valSize : 900
Solving...
currentSize : 13 <-- 0.017877 s
currentSize : 14 <-- 0.017938 s
currentSize : 15 <-- 0.018296 s
currentSize : 16 <-- 0.019412 s
currentSize : 17 <-- 0.030557 s
currentSize : 18 <-- 29.163609 s

maxsize : 18
nodes : 30262865.000000
filtered : 771738234.000000
time : 267.025238
