Parameters: GAD=1 vflib=1 dir=0 label=0 lowerbound=1 fileNameGp=../graphsdb/mcs30/bvg/b03/mcs30_b03_s35.A83 fileNameGt=../graphsdb/mcs30/bvg/b03/mcs30_b03_s35.B83
Reading graphs...
35 :  51
35 :  52
Initializing...
maxdom : 35
D->valSize : 1225
Solving...
currentSize : 17 <-- 0.020833 s
currentSize : 18 <-- 0.020879 s
currentSize : 19 <-- 0.022092 s
currentSize : 20 <-- 0.508591 s
currentSize : 21 <-- 0.512498 s
currentSize : 22 <-- 14.698031 s
currentSize : 23 <-- 84.557487 s

TIMEOUT
maxsize : 23
nodes : 243142847.000000
filtered : 3692754325.000000
time : 3600.000000
