Parameters: GAD=1 vflib=1 dir=0 label=0 lowerbound=1 fileNameGp=../graphsdb/mcs30/m2D/m2Dr2/mcs30_m2Dr2_s30.A42 fileNameGt=../graphsdb/mcs30/m2D/m2Dr2/mcs30_m2Dr2_s30.B42
Reading graphs...
30 :  55
30 :  53
Initializing...
maxdom : 30
D->valSize : 900
Solving...
currentSize : 14 <-- 0.011001 s
currentSize : 15 <-- 0.011035 s
currentSize : 16 <-- 0.012776 s
currentSize : 17 <-- 0.017042 s
currentSize : 18 <-- 2.755606 s
currentSize : 19 <-- 4.359760 s
currentSize : 20 <-- 9.796158 s
currentSize : 21 <-- 10.907022 s

maxsize : 21
nodes : 4607257.000000
filtered : 132969394.000000
time : 65.630943
