Parameters: GAD=1 vflib=1 dir=0 label=0 lowerbound=1 fileNameGp=../graphsdb/mcs30/rand/r01/mcs30_r01_s25.A65 fileNameGt=../graphsdb/mcs30/rand/r01/mcs30_r01_s25.B65
Reading graphs...
25 :  60
25 :  60
Initializing...
maxdom : 25
D->valSize : 625
Solving...
currentSize : 10 <-- 0.008661 s
currentSize : 11 <-- 0.008857 s
currentSize : 12 <-- 0.011627 s
currentSize : 13 <-- 0.012335 s
currentSize : 14 <-- 0.012790 s
currentSize : 15 <-- 0.193473 s
currentSize : 16 <-- 0.327817 s

maxsize : 16
nodes : 1560557.000000
filtered : 37057672.000000
time : 12.999950
