Parameters: GAD=1 vflib=1 dir=0 label=0 lowerbound=1 fileNameGp=../graphsdb/mcs30/m3D/m3D/mcs30_m3D_s30.A58 fileNameGt=../graphsdb/mcs30/m3D/m3D/mcs30_m3D_s30.B58
Reading graphs...
30 :  59
30 :  60
Initializing...
maxdom : 30
D->valSize : 900
Solving...
currentSize : 13 <-- 0.010770 s
currentSize : 14 <-- 0.011824 s
currentSize : 15 <-- 0.012706 s
currentSize : 16 <-- 0.022215 s
currentSize : 17 <-- 0.058514 s
currentSize : 18 <-- 0.343720 s
currentSize : 19 <-- 4.099746 s
currentSize : 20 <-- 31.618347 s

maxsize : 20
nodes : 9959368.000000
filtered : 281795325.000000
time : 150.861374
