Parameters: GAD=1 vflib=1 dir=0 label=0 lowerbound=1 fileNameGp=../graphsdb/mcs30/bvg/b06m/mcs30_b06m_s30.A58 fileNameGt=../graphsdb/mcs30/bvg/b06m/mcs30_b06m_s30.B58
Reading graphs...
30 :  85
30 :  83
Initializing...
maxdom : 30
D->valSize : 900
Solving...
currentSize : 12 <-- 0.010380 s
currentSize : 14 <-- 0.010416 s
currentSize : 15 <-- 0.011185 s
currentSize : 16 <-- 0.079090 s
currentSize : 17 <-- 2.132464 s
currentSize : 18 <-- 7.123540 s

maxsize : 18
nodes : 24233163.000000
filtered : 631050183.000000
time : 221.337952
