Parameters: GAD=1 vflib=1 dir=0 label=0 lowerbound=1 fileNameGp=../graphsdb/mcs30/rand/r005/mcs30_r005_s35.A22 fileNameGt=../graphsdb/mcs30/rand/r005/mcs30_r005_s35.B22
Reading graphs...
35 :  64
35 :  64
Initializing...
maxdom : 35
D->valSize : 1225
Solving...
currentSize : 16 <-- 0.020670 s
currentSize : 17 <-- 0.020693 s
currentSize : 18 <-- 0.020750 s
currentSize : 19 <-- 0.023371 s
currentSize : 20 <-- 0.038494 s
currentSize : 21 <-- 0.499974 s
currentSize : 22 <-- 4.176380 s
currentSize : 23 <-- 14.020754 s
currentSize : 24 <-- 108.454887 s

maxsize : 24
nodes : 107077353.000000
filtered : 3713263184.000000
time : 2111.516113
