Parameters: GAD=1 vflib=1 dir=0 label=0 lowerbound=1 fileNameGp=../graphsdb/mcs30/bvg/b06m/mcs30_b06m_s25.A65 fileNameGt=../graphsdb/mcs30/bvg/b06m/mcs30_b06m_s25.B65
Reading graphs...
25 :  72
25 :  70
Initializing...
maxdom : 25
D->valSize : 625
Solving...
currentSize : 10 <-- 0.004822 s
currentSize : 11 <-- 0.004858 s
currentSize : 12 <-- 0.006988 s
currentSize : 13 <-- 0.016861 s
currentSize : 14 <-- 0.591968 s
currentSize : 15 <-- 1.277874 s

maxsize : 15
nodes : 1627257.000000
filtered : 33479790.000000
time : 13.125380
