Parameters: GAD=1 vflib=1 dir=0 label=0 lowerbound=1 fileNameGp=../graphsdb/mcs30/rand/r005/mcs30_r005_s25.A71 fileNameGt=../graphsdb/mcs30/rand/r005/mcs30_r005_s25.B71
Reading graphs...
25 :  34
25 :  34
Initializing...
maxdom : 25
D->valSize : 625
Solving...
currentSize : 10 <-- 0.009463 s
currentSize : 13 <-- 0.009503 s
currentSize : 14 <-- 0.009836 s
currentSize : 15 <-- 0.012148 s
currentSize : 16 <-- 0.012625 s
currentSize : 17 <-- 1.273242 s
currentSize : 18 <-- 1.424978 s
currentSize : 19 <-- 2.746306 s

maxsize : 19
nodes : 289822.000000
filtered : 6093417.000000
time : 4.929252
