Parameters: GAD=1 vflib=1 dir=0 label=0 lowerbound=1 fileNameGp=../graphsdb/mcs30/bvg/b09m/mcs30_b09m_s35.A21 fileNameGt=../graphsdb/mcs30/bvg/b09m/mcs30_b09m_s35.B21
Reading graphs...
35 :  144
35 :  142
Initializing...
maxdom : 35
D->valSize : 1225
Solving...
currentSize : 13 <-- 0.018574 s
currentSize : 14 <-- 0.018727 s
currentSize : 15 <-- 0.020052 s
currentSize : 16 <-- 0.044762 s
currentSize : 17 <-- 0.193836 s
currentSize : 18 <-- 12.335094 s
currentSize : 19 <-- 142.011124 s

maxsize : 19
nodes : 196283605.000000
filtered : 5636962502.000000
time : 1643.348755
