Parameters: GAD=1 vflib=1 dir=0 label=0 lowerbound=1 fileNameGp=../graphsdb/mcs30/bvg/b03/mcs30_b03_s30.A76 fileNameGt=../graphsdb/mcs30/bvg/b03/mcs30_b03_s30.B76
Reading graphs...
30 :  45
30 :  45
Initializing...
maxdom : 30
D->valSize : 900
Solving...
currentSize : 9 <-- 0.011151 s
currentSize : 14 <-- 0.011207 s
currentSize : 15 <-- 0.011320 s
currentSize : 16 <-- 0.014018 s
currentSize : 17 <-- 0.146532 s
currentSize : 18 <-- 0.506406 s
currentSize : 21 <-- 1.327922 s

maxsize : 21
nodes : 5502101.000000
filtered : 139052565.000000
time : 98.997040
