Parameters: GAD=1 vflib=1 dir=0 label=0 lowerbound=1 fileNameGp=../graphsdb/mcs30/bvg/b06/mcs30_b06_s35.A86 fileNameGt=../graphsdb/mcs30/bvg/b06/mcs30_b06_s35.B86
Reading graphs...
35 :  103
35 :  104
Initializing...
maxdom : 35
D->valSize : 1225
Solving...
currentSize : 13 <-- 0.033825 s
currentSize : 14 <-- 0.033868 s
currentSize : 15 <-- 0.034029 s
currentSize : 16 <-- 0.034729 s
currentSize : 17 <-- 0.125503 s
currentSize : 18 <-- 0.345138 s
currentSize : 19 <-- 0.612524 s
currentSize : 20 <-- 22.389072 s
currentSize : 21 <-- 2946.914551 s

TIMEOUT
maxsize : 21
nodes : 288268682.000000
filtered : 8578895769.000000
time : 3600.000000
