Parameters: GAD=1 vflib=1 dir=0 label=0 lowerbound=1 fileNameGp=../graphsdb/mcs30/bvg/b03m/mcs30_b03m_s25.A73 fileNameGt=../graphsdb/mcs30/bvg/b03m/mcs30_b03m_s25.B73
Reading graphs...
25 :  36
25 :  35
Initializing...
maxdom : 25
D->valSize : 625
Solving...
currentSize : 10 <-- 0.005380 s
currentSize : 11 <-- 0.005396 s
currentSize : 14 <-- 0.005439 s
currentSize : 15 <-- 0.041150 s
currentSize : 16 <-- 1.156463 s
currentSize : 17 <-- 1.810826 s
currentSize : 18 <-- 2.013101 s

maxsize : 18
nodes : 457041.000000
filtered : 7777174.000000
time : 5.937152
