Parameters: GAD=1 vflib=1 dir=0 label=0 lowerbound=1 fileNameGp=../graphsdb/mcs30/bvg/b06m/mcs30_b06m_s35.A47 fileNameGt=../graphsdb/mcs30/bvg/b06m/mcs30_b06m_s35.B47
Reading graphs...
35 :  102
35 :  98
Initializing...
maxdom : 35
D->valSize : 1225
Solving...
currentSize : 16 <-- 0.019334 s
currentSize : 17 <-- 0.113957 s
currentSize : 18 <-- 0.326134 s
currentSize : 19 <-- 0.565859 s
currentSize : 20 <-- 3.606225 s
currentSize : 21 <-- 135.787949 s

maxsize : 21
nodes : 190024951.000000
filtered : 6493720623.000000
time : 2934.262939
