Parameters: GAD=1 vflib=1 dir=0 label=0 lowerbound=1 fileNameGp=../graphsdb/mcs30/bvg/b06m/mcs30_b06m_s35.A05 fileNameGt=../graphsdb/mcs30/bvg/b06m/mcs30_b06m_s35.B05
Reading graphs...
35 :  103
35 :  103
Initializing...
maxdom : 35
D->valSize : 1225
Solving...
currentSize : 13 <-- 0.019366 s
currentSize : 14 <-- 0.019423 s
currentSize : 15 <-- 0.019607 s
currentSize : 16 <-- 0.019741 s
currentSize : 17 <-- 0.019772 s
currentSize : 18 <-- 0.709955 s
currentSize : 19 <-- 1.086902 s
currentSize : 20 <-- 70.281288 s

TIMEOUT
maxsize : 20
nodes : 350595974.000000
filtered : 9830099369.000000
time : 3600.000000
