Parameters: GAD=1 vflib=1 dir=0 label=0 lowerbound=1 fileNameGp=../graphsdb/mcs30/rand/r005/mcs30_r005_s25.A04 fileNameGt=../graphsdb/mcs30/rand/r005/mcs30_r005_s25.B04
Reading graphs...
25 :  33
25 :  34
Initializing...
maxdom : 25
D->valSize : 625
Solving...
currentSize : 13 <-- 0.009404 s
currentSize : 14 <-- 0.009615 s
currentSize : 15 <-- 0.018124 s
currentSize : 16 <-- 0.103778 s
currentSize : 17 <-- 1.187314 s
currentSize : 19 <-- 2.687534 s

maxsize : 19
nodes : 370823.000000
filtered : 5198593.000000
time : 4.404482
