Parameters: GAD=1 vflib=1 dir=0 label=0 lowerbound=1 fileNameGp=../graphsdb/mcs30/bvg/b03m/mcs30_b03m_s25.A98 fileNameGt=../graphsdb/mcs30/bvg/b03m/mcs30_b03m_s25.B98
Reading graphs...
25 :  37
25 :  37
Initializing...
maxdom : 25
D->valSize : 625
Solving...
currentSize : 8 <-- 0.005301 s
currentSize : 10 <-- 0.005462 s
currentSize : 11 <-- 0.005490 s
currentSize : 13 <-- 0.007459 s
currentSize : 14 <-- 0.033729 s
currentSize : 15 <-- 0.035327 s
currentSize : 16 <-- 0.505519 s
currentSize : 17 <-- 0.506428 s

maxsize : 17
nodes : 1129292.000000
filtered : 20426864.000000
time : 14.030822
