Parameters: GAD=1 vflib=1 dir=0 label=0 lowerbound=1 fileNameGp=../graphsdb/mcs30/bvg/b06/mcs30_b06_s35.A73 fileNameGt=../graphsdb/mcs30/bvg/b06/mcs30_b06_s35.B73
Reading graphs...
35 :  104
35 :  103
Initializing...
maxdom : 35
D->valSize : 1225
Solving...
currentSize : 13 <-- 0.019974 s
currentSize : 14 <-- 0.020579 s
currentSize : 15 <-- 0.020882 s
currentSize : 16 <-- 0.022854 s
currentSize : 17 <-- 0.032659 s
currentSize : 18 <-- 0.184353 s
currentSize : 19 <-- 0.184433 s
currentSize : 20 <-- 729.381592 s

TIMEOUT
maxsize : 20
nodes : 344546382.000000
filtered : 9311653423.000000
time : 3600.000000
