Parameters: GAD=1 vflib=1 dir=0 label=0 lowerbound=1 fileNameGp=../graphsdb/mcs30/bvg/b06m/mcs30_b06m_s25.A06 fileNameGt=../graphsdb/mcs30/bvg/b06m/mcs30_b06m_s25.B06
Reading graphs...
25 :  70
25 :  70
Initializing...
maxdom : 25
D->valSize : 625
Solving...
currentSize : 10 <-- 0.008427 s
currentSize : 11 <-- 0.008963 s
currentSize : 12 <-- 0.010552 s
currentSize : 13 <-- 0.010582 s
currentSize : 14 <-- 0.014745 s
currentSize : 15 <-- 0.176182 s

maxsize : 15
nodes : 1186054.000000
filtered : 27656290.000000
time : 9.338464
