Parameters: GAD=1 vflib=1 dir=0 label=0 lowerbound=1 fileNameGp=../graphsdb/mcs30/m2D/m2D/mcs30_m2D_s30.A81 fileNameGt=../graphsdb/mcs30/m2D/m2D/mcs30_m2D_s30.B81
Reading graphs...
30 :  49
30 :  49
Initializing...
maxdom : 30
D->valSize : 900
Solving...
currentSize : 13 <-- 0.019448 s
currentSize : 15 <-- 0.019537 s
currentSize : 16 <-- 0.019872 s
currentSize : 17 <-- 0.021043 s
currentSize : 18 <-- 0.232986 s
currentSize : 19 <-- 3.629998 s
currentSize : 20 <-- 3.838416 s
currentSize : 21 <-- 40.384647 s

maxsize : 21
nodes : 7025562.000000
filtered : 202535702.000000
time : 171.784058
