Parameters: GAD=1 vflib=1 dir=0 label=0 lowerbound=1 fileNameGp=../graphsdb/mcs30/bvg/b06m/mcs30_b06m_s30.A44 fileNameGt=../graphsdb/mcs30/bvg/b06m/mcs30_b06m_s30.B44
Reading graphs...
30 :  84
30 :  85
Initializing...
maxdom : 30
D->valSize : 900
Solving...
currentSize : 12 <-- 0.017931 s
currentSize : 13 <-- 0.023577 s
currentSize : 14 <-- 0.029289 s
currentSize : 15 <-- 0.070419 s
currentSize : 16 <-- 0.157315 s
currentSize : 17 <-- 0.421409 s
currentSize : 18 <-- 4.324525 s

maxsize : 18
nodes : 24599469.000000
filtered : 677552560.000000
time : 304.544189
