Parameters: GAD=1 vflib=1 dir=0 label=0 lowerbound=1 fileNameGp=../graphsdb/mcs30/bvg/b03m/mcs30_b03m_s25.A03 fileNameGt=../graphsdb/mcs30/bvg/b03m/mcs30_b03m_s25.B03
Reading graphs...
25 :  36
25 :  37
Initializing...
maxdom : 25
D->valSize : 625
Solving...
currentSize : 11 <-- 0.005275 s
currentSize : 12 <-- 0.005523 s
currentSize : 13 <-- 0.008669 s
currentSize : 14 <-- 0.015280 s
currentSize : 15 <-- 0.017313 s
currentSize : 16 <-- 0.437525 s
currentSize : 17 <-- 1.860266 s
currentSize : 18 <-- 3.850597 s

maxsize : 18
nodes : 538690.000000
filtered : 9758124.000000
time : 8.123959
