Parameters: GAD=1 vflib=1 dir=0 label=0 lowerbound=1 fileNameGp=../graphsdb/mcs30/bvg/b06m/mcs30_b06m_s35.A69 fileNameGt=../graphsdb/mcs30/bvg/b06m/mcs30_b06m_s35.B69
Reading graphs...
35 :  102
35 :  100
Initializing...
maxdom : 35
D->valSize : 1225
Solving...
currentSize : 16 <-- 0.019372 s
currentSize : 17 <-- 0.064748 s
currentSize : 18 <-- 0.068916 s
currentSize : 19 <-- 0.235996 s
currentSize : 20 <-- 5.770871 s
currentSize : 21 <-- 269.847137 s
currentSize : 22 <-- 1276.025635 s

maxsize : 22
nodes : 134844299.000000
filtered : 4650411038.000000
time : 1798.663086
