Parameters: GAD=1 vflib=1 dir=0 label=0 lowerbound=1 fileNameGp=../graphsdb/mcs30/bvg/b03/mcs30_b03_s30.A88 fileNameGt=../graphsdb/mcs30/bvg/b03/mcs30_b03_s30.B88
Reading graphs...
30 :  45
30 :  45
Initializing...
maxdom : 30
D->valSize : 900
Solving...
currentSize : 11 <-- 0.011197 s
currentSize : 12 <-- 0.011675 s
currentSize : 13 <-- 0.012063 s
currentSize : 14 <-- 0.013391 s
currentSize : 15 <-- 0.019272 s
currentSize : 16 <-- 0.022033 s
currentSize : 17 <-- 0.188718 s
currentSize : 18 <-- 0.214869 s
currentSize : 19 <-- 0.276787 s
currentSize : 20 <-- 4.622447 s
currentSize : 21 <-- 48.334747 s

maxsize : 21
nodes : 8412676.000000
filtered : 224459769.000000
time : 182.082336
