Parameters: GAD=1 vflib=1 dir=0 label=0 lowerbound=1 fileNameGp=../graphsdb/mcs30/m2D/m2Dr6/mcs30_m2Dr6_s30.A50 fileNameGt=../graphsdb/mcs30/m2D/m2Dr6/mcs30_m2Dr6_s30.B50
Reading graphs...
30 :  64
30 :  63
Initializing...
maxdom : 30
D->valSize : 900
Solving...
currentSize : 13 <-- 0.010658 s
currentSize : 14 <-- 0.010778 s
currentSize : 16 <-- 0.014575 s
currentSize : 17 <-- 0.026786 s
currentSize : 18 <-- 1.308992 s
currentSize : 19 <-- 2.597366 s
currentSize : 20 <-- 53.788200 s

maxsize : 20
nodes : 10536572.000000
filtered : 303875959.000000
time : 170.343323
