Parameters: GAD=1 vflib=1 dir=0 label=0 lowerbound=1 fileNameGp=../graphsdb/mcs30/bvg/b06m/mcs30_b06m_s35.A28 fileNameGt=../graphsdb/mcs30/bvg/b06m/mcs30_b06m_s35.B28
Reading graphs...
35 :  98
35 :  100
Initializing...
maxdom : 35
D->valSize : 1225
Solving...
currentSize : 14 <-- 0.019309 s
currentSize : 16 <-- 0.019369 s
currentSize : 17 <-- 0.019848 s
currentSize : 18 <-- 0.020959 s
currentSize : 19 <-- 0.071294 s
currentSize : 20 <-- 9.748200 s
currentSize : 21 <-- 19.869097 s

maxsize : 21
nodes : 218058778.000000
filtered : 6759107999.000000
time : 2674.209717
