Parameters: GAD=1 vflib=1 dir=0 label=0 lowerbound=1 fileNameGp=../graphsdb/mcs30/bvg/b06m/mcs30_b06m_s25.A46 fileNameGt=../graphsdb/mcs30/bvg/b06m/mcs30_b06m_s25.B46
Reading graphs...
25 :  70
25 :  69
Initializing...
maxdom : 25
D->valSize : 625
Solving...
currentSize : 10 <-- 0.008376 s
currentSize : 11 <-- 0.008723 s
currentSize : 12 <-- 0.009593 s
currentSize : 13 <-- 0.018428 s
currentSize : 14 <-- 0.033929 s
currentSize : 15 <-- 0.105419 s

maxsize : 15
nodes : 1694797.000000
filtered : 36683647.000000
time : 14.141008
