Parameters: GAD=1 vflib=1 dir=0 label=0 lowerbound=1 fileNameGp=../graphsdb/mcs30/m3D/m3D/mcs30_m3D_s30.A08 fileNameGt=../graphsdb/mcs30/m3D/m3D/mcs30_m3D_s30.B08
Reading graphs...
30 :  59
30 :  61
Initializing...
maxdom : 30
D->valSize : 900
Solving...
currentSize : 14 <-- 0.011049 s
currentSize : 15 <-- 0.011107 s
currentSize : 16 <-- 0.011138 s
currentSize : 17 <-- 0.051690 s
currentSize : 18 <-- 0.151954 s
currentSize : 19 <-- 0.390507 s
currentSize : 20 <-- 8.817997 s

maxsize : 20
nodes : 9445518.000000
filtered : 273070310.000000
time : 132.721207
