Parameters: GAD=1 vflib=1 dir=0 label=0 lowerbound=1 fileNameGp=../graphsdb/mcs30/m2D/m2D/mcs30_m2D_s30.A96 fileNameGt=../graphsdb/mcs30/m2D/m2D/mcs30_m2D_s30.B96
Reading graphs...
30 :  49
30 :  47
Initializing...
maxdom : 30
D->valSize : 900
Solving...
currentSize : 11 <-- 0.011040 s
currentSize : 14 <-- 0.011075 s
currentSize : 15 <-- 0.011355 s
currentSize : 16 <-- 0.014735 s
currentSize : 17 <-- 0.117954 s
currentSize : 18 <-- 0.574900 s
currentSize : 19 <-- 4.472253 s
currentSize : 20 <-- 7.049824 s
currentSize : 21 <-- 7.075869 s

maxsize : 21
nodes : 4537035.000000
filtered : 127596286.000000
time : 90.029076
