Parameters: GAD=1 vflib=1 dir=0 label=0 lowerbound=1 fileNameGp=../graphsdb/mcs30/rand/r01/mcs30_r01_s35.A98 fileNameGt=../graphsdb/mcs30/rand/r01/mcs30_r01_s35.B98
Reading graphs...
35 :  113
35 :  115
Initializing...
maxdom : 35
D->valSize : 1225
Solving...
currentSize : 11 <-- 0.033223 s
currentSize : 12 <-- 0.033277 s
currentSize : 14 <-- 0.034369 s
currentSize : 15 <-- 0.034384 s
currentSize : 16 <-- 0.051826 s
currentSize : 17 <-- 0.173496 s
currentSize : 18 <-- 0.233359 s
currentSize : 19 <-- 2.950365 s
currentSize : 20 <-- 18.997480 s

maxsize : 20
nodes : 248868908.000000
filtered : 7701076355.000000
time : 2922.939697
