Parameters: GAD=1 vflib=1 dir=0 label=0 lowerbound=1 fileNameGp=../graphsdb/mcs30/rand/r005/mcs30_r005_s35.A16 fileNameGt=../graphsdb/mcs30/rand/r005/mcs30_r005_s35.B16
Reading graphs...
35 :  64
35 :  64
Initializing...
maxdom : 35
D->valSize : 1225
Solving...
currentSize : 15 <-- 0.035659 s
currentSize : 16 <-- 0.035853 s
currentSize : 17 <-- 0.035911 s
currentSize : 18 <-- 0.035990 s
currentSize : 19 <-- 0.078548 s
currentSize : 20 <-- 0.472867 s
currentSize : 21 <-- 1.069806 s
currentSize : 22 <-- 10.339947 s
currentSize : 23 <-- 145.000885 s
currentSize : 24 <-- 1304.472778 s

TIMEOUT
maxsize : 24
nodes : 152778054.000000
filtered : 4803679237.000000
time : 3600.000977
