Parameters: GAD=1 vflib=1 dir=0 label=0 lowerbound=1 fileNameGp=../graphsdb/mcs30/rand/r005/mcs30_r005_s30.A65 fileNameGt=../graphsdb/mcs30/rand/r005/mcs30_r005_s30.B65
Reading graphs...
30 :  47
30 :  46
Initializing...
maxdom : 30
D->valSize : 900
Solving...
currentSize : 14 <-- 0.019701 s
currentSize : 15 <-- 0.020616 s
currentSize : 16 <-- 0.022204 s
currentSize : 17 <-- 0.102069 s
currentSize : 18 <-- 0.930376 s
currentSize : 19 <-- 21.290918 s
currentSize : 20 <-- 29.159224 s
currentSize : 21 <-- 59.734913 s
currentSize : 22 <-- 68.233788 s

maxsize : 22
nodes : 8710215.000000
filtered : 165171365.000000
time : 92.264793
