Parameters: GAD=1 vflib=1 dir=0 label=0 lowerbound=1 fileNameGp=../graphsdb/mcs30/rand/r02/mcs30_r02_s25.A76 fileNameGt=../graphsdb/mcs30/rand/r02/mcs30_r02_s25.B76
Reading graphs...
25 :  104
25 :  106
Initializing...
maxdom : 25
D->valSize : 625
Solving...
currentSize : 8 <-- 0.007692 s
currentSize : 9 <-- 0.007738 s
currentSize : 10 <-- 0.007987 s
currentSize : 11 <-- 0.008714 s
currentSize : 12 <-- 0.009545 s
currentSize : 13 <-- 0.113153 s
currentSize : 14 <-- 18.617100 s

maxsize : 14
nodes : 4595404.000000
filtered : 64325140.000000
time : 21.656086
