Parameters: GAD=1 vflib=1 dir=0 label=0 lowerbound=1 fileNameGp=../graphsdb/mcs30/bvg/b03/mcs30_b03_s35.A70 fileNameGt=../graphsdb/mcs30/bvg/b03/mcs30_b03_s35.B70
Reading graphs...
35 :  52
35 :  51
Initializing...
maxdom : 35
D->valSize : 1225
Solving...
currentSize : 11 <-- 0.021250 s
currentSize : 14 <-- 0.021288 s
currentSize : 16 <-- 0.022352 s
currentSize : 17 <-- 0.022563 s
currentSize : 18 <-- 0.432460 s
currentSize : 19 <-- 0.440910 s
currentSize : 20 <-- 7.467030 s
currentSize : 21 <-- 18.440525 s
currentSize : 22 <-- 36.369728 s
currentSize : 23 <-- 386.882446 s
currentSize : 24 <-- 498.091583 s
currentSize : 25 <-- 665.857544 s

maxsize : 25
nodes : 91254778.000000
filtered : 2391637060.000000
time : 2872.940918
