Parameters: GAD=1 vflib=1 dir=0 label=0 lowerbound=1 fileNameGp=../graphsdb/mcs30/bvg/b03/mcs30_b03_s20.A70 fileNameGt=../graphsdb/mcs30/bvg/b03/mcs30_b03_s20.B70
Reading graphs...
20 :  30
20 :  30
Initializing...
maxdom : 20
D->valSize : 400
Solving...
currentSize : 2 <-- 0.002219 s
currentSize : 6 <-- 0.002251 s
currentSize : 7 <-- 0.002275 s
currentSize : 9 <-- 0.002289 s
currentSize : 10 <-- 0.002296 s
currentSize : 11 <-- 0.004094 s
currentSize : 12 <-- 0.011255 s
currentSize : 13 <-- 0.047330 s

maxsize : 13
nodes : 160774.000000
filtered : 2130648.000000
time : 1.004418
