Parameters: GAD=1 vflib=1 dir=0 label=0 lowerbound=1 fileNameGp=../graphsdb/mcs30/m3D/m3Dr2/mcs30_m3Dr2_s30.A59 fileNameGt=../graphsdb/mcs30/m3D/m3Dr2/mcs30_m3Dr2_s30.B59
Reading graphs...
30 :  65
30 :  67
Initializing...
maxdom : 30
D->valSize : 900
Solving...
currentSize : 12 <-- 0.010758 s
currentSize : 13 <-- 0.010788 s
currentSize : 14 <-- 0.010917 s
currentSize : 15 <-- 0.012126 s
currentSize : 16 <-- 0.012648 s
currentSize : 17 <-- 0.014999 s
currentSize : 18 <-- 0.621887 s
currentSize : 19 <-- 4.108396 s
currentSize : 20 <-- 64.517639 s

maxsize : 20
nodes : 17281543.000000
filtered : 471552410.000000
time : 194.184937
