Parameters: GAD=1 vflib=1 dir=0 label=0 lowerbound=1 fileNameGp=../graphsdb/mcs30/m3D/m3Dr2/mcs30_m3Dr2_s30.A72 fileNameGt=../graphsdb/mcs30/m3D/m3Dr2/mcs30_m3Dr2_s30.B72
Reading graphs...
30 :  67
30 :  66
Initializing...
maxdom : 30
D->valSize : 900
Solving...
currentSize : 14 <-- 0.018060 s
currentSize : 15 <-- 0.022425 s
currentSize : 16 <-- 0.033254 s
currentSize : 17 <-- 0.037261 s
currentSize : 18 <-- 1.832438 s
currentSize : 19 <-- 19.665760 s
currentSize : 20 <-- 91.869759 s

maxsize : 20
nodes : 10177951.000000
filtered : 291969981.000000
time : 140.682251
