Parameters: GAD=1 vflib=1 dir=0 label=0 lowerbound=1 fileNameGp=../graphsdb/mcs30/rand/r005/mcs30_r005_s30.A20 fileNameGt=../graphsdb/mcs30/rand/r005/mcs30_r005_s30.B20
Reading graphs...
30 :  47
30 :  48
Initializing...
maxdom : 30
D->valSize : 900
Solving...
currentSize : 12 <-- 0.019397 s
currentSize : 13 <-- 0.019504 s
currentSize : 16 <-- 0.022883 s
currentSize : 17 <-- 0.099058 s
currentSize : 18 <-- 1.099162 s
currentSize : 19 <-- 1.107094 s
currentSize : 21 <-- 8.801107 s
currentSize : 22 <-- 34.037815 s

maxsize : 22
nodes : 3073536.000000
filtered : 83910990.000000
time : 65.806953
