Parameters: GAD=1 vflib=1 dir=0 label=0 lowerbound=1 fileNameGp=../graphsdb/mcs30/bvg/b06/mcs30_b06_s25.A90 fileNameGt=../graphsdb/mcs30/bvg/b06/mcs30_b06_s25.B90
Reading graphs...
25 :  69
25 :  72
Initializing...
maxdom : 25
D->valSize : 625
Solving...
currentSize : 8 <-- 0.004881 s
currentSize : 9 <-- 0.004915 s
currentSize : 10 <-- 0.005269 s
currentSize : 11 <-- 0.006773 s
currentSize : 12 <-- 0.007346 s
currentSize : 13 <-- 0.029414 s
currentSize : 14 <-- 0.142178 s
currentSize : 15 <-- 0.283025 s
currentSize : 16 <-- 0.497048 s

maxsize : 16
nodes : 588734.000000
filtered : 14010061.000000
time : 5.416273
