Parameters: GAD=1 vflib=1 dir=0 label=0 lowerbound=1 fileNameGp=../graphsdb/mcs30/rand/r02/mcs30_r02_s35.A45 fileNameGt=../graphsdb/mcs30/rand/r02/mcs30_r02_s35.B45
Reading graphs...
35 :  212
35 :  214
Initializing...
maxdom : 35
D->valSize : 1225
Solving...
currentSize : 10 <-- 0.017299 s
currentSize : 11 <-- 0.017337 s
currentSize : 12 <-- 0.017484 s
currentSize : 13 <-- 0.017900 s
currentSize : 14 <-- 0.225267 s
currentSize : 15 <-- 3.069785 s
currentSize : 16 <-- 1565.436890 s

maxsize : 16
nodes : 657463693.000000
filtered : 9845292803.000000
time : 3454.125732
