Parameters: GAD=1 vflib=1 dir=0 label=0 lowerbound=1 fileNameGp=../graphsdb/mcs30/rand/r02/mcs30_r02_s30.A59 fileNameGt=../graphsdb/mcs30/rand/r02/mcs30_r02_s30.B59
Reading graphs...
30 :  155
30 :  157
Initializing...
maxdom : 30
D->valSize : 900
Solving...
currentSize : 10 <-- 0.009348 s
currentSize : 11 <-- 0.009422 s
currentSize : 12 <-- 0.010135 s
currentSize : 13 <-- 0.027199 s
currentSize : 14 <-- 0.184856 s
currentSize : 15 <-- 351.950592 s

maxsize : 15
nodes : 85419390.000000
filtered : 1161584128.000000
time : 411.488800
