Parameters: GAD=1 vflib=1 dir=0 label=0 lowerbound=1 fileNameGp=../graphsdb/mcs30/m3D/m3Dr2/mcs30_m3Dr2_s30.A48 fileNameGt=../graphsdb/mcs30/m3D/m3Dr2/mcs30_m3Dr2_s30.B48
Reading graphs...
30 :  67
30 :  66
Initializing...
maxdom : 30
D->valSize : 900
Solving...
currentSize : 11 <-- 0.018588 s
currentSize : 12 <-- 0.018700 s
currentSize : 14 <-- 0.019289 s
currentSize : 15 <-- 0.019371 s
currentSize : 16 <-- 0.053990 s
currentSize : 17 <-- 0.145053 s
currentSize : 18 <-- 0.503799 s
currentSize : 19 <-- 11.006453 s
currentSize : 20 <-- 93.202782 s

maxsize : 20
nodes : 11948814.000000
filtered : 338240991.000000
time : 157.310577
