Parameters: GAD=1 vflib=1 dir=0 label=0 lowerbound=1 fileNameGp=../graphsdb/mcs30/bvg/b09/mcs30_b09_s35.A18 fileNameGt=../graphsdb/mcs30/bvg/b09/mcs30_b09_s35.B18
Reading graphs...
35 :  147
35 :  151
Initializing...
maxdom : 35
D->valSize : 1225
Solving...
currentSize : 14 <-- 0.022986 s
currentSize : 15 <-- 0.024227 s
currentSize : 16 <-- 0.024936 s
currentSize : 17 <-- 0.088344 s
currentSize : 18 <-- 0.373629 s
currentSize : 19 <-- 5.450449 s
currentSize : 20 <-- 71.533981 s

maxsize : 20
nodes : 88714503.000000
filtered : 2954680450.000000
time : 764.517639
