Parameters: GAD=1 vflib=1 dir=0 label=0 lowerbound=1 fileNameGp=../graphsdb/mcs30/rand/r01/mcs30_r01_s25.A45 fileNameGt=../graphsdb/mcs30/rand/r01/mcs30_r01_s25.B45
Reading graphs...
25 :  59
25 :  59
Initializing...
maxdom : 25
D->valSize : 625
Solving...
currentSize : 11 <-- 0.008669 s
currentSize : 12 <-- 0.008800 s
currentSize : 13 <-- 0.010721 s
currentSize : 14 <-- 0.016035 s
currentSize : 15 <-- 0.565101 s
currentSize : 16 <-- 1.195905 s

maxsize : 16
nodes : 2089235.000000
filtered : 45750110.000000
time : 17.130737
