Parameters: GAD=1 vflib=1 dir=0 label=0 lowerbound=1 fileNameGp=../graphsdb/mcs30/m2D/m2Dr4/mcs30_m2Dr4_s30.A40 fileNameGt=../graphsdb/mcs30/m2D/m2Dr4/mcs30_m2Dr4_s30.B40
Reading graphs...
30 :  60
30 :  57
Initializing...
maxdom : 30
D->valSize : 900
Solving...
currentSize : 15 <-- 0.018799 s
currentSize : 16 <-- 0.019155 s
currentSize : 17 <-- 0.022803 s
currentSize : 18 <-- 0.771871 s
currentSize : 19 <-- 0.771910 s
currentSize : 20 <-- 20.054909 s
currentSize : 21 <-- 35.913849 s

maxsize : 21
nodes : 4445147.000000
filtered : 122778045.000000
time : 65.307579
