Parameters: GAD=1 vflib=1 dir=0 label=0 lowerbound=1 fileNameGp=../graphsdb/mcs30/m3D/m3Dr4/mcs30_m3Dr4_s30.A30 fileNameGt=../graphsdb/mcs30/m3D/m3Dr4/mcs30_m3Dr4_s30.B30
Reading graphs...
30 :  73
30 :  70
Initializing...
maxdom : 30
D->valSize : 900
Solving...
currentSize : 13 <-- 0.010418 s
currentSize : 14 <-- 0.010437 s
currentSize : 15 <-- 0.012233 s
currentSize : 16 <-- 0.067424 s
currentSize : 17 <-- 0.105918 s
currentSize : 18 <-- 2.667571 s
currentSize : 19 <-- 20.028772 s

maxsize : 19
nodes : 15077629.000000
filtered : 450031741.000000
time : 200.921310
