Parameters: GAD=1 vflib=1 dir=0 label=0 lowerbound=1 fileNameGp=../graphsdb/mcs30/bvg/b06/mcs30_b06_s25.A00 fileNameGt=../graphsdb/mcs30/bvg/b06/mcs30_b06_s25.B00
Reading graphs...
25 :  75
25 :  71
Initializing...
maxdom : 25
D->valSize : 625
Solving...
currentSize : 9 <-- 0.004821 s
currentSize : 10 <-- 0.004947 s
currentSize : 11 <-- 0.005337 s
currentSize : 12 <-- 0.006257 s
currentSize : 13 <-- 0.021747 s
currentSize : 14 <-- 0.108473 s
currentSize : 15 <-- 0.216824 s
currentSize : 16 <-- 3.484857 s

maxsize : 16
nodes : 865098.000000
filtered : 20715457.000000
time : 7.014678
