Parameters: GAD=1 vflib=1 dir=0 label=0 lowerbound=1 fileNameGp=../graphsdb/mcs30/rand/r01/mcs30_r01_s25.A28 fileNameGt=../graphsdb/mcs30/rand/r01/mcs30_r01_s25.B28
Reading graphs...
25 :  60
25 :  62
Initializing...
maxdom : 25
D->valSize : 625
Solving...
currentSize : 10 <-- 0.008500 s
currentSize : 11 <-- 0.008844 s
currentSize : 12 <-- 0.009630 s
currentSize : 13 <-- 0.009667 s
currentSize : 14 <-- 0.014494 s
currentSize : 15 <-- 0.069998 s
currentSize : 16 <-- 1.137216 s

maxsize : 16
nodes : 755829.000000
filtered : 19628590.000000
time : 7.902839
