Parameters: GAD=1 vflib=1 dir=0 label=0 lowerbound=1 fileNameGp=../graphsdb/mcs30/rand/r005/mcs30_r005_s30.A12 fileNameGt=../graphsdb/mcs30/rand/r005/mcs30_r005_s30.B12
Reading graphs...
30 :  46
30 :  47
Initializing...
maxdom : 30
D->valSize : 900
Solving...
currentSize : 13 <-- 0.015971 s
currentSize : 15 <-- 0.016143 s
currentSize : 16 <-- 0.016836 s
currentSize : 17 <-- 0.023662 s
currentSize : 18 <-- 0.024202 s
currentSize : 19 <-- 0.099048 s
currentSize : 20 <-- 3.546442 s
currentSize : 21 <-- 37.331295 s

maxsize : 21
nodes : 8747615.000000
filtered : 223235221.000000
time : 157.168030
