Parameters: GAD=1 vflib=1 dir=0 label=0 lowerbound=1 fileNameGp=../graphsdb/mcs30/rand/r01/mcs30_r01_s30.A39 fileNameGt=../graphsdb/mcs30/rand/r01/mcs30_r01_s30.B39
Reading graphs...
30 :  86
30 :  83
Initializing...
maxdom : 30
D->valSize : 900
Solving...
currentSize : 12 <-- 0.017697 s
currentSize : 13 <-- 0.017749 s
currentSize : 15 <-- 0.017877 s
currentSize : 16 <-- 0.024665 s
currentSize : 17 <-- 0.523094 s
currentSize : 18 <-- 13.843350 s
currentSize : 19 <-- 139.794418 s

maxsize : 19
nodes : 21002194.000000
filtered : 516515590.000000
time : 172.032227
