Parameters: GAD=1 vflib=1 dir=0 label=0 lowerbound=1 fileNameGp=../graphsdb/mcs30/bvg/b03/mcs30_b03_s20.A36 fileNameGt=../graphsdb/mcs30/bvg/b03/mcs30_b03_s20.B36
Reading graphs...
20 :  29
20 :  30
Initializing...
maxdom : 20
D->valSize : 400
Solving...
currentSize : 8 <-- 0.003865 s
currentSize : 10 <-- 0.003903 s
currentSize : 11 <-- 0.013877 s
currentSize : 12 <-- 0.014661 s
currentSize : 13 <-- 0.033004 s
currentSize : 15 <-- 0.092979 s

maxsize : 15
nodes : 28337.000000
filtered : 401389.000000
time : 0.211815
