Parameters: GAD=1 vflib=1 dir=0 label=0 lowerbound=1 fileNameGp=../graphsdb/mcs30/bvg/b03/mcs30_b03_s15.A75 fileNameGt=../graphsdb/mcs30/bvg/b03/mcs30_b03_s15.B75
Reading graphs...
15 :  21
15 :  21
Initializing...
maxdom : 15
D->valSize : 225
Solving...
currentSize : 5 <-- 0.000990 s
currentSize : 6 <-- 0.001007 s
currentSize : 8 <-- 0.001048 s
currentSize : 9 <-- 0.001107 s
currentSize : 10 <-- 0.002090 s
currentSize : 11 <-- 0.021499 s

maxsize : 11
nodes : 4946.000000
filtered : 59233.000000
time : 0.031039
