Parameters: GAD=1 vflib=1 dir=0 label=0 lowerbound=1 fileNameGp=../graphsdb/mcs30/bvg/b03/mcs30_b03_s30.A25 fileNameGt=../graphsdb/mcs30/bvg/b03/mcs30_b03_s30.B25
Reading graphs...
30 :  45
30 :  45
Initializing...
maxdom : 30
D->valSize : 900
Solving...
currentSize : 17 <-- 0.019503 s
currentSize : 18 <-- 0.255092 s
currentSize : 19 <-- 1.869564 s
currentSize : 20 <-- 1.869613 s
currentSize : 21 <-- 11.376352 s
currentSize : 22 <-- 115.748459 s

maxsize : 22
nodes : 7588171.000000
filtered : 181530687.000000
time : 166.777374
