Parameters: GAD=1 vflib=1 dir=0 label=0 lowerbound=1 fileNameGp=../graphsdb/mcs30/m3D/m3D/mcs30_m3D_s30.A36 fileNameGt=../graphsdb/mcs30/m3D/m3D/mcs30_m3D_s30.B36
Reading graphs...
30 :  59
30 :  60
Initializing...
maxdom : 30
D->valSize : 900
Solving...
currentSize : 12 <-- 0.010866 s
currentSize : 13 <-- 0.010900 s
currentSize : 15 <-- 0.010947 s
currentSize : 16 <-- 0.011025 s
currentSize : 17 <-- 0.013215 s
currentSize : 18 <-- 0.042253 s
currentSize : 19 <-- 0.158388 s
currentSize : 20 <-- 20.374296 s

maxsize : 20
nodes : 9596682.000000
filtered : 275928970.000000
time : 146.857773
