Parameters: GAD=1 vflib=1 dir=0 label=0 lowerbound=1 fileNameGp=../graphsdb/mcs30/bvg/b03m/mcs30_b03m_s35.A96 fileNameGt=../graphsdb/mcs30/bvg/b03m/mcs30_b03m_s35.B96
Reading graphs...
35 :  52
35 :  52
Initializing...
maxdom : 35
D->valSize : 1225
Solving...
currentSize : 16 <-- 0.021065 s
currentSize : 17 <-- 0.023958 s
currentSize : 18 <-- 0.031052 s
currentSize : 19 <-- 0.031100 s
currentSize : 20 <-- 0.051234 s
currentSize : 21 <-- 0.051345 s
currentSize : 22 <-- 11.605039 s
currentSize : 23 <-- 11.605066 s
currentSize : 24 <-- 447.771362 s
currentSize : 25 <-- 456.067566 s
currentSize : 26 <-- 871.062439 s

maxsize : 26
nodes : 38274442.000000
filtered : 972967694.000000
time : 1181.048462
