Parameters: GAD=1 vflib=1 dir=0 label=0 lowerbound=1 fileNameGp=../graphsdb/mcs30/m3D/m3Dr4/mcs30_m3Dr4_s25.A73 fileNameGt=../graphsdb/mcs30/m3D/m3Dr4/mcs30_m3Dr4_s25.B73
Reading graphs...
25 :  57
25 :  59
Initializing...
maxdom : 25
D->valSize : 625
Solving...
currentSize : 10 <-- 0.008748 s
currentSize : 11 <-- 0.009177 s
currentSize : 12 <-- 0.009211 s
currentSize : 13 <-- 0.009606 s
currentSize : 14 <-- 0.015681 s
currentSize : 15 <-- 0.202980 s
currentSize : 16 <-- 2.245887 s

maxsize : 16
nodes : 1482977.000000
filtered : 32544107.000000
time : 12.429699
