Parameters: GAD=1 vflib=1 dir=0 label=0 lowerbound=1 fileNameGp=../graphsdb/mcs30/m3D/m3Dr2/mcs30_m3Dr2_s30.A42 fileNameGt=../graphsdb/mcs30/m3D/m3Dr2/mcs30_m3Dr2_s30.B42
Reading graphs...
30 :  64
30 :  64
Initializing...
maxdom : 30
D->valSize : 900
Solving...
currentSize : 13 <-- 0.018920 s
currentSize : 15 <-- 0.018971 s
currentSize : 16 <-- 0.021276 s
currentSize : 17 <-- 0.048979 s
currentSize : 18 <-- 0.089060 s
currentSize : 19 <-- 1.027253 s
currentSize : 20 <-- 5.219681 s

maxsize : 20
nodes : 9457388.000000
filtered : 306454385.000000
time : 145.139282
