Parameters: GAD=1 vflib=1 dir=0 label=0 lowerbound=1 fileNameGp=../graphsdb/mcs30/bvg/b06m/mcs30_b06m_s25.A04 fileNameGt=../graphsdb/mcs30/bvg/b06m/mcs30_b06m_s25.B04
Reading graphs...
25 :  68
25 :  67
Initializing...
maxdom : 25
D->valSize : 625
Solving...
currentSize : 11 <-- 0.008387 s
currentSize : 12 <-- 0.009770 s
currentSize : 13 <-- 0.015292 s
currentSize : 14 <-- 0.022180 s
currentSize : 15 <-- 0.049806 s
currentSize : 16 <-- 0.889824 s

maxsize : 16
nodes : 564259.000000
filtered : 13675655.000000
time : 4.793358
