Parameters: GAD=1 vflib=1 dir=0 label=0 lowerbound=1 fileNameGp=../graphsdb/mcs30/m3D/m3Dr2/mcs30_m3Dr2_s30.A62 fileNameGt=../graphsdb/mcs30/m3D/m3Dr2/mcs30_m3Dr2_s30.B62
Reading graphs...
30 :  66
30 :  66
Initializing...
maxdom : 30
D->valSize : 900
Solving...
currentSize : 10 <-- 0.010763 s
currentSize : 11 <-- 0.010785 s
currentSize : 14 <-- 0.010833 s
currentSize : 15 <-- 0.012109 s
currentSize : 16 <-- 0.017207 s
currentSize : 17 <-- 0.018230 s
currentSize : 18 <-- 0.018257 s
currentSize : 19 <-- 5.058054 s
currentSize : 20 <-- 20.282881 s

maxsize : 20
nodes : 11370767.000000
filtered : 334510585.000000
time : 147.026459
