Parameters: GAD=1 vflib=1 dir=0 label=0 lowerbound=1 fileNameGp=../graphsdb/mcs30/rand/r005/mcs30_r005_s35.A14 fileNameGt=../graphsdb/mcs30/rand/r005/mcs30_r005_s35.B14
Reading graphs...
35 :  62
35 :  63
Initializing...
maxdom : 35
D->valSize : 1225
Solving...
currentSize : 18 <-- 0.036144 s
currentSize : 19 <-- 0.036170 s
currentSize : 20 <-- 0.036375 s
currentSize : 21 <-- 0.066199 s
currentSize : 22 <-- 5.789444 s
currentSize : 23 <-- 5.792103 s
currentSize : 24 <-- 2261.984863 s

TIMEOUT
maxsize : 24
nodes : 171253186.000000
filtered : 5148096884.000000
time : 3600.000244
