Parameters: GAD=1 vflib=1 dir=0 label=0 lowerbound=1 fileNameGp=../graphsdb/mcs30/m2D/m2Dr6/mcs30_m2Dr6_s30.A82 fileNameGt=../graphsdb/mcs30/m2D/m2Dr6/mcs30_m2Dr6_s30.B82
Reading graphs...
30 :  63
30 :  64
Initializing...
maxdom : 30
D->valSize : 900
Solving...
currentSize : 12 <-- 0.018761 s
currentSize : 13 <-- 0.019288 s
currentSize : 14 <-- 0.023086 s
currentSize : 15 <-- 0.115638 s
currentSize : 16 <-- 0.117475 s
currentSize : 17 <-- 0.334312 s
currentSize : 18 <-- 1.261611 s
currentSize : 19 <-- 18.584616 s
currentSize : 20 <-- 79.354492 s

maxsize : 20
nodes : 14230296.000000
filtered : 379293931.000000
time : 200.230179
