Parameters: GAD=1 vflib=1 dir=0 label=0 lowerbound=1 fileNameGp=../graphsdb/mcs30/bvg/b06m/mcs30_b06m_s30.A70 fileNameGt=../graphsdb/mcs30/bvg/b06m/mcs30_b06m_s30.B70
Reading graphs...
30 :  83
30 :  83
Initializing...
maxdom : 30
D->valSize : 900
Solving...
currentSize : 13 <-- 0.010333 s
currentSize : 14 <-- 0.010713 s
currentSize : 15 <-- 0.025531 s
currentSize : 16 <-- 0.142634 s
currentSize : 17 <-- 2.786021 s
currentSize : 18 <-- 38.570290 s

maxsize : 18
nodes : 30259453.000000
filtered : 783445350.000000
time : 315.484680
