Parameters: GAD=1 vflib=1 dir=0 label=0 lowerbound=1 fileNameGp=../graphsdb/mcs30/rand/r02/mcs30_r02_s20.A39 fileNameGt=../graphsdb/mcs30/rand/r02/mcs30_r02_s20.B39
Reading graphs...
20 :  71
20 :  69
Initializing...
maxdom : 20
D->valSize : 400
Solving...
currentSize : 7 <-- 0.003377 s
currentSize : 8 <-- 0.003414 s
currentSize : 9 <-- 0.003524 s
currentSize : 10 <-- 0.004354 s
currentSize : 11 <-- 0.098775 s
currentSize : 12 <-- 0.308017 s

maxsize : 12
nodes : 166606.000000
filtered : 2553253.000000
time : 0.918375
