Parameters: GAD=1 vflib=1 dir=0 label=0 lowerbound=1 fileNameGp=../graphsdb/mcs30/bvg/b09/mcs30_b09_s35.A58 fileNameGt=../graphsdb/mcs30/bvg/b09/mcs30_b09_s35.B58
Reading graphs...
35 :  149
35 :  152
Initializing...
maxdom : 35
D->valSize : 1225
Solving...
currentSize : 11 <-- 0.031438 s
currentSize : 14 <-- 0.031485 s
currentSize : 15 <-- 0.033114 s
currentSize : 16 <-- 0.034586 s
currentSize : 17 <-- 0.039406 s
currentSize : 18 <-- 0.039533 s
currentSize : 19 <-- 0.211430 s

maxsize : 19
nodes : 159050935.000000
filtered : 4791325821.000000
time : 1435.298340
