Parameters: GAD=1 vflib=1 dir=0 label=0 lowerbound=1 fileNameGp=../graphsdb/mcs30/bvg/b06/mcs30_b06_s25.A81 fileNameGt=../graphsdb/mcs30/bvg/b06/mcs30_b06_s25.B81
Reading graphs...
25 :  72
25 :  75
Initializing...
maxdom : 25
D->valSize : 625
Solving...
currentSize : 10 <-- 0.005315 s
currentSize : 11 <-- 0.005440 s
currentSize : 12 <-- 0.005683 s
currentSize : 13 <-- 0.007155 s
currentSize : 14 <-- 0.023402 s
currentSize : 15 <-- 0.176396 s

maxsize : 15
nodes : 1290777.000000
filtered : 30421342.000000
time : 10.471673
