Parameters: GAD=1 vflib=1 dir=0 label=0 lowerbound=1 fileNameGp=../graphsdb/mcs30/bvg/b03m/mcs30_b03m_s35.A44 fileNameGt=../graphsdb/mcs30/bvg/b03m/mcs30_b03m_s35.B44
Reading graphs...
35 :  51
35 :  51
Initializing...
maxdom : 35
D->valSize : 1225
Solving...
currentSize : 12 <-- 0.021129 s
currentSize : 13 <-- 0.021646 s
currentSize : 15 <-- 0.037926 s
currentSize : 16 <-- 0.081413 s
currentSize : 17 <-- 0.081773 s
currentSize : 19 <-- 0.499778 s
currentSize : 20 <-- 0.719657 s
currentSize : 21 <-- 1.197396 s
currentSize : 22 <-- 13.885137 s
currentSize : 23 <-- 16.940420 s
currentSize : 24 <-- 146.767883 s

TIMEOUT
maxsize : 24
nodes : 126874935.000000
filtered : 3183137159.000000
time : 3600.000000
