Parameters: GAD=1 vflib=1 dir=0 label=0 lowerbound=1 fileNameGp=../graphsdb/mcs30/rand/r01/mcs30_r01_s30.A65 fileNameGt=../graphsdb/mcs30/rand/r01/mcs30_r01_s30.B65
Reading graphs...
30 :  87
30 :  84
Initializing...
maxdom : 30
D->valSize : 900
Solving...
currentSize : 12 <-- 0.010199 s
currentSize : 13 <-- 0.010268 s
currentSize : 14 <-- 0.011036 s
currentSize : 15 <-- 0.015966 s
currentSize : 16 <-- 0.095526 s
currentSize : 17 <-- 0.973113 s
currentSize : 18 <-- 76.558136 s

maxsize : 18
nodes : 36848979.000000
filtered : 889801143.000000
time : 361.066650
