Parameters: GAD=1 vflib=1 dir=0 label=0 lowerbound=1 fileNameGp=../graphsdb/mcs30/bvg/b03/mcs30_b03_s30.A21 fileNameGt=../graphsdb/mcs30/bvg/b03/mcs30_b03_s30.B21
Reading graphs...
30 :  43
30 :  45
Initializing...
maxdom : 30
D->valSize : 900
Solving...
currentSize : 16 <-- 0.019362 s
currentSize : 17 <-- 0.019390 s
currentSize : 18 <-- 0.350692 s
currentSize : 19 <-- 0.493620 s
currentSize : 20 <-- 1.003388 s
currentSize : 21 <-- 2.935142 s

maxsize : 21
nodes : 7495391.000000
filtered : 186640075.000000
time : 139.645462
