Parameters: GAD=1 vflib=1 dir=0 label=0 lowerbound=1 fileNameGp=../graphsdb/mcs30/m3D/m3D/mcs30_m3D_s30.A41 fileNameGt=../graphsdb/mcs30/m3D/m3D/mcs30_m3D_s30.B41
Reading graphs...
30 :  61
30 :  59
Initializing...
maxdom : 30
D->valSize : 900
Solving...
currentSize : 12 <-- 0.010573 s
currentSize : 14 <-- 0.010623 s
currentSize : 15 <-- 0.017921 s
currentSize : 16 <-- 0.066988 s
currentSize : 17 <-- 0.468926 s
currentSize : 18 <-- 1.239442 s
currentSize : 19 <-- 1.605101 s
currentSize : 20 <-- 1.621862 s

maxsize : 20
nodes : 13646464.000000
filtered : 411434249.000000
time : 225.878754
