Parameters: GAD=1 vflib=1 dir=0 label=0 lowerbound=1 fileNameGp=../graphsdb/mcs30/bvg/b06/mcs30_b06_s35.A10 fileNameGt=../graphsdb/mcs30/bvg/b06/mcs30_b06_s35.B10
Reading graphs...
35 :  105
35 :  103
Initializing...
maxdom : 35
D->valSize : 1225
Solving...
currentSize : 14 <-- 0.018971 s
currentSize : 15 <-- 0.019459 s
currentSize : 16 <-- 0.023322 s
currentSize : 17 <-- 0.051329 s
currentSize : 18 <-- 0.376293 s
currentSize : 19 <-- 1.404267 s
currentSize : 20 <-- 48.188225 s
currentSize : 21 <-- 88.021019 s

maxsize : 21
nodes : 142436362.000000
filtered : 4838524689.000000
time : 1886.349976
