Parameters: GAD=1 vflib=1 dir=0 label=0 lowerbound=1 fileNameGp=../graphsdb/mcs30/bvg/b06m/mcs30_b06m_s35.A13 fileNameGt=../graphsdb/mcs30/bvg/b06m/mcs30_b06m_s35.B13
Reading graphs...
35 :  104
35 :  103
Initializing...
maxdom : 35
D->valSize : 1225
Solving...
currentSize : 17 <-- 0.019605 s
currentSize : 18 <-- 0.021061 s
currentSize : 19 <-- 0.024661 s
currentSize : 20 <-- 0.187580 s
currentSize : 21 <-- 55.832047 s
currentSize : 22 <-- 692.129150 s

maxsize : 22
nodes : 95806752.000000
filtered : 3470021979.000000
time : 1459.124146
