Parameters: GAD=1 vflib=1 dir=0 label=0 lowerbound=1 fileNameGp=../graphsdb/mcs30/bvg/b06/mcs30_b06_s35.A89 fileNameGt=../graphsdb/mcs30/bvg/b06/mcs30_b06_s35.B89
Reading graphs...
35 :  104
35 :  100
Initializing...
maxdom : 35
D->valSize : 1225
Solving...
currentSize : 14 <-- 0.020218 s
currentSize : 15 <-- 0.020270 s
currentSize : 17 <-- 0.021104 s
currentSize : 18 <-- 0.021721 s
currentSize : 19 <-- 0.025848 s
currentSize : 20 <-- 28.542265 s
currentSize : 21 <-- 1071.425903 s

maxsize : 21
nodes : 207373068.000000
filtered : 6420516303.000000
time : 2895.562256
