Parameters: GAD=1 vflib=1 dir=0 label=0 lowerbound=1 fileNameGp=../graphsdb/mcs30/m2D/m2D/mcs30_m2D_s30.A23 fileNameGt=../graphsdb/mcs30/m2D/m2D/mcs30_m2D_s30.B23
Reading graphs...
30 :  49
30 :  48
Initializing...
maxdom : 30
D->valSize : 900
Solving...
currentSize : 15 <-- 0.019480 s
currentSize : 16 <-- 0.019527 s
currentSize : 17 <-- 0.021306 s
currentSize : 18 <-- 0.069856 s
currentSize : 19 <-- 0.092525 s
currentSize : 20 <-- 0.177041 s
currentSize : 21 <-- 6.866478 s

maxsize : 21
nodes : 6504359.000000
filtered : 189210529.000000
time : 122.453453
