Parameters: GAD=1 vflib=1 dir=0 label=0 lowerbound=1 fileNameGp=../graphsdb/mcs30/bvg/b06m/mcs30_b06m_s30.A48 fileNameGt=../graphsdb/mcs30/bvg/b06m/mcs30_b06m_s30.B48
Reading graphs...
30 :  81
30 :  84
Initializing...
maxdom : 30
D->valSize : 900
Solving...
currentSize : 12 <-- 0.010182 s
currentSize : 13 <-- 0.010197 s
currentSize : 14 <-- 0.025337 s
currentSize : 15 <-- 0.041518 s
currentSize : 16 <-- 0.065037 s
currentSize : 17 <-- 1.934865 s
currentSize : 18 <-- 2.891285 s

maxsize : 18
nodes : 19622099.000000
filtered : 507699174.000000
time : 204.866608
