Parameters: GAD=1 vflib=1 dir=0 label=0 lowerbound=1 fileNameGp=../graphsdb/mcs30/bvg/b09m/mcs30_b09m_s35.A17 fileNameGt=../graphsdb/mcs30/bvg/b09m/mcs30_b09m_s35.B17
Reading graphs...
35 :  145
35 :  147
Initializing...
maxdom : 35
D->valSize : 1225
Solving...
currentSize : 12 <-- 0.018445 s
currentSize : 13 <-- 0.018508 s
currentSize : 14 <-- 0.020401 s
currentSize : 15 <-- 0.043865 s
currentSize : 16 <-- 0.200569 s
currentSize : 17 <-- 0.399001 s
currentSize : 18 <-- 865.985657 s
currentSize : 19 <-- 2249.212402 s

maxsize : 19
nodes : 432877471.000000
filtered : 11041208992.000000
time : 3417.609131
