Parameters: GAD=1 vflib=1 dir=0 label=0 lowerbound=1 fileNameGp=../graphsdb/mcs30/m3D/m3Dr2/mcs30_m3Dr2_s30.A90 fileNameGt=../graphsdb/mcs30/m3D/m3Dr2/mcs30_m3Dr2_s30.B90
Reading graphs...
30 :  65
30 :  66
Initializing...
maxdom : 30
D->valSize : 900
Solving...
currentSize : 15 <-- 0.010490 s
currentSize : 16 <-- 0.010561 s
currentSize : 17 <-- 0.030985 s
currentSize : 18 <-- 6.411421 s
currentSize : 19 <-- 35.278664 s
currentSize : 20 <-- 319.998260 s

maxsize : 20
nodes : 28247652.000000
filtered : 731197172.000000
time : 368.565643
