Parameters: GAD=1 vflib=1 dir=0 label=0 lowerbound=1 fileNameGp=../graphsdb/mcs30/rand/r02/mcs30_r02_s20.A77 fileNameGt=../graphsdb/mcs30/rand/r02/mcs30_r02_s20.B77
Reading graphs...
20 :  69
20 :  65
Initializing...
maxdom : 20
D->valSize : 400
Solving...
currentSize : 7 <-- 0.003386 s
currentSize : 8 <-- 0.003407 s
currentSize : 9 <-- 0.003460 s
currentSize : 10 <-- 0.003890 s
currentSize : 11 <-- 0.021671 s
currentSize : 12 <-- 0.056619 s

maxsize : 12
nodes : 169329.000000
filtered : 2626757.000000
time : 0.950106
