Parameters: GAD=1 vflib=1 dir=0 label=0 lowerbound=1 fileNameGp=../graphsdb/mcs30/rand/r01/mcs30_r01_s20.A26 fileNameGt=../graphsdb/mcs30/rand/r01/mcs30_r01_s20.B26
Reading graphs...
20 :  40
20 :  39
Initializing...
maxdom : 20
D->valSize : 400
Solving...
currentSize : 8 <-- 0.003652 s
currentSize : 9 <-- 0.003687 s
currentSize : 10 <-- 0.004661 s
currentSize : 11 <-- 0.022247 s
currentSize : 12 <-- 0.056407 s
currentSize : 13 <-- 0.122091 s

maxsize : 13
nodes : 137504.000000
filtered : 2330822.000000
time : 1.110158
