Parameters: GAD=1 vflib=1 dir=0 label=0 lowerbound=1 fileNameGp=../graphsdb/mcs30/bvg/b03m/mcs30_b03m_s30.A69 fileNameGt=../graphsdb/mcs30/bvg/b03m/mcs30_b03m_s30.B69
Reading graphs...
30 :  44
30 :  44
Initializing...
maxdom : 30
D->valSize : 900
Solving...
currentSize : 13 <-- 0.011306 s
currentSize : 14 <-- 0.013620 s
currentSize : 16 <-- 0.013697 s
currentSize : 17 <-- 0.014103 s
currentSize : 18 <-- 5.443522 s
currentSize : 19 <-- 17.336756 s
currentSize : 20 <-- 27.192129 s
currentSize : 21 <-- 74.561615 s

maxsize : 21
nodes : 13446217.000000
filtered : 256808837.000000
time : 223.696304
