Parameters: GAD=1 vflib=1 dir=0 label=0 lowerbound=1 fileNameGp=../graphsdb/mcs30/m2D/m2Dr4/mcs30_m2Dr4_s30.A14 fileNameGt=../graphsdb/mcs30/m2D/m2Dr4/mcs30_m2Dr4_s30.B14
Reading graphs...
30 :  59
30 :  58
Initializing...
maxdom : 30
D->valSize : 900
Solving...
currentSize : 12 <-- 0.019061 s
currentSize : 13 <-- 0.019085 s
currentSize : 15 <-- 0.019194 s
currentSize : 16 <-- 0.019951 s
currentSize : 17 <-- 0.206522 s
currentSize : 18 <-- 0.414923 s
currentSize : 19 <-- 0.710214 s
currentSize : 20 <-- 4.039977 s

maxsize : 20
nodes : 7053231.000000
filtered : 227450367.000000
time : 128.020981
