Parameters: GAD=1 vflib=1 dir=0 label=0 lowerbound=1 fileNameGp=../graphsdb/mcs30/m2D/m2D/mcs30_m2D_s30.A70 fileNameGt=../graphsdb/mcs30/m2D/m2D/mcs30_m2D_s30.B70
Reading graphs...
30 :  49
30 :  49
Initializing...
maxdom : 30
D->valSize : 900
Solving...
currentSize : 13 <-- 0.011257 s
currentSize : 14 <-- 0.013011 s
currentSize : 15 <-- 0.013318 s
currentSize : 16 <-- 0.019831 s
currentSize : 17 <-- 0.052734 s
currentSize : 18 <-- 2.638733 s
currentSize : 19 <-- 2.916588 s
currentSize : 20 <-- 10.503293 s
currentSize : 21 <-- 90.294662 s

maxsize : 21
nodes : 11487270.000000
filtered : 278988686.000000
time : 187.096848
