Parameters: GAD=1 vflib=1 dir=0 label=0 lowerbound=1 fileNameGp=../graphsdb/mcs30/bvg/b09m/mcs30_b09m_s35.A71 fileNameGt=../graphsdb/mcs30/bvg/b09m/mcs30_b09m_s35.B71
Reading graphs...
35 :  143
35 :  143
Initializing...
maxdom : 35
D->valSize : 1225
Solving...
currentSize : 11 <-- 0.018405 s
currentSize : 13 <-- 0.018434 s
currentSize : 14 <-- 0.025818 s
currentSize : 15 <-- 0.079479 s
currentSize : 16 <-- 0.080333 s
currentSize : 17 <-- 0.620805 s
currentSize : 18 <-- 4.342749 s
currentSize : 19 <-- 393.722778 s

maxsize : 19
nodes : 202029686.000000
filtered : 6211053258.000000
time : 1883.644531
