Parameters: GAD=1 vflib=1 dir=0 label=0 lowerbound=1 fileNameGp=../graphsdb/mcs30/rand/r01/mcs30_r01_s25.A18 fileNameGt=../graphsdb/mcs30/rand/r01/mcs30_r01_s25.B18
Reading graphs...
25 :  60
25 :  57
Initializing...
maxdom : 25
D->valSize : 625
Solving...
currentSize : 11 <-- 0.005156 s
currentSize : 12 <-- 0.005235 s
currentSize : 13 <-- 0.005261 s
currentSize : 14 <-- 0.005384 s
currentSize : 15 <-- 0.017583 s
currentSize : 16 <-- 0.443788 s
currentSize : 17 <-- 2.599981 s

maxsize : 17
nodes : 707053.000000
filtered : 17108461.000000
time : 5.405902
