Parameters: GAD=1 vflib=1 dir=0 label=0 lowerbound=1 fileNameGp=../graphsdb/mcs30/rand/r01/mcs30_r01_s30.A72 fileNameGt=../graphsdb/mcs30/rand/r01/mcs30_r01_s30.B72
Reading graphs...
30 :  84
30 :  81
Initializing...
maxdom : 30
D->valSize : 900
Solving...
currentSize : 11 <-- 0.010180 s
currentSize : 12 <-- 0.010214 s
currentSize : 13 <-- 0.010444 s
currentSize : 14 <-- 0.013006 s
currentSize : 15 <-- 0.018110 s
currentSize : 16 <-- 0.023359 s
currentSize : 17 <-- 0.156259 s
currentSize : 18 <-- 17.403419 s

maxsize : 18
nodes : 35611342.000000
filtered : 873479288.000000
time : 292.353119
