Parameters: GAD=1 vflib=1 dir=0 label=0 lowerbound=1 fileNameGp=../graphsdb/mcs30/m3D/m3Dr6/mcs30_m3Dr6_s30.A57 fileNameGt=../graphsdb/mcs30/m3D/m3Dr6/mcs30_m3Dr6_s30.B57
Reading graphs...
30 :  76
30 :  76
Initializing...
maxdom : 30
D->valSize : 900
Solving...
currentSize : 12 <-- 0.010672 s
currentSize : 13 <-- 0.010845 s
currentSize : 14 <-- 0.014472 s
currentSize : 15 <-- 0.018417 s
currentSize : 16 <-- 0.023512 s
currentSize : 17 <-- 0.041530 s
currentSize : 18 <-- 1.116787 s
currentSize : 19 <-- 58.876335 s

maxsize : 19
nodes : 16578381.000000
filtered : 479322514.000000
time : 190.456512
