Parameters: GAD=1 vflib=1 dir=0 label=0 lowerbound=1 fileNameGp=../graphsdb/mcs30/m3D/m3Dr4/mcs30_m3Dr4_s25.A22 fileNameGt=../graphsdb/mcs30/m3D/m3Dr4/mcs30_m3Dr4_s25.B22
Reading graphs...
25 :  55
25 :  55
Initializing...
maxdom : 25
D->valSize : 625
Solving...
currentSize : 10 <-- 0.008666 s
currentSize : 11 <-- 0.008688 s
currentSize : 12 <-- 0.009000 s
currentSize : 13 <-- 0.009194 s
currentSize : 14 <-- 0.014165 s
currentSize : 15 <-- 0.021939 s
currentSize : 16 <-- 0.883899 s
currentSize : 17 <-- 1.296388 s

maxsize : 17
nodes : 744236.000000
filtered : 17398726.000000
time : 6.649245
