Parameters: GAD=1 vflib=1 dir=0 label=0 lowerbound=1 fileNameGp=../graphsdb/mcs30/bvg/b03/mcs30_b03_s35.A53 fileNameGt=../graphsdb/mcs30/bvg/b03/mcs30_b03_s35.B53
Reading graphs...
35 :  52
35 :  52
Initializing...
maxdom : 35
D->valSize : 1225
Solving...
currentSize : 18 <-- 0.020743 s
currentSize : 19 <-- 0.023212 s
currentSize : 20 <-- 0.139186 s
currentSize : 21 <-- 0.428130 s
currentSize : 22 <-- 0.552487 s
currentSize : 23 <-- 0.554508 s
currentSize : 24 <-- 2.821672 s
currentSize : 25 <-- 82.994835 s
currentSize : 26 <-- 157.537582 s

maxsize : 26
nodes : 14975280.000000
filtered : 578937810.000000
time : 775.289124
