Parameters: GAD=1 vflib=1 dir=0 label=0 lowerbound=1 fileNameGp=../graphsdb/mcs30/bvg/b06/mcs30_b06_s35.A43 fileNameGt=../graphsdb/mcs30/bvg/b06/mcs30_b06_s35.B43
Reading graphs...
35 :  102
35 :  101
Initializing...
maxdom : 35
D->valSize : 1225
Solving...
currentSize : 14 <-- 0.019227 s
currentSize : 15 <-- 0.020611 s
currentSize : 16 <-- 0.020655 s
currentSize : 17 <-- 0.021125 s
currentSize : 18 <-- 0.080441 s
currentSize : 19 <-- 0.083598 s
currentSize : 20 <-- 15.152404 s
currentSize : 21 <-- 1328.378418 s

maxsize : 21
nodes : 243081344.000000
filtered : 7355588910.000000
time : 3188.039795
