Parameters: GAD=1 vflib=1 dir=0 label=0 lowerbound=1 fileNameGp=../graphsdb/mcs30/m3D/m3D/mcs30_m3D_s30.A31 fileNameGt=../graphsdb/mcs30/m3D/m3D/mcs30_m3D_s30.B31
Reading graphs...
30 :  60
30 :  61
Initializing...
maxdom : 30
D->valSize : 900
Solving...
currentSize : 15 <-- 0.010761 s
currentSize : 16 <-- 0.010938 s
currentSize : 17 <-- 0.021909 s
currentSize : 18 <-- 0.055691 s
currentSize : 19 <-- 0.817501 s
currentSize : 20 <-- 6.552643 s

maxsize : 20
nodes : 10837807.000000
filtered : 332757024.000000
time : 156.881607
