Parameters: GAD=1 vflib=1 dir=0 label=0 lowerbound=1 fileNameGp=../graphsdb/mcs30/rand/r005/mcs30_r005_s20.A15 fileNameGt=../graphsdb/mcs30/rand/r005/mcs30_r005_s20.B15
Reading graphs...
20 :  23
20 :  22
Initializing...
maxdom : 20
D->valSize : 400
Solving...
currentSize : 6 <-- 0.004011 s
currentSize : 7 <-- 0.004149 s
currentSize : 10 <-- 0.004166 s
currentSize : 11 <-- 0.005331 s
currentSize : 12 <-- 0.038123 s
currentSize : 13 <-- 0.048630 s
currentSize : 14 <-- 0.105102 s

maxsize : 14
nodes : 126237.000000
filtered : 1683841.000000
time : 1.286808
