Parameters: GAD=1 vflib=1 dir=0 label=0 lowerbound=1 fileNameGp=../graphsdb/mcs30/bvg/b09/mcs30_b09_s35.A21 fileNameGt=../graphsdb/mcs30/bvg/b09/mcs30_b09_s35.B21
Reading graphs...
35 :  154
35 :  150
Initializing...
maxdom : 35
D->valSize : 1225
Solving...
currentSize : 15 <-- 0.018338 s
currentSize : 16 <-- 0.018771 s
currentSize : 17 <-- 0.020000 s
currentSize : 18 <-- 0.023721 s
currentSize : 19 <-- 0.322782 s
currentSize : 20 <-- 81.356880 s

maxsize : 20
nodes : 77113906.000000
filtered : 2505118860.000000
time : 814.728943
