Parameters: GAD=1 vflib=1 dir=0 label=0 lowerbound=1 fileNameGp=../graphsdb/mcs30/bvg/b06m/mcs30_b06m_s25.A73 fileNameGt=../graphsdb/mcs30/bvg/b06m/mcs30_b06m_s25.B73
Reading graphs...
25 :  71
25 :  69
Initializing...
maxdom : 25
D->valSize : 625
Solving...
currentSize : 11 <-- 0.008402 s
currentSize : 12 <-- 0.008927 s
currentSize : 13 <-- 0.019580 s
currentSize : 14 <-- 0.067226 s
currentSize : 15 <-- 0.245018 s
currentSize : 16 <-- 3.360733 s

maxsize : 16
nodes : 909555.000000
filtered : 21516182.000000
time : 7.816663
