Parameters: GAD=1 vflib=1 dir=0 label=0 lowerbound=1 fileNameGp=../graphsdb/mcs30/m2D/m2Dr6/mcs30_m2Dr6_s30.A53 fileNameGt=../graphsdb/mcs30/m2D/m2Dr6/mcs30_m2Dr6_s30.B53
Reading graphs...
30 :  65
30 :  63
Initializing...
maxdom : 30
D->valSize : 900
Solving...
currentSize : 13 <-- 0.010767 s
currentSize : 14 <-- 0.011012 s
currentSize : 15 <-- 0.011024 s
currentSize : 16 <-- 0.011581 s
currentSize : 17 <-- 0.024053 s
currentSize : 18 <-- 0.056444 s
currentSize : 19 <-- 2.941609 s
currentSize : 20 <-- 98.795013 s

maxsize : 20
nodes : 11290752.000000
filtered : 330279135.000000
time : 190.885956
