Parameters: GAD=1 vflib=1 dir=0 label=0 lowerbound=1 fileNameGp=../graphsdb/mcs30/m2D/m2Dr2/mcs30_m2Dr2_s30.A72 fileNameGt=../graphsdb/mcs30/m2D/m2Dr2/mcs30_m2Dr2_s30.B72
Reading graphs...
30 :  52
30 :  54
Initializing...
maxdom : 30
D->valSize : 900
Solving...
currentSize : 14 <-- 0.019116 s
currentSize : 15 <-- 0.019777 s
currentSize : 16 <-- 0.150135 s
currentSize : 17 <-- 0.522983 s
currentSize : 18 <-- 2.873930 s
currentSize : 19 <-- 4.437333 s
currentSize : 20 <-- 33.281055 s
currentSize : 21 <-- 88.812988 s

maxsize : 21
nodes : 11462850.000000
filtered : 290827842.000000
time : 202.288681
