Parameters: GAD=1 vflib=1 dir=0 label=0 lowerbound=1 fileNameGp=../graphsdb/mcs30/bvg/b06m/mcs30_b06m_s30.A69 fileNameGt=../graphsdb/mcs30/bvg/b06m/mcs30_b06m_s30.B69
Reading graphs...
30 :  85
30 :  84
Initializing...
maxdom : 30
D->valSize : 900
Solving...
currentSize : 13 <-- 0.010359 s
currentSize : 14 <-- 0.014554 s
currentSize : 15 <-- 0.030895 s
currentSize : 16 <-- 0.119917 s
currentSize : 17 <-- 3.204859 s
currentSize : 18 <-- 10.772965 s

maxsize : 18
nodes : 22197589.000000
filtered : 593552941.000000
time : 217.657867
