Parameters: GAD=1 vflib=1 dir=0 label=0 lowerbound=1 fileNameGp=../graphsdb/mcs30/bvg/b03m/mcs30_b03m_s35.A93 fileNameGt=../graphsdb/mcs30/bvg/b03m/mcs30_b03m_s35.B93
Reading graphs...
35 :  50
35 :  51
Initializing...
maxdom : 35
D->valSize : 1225
Solving...
currentSize : 13 <-- 0.036600 s
currentSize : 14 <-- 0.037965 s
currentSize : 15 <-- 0.039850 s
currentSize : 16 <-- 0.039869 s
currentSize : 17 <-- 0.066509 s
currentSize : 18 <-- 0.089372 s
currentSize : 19 <-- 0.103651 s
currentSize : 20 <-- 0.613038 s
currentSize : 21 <-- 6.676838 s
currentSize : 23 <-- 23.345682 s
currentSize : 24 <-- 31.131632 s
currentSize : 25 <-- 2975.957031 s

maxsize : 25
nodes : 113747187.000000
filtered : 3432319238.000000
time : 3456.773682
