Parameters: GAD=1 vflib=1 dir=0 label=0 lowerbound=1 fileNameGp=../graphsdb/mcs30/rand/r02/mcs30_r02_s20.A95 fileNameGt=../graphsdb/mcs30/rand/r02/mcs30_r02_s20.B95
Reading graphs...
20 :  69
20 :  68
Initializing...
maxdom : 20
D->valSize : 400
Solving...
currentSize : 7 <-- 0.001998 s
currentSize : 8 <-- 0.002017 s
currentSize : 9 <-- 0.002092 s
currentSize : 10 <-- 0.002501 s
currentSize : 11 <-- 0.008007 s
currentSize : 12 <-- 0.324225 s

maxsize : 12
nodes : 170151.000000
filtered : 2616717.000000
time : 0.780736
