Parameters: GAD=1 vflib=1 dir=0 label=0 lowerbound=1 fileNameGp=../graphsdb/mcs30/bvg/b03m/mcs30_b03m_s35.A31 fileNameGt=../graphsdb/mcs30/bvg/b03m/mcs30_b03m_s35.B31
Reading graphs...
35 :  51
35 :  50
Initializing...
maxdom : 35
D->valSize : 1225
Solving...
currentSize : 19 <-- 0.020985 s
currentSize : 20 <-- 0.021622 s
currentSize : 21 <-- 0.109807 s
currentSize : 22 <-- 1.036589 s
currentSize : 23 <-- 3.906887 s
currentSize : 24 <-- 8.328521 s
currentSize : 25 <-- 8.328744 s

maxsize : 25
nodes : 40080536.000000
filtered : 1302844362.000000
time : 1579.124878
