Parameters: GAD=1 vflib=1 dir=0 label=0 lowerbound=1 fileNameGp=../graphsdb/mcs30/rand/r02/mcs30_r02_s35.A85 fileNameGt=../graphsdb/mcs30/rand/r02/mcs30_r02_s35.B85
Reading graphs...
35 :  219
35 :  219
Initializing...
maxdom : 35
D->valSize : 1225
Solving...
currentSize : 11 <-- 0.017107 s
currentSize : 12 <-- 0.017690 s
currentSize : 13 <-- 0.032417 s
currentSize : 14 <-- 0.177266 s
currentSize : 15 <-- 27.226339 s
currentSize : 16 <-- 214.741348 s

maxsize : 16
nodes : 630389514.000000
filtered : 9680499022.000000
time : 3310.453369
