Parameters: GAD=1 vflib=1 dir=0 label=0 lowerbound=1 fileNameGp=../graphsdb/mcs30/m2D/m2Dr6/mcs30_m2Dr6_s30.A49 fileNameGt=../graphsdb/mcs30/m2D/m2Dr6/mcs30_m2Dr6_s30.B49
Reading graphs...
30 :  64
30 :  64
Initializing...
maxdom : 30
D->valSize : 900
Solving...
currentSize : 13 <-- 0.011174 s
currentSize : 14 <-- 0.011278 s
currentSize : 15 <-- 0.011548 s
currentSize : 16 <-- 0.035424 s
currentSize : 17 <-- 0.046382 s
currentSize : 18 <-- 0.046445 s
currentSize : 19 <-- 0.182641 s
currentSize : 20 <-- 1.717295 s

maxsize : 20
nodes : 8916554.000000
filtered : 276251874.000000
time : 133.964264
