Parameters: GAD=1 vflib=1 dir=0 label=0 lowerbound=1 fileNameGp=../graphsdb/mcs30/rand/r01/mcs30_r01_s35.A85 fileNameGt=../graphsdb/mcs30/rand/r01/mcs30_r01_s35.B85
Reading graphs...
35 :  115
35 :  112
Initializing...
maxdom : 35
D->valSize : 1225
Solving...
currentSize : 13 <-- 0.018869 s
currentSize : 14 <-- 0.018924 s
currentSize : 16 <-- 0.019353 s
currentSize : 17 <-- 0.019988 s
currentSize : 18 <-- 0.243098 s
currentSize : 19 <-- 2.079095 s
currentSize : 20 <-- 56.721611 s

maxsize : 20
nodes : 311395829.000000
filtered : 8940404462.000000
time : 3188.811279
