Parameters: GAD=1 vflib=1 dir=0 label=0 lowerbound=1 fileNameGp=../graphsdb/mcs30/m2D/m2Dr4/mcs30_m2Dr4_s30.A04 fileNameGt=../graphsdb/mcs30/m2D/m2Dr4/mcs30_m2Dr4_s30.B04
Reading graphs...
30 :  61
30 :  60
Initializing...
maxdom : 30
D->valSize : 900
Solving...
currentSize : 12 <-- 0.018836 s
currentSize : 14 <-- 0.018978 s
currentSize : 15 <-- 0.272168 s
currentSize : 16 <-- 0.370823 s
currentSize : 17 <-- 0.932231 s
currentSize : 19 <-- 1.159389 s
currentSize : 20 <-- 30.368313 s

maxsize : 20
nodes : 11494192.000000
filtered : 323627190.000000
time : 173.403152
