Parameters: GAD=1 vflib=1 dir=0 label=0 lowerbound=1 fileNameGp=../graphsdb/mcs30/bvg/b06/mcs30_b06_s30.A96 fileNameGt=../graphsdb/mcs30/bvg/b06/mcs30_b06_s30.B96
Reading graphs...
30 :  85
30 :  89
Initializing...
maxdom : 30
D->valSize : 900
Solving...
currentSize : 13 <-- 0.017725 s
currentSize : 14 <-- 0.020081 s
currentSize : 15 <-- 0.020134 s
currentSize : 16 <-- 0.155302 s
currentSize : 17 <-- 2.469438 s
currentSize : 18 <-- 63.402981 s

maxsize : 18
nodes : 20772106.000000
filtered : 557458240.000000
time : 230.406174
