Parameters: GAD=1 vflib=1 dir=0 label=0 lowerbound=1 fileNameGp=../graphsdb/mcs30/m2D/m2Dr6/mcs30_m2Dr6_s30.A13 fileNameGt=../graphsdb/mcs30/m2D/m2Dr6/mcs30_m2Dr6_s30.B13
Reading graphs...
30 :  65
30 :  65
Initializing...
maxdom : 30
D->valSize : 900
Solving...
currentSize : 13 <-- 0.018755 s
currentSize : 15 <-- 0.018813 s
currentSize : 16 <-- 0.018901 s
currentSize : 17 <-- 0.019349 s
currentSize : 18 <-- 0.020306 s
currentSize : 19 <-- 0.023989 s
currentSize : 20 <-- 110.470352 s

maxsize : 20
nodes : 14906080.000000
filtered : 403265455.000000
time : 207.962036
