Parameters: GAD=1 vflib=1 dir=0 label=0 lowerbound=1 fileNameGp=../graphsdb/mcs30/rand/r005/mcs30_r005_s25.A93 fileNameGt=../graphsdb/mcs30/rand/r005/mcs30_r005_s25.B93
Reading graphs...
25 :  34
25 :  34
Initializing...
maxdom : 25
D->valSize : 625
Solving...
currentSize : 14 <-- 0.009341 s
currentSize : 15 <-- 0.018377 s
currentSize : 16 <-- 0.018738 s
currentSize : 17 <-- 0.018945 s
currentSize : 18 <-- 0.841131 s
currentSize : 19 <-- 3.233575 s

maxsize : 19
nodes : 308492.000000
filtered : 6314296.000000
time : 5.359749
