Parameters: GAD=1 vflib=1 dir=0 label=0 lowerbound=1 fileNameGp=../graphsdb/mcs30/bvg/b09/mcs30_b09_s35.A92 fileNameGt=../graphsdb/mcs30/bvg/b09/mcs30_b09_s35.B92
Reading graphs...
35 :  153
35 :  153
Initializing...
maxdom : 35
D->valSize : 1225
Solving...
currentSize : 14 <-- 0.023370 s
currentSize : 15 <-- 0.040447 s
currentSize : 16 <-- 0.413429 s
currentSize : 17 <-- 0.413499 s
currentSize : 18 <-- 0.798271 s
currentSize : 19 <-- 6.981137 s
currentSize : 20 <-- 1195.706055 s

maxsize : 20
nodes : 148576973.000000
filtered : 4182301256.000000
time : 1336.213257
