Parameters: GAD=1 vflib=1 dir=0 label=0 lowerbound=1 fileNameGp=../graphsdb/mcs30/m3D/m3Dr2/mcs30_m3Dr2_s30.A51 fileNameGt=../graphsdb/mcs30/m3D/m3Dr2/mcs30_m3Dr2_s30.B51
Reading graphs...
30 :  67
30 :  64
Initializing...
maxdom : 30
D->valSize : 900
Solving...
currentSize : 11 <-- 0.010548 s
currentSize : 12 <-- 0.010935 s
currentSize : 13 <-- 0.012181 s
currentSize : 14 <-- 0.012243 s
currentSize : 15 <-- 0.027882 s
currentSize : 16 <-- 0.028246 s
currentSize : 17 <-- 0.028280 s
currentSize : 18 <-- 0.056087 s
currentSize : 19 <-- 3.291295 s
currentSize : 20 <-- 69.582352 s

maxsize : 20
nodes : 8568112.000000
filtered : 258440274.000000
time : 121.728569
