Parameters: GAD=1 vflib=1 dir=0 label=0 lowerbound=1 fileNameGp=../graphsdb/mcs30/bvg/b09/mcs30_b09_s35.A34 fileNameGt=../graphsdb/mcs30/bvg/b09/mcs30_b09_s35.B34
Reading graphs...
35 :  151
35 :  152
Initializing...
maxdom : 35
D->valSize : 1225
Solving...
currentSize : 12 <-- 0.031324 s
currentSize : 13 <-- 0.031390 s
currentSize : 14 <-- 0.031421 s
currentSize : 15 <-- 0.031547 s
currentSize : 16 <-- 0.031795 s
currentSize : 17 <-- 0.032633 s
currentSize : 18 <-- 0.054601 s
currentSize : 19 <-- 26.076704 s
currentSize : 20 <-- 548.599854 s

maxsize : 20
nodes : 127969140.000000
filtered : 3546839076.000000
time : 1230.234131
