Parameters: GAD=1 vflib=1 dir=0 label=0 lowerbound=1 fileNameGp=../graphsdb/mcs30/rand/r005/mcs30_r005_s35.A71 fileNameGt=../graphsdb/mcs30/rand/r005/mcs30_r005_s35.B71
Reading graphs...
35 :  64
35 :  63
Initializing...
maxdom : 35
D->valSize : 1225
Solving...
currentSize : 15 <-- 0.025304 s
currentSize : 16 <-- 0.025431 s
currentSize : 18 <-- 0.025459 s
currentSize : 19 <-- 0.044846 s
currentSize : 20 <-- 0.174450 s
currentSize : 21 <-- 1.464635 s
currentSize : 22 <-- 4.551857 s
currentSize : 23 <-- 4.553105 s
currentSize : 24 <-- 15.803615 s
currentSize : 25 <-- 494.144318 s

maxsize : 25
nodes : 33157169.000000
filtered : 1284429542.000000
time : 984.102661
