Parameters: GAD=1 vflib=1 dir=0 label=0 lowerbound=1 fileNameGp=../graphsdb/mcs30/bvg/b03m/mcs30_b03m_s25.A89 fileNameGt=../graphsdb/mcs30/bvg/b03m/mcs30_b03m_s25.B89
Reading graphs...
25 :  37
25 :  37
Initializing...
maxdom : 25
D->valSize : 625
Solving...
currentSize : 5 <-- 0.005277 s
currentSize : 6 <-- 0.005354 s
currentSize : 13 <-- 0.005580 s
currentSize : 14 <-- 0.006293 s
currentSize : 15 <-- 0.028058 s
currentSize : 16 <-- 0.080153 s
currentSize : 17 <-- 0.987071 s

maxsize : 17
nodes : 708303.000000
filtered : 14622149.000000
time : 9.608683
