Parameters: GAD=1 vflib=1 dir=0 label=0 lowerbound=1 fileNameGp=../graphsdb/mcs30/bvg/b03/mcs30_b03_s30.A17 fileNameGt=../graphsdb/mcs30/bvg/b03/mcs30_b03_s30.B17
Reading graphs...
30 :  45
30 :  45
Initializing...
maxdom : 30
D->valSize : 900
Solving...
currentSize : 15 <-- 0.011377 s
currentSize : 16 <-- 0.011583 s
currentSize : 17 <-- 0.028955 s
currentSize : 18 <-- 0.216855 s
currentSize : 19 <-- 0.759550 s
currentSize : 20 <-- 9.445480 s
currentSize : 21 <-- 9.884051 s
currentSize : 22 <-- 192.970337 s

maxsize : 22
nodes : 8760532.000000
filtered : 216160002.000000
time : 216.069199
