Parameters: GAD=1 vflib=1 dir=0 label=0 lowerbound=1 fileNameGp=../graphsdb/mcs30/m3D/m3Dr2/mcs30_m3Dr2_s25.A81 fileNameGt=../graphsdb/mcs30/m3D/m3Dr2/mcs30_m3Dr2_s25.B81
Reading graphs...
25 :  54
25 :  52
Initializing...
maxdom : 25
D->valSize : 625
Solving...
currentSize : 10 <-- 0.008830 s
currentSize : 11 <-- 0.008906 s
currentSize : 12 <-- 0.009131 s
currentSize : 13 <-- 0.009752 s
currentSize : 14 <-- 0.012885 s
currentSize : 15 <-- 0.017953 s
currentSize : 16 <-- 0.043994 s
currentSize : 17 <-- 5.249849 s

maxsize : 17
nodes : 1055342.000000
filtered : 24928640.000000
time : 11.225852
