Parameters: GAD=1 vflib=1 dir=0 label=0 lowerbound=1 fileNameGp=../graphsdb/mcs30/bvg/b03/mcs30_b03_s35.A47 fileNameGt=../graphsdb/mcs30/bvg/b03/mcs30_b03_s35.B47
Reading graphs...
35 :  51
35 :  52
Initializing...
maxdom : 35
D->valSize : 1225
Solving...
currentSize : 14 <-- 0.020890 s
currentSize : 17 <-- 0.020942 s
currentSize : 18 <-- 0.020957 s
currentSize : 19 <-- 0.036341 s
currentSize : 20 <-- 0.515444 s
currentSize : 21 <-- 1.166395 s
currentSize : 22 <-- 119.129837 s
currentSize : 23 <-- 663.696594 s
currentSize : 24 <-- 1913.359985 s
currentSize : 25 <-- 2684.617920 s

TIMEOUT
maxsize : 25
nodes : 173167435.000000
filtered : 3725659352.000000
time : 3600.000000
