Parameters: GAD=1 vflib=1 dir=0 label=0 lowerbound=1 fileNameGp=../graphsdb/mcs30/bvg/b06m/mcs30_b06m_s30.A85 fileNameGt=../graphsdb/mcs30/bvg/b06m/mcs30_b06m_s30.B85
Reading graphs...
30 :  83
30 :  87
Initializing...
maxdom : 30
D->valSize : 900
Solving...
currentSize : 11 <-- 0.010316 s
currentSize : 12 <-- 0.011251 s
currentSize : 13 <-- 0.023686 s
currentSize : 14 <-- 0.023883 s
currentSize : 15 <-- 0.233555 s
currentSize : 16 <-- 0.265037 s
currentSize : 17 <-- 0.439601 s
currentSize : 18 <-- 2.623806 s

maxsize : 18
nodes : 11286055.000000
filtered : 319614998.000000
time : 148.301010
