Parameters: GAD=1 vflib=1 dir=0 label=0 lowerbound=1 fileNameGp=../graphsdb/mcs30/rand/r005/mcs30_r005_s35.A25 fileNameGt=../graphsdb/mcs30/rand/r005/mcs30_r005_s35.B25
Reading graphs...
35 :  63
35 :  64
Initializing...
maxdom : 35
D->valSize : 1225
Solving...
currentSize : 14 <-- 0.020584 s
currentSize : 15 <-- 0.020619 s
currentSize : 16 <-- 0.020725 s
currentSize : 18 <-- 0.022520 s
currentSize : 19 <-- 0.022527 s
currentSize : 20 <-- 0.040421 s
currentSize : 21 <-- 0.359888 s
currentSize : 22 <-- 4.586231 s
currentSize : 23 <-- 24.392912 s
currentSize : 24 <-- 1178.562256 s

TIMEOUT
maxsize : 24
nodes : 120086296.000000
filtered : 4374755714.000000
time : 3600.000000
