Parameters: GAD=1 vflib=1 dir=0 label=0 lowerbound=1 fileNameGp=../graphsdb/mcs30/bvg/b03/mcs30_b03_s35.A03 fileNameGt=../graphsdb/mcs30/bvg/b03/mcs30_b03_s35.B03
Reading graphs...
35 :  52
35 :  52
Initializing...
maxdom : 35
D->valSize : 1225
Solving...
currentSize : 2 <-- 0.021578 s
currentSize : 14 <-- 0.021702 s
currentSize : 17 <-- 0.022136 s
currentSize : 19 <-- 0.784875 s
currentSize : 21 <-- 5.911889 s
currentSize : 22 <-- 6.125188 s
currentSize : 23 <-- 679.582336 s
currentSize : 24 <-- 843.265259 s
currentSize : 25 <-- 1532.314331 s

maxsize : 25
nodes : 116587150.000000
filtered : 2722787554.000000
time : 2705.080811
