Parameters: GAD=1 vflib=1 dir=0 label=0 lowerbound=1 fileNameGp=../graphsdb/mcs30/m3D/m3Dr4/mcs30_m3Dr4_s25.A86 fileNameGt=../graphsdb/mcs30/m3D/m3Dr4/mcs30_m3Dr4_s25.B86
Reading graphs...
25 :  59
25 :  59
Initializing...
maxdom : 25
D->valSize : 625
Solving...
currentSize : 11 <-- 0.005241 s
currentSize : 13 <-- 0.005342 s
currentSize : 14 <-- 0.032540 s
currentSize : 15 <-- 0.331911 s
currentSize : 16 <-- 0.542121 s
currentSize : 17 <-- 3.145581 s

maxsize : 17
nodes : 891605.000000
filtered : 20646817.000000
time : 7.511631
