Parameters: GAD=1 vflib=1 dir=0 label=0 lowerbound=1 fileNameGp=../graphsdb/mcs30/rand/r02/mcs30_r02_s30.A40 fileNameGt=../graphsdb/mcs30/rand/r02/mcs30_r02_s30.B40
Reading graphs...
30 :  158
30 :  154
Initializing...
maxdom : 30
D->valSize : 900
Solving...
currentSize : 9 <-- 0.009482 s
currentSize : 10 <-- 0.009522 s
currentSize : 11 <-- 0.009562 s
currentSize : 12 <-- 0.011072 s
currentSize : 13 <-- 0.055923 s
currentSize : 14 <-- 5.556545 s
currentSize : 15 <-- 93.239449 s

maxsize : 15
nodes : 61731663.000000
filtered : 892817334.000000
time : 304.996246
