Parameters: GAD=1 vflib=1 dir=0 label=0 lowerbound=1 fileNameGp=../graphsdb/mcs30/bvg/b06/mcs30_b06_s35.A82 fileNameGt=../graphsdb/mcs30/bvg/b06/mcs30_b06_s35.B82
Reading graphs...
35 :  103
35 :  105
Initializing...
maxdom : 35
D->valSize : 1225
Solving...
currentSize : 13 <-- 0.019416 s
currentSize : 14 <-- 0.019443 s
currentSize : 15 <-- 0.019534 s
currentSize : 16 <-- 0.019697 s
currentSize : 17 <-- 0.019712 s
currentSize : 18 <-- 0.040054 s
currentSize : 19 <-- 0.059201 s
currentSize : 20 <-- 2.500838 s
currentSize : 21 <-- 540.352661 s

maxsize : 21
nodes : 218921832.000000
filtered : 7017976300.000000
time : 2977.593994
