Parameters: GAD=1 vflib=1 dir=0 label=0 lowerbound=1 fileNameGp=../graphsdb/mcs30/rand/r01/mcs30_r01_s20.A28 fileNameGt=../graphsdb/mcs30/rand/r01/mcs30_r01_s20.B28
Reading graphs...
20 :  37
20 :  40
Initializing...
maxdom : 20
D->valSize : 400
Solving...
currentSize : 8 <-- 0.002131 s
currentSize : 9 <-- 0.002157 s
currentSize : 11 <-- 0.002486 s
currentSize : 12 <-- 0.003695 s
currentSize : 13 <-- 0.045632 s
currentSize : 14 <-- 0.693279 s

maxsize : 14
nodes : 124953.000000
filtered : 2025385.000000
time : 0.878012
