Parameters: GAD=1 vflib=1 dir=0 label=0 lowerbound=1 fileNameGp=../graphsdb/mcs30/bvg/b03m/mcs30_b03m_s35.A55 fileNameGt=../graphsdb/mcs30/bvg/b03m/mcs30_b03m_s35.B55
Reading graphs...
35 :  52
35 :  52
Initializing...
maxdom : 35
D->valSize : 1225
Solving...
currentSize : 12 <-- 0.027242 s
currentSize : 14 <-- 0.027383 s
currentSize : 15 <-- 0.033366 s
currentSize : 16 <-- 0.093773 s
currentSize : 17 <-- 0.096371 s
currentSize : 18 <-- 0.100847 s
currentSize : 19 <-- 3.555312 s
currentSize : 20 <-- 3.604658 s
currentSize : 21 <-- 15.356704 s
currentSize : 22 <-- 53.108433 s
currentSize : 23 <-- 976.566650 s
currentSize : 24 <-- 1445.083496 s

TIMEOUT
maxsize : 24
nodes : 144808508.000000
filtered : 3069443216.000000
time : 3600.000000
