Parameters: GAD=1 vflib=1 dir=0 label=0 lowerbound=1 fileNameGp=../graphsdb/mcs30/rand/r005/mcs30_r005_s35.A33 fileNameGt=../graphsdb/mcs30/rand/r005/mcs30_r005_s35.B33
Reading graphs...
35 :  63
35 :  62
Initializing...
maxdom : 35
D->valSize : 1225
Solving...
currentSize : 18 <-- 0.020480 s
currentSize : 19 <-- 0.021336 s
currentSize : 20 <-- 0.036939 s
currentSize : 21 <-- 0.265727 s
currentSize : 22 <-- 0.266520 s
currentSize : 23 <-- 4.892240 s
currentSize : 24 <-- 15.720305 s
currentSize : 25 <-- 238.904861 s

maxsize : 25
nodes : 38999604.000000
filtered : 1583740495.000000
time : 1380.262085
