Parameters: GAD=1 vflib=1 dir=0 label=0 lowerbound=1 fileNameGp=../graphsdb/mcs30/bvg/b03m/mcs30_b03m_s25.A74 fileNameGt=../graphsdb/mcs30/bvg/b03m/mcs30_b03m_s25.B74
Reading graphs...
25 :  37
25 :  37
Initializing...
maxdom : 25
D->valSize : 625
Solving...
currentSize : 9 <-- 0.009242 s
currentSize : 10 <-- 0.009268 s
currentSize : 11 <-- 0.011520 s
currentSize : 12 <-- 0.015568 s
currentSize : 13 <-- 0.015713 s
currentSize : 14 <-- 0.243253 s
currentSize : 15 <-- 0.256210 s
currentSize : 16 <-- 0.267639 s
currentSize : 17 <-- 2.445295 s
currentSize : 18 <-- 4.319636 s

maxsize : 18
nodes : 484552.000000
filtered : 7518137.000000
time : 6.131232
