Parameters: GAD=1 vflib=1 dir=0 label=0 lowerbound=1 fileNameGp=../graphsdb/mcs30/rand/r01/mcs30_r01_s20.A91 fileNameGt=../graphsdb/mcs30/rand/r01/mcs30_r01_s20.B91
Reading graphs...
20 :  38
20 :  40
Initializing...
maxdom : 20
D->valSize : 400
Solving...
currentSize : 9 <-- 0.002171 s
currentSize : 10 <-- 0.002198 s
currentSize : 11 <-- 0.002207 s
currentSize : 12 <-- 0.004399 s
currentSize : 13 <-- 0.008265 s
currentSize : 14 <-- 0.171534 s

maxsize : 14
nodes : 62193.000000
filtered : 1118742.000000
time : 0.340113
