Parameters: GAD=1 vflib=1 dir=0 label=0 lowerbound=1 fileNameGp=../graphsdb/mcs30/bvg/b09/mcs30_b09_s35.A95 fileNameGt=../graphsdb/mcs30/bvg/b09/mcs30_b09_s35.B95
Reading graphs...
35 :  154
35 :  152
Initializing...
maxdom : 35
D->valSize : 1225
Solving...
currentSize : 13 <-- 0.018626 s
currentSize : 14 <-- 0.018654 s
currentSize : 15 <-- 0.020434 s
currentSize : 16 <-- 0.098142 s
currentSize : 17 <-- 1.870648 s
currentSize : 18 <-- 3.875485 s
currentSize : 19 <-- 15.540432 s
currentSize : 20 <-- 174.312683 s

maxsize : 20
nodes : 65734623.000000
filtered : 2153717299.000000
time : 612.790527
