Parameters: GAD=1 vflib=1 dir=0 label=0 lowerbound=1 fileNameGp=../graphsdb/mcs30/bvg/b06/mcs30_b06_s35.A72 fileNameGt=../graphsdb/mcs30/bvg/b06/mcs30_b06_s35.B72
Reading graphs...
35 :  105
35 :  103
Initializing...
maxdom : 35
D->valSize : 1225
Solving...
currentSize : 12 <-- 0.019119 s
currentSize : 13 <-- 0.019139 s
currentSize : 14 <-- 0.019202 s
currentSize : 15 <-- 0.020050 s
currentSize : 16 <-- 0.027567 s
currentSize : 17 <-- 0.089922 s
currentSize : 18 <-- 0.406738 s
currentSize : 19 <-- 5.500706 s
currentSize : 20 <-- 66.857452 s
currentSize : 21 <-- 1963.875122 s

TIMEOUT
maxsize : 21
nodes : 312927826.000000
filtered : 9292732230.000000
time : 3600.000000
