Parameters: GAD=1 vflib=1 dir=0 label=0 lowerbound=1 fileNameGp=../graphsdb/mcs30/bvg/b03m/mcs30_b03m_s35.A92 fileNameGt=../graphsdb/mcs30/bvg/b03m/mcs30_b03m_s35.B92
Reading graphs...
35 :  52
35 :  51
Initializing...
maxdom : 35
D->valSize : 1225
Solving...
currentSize : 14 <-- 0.021011 s
currentSize : 15 <-- 0.021127 s
currentSize : 16 <-- 0.022718 s
currentSize : 17 <-- 0.043989 s
currentSize : 18 <-- 0.046287 s
currentSize : 19 <-- 0.139370 s
currentSize : 20 <-- 0.156290 s
currentSize : 21 <-- 0.817528 s
currentSize : 22 <-- 0.817543 s
currentSize : 23 <-- 73.564819 s
currentSize : 24 <-- 367.476227 s
currentSize : 25 <-- 1632.507690 s

maxsize : 25
nodes : 87007524.000000
filtered : 2092321540.000000
time : 2631.590332
