Parameters: GAD=1 vflib=1 dir=0 label=0 lowerbound=1 fileNameGp=../graphsdb/mcs30/rand/r005/mcs30_r005_s25.A06 fileNameGt=../graphsdb/mcs30/rand/r005/mcs30_r005_s25.B06
Reading graphs...
25 :  32
25 :  34
Initializing...
maxdom : 25
D->valSize : 625
Solving...
currentSize : 5 <-- 0.005465 s
currentSize : 12 <-- 0.005514 s
currentSize : 15 <-- 0.005528 s
currentSize : 16 <-- 0.016457 s
currentSize : 17 <-- 0.036844 s
currentSize : 18 <-- 1.410283 s

maxsize : 18
nodes : 511866.000000
filtered : 8825159.000000
time : 6.794898
