Parameters: GAD=1 vflib=1 dir=0 label=0 lowerbound=1 fileNameGp=../graphsdb/mcs30/bvg/b06m/mcs30_b06m_s25.A83 fileNameGt=../graphsdb/mcs30/bvg/b06m/mcs30_b06m_s25.B83
Reading graphs...
25 :  69
25 :  69
Initializing...
maxdom : 25
D->valSize : 625
Solving...
currentSize : 10 <-- 0.004979 s
currentSize : 11 <-- 0.005778 s
currentSize : 12 <-- 0.006140 s
currentSize : 13 <-- 0.007253 s
currentSize : 14 <-- 0.035742 s
currentSize : 15 <-- 0.244748 s

maxsize : 15
nodes : 1684678.000000
filtered : 37570499.000000
time : 11.526249
