Parameters: GAD=1 vflib=1 dir=0 label=0 lowerbound=1 fileNameGp=../graphsdb/mcs30/rand/r005/mcs30_r005_s25.A28 fileNameGt=../graphsdb/mcs30/rand/r005/mcs30_r005_s25.B28
Reading graphs...
25 :  34
25 :  34
Initializing...
maxdom : 25
D->valSize : 625
Solving...
currentSize : 4 <-- 0.005250 s
currentSize : 5 <-- 0.005273 s
currentSize : 8 <-- 0.005319 s
currentSize : 10 <-- 0.005373 s
currentSize : 11 <-- 0.005826 s
currentSize : 12 <-- 0.007255 s
currentSize : 13 <-- 0.019870 s
currentSize : 14 <-- 0.019940 s
currentSize : 16 <-- 0.020106 s
currentSize : 17 <-- 0.436451 s
currentSize : 18 <-- 1.405541 s

maxsize : 18
nodes : 368573.000000
filtered : 7063413.000000
time : 5.665046
