Parameters: GAD=1 vflib=1 dir=0 label=0 lowerbound=1 fileNameGp=../graphsdb/mcs30/bvg/b03/mcs30_b03_s30.A45 fileNameGt=../graphsdb/mcs30/bvg/b03/mcs30_b03_s30.B45
Reading graphs...
30 :  45
30 :  45
Initializing...
maxdom : 30
D->valSize : 900
Solving...
currentSize : 14 <-- 0.011601 s
currentSize : 15 <-- 0.011709 s
currentSize : 16 <-- 0.037814 s
currentSize : 17 <-- 0.141478 s
currentSize : 18 <-- 0.208318 s
currentSize : 19 <-- 2.276573 s
currentSize : 20 <-- 2.547625 s
currentSize : 21 <-- 19.200785 s

maxsize : 21
nodes : 10123220.000000
filtered : 244226236.000000
time : 171.867233
