Parameters: GAD=1 vflib=1 dir=0 label=0 lowerbound=1 fileNameGp=../graphsdb/mcs30/bvg/b03/mcs30_b03_s25.A51 fileNameGt=../graphsdb/mcs30/bvg/b03/mcs30_b03_s25.B51
Reading graphs...
25 :  37
25 :  37
Initializing...
maxdom : 25
D->valSize : 625
Solving...
currentSize : 12 <-- 0.005425 s
currentSize : 13 <-- 0.006931 s
currentSize : 14 <-- 0.012132 s
currentSize : 15 <-- 0.014545 s
currentSize : 16 <-- 0.272623 s
currentSize : 17 <-- 2.248718 s
currentSize : 18 <-- 2.272897 s

maxsize : 18
nodes : 516472.000000
filtered : 9111152.000000
time : 6.147274
