Parameters: GAD=1 vflib=1 dir=0 label=0 lowerbound=1 fileNameGp=../graphsdb/mcs30/rand/r01/mcs30_r01_s25.A61 fileNameGt=../graphsdb/mcs30/rand/r01/mcs30_r01_s25.B61
Reading graphs...
25 :  61
25 :  61
Initializing...
maxdom : 25
D->valSize : 625
Solving...
currentSize : 11 <-- 0.004838 s
currentSize : 12 <-- 0.004928 s
currentSize : 13 <-- 0.005186 s
currentSize : 14 <-- 0.014692 s
currentSize : 15 <-- 0.035997 s
currentSize : 16 <-- 2.687537 s

maxsize : 16
nodes : 1604702.000000
filtered : 37011075.000000
time : 13.429412
