Parameters: GAD=1 vflib=1 dir=0 label=0 lowerbound=1 fileNameGp=../graphsdb/mcs30/bvg/b03m/mcs30_b03m_s35.A74 fileNameGt=../graphsdb/mcs30/bvg/b03m/mcs30_b03m_s35.B74
Reading graphs...
35 :  51
35 :  52
Initializing...
maxdom : 35
D->valSize : 1225
Solving...
currentSize : 17 <-- 0.036983 s
currentSize : 19 <-- 0.037038 s
currentSize : 20 <-- 0.040649 s
currentSize : 21 <-- 0.125448 s
currentSize : 22 <-- 3.658898 s
currentSize : 23 <-- 254.181213 s
currentSize : 24 <-- 729.533691 s
currentSize : 25 <-- 2748.178223 s

TIMEOUT
maxsize : 25
nodes : 133714034.000000
filtered : 3194640740.000000
time : 3600.000000
