Parameters: GAD=1 vflib=1 dir=0 label=0 lowerbound=1 fileNameGp=../graphsdb/mcs30/bvg/b03/mcs30_b03_s25.A81 fileNameGt=../graphsdb/mcs30/bvg/b03/mcs30_b03_s25.B81
Reading graphs...
25 :  36
25 :  37
Initializing...
maxdom : 25
D->valSize : 625
Solving...
currentSize : 9 <-- 0.005571 s
currentSize : 11 <-- 0.005593 s
currentSize : 14 <-- 0.005676 s
currentSize : 15 <-- 0.005690 s
currentSize : 16 <-- 0.013137 s
currentSize : 17 <-- 0.227911 s
currentSize : 18 <-- 0.433506 s

maxsize : 18
nodes : 345453.000000
filtered : 8203985.000000
time : 5.962857
