Parameters: GAD=1 vflib=1 dir=0 label=0 lowerbound=1 fileNameGp=../graphsdb/mcs30/bvg/b06m/mcs30_b06m_s35.A65 fileNameGt=../graphsdb/mcs30/bvg/b06m/mcs30_b06m_s35.B65
Reading graphs...
35 :  100
35 :  100
Initializing...
maxdom : 35
D->valSize : 1225
Solving...
currentSize : 16 <-- 0.019384 s
currentSize : 17 <-- 0.067934 s
currentSize : 18 <-- 0.695943 s
currentSize : 19 <-- 5.034228 s
currentSize : 20 <-- 34.534447 s
currentSize : 21 <-- 84.335190 s

maxsize : 21
nodes : 138804370.000000
filtered : 4983736424.000000
time : 2089.130615
