Parameters: GAD=1 vflib=1 dir=0 label=0 lowerbound=1 fileNameGp=../graphsdb/mcs30/bvg/b03/mcs30_b03_s25.A93 fileNameGt=../graphsdb/mcs30/bvg/b03/mcs30_b03_s25.B93
Reading graphs...
25 :  37
25 :  37
Initializing...
maxdom : 25
D->valSize : 625
Solving...
currentSize : 12 <-- 0.009274 s
currentSize : 13 <-- 0.012623 s
currentSize : 14 <-- 0.017669 s
currentSize : 15 <-- 0.026080 s
currentSize : 16 <-- 0.194813 s
currentSize : 17 <-- 0.396008 s
currentSize : 18 <-- 3.758060 s

maxsize : 18
nodes : 700209.000000
filtered : 13282560.000000
time : 9.052125
