Parameters: GAD=1 vflib=1 dir=0 label=0 lowerbound=1 fileNameGp=../graphsdb/mcs30/rand/r01/mcs30_r01_s35.A11 fileNameGt=../graphsdb/mcs30/rand/r01/mcs30_r01_s35.B11
Reading graphs...
35 :  115
35 :  115
Initializing...
maxdom : 35
D->valSize : 1225
Solving...
currentSize : 13 <-- 0.033274 s
currentSize : 14 <-- 0.033313 s
currentSize : 15 <-- 0.033615 s
currentSize : 16 <-- 0.034056 s
currentSize : 17 <-- 0.037895 s
currentSize : 18 <-- 0.922005 s
currentSize : 19 <-- 1.077447 s
currentSize : 20 <-- 48.299534 s

TIMEOUT
maxsize : 20
nodes : 378131287.000000
filtered : 10667168892.000000
time : 3600.000000
