Parameters: GAD=1 vflib=1 dir=0 label=0 lowerbound=1 fileNameGp=../graphsdb/mcs30/bvg/b09/mcs30_b09_s35.A70 fileNameGt=../graphsdb/mcs30/bvg/b09/mcs30_b09_s35.B70
Reading graphs...
35 :  154
35 :  152
Initializing...
maxdom : 35
D->valSize : 1225
Solving...
currentSize : 14 <-- 0.018611 s
currentSize : 15 <-- 0.018996 s
currentSize : 16 <-- 0.020243 s
currentSize : 17 <-- 0.020974 s
currentSize : 18 <-- 0.417139 s
currentSize : 19 <-- 167.724792 s
currentSize : 20 <-- 961.364014 s

maxsize : 20
nodes : 141925697.000000
filtered : 4138639204.000000
time : 1196.741211
