Parameters: GAD=1 vflib=1 dir=0 label=0 lowerbound=1 fileNameGp=../graphsdb/mcs30/bvg/b09m/mcs30_b09m_s35.A60 fileNameGt=../graphsdb/mcs30/bvg/b09m/mcs30_b09m_s35.B60
Reading graphs...
35 :  144
35 :  143
Initializing...
maxdom : 35
D->valSize : 1225
Solving...
currentSize : 10 <-- 0.018115 s
currentSize : 11 <-- 0.018145 s
currentSize : 12 <-- 0.018153 s
currentSize : 13 <-- 0.018344 s
currentSize : 14 <-- 0.020217 s
currentSize : 15 <-- 0.023227 s
currentSize : 16 <-- 0.177203 s
currentSize : 17 <-- 4.102736 s
currentSize : 18 <-- 137.860596 s
currentSize : 19 <-- 657.660828 s

maxsize : 19
nodes : 299067578.000000
filtered : 7918733262.000000
time : 2376.958740
