Parameters: GAD=1 vflib=1 dir=0 label=0 lowerbound=1 fileNameGp=../graphsdb/mcs30/bvg/b03/mcs30_b03_s35.A65 fileNameGt=../graphsdb/mcs30/bvg/b03/mcs30_b03_s35.B65
Reading graphs...
35 :  52
35 :  52
Initializing...
maxdom : 35
D->valSize : 1225
Solving...
currentSize : 19 <-- 0.036313 s
currentSize : 20 <-- 0.036339 s
currentSize : 21 <-- 0.050301 s
currentSize : 22 <-- 17.244688 s
currentSize : 23 <-- 42.175610 s
currentSize : 24 <-- 144.892975 s
currentSize : 25 <-- 716.347656 s

maxsize : 25
nodes : 93082495.000000
filtered : 2497401042.000000
time : 2580.521729
