Parameters: GAD=1 vflib=1 dir=0 label=0 lowerbound=1 fileNameGp=../graphsdb/mcs30/rand/r01/mcs30_r01_s35.A20 fileNameGt=../graphsdb/mcs30/rand/r01/mcs30_r01_s35.B20
Reading graphs...
35 :  113
35 :  113
Initializing...
maxdom : 35
D->valSize : 1225
Solving...
currentSize : 13 <-- 0.024186 s
currentSize : 15 <-- 0.024272 s
currentSize : 16 <-- 0.025478 s
currentSize : 17 <-- 0.026027 s
currentSize : 18 <-- 0.318073 s
currentSize : 19 <-- 1.317798 s
currentSize : 20 <-- 11.999822 s

TIMEOUT
maxsize : 20
nodes : 386157780.000000
filtered : 10343548189.000000
time : 3600.000000
