Parameters: GAD=1 vflib=1 dir=0 label=0 lowerbound=1 fileNameGp=../graphsdb/mcs30/bvg/b03m/mcs30_b03m_s25.A10 fileNameGt=../graphsdb/mcs30/bvg/b03m/mcs30_b03m_s25.B10
Reading graphs...
25 :  37
25 :  37
Initializing...
maxdom : 25
D->valSize : 625
Solving...
currentSize : 10 <-- 0.005325 s
currentSize : 11 <-- 0.005368 s
currentSize : 12 <-- 0.005758 s
currentSize : 13 <-- 0.020299 s
currentSize : 14 <-- 0.033004 s
currentSize : 15 <-- 0.152984 s
currentSize : 16 <-- 0.737294 s
currentSize : 17 <-- 5.466318 s
currentSize : 18 <-- 12.695695 s

maxsize : 18
nodes : 1000484.000000
filtered : 17009234.000000
time : 15.361723
