Parameters: GAD=1 vflib=1 dir=0 label=0 lowerbound=1 fileNameGp=../graphsdb/mcs30/bvg/b06/mcs30_b06_s25.A10 fileNameGt=../graphsdb/mcs30/bvg/b06/mcs30_b06_s25.B10
Reading graphs...
25 :  75
25 :  73
Initializing...
maxdom : 25
D->valSize : 625
Solving...
currentSize : 10 <-- 0.008296 s
currentSize : 11 <-- 0.010745 s
currentSize : 13 <-- 0.011561 s
currentSize : 14 <-- 0.017194 s
currentSize : 15 <-- 1.689166 s
currentSize : 16 <-- 4.062608 s

maxsize : 16
nodes : 944290.000000
filtered : 21358291.000000
time : 6.969349
