Parameters: GAD=1 vflib=1 dir=0 label=0 lowerbound=1 fileNameGp=../graphsdb/mcs30/bvg/b03/mcs30_b03_s30.A31 fileNameGt=../graphsdb/mcs30/bvg/b03/mcs30_b03_s30.B31
Reading graphs...
30 :  45
30 :  44
Initializing...
maxdom : 30
D->valSize : 900
Solving...
currentSize : 13 <-- 0.011518 s
currentSize : 14 <-- 0.011560 s
currentSize : 16 <-- 0.011828 s
currentSize : 17 <-- 0.017029 s
currentSize : 18 <-- 0.018387 s
currentSize : 19 <-- 0.021352 s
currentSize : 20 <-- 11.029691 s

maxsize : 20
nodes : 45620111.000000
filtered : 755376889.000000
time : 713.023926
