Parameters: GAD=1 vflib=1 dir=0 label=0 lowerbound=1 fileNameGp=../graphsdb/mcs30/bvg/b03/mcs30_b03_s35.A41 fileNameGt=../graphsdb/mcs30/bvg/b03/mcs30_b03_s35.B41
Reading graphs...
35 :  52
35 :  52
Initializing...
maxdom : 35
D->valSize : 1225
Solving...
currentSize : 16 <-- 0.020990 s
currentSize : 20 <-- 0.021048 s
currentSize : 21 <-- 0.021635 s
currentSize : 22 <-- 0.144690 s
currentSize : 23 <-- 0.144820 s
currentSize : 24 <-- 24.634321 s
currentSize : 25 <-- 108.911346 s

maxsize : 25
nodes : 39717927.000000
filtered : 1242934581.000000
time : 1267.249023
