Parameters: GAD=1 vflib=1 dir=0 label=0 lowerbound=1 fileNameGp=../graphsdb/mcs30/bvg/b03/mcs30_b03_s30.A98 fileNameGt=../graphsdb/mcs30/bvg/b03/mcs30_b03_s30.B98
Reading graphs...
30 :  45
30 :  45
Initializing...
maxdom : 30
D->valSize : 900
Solving...
currentSize : 15 <-- 0.011184 s
currentSize : 17 <-- 0.013781 s
currentSize : 18 <-- 0.144348 s
currentSize : 19 <-- 1.111893 s
currentSize : 20 <-- 7.085697 s
currentSize : 21 <-- 13.454416 s
currentSize : 22 <-- 13.458377 s

maxsize : 22
nodes : 2838450.000000
filtered : 74600400.000000
time : 61.270584
