Parameters: GAD=1 vflib=1 dir=0 label=0 lowerbound=1 fileNameGp=../graphsdb/mcs30/rand/r01/mcs30_r01_s35.A01 fileNameGt=../graphsdb/mcs30/rand/r01/mcs30_r01_s35.B01
Reading graphs...
35 :  113
35 :  110
Initializing...
maxdom : 35
D->valSize : 1225
Solving...
currentSize : 10 <-- 0.033733 s
currentSize : 11 <-- 0.033817 s
currentSize : 12 <-- 0.033991 s
currentSize : 13 <-- 0.034422 s
currentSize : 14 <-- 0.036388 s
currentSize : 15 <-- 0.036433 s
currentSize : 16 <-- 0.052788 s
currentSize : 17 <-- 0.086789 s
currentSize : 18 <-- 0.086966 s
currentSize : 19 <-- 14.227320 s

TIMEOUT
maxsize : 19
nodes : 366811377.000000
filtered : 9445302485.000000
time : 3600.000000
