Parameters: GAD=1 vflib=1 dir=0 label=0 lowerbound=1 fileNameGp=../graphsdb/mcs30/m3D/m3Dr2/mcs30_m3Dr2_s30.A03 fileNameGt=../graphsdb/mcs30/m3D/m3Dr2/mcs30_m3Dr2_s30.B03
Reading graphs...
30 :  66
30 :  67
Initializing...
maxdom : 30
D->valSize : 900
Solving...
currentSize : 14 <-- 0.011337 s
currentSize : 15 <-- 0.011667 s
currentSize : 16 <-- 0.019166 s
currentSize : 17 <-- 0.028344 s
currentSize : 18 <-- 1.906147 s
currentSize : 19 <-- 4.332994 s
currentSize : 20 <-- 7.096642 s

maxsize : 20
nodes : 8241263.000000
filtered : 258452069.000000
time : 115.944557
