Parameters: GAD=1 vflib=1 dir=0 label=0 lowerbound=1 fileNameGp=../graphsdb/mcs30/bvg/b06/mcs30_b06_s25.A29 fileNameGt=../graphsdb/mcs30/bvg/b06/mcs30_b06_s25.B29
Reading graphs...
25 :  74
25 :  74
Initializing...
maxdom : 25
D->valSize : 625
Solving...
currentSize : 9 <-- 0.008216 s
currentSize : 10 <-- 0.008315 s
currentSize : 11 <-- 0.008521 s
currentSize : 12 <-- 0.019747 s
currentSize : 13 <-- 0.070703 s
currentSize : 14 <-- 0.708942 s
currentSize : 15 <-- 0.709527 s
currentSize : 16 <-- 0.972559 s

maxsize : 16
nodes : 752675.000000
filtered : 17969643.000000
time : 6.711944
