Parameters: GAD=1 vflib=1 dir=0 label=0 lowerbound=1 fileNameGp=../graphsdb/mcs30/bvg/b06/mcs30_b06_s35.A58 fileNameGt=../graphsdb/mcs30/bvg/b06/mcs30_b06_s35.B58
Reading graphs...
35 :  101
35 :  103
Initializing...
maxdom : 35
D->valSize : 1225
Solving...
currentSize : 15 <-- 0.019319 s
currentSize : 16 <-- 0.019798 s
currentSize : 17 <-- 0.020352 s
currentSize : 18 <-- 0.223439 s
currentSize : 19 <-- 0.744036 s
currentSize : 20 <-- 0.900740 s
currentSize : 21 <-- 669.259766 s

maxsize : 21
nodes : 185730852.000000
filtered : 6128508979.000000
time : 2636.006592
