Parameters: GAD=1 vflib=1 dir=0 label=0 lowerbound=1 fileNameGp=../graphsdb/mcs30/bvg/b03m/mcs30_b03m_s30.A44 fileNameGt=../graphsdb/mcs30/bvg/b03m/mcs30_b03m_s30.B44
Reading graphs...
30 :  43
30 :  43
Initializing...
maxdom : 30
D->valSize : 900
Solving...
currentSize : 13 <-- 0.011407 s
currentSize : 16 <-- 0.011678 s
currentSize : 17 <-- 0.019704 s
currentSize : 18 <-- 4.306624 s
currentSize : 19 <-- 15.836796 s
currentSize : 20 <-- 53.798161 s
currentSize : 21 <-- 58.227058 s

maxsize : 21
nodes : 15326520.000000
filtered : 322823453.000000
time : 276.938812
