Parameters: GAD=1 vflib=1 dir=0 label=0 lowerbound=1 fileNameGp=../graphsdb/mcs30/m3D/m3Dr4/mcs30_m3Dr4_s25.A94 fileNameGt=../graphsdb/mcs30/m3D/m3Dr4/mcs30_m3Dr4_s25.B94
Reading graphs...
25 :  57
25 :  56
Initializing...
maxdom : 25
D->valSize : 625
Solving...
currentSize : 12 <-- 0.008719 s
currentSize : 13 <-- 0.010949 s
currentSize : 14 <-- 0.399225 s
currentSize : 15 <-- 0.685590 s
currentSize : 16 <-- 1.183895 s
currentSize : 17 <-- 2.590092 s

maxsize : 17
nodes : 682497.000000
filtered : 15550641.000000
time : 6.070533
