Parameters: GAD=1 vflib=1 dir=0 label=0 lowerbound=1 fileNameGp=../graphsdb/mcs30/bvg/b09m/mcs30_b09m_s35.A98 fileNameGt=../graphsdb/mcs30/bvg/b09m/mcs30_b09m_s35.B98
Reading graphs...
35 :  143
35 :  145
Initializing...
maxdom : 35
D->valSize : 1225
Solving...
currentSize : 11 <-- 0.018133 s
currentSize : 12 <-- 0.018324 s
currentSize : 13 <-- 0.019623 s
currentSize : 14 <-- 0.025135 s
currentSize : 15 <-- 0.037969 s
currentSize : 16 <-- 0.052146 s
currentSize : 17 <-- 14.912527 s
currentSize : 18 <-- 79.083870 s
currentSize : 19 <-- 1939.958008 s

maxsize : 19
nodes : 351944726.000000
filtered : 9026001012.000000
time : 2933.473145
