Parameters: GAD=1 vflib=1 dir=0 label=0 lowerbound=1 fileNameGp=../graphsdb/mcs30/m3D/m3Dr4/mcs30_m3Dr4_s30.A60 fileNameGt=../graphsdb/mcs30/m3D/m3Dr4/mcs30_m3Dr4_s30.B60
Reading graphs...
30 :  72
30 :  72
Initializing...
maxdom : 30
D->valSize : 900
Solving...
currentSize : 11 <-- 0.010585 s
currentSize : 12 <-- 0.010649 s
currentSize : 13 <-- 0.012503 s
currentSize : 14 <-- 0.021255 s
currentSize : 15 <-- 0.021380 s
currentSize : 16 <-- 0.029937 s
currentSize : 17 <-- 0.292274 s
currentSize : 18 <-- 2.722648 s
currentSize : 19 <-- 43.316982 s

maxsize : 19
nodes : 22910883.000000
filtered : 587153636.000000
time : 266.137512
