Parameters: GAD=1 vflib=1 dir=0 label=0 lowerbound=1 fileNameGp=../graphsdb/mcs30/rand/r01/mcs30_r01_s20.A04 fileNameGt=../graphsdb/mcs30/rand/r01/mcs30_r01_s20.B04
Reading graphs...
20 :  40
20 :  38
Initializing...
maxdom : 20
D->valSize : 400
Solving...
currentSize : 9 <-- 0.002184 s
currentSize : 10 <-- 0.002265 s
currentSize : 11 <-- 0.002322 s
currentSize : 12 <-- 0.002846 s
currentSize : 13 <-- 0.005950 s
currentSize : 14 <-- 0.235868 s

maxsize : 14
nodes : 58996.000000
filtered : 1170769.000000
time : 0.544129
