Parameters: GAD=1 vflib=1 dir=0 label=0 lowerbound=1 fileNameGp=../graphsdb/mcs30/bvg/b09/mcs30_b09_s35.A15 fileNameGt=../graphsdb/mcs30/bvg/b09/mcs30_b09_s35.B15
Reading graphs...
35 :  150
35 :  150
Initializing...
maxdom : 35
D->valSize : 1225
Solving...
currentSize : 15 <-- 0.018017 s
currentSize : 16 <-- 0.018779 s
currentSize : 17 <-- 0.028195 s
currentSize : 18 <-- 0.033190 s
currentSize : 19 <-- 1.321775 s
currentSize : 20 <-- 20.754827 s

maxsize : 20
nodes : 74733231.000000
filtered : 2479758218.000000
time : 843.195557
