Parameters: GAD=1 vflib=1 dir=0 label=0 lowerbound=1 fileNameGp=../graphsdb/mcs30/rand/r005/mcs30_r005_s25.A15 fileNameGt=../graphsdb/mcs30/rand/r005/mcs30_r005_s25.B15
Reading graphs...
25 :  34
25 :  33
Initializing...
maxdom : 25
D->valSize : 625
Solving...
currentSize : 12 <-- 0.005299 s
currentSize : 15 <-- 0.005463 s
currentSize : 16 <-- 0.054932 s
currentSize : 17 <-- 0.056130 s
currentSize : 18 <-- 0.219640 s
currentSize : 19 <-- 1.605781 s

maxsize : 19
nodes : 193189.000000
filtered : 4498198.000000
time : 4.676896
