Parameters: GAD=1 vflib=1 dir=0 label=0 lowerbound=1 fileNameGp=../graphsdb/mcs30/bvg/b06m/mcs30_b06m_s35.A88 fileNameGt=../graphsdb/mcs30/bvg/b06m/mcs30_b06m_s35.B88
Reading graphs...
35 :  98
35 :  100
Initializing...
maxdom : 35
D->valSize : 1225
Solving...
currentSize : 14 <-- 0.020140 s
currentSize : 15 <-- 0.020225 s
currentSize : 16 <-- 0.021234 s
currentSize : 18 <-- 0.035927 s
currentSize : 19 <-- 0.040413 s
currentSize : 20 <-- 2.560439 s
currentSize : 21 <-- 1291.599976 s

TIMEOUT
maxsize : 21
nodes : 268777748.000000
filtered : 7680301792.000000
time : 3600.000000
