Parameters: GAD=1 vflib=1 dir=0 label=0 lowerbound=1 fileNameGp=../graphsdb/mcs30/bvg/b06/mcs30_b06_s30.A93 fileNameGt=../graphsdb/mcs30/bvg/b06/mcs30_b06_s30.B93
Reading graphs...
30 :  88
30 :  83
Initializing...
maxdom : 30
D->valSize : 900
Solving...
currentSize : 12 <-- 0.010122 s
currentSize : 13 <-- 0.010159 s
currentSize : 14 <-- 0.011120 s
currentSize : 15 <-- 0.011664 s
currentSize : 16 <-- 0.014410 s
currentSize : 17 <-- 0.050097 s
currentSize : 18 <-- 9.445056 s

maxsize : 18
nodes : 18645798.000000
filtered : 505071402.000000
time : 185.255203
