Parameters: GAD=1 vflib=1 dir=0 label=0 lowerbound=1 fileNameGp=../graphsdb/mcs30/rand/r01/mcs30_r01_s30.A53 fileNameGt=../graphsdb/mcs30/rand/r01/mcs30_r01_s30.B53
Reading graphs...
30 :  85
30 :  83
Initializing...
maxdom : 30
D->valSize : 900
Solving...
currentSize : 13 <-- 0.014066 s
currentSize : 14 <-- 0.014113 s
currentSize : 15 <-- 0.014148 s
currentSize : 16 <-- 0.021635 s
currentSize : 17 <-- 0.755505 s
currentSize : 18 <-- 39.078411 s

maxsize : 18
nodes : 34744467.000000
filtered : 873162621.000000
time : 304.246765
