Parameters: GAD=1 vflib=1 dir=0 label=0 lowerbound=1 fileNameGp=../graphsdb/mcs30/m2D/m2D/mcs30_m2D_s30.A97 fileNameGt=../graphsdb/mcs30/m2D/m2D/mcs30_m2D_s30.B97
Reading graphs...
30 :  49
30 :  49
Initializing...
maxdom : 30
D->valSize : 900
Solving...
currentSize : 14 <-- 0.017063 s
currentSize : 16 <-- 0.017099 s
currentSize : 17 <-- 0.024711 s
currentSize : 18 <-- 0.110885 s
currentSize : 19 <-- 0.110952 s
currentSize : 20 <-- 0.304808 s
currentSize : 21 <-- 20.947380 s
currentSize : 22 <-- 86.509476 s

maxsize : 22
nodes : 5662353.000000
filtered : 161364422.000000
time : 121.587654
