Parameters: GAD=1 vflib=1 dir=0 label=0 lowerbound=1 fileNameGp=../graphsdb/mcs30/bvg/b03/mcs30_b03_s35.A97 fileNameGt=../graphsdb/mcs30/bvg/b03/mcs30_b03_s35.B97
Reading graphs...
35 :  52
35 :  52
Initializing...
maxdom : 35
D->valSize : 1225
Solving...
currentSize : 12 <-- 0.020812 s
currentSize : 13 <-- 0.020837 s
currentSize : 15 <-- 0.020852 s
currentSize : 17 <-- 0.020904 s
currentSize : 18 <-- 0.024838 s
currentSize : 19 <-- 1.628467 s
currentSize : 20 <-- 20.881607 s
currentSize : 21 <-- 73.557709 s
currentSize : 22 <-- 345.805908 s
currentSize : 23 <-- 1298.011597 s
currentSize : 24 <-- 3259.417236 s
currentSize : 25 <-- 3259.422363 s
currentSize : 26 <-- 3283.189453 s

TIMEOUT
maxsize : 26
nodes : 170403964.000000
filtered : 3267841659.000000
time : 3600.000000
