Parameters: GAD=1 vflib=1 dir=0 label=0 lowerbound=1 fileNameGp=../graphsdb/mcs30/rand/r02/mcs30_r02_s25.A23 fileNameGt=../graphsdb/mcs30/rand/r02/mcs30_r02_s25.B23
Reading graphs...
25 :  107
25 :  108
Initializing...
maxdom : 25
D->valSize : 625
Solving...
currentSize : 6 <-- 0.004562 s
currentSize : 8 <-- 0.004581 s
currentSize : 9 <-- 0.004681 s
currentSize : 11 <-- 0.005492 s
currentSize : 12 <-- 0.039532 s
currentSize : 13 <-- 1.289333 s

maxsize : 13
nodes : 5612323.000000
filtered : 78723244.000000
time : 25.742960
