Parameters: GAD=1 vflib=1 dir=0 label=0 lowerbound=1 fileNameGp=../graphsdb/mcs30/m3D/m3Dr2/mcs30_m3Dr2_s25.A48 fileNameGt=../graphsdb/mcs30/m3D/m3Dr2/mcs30_m3Dr2_s25.B48
Reading graphs...
25 :  52
25 :  50
Initializing...
maxdom : 25
D->valSize : 625
Solving...
currentSize : 11 <-- 0.008660 s
currentSize : 13 <-- 0.008817 s
currentSize : 14 <-- 0.009236 s
currentSize : 15 <-- 0.018595 s
currentSize : 16 <-- 0.554251 s
currentSize : 17 <-- 10.757911 s

maxsize : 17
nodes : 1687132.000000
filtered : 37257478.000000
time : 16.869802
