Parameters: GAD=1 vflib=1 dir=0 label=0 lowerbound=1 fileNameGp=../graphsdb/mcs30/rand/r005/mcs30_r005_s35.A34 fileNameGt=../graphsdb/mcs30/rand/r005/mcs30_r005_s35.B34
Reading graphs...
35 :  63
35 :  63
Initializing...
maxdom : 35
D->valSize : 1225
Solving...
currentSize : 12 <-- 0.036368 s
currentSize : 14 <-- 0.036404 s
currentSize : 15 <-- 0.036434 s
currentSize : 16 <-- 0.036701 s
currentSize : 17 <-- 0.037606 s
currentSize : 18 <-- 0.111516 s
currentSize : 19 <-- 0.114790 s
currentSize : 20 <-- 0.136218 s
currentSize : 21 <-- 2.411194 s
currentSize : 22 <-- 9.093932 s
currentSize : 23 <-- 76.714081 s
currentSize : 24 <-- 1551.896240 s

maxsize : 24
nodes : 130470724.000000
filtered : 3941966678.000000
time : 2257.559326
