Parameters: GAD=1 vflib=1 dir=0 label=0 lowerbound=1 fileNameGp=../graphsdb/mcs30/bvg/b06/mcs30_b06_s30.A82 fileNameGt=../graphsdb/mcs30/bvg/b06/mcs30_b06_s30.B82
Reading graphs...
30 :  87
30 :  90
Initializing...
maxdom : 30
D->valSize : 900
Solving...
currentSize : 10 <-- 0.010009 s
currentSize : 11 <-- 0.010080 s
currentSize : 12 <-- 0.010094 s
currentSize : 13 <-- 0.010118 s
currentSize : 14 <-- 0.013704 s
currentSize : 15 <-- 0.014174 s
currentSize : 16 <-- 0.024289 s
currentSize : 17 <-- 0.149743 s
currentSize : 18 <-- 0.487258 s

maxsize : 18
nodes : 10974599.000000
filtered : 324752900.000000
time : 133.732147
