Parameters: GAD=1 vflib=1 dir=0 label=0 lowerbound=1 fileNameGp=../graphsdb/mcs30/bvg/b06m/mcs30_b06m_s35.A08 fileNameGt=../graphsdb/mcs30/bvg/b06m/mcs30_b06m_s35.B08
Reading graphs...
35 :  99
35 :  99
Initializing...
maxdom : 35
D->valSize : 1225
Solving...
currentSize : 16 <-- 0.019505 s
currentSize : 17 <-- 0.021882 s
currentSize : 18 <-- 0.029332 s
currentSize : 19 <-- 0.078688 s
currentSize : 20 <-- 9.913851 s
currentSize : 21 <-- 47.360779 s

maxsize : 21
nodes : 208411475.000000
filtered : 7033457502.000000
time : 2812.513428
