Parameters: GAD=1 vflib=1 dir=0 label=0 lowerbound=1 fileNameGp=../graphsdb/mcs30/rand/r005/mcs30_r005_s20.A85 fileNameGt=../graphsdb/mcs30/rand/r005/mcs30_r005_s20.B85
Reading graphs...
20 :  23
20 :  23
Initializing...
maxdom : 20
D->valSize : 400
Solving...
currentSize : 5 <-- 0.002455 s
currentSize : 8 <-- 0.002492 s
currentSize : 9 <-- 0.002720 s
currentSize : 10 <-- 0.002802 s
currentSize : 11 <-- 0.003145 s
currentSize : 12 <-- 0.096664 s
currentSize : 13 <-- 0.096736 s
currentSize : 14 <-- 0.098571 s
currentSize : 15 <-- 0.225125 s

maxsize : 15
nodes : 98840.000000
filtered : 753268.000000
time : 0.622159
