Parameters: GAD=1 vflib=1 dir=0 label=0 lowerbound=1 fileNameGp=../graphsdb/mcs30/m3D/m3Dr4/mcs30_m3Dr4_s25.A87 fileNameGt=../graphsdb/mcs30/m3D/m3Dr4/mcs30_m3Dr4_s25.B87
Reading graphs...
25 :  56
25 :  54
Initializing...
maxdom : 25
D->valSize : 625
Solving...
currentSize : 11 <-- 0.008679 s
currentSize : 12 <-- 0.008842 s
currentSize : 13 <-- 0.023882 s
currentSize : 14 <-- 0.041536 s
currentSize : 15 <-- 0.157612 s
currentSize : 16 <-- 0.471504 s

maxsize : 16
nodes : 2201937.000000
filtered : 47101981.000000
time : 21.212051
