Parameters: GAD=1 vflib=1 dir=0 label=0 lowerbound=1 fileNameGp=../graphsdb/mcs30/m3D/m3Dr4/mcs30_m3Dr4_s25.A76 fileNameGt=../graphsdb/mcs30/m3D/m3Dr4/mcs30_m3Dr4_s25.B76
Reading graphs...
25 :  56
25 :  56
Initializing...
maxdom : 25
D->valSize : 625
Solving...
currentSize : 11 <-- 0.005105 s
currentSize : 12 <-- 0.005153 s
currentSize : 13 <-- 0.005302 s
currentSize : 14 <-- 0.006108 s
currentSize : 15 <-- 0.102128 s
currentSize : 16 <-- 0.381334 s
currentSize : 17 <-- 5.105946 s

maxsize : 17
nodes : 725376.000000
filtered : 18697738.000000
time : 8.086747
