Parameters: GAD=1 vflib=1 dir=0 label=0 lowerbound=1 fileNameGp=../graphsdb/mcs30/rand/r005/mcs30_r005_s35.A48 fileNameGt=../graphsdb/mcs30/rand/r005/mcs30_r005_s35.B48
Reading graphs...
35 :  63
35 :  62
Initializing...
maxdom : 35
D->valSize : 1225
Solving...
currentSize : 12 <-- 0.020450 s
currentSize : 14 <-- 0.020501 s
currentSize : 15 <-- 0.020629 s
currentSize : 16 <-- 0.021146 s
currentSize : 17 <-- 0.021280 s
currentSize : 18 <-- 0.021395 s
currentSize : 20 <-- 0.098490 s
currentSize : 21 <-- 12.456931 s
currentSize : 22 <-- 36.795158 s
currentSize : 23 <-- 593.574219 s
currentSize : 24 <-- 1075.727417 s

maxsize : 24
nodes : 79191006.000000
filtered : 2605618821.000000
time : 2171.329102
