Parameters: GAD=1 vflib=1 dir=0 label=0 lowerbound=1 fileNameGp=../graphsdb/mcs30/m2D/m2Dr2/mcs30_m2Dr2_s30.A67 fileNameGt=../graphsdb/mcs30/m2D/m2Dr2/mcs30_m2Dr2_s30.B67
Reading graphs...
30 :  52
30 :  54
Initializing...
maxdom : 30
D->valSize : 900
Solving...
currentSize : 13 <-- 0.011444 s
currentSize : 16 <-- 0.011490 s
currentSize : 17 <-- 0.016155 s
currentSize : 18 <-- 0.061576 s
currentSize : 19 <-- 0.176385 s
currentSize : 20 <-- 0.176603 s
currentSize : 21 <-- 32.967716 s
currentSize : 22 <-- 38.987415 s

maxsize : 22
nodes : 4072041.000000
filtered : 118490695.000000
time : 77.519676
