Parameters: GAD=1 vflib=1 dir=0 label=0 lowerbound=1 fileNameGp=../graphsdb/mcs30/bvg/b06/mcs30_b06_s25.A52 fileNameGt=../graphsdb/mcs30/bvg/b06/mcs30_b06_s25.B52
Reading graphs...
25 :  74
25 :  72
Initializing...
maxdom : 25
D->valSize : 625
Solving...
currentSize : 9 <-- 0.008163 s
currentSize : 10 <-- 0.008261 s
currentSize : 12 <-- 0.008976 s
currentSize : 13 <-- 0.016451 s
currentSize : 14 <-- 0.016846 s
currentSize : 15 <-- 0.527787 s
currentSize : 16 <-- 1.554345 s

maxsize : 16
nodes : 697604.000000
filtered : 18173514.000000
time : 5.603367
