Parameters: GAD=1 vflib=1 dir=0 label=0 lowerbound=1 fileNameGp=../graphsdb/mcs30/m2D/m2Dr2/mcs30_m2Dr2_s30.A81 fileNameGt=../graphsdb/mcs30/m2D/m2Dr2/mcs30_m2Dr2_s30.B81
Reading graphs...
30 :  55
30 :  54
Initializing...
maxdom : 30
D->valSize : 900
Solving...
currentSize : 13 <-- 0.011001 s
currentSize : 14 <-- 0.011024 s
currentSize : 16 <-- 0.042935 s
currentSize : 17 <-- 0.043979 s
currentSize : 18 <-- 0.055815 s
currentSize : 19 <-- 3.352709 s
currentSize : 20 <-- 18.670977 s
currentSize : 21 <-- 62.224354 s

maxsize : 21
nodes : 5340482.000000
filtered : 164838225.000000
time : 118.915672
