Parameters: GAD=1 vflib=1 dir=0 label=0 lowerbound=1 fileNameGp=../graphsdb/mcs30/m3D/m3Dr4/mcs30_m3Dr4_s25.A53 fileNameGt=../graphsdb/mcs30/m3D/m3Dr4/mcs30_m3Dr4_s25.B53
Reading graphs...
25 :  55
25 :  55
Initializing...
maxdom : 25
D->valSize : 625
Solving...
currentSize : 11 <-- 0.008698 s
currentSize : 12 <-- 0.009167 s
currentSize : 13 <-- 0.014398 s
currentSize : 14 <-- 0.025341 s
currentSize : 15 <-- 0.089865 s
currentSize : 16 <-- 1.991017 s

maxsize : 16
nodes : 1519813.000000
filtered : 34103795.000000
time : 13.268218
