Parameters: GAD=1 vflib=1 dir=0 label=0 lowerbound=1 fileNameGp=../graphsdb/mcs30/m3D/m3D/mcs30_m3D_s30.A19 fileNameGt=../graphsdb/mcs30/m3D/m3D/mcs30_m3D_s30.B19
Reading graphs...
30 :  60
30 :  59
Initializing...
maxdom : 30
D->valSize : 900
Solving...
currentSize : 13 <-- 0.010873 s
currentSize : 14 <-- 0.010986 s
currentSize : 15 <-- 0.028887 s
currentSize : 16 <-- 0.521320 s
currentSize : 17 <-- 0.704581 s
currentSize : 18 <-- 1.307417 s
currentSize : 19 <-- 24.802153 s
currentSize : 20 <-- 37.027618 s

maxsize : 20
nodes : 12222489.000000
filtered : 335023723.000000
time : 178.717743
