Parameters: GAD=1 vflib=1 dir=0 label=0 lowerbound=1 fileNameGp=../graphsdb/mcs30/rand/r005/mcs30_r005_s30.A17 fileNameGt=../graphsdb/mcs30/rand/r005/mcs30_r005_s30.B17
Reading graphs...
30 :  48
30 :  48
Initializing...
maxdom : 30
D->valSize : 900
Solving...
currentSize : 9 <-- 0.019421 s
currentSize : 11 <-- 0.019483 s
currentSize : 15 <-- 0.019662 s
currentSize : 16 <-- 0.019736 s
currentSize : 17 <-- 0.020055 s
currentSize : 18 <-- 0.302006 s
currentSize : 19 <-- 3.174018 s
currentSize : 20 <-- 3.747824 s
currentSize : 21 <-- 3.780728 s

maxsize : 21
nodes : 4415722.000000
filtered : 124873540.000000
time : 99.969086
