Parameters: GAD=1 vflib=1 dir=0 label=0 lowerbound=1 fileNameGp=../graphsdb/mcs30/bvg/b03/mcs30_b03_s25.A20 fileNameGt=../graphsdb/mcs30/bvg/b03/mcs30_b03_s25.B20
Reading graphs...
25 :  36
25 :  37
Initializing...
maxdom : 25
D->valSize : 625
Solving...
currentSize : 12 <-- 0.005455 s
currentSize : 13 <-- 0.005472 s
currentSize : 14 <-- 0.008402 s
currentSize : 16 <-- 0.010437 s
currentSize : 17 <-- 0.110390 s
currentSize : 18 <-- 0.749726 s

maxsize : 18
nodes : 297541.000000
filtered : 6918265.000000
time : 4.404379
