Parameters: GAD=1 vflib=1 dir=0 label=0 lowerbound=1 fileNameGp=../graphsdb/mcs30/bvg/b03/mcs30_b03_s25.A16 fileNameGt=../graphsdb/mcs30/bvg/b03/mcs30_b03_s25.B16
Reading graphs...
25 :  37
25 :  37
Initializing...
maxdom : 25
D->valSize : 625
Solving...
currentSize : 12 <-- 0.005180 s
currentSize : 13 <-- 0.005196 s
currentSize : 14 <-- 0.005762 s
currentSize : 15 <-- 0.019581 s
currentSize : 16 <-- 0.120001 s
currentSize : 17 <-- 0.126404 s
currentSize : 18 <-- 1.497611 s

maxsize : 18
nodes : 358282.000000
filtered : 7268395.000000
time : 5.391705
