Parameters: GAD=1 vflib=1 dir=0 label=0 lowerbound=1 fileNameGp=../graphsdb/mcs30/rand/r01/mcs30_r01_s30.A19 fileNameGt=../graphsdb/mcs30/rand/r01/mcs30_r01_s30.B19
Reading graphs...
30 :  82
30 :  83
Initializing...
maxdom : 30
D->valSize : 900
Solving...
currentSize : 12 <-- 0.018109 s
currentSize : 13 <-- 0.018150 s
currentSize : 14 <-- 0.018380 s
currentSize : 15 <-- 0.019079 s
currentSize : 16 <-- 0.033744 s
currentSize : 17 <-- 0.174486 s
currentSize : 18 <-- 12.711095 s
currentSize : 19 <-- 45.097427 s

maxsize : 19
nodes : 12941655.000000
filtered : 350043279.000000
time : 124.490913
