Parameters: GAD=1 vflib=1 dir=0 label=0 lowerbound=1 fileNameGp=../graphsdb/mcs30/m3D/m3Dr2/mcs30_m3Dr2_s25.A10 fileNameGt=../graphsdb/mcs30/m3D/m3Dr2/mcs30_m3Dr2_s25.B10
Reading graphs...
25 :  51
25 :  53
Initializing...
maxdom : 25
D->valSize : 625
Solving...
currentSize : 12 <-- 0.005149 s
currentSize : 13 <-- 0.005431 s
currentSize : 14 <-- 0.005475 s
currentSize : 15 <-- 0.031123 s
currentSize : 16 <-- 0.126238 s
currentSize : 17 <-- 0.702503 s

maxsize : 17
nodes : 724092.000000
filtered : 18525604.000000
time : 8.548080
