Parameters: GAD=1 vflib=1 dir=0 label=0 lowerbound=1 fileNameGp=../graphsdb/mcs30/m3D/m3D/mcs30_m3D_s25.A58 fileNameGt=../graphsdb/mcs30/m3D/m3D/mcs30_m3D_s25.B58
Reading graphs...
25 :  47
25 :  48
Initializing...
maxdom : 25
D->valSize : 625
Solving...
currentSize : 8 <-- 0.005114 s
currentSize : 12 <-- 0.005147 s
currentSize : 13 <-- 0.005153 s
currentSize : 14 <-- 0.005763 s
currentSize : 15 <-- 0.015046 s
currentSize : 16 <-- 0.060976 s
currentSize : 17 <-- 0.090094 s

maxsize : 17
nodes : 646166.000000
filtered : 17165514.000000
time : 9.140349
