Parameters: GAD=1 vflib=1 dir=0 label=0 lowerbound=1 fileNameGp=../graphsdb/mcs30/m2D/m2Dr2/mcs30_m2Dr2_s30.A41 fileNameGt=../graphsdb/mcs30/m2D/m2Dr2/mcs30_m2Dr2_s30.B41
Reading graphs...
30 :  55
30 :  53
Initializing...
maxdom : 30
D->valSize : 900
Solving...
currentSize : 15 <-- 0.019296 s
currentSize : 17 <-- 0.028806 s
currentSize : 18 <-- 0.121050 s
currentSize : 19 <-- 0.319520 s
currentSize : 20 <-- 10.625161 s
currentSize : 21 <-- 145.153625 s

maxsize : 21
nodes : 9707992.000000
filtered : 289183252.000000
time : 174.472809
