Parameters: GAD=1 vflib=1 dir=0 label=0 lowerbound=1 fileNameGp=../graphsdb/mcs30/m3D/m3D/mcs30_m3D_s25.A69 fileNameGt=../graphsdb/mcs30/m3D/m3D/mcs30_m3D_s25.B69
Reading graphs...
25 :  48
25 :  49
Initializing...
maxdom : 25
D->valSize : 625
Solving...
currentSize : 11 <-- 0.008962 s
currentSize : 12 <-- 0.009067 s
currentSize : 13 <-- 0.011220 s
currentSize : 14 <-- 0.026361 s
currentSize : 15 <-- 0.100132 s
currentSize : 16 <-- 0.259999 s
currentSize : 17 <-- 0.769869 s

maxsize : 17
nodes : 625383.000000
filtered : 15348097.000000
time : 6.534395
