Parameters: GAD=1 vflib=1 dir=0 label=0 lowerbound=1 fileNameGp=../graphsdb/mcs30/m2D/m2Dr6/mcs30_m2Dr6_s30.A23 fileNameGt=../graphsdb/mcs30/m2D/m2Dr6/mcs30_m2Dr6_s30.B23
Reading graphs...
30 :  65
30 :  66
Initializing...
maxdom : 30
D->valSize : 900
Solving...
currentSize : 13 <-- 0.010617 s
currentSize : 14 <-- 0.010644 s
currentSize : 15 <-- 0.010766 s
currentSize : 16 <-- 0.010777 s
currentSize : 17 <-- 0.025286 s
currentSize : 18 <-- 0.094648 s
currentSize : 19 <-- 3.066753 s
currentSize : 20 <-- 32.683922 s

maxsize : 20
nodes : 10409874.000000
filtered : 295511544.000000
time : 153.899078
