Parameters: GAD=1 vflib=1 dir=0 label=0 lowerbound=1 fileNameGp=../graphsdb/mcs30/m2D/m2Dr6/mcs30_m2Dr6_s30.A07 fileNameGt=../graphsdb/mcs30/m2D/m2Dr6/mcs30_m2Dr6_s30.B07
Reading graphs...
30 :  66
30 :  62
Initializing...
maxdom : 30
D->valSize : 900
Solving...
currentSize : 10 <-- 0.018879 s
currentSize : 11 <-- 0.018926 s
currentSize : 13 <-- 0.019006 s
currentSize : 14 <-- 0.019931 s
currentSize : 15 <-- 0.022698 s
currentSize : 16 <-- 0.031202 s
currentSize : 17 <-- 0.064984 s
currentSize : 18 <-- 0.261203 s
currentSize : 19 <-- 0.336665 s
currentSize : 20 <-- 142.559540 s

maxsize : 20
nodes : 14018083.000000
filtered : 414181642.000000
time : 203.589005
