Parameters: GAD=1 vflib=1 dir=0 label=0 lowerbound=1 fileNameGp=../graphsdb/mcs30/bvg/b06m/mcs30_b06m_s30.A51 fileNameGt=../graphsdb/mcs30/bvg/b06m/mcs30_b06m_s30.B51
Reading graphs...
30 :  85
30 :  83
Initializing...
maxdom : 30
D->valSize : 900
Solving...
currentSize : 12 <-- 0.016584 s
currentSize : 13 <-- 0.016640 s
currentSize : 14 <-- 0.018128 s
currentSize : 15 <-- 0.019577 s
currentSize : 16 <-- 0.024971 s
currentSize : 17 <-- 0.363181 s
currentSize : 18 <-- 54.412201 s

maxsize : 18
nodes : 25820044.000000
filtered : 655448079.000000
time : 243.642639
