Parameters: GAD=1 vflib=1 dir=0 label=0 lowerbound=1 fileNameGp=../graphsdb/mcs30/m2D/m2Dr2/mcs30_m2Dr2_s30.A09 fileNameGt=../graphsdb/mcs30/m2D/m2Dr2/mcs30_m2Dr2_s30.B09
Reading graphs...
30 :  54
30 :  52
Initializing...
maxdom : 30
D->valSize : 900
Solving...
currentSize : 14 <-- 0.019067 s
currentSize : 15 <-- 0.019096 s
currentSize : 16 <-- 0.019313 s
currentSize : 18 <-- 0.122893 s
currentSize : 19 <-- 0.122905 s
currentSize : 20 <-- 3.948755 s
currentSize : 21 <-- 27.499001 s

maxsize : 21
nodes : 4223323.000000
filtered : 142632642.000000
time : 89.219971
