Parameters: GAD=1 vflib=1 dir=0 label=0 lowerbound=1 fileNameGp=../graphsdb/mcs30/rand/r005/mcs30_r005_s30.A81 fileNameGt=../graphsdb/mcs30/rand/r005/mcs30_r005_s30.B81
Reading graphs...
30 :  47
30 :  48
Initializing...
maxdom : 30
D->valSize : 900
Solving...
currentSize : 15 <-- 0.010998 s
currentSize : 16 <-- 0.011035 s
currentSize : 17 <-- 0.011077 s
currentSize : 18 <-- 0.077161 s
currentSize : 19 <-- 0.077780 s
currentSize : 20 <-- 37.356663 s
currentSize : 21 <-- 164.501450 s

maxsize : 21
nodes : 19540497.000000
filtered : 451081101.000000
time : 330.806885
