Parameters: GAD=1 vflib=1 dir=0 label=0 lowerbound=1 fileNameGp=../graphsdb/mcs30/m3D/m3Dr6/mcs30_m3Dr6_s25.A70 fileNameGt=../graphsdb/mcs30/m3D/m3Dr6/mcs30_m3Dr6_s25.B70
Reading graphs...
25 :  59
25 :  60
Initializing...
maxdom : 25
D->valSize : 625
Solving...
currentSize : 10 <-- 0.008589 s
currentSize : 12 <-- 0.008793 s
currentSize : 13 <-- 0.009810 s
currentSize : 14 <-- 0.017230 s
currentSize : 15 <-- 0.407630 s
currentSize : 16 <-- 9.351811 s

maxsize : 16
nodes : 2499378.000000
filtered : 49308451.000000
time : 18.400368
