Parameters: GAD=1 vflib=1 dir=0 label=0 lowerbound=1 fileNameGp=../graphsdb/mcs30/bvg/b09/mcs30_b09_s35.A85 fileNameGt=../graphsdb/mcs30/bvg/b09/mcs30_b09_s35.B85
Reading graphs...
35 :  150
35 :  150
Initializing...
maxdom : 35
D->valSize : 1225
Solving...
currentSize : 15 <-- 0.017824 s
currentSize : 16 <-- 0.018395 s
currentSize : 17 <-- 0.020782 s
currentSize : 18 <-- 0.177497 s
currentSize : 19 <-- 1.833492 s
currentSize : 20 <-- 567.166199 s

maxsize : 20
nodes : 143390145.000000
filtered : 3923977930.000000
time : 1411.818970
