Parameters: GAD=1 vflib=1 dir=0 label=0 lowerbound=1 fileNameGp=../graphsdb/mcs30/m2D/m2D/mcs30_m2D_s30.A46 fileNameGt=../graphsdb/mcs30/m2D/m2D/mcs30_m2D_s30.B46
Reading graphs...
30 :  49
30 :  49
Initializing...
maxdom : 30
D->valSize : 900
Solving...
currentSize : 12 <-- 0.011091 s
currentSize : 13 <-- 0.011110 s
currentSize : 15 <-- 0.011306 s
currentSize : 16 <-- 0.043209 s
currentSize : 17 <-- 0.073980 s
currentSize : 18 <-- 0.506098 s
currentSize : 19 <-- 4.331844 s
currentSize : 20 <-- 6.066720 s
currentSize : 21 <-- 8.620069 s
currentSize : 22 <-- 19.932570 s

maxsize : 22
nodes : 3280603.000000
filtered : 102735568.000000
time : 84.583168
