Parameters: GAD=1 vflib=1 dir=0 label=0 lowerbound=1 fileNameGp=../graphsdb/mcs30/bvg/b06m/mcs30_b06m_s35.A73 fileNameGt=../graphsdb/mcs30/bvg/b06m/mcs30_b06m_s35.B73
Reading graphs...
35 :  100
35 :  99
Initializing...
maxdom : 35
D->valSize : 1225
Solving...
currentSize : 15 <-- 0.033829 s
currentSize : 16 <-- 0.033961 s
currentSize : 17 <-- 0.034795 s
currentSize : 18 <-- 0.035062 s
currentSize : 19 <-- 0.229839 s
currentSize : 20 <-- 1.256368 s
currentSize : 21 <-- 179.219574 s

TIMEOUT
maxsize : 21
nodes : 240570400.000000
filtered : 8164788264.000000
time : 3600.000000
