Parameters: GAD=1 vflib=1 dir=0 label=0 lowerbound=1 fileNameGp=../graphsdb/mcs30/rand/r02/mcs30_r02_s30.A43 fileNameGt=../graphsdb/mcs30/rand/r02/mcs30_r02_s30.B43
Reading graphs...
30 :  156
30 :  162
Initializing...
maxdom : 30
D->valSize : 900
Solving...
currentSize : 10 <-- 0.016113 s
currentSize : 11 <-- 0.016361 s
currentSize : 12 <-- 0.017503 s
currentSize : 13 <-- 0.024530 s
currentSize : 14 <-- 0.833840 s
currentSize : 15 <-- 360.792877 s

maxsize : 15
nodes : 90583358.000000
filtered : 1203979733.000000
time : 425.435303
