Parameters: GAD=1 vflib=1 dir=0 label=0 lowerbound=1 fileNameGp=../graphsdb/mcs30/bvg/b03m/mcs30_b03m_s35.A12 fileNameGt=../graphsdb/mcs30/bvg/b03m/mcs30_b03m_s35.B12
Reading graphs...
35 :  52
35 :  52
Initializing...
maxdom : 35
D->valSize : 1225
Solving...
currentSize : 17 <-- 0.021310 s
currentSize : 18 <-- 0.024103 s
currentSize : 20 <-- 0.049840 s
currentSize : 21 <-- 0.362296 s
currentSize : 22 <-- 0.394775 s
currentSize : 23 <-- 0.394953 s
currentSize : 24 <-- 0.606719 s

TIMEOUT
maxsize : 24
nodes : 146007887.000000
filtered : 3838837992.000000
time : 3600.000244
