Parameters: GAD=1 vflib=1 dir=0 label=0 lowerbound=1 fileNameGp=../graphsdb/mcs30/m3D/m3Dr6/mcs30_m3Dr6_s25.A09 fileNameGt=../graphsdb/mcs30/m3D/m3Dr6/mcs30_m3Dr6_s25.B09
Reading graphs...
25 :  58
25 :  61
Initializing...
maxdom : 25
D->valSize : 625
Solving...
currentSize : 11 <-- 0.005080 s
currentSize : 12 <-- 0.005301 s
currentSize : 13 <-- 0.006343 s
currentSize : 14 <-- 0.006488 s
currentSize : 15 <-- 0.008860 s
currentSize : 16 <-- 0.991874 s

maxsize : 16
nodes : 1597469.000000
filtered : 37199784.000000
time : 14.906747
