Parameters: GAD=1 vflib=1 dir=0 label=0 lowerbound=1 fileNameGp=../graphsdb/mcs30/m2D/m2Dr6/mcs30_m2Dr6_s30.A57 fileNameGt=../graphsdb/mcs30/m2D/m2Dr6/mcs30_m2Dr6_s30.B57
Reading graphs...
30 :  65
30 :  62
Initializing...
maxdom : 30
D->valSize : 900
Solving...
currentSize : 10 <-- 0.018828 s
currentSize : 13 <-- 0.018928 s
currentSize : 14 <-- 0.019980 s
currentSize : 15 <-- 0.023743 s
currentSize : 16 <-- 0.397079 s
currentSize : 17 <-- 1.101921 s
currentSize : 18 <-- 1.213269 s
currentSize : 19 <-- 80.054016 s
currentSize : 20 <-- 257.495361 s

maxsize : 20
nodes : 23602076.000000
filtered : 592136929.000000
time : 334.455780
