Parameters: GAD=1 vflib=1 dir=0 label=0 lowerbound=1 fileNameGp=../graphsdb/mcs30/rand/r02/mcs30_r02_s35.A86 fileNameGt=../graphsdb/mcs30/rand/r02/mcs30_r02_s35.B86
Reading graphs...
35 :  210
35 :  202
Initializing...
maxdom : 35
D->valSize : 1225
Solving...
currentSize : 10 <-- 0.017217 s
currentSize : 11 <-- 0.017256 s
currentSize : 12 <-- 0.017314 s
currentSize : 13 <-- 0.020716 s
currentSize : 14 <-- 0.030042 s
currentSize : 15 <-- 0.071152 s
currentSize : 16 <-- 266.418060 s

TIMEOUT
maxsize : 16
nodes : 664088703.000000
filtered : 10547947382.000000
time : 3600.000000
