Parameters: GAD=1 vflib=1 dir=0 label=0 lowerbound=1 fileNameGp=../graphsdb/mcs30/m3D/m3Dr4/mcs30_m3Dr4_s25.A81 fileNameGt=../graphsdb/mcs30/m3D/m3Dr4/mcs30_m3Dr4_s25.B81
Reading graphs...
25 :  56
25 :  56
Initializing...
maxdom : 25
D->valSize : 625
Solving...
currentSize : 10 <-- 0.004903 s
currentSize : 11 <-- 0.005109 s
currentSize : 12 <-- 0.005677 s
currentSize : 13 <-- 0.008390 s
currentSize : 14 <-- 0.018373 s
currentSize : 15 <-- 0.046349 s
currentSize : 16 <-- 0.873421 s

maxsize : 16
nodes : 1484728.000000
filtered : 34324093.000000
time : 11.990995
