Parameters: GAD=1 vflib=1 dir=0 label=0 lowerbound=1 fileNameGp=../graphsdb/mcs30/bvg/b03/mcs30_b03_s35.A76 fileNameGt=../graphsdb/mcs30/bvg/b03/mcs30_b03_s35.B76
Reading graphs...
35 :  52
35 :  52
Initializing...
maxdom : 35
D->valSize : 1225
Solving...
currentSize : 12 <-- 0.021216 s
currentSize : 13 <-- 0.021422 s
currentSize : 16 <-- 0.021497 s
currentSize : 17 <-- 0.055084 s
currentSize : 18 <-- 0.127804 s
currentSize : 19 <-- 1.919279 s
currentSize : 20 <-- 24.504156 s
currentSize : 21 <-- 49.123600 s
currentSize : 22 <-- 58.027527 s
currentSize : 23 <-- 64.631165 s
currentSize : 24 <-- 1014.467224 s
currentSize : 25 <-- 1014.474670 s

maxsize : 25
nodes : 98353781.000000
filtered : 2659724768.000000
time : 2642.784180
