Parameters: GAD=1 vflib=1 dir=0 label=0 lowerbound=1 fileNameGp=../graphsdb/mcs30/bvg/b06m/mcs30_b06m_s35.A72 fileNameGt=../graphsdb/mcs30/bvg/b06m/mcs30_b06m_s35.B72
Reading graphs...
35 :  97
35 :  98
Initializing...
maxdom : 35
D->valSize : 1225
Solving...
currentSize : 12 <-- 0.019726 s
currentSize : 15 <-- 0.019776 s
currentSize : 16 <-- 0.019878 s
currentSize : 17 <-- 0.020394 s
currentSize : 18 <-- 0.090815 s
currentSize : 19 <-- 0.111250 s
currentSize : 20 <-- 0.996524 s
currentSize : 21 <-- 986.275085 s

maxsize : 21
nodes : 181901867.000000
filtered : 5627768079.000000
time : 2282.703369
