Parameters: GAD=1 vflib=1 dir=0 label=0 lowerbound=1 fileNameGp=../graphsdb/mcs30/bvg/b06/mcs30_b06_s35.A79 fileNameGt=../graphsdb/mcs30/bvg/b06/mcs30_b06_s35.B79
Reading graphs...
35 :  99
35 :  103
Initializing...
maxdom : 35
D->valSize : 1225
Solving...
currentSize : 10 <-- 0.019599 s
currentSize : 12 <-- 0.019624 s
currentSize : 14 <-- 0.019929 s
currentSize : 15 <-- 0.020091 s
currentSize : 16 <-- 0.021099 s
currentSize : 17 <-- 0.122857 s
currentSize : 18 <-- 0.215863 s
currentSize : 19 <-- 0.751069 s
currentSize : 20 <-- 2.275850 s
currentSize : 21 <-- 11.234552 s

maxsize : 21
nodes : 160497896.000000
filtered : 5499437720.000000
time : 2358.835938
