Parameters: GAD=1 vflib=1 dir=0 label=0 lowerbound=1 fileNameGp=../graphsdb/mcs30/rand/r02/mcs30_r02_s35.A50 fileNameGt=../graphsdb/mcs30/rand/r02/mcs30_r02_s35.B50
Reading graphs...
35 :  214
35 :  212
Initializing...
maxdom : 35
D->valSize : 1225
Solving...
currentSize : 9 <-- 0.029271 s
currentSize : 10 <-- 0.029304 s
currentSize : 11 <-- 0.029379 s
currentSize : 12 <-- 0.029685 s
currentSize : 13 <-- 0.029784 s
currentSize : 14 <-- 0.036694 s
currentSize : 15 <-- 1.921148 s
currentSize : 16 <-- 344.141479 s

maxsize : 16
nodes : 600314317.000000
filtered : 9777247154.000000
time : 3242.861084
