Parameters: GAD=1 vflib=1 dir=0 label=0 lowerbound=1 fileNameGp=../graphsdb/mcs30/m2D/m2Dr4/mcs30_m2Dr4_s30.A58 fileNameGt=../graphsdb/mcs30/m2D/m2Dr4/mcs30_m2Dr4_s30.B58
Reading graphs...
30 :  58
30 :  58
Initializing...
maxdom : 30
D->valSize : 900
Solving...
currentSize : 14 <-- 0.010693 s
currentSize : 16 <-- 0.010771 s
currentSize : 17 <-- 0.011282 s
currentSize : 18 <-- 0.549065 s
currentSize : 19 <-- 1.130871 s
currentSize : 20 <-- 21.107508 s
currentSize : 21 <-- 161.499756 s

maxsize : 21
nodes : 8899823.000000
filtered : 278783081.000000
time : 180.035385
