Parameters: GAD=1 vflib=1 dir=0 label=0 lowerbound=1 fileNameGp=../graphsdb/mcs30/rand/r01/mcs30_r01_s25.A99 fileNameGt=../graphsdb/mcs30/rand/r01/mcs30_r01_s25.B99
Reading graphs...
25 :  61
25 :  59
Initializing...
maxdom : 25
D->valSize : 625
Solving...
currentSize : 10 <-- 0.004951 s
currentSize : 12 <-- 0.006449 s
currentSize : 13 <-- 0.007859 s
currentSize : 14 <-- 0.026606 s
currentSize : 15 <-- 1.085156 s
currentSize : 16 <-- 2.166028 s

maxsize : 16
nodes : 1003523.000000
filtered : 23887491.000000
time : 9.884883
