Parameters: GAD=1 vflib=1 dir=0 label=0 lowerbound=1 fileNameGp=../graphsdb/mcs30/bvg/b03m/mcs30_b03m_s30.A59 fileNameGt=../graphsdb/mcs30/bvg/b03m/mcs30_b03m_s30.B59
Reading graphs...
30 :  45
30 :  45
Initializing...
maxdom : 30
D->valSize : 900
Solving...
currentSize : 9 <-- 0.019523 s
currentSize : 10 <-- 0.019606 s
currentSize : 11 <-- 0.020046 s
currentSize : 12 <-- 0.023448 s
currentSize : 13 <-- 0.028880 s
currentSize : 14 <-- 0.031199 s
currentSize : 15 <-- 0.032199 s
currentSize : 16 <-- 0.043103 s
currentSize : 17 <-- 0.052416 s
currentSize : 18 <-- 2.566517 s
currentSize : 19 <-- 9.120227 s
currentSize : 20 <-- 137.867523 s
currentSize : 21 <-- 168.755692 s

maxsize : 21
nodes : 19010993.000000
filtered : 334461259.000000
time : 325.359741
