Parameters: GAD=1 vflib=1 dir=0 label=0 lowerbound=1 fileNameGp=../graphsdb/mcs30/rand/r01/mcs30_r01_s30.A20 fileNameGt=../graphsdb/mcs30/rand/r01/mcs30_r01_s30.B20
Reading graphs...
30 :  85
30 :  84
Initializing...
maxdom : 30
D->valSize : 900
Solving...
currentSize : 11 <-- 0.010259 s
currentSize : 12 <-- 0.010323 s
currentSize : 13 <-- 0.010706 s
currentSize : 14 <-- 0.010853 s
currentSize : 15 <-- 0.010884 s
currentSize : 16 <-- 0.018603 s
currentSize : 17 <-- 0.581368 s
currentSize : 18 <-- 2.340152 s

maxsize : 18
nodes : 26146055.000000
filtered : 674542933.000000
time : 228.569687
