Parameters: GAD=1 vflib=1 dir=0 label=0 lowerbound=1 fileNameGp=../graphsdb/mcs30/bvg/b03/mcs30_b03_s20.A10 fileNameGt=../graphsdb/mcs30/bvg/b03/mcs30_b03_s20.B10
Reading graphs...
20 :  30
20 :  30
Initializing...
maxdom : 20
D->valSize : 400
Solving...
currentSize : 3 <-- 0.002244 s
currentSize : 7 <-- 0.002275 s
currentSize : 8 <-- 0.002282 s
currentSize : 9 <-- 0.002343 s
currentSize : 10 <-- 0.002347 s
currentSize : 11 <-- 0.002720 s
currentSize : 12 <-- 0.004886 s
currentSize : 13 <-- 0.011120 s
currentSize : 14 <-- 0.021287 s
currentSize : 15 <-- 0.280617 s

maxsize : 15
nodes : 42245.000000
filtered : 650020.000000
time : 0.309607
