Parameters: GAD=1 vflib=1 dir=0 label=0 lowerbound=1 fileNameGp=../graphsdb/mcs30/bvg/b03/mcs30_b03_s35.A18 fileNameGt=../graphsdb/mcs30/bvg/b03/mcs30_b03_s35.B18
Reading graphs...
35 :  52
35 :  51
Initializing...
maxdom : 35
D->valSize : 1225
Solving...
currentSize : 12 <-- 0.025570 s
currentSize : 13 <-- 0.025596 s
currentSize : 15 <-- 0.025666 s
currentSize : 16 <-- 0.025729 s
currentSize : 17 <-- 0.029514 s
currentSize : 18 <-- 0.111023 s
currentSize : 19 <-- 0.246623 s
currentSize : 20 <-- 0.274832 s
currentSize : 21 <-- 1.214014 s
currentSize : 22 <-- 7.657204 s
currentSize : 23 <-- 175.780685 s
currentSize : 24 <-- 590.783386 s
currentSize : 25 <-- 1219.199219 s
currentSize : 26 <-- 1415.968750 s

maxsize : 26
nodes : 69830608.000000
filtered : 1692687378.000000
time : 1984.767212
