Parameters: GAD=1 vflib=1 dir=0 label=0 lowerbound=1 fileNameGp=../graphsdb/mcs30/rand/r02/mcs30_r02_s30.A63 fileNameGt=../graphsdb/mcs30/rand/r02/mcs30_r02_s30.B63
Reading graphs...
30 :  156
30 :  159
Initializing...
maxdom : 30
D->valSize : 900
Solving...
currentSize : 10 <-- 0.009489 s
currentSize : 11 <-- 0.009670 s
currentSize : 12 <-- 0.010252 s
currentSize : 13 <-- 0.196861 s
currentSize : 14 <-- 0.842120 s
currentSize : 15 <-- 325.746613 s

maxsize : 15
nodes : 82562046.000000
filtered : 1148672566.000000
time : 399.007874
