Parameters: GAD=1 vflib=1 dir=0 label=0 lowerbound=1 fileNameGp=../graphsdb/mcs30/bvg/b06m/mcs30_b06m_s25.A19 fileNameGt=../graphsdb/mcs30/bvg/b06m/mcs30_b06m_s25.B19
Reading graphs...
25 :  70
25 :  71
Initializing...
maxdom : 25
D->valSize : 625
Solving...
currentSize : 10 <-- 0.008369 s
currentSize : 11 <-- 0.008453 s
currentSize : 12 <-- 0.009279 s
currentSize : 13 <-- 0.014528 s
currentSize : 14 <-- 0.068361 s
currentSize : 15 <-- 0.238570 s
currentSize : 16 <-- 0.920029 s

maxsize : 16
nodes : 794095.000000
filtered : 20897817.000000
time : 7.320930
