Parameters: GAD=1 vflib=1 dir=0 label=0 lowerbound=1 fileNameGp=../graphsdb/mcs30/m3D/m3D/mcs30_m3D_s25.A54 fileNameGt=../graphsdb/mcs30/m3D/m3D/mcs30_m3D_s25.B54
Reading graphs...
25 :  47
25 :  49
Initializing...
maxdom : 25
D->valSize : 625
Solving...
currentSize : 10 <-- 0.005037 s
currentSize : 12 <-- 0.005068 s
currentSize : 13 <-- 0.006524 s
currentSize : 14 <-- 0.009838 s
currentSize : 15 <-- 0.014572 s
currentSize : 16 <-- 0.110399 s
currentSize : 17 <-- 0.437702 s

maxsize : 17
nodes : 954217.000000
filtered : 23058451.000000
time : 10.400737
