Parameters: GAD=1 vflib=1 dir=0 label=0 lowerbound=1 fileNameGp=../graphsdb/mcs30/m2D/m2D/mcs30_m2D_s30.A21 fileNameGt=../graphsdb/mcs30/m2D/m2D/mcs30_m2D_s30.B21
Reading graphs...
30 :  49
30 :  49
Initializing...
maxdom : 30
D->valSize : 900
Solving...
currentSize : 14 <-- 0.016571 s
currentSize : 15 <-- 0.016605 s
currentSize : 16 <-- 0.019273 s
currentSize : 17 <-- 0.021392 s
currentSize : 18 <-- 0.050553 s
currentSize : 19 <-- 6.112430 s
currentSize : 20 <-- 8.780183 s
currentSize : 21 <-- 8.780203 s

maxsize : 21
nodes : 4203527.000000
filtered : 108065010.000000
time : 63.644650
