Parameters: GAD=1 vflib=1 dir=0 label=0 lowerbound=1 fileNameGp=../graphsdb/mcs30/m2D/m2Dr2/mcs30_m2Dr2_s30.A60 fileNameGt=../graphsdb/mcs30/m2D/m2Dr2/mcs30_m2Dr2_s30.B60
Reading graphs...
30 :  55
30 :  54
Initializing...
maxdom : 30
D->valSize : 900
Solving...
currentSize : 14 <-- 0.011353 s
currentSize : 15 <-- 0.013059 s
currentSize : 16 <-- 0.014778 s
currentSize : 17 <-- 0.015048 s
currentSize : 18 <-- 0.015089 s
currentSize : 19 <-- 0.717990 s
currentSize : 20 <-- 0.732985 s
currentSize : 21 <-- 22.477203 s

maxsize : 21
nodes : 4977089.000000
filtered : 151016889.000000
time : 76.177353
