Parameters: GAD=1 vflib=1 dir=0 label=0 lowerbound=1 fileNameGp=../graphsdb/mcs30/bvg/b09m/mcs30_b09m_s35.A87 fileNameGt=../graphsdb/mcs30/bvg/b09m/mcs30_b09m_s35.B87
Reading graphs...
35 :  141
35 :  142
Initializing...
maxdom : 35
D->valSize : 1225
Solving...
currentSize : 13 <-- 0.018284 s
currentSize : 14 <-- 0.018637 s
currentSize : 15 <-- 0.104077 s
currentSize : 16 <-- 0.234100 s
currentSize : 17 <-- 0.345577 s
currentSize : 18 <-- 305.933746 s
currentSize : 19 <-- 1162.344482 s

maxsize : 19
nodes : 267444521.000000
filtered : 7604473791.000000
time : 2463.722656
