Parameters: GAD=1 vflib=1 dir=0 label=0 lowerbound=1 fileNameGp=../graphsdb/mcs30/rand/r02/mcs30_r02_s35.A87 fileNameGt=../graphsdb/mcs30/rand/r02/mcs30_r02_s35.B87
Reading graphs...
35 :  211
35 :  211
Initializing...
maxdom : 35
D->valSize : 1225
Solving...
currentSize : 9 <-- 0.017151 s
currentSize : 10 <-- 0.017188 s
currentSize : 11 <-- 0.017224 s
currentSize : 12 <-- 0.017371 s
currentSize : 13 <-- 0.017404 s
currentSize : 14 <-- 0.160491 s
currentSize : 15 <-- 0.876197 s
currentSize : 16 <-- 138.134949 s

TIMEOUT
maxsize : 16
nodes : 676808833.000000
filtered : 10712594811.000000
time : 3600.000000
