Parameters: GAD=1 vflib=1 dir=0 label=0 lowerbound=1 fileNameGp=../graphsdb/mcs30/bvg/b06m/mcs30_b06m_s35.A11 fileNameGt=../graphsdb/mcs30/bvg/b06m/mcs30_b06m_s35.B11
Reading graphs...
35 :  102
35 :  100
Initializing...
maxdom : 35
D->valSize : 1225
Solving...
currentSize : 12 <-- 0.019272 s
currentSize : 14 <-- 0.019297 s
currentSize : 15 <-- 0.020394 s
currentSize : 16 <-- 0.027447 s
currentSize : 17 <-- 0.060234 s
currentSize : 18 <-- 0.333702 s
currentSize : 19 <-- 3.761099 s
currentSize : 20 <-- 28.633047 s
currentSize : 21 <-- 709.341858 s

maxsize : 21
nodes : 309894903.000000
filtered : 9834203200.000000
time : 3412.803955
