Parameters: GAD=1 vflib=1 dir=0 label=0 lowerbound=1 fileNameGp=../graphsdb/mcs30/m3D/m3D/mcs30_m3D_s25.A29 fileNameGt=../graphsdb/mcs30/m3D/m3D/mcs30_m3D_s25.B29
Reading graphs...
25 :  49
25 :  47
Initializing...
maxdom : 25
D->valSize : 625
Solving...
currentSize : 11 <-- 0.008856 s
currentSize : 12 <-- 0.008949 s
currentSize : 13 <-- 0.009166 s
currentSize : 14 <-- 0.009506 s
currentSize : 15 <-- 0.010589 s
currentSize : 16 <-- 0.011044 s
currentSize : 17 <-- 0.249421 s

maxsize : 17
nodes : 1503257.000000
filtered : 36744489.000000
time : 18.083160
