Parameters: GAD=1 vflib=1 dir=0 label=0 lowerbound=1 fileNameGp=../graphsdb/mcs30/bvg/b03m/mcs30_b03m_s20.A26 fileNameGt=../graphsdb/mcs30/bvg/b03m/mcs30_b03m_s20.B26
Reading graphs...
20 :  30
20 :  30
Initializing...
maxdom : 20
D->valSize : 400
Solving...
currentSize : 9 <-- 0.003835 s
currentSize : 10 <-- 0.004015 s
currentSize : 12 <-- 0.036569 s
currentSize : 13 <-- 0.036579 s
currentSize : 14 <-- 0.038865 s
currentSize : 15 <-- 0.064962 s

maxsize : 15
nodes : 17555.000000
filtered : 276795.000000
time : 0.161471
