Parameters: GAD=1 vflib=1 dir=0 label=0 lowerbound=1 fileNameGp=../graphsdb/mcs30/bvg/b03/mcs30_b03_s35.A87 fileNameGt=../graphsdb/mcs30/bvg/b03/mcs30_b03_s35.B87
Reading graphs...
35 :  51
35 :  51
Initializing...
maxdom : 35
D->valSize : 1225
Solving...
currentSize : 18 <-- 0.021229 s
currentSize : 19 <-- 0.031144 s
currentSize : 20 <-- 0.033941 s
currentSize : 21 <-- 0.421234 s
currentSize : 22 <-- 17.840708 s
currentSize : 23 <-- 20.321854 s
currentSize : 24 <-- 20.514904 s
currentSize : 25 <-- 1246.258545 s

maxsize : 25
nodes : 88930179.000000
filtered : 2378806254.000000
time : 2523.000488
