Parameters: GAD=1 vflib=1 dir=0 label=0 lowerbound=1 fileNameGp=../graphsdb/mcs30/bvg/b06m/mcs30_b06m_s35.A49 fileNameGt=../graphsdb/mcs30/bvg/b06m/mcs30_b06m_s35.B49
Reading graphs...
35 :  100
35 :  104
Initializing...
maxdom : 35
D->valSize : 1225
Solving...
currentSize : 15 <-- 0.024503 s
currentSize : 16 <-- 0.188651 s
currentSize : 17 <-- 0.251508 s
currentSize : 18 <-- 0.341077 s
currentSize : 19 <-- 21.142818 s
currentSize : 20 <-- 197.210434 s
currentSize : 21 <-- 1961.948730 s

TIMEOUT
maxsize : 21
nodes : 220829514.000000
filtered : 6953931860.000000
time : 3600.000000
