Parameters: GAD=1 vflib=1 dir=0 label=0 lowerbound=1 fileNameGp=../graphsdb/mcs30/rand/r005/mcs30_r005_s30.A03 fileNameGt=../graphsdb/mcs30/rand/r005/mcs30_r005_s30.B03
Reading graphs...
30 :  48
30 :  47
Initializing...
maxdom : 30
D->valSize : 900
Solving...
currentSize : 17 <-- 0.011463 s
currentSize : 18 <-- 0.011487 s
currentSize : 19 <-- 0.011707 s
currentSize : 20 <-- 0.834055 s
currentSize : 21 <-- 0.874431 s
currentSize : 22 <-- 24.550278 s

maxsize : 22
nodes : 2334308.000000
filtered : 67516981.000000
time : 48.343769
