Parameters: GAD=1 vflib=1 dir=0 label=0 lowerbound=1 fileNameGp=../graphsdb/mcs30/m2D/m2Dr4/mcs30_m2Dr4_s30.A11 fileNameGt=../graphsdb/mcs30/m2D/m2Dr4/mcs30_m2Dr4_s30.B11
Reading graphs...
30 :  59
30 :  59
Initializing...
maxdom : 30
D->valSize : 900
Solving...
currentSize : 12 <-- 0.010636 s
currentSize : 15 <-- 0.010703 s
currentSize : 16 <-- 0.010735 s
currentSize : 17 <-- 0.026938 s
currentSize : 18 <-- 0.048607 s
currentSize : 19 <-- 0.072091 s
currentSize : 20 <-- 16.398727 s
currentSize : 21 <-- 23.355209 s

maxsize : 21
nodes : 5764804.000000
filtered : 169911884.000000
time : 84.007797
