Parameters: GAD=1 vflib=1 dir=0 label=0 lowerbound=1 fileNameGp=../graphsdb/mcs30/rand/r005/mcs30_r005_s30.A63 fileNameGt=../graphsdb/mcs30/rand/r005/mcs30_r005_s30.B63
Reading graphs...
30 :  48
30 :  48
Initializing...
maxdom : 30
D->valSize : 900
Solving...
currentSize : 13 <-- 0.011109 s
currentSize : 14 <-- 0.011161 s
currentSize : 15 <-- 0.011821 s
currentSize : 17 <-- 0.014469 s
currentSize : 18 <-- 0.106397 s
currentSize : 19 <-- 0.579433 s
currentSize : 20 <-- 0.587405 s
currentSize : 21 <-- 67.011009 s

maxsize : 21
nodes : 12547444.000000
filtered : 314454844.000000
time : 265.866333
