Parameters: GAD=1 vflib=1 dir=0 label=0 lowerbound=1 fileNameGp=../graphsdb/mcs30/rand/r02/mcs30_r02_s35.A41 fileNameGt=../graphsdb/mcs30/rand/r02/mcs30_r02_s35.B41
Reading graphs...
35 :  218
35 :  206
Initializing...
maxdom : 35
D->valSize : 1225
Solving...
currentSize : 10 <-- 0.029824 s
currentSize : 11 <-- 0.030181 s
currentSize : 12 <-- 0.030746 s
currentSize : 13 <-- 0.041308 s
currentSize : 14 <-- 0.046188 s
currentSize : 15 <-- 3.076465 s
currentSize : 16 <-- 280.010956 s

maxsize : 16
nodes : 562626232.000000
filtered : 9371843805.000000
time : 3044.056152
