Parameters: GAD=1 vflib=1 dir=0 label=0 lowerbound=1 fileNameGp=../graphsdb/mcs30/m3D/m3D/mcs30_m3D_s30.A65 fileNameGt=../graphsdb/mcs30/m3D/m3D/mcs30_m3D_s30.B65
Reading graphs...
30 :  61
30 :  61
Initializing...
maxdom : 30
D->valSize : 900
Solving...
currentSize : 10 <-- 0.018823 s
currentSize : 11 <-- 0.018849 s
currentSize : 12 <-- 0.018923 s
currentSize : 14 <-- 0.018938 s
currentSize : 15 <-- 0.019268 s
currentSize : 16 <-- 0.019368 s
currentSize : 17 <-- 0.023752 s
currentSize : 18 <-- 2.659585 s
currentSize : 19 <-- 11.427483 s
currentSize : 20 <-- 41.116199 s

maxsize : 20
nodes : 9052920.000000
filtered : 261674525.000000
time : 146.922363
