Parameters: GAD=1 vflib=1 dir=0 label=0 lowerbound=1 fileNameGp=../graphsdb/mcs30/rand/r005/mcs30_r005_s20.A11 fileNameGt=../graphsdb/mcs30/rand/r005/mcs30_r005_s20.B11
Reading graphs...
20 :  23
20 :  23
Initializing...
maxdom : 20
D->valSize : 400
Solving...
currentSize : 9 <-- 0.003942 s
currentSize : 12 <-- 0.004004 s
currentSize : 13 <-- 0.004228 s
currentSize : 14 <-- 0.006081 s
currentSize : 15 <-- 0.019030 s
currentSize : 16 <-- 0.176172 s

maxsize : 16
nodes : 13687.000000
filtered : 271539.000000
time : 0.331682
