Parameters: GAD=1 vflib=1 dir=0 label=0 lowerbound=1 fileNameGp=../graphsdb/mcs30/rand/r005/mcs30_r005_s30.A48 fileNameGt=../graphsdb/mcs30/rand/r005/mcs30_r005_s30.B48
Reading graphs...
30 :  47
30 :  48
Initializing...
maxdom : 30
D->valSize : 900
Solving...
currentSize : 13 <-- 0.019403 s
currentSize : 14 <-- 0.019484 s
currentSize : 15 <-- 0.020129 s
currentSize : 16 <-- 0.026732 s
currentSize : 17 <-- 0.066404 s
currentSize : 18 <-- 0.195581 s
currentSize : 19 <-- 0.483224 s
currentSize : 20 <-- 12.389422 s
currentSize : 21 <-- 15.786193 s
currentSize : 22 <-- 101.167755 s

maxsize : 22
nodes : 5608302.000000
filtered : 159559324.000000
time : 139.040558
