Parameters: GAD=1 vflib=1 dir=0 label=0 lowerbound=1 fileNameGp=../graphsdb/mcs30/m2D/m2Dr6/mcs30_m2Dr6_s30.A26 fileNameGt=../graphsdb/mcs30/m2D/m2Dr6/mcs30_m2Dr6_s30.B26
Reading graphs...
30 :  66
30 :  63
Initializing...
maxdom : 30
D->valSize : 900
Solving...
currentSize : 13 <-- 0.018604 s
currentSize : 14 <-- 0.018682 s
currentSize : 15 <-- 0.019180 s
currentSize : 16 <-- 0.032446 s
currentSize : 17 <-- 0.205378 s
currentSize : 18 <-- 0.247053 s
currentSize : 19 <-- 0.632533 s
currentSize : 20 <-- 1.460539 s

maxsize : 20
nodes : 5568945.000000
filtered : 186163434.000000
time : 75.270187
