Parameters: GAD=1 vflib=1 dir=0 label=0 lowerbound=1 fileNameGp=../graphsdb/mcs30/m3D/m3Dr4/mcs30_m3Dr4_s25.A71 fileNameGt=../graphsdb/mcs30/m3D/m3Dr4/mcs30_m3Dr4_s25.B71
Reading graphs...
25 :  57
25 :  58
Initializing...
maxdom : 25
D->valSize : 625
Solving...
currentSize : 11 <-- 0.008611 s
currentSize : 12 <-- 0.032145 s
currentSize : 13 <-- 0.032265 s
currentSize : 14 <-- 0.069708 s
currentSize : 15 <-- 0.310854 s
currentSize : 16 <-- 1.238101 s

maxsize : 16
nodes : 1396535.000000
filtered : 30641714.000000
time : 12.859066
