Parameters: GAD=1 vflib=1 dir=0 label=0 lowerbound=1 fileNameGp=../graphsdb/mcs30/m3D/m3D/mcs30_m3D_s30.A96 fileNameGt=../graphsdb/mcs30/m3D/m3D/mcs30_m3D_s30.B96
Reading graphs...
30 :  59
30 :  60
Initializing...
maxdom : 30
D->valSize : 900
Solving...
currentSize : 14 <-- 0.018763 s
currentSize : 15 <-- 0.020632 s
currentSize : 17 <-- 0.067105 s
currentSize : 18 <-- 0.077063 s
currentSize : 19 <-- 1.263444 s
currentSize : 20 <-- 65.977089 s

maxsize : 20
nodes : 16881493.000000
filtered : 466573868.000000
time : 236.915222
