Parameters: GAD=1 vflib=1 dir=0 label=0 lowerbound=1 fileNameGp=../graphsdb/mcs30/rand/r005/mcs30_r005_s35.A41 fileNameGt=../graphsdb/mcs30/rand/r005/mcs30_r005_s35.B41
Reading graphs...
35 :  63
35 :  61
Initializing...
maxdom : 35
D->valSize : 1225
Solving...
currentSize : 16 <-- 0.020687 s
currentSize : 17 <-- 0.020710 s
currentSize : 18 <-- 0.021435 s
currentSize : 19 <-- 0.033181 s
currentSize : 20 <-- 0.050976 s
currentSize : 21 <-- 0.140599 s
currentSize : 22 <-- 4.214366 s
currentSize : 23 <-- 21.127487 s
currentSize : 24 <-- 227.930191 s

maxsize : 24
nodes : 90608926.000000
filtered : 3094579924.000000
time : 2426.994141
