Parameters: GAD=1 vflib=1 dir=0 label=0 lowerbound=1 fileNameGp=../graphsdb/mcs30/rand/r005/mcs30_r005_s25.A54 fileNameGt=../graphsdb/mcs30/rand/r005/mcs30_r005_s25.B54
Reading graphs...
25 :  33
25 :  34
Initializing...
maxdom : 25
D->valSize : 625
Solving...
currentSize : 9 <-- 0.005303 s
currentSize : 10 <-- 0.005359 s
currentSize : 12 <-- 0.005372 s
currentSize : 13 <-- 0.005378 s
currentSize : 14 <-- 0.005625 s
currentSize : 15 <-- 0.019477 s
currentSize : 16 <-- 0.051086 s
currentSize : 17 <-- 0.052254 s
currentSize : 18 <-- 0.953398 s

maxsize : 18
nodes : 343261.000000
filtered : 8076190.000000
time : 8.254693
