Parameters: GAD=1 vflib=1 dir=0 label=0 lowerbound=1 fileNameGp=../graphsdb/mcs30/bvg/b03m/mcs30_b03m_s20.A86 fileNameGt=../graphsdb/mcs30/bvg/b03m/mcs30_b03m_s20.B86
Reading graphs...
20 :  30
20 :  30
Initializing...
maxdom : 20
D->valSize : 400
Solving...
currentSize : 7 <-- 0.002197 s
currentSize : 9 <-- 0.003200 s
currentSize : 11 <-- 0.003298 s
currentSize : 12 <-- 0.005576 s
currentSize : 13 <-- 0.005674 s
currentSize : 14 <-- 0.034838 s
currentSize : 15 <-- 0.174514 s

maxsize : 15
nodes : 27503.000000
filtered : 450815.000000
time : 0.215177
