Parameters: GAD=1 vflib=1 dir=0 label=0 lowerbound=1 fileNameGp=../graphsdb/mcs30/m3D/m3D/mcs30_m3D_s30.A46 fileNameGt=../graphsdb/mcs30/m3D/m3D/mcs30_m3D_s30.B46
Reading graphs...
30 :  61
30 :  61
Initializing...
maxdom : 30
D->valSize : 900
Solving...
currentSize : 13 <-- 0.018790 s
currentSize : 15 <-- 0.018854 s
currentSize : 16 <-- 0.020856 s
currentSize : 17 <-- 0.131291 s
currentSize : 18 <-- 0.572612 s
currentSize : 19 <-- 9.664919 s
currentSize : 20 <-- 72.988480 s

maxsize : 20
nodes : 15396531.000000
filtered : 432810329.000000
time : 190.381439
