Parameters: GAD=1 vflib=1 dir=0 label=0 lowerbound=1 fileNameGp=../graphsdb/mcs30/m2D/m2Dr2/mcs30_m2Dr2_s30.A14 fileNameGt=../graphsdb/mcs30/m2D/m2Dr2/mcs30_m2Dr2_s30.B14
Reading graphs...
30 :  53
30 :  55
Initializing...
maxdom : 30
D->valSize : 900
Solving...
currentSize : 11 <-- 0.011023 s
currentSize : 12 <-- 0.011089 s
currentSize : 13 <-- 0.011246 s
currentSize : 14 <-- 0.016407 s
currentSize : 15 <-- 0.017625 s
currentSize : 16 <-- 0.017702 s
currentSize : 17 <-- 0.022197 s
currentSize : 18 <-- 0.657414 s
currentSize : 19 <-- 1.162769 s
currentSize : 20 <-- 12.053131 s
currentSize : 21 <-- 112.124886 s
currentSize : 22 <-- 135.950562 s

maxsize : 22
nodes : 6938546.000000
filtered : 196195125.000000
time : 144.447830
