Parameters: GAD=1 vflib=1 dir=0 label=0 lowerbound=1 fileNameGp=../graphsdb/mcs30/m3D/m3Dr4/mcs30_m3Dr4_s30.A21 fileNameGt=../graphsdb/mcs30/m3D/m3Dr4/mcs30_m3Dr4_s30.B21
Reading graphs...
30 :  70
30 :  70
Initializing...
maxdom : 30
D->valSize : 900
Solving...
currentSize : 15 <-- 0.010519 s
currentSize : 16 <-- 0.010580 s
currentSize : 17 <-- 0.021486 s
currentSize : 18 <-- 0.113135 s
currentSize : 19 <-- 4.827069 s
currentSize : 20 <-- 5.014116 s

maxsize : 20
nodes : 7581779.000000
filtered : 236256745.000000
time : 107.668297
