Parameters: GAD=1 vflib=1 dir=0 label=0 lowerbound=1 fileNameGp=../graphsdb/mcs30/rand/r01/mcs30_r01_s20.A07 fileNameGt=../graphsdb/mcs30/rand/r01/mcs30_r01_s20.B07
Reading graphs...
20 :  37
20 :  39
Initializing...
maxdom : 20
D->valSize : 400
Solving...
currentSize : 9 <-- 0.002215 s
currentSize : 10 <-- 0.002254 s
currentSize : 11 <-- 0.002331 s
currentSize : 12 <-- 0.007703 s
currentSize : 13 <-- 0.012714 s
currentSize : 14 <-- 0.077090 s

maxsize : 14
nodes : 46830.000000
filtered : 1024014.000000
time : 0.341069
