Parameters: GAD=1 vflib=1 dir=0 label=0 lowerbound=1 fileNameGp=../graphsdb/mcs30/rand/r01/mcs30_r01_s35.A07 fileNameGt=../graphsdb/mcs30/rand/r01/mcs30_r01_s35.B07
Reading graphs...
35 :  116
35 :  112
Initializing...
maxdom : 35
D->valSize : 1225
Solving...
currentSize : 13 <-- 0.019210 s
currentSize : 14 <-- 0.019352 s
currentSize : 15 <-- 0.019778 s
currentSize : 16 <-- 0.028149 s
currentSize : 17 <-- 0.103082 s
currentSize : 18 <-- 0.580719 s
currentSize : 19 <-- 11.820454 s
currentSize : 20 <-- 590.469055 s

TIMEOUT
maxsize : 20
nodes : 393088371.000000
filtered : 10958506307.000000
time : 3600.000244
