Parameters: GAD=1 vflib=1 dir=0 label=0 lowerbound=1 fileNameGp=../graphsdb/mcs30/bvg/b03m/mcs30_b03m_s35.A71 fileNameGt=../graphsdb/mcs30/bvg/b03m/mcs30_b03m_s35.B71
Reading graphs...
35 :  51
35 :  52
Initializing...
maxdom : 35
D->valSize : 1225
Solving...
currentSize : 16 <-- 0.020791 s
currentSize : 17 <-- 0.021657 s
currentSize : 18 <-- 0.280860 s
currentSize : 19 <-- 0.347789 s
currentSize : 20 <-- 1.668590 s
currentSize : 21 <-- 8.675838 s
currentSize : 22 <-- 29.527937 s
currentSize : 23 <-- 143.705826 s
currentSize : 24 <-- 2097.290527 s

TIMEOUT
maxsize : 24
nodes : 160978717.000000
filtered : 4024081541.000000
time : 3600.000244
