Parameters: GAD=1 vflib=1 dir=0 label=0 lowerbound=1 fileNameGp=../graphsdb/mcs30/bvg/b03m/mcs30_b03m_s30.A24 fileNameGt=../graphsdb/mcs30/bvg/b03m/mcs30_b03m_s30.B24
Reading graphs...
30 :  45
30 :  45
Initializing...
maxdom : 30
D->valSize : 900
Solving...
currentSize : 9 <-- 0.011249 s
currentSize : 12 <-- 0.011281 s
currentSize : 14 <-- 0.011387 s
currentSize : 15 <-- 0.016693 s
currentSize : 16 <-- 0.044453 s
currentSize : 17 <-- 1.074146 s
currentSize : 18 <-- 1.078181 s
currentSize : 19 <-- 2.819652 s
currentSize : 20 <-- 2.864734 s
currentSize : 21 <-- 59.707367 s

maxsize : 21
nodes : 8693816.000000
filtered : 182329118.000000
time : 165.806244
