Parameters: GAD=1 vflib=1 dir=0 label=0 lowerbound=1 fileNameGp=../graphsdb/mcs30/m3D/m3D/mcs30_m3D_s25.A41 fileNameGt=../graphsdb/mcs30/m3D/m3D/mcs30_m3D_s25.B41
Reading graphs...
25 :  49
25 :  48
Initializing...
maxdom : 25
D->valSize : 625
Solving...
currentSize : 12 <-- 0.005418 s
currentSize : 13 <-- 0.005437 s
currentSize : 14 <-- 0.005479 s
currentSize : 15 <-- 0.008632 s
currentSize : 16 <-- 0.022027 s
currentSize : 17 <-- 5.032973 s

maxsize : 17
nodes : 1222892.000000
filtered : 27205361.000000
time : 12.329949
