Parameters: GAD=1 vflib=1 dir=0 label=0 lowerbound=1 fileNameGp=../graphsdb/mcs30/rand/r02/mcs30_r02_s30.A32 fileNameGt=../graphsdb/mcs30/rand/r02/mcs30_r02_s30.B32
Reading graphs...
30 :  156
30 :  156
Initializing...
maxdom : 30
D->valSize : 900
Solving...
currentSize : 8 <-- 0.015992 s
currentSize : 9 <-- 0.016045 s
currentSize : 10 <-- 0.016180 s
currentSize : 11 <-- 0.017094 s
currentSize : 12 <-- 0.026501 s
currentSize : 13 <-- 0.182201 s
currentSize : 14 <-- 23.861517 s

maxsize : 14
nodes : 100727800.000000
filtered : 1379264012.000000
time : 487.423035
