Parameters: GAD=1 vflib=1 dir=0 label=0 lowerbound=1 fileNameGp=../graphsdb/mcs30/rand/r005/mcs30_r005_s20.A40 fileNameGt=../graphsdb/mcs30/rand/r005/mcs30_r005_s20.B40
Reading graphs...
20 :  23
20 :  23
Initializing...
maxdom : 20
D->valSize : 400
Solving...
currentSize : 9 <-- 0.002319 s
currentSize : 10 <-- 0.002339 s
currentSize : 12 <-- 0.002445 s
currentSize : 13 <-- 0.002953 s
currentSize : 14 <-- 0.196754 s
currentSize : 15 <-- 0.206995 s

maxsize : 15
nodes : 48737.000000
filtered : 613740.000000
time : 0.548465
