Parameters: GAD=1 vflib=1 dir=0 label=0 lowerbound=1 fileNameGp=../graphsdb/mcs30/m3D/m3D/mcs30_m3D_s30.A55 fileNameGt=../graphsdb/mcs30/m3D/m3D/mcs30_m3D_s30.B55
Reading graphs...
30 :  60
30 :  60
Initializing...
maxdom : 30
D->valSize : 900
Solving...
currentSize : 12 <-- 0.010659 s
currentSize : 13 <-- 0.012463 s
currentSize : 14 <-- 0.086376 s
currentSize : 15 <-- 0.182011 s
currentSize : 16 <-- 0.182891 s
currentSize : 17 <-- 0.228459 s
currentSize : 18 <-- 0.229857 s
currentSize : 19 <-- 1.497824 s
currentSize : 20 <-- 26.668825 s

maxsize : 20
nodes : 9152114.000000
filtered : 273025910.000000
time : 162.419327
