Parameters: GAD=1 vflib=1 dir=0 label=0 lowerbound=1 fileNameGp=../graphsdb/mcs30/m3D/m3Dr4/mcs30_m3Dr4_s25.A70 fileNameGt=../graphsdb/mcs30/m3D/m3Dr4/mcs30_m3Dr4_s25.B70
Reading graphs...
25 :  56
25 :  54
Initializing...
maxdom : 25
D->valSize : 625
Solving...
currentSize : 12 <-- 0.008817 s
currentSize : 13 <-- 0.010248 s
currentSize : 14 <-- 0.018420 s
currentSize : 15 <-- 0.019691 s
currentSize : 16 <-- 0.068599 s
currentSize : 17 <-- 1.199924 s

maxsize : 17
nodes : 588997.000000
filtered : 15112175.000000
time : 5.418604
