Parameters: GAD=1 vflib=1 dir=0 label=0 lowerbound=1 fileNameGp=../graphsdb/mcs30/rand/r01/mcs30_r01_s25.A98 fileNameGt=../graphsdb/mcs30/rand/r01/mcs30_r01_s25.B98
Reading graphs...
25 :  60
25 :  57
Initializing...
maxdom : 25
D->valSize : 625
Solving...
currentSize : 12 <-- 0.008648 s
currentSize : 13 <-- 0.008928 s
currentSize : 14 <-- 0.032037 s
currentSize : 15 <-- 0.032909 s
currentSize : 16 <-- 0.560628 s
currentSize : 17 <-- 5.856553 s

maxsize : 17
nodes : 999235.000000
filtered : 23366596.000000
time : 9.860604
