Parameters: GAD=1 vflib=1 dir=0 label=0 lowerbound=1 fileNameGp=../graphsdb/mcs30/rand/r02/mcs30_r02_s35.A54 fileNameGt=../graphsdb/mcs30/rand/r02/mcs30_r02_s35.B54
Reading graphs...
35 :  213
35 :  203
Initializing...
maxdom : 35
D->valSize : 1225
Solving...
currentSize : 9 <-- 0.029987 s
currentSize : 10 <-- 0.030046 s
currentSize : 11 <-- 0.030305 s
currentSize : 12 <-- 0.030481 s
currentSize : 13 <-- 0.033312 s
currentSize : 14 <-- 0.082807 s
currentSize : 15 <-- 15.606945 s
currentSize : 16 <-- 2205.534424 s

TIMEOUT
maxsize : 16
nodes : 708621254.000000
filtered : 9528996339.000000
time : 3600.000000
