Parameters: GAD=1 vflib=1 dir=0 label=0 lowerbound=1 fileNameGp=../graphsdb/mcs30/bvg/b06/mcs30_b06_s30.A51 fileNameGt=../graphsdb/mcs30/bvg/b06/mcs30_b06_s30.B51
Reading graphs...
30 :  86
30 :  84
Initializing...
maxdom : 30
D->valSize : 900
Solving...
currentSize : 11 <-- 0.010239 s
currentSize : 12 <-- 0.010262 s
currentSize : 13 <-- 0.010811 s
currentSize : 15 <-- 0.012187 s
currentSize : 16 <-- 0.012235 s
currentSize : 17 <-- 0.023378 s
currentSize : 18 <-- 1.756085 s
currentSize : 19 <-- 41.247433 s

maxsize : 19
nodes : 7211496.000000
filtered : 208683207.000000
time : 72.828186
