Parameters: GAD=1 vflib=1 dir=0 label=0 lowerbound=1 fileNameGp=../graphsdb/mcs30/m3D/m3Dr4/mcs30_m3Dr4_s30.A09 fileNameGt=../graphsdb/mcs30/m3D/m3Dr4/mcs30_m3Dr4_s30.B09
Reading graphs...
30 :  72
30 :  70
Initializing...
maxdom : 30
D->valSize : 900
Solving...
currentSize : 14 <-- 0.010514 s
currentSize : 16 <-- 0.010580 s
currentSize : 17 <-- 0.012236 s
currentSize : 18 <-- 0.165168 s
currentSize : 19 <-- 73.902145 s
currentSize : 20 <-- 82.986420 s

maxsize : 20
nodes : 13148171.000000
filtered : 336561747.000000
time : 131.688339
