Parameters: GAD=1 vflib=1 dir=0 label=0 lowerbound=1 fileNameGp=../graphsdb/mcs30/rand/r005/mcs30_r005_s35.A30 fileNameGt=../graphsdb/mcs30/rand/r005/mcs30_r005_s35.B30
Reading graphs...
35 :  63
35 :  64
Initializing...
maxdom : 35
D->valSize : 1225
Solving...
currentSize : 15 <-- 0.020798 s
currentSize : 16 <-- 0.021047 s
currentSize : 17 <-- 0.021276 s
currentSize : 18 <-- 0.021353 s
currentSize : 19 <-- 0.024457 s
currentSize : 20 <-- 0.050850 s
currentSize : 21 <-- 1.135748 s
currentSize : 22 <-- 2.295749 s
currentSize : 23 <-- 2.717143 s
currentSize : 24 <-- 3594.363281 s

TIMEOUT
maxsize : 24
nodes : 128081974.000000
filtered : 3755930263.000000
time : 3600.000244
