Parameters: GAD=1 vflib=1 dir=0 label=0 lowerbound=1 fileNameGp=../graphsdb/mcs30/m3D/m3Dr2/mcs30_m3Dr2_s30.A40 fileNameGt=../graphsdb/mcs30/m3D/m3Dr2/mcs30_m3Dr2_s30.B40
Reading graphs...
30 :  65
30 :  65
Initializing...
maxdom : 30
D->valSize : 900
Solving...
currentSize : 13 <-- 0.010678 s
currentSize : 14 <-- 0.013754 s
currentSize : 15 <-- 0.015813 s
currentSize : 16 <-- 0.018232 s
currentSize : 17 <-- 0.070851 s
currentSize : 18 <-- 0.070901 s
currentSize : 19 <-- 0.273672 s
currentSize : 20 <-- 0.277689 s

maxsize : 20
nodes : 9145717.000000
filtered : 290203622.000000
time : 147.286987
