Parameters: GAD=1 vflib=1 dir=0 label=0 lowerbound=1 fileNameGp=../graphsdb/mcs30/bvg/b03m/mcs30_b03m_s25.A44 fileNameGt=../graphsdb/mcs30/bvg/b03m/mcs30_b03m_s25.B44
Reading graphs...
25 :  37
25 :  37
Initializing...
maxdom : 25
D->valSize : 625
Solving...
currentSize : 8 <-- 0.005305 s
currentSize : 10 <-- 0.005329 s
currentSize : 12 <-- 0.005339 s
currentSize : 13 <-- 0.015038 s
currentSize : 14 <-- 0.015428 s
currentSize : 16 <-- 0.098892 s
currentSize : 17 <-- 8.138323 s

maxsize : 17
nodes : 1214436.000000
filtered : 22598959.000000
time : 12.337885
