Parameters: GAD=1 vflib=1 dir=0 label=0 lowerbound=1 fileNameGp=../graphsdb/mcs30/m3D/m3D/mcs30_m3D_s25.A95 fileNameGt=../graphsdb/mcs30/m3D/m3D/mcs30_m3D_s25.B95
Reading graphs...
25 :  49
25 :  48
Initializing...
maxdom : 25
D->valSize : 625
Solving...
currentSize : 12 <-- 0.005054 s
currentSize : 13 <-- 0.006397 s
currentSize : 14 <-- 0.008581 s
currentSize : 15 <-- 0.097229 s
currentSize : 16 <-- 0.201168 s
currentSize : 17 <-- 2.017089 s

maxsize : 17
nodes : 1254926.000000
filtered : 28811678.000000
time : 12.126357
