Parameters: GAD=1 vflib=1 dir=0 label=0 lowerbound=1 fileNameGp=../graphsdb/mcs30/m3D/m3Dr2/mcs30_m3Dr2_s30.A50 fileNameGt=../graphsdb/mcs30/m3D/m3Dr2/mcs30_m3Dr2_s30.B50
Reading graphs...
30 :  66
30 :  64
Initializing...
maxdom : 30
D->valSize : 900
Solving...
currentSize : 11 <-- 0.010698 s
currentSize : 15 <-- 0.010738 s
currentSize : 16 <-- 0.011478 s
currentSize : 17 <-- 0.011503 s
currentSize : 18 <-- 0.085081 s
currentSize : 19 <-- 1.126863 s
currentSize : 20 <-- 13.974269 s

maxsize : 20
nodes : 7472552.000000
filtered : 230296980.000000
time : 101.723099
