Parameters: GAD=1 vflib=1 dir=0 label=0 lowerbound=1 fileNameGp=../graphsdb/mcs30/m3D/m3Dr6/mcs30_m3Dr6_s25.A46 fileNameGt=../graphsdb/mcs30/m3D/m3Dr6/mcs30_m3Dr6_s25.B46
Reading graphs...
25 :  60
25 :  61
Initializing...
maxdom : 25
D->valSize : 625
Solving...
currentSize : 11 <-- 0.004980 s
currentSize : 12 <-- 0.005043 s
currentSize : 13 <-- 0.017382 s
currentSize : 14 <-- 0.158820 s
currentSize : 15 <-- 0.449039 s
currentSize : 16 <-- 5.658989 s

maxsize : 16
nodes : 1724241.000000
filtered : 36662142.000000
time : 14.397969
