Parameters: GAD=1 vflib=1 dir=0 label=0 lowerbound=1 fileNameGp=../graphsdb/mcs30/bvg/b03m/mcs30_b03m_s30.A81 fileNameGt=../graphsdb/mcs30/bvg/b03m/mcs30_b03m_s30.B81
Reading graphs...
30 :  44
30 :  44
Initializing...
maxdom : 30
D->valSize : 900
Solving...
currentSize : 6 <-- 0.011063 s
currentSize : 12 <-- 0.011116 s
currentSize : 13 <-- 0.011717 s
currentSize : 14 <-- 0.011760 s
currentSize : 15 <-- 0.017844 s
currentSize : 16 <-- 0.034877 s
currentSize : 17 <-- 0.169290 s
currentSize : 18 <-- 0.833925 s
currentSize : 19 <-- 11.799145 s
currentSize : 20 <-- 49.173088 s
currentSize : 21 <-- 50.584488 s

maxsize : 21
nodes : 9423053.000000
filtered : 185459408.000000
time : 157.550339
