Parameters: GAD=1 vflib=1 dir=0 label=0 lowerbound=1 fileNameGp=../graphsdb/mcs30/m3D/m3Dr6/mcs30_m3Dr6_s30.A36 fileNameGt=../graphsdb/mcs30/m3D/m3Dr6/mcs30_m3Dr6_s30.B36
Reading graphs...
30 :  78
30 :  77
Initializing...
maxdom : 30
D->valSize : 900
Solving...
currentSize : 12 <-- 0.011079 s
currentSize : 14 <-- 0.011113 s
currentSize : 15 <-- 0.011700 s
currentSize : 16 <-- 0.018264 s
currentSize : 17 <-- 0.018833 s
currentSize : 18 <-- 2.844929 s

maxsize : 18
nodes : 31084775.000000
filtered : 816974153.000000
time : 400.911194
