Parameters: GAD=1 vflib=1 dir=0 label=0 lowerbound=1 fileNameGp=../graphsdb/mcs30/m2D/m2Dr2/mcs30_m2Dr2_s30.A90 fileNameGt=../graphsdb/mcs30/m2D/m2Dr2/mcs30_m2Dr2_s30.B90
Reading graphs...
30 :  55
30 :  54
Initializing...
maxdom : 30
D->valSize : 900
Solving...
currentSize : 15 <-- 0.018974 s
currentSize : 16 <-- 0.020668 s
currentSize : 17 <-- 0.020679 s
currentSize : 18 <-- 0.402659 s
currentSize : 19 <-- 0.689249 s
currentSize : 20 <-- 7.398444 s

maxsize : 20
nodes : 22488769.000000
filtered : 631049772.000000
time : 367.419250
