Parameters: GAD=1 vflib=1 dir=0 label=0 lowerbound=1 fileNameGp=../graphsdb/mcs30/rand/r01/mcs30_r01_s30.A50 fileNameGt=../graphsdb/mcs30/rand/r01/mcs30_r01_s30.B50
Reading graphs...
30 :  80
30 :  87
Initializing...
maxdom : 30
D->valSize : 900
Solving...
currentSize : 12 <-- 0.014650 s
currentSize : 13 <-- 0.014707 s
currentSize : 14 <-- 0.015926 s
currentSize : 15 <-- 0.015943 s
currentSize : 16 <-- 0.020415 s
currentSize : 17 <-- 0.120430 s
currentSize : 18 <-- 7.399204 s

maxsize : 18
nodes : 30349663.000000
filtered : 759685406.000000
time : 271.102905
