Parameters: GAD=1 vflib=1 dir=0 label=0 lowerbound=1 fileNameGp=../graphsdb/mcs30/bvg/b06/mcs30_b06_s30.A03 fileNameGt=../graphsdb/mcs30/bvg/b06/mcs30_b06_s30.B03
Reading graphs...
30 :  87
30 :  88
Initializing...
maxdom : 30
D->valSize : 900
Solving...
currentSize : 12 <-- 0.010087 s
currentSize : 13 <-- 0.010117 s
currentSize : 14 <-- 0.010976 s
currentSize : 15 <-- 0.031126 s
currentSize : 16 <-- 0.077786 s
currentSize : 17 <-- 0.078500 s
currentSize : 18 <-- 0.222179 s

maxsize : 18
nodes : 11578530.000000
filtered : 337394247.000000
time : 140.129272
