Parameters: GAD=1 vflib=1 dir=0 label=0 lowerbound=1 fileNameGp=../graphsdb/mcs30/bvg/b06/mcs30_b06_s30.A58 fileNameGt=../graphsdb/mcs30/bvg/b06/mcs30_b06_s30.B58
Reading graphs...
30 :  89
30 :  87
Initializing...
maxdom : 30
D->valSize : 900
Solving...
currentSize : 11 <-- 0.010179 s
currentSize : 14 <-- 0.010347 s
currentSize : 15 <-- 0.037633 s
currentSize : 16 <-- 0.409885 s
currentSize : 17 <-- 1.729513 s
currentSize : 18 <-- 48.495216 s

maxsize : 18
nodes : 21265450.000000
filtered : 571863370.000000
time : 205.264023
