Parameters: GAD=1 vflib=1 dir=0 label=0 lowerbound=1 fileNameGp=../graphsdb/mcs30/bvg/b03m/mcs30_b03m_s15.A14 fileNameGt=../graphsdb/mcs30/bvg/b03m/mcs30_b03m_s15.B14
Reading graphs...
15 :  21
15 :  21
Initializing...
maxdom : 15
D->valSize : 225
Solving...
currentSize : 5 <-- 0.000921 s
currentSize : 6 <-- 0.000966 s
currentSize : 7 <-- 0.000984 s
currentSize : 8 <-- 0.001099 s
currentSize : 9 <-- 0.006304 s
currentSize : 10 <-- 0.006547 s

maxsize : 10
nodes : 7715.000000
filtered : 74715.000000
time : 0.030189
