Parameters: GAD=1 vflib=1 dir=0 label=0 lowerbound=1 fileNameGp=../graphsdb/mcs30/rand/r005/mcs30_r005_s20.A65 fileNameGt=../graphsdb/mcs30/rand/r005/mcs30_r005_s20.B65
Reading graphs...
20 :  23
20 :  23
Initializing...
maxdom : 20
D->valSize : 400
Solving...
currentSize : 10 <-- 0.002284 s
currentSize : 11 <-- 0.004849 s
currentSize : 12 <-- 0.005541 s
currentSize : 13 <-- 0.010133 s
currentSize : 14 <-- 0.010438 s
currentSize : 15 <-- 0.072234 s

maxsize : 15
nodes : 28100.000000
filtered : 443422.000000
time : 0.345336
