Parameters: GAD=1 vflib=1 dir=0 label=0 lowerbound=1 fileNameGp=../graphsdb/mcs30/m3D/m3Dr4/mcs30_m3Dr4_s30.A77 fileNameGt=../graphsdb/mcs30/m3D/m3Dr4/mcs30_m3Dr4_s30.B77
Reading graphs...
30 :  71
30 :  72
Initializing...
maxdom : 30
D->valSize : 900
Solving...
currentSize : 13 <-- 0.010346 s
currentSize : 14 <-- 0.010625 s
currentSize : 15 <-- 0.013033 s
currentSize : 16 <-- 0.060491 s
currentSize : 17 <-- 0.462223 s
currentSize : 18 <-- 2.148294 s
currentSize : 19 <-- 22.257973 s

maxsize : 19
nodes : 28424298.000000
filtered : 737709546.000000
time : 318.753357
