Parameters: GAD=1 vflib=1 dir=0 label=0 lowerbound=1 fileNameGp=../graphsdb/mcs30/m2D/m2Dr4/mcs30_m2Dr4_s30.A21 fileNameGt=../graphsdb/mcs30/m2D/m2Dr4/mcs30_m2Dr4_s30.B21
Reading graphs...
30 :  57
30 :  58
Initializing...
maxdom : 30
D->valSize : 900
Solving...
currentSize : 11 <-- 0.018978 s
currentSize : 12 <-- 0.019015 s
currentSize : 13 <-- 0.019039 s
currentSize : 16 <-- 0.019136 s
currentSize : 17 <-- 0.025312 s
currentSize : 18 <-- 0.062356 s
currentSize : 19 <-- 0.441453 s
currentSize : 20 <-- 1.556481 s
currentSize : 21 <-- 172.593033 s

maxsize : 21
nodes : 11128419.000000
filtered : 331761056.000000
time : 205.402328
