Parameters: GAD=1 vflib=1 dir=0 label=0 lowerbound=1 fileNameGp=../graphsdb/mcs30/m3D/m3Dr6/mcs30_m3Dr6_s30.A42 fileNameGt=../graphsdb/mcs30/m3D/m3Dr6/mcs30_m3Dr6_s30.B42
Reading graphs...
30 :  77
30 :  73
Initializing...
maxdom : 30
D->valSize : 900
Solving...
currentSize : 14 <-- 0.018322 s
currentSize : 15 <-- 0.022542 s
currentSize : 16 <-- 0.025979 s
currentSize : 17 <-- 0.041625 s
currentSize : 18 <-- 5.220246 s
currentSize : 19 <-- 227.241058 s

maxsize : 19
nodes : 34107830.000000
filtered : 849926112.000000
time : 337.347260
