Parameters: GAD=1 vflib=1 dir=0 label=0 lowerbound=1 fileNameGp=../graphsdb/mcs30/bvg/b03/mcs30_b03_s25.A10 fileNameGt=../graphsdb/mcs30/bvg/b03/mcs30_b03_s25.B10
Reading graphs...
25 :  37
25 :  37
Initializing...
maxdom : 25
D->valSize : 625
Solving...
currentSize : 12 <-- 0.009280 s
currentSize : 13 <-- 0.009344 s
currentSize : 14 <-- 0.009860 s
currentSize : 15 <-- 0.055377 s
currentSize : 16 <-- 2.003189 s
currentSize : 18 <-- 2.068180 s
currentSize : 19 <-- 3.420518 s

maxsize : 19
nodes : 499566.000000
filtered : 7230165.000000
time : 4.961194
