Parameters: GAD=1 vflib=1 dir=0 label=0 lowerbound=1 fileNameGp=../graphsdb/mcs30/m3D/m3D/mcs30_m3D_s25.A99 fileNameGt=../graphsdb/mcs30/m3D/m3D/mcs30_m3D_s25.B99
Reading graphs...
25 :  47
25 :  48
Initializing...
maxdom : 25
D->valSize : 625
Solving...
currentSize : 13 <-- 0.009017 s
currentSize : 14 <-- 0.009105 s
currentSize : 15 <-- 0.010539 s
currentSize : 16 <-- 0.031647 s
currentSize : 17 <-- 0.314105 s
currentSize : 18 <-- 1.386503 s

maxsize : 18
nodes : 292080.000000
filtered : 7538756.000000
time : 3.475252
