Parameters: GAD=1 vflib=1 dir=0 label=0 lowerbound=1 fileNameGp=../graphsdb/mcs30/m3D/m3Dr4/mcs30_m3Dr4_s25.A32 fileNameGt=../graphsdb/mcs30/m3D/m3Dr4/mcs30_m3Dr4_s25.B32
Reading graphs...
25 :  56
25 :  57
Initializing...
maxdom : 25
D->valSize : 625
Solving...
currentSize : 10 <-- 0.005059 s
currentSize : 11 <-- 0.005079 s
currentSize : 12 <-- 0.005087 s
currentSize : 13 <-- 0.005869 s
currentSize : 14 <-- 0.012773 s
currentSize : 15 <-- 0.169589 s
currentSize : 16 <-- 1.292208 s
currentSize : 17 <-- 2.000637 s

maxsize : 17
nodes : 705907.000000
filtered : 16287630.000000
time : 4.924921
