Parameters: GAD=1 vflib=1 dir=0 label=0 lowerbound=1 fileNameGp=../graphsdb/mcs30/bvg/b03m/mcs30_b03m_s35.A80 fileNameGt=../graphsdb/mcs30/bvg/b03m/mcs30_b03m_s35.B80
Reading graphs...
35 :  52
35 :  51
Initializing...
maxdom : 35
D->valSize : 1225
Solving...
currentSize : 16 <-- 0.036693 s
currentSize : 17 <-- 0.047650 s
currentSize : 18 <-- 0.188123 s
currentSize : 19 <-- 1.418058 s
currentSize : 20 <-- 41.165356 s
currentSize : 21 <-- 633.044739 s
currentSize : 22 <-- 723.272827 s

TIMEOUT
maxsize : 22
nodes : 298236122.000000
filtered : 3286400190.000000
time : 3600.000000
