Parameters: GAD=1 vflib=1 dir=0 label=0 lowerbound=1 fileNameGp=../graphsdb/mcs30/bvg/b06/mcs30_b06_s25.A63 fileNameGt=../graphsdb/mcs30/bvg/b06/mcs30_b06_s25.B63
Reading graphs...
25 :  71
25 :  72
Initializing...
maxdom : 25
D->valSize : 625
Solving...
currentSize : 11 <-- 0.004779 s
currentSize : 12 <-- 0.005353 s
currentSize : 13 <-- 0.290810 s
currentSize : 14 <-- 0.657762 s
currentSize : 15 <-- 1.107040 s
currentSize : 16 <-- 1.109841 s

maxsize : 16
nodes : 624660.000000
filtered : 15342125.000000
time : 5.854143
