Parameters: GAD=1 vflib=1 dir=0 label=0 lowerbound=1 fileNameGp=../graphsdb/mcs30/m3D/m3Dr6/mcs30_m3Dr6_s30.A14 fileNameGt=../graphsdb/mcs30/m3D/m3Dr6/mcs30_m3Dr6_s30.B14
Reading graphs...
30 :  79
30 :  78
Initializing...
maxdom : 30
D->valSize : 900
Solving...
currentSize : 12 <-- 0.010351 s
currentSize : 13 <-- 0.010368 s
currentSize : 14 <-- 0.010543 s
currentSize : 15 <-- 0.010706 s
currentSize : 16 <-- 0.014979 s
currentSize : 17 <-- 0.490116 s
currentSize : 18 <-- 1.540193 s
currentSize : 19 <-- 26.019695 s

maxsize : 19
nodes : 14201398.000000
filtered : 388921569.000000
time : 142.240768
