Parameters: GAD=1 vflib=1 dir=0 label=0 lowerbound=1 fileNameGp=../graphsdb/mcs30/bvg/b03m/mcs30_b03m_s30.A74 fileNameGt=../graphsdb/mcs30/bvg/b03m/mcs30_b03m_s30.B74
Reading graphs...
30 :  45
30 :  44
Initializing...
maxdom : 30
D->valSize : 900
Solving...
currentSize : 15 <-- 0.011338 s
currentSize : 16 <-- 0.011397 s
currentSize : 17 <-- 0.046178 s
currentSize : 18 <-- 0.059097 s
currentSize : 19 <-- 0.375569 s
currentSize : 20 <-- 9.765406 s
currentSize : 21 <-- 18.268011 s
currentSize : 22 <-- 38.060841 s

maxsize : 22
nodes : 4425227.000000
filtered : 105965871.000000
time : 90.204094
