Parameters: GAD=1 vflib=1 dir=0 label=0 lowerbound=1 fileNameGp=../graphsdb/mcs30/m2D/m2Dr4/mcs30_m2Dr4_s30.A59 fileNameGt=../graphsdb/mcs30/m2D/m2Dr4/mcs30_m2Dr4_s30.B59
Reading graphs...
30 :  61
30 :  59
Initializing...
maxdom : 30
D->valSize : 900
Solving...
currentSize : 13 <-- 0.019015 s
currentSize : 14 <-- 0.019333 s
currentSize : 15 <-- 0.022910 s
currentSize : 16 <-- 0.046443 s
currentSize : 17 <-- 0.254740 s
currentSize : 18 <-- 0.982032 s
currentSize : 19 <-- 2.417309 s
currentSize : 20 <-- 61.574593 s

maxsize : 20
nodes : 13079979.000000
filtered : 361916262.000000
time : 183.804718
