Parameters: GAD=1 vflib=1 dir=0 label=0 lowerbound=1 fileNameGp=../graphsdb/mcs30/m3D/m3D/mcs30_m3D_s30.A88 fileNameGt=../graphsdb/mcs30/m3D/m3D/mcs30_m3D_s30.B88
Reading graphs...
30 :  61
30 :  61
Initializing...
maxdom : 30
D->valSize : 900
Solving...
currentSize : 14 <-- 0.014939 s
currentSize : 15 <-- 0.014969 s
currentSize : 16 <-- 0.015069 s
currentSize : 17 <-- 0.018688 s
currentSize : 18 <-- 0.021962 s
currentSize : 19 <-- 0.066400 s
currentSize : 20 <-- 0.542774 s

maxsize : 20
nodes : 11249974.000000
filtered : 326217807.000000
time : 180.940475
