Parameters: GAD=1 vflib=1 dir=0 label=0 lowerbound=1 fileNameGp=../graphsdb/mcs30/bvg/b03m/mcs30_b03m_s30.A33 fileNameGt=../graphsdb/mcs30/bvg/b03m/mcs30_b03m_s30.B33
Reading graphs...
30 :  44
30 :  42
Initializing...
maxdom : 30
D->valSize : 900
Solving...
currentSize : 15 <-- 0.011358 s
currentSize : 16 <-- 0.013533 s
currentSize : 17 <-- 0.013840 s
currentSize : 18 <-- 0.054415 s
currentSize : 20 <-- 0.073728 s
currentSize : 21 <-- 3.102610 s
currentSize : 22 <-- 129.446594 s

maxsize : 22
nodes : 8250573.000000
filtered : 226854708.000000
time : 164.591812
