Parameters: GAD=1 vflib=1 dir=0 label=0 lowerbound=1 fileNameGp=../graphsdb/mcs30/bvg/b03m/mcs30_b03m_s20.A47 fileNameGt=../graphsdb/mcs30/bvg/b03m/mcs30_b03m_s20.B47
Reading graphs...
20 :  28
20 :  30
Initializing...
maxdom : 20
D->valSize : 400
Solving...
currentSize : 8 <-- 0.002192 s
currentSize : 10 <-- 0.002244 s
currentSize : 11 <-- 0.002252 s
currentSize : 12 <-- 0.002268 s
currentSize : 13 <-- 0.008358 s
currentSize : 14 <-- 0.042382 s
currentSize : 15 <-- 0.209605 s

maxsize : 15
nodes : 29928.000000
filtered : 415526.000000
time : 0.268565
