Parameters: GAD=1 vflib=1 dir=0 label=0 lowerbound=1 fileNameGp=../graphsdb/mcs30/bvg/b09/mcs30_b09_s35.A05 fileNameGt=../graphsdb/mcs30/bvg/b09/mcs30_b09_s35.B05
Reading graphs...
35 :  152
35 :  151
Initializing...
maxdom : 35
D->valSize : 1225
Solving...
currentSize : 11 <-- 0.017884 s
currentSize : 13 <-- 0.017956 s
currentSize : 14 <-- 0.018557 s
currentSize : 15 <-- 0.018598 s
currentSize : 16 <-- 0.020096 s
currentSize : 17 <-- 0.048175 s
currentSize : 18 <-- 0.173693 s
currentSize : 19 <-- 3.880000 s
currentSize : 20 <-- 243.706497 s

maxsize : 20
nodes : 117026679.000000
filtered : 3628223521.000000
time : 1177.724243
