Parameters: GAD=1 vflib=1 dir=0 label=0 lowerbound=1 fileNameGp=../graphsdb/mcs30/rand/r005/mcs30_r005_s25.A76 fileNameGt=../graphsdb/mcs30/rand/r005/mcs30_r005_s25.B76
Reading graphs...
25 :  34
25 :  33
Initializing...
maxdom : 25
D->valSize : 625
Solving...
currentSize : 10 <-- 0.005318 s
currentSize : 11 <-- 0.005549 s
currentSize : 12 <-- 0.005618 s
currentSize : 13 <-- 0.005833 s
currentSize : 14 <-- 0.015079 s
currentSize : 15 <-- 0.021726 s
currentSize : 16 <-- 0.021843 s
currentSize : 17 <-- 0.967943 s
currentSize : 18 <-- 3.984737 s
currentSize : 19 <-- 7.445969 s

maxsize : 19
nodes : 594491.000000
filtered : 9788084.000000
time : 8.021854
