Parameters: GAD=1 vflib=1 dir=0 label=0 lowerbound=1 fileNameGp=../graphsdb/mcs30/rand/r005/mcs30_r005_s20.A46 fileNameGt=../graphsdb/mcs30/rand/r005/mcs30_r005_s20.B46
Reading graphs...
20 :  23
20 :  23
Initializing...
maxdom : 20
D->valSize : 400
Solving...
currentSize : 3 <-- 0.002381 s
currentSize : 6 <-- 0.002423 s
currentSize : 11 <-- 0.002454 s
currentSize : 12 <-- 0.002646 s
currentSize : 13 <-- 0.015730 s
currentSize : 14 <-- 0.031258 s
currentSize : 15 <-- 0.031696 s

maxsize : 15
nodes : 18606.000000
filtered : 215420.000000
time : 0.172507
