Parameters: GAD=1 vflib=1 dir=0 label=0 lowerbound=1 fileNameGp=../graphsdb/mcs30/m3D/m3D/mcs30_m3D_s30.A37 fileNameGt=../graphsdb/mcs30/m3D/m3D/mcs30_m3D_s30.B37
Reading graphs...
30 :  59
30 :  58
Initializing...
maxdom : 30
D->valSize : 900
Solving...
currentSize : 10 <-- 0.018856 s
currentSize : 13 <-- 0.018904 s
currentSize : 15 <-- 0.028103 s
currentSize : 16 <-- 0.602929 s
currentSize : 17 <-- 0.610782 s
currentSize : 18 <-- 1.729777 s
currentSize : 19 <-- 8.450369 s
currentSize : 20 <-- 9.534989 s

maxsize : 20
nodes : 9974962.000000
filtered : 306247977.000000
time : 166.734940
