Parameters: GAD=1 vflib=1 dir=0 label=0 lowerbound=1 fileNameGp=../graphsdb/mcs30/rand/r01/mcs30_r01_s35.A28 fileNameGt=../graphsdb/mcs30/rand/r01/mcs30_r01_s35.B28
Reading graphs...
35 :  115
35 :  114
Initializing...
maxdom : 35
D->valSize : 1225
Solving...
currentSize : 15 <-- 0.019001 s
currentSize : 16 <-- 0.020683 s
currentSize : 17 <-- 0.043503 s
currentSize : 18 <-- 0.181382 s
currentSize : 19 <-- 0.349225 s
currentSize : 20 <-- 131.947754 s

maxsize : 20
nodes : 303520132.000000
filtered : 8638823548.000000
time : 3209.468994
