Parameters: GAD=1 vflib=1 dir=0 label=0 lowerbound=1 fileNameGp=../graphsdb/mcs30/m3D/m3Dr4/mcs30_m3Dr4_s30.A15 fileNameGt=../graphsdb/mcs30/m3D/m3Dr4/mcs30_m3Dr4_s30.B15
Reading graphs...
30 :  70
30 :  71
Initializing...
maxdom : 30
D->valSize : 900
Solving...
currentSize : 14 <-- 0.010531 s
currentSize : 15 <-- 0.010569 s
currentSize : 16 <-- 0.010742 s
currentSize : 17 <-- 0.166763 s
currentSize : 18 <-- 0.481508 s
currentSize : 19 <-- 13.258550 s

maxsize : 19
nodes : 19615278.000000
filtered : 515148834.000000
time : 210.655487
