Parameters: GAD=1 vflib=1 dir=0 label=0 lowerbound=1 fileNameGp=../graphsdb/mcs30/rand/r01/mcs30_r01_s35.A13 fileNameGt=../graphsdb/mcs30/rand/r01/mcs30_r01_s35.B13
Reading graphs...
35 :  112
35 :  113
Initializing...
maxdom : 35
D->valSize : 1225
Solving...
currentSize : 14 <-- 0.019542 s
currentSize : 15 <-- 0.020234 s
currentSize : 16 <-- 0.020376 s
currentSize : 17 <-- 0.021150 s
currentSize : 18 <-- 0.042167 s
currentSize : 19 <-- 0.274240 s
currentSize : 20 <-- 626.205566 s

TIMEOUT
maxsize : 20
nodes : 384910833.000000
filtered : 10527304285.000000
time : 3600.000000
