Parameters: GAD=1 vflib=1 dir=0 label=0 lowerbound=1 fileNameGp=../graphsdb/mcs30/rand/r005/mcs30_r005_s30.A57 fileNameGt=../graphsdb/mcs30/rand/r005/mcs30_r005_s30.B57
Reading graphs...
30 :  46
30 :  48
Initializing...
maxdom : 30
D->valSize : 900
Solving...
currentSize : 10 <-- 0.011176 s
currentSize : 12 <-- 0.011243 s
currentSize : 13 <-- 0.011786 s
currentSize : 15 <-- 0.018313 s
currentSize : 16 <-- 0.018572 s
currentSize : 17 <-- 0.107828 s
currentSize : 18 <-- 0.111392 s
currentSize : 19 <-- 1.584717 s
currentSize : 20 <-- 16.639950 s
currentSize : 21 <-- 23.350531 s

maxsize : 21
nodes : 6561184.000000
filtered : 164241591.000000
time : 127.332115
