Parameters: GAD=1 vflib=1 dir=0 label=0 lowerbound=1 fileNameGp=../graphsdb/mcs30/m2D/m2D/mcs30_m2D_s30.A35 fileNameGt=../graphsdb/mcs30/m2D/m2D/mcs30_m2D_s30.B35
Reading graphs...
30 :  48
30 :  49
Initializing...
maxdom : 30
D->valSize : 900
Solving...
currentSize : 14 <-- 0.017152 s
currentSize : 16 <-- 0.017185 s
currentSize : 17 <-- 0.018336 s
currentSize : 18 <-- 0.230196 s
currentSize : 19 <-- 1.006642 s
currentSize : 20 <-- 12.157184 s
currentSize : 21 <-- 25.380625 s
currentSize : 22 <-- 36.694962 s
currentSize : 23 <-- 36.921185 s

maxsize : 23
nodes : 2250296.000000
filtered : 51324271.000000
time : 44.939304
