Parameters: GAD=1 vflib=1 dir=0 label=0 lowerbound=1 fileNameGp=../graphsdb/mcs30/bvg/b03/mcs30_b03_s35.A93 fileNameGt=../graphsdb/mcs30/bvg/b03/mcs30_b03_s35.B93
Reading graphs...
35 :  51
35 :  51
Initializing...
maxdom : 35
D->valSize : 1225
Solving...
currentSize : 12 <-- 0.021500 s
currentSize : 13 <-- 0.021537 s
currentSize : 14 <-- 0.021753 s
currentSize : 17 <-- 0.030549 s
currentSize : 19 <-- 0.044989 s
currentSize : 20 <-- 1.334115 s
currentSize : 21 <-- 9.466482 s
currentSize : 23 <-- 11.198648 s
currentSize : 24 <-- 25.489361 s
currentSize : 25 <-- 48.443878 s

maxsize : 25
nodes : 38348683.000000
filtered : 1335916154.000000
time : 1259.776733
