Parameters: GAD=1 vflib=1 dir=0 label=0 lowerbound=1 fileNameGp=../graphsdb/mcs50/m4D/m4Dr4/mcs50_m4Dr4_s30.A46 fileNameGt=../graphsdb/mcs50/m4D/m4Dr4/mcs50_m4Dr4_s30.B46
Reading graphs...
30 :  66
30 :  62
Initializing...
maxdom : 30
D->valSize : 900
Solving...
currentSize : 10 <-- 0.018622 s
currentSize : 11 <-- 0.018648 s
currentSize : 12 <-- 0.018988 s
currentSize : 13 <-- 0.019044 s
currentSize : 14 <-- 0.019076 s
currentSize : 15 <-- 0.019089 s
currentSize : 16 <-- 0.019704 s
currentSize : 17 <-- 0.020587 s
currentSize : 18 <-- 0.321200 s
currentSize : 19 <-- 0.344191 s
currentSize : 20 <-- 45.773453 s

maxsize : 20
nodes : 7240972.000000
filtered : 205843099.000000
time : 145.603973
