Parameters: GAD=1 vflib=1 dir=0 label=0 lowerbound=1 fileNameGp=../graphsdb/mcs50/bvg/b03/mcs50_b03_s30.A71 fileNameGt=../graphsdb/mcs50/bvg/b03/mcs50_b03_s30.B71
Reading graphs...
30 :  45
30 :  45
Initializing...
maxdom : 30
D->valSize : 900
Solving...
currentSize : 14 <-- 0.011185 s
currentSize : 16 <-- 0.011317 s
currentSize : 17 <-- 0.025506 s
currentSize : 18 <-- 0.025691 s
currentSize : 19 <-- 0.196876 s
currentSize : 20 <-- 0.266907 s
currentSize : 21 <-- 3.146623 s
currentSize : 22 <-- 15.653122 s

maxsize : 22
nodes : 2666415.000000
filtered : 83717213.000000
time : 76.293808
