Parameters: GAD=1 vflib=1 dir=0 label=0 lowerbound=1 fileNameGp=../graphsdb/mcs50/bvg/b09m/mcs50_b09m_s35.A54 fileNameGt=../graphsdb/mcs50/bvg/b09m/mcs50_b09m_s35.B54
Reading graphs...
35 :  143
35 :  148
Initializing...
maxdom : 35
D->valSize : 1225
Solving...
currentSize : 11 <-- 0.018706 s
currentSize : 12 <-- 0.018801 s
currentSize : 13 <-- 0.019768 s
currentSize : 14 <-- 0.021347 s
currentSize : 15 <-- 0.091603 s
currentSize : 16 <-- 0.173224 s
currentSize : 17 <-- 5.929701 s
currentSize : 18 <-- 19.584673 s

maxsize : 18
nodes : 406227083.000000
filtered : 10127125085.000000
time : 3390.259521
