Parameters: GAD=1 vflib=1 dir=0 label=0 lowerbound=1 fileNameGp=../graphsdb/mcs50/m3D/m3Dr2/mcs50_m3Dr2_s20.A31 fileNameGt=../graphsdb/mcs50/m3D/m3Dr2/mcs50_m3Dr2_s20.B31
Reading graphs...
20 :  41
20 :  39
Initializing...
maxdom : 20
D->valSize : 400
Solving...
currentSize : 7 <-- 0.003673 s
currentSize : 8 <-- 0.003738 s
currentSize : 11 <-- 0.003760 s
currentSize : 12 <-- 0.008963 s
currentSize : 13 <-- 0.089048 s
currentSize : 14 <-- 0.113033 s

maxsize : 14
nodes : 46934.000000
filtered : 959067.000000
time : 0.426080
