Parameters: GAD=1 vflib=1 dir=0 label=0 lowerbound=1 fileNameGp=../graphsdb/mcs50/bvg/b03m/mcs50_b03m_s20.A58 fileNameGt=../graphsdb/mcs50/bvg/b03m/mcs50_b03m_s20.B58
Reading graphs...
20 :  30
20 :  30
Initializing...
maxdom : 20
D->valSize : 400
Solving...
currentSize : 6 <-- 0.002281 s
currentSize : 9 <-- 0.002302 s
currentSize : 11 <-- 0.002400 s
currentSize : 12 <-- 0.002457 s
currentSize : 13 <-- 0.005282 s
currentSize : 14 <-- 0.137549 s
currentSize : 15 <-- 0.176914 s

maxsize : 15
nodes : 36999.000000
filtered : 609388.000000
time : 0.322982
