Parameters: GAD=1 vflib=1 dir=0 label=0 lowerbound=1 fileNameGp=../graphsdb/mcs50/m2D/m2Dr4/mcs50_m2Dr4_s30.A66 fileNameGt=../graphsdb/mcs50/m2D/m2Dr4/mcs50_m2Dr4_s30.B66
Reading graphs...
30 :  58
30 :  59
Initializing...
maxdom : 30
D->valSize : 900
Solving...
currentSize : 12 <-- 0.010834 s
currentSize : 16 <-- 0.010863 s
currentSize : 17 <-- 0.013428 s
currentSize : 18 <-- 0.013721 s
currentSize : 19 <-- 0.042751 s
currentSize : 20 <-- 18.665752 s

maxsize : 20
nodes : 13386803.000000
filtered : 376369323.000000
time : 199.768707
