Parameters: GAD=1 vflib=1 dir=0 label=0 lowerbound=1 fileNameGp=../graphsdb/mcs50/bvg/b06m/mcs50_b06m_s30.A67 fileNameGt=../graphsdb/mcs50/bvg/b06m/mcs50_b06m_s30.B67
Reading graphs...
30 :  89
30 :  88
Initializing...
maxdom : 30
D->valSize : 900
Solving...
currentSize : 13 <-- 0.009911 s
currentSize : 14 <-- 0.010183 s
currentSize : 15 <-- 0.011744 s
currentSize : 16 <-- 0.106313 s
currentSize : 17 <-- 0.189303 s
currentSize : 18 <-- 3.767894 s

maxsize : 18
nodes : 15183214.000000
filtered : 421525913.000000
time : 130.546310
