Parameters: GAD=1 vflib=1 dir=0 label=0 lowerbound=1 fileNameGp=../graphsdb/mcs50/m3D/m3Dr4/mcs50_m3Dr4_s20.A22 fileNameGt=../graphsdb/mcs50/m3D/m3Dr4/mcs50_m3Dr4_s20.B22
Reading graphs...
20 :  44
20 :  41
Initializing...
maxdom : 20
D->valSize : 400
Solving...
currentSize : 8 <-- 0.003580 s
currentSize : 9 <-- 0.003595 s
currentSize : 10 <-- 0.003637 s
currentSize : 11 <-- 0.005582 s
currentSize : 12 <-- 0.005631 s
currentSize : 13 <-- 0.163548 s

maxsize : 13
nodes : 86095.000000
filtered : 1689695.000000
time : 0.659458
