Parameters: GAD=1 vflib=1 dir=0 label=0 lowerbound=1 fileNameGp=../graphsdb/mcs50/bvg/b06/mcs50_b06_s20.A83 fileNameGt=../graphsdb/mcs50/bvg/b06/mcs50_b06_s20.B83
Reading graphs...
20 :  57
20 :  60
Initializing...
maxdom : 20
D->valSize : 400
Solving...
currentSize : 8 <-- 0.003490 s
currentSize : 9 <-- 0.003574 s
currentSize : 10 <-- 0.003894 s
currentSize : 11 <-- 0.004159 s
currentSize : 12 <-- 0.007004 s
currentSize : 13 <-- 0.192125 s

maxsize : 13
nodes : 72142.000000
filtered : 1351341.000000
time : 0.435111
