Parameters: GAD=1 vflib=1 dir=0 label=0 lowerbound=1 fileNameGp=../graphsdb/mcs50/m2D/m2D/mcs50_m2D_s20.A55 fileNameGt=../graphsdb/mcs50/m2D/m2D/mcs50_m2D_s20.B55
Reading graphs...
20 :  30
20 :  31
Initializing...
maxdom : 20
D->valSize : 400
Solving...
currentSize : 10 <-- 0.002222 s
currentSize : 11 <-- 0.002450 s
currentSize : 12 <-- 0.002783 s
currentSize : 13 <-- 0.007967 s
currentSize : 14 <-- 0.019940 s
currentSize : 15 <-- 0.106460 s

maxsize : 15
nodes : 24475.000000
filtered : 471696.000000
time : 0.223640
