Parameters: GAD=1 vflib=1 dir=0 label=0 lowerbound=1 fileNameGp=../graphsdb/mcs50/m4D/m4Dr2/mcs50_m4Dr2_s35.A18 fileNameGt=../graphsdb/mcs50/m4D/m4Dr2/mcs50_m4Dr2_s35.B18
Reading graphs...
35 :  70
35 :  68
Initializing...
maxdom : 35
D->valSize : 1225
Solving...
currentSize : 11 <-- 0.020328 s
currentSize : 13 <-- 0.020359 s
currentSize : 14 <-- 0.020429 s
currentSize : 15 <-- 0.021332 s
currentSize : 17 <-- 0.026403 s
currentSize : 18 <-- 0.072238 s
currentSize : 19 <-- 4.240155 s
currentSize : 20 <-- 4.243483 s
currentSize : 21 <-- 216.393784 s
currentSize : 23 <-- 219.755936 s
currentSize : 24 <-- 547.701782 s

maxsize : 24
nodes : 71231870.000000
filtered : 2313058284.000000
time : 1570.125977
