Parameters: GAD=1 vflib=1 dir=0 label=0 lowerbound=1 fileNameGp=../graphsdb/mcs50/m4D/m4Dr6/mcs50_m4Dr6_s35.A63 fileNameGt=../graphsdb/mcs50/m4D/m4Dr6/mcs50_m4Dr6_s35.B63
Reading graphs...
35 :  78
35 :  80
Initializing...
maxdom : 35
D->valSize : 1225
Solving...
currentSize : 9 <-- 0.035596 s
currentSize : 10 <-- 0.035655 s
currentSize : 14 <-- 0.035808 s
currentSize : 15 <-- 0.035831 s
currentSize : 17 <-- 0.056359 s
currentSize : 18 <-- 0.056444 s
currentSize : 19 <-- 0.221333 s
currentSize : 20 <-- 0.618422 s
currentSize : 21 <-- 0.684877 s
currentSize : 22 <-- 13.048546 s
currentSize : 23 <-- 317.541870 s

maxsize : 23
nodes : 128266883.000000
filtered : 4489487246.000000
time : 2606.232422
