Parameters: GAD=1 vflib=1 dir=0 label=0 lowerbound=1 fileNameGp=../graphsdb/mcs50/rand/r005/mcs50_r005_s25.A83 fileNameGt=../graphsdb/mcs50/rand/r005/mcs50_r005_s25.B83
Reading graphs...
25 :  34
25 :  35
Initializing...
maxdom : 25
D->valSize : 625
Solving...
currentSize : 10 <-- 0.005699 s
currentSize : 12 <-- 0.005756 s
currentSize : 13 <-- 0.005901 s
currentSize : 14 <-- 0.006429 s
currentSize : 15 <-- 0.009403 s
currentSize : 16 <-- 0.023005 s
currentSize : 17 <-- 1.292431 s
currentSize : 18 <-- 1.292659 s

maxsize : 18
nodes : 475347.000000
filtered : 9396876.000000
time : 8.277376
