Parameters: GAD=1 vflib=1 dir=0 label=0 lowerbound=1 fileNameGp=../graphsdb/mcs50/m4D/m4D/mcs50_m4D_s35.A09 fileNameGt=../graphsdb/mcs50/m4D/m4D/mcs50_m4D_s35.B09
Reading graphs...
35 :  62
35 :  63
Initializing...
maxdom : 35
D->valSize : 1225
Solving...
currentSize : 12 <-- 0.035978 s
currentSize : 13 <-- 0.036952 s
currentSize : 14 <-- 0.036995 s
currentSize : 15 <-- 0.039317 s
currentSize : 16 <-- 0.095333 s
currentSize : 21 <-- 0.414848 s
currentSize : 22 <-- 0.431988 s
currentSize : 23 <-- 40.998428 s

TIMEOUT
maxsize : 23
nodes : 184780962.000000
filtered : 5077412453.000000
time : 3600.000000
