Parameters: GAD=1 vflib=1 dir=0 label=0 lowerbound=1 fileNameGp=../graphsdb/mcs50/bvg/b09/mcs50_b09_s35.A14 fileNameGt=../graphsdb/mcs50/bvg/b09/mcs50_b09_s35.B14
Reading graphs...
35 :  152
35 :  154
Initializing...
maxdom : 35
D->valSize : 1225
Solving...
currentSize : 12 <-- 0.031050 s
currentSize : 13 <-- 0.031090 s
currentSize : 14 <-- 0.032700 s
currentSize : 15 <-- 0.036046 s
currentSize : 16 <-- 0.150194 s
currentSize : 17 <-- 2.128193 s
currentSize : 18 <-- 2.189052 s
currentSize : 19 <-- 2.972472 s

maxsize : 19
nodes : 129791959.000000
filtered : 3952156474.000000
time : 1118.743286
