Parameters: GAD=1 vflib=1 dir=0 label=0 lowerbound=1 fileNameGp=../graphsdb/mcs50/bvg/b06/mcs50_b06_s35.A84 fileNameGt=../graphsdb/mcs50/bvg/b06/mcs50_b06_s35.B84
Reading graphs...
35 :  103
35 :  105
Initializing...
maxdom : 35
D->valSize : 1225
Solving...
currentSize : 14 <-- 0.033965 s
currentSize : 15 <-- 0.034152 s
currentSize : 16 <-- 0.035311 s
currentSize : 18 <-- 0.037010 s
currentSize : 19 <-- 2.500508 s
currentSize : 20 <-- 3.043917 s
currentSize : 21 <-- 19.372173 s

maxsize : 21
nodes : 186415429.000000
filtered : 6130663127.000000
time : 2320.211426
