Parameters: GAD=1 vflib=1 dir=0 label=0 lowerbound=1 fileNameGp=../graphsdb/mcs50/bvg/b06m/mcs50_b06m_s15.A43 fileNameGt=../graphsdb/mcs50/bvg/b06m/mcs50_b06m_s15.B43
Reading graphs...
15 :  38
15 :  38
Initializing...
maxdom : 15
D->valSize : 225
Solving...
currentSize : 5 <-- 0.000887 s
currentSize : 6 <-- 0.000959 s
currentSize : 7 <-- 0.000984 s
currentSize : 8 <-- 0.001501 s
currentSize : 9 <-- 0.002466 s
currentSize : 10 <-- 0.009139 s

maxsize : 10
nodes : 7006.000000
filtered : 100416.000000
time : 0.031489
