Parameters: GAD=1 vflib=1 dir=0 label=0 lowerbound=1 fileNameGp=../graphsdb/mcs50/rand/r005/mcs50_r005_s30.A85 fileNameGt=../graphsdb/mcs50/rand/r005/mcs50_r005_s30.B85
Reading graphs...
30 :  46
30 :  47
Initializing...
maxdom : 30
D->valSize : 900
Solving...
currentSize : 13 <-- 0.019611 s
currentSize : 14 <-- 0.023044 s
currentSize : 16 <-- 0.042026 s
currentSize : 17 <-- 0.193840 s
currentSize : 18 <-- 5.765380 s
currentSize : 19 <-- 6.482749 s
currentSize : 20 <-- 13.197009 s
currentSize : 21 <-- 171.156174 s

maxsize : 21
nodes : 16225476.000000
filtered : 385502086.000000
time : 297.651215
