Parameters: GAD=1 vflib=1 dir=0 label=0 lowerbound=1 fileNameGp=../graphsdb/mcs50/m4D/m4D/mcs50_m4D_s35.A86 fileNameGt=../graphsdb/mcs50/m4D/m4D/mcs50_m4D_s35.B86
Reading graphs...
35 :  63
35 :  62
Initializing...
maxdom : 35
D->valSize : 1225
Solving...
currentSize : 19 <-- 0.025129 s
currentSize : 20 <-- 0.043371 s
currentSize : 21 <-- 0.268389 s
currentSize : 22 <-- 63.537922 s
currentSize : 23 <-- 63.905441 s
currentSize : 24 <-- 149.713730 s
currentSize : 25 <-- 264.775482 s

maxsize : 25
nodes : 23826301.000000
filtered : 663004513.000000
time : 512.042419
