Parameters: GAD=1 vflib=1 dir=0 label=0 lowerbound=1 fileNameGp=../graphsdb/mcs50/m2D/m2Dr6/mcs50_m2Dr6_s20.A30 fileNameGt=../graphsdb/mcs50/m2D/m2Dr6/mcs50_m2Dr6_s20.B30
Reading graphs...
20 :  41
20 :  41
Initializing...
maxdom : 20
D->valSize : 400
Solving...
currentSize : 9 <-- 0.002198 s
currentSize : 11 <-- 0.002221 s
currentSize : 12 <-- 0.008883 s
currentSize : 13 <-- 0.021053 s
currentSize : 14 <-- 0.425292 s
currentSize : 15 <-- 0.534888 s

maxsize : 15
nodes : 59848.000000
filtered : 1086204.000000
time : 0.592993
