Parameters: GAD=1 vflib=1 dir=0 label=0 lowerbound=1 fileNameGp=../graphsdb/mcs50/bvg/b06m/mcs50_b06m_s20.A28 fileNameGt=../graphsdb/mcs50/bvg/b06m/mcs50_b06m_s20.B28
Reading graphs...
20 :  57
20 :  58
Initializing...
maxdom : 20
D->valSize : 400
Solving...
currentSize : 8 <-- 0.001985 s
currentSize : 9 <-- 0.002131 s
currentSize : 10 <-- 0.003338 s
currentSize : 11 <-- 0.004123 s
currentSize : 12 <-- 0.031162 s
currentSize : 13 <-- 0.434693 s

maxsize : 13
nodes : 101028.000000
filtered : 1609216.000000
time : 0.505565
