Parameters: GAD=1 vflib=1 dir=0 label=0 lowerbound=1 fileNameGp=../graphsdb/mcs50/m4D/m4Dr4/mcs50_m4Dr4_s35.A74 fileNameGt=../graphsdb/mcs50/m4D/m4Dr4/mcs50_m4Dr4_s35.B74
Reading graphs...
35 :  77
35 :  76
Initializing...
maxdom : 35
D->valSize : 1225
Solving...
currentSize : 13 <-- 0.020606 s
currentSize : 14 <-- 0.020628 s
currentSize : 15 <-- 0.020818 s
currentSize : 16 <-- 0.020828 s
currentSize : 17 <-- 0.021144 s
currentSize : 18 <-- 0.023214 s
currentSize : 19 <-- 0.023230 s
currentSize : 20 <-- 0.159210 s
currentSize : 21 <-- 2.006921 s
currentSize : 22 <-- 22.130997 s
currentSize : 23 <-- 37.415710 s

maxsize : 23
nodes : 91000504.000000
filtered : 3256652860.000000
time : 2254.893066
