Parameters: GAD=1 vflib=1 dir=0 label=0 lowerbound=1 fileNameGp=../graphsdb/mcs50/bvg/b03/mcs50_b03_s35.A83 fileNameGt=../graphsdb/mcs50/bvg/b03/mcs50_b03_s35.B83
Reading graphs...
35 :  52
35 :  52
Initializing...
maxdom : 35
D->valSize : 1225
Solving...
currentSize : 14 <-- 0.021827 s
currentSize : 15 <-- 0.021858 s
currentSize : 16 <-- 0.021975 s
currentSize : 17 <-- 0.022068 s
currentSize : 18 <-- 0.082348 s
currentSize : 19 <-- 0.106086 s
currentSize : 20 <-- 0.235410 s
currentSize : 21 <-- 49.814529 s
currentSize : 22 <-- 311.519287 s
currentSize : 23 <-- 340.133301 s
currentSize : 24 <-- 1405.785522 s

TIMEOUT
maxsize : 24
nodes : 163011316.000000
filtered : 3482626884.000000
time : 3600.000000
