Parameters: GAD=1 vflib=1 dir=0 label=0 lowerbound=1 fileNameGp=../graphsdb/mcs50/m4D/m4Dr6/mcs50_m4Dr6_s35.A00 fileNameGt=../graphsdb/mcs50/m4D/m4Dr6/mcs50_m4Dr6_s35.B00
Reading graphs...
35 :  81
35 :  82
Initializing...
maxdom : 35
D->valSize : 1225
Solving...
currentSize : 17 <-- 0.019615 s
currentSize : 18 <-- 0.019777 s
currentSize : 19 <-- 0.020318 s
currentSize : 20 <-- 1.478946 s
currentSize : 21 <-- 1.484082 s
currentSize : 22 <-- 153.419861 s
currentSize : 23 <-- 789.303345 s

maxsize : 23
nodes : 88181214.000000
filtered : 3052824300.000000
time : 1861.642090
