Parameters: GAD=1 vflib=1 dir=0 label=0 lowerbound=1 fileNameGp=../graphsdb/mcs50/m4D/m4Dr6/mcs50_m4Dr6_s30.A07 fileNameGt=../graphsdb/mcs50/m4D/m4Dr6/mcs50_m4Dr6_s30.B07
Reading graphs...
30 :  69
30 :  70
Initializing...
maxdom : 30
D->valSize : 900
Solving...
currentSize : 11 <-- 0.018302 s
currentSize : 15 <-- 0.018360 s
currentSize : 16 <-- 0.018371 s
currentSize : 17 <-- 0.051270 s
currentSize : 18 <-- 0.418301 s
currentSize : 19 <-- 5.427203 s
currentSize : 20 <-- 14.949748 s

maxsize : 20
nodes : 4749996.000000
filtered : 156918881.000000
time : 79.148643
