Parameters: GAD=1 vflib=1 dir=0 label=0 lowerbound=1 fileNameGp=../graphsdb/mcs50/bvg/b03/mcs50_b03_s20.A09 fileNameGt=../graphsdb/mcs50/bvg/b03/mcs50_b03_s20.B09
Reading graphs...
20 :  29
20 :  30
Initializing...
maxdom : 20
D->valSize : 400
Solving...
currentSize : 11 <-- 0.002330 s
currentSize : 12 <-- 0.002526 s
currentSize : 13 <-- 0.008766 s
currentSize : 14 <-- 0.008782 s
currentSize : 15 <-- 0.060204 s
currentSize : 16 <-- 0.069334 s

maxsize : 16
nodes : 13568.000000
filtered : 279112.000000
time : 0.131057
