Parameters: GAD=1 vflib=1 dir=0 label=0 lowerbound=1 fileNameGp=../graphsdb/mcs50/rand/r02/mcs50_r02_s30.A13 fileNameGt=../graphsdb/mcs50/rand/r02/mcs50_r02_s30.B13
Reading graphs...
30 :  154
30 :  152
Initializing...
maxdom : 30
D->valSize : 900
Solving...
currentSize : 10 <-- 0.009437 s
currentSize : 11 <-- 0.009475 s
currentSize : 12 <-- 0.010751 s
currentSize : 13 <-- 0.033453 s
currentSize : 14 <-- 0.608556 s
currentSize : 15 <-- 140.463333 s

maxsize : 15
nodes : 67834965.000000
filtered : 1035598848.000000
time : 340.251892
