Parameters: GAD=1 vflib=1 dir=0 label=0 lowerbound=1 fileNameGp=../graphsdb/mcs50/rand/r01/mcs50_r01_s30.A45 fileNameGt=../graphsdb/mcs50/rand/r01/mcs50_r01_s30.B45
Reading graphs...
30 :  83
30 :  83
Initializing...
maxdom : 30
D->valSize : 900
Solving...
currentSize : 12 <-- 0.017959 s
currentSize : 14 <-- 0.017995 s
currentSize : 15 <-- 0.018147 s
currentSize : 16 <-- 0.033020 s
currentSize : 17 <-- 0.068662 s
currentSize : 18 <-- 49.357769 s

maxsize : 18
nodes : 51753485.000000
filtered : 1239350162.000000
time : 460.939758
