Parameters: GAD=1 vflib=1 dir=0 label=0 lowerbound=1 fileNameGp=../graphsdb/mcs50/bvg/b06/mcs50_b06_s15.A59 fileNameGt=../graphsdb/mcs50/bvg/b06/mcs50_b06_s15.B59
Reading graphs...
15 :  43
15 :  44
Initializing...
maxdom : 15
D->valSize : 225
Solving...
currentSize : 6 <-- 0.000798 s
currentSize : 7 <-- 0.000810 s
currentSize : 8 <-- 0.001638 s
currentSize : 9 <-- 0.003228 s
currentSize : 10 <-- 0.007919 s
currentSize : 11 <-- 0.012380 s

maxsize : 11
nodes : 3677.000000
filtered : 58836.000000
time : 0.015996
