Parameters: GAD=1 vflib=1 dir=0 label=0 lowerbound=1 fileNameGp=../graphsdb/mcs50/m4D/m4D/mcs50_m4D_s35.A18 fileNameGt=../graphsdb/mcs50/m4D/m4D/mcs50_m4D_s35.B18
Reading graphs...
35 :  62
35 :  63
Initializing...
maxdom : 35
D->valSize : 1225
Solving...
currentSize : 18 <-- 0.036503 s
currentSize : 19 <-- 0.036653 s
currentSize : 20 <-- 0.046540 s
currentSize : 21 <-- 0.537534 s
currentSize : 22 <-- 10.490945 s
currentSize : 23 <-- 33.459476 s
currentSize : 24 <-- 65.641388 s
currentSize : 25 <-- 305.873138 s

maxsize : 25
nodes : 25239808.000000
filtered : 865905512.000000
time : 886.437378
