Parameters: GAD=1 vflib=1 dir=0 label=0 lowerbound=1 fileNameGp=../graphsdb/mcs50/m4D/m4Dr6/mcs50_m4Dr6_s35.A41 fileNameGt=../graphsdb/mcs50/m4D/m4Dr6/mcs50_m4Dr6_s35.B41
Reading graphs...
35 :  81
35 :  81
Initializing...
maxdom : 35
D->valSize : 1225
Solving...
currentSize : 17 <-- 0.035260 s
currentSize : 18 <-- 0.045488 s
currentSize : 19 <-- 0.046903 s
currentSize : 20 <-- 0.064763 s
currentSize : 21 <-- 0.836645 s
currentSize : 22 <-- 29.978504 s
currentSize : 23 <-- 716.878784 s

maxsize : 23
nodes : 164969575.000000
filtered : 5785079814.000000
time : 3380.701416
