Parameters: GAD=1 vflib=1 dir=0 label=0 lowerbound=1 fileNameGp=../graphsdb/mcs50/bvg/b06/mcs50_b06_s30.A74 fileNameGt=../graphsdb/mcs50/bvg/b06/mcs50_b06_s30.B74
Reading graphs...
30 :  90
30 :  88
Initializing...
maxdom : 30
D->valSize : 900
Solving...
currentSize : 11 <-- 0.017529 s
currentSize : 12 <-- 0.017560 s
currentSize : 14 <-- 0.017902 s
currentSize : 15 <-- 0.024202 s
currentSize : 16 <-- 0.027390 s
currentSize : 17 <-- 0.037702 s
currentSize : 18 <-- 0.054035 s
currentSize : 19 <-- 0.116871 s

maxsize : 19
nodes : 5513486.000000
filtered : 186613070.000000
time : 61.201839
