Parameters: GAD=1 vflib=1 dir=0 label=0 lowerbound=1 fileNameGp=../graphsdb/mcs50/rand/r005/mcs50_r005_s30.A11 fileNameGt=../graphsdb/mcs50/rand/r005/mcs50_r005_s30.B11
Reading graphs...
30 :  46
30 :  46
Initializing...
maxdom : 30
D->valSize : 900
Solving...
currentSize : 15 <-- 0.019719 s
currentSize : 16 <-- 0.019772 s
currentSize : 17 <-- 0.020812 s
currentSize : 18 <-- 0.029712 s
currentSize : 19 <-- 0.034067 s
currentSize : 20 <-- 0.244687 s
currentSize : 21 <-- 0.634262 s
currentSize : 22 <-- 68.655525 s

maxsize : 22
nodes : 6989001.000000
filtered : 185372003.000000
time : 153.285156
