Parameters: GAD=1 vflib=1 dir=0 label=0 lowerbound=1 fileNameGp=../graphsdb/mcs50/rand/r005/mcs50_r005_s35.A97 fileNameGt=../graphsdb/mcs50/rand/r005/mcs50_r005_s35.B97
Reading graphs...
35 :  61
35 :  61
Initializing...
maxdom : 35
D->valSize : 1225
Solving...
currentSize : 17 <-- 0.020778 s
currentSize : 19 <-- 0.020821 s
currentSize : 20 <-- 0.051088 s
currentSize : 21 <-- 0.448748 s
currentSize : 22 <-- 1.631388 s
currentSize : 23 <-- 44.762863 s
currentSize : 24 <-- 51.313946 s
currentSize : 25 <-- 93.451393 s

maxsize : 25
nodes : 32910169.000000
filtered : 1303771944.000000
time : 1016.632324
