Parameters: GAD=1 vflib=1 dir=0 label=0 lowerbound=1 fileNameGp=../graphsdb/mcs50/m4D/m4Dr2/mcs50_m4Dr2_s35.A20 fileNameGt=../graphsdb/mcs50/m4D/m4Dr2/mcs50_m4Dr2_s35.B20
Reading graphs...
35 :  70
35 :  70
Initializing...
maxdom : 35
D->valSize : 1225
Solving...
currentSize : 15 <-- 0.035896 s
currentSize : 16 <-- 0.036670 s
currentSize : 17 <-- 0.069930 s
currentSize : 18 <-- 0.080012 s
currentSize : 19 <-- 0.094774 s
currentSize : 20 <-- 2.548782 s
currentSize : 21 <-- 2.548972 s
currentSize : 22 <-- 8.119272 s
currentSize : 23 <-- 115.554489 s
currentSize : 24 <-- 495.631104 s

maxsize : 24
nodes : 59104806.000000
filtered : 2042969795.000000
time : 1323.174805
