Parameters: GAD=1 vflib=1 dir=0 label=0 lowerbound=1 fileNameGp=../graphsdb/mcs50/m4D/m4D/mcs50_m4D_s30.A90 fileNameGt=../graphsdb/mcs50/m4D/m4D/mcs50_m4D_s30.B90
Reading graphs...
30 :  55
30 :  54
Initializing...
maxdom : 30
D->valSize : 900
Solving...
currentSize : 8 <-- 0.019082 s
currentSize : 9 <-- 0.019131 s
currentSize : 10 <-- 0.019501 s
currentSize : 11 <-- 0.020786 s
currentSize : 12 <-- 0.021967 s
currentSize : 13 <-- 0.673312 s
currentSize : 14 <-- 0.717660 s
currentSize : 15 <-- 4.675120 s
currentSize : 16 <-- 6.907996 s
currentSize : 17 <-- 6.908401 s
currentSize : 18 <-- 6.941944 s
currentSize : 19 <-- 6.942496 s
currentSize : 20 <-- 7.171828 s
currentSize : 21 <-- 14.961710 s

maxsize : 21
nodes : 3585904.000000
filtered : 75041748.000000
time : 68.417152
