Parameters: GAD=1 vflib=1 dir=0 label=0 lowerbound=1 fileNameGp=../graphsdb/mcs50/rand/r005/mcs50_r005_s35.A76 fileNameGt=../graphsdb/mcs50/rand/r005/mcs50_r005_s35.B76
Reading graphs...
35 :  59
35 :  61
Initializing...
maxdom : 35
D->valSize : 1225
Solving...
currentSize : 19 <-- 0.036410 s
currentSize : 20 <-- 0.036435 s
currentSize : 22 <-- 0.036608 s
currentSize : 23 <-- 0.214133 s
currentSize : 24 <-- 412.442535 s
currentSize : 25 <-- 435.971558 s

maxsize : 25
nodes : 50387626.000000
filtered : 1541228144.000000
time : 1321.418701
