Parameters: GAD=1 vflib=1 dir=0 label=0 lowerbound=1 fileNameGp=../graphsdb/mcs50/rand/r005/mcs50_r005_s25.A80 fileNameGt=../graphsdb/mcs50/rand/r005/mcs50_r005_s25.B80
Reading graphs...
25 :  35
25 :  34
Initializing...
maxdom : 25
D->valSize : 625
Solving...
currentSize : 10 <-- 0.009378 s
currentSize : 13 <-- 0.009409 s
currentSize : 14 <-- 0.009707 s
currentSize : 15 <-- 0.011088 s
currentSize : 16 <-- 0.031184 s
currentSize : 17 <-- 0.741448 s
currentSize : 18 <-- 1.113229 s

maxsize : 18
nodes : 534388.000000
filtered : 12608359.000000
time : 11.674711
