Parameters: GAD=1 vflib=1 dir=0 label=0 lowerbound=1 fileNameGp=../graphsdb/mcs50/m2D/m2Dr6/mcs50_m2Dr6_s30.A41 fileNameGt=../graphsdb/mcs50/m2D/m2Dr6/mcs50_m2Dr6_s30.B41
Reading graphs...
30 :  66
30 :  65
Initializing...
maxdom : 30
D->valSize : 900
Solving...
currentSize : 13 <-- 0.018612 s
currentSize : 14 <-- 0.018651 s
currentSize : 15 <-- 0.020008 s
currentSize : 16 <-- 0.022205 s
currentSize : 17 <-- 0.039604 s
currentSize : 18 <-- 0.046511 s
currentSize : 19 <-- 1.268855 s
currentSize : 20 <-- 11.269910 s

maxsize : 20
nodes : 7962554.000000
filtered : 249968630.000000
time : 100.246445
