Parameters: GAD=1 vflib=1 dir=0 label=0 lowerbound=1 fileNameGp=../graphsdb/mcs50/m2D/m2Dr2/mcs50_m2Dr2_s30.A31 fileNameGt=../graphsdb/mcs50/m2D/m2Dr2/mcs50_m2Dr2_s30.B31
Reading graphs...
30 :  55
30 :  55
Initializing...
maxdom : 30
D->valSize : 900
Solving...
currentSize : 11 <-- 0.018852 s
currentSize : 14 <-- 0.019267 s
currentSize : 15 <-- 0.058127 s
currentSize : 16 <-- 0.084843 s
currentSize : 17 <-- 0.924065 s
currentSize : 18 <-- 63.126526 s
currentSize : 19 <-- 78.499519 s
currentSize : 20 <-- 187.780914 s
currentSize : 21 <-- 300.125763 s

maxsize : 21
nodes : 25365178.000000
filtered : 465360678.000000
time : 333.206879
