Parameters: GAD=1 vflib=1 dir=0 label=0 lowerbound=1 fileNameGp=../graphsdb/mcs50/bvg/b06m/mcs50_b06m_s35.A02 fileNameGt=../graphsdb/mcs50/bvg/b06m/mcs50_b06m_s35.B02
Reading graphs...
35 :  98
35 :  98
Initializing...
maxdom : 35
D->valSize : 1225
Solving...
currentSize : 15 <-- 0.019420 s
currentSize : 17 <-- 0.019487 s
currentSize : 18 <-- 0.021919 s
currentSize : 19 <-- 0.695891 s
currentSize : 20 <-- 16.339586 s
currentSize : 21 <-- 288.820831 s

maxsize : 21
nodes : 284299707.000000
filtered : 8817997444.000000
time : 3309.847656
