Parameters: GAD=1 vflib=1 dir=0 label=0 lowerbound=1 fileNameGp=../graphsdb/mcs50/m4D/m4Dr2/mcs50_m4Dr2_s35.A48 fileNameGt=../graphsdb/mcs50/m4D/m4Dr2/mcs50_m4Dr2_s35.B48
Reading graphs...
35 :  70
35 :  70
Initializing...
maxdom : 35
D->valSize : 1225
Solving...
currentSize : 15 <-- 0.035681 s
currentSize : 16 <-- 0.035727 s
currentSize : 17 <-- 0.176908 s
currentSize : 18 <-- 0.579919 s
currentSize : 19 <-- 0.701626 s
currentSize : 20 <-- 4.798472 s
currentSize : 21 <-- 6.839535 s
currentSize : 22 <-- 137.993484 s
currentSize : 23 <-- 144.943649 s
currentSize : 24 <-- 178.219559 s

maxsize : 24
nodes : 42114876.000000
filtered : 1425720384.000000
time : 1201.421265
