Parameters: GAD=1 vflib=1 dir=0 label=0 lowerbound=1 fileNameGp=../graphsdb/mcs50/m2D/m2D/mcs50_m2D_s30.A28 fileNameGt=../graphsdb/mcs50/m2D/m2D/mcs50_m2D_s30.B28
Reading graphs...
30 :  48
30 :  48
Initializing...
maxdom : 30
D->valSize : 900
Solving...
currentSize : 12 <-- 0.019581 s
currentSize : 14 <-- 0.019628 s
currentSize : 15 <-- 0.019831 s
currentSize : 16 <-- 0.023941 s
currentSize : 17 <-- 0.029416 s
currentSize : 18 <-- 0.062248 s
currentSize : 19 <-- 0.218237 s
currentSize : 20 <-- 0.225148 s
currentSize : 21 <-- 4.995762 s

maxsize : 21
nodes : 7461847.000000
filtered : 202653509.000000
time : 122.703445
