Parameters: GAD=1 vflib=1 dir=0 label=0 lowerbound=1 fileNameGp=../graphsdb/mcs50/m4D/m4Dr6/mcs50_m4Dr6_s35.A67 fileNameGt=../graphsdb/mcs50/m4D/m4Dr6/mcs50_m4Dr6_s35.B67
Reading graphs...
35 :  82
35 :  83
Initializing...
maxdom : 35
D->valSize : 1225
Solving...
currentSize : 14 <-- 0.024313 s
currentSize : 15 <-- 0.024392 s
currentSize : 16 <-- 0.024736 s
currentSize : 17 <-- 0.029533 s
currentSize : 19 <-- 0.108117 s
currentSize : 20 <-- 11.195076 s
currentSize : 21 <-- 12.975640 s
currentSize : 22 <-- 235.623093 s
currentSize : 23 <-- 701.376343 s

maxsize : 23
nodes : 104084796.000000
filtered : 3443461283.000000
time : 1669.319824
