Parameters: GAD=1 vflib=1 dir=0 label=0 lowerbound=1 fileNameGp=../graphsdb/mcs50/bvg/b03m/mcs50_b03m_s35.A97 fileNameGt=../graphsdb/mcs50/bvg/b03m/mcs50_b03m_s35.B97
Reading graphs...
35 :  50
35 :  51
Initializing...
maxdom : 35
D->valSize : 1225
Solving...
currentSize : 9 <-- 0.036650 s
currentSize : 13 <-- 0.036716 s
currentSize : 15 <-- 0.036741 s
currentSize : 17 <-- 0.036777 s
currentSize : 18 <-- 0.036873 s
currentSize : 19 <-- 0.041893 s
currentSize : 20 <-- 0.042790 s
currentSize : 21 <-- 0.166771 s
currentSize : 22 <-- 4.655471 s
currentSize : 23 <-- 7.056357 s
currentSize : 24 <-- 55.781998 s
currentSize : 25 <-- 257.133270 s
currentSize : 26 <-- 257.145142 s

maxsize : 26
nodes : 23590839.000000
filtered : 706833479.000000
time : 766.417725
