Parameters: GAD=1 vflib=1 dir=0 label=0 lowerbound=1 fileNameGp=../graphsdb/mcs50/rand/r005/mcs50_r005_s30.A22 fileNameGt=../graphsdb/mcs50/rand/r005/mcs50_r005_s30.B22
Reading graphs...
30 :  47
30 :  47
Initializing...
maxdom : 30
D->valSize : 900
Solving...
currentSize : 17 <-- 0.011446 s
currentSize : 18 <-- 0.012713 s
currentSize : 19 <-- 0.250956 s
currentSize : 20 <-- 0.544219 s
currentSize : 21 <-- 3.868193 s
currentSize : 22 <-- 160.010727 s

maxsize : 22
nodes : 9291047.000000
filtered : 277742239.000000
time : 217.326935
