Parameters: GAD=1 vflib=1 dir=0 label=0 lowerbound=1 fileNameGp=../graphsdb/mcs50/rand/r005/mcs50_r005_s35.A14 fileNameGt=../graphsdb/mcs50/rand/r005/mcs50_r005_s35.B14
Reading graphs...
35 :  62
35 :  61
Initializing...
maxdom : 35
D->valSize : 1225
Solving...
currentSize : 16 <-- 0.021341 s
currentSize : 17 <-- 0.021371 s
currentSize : 18 <-- 0.021718 s
currentSize : 19 <-- 0.023396 s
currentSize : 20 <-- 0.028095 s
currentSize : 21 <-- 0.047855 s
currentSize : 22 <-- 0.147483 s
currentSize : 23 <-- 0.330307 s
currentSize : 24 <-- 0.501516 s
currentSize : 25 <-- 63.643353 s

maxsize : 25
nodes : 31020863.000000
filtered : 1273708006.000000
time : 968.463989
