Parameters: GAD=1 vflib=1 dir=0 label=0 lowerbound=1 fileNameGp=../graphsdb/mcs50/bvg/b03m/mcs50_b03m_s25.A36 fileNameGt=../graphsdb/mcs50/bvg/b03m/mcs50_b03m_s25.B36
Reading graphs...
25 :  37
25 :  37
Initializing...
maxdom : 25
D->valSize : 625
Solving...
currentSize : 10 <-- 0.009227 s
currentSize : 11 <-- 0.009251 s
currentSize : 13 <-- 0.009302 s
currentSize : 14 <-- 0.011204 s
currentSize : 15 <-- 0.024724 s
currentSize : 16 <-- 0.636365 s
currentSize : 17 <-- 0.636545 s
currentSize : 18 <-- 1.223130 s
currentSize : 19 <-- 5.241886 s

maxsize : 19
nodes : 450403.000000
filtered : 10311054.000000
time : 5.862530
