Parameters: GAD=1 vflib=1 dir=0 label=0 lowerbound=1 fileNameGp=../graphsdb/mcs50/m2D/m2Dr4/mcs50_m2Dr4_s30.A76 fileNameGt=../graphsdb/mcs50/m2D/m2Dr4/mcs50_m2Dr4_s30.B76
Reading graphs...
30 :  59
30 :  60
Initializing...
maxdom : 30
D->valSize : 900
Solving...
currentSize : 14 <-- 0.010812 s
currentSize : 15 <-- 0.010830 s
currentSize : 16 <-- 0.021432 s
currentSize : 17 <-- 0.026564 s
currentSize : 18 <-- 0.076402 s
currentSize : 19 <-- 0.094044 s
currentSize : 20 <-- 16.761024 s
currentSize : 21 <-- 195.859100 s

maxsize : 21
nodes : 16270990.000000
filtered : 443059266.000000
time : 215.685776
