Parameters: GAD=1 vflib=1 dir=0 label=0 lowerbound=1 fileNameGp=../graphsdb/mcs50/bvg/b06/mcs50_b06_s20.A84 fileNameGt=../graphsdb/mcs50/bvg/b06/mcs50_b06_s20.B84
Reading graphs...
20 :  58
20 :  58
Initializing...
maxdom : 20
D->valSize : 400
Solving...
currentSize : 6 <-- 0.001988 s
currentSize : 7 <-- 0.002020 s
currentSize : 9 <-- 0.002076 s
currentSize : 10 <-- 0.002742 s
currentSize : 11 <-- 0.005876 s
currentSize : 12 <-- 0.005964 s

maxsize : 12
nodes : 85503.000000
filtered : 1576430.000000
time : 0.443478
