Parameters: GAD=1 vflib=1 dir=0 label=0 lowerbound=1 fileNameGp=../graphsdb/mcs50/bvg/b09m/mcs50_b09m_s30.A17 fileNameGt=../graphsdb/mcs50/bvg/b09m/mcs50_b09m_s30.B17
Reading graphs...
30 :  124
30 :  128
Initializing...
maxdom : 30
D->valSize : 900
Solving...
currentSize : 9 <-- 0.009835 s
currentSize : 10 <-- 0.009855 s
currentSize : 11 <-- 0.009862 s
currentSize : 12 <-- 0.010248 s
currentSize : 13 <-- 0.025322 s
currentSize : 14 <-- 0.041291 s
currentSize : 15 <-- 0.370237 s
currentSize : 16 <-- 0.491230 s

maxsize : 16
nodes : 22640523.000000
filtered : 476336256.000000
time : 138.904922
