Parameters: GAD=1 vflib=1 dir=0 label=0 lowerbound=1 fileNameGp=../graphsdb/mcs50/rand/r02/mcs50_r02_s30.A57 fileNameGt=../graphsdb/mcs50/rand/r02/mcs50_r02_s30.B57
Reading graphs...
30 :  152
30 :  155
Initializing...
maxdom : 30
D->valSize : 900
Solving...
currentSize : 9 <-- 0.009385 s
currentSize : 10 <-- 0.009442 s
currentSize : 11 <-- 0.009613 s
currentSize : 12 <-- 0.013980 s
currentSize : 13 <-- 0.184509 s
currentSize : 14 <-- 2.287505 s
currentSize : 15 <-- 42.147537 s

maxsize : 15
nodes : 62137933.000000
filtered : 936935868.000000
time : 311.354553
