Parameters: GAD=1 vflib=1 dir=0 label=0 lowerbound=1 fileNameGp=../graphsdb/mcs50/bvg/b09/mcs50_b09_s25.A13 fileNameGt=../graphsdb/mcs50/bvg/b09/mcs50_b09_s25.B13
Reading graphs...
25 :  105
25 :  109
Initializing...
maxdom : 25
D->valSize : 625
Solving...
currentSize : 10 <-- 0.007762 s
currentSize : 11 <-- 0.007844 s
currentSize : 12 <-- 0.018935 s
currentSize : 13 <-- 0.034116 s
currentSize : 14 <-- 0.034577 s
currentSize : 15 <-- 0.544998 s

maxsize : 15
nodes : 555748.000000
filtered : 13206335.000000
time : 3.617768
