Parameters: GAD=1 vflib=1 dir=0 label=0 lowerbound=1 fileNameGp=../graphsdb/mcs50/m4D/m4Dr2/mcs50_m4Dr2_s35.A45 fileNameGt=../graphsdb/mcs50/m4D/m4Dr2/mcs50_m4Dr2_s35.B45
Reading graphs...
35 :  69
35 :  69
Initializing...
maxdom : 35
D->valSize : 1225
Solving...
currentSize : 14 <-- 0.035980 s
currentSize : 15 <-- 0.036884 s
currentSize : 16 <-- 0.052048 s
currentSize : 17 <-- 0.055830 s
currentSize : 18 <-- 0.172981 s
currentSize : 19 <-- 0.314459 s
currentSize : 20 <-- 1.467334 s
currentSize : 21 <-- 4.251934 s
currentSize : 22 <-- 5.272761 s
currentSize : 23 <-- 13.198663 s
currentSize : 24 <-- 305.964569 s

maxsize : 24
nodes : 53760358.000000
filtered : 1943436628.000000
time : 1669.991211
