Parameters: GAD=1 vflib=1 dir=0 label=0 lowerbound=1 fileNameGp=../graphsdb/mcs50/rand/r02/mcs50_r02_s35.A25 fileNameGt=../graphsdb/mcs50/rand/r02/mcs50_r02_s35.B25
Reading graphs...
35 :  211
35 :  214
Initializing...
maxdom : 35
D->valSize : 1225
Solving...
currentSize : 8 <-- 0.017372 s
currentSize : 9 <-- 0.017409 s
currentSize : 10 <-- 0.017543 s
currentSize : 11 <-- 0.017625 s
currentSize : 12 <-- 0.028002 s
currentSize : 13 <-- 0.111757 s
currentSize : 14 <-- 0.227275 s
currentSize : 15 <-- 13.564342 s
currentSize : 16 <-- 1123.782715 s
currentSize : 17 <-- 1727.731079 s

maxsize : 17
nodes : 514616597.000000
filtered : 8262026165.000000
time : 2767.568115
