Parameters: GAD=1 vflib=1 dir=0 label=0 lowerbound=1 fileNameGp=../graphsdb/mcs50/bvg/b03m/mcs50_b03m_s35.A09 fileNameGt=../graphsdb/mcs50/bvg/b03m/mcs50_b03m_s35.B09
Reading graphs...
35 :  52
35 :  52
Initializing...
maxdom : 35
D->valSize : 1225
Solving...
currentSize : 17 <-- 0.021234 s
currentSize : 18 <-- 0.026142 s
currentSize : 19 <-- 0.059047 s
currentSize : 20 <-- 3.622025 s
currentSize : 21 <-- 44.598904 s
currentSize : 22 <-- 45.900288 s
currentSize : 23 <-- 1033.321411 s
currentSize : 24 <-- 2231.104248 s

TIMEOUT
maxsize : 24
nodes : 259637565.000000
filtered : 4833476090.000000
time : 3600.000000
