Parameters: GAD=1 vflib=1 dir=0 label=0 lowerbound=1 fileNameGp=../graphsdb/mcs50/m4D/m4Dr2/mcs50_m4Dr2_s35.A86 fileNameGt=../graphsdb/mcs50/m4D/m4Dr2/mcs50_m4Dr2_s35.B86
Reading graphs...
35 :  69
35 :  66
Initializing...
maxdom : 35
D->valSize : 1225
Solving...
currentSize : 17 <-- 0.020962 s
currentSize : 18 <-- 0.021014 s
currentSize : 19 <-- 0.025464 s
currentSize : 20 <-- 0.025539 s
currentSize : 21 <-- 0.025668 s
currentSize : 22 <-- 6.403373 s
currentSize : 23 <-- 181.881332 s
currentSize : 24 <-- 1433.938965 s

maxsize : 24
nodes : 79574507.000000
filtered : 2669906791.000000
time : 2354.463379
