Parameters: GAD=1 vflib=1 dir=0 label=0 lowerbound=1 fileNameGp=../graphsdb/mcs50/bvg/b09m/mcs50_b09m_s35.A12 fileNameGt=../graphsdb/mcs50/bvg/b09m/mcs50_b09m_s35.B12
Reading graphs...
35 :  149
35 :  149
Initializing...
maxdom : 35
D->valSize : 1225
Solving...
currentSize : 11 <-- 0.017852 s
currentSize : 13 <-- 0.017914 s
currentSize : 14 <-- 0.021027 s
currentSize : 15 <-- 0.030628 s
currentSize : 16 <-- 0.604823 s
currentSize : 17 <-- 8.175790 s
currentSize : 18 <-- 112.185646 s
currentSize : 19 <-- 367.022522 s

maxsize : 19
nodes : 181593454.000000
filtered : 4631751324.000000
time : 1476.697388
