Parameters: GAD=1 vflib=1 dir=0 label=0 lowerbound=1 fileNameGp=../graphsdb/mcs50/m2D/m2Dr2/mcs50_m2Dr2_s30.A60 fileNameGt=../graphsdb/mcs50/m2D/m2Dr2/mcs50_m2Dr2_s30.B60
Reading graphs...
30 :  53
30 :  53
Initializing...
maxdom : 30
D->valSize : 900
Solving...
currentSize : 12 <-- 0.011541 s
currentSize : 13 <-- 0.011577 s
currentSize : 15 <-- 0.011775 s
currentSize : 16 <-- 0.011820 s
currentSize : 17 <-- 0.013770 s
currentSize : 18 <-- 0.429902 s
currentSize : 19 <-- 0.609705 s
currentSize : 20 <-- 6.665344 s
currentSize : 21 <-- 126.423607 s

maxsize : 21
nodes : 14123644.000000
filtered : 386441223.000000
time : 191.625305
