Parameters: GAD=1 vflib=1 dir=0 label=0 lowerbound=1 fileNameGp=../graphsdb/mcs50/m3D/m3Dr4/mcs50_m3Dr4_s20.A49 fileNameGt=../graphsdb/mcs50/m3D/m3Dr4/mcs50_m3Dr4_s20.B49
Reading graphs...
20 :  43
20 :  41
Initializing...
maxdom : 20
D->valSize : 400
Solving...
currentSize : 9 <-- 0.002164 s
currentSize : 10 <-- 0.002709 s
currentSize : 11 <-- 0.004411 s
currentSize : 12 <-- 0.006055 s
currentSize : 13 <-- 0.016640 s
currentSize : 14 <-- 0.164900 s

maxsize : 14
nodes : 37445.000000
filtered : 886307.000000
time : 0.426315
