Parameters: GAD=1 vflib=1 dir=0 label=0 lowerbound=1 fileNameGp=../graphsdb/mcs50/bvg/b09/mcs50_b09_s35.A50 fileNameGt=../graphsdb/mcs50/bvg/b09/mcs50_b09_s35.B50
Reading graphs...
35 :  151
35 :  153
Initializing...
maxdom : 35
D->valSize : 1225
Solving...
currentSize : 11 <-- 0.023117 s
currentSize : 12 <-- 0.023181 s
currentSize : 13 <-- 0.023241 s
currentSize : 14 <-- 0.035941 s
currentSize : 15 <-- 0.037556 s
currentSize : 16 <-- 0.059712 s
currentSize : 17 <-- 22.013321 s
currentSize : 18 <-- 24.848747 s
currentSize : 19 <-- 82.277603 s
currentSize : 20 <-- 83.604034 s

maxsize : 20
nodes : 72777447.000000
filtered : 2200389040.000000
time : 595.413879
