Parameters: GAD=1 vflib=1 dir=0 label=0 lowerbound=1 fileNameGp=../graphsdb/mcs50/bvg/b06/mcs50_b06_s30.A36 fileNameGt=../graphsdb/mcs50/bvg/b06/mcs50_b06_s30.B36
Reading graphs...
30 :  88
30 :  88
Initializing...
maxdom : 30
D->valSize : 900
Solving...
currentSize : 11 <-- 0.014915 s
currentSize : 13 <-- 0.014952 s
currentSize : 14 <-- 0.018832 s
currentSize : 15 <-- 0.021151 s
currentSize : 16 <-- 0.038497 s
currentSize : 17 <-- 0.111823 s
currentSize : 18 <-- 0.944693 s
currentSize : 19 <-- 8.568820 s
currentSize : 20 <-- 21.136229 s

maxsize : 20
nodes : 4002729.000000
filtered : 130684497.000000
time : 44.624775
