Parameters: GAD=1 vflib=1 dir=0 label=0 lowerbound=1 fileNameGp=../graphsdb/mcs50/bvg/b06m/mcs50_b06m_s35.A29 fileNameGt=../graphsdb/mcs50/bvg/b06m/mcs50_b06m_s35.B29
Reading graphs...
35 :  100
35 :  98
Initializing...
maxdom : 35
D->valSize : 1225
Solving...
currentSize : 16 <-- 0.019279 s
currentSize : 17 <-- 0.019400 s
currentSize : 18 <-- 0.021505 s
currentSize : 19 <-- 0.376233 s
currentSize : 20 <-- 4.114151 s
currentSize : 21 <-- 295.289978 s

maxsize : 21
nodes : 234121878.000000
filtered : 7843694853.000000
time : 3269.488037
