Parameters: GAD=1 vflib=1 dir=0 label=0 lowerbound=1 fileNameGp=../graphsdb/mcs50/bvg/b06/mcs50_b06_s30.A80 fileNameGt=../graphsdb/mcs50/bvg/b06/mcs50_b06_s30.B80
Reading graphs...
30 :  88
30 :  88
Initializing...
maxdom : 30
D->valSize : 900
Solving...
currentSize : 11 <-- 0.017789 s
currentSize : 12 <-- 0.017964 s
currentSize : 13 <-- 0.022803 s
currentSize : 14 <-- 0.058136 s
currentSize : 15 <-- 0.163437 s
currentSize : 16 <-- 0.297345 s
currentSize : 17 <-- 1.233897 s
currentSize : 18 <-- 7.576191 s
currentSize : 19 <-- 18.811388 s

maxsize : 19
nodes : 7957415.000000
filtered : 239771847.000000
time : 76.936401
