Parameters: GAD=1 vflib=1 dir=0 label=0 lowerbound=1 fileNameGp=../graphsdb/mcs50/bvg/b09m/mcs50_b09m_s30.A43 fileNameGt=../graphsdb/mcs50/bvg/b09m/mcs50_b09m_s30.B43
Reading graphs...
30 :  125
30 :  127
Initializing...
maxdom : 30
D->valSize : 900
Solving...
currentSize : 11 <-- 0.015570 s
currentSize : 12 <-- 0.015785 s
currentSize : 13 <-- 0.015796 s
currentSize : 14 <-- 0.022144 s
currentSize : 15 <-- 1.151114 s
currentSize : 16 <-- 2.602880 s

maxsize : 16
nodes : 29780798.000000
filtered : 684580983.000000
time : 187.351562
