Parameters: GAD=1 vflib=1 dir=0 label=0 lowerbound=1 fileNameGp=../graphsdb/mcs50/bvg/b03/mcs50_b03_s30.A84 fileNameGt=../graphsdb/mcs50/bvg/b03/mcs50_b03_s30.B84
Reading graphs...
30 :  45
30 :  45
Initializing...
maxdom : 30
D->valSize : 900
Solving...
currentSize : 14 <-- 0.011754 s
currentSize : 16 <-- 0.011780 s
currentSize : 17 <-- 0.019600 s
currentSize : 18 <-- 0.028845 s
currentSize : 19 <-- 6.166931 s
currentSize : 20 <-- 15.051563 s
currentSize : 21 <-- 80.975922 s

maxsize : 21
nodes : 15233136.000000
filtered : 340765300.000000
time : 305.752014
