Parameters: GAD=1 vflib=1 dir=0 label=0 lowerbound=1 fileNameGp=../graphsdb/mcs50/m2D/m2Dr4/mcs50_m2Dr4_s30.A14 fileNameGt=../graphsdb/mcs50/m2D/m2Dr4/mcs50_m2Dr4_s30.B14
Reading graphs...
30 :  59
30 :  59
Initializing...
maxdom : 30
D->valSize : 900
Solving...
currentSize : 14 <-- 0.018839 s
currentSize : 15 <-- 0.018922 s
currentSize : 16 <-- 0.025760 s
currentSize : 17 <-- 0.080988 s
currentSize : 18 <-- 0.082588 s
currentSize : 19 <-- 0.082603 s
currentSize : 20 <-- 8.373957 s
currentSize : 21 <-- 82.301483 s

maxsize : 21
nodes : 8220384.000000
filtered : 229946673.000000
time : 106.315002
