Parameters: GAD=1 vflib=1 dir=0 label=0 lowerbound=1 fileNameGp=../graphsdb/mcs50/m4D/m4Dr4/mcs50_m4Dr4_s30.A83 fileNameGt=../graphsdb/mcs50/m4D/m4Dr4/mcs50_m4Dr4_s30.B83
Reading graphs...
30 :  65
30 :  66
Initializing...
maxdom : 30
D->valSize : 900
Solving...
currentSize : 13 <-- 0.018661 s
currentSize : 16 <-- 0.018705 s
currentSize : 17 <-- 0.018955 s
currentSize : 18 <-- 1.973339 s
currentSize : 19 <-- 12.771330 s
currentSize : 20 <-- 38.561207 s

maxsize : 20
nodes : 7907522.000000
filtered : 247799017.000000
time : 134.432190
