Parameters: GAD=1 vflib=1 dir=0 label=0 lowerbound=1 fileNameGp=../graphsdb/mcs50/bvg/b03/mcs50_b03_s10.A63 fileNameGt=../graphsdb/mcs50/bvg/b03/mcs50_b03_s10.B63
Reading graphs...
10 :  15
10 :  15
Initializing...
maxdom : 10
D->valSize : 100
Solving...
currentSize : 3 <-- 0.000437 s
currentSize : 4 <-- 0.000448 s
currentSize : 5 <-- 0.000488 s
currentSize : 6 <-- 0.000679 s
currentSize : 7 <-- 0.000812 s
currentSize : 8 <-- 0.001027 s

maxsize : 8
nodes : 270.000000
filtered : 2251.000000
time : 0.001289
