Parameters: GAD=1 vflib=1 dir=0 label=0 lowerbound=1 fileNameGp=../graphsdb/mcs50/rand/r02/mcs50_r02_s35.A68 fileNameGt=../graphsdb/mcs50/rand/r02/mcs50_r02_s35.B68
Reading graphs...
35 :  206
35 :  213
Initializing...
maxdom : 35
D->valSize : 1225
Solving...
currentSize : 10 <-- 0.029543 s
currentSize : 11 <-- 0.029792 s
currentSize : 12 <-- 0.030044 s
currentSize : 13 <-- 0.036467 s
currentSize : 14 <-- 0.039498 s
currentSize : 15 <-- 1.417785 s
currentSize : 16 <-- 621.459595 s
currentSize : 17 <-- 1018.669678 s

maxsize : 17
nodes : 426072314.000000
filtered : 7127518475.000000
time : 2314.772461
