Parameters: GAD=1 vflib=1 dir=0 label=0 lowerbound=1 fileNameGp=../graphsdb/mcs50/m4D/m4D/mcs50_m4D_s35.A97 fileNameGt=../graphsdb/mcs50/m4D/m4D/mcs50_m4D_s35.B97
Reading graphs...
35 :  63
35 :  63
Initializing...
maxdom : 35
D->valSize : 1225
Solving...
currentSize : 16 <-- 0.020801 s
currentSize : 19 <-- 0.020869 s
currentSize : 20 <-- 0.228520 s
currentSize : 21 <-- 0.257814 s
currentSize : 22 <-- 6.019179 s
currentSize : 23 <-- 14.398763 s
currentSize : 24 <-- 79.533920 s
currentSize : 25 <-- 79.534943 s

maxsize : 25
nodes : 12906915.000000
filtered : 455020037.000000
time : 355.088501
