Parameters: GAD=1 vflib=1 dir=0 label=0 lowerbound=1 fileNameGp=../graphsdb/mcs50/rand/r005/mcs50_r005_s20.A00 fileNameGt=../graphsdb/mcs50/rand/r005/mcs50_r005_s20.B00
Reading graphs...
20 :  24
20 :  24
Initializing...
maxdom : 20
D->valSize : 400
Solving...
currentSize : 6 <-- 0.002307 s
currentSize : 7 <-- 0.002363 s
currentSize : 8 <-- 0.002552 s
currentSize : 9 <-- 0.002635 s
currentSize : 10 <-- 0.003220 s
currentSize : 11 <-- 0.003587 s
currentSize : 12 <-- 0.009019 s
currentSize : 13 <-- 0.009049 s
currentSize : 14 <-- 0.009056 s
currentSize : 16 <-- 0.009234 s

maxsize : 16
nodes : 3485.000000
filtered : 88356.000000
time : 0.059193
