Parameters: GAD=1 vflib=1 dir=0 label=0 lowerbound=1 fileNameGp=../graphsdb/mcs50/m4D/m4Dr6/mcs50_m4Dr6_s35.A86 fileNameGt=../graphsdb/mcs50/m4D/m4Dr6/mcs50_m4Dr6_s35.B86
Reading graphs...
35 :  84
35 :  81
Initializing...
maxdom : 35
D->valSize : 1225
Solving...
currentSize : 12 <-- 0.019801 s
currentSize : 13 <-- 0.019835 s
currentSize : 14 <-- 0.020002 s
currentSize : 15 <-- 0.020019 s
currentSize : 16 <-- 0.020103 s
currentSize : 17 <-- 0.022823 s
currentSize : 18 <-- 0.032185 s
currentSize : 19 <-- 0.750951 s
currentSize : 20 <-- 3.038038 s
currentSize : 21 <-- 18.660662 s
currentSize : 22 <-- 23.346128 s
currentSize : 23 <-- 197.265701 s

maxsize : 23
nodes : 85706889.000000
filtered : 3101743927.000000
time : 1945.259644
