Parameters: GAD=1 vflib=1 dir=0 label=0 lowerbound=1 fileNameGp=../graphsdb/mcs50/m4D/m4Dr2/mcs50_m4Dr2_s35.A39 fileNameGt=../graphsdb/mcs50/m4D/m4Dr2/mcs50_m4Dr2_s35.B39
Reading graphs...
35 :  67
35 :  67
Initializing...
maxdom : 35
D->valSize : 1225
Solving...
currentSize : 16 <-- 0.035808 s
currentSize : 17 <-- 0.036315 s
currentSize : 18 <-- 0.039570 s
currentSize : 19 <-- 0.114700 s
currentSize : 20 <-- 0.138372 s
currentSize : 21 <-- 7.528523 s
currentSize : 22 <-- 16.111982 s
currentSize : 23 <-- 24.535732 s
currentSize : 24 <-- 237.651321 s

maxsize : 24
nodes : 45972643.000000
filtered : 1644280801.000000
time : 1501.444580
