Parameters: GAD=1 vflib=1 dir=0 label=0 lowerbound=1 fileNameGp=../graphsdb/mcs50/m2D/m2Dr4/mcs50_m2Dr4_s30.A04 fileNameGt=../graphsdb/mcs50/m2D/m2Dr4/mcs50_m2Dr4_s30.B04
Reading graphs...
30 :  61
30 :  60
Initializing...
maxdom : 30
D->valSize : 900
Solving...
currentSize : 13 <-- 0.010867 s
currentSize : 15 <-- 0.010900 s
currentSize : 16 <-- 0.010919 s
currentSize : 17 <-- 0.651064 s
currentSize : 18 <-- 0.783813 s
currentSize : 19 <-- 4.008618 s
currentSize : 20 <-- 53.930511 s
currentSize : 21 <-- 56.593044 s

maxsize : 21
nodes : 6232789.000000
filtered : 188108982.000000
time : 125.890739
