Parameters: GAD=1 vflib=1 dir=0 label=0 lowerbound=1 fileNameGp=../graphsdb/mcs50/bvg/b06m/mcs50_b06m_s30.A38 fileNameGt=../graphsdb/mcs50/bvg/b06m/mcs50_b06m_s30.B38
Reading graphs...
30 :  87
30 :  86
Initializing...
maxdom : 30
D->valSize : 900
Solving...
currentSize : 11 <-- 0.010275 s
currentSize : 13 <-- 0.010302 s
currentSize : 15 <-- 0.010490 s
currentSize : 16 <-- 0.056981 s
currentSize : 17 <-- 1.062670 s
currentSize : 18 <-- 20.878084 s
currentSize : 19 <-- 112.943665 s

maxsize : 19
nodes : 15558098.000000
filtered : 409252264.000000
time : 143.940125
