Parameters: GAD=1 vflib=1 dir=0 label=0 lowerbound=1 fileNameGp=../graphsdb/mcs50/m4D/m4D/mcs50_m4D_s30.A47 fileNameGt=../graphsdb/mcs50/m4D/m4D/mcs50_m4D_s30.B47
Reading graphs...
30 :  54
30 :  55
Initializing...
maxdom : 30
D->valSize : 900
Solving...
currentSize : 12 <-- 0.010781 s
currentSize : 13 <-- 0.010802 s
currentSize : 14 <-- 0.011554 s
currentSize : 15 <-- 0.011560 s
currentSize : 16 <-- 0.011791 s
currentSize : 17 <-- 1.935127 s
currentSize : 18 <-- 1.984645 s
currentSize : 19 <-- 1.987699 s
currentSize : 20 <-- 8.086945 s
currentSize : 21 <-- 18.798016 s
currentSize : 22 <-- 41.219139 s
currentSize : 23 <-- 41.737892 s

maxsize : 23
nodes : 2289037.000000
filtered : 63976774.000000
time : 45.665241
