Parameters: GAD=1 vflib=1 dir=0 label=0 lowerbound=1 fileNameGp=../graphsdb/mcs50/bvg/b03/mcs50_b03_s25.A98 fileNameGt=../graphsdb/mcs50/bvg/b03/mcs50_b03_s25.B98
Reading graphs...
25 :  37
25 :  37
Initializing...
maxdom : 25
D->valSize : 625
Solving...
currentSize : 9 <-- 0.005289 s
currentSize : 11 <-- 0.005308 s
currentSize : 12 <-- 0.005447 s
currentSize : 13 <-- 0.010932 s
currentSize : 14 <-- 0.023336 s
currentSize : 15 <-- 0.420079 s
currentSize : 16 <-- 0.435093 s
currentSize : 17 <-- 1.261329 s

maxsize : 17
nodes : 1734739.000000
filtered : 31178322.000000
time : 17.656122
