Parameters: GAD=1 vflib=1 dir=0 label=0 lowerbound=1 fileNameGp=../graphsdb/mcs50/bvg/b06/mcs50_b06_s35.A75 fileNameGt=../graphsdb/mcs50/bvg/b06/mcs50_b06_s35.B75
Reading graphs...
35 :  103
35 :  104
Initializing...
maxdom : 35
D->valSize : 1225
Solving...
currentSize : 17 <-- 0.019062 s
currentSize : 18 <-- 0.024606 s
currentSize : 19 <-- 1.006464 s
currentSize : 20 <-- 15.615660 s
currentSize : 21 <-- 15.616006 s
currentSize : 22 <-- 561.178345 s

maxsize : 22
nodes : 75592090.000000
filtered : 2814270275.000000
time : 1167.999756
