Parameters: GAD=1 vflib=1 dir=0 label=0 lowerbound=1 fileNameGp=../graphsdb/mcs50/bvg/b06/mcs50_b06_s20.A05 fileNameGt=../graphsdb/mcs50/bvg/b06/mcs50_b06_s20.B05
Reading graphs...
20 :  57
20 :  59
Initializing...
maxdom : 20
D->valSize : 400
Solving...
currentSize : 8 <-- 0.003467 s
currentSize : 9 <-- 0.003550 s
currentSize : 10 <-- 0.004026 s
currentSize : 11 <-- 0.005689 s
currentSize : 12 <-- 0.022079 s
currentSize : 13 <-- 0.112920 s

maxsize : 13
nodes : 62389.000000
filtered : 1218056.000000
time : 0.380582
