Parameters: GAD=1 vflib=1 dir=0 label=0 lowerbound=1 fileNameGp=../graphsdb/mcs50/bvg/b06/mcs50_b06_s35.A32 fileNameGt=../graphsdb/mcs50/bvg/b06/mcs50_b06_s35.B32
Reading graphs...
35 :  103
35 :  103
Initializing...
maxdom : 35
D->valSize : 1225
Solving...
currentSize : 14 <-- 0.033533 s
currentSize : 15 <-- 0.033893 s
currentSize : 17 <-- 0.035072 s
currentSize : 18 <-- 0.046777 s
currentSize : 19 <-- 0.105008 s
currentSize : 20 <-- 0.257106 s
currentSize : 21 <-- 0.357425 s
currentSize : 22 <-- 123.862358 s

maxsize : 22
nodes : 83811823.000000
filtered : 3165369893.000000
time : 1299.757080
