Parameters: GAD=1 vflib=1 dir=0 label=0 lowerbound=1 fileNameGp=../graphsdb/mcs50/rand/r01/mcs50_r01_s30.A97 fileNameGt=../graphsdb/mcs50/rand/r01/mcs50_r01_s30.B97
Reading graphs...
30 :  82
30 :  79
Initializing...
maxdom : 30
D->valSize : 900
Solving...
currentSize : 13 <-- 0.010850 s
currentSize : 14 <-- 0.011222 s
currentSize : 15 <-- 0.012787 s
currentSize : 16 <-- 0.014934 s
currentSize : 17 <-- 0.247937 s
currentSize : 18 <-- 0.759573 s
currentSize : 19 <-- 9.892359 s

maxsize : 19
nodes : 8734464.000000
filtered : 265001070.000000
time : 100.946335
