Parameters: GAD=1 vflib=1 dir=0 label=0 lowerbound=1 fileNameGp=../graphsdb/mcs50/bvg/b03m/mcs50_b03m_s30.A18 fileNameGt=../graphsdb/mcs50/bvg/b03m/mcs50_b03m_s30.B18
Reading graphs...
30 :  45
30 :  44
Initializing...
maxdom : 30
D->valSize : 900
Solving...
currentSize : 15 <-- 0.011188 s
currentSize : 16 <-- 0.011776 s
currentSize : 17 <-- 0.067233 s
currentSize : 18 <-- 0.161606 s
currentSize : 19 <-- 0.314667 s
currentSize : 20 <-- 0.868011 s
currentSize : 21 <-- 9.602858 s
currentSize : 22 <-- 20.992229 s

maxsize : 22
nodes : 3200534.000000
filtered : 92326681.000000
time : 76.284019
