Parameters: GAD=1 vflib=1 dir=0 label=0 lowerbound=1 fileNameGp=../graphsdb/mcs50/m3D/m3Dr4/mcs50_m3Dr4_s15.A11 fileNameGt=../graphsdb/mcs50/m3D/m3Dr4/mcs50_m3Dr4_s15.B11
Reading graphs...
15 :  32
15 :  30
Initializing...
maxdom : 15
D->valSize : 225
Solving...
currentSize : 5 <-- 0.000899 s
currentSize : 6 <-- 0.000925 s
currentSize : 8 <-- 0.001025 s
currentSize : 9 <-- 0.001215 s
currentSize : 10 <-- 0.003360 s
currentSize : 11 <-- 0.011428 s

maxsize : 11
nodes : 4091.000000
filtered : 58712.000000
time : 0.020302
