Parameters: GAD=1 vflib=1 dir=0 label=0 lowerbound=1 fileNameGp=../graphsdb/mcs50/bvg/b06m/mcs50_b06m_s25.A65 fileNameGt=../graphsdb/mcs50/bvg/b06m/mcs50_b06m_s25.B65
Reading graphs...
25 :  70
25 :  71
Initializing...
maxdom : 25
D->valSize : 625
Solving...
currentSize : 9 <-- 0.008345 s
currentSize : 10 <-- 0.008371 s
currentSize : 11 <-- 0.008609 s
currentSize : 12 <-- 0.009704 s
currentSize : 13 <-- 0.028463 s
currentSize : 14 <-- 0.045022 s
currentSize : 15 <-- 0.539779 s
currentSize : 16 <-- 2.716701 s

maxsize : 16
nodes : 782071.000000
filtered : 18932619.000000
time : 6.836997
