Parameters: GAD=1 vflib=1 dir=0 label=0 lowerbound=1 fileNameGp=../graphsdb/mcs50/rand/r01/mcs50_r01_s30.A15 fileNameGt=../graphsdb/mcs50/rand/r01/mcs50_r01_s30.B15
Reading graphs...
30 :  80
30 :  83
Initializing...
maxdom : 30
D->valSize : 900
Solving...
currentSize : 13 <-- 0.010283 s
currentSize : 14 <-- 0.010326 s
currentSize : 15 <-- 0.010633 s
currentSize : 16 <-- 0.012100 s
currentSize : 17 <-- 0.012210 s
currentSize : 18 <-- 0.016682 s

maxsize : 18
nodes : 34140892.000000
filtered : 875080933.000000
time : 319.942688
