Parameters: GAD=1 vflib=1 dir=0 label=0 lowerbound=1 fileNameGp=../graphsdb/mcs50/bvg/b09/mcs50_b09_s35.A58 fileNameGt=../graphsdb/mcs50/bvg/b09/mcs50_b09_s35.B58
Reading graphs...
35 :  155
35 :  154
Initializing...
maxdom : 35
D->valSize : 1225
Solving...
currentSize : 11 <-- 0.017856 s
currentSize : 12 <-- 0.017954 s
currentSize : 13 <-- 0.018691 s
currentSize : 14 <-- 0.018724 s
currentSize : 15 <-- 0.018736 s
currentSize : 16 <-- 0.176922 s
currentSize : 17 <-- 1.101416 s
currentSize : 18 <-- 1.101887 s
currentSize : 19 <-- 59.334831 s
currentSize : 20 <-- 119.920921 s

maxsize : 20
nodes : 64020499.000000
filtered : 2171398468.000000
time : 533.012817
