Parameters: GAD=1 vflib=1 dir=0 label=0 lowerbound=1 fileNameGp=../graphsdb/mcs50/m4D/m4Dr6/mcs50_m4Dr6_s30.A10 fileNameGt=../graphsdb/mcs50/m4D/m4Dr6/mcs50_m4Dr6_s30.B10
Reading graphs...
30 :  72
30 :  71
Initializing...
maxdom : 30
D->valSize : 900
Solving...
currentSize : 11 <-- 0.010612 s
currentSize : 13 <-- 0.010642 s
currentSize : 14 <-- 0.010864 s
currentSize : 15 <-- 0.011260 s
currentSize : 16 <-- 0.056294 s
currentSize : 17 <-- 0.061421 s
currentSize : 18 <-- 4.072043 s
currentSize : 19 <-- 12.061369 s

maxsize : 19
nodes : 8523618.000000
filtered : 255709465.000000
time : 122.926163
