Parameters: GAD=1 vflib=1 dir=0 label=0 lowerbound=1 fileNameGp=../graphsdb/mcs50/bvg/b06m/mcs50_b06m_s30.A59 fileNameGt=../graphsdb/mcs50/bvg/b06m/mcs50_b06m_s30.B59
Reading graphs...
30 :  82
30 :  84
Initializing...
maxdom : 30
D->valSize : 900
Solving...
currentSize : 13 <-- 0.018026 s
currentSize : 15 <-- 0.018172 s
currentSize : 16 <-- 0.018191 s
currentSize : 17 <-- 0.038940 s
currentSize : 18 <-- 22.037889 s
currentSize : 19 <-- 22.037971 s

maxsize : 19
nodes : 9398872.000000
filtered : 273177289.000000
time : 104.774521
