Parameters: GAD=1 vflib=1 dir=0 label=0 lowerbound=1 fileNameGp=../graphsdb/mcs50/m4D/m4Dr2/mcs50_m4Dr2_s30.A52 fileNameGt=../graphsdb/mcs50/m4D/m4Dr2/mcs50_m4Dr2_s30.B52
Reading graphs...
30 :  60
30 :  59
Initializing...
maxdom : 30
D->valSize : 900
Solving...
currentSize : 15 <-- 0.018952 s
currentSize : 16 <-- 0.019123 s
currentSize : 17 <-- 0.021935 s
currentSize : 18 <-- 0.022678 s
currentSize : 19 <-- 0.022724 s
currentSize : 20 <-- 2.348717 s
currentSize : 21 <-- 30.145266 s

maxsize : 21
nodes : 3279146.000000
filtered : 105151685.000000
time : 70.981178
