Parameters: GAD=1 vflib=1 dir=0 label=0 lowerbound=1 fileNameGp=../graphsdb/mcs50/bvg/b03/mcs50_b03_s20.A16 fileNameGt=../graphsdb/mcs50/bvg/b03/mcs50_b03_s20.B16
Reading graphs...
20 :  30
20 :  30
Initializing...
maxdom : 20
D->valSize : 400
Solving...
currentSize : 10 <-- 0.003884 s
currentSize : 11 <-- 0.003956 s
currentSize : 12 <-- 0.006562 s
currentSize : 13 <-- 0.043852 s
currentSize : 14 <-- 0.130104 s
currentSize : 15 <-- 0.157345 s

maxsize : 15
nodes : 49164.000000
filtered : 865408.000000
time : 0.497760
