Parameters: GAD=1 vflib=1 dir=0 label=0 lowerbound=1 fileNameGp=../graphsdb/mcs50/rand/r02/mcs50_r02_s35.A24 fileNameGt=../graphsdb/mcs50/rand/r02/mcs50_r02_s35.B24
Reading graphs...
35 :  220
35 :  221
Initializing...
maxdom : 35
D->valSize : 1225
Solving...
currentSize : 10 <-- 0.017362 s
currentSize : 11 <-- 0.017510 s
currentSize : 12 <-- 0.017570 s
currentSize : 13 <-- 0.019321 s
currentSize : 14 <-- 2.373843 s
currentSize : 15 <-- 31.417839 s
currentSize : 16 <-- 381.933167 s
currentSize : 17 <-- 381.933258 s

maxsize : 17
nodes : 333711493.000000
filtered : 5932360989.000000
time : 1824.875244
