Parameters: GAD=1 vflib=1 dir=0 label=0 lowerbound=1 fileNameGp=../graphsdb/mcs50/bvg/b06/mcs50_b06_s25.A11 fileNameGt=../graphsdb/mcs50/bvg/b06/mcs50_b06_s25.B11
Reading graphs...
25 :  75
25 :  74
Initializing...
maxdom : 25
D->valSize : 625
Solving...
currentSize : 10 <-- 0.004742 s
currentSize : 11 <-- 0.005596 s
currentSize : 12 <-- 0.005872 s
currentSize : 13 <-- 0.006104 s
currentSize : 14 <-- 0.011982 s
currentSize : 15 <-- 0.247009 s

maxsize : 15
nodes : 902195.000000
filtered : 20228173.000000
time : 6.497487
