Parameters: GAD=1 vflib=1 dir=0 label=0 lowerbound=1 fileNameGp=../graphsdb/mcs50/rand/r02/mcs50_r02_s30.A12 fileNameGt=../graphsdb/mcs50/rand/r02/mcs50_r02_s30.B12
Reading graphs...
30 :  155
30 :  155
Initializing...
maxdom : 30
D->valSize : 900
Solving...
currentSize : 10 <-- 0.009275 s
currentSize : 11 <-- 0.009327 s
currentSize : 12 <-- 0.009429 s
currentSize : 13 <-- 0.121252 s
currentSize : 14 <-- 3.354883 s
currentSize : 15 <-- 97.576401 s

maxsize : 15
nodes : 54230242.000000
filtered : 793505367.000000
time : 269.852844
