Parameters: GAD=1 vflib=1 dir=0 label=0 lowerbound=1 fileNameGp=../graphsdb/mcs50/bvg/b09/mcs50_b09_s30.A71 fileNameGt=../graphsdb/mcs50/bvg/b09/mcs50_b09_s30.B71
Reading graphs...
30 :  132
30 :  130
Initializing...
maxdom : 30
D->valSize : 900
Solving...
currentSize : 12 <-- 0.009405 s
currentSize : 13 <-- 0.009852 s
currentSize : 14 <-- 0.081135 s
currentSize : 15 <-- 1.591469 s
currentSize : 16 <-- 2.993308 s
currentSize : 17 <-- 97.055504 s

maxsize : 17
nodes : 17044836.000000
filtered : 365256408.000000
time : 111.369781
