Parameters: GAD=1 vflib=1 dir=0 label=0 lowerbound=1 fileNameGp=../graphsdb/mcs50/bvg/b09m/mcs50_b09m_s35.A05 fileNameGt=../graphsdb/mcs50/bvg/b09m/mcs50_b09m_s35.B05
Reading graphs...
35 :  150
35 :  151
Initializing...
maxdom : 35
D->valSize : 1225
Solving...
currentSize : 11 <-- 0.018405 s
currentSize : 12 <-- 0.018442 s
currentSize : 13 <-- 0.018551 s
currentSize : 14 <-- 0.018656 s
currentSize : 15 <-- 0.020813 s
currentSize : 16 <-- 0.281744 s
currentSize : 17 <-- 1.105493 s
currentSize : 18 <-- 132.002289 s

maxsize : 18
nodes : 428586331.000000
filtered : 10242616016.000000
time : 2909.989258
