Parameters: GAD=1 vflib=1 dir=0 label=0 lowerbound=1 fileNameGp=../graphsdb/mcs50/m4D/m4Dr6/mcs50_m4Dr6_s35.A07 fileNameGt=../graphsdb/mcs50/m4D/m4Dr6/mcs50_m4Dr6_s35.B07
Reading graphs...
35 :  83
35 :  82
Initializing...
maxdom : 35
D->valSize : 1225
Solving...
currentSize : 17 <-- 0.035189 s
currentSize : 18 <-- 0.054877 s
currentSize : 19 <-- 0.187006 s
currentSize : 20 <-- 0.236783 s
currentSize : 21 <-- 25.763668 s
currentSize : 22 <-- 295.925964 s
currentSize : 23 <-- 478.054382 s

maxsize : 23
nodes : 90284769.000000
filtered : 2984345474.000000
time : 1511.198120
