Parameters: GAD=1 vflib=1 dir=0 label=0 lowerbound=1 fileNameGp=../graphsdb/mcs50/bvg/b09/mcs50_b09_s35.A55 fileNameGt=../graphsdb/mcs50/bvg/b09/mcs50_b09_s35.B55
Reading graphs...
35 :  151
35 :  154
Initializing...
maxdom : 35
D->valSize : 1225
Solving...
currentSize : 12 <-- 0.018089 s
currentSize : 13 <-- 0.018258 s
currentSize : 14 <-- 0.018340 s
currentSize : 15 <-- 0.018935 s
currentSize : 16 <-- 0.855727 s
currentSize : 17 <-- 30.992760 s
currentSize : 18 <-- 142.687653 s
currentSize : 19 <-- 299.342316 s

maxsize : 19
nodes : 150481099.000000
filtered : 3884361332.000000
time : 1258.442627
