Parameters: GAD=1 vflib=1 dir=0 label=0 lowerbound=1 fileNameGp=../graphsdb/mcs50/bvg/b09/mcs50_b09_s30.A74 fileNameGt=../graphsdb/mcs50/bvg/b09/mcs50_b09_s30.B74
Reading graphs...
30 :  132
30 :  129
Initializing...
maxdom : 30
D->valSize : 900
Solving...
currentSize : 11 <-- 0.016617 s
currentSize : 12 <-- 0.017238 s
currentSize : 13 <-- 0.017435 s
currentSize : 14 <-- 0.017908 s
currentSize : 15 <-- 0.018211 s
currentSize : 16 <-- 0.839399 s
currentSize : 17 <-- 0.867651 s

maxsize : 17
nodes : 8990549.000000
filtered : 219177672.000000
time : 63.650848
