Parameters: GAD=1 vflib=1 dir=0 label=0 lowerbound=1 fileNameGp=../graphsdb/mcs50/bvg/b03/mcs50_b03_s35.A17 fileNameGt=../graphsdb/mcs50/bvg/b03/mcs50_b03_s35.B17
Reading graphs...
35 :  52
35 :  52
Initializing...
maxdom : 35
D->valSize : 1225
Solving...
currentSize : 15 <-- 0.021264 s
currentSize : 16 <-- 0.021399 s
currentSize : 18 <-- 0.021574 s
currentSize : 19 <-- 0.021654 s
currentSize : 20 <-- 0.067954 s
currentSize : 21 <-- 0.974558 s
currentSize : 22 <-- 2.044343 s
currentSize : 23 <-- 23.131632 s
currentSize : 24 <-- 412.207886 s
currentSize : 25 <-- 425.648682 s

maxsize : 25
nodes : 102945413.000000
filtered : 3092993898.000000
time : 3345.848877
