Parameters: GAD=1 vflib=1 dir=0 label=0 lowerbound=1 fileNameGp=../graphsdb/mcs50/rand/r01/mcs50_r01_s35.A08 fileNameGt=../graphsdb/mcs50/rand/r01/mcs50_r01_s35.B08
Reading graphs...
35 :  112
35 :  110
Initializing...
maxdom : 35
D->valSize : 1225
Solving...
currentSize : 13 <-- 0.018872 s
currentSize : 14 <-- 0.018899 s
currentSize : 15 <-- 0.019531 s
currentSize : 16 <-- 0.019778 s
currentSize : 17 <-- 0.029916 s
currentSize : 18 <-- 0.043366 s
currentSize : 19 <-- 2.008323 s
currentSize : 20 <-- 17.715902 s
currentSize : 21 <-- 2124.714355 s

maxsize : 21
nodes : 268988515.000000
filtered : 7860447229.000000
time : 2828.975098
