Parameters: GAD=1 vflib=1 dir=0 label=0 lowerbound=1 fileNameGp=../graphsdb/mcs50/m4D/m4D/mcs50_m4D_s35.A60 fileNameGt=../graphsdb/mcs50/m4D/m4D/mcs50_m4D_s35.B60
Reading graphs...
35 :  63
35 :  62
Initializing...
maxdom : 35
D->valSize : 1225
Solving...
currentSize : 18 <-- 0.020724 s
currentSize : 19 <-- 0.521001 s
currentSize : 20 <-- 1.802017 s
currentSize : 21 <-- 2.047912 s
currentSize : 22 <-- 3.103407 s
currentSize : 23 <-- 105.815613 s
currentSize : 24 <-- 1912.384399 s

maxsize : 24
nodes : 115596872.000000
filtered : 3341059389.000000
time : 3428.748535
