Parameters: GAD=1 vflib=1 dir=0 label=0 lowerbound=1 fileNameGp=../graphsdb/mcs50/bvg/b06m/mcs50_b06m_s25.A54 fileNameGt=../graphsdb/mcs50/bvg/b06m/mcs50_b06m_s25.B54
Reading graphs...
25 :  72
25 :  73
Initializing...
maxdom : 25
D->valSize : 625
Solving...
currentSize : 9 <-- 0.008365 s
currentSize : 10 <-- 0.008446 s
currentSize : 11 <-- 0.008944 s
currentSize : 12 <-- 0.009848 s
currentSize : 13 <-- 0.011066 s
currentSize : 14 <-- 0.011257 s
currentSize : 15 <-- 1.061637 s

maxsize : 15
nodes : 1664017.000000
filtered : 33616425.000000
time : 12.280298
