Parameters: GAD=1 vflib=1 dir=0 label=0 lowerbound=1 fileNameGp=../graphsdb/mcs50/bvg/b03m/mcs50_b03m_s15.A58 fileNameGt=../graphsdb/mcs50/bvg/b03m/mcs50_b03m_s15.B58
Reading graphs...
15 :  22
15 :  21
Initializing...
maxdom : 15
D->valSize : 225
Solving...
currentSize : 6 <-- 0.000997 s
currentSize : 7 <-- 0.001025 s
currentSize : 8 <-- 0.001451 s
currentSize : 9 <-- 0.001673 s
currentSize : 10 <-- 0.002781 s
currentSize : 11 <-- 0.003441 s

maxsize : 11
nodes : 1508.000000
filtered : 22654.000000
time : 0.010514
