Parameters: GAD=1 vflib=1 dir=0 label=0 lowerbound=1 fileNameGp=../graphsdb/mcs50/bvg/b03m/mcs50_b03m_s35.A71 fileNameGt=../graphsdb/mcs50/bvg/b03m/mcs50_b03m_s35.B71
Reading graphs...
35 :  52
35 :  52
Initializing...
maxdom : 35
D->valSize : 1225
Solving...
currentSize : 16 <-- 0.021529 s
currentSize : 17 <-- 0.021617 s
currentSize : 18 <-- 0.022872 s
currentSize : 19 <-- 0.023648 s
currentSize : 20 <-- 0.029295 s
currentSize : 21 <-- 2.145007 s
currentSize : 22 <-- 3.863799 s
currentSize : 23 <-- 5.968331 s
currentSize : 24 <-- 7.164245 s
currentSize : 25 <-- 88.295937 s

maxsize : 25
nodes : 45678933.000000
filtered : 1469902923.000000
time : 1514.117065
