Parameters: GAD=1 vflib=1 dir=0 label=0 lowerbound=1 fileNameGp=../graphsdb/mcs50/bvg/b09/mcs50_b09_s35.A77 fileNameGt=../graphsdb/mcs50/bvg/b09/mcs50_b09_s35.B77
Reading graphs...
35 :  153
35 :  150
Initializing...
maxdom : 35
D->valSize : 1225
Solving...
currentSize : 13 <-- 0.031492 s
currentSize : 15 <-- 0.057554 s
currentSize : 16 <-- 0.112794 s
currentSize : 17 <-- 0.115336 s
currentSize : 18 <-- 11.275348 s
currentSize : 19 <-- 1028.267090 s

maxsize : 19
nodes : 249999456.000000
filtered : 6151109031.000000
time : 1874.877075
