Parameters: GAD=1 vflib=1 dir=0 label=0 lowerbound=1 fileNameGp=../graphsdb/mcs50/m3D/m3Dr4/mcs50_m3Dr4_s20.A30 fileNameGt=../graphsdb/mcs50/m3D/m3Dr4/mcs50_m3Dr4_s20.B30
Reading graphs...
20 :  44
20 :  43
Initializing...
maxdom : 20
D->valSize : 400
Solving...
currentSize : 8 <-- 0.002197 s
currentSize : 9 <-- 0.002221 s
currentSize : 10 <-- 0.002296 s
currentSize : 11 <-- 0.002790 s
currentSize : 12 <-- 0.044431 s
currentSize : 13 <-- 0.173654 s

maxsize : 13
nodes : 118099.000000
filtered : 1905203.000000
time : 0.746055
