Parameters: GAD=1 vflib=1 dir=0 label=0 lowerbound=1 fileNameGp=../graphsdb/mcs50/bvg/b06m/mcs50_b06m_s35.A91 fileNameGt=../graphsdb/mcs50/bvg/b06m/mcs50_b06m_s35.B91
Reading graphs...
35 :  102
35 :  102
Initializing...
maxdom : 35
D->valSize : 1225
Solving...
currentSize : 15 <-- 0.019578 s
currentSize : 16 <-- 0.019808 s
currentSize : 17 <-- 0.019989 s
currentSize : 18 <-- 0.034976 s
currentSize : 19 <-- 0.150004 s
currentSize : 20 <-- 4.158047 s
currentSize : 21 <-- 2240.693359 s

TIMEOUT
maxsize : 21
nodes : 275991270.000000
filtered : 8231151830.000000
time : 3600.000000
