Parameters: GAD=1 vflib=1 dir=0 label=0 lowerbound=1 fileNameGp=../graphsdb/mcs50/bvg/b06/mcs50_b06_s35.A30 fileNameGt=../graphsdb/mcs50/bvg/b06/mcs50_b06_s35.B30
Reading graphs...
35 :  105
35 :  105
Initializing...
maxdom : 35
D->valSize : 1225
Solving...
currentSize : 12 <-- 0.033869 s
currentSize : 13 <-- 0.033916 s
currentSize : 14 <-- 0.039565 s
currentSize : 15 <-- 0.052076 s
currentSize : 16 <-- 0.076671 s
currentSize : 17 <-- 0.078109 s
currentSize : 18 <-- 0.107916 s
currentSize : 19 <-- 1.946568 s
currentSize : 20 <-- 2.916729 s
currentSize : 21 <-- 2.964151 s

maxsize : 21
nodes : 150585888.000000
filtered : 5101333916.000000
time : 2085.439453
