Parameters: GAD=1 vflib=1 dir=0 label=0 lowerbound=1 fileNameGp=../graphsdb/mcs50/bvg/b09m/mcs50_b09m_s30.A55 fileNameGt=../graphsdb/mcs50/bvg/b09m/mcs50_b09m_s30.B55
Reading graphs...
30 :  130
30 :  127
Initializing...
maxdom : 30
D->valSize : 900
Solving...
currentSize : 11 <-- 0.016338 s
currentSize : 12 <-- 0.016394 s
currentSize : 13 <-- 0.016735 s
currentSize : 14 <-- 0.040355 s
currentSize : 15 <-- 0.404056 s
currentSize : 16 <-- 27.453684 s
currentSize : 17 <-- 86.692001 s

maxsize : 17
nodes : 20473405.000000
filtered : 453260605.000000
time : 127.199379
