Parameters: GAD=1 vflib=1 dir=0 label=0 lowerbound=1 fileNameGp=../graphsdb/mcs50/m4D/m4Dr6/mcs50_m4Dr6_s35.A82 fileNameGt=../graphsdb/mcs50/m4D/m4Dr6/mcs50_m4Dr6_s35.B82
Reading graphs...
35 :  81
35 :  78
Initializing...
maxdom : 35
D->valSize : 1225
Solving...
currentSize : 17 <-- 0.019863 s
currentSize : 18 <-- 0.039133 s
currentSize : 19 <-- 0.040105 s
currentSize : 20 <-- 0.040756 s
currentSize : 21 <-- 3.998512 s
currentSize : 22 <-- 4.793260 s
currentSize : 23 <-- 2471.657959 s

maxsize : 23
nodes : 181363862.000000
filtered : 6160693426.000000
time : 3378.380859
