Parameters: GAD=1 vflib=1 dir=0 label=0 lowerbound=1 fileNameGp=../graphsdb/mcs50/m4D/m4Dr2/mcs50_m4Dr2_s30.A46 fileNameGt=../graphsdb/mcs50/m4D/m4Dr2/mcs50_m4Dr2_s30.B46
Reading graphs...
30 :  60
30 :  60
Initializing...
maxdom : 30
D->valSize : 900
Solving...
currentSize : 13 <-- 0.010758 s
currentSize : 14 <-- 0.011156 s
currentSize : 15 <-- 0.012132 s
currentSize : 16 <-- 0.037690 s
currentSize : 17 <-- 0.067982 s
currentSize : 18 <-- 0.115782 s
currentSize : 19 <-- 0.131403 s
currentSize : 20 <-- 0.585090 s
currentSize : 21 <-- 1.845163 s

maxsize : 21
nodes : 2473696.000000
filtered : 86459803.000000
time : 55.990944
