Parameters: GAD=1 vflib=1 dir=0 label=0 lowerbound=1 fileNameGp=../graphsdb/mcs50/bvg/b03/mcs50_b03_s30.A04 fileNameGt=../graphsdb/mcs50/bvg/b03/mcs50_b03_s30.B04
Reading graphs...
30 :  45
30 :  45
Initializing...
maxdom : 30
D->valSize : 900
Solving...
currentSize : 13 <-- 0.011207 s
currentSize : 14 <-- 0.011235 s
currentSize : 16 <-- 0.011670 s
currentSize : 17 <-- 0.032708 s
currentSize : 18 <-- 0.245395 s
currentSize : 20 <-- 5.776003 s
currentSize : 21 <-- 82.110352 s

maxsize : 21
nodes : 16234921.000000
filtered : 407214201.000000
time : 279.726227
