Parameters: GAD=1 vflib=1 dir=0 label=0 lowerbound=1 fileNameGp=../graphsdb/mcs50/m4D/m4Dr2/mcs50_m4Dr2_s30.A99 fileNameGt=../graphsdb/mcs50/m4D/m4Dr2/mcs50_m4Dr2_s30.B99
Reading graphs...
30 :  61
30 :  61
Initializing...
maxdom : 30
D->valSize : 900
Solving...
currentSize : 13 <-- 0.011229 s
currentSize : 14 <-- 0.028807 s
currentSize : 15 <-- 0.078914 s
currentSize : 16 <-- 0.103531 s
currentSize : 17 <-- 0.526506 s
currentSize : 18 <-- 1.212374 s
currentSize : 19 <-- 1.400808 s
currentSize : 20 <-- 33.774624 s

maxsize : 20
nodes : 6478903.000000
filtered : 168679147.000000
time : 113.384239
