Parameters: GAD=1 vflib=1 dir=0 label=0 lowerbound=1 fileNameGp=../graphsdb/mcs50/bvg/b06/mcs50_b06_s35.A62 fileNameGt=../graphsdb/mcs50/bvg/b06/mcs50_b06_s35.B62
Reading graphs...
35 :  102
35 :  105
Initializing...
maxdom : 35
D->valSize : 1225
Solving...
currentSize : 16 <-- 0.033610 s
currentSize : 18 <-- 0.033639 s
currentSize : 19 <-- 0.086398 s
currentSize : 20 <-- 0.646727 s
currentSize : 21 <-- 26.775848 s
currentSize : 22 <-- 118.586540 s
currentSize : 23 <-- 118.586754 s

maxsize : 23
nodes : 35378963.000000
filtered : 1463852975.000000
time : 588.629150
