Parameters: GAD=1 vflib=1 dir=0 label=0 lowerbound=1 fileNameGp=../graphsdb/mcs50/bvg/b06/mcs50_b06_s35.A90 fileNameGt=../graphsdb/mcs50/bvg/b06/mcs50_b06_s35.B90
Reading graphs...
35 :  104
35 :  103
Initializing...
maxdom : 35
D->valSize : 1225
Solving...
currentSize : 13 <-- 0.025050 s
currentSize : 14 <-- 0.025090 s
currentSize : 15 <-- 0.027247 s
currentSize : 17 <-- 0.051858 s
currentSize : 18 <-- 0.104472 s
currentSize : 19 <-- 0.135225 s
currentSize : 20 <-- 6.597370 s
currentSize : 21 <-- 150.231522 s
currentSize : 22 <-- 228.746124 s

maxsize : 22
nodes : 79867501.000000
filtered : 2996655301.000000
time : 1248.602783
