Parameters: GAD=1 vflib=1 dir=0 label=0 lowerbound=1 fileNameGp=../graphsdb/mcs50/rand/r005/mcs50_r005_s30.A97 fileNameGt=../graphsdb/mcs50/rand/r005/mcs50_r005_s30.B97
Reading graphs...
30 :  46
30 :  47
Initializing...
maxdom : 30
D->valSize : 900
Solving...
currentSize : 10 <-- 0.019751 s
currentSize : 11 <-- 0.019784 s
currentSize : 12 <-- 0.019929 s
currentSize : 13 <-- 0.020024 s
currentSize : 14 <-- 0.021341 s
currentSize : 15 <-- 0.026564 s
currentSize : 16 <-- 0.026575 s
currentSize : 17 <-- 0.038898 s
currentSize : 18 <-- 0.548816 s
currentSize : 20 <-- 1.585169 s
currentSize : 21 <-- 23.443510 s
currentSize : 22 <-- 23.443691 s

maxsize : 22
nodes : 3034042.000000
filtered : 86452433.000000
time : 65.836823
