Parameters: GAD=1 vflib=1 dir=0 label=0 lowerbound=1 fileNameGp=../graphsdb/mcs50/m2D/m2Dr6/mcs50_m2Dr6_s30.A19 fileNameGt=../graphsdb/mcs50/m2D/m2Dr6/mcs50_m2Dr6_s30.B19
Reading graphs...
30 :  65
30 :  63
Initializing...
maxdom : 30
D->valSize : 900
Solving...
currentSize : 13 <-- 0.010778 s
currentSize : 14 <-- 0.025728 s
currentSize : 15 <-- 0.085563 s
currentSize : 16 <-- 0.110022 s
currentSize : 17 <-- 0.434670 s
currentSize : 18 <-- 0.664383 s
currentSize : 19 <-- 0.669750 s
currentSize : 20 <-- 27.746225 s
currentSize : 21 <-- 67.076035 s

maxsize : 21
nodes : 6857110.000000
filtered : 209369244.000000
time : 99.281311
