Parameters: GAD=1 vflib=1 dir=0 label=0 lowerbound=1 fileNameGp=../graphsdb/mcs50/m2D/m2D/mcs50_m2D_s30.A11 fileNameGt=../graphsdb/mcs50/m2D/m2D/mcs50_m2D_s30.B11
Reading graphs...
30 :  49
30 :  49
Initializing...
maxdom : 30
D->valSize : 900
Solving...
currentSize : 13 <-- 0.011388 s
currentSize : 14 <-- 0.011414 s
currentSize : 15 <-- 0.011606 s
currentSize : 16 <-- 0.013388 s
currentSize : 17 <-- 0.110316 s
currentSize : 18 <-- 0.316257 s
currentSize : 19 <-- 0.504593 s
currentSize : 20 <-- 9.342849 s
currentSize : 21 <-- 64.633110 s

maxsize : 21
nodes : 13339042.000000
filtered : 370983454.000000
time : 272.292725
