Parameters: GAD=1 vflib=1 dir=0 label=0 lowerbound=1 fileNameGp=../graphsdb/mcs50/bvg/b03/mcs50_b03_s25.A16 fileNameGt=../graphsdb/mcs50/bvg/b03/mcs50_b03_s25.B16
Reading graphs...
25 :  37
25 :  36
Initializing...
maxdom : 25
D->valSize : 625
Solving...
currentSize : 9 <-- 0.005369 s
currentSize : 11 <-- 0.005397 s
currentSize : 12 <-- 0.005464 s
currentSize : 13 <-- 0.005718 s
currentSize : 14 <-- 0.027614 s
currentSize : 15 <-- 0.028082 s
currentSize : 16 <-- 0.270790 s
currentSize : 17 <-- 1.645935 s
currentSize : 18 <-- 8.647468 s

maxsize : 18
nodes : 1324485.000000
filtered : 23036389.000000
time : 13.779766
