Parameters: GAD=1 vflib=1 dir=0 label=0 lowerbound=1 fileNameGp=../graphsdb/mcs50/bvg/b06/mcs50_b06_s20.A71 fileNameGt=../graphsdb/mcs50/bvg/b06/mcs50_b06_s20.B71
Reading graphs...
20 :  59
20 :  60
Initializing...
maxdom : 20
D->valSize : 400
Solving...
currentSize : 8 <-- 0.001994 s
currentSize : 9 <-- 0.002019 s
currentSize : 10 <-- 0.002107 s
currentSize : 11 <-- 0.002263 s
currentSize : 12 <-- 0.010789 s
currentSize : 13 <-- 0.038678 s

maxsize : 13
nodes : 68055.000000
filtered : 1174282.000000
time : 0.360362
