Parameters: GAD=1 vflib=1 dir=0 label=0 lowerbound=1 fileNameGp=../graphsdb/mcs50/bvg/b03m/mcs50_b03m_s20.A86 fileNameGt=../graphsdb/mcs50/bvg/b03m/mcs50_b03m_s20.B86
Reading graphs...
20 :  28
20 :  29
Initializing...
maxdom : 20
D->valSize : 400
Solving...
currentSize : 9 <-- 0.003920 s
currentSize : 10 <-- 0.004038 s
currentSize : 11 <-- 0.004068 s
currentSize : 12 <-- 0.004226 s
currentSize : 13 <-- 0.009169 s
currentSize : 14 <-- 0.051896 s
currentSize : 15 <-- 0.061130 s

maxsize : 15
nodes : 22744.000000
filtered : 484241.000000
time : 0.400979
