Parameters: GAD=1 vflib=1 dir=0 label=0 lowerbound=1 fileNameGp=../graphsdb/mcs50/m4D/m4Dr6/mcs50_m4Dr6_s35.A88 fileNameGt=../graphsdb/mcs50/m4D/m4Dr6/mcs50_m4Dr6_s35.B88
Reading graphs...
35 :  80
35 :  82
Initializing...
maxdom : 35
D->valSize : 1225
Solving...
currentSize : 15 <-- 0.020294 s
currentSize : 16 <-- 0.020319 s
currentSize : 17 <-- 0.020340 s
currentSize : 18 <-- 0.020631 s
currentSize : 19 <-- 0.020652 s
currentSize : 20 <-- 0.021322 s
currentSize : 21 <-- 0.205053 s
currentSize : 22 <-- 130.342026 s
currentSize : 23 <-- 560.100708 s

maxsize : 23
nodes : 69934989.000000
filtered : 2278489708.000000
time : 1255.029175
