Parameters: GAD=1 vflib=1 dir=0 label=0 lowerbound=1 fileNameGp=../graphsdb/mcs50/bvg/b09m/mcs50_b09m_s25.A43 fileNameGt=../graphsdb/mcs50/bvg/b09m/mcs50_b09m_s25.B43
Reading graphs...
25 :  100
25 :  102
Initializing...
maxdom : 25
D->valSize : 625
Solving...
currentSize : 8 <-- 0.004514 s
currentSize : 9 <-- 0.004530 s
currentSize : 10 <-- 0.004622 s
currentSize : 11 <-- 0.004837 s
currentSize : 12 <-- 0.006075 s
currentSize : 13 <-- 0.090043 s
currentSize : 14 <-- 2.265464 s

maxsize : 14
nodes : 1828127.000000
filtered : 30612167.000000
time : 9.966319
