Parameters: GAD=1 vflib=1 dir=0 label=0 lowerbound=1 fileNameGp=../graphsdb/mcs50/m3D/m3Dr4/mcs50_m3Dr4_s20.A35 fileNameGt=../graphsdb/mcs50/m3D/m3Dr4/mcs50_m3Dr4_s20.B35
Reading graphs...
20 :  44
20 :  42
Initializing...
maxdom : 20
D->valSize : 400
Solving...
currentSize : 8 <-- 0.002300 s
currentSize : 9 <-- 0.002323 s
currentSize : 10 <-- 0.002337 s
currentSize : 11 <-- 0.002555 s
currentSize : 12 <-- 0.011134 s
currentSize : 13 <-- 0.041092 s

maxsize : 13
nodes : 108832.000000
filtered : 2042825.000000
time : 0.671540
