Parameters: GAD=1 vflib=1 dir=0 label=0 lowerbound=1 fileNameGp=../graphsdb/mcs50/bvg/b09m/mcs50_b09m_s30.A49 fileNameGt=../graphsdb/mcs50/bvg/b09m/mcs50_b09m_s30.B49
Reading graphs...
30 :  128
30 :  127
Initializing...
maxdom : 30
D->valSize : 900
Solving...
currentSize : 10 <-- 0.009661 s
currentSize : 11 <-- 0.009754 s
currentSize : 12 <-- 0.015113 s
currentSize : 13 <-- 0.031756 s
currentSize : 14 <-- 0.065887 s
currentSize : 15 <-- 0.088365 s
currentSize : 16 <-- 0.670846 s

maxsize : 16
nodes : 21141391.000000
filtered : 474752728.000000
time : 142.173004
