Parameters: GAD=1 vflib=1 dir=0 label=0 lowerbound=1 fileNameGp=../graphsdb/mcs50/bvg/b06/mcs50_b06_s35.A48 fileNameGt=../graphsdb/mcs50/bvg/b06/mcs50_b06_s35.B48
Reading graphs...
35 :  104
35 :  104
Initializing...
maxdom : 35
D->valSize : 1225
Solving...
currentSize : 14 <-- 0.019023 s
currentSize : 15 <-- 0.019051 s
currentSize : 16 <-- 0.019728 s
currentSize : 17 <-- 0.027775 s
currentSize : 18 <-- 0.078426 s
currentSize : 19 <-- 0.079702 s
currentSize : 20 <-- 3.677972 s
currentSize : 21 <-- 34.732536 s
currentSize : 22 <-- 71.963409 s

maxsize : 22
nodes : 78744086.000000
filtered : 2985277529.000000
time : 1194.790405
