Parameters: GAD=1 vflib=1 dir=0 label=0 lowerbound=1 fileNameGp=../graphsdb/mcs50/bvg/b03/mcs50_b03_s30.A52 fileNameGt=../graphsdb/mcs50/bvg/b03/mcs50_b03_s30.B52
Reading graphs...
30 :  44
30 :  45
Initializing...
maxdom : 30
D->valSize : 900
Solving...
currentSize : 12 <-- 0.011279 s
currentSize : 14 <-- 0.011414 s
currentSize : 15 <-- 0.022447 s
currentSize : 16 <-- 0.038309 s
currentSize : 17 <-- 0.048277 s
currentSize : 18 <-- 0.048306 s
currentSize : 19 <-- 0.599759 s
currentSize : 20 <-- 36.258209 s
currentSize : 21 <-- 59.661983 s

maxsize : 21
nodes : 13360993.000000
filtered : 340030062.000000
time : 321.030579
