Parameters: GAD=1 vflib=1 dir=0 label=0 lowerbound=1 fileNameGp=../graphsdb/mcs50/rand/r02/mcs50_r02_s30.A97 fileNameGt=../graphsdb/mcs50/rand/r02/mcs50_r02_s30.B97
Reading graphs...
30 :  155
30 :  156
Initializing...
maxdom : 30
D->valSize : 900
Solving...
currentSize : 9 <-- 0.009429 s
currentSize : 10 <-- 0.009458 s
currentSize : 11 <-- 0.009563 s
currentSize : 12 <-- 0.009586 s
currentSize : 13 <-- 0.148639 s
currentSize : 14 <-- 2.203545 s
currentSize : 16 <-- 127.404327 s

maxsize : 16
nodes : 42180111.000000
filtered : 633244876.000000
time : 212.907715
