Parameters: GAD=1 vflib=1 dir=0 label=0 lowerbound=1 fileNameGp=../graphsdb/mcs50/bvg/b09/mcs50_b09_s35.A04 fileNameGt=../graphsdb/mcs50/bvg/b09/mcs50_b09_s35.B04
Reading graphs...
35 :  151
35 :  154
Initializing...
maxdom : 35
D->valSize : 1225
Solving...
currentSize : 11 <-- 0.018072 s
currentSize : 13 <-- 0.018122 s
currentSize : 14 <-- 0.018260 s
currentSize : 15 <-- 0.019602 s
currentSize : 16 <-- 1.135082 s
currentSize : 17 <-- 5.595193 s
currentSize : 18 <-- 78.223541 s
currentSize : 19 <-- 1278.037598 s
currentSize : 20 <-- 1380.203125 s

maxsize : 20
nodes : 231983204.000000
filtered : 5454317361.000000
time : 1660.729614
