Parameters: GAD=1 vflib=1 dir=0 label=0 lowerbound=1 fileNameGp=../graphsdb/mcs50/rand/r005/mcs50_r005_s25.A35 fileNameGt=../graphsdb/mcs50/rand/r005/mcs50_r005_s25.B35
Reading graphs...
25 :  33
25 :  35
Initializing...
maxdom : 25
D->valSize : 625
Solving...
currentSize : 14 <-- 0.005596 s
currentSize : 15 <-- 0.017342 s
currentSize : 16 <-- 0.018227 s
currentSize : 17 <-- 0.201580 s
currentSize : 18 <-- 2.367041 s
currentSize : 19 <-- 3.125029 s

maxsize : 19
nodes : 394361.000000
filtered : 5959282.000000
time : 4.310289
