Parameters: GAD=1 vflib=1 dir=0 label=0 lowerbound=1 fileNameGp=../graphsdb/mcs50/rand/r005/mcs50_r005_s30.A01 fileNameGt=../graphsdb/mcs50/rand/r005/mcs50_r005_s30.B01
Reading graphs...
30 :  46
30 :  45
Initializing...
maxdom : 30
D->valSize : 900
Solving...
currentSize : 9 <-- 0.011112 s
currentSize : 10 <-- 0.011136 s
currentSize : 12 <-- 0.011149 s
currentSize : 13 <-- 0.011163 s
currentSize : 14 <-- 0.011449 s
currentSize : 15 <-- 0.026774 s
currentSize : 16 <-- 0.068737 s
currentSize : 17 <-- 0.207755 s
currentSize : 18 <-- 1.188525 s
currentSize : 19 <-- 4.496133 s
currentSize : 20 <-- 15.050345 s
currentSize : 21 <-- 61.164696 s

maxsize : 21
nodes : 12246214.000000
filtered : 282967231.000000
time : 260.247711
