Parameters: GAD=1 vflib=1 dir=0 label=0 lowerbound=1 fileNameGp=../graphsdb/mcs50/bvg/b03m/mcs50_b03m_s35.A70 fileNameGt=../graphsdb/mcs50/bvg/b03m/mcs50_b03m_s35.B70
Reading graphs...
35 :  52
35 :  52
Initializing...
maxdom : 35
D->valSize : 1225
Solving...
currentSize : 16 <-- 0.021144 s
currentSize : 17 <-- 0.021173 s
currentSize : 18 <-- 0.022787 s
currentSize : 19 <-- 0.032870 s
currentSize : 20 <-- 0.122597 s
currentSize : 21 <-- 0.144777 s
currentSize : 22 <-- 3.564947 s
currentSize : 23 <-- 6.254752 s
currentSize : 24 <-- 8.775066 s
currentSize : 25 <-- 102.147606 s
currentSize : 26 <-- 569.739746 s

maxsize : 26
nodes : 26130812.000000
filtered : 949466569.000000
time : 1057.890869
