Parameters: GAD=1 vflib=1 dir=0 label=0 lowerbound=1 fileNameGp=../graphsdb/mcs50/bvg/b06/mcs50_b06_s30.A14 fileNameGt=../graphsdb/mcs50/bvg/b06/mcs50_b06_s30.B14
Reading graphs...
30 :  88
30 :  87
Initializing...
maxdom : 30
D->valSize : 900
Solving...
currentSize : 14 <-- 0.017921 s
currentSize : 15 <-- 0.020820 s
currentSize : 16 <-- 0.025929 s
currentSize : 17 <-- 0.626735 s
currentSize : 18 <-- 1.393418 s
currentSize : 19 <-- 1.787226 s

maxsize : 19
nodes : 5640936.000000
filtered : 175799353.000000
time : 63.074566
