Parameters: GAD=1 vflib=1 dir=0 label=0 lowerbound=1 fileNameGp=../graphsdb/mcs50/bvg/b09/mcs50_b09_s20.A06 fileNameGt=../graphsdb/mcs50/bvg/b09/mcs50_b09_s20.B06
Reading graphs...
20 :  84
20 :  89
Initializing...
maxdom : 20
D->valSize : 400
Solving...
currentSize : 7 <-- 0.001983 s
currentSize : 8 <-- 0.002015 s
currentSize : 9 <-- 0.002034 s
currentSize : 11 <-- 0.002092 s
currentSize : 12 <-- 0.002131 s
currentSize : 13 <-- 0.009883 s
currentSize : 14 <-- 0.017954 s

maxsize : 14
nodes : 10920.000000
filtered : 305795.000000
time : 0.078926
