Parameters: GAD=1 vflib=1 dir=0 label=0 lowerbound=1 fileNameGp=../graphsdb/mcs50/m4D/m4Dr2/mcs50_m4Dr2_s30.A53 fileNameGt=../graphsdb/mcs50/m4D/m4Dr2/mcs50_m4Dr2_s30.B53
Reading graphs...
30 :  59
30 :  61
Initializing...
maxdom : 30
D->valSize : 900
Solving...
currentSize : 14 <-- 0.018774 s
currentSize : 15 <-- 0.018884 s
currentSize : 16 <-- 0.065732 s
currentSize : 17 <-- 0.066826 s
currentSize : 18 <-- 2.223191 s
currentSize : 19 <-- 3.263679 s
currentSize : 20 <-- 20.167437 s

maxsize : 20
nodes : 5707946.000000
filtered : 160807778.000000
time : 90.787895
