Parameters: GAD=1 vflib=1 dir=0 label=0 lowerbound=1 fileNameGp=../graphsdb/mcs50/bvg/b03/mcs50_b03_s35.A42 fileNameGt=../graphsdb/mcs50/bvg/b03/mcs50_b03_s35.B42
Reading graphs...
35 :  51
35 :  51
Initializing...
maxdom : 35
D->valSize : 1225
Solving...
currentSize : 17 <-- 0.030415 s
currentSize : 18 <-- 0.030478 s
currentSize : 19 <-- 0.031056 s
currentSize : 20 <-- 0.031063 s
currentSize : 21 <-- 0.369795 s
currentSize : 22 <-- 0.379911 s
currentSize : 23 <-- 37.561264 s
currentSize : 24 <-- 95.481163 s
currentSize : 25 <-- 431.655853 s

maxsize : 25
nodes : 106794284.000000
filtered : 3353300478.000000
time : 3245.973389
