Parameters: GAD=1 vflib=1 dir=0 label=0 lowerbound=1 fileNameGp=../graphsdb/mcs50/bvg/b06m/mcs50_b06m_s25.A22 fileNameGt=../graphsdb/mcs50/bvg/b06m/mcs50_b06m_s25.B22
Reading graphs...
25 :  71
25 :  70
Initializing...
maxdom : 25
D->valSize : 625
Solving...
currentSize : 9 <-- 0.004913 s
currentSize : 10 <-- 0.005001 s
currentSize : 11 <-- 0.005186 s
currentSize : 12 <-- 0.006472 s
currentSize : 13 <-- 0.015433 s
currentSize : 14 <-- 0.269482 s
currentSize : 15 <-- 2.809488 s

maxsize : 15
nodes : 1863664.000000
filtered : 40728958.000000
time : 12.712900
