Parameters: GAD=1 vflib=1 dir=0 label=0 lowerbound=1 fileNameGp=../graphsdb/mcs50/m4D/m4Dr6/mcs50_m4Dr6_s30.A18 fileNameGt=../graphsdb/mcs50/m4D/m4Dr6/mcs50_m4Dr6_s30.B18
Reading graphs...
30 :  72
30 :  69
Initializing...
maxdom : 30
D->valSize : 900
Solving...
currentSize : 11 <-- 0.018658 s
currentSize : 12 <-- 0.018717 s
currentSize : 14 <-- 0.019353 s
currentSize : 15 <-- 0.021294 s
currentSize : 16 <-- 0.041064 s
currentSize : 17 <-- 0.440922 s
currentSize : 18 <-- 2.167662 s
currentSize : 19 <-- 70.553345 s

maxsize : 19
nodes : 17296155.000000
filtered : 479651776.000000
time : 246.826736
