Parameters: GAD=1 vflib=1 dir=0 label=0 lowerbound=1 fileNameGp=../graphsdb/mcs50/bvg/b06/mcs50_b06_s35.A46 fileNameGt=../graphsdb/mcs50/bvg/b06/mcs50_b06_s35.B46
Reading graphs...
35 :  104
35 :  104
Initializing...
maxdom : 35
D->valSize : 1225
Solving...
currentSize : 12 <-- 0.033726 s
currentSize : 13 <-- 0.035609 s
currentSize : 14 <-- 0.041927 s
currentSize : 15 <-- 0.067338 s
currentSize : 16 <-- 0.241499 s
currentSize : 17 <-- 0.403594 s
currentSize : 18 <-- 2.248458 s
currentSize : 19 <-- 9.726701 s
currentSize : 20 <-- 18.307432 s
currentSize : 21 <-- 156.763870 s
currentSize : 22 <-- 156.884247 s

maxsize : 22
nodes : 73503353.000000
filtered : 2801195713.000000
time : 1085.795654
