Parameters: GAD=1 vflib=1 dir=0 label=0 lowerbound=1 fileNameGp=../graphsdb/mcs50/rand/r01/mcs50_r01_s25.A83 fileNameGt=../graphsdb/mcs50/rand/r01/mcs50_r01_s25.B83
Reading graphs...
25 :  57
25 :  57
Initializing...
maxdom : 25
D->valSize : 625
Solving...
currentSize : 8 <-- 0.005033 s
currentSize : 9 <-- 0.005057 s
currentSize : 10 <-- 0.006344 s
currentSize : 11 <-- 0.006377 s
currentSize : 12 <-- 0.008903 s
currentSize : 13 <-- 0.024853 s
currentSize : 14 <-- 0.026587 s
currentSize : 15 <-- 0.055849 s
currentSize : 16 <-- 2.798748 s

maxsize : 16
nodes : 954371.000000
filtered : 23471844.000000
time : 10.480135
