Parameters: GAD=1 vflib=1 dir=0 label=0 lowerbound=1 fileNameGp=../graphsdb/mcs50/bvg/b06m/mcs50_b06m_s20.A45 fileNameGt=../graphsdb/mcs50/bvg/b06m/mcs50_b06m_s20.B45
Reading graphs...
20 :  57
20 :  56
Initializing...
maxdom : 20
D->valSize : 400
Solving...
currentSize : 6 <-- 0.003484 s
currentSize : 7 <-- 0.003518 s
currentSize : 8 <-- 0.003541 s
currentSize : 9 <-- 0.003645 s
currentSize : 10 <-- 0.004611 s
currentSize : 11 <-- 0.015312 s
currentSize : 12 <-- 0.258592 s

maxsize : 12
nodes : 185104.000000
filtered : 2693514.000000
time : 0.990032
