Parameters: GAD=1 vflib=1 dir=0 label=0 lowerbound=1 fileNameGp=../graphsdb/mcs50/rand/r01/mcs50_r01_s35.A85 fileNameGt=../graphsdb/mcs50/rand/r01/mcs50_r01_s35.B85
Reading graphs...
35 :  115
35 :  112
Initializing...
maxdom : 35
D->valSize : 1225
Solving...
currentSize : 13 <-- 0.019828 s
currentSize : 14 <-- 0.019948 s
currentSize : 15 <-- 0.020252 s
currentSize : 16 <-- 0.021147 s
currentSize : 17 <-- 0.025067 s
currentSize : 18 <-- 0.078548 s
currentSize : 19 <-- 0.119630 s
currentSize : 20 <-- 1904.024536 s

TIMEOUT
maxsize : 20
nodes : 420301077.000000
filtered : 10543703087.000000
time : 3600.000000
