Parameters: GAD=1 vflib=1 dir=0 label=0 lowerbound=1 fileNameGp=../graphsdb/mcs50/bvg/b03/mcs50_b03_s25.A69 fileNameGt=../graphsdb/mcs50/bvg/b03/mcs50_b03_s25.B69
Reading graphs...
25 :  37
25 :  37
Initializing...
maxdom : 25
D->valSize : 625
Solving...
currentSize : 11 <-- 0.009308 s
currentSize : 13 <-- 0.009361 s
currentSize : 14 <-- 0.019227 s
currentSize : 15 <-- 0.117078 s
currentSize : 16 <-- 0.341571 s
currentSize : 17 <-- 0.373492 s
currentSize : 18 <-- 5.076132 s

maxsize : 18
nodes : 714797.000000
filtered : 16278673.000000
time : 12.806345
