Parameters: GAD=1 vflib=1 dir=0 label=0 lowerbound=1 fileNameGp=../graphsdb/mcs50/bvg/b06m/mcs50_b06m_s35.A73 fileNameGt=../graphsdb/mcs50/bvg/b06m/mcs50_b06m_s35.B73
Reading graphs...
35 :  101
35 :  102
Initializing...
maxdom : 35
D->valSize : 1225
Solving...
currentSize : 14 <-- 0.024522 s
currentSize : 15 <-- 0.024585 s
currentSize : 16 <-- 0.024752 s
currentSize : 17 <-- 0.024828 s
currentSize : 18 <-- 0.026904 s
currentSize : 19 <-- 0.055214 s
currentSize : 20 <-- 0.058080 s
currentSize : 21 <-- 226.116592 s

maxsize : 21
nodes : 229532113.000000
filtered : 7231962716.000000
time : 2833.651611
