Parameters: GAD=1 vflib=1 dir=0 label=0 lowerbound=1 fileNameGp=../graphsdb/mcs50/m3D/m3Dr2/mcs50_m3Dr2_s20.A45 fileNameGt=../graphsdb/mcs50/m3D/m3Dr2/mcs50_m3Dr2_s20.B45
Reading graphs...
20 :  39
20 :  40
Initializing...
maxdom : 20
D->valSize : 400
Solving...
currentSize : 9 <-- 0.002096 s
currentSize : 10 <-- 0.002141 s
currentSize : 11 <-- 0.002334 s
currentSize : 12 <-- 0.003133 s
currentSize : 13 <-- 0.274398 s
currentSize : 14 <-- 0.668909 s

maxsize : 14
nodes : 140990.000000
filtered : 2044999.000000
time : 0.771362
