Parameters: GAD=1 vflib=1 dir=0 label=0 lowerbound=1 fileNameGp=../graphsdb/mcs50/m4D/m4Dr2/mcs50_m4Dr2_s30.A13 fileNameGt=../graphsdb/mcs50/m4D/m4Dr2/mcs50_m4Dr2_s30.B13
Reading graphs...
30 :  59
30 :  58
Initializing...
maxdom : 30
D->valSize : 900
Solving...
currentSize : 10 <-- 0.015935 s
currentSize : 14 <-- 0.015977 s
currentSize : 16 <-- 0.018484 s
currentSize : 17 <-- 0.119119 s
currentSize : 18 <-- 0.735901 s
currentSize : 19 <-- 0.811546 s
currentSize : 20 <-- 5.861960 s

maxsize : 20
nodes : 6863271.000000
filtered : 208845673.000000
time : 151.959778
