Parameters: GAD=1 vflib=1 dir=0 label=0 lowerbound=1 fileNameGp=../graphsdb/mcs50/bvg/b03/mcs50_b03_s30.A88 fileNameGt=../graphsdb/mcs50/bvg/b03/mcs50_b03_s30.B88
Reading graphs...
30 :  45
30 :  45
Initializing...
maxdom : 30
D->valSize : 900
Solving...
currentSize : 17 <-- 0.019478 s
currentSize : 18 <-- 0.019627 s
currentSize : 19 <-- 0.020448 s
currentSize : 20 <-- 0.020481 s
currentSize : 21 <-- 0.022001 s
currentSize : 22 <-- 21.712481 s

maxsize : 22
nodes : 5683016.000000
filtered : 179797680.000000
time : 156.855698
