Parameters: GAD=1 vflib=1 dir=0 label=0 lowerbound=1 fileNameGp=../graphsdb/mcs50/rand/r02/mcs50_r02_s35.A17 fileNameGt=../graphsdb/mcs50/rand/r02/mcs50_r02_s35.B17
Reading graphs...
35 :  208
35 :  216
Initializing...
maxdom : 35
D->valSize : 1225
Solving...
currentSize : 11 <-- 0.029765 s
currentSize : 12 <-- 0.029846 s
currentSize : 13 <-- 0.037081 s
currentSize : 14 <-- 0.166233 s
currentSize : 15 <-- 0.785973 s
currentSize : 16 <-- 1645.597656 s
currentSize : 17 <-- 1645.597656 s

maxsize : 17
nodes : 599262832.000000
filtered : 9319425913.000000
time : 3154.187256
