Parameters: GAD=1 vflib=1 dir=0 label=0 lowerbound=1 fileNameGp=../graphsdb/mcs50/bvg/b03m/mcs50_b03m_s25.A34 fileNameGt=../graphsdb/mcs50/bvg/b03m/mcs50_b03m_s25.B34
Reading graphs...
25 :  37
25 :  37
Initializing...
maxdom : 25
D->valSize : 625
Solving...
currentSize : 13 <-- 0.009321 s
currentSize : 14 <-- 0.013433 s
currentSize : 15 <-- 0.013861 s
currentSize : 16 <-- 0.037344 s
currentSize : 17 <-- 0.065395 s
currentSize : 18 <-- 1.158923 s

maxsize : 18
nodes : 550365.000000
filtered : 13007876.000000
time : 9.560002
