Parameters: GAD=1 vflib=1 dir=0 label=0 lowerbound=1 fileNameGp=../graphsdb/mcs50/bvg/b06m/mcs50_b06m_s30.A60 fileNameGt=../graphsdb/mcs50/bvg/b06m/mcs50_b06m_s30.B60
Reading graphs...
30 :  87
30 :  86
Initializing...
maxdom : 30
D->valSize : 900
Solving...
currentSize : 12 <-- 0.010265 s
currentSize : 14 <-- 0.010297 s
currentSize : 15 <-- 0.020134 s
currentSize : 16 <-- 0.049051 s
currentSize : 17 <-- 3.823463 s
currentSize : 18 <-- 33.388905 s

maxsize : 18
nodes : 19899909.000000
filtered : 537297065.000000
time : 188.634491
