Parameters: GAD=1 vflib=1 dir=0 label=0 lowerbound=1 fileNameGp=../graphsdb/mcs50/m4D/m4Dr4/mcs50_m4Dr4_s35.A33 fileNameGt=../graphsdb/mcs50/m4D/m4Dr4/mcs50_m4Dr4_s35.B33
Reading graphs...
35 :  75
35 :  74
Initializing...
maxdom : 35
D->valSize : 1225
Solving...
currentSize : 14 <-- 0.020377 s
currentSize : 15 <-- 0.020415 s
currentSize : 16 <-- 0.020608 s
currentSize : 17 <-- 0.023702 s
currentSize : 18 <-- 0.028096 s
currentSize : 19 <-- 0.028851 s
currentSize : 20 <-- 0.046448 s
currentSize : 21 <-- 1.217994 s
currentSize : 22 <-- 1.807500 s
currentSize : 23 <-- 39.720058 s

maxsize : 23
nodes : 81527892.000000
filtered : 3090126883.000000
time : 2382.101074
