Parameters: GAD=1 vflib=1 dir=0 label=0 lowerbound=1 fileNameGp=../graphsdb/mcs50/bvg/b03m/mcs50_b03m_s15.A79 fileNameGt=../graphsdb/mcs50/bvg/b03m/mcs50_b03m_s15.B79
Reading graphs...
15 :  21
15 :  21
Initializing...
maxdom : 15
D->valSize : 225
Solving...
currentSize : 3 <-- 0.000911 s
currentSize : 5 <-- 0.000930 s
currentSize : 6 <-- 0.000938 s
currentSize : 8 <-- 0.000986 s
currentSize : 9 <-- 0.001322 s
currentSize : 10 <-- 0.015898 s

maxsize : 10
nodes : 9861.000000
filtered : 89911.000000
time : 0.043669
