Parameters: GAD=1 vflib=1 dir=0 label=0 lowerbound=1 fileNameGp=../graphsdb/mcs50/bvg/b03m/mcs50_b03m_s30.A22 fileNameGt=../graphsdb/mcs50/bvg/b03m/mcs50_b03m_s30.B22
Reading graphs...
30 :  43
30 :  44
Initializing...
maxdom : 30
D->valSize : 900
Solving...
currentSize : 11 <-- 0.019386 s
currentSize : 13 <-- 0.019437 s
currentSize : 14 <-- 0.020494 s
currentSize : 15 <-- 0.034850 s
currentSize : 17 <-- 0.207737 s
currentSize : 19 <-- 1.819144 s
currentSize : 20 <-- 6.642784 s
currentSize : 21 <-- 40.305260 s
currentSize : 22 <-- 46.638016 s

maxsize : 22
nodes : 4709016.000000
filtered : 101741304.000000
time : 116.495399
