Parameters: GAD=1 vflib=1 dir=0 label=0 lowerbound=1 fileNameGp=../graphsdb/mcs50/bvg/b06/mcs50_b06_s30.A29 fileNameGt=../graphsdb/mcs50/bvg/b06/mcs50_b06_s30.B29
Reading graphs...
30 :  89
30 :  90
Initializing...
maxdom : 30
D->valSize : 900
Solving...
currentSize : 10 <-- 0.017958 s
currentSize : 11 <-- 0.017982 s
currentSize : 12 <-- 0.018154 s
currentSize : 13 <-- 0.018244 s
currentSize : 14 <-- 0.019693 s
currentSize : 15 <-- 0.052740 s
currentSize : 16 <-- 0.684020 s
currentSize : 17 <-- 1.182982 s
currentSize : 18 <-- 12.040100 s

maxsize : 18
nodes : 22478661.000000
filtered : 604384654.000000
time : 217.267822
