Parameters: GAD=1 vflib=1 dir=0 label=0 lowerbound=1 fileNameGp=../graphsdb/mcs50/bvg/b03/mcs50_b03_s20.A65 fileNameGt=../graphsdb/mcs50/bvg/b03/mcs50_b03_s20.B65
Reading graphs...
20 :  29
20 :  29
Initializing...
maxdom : 20
D->valSize : 400
Solving...
currentSize : 9 <-- 0.002467 s
currentSize : 10 <-- 0.002500 s
currentSize : 11 <-- 0.003216 s
currentSize : 12 <-- 0.007179 s
currentSize : 13 <-- 0.007514 s
currentSize : 14 <-- 0.213645 s
currentSize : 15 <-- 0.281591 s

maxsize : 15
nodes : 56180.000000
filtered : 826853.000000
time : 0.357532
