Parameters: GAD=1 vflib=1 dir=0 label=0 lowerbound=1 fileNameGp=../graphsdb/mcs50/m4D/m4Dr2/mcs50_m4Dr2_s30.A25 fileNameGt=../graphsdb/mcs50/m4D/m4Dr2/mcs50_m4Dr2_s30.B25
Reading graphs...
30 :  58
30 :  60
Initializing...
maxdom : 30
D->valSize : 900
Solving...
currentSize : 13 <-- 0.010813 s
currentSize : 14 <-- 0.010841 s
currentSize : 15 <-- 0.012108 s
currentSize : 16 <-- 0.013408 s
currentSize : 17 <-- 0.198485 s
currentSize : 18 <-- 0.415309 s
currentSize : 19 <-- 0.463476 s
currentSize : 20 <-- 31.057436 s

maxsize : 20
nodes : 9255993.000000
filtered : 245244639.000000
time : 124.143356
