Parameters: GAD=1 vflib=1 dir=0 label=0 lowerbound=1 fileNameGp=../graphsdb/mcs50/bvg/b06/mcs50_b06_s35.A10 fileNameGt=../graphsdb/mcs50/bvg/b06/mcs50_b06_s35.B10
Reading graphs...
35 :  102
35 :  102
Initializing...
maxdom : 35
D->valSize : 1225
Solving...
currentSize : 12 <-- 0.019298 s
currentSize : 14 <-- 0.019357 s
currentSize : 15 <-- 0.019392 s
currentSize : 16 <-- 0.019666 s
currentSize : 17 <-- 0.021994 s
currentSize : 18 <-- 0.066335 s
currentSize : 19 <-- 0.090410 s
currentSize : 20 <-- 0.108801 s
currentSize : 21 <-- 44.627945 s

maxsize : 21
nodes : 263230875.000000
filtered : 8711122390.000000
time : 3572.758301
