Parameters: GAD=1 vflib=1 dir=0 label=0 lowerbound=1 fileNameGp=../graphsdb/mcs50/bvg/b06m/mcs50_b06m_s30.A25 fileNameGt=../graphsdb/mcs50/bvg/b06m/mcs50_b06m_s30.B25
Reading graphs...
30 :  88
30 :  89
Initializing...
maxdom : 30
D->valSize : 900
Solving...
currentSize : 11 <-- 0.010265 s
currentSize : 12 <-- 0.010327 s
currentSize : 13 <-- 0.010484 s
currentSize : 14 <-- 0.010495 s
currentSize : 15 <-- 0.020674 s
currentSize : 16 <-- 0.166781 s
currentSize : 17 <-- 1.980475 s
currentSize : 18 <-- 89.951523 s

maxsize : 18
nodes : 17836726.000000
filtered : 475786474.000000
time : 198.808380
