Parameters: GAD=1 vflib=1 dir=0 label=0 lowerbound=1 fileNameGp=../graphsdb/mcs50/m4D/m4Dr6/mcs50_m4Dr6_s30.A13 fileNameGt=../graphsdb/mcs50/m4D/m4Dr6/mcs50_m4Dr6_s30.B13
Reading graphs...
30 :  70
30 :  69
Initializing...
maxdom : 30
D->valSize : 900
Solving...
currentSize : 10 <-- 0.010403 s
currentSize : 12 <-- 0.010475 s
currentSize : 13 <-- 0.010686 s
currentSize : 14 <-- 0.010909 s
currentSize : 15 <-- 0.011474 s
currentSize : 16 <-- 0.021132 s
currentSize : 17 <-- 0.022469 s
currentSize : 18 <-- 0.789104 s
currentSize : 19 <-- 2.196906 s

maxsize : 19
nodes : 18833307.000000
filtered : 519225292.000000
time : 237.479492
