Parameters: GAD=1 vflib=1 dir=0 label=0 lowerbound=1 fileNameGp=../graphsdb/mcs50/bvg/b03m/mcs50_b03m_s20.A33 fileNameGt=../graphsdb/mcs50/bvg/b03m/mcs50_b03m_s20.B33
Reading graphs...
20 :  29
20 :  29
Initializing...
maxdom : 20
D->valSize : 400
Solving...
currentSize : 7 <-- 0.002227 s
currentSize : 9 <-- 0.002270 s
currentSize : 10 <-- 0.002402 s
currentSize : 11 <-- 0.002675 s
currentSize : 12 <-- 0.006224 s
currentSize : 13 <-- 0.055464 s
currentSize : 14 <-- 0.561342 s
currentSize : 15 <-- 0.843761 s

maxsize : 15
nodes : 127246.000000
filtered : 1519114.000000
time : 0.916808
