Parameters: GAD=1 vflib=1 dir=0 label=0 lowerbound=1 fileNameGp=../graphsdb/mcs50/bvg/b03/mcs50_b03_s35.A86 fileNameGt=../graphsdb/mcs50/bvg/b03/mcs50_b03_s35.B86
Reading graphs...
35 :  51
35 :  52
Initializing...
maxdom : 35
D->valSize : 1225
Solving...
currentSize : 16 <-- 0.037085 s
currentSize : 17 <-- 0.037124 s
currentSize : 18 <-- 0.037148 s
currentSize : 19 <-- 0.037310 s
currentSize : 20 <-- 0.059821 s
currentSize : 21 <-- 0.127184 s
currentSize : 22 <-- 0.152519 s
currentSize : 23 <-- 0.152628 s
currentSize : 24 <-- 56.351627 s
currentSize : 25 <-- 493.473938 s
currentSize : 26 <-- 904.010986 s

maxsize : 26
nodes : 52101837.000000
filtered : 1540831879.000000
time : 1484.845947
