Parameters: GAD=1 vflib=1 dir=0 label=0 lowerbound=1 fileNameGp=../graphsdb/mcs50/bvg/b09/mcs50_b09_s20.A54 fileNameGt=../graphsdb/mcs50/bvg/b09/mcs50_b09_s20.B54
Reading graphs...
20 :  88
20 :  85
Initializing...
maxdom : 20
D->valSize : 400
Solving...
currentSize : 6 <-- 0.002027 s
currentSize : 8 <-- 0.002045 s
currentSize : 9 <-- 0.002325 s
currentSize : 10 <-- 0.002962 s
currentSize : 11 <-- 0.007856 s
currentSize : 12 <-- 0.014459 s
currentSize : 13 <-- 0.116573 s

maxsize : 13
nodes : 40301.000000
filtered : 897708.000000
time : 0.212569
