Parameters: GAD=1 vflib=1 dir=0 label=0 lowerbound=1 fileNameGp=../graphsdb/mcs50/bvg/b09/mcs50_b09_s25.A96 fileNameGt=../graphsdb/mcs50/bvg/b09/mcs50_b09_s25.B96
Reading graphs...
25 :  108
25 :  108
Initializing...
maxdom : 25
D->valSize : 625
Solving...
currentSize : 8 <-- 0.004599 s
currentSize : 9 <-- 0.004659 s
currentSize : 11 <-- 0.004882 s
currentSize : 12 <-- 0.005151 s
currentSize : 13 <-- 0.015135 s
currentSize : 14 <-- 0.230372 s

maxsize : 14
nodes : 1248783.000000
filtered : 25494508.000000
time : 7.189756
