Parameters: GAD=1 vflib=1 dir=0 label=0 lowerbound=1 fileNameGp=../graphsdb/mcs50/bvg/b03/mcs50_b03_s30.A02 fileNameGt=../graphsdb/mcs50/bvg/b03/mcs50_b03_s30.B02
Reading graphs...
30 :  45
30 :  45
Initializing...
maxdom : 30
D->valSize : 900
Solving...
currentSize : 15 <-- 0.011452 s
currentSize : 18 <-- 0.011540 s
currentSize : 19 <-- 0.193244 s
currentSize : 20 <-- 2.086060 s
currentSize : 21 <-- 9.327279 s
currentSize : 22 <-- 143.551590 s

maxsize : 22
nodes : 9386885.000000
filtered : 267891768.000000
time : 174.600540
