Parameters: GAD=1 vflib=1 dir=0 label=0 lowerbound=1 fileNameGp=../graphsdb/mcs50/bvg/b03m/mcs50_b03m_s30.A39 fileNameGt=../graphsdb/mcs50/bvg/b03m/mcs50_b03m_s30.B39
Reading graphs...
30 :  44
30 :  44
Initializing...
maxdom : 30
D->valSize : 900
Solving...
currentSize : 16 <-- 0.019901 s
currentSize : 17 <-- 0.020128 s
currentSize : 18 <-- 0.020896 s
currentSize : 19 <-- 0.029755 s
currentSize : 20 <-- 0.611679 s
currentSize : 21 <-- 0.915389 s
currentSize : 22 <-- 31.288361 s

maxsize : 22
nodes : 2582908.000000
filtered : 74968253.000000
time : 92.140419
