Parameters: GAD=1 vflib=1 dir=0 label=0 lowerbound=1 fileNameGp=../graphsdb/mcs50/rand/r005/mcs50_r005_s35.A66 fileNameGt=../graphsdb/mcs50/rand/r005/mcs50_r005_s35.B66
Reading graphs...
35 :  60
35 :  60
Initializing...
maxdom : 35
D->valSize : 1225
Solving...
currentSize : 14 <-- 0.036571 s
currentSize : 15 <-- 0.036612 s
currentSize : 16 <-- 0.036643 s
currentSize : 17 <-- 0.037026 s
currentSize : 20 <-- 0.038153 s
currentSize : 21 <-- 0.052662 s
currentSize : 22 <-- 0.650917 s
currentSize : 23 <-- 5.636449 s
currentSize : 24 <-- 21.040720 s
currentSize : 25 <-- 57.565201 s

maxsize : 25
nodes : 53103266.000000
filtered : 2008688452.000000
time : 1721.240112
