Parameters: GAD=1 vflib=1 dir=0 label=0 lowerbound=1 fileNameGp=../graphsdb/mcs50/m2D/m2Dr4/mcs50_m2Dr4_s30.A57 fileNameGt=../graphsdb/mcs50/m2D/m2Dr4/mcs50_m2Dr4_s30.B57
Reading graphs...
30 :  59
30 :  57
Initializing...
maxdom : 30
D->valSize : 900
Solving...
currentSize : 13 <-- 0.011719 s
currentSize : 14 <-- 0.011741 s
currentSize : 15 <-- 0.011801 s
currentSize : 16 <-- 0.012300 s
currentSize : 17 <-- 0.013554 s
currentSize : 18 <-- 0.095351 s
currentSize : 19 <-- 0.179784 s
currentSize : 20 <-- 0.894070 s
currentSize : 21 <-- 41.117847 s

maxsize : 21
nodes : 4969234.000000
filtered : 160499102.000000
time : 87.365097
