Parameters: GAD=1 vflib=1 dir=0 label=0 lowerbound=1 fileNameGp=../graphsdb/mcs50/rand/r01/mcs50_r01_s35.A65 fileNameGt=../graphsdb/mcs50/rand/r01/mcs50_r01_s35.B65
Reading graphs...
35 :  109
35 :  113
Initializing...
maxdom : 35
D->valSize : 1225
Solving...
currentSize : 12 <-- 0.018910 s
currentSize : 13 <-- 0.019006 s
currentSize : 14 <-- 0.019254 s
currentSize : 15 <-- 0.021186 s
currentSize : 16 <-- 0.035971 s
currentSize : 17 <-- 0.180806 s
currentSize : 18 <-- 0.616093 s
currentSize : 19 <-- 8.586586 s
currentSize : 20 <-- 10.326890 s

TIMEOUT
maxsize : 20
nodes : 388675666.000000
filtered : 10368937320.000000
time : 3600.000000
