Parameters: GAD=1 vflib=1 dir=0 label=0 lowerbound=1 fileNameGp=../graphsdb/mcs50/rand/r01/mcs50_r01_s20.A74 fileNameGt=../graphsdb/mcs50/rand/r01/mcs50_r01_s20.B74
Reading graphs...
20 :  35
20 :  36
Initializing...
maxdom : 20
D->valSize : 400
Solving...
currentSize : 9 <-- 0.002191 s
currentSize : 10 <-- 0.002234 s
currentSize : 11 <-- 0.002428 s
currentSize : 12 <-- 0.003873 s
currentSize : 13 <-- 0.021349 s
currentSize : 14 <-- 0.079013 s
currentSize : 15 <-- 0.314617 s

maxsize : 15
nodes : 44701.000000
filtered : 875249.000000
time : 0.402860
