Parameters: GAD=1 vflib=1 dir=0 label=0 lowerbound=1 fileNameGp=../graphsdb/mcs50/m4D/m4Dr6/mcs50_m4Dr6_s30.A45 fileNameGt=../graphsdb/mcs50/m4D/m4Dr6/mcs50_m4Dr6_s30.B45
Reading graphs...
30 :  72
30 :  69
Initializing...
maxdom : 30
D->valSize : 900
Solving...
currentSize : 12 <-- 0.018573 s
currentSize : 13 <-- 0.019024 s
currentSize : 15 <-- 0.022345 s
currentSize : 16 <-- 0.022955 s
currentSize : 17 <-- 0.033022 s
currentSize : 18 <-- 0.041989 s
currentSize : 19 <-- 0.769937 s
currentSize : 20 <-- 28.477684 s

maxsize : 20
nodes : 6302341.000000
filtered : 192418635.000000
time : 81.943375
