Parameters: GAD=1 vflib=1 dir=0 label=0 lowerbound=1 fileNameGp=../graphsdb/mcs50/rand/r005/mcs50_r005_s20.A04 fileNameGt=../graphsdb/mcs50/rand/r005/mcs50_r005_s20.B04
Reading graphs...
20 :  24
20 :  24
Initializing...
maxdom : 20
D->valSize : 400
Solving...
currentSize : 3 <-- 0.002293 s
currentSize : 8 <-- 0.002336 s
currentSize : 11 <-- 0.002360 s
currentSize : 12 <-- 0.005517 s
currentSize : 13 <-- 0.006087 s
currentSize : 15 <-- 0.028318 s

maxsize : 15
nodes : 18667.000000
filtered : 316403.000000
time : 0.194933
