Parameters: GAD=1 vflib=1 dir=0 label=0 lowerbound=1 fileNameGp=../graphsdb/mcs50/m4D/m4Dr6/mcs50_m4Dr6_s35.A12 fileNameGt=../graphsdb/mcs50/m4D/m4Dr6/mcs50_m4Dr6_s35.B12
Reading graphs...
35 :  83
35 :  80
Initializing...
maxdom : 35
D->valSize : 1225
Solving...
currentSize : 16 <-- 0.020486 s
currentSize : 17 <-- 0.021152 s
currentSize : 18 <-- 0.039044 s
currentSize : 19 <-- 0.062881 s
currentSize : 20 <-- 0.944305 s
currentSize : 21 <-- 12.081998 s
currentSize : 22 <-- 419.954254 s

maxsize : 22
nodes : 134569333.000000
filtered : 4346977636.000000
time : 2600.979492
