Parameters: GAD=1 vflib=1 dir=0 label=0 lowerbound=1 fileNameGp=../graphsdb/mcs50/m4D/m4Dr4/mcs50_m4Dr4_s30.A01 fileNameGt=../graphsdb/mcs50/m4D/m4Dr4/mcs50_m4Dr4_s30.B01
Reading graphs...
30 :  65
30 :  65
Initializing...
maxdom : 30
D->valSize : 900
Solving...
currentSize : 12 <-- 0.014978 s
currentSize : 13 <-- 0.015022 s
currentSize : 14 <-- 0.015867 s
currentSize : 15 <-- 0.028001 s
currentSize : 16 <-- 0.039816 s
currentSize : 17 <-- 0.583721 s
currentSize : 18 <-- 0.599717 s
currentSize : 19 <-- 5.666832 s
currentSize : 20 <-- 11.472637 s
currentSize : 21 <-- 53.067432 s

maxsize : 21
nodes : 4815758.000000
filtered : 143574360.000000
time : 74.042358
