Parameters: GAD=1 vflib=1 dir=0 label=0 lowerbound=1 fileNameGp=../graphsdb/mcs50/m2D/m2Dr4/mcs50_m2Dr4_s30.A85 fileNameGt=../graphsdb/mcs50/m2D/m2Dr4/mcs50_m2Dr4_s30.B85
Reading graphs...
30 :  58
30 :  58
Initializing...
maxdom : 30
D->valSize : 900
Solving...
currentSize : 14 <-- 0.016683 s
currentSize : 15 <-- 0.026561 s
currentSize : 16 <-- 0.032914 s
currentSize : 17 <-- 0.106835 s
currentSize : 18 <-- 0.703854 s
currentSize : 19 <-- 3.540096 s
currentSize : 20 <-- 7.348613 s
currentSize : 21 <-- 131.610321 s

maxsize : 21
nodes : 8635475.000000
filtered : 271730623.000000
time : 177.843277
