Parameters: GAD=1 vflib=1 dir=0 label=0 lowerbound=1 fileNameGp=../graphsdb/mcs50/m4D/m4Dr6/mcs50_m4Dr6_s35.A85 fileNameGt=../graphsdb/mcs50/m4D/m4Dr6/mcs50_m4Dr6_s35.B85
Reading graphs...
35 :  82
35 :  80
Initializing...
maxdom : 35
D->valSize : 1225
Solving...
currentSize : 11 <-- 0.020228 s
currentSize : 12 <-- 0.020261 s
currentSize : 13 <-- 0.020275 s
currentSize : 15 <-- 0.020473 s
currentSize : 17 <-- 0.020507 s
currentSize : 18 <-- 0.020872 s
currentSize : 19 <-- 0.098752 s
currentSize : 20 <-- 0.103814 s
currentSize : 21 <-- 9.893260 s
currentSize : 22 <-- 9.909670 s
currentSize : 23 <-- 168.852051 s

maxsize : 23
nodes : 88415800.000000
filtered : 3265076034.000000
time : 1518.550293
