Parameters: GAD=1 vflib=1 dir=0 label=0 lowerbound=1 fileNameGp=../graphsdb/mcs50/m2D/m2Dr4/mcs50_m2Dr4_s30.A43 fileNameGt=../graphsdb/mcs50/m2D/m2Dr4/mcs50_m2Dr4_s30.B43
Reading graphs...
30 :  59
30 :  58
Initializing...
maxdom : 30
D->valSize : 900
Solving...
currentSize : 12 <-- 0.019048 s
currentSize : 14 <-- 0.019085 s
currentSize : 15 <-- 0.019191 s
currentSize : 17 <-- 0.019661 s
currentSize : 18 <-- 0.086171 s
currentSize : 19 <-- 0.935438 s
currentSize : 20 <-- 0.937878 s

maxsize : 20
nodes : 14705305.000000
filtered : 421318094.000000
time : 233.515244
