Parameters: GAD=1 vflib=1 dir=0 label=0 lowerbound=1 fileNameGp=../graphsdb/mcs50/rand/r005/mcs50_r005_s30.A10 fileNameGt=../graphsdb/mcs50/rand/r005/mcs50_r005_s30.B10
Reading graphs...
30 :  46
30 :  47
Initializing...
maxdom : 30
D->valSize : 900
Solving...
currentSize : 9 <-- 0.011526 s
currentSize : 12 <-- 0.011610 s
currentSize : 15 <-- 0.011625 s
currentSize : 17 <-- 0.011693 s
currentSize : 18 <-- 0.018259 s
currentSize : 19 <-- 0.018591 s
currentSize : 20 <-- 0.019988 s
currentSize : 21 <-- 1.395387 s
currentSize : 22 <-- 1.564078 s

maxsize : 22
nodes : 2540119.000000
filtered : 87175133.000000
time : 64.114510
