Parameters: GAD=1 vflib=1 dir=0 label=0 lowerbound=1 fileNameGp=../graphsdb/mcs50/bvg/b09/mcs50_b09_s30.A10 fileNameGt=../graphsdb/mcs50/bvg/b09/mcs50_b09_s30.B10
Reading graphs...
30 :  131
30 :  133
Initializing...
maxdom : 30
D->valSize : 900
Solving...
currentSize : 9 <-- 0.009739 s
currentSize : 10 <-- 0.009763 s
currentSize : 11 <-- 0.009794 s
currentSize : 13 <-- 0.009846 s
currentSize : 14 <-- 0.009890 s
currentSize : 15 <-- 0.076143 s
currentSize : 16 <-- 0.084107 s
currentSize : 17 <-- 26.749289 s

maxsize : 17
nodes : 12921453.000000
filtered : 291493517.000000
time : 83.041458
