Parameters: GAD=1 vflib=1 dir=0 label=0 lowerbound=1 fileNameGp=../graphsdb/mcs50/bvg/b06/mcs50_b06_s25.A72 fileNameGt=../graphsdb/mcs50/bvg/b06/mcs50_b06_s25.B72
Reading graphs...
25 :  75
25 :  74
Initializing...
maxdom : 25
D->valSize : 625
Solving...
currentSize : 11 <-- 0.004985 s
currentSize : 12 <-- 0.005032 s
currentSize : 13 <-- 0.005136 s
currentSize : 14 <-- 0.025297 s
currentSize : 15 <-- 0.668046 s
currentSize : 16 <-- 1.005061 s

maxsize : 16
nodes : 704189.000000
filtered : 16362723.000000
time : 5.680273
