Parameters: GAD=1 vflib=1 dir=0 label=0 lowerbound=1 fileNameGp=../graphsdb/mcs50/bvg/b06/mcs50_b06_s25.A08 fileNameGt=../graphsdb/mcs50/bvg/b06/mcs50_b06_s25.B08
Reading graphs...
25 :  73
25 :  72
Initializing...
maxdom : 25
D->valSize : 625
Solving...
currentSize : 9 <-- 0.004944 s
currentSize : 10 <-- 0.004964 s
currentSize : 11 <-- 0.005101 s
currentSize : 12 <-- 0.007580 s
currentSize : 13 <-- 0.007976 s
currentSize : 14 <-- 0.011232 s
currentSize : 15 <-- 0.244373 s
currentSize : 16 <-- 8.579397 s

maxsize : 16
nodes : 1526188.000000
filtered : 31139445.000000
time : 9.693626
