Parameters: GAD=1 vflib=1 dir=0 label=0 lowerbound=1 fileNameGp=../graphsdb/mcs50/rand/r005/mcs50_r005_s25.A07 fileNameGt=../graphsdb/mcs50/rand/r005/mcs50_r005_s25.B07
Reading graphs...
25 :  34
25 :  34
Initializing...
maxdom : 25
D->valSize : 625
Solving...
currentSize : 13 <-- 0.005329 s
currentSize : 14 <-- 0.005351 s
currentSize : 15 <-- 0.005495 s
currentSize : 16 <-- 0.053367 s
currentSize : 17 <-- 0.053874 s
currentSize : 19 <-- 1.026750 s
currentSize : 20 <-- 1.027352 s

maxsize : 20
nodes : 132035.000000
filtered : 2449878.000000
time : 1.723990
