Parameters: GAD=1 vflib=1 dir=0 label=0 lowerbound=1 fileNameGp=../graphsdb/mcs50/m4D/m4Dr6/mcs50_m4Dr6_s30.A50 fileNameGt=../graphsdb/mcs50/m4D/m4Dr6/mcs50_m4Dr6_s30.B50
Reading graphs...
30 :  72
30 :  71
Initializing...
maxdom : 30
D->valSize : 900
Solving...
currentSize : 12 <-- 0.010567 s
currentSize : 16 <-- 0.010726 s
currentSize : 17 <-- 0.011096 s
currentSize : 18 <-- 0.014725 s
currentSize : 19 <-- 11.585427 s
currentSize : 20 <-- 35.002865 s

maxsize : 20
nodes : 7405531.000000
filtered : 203700520.000000
time : 94.312836
