Parameters: GAD=1 vflib=1 dir=0 label=0 lowerbound=1 fileNameGp=../graphsdb/mcs50/m4D/m4Dr4/mcs50_m4Dr4_s30.A69 fileNameGt=../graphsdb/mcs50/m4D/m4Dr4/mcs50_m4Dr4_s30.B69
Reading graphs...
30 :  67
30 :  65
Initializing...
maxdom : 30
D->valSize : 900
Solving...
currentSize : 10 <-- 0.011013 s
currentSize : 11 <-- 0.011052 s
currentSize : 12 <-- 0.011063 s
currentSize : 13 <-- 0.011483 s
currentSize : 15 <-- 0.011622 s
currentSize : 16 <-- 0.043497 s
currentSize : 17 <-- 0.171840 s
currentSize : 18 <-- 1.165207 s
currentSize : 19 <-- 1.339822 s
currentSize : 20 <-- 27.047749 s

maxsize : 20
nodes : 5770693.000000
filtered : 175166107.000000
time : 103.735252
