Parameters: GAD=1 vflib=1 dir=0 label=0 lowerbound=1 fileNameGp=../graphsdb/mcs50/rand/r02/mcs50_r02_s35.A31 fileNameGt=../graphsdb/mcs50/rand/r02/mcs50_r02_s35.B31
Reading graphs...
35 :  213
35 :  211
Initializing...
maxdom : 35
D->valSize : 1225
Solving...
currentSize : 10 <-- 0.029273 s
currentSize : 11 <-- 0.029337 s
currentSize : 12 <-- 0.035700 s
currentSize : 13 <-- 0.074127 s
currentSize : 14 <-- 0.884899 s
currentSize : 15 <-- 36.510506 s
currentSize : 16 <-- 1008.338989 s
currentSize : 17 <-- 3076.949707 s

maxsize : 17
nodes : 635979846.000000
filtered : 9832880537.000000
time : 3415.849609
