Parameters: GAD=1 vflib=1 dir=0 label=0 lowerbound=1 fileNameGp=../graphsdb/mcs50/bvg/b06/mcs50_b06_s35.A79 fileNameGt=../graphsdb/mcs50/bvg/b06/mcs50_b06_s35.B79
Reading graphs...
35 :  102
35 :  105
Initializing...
maxdom : 35
D->valSize : 1225
Solving...
currentSize : 15 <-- 0.033644 s
currentSize : 16 <-- 0.033799 s
currentSize : 17 <-- 0.033895 s
currentSize : 18 <-- 0.100894 s
currentSize : 19 <-- 1.158459 s
currentSize : 20 <-- 3.167573 s
currentSize : 21 <-- 9.522197 s
currentSize : 22 <-- 1667.533447 s

maxsize : 22
nodes : 168652413.000000
filtered : 5966427595.000000
time : 2280.894531
