Parameters: GAD=1 vflib=1 dir=0 label=0 lowerbound=1 fileNameGp=../graphsdb/mcs50/bvg/b09m/mcs50_b09m_s35.A85 fileNameGt=../graphsdb/mcs50/bvg/b09m/mcs50_b09m_s35.B85
Reading graphs...
35 :  148
35 :  148
Initializing...
maxdom : 35
D->valSize : 1225
Solving...
currentSize : 13 <-- 0.031160 s
currentSize : 14 <-- 0.031234 s
currentSize : 15 <-- 0.034352 s
currentSize : 16 <-- 0.048462 s
currentSize : 17 <-- 0.266808 s
currentSize : 18 <-- 18.910992 s

maxsize : 18
nodes : 379538041.000000
filtered : 9524921389.000000
time : 3115.352539
