Parameters: GAD=1 vflib=1 dir=0 label=0 lowerbound=1 fileNameGp=../graphsdb/mcs50/rand/r005/mcs50_r005_s25.A18 fileNameGt=../graphsdb/mcs50/rand/r005/mcs50_r005_s25.B18
Reading graphs...
25 :  35
25 :  35
Initializing...
maxdom : 25
D->valSize : 625
Solving...
currentSize : 12 <-- 0.005284 s
currentSize : 13 <-- 0.005306 s
currentSize : 14 <-- 0.005314 s
currentSize : 15 <-- 0.005799 s
currentSize : 16 <-- 0.013616 s
currentSize : 17 <-- 0.044530 s
currentSize : 18 <-- 4.014693 s
currentSize : 19 <-- 4.872463 s

maxsize : 19
nodes : 533892.000000
filtered : 9053000.000000
time : 6.281532
