Parameters: GAD=1 vflib=1 dir=0 label=0 lowerbound=1 fileNameGp=../graphsdb/mcs50/bvg/b06m/mcs50_b06m_s35.A81 fileNameGt=../graphsdb/mcs50/bvg/b06m/mcs50_b06m_s35.B81
Reading graphs...
35 :  103
35 :  103
Initializing...
maxdom : 35
D->valSize : 1225
Solving...
currentSize : 13 <-- 0.019528 s
currentSize : 14 <-- 0.019663 s
currentSize : 15 <-- 0.021423 s
currentSize : 16 <-- 0.141534 s
currentSize : 17 <-- 0.299255 s
currentSize : 18 <-- 1.756429 s
currentSize : 19 <-- 3.039762 s
currentSize : 20 <-- 60.050041 s
currentSize : 21 <-- 1169.307251 s

maxsize : 21
nodes : 303219647.000000
filtered : 9028466945.000000
time : 3539.177490
