Parameters: GAD=1 vflib=1 dir=0 label=0 lowerbound=1 fileNameGp=../graphsdb/mcs50/bvg/b03/mcs50_b03_s25.A73 fileNameGt=../graphsdb/mcs50/bvg/b03/mcs50_b03_s25.B73
Reading graphs...
25 :  37
25 :  37
Initializing...
maxdom : 25
D->valSize : 625
Solving...
currentSize : 10 <-- 0.005205 s
currentSize : 11 <-- 0.005295 s
currentSize : 12 <-- 0.005304 s
currentSize : 13 <-- 0.006816 s
currentSize : 14 <-- 0.007041 s
currentSize : 15 <-- 0.174756 s
currentSize : 16 <-- 3.185148 s
currentSize : 17 <-- 6.040131 s
currentSize : 18 <-- 9.413957 s
currentSize : 19 <-- 11.057195 s

maxsize : 19
nodes : 1255359.000000
filtered : 18120014.000000
time : 12.266969
