Parameters: GAD=1 vflib=1 dir=0 label=0 lowerbound=1 fileNameGp=../graphsdb/mcs50/bvg/b06m/mcs50_b06m_s30.A51 fileNameGt=../graphsdb/mcs50/bvg/b06m/mcs50_b06m_s30.B51
Reading graphs...
30 :  89
30 :  85
Initializing...
maxdom : 30
D->valSize : 900
Solving...
currentSize : 11 <-- 0.017878 s
currentSize : 12 <-- 0.017937 s
currentSize : 13 <-- 0.018003 s
currentSize : 14 <-- 0.019168 s
currentSize : 15 <-- 0.019485 s
currentSize : 16 <-- 0.022942 s
currentSize : 17 <-- 0.989360 s
currentSize : 18 <-- 27.566160 s

maxsize : 18
nodes : 14425118.000000
filtered : 423701123.000000
time : 159.669601
