Parameters: GAD=1 vflib=1 dir=0 label=0 lowerbound=1 fileNameGp=../graphsdb/mcs50/bvg/b09/mcs50_b09_s30.A92 fileNameGt=../graphsdb/mcs50/bvg/b09/mcs50_b09_s30.B92
Reading graphs...
30 :  132
30 :  132
Initializing...
maxdom : 30
D->valSize : 900
Solving...
currentSize : 9 <-- 0.009479 s
currentSize : 10 <-- 0.009498 s
currentSize : 11 <-- 0.009652 s
currentSize : 12 <-- 0.009687 s
currentSize : 13 <-- 0.012143 s
currentSize : 14 <-- 0.053424 s
currentSize : 15 <-- 0.771045 s
currentSize : 16 <-- 19.041180 s

maxsize : 16
nodes : 26601945.000000
filtered : 535965997.000000
time : 162.974564
