Parameters: GAD=1 vflib=1 dir=0 label=0 lowerbound=1 fileNameGp=../graphsdb/mcs50/bvg/b03m/mcs50_b03m_s35.A94 fileNameGt=../graphsdb/mcs50/bvg/b03m/mcs50_b03m_s35.B94
Reading graphs...
35 :  52
35 :  52
Initializing...
maxdom : 35
D->valSize : 1225
Solving...
currentSize : 20 <-- 0.021633 s
currentSize : 21 <-- 0.022919 s
currentSize : 22 <-- 0.792797 s
currentSize : 23 <-- 65.386497 s
currentSize : 24 <-- 115.072754 s
currentSize : 25 <-- 190.223557 s
currentSize : 26 <-- 220.750656 s

maxsize : 26
nodes : 19373944.000000
filtered : 636730227.000000
time : 775.707520
