Parameters: GAD=1 vflib=1 dir=0 label=0 lowerbound=1 fileNameGp=../graphsdb/mcs50/m4D/m4Dr4/mcs50_m4Dr4_s30.A44 fileNameGt=../graphsdb/mcs50/m4D/m4Dr4/mcs50_m4Dr4_s30.B44
Reading graphs...
30 :  66
30 :  63
Initializing...
maxdom : 30
D->valSize : 900
Solving...
currentSize : 12 <-- 0.018536 s
currentSize : 13 <-- 0.018594 s
currentSize : 16 <-- 0.018742 s
currentSize : 17 <-- 0.049876 s
currentSize : 18 <-- 2.623024 s
currentSize : 19 <-- 7.183976 s
currentSize : 20 <-- 18.473677 s

maxsize : 20
nodes : 5168276.000000
filtered : 162717184.000000
time : 81.944939
