Parameters: GAD=1 vflib=1 dir=0 label=0 lowerbound=1 fileNameGp=../graphsdb/mcs50/bvg/b06/mcs50_b06_s30.A71 fileNameGt=../graphsdb/mcs50/bvg/b06/mcs50_b06_s30.B71
Reading graphs...
30 :  89
30 :  89
Initializing...
maxdom : 30
D->valSize : 900
Solving...
currentSize : 13 <-- 0.010106 s
currentSize : 14 <-- 0.011679 s
currentSize : 15 <-- 0.016872 s
currentSize : 16 <-- 0.072933 s
currentSize : 18 <-- 1.425180 s
currentSize : 19 <-- 32.404484 s

maxsize : 19
nodes : 7725525.000000
filtered : 224811303.000000
time : 82.616386
