Parameters: GAD=1 vflib=1 dir=0 label=0 lowerbound=1 fileNameGp=../graphsdb/mcs50/rand/r02/mcs50_r02_s35.A73 fileNameGt=../graphsdb/mcs50/rand/r02/mcs50_r02_s35.B73
Reading graphs...
35 :  208
35 :  208
Initializing...
maxdom : 35
D->valSize : 1225
Solving...
currentSize : 10 <-- 0.022922 s
currentSize : 11 <-- 0.022955 s
currentSize : 12 <-- 0.023013 s
currentSize : 13 <-- 0.029371 s
currentSize : 14 <-- 0.108644 s
currentSize : 15 <-- 1.810616 s
currentSize : 17 <-- 284.923553 s

maxsize : 17
nodes : 335209100.000000
filtered : 6106362402.000000
time : 1929.796265
