Parameters: GAD=1 vflib=1 dir=0 label=0 lowerbound=1 fileNameGp=../graphsdb/mcs50/bvg/b03m/mcs50_b03m_s35.A86 fileNameGt=../graphsdb/mcs50/bvg/b03m/mcs50_b03m_s35.B86
Reading graphs...
35 :  51
35 :  50
Initializing...
maxdom : 35
D->valSize : 1225
Solving...
currentSize : 15 <-- 0.025954 s
currentSize : 17 <-- 0.026233 s
currentSize : 18 <-- 0.026376 s
currentSize : 19 <-- 0.026666 s
currentSize : 20 <-- 0.026676 s
currentSize : 22 <-- 0.030755 s
currentSize : 23 <-- 0.078746 s
currentSize : 24 <-- 0.345720 s
currentSize : 25 <-- 165.237778 s

maxsize : 25
nodes : 61654019.000000
filtered : 2027653701.000000
time : 2439.595215
