Parameters: GAD=1 vflib=1 dir=0 label=0 lowerbound=1 fileNameGp=../graphsdb/mcs50/m4D/m4D/mcs50_m4D_s35.A75 fileNameGt=../graphsdb/mcs50/m4D/m4D/mcs50_m4D_s35.B75
Reading graphs...
35 :  63
35 :  62
Initializing...
maxdom : 35
D->valSize : 1225
Solving...
currentSize : 10 <-- 0.020397 s
currentSize : 12 <-- 0.020427 s
currentSize : 15 <-- 0.020831 s
currentSize : 17 <-- 0.021996 s
currentSize : 18 <-- 0.299094 s
currentSize : 19 <-- 0.554494 s
currentSize : 20 <-- 0.947385 s
currentSize : 21 <-- 2.056860 s
currentSize : 22 <-- 45.490211 s
currentSize : 23 <-- 59.762463 s
currentSize : 24 <-- 164.048065 s
currentSize : 25 <-- 166.498276 s

maxsize : 25
nodes : 19767497.000000
filtered : 620252525.000000
time : 484.423309
