Parameters: GAD=1 vflib=1 dir=0 label=0 lowerbound=1 fileNameGp=../graphsdb/mcs50/rand/r01/mcs50_r01_s25.A59 fileNameGt=../graphsdb/mcs50/rand/r01/mcs50_r01_s25.B59
Reading graphs...
25 :  56
25 :  57
Initializing...
maxdom : 25
D->valSize : 625
Solving...
currentSize : 10 <-- 0.004972 s
currentSize : 11 <-- 0.005114 s
currentSize : 13 <-- 0.005628 s
currentSize : 14 <-- 0.006154 s
currentSize : 15 <-- 0.023779 s
currentSize : 16 <-- 0.529934 s
currentSize : 17 <-- 2.459783 s

maxsize : 17
nodes : 570516.000000
filtered : 14369795.000000
time : 6.778159
