Parameters: GAD=1 vflib=1 dir=0 label=0 lowerbound=1 fileNameGp=../graphsdb/mcs50/bvg/b03/mcs50_b03_s25.A65 fileNameGt=../graphsdb/mcs50/bvg/b03/mcs50_b03_s25.B65
Reading graphs...
25 :  37
25 :  37
Initializing...
maxdom : 25
D->valSize : 625
Solving...
currentSize : 11 <-- 0.009302 s
currentSize : 14 <-- 0.009379 s
currentSize : 15 <-- 0.009394 s
currentSize : 16 <-- 0.340883 s
currentSize : 17 <-- 1.478311 s
currentSize : 18 <-- 2.866516 s

maxsize : 18
nodes : 640058.000000
filtered : 12848445.000000
time : 7.417005
