Parameters: GAD=1 vflib=1 dir=0 label=0 lowerbound=1 fileNameGp=../graphsdb/mcs50/rand/r01/mcs50_r01_s35.A36 fileNameGt=../graphsdb/mcs50/rand/r01/mcs50_r01_s35.B36
Reading graphs...
35 :  110
35 :  115
Initializing...
maxdom : 35
D->valSize : 1225
Solving...
currentSize : 12 <-- 0.033414 s
currentSize : 13 <-- 0.033484 s
currentSize : 14 <-- 0.034418 s
currentSize : 15 <-- 0.034442 s
currentSize : 16 <-- 0.034491 s
currentSize : 17 <-- 0.043707 s
currentSize : 18 <-- 0.044962 s
currentSize : 19 <-- 0.758123 s
currentSize : 20 <-- 85.671417 s

TIMEOUT
maxsize : 20
nodes : 367063662.000000
filtered : 9980363075.000000
time : 3600.000000
