Parameters: GAD=1 vflib=1 dir=0 label=0 lowerbound=1 fileNameGp=../graphsdb/mcs50/rand/r01/mcs50_r01_s30.A42 fileNameGt=../graphsdb/mcs50/rand/r01/mcs50_r01_s30.B42
Reading graphs...
30 :  82
30 :  82
Initializing...
maxdom : 30
D->valSize : 900
Solving...
currentSize : 13 <-- 0.010527 s
currentSize : 14 <-- 0.010642 s
currentSize : 15 <-- 0.011099 s
currentSize : 16 <-- 0.029830 s
currentSize : 17 <-- 0.118914 s
currentSize : 18 <-- 4.078037 s

maxsize : 18
nodes : 26223258.000000
filtered : 707306154.000000
time : 274.189758
