Parameters: GAD=1 vflib=1 dir=0 label=0 lowerbound=1 fileNameGp=../graphsdb/mcs50/m2D/m2Dr2/mcs50_m2Dr2_s20.A24 fileNameGt=../graphsdb/mcs50/m2D/m2Dr2/mcs50_m2Dr2_s20.B24
Reading graphs...
20 :  35
20 :  34
Initializing...
maxdom : 20
D->valSize : 400
Solving...
currentSize : 8 <-- 0.002160 s
currentSize : 10 <-- 0.002183 s
currentSize : 11 <-- 0.002223 s
currentSize : 12 <-- 0.003315 s
currentSize : 13 <-- 0.004759 s
currentSize : 14 <-- 0.164639 s

maxsize : 14
nodes : 92163.000000
filtered : 1658059.000000
time : 0.639100
