Parameters: GAD=1 vflib=1 dir=0 label=0 lowerbound=1 fileNameGp=../graphsdb/mcs50/bvg/b09m/mcs50_b09m_s25.A94 fileNameGt=../graphsdb/mcs50/bvg/b09m/mcs50_b09m_s25.B94
Reading graphs...
25 :  103
25 :  101
Initializing...
maxdom : 25
D->valSize : 625
Solving...
currentSize : 9 <-- 0.007763 s
currentSize : 10 <-- 0.007827 s
currentSize : 11 <-- 0.007909 s
currentSize : 12 <-- 0.021581 s
currentSize : 13 <-- 0.055025 s
currentSize : 14 <-- 0.531922 s

maxsize : 14
nodes : 1799927.000000
filtered : 32898010.000000
time : 10.162293
