Parameters: GAD=1 vflib=1 dir=0 label=0 lowerbound=1 fileNameGp=../graphsdb/mcs50/rand/r005/mcs50_r005_s20.A36 fileNameGt=../graphsdb/mcs50/rand/r005/mcs50_r005_s20.B36
Reading graphs...
20 :  22
20 :  24
Initializing...
maxdom : 20
D->valSize : 400
Solving...
currentSize : 9 <-- 0.002409 s
currentSize : 10 <-- 0.002675 s
currentSize : 12 <-- 0.004092 s
currentSize : 13 <-- 0.011892 s
currentSize : 14 <-- 0.195571 s
currentSize : 15 <-- 0.355024 s

maxsize : 15
nodes : 63664.000000
filtered : 635235.000000
time : 0.463902
