Parameters: GAD=1 vflib=1 dir=0 label=0 lowerbound=1 fileNameGp=../graphsdb/mcs50/m4D/m4Dr4/mcs50_m4Dr4_s35.A27 fileNameGt=../graphsdb/mcs50/m4D/m4Dr4/mcs50_m4Dr4_s35.B27
Reading graphs...
35 :  77
35 :  75
Initializing...
maxdom : 35
D->valSize : 1225
Solving...
currentSize : 16 <-- 0.035005 s
currentSize : 17 <-- 0.035046 s
currentSize : 18 <-- 0.064833 s
currentSize : 19 <-- 0.182418 s
currentSize : 20 <-- 3.215299 s
currentSize : 21 <-- 9.333382 s
currentSize : 22 <-- 131.493591 s
currentSize : 23 <-- 145.249756 s
currentSize : 24 <-- 485.769409 s

maxsize : 24
nodes : 39603994.000000
filtered : 1461306696.000000
time : 880.588013
