Parameters: GAD=1 vflib=1 dir=0 label=0 lowerbound=1 fileNameGp=../graphsdb/mcs50/m4D/m4Dr6/mcs50_m4Dr6_s35.A40 fileNameGt=../graphsdb/mcs50/m4D/m4Dr6/mcs50_m4Dr6_s35.B40
Reading graphs...
35 :  82
35 :  82
Initializing...
maxdom : 35
D->valSize : 1225
Solving...
currentSize : 17 <-- 0.019879 s
currentSize : 18 <-- 0.040582 s
currentSize : 19 <-- 0.120917 s
currentSize : 20 <-- 0.381027 s
currentSize : 21 <-- 19.000856 s
currentSize : 22 <-- 60.893501 s
currentSize : 23 <-- 358.202301 s

maxsize : 23
nodes : 88463651.000000
filtered : 3158862323.000000
time : 2068.697021
