Parameters: GAD=1 vflib=1 dir=0 label=0 lowerbound=1 fileNameGp=../graphsdb/mcs50/m4D/m4Dr2/mcs50_m4Dr2_s30.A33 fileNameGt=../graphsdb/mcs50/m4D/m4Dr2/mcs50_m4Dr2_s30.B33
Reading graphs...
30 :  61
30 :  61
Initializing...
maxdom : 30
D->valSize : 900
Solving...
currentSize : 13 <-- 0.010779 s
currentSize : 14 <-- 0.010828 s
currentSize : 15 <-- 0.010837 s
currentSize : 17 <-- 0.010878 s
currentSize : 18 <-- 0.918419 s
currentSize : 19 <-- 1.528526 s
currentSize : 20 <-- 3.226468 s

maxsize : 20
nodes : 8639965.000000
filtered : 261287719.000000
time : 143.060974
