Parameters: GAD=1 vflib=1 dir=0 label=0 lowerbound=1 fileNameGp=../graphsdb/mcs50/bvg/b09m/mcs50_b09m_s35.A96 fileNameGt=../graphsdb/mcs50/bvg/b09m/mcs50_b09m_s35.B96
Reading graphs...
35 :  151
35 :  151
Initializing...
maxdom : 35
D->valSize : 1225
Solving...
currentSize : 13 <-- 0.031237 s
currentSize : 14 <-- 0.031270 s
currentSize : 15 <-- 0.042128 s
currentSize : 16 <-- 0.042187 s
currentSize : 17 <-- 0.998061 s
currentSize : 18 <-- 9.522340 s

maxsize : 18
nodes : 355302599.000000
filtered : 9215477127.000000
time : 3071.756836
