Parameters: GAD=1 vflib=1 dir=0 label=0 lowerbound=1 fileNameGp=../graphsdb/mcs50/m2D/m2D/mcs50_m2D_s20.A22 fileNameGt=../graphsdb/mcs50/m2D/m2D/mcs50_m2D_s20.B22
Reading graphs...
20 :  31
20 :  30
Initializing...
maxdom : 20
D->valSize : 400
Solving...
currentSize : 8 <-- 0.002269 s
currentSize : 9 <-- 0.002288 s
currentSize : 10 <-- 0.002435 s
currentSize : 11 <-- 0.002454 s
currentSize : 12 <-- 0.002528 s
currentSize : 13 <-- 0.021722 s
currentSize : 14 <-- 0.028474 s
currentSize : 15 <-- 0.054272 s

maxsize : 15
nodes : 21765.000000
filtered : 415478.000000
time : 0.262869
