Parameters: GAD=1 vflib=1 dir=0 label=0 lowerbound=1 fileNameGp=../graphsdb/mcs50/bvg/b03m/mcs50_b03m_s25.A16 fileNameGt=../graphsdb/mcs50/bvg/b03m/mcs50_b03m_s25.B16
Reading graphs...
25 :  37
25 :  37
Initializing...
maxdom : 25
D->valSize : 625
Solving...
currentSize : 10 <-- 0.009286 s
currentSize : 14 <-- 0.009491 s
currentSize : 15 <-- 0.016497 s
currentSize : 16 <-- 0.073797 s
currentSize : 17 <-- 0.215533 s
currentSize : 18 <-- 3.343514 s

maxsize : 18
nodes : 553986.000000
filtered : 11037678.000000
time : 6.897446
