Parameters: GAD=1 vflib=1 dir=0 label=0 lowerbound=1 fileNameGp=../graphsdb/mcs50/bvg/b03/mcs50_b03_s35.A18 fileNameGt=../graphsdb/mcs50/bvg/b03/mcs50_b03_s35.B18
Reading graphs...
35 :  52
35 :  52
Initializing...
maxdom : 35
D->valSize : 1225
Solving...
currentSize : 19 <-- 0.036841 s
currentSize : 20 <-- 0.037085 s
currentSize : 21 <-- 0.419281 s
currentSize : 22 <-- 0.616407 s
currentSize : 23 <-- 73.406509 s
currentSize : 24 <-- 83.765450 s
currentSize : 25 <-- 1843.354492 s
currentSize : 26 <-- 2797.111816 s

maxsize : 26
nodes : 113419538.000000
filtered : 3356335486.000000
time : 3274.538574
