Parameters: GAD=1 vflib=1 dir=0 label=0 lowerbound=1 fileNameGp=../graphsdb/mcs50/m4D/m4Dr6/mcs50_m4Dr6_s35.A96 fileNameGt=../graphsdb/mcs50/m4D/m4Dr6/mcs50_m4Dr6_s35.B96
Reading graphs...
35 :  81
35 :  81
Initializing...
maxdom : 35
D->valSize : 1225
Solving...
currentSize : 14 <-- 0.024625 s
currentSize : 15 <-- 0.029815 s
currentSize : 16 <-- 0.038431 s
currentSize : 17 <-- 0.038491 s
currentSize : 18 <-- 2.552588 s
currentSize : 19 <-- 2.940491 s
currentSize : 20 <-- 8.761585 s
currentSize : 21 <-- 14.920151 s
currentSize : 22 <-- 80.388786 s
currentSize : 23 <-- 750.287354 s

maxsize : 23
nodes : 61954467.000000
filtered : 2134019371.000000
time : 1404.644775
