Parameters: GAD=1 vflib=1 dir=0 label=0 lowerbound=1 fileNameGp=../graphsdb/mcs50/rand/r02/mcs50_r02_s25.A44 fileNameGt=../graphsdb/mcs50/rand/r02/mcs50_r02_s25.B44
Reading graphs...
25 :  102
25 :  109
Initializing...
maxdom : 25
D->valSize : 625
Solving...
currentSize : 8 <-- 0.007741 s
currentSize : 9 <-- 0.007794 s
currentSize : 10 <-- 0.008088 s
currentSize : 11 <-- 0.017447 s
currentSize : 12 <-- 0.145556 s
currentSize : 13 <-- 0.454245 s

maxsize : 13
nodes : 5593954.000000
filtered : 80564336.000000
time : 26.466375
