Parameters: GAD=1 vflib=1 dir=0 label=0 lowerbound=1 fileNameGp=../graphsdb/mcs50/rand/r02/mcs50_r02_s30.A04 fileNameGt=../graphsdb/mcs50/rand/r02/mcs50_r02_s30.B04
Reading graphs...
30 :  159
30 :  152
Initializing...
maxdom : 30
D->valSize : 900
Solving...
currentSize : 9 <-- 0.009505 s
currentSize : 10 <-- 0.009543 s
currentSize : 11 <-- 0.009560 s
currentSize : 12 <-- 0.009702 s
currentSize : 13 <-- 0.023987 s
currentSize : 14 <-- 3.408051 s
currentSize : 15 <-- 42.426727 s

maxsize : 15
nodes : 59760186.000000
filtered : 903968178.000000
time : 298.768890
