Parameters: GAD=1 vflib=1 dir=0 label=0 lowerbound=1 fileNameGp=../graphsdb/mcs50/bvg/b06/mcs50_b06_s35.A66 fileNameGt=../graphsdb/mcs50/bvg/b06/mcs50_b06_s35.B66
Reading graphs...
35 :  103
35 :  102
Initializing...
maxdom : 35
D->valSize : 1225
Solving...
currentSize : 12 <-- 0.024172 s
currentSize : 13 <-- 0.024320 s
currentSize : 14 <-- 0.024619 s
currentSize : 15 <-- 0.025303 s
currentSize : 16 <-- 0.040872 s
currentSize : 17 <-- 0.050105 s
currentSize : 18 <-- 1.317627 s
currentSize : 19 <-- 7.184731 s
currentSize : 20 <-- 33.355732 s
currentSize : 21 <-- 807.176941 s

maxsize : 21
nodes : 215390575.000000
filtered : 7117235436.000000
time : 3193.932861
