Parameters: GAD=1 vflib=1 dir=0 label=0 lowerbound=1 fileNameGp=../graphsdb/mcs50/m2D/m2Dr2/mcs50_m2Dr2_s20.A44 fileNameGt=../graphsdb/mcs50/m2D/m2Dr2/mcs50_m2Dr2_s20.B44
Reading graphs...
20 :  35
20 :  35
Initializing...
maxdom : 20
D->valSize : 400
Solving...
currentSize : 8 <-- 0.002169 s
currentSize : 9 <-- 0.002203 s
currentSize : 10 <-- 0.002503 s
currentSize : 11 <-- 0.002625 s
currentSize : 12 <-- 0.003793 s
currentSize : 13 <-- 0.005431 s
currentSize : 14 <-- 0.221235 s

maxsize : 14
nodes : 87591.000000
filtered : 1528809.000000
time : 0.729858
