Parameters: GAD=1 vflib=1 dir=0 label=0 lowerbound=1 fileNameGp=../graphsdb/mcs50/m4D/m4Dr6/mcs50_m4Dr6_s30.A76 fileNameGt=../graphsdb/mcs50/m4D/m4Dr6/mcs50_m4Dr6_s30.B76
Reading graphs...
30 :  70
30 :  67
Initializing...
maxdom : 30
D->valSize : 900
Solving...
currentSize : 12 <-- 0.015040 s
currentSize : 13 <-- 0.015117 s
currentSize : 14 <-- 0.017992 s
currentSize : 15 <-- 0.024305 s
currentSize : 17 <-- 0.193589 s
currentSize : 18 <-- 1.009968 s
currentSize : 19 <-- 41.279503 s
currentSize : 20 <-- 51.373878 s

maxsize : 20
nodes : 6511282.000000
filtered : 181497181.000000
time : 106.697586
