Parameters: GAD=1 vflib=1 dir=0 label=0 lowerbound=1 fileNameGp=../graphsdb/mcs50/m2D/m2Dr6/mcs50_m2Dr6_s20.A55 fileNameGt=../graphsdb/mcs50/m2D/m2Dr6/mcs50_m2Dr6_s20.B55
Reading graphs...
20 :  40
20 :  40
Initializing...
maxdom : 20
D->valSize : 400
Solving...
currentSize : 6 <-- 0.003625 s
currentSize : 8 <-- 0.003651 s
currentSize : 10 <-- 0.003663 s
currentSize : 11 <-- 0.004681 s
currentSize : 12 <-- 0.004893 s
currentSize : 13 <-- 0.071446 s
currentSize : 14 <-- 0.120561 s

maxsize : 14
nodes : 30272.000000
filtered : 677211.000000
time : 0.239642
