Parameters: GAD=1 vflib=1 dir=0 label=0 lowerbound=1 fileNameGp=../graphsdb/mcs50/bvg/b06m/mcs50_b06m_s35.A68 fileNameGt=../graphsdb/mcs50/bvg/b06m/mcs50_b06m_s35.B68
Reading graphs...
35 :  99
35 :  102
Initializing...
maxdom : 35
D->valSize : 1225
Solving...
currentSize : 14 <-- 0.024733 s
currentSize : 15 <-- 0.025382 s
currentSize : 16 <-- 0.032586 s
currentSize : 17 <-- 0.035326 s
currentSize : 18 <-- 0.053880 s
currentSize : 19 <-- 7.439179 s
currentSize : 20 <-- 32.187237 s
currentSize : 21 <-- 44.797531 s

maxsize : 21
nodes : 174895800.000000
filtered : 6255897945.000000
time : 2835.529541
