Parameters: GAD=1 vflib=1 dir=0 label=0 lowerbound=1 fileNameGp=../graphsdb/mcs50/rand/r005/mcs50_r005_s30.A18 fileNameGt=../graphsdb/mcs50/rand/r005/mcs50_r005_s30.B18
Reading graphs...
30 :  45
30 :  45
Initializing...
maxdom : 30
D->valSize : 900
Solving...
currentSize : 15 <-- 0.011586 s
currentSize : 16 <-- 0.011605 s
currentSize : 17 <-- 0.012146 s
currentSize : 18 <-- 0.042557 s
currentSize : 19 <-- 0.046047 s
currentSize : 20 <-- 0.071441 s
currentSize : 21 <-- 50.505238 s
currentSize : 22 <-- 88.331841 s

maxsize : 22
nodes : 7498393.000000
filtered : 201171058.000000
time : 171.818207
