Parameters: GAD=1 vflib=1 dir=0 label=0 lowerbound=1 fileNameGp=../graphsdb/mcs50/bvg/b03m/mcs50_b03m_s25.A20 fileNameGt=../graphsdb/mcs50/bvg/b03m/mcs50_b03m_s25.B20
Reading graphs...
25 :  36
25 :  36
Initializing...
maxdom : 25
D->valSize : 625
Solving...
currentSize : 10 <-- 0.005371 s
currentSize : 11 <-- 0.005405 s
currentSize : 12 <-- 0.005412 s
currentSize : 13 <-- 0.005942 s
currentSize : 14 <-- 0.009895 s
currentSize : 15 <-- 0.010044 s
currentSize : 16 <-- 0.156300 s
currentSize : 17 <-- 0.164864 s
currentSize : 18 <-- 4.745446 s

maxsize : 18
nodes : 711492.000000
filtered : 13366042.000000
time : 10.360494
