Parameters: GAD=1 vflib=1 dir=0 label=0 lowerbound=1 fileNameGp=../graphsdb/mcs50/m4D/m4Dr4/mcs50_m4Dr4_s30.A18 fileNameGt=../graphsdb/mcs50/m4D/m4Dr4/mcs50_m4Dr4_s30.B18
Reading graphs...
30 :  67
30 :  66
Initializing...
maxdom : 30
D->valSize : 900
Solving...
currentSize : 9 <-- 0.018695 s
currentSize : 10 <-- 0.018736 s
currentSize : 11 <-- 0.018876 s
currentSize : 12 <-- 0.020001 s
currentSize : 13 <-- 0.024525 s
currentSize : 14 <-- 0.091422 s
currentSize : 15 <-- 0.131862 s
currentSize : 16 <-- 0.300049 s
currentSize : 17 <-- 0.833575 s
currentSize : 18 <-- 0.834434 s
currentSize : 19 <-- 0.836344 s
currentSize : 20 <-- 43.417671 s

maxsize : 20
nodes : 8554150.000000
filtered : 245737594.000000
time : 119.273895
