Parameters: GAD=1 vflib=1 dir=0 label=0 lowerbound=1 fileNameGp=../graphsdb/mcs50/bvg/b09m/mcs50_b09m_s30.A80 fileNameGt=../graphsdb/mcs50/bvg/b09m/mcs50_b09m_s30.B80
Reading graphs...
30 :  127
30 :  131
Initializing...
maxdom : 30
D->valSize : 900
Solving...
currentSize : 11 <-- 0.009573 s
currentSize : 12 <-- 0.009630 s
currentSize : 13 <-- 0.010136 s
currentSize : 14 <-- 0.012220 s
currentSize : 15 <-- 1.063128 s
currentSize : 16 <-- 111.903915 s
currentSize : 17 <-- 140.382614 s

maxsize : 17
nodes : 29462945.000000
filtered : 570969712.000000
time : 177.896378
