Parameters: GAD=1 vflib=1 dir=0 label=0 lowerbound=1 fileNameGp=../graphsdb/mcs50/bvg/b09m/mcs50_b09m_s25.A09 fileNameGt=../graphsdb/mcs50/bvg/b09m/mcs50_b09m_s25.B09
Reading graphs...
25 :  106
25 :  104
Initializing...
maxdom : 25
D->valSize : 625
Solving...
currentSize : 9 <-- 0.004459 s
currentSize : 10 <-- 0.004522 s
currentSize : 11 <-- 0.004552 s
currentSize : 12 <-- 0.006349 s
currentSize : 13 <-- 0.007408 s
currentSize : 14 <-- 11.485684 s

maxsize : 14
nodes : 2912739.000000
filtered : 48269187.000000
time : 14.815217
