Parameters: GAD=1 vflib=1 dir=0 label=0 lowerbound=1 fileNameGp=../graphsdb/mcs50/rand/r005/mcs50_r005_s25.A75 fileNameGt=../graphsdb/mcs50/rand/r005/mcs50_r005_s25.B75
Reading graphs...
25 :  35
25 :  34
Initializing...
maxdom : 25
D->valSize : 625
Solving...
currentSize : 10 <-- 0.009397 s
currentSize : 11 <-- 0.009663 s
currentSize : 13 <-- 0.009678 s
currentSize : 14 <-- 0.009941 s
currentSize : 15 <-- 0.021565 s
currentSize : 16 <-- 0.085447 s
currentSize : 18 <-- 0.087403 s
currentSize : 19 <-- 2.784379 s

maxsize : 19
nodes : 229177.000000
filtered : 6187093.000000
time : 4.973479
