Parameters: GAD=1 vflib=1 dir=0 label=0 lowerbound=1 fileNameGp=../graphsdb/mcs50/bvg/b06/mcs50_b06_s20.A55 fileNameGt=../graphsdb/mcs50/bvg/b06/mcs50_b06_s20.B55
Reading graphs...
20 :  58
20 :  59
Initializing...
maxdom : 20
D->valSize : 400
Solving...
currentSize : 8 <-- 0.002209 s
currentSize : 9 <-- 0.002413 s
currentSize : 10 <-- 0.003465 s
currentSize : 11 <-- 0.009022 s
currentSize : 12 <-- 0.013739 s
currentSize : 13 <-- 0.013914 s

maxsize : 13
nodes : 55319.000000
filtered : 1009211.000000
time : 0.300050
