Parameters: GAD=1 vflib=1 dir=0 label=0 lowerbound=1 fileNameGp=../graphsdb/mcs50/bvg/b09/mcs50_b09_s30.A12 fileNameGt=../graphsdb/mcs50/bvg/b09/mcs50_b09_s30.B12
Reading graphs...
30 :  131
30 :  131
Initializing...
maxdom : 30
D->valSize : 900
Solving...
currentSize : 11 <-- 0.009572 s
currentSize : 12 <-- 0.009657 s
currentSize : 13 <-- 0.009939 s
currentSize : 14 <-- 0.013230 s
currentSize : 15 <-- 0.018035 s
currentSize : 16 <-- 5.516495 s
currentSize : 17 <-- 12.845566 s

maxsize : 17
nodes : 9270963.000000
filtered : 239026661.000000
time : 66.744987
