Parameters: GAD=1 vflib=1 dir=0 label=0 lowerbound=1 fileNameGp=../graphsdb/mcs50/bvg/b03/mcs50_b03_s35.A08 fileNameGt=../graphsdb/mcs50/bvg/b03/mcs50_b03_s35.B08
Reading graphs...
35 :  51
35 :  51
Initializing...
maxdom : 35
D->valSize : 1225
Solving...
currentSize : 16 <-- 0.025763 s
currentSize : 17 <-- 0.025819 s
currentSize : 18 <-- 0.026078 s
currentSize : 20 <-- 0.026572 s
currentSize : 21 <-- 0.617251 s
currentSize : 22 <-- 76.880028 s
currentSize : 23 <-- 226.370010 s
currentSize : 24 <-- 1784.495605 s

TIMEOUT
maxsize : 24
nodes : 202836866.000000
filtered : 3859273307.000000
time : 3600.000000
