Parameters: GAD=1 vflib=1 dir=0 label=0 lowerbound=1 fileNameGp=../graphsdb/mcs50/m3D/m3D/mcs50_m3D_s20.A66 fileNameGt=../graphsdb/mcs50/m3D/m3D/mcs50_m3D_s20.B66
Reading graphs...
20 :  36
20 :  37
Initializing...
maxdom : 20
D->valSize : 400
Solving...
currentSize : 8 <-- 0.002220 s
currentSize : 10 <-- 0.002263 s
currentSize : 11 <-- 0.002366 s
currentSize : 12 <-- 0.002374 s
currentSize : 13 <-- 0.003987 s
currentSize : 14 <-- 0.052625 s

maxsize : 14
nodes : 50538.000000
filtered : 911491.000000
time : 0.316639
