Parameters: GAD=1 vflib=1 dir=0 label=0 lowerbound=1 fileNameGp=../graphsdb/mcs50/bvg/b06/mcs50_b06_s20.A78 fileNameGt=../graphsdb/mcs50/bvg/b06/mcs50_b06_s20.B78
Reading graphs...
20 :  58
20 :  59
Initializing...
maxdom : 20
D->valSize : 400
Solving...
currentSize : 9 <-- 0.002023 s
currentSize : 10 <-- 0.002052 s
currentSize : 11 <-- 0.002523 s
currentSize : 12 <-- 0.050683 s
currentSize : 13 <-- 0.076911 s
currentSize : 14 <-- 0.178707 s

maxsize : 14
nodes : 46064.000000
filtered : 863859.000000
time : 0.240751
