Parameters: GAD=1 vflib=1 dir=0 label=0 lowerbound=1 fileNameGp=../graphsdb/mcs50/bvg/b03m/mcs50_b03m_s30.A76 fileNameGt=../graphsdb/mcs50/bvg/b03m/mcs50_b03m_s30.B76
Reading graphs...
30 :  45
30 :  45
Initializing...
maxdom : 30
D->valSize : 900
Solving...
currentSize : 14 <-- 0.019734 s
currentSize : 15 <-- 0.022756 s
currentSize : 16 <-- 0.033653 s
currentSize : 17 <-- 0.034818 s
currentSize : 18 <-- 0.043499 s
currentSize : 19 <-- 0.286348 s
currentSize : 20 <-- 7.487887 s
currentSize : 21 <-- 285.841980 s

maxsize : 21
nodes : 19015542.000000
filtered : 350798459.000000
time : 354.128174
