Parameters: GAD=1 vflib=1 dir=0 label=0 lowerbound=1 fileNameGp=../graphsdb/mcs50/rand/r01/mcs50_r01_s25.A81 fileNameGt=../graphsdb/mcs50/rand/r01/mcs50_r01_s25.B81
Reading graphs...
25 :  55
25 :  57
Initializing...
maxdom : 25
D->valSize : 625
Solving...
currentSize : 11 <-- 0.008713 s
currentSize : 12 <-- 0.008771 s
currentSize : 13 <-- 0.021916 s
currentSize : 14 <-- 0.032228 s
currentSize : 15 <-- 0.126649 s
currentSize : 16 <-- 0.764625 s

maxsize : 16
nodes : 1173949.000000
filtered : 26781708.000000
time : 10.673416
