Parameters: GAD=1 vflib=1 dir=0 label=0 lowerbound=1 fileNameGp=../graphsdb/mcs50/rand/r005/mcs50_r005_s35.A49 fileNameGt=../graphsdb/mcs50/rand/r005/mcs50_r005_s35.B49
Reading graphs...
35 :  61
35 :  61
Initializing...
maxdom : 35
D->valSize : 1225
Solving...
currentSize : 15 <-- 0.036602 s
currentSize : 16 <-- 0.036805 s
currentSize : 17 <-- 0.037798 s
currentSize : 19 <-- 0.038939 s
currentSize : 20 <-- 0.690833 s
currentSize : 21 <-- 0.769166 s
currentSize : 22 <-- 4.005658 s
currentSize : 23 <-- 17.080276 s
currentSize : 24 <-- 47.305534 s
currentSize : 25 <-- 180.400635 s

maxsize : 25
nodes : 31616846.000000
filtered : 1196456844.000000
time : 884.738281
