Parameters: GAD=1 vflib=1 dir=0 label=0 lowerbound=1 fileNameGp=../graphsdb/mcs50/m2D/m2D/mcs50_m2D_s30.A63 fileNameGt=../graphsdb/mcs50/m2D/m2D/mcs50_m2D_s30.B63
Reading graphs...
30 :  49
30 :  49
Initializing...
maxdom : 30
D->valSize : 900
Solving...
currentSize : 13 <-- 0.011201 s
currentSize : 14 <-- 0.018255 s
currentSize : 15 <-- 0.032445 s
currentSize : 16 <-- 0.087940 s
currentSize : 17 <-- 3.728221 s
currentSize : 18 <-- 13.083959 s
currentSize : 19 <-- 19.273369 s
currentSize : 20 <-- 20.656967 s
currentSize : 21 <-- 209.646576 s

maxsize : 21
nodes : 16670493.000000
filtered : 376046278.000000
time : 302.465332
