Parameters: GAD=1 vflib=1 dir=0 label=0 lowerbound=1 fileNameGp=../graphsdb/mcs50/bvg/b03m/mcs50_b03m_s25.A47 fileNameGt=../graphsdb/mcs50/bvg/b03m/mcs50_b03m_s25.B47
Reading graphs...
25 :  36
25 :  37
Initializing...
maxdom : 25
D->valSize : 625
Solving...
currentSize : 12 <-- 0.005280 s
currentSize : 13 <-- 0.005350 s
currentSize : 15 <-- 0.005597 s
currentSize : 16 <-- 0.006054 s
currentSize : 17 <-- 0.007430 s
currentSize : 18 <-- 1.661825 s

maxsize : 18
nodes : 361864.000000
filtered : 7246993.000000
time : 5.816725
