Parameters: GAD=1 vflib=1 dir=0 label=0 lowerbound=1 fileNameGp=../graphsdb/mcs50/bvg/b09/mcs50_b09_s30.A03 fileNameGt=../graphsdb/mcs50/bvg/b09/mcs50_b09_s30.B03
Reading graphs...
30 :  131
30 :  132
Initializing...
maxdom : 30
D->valSize : 900
Solving...
currentSize : 10 <-- 0.009661 s
currentSize : 11 <-- 0.009716 s
currentSize : 12 <-- 0.010843 s
currentSize : 14 <-- 0.013776 s
currentSize : 15 <-- 1.909558 s
currentSize : 16 <-- 4.587541 s
currentSize : 17 <-- 11.126196 s

maxsize : 17
nodes : 8518625.000000
filtered : 214422261.000000
time : 58.318283
