Parameters: GAD=1 vflib=1 dir=0 label=0 lowerbound=1 fileNameGp=../graphsdb/mcs50/rand/r005/mcs50_r005_s20.A79 fileNameGt=../graphsdb/mcs50/rand/r005/mcs50_r005_s20.B79
Reading graphs...
20 :  24
20 :  24
Initializing...
maxdom : 20
D->valSize : 400
Solving...
currentSize : 8 <-- 0.003991 s
currentSize : 9 <-- 0.004049 s
currentSize : 10 <-- 0.004100 s
currentSize : 12 <-- 0.004222 s
currentSize : 13 <-- 0.008640 s
currentSize : 14 <-- 0.035262 s
currentSize : 15 <-- 0.331389 s

maxsize : 15
nodes : 31163.000000
filtered : 493574.000000
time : 0.594036
