Parameters: GAD=1 vflib=1 dir=0 label=0 lowerbound=1 fileNameGp=../graphsdb/mcs50/m2D/m2Dr6/mcs50_m2Dr6_s30.A74 fileNameGt=../graphsdb/mcs50/m2D/m2Dr6/mcs50_m2Dr6_s30.B74
Reading graphs...
30 :  66
30 :  65
Initializing...
maxdom : 30
D->valSize : 900
Solving...
currentSize : 12 <-- 0.018715 s
currentSize : 14 <-- 0.019510 s
currentSize : 15 <-- 0.033720 s
currentSize : 16 <-- 0.069103 s
currentSize : 17 <-- 1.632511 s
currentSize : 18 <-- 1.752845 s
currentSize : 19 <-- 6.421559 s

maxsize : 19
nodes : 21117751.000000
filtered : 595341103.000000
time : 268.696533
