Parameters: GAD=1 vflib=1 dir=0 label=0 lowerbound=1 fileNameGp=../graphsdb/mcs50/m4D/m4Dr6/mcs50_m4Dr6_s30.A78 fileNameGt=../graphsdb/mcs50/m4D/m4Dr6/mcs50_m4Dr6_s30.B78
Reading graphs...
30 :  71
30 :  69
Initializing...
maxdom : 30
D->valSize : 900
Solving...
currentSize : 12 <-- 0.010687 s
currentSize : 15 <-- 0.010721 s
currentSize : 16 <-- 0.011280 s
currentSize : 17 <-- 0.142220 s
currentSize : 18 <-- 0.170348 s
currentSize : 19 <-- 3.010078 s
currentSize : 20 <-- 6.328118 s

maxsize : 20
nodes : 4338335.000000
filtered : 146590037.000000
time : 60.281651
