Parameters: GAD=1 vflib=1 dir=0 label=0 lowerbound=1 fileNameGp=../graphsdb/mcs50/bvg/b03m/mcs50_b03m_s30.A36 fileNameGt=../graphsdb/mcs50/bvg/b03m/mcs50_b03m_s30.B36
Reading graphs...
30 :  45
30 :  44
Initializing...
maxdom : 30
D->valSize : 900
Solving...
currentSize : 11 <-- 0.011353 s
currentSize : 12 <-- 0.011374 s
currentSize : 13 <-- 0.011420 s
currentSize : 14 <-- 0.011541 s
currentSize : 15 <-- 0.011726 s
currentSize : 16 <-- 0.011732 s
currentSize : 17 <-- 0.029667 s
currentSize : 18 <-- 0.266315 s
currentSize : 19 <-- 1.832904 s
currentSize : 20 <-- 5.341814 s
currentSize : 21 <-- 6.536687 s

maxsize : 21
nodes : 7655350.000000
filtered : 187237112.000000
time : 159.544830
