Parameters: GAD=1 vflib=1 dir=0 label=0 lowerbound=1 fileNameGp=../graphsdb/mcs50/bvg/b03/mcs50_b03_s20.A60 fileNameGt=../graphsdb/mcs50/bvg/b03/mcs50_b03_s20.B60
Reading graphs...
20 :  30
20 :  30
Initializing...
maxdom : 20
D->valSize : 400
Solving...
currentSize : 9 <-- 0.002422 s
currentSize : 10 <-- 0.002447 s
currentSize : 11 <-- 0.002453 s
currentSize : 12 <-- 0.002458 s
currentSize : 13 <-- 0.002842 s
currentSize : 14 <-- 0.026765 s
currentSize : 15 <-- 0.155811 s

maxsize : 15
nodes : 33577.000000
filtered : 660784.000000
time : 0.330395
