Parameters: GAD=1 vflib=1 dir=0 label=0 lowerbound=1 fileNameGp=../graphsdb/mcs50/bvg/b09m/mcs50_b09m_s30.A73 fileNameGt=../graphsdb/mcs50/bvg/b09m/mcs50_b09m_s30.B73
Reading graphs...
30 :  127
30 :  123
Initializing...
maxdom : 30
D->valSize : 900
Solving...
currentSize : 10 <-- 0.009607 s
currentSize : 11 <-- 0.009760 s
currentSize : 12 <-- 0.009869 s
currentSize : 13 <-- 0.037142 s
currentSize : 14 <-- 0.039843 s
currentSize : 15 <-- 2.760998 s
currentSize : 16 <-- 4.002915 s

maxsize : 16
nodes : 22763024.000000
filtered : 490770817.000000
time : 156.004074
