Parameters: GAD=1 vflib=1 dir=0 label=0 lowerbound=1 fileNameGp=../graphsdb/mcs50/m4D/m4D/mcs50_m4D_s30.A09 fileNameGt=../graphsdb/mcs50/m4D/m4D/mcs50_m4D_s30.B09
Reading graphs...
30 :  55
30 :  55
Initializing...
maxdom : 30
D->valSize : 900
Solving...
currentSize : 8 <-- 0.010997 s
currentSize : 9 <-- 0.011102 s
currentSize : 12 <-- 0.011784 s
currentSize : 13 <-- 0.012096 s
currentSize : 14 <-- 0.012593 s
currentSize : 15 <-- 0.012878 s
currentSize : 16 <-- 0.093627 s
currentSize : 17 <-- 0.100332 s
currentSize : 18 <-- 0.182414 s
currentSize : 19 <-- 0.510486 s
currentSize : 20 <-- 0.511976 s
currentSize : 21 <-- 13.566306 s

maxsize : 21
nodes : 2814457.000000
filtered : 89060340.000000
time : 58.313171
