Parameters: GAD=1 vflib=1 dir=0 label=0 lowerbound=1 fileNameGp=../graphsdb/mcs50/bvg/b09/mcs50_b09_s30.A08 fileNameGt=../graphsdb/mcs50/bvg/b09/mcs50_b09_s30.B08
Reading graphs...
30 :  133
30 :  129
Initializing...
maxdom : 30
D->valSize : 900
Solving...
currentSize : 8 <-- 0.009710 s
currentSize : 9 <-- 0.009733 s
currentSize : 10 <-- 0.009827 s
currentSize : 11 <-- 0.009890 s
currentSize : 12 <-- 0.009899 s
currentSize : 14 <-- 0.009947 s
currentSize : 15 <-- 0.294507 s
currentSize : 16 <-- 0.336690 s
currentSize : 17 <-- 2.056732 s

maxsize : 17
nodes : 8143533.000000
filtered : 211115702.000000
time : 56.410000
