Parameters: GAD=1 vflib=1 dir=0 label=0 lowerbound=1 fileNameGp=../graphsdb/mcs50/bvg/b09m/mcs50_b09m_s25.A19 fileNameGt=../graphsdb/mcs50/bvg/b09m/mcs50_b09m_s25.B19
Reading graphs...
25 :  104
25 :  101
Initializing...
maxdom : 25
D->valSize : 625
Solving...
currentSize : 9 <-- 0.007739 s
currentSize : 10 <-- 0.007847 s
currentSize : 11 <-- 0.008182 s
currentSize : 12 <-- 0.016270 s
currentSize : 13 <-- 0.028427 s
currentSize : 14 <-- 2.226037 s

maxsize : 14
nodes : 1888335.000000
filtered : 34337092.000000
time : 9.918479
