Parameters: GAD=1 vflib=1 dir=0 label=0 lowerbound=1 fileNameGp=../graphsdb/mcs50/rand/r02/mcs50_r02_s20.A56 fileNameGt=../graphsdb/mcs50/rand/r02/mcs50_r02_s20.B56
Reading graphs...
20 :  68
20 :  70
Initializing...
maxdom : 20
D->valSize : 400
Solving...
currentSize : 7 <-- 0.002109 s
currentSize : 8 <-- 0.002175 s
currentSize : 9 <-- 0.002200 s
currentSize : 10 <-- 0.002375 s
currentSize : 11 <-- 0.004208 s
currentSize : 12 <-- 0.784308 s

maxsize : 12
nodes : 223022.000000
filtered : 3028056.000000
time : 1.002822
