Parameters: GAD=1 vflib=1 dir=0 label=0 lowerbound=1 fileNameGp=../graphsdb/mcs50/rand/r005/mcs50_r005_s35.A86 fileNameGt=../graphsdb/mcs50/rand/r005/mcs50_r005_s35.B86
Reading graphs...
35 :  62
35 :  62
Initializing...
maxdom : 35
D->valSize : 1225
Solving...
currentSize : 16 <-- 0.020853 s
currentSize : 17 <-- 0.021306 s
currentSize : 18 <-- 0.021941 s
currentSize : 19 <-- 0.023671 s
currentSize : 20 <-- 0.024642 s
currentSize : 21 <-- 0.056749 s
currentSize : 22 <-- 9.204632 s
currentSize : 23 <-- 36.610893 s
currentSize : 24 <-- 218.391251 s

maxsize : 24
nodes : 118934174.000000
filtered : 4094901147.000000
time : 2658.086914
