Parameters: GAD=1 vflib=1 dir=0 label=0 lowerbound=1 fileNameGp=../graphsdb/mcs50/rand/r005/mcs50_r005_s35.A25 fileNameGt=../graphsdb/mcs50/rand/r005/mcs50_r005_s35.B25
Reading graphs...
35 :  61
35 :  60
Initializing...
maxdom : 35
D->valSize : 1225
Solving...
currentSize : 19 <-- 0.020808 s
currentSize : 20 <-- 0.021281 s
currentSize : 21 <-- 0.039637 s
currentSize : 22 <-- 0.305855 s
currentSize : 23 <-- 0.430705 s
currentSize : 24 <-- 167.738922 s
currentSize : 25 <-- 1354.757690 s

maxsize : 25
nodes : 111551882.000000
filtered : 3708089417.000000
time : 2374.805420
