Parameters: GAD=1 vflib=1 dir=0 label=0 lowerbound=1 fileNameGp=../graphsdb/mcs50/rand/r005/mcs50_r005_s30.A73 fileNameGt=../graphsdb/mcs50/rand/r005/mcs50_r005_s30.B73
Reading graphs...
30 :  46
30 :  47
Initializing...
maxdom : 30
D->valSize : 900
Solving...
currentSize : 15 <-- 0.019639 s
currentSize : 16 <-- 0.023306 s
currentSize : 17 <-- 0.023323 s
currentSize : 18 <-- 0.068316 s
currentSize : 19 <-- 1.248789 s
currentSize : 20 <-- 8.309098 s
currentSize : 21 <-- 24.422865 s

maxsize : 21
nodes : 12588330.000000
filtered : 319967510.000000
time : 235.855499
