Parameters: GAD=1 vflib=1 dir=0 label=0 lowerbound=1 fileNameGp=../graphsdb/mcs50/bvg/b09/mcs50_b09_s30.A35 fileNameGt=../graphsdb/mcs50/bvg/b09/mcs50_b09_s30.B35
Reading graphs...
30 :  132
30 :  132
Initializing...
maxdom : 30
D->valSize : 900
Solving...
currentSize : 10 <-- 0.009539 s
currentSize : 11 <-- 0.009570 s
currentSize : 12 <-- 0.009709 s
currentSize : 13 <-- 0.014631 s
currentSize : 14 <-- 0.040181 s
currentSize : 15 <-- 0.102336 s
currentSize : 16 <-- 0.980832 s
currentSize : 17 <-- 62.342804 s

maxsize : 17
nodes : 15562230.000000
filtered : 371326500.000000
time : 97.487907
