Parameters: GAD=1 vflib=1 dir=0 label=0 lowerbound=1 fileNameGp=../graphsdb/mcs50/bvg/b03/mcs50_b03_s25.A91 fileNameGt=../graphsdb/mcs50/bvg/b03/mcs50_b03_s25.B91
Reading graphs...
25 :  37
25 :  37
Initializing...
maxdom : 25
D->valSize : 625
Solving...
currentSize : 11 <-- 0.005237 s
currentSize : 12 <-- 0.005259 s
currentSize : 14 <-- 0.008658 s
currentSize : 15 <-- 0.585146 s
currentSize : 16 <-- 0.800171 s
currentSize : 17 <-- 11.201369 s

maxsize : 17
nodes : 2830176.000000
filtered : 46126768.000000
time : 33.415504
