Parameters: GAD=1 vflib=1 dir=0 label=0 lowerbound=1 fileNameGp=../graphsdb/mcs50/m4D/m4Dr4/mcs50_m4Dr4_s30.A21 fileNameGt=../graphsdb/mcs50/m4D/m4Dr4/mcs50_m4Dr4_s30.B21
Reading graphs...
30 :  66
30 :  65
Initializing...
maxdom : 30
D->valSize : 900
Solving...
currentSize : 10 <-- 0.018237 s
currentSize : 11 <-- 0.018268 s
currentSize : 13 <-- 0.018653 s
currentSize : 14 <-- 0.019349 s
currentSize : 15 <-- 0.025618 s
currentSize : 16 <-- 0.028272 s
currentSize : 17 <-- 0.247634 s
currentSize : 18 <-- 0.247716 s
currentSize : 19 <-- 3.663744 s
currentSize : 20 <-- 27.844257 s

maxsize : 20
nodes : 6448846.000000
filtered : 191422825.000000
time : 91.048538
