Parameters: GAD=1 vflib=1 dir=0 label=0 lowerbound=1 fileNameGp=../graphsdb/mcs50/bvg/b03/mcs50_b03_s30.A36 fileNameGt=../graphsdb/mcs50/bvg/b03/mcs50_b03_s30.B36
Reading graphs...
30 :  45
30 :  44
Initializing...
maxdom : 30
D->valSize : 900
Solving...
currentSize : 13 <-- 0.011263 s
currentSize : 14 <-- 0.011330 s
currentSize : 15 <-- 0.011658 s
currentSize : 16 <-- 0.030287 s
currentSize : 17 <-- 0.044947 s
currentSize : 18 <-- 0.750172 s
currentSize : 19 <-- 1.736599 s
currentSize : 20 <-- 6.955819 s
currentSize : 21 <-- 20.811480 s
currentSize : 22 <-- 28.297264 s

maxsize : 22
nodes : 4689036.000000
filtered : 116870347.000000
time : 90.501831
