Parameters: GAD=1 vflib=1 dir=0 label=0 lowerbound=1 fileNameGp=../graphsdb/mcs50/m4D/m4Dr6/mcs50_m4Dr6_s35.A08 fileNameGt=../graphsdb/mcs50/m4D/m4Dr6/mcs50_m4Dr6_s35.B08
Reading graphs...
35 :  83
35 :  81
Initializing...
maxdom : 35
D->valSize : 1225
Solving...
currentSize : 14 <-- 0.035043 s
currentSize : 15 <-- 0.035066 s
currentSize : 16 <-- 0.035210 s
currentSize : 17 <-- 0.166313 s
currentSize : 18 <-- 7.942227 s
currentSize : 19 <-- 14.009675 s
currentSize : 20 <-- 107.265648 s
currentSize : 21 <-- 182.453369 s
currentSize : 22 <-- 732.616577 s

maxsize : 22
nodes : 133892934.000000
filtered : 4124013670.000000
time : 2425.809326
