Parameters: GAD=1 vflib=1 dir=0 label=0 lowerbound=1 fileNameGp=../graphsdb/mcs50/m2D/m2D/mcs50_m2D_s30.A61 fileNameGt=../graphsdb/mcs50/m2D/m2D/mcs50_m2D_s30.B61
Reading graphs...
30 :  49
30 :  49
Initializing...
maxdom : 30
D->valSize : 900
Solving...
currentSize : 14 <-- 0.011067 s
currentSize : 16 <-- 0.011115 s
currentSize : 17 <-- 0.012334 s
currentSize : 18 <-- 0.014179 s
currentSize : 19 <-- 0.044956 s
currentSize : 20 <-- 6.227381 s
currentSize : 21 <-- 6.558866 s
currentSize : 22 <-- 159.489990 s

maxsize : 22
nodes : 7658746.000000
filtered : 231391361.000000
time : 177.614197
