Parameters: GAD=1 vflib=1 dir=0 label=0 lowerbound=1 fileNameGp=../graphsdb/mcs50/rand/r02/mcs50_r02_s30.A49 fileNameGt=../graphsdb/mcs50/rand/r02/mcs50_r02_s30.B49
Reading graphs...
30 :  154
30 :  156
Initializing...
maxdom : 30
D->valSize : 900
Solving...
currentSize : 9 <-- 0.009548 s
currentSize : 10 <-- 0.009596 s
currentSize : 11 <-- 0.009689 s
currentSize : 12 <-- 0.009983 s
currentSize : 13 <-- 0.011272 s
currentSize : 14 <-- 1.600400 s
currentSize : 15 <-- 58.047241 s

maxsize : 15
nodes : 54167940.000000
filtered : 876064723.000000
time : 274.913055
