Parameters: GAD=1 vflib=1 dir=0 label=0 lowerbound=1 fileNameGp=../graphsdb/mcs50/rand/r01/mcs50_r01_s30.A30 fileNameGt=../graphsdb/mcs50/rand/r01/mcs50_r01_s30.B30
Reading graphs...
30 :  84
30 :  82
Initializing...
maxdom : 30
D->valSize : 900
Solving...
currentSize : 13 <-- 0.010335 s
currentSize : 14 <-- 0.011533 s
currentSize : 15 <-- 0.012414 s
currentSize : 16 <-- 0.069115 s
currentSize : 17 <-- 0.236287 s
currentSize : 18 <-- 15.167870 s

maxsize : 18
nodes : 33307072.000000
filtered : 810549820.000000
time : 309.381989
