Parameters: GAD=1 vflib=1 dir=0 label=0 lowerbound=1 fileNameGp=../graphsdb/mcs50/rand/r005/mcs50_r005_s30.A27 fileNameGt=../graphsdb/mcs50/rand/r005/mcs50_r005_s30.B27
Reading graphs...
30 :  47
30 :  47
Initializing...
maxdom : 30
D->valSize : 900
Solving...
currentSize : 9 <-- 0.011574 s
currentSize : 10 <-- 0.011679 s
currentSize : 11 <-- 0.011892 s
currentSize : 14 <-- 0.012273 s
currentSize : 15 <-- 0.012325 s
currentSize : 16 <-- 0.039471 s
currentSize : 17 <-- 0.183220 s
currentSize : 18 <-- 0.471058 s
currentSize : 19 <-- 10.506530 s
currentSize : 20 <-- 15.055067 s
currentSize : 21 <-- 15.055320 s

maxsize : 21
nodes : 7051287.000000
filtered : 192158390.000000
time : 151.887894
