Parameters: GAD=1 vflib=1 dir=0 label=0 lowerbound=1 fileNameGp=../graphsdb/mcs50/bvg/b09m/mcs50_b09m_s35.A50 fileNameGt=../graphsdb/mcs50/bvg/b09m/mcs50_b09m_s35.B50
Reading graphs...
35 :  148
35 :  148
Initializing...
maxdom : 35
D->valSize : 1225
Solving...
currentSize : 12 <-- 0.018954 s
currentSize : 13 <-- 0.019066 s
currentSize : 14 <-- 0.019409 s
currentSize : 15 <-- 0.020403 s
currentSize : 16 <-- 0.049313 s
currentSize : 17 <-- 3.749080 s
currentSize : 18 <-- 65.141220 s

maxsize : 18
nodes : 409773293.000000
filtered : 10029339926.000000
time : 3120.376221
