Parameters: GAD=1 vflib=1 dir=0 label=0 lowerbound=1 fileNameGp=../graphsdb/mcs50/m4D/m4D/mcs50_m4D_s30.A33 fileNameGt=../graphsdb/mcs50/m4D/m4D/mcs50_m4D_s30.B33
Reading graphs...
30 :  55
30 :  55
Initializing...
maxdom : 30
D->valSize : 900
Solving...
currentSize : 7 <-- 0.010680 s
currentSize : 15 <-- 0.010746 s
currentSize : 16 <-- 0.011277 s
currentSize : 17 <-- 0.014721 s
currentSize : 18 <-- 0.017720 s
currentSize : 19 <-- 0.514636 s
currentSize : 20 <-- 0.514657 s
currentSize : 21 <-- 4.832580 s

maxsize : 21
nodes : 2369452.000000
filtered : 75043428.000000
time : 66.608635
