Parameters: GAD=1 vflib=1 dir=0 label=0 lowerbound=1 fileNameGp=../graphsdb/mcs50/bvg/b09m/mcs50_b09m_s35.A40 fileNameGt=../graphsdb/mcs50/bvg/b09m/mcs50_b09m_s35.B40
Reading graphs...
35 :  150
35 :  147
Initializing...
maxdom : 35
D->valSize : 1225
Solving...
currentSize : 11 <-- 0.018479 s
currentSize : 12 <-- 0.018529 s
currentSize : 14 <-- 0.018772 s
currentSize : 15 <-- 0.018819 s
currentSize : 16 <-- 0.055961 s
currentSize : 17 <-- 0.458871 s
currentSize : 18 <-- 55.708633 s

TIMEOUT
maxsize : 18
nodes : 489914115.000000
filtered : 12160882777.000000
time : 3600.000244
