Parameters: GAD=1 vflib=1 dir=0 label=0 lowerbound=1 fileNameGp=../graphsdb/mcs50/m4D/m4Dr6/mcs50_m4Dr6_s35.A53 fileNameGt=../graphsdb/mcs50/m4D/m4Dr6/mcs50_m4Dr6_s35.B53
Reading graphs...
35 :  80
35 :  81
Initializing...
maxdom : 35
D->valSize : 1225
Solving...
currentSize : 18 <-- 0.019977 s
currentSize : 19 <-- 0.677523 s
currentSize : 20 <-- 8.608631 s
currentSize : 21 <-- 52.515060 s
currentSize : 22 <-- 119.868347 s
currentSize : 23 <-- 227.651184 s

maxsize : 23
nodes : 70839703.000000
filtered : 2448963166.000000
time : 1466.586670
