Parameters: GAD=1 vflib=1 dir=0 label=0 lowerbound=1 fileNameGp=../graphsdb/mcs50/bvg/b03/mcs50_b03_s35.A81 fileNameGt=../graphsdb/mcs50/bvg/b03/mcs50_b03_s35.B81
Reading graphs...
35 :  52
35 :  52
Initializing...
maxdom : 35
D->valSize : 1225
Solving...
currentSize : 21 <-- 0.037056 s
currentSize : 22 <-- 0.037778 s
currentSize : 23 <-- 211.723618 s
currentSize : 24 <-- 242.785339 s
currentSize : 25 <-- 1854.020752 s
currentSize : 26 <-- 2056.451904 s

maxsize : 26
nodes : 99261298.000000
filtered : 2720386118.000000
time : 2736.326416
