Parameters: GAD=1 vflib=1 dir=0 label=0 lowerbound=1 fileNameGp=../graphsdb/mcs50/m4D/m4Dr4/mcs50_m4Dr4_s35.A87 fileNameGt=../graphsdb/mcs50/m4D/m4Dr4/mcs50_m4Dr4_s35.B87
Reading graphs...
35 :  76
35 :  76
Initializing...
maxdom : 35
D->valSize : 1225
Solving...
currentSize : 16 <-- 0.034765 s
currentSize : 17 <-- 0.035042 s
currentSize : 18 <-- 0.045253 s
currentSize : 19 <-- 0.056315 s
currentSize : 20 <-- 0.075495 s
currentSize : 21 <-- 2.963911 s
currentSize : 22 <-- 13.180827 s
currentSize : 23 <-- 214.517654 s

maxsize : 23
nodes : 105718159.000000
filtered : 3661877596.000000
time : 2140.936523
