Parameters: GAD=1 vflib=1 dir=0 label=0 lowerbound=1 fileNameGp=../graphsdb/mcs50/rand/r02/mcs50_r02_s30.A76 fileNameGt=../graphsdb/mcs50/rand/r02/mcs50_r02_s30.B76
Reading graphs...
30 :  160
30 :  158
Initializing...
maxdom : 30
D->valSize : 900
Solving...
currentSize : 11 <-- 0.009762 s
currentSize : 12 <-- 0.010802 s
currentSize : 13 <-- 0.018714 s
currentSize : 14 <-- 0.491865 s
currentSize : 15 <-- 313.562500 s
currentSize : 16 <-- 313.562622 s

maxsize : 16
nodes : 76424547.000000
filtered : 1030096432.000000
time : 365.561401
