Parameters: GAD=1 vflib=1 dir=0 label=0 lowerbound=1 fileNameGp=../graphsdb/mcs50/bvg/b06/mcs50_b06_s25.A66 fileNameGt=../graphsdb/mcs50/bvg/b06/mcs50_b06_s25.B66
Reading graphs...
25 :  74
25 :  74
Initializing...
maxdom : 25
D->valSize : 625
Solving...
currentSize : 11 <-- 0.004814 s
currentSize : 12 <-- 0.004833 s
currentSize : 13 <-- 0.005042 s
currentSize : 14 <-- 0.038528 s
currentSize : 15 <-- 0.043326 s
currentSize : 17 <-- 1.215567 s

maxsize : 17
nodes : 298931.000000
filtered : 7757801.000000
time : 2.445324
