Parameters: GAD=1 vflib=1 dir=0 label=0 lowerbound=1 fileNameGp=../graphsdb/mcs50/m4D/m4Dr6/mcs50_m4Dr6_s30.A80 fileNameGt=../graphsdb/mcs50/m4D/m4Dr6/mcs50_m4Dr6_s30.B80
Reading graphs...
30 :  72
30 :  69
Initializing...
maxdom : 30
D->valSize : 900
Solving...
currentSize : 13 <-- 0.010568 s
currentSize : 14 <-- 0.010595 s
currentSize : 15 <-- 0.016130 s
currentSize : 16 <-- 0.142931 s
currentSize : 17 <-- 1.206423 s
currentSize : 18 <-- 9.572417 s
currentSize : 19 <-- 9.977550 s
currentSize : 20 <-- 38.329609 s

maxsize : 20
nodes : 6420943.000000
filtered : 182155374.000000
time : 93.817131
