Parameters: GAD=1 vflib=1 dir=0 label=0 lowerbound=1 fileNameGp=../graphsdb/mcs50/bvg/b09/mcs50_b09_s30.A07 fileNameGt=../graphsdb/mcs50/bvg/b09/mcs50_b09_s30.B07
Reading graphs...
30 :  129
30 :  131
Initializing...
maxdom : 30
D->valSize : 900
Solving...
currentSize : 9 <-- 0.009618 s
currentSize : 10 <-- 0.009712 s
currentSize : 11 <-- 0.011304 s
currentSize : 12 <-- 0.011522 s
currentSize : 13 <-- 0.033065 s
currentSize : 14 <-- 0.044027 s
currentSize : 15 <-- 0.620876 s
currentSize : 16 <-- 1.361265 s

maxsize : 16
nodes : 17449297.000000
filtered : 380541703.000000
time : 111.215881
