Parameters: GAD=1 vflib=1 dir=0 label=0 lowerbound=1 fileNameGp=../graphsdb/mcs50/bvg/b06/mcs50_b06_s25.A54 fileNameGt=../graphsdb/mcs50/bvg/b06/mcs50_b06_s25.B54
Reading graphs...
25 :  74
25 :  73
Initializing...
maxdom : 25
D->valSize : 625
Solving...
currentSize : 10 <-- 0.004851 s
currentSize : 11 <-- 0.005043 s
currentSize : 12 <-- 0.005319 s
currentSize : 13 <-- 0.008211 s
currentSize : 14 <-- 0.026609 s
currentSize : 15 <-- 0.696873 s
currentSize : 16 <-- 1.738080 s

maxsize : 16
nodes : 707783.000000
filtered : 17076284.000000
time : 5.343646
