Parameters: GAD=1 vflib=1 dir=0 label=0 lowerbound=1 fileNameGp=../graphsdb/mcs50/bvg/b06m/mcs50_b06m_s35.A99 fileNameGt=../graphsdb/mcs50/bvg/b06m/mcs50_b06m_s35.B99
Reading graphs...
35 :  102
35 :  104
Initializing...
maxdom : 35
D->valSize : 1225
Solving...
currentSize : 15 <-- 0.019171 s
currentSize : 16 <-- 0.019191 s
currentSize : 17 <-- 0.019766 s
currentSize : 18 <-- 0.021612 s
currentSize : 19 <-- 0.584745 s
currentSize : 20 <-- 1.977527 s
currentSize : 21 <-- 5.485663 s

maxsize : 21
nodes : 192704675.000000
filtered : 6275777774.000000
time : 2481.213379
