Parameters: GAD=1 vflib=1 dir=0 label=0 lowerbound=1 fileNameGp=../graphsdb/mcs50/m4D/m4Dr4/mcs50_m4Dr4_s35.A53 fileNameGt=../graphsdb/mcs50/m4D/m4Dr4/mcs50_m4Dr4_s35.B53
Reading graphs...
35 :  75
35 :  74
Initializing...
maxdom : 35
D->valSize : 1225
Solving...
currentSize : 14 <-- 0.035429 s
currentSize : 15 <-- 0.035517 s
currentSize : 16 <-- 0.037809 s
currentSize : 17 <-- 0.112728 s
currentSize : 18 <-- 1.811898 s
currentSize : 19 <-- 1.817251 s
currentSize : 20 <-- 1.833171 s
currentSize : 21 <-- 1.840635 s
currentSize : 22 <-- 1.872124 s
currentSize : 23 <-- 100.646851 s

maxsize : 23
nodes : 136238041.000000
filtered : 4780419331.000000
time : 3146.435059
