Parameters: GAD=1 vflib=1 dir=0 label=0 lowerbound=1 fileNameGp=../graphsdb/mcs50/bvg/b09/mcs50_b09_s30.A52 fileNameGt=../graphsdb/mcs50/bvg/b09/mcs50_b09_s30.B52
Reading graphs...
30 :  129
30 :  129
Initializing...
maxdom : 30
D->valSize : 900
Solving...
currentSize : 10 <-- 0.009834 s
currentSize : 11 <-- 0.009905 s
currentSize : 12 <-- 0.010078 s
currentSize : 13 <-- 0.010248 s
currentSize : 14 <-- 0.028218 s
currentSize : 15 <-- 0.413159 s
currentSize : 16 <-- 1.016941 s
currentSize : 17 <-- 11.525548 s
currentSize : 18 <-- 11.617938 s

maxsize : 18
nodes : 5970098.000000
filtered : 159064425.000000
time : 41.137463
