Parameters: GAD=1 vflib=1 dir=0 label=0 lowerbound=1 fileNameGp=../graphsdb/mcs50/m4D/m4Dr6/mcs50_m4Dr6_s35.A16 fileNameGt=../graphsdb/mcs50/m4D/m4Dr6/mcs50_m4Dr6_s35.B16
Reading graphs...
35 :  76
35 :  80
Initializing...
maxdom : 35
D->valSize : 1225
Solving...
currentSize : 14 <-- 0.020206 s
currentSize : 15 <-- 0.020239 s
currentSize : 16 <-- 0.020260 s
currentSize : 17 <-- 0.021011 s
currentSize : 18 <-- 0.033250 s
currentSize : 19 <-- 0.049959 s
currentSize : 20 <-- 0.393861 s
currentSize : 21 <-- 14.700312 s
currentSize : 22 <-- 31.437037 s
currentSize : 23 <-- 138.322449 s

maxsize : 23
nodes : 98792222.000000
filtered : 3597129853.000000
time : 2188.087891
