Parameters: GAD=1 vflib=1 dir=0 label=0 lowerbound=1 fileNameGp=../graphsdb/mcs50/bvg/b03/mcs50_b03_s25.A01 fileNameGt=../graphsdb/mcs50/bvg/b03/mcs50_b03_s25.B01
Reading graphs...
25 :  37
25 :  36
Initializing...
maxdom : 25
D->valSize : 625
Solving...
currentSize : 9 <-- 0.009164 s
currentSize : 13 <-- 0.009293 s
currentSize : 14 <-- 0.010885 s
currentSize : 15 <-- 0.129033 s
currentSize : 16 <-- 0.130914 s
currentSize : 17 <-- 0.361298 s
currentSize : 18 <-- 0.984981 s
currentSize : 19 <-- 2.069943 s

maxsize : 19
nodes : 279186.000000
filtered : 6420238.000000
time : 4.298273
