Parameters: GAD=1 vflib=1 dir=0 label=0 lowerbound=1 fileNameGp=../graphsdb/mcs50/bvg/b06m/mcs50_b06m_s35.A70 fileNameGt=../graphsdb/mcs50/bvg/b06m/mcs50_b06m_s35.B70
Reading graphs...
35 :  103
35 :  102
Initializing...
maxdom : 35
D->valSize : 1225
Solving...
currentSize : 13 <-- 0.033773 s
currentSize : 15 <-- 0.033856 s
currentSize : 16 <-- 0.105819 s
currentSize : 17 <-- 0.110761 s
currentSize : 18 <-- 0.138154 s
currentSize : 19 <-- 0.990330 s
currentSize : 20 <-- 0.990530 s
currentSize : 21 <-- 83.636368 s
currentSize : 22 <-- 252.045975 s

maxsize : 22
nodes : 65481879.000000
filtered : 2479215950.000000
time : 912.293701
