Parameters: GAD=1 vflib=1 dir=0 label=0 lowerbound=1 fileNameGp=../graphsdb/mcs50/m4D/m4Dr6/mcs50_m4Dr6_s35.A61 fileNameGt=../graphsdb/mcs50/m4D/m4Dr6/mcs50_m4Dr6_s35.B61
Reading graphs...
35 :  84
35 :  83
Initializing...
maxdom : 35
D->valSize : 1225
Solving...
currentSize : 15 <-- 0.019689 s
currentSize : 17 <-- 0.019719 s
currentSize : 18 <-- 0.115772 s
currentSize : 19 <-- 0.589553 s
currentSize : 20 <-- 5.467971 s
currentSize : 21 <-- 77.210007 s
currentSize : 22 <-- 184.575806 s

TIMEOUT
maxsize : 22
nodes : 227756669.000000
filtered : 6766489453.000000
time : 3600.000000
