Parameters: GAD=1 vflib=1 dir=0 label=0 lowerbound=1 fileNameGp=../graphsdb/mcs50/bvg/b06/mcs50_b06_s30.A76 fileNameGt=../graphsdb/mcs50/bvg/b06/mcs50_b06_s30.B76
Reading graphs...
30 :  87
30 :  88
Initializing...
maxdom : 30
D->valSize : 900
Solving...
currentSize : 12 <-- 0.010215 s
currentSize : 13 <-- 0.010238 s
currentSize : 14 <-- 0.010251 s
currentSize : 15 <-- 0.011915 s
currentSize : 16 <-- 0.022686 s
currentSize : 17 <-- 0.420789 s
currentSize : 18 <-- 10.649982 s
currentSize : 19 <-- 18.695972 s

maxsize : 19
nodes : 8799758.000000
filtered : 261078596.000000
time : 92.114876
