Parameters: GAD=1 vflib=1 dir=0 label=0 lowerbound=1 fileNameGp=../graphsdb/mcs50/rand/r005/mcs50_r005_s20.A39 fileNameGt=../graphsdb/mcs50/rand/r005/mcs50_r005_s20.B39
Reading graphs...
20 :  24
20 :  24
Initializing...
maxdom : 20
D->valSize : 400
Solving...
currentSize : 5 <-- 0.002267 s
currentSize : 8 <-- 0.002294 s
currentSize : 10 <-- 0.002310 s
currentSize : 11 <-- 0.003365 s
currentSize : 12 <-- 0.007580 s
currentSize : 13 <-- 0.041580 s
currentSize : 14 <-- 0.149177 s

maxsize : 14
nodes : 48425.000000
filtered : 662168.000000
time : 0.343083
