Parameters: GAD=1 vflib=1 dir=0 label=0 lowerbound=1 fileNameGp=../graphsdb/mcs50/m2D/m2Dr2/mcs50_m2Dr2_s30.A29 fileNameGt=../graphsdb/mcs50/m2D/m2Dr2/mcs50_m2Dr2_s30.B29
Reading graphs...
30 :  52
30 :  53
Initializing...
maxdom : 30
D->valSize : 900
Solving...
currentSize : 13 <-- 0.019329 s
currentSize : 15 <-- 0.019385 s
currentSize : 16 <-- 0.019425 s
currentSize : 17 <-- 0.035919 s
currentSize : 18 <-- 0.397872 s
currentSize : 19 <-- 1.081075 s
currentSize : 20 <-- 4.557277 s
currentSize : 21 <-- 46.832348 s

maxsize : 21
nodes : 5472721.000000
filtered : 160216113.000000
time : 122.572624
