Parameters: GAD=1 vflib=1 dir=0 label=0 lowerbound=1 fileNameGp=../graphsdb/mcs50/bvg/b09m/mcs50_b09m_s25.A03 fileNameGt=../graphsdb/mcs50/bvg/b09m/mcs50_b09m_s25.B03
Reading graphs...
25 :  102
25 :  102
Initializing...
maxdom : 25
D->valSize : 625
Solving...
currentSize : 8 <-- 0.007801 s
currentSize : 9 <-- 0.007895 s
currentSize : 10 <-- 0.008075 s
currentSize : 11 <-- 0.008338 s
currentSize : 12 <-- 0.008452 s
currentSize : 13 <-- 0.011631 s
currentSize : 14 <-- 0.127974 s

maxsize : 14
nodes : 1678367.000000
filtered : 30017548.000000
time : 9.149954
