Parameters: GAD=1 vflib=1 dir=0 label=0 lowerbound=1 fileNameGp=../graphsdb/mcs50/bvg/b03/mcs50_b03_s25.A53 fileNameGt=../graphsdb/mcs50/bvg/b03/mcs50_b03_s25.B53
Reading graphs...
25 :  37
25 :  37
Initializing...
maxdom : 25
D->valSize : 625
Solving...
currentSize : 11 <-- 0.009244 s
currentSize : 12 <-- 0.009270 s
currentSize : 15 <-- 0.009325 s
currentSize : 16 <-- 0.106100 s
currentSize : 17 <-- 0.298581 s
currentSize : 18 <-- 0.791378 s

maxsize : 18
nodes : 455159.000000
filtered : 9725385.000000
time : 6.605511
