Parameters: GAD=1 vflib=1 dir=0 label=0 lowerbound=1 fileNameGp=../graphsdb/mcs50/bvg/b06/mcs50_b06_s35.A17 fileNameGt=../graphsdb/mcs50/bvg/b06/mcs50_b06_s35.B17
Reading graphs...
35 :  102
35 :  104
Initializing...
maxdom : 35
D->valSize : 1225
Solving...
currentSize : 13 <-- 0.019208 s
currentSize : 14 <-- 0.019232 s
currentSize : 15 <-- 0.035189 s
currentSize : 16 <-- 0.035931 s
currentSize : 17 <-- 0.059587 s
currentSize : 18 <-- 0.059624 s
currentSize : 19 <-- 0.196100 s
currentSize : 20 <-- 1.176292 s
currentSize : 21 <-- 80.092567 s
currentSize : 22 <-- 198.936859 s

maxsize : 22
nodes : 65383607.000000
filtered : 2517813568.000000
time : 1030.906006
