Parameters: GAD=1 vflib=1 dir=0 label=0 lowerbound=1 fileNameGp=../graphsdb/mcs50/rand/r01/mcs50_r01_s30.A22 fileNameGt=../graphsdb/mcs50/rand/r01/mcs50_r01_s30.B22
Reading graphs...
30 :  84
30 :  82
Initializing...
maxdom : 30
D->valSize : 900
Solving...
currentSize : 12 <-- 0.010277 s
currentSize : 13 <-- 0.010297 s
currentSize : 14 <-- 0.011419 s
currentSize : 15 <-- 0.012234 s
currentSize : 16 <-- 0.032185 s
currentSize : 17 <-- 3.233464 s
currentSize : 18 <-- 3.233559 s

maxsize : 18
nodes : 38515308.000000
filtered : 892588098.000000
time : 296.830292
