Parameters: GAD=1 vflib=1 dir=0 label=0 lowerbound=1 fileNameGp=../graphsdb/mcs50/bvg/b09/mcs50_b09_s35.A39 fileNameGt=../graphsdb/mcs50/bvg/b09/mcs50_b09_s35.B39
Reading graphs...
35 :  156
35 :  154
Initializing...
maxdom : 35
D->valSize : 1225
Solving...
currentSize : 12 <-- 0.017840 s
currentSize : 13 <-- 0.017860 s
currentSize : 14 <-- 0.018007 s
currentSize : 15 <-- 0.026511 s
currentSize : 16 <-- 0.055634 s
currentSize : 17 <-- 2.218772 s
currentSize : 18 <-- 3.039862 s
currentSize : 19 <-- 3.040427 s

maxsize : 19
nodes : 106279049.000000
filtered : 3137470060.000000
time : 902.708496
