Parameters: GAD=1 vflib=1 dir=0 label=0 lowerbound=1 fileNameGp=../graphsdb/mcs50/m2D/m2Dr4/mcs50_m2Dr4_s30.A72 fileNameGt=../graphsdb/mcs50/m2D/m2Dr4/mcs50_m2Dr4_s30.B72
Reading graphs...
30 :  60
30 :  59
Initializing...
maxdom : 30
D->valSize : 900
Solving...
currentSize : 12 <-- 0.015297 s
currentSize : 14 <-- 0.015326 s
currentSize : 15 <-- 0.016010 s
currentSize : 16 <-- 0.016021 s
currentSize : 17 <-- 0.028213 s
currentSize : 18 <-- 0.283621 s
currentSize : 19 <-- 0.556618 s
currentSize : 20 <-- 1.757310 s

maxsize : 20
nodes : 10002494.000000
filtered : 297696652.000000
time : 134.966782
