Parameters: GAD=1 vflib=1 dir=0 label=0 lowerbound=1 fileNameGp=../graphsdb/mcs50/rand/r01/mcs50_r01_s25.A35 fileNameGt=../graphsdb/mcs50/rand/r01/mcs50_r01_s25.B35
Reading graphs...
25 :  58
25 :  54
Initializing...
maxdom : 25
D->valSize : 625
Solving...
currentSize : 12 <-- 0.005034 s
currentSize : 13 <-- 0.005074 s
currentSize : 14 <-- 0.044544 s
currentSize : 15 <-- 0.146428 s
currentSize : 16 <-- 1.094455 s
currentSize : 17 <-- 2.094759 s

maxsize : 17
nodes : 636107.000000
filtered : 16187285.000000
time : 7.209332
