Parameters: GAD=1 vflib=1 dir=0 label=0 lowerbound=1 fileNameGp=../graphsdb/mcs50/bvg/b09/mcs50_b09_s20.A50 fileNameGt=../graphsdb/mcs50/bvg/b09/mcs50_b09_s20.B50
Reading graphs...
20 :  87
20 :  89
Initializing...
maxdom : 20
D->valSize : 400
Solving...
currentSize : 6 <-- 0.001942 s
currentSize : 7 <-- 0.001971 s
currentSize : 8 <-- 0.002034 s
currentSize : 9 <-- 0.002217 s
currentSize : 10 <-- 0.004163 s
currentSize : 11 <-- 0.004182 s
currentSize : 12 <-- 0.004252 s
currentSize : 13 <-- 0.006913 s

maxsize : 13
nodes : 28331.000000
filtered : 769615.000000
time : 0.168766
