Parameters: GAD=1 vflib=1 dir=0 label=0 lowerbound=1 fileNameGp=../graphsdb/mcs50/bvg/b09m/mcs50_b09m_s30.A48 fileNameGt=../graphsdb/mcs50/bvg/b09m/mcs50_b09m_s30.B48
Reading graphs...
30 :  124
30 :  124
Initializing...
maxdom : 30
D->valSize : 900
Solving...
currentSize : 12 <-- 0.009632 s
currentSize : 13 <-- 0.009732 s
currentSize : 14 <-- 0.013846 s
currentSize : 15 <-- 0.191293 s
currentSize : 16 <-- 0.332430 s
currentSize : 17 <-- 32.771759 s
currentSize : 18 <-- 53.168579 s

maxsize : 18
nodes : 10498941.000000
filtered : 261776137.000000
time : 71.368378
