Parameters: GAD=1 vflib=1 dir=0 label=0 lowerbound=1 fileNameGp=../graphsdb/mcs50/bvg/b03m/mcs50_b03m_s15.A82 fileNameGt=../graphsdb/mcs50/bvg/b03m/mcs50_b03m_s15.B82
Reading graphs...
15 :  22
15 :  22
Initializing...
maxdom : 15
D->valSize : 225
Solving...
currentSize : 3 <-- 0.000855 s
currentSize : 5 <-- 0.000870 s
currentSize : 8 <-- 0.000919 s
currentSize : 9 <-- 0.000925 s
currentSize : 10 <-- 0.001596 s
currentSize : 11 <-- 0.001608 s

maxsize : 11
nodes : 2020.000000
filtered : 36757.000000
time : 0.018515
