Parameters: GAD=1 vflib=1 dir=0 label=0 lowerbound=1 fileNameGp=../graphsdb/mcs50/m4D/m4Dr4/mcs50_m4Dr4_s35.A88 fileNameGt=../graphsdb/mcs50/m4D/m4Dr4/mcs50_m4Dr4_s35.B88
Reading graphs...
35 :  73
35 :  74
Initializing...
maxdom : 35
D->valSize : 1225
Solving...
currentSize : 15 <-- 0.020176 s
currentSize : 16 <-- 0.020200 s
currentSize : 17 <-- 0.020328 s
currentSize : 18 <-- 0.021457 s
currentSize : 19 <-- 0.097715 s
currentSize : 20 <-- 0.247964 s
currentSize : 21 <-- 0.733726 s
currentSize : 22 <-- 87.531738 s
currentSize : 23 <-- 486.540039 s
currentSize : 24 <-- 486.540314 s

maxsize : 24
nodes : 56604531.000000
filtered : 1874682871.000000
time : 1461.101929
