Parameters: GAD=1 vflib=1 dir=0 label=0 lowerbound=1 fileNameGp=../graphsdb/mcs50/m2D/m2D/mcs50_m2D_s30.A49 fileNameGt=../graphsdb/mcs50/m2D/m2D/mcs50_m2D_s30.B49
Reading graphs...
30 :  49
30 :  49
Initializing...
maxdom : 30
D->valSize : 900
Solving...
currentSize : 14 <-- 0.011287 s
currentSize : 15 <-- 0.011305 s
currentSize : 16 <-- 0.030695 s
currentSize : 17 <-- 0.031097 s
currentSize : 18 <-- 0.040402 s
currentSize : 19 <-- 5.001586 s
currentSize : 20 <-- 6.019655 s
currentSize : 21 <-- 48.808784 s
currentSize : 22 <-- 188.090820 s

maxsize : 22
nodes : 10780610.000000
filtered : 293122188.000000
time : 197.435150
