Parameters: GAD=1 vflib=1 dir=0 label=0 lowerbound=1 fileNameGp=../graphsdb/mcs50/bvg/b06/mcs50_b06_s30.A81 fileNameGt=../graphsdb/mcs50/bvg/b06/mcs50_b06_s30.B81
Reading graphs...
30 :  89
30 :  87
Initializing...
maxdom : 30
D->valSize : 900
Solving...
currentSize : 11 <-- 0.010518 s
currentSize : 12 <-- 0.010547 s
currentSize : 13 <-- 0.010723 s
currentSize : 14 <-- 0.017348 s
currentSize : 15 <-- 0.040255 s
currentSize : 16 <-- 0.262826 s
currentSize : 17 <-- 9.716842 s
currentSize : 18 <-- 37.977577 s
currentSize : 19 <-- 62.393391 s

maxsize : 19
nodes : 10152987.000000
filtered : 270369131.000000
time : 96.172119
