Parameters: GAD=1 vflib=1 dir=0 label=0 lowerbound=1 fileNameGp=../graphsdb/mcs50/bvg/b09m/mcs50_b09m_s30.A66 fileNameGt=../graphsdb/mcs50/bvg/b09m/mcs50_b09m_s30.B66
Reading graphs...
30 :  127
30 :  125
Initializing...
maxdom : 30
D->valSize : 900
Solving...
currentSize : 9 <-- 0.016750 s
currentSize : 11 <-- 0.016816 s
currentSize : 12 <-- 0.016917 s
currentSize : 13 <-- 0.017602 s
currentSize : 14 <-- 0.030980 s
currentSize : 15 <-- 0.572546 s
currentSize : 16 <-- 6.622165 s

maxsize : 16
nodes : 26366618.000000
filtered : 617196312.000000
time : 182.874542
