Parameters: GAD=1 vflib=1 dir=0 label=0 lowerbound=1 fileNameGp=../graphsdb/mcs50/bvg/b09/mcs50_b09_s30.A61 fileNameGt=../graphsdb/mcs50/bvg/b09/mcs50_b09_s30.B61
Reading graphs...
30 :  126
30 :  130
Initializing...
maxdom : 30
D->valSize : 900
Solving...
currentSize : 12 <-- 0.009740 s
currentSize : 13 <-- 0.011638 s
currentSize : 14 <-- 0.013747 s
currentSize : 15 <-- 0.200775 s
currentSize : 16 <-- 0.753242 s
currentSize : 17 <-- 14.353917 s

maxsize : 17
nodes : 9394828.000000
filtered : 225825833.000000
time : 62.348743
