Parameters: GAD=1 vflib=1 dir=0 label=0 lowerbound=1 fileNameGp=../graphsdb/mcs50/rand/r01/mcs50_r01_s30.A80 fileNameGt=../graphsdb/mcs50/rand/r01/mcs50_r01_s30.B80
Reading graphs...
30 :  81
30 :  82
Initializing...
maxdom : 30
D->valSize : 900
Solving...
currentSize : 13 <-- 0.018239 s
currentSize : 14 <-- 0.018341 s
currentSize : 15 <-- 0.033103 s
currentSize : 16 <-- 0.056159 s
currentSize : 17 <-- 0.522610 s
currentSize : 18 <-- 13.827536 s
currentSize : 19 <-- 227.997299 s

maxsize : 19
nodes : 29206272.000000
filtered : 737455992.000000
time : 289.520447
