Parameters: GAD=1 vflib=1 dir=0 label=0 lowerbound=1 fileNameGp=../graphsdb/mcs50/m4D/m4Dr6/mcs50_m4Dr6_s30.A11 fileNameGt=../graphsdb/mcs50/m4D/m4Dr6/mcs50_m4Dr6_s30.B11
Reading graphs...
30 :  70
30 :  70
Initializing...
maxdom : 30
D->valSize : 900
Solving...
currentSize : 11 <-- 0.010580 s
currentSize : 14 <-- 0.010607 s
currentSize : 15 <-- 0.010908 s
currentSize : 16 <-- 0.028628 s
currentSize : 17 <-- 0.068448 s
currentSize : 18 <-- 0.858864 s
currentSize : 19 <-- 2.191456 s

maxsize : 19
nodes : 18092071.000000
filtered : 511828210.000000
time : 249.070541
