Parameters: GAD=1 vflib=1 dir=0 label=0 lowerbound=1 fileNameGp=../graphsdb/mcs50/bvg/b03m/mcs50_b03m_s30.A59 fileNameGt=../graphsdb/mcs50/bvg/b03m/mcs50_b03m_s30.B59
Reading graphs...
30 :  45
30 :  45
Initializing...
maxdom : 30
D->valSize : 900
Solving...
currentSize : 15 <-- 0.011211 s
currentSize : 16 <-- 0.011238 s
currentSize : 17 <-- 0.029392 s
currentSize : 18 <-- 0.029813 s
currentSize : 19 <-- 0.218586 s
currentSize : 20 <-- 0.219142 s
currentSize : 21 <-- 0.700367 s
currentSize : 22 <-- 5.873831 s

maxsize : 22
nodes : 3027444.000000
filtered : 99216981.000000
time : 98.648338
