Parameters: GAD=1 vflib=1 dir=0 label=0 lowerbound=1 fileNameGp=../graphsdb/mcs50/bvg/b09/mcs50_b09_s30.A27 fileNameGt=../graphsdb/mcs50/bvg/b09/mcs50_b09_s30.B27
Reading graphs...
30 :  133
30 :  133
Initializing...
maxdom : 30
D->valSize : 900
Solving...
currentSize : 12 <-- 0.009666 s
currentSize : 13 <-- 0.009797 s
currentSize : 14 <-- 0.012706 s
currentSize : 15 <-- 0.341073 s
currentSize : 16 <-- 18.202291 s
currentSize : 17 <-- 83.720535 s

maxsize : 17
nodes : 20194458.000000
filtered : 438499808.000000
time : 122.069771
