Parameters: GAD=1 vflib=1 dir=0 label=0 lowerbound=1 fileNameGp=../graphsdb/mcs50/bvg/b03m/mcs50_b03m_s30.A91 fileNameGt=../graphsdb/mcs50/bvg/b03m/mcs50_b03m_s30.B91
Reading graphs...
30 :  45
30 :  45
Initializing...
maxdom : 30
D->valSize : 900
Solving...
currentSize : 10 <-- 0.011738 s
currentSize : 14 <-- 0.011918 s
currentSize : 15 <-- 0.012173 s
currentSize : 16 <-- 0.013058 s
currentSize : 17 <-- 0.053283 s
currentSize : 18 <-- 0.057740 s
currentSize : 19 <-- 0.059682 s
currentSize : 20 <-- 0.581862 s
currentSize : 21 <-- 13.014348 s

maxsize : 21
nodes : 5928690.000000
filtered : 165490742.000000
time : 118.097328
