Parameters: GAD=1 vflib=1 dir=0 label=0 lowerbound=1 fileNameGp=../graphsdb/mcs50/rand/r005/mcs50_r005_s20.A02 fileNameGt=../graphsdb/mcs50/rand/r005/mcs50_r005_s20.B02
Reading graphs...
20 :  24
20 :  24
Initializing...
maxdom : 20
D->valSize : 400
Solving...
currentSize : 9 <-- 0.002281 s
currentSize : 11 <-- 0.002394 s
currentSize : 12 <-- 0.002412 s
currentSize : 13 <-- 0.006913 s
currentSize : 14 <-- 0.039262 s
currentSize : 15 <-- 0.162894 s

maxsize : 15
nodes : 24167.000000
filtered : 401111.000000
time : 0.378779
