Parameters: GAD=1 vflib=1 dir=0 label=0 lowerbound=1 fileNameGp=../graphsdb/mcs50/m2D/m2Dr4/mcs50_m2Dr4_s30.A15 fileNameGt=../graphsdb/mcs50/m2D/m2Dr4/mcs50_m2Dr4_s30.B15
Reading graphs...
30 :  61
30 :  60
Initializing...
maxdom : 30
D->valSize : 900
Solving...
currentSize : 13 <-- 0.018933 s
currentSize : 14 <-- 0.034665 s
currentSize : 15 <-- 0.112313 s
currentSize : 16 <-- 0.419301 s
currentSize : 17 <-- 0.454340 s
currentSize : 18 <-- 0.454439 s
currentSize : 19 <-- 4.740721 s
currentSize : 20 <-- 21.353643 s

maxsize : 20
nodes : 7880157.000000
filtered : 234915699.000000
time : 123.983841
