Parameters: GAD=1 vflib=1 dir=0 label=0 lowerbound=1 fileNameGp=../graphsdb/mcs50/bvg/b09m/mcs50_b09m_s35.A62 fileNameGt=../graphsdb/mcs50/bvg/b09m/mcs50_b09m_s35.B62
Reading graphs...
35 :  141
35 :  145
Initializing...
maxdom : 35
D->valSize : 1225
Solving...
currentSize : 11 <-- 0.018381 s
currentSize : 12 <-- 0.018448 s
currentSize : 14 <-- 0.018911 s
currentSize : 15 <-- 0.054172 s
currentSize : 16 <-- 0.084476 s
currentSize : 17 <-- 9.097402 s
currentSize : 18 <-- 41.825577 s
currentSize : 19 <-- 257.387299 s

maxsize : 19
nodes : 214186035.000000
filtered : 5946736156.000000
time : 1789.614258
