Parameters: GAD=1 vflib=1 dir=0 label=0 lowerbound=1 fileNameGp=../graphsdb/mcs50/bvg/b06m/mcs50_b06m_s35.A58 fileNameGt=../graphsdb/mcs50/bvg/b06m/mcs50_b06m_s35.B58
Reading graphs...
35 :  101
35 :  103
Initializing...
maxdom : 35
D->valSize : 1225
Solving...
currentSize : 11 <-- 0.019371 s
currentSize : 12 <-- 0.019418 s
currentSize : 13 <-- 0.019561 s
currentSize : 14 <-- 0.019873 s
currentSize : 15 <-- 0.025580 s
currentSize : 16 <-- 0.033599 s
currentSize : 17 <-- 0.092172 s
currentSize : 18 <-- 0.134721 s
currentSize : 19 <-- 3.952574 s
currentSize : 20 <-- 52.171478 s

TIMEOUT
maxsize : 20
nodes : 287147599.000000
filtered : 8128034329.000000
time : 3600.000000
