Parameters: GAD=1 vflib=1 dir=0 label=0 lowerbound=1 fileNameGp=../graphsdb/mcs50/rand/r02/mcs50_r02_s30.A59 fileNameGt=../graphsdb/mcs50/rand/r02/mcs50_r02_s30.B59
Reading graphs...
30 :  162
30 :  162
Initializing...
maxdom : 30
D->valSize : 900
Solving...
currentSize : 8 <-- 0.009251 s
currentSize : 9 <-- 0.009279 s
currentSize : 10 <-- 0.009372 s
currentSize : 11 <-- 0.010291 s
currentSize : 12 <-- 0.017850 s
currentSize : 13 <-- 0.070856 s
currentSize : 14 <-- 7.725299 s
currentSize : 15 <-- 159.021317 s

maxsize : 15
nodes : 62209924.000000
filtered : 868527549.000000
time : 300.109314
