Parameters: GAD=1 vflib=1 dir=0 label=0 lowerbound=1 fileNameGp=../graphsdb/mcs50/rand/r01/mcs50_r01_s35.A62 fileNameGt=../graphsdb/mcs50/rand/r01/mcs50_r01_s35.B62
Reading graphs...
35 :  114
35 :  113
Initializing...
maxdom : 35
D->valSize : 1225
Solving...
currentSize : 12 <-- 0.019241 s
currentSize : 13 <-- 0.019264 s
currentSize : 14 <-- 0.019314 s
currentSize : 15 <-- 0.019921 s
currentSize : 16 <-- 0.020383 s
currentSize : 17 <-- 0.020626 s
currentSize : 18 <-- 0.033490 s
currentSize : 19 <-- 1.019799 s
currentSize : 20 <-- 402.502411 s

TIMEOUT
maxsize : 20
nodes : 393968904.000000
filtered : 11106863931.000000
time : 3600.000000
