Parameters: GAD=1 vflib=1 dir=0 label=0 lowerbound=1 fileNameGp=../graphsdb/mcs50/rand/r005/mcs50_r005_s35.A43 fileNameGt=../graphsdb/mcs50/rand/r005/mcs50_r005_s35.B43
Reading graphs...
35 :  62
35 :  61
Initializing...
maxdom : 35
D->valSize : 1225
Solving...
currentSize : 14 <-- 0.021193 s
currentSize : 18 <-- 0.021259 s
currentSize : 19 <-- 0.024552 s
currentSize : 20 <-- 0.076929 s
currentSize : 21 <-- 0.518363 s
currentSize : 22 <-- 0.532047 s
currentSize : 23 <-- 8.081416 s
currentSize : 24 <-- 8.393415 s
currentSize : 25 <-- 30.806929 s

maxsize : 25
nodes : 24759281.000000
filtered : 1013629111.000000
time : 1101.733398
