Parameters: GAD=1 vflib=1 dir=0 label=0 lowerbound=1 fileNameGp=../graphsdb/mcs50/bvg/b09/mcs50_b09_s30.A84 fileNameGt=../graphsdb/mcs50/bvg/b09/mcs50_b09_s30.B84
Reading graphs...
30 :  129
30 :  129
Initializing...
maxdom : 30
D->valSize : 900
Solving...
currentSize : 9 <-- 0.016419 s
currentSize : 10 <-- 0.016578 s
currentSize : 11 <-- 0.016630 s
currentSize : 12 <-- 0.017342 s
currentSize : 13 <-- 0.039293 s
currentSize : 14 <-- 0.395264 s
currentSize : 15 <-- 0.696348 s
currentSize : 16 <-- 6.190482 s
currentSize : 17 <-- 17.219629 s

maxsize : 17
nodes : 11055295.000000
filtered : 276886627.000000
time : 74.234238
