Parameters: GAD=1 vflib=1 dir=0 label=0 lowerbound=1 fileNameGp=../graphsdb/mcs50/bvg/b09/mcs50_b09_s30.A41 fileNameGt=../graphsdb/mcs50/bvg/b09/mcs50_b09_s30.B41
Reading graphs...
30 :  132
30 :  133
Initializing...
maxdom : 30
D->valSize : 900
Solving...
currentSize : 11 <-- 0.009596 s
currentSize : 12 <-- 0.009709 s
currentSize : 13 <-- 0.014739 s
currentSize : 14 <-- 0.023818 s
currentSize : 15 <-- 0.091548 s
currentSize : 16 <-- 0.333057 s
currentSize : 17 <-- 0.630730 s

maxsize : 17
nodes : 10682345.000000
filtered : 260751122.000000
time : 76.002808
