Parameters: GAD=1 vflib=1 dir=0 label=0 lowerbound=1 fileNameGp=../graphsdb/mcs50/rand/r01/mcs50_r01_s30.A17 fileNameGt=../graphsdb/mcs50/rand/r01/mcs50_r01_s30.B17
Reading graphs...
30 :  80
30 :  80
Initializing...
maxdom : 30
D->valSize : 900
Solving...
currentSize : 11 <-- 0.018354 s
currentSize : 12 <-- 0.018610 s
currentSize : 13 <-- 0.020292 s
currentSize : 14 <-- 0.029422 s
currentSize : 15 <-- 0.037517 s
currentSize : 16 <-- 0.130299 s
currentSize : 17 <-- 1.916872 s
currentSize : 18 <-- 4.036469 s
currentSize : 19 <-- 55.587189 s

maxsize : 19
nodes : 10259023.000000
filtered : 297649766.000000
time : 117.293747
