Parameters: GAD=1 vflib=1 dir=0 label=0 lowerbound=1 fileNameGp=../graphsdb/mcs50/m4D/m4Dr4/mcs50_m4Dr4_s30.A13 fileNameGt=../graphsdb/mcs50/m4D/m4Dr4/mcs50_m4Dr4_s30.B13
Reading graphs...
30 :  66
30 :  65
Initializing...
maxdom : 30
D->valSize : 900
Solving...
currentSize : 13 <-- 0.010664 s
currentSize : 14 <-- 0.010891 s
currentSize : 15 <-- 0.010907 s
currentSize : 16 <-- 0.011629 s
currentSize : 18 <-- 0.159897 s
currentSize : 19 <-- 0.178904 s

maxsize : 19
nodes : 16944285.000000
filtered : 431521810.000000
time : 263.943848
