Parameters: GAD=1 vflib=1 dir=0 label=0 lowerbound=1 fileNameGp=../graphsdb/mcs50/m2D/m2D/mcs50_m2D_s30.A29 fileNameGt=../graphsdb/mcs50/m2D/m2D/mcs50_m2D_s30.B29
Reading graphs...
30 :  49
30 :  49
Initializing...
maxdom : 30
D->valSize : 900
Solving...
currentSize : 16 <-- 0.011258 s
currentSize : 17 <-- 0.011330 s
currentSize : 18 <-- 0.064398 s
currentSize : 19 <-- 0.144595 s
currentSize : 20 <-- 0.548949 s
currentSize : 21 <-- 2.635101 s
currentSize : 22 <-- 7.755182 s

maxsize : 22
nodes : 2417300.000000
filtered : 87301224.000000
time : 75.769531
