Parameters: GAD=1 vflib=1 dir=0 label=0 lowerbound=1 fileNameGp=../graphsdb/mcs50/rand/r01/mcs50_r01_s30.A26 fileNameGt=../graphsdb/mcs50/rand/r01/mcs50_r01_s30.B26
Reading graphs...
30 :  83
30 :  84
Initializing...
maxdom : 30
D->valSize : 900
Solving...
currentSize : 12 <-- 0.010323 s
currentSize : 13 <-- 0.010360 s
currentSize : 14 <-- 0.010430 s
currentSize : 15 <-- 0.010450 s
currentSize : 16 <-- 0.011936 s
currentSize : 17 <-- 4.051814 s
currentSize : 18 <-- 4.570441 s
currentSize : 19 <-- 5.952211 s

maxsize : 19
nodes : 8536325.000000
filtered : 253340922.000000
time : 92.778938
