Parameters: GAD=1 vflib=1 dir=0 label=0 lowerbound=1 fileNameGp=../graphsdb/mcs50/m2D/m2Dr6/mcs50_m2Dr6_s30.A72 fileNameGt=../graphsdb/mcs50/m2D/m2Dr6/mcs50_m2Dr6_s30.B72
Reading graphs...
30 :  66
30 :  67
Initializing...
maxdom : 30
D->valSize : 900
Solving...
currentSize : 12 <-- 0.018471 s
currentSize : 13 <-- 0.033214 s
currentSize : 14 <-- 0.048550 s
currentSize : 15 <-- 0.058820 s
currentSize : 16 <-- 0.155518 s
currentSize : 17 <-- 5.024828 s
currentSize : 18 <-- 10.618143 s
currentSize : 19 <-- 51.148792 s
currentSize : 20 <-- 272.687134 s

maxsize : 20
nodes : 23957062.000000
filtered : 624373476.000000
time : 299.820068
