Parameters: GAD=1 vflib=1 dir=0 label=0 lowerbound=1 fileNameGp=../graphsdb/mcs50/bvg/b03m/mcs50_b03m_s30.A48 fileNameGt=../graphsdb/mcs50/bvg/b03m/mcs50_b03m_s30.B48
Reading graphs...
30 :  44
30 :  45
Initializing...
maxdom : 30
D->valSize : 900
Solving...
currentSize : 14 <-- 0.017688 s
currentSize : 15 <-- 0.018813 s
currentSize : 16 <-- 0.024699 s
currentSize : 17 <-- 7.262054 s
currentSize : 18 <-- 64.661583 s
currentSize : 19 <-- 68.435921 s
currentSize : 20 <-- 120.871552 s

maxsize : 20
nodes : 43215053.000000
filtered : 793302466.000000
time : 615.662354
