Parameters: GAD=1 vflib=1 dir=0 label=0 lowerbound=1 fileNameGp=../graphsdb/mcs50/bvg/b06m/mcs50_b06m_s30.A54 fileNameGt=../graphsdb/mcs50/bvg/b06m/mcs50_b06m_s30.B54
Reading graphs...
30 :  87
30 :  87
Initializing...
maxdom : 30
D->valSize : 900
Solving...
currentSize : 12 <-- 0.010200 s
currentSize : 13 <-- 0.010266 s
currentSize : 15 <-- 0.010305 s
currentSize : 16 <-- 0.023014 s
currentSize : 17 <-- 2.028435 s
currentSize : 18 <-- 8.576415 s

maxsize : 18
nodes : 15814918.000000
filtered : 452135746.000000
time : 189.578033
