Parameters: GAD=1 vflib=1 dir=0 label=0 lowerbound=1 fileNameGp=../graphsdb/mcs50/bvg/b09/mcs50_b09_s30.A82 fileNameGt=../graphsdb/mcs50/bvg/b09/mcs50_b09_s30.B82
Reading graphs...
30 :  135
30 :  130
Initializing...
maxdom : 30
D->valSize : 900
Solving...
currentSize : 11 <-- 0.009476 s
currentSize : 12 <-- 0.009519 s
currentSize : 13 <-- 0.014216 s
currentSize : 14 <-- 0.131330 s
currentSize : 15 <-- 0.875700 s
currentSize : 16 <-- 19.343212 s
currentSize : 17 <-- 43.092896 s

maxsize : 17
nodes : 12713710.000000
filtered : 302478973.000000
time : 82.528801
