Parameters: GAD=1 vflib=1 dir=0 label=0 lowerbound=1 fileNameGp=../graphsdb/mcs50/bvg/b03m/mcs50_b03m_s30.A73 fileNameGt=../graphsdb/mcs50/bvg/b03m/mcs50_b03m_s30.B73
Reading graphs...
30 :  44
30 :  44
Initializing...
maxdom : 30
D->valSize : 900
Solving...
currentSize : 13 <-- 0.011439 s
currentSize : 14 <-- 0.011484 s
currentSize : 15 <-- 0.011917 s
currentSize : 16 <-- 0.014669 s
currentSize : 18 <-- 0.127004 s
currentSize : 19 <-- 5.290877 s
currentSize : 20 <-- 44.441170 s
currentSize : 21 <-- 63.071884 s
currentSize : 22 <-- 118.872337 s

maxsize : 22
nodes : 8587671.000000
filtered : 162157962.000000
time : 147.645630
