Parameters: GAD=1 vflib=1 dir=0 label=0 lowerbound=1 fileNameGp=../graphsdb/mcs50/m4D/m4Dr6/mcs50_m4Dr6_s35.A38 fileNameGt=../graphsdb/mcs50/m4D/m4Dr6/mcs50_m4Dr6_s35.B38
Reading graphs...
35 :  83
35 :  80
Initializing...
maxdom : 35
D->valSize : 1225
Solving...
currentSize : 12 <-- 0.035191 s
currentSize : 13 <-- 0.035218 s
currentSize : 15 <-- 0.035238 s
currentSize : 16 <-- 0.035417 s
currentSize : 17 <-- 0.035492 s
currentSize : 18 <-- 0.037674 s
currentSize : 19 <-- 0.059762 s
currentSize : 20 <-- 0.309388 s
currentSize : 21 <-- 0.328117 s
currentSize : 22 <-- 1.248668 s
currentSize : 23 <-- 121.016632 s
currentSize : 24 <-- 331.278534 s

maxsize : 24
nodes : 37535027.000000
filtered : 1538615853.000000
time : 759.968384
