Parameters: GAD=1 vflib=1 dir=0 label=0 lowerbound=1 fileNameGp=../graphsdb/mcs50/bvg/b06/mcs50_b06_s30.A90 fileNameGt=../graphsdb/mcs50/bvg/b06/mcs50_b06_s30.B90
Reading graphs...
30 :  90
30 :  90
Initializing...
maxdom : 30
D->valSize : 900
Solving...
currentSize : 12 <-- 0.010219 s
currentSize : 13 <-- 0.010261 s
currentSize : 14 <-- 0.025256 s
currentSize : 15 <-- 0.027785 s
currentSize : 16 <-- 0.084809 s
currentSize : 17 <-- 3.150549 s
currentSize : 18 <-- 3.150753 s
currentSize : 19 <-- 31.362268 s

maxsize : 19
nodes : 6691194.000000
filtered : 202584135.000000
time : 70.199539
