Parameters: GAD=1 vflib=1 dir=0 label=0 lowerbound=1 fileNameGp=../graphsdb/mcs50/rand/r005/mcs50_r005_s30.A41 fileNameGt=../graphsdb/mcs50/rand/r005/mcs50_r005_s30.B41
Reading graphs...
30 :  46
30 :  46
Initializing...
maxdom : 30
D->valSize : 900
Solving...
currentSize : 13 <-- 0.019585 s
currentSize : 14 <-- 0.019621 s
currentSize : 15 <-- 0.019651 s
currentSize : 16 <-- 0.019984 s
currentSize : 17 <-- 0.039166 s
currentSize : 18 <-- 0.059975 s
currentSize : 19 <-- 0.067200 s
currentSize : 20 <-- 0.168313 s
currentSize : 21 <-- 0.181358 s
currentSize : 22 <-- 1.171130 s

maxsize : 22
nodes : 2243894.000000
filtered : 77695780.000000
time : 61.240032
