Parameters: GAD=1 vflib=1 dir=0 label=0 lowerbound=1 fileNameGp=../graphsdb/mcs50/bvg/b06/mcs50_b06_s30.A11 fileNameGt=../graphsdb/mcs50/bvg/b06/mcs50_b06_s30.B11
Reading graphs...
30 :  90
30 :  89
Initializing...
maxdom : 30
D->valSize : 900
Solving...
currentSize : 12 <-- 0.010263 s
currentSize : 13 <-- 0.012283 s
currentSize : 14 <-- 0.012410 s
currentSize : 15 <-- 0.027656 s
currentSize : 16 <-- 1.141405 s
currentSize : 17 <-- 3.764518 s
currentSize : 18 <-- 22.004784 s

maxsize : 18
nodes : 15879402.000000
filtered : 435938858.000000
time : 151.213379
