Parameters: GAD=1 vflib=1 dir=0 label=0 lowerbound=1 fileNameGp=../graphsdb/mcs50/m2D/m2Dr4/mcs50_m2Dr4_s30.A61 fileNameGt=../graphsdb/mcs50/m2D/m2Dr4/mcs50_m2Dr4_s30.B61
Reading graphs...
30 :  60
30 :  59
Initializing...
maxdom : 30
D->valSize : 900
Solving...
currentSize : 10 <-- 0.010962 s
currentSize : 13 <-- 0.011047 s
currentSize : 14 <-- 0.011254 s
currentSize : 16 <-- 0.011484 s
currentSize : 17 <-- 0.014430 s
currentSize : 18 <-- 0.015306 s
currentSize : 19 <-- 0.023233 s
currentSize : 20 <-- 4.698595 s

maxsize : 20
nodes : 11644092.000000
filtered : 341640248.000000
time : 215.276077
