Parameters: GAD=1 vflib=1 dir=0 label=0 lowerbound=1 fileNameGp=../graphsdb/mcs50/m4D/m4Dr4/mcs50_m4Dr4_s35.A68 fileNameGt=../graphsdb/mcs50/m4D/m4Dr4/mcs50_m4Dr4_s35.B68
Reading graphs...
35 :  76
35 :  76
Initializing...
maxdom : 35
D->valSize : 1225
Solving...
currentSize : 17 <-- 0.024505 s
currentSize : 18 <-- 0.026271 s
currentSize : 19 <-- 0.027458 s
currentSize : 20 <-- 0.102790 s
currentSize : 21 <-- 3.086161 s
currentSize : 22 <-- 187.657791 s
currentSize : 23 <-- 1103.609863 s

maxsize : 23
nodes : 114260389.000000
filtered : 3837414889.000000
time : 2519.710205
