Parameters: GAD=1 vflib=1 dir=0 label=0 lowerbound=1 fileNameGp=../graphsdb/mcs50/bvg/b03/mcs50_b03_s25.A25 fileNameGt=../graphsdb/mcs50/bvg/b03/mcs50_b03_s25.B25
Reading graphs...
25 :  37
25 :  37
Initializing...
maxdom : 25
D->valSize : 625
Solving...
currentSize : 11 <-- 0.009347 s
currentSize : 12 <-- 0.009390 s
currentSize : 13 <-- 0.009402 s
currentSize : 14 <-- 0.043068 s
currentSize : 15 <-- 0.125414 s
currentSize : 16 <-- 1.798674 s
currentSize : 17 <-- 3.562761 s
currentSize : 18 <-- 3.562833 s

maxsize : 18
nodes : 747269.000000
filtered : 13947705.000000
time : 8.894058
