Parameters: GAD=1 vflib=1 dir=0 label=0 lowerbound=1 fileNameGp=../graphsdb/mcs50/bvg/b06/mcs50_b06_s25.A89 fileNameGt=../graphsdb/mcs50/bvg/b06/mcs50_b06_s25.B89
Reading graphs...
25 :  71
25 :  75
Initializing...
maxdom : 25
D->valSize : 625
Solving...
currentSize : 11 <-- 0.005307 s
currentSize : 12 <-- 0.006275 s
currentSize : 13 <-- 0.010382 s
currentSize : 14 <-- 0.160794 s
currentSize : 15 <-- 0.207283 s
currentSize : 16 <-- 0.930887 s

maxsize : 16
nodes : 852664.000000
filtered : 21595463.000000
time : 6.777958
