Parameters: GAD=1 vflib=1 dir=0 label=0 lowerbound=1 fileNameGp=../graphsdb/mcs50/bvg/b03/mcs50_b03_s35.A65 fileNameGt=../graphsdb/mcs50/bvg/b03/mcs50_b03_s35.B65
Reading graphs...
35 :  52
35 :  52
Initializing...
maxdom : 35
D->valSize : 1225
Solving...
currentSize : 17 <-- 0.036362 s
currentSize : 18 <-- 0.036404 s
currentSize : 21 <-- 0.036735 s
currentSize : 22 <-- 1.875214 s
currentSize : 23 <-- 1.904080 s
currentSize : 24 <-- 10.381749 s
currentSize : 25 <-- 26.898563 s
currentSize : 26 <-- 249.006256 s

maxsize : 26
nodes : 23319161.000000
filtered : 846156621.000000
time : 933.180115
