Parameters: GAD=1 vflib=1 dir=0 label=0 lowerbound=1 fileNameGp=../graphsdb/mcs50/m4D/m4Dr6/mcs50_m4Dr6_s35.A29 fileNameGt=../graphsdb/mcs50/m4D/m4Dr6/mcs50_m4Dr6_s35.B29
Reading graphs...
35 :  84
35 :  83
Initializing...
maxdom : 35
D->valSize : 1225
Solving...
currentSize : 15 <-- 0.020736 s
currentSize : 16 <-- 0.020902 s
currentSize : 17 <-- 0.021362 s
currentSize : 18 <-- 0.021794 s
currentSize : 19 <-- 0.025026 s
currentSize : 20 <-- 0.096780 s
currentSize : 21 <-- 0.391193 s
currentSize : 22 <-- 177.815598 s

maxsize : 22
nodes : 168480784.000000
filtered : 5557265199.000000
time : 2526.720215
