Parameters: GAD=1 vflib=1 dir=0 label=0 lowerbound=1 fileNameGp=../graphsdb/mcs50/bvg/b06m/mcs50_b06m_s35.A37 fileNameGt=../graphsdb/mcs50/bvg/b06m/mcs50_b06m_s35.B37
Reading graphs...
35 :  99
35 :  101
Initializing...
maxdom : 35
D->valSize : 1225
Solving...
currentSize : 16 <-- 0.019538 s
currentSize : 17 <-- 0.019617 s
currentSize : 18 <-- 0.130538 s
currentSize : 19 <-- 3.050626 s
currentSize : 20 <-- 31.445181 s
currentSize : 21 <-- 31.445229 s

maxsize : 21
nodes : 122520681.000000
filtered : 4410269620.000000
time : 1814.918457
