Parameters: GAD=1 vflib=1 dir=0 label=0 lowerbound=1 fileNameGp=../graphsdb/mcs50/m2D/m2Dr4/mcs50_m2Dr4_s30.A84 fileNameGt=../graphsdb/mcs50/m2D/m2Dr4/mcs50_m2Dr4_s30.B84
Reading graphs...
30 :  58
30 :  59
Initializing...
maxdom : 30
D->valSize : 900
Solving...
currentSize : 16 <-- 0.011847 s
currentSize : 17 <-- 0.012986 s
currentSize : 18 <-- 0.037120 s
currentSize : 19 <-- 2.171228 s
currentSize : 20 <-- 14.855985 s
currentSize : 21 <-- 27.436554 s

maxsize : 21
nodes : 6178660.000000
filtered : 188680677.000000
time : 103.149055
