Parameters: GAD=1 vflib=1 dir=0 label=0 lowerbound=1 fileNameGp=../graphsdb/mcs50/bvg/b03/mcs50_b03_s35.A25 fileNameGt=../graphsdb/mcs50/bvg/b03/mcs50_b03_s35.B25
Reading graphs...
35 :  52
35 :  52
Initializing...
maxdom : 35
D->valSize : 1225
Solving...
currentSize : 16 <-- 0.021042 s
currentSize : 17 <-- 0.022969 s
currentSize : 19 <-- 0.171039 s
currentSize : 20 <-- 6.010306 s
currentSize : 21 <-- 18.123760 s
currentSize : 22 <-- 103.011055 s
currentSize : 23 <-- 133.519424 s
currentSize : 24 <-- 137.650848 s
currentSize : 25 <-- 1595.465332 s

maxsize : 25
nodes : 118061237.000000
filtered : 3477644032.000000
time : 3026.865234
