Parameters: GAD=1 vflib=1 dir=0 label=0 lowerbound=1 fileNameGp=../graphsdb/mcs50/bvg/b03m/mcs50_b03m_s30.A41 fileNameGt=../graphsdb/mcs50/bvg/b03m/mcs50_b03m_s30.B41
Reading graphs...
30 :  44
30 :  45
Initializing...
maxdom : 30
D->valSize : 900
Solving...
currentSize : 10 <-- 0.019783 s
currentSize : 13 <-- 0.019823 s
currentSize : 16 <-- 0.019858 s
currentSize : 17 <-- 0.020401 s
currentSize : 18 <-- 0.021247 s
currentSize : 19 <-- 0.268069 s
currentSize : 20 <-- 16.413807 s
currentSize : 21 <-- 35.763130 s

maxsize : 21
nodes : 12991426.000000
filtered : 299354608.000000
time : 262.120056
