Parameters: GAD=1 vflib=1 dir=0 label=0 lowerbound=1 fileNameGp=../graphsdb/mcs50/rand/r005/mcs50_r005_s35.A78 fileNameGt=../graphsdb/mcs50/rand/r005/mcs50_r005_s35.B78
Reading graphs...
35 :  61
35 :  62
Initializing...
maxdom : 35
D->valSize : 1225
Solving...
currentSize : 10 <-- 0.036472 s
currentSize : 17 <-- 0.036542 s
currentSize : 18 <-- 0.037108 s
currentSize : 19 <-- 0.597941 s
currentSize : 21 <-- 11.773292 s
currentSize : 22 <-- 13.984493 s
currentSize : 23 <-- 107.446686 s
currentSize : 24 <-- 417.486023 s

maxsize : 24
nodes : 100505283.000000
filtered : 3456834720.000000
time : 3255.662354
