Parameters: GAD=1 vflib=1 dir=0 label=0 lowerbound=1 fileNameGp=../graphsdb/mcs50/m2D/m2D/mcs50_m2D_s30.A33 fileNameGt=../graphsdb/mcs50/m2D/m2D/mcs50_m2D_s30.B33
Reading graphs...
30 :  49
30 :  49
Initializing...
maxdom : 30
D->valSize : 900
Solving...
currentSize : 14 <-- 0.019209 s
currentSize : 15 <-- 0.019259 s
currentSize : 16 <-- 0.019958 s
currentSize : 17 <-- 0.020289 s
currentSize : 18 <-- 0.020605 s
currentSize : 19 <-- 0.067587 s
currentSize : 20 <-- 4.181101 s
currentSize : 21 <-- 20.203716 s

maxsize : 21
nodes : 8434282.000000
filtered : 233293311.000000
time : 171.487457
