Parameters: GAD=1 vflib=1 dir=0 label=0 lowerbound=1 fileNameGp=../graphsdb/mcs50/bvg/b09/mcs50_b09_s35.A54 fileNameGt=../graphsdb/mcs50/bvg/b09/mcs50_b09_s35.B54
Reading graphs...
35 :  155
35 :  152
Initializing...
maxdom : 35
D->valSize : 1225
Solving...
currentSize : 11 <-- 0.018189 s
currentSize : 12 <-- 0.018232 s
currentSize : 13 <-- 0.018288 s
currentSize : 14 <-- 0.024314 s
currentSize : 15 <-- 0.034901 s
currentSize : 16 <-- 0.175334 s
currentSize : 17 <-- 3.756797 s
currentSize : 18 <-- 7.712575 s
currentSize : 19 <-- 61.227131 s

maxsize : 19
nodes : 150547283.000000
filtered : 4311505569.000000
time : 1257.589722
