Parameters: GAD=1 vflib=1 dir=0 label=0 lowerbound=1 fileNameGp=../graphsdb/mcs50/m2D/m2Dr6/mcs50_m2Dr6_s30.A04 fileNameGt=../graphsdb/mcs50/m2D/m2Dr6/mcs50_m2Dr6_s30.B04
Reading graphs...
30 :  64
30 :  64
Initializing...
maxdom : 30
D->valSize : 900
Solving...
currentSize : 10 <-- 0.011171 s
currentSize : 12 <-- 0.011842 s
currentSize : 13 <-- 0.020099 s
currentSize : 14 <-- 0.050134 s
currentSize : 15 <-- 0.058620 s
currentSize : 16 <-- 0.188113 s
currentSize : 17 <-- 0.428322 s
currentSize : 18 <-- 2.250705 s
currentSize : 19 <-- 13.561775 s
currentSize : 20 <-- 76.107681 s

maxsize : 20
nodes : 9756518.000000
filtered : 298415666.000000
time : 152.412048
