Parameters: GAD=1 vflib=1 dir=0 label=0 lowerbound=1 fileNameGp=../graphsdb/mcs50/rand/r005/mcs50_r005_s35.A02 fileNameGt=../graphsdb/mcs50/rand/r005/mcs50_r005_s35.B02
Reading graphs...
35 :  62
35 :  61
Initializing...
maxdom : 35
D->valSize : 1225
Solving...
currentSize : 13 <-- 0.036418 s
currentSize : 14 <-- 0.036445 s
currentSize : 15 <-- 0.036538 s
currentSize : 16 <-- 0.036552 s
currentSize : 17 <-- 0.041907 s
currentSize : 18 <-- 0.101643 s
currentSize : 19 <-- 0.108534 s
currentSize : 20 <-- 0.125026 s
currentSize : 21 <-- 0.165708 s
currentSize : 22 <-- 5.935745 s
currentSize : 23 <-- 43.999870 s
currentSize : 24 <-- 288.400787 s

maxsize : 24
nodes : 104662664.000000
filtered : 3579511803.000000
time : 2805.687012
