Parameters: GAD=1 vflib=1 dir=0 label=0 lowerbound=1 fileNameGp=../graphsdb/mcs50/m4D/m4D/mcs50_m4D_s30.A82 fileNameGt=../graphsdb/mcs50/m4D/m4D/mcs50_m4D_s30.B82
Reading graphs...
30 :  54
30 :  54
Initializing...
maxdom : 30
D->valSize : 900
Solving...
currentSize : 9 <-- 0.018985 s
currentSize : 10 <-- 0.019056 s
currentSize : 14 <-- 0.019200 s
currentSize : 16 <-- 0.020174 s
currentSize : 17 <-- 0.020197 s
currentSize : 18 <-- 0.073366 s
currentSize : 19 <-- 0.616432 s
currentSize : 20 <-- 2.926323 s
currentSize : 21 <-- 23.909798 s

maxsize : 21
nodes : 3846587.000000
filtered : 108645577.000000
time : 92.905174
