Parameters: GAD=1 vflib=1 dir=0 label=0 lowerbound=1 fileNameGp=../graphsdb/mcs50/bvg/b06/mcs50_b06_s25.A70 fileNameGt=../graphsdb/mcs50/bvg/b06/mcs50_b06_s25.B70
Reading graphs...
25 :  74
25 :  75
Initializing...
maxdom : 25
D->valSize : 625
Solving...
currentSize : 11 <-- 0.005080 s
currentSize : 12 <-- 0.005109 s
currentSize : 13 <-- 0.005137 s
currentSize : 14 <-- 0.033124 s
currentSize : 15 <-- 0.676717 s
currentSize : 16 <-- 1.874106 s

maxsize : 16
nodes : 677311.000000
filtered : 15816092.000000
time : 4.674816
