Parameters: GAD=1 vflib=1 dir=0 label=0 lowerbound=1 fileNameGp=../graphsdb/mcs50/m2D/m2D/mcs50_m2D_s30.A44 fileNameGt=../graphsdb/mcs50/m2D/m2D/mcs50_m2D_s30.B44
Reading graphs...
30 :  49
30 :  49
Initializing...
maxdom : 30
D->valSize : 900
Solving...
currentSize : 11 <-- 0.011187 s
currentSize : 16 <-- 0.011223 s
currentSize : 18 <-- 0.011458 s
currentSize : 19 <-- 0.540253 s
currentSize : 20 <-- 0.563859 s
currentSize : 21 <-- 1.479743 s
currentSize : 22 <-- 150.797043 s

maxsize : 22
nodes : 7026861.000000
filtered : 223878345.000000
time : 163.326370
