Parameters: GAD=1 vflib=1 dir=0 label=0 lowerbound=1 fileNameGp=../graphsdb/mcs50/bvg/b03m/mcs50_b03m_s30.A60 fileNameGt=../graphsdb/mcs50/bvg/b03m/mcs50_b03m_s30.B60
Reading graphs...
30 :  44
30 :  45
Initializing...
maxdom : 30
D->valSize : 900
Solving...
currentSize : 10 <-- 0.010913 s
currentSize : 15 <-- 0.010988 s
currentSize : 18 <-- 0.011044 s
currentSize : 19 <-- 0.061300 s
currentSize : 20 <-- 1.590615 s
currentSize : 21 <-- 171.425217 s

maxsize : 21
nodes : 19453166.000000
filtered : 424406340.000000
time : 338.945618
