Parameters: GAD=1 vflib=1 dir=0 label=0 lowerbound=1 fileNameGp=../graphsdb/mcs50/bvg/b09/mcs50_b09_s35.A33 fileNameGt=../graphsdb/mcs50/bvg/b09/mcs50_b09_s35.B33
Reading graphs...
35 :  154
35 :  154
Initializing...
maxdom : 35
D->valSize : 1225
Solving...
currentSize : 11 <-- 0.022929 s
currentSize : 12 <-- 0.023047 s
currentSize : 14 <-- 0.023134 s
currentSize : 15 <-- 0.031244 s
currentSize : 16 <-- 0.149638 s
currentSize : 17 <-- 29.586235 s
currentSize : 18 <-- 569.235352 s
currentSize : 19 <-- 1166.509155 s

maxsize : 19
nodes : 246273129.000000
filtered : 5897570661.000000
time : 1847.860107
