Parameters: GAD=1 vflib=1 dir=0 label=0 lowerbound=1 fileNameGp=../graphsdb/mcs50/rand/r01/mcs50_r01_s25.A38 fileNameGt=../graphsdb/mcs50/rand/r01/mcs50_r01_s25.B38
Reading graphs...
25 :  57
25 :  58
Initializing...
maxdom : 25
D->valSize : 625
Solving...
currentSize : 11 <-- 0.005235 s
currentSize : 12 <-- 0.005259 s
currentSize : 13 <-- 0.005462 s
currentSize : 14 <-- 0.006867 s
currentSize : 15 <-- 0.043808 s
currentSize : 16 <-- 0.239836 s

maxsize : 16
nodes : 2097320.000000
filtered : 48650753.000000
time : 18.621532
