Parameters: GAD=1 vflib=1 dir=0 label=0 lowerbound=1 fileNameGp=../graphsdb/mcs50/rand/r02/mcs50_r02_s30.A64 fileNameGt=../graphsdb/mcs50/rand/r02/mcs50_r02_s30.B64
Reading graphs...
30 :  153
30 :  160
Initializing...
maxdom : 30
D->valSize : 900
Solving...
currentSize : 10 <-- 0.009368 s
currentSize : 11 <-- 0.009584 s
currentSize : 12 <-- 0.010585 s
currentSize : 13 <-- 0.058873 s
currentSize : 14 <-- 1.172907 s
currentSize : 15 <-- 102.495903 s

maxsize : 15
nodes : 60501190.000000
filtered : 935699488.000000
time : 303.993256
