Parameters: GAD=1 vflib=1 dir=0 label=0 lowerbound=1 fileNameGp=../graphsdb/mcs50/bvg/b09m/mcs50_b09m_s35.A80 fileNameGt=../graphsdb/mcs50/bvg/b09m/mcs50_b09m_s35.B80
Reading graphs...
35 :  150
35 :  148
Initializing...
maxdom : 35
D->valSize : 1225
Solving...
currentSize : 14 <-- 0.031615 s
currentSize : 15 <-- 0.033609 s
currentSize : 16 <-- 0.121122 s
currentSize : 17 <-- 14.988977 s
currentSize : 18 <-- 177.049423 s
currentSize : 19 <-- 209.237091 s

maxsize : 19
nodes : 201450487.000000
filtered : 5330670394.000000
time : 1753.294922
