Parameters: GAD=1 vflib=1 dir=0 label=0 lowerbound=1 fileNameGp=../graphsdb/mcs50/bvg/b06m/mcs50_b06m_s35.A45 fileNameGt=../graphsdb/mcs50/bvg/b06m/mcs50_b06m_s35.B45
Reading graphs...
35 :  101
35 :  101
Initializing...
maxdom : 35
D->valSize : 1225
Solving...
currentSize : 14 <-- 0.019334 s
currentSize : 15 <-- 0.019502 s
currentSize : 16 <-- 0.026562 s
currentSize : 17 <-- 0.038505 s
currentSize : 18 <-- 0.039025 s
currentSize : 19 <-- 1.492598 s
currentSize : 20 <-- 5.592388 s
currentSize : 21 <-- 61.517208 s

maxsize : 21
nodes : 214920814.000000
filtered : 7162736567.000000
time : 3091.556641
