Parameters: GAD=1 vflib=1 dir=0 label=0 lowerbound=1 fileNameGp=../graphsdb/mcs50/m4D/m4D/mcs50_m4D_s35.A92 fileNameGt=../graphsdb/mcs50/m4D/m4D/mcs50_m4D_s35.B92
Reading graphs...
35 :  61
35 :  63
Initializing...
maxdom : 35
D->valSize : 1225
Solving...
currentSize : 19 <-- 0.020719 s
currentSize : 20 <-- 1.778705 s
currentSize : 21 <-- 2.206934 s
currentSize : 22 <-- 3.792178 s
currentSize : 23 <-- 24.580681 s
currentSize : 24 <-- 290.109924 s

maxsize : 24
nodes : 81550247.000000
filtered : 2477981069.000000
time : 2154.663818
