Parameters: GAD=1 vflib=1 dir=0 label=0 lowerbound=1 fileNameGp=../graphsdb/mcs50/bvg/b03m/mcs50_b03m_s20.A99 fileNameGt=../graphsdb/mcs50/bvg/b03m/mcs50_b03m_s20.B99
Reading graphs...
20 :  29
20 :  29
Initializing...
maxdom : 20
D->valSize : 400
Solving...
currentSize : 10 <-- 0.002212 s
currentSize : 11 <-- 0.002826 s
currentSize : 12 <-- 0.004106 s
currentSize : 13 <-- 0.004354 s
currentSize : 14 <-- 0.005008 s
currentSize : 15 <-- 0.034626 s

maxsize : 15
nodes : 15126.000000
filtered : 335938.000000
time : 0.152172
