Parameters: GAD=1 vflib=1 dir=0 label=0 lowerbound=1 fileNameGp=../graphsdb/mcs50/bvg/b06/mcs50_b06_s35.A34 fileNameGt=../graphsdb/mcs50/bvg/b06/mcs50_b06_s35.B34
Reading graphs...
35 :  105
35 :  103
Initializing...
maxdom : 35
D->valSize : 1225
Solving...
currentSize : 14 <-- 0.033235 s
currentSize : 15 <-- 0.033289 s
currentSize : 17 <-- 0.033335 s
currentSize : 18 <-- 0.106926 s
currentSize : 19 <-- 0.259004 s
currentSize : 20 <-- 1.497625 s
currentSize : 21 <-- 473.658142 s
currentSize : 22 <-- 473.814056 s

maxsize : 22
nodes : 101063325.000000
filtered : 3233833129.000000
time : 1132.100586
