Parameters: GAD=1 vflib=1 dir=0 label=0 lowerbound=1 fileNameGp=../graphsdb/mcs50/m3D/m3Dr6/mcs50_m3Dr6_s20.A74 fileNameGt=../graphsdb/mcs50/m3D/m3Dr6/mcs50_m3Dr6_s20.B74
Reading graphs...
20 :  45
20 :  46
Initializing...
maxdom : 20
D->valSize : 400
Solving...
currentSize : 8 <-- 0.003647 s
currentSize : 9 <-- 0.003739 s
currentSize : 10 <-- 0.004584 s
currentSize : 11 <-- 0.006032 s
currentSize : 12 <-- 0.041034 s
currentSize : 13 <-- 0.082571 s

maxsize : 13
nodes : 119922.000000
filtered : 2165441.000000
time : 0.918314
