Parameters: GAD=1 vflib=1 dir=0 label=0 lowerbound=1 fileNameGp=../graphsdb/mcs50/m3D/m3Dr6/mcs50_m3Dr6_s20.A56 fileNameGt=../graphsdb/mcs50/m3D/m3Dr6/mcs50_m3Dr6_s20.B56
Reading graphs...
20 :  47
20 :  45
Initializing...
maxdom : 20
D->valSize : 400
Solving...
currentSize : 7 <-- 0.002391 s
currentSize : 8 <-- 0.002412 s
currentSize : 9 <-- 0.003119 s
currentSize : 11 <-- 0.007805 s
currentSize : 12 <-- 0.007887 s
currentSize : 13 <-- 0.171596 s

maxsize : 13
nodes : 74301.000000
filtered : 1349194.000000
time : 0.479509
