Parameters: GAD=1 vflib=1 dir=0 label=0 lowerbound=1 fileNameGp=../graphsdb/mcs50/bvg/b09/mcs50_b09_s25.A60 fileNameGt=../graphsdb/mcs50/bvg/b09/mcs50_b09_s25.B60
Reading graphs...
25 :  107
25 :  109
Initializing...
maxdom : 25
D->valSize : 625
Solving...
currentSize : 9 <-- 0.007687 s
currentSize : 10 <-- 0.007864 s
currentSize : 11 <-- 0.008220 s
currentSize : 12 <-- 0.008679 s
currentSize : 13 <-- 0.008939 s
currentSize : 14 <-- 0.038426 s
currentSize : 15 <-- 1.039693 s

maxsize : 15
nodes : 641046.000000
filtered : 13595364.000000
time : 3.823307
