Parameters: GAD=1 vflib=1 dir=0 label=0 lowerbound=1 fileNameGp=../graphsdb/mcs50/rand/r01/mcs50_r01_s35.A89 fileNameGt=../graphsdb/mcs50/rand/r01/mcs50_r01_s35.B89
Reading graphs...
35 :  115
35 :  113
Initializing...
maxdom : 35
D->valSize : 1225
Solving...
currentSize : 13 <-- 0.018756 s
currentSize : 14 <-- 0.019030 s
currentSize : 15 <-- 0.019344 s
currentSize : 16 <-- 0.022333 s
currentSize : 17 <-- 0.024028 s
currentSize : 18 <-- 0.094322 s
currentSize : 19 <-- 0.774450 s
currentSize : 20 <-- 197.460480 s

TIMEOUT
maxsize : 20
nodes : 435316157.000000
filtered : 11835870442.000000
time : 3600.000244
