Parameters: GAD=1 vflib=1 dir=0 label=0 lowerbound=1 fileNameGp=../graphsdb/mcs50/m4D/m4Dr2/mcs50_m4Dr2_s35.A40 fileNameGt=../graphsdb/mcs50/m4D/m4Dr2/mcs50_m4Dr2_s35.B40
Reading graphs...
35 :  70
35 :  69
Initializing...
maxdom : 35
D->valSize : 1225
Solving...
currentSize : 17 <-- 0.024881 s
currentSize : 18 <-- 0.032077 s
currentSize : 19 <-- 0.199734 s
currentSize : 20 <-- 1.370974 s
currentSize : 21 <-- 3.162255 s
currentSize : 22 <-- 10.354776 s
currentSize : 23 <-- 16.218836 s
currentSize : 24 <-- 84.686028 s

maxsize : 24
nodes : 29395662.000000
filtered : 1159485538.000000
time : 950.545471
