Parameters: GAD=1 vflib=1 dir=0 label=0 lowerbound=1 fileNameGp=../graphsdb/mcs50/m3D/m3D/mcs50_m3D_s20.A10 fileNameGt=../graphsdb/mcs50/m3D/m3D/mcs50_m3D_s20.B10
Reading graphs...
20 :  36
20 :  36
Initializing...
maxdom : 20
D->valSize : 400
Solving...
currentSize : 9 <-- 0.002274 s
currentSize : 11 <-- 0.002363 s
currentSize : 12 <-- 0.002458 s
currentSize : 13 <-- 0.008059 s
currentSize : 14 <-- 0.026262 s
currentSize : 15 <-- 0.259165 s

maxsize : 15
nodes : 45827.000000
filtered : 876586.000000
time : 0.361588
