Parameters: GAD=1 vflib=1 dir=0 label=0 lowerbound=1 fileNameGp=../graphsdb/mcs50/rand/r02/mcs50_r02_s25.A10 fileNameGt=../graphsdb/mcs50/rand/r02/mcs50_r02_s25.B10
Reading graphs...
25 :  104
25 :  101
Initializing...
maxdom : 25
D->valSize : 625
Solving...
currentSize : 9 <-- 0.004674 s
currentSize : 10 <-- 0.004807 s
currentSize : 11 <-- 0.007674 s
currentSize : 12 <-- 0.060073 s
currentSize : 13 <-- 1.024874 s
currentSize : 14 <-- 11.581686 s

maxsize : 14
nodes : 3400262.000000
filtered : 54446169.000000
time : 16.749113
