Parameters: GAD=1 vflib=1 dir=0 label=0 lowerbound=1 fileNameGp=../graphsdb/mcs50/bvg/b03/mcs50_b03_s30.A92 fileNameGt=../graphsdb/mcs50/bvg/b03/mcs50_b03_s30.B92
Reading graphs...
30 :  45
30 :  45
Initializing...
maxdom : 30
D->valSize : 900
Solving...
currentSize : 9 <-- 0.011262 s
currentSize : 15 <-- 0.011342 s
currentSize : 17 <-- 0.011356 s
currentSize : 18 <-- 0.020024 s
currentSize : 19 <-- 0.044051 s
currentSize : 20 <-- 1.325708 s
currentSize : 21 <-- 8.261503 s
currentSize : 22 <-- 8.889799 s

maxsize : 22
nodes : 3410898.000000
filtered : 111813844.000000
time : 95.643295
