Parameters: GAD=1 vflib=1 dir=0 label=0 lowerbound=1 fileNameGp=../graphsdb/mcs50/m4D/m4D/mcs50_m4D_s30.A35 fileNameGt=../graphsdb/mcs50/m4D/m4D/mcs50_m4D_s30.B35
Reading graphs...
30 :  53
30 :  55
Initializing...
maxdom : 30
D->valSize : 900
Solving...
currentSize : 16 <-- 0.011025 s
currentSize : 17 <-- 0.011053 s
currentSize : 19 <-- 0.011105 s
currentSize : 20 <-- 0.014245 s
currentSize : 21 <-- 0.015228 s
currentSize : 22 <-- 8.229079 s

maxsize : 22
nodes : 1474597.000000
filtered : 54743603.000000
time : 46.742023
