Parameters: GAD=1 vflib=1 dir=0 label=0 lowerbound=1 fileNameGp=../graphsdb/mcs50/rand/r01/mcs50_r01_s35.A29 fileNameGt=../graphsdb/mcs50/rand/r01/mcs50_r01_s35.B29
Reading graphs...
35 :  114
35 :  114
Initializing...
maxdom : 35
D->valSize : 1225
Solving...
currentSize : 13 <-- 0.019039 s
currentSize : 14 <-- 0.019067 s
currentSize : 15 <-- 0.019230 s
currentSize : 16 <-- 0.019609 s
currentSize : 17 <-- 0.024909 s
currentSize : 18 <-- 0.107073 s
currentSize : 19 <-- 0.807223 s
currentSize : 20 <-- 1297.693481 s

TIMEOUT
maxsize : 20
nodes : 441763497.000000
filtered : 10859102671.000000
time : 3600.000000
