Parameters: GAD=1 vflib=1 dir=0 label=0 lowerbound=1 fileNameGp=../graphsdb/mcs50/rand/r01/mcs50_r01_s35.A51 fileNameGt=../graphsdb/mcs50/rand/r01/mcs50_r01_s35.B51
Reading graphs...
35 :  113
35 :  113
Initializing...
maxdom : 35
D->valSize : 1225
Solving...
currentSize : 10 <-- 0.018863 s
currentSize : 11 <-- 0.018915 s
currentSize : 13 <-- 0.018925 s
currentSize : 14 <-- 0.018935 s
currentSize : 15 <-- 0.020080 s
currentSize : 16 <-- 0.020645 s
currentSize : 17 <-- 0.413557 s
currentSize : 18 <-- 0.506365 s
currentSize : 20 <-- 16.820892 s

TIMEOUT
maxsize : 20
nodes : 331704678.000000
filtered : 9509397357.000000
time : 3600.000000
