Parameters: GAD=1 vflib=1 dir=0 label=0 lowerbound=1 fileNameGp=../graphsdb/mcs50/bvg/b09m/mcs50_b09m_s35.A93 fileNameGt=../graphsdb/mcs50/bvg/b09m/mcs50_b09m_s35.B93
Reading graphs...
35 :  147
35 :  148
Initializing...
maxdom : 35
D->valSize : 1225
Solving...
currentSize : 12 <-- 0.023982 s
currentSize : 13 <-- 0.029514 s
currentSize : 14 <-- 0.029697 s
currentSize : 15 <-- 0.029795 s
currentSize : 16 <-- 0.051555 s
currentSize : 17 <-- 0.229980 s
currentSize : 18 <-- 1.876363 s
currentSize : 19 <-- 49.478012 s

maxsize : 19
nodes : 139537258.000000
filtered : 4048326435.000000
time : 1291.093994
