Parameters: GAD=1 vflib=1 dir=0 label=0 lowerbound=1 fileNameGp=../graphsdb/mcs50/bvg/b09/mcs50_b09_s35.A28 fileNameGt=../graphsdb/mcs50/bvg/b09/mcs50_b09_s35.B28
Reading graphs...
35 :  151
35 :  153
Initializing...
maxdom : 35
D->valSize : 1225
Solving...
currentSize : 14 <-- 0.031518 s
currentSize : 15 <-- 0.031727 s
currentSize : 16 <-- 0.046748 s
currentSize : 17 <-- 0.051212 s
currentSize : 18 <-- 0.713709 s
currentSize : 19 <-- 31.701164 s
currentSize : 20 <-- 550.456787 s

maxsize : 20
nodes : 103793072.000000
filtered : 3046097807.000000
time : 856.665039
