Parameters: GAD=1 vflib=1 dir=0 label=0 lowerbound=1 fileNameGp=../graphsdb/mcs50/rand/r01/mcs50_r01_s30.A25 fileNameGt=../graphsdb/mcs50/rand/r01/mcs50_r01_s30.B25
Reading graphs...
30 :  86
30 :  82
Initializing...
maxdom : 30
D->valSize : 900
Solving...
currentSize : 12 <-- 0.010222 s
currentSize : 13 <-- 0.010566 s
currentSize : 14 <-- 0.012118 s
currentSize : 15 <-- 0.015513 s
currentSize : 16 <-- 0.019845 s
currentSize : 17 <-- 0.280180 s
currentSize : 18 <-- 42.827099 s

maxsize : 18
nodes : 36101155.000000
filtered : 891170492.000000
time : 316.977570
