Parameters: GAD=1 vflib=1 dir=0 label=0 lowerbound=1 fileNameGp=../graphsdb/mcs50/rand/r01/mcs50_r01_s25.A63 fileNameGt=../graphsdb/mcs50/rand/r01/mcs50_r01_s25.B63
Reading graphs...
25 :  56
25 :  56
Initializing...
maxdom : 25
D->valSize : 625
Solving...
currentSize : 10 <-- 0.008768 s
currentSize : 11 <-- 0.009470 s
currentSize : 12 <-- 0.012126 s
currentSize : 13 <-- 0.012425 s
currentSize : 14 <-- 0.046038 s
currentSize : 15 <-- 0.401233 s
currentSize : 16 <-- 0.505949 s

maxsize : 16
nodes : 1906114.000000
filtered : 40705316.000000
time : 15.715082
