Parameters: GAD=1 vflib=1 dir=0 label=0 lowerbound=1 fileNameGp=../graphsdb/mcs50/rand/r005/mcs50_r005_s20.A90 fileNameGt=../graphsdb/mcs50/rand/r005/mcs50_r005_s20.B90
Reading graphs...
20 :  24
20 :  23
Initializing...
maxdom : 20
D->valSize : 400
Solving...
currentSize : 9 <-- 0.003998 s
currentSize : 10 <-- 0.004020 s
currentSize : 11 <-- 0.004080 s
currentSize : 12 <-- 0.004101 s
currentSize : 13 <-- 0.005521 s
currentSize : 14 <-- 0.006187 s
currentSize : 15 <-- 0.030139 s
currentSize : 16 <-- 0.037017 s

maxsize : 16
nodes : 5855.000000
filtered : 124284.000000
time : 0.132905
