Parameters: GAD=1 vflib=1 dir=0 label=0 lowerbound=1 fileNameGp=../graphsdb/mcs50/rand/r01/mcs50_r01_s30.A72 fileNameGt=../graphsdb/mcs50/rand/r01/mcs50_r01_s30.B72
Reading graphs...
30 :  80
30 :  83
Initializing...
maxdom : 30
D->valSize : 900
Solving...
currentSize : 13 <-- 0.010712 s
currentSize : 14 <-- 0.011192 s
currentSize : 15 <-- 0.012670 s
currentSize : 16 <-- 0.015371 s
currentSize : 17 <-- 0.123469 s
currentSize : 18 <-- 9.191426 s

maxsize : 18
nodes : 51236041.000000
filtered : 1152875798.000000
time : 400.638245
