Parameters: GAD=1 vflib=1 dir=0 label=0 lowerbound=1 fileNameGp=../graphsdb/mcs50/rand/r02/mcs50_r02_s30.A41 fileNameGt=../graphsdb/mcs50/rand/r02/mcs50_r02_s30.B41
Reading graphs...
30 :  163
30 :  156
Initializing...
maxdom : 30
D->valSize : 900
Solving...
currentSize : 8 <-- 0.009373 s
currentSize : 9 <-- 0.009397 s
currentSize : 10 <-- 0.009464 s
currentSize : 11 <-- 0.009642 s
currentSize : 12 <-- 0.010011 s
currentSize : 13 <-- 0.060135 s
currentSize : 14 <-- 0.987529 s
currentSize : 15 <-- 153.597900 s

maxsize : 15
nodes : 55618237.000000
filtered : 845150372.000000
time : 280.035736
