Parameters: GAD=1 vflib=1 dir=0 label=0 lowerbound=1 fileNameGp=../graphsdb/mcs50/bvg/b06m/mcs50_b06m_s25.A17 fileNameGt=../graphsdb/mcs50/bvg/b06m/mcs50_b06m_s25.B17
Reading graphs...
25 :  71
25 :  70
Initializing...
maxdom : 25
D->valSize : 625
Solving...
currentSize : 9 <-- 0.008776 s
currentSize : 10 <-- 0.008915 s
currentSize : 11 <-- 0.009012 s
currentSize : 12 <-- 0.011990 s
currentSize : 13 <-- 0.014919 s
currentSize : 14 <-- 0.339183 s
currentSize : 15 <-- 1.082722 s

maxsize : 15
nodes : 1861627.000000
filtered : 41113333.000000
time : 12.644802
