Parameters: GAD=1 vflib=1 dir=0 label=0 lowerbound=1 fileNameGp=../graphsdb/mcs50/rand/r01/mcs50_r01_s25.A85 fileNameGt=../graphsdb/mcs50/rand/r01/mcs50_r01_s25.B85
Reading graphs...
25 :  53
25 :  53
Initializing...
maxdom : 25
D->valSize : 625
Solving...
currentSize : 12 <-- 0.008750 s
currentSize : 13 <-- 0.012535 s
currentSize : 14 <-- 0.023802 s
currentSize : 15 <-- 0.053039 s
currentSize : 16 <-- 0.248476 s
currentSize : 17 <-- 0.248500 s

maxsize : 17
nodes : 613267.000000
filtered : 17525295.000000
time : 7.911918
