Parameters: GAD=1 vflib=1 dir=0 label=0 lowerbound=1 fileNameGp=../graphsdb/mcs50/m4D/m4D/mcs50_m4D_s30.A21 fileNameGt=../graphsdb/mcs50/m4D/m4D/mcs50_m4D_s30.B21
Reading graphs...
30 :  55
30 :  55
Initializing...
maxdom : 30
D->valSize : 900
Solving...
currentSize : 12 <-- 0.019316 s
currentSize : 14 <-- 0.019349 s
currentSize : 16 <-- 0.019395 s
currentSize : 17 <-- 0.019591 s
currentSize : 18 <-- 0.035308 s
currentSize : 19 <-- 0.082039 s
currentSize : 20 <-- 0.396037 s
currentSize : 21 <-- 0.714277 s
currentSize : 22 <-- 4.646623 s

maxsize : 22
nodes : 676928.000000
filtered : 19951495.000000
time : 27.747204
