Parameters: GAD=1 vflib=1 dir=0 label=0 lowerbound=1 fileNameGp=../graphsdb/mcs50/m2D/m2Dr2/mcs50_m2Dr2_s20.A34 fileNameGt=../graphsdb/mcs50/m2D/m2Dr2/mcs50_m2Dr2_s20.B34
Reading graphs...
20 :  35
20 :  34
Initializing...
maxdom : 20
D->valSize : 400
Solving...
currentSize : 9 <-- 0.002154 s
currentSize : 10 <-- 0.002198 s
currentSize : 11 <-- 0.002308 s
currentSize : 12 <-- 0.136320 s
currentSize : 13 <-- 0.202248 s
currentSize : 14 <-- 0.645214 s

maxsize : 14
nodes : 134827.000000
filtered : 1816106.000000
time : 0.948728
