Parameters: GAD=1 vflib=1 dir=0 label=0 lowerbound=1 fileNameGp=../graphsdb/mcs50/bvg/b06/mcs50_b06_s35.A06 fileNameGt=../graphsdb/mcs50/bvg/b06/mcs50_b06_s35.B06
Reading graphs...
35 :  102
35 :  104
Initializing...
maxdom : 35
D->valSize : 1225
Solving...
currentSize : 15 <-- 0.019229 s
currentSize : 16 <-- 0.019770 s
currentSize : 17 <-- 0.034270 s
currentSize : 18 <-- 0.046998 s
currentSize : 19 <-- 4.475336 s
currentSize : 20 <-- 38.530807 s
currentSize : 21 <-- 343.341614 s
currentSize : 22 <-- 1044.296753 s

maxsize : 22
nodes : 140420199.000000
filtered : 4487024430.000000
time : 1731.273560
