Parameters: GAD=1 vflib=1 dir=0 label=0 lowerbound=1 fileNameGp=../graphsdb/mcs50/m2D/m2Dr2/mcs50_m2Dr2_s30.A49 fileNameGt=../graphsdb/mcs50/m2D/m2Dr2/mcs50_m2Dr2_s30.B49
Reading graphs...
30 :  54
30 :  52
Initializing...
maxdom : 30
D->valSize : 900
Solving...
currentSize : 13 <-- 0.011074 s
currentSize : 14 <-- 0.011122 s
currentSize : 15 <-- 0.011165 s
currentSize : 17 <-- 0.047183 s
currentSize : 18 <-- 0.503948 s
currentSize : 19 <-- 8.872960 s
currentSize : 20 <-- 37.702408 s
currentSize : 21 <-- 53.897285 s

maxsize : 21
nodes : 7454293.000000
filtered : 203777383.000000
time : 132.516663
