Parameters: GAD=1 vflib=1 dir=0 label=0 lowerbound=1 fileNameGp=../graphsdb/mcs50/m4D/m4D/mcs50_m4D_s35.A11 fileNameGt=../graphsdb/mcs50/m4D/m4D/mcs50_m4D_s35.B11
Reading graphs...
35 :  63
35 :  62
Initializing...
maxdom : 35
D->valSize : 1225
Solving...
currentSize : 17 <-- 0.020515 s
currentSize : 18 <-- 0.028262 s
currentSize : 19 <-- 0.029660 s
currentSize : 20 <-- 0.271861 s
currentSize : 21 <-- 0.947121 s
currentSize : 22 <-- 27.862036 s
currentSize : 23 <-- 27.864130 s
currentSize : 24 <-- 46.194393 s
currentSize : 25 <-- 220.748322 s

maxsize : 25
nodes : 21033373.000000
filtered : 737481824.000000
time : 641.797302
