Parameters: GAD=1 vflib=1 dir=0 label=0 lowerbound=1 fileNameGp=../graphsdb/mcs50/m4D/m4Dr4/mcs50_m4Dr4_s30.A25 fileNameGt=../graphsdb/mcs50/m4D/m4Dr4/mcs50_m4Dr4_s30.B25
Reading graphs...
30 :  67
30 :  66
Initializing...
maxdom : 30
D->valSize : 900
Solving...
currentSize : 14 <-- 0.010637 s
currentSize : 15 <-- 0.010714 s
currentSize : 16 <-- 0.013315 s
currentSize : 17 <-- 0.013462 s
currentSize : 18 <-- 0.092202 s
currentSize : 19 <-- 0.675965 s
currentSize : 20 <-- 22.670414 s

maxsize : 20
nodes : 5006247.000000
filtered : 154387043.000000
time : 72.912689
