Parameters: GAD=1 vflib=1 dir=0 label=0 lowerbound=1 fileNameGp=../graphsdb/mcs50/bvg/b03m/mcs50_b03m_s30.A09 fileNameGt=../graphsdb/mcs50/bvg/b03m/mcs50_b03m_s30.B09
Reading graphs...
30 :  45
30 :  45
Initializing...
maxdom : 30
D->valSize : 900
Solving...
currentSize : 15 <-- 0.011250 s
currentSize : 16 <-- 0.011294 s
currentSize : 17 <-- 0.039318 s
currentSize : 18 <-- 1.442349 s
currentSize : 19 <-- 1.747811 s
currentSize : 20 <-- 35.098511 s
currentSize : 21 <-- 64.526978 s

maxsize : 21
nodes : 10778920.000000
filtered : 232292289.000000
time : 204.941360
