Parameters: GAD=1 vflib=1 dir=0 label=0 lowerbound=1 fileNameGp=../graphsdb/mcs50/bvg/b06/mcs50_b06_s35.A81 fileNameGt=../graphsdb/mcs50/bvg/b06/mcs50_b06_s35.B81
Reading graphs...
35 :  103
35 :  103
Initializing...
maxdom : 35
D->valSize : 1225
Solving...
currentSize : 14 <-- 0.019067 s
currentSize : 15 <-- 0.019139 s
currentSize : 16 <-- 0.019160 s
currentSize : 17 <-- 0.022130 s
currentSize : 18 <-- 0.031771 s
currentSize : 19 <-- 0.195681 s
currentSize : 20 <-- 17.323359 s
currentSize : 21 <-- 330.848053 s
currentSize : 22 <-- 1381.762817 s

maxsize : 22
nodes : 144754394.000000
filtered : 4869710385.000000
time : 1918.594116
