Parameters: GAD=1 vflib=1 dir=0 label=0 lowerbound=1 fileNameGp=../graphsdb/mcs50/bvg/b06/mcs50_b06_s30.A07 fileNameGt=../graphsdb/mcs50/bvg/b06/mcs50_b06_s30.B07
Reading graphs...
30 :  89
30 :  90
Initializing...
maxdom : 30
D->valSize : 900
Solving...
currentSize : 12 <-- 0.010400 s
currentSize : 13 <-- 0.010475 s
currentSize : 14 <-- 0.010610 s
currentSize : 15 <-- 0.013233 s
currentSize : 16 <-- 0.284389 s
currentSize : 17 <-- 0.312883 s
currentSize : 18 <-- 1.153086 s
currentSize : 19 <-- 4.109190 s

maxsize : 19
nodes : 4913766.000000
filtered : 165211002.000000
time : 60.292263
