Parameters: GAD=1 vflib=1 dir=0 label=0 lowerbound=1 fileNameGp=../graphsdb/mcs50/bvg/b06/mcs50_b06_s25.A37 fileNameGt=../graphsdb/mcs50/bvg/b06/mcs50_b06_s25.B37
Reading graphs...
25 :  73
25 :  74
Initializing...
maxdom : 25
D->valSize : 625
Solving...
currentSize : 11 <-- 0.008392 s
currentSize : 12 <-- 0.008427 s
currentSize : 13 <-- 0.009803 s
currentSize : 14 <-- 0.052912 s
currentSize : 15 <-- 0.061682 s
currentSize : 16 <-- 0.606733 s

maxsize : 16
nodes : 466293.000000
filtered : 11448747.000000
time : 3.478010
