Parameters: GAD=1 vflib=1 dir=0 label=0 lowerbound=1 fileNameGp=../graphsdb/mcs50/m4D/m4Dr2/mcs50_m4Dr2_s35.A34 fileNameGt=../graphsdb/mcs50/m4D/m4Dr2/mcs50_m4Dr2_s35.B34
Reading graphs...
35 :  69
35 :  69
Initializing...
maxdom : 35
D->valSize : 1225
Solving...
currentSize : 16 <-- 0.020432 s
currentSize : 17 <-- 0.020457 s
currentSize : 18 <-- 0.037734 s
currentSize : 19 <-- 0.176219 s
currentSize : 21 <-- 0.283709 s
currentSize : 22 <-- 158.615768 s
currentSize : 23 <-- 532.515320 s
currentSize : 24 <-- 677.146423 s
currentSize : 25 <-- 784.898071 s

maxsize : 25
nodes : 48965266.000000
filtered : 1424082172.000000
time : 1150.599121
