Parameters: GAD=1 vflib=1 dir=0 label=0 lowerbound=1 fileNameGp=../graphsdb/mcs50/m4D/m4Dr2/mcs50_m4Dr2_s35.A85 fileNameGt=../graphsdb/mcs50/m4D/m4Dr2/mcs50_m4Dr2_s35.B85
Reading graphs...
35 :  69
35 :  69
Initializing...
maxdom : 35
D->valSize : 1225
Solving...
currentSize : 14 <-- 0.021063 s
currentSize : 15 <-- 0.021094 s
currentSize : 16 <-- 0.021638 s
currentSize : 18 <-- 0.025861 s
currentSize : 19 <-- 0.026199 s
currentSize : 20 <-- 1.407058 s
currentSize : 21 <-- 1.414002 s
currentSize : 22 <-- 1.419051 s
currentSize : 23 <-- 50.915657 s
currentSize : 24 <-- 1518.205078 s

maxsize : 24
nodes : 106630843.000000
filtered : 3338292843.000000
time : 2147.935059
