Parameters: GAD=1 vflib=1 dir=0 label=0 lowerbound=1 fileNameGp=../graphsdb/mcs50/m3D/m3Dr2/mcs50_m3Dr2_s20.A50 fileNameGt=../graphsdb/mcs50/m3D/m3Dr2/mcs50_m3Dr2_s20.B50
Reading graphs...
20 :  38
20 :  38
Initializing...
maxdom : 20
D->valSize : 400
Solving...
currentSize : 9 <-- 0.003751 s
currentSize : 10 <-- 0.003808 s
currentSize : 11 <-- 0.004165 s
currentSize : 12 <-- 0.005345 s
currentSize : 13 <-- 0.021107 s
currentSize : 14 <-- 0.226572 s

maxsize : 14
nodes : 50222.000000
filtered : 1004799.000000
time : 0.465542
