Parameters: GAD=1 vflib=1 dir=0 label=0 lowerbound=1 fileNameGp=../graphsdb/mcs50/m2D/m2Dr4/mcs50_m2Dr4_s30.A91 fileNameGt=../graphsdb/mcs50/m2D/m2Dr4/mcs50_m2Dr4_s30.B91
Reading graphs...
30 :  60
30 :  60
Initializing...
maxdom : 30
D->valSize : 900
Solving...
currentSize : 13 <-- 0.011349 s
currentSize : 14 <-- 0.011430 s
currentSize : 16 <-- 0.011517 s
currentSize : 17 <-- 0.014121 s
currentSize : 18 <-- 0.043382 s
currentSize : 19 <-- 8.733540 s
currentSize : 20 <-- 78.791710 s

maxsize : 20
nodes : 17002035.000000
filtered : 493789834.000000
time : 269.156036
