Parameters: GAD=1 vflib=1 dir=0 label=0 lowerbound=1 fileNameGp=../graphsdb/mcs50/bvg/b06/mcs50_b06_s35.A45 fileNameGt=../graphsdb/mcs50/bvg/b06/mcs50_b06_s35.B45
Reading graphs...
35 :  103
35 :  103
Initializing...
maxdom : 35
D->valSize : 1225
Solving...
currentSize : 12 <-- 0.019535 s
currentSize : 13 <-- 0.019572 s
currentSize : 14 <-- 0.020051 s
currentSize : 15 <-- 0.020059 s
currentSize : 16 <-- 0.033311 s
currentSize : 17 <-- 0.091341 s
currentSize : 18 <-- 0.121548 s
currentSize : 19 <-- 0.329048 s
currentSize : 20 <-- 0.475083 s
currentSize : 21 <-- 11.250590 s
currentSize : 22 <-- 94.473778 s

maxsize : 22
nodes : 79542873.000000
filtered : 3140562742.000000
time : 1259.707764
