Parameters: GAD=1 vflib=1 dir=0 label=0 lowerbound=1 fileNameGp=../graphsdb/mcs50/m4D/m4Dr4/mcs50_m4Dr4_s30.A27 fileNameGt=../graphsdb/mcs50/m4D/m4Dr4/mcs50_m4Dr4_s30.B27
Reading graphs...
30 :  65
30 :  64
Initializing...
maxdom : 30
D->valSize : 900
Solving...
currentSize : 10 <-- 0.010584 s
currentSize : 13 <-- 0.010648 s
currentSize : 14 <-- 0.012135 s
currentSize : 15 <-- 0.012721 s
currentSize : 16 <-- 0.015133 s
currentSize : 17 <-- 0.189346 s
currentSize : 18 <-- 0.201275 s
currentSize : 19 <-- 0.267610 s
currentSize : 20 <-- 0.881985 s

maxsize : 20
nodes : 4562468.000000
filtered : 151894851.000000
time : 118.877251
