Parameters: GAD=1 vflib=1 dir=0 label=0 lowerbound=1 fileNameGp=../graphsdb/mcs50/bvg/b09m/mcs50_b09m_s35.A72 fileNameGt=../graphsdb/mcs50/bvg/b09m/mcs50_b09m_s35.B72
Reading graphs...
35 :  145
35 :  144
Initializing...
maxdom : 35
D->valSize : 1225
Solving...
currentSize : 14 <-- 0.018214 s
currentSize : 15 <-- 0.021778 s
currentSize : 16 <-- 0.048227 s
currentSize : 17 <-- 0.186344 s
currentSize : 18 <-- 124.953468 s
currentSize : 19 <-- 3060.694092 s

maxsize : 19
nodes : 450651603.000000
filtered : 10830402187.000000
time : 3479.864258
