Parameters: GAD=1 vflib=1 dir=0 label=0 lowerbound=1 fileNameGp=../graphsdb/mcs50/bvg/b03/mcs50_b03_s10.A96 fileNameGt=../graphsdb/mcs50/bvg/b03/mcs50_b03_s10.B96
Reading graphs...
10 :  15
10 :  15
Initializing...
maxdom : 10
D->valSize : 100
Solving...
currentSize : 2 <-- 0.000416 s
currentSize : 3 <-- 0.000426 s
currentSize : 4 <-- 0.000436 s
currentSize : 5 <-- 0.000445 s
currentSize : 6 <-- 0.000632 s
currentSize : 7 <-- 0.000844 s

maxsize : 7
nodes : 371.000000
filtered : 4576.000000
time : 0.001805
