Parameters: GAD=1 vflib=1 dir=0 label=0 lowerbound=1 fileNameGp=../graphsdb/mcs50/bvg/b06m/mcs50_b06m_s35.A17 fileNameGt=../graphsdb/mcs50/bvg/b06m/mcs50_b06m_s35.B17
Reading graphs...
35 :  102
35 :  102
Initializing...
maxdom : 35
D->valSize : 1225
Solving...
currentSize : 16 <-- 0.019118 s
currentSize : 17 <-- 0.055355 s
currentSize : 18 <-- 0.055380 s
currentSize : 19 <-- 2.252169 s
currentSize : 20 <-- 86.049461 s
currentSize : 21 <-- 460.468536 s

maxsize : 21
nodes : 153039689.000000
filtered : 5349855861.000000
time : 2343.959473
