Parameters: GAD=1 vflib=1 dir=0 label=0 lowerbound=1 fileNameGp=../graphsdb/mcs50/m2D/m2Dr2/mcs50_m2Dr2_s30.A52 fileNameGt=../graphsdb/mcs50/m2D/m2Dr2/mcs50_m2Dr2_s30.B52
Reading graphs...
30 :  55
30 :  54
Initializing...
maxdom : 30
D->valSize : 900
Solving...
currentSize : 14 <-- 0.019112 s
currentSize : 15 <-- 0.019132 s
currentSize : 16 <-- 0.019758 s
currentSize : 17 <-- 0.020414 s
currentSize : 18 <-- 0.040049 s
currentSize : 19 <-- 0.257181 s
currentSize : 20 <-- 0.259919 s
currentSize : 21 <-- 6.184273 s

maxsize : 21
nodes : 5896137.000000
filtered : 194037878.000000
time : 124.944733
