Parameters: GAD=1 vflib=1 dir=0 label=0 lowerbound=1 fileNameGp=../graphsdb/mcs50/m4D/m4Dr6/mcs50_m4Dr6_s35.A52 fileNameGt=../graphsdb/mcs50/m4D/m4Dr6/mcs50_m4Dr6_s35.B52
Reading graphs...
35 :  83
35 :  82
Initializing...
maxdom : 35
D->valSize : 1225
Solving...
currentSize : 15 <-- 0.020249 s
currentSize : 16 <-- 0.020332 s
currentSize : 17 <-- 0.021067 s
currentSize : 18 <-- 0.077343 s
currentSize : 19 <-- 0.225640 s
currentSize : 20 <-- 12.398078 s
currentSize : 21 <-- 12.591347 s
currentSize : 22 <-- 491.234741 s

maxsize : 22
nodes : 157392808.000000
filtered : 5441060311.000000
time : 3069.832520
