Parameters: GAD=1 vflib=1 dir=0 label=0 lowerbound=1 fileNameGp=../graphsdb/mcs50/bvg/b03/mcs50_b03_s30.A49 fileNameGt=../graphsdb/mcs50/bvg/b03/mcs50_b03_s30.B49
Reading graphs...
30 :  45
30 :  44
Initializing...
maxdom : 30
D->valSize : 900
Solving...
currentSize : 15 <-- 0.015922 s
currentSize : 16 <-- 0.016054 s
currentSize : 17 <-- 0.019410 s
currentSize : 18 <-- 0.052871 s
currentSize : 19 <-- 0.053745 s
currentSize : 20 <-- 1.166922 s
currentSize : 21 <-- 41.797070 s

maxsize : 21
nodes : 16125900.000000
filtered : 426248519.000000
time : 350.754883
