Parameters: GAD=1 vflib=1 dir=0 label=0 lowerbound=1 fileNameGp=../graphsdb/mcs50/bvg/b09m/mcs50_b09m_s35.A39 fileNameGt=../graphsdb/mcs50/bvg/b09m/mcs50_b09m_s35.B39
Reading graphs...
35 :  147
35 :  142
Initializing...
maxdom : 35
D->valSize : 1225
Solving...
currentSize : 12 <-- 0.018415 s
currentSize : 13 <-- 0.019559 s
currentSize : 14 <-- 0.022192 s
currentSize : 15 <-- 0.035662 s
currentSize : 16 <-- 0.036159 s
currentSize : 17 <-- 0.138013 s
currentSize : 18 <-- 3.076404 s
currentSize : 19 <-- 815.688904 s

maxsize : 19
nodes : 220834426.000000
filtered : 5988540146.000000
time : 1897.619995
