Parameters: GAD=1 vflib=1 dir=0 label=0 lowerbound=1 fileNameGp=../graphsdb/mcs50/m2D/m2D/mcs50_m2D_s30.A15 fileNameGt=../graphsdb/mcs50/m2D/m2D/mcs50_m2D_s30.B15
Reading graphs...
30 :  49
30 :  48
Initializing...
maxdom : 30
D->valSize : 900
Solving...
currentSize : 15 <-- 0.019314 s
currentSize : 16 <-- 0.019344 s
currentSize : 17 <-- 0.024568 s
currentSize : 18 <-- 0.034790 s
currentSize : 19 <-- 0.038376 s
currentSize : 20 <-- 0.041301 s
currentSize : 21 <-- 0.179319 s

maxsize : 21
nodes : 5902863.000000
filtered : 184237659.000000
time : 122.183060
