Parameters: GAD=1 vflib=1 dir=0 label=0 lowerbound=1 fileNameGp=../graphsdb/mcs50/bvg/b03m/mcs50_b03m_s30.A81 fileNameGt=../graphsdb/mcs50/bvg/b03m/mcs50_b03m_s30.B81
Reading graphs...
30 :  45
30 :  45
Initializing...
maxdom : 30
D->valSize : 900
Solving...
currentSize : 11 <-- 0.011085 s
currentSize : 12 <-- 0.013777 s
currentSize : 13 <-- 0.014128 s
currentSize : 16 <-- 0.033592 s
currentSize : 17 <-- 0.092760 s
currentSize : 18 <-- 0.101511 s
currentSize : 19 <-- 94.593597 s
currentSize : 20 <-- 151.007523 s
currentSize : 21 <-- 329.258667 s
currentSize : 22 <-- 447.390442 s

maxsize : 22
nodes : 30982157.000000
filtered : 521748375.000000
time : 477.157074
