Parameters: GAD=1 vflib=1 dir=0 label=0 lowerbound=1 fileNameGp=../graphsdb/mcs50/rand/r005/mcs50_r005_s25.A66 fileNameGt=../graphsdb/mcs50/rand/r005/mcs50_r005_s25.B66
Reading graphs...
25 :  35
25 :  34
Initializing...
maxdom : 25
D->valSize : 625
Solving...
currentSize : 8 <-- 0.009321 s
currentSize : 10 <-- 0.009377 s
currentSize : 11 <-- 0.009400 s
currentSize : 12 <-- 0.010095 s
currentSize : 13 <-- 0.010272 s
currentSize : 14 <-- 0.012574 s
currentSize : 15 <-- 0.056967 s
currentSize : 16 <-- 0.418233 s
currentSize : 17 <-- 0.550153 s
currentSize : 18 <-- 0.550179 s

maxsize : 18
nodes : 304692.000000
filtered : 6663415.000000
time : 6.423047
