Parameters: GAD=1 vflib=1 dir=0 label=0 lowerbound=1 fileNameGp=../graphsdb/mcs50/rand/r02/mcs50_r02_s25.A54 fileNameGt=../graphsdb/mcs50/rand/r02/mcs50_r02_s25.B54
Reading graphs...
25 :  104
25 :  107
Initializing...
maxdom : 25
D->valSize : 625
Solving...
currentSize : 8 <-- 0.007820 s
currentSize : 9 <-- 0.007845 s
currentSize : 10 <-- 0.007865 s
currentSize : 11 <-- 0.008225 s
currentSize : 12 <-- 0.015099 s
currentSize : 13 <-- 0.114853 s

maxsize : 13
nodes : 4936264.000000
filtered : 73704620.000000
time : 23.259695
