Parameters: GAD=1 vflib=1 dir=0 label=0 lowerbound=1 fileNameGp=../graphsdb/mcs50/m4D/m4D/mcs50_m4D_s35.A27 fileNameGt=../graphsdb/mcs50/m4D/m4D/mcs50_m4D_s35.B27
Reading graphs...
35 :  63
35 :  63
Initializing...
maxdom : 35
D->valSize : 1225
Solving...
currentSize : 15 <-- 0.035841 s
currentSize : 16 <-- 0.037866 s
currentSize : 17 <-- 0.063100 s
currentSize : 18 <-- 0.159236 s
currentSize : 19 <-- 1.036493 s
currentSize : 20 <-- 4.750501 s
currentSize : 21 <-- 4.956940 s
currentSize : 22 <-- 11.842697 s
currentSize : 23 <-- 12.018560 s
currentSize : 24 <-- 15.342313 s
currentSize : 25 <-- 84.863998 s

maxsize : 25
nodes : 11173016.000000
filtered : 382997033.000000
time : 343.867950
