Parameters: GAD=1 vflib=1 dir=0 label=0 lowerbound=1 fileNameGp=../graphsdb/mcs50/bvg/b03/mcs50_b03_s35.A57 fileNameGt=../graphsdb/mcs50/bvg/b03/mcs50_b03_s35.B57
Reading graphs...
35 :  52
35 :  52
Initializing...
maxdom : 35
D->valSize : 1225
Solving...
currentSize : 17 <-- 0.037289 s
currentSize : 18 <-- 0.049387 s
currentSize : 20 <-- 0.070074 s
currentSize : 21 <-- 0.494691 s
currentSize : 22 <-- 332.007141 s
currentSize : 23 <-- 632.798279 s
currentSize : 24 <-- 892.579651 s
currentSize : 26 <-- 896.882263 s

maxsize : 26
nodes : 95023550.000000
filtered : 1766491688.000000
time : 1518.149780
