Parameters: GAD=1 vflib=1 dir=0 label=0 lowerbound=1 fileNameGp=../graphsdb/mcs50/m2D/m2Dr4/mcs50_m2Dr4_s20.A60 fileNameGt=../graphsdb/mcs50/m2D/m2Dr4/mcs50_m2Dr4_s20.B60
Reading graphs...
20 :  39
20 :  36
Initializing...
maxdom : 20
D->valSize : 400
Solving...
currentSize : 9 <-- 0.003727 s
currentSize : 10 <-- 0.004249 s
currentSize : 11 <-- 0.009494 s
currentSize : 12 <-- 0.010787 s
currentSize : 13 <-- 0.034544 s
currentSize : 14 <-- 0.089369 s

maxsize : 14
nodes : 68787.000000
filtered : 1259037.000000
time : 0.536790
