Parameters: GAD=1 vflib=1 dir=0 label=0 lowerbound=1 fileNameGp=../graphsdb/mcs50/rand/r005/mcs50_r005_s35.A98 fileNameGt=../graphsdb/mcs50/rand/r005/mcs50_r005_s35.B98
Reading graphs...
35 :  59
35 :  61
Initializing...
maxdom : 35
D->valSize : 1225
Solving...
currentSize : 16 <-- 0.036635 s
currentSize : 17 <-- 0.036668 s
currentSize : 18 <-- 0.036853 s
currentSize : 19 <-- 0.036933 s
currentSize : 20 <-- 0.119752 s
currentSize : 21 <-- 11.507577 s
currentSize : 22 <-- 29.590893 s
currentSize : 23 <-- 30.801905 s
currentSize : 24 <-- 166.404495 s
currentSize : 25 <-- 594.081177 s

maxsize : 25
nodes : 54626015.000000
filtered : 1832732776.000000
time : 1385.664185
