Parameters: GAD=1 vflib=1 dir=0 label=0 lowerbound=1 fileNameGp=../graphsdb/mcs50/rand/r02/mcs50_r02_s30.A88 fileNameGt=../graphsdb/mcs50/rand/r02/mcs50_r02_s30.B88
Reading graphs...
30 :  156
30 :  158
Initializing...
maxdom : 30
D->valSize : 900
Solving...
currentSize : 9 <-- 0.015959 s
currentSize : 11 <-- 0.016187 s
currentSize : 12 <-- 0.017101 s
currentSize : 13 <-- 0.224711 s
currentSize : 14 <-- 10.689104 s
currentSize : 15 <-- 243.515366 s

maxsize : 15
nodes : 64522933.000000
filtered : 921643110.000000
time : 322.285645
