Parameters: GAD=1 vflib=1 dir=0 label=0 lowerbound=1 fileNameGp=../graphsdb/mcs50/bvg/b09/mcs50_b09_s20.A59 fileNameGt=../graphsdb/mcs50/bvg/b09/mcs50_b09_s20.B59
Reading graphs...
20 :  86
20 :  87
Initializing...
maxdom : 20
D->valSize : 400
Solving...
currentSize : 8 <-- 0.003269 s
currentSize : 9 <-- 0.003735 s
currentSize : 10 <-- 0.003809 s
currentSize : 11 <-- 0.003868 s
currentSize : 12 <-- 0.003966 s
currentSize : 13 <-- 0.004351 s
currentSize : 14 <-- 0.005805 s
currentSize : 15 <-- 0.009735 s

maxsize : 15
nodes : 7546.000000
filtered : 249334.000000
time : 0.092393
