Parameters: GAD=1 vflib=1 dir=0 label=0 lowerbound=1 fileNameGp=../graphsdb/mcs50/bvg/b09m/mcs50_b09m_s25.A98 fileNameGt=../graphsdb/mcs50/bvg/b09m/mcs50_b09m_s25.B98
Reading graphs...
25 :  102
25 :  104
Initializing...
maxdom : 25
D->valSize : 625
Solving...
currentSize : 9 <-- 0.007853 s
currentSize : 10 <-- 0.007899 s
currentSize : 11 <-- 0.007978 s
currentSize : 12 <-- 0.008709 s
currentSize : 13 <-- 0.042434 s
currentSize : 14 <-- 0.512130 s

maxsize : 14
nodes : 1840417.000000
filtered : 37072245.000000
time : 9.916293
