Parameters: GAD=1 vflib=1 dir=0 label=0 lowerbound=1 fileNameGp=../graphsdb/mcs50/bvg/b06m/mcs50_b06m_s35.A03 fileNameGt=../graphsdb/mcs50/bvg/b06m/mcs50_b06m_s35.B03
Reading graphs...
35 :  103
35 :  103
Initializing...
maxdom : 35
D->valSize : 1225
Solving...
currentSize : 10 <-- 0.033654 s
currentSize : 13 <-- 0.033691 s
currentSize : 14 <-- 0.034799 s
currentSize : 15 <-- 0.045224 s
currentSize : 16 <-- 0.074668 s
currentSize : 17 <-- 0.155635 s
currentSize : 18 <-- 0.155744 s
currentSize : 19 <-- 1.822390 s
currentSize : 20 <-- 79.360497 s

TIMEOUT
maxsize : 20
nodes : 326943949.000000
filtered : 9128604541.000000
time : 3600.000000
