Parameters: GAD=1 vflib=1 dir=0 label=0 lowerbound=1 fileNameGp=../graphsdb/mcs50/m4D/m4Dr2/mcs50_m4Dr2_s35.A83 fileNameGt=../graphsdb/mcs50/m4D/m4Dr2/mcs50_m4Dr2_s35.B83
Reading graphs...
35 :  69
35 :  70
Initializing...
maxdom : 35
D->valSize : 1225
Solving...
currentSize : 17 <-- 0.036207 s
currentSize : 18 <-- 0.040835 s
currentSize : 19 <-- 0.169097 s
currentSize : 20 <-- 0.382838 s
currentSize : 21 <-- 1.453374 s
currentSize : 22 <-- 13.380752 s
currentSize : 23 <-- 29.816294 s
currentSize : 24 <-- 952.526794 s

maxsize : 24
nodes : 105674536.000000
filtered : 3575282474.000000
time : 2481.739014
