Parameters: GAD=1 vflib=1 dir=0 label=0 lowerbound=1 fileNameGp=../graphsdb/mcs50/rand/r005/mcs50_r005_s25.A96 fileNameGt=../graphsdb/mcs50/rand/r005/mcs50_r005_s25.B96
Reading graphs...
25 :  34
25 :  35
Initializing...
maxdom : 25
D->valSize : 625
Solving...
currentSize : 10 <-- 0.005386 s
currentSize : 11 <-- 0.005407 s
currentSize : 12 <-- 0.005451 s
currentSize : 13 <-- 0.008515 s
currentSize : 14 <-- 0.089755 s
currentSize : 15 <-- 0.280943 s
currentSize : 16 <-- 1.083855 s
currentSize : 17 <-- 8.136231 s
currentSize : 18 <-- 8.248382 s
currentSize : 19 <-- 9.708995 s

maxsize : 19
nodes : 1065760.000000
filtered : 12316620.000000
time : 11.281667
