Parameters: GAD=1 vflib=1 dir=0 label=0 lowerbound=1 fileNameGp=../graphsdb/mcs50/bvg/b03m/mcs50_b03m_s25.A18 fileNameGt=../graphsdb/mcs50/bvg/b03m/mcs50_b03m_s25.B18
Reading graphs...
25 :  37
25 :  37
Initializing...
maxdom : 25
D->valSize : 625
Solving...
currentSize : 12 <-- 0.009397 s
currentSize : 13 <-- 0.009423 s
currentSize : 14 <-- 0.009923 s
currentSize : 15 <-- 0.011753 s
currentSize : 16 <-- 0.022234 s
currentSize : 17 <-- 0.113953 s
currentSize : 18 <-- 0.114063 s

maxsize : 18
nodes : 318790.000000
filtered : 8062879.000000
time : 5.358529
