Parameters: GAD=1 vflib=1 dir=0 label=0 lowerbound=1 fileNameGp=../graphsdb/mcs50/rand/r02/mcs50_r02_s30.A75 fileNameGt=../graphsdb/mcs50/rand/r02/mcs50_r02_s30.B75
Reading graphs...
30 :  160
30 :  159
Initializing...
maxdom : 30
D->valSize : 900
Solving...
currentSize : 10 <-- 0.009489 s
currentSize : 11 <-- 0.010163 s
currentSize : 12 <-- 0.010403 s
currentSize : 13 <-- 0.121545 s
currentSize : 14 <-- 0.182214 s
currentSize : 15 <-- 82.695808 s

maxsize : 15
nodes : 60243404.000000
filtered : 883130963.000000
time : 295.864899
