Parameters: GAD=1 vflib=1 dir=0 label=0 lowerbound=1 fileNameGp=../graphsdb/mcs50/bvg/b03m/mcs50_b03m_s25.A50 fileNameGt=../graphsdb/mcs50/bvg/b03m/mcs50_b03m_s25.B50
Reading graphs...
25 :  37
25 :  37
Initializing...
maxdom : 25
D->valSize : 625
Solving...
currentSize : 13 <-- 0.005319 s
currentSize : 14 <-- 0.005337 s
currentSize : 15 <-- 0.305492 s
currentSize : 16 <-- 0.434159 s
currentSize : 17 <-- 0.962140 s
currentSize : 18 <-- 1.085549 s

maxsize : 18
nodes : 504553.000000
filtered : 10249065.000000
time : 6.978098
