Parameters: GAD=1 vflib=1 dir=0 label=0 lowerbound=1 fileNameGp=../graphsdb/mcs50/bvg/b09/mcs50_b09_s30.A45 fileNameGt=../graphsdb/mcs50/bvg/b09/mcs50_b09_s30.B45
Reading graphs...
30 :  127
30 :  135
Initializing...
maxdom : 30
D->valSize : 900
Solving...
currentSize : 11 <-- 0.016556 s
currentSize : 12 <-- 0.016788 s
currentSize : 13 <-- 0.025792 s
currentSize : 14 <-- 0.063607 s
currentSize : 15 <-- 6.914236 s
currentSize : 16 <-- 7.499865 s
currentSize : 17 <-- 43.644039 s

maxsize : 17
nodes : 15717552.000000
filtered : 352815294.000000
time : 98.039230
