Parameters: GAD=1 vflib=1 dir=0 label=0 lowerbound=1 fileNameGp=../graphsdb/mcs50/m4D/m4Dr2/mcs50_m4Dr2_s35.A35 fileNameGt=../graphsdb/mcs50/m4D/m4Dr2/mcs50_m4Dr2_s35.B35
Reading graphs...
35 :  68
35 :  69
Initializing...
maxdom : 35
D->valSize : 1225
Solving...
currentSize : 13 <-- 0.020288 s
currentSize : 14 <-- 0.020309 s
currentSize : 15 <-- 0.020385 s
currentSize : 16 <-- 0.028117 s
currentSize : 17 <-- 0.039711 s
currentSize : 18 <-- 0.039765 s
currentSize : 19 <-- 0.039789 s
currentSize : 20 <-- 0.283945 s
currentSize : 21 <-- 31.047993 s
currentSize : 22 <-- 35.385719 s
currentSize : 23 <-- 1731.467773 s
currentSize : 24 <-- 1733.616699 s

maxsize : 24
nodes : 131781126.000000
filtered : 3996042221.000000
time : 2930.398193
