Parameters: GAD=1 vflib=1 dir=0 label=0 lowerbound=1 fileNameGp=../graphsdb/mcs50/m4D/m4Dr6/mcs50_m4Dr6_s35.A50 fileNameGt=../graphsdb/mcs50/m4D/m4Dr6/mcs50_m4Dr6_s35.B50
Reading graphs...
35 :  81
35 :  79
Initializing...
maxdom : 35
D->valSize : 1225
Solving...
currentSize : 13 <-- 0.020017 s
currentSize : 14 <-- 0.020387 s
currentSize : 15 <-- 0.020765 s
currentSize : 16 <-- 0.021482 s
currentSize : 18 <-- 0.159917 s
currentSize : 19 <-- 2.233822 s
currentSize : 20 <-- 27.334332 s
currentSize : 21 <-- 42.092079 s
currentSize : 22 <-- 691.677734 s
currentSize : 23 <-- 1565.307617 s

maxsize : 23
nodes : 115370260.000000
filtered : 3718849851.000000
time : 2113.127441
