Parameters: GAD=1 vflib=1 dir=0 label=0 lowerbound=1 fileNameGp=../graphsdb/mcs50/m2D/m2Dr6/mcs50_m2Dr6_s20.A94 fileNameGt=../graphsdb/mcs50/m2D/m2Dr6/mcs50_m2Dr6_s20.B94
Reading graphs...
20 :  42
20 :  38
Initializing...
maxdom : 20
D->valSize : 400
Solving...
currentSize : 9 <-- 0.002128 s
currentSize : 10 <-- 0.002160 s
currentSize : 11 <-- 0.002799 s
currentSize : 12 <-- 0.003620 s
currentSize : 13 <-- 0.014009 s
currentSize : 14 <-- 0.026709 s

maxsize : 14
nodes : 41215.000000
filtered : 921872.000000
time : 0.390248
