Parameters: GAD=1 vflib=1 dir=0 label=0 lowerbound=1 fileNameGp=../graphsdb/mcs50/bvg/b06/mcs50_b06_s35.A93 fileNameGt=../graphsdb/mcs50/bvg/b06/mcs50_b06_s35.B93
Reading graphs...
35 :  104
35 :  105
Initializing...
maxdom : 35
D->valSize : 1225
Solving...
currentSize : 13 <-- 0.019336 s
currentSize : 15 <-- 0.019396 s
currentSize : 16 <-- 0.020806 s
currentSize : 17 <-- 0.031277 s
currentSize : 18 <-- 0.037680 s
currentSize : 19 <-- 0.314707 s
currentSize : 20 <-- 55.482170 s
currentSize : 21 <-- 236.657928 s
currentSize : 22 <-- 1364.612183 s

maxsize : 22
nodes : 140512524.000000
filtered : 4734790354.000000
time : 1816.189819
