Parameters: GAD=1 vflib=1 dir=0 label=0 lowerbound=1 fileNameGp=../graphsdb/mcs50/m2D/m2Dr6/mcs50_m2Dr6_s30.A38 fileNameGt=../graphsdb/mcs50/m2D/m2Dr6/mcs50_m2Dr6_s30.B38
Reading graphs...
30 :  67
30 :  64
Initializing...
maxdom : 30
D->valSize : 900
Solving...
currentSize : 13 <-- 0.010898 s
currentSize : 14 <-- 0.025229 s
currentSize : 15 <-- 0.046849 s
currentSize : 16 <-- 0.124569 s
currentSize : 17 <-- 0.554892 s
currentSize : 18 <-- 1.406422 s
currentSize : 19 <-- 32.696171 s
currentSize : 20 <-- 38.149330 s

maxsize : 20
nodes : 7516457.000000
filtered : 221931502.000000
time : 124.569679
