Parameters: GAD=1 vflib=1 dir=0 label=0 lowerbound=1 fileNameGp=../graphsdb/mcs50/bvg/b06/mcs50_b06_s20.A67 fileNameGt=../graphsdb/mcs50/bvg/b06/mcs50_b06_s20.B67
Reading graphs...
20 :  57
20 :  59
Initializing...
maxdom : 20
D->valSize : 400
Solving...
currentSize : 7 <-- 0.002003 s
currentSize : 9 <-- 0.002034 s
currentSize : 10 <-- 0.004028 s
currentSize : 11 <-- 0.005008 s
currentSize : 12 <-- 0.066962 s
currentSize : 13 <-- 0.132805 s
currentSize : 14 <-- 0.132839 s

maxsize : 14
nodes : 43273.000000
filtered : 743214.000000
time : 0.230213
