Parameters: GAD=1 vflib=1 dir=0 label=0 lowerbound=1 fileNameGp=../graphsdb/mcs50/bvg/b09m/mcs50_b09m_s30.A51 fileNameGt=../graphsdb/mcs50/bvg/b09m/mcs50_b09m_s30.B51
Reading graphs...
30 :  129
30 :  131
Initializing...
maxdom : 30
D->valSize : 900
Solving...
currentSize : 11 <-- 0.016601 s
currentSize : 12 <-- 0.016654 s
currentSize : 13 <-- 0.017144 s
currentSize : 14 <-- 0.050570 s
currentSize : 15 <-- 0.312568 s
currentSize : 16 <-- 26.424280 s

maxsize : 16
nodes : 29836162.000000
filtered : 621698018.000000
time : 181.560532
