Parameters: GAD=1 vflib=1 dir=0 label=0 lowerbound=1 fileNameGp=../graphsdb/mcs50/m2D/m2Dr2/mcs50_m2Dr2_s30.A55 fileNameGt=../graphsdb/mcs50/m2D/m2Dr2/mcs50_m2Dr2_s30.B55
Reading graphs...
30 :  55
30 :  54
Initializing...
maxdom : 30
D->valSize : 900
Solving...
currentSize : 16 <-- 0.019153 s
currentSize : 17 <-- 0.019372 s
currentSize : 18 <-- 0.031874 s
currentSize : 19 <-- 0.054722 s
currentSize : 20 <-- 1.433054 s
currentSize : 21 <-- 60.033516 s

maxsize : 21
nodes : 7566071.000000
filtered : 212911265.000000
time : 122.786728
