Parameters: GAD=1 vflib=1 dir=0 label=0 lowerbound=1 fileNameGp=../graphsdb/mcs50/rand/r005/mcs50_r005_s30.A86 fileNameGt=../graphsdb/mcs50/rand/r005/mcs50_r005_s30.B86
Reading graphs...
30 :  47
30 :  47
Initializing...
maxdom : 30
D->valSize : 900
Solving...
currentSize : 13 <-- 0.011110 s
currentSize : 14 <-- 0.011143 s
currentSize : 15 <-- 0.011450 s
currentSize : 16 <-- 0.011621 s
currentSize : 17 <-- 0.012154 s
currentSize : 18 <-- 0.014638 s
currentSize : 19 <-- 0.113725 s
currentSize : 20 <-- 0.787431 s
currentSize : 21 <-- 2.947899 s
currentSize : 22 <-- 56.971085 s

maxsize : 22
nodes : 4914702.000000
filtered : 153900777.000000
time : 114.807343
