Parameters: GAD=1 vflib=1 dir=0 label=0 lowerbound=1 fileNameGp=../graphsdb/mcs50/m4D/m4Dr6/mcs50_m4Dr6_s30.A19 fileNameGt=../graphsdb/mcs50/m4D/m4Dr6/mcs50_m4Dr6_s30.B19
Reading graphs...
30 :  69
30 :  70
Initializing...
maxdom : 30
D->valSize : 900
Solving...
currentSize : 14 <-- 0.018545 s
currentSize : 15 <-- 0.018578 s
currentSize : 16 <-- 0.018597 s
currentSize : 17 <-- 0.070205 s
currentSize : 18 <-- 1.235777 s
currentSize : 19 <-- 2.106495 s
currentSize : 20 <-- 36.665741 s

maxsize : 20
nodes : 9928514.000000
filtered : 294388909.000000
time : 116.344040
