Parameters: GAD=1 vflib=1 dir=0 label=0 lowerbound=1 fileNameGp=../graphsdb/mcs50/m2D/m2D/mcs50_m2D_s30.A43 fileNameGt=../graphsdb/mcs50/m2D/m2D/mcs50_m2D_s30.B43
Reading graphs...
30 :  49
30 :  49
Initializing...
maxdom : 30
D->valSize : 900
Solving...
currentSize : 15 <-- 0.011390 s
currentSize : 16 <-- 0.013971 s
currentSize : 17 <-- 0.013990 s
currentSize : 18 <-- 0.407310 s
currentSize : 19 <-- 1.216877 s
currentSize : 20 <-- 2.374915 s
currentSize : 21 <-- 31.754484 s
currentSize : 22 <-- 154.552261 s

maxsize : 22
nodes : 7772783.000000
filtered : 240143167.000000
time : 177.184250
