Parameters: GAD=1 vflib=1 dir=0 label=0 lowerbound=1 fileNameGp=../graphsdb/mcs50/m4D/m4Dr2/mcs50_m4Dr2_s30.A41 fileNameGt=../graphsdb/mcs50/m4D/m4Dr2/mcs50_m4Dr2_s30.B41
Reading graphs...
30 :  59
30 :  58
Initializing...
maxdom : 30
D->valSize : 900
Solving...
currentSize : 12 <-- 0.011099 s
currentSize : 13 <-- 0.011287 s
currentSize : 14 <-- 0.014804 s
currentSize : 15 <-- 0.015305 s
currentSize : 16 <-- 1.660784 s
currentSize : 17 <-- 1.660812 s
currentSize : 18 <-- 5.183332 s
currentSize : 19 <-- 25.357744 s
currentSize : 20 <-- 32.013256 s
currentSize : 21 <-- 33.520061 s

maxsize : 21
nodes : 5003774.000000
filtered : 123776501.000000
time : 74.133224
