Parameters: GAD=1 vflib=1 dir=0 label=0 lowerbound=1 fileNameGp=../graphsdb/mcs50/m4D/m4Dr6/mcs50_m4Dr6_s35.A10 fileNameGt=../graphsdb/mcs50/m4D/m4Dr6/mcs50_m4Dr6_s35.B10
Reading graphs...
35 :  83
35 :  83
Initializing...
maxdom : 35
D->valSize : 1225
Solving...
currentSize : 14 <-- 0.020254 s
currentSize : 15 <-- 0.020285 s
currentSize : 16 <-- 0.021162 s
currentSize : 17 <-- 0.025626 s
currentSize : 18 <-- 0.173363 s
currentSize : 20 <-- 1.552351 s
currentSize : 21 <-- 8.642643 s
currentSize : 22 <-- 59.601097 s
currentSize : 23 <-- 501.096130 s

maxsize : 23
nodes : 67587217.000000
filtered : 2436192217.000000
time : 1181.928223
