Parameters: GAD=1 vflib=1 dir=0 label=0 lowerbound=1 fileNameGp=../graphsdb/mcs50/rand/r005/mcs50_r005_s30.A02 fileNameGt=../graphsdb/mcs50/rand/r005/mcs50_r005_s30.B02
Reading graphs...
30 :  47
30 :  47
Initializing...
maxdom : 30
D->valSize : 900
Solving...
currentSize : 15 <-- 0.019262 s
currentSize : 16 <-- 0.203561 s
currentSize : 17 <-- 3.325959 s
currentSize : 18 <-- 5.874716 s
currentSize : 19 <-- 11.371881 s
currentSize : 20 <-- 148.001877 s
currentSize : 21 <-- 247.145279 s

maxsize : 21
nodes : 19719525.000000
filtered : 362219263.000000
time : 319.463654
