Parameters: GAD=1 vflib=1 dir=0 label=0 lowerbound=1 fileNameGp=../graphsdb/mcs50/m4D/m4Dr2/mcs50_m4Dr2_s35.A22 fileNameGt=../graphsdb/mcs50/m4D/m4Dr2/mcs50_m4Dr2_s35.B22
Reading graphs...
35 :  70
35 :  69
Initializing...
maxdom : 35
D->valSize : 1225
Solving...
currentSize : 18 <-- 0.035822 s
currentSize : 19 <-- 0.035904 s
currentSize : 20 <-- 0.063569 s
currentSize : 21 <-- 0.063833 s
currentSize : 22 <-- 0.301936 s
currentSize : 23 <-- 19.907242 s

maxsize : 23
nodes : 138971657.000000
filtered : 4642203103.000000
time : 3376.164307
