Parameters: GAD=1 vflib=1 dir=0 label=0 lowerbound=1 fileNameGp=../graphsdb/mcs50/rand/r02/mcs50_r02_s30.A32 fileNameGt=../graphsdb/mcs50/rand/r02/mcs50_r02_s30.B32
Reading graphs...
30 :  156
30 :  162
Initializing...
maxdom : 30
D->valSize : 900
Solving...
currentSize : 10 <-- 0.009291 s
currentSize : 11 <-- 0.009730 s
currentSize : 12 <-- 0.010498 s
currentSize : 13 <-- 0.013649 s
currentSize : 14 <-- 12.002744 s
currentSize : 15 <-- 245.949463 s

maxsize : 15
nodes : 86698180.000000
filtered : 1186365672.000000
time : 408.562073
