Parameters: GAD=1 vflib=1 dir=0 label=0 lowerbound=1 fileNameGp=../graphsdb/mcs50/bvg/b09/mcs50_b09_s35.A19 fileNameGt=../graphsdb/mcs50/bvg/b09/mcs50_b09_s35.B19
Reading graphs...
35 :  152
35 :  154
Initializing...
maxdom : 35
D->valSize : 1225
Solving...
currentSize : 13 <-- 0.030923 s
currentSize : 14 <-- 0.030968 s
currentSize : 15 <-- 0.032657 s
currentSize : 16 <-- 0.390243 s
currentSize : 17 <-- 0.748294 s
currentSize : 18 <-- 16.754160 s
currentSize : 19 <-- 60.510342 s

maxsize : 19
nodes : 155941728.000000
filtered : 4266631800.000000
time : 1189.901489
