Parameters: GAD=1 vflib=1 dir=0 label=0 lowerbound=1 fileNameGp=../graphsdb/mcs50/bvg/b09m/mcs50_b09m_s30.A09 fileNameGt=../graphsdb/mcs50/bvg/b09m/mcs50_b09m_s30.B09
Reading graphs...
30 :  126
30 :  124
Initializing...
maxdom : 30
D->valSize : 900
Solving...
currentSize : 9 <-- 0.009756 s
currentSize : 12 <-- 0.009779 s
currentSize : 13 <-- 0.010028 s
currentSize : 14 <-- 0.016885 s
currentSize : 15 <-- 0.093456 s
currentSize : 16 <-- 13.183652 s

maxsize : 16
nodes : 30466999.000000
filtered : 638480583.000000
time : 183.398102
