Parameters: GAD=1 vflib=1 dir=0 label=0 lowerbound=1 fileNameGp=../graphsdb/mcs50/m4D/m4Dr4/mcs50_m4Dr4_s30.A63 fileNameGt=../graphsdb/mcs50/m4D/m4Dr4/mcs50_m4Dr4_s30.B63
Reading graphs...
30 :  66
30 :  67
Initializing...
maxdom : 30
D->valSize : 900
Solving...
currentSize : 13 <-- 0.010573 s
currentSize : 14 <-- 0.011225 s
currentSize : 15 <-- 0.013916 s
currentSize : 16 <-- 0.013964 s
currentSize : 17 <-- 0.024013 s
currentSize : 18 <-- 1.008102 s
currentSize : 19 <-- 3.455004 s

maxsize : 19
nodes : 16517313.000000
filtered : 413525030.000000
time : 176.385788
