Parameters: GAD=1 vflib=1 dir=0 label=0 lowerbound=1 fileNameGp=../graphsdb/mcs50/bvg/b06/mcs50_b06_s25.A68 fileNameGt=../graphsdb/mcs50/bvg/b06/mcs50_b06_s25.B68
Reading graphs...
25 :  73
25 :  75
Initializing...
maxdom : 25
D->valSize : 625
Solving...
currentSize : 9 <-- 0.008219 s
currentSize : 10 <-- 0.008240 s
currentSize : 11 <-- 0.008763 s
currentSize : 12 <-- 0.016562 s
currentSize : 13 <-- 0.043719 s
currentSize : 14 <-- 0.499639 s
currentSize : 15 <-- 0.683029 s
currentSize : 16 <-- 2.892922 s
currentSize : 17 <-- 4.165532 s

maxsize : 17
nodes : 732655.000000
filtered : 16634711.000000
time : 5.018652
