Parameters: GAD=1 vflib=1 dir=0 label=0 lowerbound=1 fileNameGp=../graphsdb/mcs50/m4D/m4Dr4/mcs50_m4Dr4_s30.A19 fileNameGt=../graphsdb/mcs50/m4D/m4Dr4/mcs50_m4Dr4_s30.B19
Reading graphs...
30 :  67
30 :  66
Initializing...
maxdom : 30
D->valSize : 900
Solving...
currentSize : 10 <-- 0.018907 s
currentSize : 11 <-- 0.018965 s
currentSize : 12 <-- 0.019986 s
currentSize : 14 <-- 0.020021 s
currentSize : 15 <-- 0.021869 s
currentSize : 16 <-- 0.035206 s
currentSize : 17 <-- 0.036853 s
currentSize : 18 <-- 0.700888 s
currentSize : 19 <-- 2.974020 s
currentSize : 20 <-- 11.289224 s

maxsize : 20
nodes : 5455832.000000
filtered : 174871317.000000
time : 77.552422
