Parameters: GAD=1 vflib=1 dir=0 label=0 lowerbound=1 fileNameGp=../graphsdb/mcs50/bvg/b09m/mcs50_b09m_s20.A02 fileNameGt=../graphsdb/mcs50/bvg/b09m/mcs50_b09m_s20.B02
Reading graphs...
20 :  81
20 :  84
Initializing...
maxdom : 20
D->valSize : 400
Solving...
currentSize : 7 <-- 0.001986 s
currentSize : 8 <-- 0.002013 s
currentSize : 9 <-- 0.002415 s
currentSize : 10 <-- 0.003031 s
currentSize : 11 <-- 0.018116 s
currentSize : 12 <-- 0.099491 s

maxsize : 12
nodes : 104127.000000
filtered : 1836306.000000
time : 0.470096
