Parameters: GAD=1 vflib=1 dir=0 label=0 lowerbound=1 fileNameGp=../graphsdb/mcs50/bvg/b03/mcs50_b03_s35.A99 fileNameGt=../graphsdb/mcs50/bvg/b03/mcs50_b03_s35.B99
Reading graphs...
35 :  51
35 :  52
Initializing...
maxdom : 35
D->valSize : 1225
Solving...
currentSize : 17 <-- 0.020887 s
currentSize : 18 <-- 0.025017 s
currentSize : 19 <-- 0.029694 s
currentSize : 20 <-- 0.171209 s
currentSize : 21 <-- 4.275777 s
currentSize : 22 <-- 12.422478 s
currentSize : 23 <-- 66.182693 s
currentSize : 24 <-- 324.345337 s
currentSize : 25 <-- 1658.982666 s

maxsize : 25
nodes : 96936212.000000
filtered : 2769650764.000000
time : 2552.074951
