Parameters: GAD=1 vflib=1 dir=0 label=0 lowerbound=1 fileNameGp=../graphsdb/mcs50/m2D/m2Dr2/mcs50_m2Dr2_s30.A06 fileNameGt=../graphsdb/mcs50/m2D/m2Dr2/mcs50_m2Dr2_s30.B06
Reading graphs...
30 :  54
30 :  53
Initializing...
maxdom : 30
D->valSize : 900
Solving...
currentSize : 13 <-- 0.010942 s
currentSize : 14 <-- 0.011505 s
currentSize : 15 <-- 0.012332 s
currentSize : 16 <-- 0.018894 s
currentSize : 17 <-- 0.066567 s
currentSize : 18 <-- 1.158689 s
currentSize : 19 <-- 5.992394 s
currentSize : 20 <-- 30.060720 s
currentSize : 21 <-- 73.604843 s

maxsize : 21
nodes : 7767001.000000
filtered : 213363293.000000
time : 128.451843
