Parameters: GAD=1 vflib=1 dir=0 label=0 lowerbound=1 fileNameGp=../graphsdb/mcs50/rand/r01/mcs50_r01_s35.A44 fileNameGt=../graphsdb/mcs50/rand/r01/mcs50_r01_s35.B44
Reading graphs...
35 :  112
35 :  112
Initializing...
maxdom : 35
D->valSize : 1225
Solving...
currentSize : 14 <-- 0.018766 s
currentSize : 15 <-- 0.022289 s
currentSize : 16 <-- 0.022348 s
currentSize : 17 <-- 0.022675 s
currentSize : 18 <-- 0.076171 s
currentSize : 19 <-- 0.096085 s
currentSize : 20 <-- 86.081375 s
currentSize : 21 <-- 2184.525391 s

maxsize : 21
nodes : 301670976.000000
filtered : 8986873333.000000
time : 3174.693848
