Parameters: GAD=1 vflib=1 dir=0 label=0 lowerbound=1 fileNameGp=../graphsdb/mcs50/rand/r01/mcs50_r01_s30.A21 fileNameGt=../graphsdb/mcs50/rand/r01/mcs50_r01_s30.B21
Reading graphs...
30 :  84
30 :  83
Initializing...
maxdom : 30
D->valSize : 900
Solving...
currentSize : 11 <-- 0.010519 s
currentSize : 13 <-- 0.010571 s
currentSize : 14 <-- 0.018934 s
currentSize : 15 <-- 0.029340 s
currentSize : 16 <-- 0.065846 s
currentSize : 17 <-- 0.066858 s
currentSize : 18 <-- 4.169600 s

maxsize : 18
nodes : 34518146.000000
filtered : 862740804.000000
time : 330.119263
