Parameters: GAD=1 vflib=1 dir=0 label=0 lowerbound=1 fileNameGp=../graphsdb/mcs50/m3D/m3Dr2/mcs50_m3Dr2_s20.A01 fileNameGt=../graphsdb/mcs50/m3D/m3Dr2/mcs50_m3Dr2_s20.B01
Reading graphs...
20 :  41
20 :  40
Initializing...
maxdom : 20
D->valSize : 400
Solving...
currentSize : 9 <-- 0.002108 s
currentSize : 10 <-- 0.002132 s
currentSize : 11 <-- 0.005362 s
currentSize : 12 <-- 0.007045 s
currentSize : 13 <-- 0.011604 s
currentSize : 14 <-- 0.011630 s

maxsize : 14
nodes : 28526.000000
filtered : 639989.000000
time : 0.196680
