Parameters: GAD=1 vflib=1 dir=0 label=0 lowerbound=1 fileNameGp=../graphsdb/mcs50/m4D/m4D/mcs50_m4D_s30.A81 fileNameGt=../graphsdb/mcs50/m4D/m4D/mcs50_m4D_s30.B81
Reading graphs...
30 :  55
30 :  54
Initializing...
maxdom : 30
D->valSize : 900
Solving...
currentSize : 10 <-- 0.011137 s
currentSize : 15 <-- 0.011203 s
currentSize : 16 <-- 0.011775 s
currentSize : 17 <-- 0.016813 s
currentSize : 18 <-- 20.487400 s
currentSize : 19 <-- 20.940821 s
currentSize : 20 <-- 36.825832 s

maxsize : 20
nodes : 9131228.000000
filtered : 186974056.000000
time : 131.132980
