Parameters: GAD=1 vflib=1 dir=0 label=0 lowerbound=1 fileNameGp=../graphsdb/mcs50/bvg/b03m/mcs50_b03m_s25.A13 fileNameGt=../graphsdb/mcs50/bvg/b03m/mcs50_b03m_s25.B13
Reading graphs...
25 :  37
25 :  37
Initializing...
maxdom : 25
D->valSize : 625
Solving...
currentSize : 12 <-- 0.005295 s
currentSize : 13 <-- 0.006509 s
currentSize : 14 <-- 0.006940 s
currentSize : 15 <-- 0.060162 s
currentSize : 16 <-- 0.117465 s
currentSize : 17 <-- 0.126949 s
currentSize : 18 <-- 1.130537 s

maxsize : 18
nodes : 391128.000000
filtered : 9443394.000000
time : 7.263381
