Parameters: GAD=1 vflib=1 dir=0 label=0 lowerbound=1 fileNameGp=../graphsdb/mcs50/bvg/b03m/mcs50_b03m_s25.A40 fileNameGt=../graphsdb/mcs50/bvg/b03m/mcs50_b03m_s25.B40
Reading graphs...
25 :  36
25 :  37
Initializing...
maxdom : 25
D->valSize : 625
Solving...
currentSize : 12 <-- 0.009263 s
currentSize : 14 <-- 0.009352 s
currentSize : 15 <-- 0.011722 s
currentSize : 16 <-- 0.158783 s
currentSize : 17 <-- 5.326335 s
currentSize : 18 <-- 8.089760 s
currentSize : 19 <-- 8.096497 s

maxsize : 19
nodes : 1145565.000000
filtered : 17039787.000000
time : 9.809610
