Parameters: GAD=1 vflib=1 dir=0 label=0 lowerbound=1 fileNameGp=../graphsdb/mcs50/rand/r005/mcs50_r005_s20.A03 fileNameGt=../graphsdb/mcs50/rand/r005/mcs50_r005_s20.B03
Reading graphs...
20 :  24
20 :  24
Initializing...
maxdom : 20
D->valSize : 400
Solving...
currentSize : 10 <-- 0.002321 s
currentSize : 11 <-- 0.003095 s
currentSize : 12 <-- 0.003683 s
currentSize : 13 <-- 0.003717 s
currentSize : 14 <-- 0.023029 s
currentSize : 15 <-- 0.066240 s

maxsize : 15
nodes : 36503.000000
filtered : 560708.000000
time : 0.353977
