Parameters: GAD=1 vflib=1 dir=0 label=0 lowerbound=1 fileNameGp=../graphsdb/mcs50/bvg/b03m/mcs50_b03m_s35.A34 fileNameGt=../graphsdb/mcs50/bvg/b03m/mcs50_b03m_s35.B34
Reading graphs...
35 :  52
35 :  52
Initializing...
maxdom : 35
D->valSize : 1225
Solving...
currentSize : 18 <-- 0.021013 s
currentSize : 20 <-- 0.021165 s
currentSize : 21 <-- 0.022432 s
currentSize : 22 <-- 3.754600 s
currentSize : 23 <-- 11.574422 s
currentSize : 24 <-- 104.330200 s
currentSize : 25 <-- 113.553322 s

maxsize : 25
nodes : 44740232.000000
filtered : 1520053274.000000
time : 1648.357788
