Parameters: GAD=1 vflib=1 dir=0 label=0 lowerbound=1 fileNameGp=../graphsdb/mcs50/bvg/b09/mcs50_b09_s25.A27 fileNameGt=../graphsdb/mcs50/bvg/b09/mcs50_b09_s25.B27
Reading graphs...
25 :  110
25 :  110
Initializing...
maxdom : 25
D->valSize : 625
Solving...
currentSize : 10 <-- 0.004379 s
currentSize : 11 <-- 0.004407 s
currentSize : 12 <-- 0.004502 s
currentSize : 13 <-- 0.012856 s
currentSize : 14 <-- 0.025083 s
currentSize : 15 <-- 1.331085 s

maxsize : 15
nodes : 927815.000000
filtered : 17651794.000000
time : 4.971689
