Parameters: GAD=1 vflib=1 dir=0 label=0 lowerbound=1 fileNameGp=../graphsdb/mcs50/m3D/m3Dr2/mcs50_m3Dr2_s20.A93 fileNameGt=../graphsdb/mcs50/m3D/m3Dr2/mcs50_m3Dr2_s20.B93
Reading graphs...
20 :  40
20 :  40
Initializing...
maxdom : 20
D->valSize : 400
Solving...
currentSize : 9 <-- 0.002190 s
currentSize : 10 <-- 0.002214 s
currentSize : 11 <-- 0.002749 s
currentSize : 12 <-- 0.005901 s
currentSize : 13 <-- 0.017830 s
currentSize : 14 <-- 0.132177 s

maxsize : 14
nodes : 64574.000000
filtered : 1108938.000000
time : 0.489419
