Parameters: GAD=1 vflib=1 dir=0 label=0 lowerbound=1 fileNameGp=../graphsdb/mcs50/bvg/b09m/mcs50_b09m_s25.A23 fileNameGt=../graphsdb/mcs50/bvg/b09m/mcs50_b09m_s25.B23
Reading graphs...
25 :  101
25 :  100
Initializing...
maxdom : 25
D->valSize : 625
Solving...
currentSize : 7 <-- 0.007752 s
currentSize : 9 <-- 0.007777 s
currentSize : 10 <-- 0.007813 s
currentSize : 11 <-- 0.008302 s
currentSize : 12 <-- 0.010658 s
currentSize : 13 <-- 0.187038 s
currentSize : 14 <-- 6.250506 s

maxsize : 14
nodes : 2485269.000000
filtered : 43289979.000000
time : 13.179193
