Parameters: GAD=1 vflib=1 dir=0 label=0 lowerbound=1 fileNameGp=../graphsdb/mcs50/bvg/b09m/mcs50_b09m_s30.A18 fileNameGt=../graphsdb/mcs50/bvg/b09m/mcs50_b09m_s30.B18
Reading graphs...
30 :  126
30 :  125
Initializing...
maxdom : 30
D->valSize : 900
Solving...
currentSize : 11 <-- 0.009855 s
currentSize : 12 <-- 0.010419 s
currentSize : 13 <-- 0.011553 s
currentSize : 14 <-- 0.015423 s
currentSize : 15 <-- 0.019808 s
currentSize : 16 <-- 0.652131 s

maxsize : 16
nodes : 23642140.000000
filtered : 487896016.000000
time : 152.702835
