Parameters: GAD=1 vflib=1 dir=0 label=0 lowerbound=1 fileNameGp=../graphsdb/mcs50/m4D/m4Dr6/mcs50_m4Dr6_s35.A65 fileNameGt=../graphsdb/mcs50/m4D/m4Dr6/mcs50_m4Dr6_s35.B65
Reading graphs...
35 :  82
35 :  82
Initializing...
maxdom : 35
D->valSize : 1225
Solving...
currentSize : 17 <-- 0.019978 s
currentSize : 18 <-- 0.076952 s
currentSize : 19 <-- 1.438964 s
currentSize : 20 <-- 15.628459 s
currentSize : 21 <-- 42.748295 s
currentSize : 22 <-- 255.520294 s

maxsize : 22
nodes : 155891151.000000
filtered : 5340229763.000000
time : 2994.973633
