Parameters: GAD=1 vflib=1 dir=0 label=0 lowerbound=1 fileNameGp=../graphsdb/mcs50/bvg/b03m/mcs50_b03m_s25.A43 fileNameGt=../graphsdb/mcs50/bvg/b03m/mcs50_b03m_s25.B43
Reading graphs...
25 :  37
25 :  37
Initializing...
maxdom : 25
D->valSize : 625
Solving...
currentSize : 11 <-- 0.005332 s
currentSize : 12 <-- 0.005359 s
currentSize : 13 <-- 0.005378 s
currentSize : 14 <-- 0.012113 s
currentSize : 15 <-- 0.027337 s
currentSize : 16 <-- 0.067849 s
currentSize : 17 <-- 0.071191 s
currentSize : 18 <-- 3.406421 s

maxsize : 18
nodes : 535145.000000
filtered : 12805006.000000
time : 11.656651
