Parameters: GAD=1 vflib=1 dir=0 label=0 lowerbound=1 fileNameGp=../graphsdb/mcs50/bvg/b06/mcs50_b06_s25.A52 fileNameGt=../graphsdb/mcs50/bvg/b06/mcs50_b06_s25.B52
Reading graphs...
25 :  75
25 :  72
Initializing...
maxdom : 25
D->valSize : 625
Solving...
currentSize : 11 <-- 0.004955 s
currentSize : 12 <-- 0.005083 s
currentSize : 13 <-- 0.005818 s
currentSize : 14 <-- 0.028068 s
currentSize : 15 <-- 0.324588 s
currentSize : 16 <-- 1.092312 s

maxsize : 16
nodes : 757445.000000
filtered : 18572578.000000
time : 6.051439
