Parameters: GAD=1 vflib=1 dir=0 label=0 lowerbound=1 fileNameGp=../graphsdb/mcs50/bvg/b09/mcs50_b09_s30.A23 fileNameGt=../graphsdb/mcs50/bvg/b09/mcs50_b09_s30.B23
Reading graphs...
30 :  132
30 :  131
Initializing...
maxdom : 30
D->valSize : 900
Solving...
currentSize : 12 <-- 0.009555 s
currentSize : 13 <-- 0.009774 s
currentSize : 14 <-- 0.010212 s
currentSize : 15 <-- 0.723317 s
currentSize : 16 <-- 2.510712 s
currentSize : 17 <-- 2.510744 s

maxsize : 17
nodes : 8768597.000000
filtered : 213474010.000000
time : 59.096508
