Parameters: GAD=1 vflib=1 dir=0 label=0 lowerbound=1 fileNameGp=../graphsdb/mcs50/bvg/b03/mcs50_b03_s25.A78 fileNameGt=../graphsdb/mcs50/bvg/b03/mcs50_b03_s25.B78
Reading graphs...
25 :  37
25 :  36
Initializing...
maxdom : 25
D->valSize : 625
Solving...
currentSize : 13 <-- 0.009353 s
currentSize : 14 <-- 0.009772 s
currentSize : 15 <-- 0.014350 s
currentSize : 16 <-- 0.061535 s
currentSize : 17 <-- 1.043907 s
currentSize : 18 <-- 2.301740 s

maxsize : 18
nodes : 715688.000000
filtered : 14310420.000000
time : 10.246497
