Parameters: GAD=1 vflib=1 dir=0 label=0 lowerbound=1 fileNameGp=../graphsdb/mcs50/bvg/b06/mcs50_b06_s35.A07 fileNameGt=../graphsdb/mcs50/bvg/b06/mcs50_b06_s35.B07
Reading graphs...
35 :  101
35 :  105
Initializing...
maxdom : 35
D->valSize : 1225
Solving...
currentSize : 16 <-- 0.033912 s
currentSize : 17 <-- 0.062689 s
currentSize : 18 <-- 0.411981 s
currentSize : 19 <-- 1.417112 s
currentSize : 20 <-- 22.230696 s
currentSize : 21 <-- 86.761543 s
currentSize : 22 <-- 595.613464 s

maxsize : 22
nodes : 119636611.000000
filtered : 3971307045.000000
time : 1607.712646
