Parameters: GAD=1 vflib=1 dir=0 label=0 lowerbound=1 fileNameGp=../graphsdb/mcs50/m3D/m3Dr2/mcs50_m3Dr2_s20.A33 fileNameGt=../graphsdb/mcs50/m3D/m3Dr2/mcs50_m3Dr2_s20.B33
Reading graphs...
20 :  39
20 :  38
Initializing...
maxdom : 20
D->valSize : 400
Solving...
currentSize : 8 <-- 0.002176 s
currentSize : 9 <-- 0.002255 s
currentSize : 10 <-- 0.002543 s
currentSize : 11 <-- 0.002558 s
currentSize : 12 <-- 0.002960 s
currentSize : 13 <-- 0.032203 s
currentSize : 14 <-- 0.039684 s

maxsize : 14
nodes : 46740.000000
filtered : 976711.000000
time : 0.322422
