Parameters: GAD=1 vflib=1 dir=0 label=0 lowerbound=1 fileNameGp=../graphsdb/mcs50/bvg/b06/mcs50_b06_s35.A36 fileNameGt=../graphsdb/mcs50/bvg/b06/mcs50_b06_s35.B36
Reading graphs...
35 :  103
35 :  104
Initializing...
maxdom : 35
D->valSize : 1225
Solving...
currentSize : 15 <-- 0.020232 s
currentSize : 17 <-- 0.020545 s
currentSize : 18 <-- 0.021556 s
currentSize : 19 <-- 0.026408 s
currentSize : 20 <-- 0.026913 s
currentSize : 21 <-- 0.029525 s
currentSize : 22 <-- 398.842407 s

maxsize : 22
nodes : 102008355.000000
filtered : 3912374468.000000
time : 1657.963379
