Parameters: GAD=1 vflib=1 dir=0 label=0 lowerbound=1 fileNameGp=../graphsdb/mcs50/rand/r01/mcs50_r01_s20.A85 fileNameGt=../graphsdb/mcs50/rand/r01/mcs50_r01_s20.B85
Reading graphs...
20 :  37
20 :  38
Initializing...
maxdom : 20
D->valSize : 400
Solving...
currentSize : 8 <-- 0.002204 s
currentSize : 10 <-- 0.002227 s
currentSize : 11 <-- 0.003836 s
currentSize : 12 <-- 0.010559 s
currentSize : 13 <-- 0.010833 s
currentSize : 14 <-- 0.026570 s

maxsize : 14
nodes : 54827.000000
filtered : 1130872.000000
time : 0.369269
