Parameters: GAD=1 vflib=1 dir=0 label=0 lowerbound=1 fileNameGp=../graphsdb/mcs50/bvg/b06m/mcs50_b06m_s35.A67 fileNameGt=../graphsdb/mcs50/bvg/b06m/mcs50_b06m_s35.B67
Reading graphs...
35 :  102
35 :  99
Initializing...
maxdom : 35
D->valSize : 1225
Solving...
currentSize : 12 <-- 0.019286 s
currentSize : 13 <-- 0.019463 s
currentSize : 14 <-- 0.019769 s
currentSize : 15 <-- 0.020592 s
currentSize : 16 <-- 0.020655 s
currentSize : 17 <-- 0.020762 s
currentSize : 18 <-- 0.765512 s
currentSize : 19 <-- 8.180444 s
currentSize : 20 <-- 9.067963 s
currentSize : 21 <-- 2343.492920 s
currentSize : 22 <-- 2754.256592 s

maxsize : 22
nodes : 227570978.000000
filtered : 6943056919.000000
time : 3081.615479
