Parameters: GAD=1 vflib=1 dir=0 label=0 lowerbound=1 fileNameGp=../graphsdb/mcs50/m4D/m4D/mcs50_m4D_s35.A07 fileNameGt=../graphsdb/mcs50/m4D/m4D/mcs50_m4D_s35.B07
Reading graphs...
35 :  63
35 :  62
Initializing...
maxdom : 35
D->valSize : 1225
Solving...
currentSize : 14 <-- 0.020562 s
currentSize : 15 <-- 0.020593 s
currentSize : 16 <-- 0.020843 s
currentSize : 17 <-- 0.021131 s
currentSize : 18 <-- 0.021207 s
currentSize : 19 <-- 0.021669 s
currentSize : 20 <-- 0.023761 s
currentSize : 21 <-- 0.570277 s
currentSize : 22 <-- 3.464938 s
currentSize : 23 <-- 8.830901 s
currentSize : 24 <-- 63.989635 s

maxsize : 24
nodes : 40875677.000000
filtered : 1479611624.000000
time : 1534.166870
