Parameters: GAD=1 vflib=1 dir=0 label=0 lowerbound=1 fileNameGp=../graphsdb/mcs50/bvg/b03/mcs50_b03_s35.A90 fileNameGt=../graphsdb/mcs50/bvg/b03/mcs50_b03_s35.B90
Reading graphs...
35 :  52
35 :  52
Initializing...
maxdom : 35
D->valSize : 1225
Solving...
currentSize : 12 <-- 0.026491 s
currentSize : 18 <-- 0.026562 s
currentSize : 19 <-- 0.026760 s
currentSize : 20 <-- 0.035760 s
currentSize : 21 <-- 0.280554 s
currentSize : 22 <-- 0.698559 s
currentSize : 23 <-- 0.721725 s
currentSize : 24 <-- 6.329466 s
currentSize : 25 <-- 56.011806 s
currentSize : 26 <-- 1100.383545 s

maxsize : 26
nodes : 34700983.000000
filtered : 1284547231.000000
time : 1487.448608
