Parameters: GAD=1 vflib=1 dir=0 label=0 lowerbound=1 fileNameGp=../graphsdb/mcs50/bvg/b03/mcs50_b03_s35.A67 fileNameGt=../graphsdb/mcs50/bvg/b03/mcs50_b03_s35.B67
Reading graphs...
35 :  52
35 :  52
Initializing...
maxdom : 35
D->valSize : 1225
Solving...
currentSize : 21 <-- 0.021929 s
currentSize : 22 <-- 0.022341 s
currentSize : 23 <-- 0.035156 s
currentSize : 24 <-- 10.075688 s
currentSize : 25 <-- 23.104139 s
currentSize : 26 <-- 283.234619 s

maxsize : 26
nodes : 29254327.000000
filtered : 1084392362.000000
time : 1252.300903
