Parameters: GAD=1 vflib=1 dir=0 label=0 lowerbound=1 fileNameGp=../graphsdb/mcs50/m4D/m4Dr4/mcs50_m4Dr4_s35.A05 fileNameGt=../graphsdb/mcs50/m4D/m4Dr4/mcs50_m4Dr4_s35.B05
Reading graphs...
35 :  77
35 :  75
Initializing...
maxdom : 35
D->valSize : 1225
Solving...
currentSize : 16 <-- 0.024738 s
currentSize : 17 <-- 0.162898 s
currentSize : 18 <-- 0.164935 s
currentSize : 19 <-- 0.186941 s
currentSize : 20 <-- 0.187449 s
currentSize : 21 <-- 0.256901 s
currentSize : 22 <-- 10.397460 s
currentSize : 23 <-- 20.153324 s
currentSize : 24 <-- 2422.469971 s

maxsize : 24
nodes : 80262210.000000
filtered : 3030029220.000000
time : 2536.860596
