Parameters: GAD=1 vflib=1 dir=0 label=0 lowerbound=1 fileNameGp=../graphsdb/mcs50/bvg/b09/mcs50_b09_s35.A08 fileNameGt=../graphsdb/mcs50/bvg/b09/mcs50_b09_s35.B08
Reading graphs...
35 :  156
35 :  155
Initializing...
maxdom : 35
D->valSize : 1225
Solving...
currentSize : 13 <-- 0.031220 s
currentSize : 14 <-- 0.031639 s
currentSize : 15 <-- 0.039772 s
currentSize : 16 <-- 0.376119 s
currentSize : 17 <-- 9.623916 s
currentSize : 18 <-- 27.142126 s
currentSize : 19 <-- 108.158981 s

maxsize : 19
nodes : 151325239.000000
filtered : 4215330943.000000
time : 1190.266968
