Parameters: GAD=1 vflib=1 dir=0 label=0 lowerbound=1 fileNameGp=../graphsdb/mcs50/m4D/m4D/mcs50_m4D_s30.A48 fileNameGt=../graphsdb/mcs50/m4D/m4D/mcs50_m4D_s30.B48
Reading graphs...
30 :  55
30 :  55
Initializing...
maxdom : 30
D->valSize : 900
Solving...
currentSize : 7 <-- 0.019286 s
currentSize : 10 <-- 0.019356 s
currentSize : 15 <-- 0.019484 s
currentSize : 17 <-- 0.019607 s
currentSize : 18 <-- 0.020838 s
currentSize : 19 <-- 0.049849 s
currentSize : 20 <-- 0.164830 s
currentSize : 21 <-- 8.206684 s

maxsize : 21
nodes : 2004595.000000
filtered : 61520582.000000
time : 72.687302
