Parameters: GAD=1 vflib=1 dir=0 label=0 lowerbound=1 fileNameGp=../graphsdb/mcs50/m4D/m4Dr6/mcs50_m4Dr6_s30.A57 fileNameGt=../graphsdb/mcs50/m4D/m4Dr6/mcs50_m4Dr6_s30.B57
Reading graphs...
30 :  72
30 :  71
Initializing...
maxdom : 30
D->valSize : 900
Solving...
currentSize : 12 <-- 0.018491 s
currentSize : 13 <-- 0.018549 s
currentSize : 14 <-- 0.019827 s
currentSize : 15 <-- 0.026881 s
currentSize : 16 <-- 0.099786 s
currentSize : 17 <-- 0.217505 s
currentSize : 18 <-- 0.497524 s
currentSize : 19 <-- 4.319928 s

maxsize : 19
nodes : 17105758.000000
filtered : 474168412.000000
time : 183.202560
