Parameters: GAD=1 vflib=1 dir=0 label=0 lowerbound=1 fileNameGp=../graphsdb/mcs50/rand/r01/mcs50_r01_s30.A88 fileNameGt=../graphsdb/mcs50/rand/r01/mcs50_r01_s30.B88
Reading graphs...
30 :  82
30 :  83
Initializing...
maxdom : 30
D->valSize : 900
Solving...
currentSize : 11 <-- 0.010363 s
currentSize : 12 <-- 0.010405 s
currentSize : 13 <-- 0.011221 s
currentSize : 14 <-- 0.011405 s
currentSize : 15 <-- 0.036883 s
currentSize : 16 <-- 0.049867 s
currentSize : 17 <-- 0.294607 s
currentSize : 18 <-- 38.868118 s
currentSize : 19 <-- 69.483765 s

maxsize : 19
nodes : 14940932.000000
filtered : 399424373.000000
time : 137.814896
