Parameters: GAD=1 vflib=1 dir=0 label=0 lowerbound=1 fileNameGp=../graphsdb/mcs50/bvg/b06m/mcs50_b06m_s30.A57 fileNameGt=../graphsdb/mcs50/bvg/b06m/mcs50_b06m_s30.B57
Reading graphs...
30 :  87
30 :  87
Initializing...
maxdom : 30
D->valSize : 900
Solving...
currentSize : 11 <-- 0.010208 s
currentSize : 13 <-- 0.010237 s
currentSize : 14 <-- 0.010361 s
currentSize : 15 <-- 0.045434 s
currentSize : 16 <-- 0.319414 s
currentSize : 17 <-- 0.349101 s
currentSize : 18 <-- 2.729354 s

maxsize : 18
nodes : 27124146.000000
filtered : 703563132.000000
time : 249.964279
