Parameters: GAD=1 vflib=1 dir=0 label=0 lowerbound=1 fileNameGp=../graphsdb/mcs50/bvg/b09/mcs50_b09_s35.A45 fileNameGt=../graphsdb/mcs50/bvg/b09/mcs50_b09_s35.B45
Reading graphs...
35 :  153
35 :  151
Initializing...
maxdom : 35
D->valSize : 1225
Solving...
currentSize : 11 <-- 0.031656 s
currentSize : 12 <-- 0.031821 s
currentSize : 13 <-- 0.031876 s
currentSize : 14 <-- 0.034465 s
currentSize : 15 <-- 0.046020 s
currentSize : 16 <-- 0.057278 s
currentSize : 17 <-- 0.133745 s
currentSize : 18 <-- 106.356117 s
currentSize : 19 <-- 109.529106 s

maxsize : 19
nodes : 127312158.000000
filtered : 3827867432.000000
time : 1116.384033
