Parameters: GAD=1 vflib=1 dir=0 label=0 lowerbound=1 fileNameGp=../graphsdb/mcs50/rand/r02/mcs50_r02_s35.A78 fileNameGt=../graphsdb/mcs50/rand/r02/mcs50_r02_s35.B78
Reading graphs...
35 :  212
35 :  216
Initializing...
maxdom : 35
D->valSize : 1225
Solving...
currentSize : 11 <-- 0.029013 s
currentSize : 12 <-- 0.029541 s
currentSize : 13 <-- 0.047285 s
currentSize : 14 <-- 0.505060 s
currentSize : 15 <-- 73.483795 s
currentSize : 17 <-- 1535.094727 s

maxsize : 17
nodes : 533948689.000000
filtered : 8259853737.000000
time : 2815.406250
