Parameters: GAD=1 vflib=1 dir=0 label=0 lowerbound=1 fileNameGp=../graphsdb/mcs50/m2D/m2Dr4/mcs50_m2Dr4_s30.A38 fileNameGt=../graphsdb/mcs50/m2D/m2Dr4/mcs50_m2Dr4_s30.B38
Reading graphs...
30 :  60
30 :  58
Initializing...
maxdom : 30
D->valSize : 900
Solving...
currentSize : 14 <-- 0.011083 s
currentSize : 15 <-- 0.011243 s
currentSize : 16 <-- 0.011268 s
currentSize : 17 <-- 0.014881 s
currentSize : 18 <-- 0.097512 s
currentSize : 19 <-- 0.102702 s
currentSize : 20 <-- 0.817540 s

maxsize : 20
nodes : 18899873.000000
filtered : 550928377.000000
time : 252.915878
