Parameters: GAD=1 vflib=1 dir=0 label=0 lowerbound=1 fileNameGp=../graphsdb/mcs50/m2D/m2Dr2/mcs50_m2Dr2_s30.A42 fileNameGt=../graphsdb/mcs50/m2D/m2Dr2/mcs50_m2Dr2_s30.B42
Reading graphs...
30 :  55
30 :  55
Initializing...
maxdom : 30
D->valSize : 900
Solving...
currentSize : 15 <-- 0.019115 s
currentSize : 16 <-- 0.019144 s
currentSize : 18 <-- 0.019509 s
currentSize : 19 <-- 0.036156 s
currentSize : 20 <-- 1.256206 s
currentSize : 21 <-- 44.166412 s

maxsize : 21
nodes : 5436040.000000
filtered : 166213809.000000
time : 95.052162
