Parameters: GAD=1 vflib=1 dir=0 label=0 lowerbound=1 fileNameGp=../graphsdb/mcs50/m3D/m3D/mcs50_m3D_s20.A79 fileNameGt=../graphsdb/mcs50/m3D/m3D/mcs50_m3D_s20.B79
Reading graphs...
20 :  36
20 :  37
Initializing...
maxdom : 20
D->valSize : 400
Solving...
currentSize : 9 <-- 0.003686 s
currentSize : 10 <-- 0.003918 s
currentSize : 11 <-- 0.004950 s
currentSize : 12 <-- 0.011303 s
currentSize : 13 <-- 0.049261 s
currentSize : 14 <-- 0.116421 s

maxsize : 14
nodes : 82034.000000
filtered : 1467171.000000
time : 0.616258
