Parameters: GAD=1 vflib=1 dir=0 label=0 lowerbound=1 fileNameGp=../graphsdb/mcs50/m4D/m4Dr2/mcs50_m4Dr2_s30.A77 fileNameGt=../graphsdb/mcs50/m4D/m4Dr2/mcs50_m4Dr2_s30.B77
Reading graphs...
30 :  60
30 :  60
Initializing...
maxdom : 30
D->valSize : 900
Solving...
currentSize : 14 <-- 0.018994 s
currentSize : 15 <-- 0.019128 s
currentSize : 16 <-- 0.020179 s
currentSize : 17 <-- 0.037322 s
currentSize : 18 <-- 0.114445 s
currentSize : 19 <-- 0.499757 s
currentSize : 20 <-- 1.129551 s

maxsize : 20
nodes : 10495820.000000
filtered : 270642128.000000
time : 169.261597
