Parameters: GAD=1 vflib=1 dir=0 label=0 lowerbound=1 fileNameGp=../graphsdb/mcs50/rand/r005/mcs50_r005_s35.A96 fileNameGt=../graphsdb/mcs50/rand/r005/mcs50_r005_s35.B96
Reading graphs...
35 :  60
35 :  61
Initializing...
maxdom : 35
D->valSize : 1225
Solving...
currentSize : 14 <-- 0.025544 s
currentSize : 15 <-- 0.025646 s
currentSize : 16 <-- 0.026260 s
currentSize : 17 <-- 0.029024 s
currentSize : 18 <-- 0.105740 s
currentSize : 19 <-- 1.889409 s
currentSize : 20 <-- 2.022346 s
currentSize : 21 <-- 25.213057 s
currentSize : 22 <-- 29.748779 s
currentSize : 23 <-- 66.799759 s
currentSize : 24 <-- 641.862183 s
currentSize : 25 <-- 931.398804 s

maxsize : 25
nodes : 80821277.000000
filtered : 2471614964.000000
time : 1850.308716
