Parameters: GAD=1 vflib=1 dir=0 label=0 lowerbound=1 fileNameGp=../graphsdb/mcs50/m3D/m3D/mcs50_m3D_s15.A24 fileNameGt=../graphsdb/mcs50/m3D/m3D/mcs50_m3D_s15.B24
Reading graphs...
15 :  26
15 :  25
Initializing...
maxdom : 15
D->valSize : 225
Solving...
currentSize : 7 <-- 0.000900 s
currentSize : 8 <-- 0.000915 s
currentSize : 9 <-- 0.000997 s
currentSize : 10 <-- 0.001097 s
currentSize : 11 <-- 0.004199 s
currentSize : 12 <-- 0.019551 s

maxsize : 12
nodes : 4128.000000
filtered : 57699.000000
time : 0.021170
