Parameters: GAD=1 vflib=1 dir=0 label=0 lowerbound=1 fileNameGp=../graphsdb/mcs50/rand/r01/mcs50_r01_s35.A84 fileNameGt=../graphsdb/mcs50/rand/r01/mcs50_r01_s35.B84
Reading graphs...
35 :  116
35 :  109
Initializing...
maxdom : 35
D->valSize : 1225
Solving...
currentSize : 13 <-- 0.033341 s
currentSize : 14 <-- 0.034245 s
currentSize : 15 <-- 0.036379 s
currentSize : 16 <-- 0.043979 s
currentSize : 17 <-- 0.047690 s
currentSize : 18 <-- 0.101545 s
currentSize : 19 <-- 6.432433 s
currentSize : 20 <-- 142.193817 s

TIMEOUT
maxsize : 20
nodes : 393341978.000000
filtered : 10780482600.000000
time : 3600.000000
