Parameters: GAD=1 vflib=1 dir=0 label=0 lowerbound=1 fileNameGp=../graphsdb/mcs50/rand/r005/mcs50_r005_s30.A71 fileNameGt=../graphsdb/mcs50/rand/r005/mcs50_r005_s30.B71
Reading graphs...
30 :  47
30 :  46
Initializing...
maxdom : 30
D->valSize : 900
Solving...
currentSize : 11 <-- 0.011115 s
currentSize : 15 <-- 0.011189 s
currentSize : 16 <-- 0.013962 s
currentSize : 17 <-- 0.020259 s
currentSize : 18 <-- 0.145567 s
currentSize : 19 <-- 5.538724 s
currentSize : 20 <-- 14.882821 s
currentSize : 21 <-- 52.211227 s

maxsize : 21
nodes : 9224021.000000
filtered : 237159662.000000
time : 204.361603
