Parameters: GAD=1 vflib=1 dir=0 label=0 lowerbound=1 fileNameGp=../graphsdb/mcs50/bvg/b06m/mcs50_b06m_s25.A85 fileNameGt=../graphsdb/mcs50/bvg/b06m/mcs50_b06m_s25.B85
Reading graphs...
25 :  75
25 :  75
Initializing...
maxdom : 25
D->valSize : 625
Solving...
currentSize : 7 <-- 0.004845 s
currentSize : 9 <-- 0.004868 s
currentSize : 10 <-- 0.004884 s
currentSize : 11 <-- 0.005141 s
currentSize : 12 <-- 0.011122 s
currentSize : 13 <-- 0.018677 s
currentSize : 14 <-- 0.618904 s
currentSize : 15 <-- 2.065953 s

maxsize : 15
nodes : 1279823.000000
filtered : 25904407.000000
time : 9.114536
