Parameters: GAD=1 vflib=1 dir=0 label=0 lowerbound=1 fileNameGp=../graphsdb/mcs50/m2D/m2Dr4/mcs50_m2Dr4_s30.A39 fileNameGt=../graphsdb/mcs50/m2D/m2Dr4/mcs50_m2Dr4_s30.B39
Reading graphs...
30 :  61
30 :  58
Initializing...
maxdom : 30
D->valSize : 900
Solving...
currentSize : 14 <-- 0.010897 s
currentSize : 15 <-- 0.010985 s
currentSize : 16 <-- 0.011001 s
currentSize : 17 <-- 0.043757 s
currentSize : 18 <-- 0.661527 s
currentSize : 19 <-- 8.371919 s
currentSize : 20 <-- 11.464761 s
currentSize : 21 <-- 24.819780 s

maxsize : 21
nodes : 6154467.000000
filtered : 187833540.000000
time : 91.821198
