Parameters: GAD=1 vflib=1 dir=0 label=0 lowerbound=1 fileNameGp=../graphsdb/mcs50/bvg/b09m/mcs50_b09m_s35.A99 fileNameGt=../graphsdb/mcs50/bvg/b09m/mcs50_b09m_s35.B99
Reading graphs...
35 :  149
35 :  151
Initializing...
maxdom : 35
D->valSize : 1225
Solving...
currentSize : 13 <-- 0.024059 s
currentSize : 14 <-- 0.024086 s
currentSize : 15 <-- 0.024183 s
currentSize : 16 <-- 0.031960 s
currentSize : 17 <-- 2.883904 s
currentSize : 18 <-- 109.902336 s

maxsize : 18
nodes : 305046994.000000
filtered : 8089246803.000000
time : 2692.363281
