Parameters: GAD=1 vflib=1 dir=0 label=0 lowerbound=1 fileNameGp=../graphsdb/mcs50/rand/r01/mcs50_r01_s35.A94 fileNameGt=../graphsdb/mcs50/rand/r01/mcs50_r01_s35.B94
Reading graphs...
35 :  115
35 :  114
Initializing...
maxdom : 35
D->valSize : 1225
Solving...
currentSize : 14 <-- 0.018640 s
currentSize : 15 <-- 0.019496 s
currentSize : 16 <-- 0.192706 s
currentSize : 17 <-- 0.268498 s
currentSize : 18 <-- 0.373141 s
currentSize : 19 <-- 18.762716 s
currentSize : 20 <-- 245.323227 s

TIMEOUT
maxsize : 20
nodes : 370849330.000000
filtered : 10425390316.000000
time : 3600.000000
