Parameters: GAD=1 vflib=1 dir=0 label=0 lowerbound=1 fileNameGp=../graphsdb/mcs50/bvg/b06m/mcs50_b06m_s25.A96 fileNameGt=../graphsdb/mcs50/bvg/b06m/mcs50_b06m_s25.B96
Reading graphs...
25 :  74
25 :  71
Initializing...
maxdom : 25
D->valSize : 625
Solving...
currentSize : 10 <-- 0.004952 s
currentSize : 11 <-- 0.004975 s
currentSize : 12 <-- 0.006045 s
currentSize : 13 <-- 0.007558 s
currentSize : 14 <-- 0.026189 s
currentSize : 15 <-- 0.655902 s

maxsize : 15
nodes : 1668075.000000
filtered : 34920787.000000
time : 13.306707
