Parameters: GAD=1 vflib=1 dir=0 label=0 lowerbound=1 fileNameGp=../graphsdb/mcs50/rand/r01/mcs50_r01_s30.A40 fileNameGt=../graphsdb/mcs50/rand/r01/mcs50_r01_s30.B40
Reading graphs...
30 :  83
30 :  82
Initializing...
maxdom : 30
D->valSize : 900
Solving...
currentSize : 12 <-- 0.010296 s
currentSize : 13 <-- 0.010390 s
currentSize : 14 <-- 0.010514 s
currentSize : 15 <-- 0.011532 s
currentSize : 16 <-- 0.015420 s
currentSize : 17 <-- 0.155758 s
currentSize : 18 <-- 9.851662 s

maxsize : 18
nodes : 44462576.000000
filtered : 1157641251.000000
time : 414.723267
