Parameters: GAD=1 vflib=1 dir=0 label=0 lowerbound=1 fileNameGp=../graphsdb/mcs50/bvg/b09/mcs50_b09_s25.A26 fileNameGt=../graphsdb/mcs50/bvg/b09/mcs50_b09_s25.B26
Reading graphs...
25 :  108
25 :  106
Initializing...
maxdom : 25
D->valSize : 625
Solving...
currentSize : 8 <-- 0.007427 s
currentSize : 10 <-- 0.007500 s
currentSize : 11 <-- 0.007909 s
currentSize : 12 <-- 0.015793 s
currentSize : 13 <-- 0.038259 s
currentSize : 14 <-- 0.107284 s
currentSize : 15 <-- 0.890667 s

maxsize : 15
nodes : 747579.000000
filtered : 14868214.000000
time : 4.391771
