Parameters: GAD=1 vflib=1 dir=0 label=0 lowerbound=1 fileNameGp=../graphsdb/mcs50/m3D/m3Dr6/mcs50_m3Dr6_s20.A81 fileNameGt=../graphsdb/mcs50/m3D/m3Dr6/mcs50_m3Dr6_s20.B81
Reading graphs...
20 :  46
20 :  45
Initializing...
maxdom : 20
D->valSize : 400
Solving...
currentSize : 8 <-- 0.002089 s
currentSize : 9 <-- 0.002133 s
currentSize : 10 <-- 0.002244 s
currentSize : 11 <-- 0.002639 s
currentSize : 12 <-- 0.006486 s
currentSize : 13 <-- 0.174455 s

maxsize : 13
nodes : 94195.000000
filtered : 1658626.000000
time : 0.617681
