Parameters: GAD=1 vflib=1 dir=0 label=0 lowerbound=1 fileNameGp=../graphsdb/mcs50/m4D/m4Dr6/mcs50_m4Dr6_s30.A90 fileNameGt=../graphsdb/mcs50/m4D/m4Dr6/mcs50_m4Dr6_s30.B90
Reading graphs...
30 :  71
30 :  71
Initializing...
maxdom : 30
D->valSize : 900
Solving...
currentSize : 11 <-- 0.010556 s
currentSize : 12 <-- 0.014570 s
currentSize : 13 <-- 0.015451 s
currentSize : 14 <-- 0.052898 s
currentSize : 15 <-- 0.549621 s
currentSize : 16 <-- 0.575007 s
currentSize : 17 <-- 0.874548 s
currentSize : 18 <-- 1.553864 s
currentSize : 19 <-- 2.093171 s
currentSize : 20 <-- 2.268353 s

maxsize : 20
nodes : 3212757.000000
filtered : 111057464.000000
time : 50.358379
