Parameters: GAD=1 vflib=1 dir=0 label=0 lowerbound=1 fileNameGp=../graphsdb/mcs50/bvg/b06m/mcs50_b06m_s35.A57 fileNameGt=../graphsdb/mcs50/bvg/b06m/mcs50_b06m_s35.B57
Reading graphs...
35 :  102
35 :  102
Initializing...
maxdom : 35
D->valSize : 1225
Solving...
currentSize : 13 <-- 0.019245 s
currentSize : 14 <-- 0.019266 s
currentSize : 15 <-- 0.019369 s
currentSize : 16 <-- 0.019672 s
currentSize : 17 <-- 0.020346 s
currentSize : 18 <-- 0.542577 s
currentSize : 19 <-- 5.383766 s
currentSize : 20 <-- 154.137970 s
currentSize : 21 <-- 2584.571289 s

TIMEOUT
maxsize : 21
nodes : 347280443.000000
filtered : 9786055490.000000
time : 3600.000000
