Parameters: GAD=1 vflib=1 dir=0 label=0 lowerbound=1 fileNameGp=../graphsdb/mcs50/bvg/b09/mcs50_b09_s25.A06 fileNameGt=../graphsdb/mcs50/bvg/b09/mcs50_b09_s25.B06
Reading graphs...
25 :  109
25 :  108
Initializing...
maxdom : 25
D->valSize : 625
Solving...
currentSize : 10 <-- 0.004439 s
currentSize : 11 <-- 0.004460 s
currentSize : 12 <-- 0.006737 s
currentSize : 13 <-- 0.029015 s
currentSize : 14 <-- 0.110419 s
currentSize : 15 <-- 4.182764 s

maxsize : 15
nodes : 1027768.000000
filtered : 20718582.000000
time : 5.693421
