Parameters: GAD=1 vflib=1 dir=0 label=0 lowerbound=1 fileNameGp=../graphsdb/mcs50/bvg/b09/mcs50_b09_s30.A80 fileNameGt=../graphsdb/mcs50/bvg/b09/mcs50_b09_s30.B80
Reading graphs...
30 :  127
30 :  131
Initializing...
maxdom : 30
D->valSize : 900
Solving...
currentSize : 10 <-- 0.009603 s
currentSize : 11 <-- 0.009746 s
currentSize : 12 <-- 0.010267 s
currentSize : 13 <-- 0.012581 s
currentSize : 14 <-- 0.241838 s
currentSize : 15 <-- 5.585261 s
currentSize : 16 <-- 8.385259 s
currentSize : 17 <-- 10.328966 s

maxsize : 17
nodes : 12302756.000000
filtered : 286143501.000000
time : 83.116615
