Parameters: GAD=1 vflib=1 dir=0 label=0 lowerbound=1 fileNameGp=../graphsdb/mcs50/bvg/b03/mcs50_b03_s20.A32 fileNameGt=../graphsdb/mcs50/bvg/b03/mcs50_b03_s20.B32
Reading graphs...
20 :  30
20 :  30
Initializing...
maxdom : 20
D->valSize : 400
Solving...
currentSize : 11 <-- 0.003792 s
currentSize : 12 <-- 0.004001 s
currentSize : 13 <-- 0.004111 s
currentSize : 14 <-- 0.006286 s
currentSize : 15 <-- 0.006338 s
currentSize : 16 <-- 0.038463 s

maxsize : 16
nodes : 7844.000000
filtered : 194903.000000
time : 0.127448
