Parameters: GAD=1 vflib=1 dir=0 label=0 lowerbound=1 fileNameGp=../graphsdb/mcs50/rand/r01/mcs50_r01_s35.A33 fileNameGt=../graphsdb/mcs50/rand/r01/mcs50_r01_s35.B33
Reading graphs...
35 :  110
35 :  114
Initializing...
maxdom : 35
D->valSize : 1225
Solving...
currentSize : 11 <-- 0.019060 s
currentSize : 12 <-- 0.019090 s
currentSize : 13 <-- 0.019134 s
currentSize : 16 <-- 0.019366 s
currentSize : 17 <-- 0.049039 s
currentSize : 18 <-- 0.491936 s
currentSize : 19 <-- 4.533700 s
currentSize : 20 <-- 31.984350 s

TIMEOUT
maxsize : 20
nodes : 448690936.000000
filtered : 11085460014.000000
time : 3600.000000
