Parameters: GAD=1 vflib=1 dir=0 label=0 lowerbound=1 fileNameGp=../graphsdb/mcs50/m3D/m3D/mcs50_m3D_s15.A03 fileNameGt=../graphsdb/mcs50/m3D/m3D/mcs50_m3D_s15.B03
Reading graphs...
15 :  25
15 :  25
Initializing...
maxdom : 15
D->valSize : 225
Solving...
currentSize : 6 <-- 0.001011 s
currentSize : 7 <-- 0.001023 s
currentSize : 8 <-- 0.001063 s
currentSize : 9 <-- 0.002846 s
currentSize : 10 <-- 0.005955 s
currentSize : 11 <-- 0.014578 s

maxsize : 11
nodes : 6423.000000
filtered : 74582.000000
time : 0.028880
