Parameters: GAD=1 vflib=1 dir=0 label=0 lowerbound=1 fileNameGp=../graphsdb/mcs50/rand/r01/mcs50_r01_s25.A39 fileNameGt=../graphsdb/mcs50/rand/r01/mcs50_r01_s25.B39
Reading graphs...
25 :  57
25 :  55
Initializing...
maxdom : 25
D->valSize : 625
Solving...
currentSize : 11 <-- 0.005117 s
currentSize : 12 <-- 0.005192 s
currentSize : 13 <-- 0.005301 s
currentSize : 14 <-- 0.008730 s
currentSize : 15 <-- 0.021999 s
currentSize : 16 <-- 0.328041 s

maxsize : 16
nodes : 1573981.000000
filtered : 36418924.000000
time : 14.058948
