Parameters: GAD=1 vflib=1 dir=0 label=0 lowerbound=1 fileNameGp=../graphsdb/mcs50/bvg/b06/mcs50_b06_s30.A04 fileNameGt=../graphsdb/mcs50/bvg/b06/mcs50_b06_s30.B04
Reading graphs...
30 :  90
30 :  89
Initializing...
maxdom : 30
D->valSize : 900
Solving...
currentSize : 12 <-- 0.015062 s
currentSize : 13 <-- 0.015094 s
currentSize : 14 <-- 0.015118 s
currentSize : 15 <-- 0.015358 s
currentSize : 16 <-- 0.036467 s
currentSize : 17 <-- 3.154754 s
currentSize : 18 <-- 8.302711 s

maxsize : 18
nodes : 17536566.000000
filtered : 484794359.000000
time : 162.553314
