Parameters: GAD=1 vflib=1 dir=0 label=0 lowerbound=1 fileNameGp=../graphsdb/mcs50/bvg/b03/mcs50_b03_s30.A14 fileNameGt=../graphsdb/mcs50/bvg/b03/mcs50_b03_s30.B14
Reading graphs...
30 :  44
30 :  45
Initializing...
maxdom : 30
D->valSize : 900
Solving...
currentSize : 13 <-- 0.011535 s
currentSize : 14 <-- 0.011556 s
currentSize : 15 <-- 0.011685 s
currentSize : 16 <-- 0.014866 s
currentSize : 17 <-- 0.028294 s
currentSize : 18 <-- 1.490955 s
currentSize : 19 <-- 1.980537 s
currentSize : 20 <-- 10.806291 s
currentSize : 21 <-- 52.743736 s
currentSize : 22 <-- 254.613754 s

maxsize : 22
nodes : 12603342.000000
filtered : 295299229.000000
time : 294.332672
