Parameters: GAD=1 vflib=1 dir=0 label=0 lowerbound=1 fileNameGp=../graphsdb/mcs50/bvg/b03m/mcs50_b03m_s20.A49 fileNameGt=../graphsdb/mcs50/bvg/b03m/mcs50_b03m_s20.B49
Reading graphs...
20 :  30
20 :  30
Initializing...
maxdom : 20
D->valSize : 400
Solving...
currentSize : 9 <-- 0.002322 s
currentSize : 11 <-- 0.002379 s
currentSize : 12 <-- 0.008138 s
currentSize : 13 <-- 0.008230 s
currentSize : 14 <-- 0.189898 s
currentSize : 15 <-- 0.201375 s

maxsize : 15
nodes : 31882.000000
filtered : 537913.000000
time : 0.327719
