Parameters: GAD=1 vflib=1 dir=0 label=0 lowerbound=1 fileNameGp=../graphsdb/mcs50/rand/r005/mcs50_r005_s35.A52 fileNameGt=../graphsdb/mcs50/rand/r005/mcs50_r005_s35.B52
Reading graphs...
35 :  62
35 :  60
Initializing...
maxdom : 35
D->valSize : 1225
Solving...
currentSize : 17 <-- 0.036610 s
currentSize : 18 <-- 0.128731 s
currentSize : 19 <-- 0.128790 s
currentSize : 20 <-- 0.630453 s
currentSize : 21 <-- 2.663437 s
currentSize : 22 <-- 2.970037 s
currentSize : 23 <-- 8.306552 s
currentSize : 24 <-- 9.477705 s
currentSize : 25 <-- 518.447266 s

maxsize : 25
nodes : 43798948.000000
filtered : 1691204275.000000
time : 1417.301270
