Parameters: GAD=1 vflib=1 dir=0 label=0 lowerbound=1 fileNameGp=../graphsdb/mcs50/bvg/b06m/mcs50_b06m_s35.A52 fileNameGt=../graphsdb/mcs50/bvg/b06m/mcs50_b06m_s35.B52
Reading graphs...
35 :  102
35 :  101
Initializing...
maxdom : 35
D->valSize : 1225
Solving...
currentSize : 14 <-- 0.019169 s
currentSize : 15 <-- 0.027531 s
currentSize : 16 <-- 0.096721 s
currentSize : 17 <-- 0.096968 s
currentSize : 18 <-- 1.020966 s
currentSize : 19 <-- 1.072232 s
currentSize : 20 <-- 63.916004 s
currentSize : 21 <-- 888.548096 s

maxsize : 21
nodes : 211673536.000000
filtered : 7099096945.000000
time : 3330.178467
