Parameters: GAD=1 vflib=1 dir=0 label=0 lowerbound=1 fileNameGp=../graphsdb/mcs50/m2D/m2Dr4/mcs50_m2Dr4_s30.A27 fileNameGt=../graphsdb/mcs50/m2D/m2Dr4/mcs50_m2Dr4_s30.B27
Reading graphs...
30 :  59
30 :  59
Initializing...
maxdom : 30
D->valSize : 900
Solving...
currentSize : 12 <-- 0.018693 s
currentSize : 13 <-- 0.018869 s
currentSize : 14 <-- 0.018918 s
currentSize : 15 <-- 0.023132 s
currentSize : 16 <-- 0.036998 s
currentSize : 17 <-- 0.190274 s
currentSize : 18 <-- 0.245250 s
currentSize : 19 <-- 0.245400 s
currentSize : 20 <-- 19.656679 s

maxsize : 20
nodes : 13003175.000000
filtered : 401918733.000000
time : 241.229477
