Parameters: GAD=1 vflib=1 dir=0 label=0 lowerbound=1 fileNameGp=../graphsdb/mcs50/bvg/b09m/mcs50_b09m_s35.A13 fileNameGt=../graphsdb/mcs50/bvg/b09m/mcs50_b09m_s35.B13
Reading graphs...
35 :  150
35 :  147
Initializing...
maxdom : 35
D->valSize : 1225
Solving...
currentSize : 10 <-- 0.031451 s
currentSize : 12 <-- 0.031483 s
currentSize : 13 <-- 0.031508 s
currentSize : 14 <-- 0.031993 s
currentSize : 15 <-- 0.034261 s
currentSize : 16 <-- 0.074200 s
currentSize : 17 <-- 1.078616 s
currentSize : 18 <-- 64.532486 s
currentSize : 19 <-- 944.019165 s

maxsize : 19
nodes : 205876307.000000
filtered : 5210454583.000000
time : 1677.002319
