Parameters: GAD=1 vflib=1 dir=0 label=0 lowerbound=1 fileNameGp=../graphsdb/mcs50/m2D/m2Dr4/mcs50_m2Dr4_s30.A99 fileNameGt=../graphsdb/mcs50/m2D/m2Dr4/mcs50_m2Dr4_s30.B99
Reading graphs...
30 :  61
30 :  59
Initializing...
maxdom : 30
D->valSize : 900
Solving...
currentSize : 14 <-- 0.010789 s
currentSize : 15 <-- 0.010813 s
currentSize : 17 <-- 0.010976 s
currentSize : 18 <-- 0.534055 s
currentSize : 19 <-- 2.094332 s
currentSize : 20 <-- 51.318840 s

maxsize : 20
nodes : 14642185.000000
filtered : 427745661.000000
time : 238.557632
