Parameters: GAD=1 vflib=1 dir=0 label=0 lowerbound=1 fileNameGp=../graphsdb/mcs50/m4D/m4D/mcs50_m4D_s30.A13 fileNameGt=../graphsdb/mcs50/m4D/m4D/mcs50_m4D_s30.B13
Reading graphs...
30 :  55
30 :  55
Initializing...
maxdom : 30
D->valSize : 900
Solving...
currentSize : 12 <-- 0.010826 s
currentSize : 13 <-- 0.010844 s
currentSize : 15 <-- 0.010898 s
currentSize : 16 <-- 0.121905 s
currentSize : 17 <-- 0.174782 s
currentSize : 18 <-- 0.220725 s
currentSize : 19 <-- 0.998770 s
currentSize : 20 <-- 2.237831 s
currentSize : 22 <-- 3.478108 s

maxsize : 22
nodes : 967936.000000
filtered : 31578882.000000
time : 22.672409
