Parameters: GAD=1 vflib=1 dir=0 label=0 lowerbound=1 fileNameGp=../graphsdb/mcs50/bvg/b09/mcs50_b09_s35.A82 fileNameGt=../graphsdb/mcs50/bvg/b09/mcs50_b09_s35.B82
Reading graphs...
35 :  153
35 :  154
Initializing...
maxdom : 35
D->valSize : 1225
Solving...
currentSize : 14 <-- 0.017882 s
currentSize : 15 <-- 0.017953 s
currentSize : 16 <-- 0.173926 s
currentSize : 17 <-- 0.986287 s
currentSize : 18 <-- 16.715637 s
currentSize : 19 <-- 21.198387 s
currentSize : 20 <-- 60.977192 s

maxsize : 20
nodes : 65112735.000000
filtered : 2232857231.000000
time : 575.735229
