Parameters: GAD=1 vflib=1 dir=0 label=0 lowerbound=1 fileNameGp=../graphsdb/mcs50/bvg/b03/mcs50_b03_s25.A18 fileNameGt=../graphsdb/mcs50/bvg/b03/mcs50_b03_s25.B18
Reading graphs...
25 :  37
25 :  37
Initializing...
maxdom : 25
D->valSize : 625
Solving...
currentSize : 13 <-- 0.005270 s
currentSize : 14 <-- 0.005326 s
currentSize : 15 <-- 0.005925 s
currentSize : 16 <-- 0.015720 s
currentSize : 17 <-- 0.030369 s
currentSize : 18 <-- 0.088749 s
currentSize : 19 <-- 1.635745 s

maxsize : 19
nodes : 180951.000000
filtered : 4894967.000000
time : 3.794408
