Parameters: GAD=1 vflib=1 dir=0 label=0 lowerbound=1 fileNameGp=../graphsdb/mcs50/rand/r02/mcs50_r02_s30.A78 fileNameGt=../graphsdb/mcs50/rand/r02/mcs50_r02_s30.B78
Reading graphs...
30 :  158
30 :  155
Initializing...
maxdom : 30
D->valSize : 900
Solving...
currentSize : 9 <-- 0.009304 s
currentSize : 10 <-- 0.009391 s
currentSize : 11 <-- 0.009416 s
currentSize : 12 <-- 0.013696 s
currentSize : 13 <-- 0.336581 s
currentSize : 14 <-- 3.486533 s
currentSize : 15 <-- 59.416634 s

maxsize : 15
nodes : 55410951.000000
filtered : 847568575.000000
time : 280.884583
