Parameters: GAD=1 vflib=1 dir=0 label=0 lowerbound=1 fileNameGp=../graphsdb/mcs50/rand/r01/mcs50_r01_s35.A57 fileNameGt=../graphsdb/mcs50/rand/r01/mcs50_r01_s35.B57
Reading graphs...
35 :  112
35 :  112
Initializing...
maxdom : 35
D->valSize : 1225
Solving...
currentSize : 14 <-- 0.023696 s
currentSize : 15 <-- 0.023796 s
currentSize : 16 <-- 0.026266 s
currentSize : 17 <-- 0.035274 s
currentSize : 18 <-- 0.198561 s
currentSize : 19 <-- 3.968247 s
currentSize : 20 <-- 1275.742188 s

TIMEOUT
maxsize : 20
nodes : 370277006.000000
filtered : 9381158967.000000
time : 3600.000000
