Parameters: GAD=1 vflib=1 dir=0 label=0 lowerbound=1 fileNameGp=../graphsdb/mcs50/bvg/b06m/mcs50_b06m_s35.A88 fileNameGt=../graphsdb/mcs50/bvg/b06m/mcs50_b06m_s35.B88
Reading graphs...
35 :  101
35 :  103
Initializing...
maxdom : 35
D->valSize : 1225
Solving...
currentSize : 15 <-- 0.019373 s
currentSize : 16 <-- 0.020599 s
currentSize : 17 <-- 0.244347 s
currentSize : 18 <-- 10.022311 s
currentSize : 19 <-- 10.532896 s
currentSize : 20 <-- 24.716236 s
currentSize : 21 <-- 133.888214 s

maxsize : 21
nodes : 125585514.000000
filtered : 4314693734.000000
time : 2352.685303
