Parameters: GAD=1 vflib=1 dir=0 label=0 lowerbound=1 fileNameGp=../graphsdb/mcs50/bvg/b03m/mcs50_b03m_s30.A19 fileNameGt=../graphsdb/mcs50/bvg/b03m/mcs50_b03m_s30.B19
Reading graphs...
30 :  43
30 :  43
Initializing...
maxdom : 30
D->valSize : 900
Solving...
currentSize : 12 <-- 0.011422 s
currentSize : 15 <-- 0.011455 s
currentSize : 16 <-- 0.012073 s
currentSize : 17 <-- 0.083949 s
currentSize : 18 <-- 0.084832 s
currentSize : 19 <-- 2.950467 s
currentSize : 20 <-- 3.210586 s
currentSize : 21 <-- 7.601229 s
currentSize : 22 <-- 7.821036 s

maxsize : 22
nodes : 2970378.000000
filtered : 85895742.000000
time : 67.008713
