Parameters: GAD=1 vflib=1 dir=0 label=0 lowerbound=1 fileNameGp=../graphsdb/mcs50/m4D/m4Dr4/mcs50_m4Dr4_s35.A10 fileNameGt=../graphsdb/mcs50/m4D/m4Dr4/mcs50_m4Dr4_s35.B10
Reading graphs...
35 :  75
35 :  75
Initializing...
maxdom : 35
D->valSize : 1225
Solving...
currentSize : 13 <-- 0.020146 s
currentSize : 15 <-- 0.027790 s
currentSize : 16 <-- 0.032711 s
currentSize : 17 <-- 0.033106 s
currentSize : 18 <-- 1.423029 s
currentSize : 19 <-- 1.458291 s
currentSize : 20 <-- 1.459050 s
currentSize : 21 <-- 2.202651 s
currentSize : 22 <-- 149.324158 s

TIMEOUT
maxsize : 22
nodes : 201380009.000000
filtered : 5472314065.000000
time : 3600.000000
