Parameters: GAD=1 vflib=1 dir=0 label=0 lowerbound=1 fileNameGp=../graphsdb/mcs50/m4D/m4D/mcs50_m4D_s30.A02 fileNameGt=../graphsdb/mcs50/m4D/m4D/mcs50_m4D_s30.B02
Reading graphs...
30 :  55
30 :  55
Initializing...
maxdom : 30
D->valSize : 900
Solving...
currentSize : 11 <-- 0.016203 s
currentSize : 12 <-- 0.017301 s
currentSize : 14 <-- 0.020845 s
currentSize : 15 <-- 0.022336 s
currentSize : 16 <-- 0.197992 s
currentSize : 17 <-- 0.820308 s
currentSize : 18 <-- 2.761972 s
currentSize : 19 <-- 3.017784 s
currentSize : 20 <-- 4.017208 s
currentSize : 21 <-- 4.838689 s
currentSize : 22 <-- 6.454806 s

maxsize : 22
nodes : 1240321.000000
filtered : 32477289.000000
time : 34.015095
