Parameters: GAD=1 vflib=1 dir=0 label=0 lowerbound=1 fileNameGp=../graphsdb/mcs50/rand/r02/mcs50_r02_s35.A98 fileNameGt=../graphsdb/mcs50/rand/r02/mcs50_r02_s35.B98
Reading graphs...
35 :  213
35 :  219
Initializing...
maxdom : 35
D->valSize : 1225
Solving...
currentSize : 11 <-- 0.016842 s
currentSize : 12 <-- 0.016929 s
currentSize : 13 <-- 0.017236 s
currentSize : 14 <-- 0.042651 s
currentSize : 15 <-- 9.179398 s
currentSize : 17 <-- 2265.523193 s

maxsize : 17
nodes : 673558453.000000
filtered : 10013640525.000000
time : 3442.754150
