Parameters: GAD=1 vflib=1 dir=0 label=0 lowerbound=1 fileNameGp=../graphsdb/mcs50/bvg/b06/mcs50_b06_s30.A50 fileNameGt=../graphsdb/mcs50/bvg/b06/mcs50_b06_s30.B50
Reading graphs...
30 :  90
30 :  90
Initializing...
maxdom : 30
D->valSize : 900
Solving...
currentSize : 11 <-- 0.010121 s
currentSize : 12 <-- 0.010161 s
currentSize : 13 <-- 0.010220 s
currentSize : 14 <-- 0.012649 s
currentSize : 15 <-- 0.012908 s
currentSize : 16 <-- 0.234108 s
currentSize : 17 <-- 0.433435 s
currentSize : 19 <-- 8.272804 s
currentSize : 20 <-- 11.278851 s

maxsize : 20
nodes : 2768212.000000
filtered : 90592856.000000
time : 31.309616
