Parameters: GAD=1 vflib=1 dir=0 label=0 lowerbound=1 fileNameGp=../graphsdb/mcs50/bvg/b06/mcs50_b06_s30.A22 fileNameGt=../graphsdb/mcs50/bvg/b06/mcs50_b06_s30.B22
Reading graphs...
30 :  89
30 :  90
Initializing...
maxdom : 30
D->valSize : 900
Solving...
currentSize : 11 <-- 0.010106 s
currentSize : 13 <-- 0.010139 s
currentSize : 14 <-- 0.010147 s
currentSize : 15 <-- 0.011461 s
currentSize : 16 <-- 0.574335 s
currentSize : 17 <-- 0.574789 s
currentSize : 18 <-- 11.015122 s
currentSize : 19 <-- 33.299812 s

maxsize : 19
nodes : 8854507.000000
filtered : 259035330.000000
time : 88.307961
