Parameters: GAD=1 vflib=1 dir=0 label=0 lowerbound=1 fileNameGp=../graphsdb/mcs50/m4D/m4Dr4/mcs50_m4Dr4_s30.A88 fileNameGt=../graphsdb/mcs50/m4D/m4Dr4/mcs50_m4Dr4_s30.B88
Reading graphs...
30 :  66
30 :  65
Initializing...
maxdom : 30
D->valSize : 900
Solving...
currentSize : 12 <-- 0.018606 s
currentSize : 14 <-- 0.018713 s
currentSize : 15 <-- 0.207670 s
currentSize : 16 <-- 0.478541 s
currentSize : 17 <-- 0.646004 s
currentSize : 18 <-- 1.294118 s
currentSize : 19 <-- 5.655501 s
currentSize : 20 <-- 61.316067 s

maxsize : 20
nodes : 7200985.000000
filtered : 217125820.000000
time : 118.779640
