Parameters: GAD=1 vflib=1 dir=0 label=0 lowerbound=1 fileNameGp=../graphsdb/mcs50/m2D/m2D/mcs50_m2D_s30.A10 fileNameGt=../graphsdb/mcs50/m2D/m2D/mcs50_m2D_s30.B10
Reading graphs...
30 :  49
30 :  48
Initializing...
maxdom : 30
D->valSize : 900
Solving...
currentSize : 13 <-- 0.011114 s
currentSize : 15 <-- 0.011151 s
currentSize : 16 <-- 0.016347 s
currentSize : 17 <-- 0.024260 s
currentSize : 18 <-- 0.040197 s
currentSize : 19 <-- 0.057581 s
currentSize : 20 <-- 0.100291 s
currentSize : 21 <-- 5.997078 s
currentSize : 22 <-- 11.837539 s
currentSize : 23 <-- 19.415403 s

maxsize : 23
nodes : 1206661.000000
filtered : 39896224.000000
time : 31.855024
