Parameters: GAD=1 vflib=1 dir=0 label=0 lowerbound=1 fileNameGp=../graphsdb/mcs50/bvg/b06m/mcs50_b06m_s35.A14 fileNameGt=../graphsdb/mcs50/bvg/b06m/mcs50_b06m_s35.B14
Reading graphs...
35 :  98
35 :  101
Initializing...
maxdom : 35
D->valSize : 1225
Solving...
currentSize : 14 <-- 0.019479 s
currentSize : 16 <-- 0.019735 s
currentSize : 17 <-- 0.020157 s
currentSize : 18 <-- 0.049829 s
currentSize : 19 <-- 1.751534 s
currentSize : 20 <-- 2.175438 s
currentSize : 21 <-- 81.430305 s

maxsize : 21
nodes : 202628721.000000
filtered : 6728967228.000000
time : 2445.250977
