Parameters: GAD=1 vflib=1 dir=0 label=0 lowerbound=1 fileNameGp=../graphsdb/mcs50/rand/r005/mcs50_r005_s25.A82 fileNameGt=../graphsdb/mcs50/rand/r005/mcs50_r005_s25.B82
Reading graphs...
25 :  35
25 :  35
Initializing...
maxdom : 25
D->valSize : 625
Solving...
currentSize : 10 <-- 0.005373 s
currentSize : 12 <-- 0.005518 s
currentSize : 13 <-- 0.005542 s
currentSize : 14 <-- 0.006531 s
currentSize : 15 <-- 0.046125 s
currentSize : 17 <-- 0.600172 s
currentSize : 18 <-- 3.087750 s

maxsize : 18
nodes : 511702.000000
filtered : 7911656.000000
time : 5.225202
