Parameters: GAD=1 vflib=1 dir=0 label=0 lowerbound=1 fileNameGp=../graphsdb/mcs50/m4D/m4Dr6/mcs50_m4Dr6_s30.A37 fileNameGt=../graphsdb/mcs50/m4D/m4Dr6/mcs50_m4Dr6_s30.B37
Reading graphs...
30 :  70
30 :  69
Initializing...
maxdom : 30
D->valSize : 900
Solving...
currentSize : 13 <-- 0.010633 s
currentSize : 14 <-- 0.012460 s
currentSize : 15 <-- 0.040120 s
currentSize : 16 <-- 0.058861 s
currentSize : 17 <-- 0.202936 s
currentSize : 18 <-- 0.638726 s
currentSize : 19 <-- 1.550661 s
currentSize : 20 <-- 42.127460 s
currentSize : 21 <-- 69.625916 s

maxsize : 21
nodes : 5733339.000000
filtered : 174821557.000000
time : 78.845222
