Parameters: GAD=1 vflib=1 dir=0 label=0 lowerbound=1 fileNameGp=../graphsdb/mcs50/m4D/m4Dr6/mcs50_m4Dr6_s30.A68 fileNameGt=../graphsdb/mcs50/m4D/m4Dr6/mcs50_m4Dr6_s30.B68
Reading graphs...
30 :  70
30 :  70
Initializing...
maxdom : 30
D->valSize : 900
Solving...
currentSize : 14 <-- 0.010579 s
currentSize : 16 <-- 0.029024 s
currentSize : 17 <-- 0.314369 s
currentSize : 18 <-- 7.761543 s
currentSize : 19 <-- 15.840899 s
currentSize : 20 <-- 118.839600 s

maxsize : 20
nodes : 12481760.000000
filtered : 357036673.000000
time : 181.335617
