Parameters: GAD=1 vflib=1 dir=0 label=0 lowerbound=1 fileNameGp=../graphsdb/mcs50/bvg/b03/mcs50_b03_s35.A28 fileNameGt=../graphsdb/mcs50/bvg/b03/mcs50_b03_s35.B28
Reading graphs...
35 :  52
35 :  50
Initializing...
maxdom : 35
D->valSize : 1225
Solving...
currentSize : 16 <-- 0.025934 s
currentSize : 17 <-- 0.026011 s
currentSize : 18 <-- 0.029542 s
currentSize : 19 <-- 0.045026 s
currentSize : 20 <-- 0.110600 s
currentSize : 21 <-- 0.951278 s
currentSize : 22 <-- 18.175220 s
currentSize : 23 <-- 78.295609 s
currentSize : 24 <-- 1174.942993 s
currentSize : 25 <-- 2133.380859 s

TIMEOUT
maxsize : 25
nodes : 130809714.000000
filtered : 3436649777.000000
time : 3600.000000
