Parameters: GAD=1 vflib=1 dir=0 label=0 lowerbound=1 fileNameGp=../graphsdb/mcs50/bvg/b06/mcs50_b06_s20.A57 fileNameGt=../graphsdb/mcs50/bvg/b06/mcs50_b06_s20.B57
Reading graphs...
20 :  60
20 :  56
Initializing...
maxdom : 20
D->valSize : 400
Solving...
currentSize : 6 <-- 0.002015 s
currentSize : 7 <-- 0.002029 s
currentSize : 9 <-- 0.002099 s
currentSize : 10 <-- 0.002177 s
currentSize : 11 <-- 0.002217 s
currentSize : 12 <-- 0.003391 s
currentSize : 13 <-- 0.019558 s

maxsize : 13
nodes : 50695.000000
filtered : 985236.000000
time : 0.292738
