Parameters: GAD=1 vflib=1 dir=0 label=0 lowerbound=1 fileNameGp=../graphsdb/mcs50/m4D/m4Dr6/mcs50_m4Dr6_s35.A26 fileNameGt=../graphsdb/mcs50/m4D/m4Dr6/mcs50_m4Dr6_s35.B26
Reading graphs...
35 :  82
35 :  81
Initializing...
maxdom : 35
D->valSize : 1225
Solving...
currentSize : 17 <-- 0.035388 s
currentSize : 18 <-- 0.035415 s
currentSize : 19 <-- 0.045584 s
currentSize : 20 <-- 0.045681 s
currentSize : 21 <-- 0.450722 s
currentSize : 22 <-- 54.242043 s

maxsize : 22
nodes : 181999031.000000
filtered : 6041485114.000000
time : 3109.219727
