Parameters: GAD=1 vflib=1 dir=0 label=0 lowerbound=1 fileNameGp=../graphsdb/mcs50/rand/r02/mcs50_r02_s35.A20 fileNameGt=../graphsdb/mcs50/rand/r02/mcs50_r02_s35.B20
Reading graphs...
35 :  220
35 :  215
Initializing...
maxdom : 35
D->valSize : 1225
Solving...
currentSize : 11 <-- 0.017486 s
currentSize : 12 <-- 0.017623 s
currentSize : 13 <-- 0.026381 s
currentSize : 14 <-- 0.288025 s
currentSize : 15 <-- 27.005220 s
currentSize : 17 <-- 2322.517090 s

maxsize : 17
nodes : 645263883.000000
filtered : 9527027290.000000
time : 3376.191162
