Parameters: GAD=1 vflib=1 dir=0 label=0 lowerbound=1 fileNameGp=../graphsdb/mcs50/m3D/m3Dr2/mcs50_m3Dr2_s20.A65 fileNameGt=../graphsdb/mcs50/m3D/m3Dr2/mcs50_m3Dr2_s20.B65
Reading graphs...
20 :  40
20 :  40
Initializing...
maxdom : 20
D->valSize : 400
Solving...
currentSize : 9 <-- 0.002199 s
currentSize : 10 <-- 0.002222 s
currentSize : 11 <-- 0.003420 s
currentSize : 12 <-- 0.006986 s
currentSize : 13 <-- 0.013164 s
currentSize : 14 <-- 0.072467 s

maxsize : 14
nodes : 38909.000000
filtered : 800404.000000
time : 0.321173
