Parameters: GAD=1 vflib=1 dir=0 label=0 lowerbound=1 fileNameGp=../graphsdb/mcs50/rand/r005/mcs50_r005_s25.A05 fileNameGt=../graphsdb/mcs50/rand/r005/mcs50_r005_s25.B05
Reading graphs...
25 :  33
25 :  34
Initializing...
maxdom : 25
D->valSize : 625
Solving...
currentSize : 11 <-- 0.009431 s
currentSize : 13 <-- 0.010300 s
currentSize : 14 <-- 0.010327 s
currentSize : 15 <-- 0.011248 s
currentSize : 16 <-- 0.031224 s
currentSize : 17 <-- 0.032224 s
currentSize : 18 <-- 0.879671 s
currentSize : 19 <-- 2.834553 s

maxsize : 19
nodes : 317128.000000
filtered : 4952422.000000
time : 3.739355
