Parameters: GAD=1 vflib=1 dir=0 label=0 lowerbound=1 fileNameGp=../graphsdb/mcs50/rand/r02/mcs50_r02_s35.A66 fileNameGt=../graphsdb/mcs50/rand/r02/mcs50_r02_s35.B66
Reading graphs...
35 :  212
35 :  214
Initializing...
maxdom : 35
D->valSize : 1225
Solving...
currentSize : 10 <-- 0.029732 s
currentSize : 11 <-- 0.029777 s
currentSize : 12 <-- 0.030152 s
currentSize : 13 <-- 0.035965 s
currentSize : 14 <-- 0.251265 s
currentSize : 15 <-- 13.535245 s
currentSize : 17 <-- 1267.833252 s

maxsize : 17
nodes : 471742665.000000
filtered : 7503503376.000000
time : 2553.431396
