Parameters: GAD=1 vflib=1 dir=0 label=0 lowerbound=1 fileNameGp=../graphsdb/mcs50/bvg/b03m/mcs50_b03m_s25.A79 fileNameGt=../graphsdb/mcs50/bvg/b03m/mcs50_b03m_s25.B79
Reading graphs...
25 :  35
25 :  35
Initializing...
maxdom : 25
D->valSize : 625
Solving...
currentSize : 13 <-- 0.005446 s
currentSize : 14 <-- 0.005781 s
currentSize : 15 <-- 0.005789 s
currentSize : 16 <-- 0.031320 s
currentSize : 17 <-- 0.060963 s
currentSize : 18 <-- 0.128279 s

maxsize : 18
nodes : 526994.000000
filtered : 11627545.000000
time : 7.526107
