Parameters: GAD=1 vflib=1 dir=0 label=0 lowerbound=1 fileNameGp=../graphsdb/mcs50/bvg/b03m/mcs50_b03m_s35.A76 fileNameGt=../graphsdb/mcs50/bvg/b03m/mcs50_b03m_s35.B76
Reading graphs...
35 :  51
35 :  51
Initializing...
maxdom : 35
D->valSize : 1225
Solving...
currentSize : 18 <-- 0.021071 s
currentSize : 19 <-- 0.021092 s
currentSize : 20 <-- 0.026853 s
currentSize : 21 <-- 0.027013 s
currentSize : 22 <-- 0.317038 s
currentSize : 23 <-- 16.692747 s
currentSize : 24 <-- 94.287758 s
currentSize : 25 <-- 188.527649 s
currentSize : 26 <-- 196.100189 s

maxsize : 26
nodes : 20675995.000000
filtered : 624781000.000000
time : 675.079041
