Parameters: GAD=1 vflib=1 dir=0 label=0 lowerbound=1 fileNameGp=../graphsdb/mcs50/bvg/b09/mcs50_b09_s30.A75 fileNameGt=../graphsdb/mcs50/bvg/b09/mcs50_b09_s30.B75
Reading graphs...
30 :  132
30 :  131
Initializing...
maxdom : 30
D->valSize : 900
Solving...
currentSize : 12 <-- 0.009634 s
currentSize : 13 <-- 0.009714 s
currentSize : 14 <-- 0.010155 s
currentSize : 15 <-- 0.011961 s
currentSize : 16 <-- 2.297047 s
currentSize : 17 <-- 4.662618 s

maxsize : 17
nodes : 9086816.000000
filtered : 221350109.000000
time : 58.941921
