Parameters: GAD=1 vflib=1 dir=0 label=0 lowerbound=1 fileNameGp=../graphsdb/mcs50/m2D/m2Dr6/mcs50_m2Dr6_s30.A73 fileNameGt=../graphsdb/mcs50/m2D/m2Dr6/mcs50_m2Dr6_s30.B73
Reading graphs...
30 :  65
30 :  64
Initializing...
maxdom : 30
D->valSize : 900
Solving...
currentSize : 14 <-- 0.010760 s
currentSize : 15 <-- 0.010812 s
currentSize : 16 <-- 0.014323 s
currentSize : 17 <-- 0.306591 s
currentSize : 18 <-- 0.337808 s
currentSize : 19 <-- 1.286222 s
currentSize : 20 <-- 37.873680 s

maxsize : 20
nodes : 14989346.000000
filtered : 435017364.000000
time : 193.598709
