Parameters: GAD=1 vflib=1 dir=0 label=0 lowerbound=1 fileNameGp=../graphsdb/mcs50/m2D/m2D/mcs50_m2D_s30.A95 fileNameGt=../graphsdb/mcs50/m2D/m2D/mcs50_m2D_s30.B95
Reading graphs...
30 :  49
30 :  49
Initializing...
maxdom : 30
D->valSize : 900
Solving...
currentSize : 15 <-- 0.012176 s
currentSize : 16 <-- 0.012214 s
currentSize : 17 <-- 0.017245 s
currentSize : 18 <-- 0.083392 s
currentSize : 19 <-- 0.083558 s
currentSize : 20 <-- 3.084747 s
currentSize : 21 <-- 20.492416 s

maxsize : 21
nodes : 8918287.000000
filtered : 276937311.000000
time : 209.330139
