Parameters: GAD=1 vflib=1 dir=0 label=0 lowerbound=1 fileNameGp=../graphsdb/mcs50/rand/r005/mcs50_r005_s35.A79 fileNameGt=../graphsdb/mcs50/rand/r005/mcs50_r005_s35.B79
Reading graphs...
35 :  61
35 :  60
Initializing...
maxdom : 35
D->valSize : 1225
Solving...
currentSize : 14 <-- 0.020953 s
currentSize : 16 <-- 0.021851 s
currentSize : 17 <-- 0.021883 s
currentSize : 18 <-- 0.024750 s
currentSize : 20 <-- 0.197807 s
currentSize : 21 <-- 23.014231 s
currentSize : 22 <-- 40.127460 s
currentSize : 23 <-- 119.022438 s
currentSize : 24 <-- 122.811493 s
currentSize : 25 <-- 513.155579 s

maxsize : 25
nodes : 38360086.000000
filtered : 1337822927.000000
time : 1186.354858
