Parameters: GAD=1 vflib=1 dir=0 label=0 lowerbound=1 fileNameGp=../graphsdb/mcs50/bvg/b03m/mcs50_b03m_s35.A54 fileNameGt=../graphsdb/mcs50/bvg/b03m/mcs50_b03m_s35.B54
Reading graphs...
35 :  52
35 :  52
Initializing...
maxdom : 35
D->valSize : 1225
Solving...
currentSize : 16 <-- 0.036999 s
currentSize : 17 <-- 0.037765 s
currentSize : 18 <-- 0.048333 s
currentSize : 19 <-- 0.135768 s
currentSize : 20 <-- 0.154585 s
currentSize : 21 <-- 1.215305 s
currentSize : 22 <-- 1.232910 s
currentSize : 23 <-- 46.010403 s
currentSize : 24 <-- 128.549515 s
currentSize : 25 <-- 2277.147705 s

maxsize : 25
nodes : 118911335.000000
filtered : 3409323252.000000
time : 3061.245850
