Parameters: GAD=1 vflib=1 dir=0 label=0 lowerbound=1 fileNameGp=../graphsdb/mcs50/m4D/m4Dr6/mcs50_m4Dr6_s30.A67 fileNameGt=../graphsdb/mcs50/m4D/m4Dr6/mcs50_m4Dr6_s30.B67
Reading graphs...
30 :  73
30 :  72
Initializing...
maxdom : 30
D->valSize : 900
Solving...
currentSize : 12 <-- 0.010510 s
currentSize : 13 <-- 0.010531 s
currentSize : 14 <-- 0.010550 s
currentSize : 15 <-- 0.013344 s
currentSize : 16 <-- 0.013640 s
currentSize : 17 <-- 0.033094 s
currentSize : 18 <-- 0.436622 s
currentSize : 19 <-- 15.142930 s

maxsize : 19
nodes : 11185307.000000
filtered : 324398346.000000
time : 128.014801
