Parameters: GAD=1 vflib=1 dir=0 label=0 lowerbound=1 fileNameGp=../graphsdb/mcs50/m4D/m4Dr2/mcs50_m4Dr2_s35.A98 fileNameGt=../graphsdb/mcs50/m4D/m4Dr2/mcs50_m4Dr2_s35.B98
Reading graphs...
35 :  68
35 :  70
Initializing...
maxdom : 35
D->valSize : 1225
Solving...
currentSize : 10 <-- 0.035569 s
currentSize : 12 <-- 0.035604 s
currentSize : 14 <-- 0.036019 s
currentSize : 15 <-- 0.037352 s
currentSize : 16 <-- 0.039608 s
currentSize : 17 <-- 0.042354 s
currentSize : 18 <-- 1.704709 s
currentSize : 19 <-- 2.126564 s
currentSize : 20 <-- 5.269533 s
currentSize : 21 <-- 6.863442 s
currentSize : 22 <-- 58.849400 s
currentSize : 23 <-- 151.612259 s

TIMEOUT
maxsize : 23
nodes : 152490098.000000
filtered : 4652592899.000000
time : 3600.000000
