Parameters: GAD=1 vflib=1 dir=0 label=0 lowerbound=1 fileNameGp=../graphsdb/mcs50/m4D/m4Dr4/mcs50_m4Dr4_s35.A50 fileNameGt=../graphsdb/mcs50/m4D/m4Dr4/mcs50_m4Dr4_s35.B50
Reading graphs...
35 :  77
35 :  74
Initializing...
maxdom : 35
D->valSize : 1225
Solving...
currentSize : 14 <-- 0.019943 s
currentSize : 15 <-- 0.019987 s
currentSize : 16 <-- 0.020004 s
currentSize : 17 <-- 0.023591 s
currentSize : 18 <-- 0.096058 s
currentSize : 19 <-- 0.168001 s
currentSize : 20 <-- 0.481067 s
currentSize : 21 <-- 55.513039 s
currentSize : 22 <-- 1646.532471 s

TIMEOUT
maxsize : 22
nodes : 203370569.000000
filtered : 5344112953.000000
time : 3600.000000
