Parameters: GAD=1 vflib=1 dir=0 label=0 lowerbound=1 fileNameGp=../graphsdb/mcs50/bvg/b09m/mcs50_b09m_s35.A31 fileNameGt=../graphsdb/mcs50/bvg/b09m/mcs50_b09m_s35.B31
Reading graphs...
35 :  146
35 :  150
Initializing...
maxdom : 35
D->valSize : 1225
Solving...
currentSize : 12 <-- 0.023289 s
currentSize : 13 <-- 0.023477 s
currentSize : 14 <-- 0.032281 s
currentSize : 15 <-- 0.042158 s
currentSize : 16 <-- 0.340257 s
currentSize : 17 <-- 5.613723 s
currentSize : 18 <-- 23.349754 s

maxsize : 18
nodes : 352480052.000000
filtered : 8658484502.000000
time : 2918.102295
