Parameters: GAD=1 vflib=1 dir=0 label=0 lowerbound=1 fileNameGp=../graphsdb/mcs50/bvg/b06m/mcs50_b06m_s35.A96 fileNameGt=../graphsdb/mcs50/bvg/b06m/mcs50_b06m_s35.B96
Reading graphs...
35 :  102
35 :  101
Initializing...
maxdom : 35
D->valSize : 1225
Solving...
currentSize : 12 <-- 0.019732 s
currentSize : 13 <-- 0.020042 s
currentSize : 14 <-- 0.023837 s
currentSize : 15 <-- 0.040107 s
currentSize : 16 <-- 0.064557 s
currentSize : 17 <-- 0.325385 s
currentSize : 18 <-- 0.763800 s
currentSize : 19 <-- 1.871346 s
currentSize : 20 <-- 68.406067 s
currentSize : 21 <-- 522.826477 s

maxsize : 21
nodes : 173207465.000000
filtered : 5699822547.000000
time : 2404.685791
