Parameters: GAD=1 vflib=1 dir=0 label=0 lowerbound=1 fileNameGp=../graphsdb/mcs50/bvg/b03/mcs50_b03_s30.A16 fileNameGt=../graphsdb/mcs50/bvg/b03/mcs50_b03_s30.B16
Reading graphs...
30 :  45
30 :  45
Initializing...
maxdom : 30
D->valSize : 900
Solving...
currentSize : 12 <-- 0.011205 s
currentSize : 14 <-- 0.011250 s
currentSize : 15 <-- 0.011266 s
currentSize : 16 <-- 0.021197 s
currentSize : 17 <-- 0.039068 s
currentSize : 18 <-- 0.046206 s
currentSize : 19 <-- 0.646752 s
currentSize : 20 <-- 8.120442 s
currentSize : 21 <-- 70.510674 s

maxsize : 21
nodes : 11871391.000000
filtered : 287623329.000000
time : 199.051376
