Parameters: GAD=1 vflib=1 dir=0 label=0 lowerbound=1 fileNameGp=../graphsdb/mcs50/m4D/m4D/mcs50_m4D_s35.A52 fileNameGt=../graphsdb/mcs50/m4D/m4D/mcs50_m4D_s35.B52
Reading graphs...
35 :  63
35 :  63
Initializing...
maxdom : 35
D->valSize : 1225
Solving...
currentSize : 12 <-- 0.035964 s
currentSize : 19 <-- 0.036030 s
currentSize : 20 <-- 0.036107 s
currentSize : 21 <-- 0.036161 s
currentSize : 22 <-- 0.067706 s
currentSize : 23 <-- 13.258947 s
currentSize : 24 <-- 60.412731 s
currentSize : 25 <-- 123.540359 s
currentSize : 26 <-- 397.199738 s

maxsize : 26
nodes : 17345588.000000
filtered : 635016259.000000
time : 461.241608
