Parameters: GAD=1 vflib=1 dir=0 label=0 lowerbound=1 fileNameGp=../graphsdb/mcs50/bvg/b03/mcs50_b03_s30.A93 fileNameGt=../graphsdb/mcs50/bvg/b03/mcs50_b03_s30.B93
Reading graphs...
30 :  45
30 :  45
Initializing...
maxdom : 30
D->valSize : 900
Solving...
currentSize : 14 <-- 0.011124 s
currentSize : 16 <-- 0.011154 s
currentSize : 17 <-- 0.011441 s
currentSize : 18 <-- 0.013108 s
currentSize : 19 <-- 0.014454 s
currentSize : 20 <-- 0.018215 s
currentSize : 21 <-- 10.394335 s
currentSize : 22 <-- 149.225311 s

maxsize : 22
nodes : 7419307.000000
filtered : 207484755.000000
time : 161.570129
