Parameters: GAD=1 vflib=1 dir=0 label=0 lowerbound=1 fileNameGp=../graphsdb/mcs50/bvg/b09/mcs50_b09_s30.A54 fileNameGt=../graphsdb/mcs50/bvg/b09/mcs50_b09_s30.B54
Reading graphs...
30 :  133
30 :  134
Initializing...
maxdom : 30
D->valSize : 900
Solving...
currentSize : 10 <-- 0.009455 s
currentSize : 12 <-- 0.009492 s
currentSize : 13 <-- 0.010288 s
currentSize : 14 <-- 0.022314 s
currentSize : 15 <-- 0.105149 s
currentSize : 16 <-- 6.209957 s
currentSize : 17 <-- 33.775303 s

maxsize : 17
nodes : 12955196.000000
filtered : 297881450.000000
time : 80.209030
