Parameters: GAD=1 vflib=1 dir=0 label=0 lowerbound=1 fileNameGp=../graphsdb/mcs50/bvg/b03/mcs50_b03_s35.A24 fileNameGt=../graphsdb/mcs50/bvg/b03/mcs50_b03_s35.B24
Reading graphs...
35 :  52
35 :  51
Initializing...
maxdom : 35
D->valSize : 1225
Solving...
currentSize : 12 <-- 0.020900 s
currentSize : 14 <-- 0.020930 s
currentSize : 15 <-- 0.020940 s
currentSize : 16 <-- 0.021024 s
currentSize : 17 <-- 0.021047 s
currentSize : 18 <-- 0.023888 s
currentSize : 19 <-- 1.053738 s
currentSize : 20 <-- 1.573237 s
currentSize : 21 <-- 2.503965 s
currentSize : 22 <-- 129.299133 s
currentSize : 23 <-- 129.302414 s
currentSize : 24 <-- 129.629028 s
currentSize : 25 <-- 533.869080 s

maxsize : 25
nodes : 79567248.000000
filtered : 2171398496.000000
time : 2017.923828
