Parameters: GAD=1 vflib=1 dir=0 label=0 lowerbound=1 fileNameGp=../graphsdb/mcs50/m4D/m4Dr6/mcs50_m4Dr6_s35.A77 fileNameGt=../graphsdb/mcs50/m4D/m4Dr6/mcs50_m4Dr6_s35.B77
Reading graphs...
35 :  82
35 :  84
Initializing...
maxdom : 35
D->valSize : 1225
Solving...
currentSize : 15 <-- 0.035244 s
currentSize : 16 <-- 0.035270 s
currentSize : 17 <-- 0.035569 s
currentSize : 18 <-- 0.040783 s
currentSize : 19 <-- 0.083251 s
currentSize : 20 <-- 1.062331 s
currentSize : 21 <-- 1.726962 s
currentSize : 22 <-- 42.798862 s
currentSize : 23 <-- 919.263123 s

maxsize : 23
nodes : 92711204.000000
filtered : 3159604061.000000
time : 1683.333984
