Parameters: GAD=1 vflib=1 dir=0 label=0 lowerbound=1 fileNameGp=../graphsdb/mcs50/rand/r01/mcs50_r01_s35.A53 fileNameGt=../graphsdb/mcs50/rand/r01/mcs50_r01_s35.B53
Reading graphs...
35 :  115
35 :  110
Initializing...
maxdom : 35
D->valSize : 1225
Solving...
currentSize : 13 <-- 0.033625 s
currentSize : 14 <-- 0.033855 s
currentSize : 15 <-- 0.037300 s
currentSize : 17 <-- 0.038826 s
currentSize : 18 <-- 0.041459 s
currentSize : 19 <-- 1.157506 s
currentSize : 20 <-- 1344.930542 s

TIMEOUT
maxsize : 20
nodes : 382773555.000000
filtered : 10310708110.000000
time : 3600.000000
