Parameters: GAD=1 vflib=1 dir=0 label=0 lowerbound=1 fileNameGp=../graphsdb/mcs50/m4D/m4Dr4/mcs50_m4Dr4_s30.A57 fileNameGt=../graphsdb/mcs50/m4D/m4Dr4/mcs50_m4Dr4_s30.B57
Reading graphs...
30 :  67
30 :  66
Initializing...
maxdom : 30
D->valSize : 900
Solving...
currentSize : 12 <-- 0.010951 s
currentSize : 13 <-- 0.011101 s
currentSize : 14 <-- 0.011117 s
currentSize : 15 <-- 0.011948 s
currentSize : 16 <-- 0.014097 s
currentSize : 17 <-- 0.015020 s
currentSize : 18 <-- 0.509992 s
currentSize : 19 <-- 18.034554 s
currentSize : 20 <-- 36.911533 s

maxsize : 20
nodes : 7265896.000000
filtered : 221366066.000000
time : 108.165642
