Parameters: GAD=1 vflib=1 dir=0 label=0 lowerbound=1 fileNameGp=../graphsdb/mcs50/rand/r01/mcs50_r01_s35.A97 fileNameGt=../graphsdb/mcs50/rand/r01/mcs50_r01_s35.B97
Reading graphs...
35 :  116
35 :  114
Initializing...
maxdom : 35
D->valSize : 1225
Solving...
currentSize : 12 <-- 0.024435 s
currentSize : 13 <-- 0.024523 s
currentSize : 14 <-- 0.024647 s
currentSize : 15 <-- 0.029103 s
currentSize : 16 <-- 0.044905 s
currentSize : 17 <-- 0.047940 s
currentSize : 18 <-- 0.199337 s
currentSize : 19 <-- 2.863700 s
currentSize : 20 <-- 1153.785767 s

TIMEOUT
maxsize : 20
nodes : 370266452.000000
filtered : 9829388947.000000
time : 3600.000000
