Parameters: GAD=1 vflib=1 dir=0 label=0 lowerbound=1 fileNameGp=../graphsdb/mcs50/bvg/b03/mcs50_b03_s20.A15 fileNameGt=../graphsdb/mcs50/bvg/b03/mcs50_b03_s20.B15
Reading graphs...
20 :  29
20 :  30
Initializing...
maxdom : 20
D->valSize : 400
Solving...
currentSize : 2 <-- 0.003817 s
currentSize : 11 <-- 0.003897 s
currentSize : 12 <-- 0.004025 s
currentSize : 13 <-- 0.004416 s
currentSize : 14 <-- 0.004668 s
currentSize : 15 <-- 0.006468 s

maxsize : 15
nodes : 13309.000000
filtered : 274963.000000
time : 0.135896
