Parameters: GAD=1 vflib=1 dir=0 label=0 lowerbound=1 fileNameGp=../graphsdb/mcs50/m4D/m4D/mcs50_m4D_s30.A04 fileNameGt=../graphsdb/mcs50/m4D/m4D/mcs50_m4D_s30.B04
Reading graphs...
30 :  55
30 :  55
Initializing...
maxdom : 30
D->valSize : 900
Solving...
currentSize : 14 <-- 0.010893 s
currentSize : 15 <-- 0.011118 s
currentSize : 16 <-- 0.015157 s
currentSize : 17 <-- 0.025572 s
currentSize : 18 <-- 0.297403 s
currentSize : 19 <-- 0.524094 s
currentSize : 20 <-- 0.528794 s
currentSize : 21 <-- 0.598810 s
currentSize : 22 <-- 16.877789 s

maxsize : 22
nodes : 1332609.000000
filtered : 43490179.000000
time : 37.511185
