Parameters: GAD=1 vflib=1 dir=0 label=0 lowerbound=1 fileNameGp=../graphsdb/mcs50/m4D/m4Dr2/mcs50_m4Dr2_s30.A56 fileNameGt=../graphsdb/mcs50/m4D/m4Dr2/mcs50_m4Dr2_s30.B56
Reading graphs...
30 :  60
30 :  59
Initializing...
maxdom : 30
D->valSize : 900
Solving...
currentSize : 15 <-- 0.018884 s
currentSize : 16 <-- 0.019444 s
currentSize : 17 <-- 0.026868 s
currentSize : 18 <-- 0.034467 s
currentSize : 19 <-- 0.043036 s
currentSize : 20 <-- 20.458181 s
currentSize : 21 <-- 35.291065 s

maxsize : 21
nodes : 4339295.000000
filtered : 120105044.000000
time : 72.665558
