Parameters: GAD=1 vflib=1 dir=0 label=0 lowerbound=1 fileNameGp=../graphsdb/mcs50/m4D/m4Dr6/mcs50_m4Dr6_s35.A71 fileNameGt=../graphsdb/mcs50/m4D/m4Dr6/mcs50_m4Dr6_s35.B71
Reading graphs...
35 :  82
35 :  82
Initializing...
maxdom : 35
D->valSize : 1225
Solving...
currentSize : 13 <-- 0.019982 s
currentSize : 17 <-- 0.020048 s
currentSize : 18 <-- 0.147724 s
currentSize : 19 <-- 0.256083 s
currentSize : 20 <-- 0.708975 s
currentSize : 21 <-- 7.558155 s
currentSize : 22 <-- 727.122314 s

TIMEOUT
maxsize : 22
nodes : 186524830.000000
filtered : 5414192279.000000
time : 3600.000244
