Parameters: GAD=1 vflib=1 dir=0 label=0 lowerbound=1 fileNameGp=../graphsdb/mcs50/bvg/b03m/mcs50_b03m_s30.A77 fileNameGt=../graphsdb/mcs50/bvg/b03m/mcs50_b03m_s30.B77
Reading graphs...
30 :  43
30 :  45
Initializing...
maxdom : 30
D->valSize : 900
Solving...
currentSize : 12 <-- 0.011202 s
currentSize : 14 <-- 0.011235 s
currentSize : 15 <-- 0.011659 s
currentSize : 16 <-- 0.023121 s
currentSize : 17 <-- 0.030448 s
currentSize : 18 <-- 0.035808 s
currentSize : 19 <-- 2.123561 s
currentSize : 20 <-- 2.438429 s
currentSize : 21 <-- 6.641630 s
currentSize : 22 <-- 36.155018 s

maxsize : 22
nodes : 3967838.000000
filtered : 93145067.000000
time : 66.626740
