Parameters: GAD=1 vflib=1 dir=0 label=0 lowerbound=1 fileNameGp=../graphsdb/mcs50/bvg/b09m/mcs50_b09m_s25.A74 fileNameGt=../graphsdb/mcs50/bvg/b09m/mcs50_b09m_s25.B74
Reading graphs...
25 :  104
25 :  103
Initializing...
maxdom : 25
D->valSize : 625
Solving...
currentSize : 6 <-- 0.004573 s
currentSize : 9 <-- 0.004617 s
currentSize : 10 <-- 0.004679 s
currentSize : 11 <-- 0.006899 s
currentSize : 12 <-- 0.015484 s
currentSize : 13 <-- 0.315004 s
currentSize : 14 <-- 0.669380 s

maxsize : 14
nodes : 1284337.000000
filtered : 27864484.000000
time : 7.500851
