Parameters: GAD=1 vflib=1 dir=0 label=0 lowerbound=1 fileNameGp=../graphsdb/mcs50/bvg/b09m/mcs50_b09m_s35.A75 fileNameGt=../graphsdb/mcs50/bvg/b09m/mcs50_b09m_s35.B75
Reading graphs...
35 :  150
35 :  148
Initializing...
maxdom : 35
D->valSize : 1225
Solving...
currentSize : 12 <-- 0.018250 s
currentSize : 13 <-- 0.018400 s
currentSize : 14 <-- 0.018953 s
currentSize : 15 <-- 0.026500 s
currentSize : 16 <-- 0.143844 s
currentSize : 17 <-- 0.335040 s
currentSize : 18 <-- 26.841005 s

maxsize : 18
nodes : 363137913.000000
filtered : 9426233736.000000
time : 2825.220703
