Parameters: GAD=1 vflib=1 dir=0 label=0 lowerbound=1 fileNameGp=../graphsdb/mcs50/bvg/b03m/mcs50_b03m_s35.A84 fileNameGt=../graphsdb/mcs50/bvg/b03m/mcs50_b03m_s35.B84
Reading graphs...
35 :  51
35 :  52
Initializing...
maxdom : 35
D->valSize : 1225
Solving...
currentSize : 18 <-- 0.021418 s
currentSize : 19 <-- 0.026070 s
currentSize : 20 <-- 0.032147 s
currentSize : 21 <-- 0.114865 s
currentSize : 22 <-- 2.675125 s
currentSize : 23 <-- 3.018652 s
currentSize : 24 <-- 18.329172 s
currentSize : 25 <-- 99.834000 s
currentSize : 26 <-- 665.767700 s

maxsize : 26
nodes : 29939866.000000
filtered : 938995466.000000
time : 968.704651
