Parameters: GAD=1 vflib=1 dir=0 label=0 lowerbound=1 fileNameGp=../graphsdb/mcs50/bvg/b06/mcs50_b06_s30.A21 fileNameGt=../graphsdb/mcs50/bvg/b06/mcs50_b06_s30.B21
Reading graphs...
30 :  89
30 :  88
Initializing...
maxdom : 30
D->valSize : 900
Solving...
currentSize : 14 <-- 0.017790 s
currentSize : 15 <-- 0.020093 s
currentSize : 16 <-- 0.027900 s
currentSize : 17 <-- 1.622034 s
currentSize : 18 <-- 1.622449 s
currentSize : 19 <-- 3.716478 s
currentSize : 20 <-- 11.075434 s

maxsize : 20
nodes : 2410691.000000
filtered : 82534345.000000
time : 34.723354
