Parameters: GAD=1 vflib=1 dir=0 label=0 lowerbound=1 fileNameGp=../graphsdb/mcs50/bvg/b03/mcs50_b03_s30.A23 fileNameGt=../graphsdb/mcs50/bvg/b03/mcs50_b03_s30.B23
Reading graphs...
30 :  45
30 :  45
Initializing...
maxdom : 30
D->valSize : 900
Solving...
currentSize : 13 <-- 0.019712 s
currentSize : 15 <-- 0.019763 s
currentSize : 16 <-- 0.019939 s
currentSize : 17 <-- 0.068313 s
currentSize : 18 <-- 0.074165 s
currentSize : 19 <-- 0.315951 s
currentSize : 20 <-- 1.197067 s
currentSize : 21 <-- 1.233855 s
currentSize : 22 <-- 15.050894 s

maxsize : 22
nodes : 2550567.000000
filtered : 83663458.000000
time : 72.067459
