Parameters: GAD=1 vflib=1 dir=0 label=0 lowerbound=1 fileNameGp=../graphsdb/mcs50/bvg/b03/mcs50_b03_s35.A44 fileNameGt=../graphsdb/mcs50/bvg/b03/mcs50_b03_s35.B44
Reading graphs...
35 :  52
35 :  52
Initializing...
maxdom : 35
D->valSize : 1225
Solving...
currentSize : 15 <-- 0.021417 s
currentSize : 17 <-- 0.021519 s
currentSize : 18 <-- 0.022005 s
currentSize : 19 <-- 0.022136 s
currentSize : 20 <-- 0.023906 s
currentSize : 21 <-- 0.626394 s
currentSize : 22 <-- 0.911897 s
currentSize : 23 <-- 49.141186 s
currentSize : 24 <-- 50.009029 s
currentSize : 25 <-- 103.922485 s
currentSize : 26 <-- 103.940201 s

maxsize : 26
nodes : 15291243.000000
filtered : 449645840.000000
time : 366.332428
