Parameters: GAD=1 vflib=1 dir=0 label=0 lowerbound=1 fileNameGp=../graphsdb/mcs50/bvg/b03/mcs50_b03_s25.A38 fileNameGt=../graphsdb/mcs50/bvg/b03/mcs50_b03_s25.B38
Reading graphs...
25 :  37
25 :  37
Initializing...
maxdom : 25
D->valSize : 625
Solving...
currentSize : 9 <-- 0.005294 s
currentSize : 10 <-- 0.005317 s
currentSize : 12 <-- 0.005378 s
currentSize : 14 <-- 0.006580 s
currentSize : 15 <-- 0.304638 s
currentSize : 16 <-- 0.304653 s
currentSize : 18 <-- 0.590836 s

maxsize : 18
nodes : 692415.000000
filtered : 15478037.000000
time : 13.599632
