Parameters: GAD=1 vflib=1 dir=0 label=0 lowerbound=1 fileNameGp=../graphsdb/mcs50/m2D/m2Dr2/mcs50_m2Dr2_s30.A47 fileNameGt=../graphsdb/mcs50/m2D/m2Dr2/mcs50_m2Dr2_s30.B47
Reading graphs...
30 :  54
30 :  54
Initializing...
maxdom : 30
D->valSize : 900
Solving...
currentSize : 8 <-- 0.010946 s
currentSize : 12 <-- 0.011013 s
currentSize : 13 <-- 0.011368 s
currentSize : 14 <-- 0.011715 s
currentSize : 15 <-- 0.014989 s
currentSize : 16 <-- 0.018605 s
currentSize : 17 <-- 0.094572 s
currentSize : 18 <-- 0.231543 s
currentSize : 19 <-- 1.405817 s
currentSize : 20 <-- 24.145487 s
currentSize : 21 <-- 169.002335 s

maxsize : 21
nodes : 17197724.000000
filtered : 465239015.000000
time : 208.887466
