Parameters: GAD=1 vflib=1 dir=0 label=0 lowerbound=1 fileNameGp=../graphsdb/mcs50/m4D/m4Dr6/mcs50_m4Dr6_s30.A12 fileNameGt=../graphsdb/mcs50/m4D/m4Dr6/mcs50_m4Dr6_s30.B12
Reading graphs...
30 :  72
30 :  72
Initializing...
maxdom : 30
D->valSize : 900
Solving...
currentSize : 13 <-- 0.010522 s
currentSize : 14 <-- 0.010588 s
currentSize : 15 <-- 0.011257 s
currentSize : 16 <-- 0.014715 s
currentSize : 17 <-- 0.223382 s
currentSize : 18 <-- 1.170536 s
currentSize : 19 <-- 9.476110 s

maxsize : 19
nodes : 11799381.000000
filtered : 362899001.000000
time : 138.004761
