Parameters: GAD=1 vflib=1 dir=0 label=0 lowerbound=1 fileNameGp=../graphsdb/mcs50/bvg/b06m/mcs50_b06m_s25.A37 fileNameGt=../graphsdb/mcs50/bvg/b06m/mcs50_b06m_s25.B37
Reading graphs...
25 :  74
25 :  73
Initializing...
maxdom : 25
D->valSize : 625
Solving...
currentSize : 9 <-- 0.004756 s
currentSize : 10 <-- 0.005123 s
currentSize : 11 <-- 0.005144 s
currentSize : 12 <-- 0.007288 s
currentSize : 13 <-- 0.007765 s
currentSize : 14 <-- 0.157945 s
currentSize : 15 <-- 0.783159 s

maxsize : 15
nodes : 1407614.000000
filtered : 30867423.000000
time : 10.807595
