Parameters: GAD=1 vflib=1 dir=0 label=0 lowerbound=1 fileNameGp=../graphsdb/mcs50/m4D/m4Dr2/mcs50_m4Dr2_s35.A82 fileNameGt=../graphsdb/mcs50/m4D/m4Dr2/mcs50_m4Dr2_s35.B82
Reading graphs...
35 :  69
35 :  68
Initializing...
maxdom : 35
D->valSize : 1225
Solving...
currentSize : 15 <-- 0.036174 s
currentSize : 16 <-- 0.036305 s
currentSize : 17 <-- 0.040534 s
currentSize : 18 <-- 0.040775 s
currentSize : 19 <-- 0.109703 s
currentSize : 20 <-- 0.337957 s
currentSize : 21 <-- 18.024891 s
currentSize : 22 <-- 36.476112 s
currentSize : 23 <-- 62.309029 s

maxsize : 23
nodes : 121436334.000000
filtered : 3834475357.000000
time : 2535.953613
