Parameters: GAD=1 vflib=1 dir=0 label=0 lowerbound=1 fileNameGp=../graphsdb/mcs50/m2D/m2D/mcs50_m2D_s20.A10 fileNameGt=../graphsdb/mcs50/m2D/m2D/mcs50_m2D_s20.B10
Reading graphs...
20 :  31
20 :  31
Initializing...
maxdom : 20
D->valSize : 400
Solving...
currentSize : 2 <-- 0.002529 s
currentSize : 9 <-- 0.002578 s
currentSize : 10 <-- 0.002601 s
currentSize : 12 <-- 0.003533 s
currentSize : 13 <-- 0.032712 s
currentSize : 14 <-- 0.079864 s

maxsize : 14
nodes : 47329.000000
filtered : 855252.000000
time : 0.388570
