Parameters: GAD=1 vflib=1 dir=0 label=0 lowerbound=1 fileNameGp=../graphsdb/mcs50/bvg/b03m/mcs50_b03m_s35.A75 fileNameGt=../graphsdb/mcs50/bvg/b03m/mcs50_b03m_s35.B75
Reading graphs...
35 :  52
35 :  52
Initializing...
maxdom : 35
D->valSize : 1225
Solving...
currentSize : 18 <-- 0.037206 s
currentSize : 20 <-- 0.037294 s
currentSize : 21 <-- 0.037321 s
currentSize : 22 <-- 0.073427 s
currentSize : 23 <-- 14.841814 s
currentSize : 24 <-- 41.383457 s
currentSize : 25 <-- 96.991692 s
currentSize : 26 <-- 125.633171 s

maxsize : 26
nodes : 15686674.000000
filtered : 544609107.000000
time : 555.157654
