Parameters: GAD=1 vflib=1 dir=0 label=0 lowerbound=1 fileNameGp=../graphsdb/mcs50/bvg/b03/mcs50_b03_s30.A15 fileNameGt=../graphsdb/mcs50/bvg/b03/mcs50_b03_s30.B15
Reading graphs...
30 :  45
30 :  45
Initializing...
maxdom : 30
D->valSize : 900
Solving...
currentSize : 9 <-- 0.019744 s
currentSize : 13 <-- 0.019814 s
currentSize : 14 <-- 0.019843 s
currentSize : 15 <-- 0.020430 s
currentSize : 16 <-- 0.024361 s
currentSize : 17 <-- 0.029799 s
currentSize : 18 <-- 0.030845 s
currentSize : 19 <-- 0.177069 s
currentSize : 20 <-- 5.094841 s
currentSize : 21 <-- 8.382902 s
currentSize : 22 <-- 24.811852 s

maxsize : 22
nodes : 3733650.000000
filtered : 107464084.000000
time : 84.565338
