Parameters: GAD=1 vflib=1 dir=0 label=0 lowerbound=1 fileNameGp=../graphsdb/mcs50/bvg/b03/mcs50_b03_s30.A45 fileNameGt=../graphsdb/mcs50/bvg/b03/mcs50_b03_s30.B45
Reading graphs...
30 :  45
30 :  44
Initializing...
maxdom : 30
D->valSize : 900
Solving...
currentSize : 16 <-- 0.011252 s
currentSize : 17 <-- 0.011547 s
currentSize : 18 <-- 1.471705 s
currentSize : 19 <-- 4.740869 s
currentSize : 20 <-- 5.681927 s
currentSize : 21 <-- 6.538757 s

maxsize : 21
nodes : 8932435.000000
filtered : 251120362.000000
time : 173.905777
