Parameters: GAD=1 vflib=1 dir=0 label=0 lowerbound=1 fileNameGp=../graphsdb/mcs50/m2D/m2Dr6/mcs50_m2Dr6_s20.A35 fileNameGt=../graphsdb/mcs50/m2D/m2Dr6/mcs50_m2Dr6_s20.B35
Reading graphs...
20 :  42
20 :  41
Initializing...
maxdom : 20
D->valSize : 400
Solving...
currentSize : 8 <-- 0.002168 s
currentSize : 9 <-- 0.002181 s
currentSize : 10 <-- 0.002636 s
currentSize : 11 <-- 0.004822 s
currentSize : 12 <-- 0.014858 s
currentSize : 13 <-- 0.041063 s
currentSize : 14 <-- 0.761497 s

maxsize : 14
nodes : 153938.000000
filtered : 2387418.000000
time : 0.913336
