Parameters: GAD=1 vflib=1 dir=0 label=0 lowerbound=1 fileNameGp=../graphsdb/mcs50/bvg/b06m/mcs50_b06m_s35.A56 fileNameGt=../graphsdb/mcs50/bvg/b06m/mcs50_b06m_s35.B56
Reading graphs...
35 :  101
35 :  101
Initializing...
maxdom : 35
D->valSize : 1225
Solving...
currentSize : 13 <-- 0.019317 s
currentSize : 14 <-- 0.026915 s
currentSize : 15 <-- 0.030525 s
currentSize : 16 <-- 0.055668 s
currentSize : 17 <-- 0.078274 s
currentSize : 18 <-- 0.721525 s
currentSize : 19 <-- 7.460940 s
currentSize : 20 <-- 191.644699 s
currentSize : 21 <-- 3329.213379 s

TIMEOUT
maxsize : 21
nodes : 307643819.000000
filtered : 8521493926.000000
time : 3600.000000
