Parameters: GAD=1 vflib=1 dir=0 label=0 lowerbound=1 fileNameGp=../graphsdb/mcs50/m4D/m4Dr2/mcs50_m4Dr2_s30.A67 fileNameGt=../graphsdb/mcs50/m4D/m4Dr2/mcs50_m4Dr2_s30.B67
Reading graphs...
30 :  60
30 :  60
Initializing...
maxdom : 30
D->valSize : 900
Solving...
currentSize : 13 <-- 0.010913 s
currentSize : 15 <-- 0.011058 s
currentSize : 16 <-- 0.034182 s
currentSize : 17 <-- 0.055022 s
currentSize : 18 <-- 0.336968 s
currentSize : 19 <-- 1.846700 s
currentSize : 20 <-- 2.001685 s
currentSize : 21 <-- 50.905037 s

maxsize : 21
nodes : 4523988.000000
filtered : 141279929.000000
time : 82.837250
