Parameters: GAD=1 vflib=1 dir=0 label=0 lowerbound=1 fileNameGp=../graphsdb/mcs50/bvg/b03m/mcs50_b03m_s30.A80 fileNameGt=../graphsdb/mcs50/bvg/b03m/mcs50_b03m_s30.B80
Reading graphs...
30 :  45
30 :  45
Initializing...
maxdom : 30
D->valSize : 900
Solving...
currentSize : 16 <-- 0.011111 s
currentSize : 17 <-- 0.011288 s
currentSize : 19 <-- 0.013637 s
currentSize : 20 <-- 5.282478 s
currentSize : 21 <-- 19.403460 s
currentSize : 23 <-- 166.906830 s

maxsize : 23
nodes : 6640820.000000
filtered : 160534990.000000
time : 170.469788
