Parameters: GAD=1 vflib=1 dir=0 label=0 lowerbound=1 fileNameGp=../graphsdb/mcs50/bvg/b03m/mcs50_b03m_s20.A12 fileNameGt=../graphsdb/mcs50/bvg/b03m/mcs50_b03m_s20.B12
Reading graphs...
20 :  30
20 :  30
Initializing...
maxdom : 20
D->valSize : 400
Solving...
currentSize : 5 <-- 0.002252 s
currentSize : 11 <-- 0.002284 s
currentSize : 12 <-- 0.003587 s
currentSize : 13 <-- 0.156416 s
currentSize : 14 <-- 0.262679 s
currentSize : 15 <-- 0.263045 s

maxsize : 15
nodes : 43757.000000
filtered : 555098.000000
time : 0.340120
