Parameters: GAD=1 vflib=1 dir=0 label=0 lowerbound=1 fileNameGp=../graphsdb/mcs50/m4D/m4Dr6/mcs50_m4Dr6_s30.A40 fileNameGt=../graphsdb/mcs50/m4D/m4Dr6/mcs50_m4Dr6_s30.B40
Reading graphs...
30 :  72
30 :  72
Initializing...
maxdom : 30
D->valSize : 900
Solving...
currentSize : 11 <-- 0.011208 s
currentSize : 13 <-- 0.011243 s
currentSize : 14 <-- 0.011712 s
currentSize : 15 <-- 0.014587 s
currentSize : 17 <-- 0.071278 s
currentSize : 18 <-- 0.071365 s
currentSize : 19 <-- 2.070423 s

maxsize : 19
nodes : 10896502.000000
filtered : 317691436.000000
time : 138.320511
