Parameters: GAD=1 vflib=1 dir=0 label=0 lowerbound=1 fileNameGp=../graphsdb/mcs50/bvg/b06m/mcs50_b06m_s30.A14 fileNameGt=../graphsdb/mcs50/bvg/b06m/mcs50_b06m_s30.B14
Reading graphs...
30 :  87
30 :  88
Initializing...
maxdom : 30
D->valSize : 900
Solving...
currentSize : 11 <-- 0.017931 s
currentSize : 13 <-- 0.017964 s
currentSize : 14 <-- 0.021551 s
currentSize : 15 <-- 0.057800 s
currentSize : 16 <-- 0.277523 s
currentSize : 17 <-- 0.567795 s
currentSize : 18 <-- 11.734525 s

maxsize : 18
nodes : 14767127.000000
filtered : 415003876.000000
time : 160.968918
