Parameters: GAD=1 vflib=1 dir=0 label=0 lowerbound=1 fileNameGp=../graphsdb/mcs50/m4D/m4D/mcs50_m4D_s30.A60 fileNameGt=../graphsdb/mcs50/m4D/m4D/mcs50_m4D_s30.B60
Reading graphs...
30 :  55
30 :  55
Initializing...
maxdom : 30
D->valSize : 900
Solving...
currentSize : 14 <-- 0.011112 s
currentSize : 15 <-- 0.011136 s
currentSize : 17 <-- 0.011724 s
currentSize : 18 <-- 1.223887 s
currentSize : 19 <-- 3.471420 s
currentSize : 20 <-- 19.048719 s
currentSize : 21 <-- 113.130562 s

maxsize : 21
nodes : 8571596.000000
filtered : 196623790.000000
time : 173.632675
