Parameters: GAD=1 vflib=1 dir=0 label=0 lowerbound=1 fileNameGp=../graphsdb/mcs50/m4D/m4D/mcs50_m4D_s35.A58 fileNameGt=../graphsdb/mcs50/m4D/m4D/mcs50_m4D_s35.B58
Reading graphs...
35 :  63
35 :  63
Initializing...
maxdom : 35
D->valSize : 1225
Solving...
currentSize : 16 <-- 0.020904 s
currentSize : 17 <-- 0.021097 s
currentSize : 18 <-- 0.021792 s
currentSize : 19 <-- 0.433294 s
currentSize : 20 <-- 2.593236 s
currentSize : 21 <-- 4.549873 s
currentSize : 22 <-- 111.071510 s
currentSize : 23 <-- 386.225891 s
currentSize : 24 <-- 468.717987 s

maxsize : 24
nodes : 73166061.000000
filtered : 1916290131.000000
time : 1794.436035
