Parameters: GAD=1 vflib=1 dir=0 label=0 lowerbound=1 fileNameGp=../graphsdb/mcs50/m4D/m4D/mcs50_m4D_s30.A50 fileNameGt=../graphsdb/mcs50/m4D/m4D/mcs50_m4D_s30.B50
Reading graphs...
30 :  55
30 :  55
Initializing...
maxdom : 30
D->valSize : 900
Solving...
currentSize : 12 <-- 0.019154 s
currentSize : 13 <-- 0.022756 s
currentSize : 14 <-- 0.023320 s
currentSize : 15 <-- 0.051025 s
currentSize : 16 <-- 0.231940 s
currentSize : 17 <-- 1.454248 s
currentSize : 18 <-- 4.685578 s
currentSize : 19 <-- 11.000498 s
currentSize : 20 <-- 11.476237 s
currentSize : 21 <-- 28.276855 s

maxsize : 21
nodes : 6058956.000000
filtered : 152331007.000000
time : 123.146248
