Parameters: GAD=1 vflib=1 dir=0 label=0 lowerbound=1 fileNameGp=../graphsdb/mcs50/bvg/b06m/mcs50_b06m_s25.A59 fileNameGt=../graphsdb/mcs50/bvg/b06m/mcs50_b06m_s25.B59
Reading graphs...
25 :  70
25 :  69
Initializing...
maxdom : 25
D->valSize : 625
Solving...
currentSize : 10 <-- 0.008379 s
currentSize : 11 <-- 0.009978 s
currentSize : 12 <-- 0.011412 s
currentSize : 13 <-- 0.029729 s
currentSize : 14 <-- 0.076755 s
currentSize : 15 <-- 0.136957 s
currentSize : 16 <-- 7.680292 s

maxsize : 16
nodes : 1352339.000000
filtered : 30486387.000000
time : 10.287201
