Parameters: GAD=1 vflib=1 dir=0 label=0 lowerbound=1 fileNameGp=../graphsdb/mcs50/m3D/m3Dr6/mcs50_m3Dr6_s20.A10 fileNameGt=../graphsdb/mcs50/m3D/m3Dr6/mcs50_m3Dr6_s20.B10
Reading graphs...
20 :  45
20 :  44
Initializing...
maxdom : 20
D->valSize : 400
Solving...
currentSize : 8 <-- 0.002078 s
currentSize : 9 <-- 0.002092 s
currentSize : 10 <-- 0.002107 s
currentSize : 11 <-- 0.002390 s
currentSize : 12 <-- 0.003747 s
currentSize : 13 <-- 0.010552 s
currentSize : 14 <-- 0.010701 s

maxsize : 14
nodes : 22685.000000
filtered : 595055.000000
time : 0.176902
