Parameters: GAD=1 vflib=1 dir=0 label=0 lowerbound=1 fileNameGp=../graphsdb/mcs50/m4D/m4Dr4/mcs50_m4Dr4_s30.A81 fileNameGt=../graphsdb/mcs50/m4D/m4Dr4/mcs50_m4Dr4_s30.B81
Reading graphs...
30 :  66
30 :  63
Initializing...
maxdom : 30
D->valSize : 900
Solving...
currentSize : 14 <-- 0.011346 s
currentSize : 15 <-- 0.011405 s
currentSize : 16 <-- 0.012705 s
currentSize : 17 <-- 0.015939 s
currentSize : 18 <-- 0.030026 s
currentSize : 19 <-- 0.758697 s
currentSize : 20 <-- 6.440232 s

maxsize : 20
nodes : 4148981.000000
filtered : 129472534.000000
time : 58.890278
