Parameters: GAD=1 vflib=1 dir=0 label=0 lowerbound=1 fileNameGp=../graphsdb/mcs50/bvg/b09m/mcs50_b09m_s30.A87 fileNameGt=../graphsdb/mcs50/bvg/b09m/mcs50_b09m_s30.B87
Reading graphs...
30 :  123
30 :  125
Initializing...
maxdom : 30
D->valSize : 900
Solving...
currentSize : 10 <-- 0.009577 s
currentSize : 12 <-- 0.009599 s
currentSize : 13 <-- 0.009968 s
currentSize : 14 <-- 0.070990 s
currentSize : 15 <-- 0.429508 s
currentSize : 16 <-- 1.105418 s

maxsize : 16
nodes : 28774153.000000
filtered : 606784301.000000
time : 197.965118
