Parameters: GAD=1 vflib=1 dir=0 label=0 lowerbound=1 fileNameGp=../graphsdb/mcs50/m4D/m4Dr6/mcs50_m4Dr6_s30.A38 fileNameGt=../graphsdb/mcs50/m4D/m4Dr6/mcs50_m4Dr6_s30.B38
Reading graphs...
30 :  70
30 :  69
Initializing...
maxdom : 30
D->valSize : 900
Solving...
currentSize : 13 <-- 0.010579 s
currentSize : 14 <-- 0.010599 s
currentSize : 16 <-- 0.010609 s
currentSize : 17 <-- 0.189151 s
currentSize : 18 <-- 1.353924 s
currentSize : 19 <-- 5.427653 s
currentSize : 20 <-- 10.467409 s

maxsize : 20
nodes : 5950565.000000
filtered : 189562060.000000
time : 97.129959
