Parameters: GAD=1 vflib=1 dir=0 label=0 lowerbound=1 fileNameGp=../graphsdb/mcs50/rand/r02/mcs50_r02_s35.A83 fileNameGt=../graphsdb/mcs50/rand/r02/mcs50_r02_s35.B83
Reading graphs...
35 :  209
35 :  208
Initializing...
maxdom : 35
D->valSize : 1225
Solving...
currentSize : 10 <-- 0.017883 s
currentSize : 11 <-- 0.018017 s
currentSize : 12 <-- 0.018112 s
currentSize : 13 <-- 0.019652 s
currentSize : 14 <-- 0.434175 s
currentSize : 15 <-- 33.760525 s
currentSize : 17 <-- 2268.282227 s

TIMEOUT
maxsize : 17
nodes : 707630069.000000
filtered : 9497965321.000000
time : 3600.000000
