Parameters: GAD=1 vflib=1 dir=0 label=0 lowerbound=1 fileNameGp=../graphsdb/mcs50/m4D/m4D/mcs50_m4D_s30.A92 fileNameGt=../graphsdb/mcs50/m4D/m4D/mcs50_m4D_s30.B92
Reading graphs...
30 :  54
30 :  55
Initializing...
maxdom : 30
D->valSize : 900
Solving...
currentSize : 11 <-- 0.011831 s
currentSize : 14 <-- 0.011859 s
currentSize : 15 <-- 0.012158 s
currentSize : 16 <-- 0.013649 s
currentSize : 17 <-- 0.236066 s
currentSize : 18 <-- 0.310248 s
currentSize : 19 <-- 1.972266 s
currentSize : 20 <-- 9.042076 s
currentSize : 21 <-- 15.261599 s
currentSize : 22 <-- 38.368744 s

maxsize : 22
nodes : 2531692.000000
filtered : 69052594.000000
time : 54.378227
