Parameters: GAD=1 vflib=1 dir=0 label=0 lowerbound=1 fileNameGp=../graphsdb/mcs50/m4D/m4Dr2/mcs50_m4Dr2_s35.A26 fileNameGt=../graphsdb/mcs50/m4D/m4Dr2/mcs50_m4Dr2_s35.B26
Reading graphs...
35 :  69
35 :  69
Initializing...
maxdom : 35
D->valSize : 1225
Solving...
currentSize : 16 <-- 0.035669 s
currentSize : 17 <-- 0.316160 s
currentSize : 18 <-- 7.251257 s
currentSize : 19 <-- 7.295666 s
currentSize : 21 <-- 7.295736 s
currentSize : 22 <-- 7.617763 s
currentSize : 23 <-- 13.932727 s
currentSize : 24 <-- 73.126343 s

maxsize : 24
nodes : 27674154.000000
filtered : 1082502272.000000
time : 809.919495
