Parameters: GAD=1 vflib=1 dir=0 label=0 lowerbound=1 fileNameGp=../graphsdb/mcs50/rand/r005/mcs50_r005_s30.A08 fileNameGt=../graphsdb/mcs50/rand/r005/mcs50_r005_s30.B08
Reading graphs...
30 :  46
30 :  46
Initializing...
maxdom : 30
D->valSize : 900
Solving...
currentSize : 17 <-- 0.019463 s
currentSize : 18 <-- 0.019564 s
currentSize : 19 <-- 0.019883 s
currentSize : 20 <-- 0.093284 s
currentSize : 21 <-- 0.575692 s
currentSize : 22 <-- 20.107807 s

maxsize : 22
nodes : 2177592.000000
filtered : 70935604.000000
time : 53.266144
