Parameters: GAD=1 vflib=1 dir=0 label=0 lowerbound=1 fileNameGp=../graphsdb/mcs50/m4D/m4Dr4/mcs50_m4Dr4_s35.A93 fileNameGt=../graphsdb/mcs50/m4D/m4Dr4/mcs50_m4Dr4_s35.B93
Reading graphs...
35 :  75
35 :  76
Initializing...
maxdom : 35
D->valSize : 1225
Solving...
currentSize : 17 <-- 0.020048 s
currentSize : 18 <-- 0.020078 s
currentSize : 19 <-- 0.020212 s
currentSize : 20 <-- 0.020296 s
currentSize : 21 <-- 0.036652 s
currentSize : 22 <-- 0.441735 s
currentSize : 23 <-- 4.858977 s
currentSize : 24 <-- 349.040924 s

maxsize : 24
nodes : 44214792.000000
filtered : 1687929487.000000
time : 1309.048828
