Parameters: GAD=1 vflib=1 dir=0 label=0 lowerbound=1 fileNameGp=../graphsdb/mcs50/bvg/b03/mcs50_b03_s25.A90 fileNameGt=../graphsdb/mcs50/bvg/b03/mcs50_b03_s25.B90
Reading graphs...
25 :  36
25 :  37
Initializing...
maxdom : 25
D->valSize : 625
Solving...
currentSize : 12 <-- 0.005387 s
currentSize : 13 <-- 0.005402 s
currentSize : 14 <-- 0.005549 s
currentSize : 15 <-- 0.017972 s
currentSize : 16 <-- 0.674940 s
currentSize : 17 <-- 4.820752 s

maxsize : 17
nodes : 2103416.000000
filtered : 35259491.000000
time : 27.094294
