Parameters: GAD=1 vflib=1 dir=0 label=0 lowerbound=1 fileNameGp=../graphsdb/mcs50/m4D/m4D/mcs50_m4D_s35.A55 fileNameGt=../graphsdb/mcs50/m4D/m4D/mcs50_m4D_s35.B55
Reading graphs...
35 :  63
35 :  63
Initializing...
maxdom : 35
D->valSize : 1225
Solving...
currentSize : 8 <-- 0.021266 s
currentSize : 13 <-- 0.021329 s
currentSize : 14 <-- 0.021964 s
currentSize : 15 <-- 0.022906 s
currentSize : 16 <-- 0.023596 s
currentSize : 17 <-- 0.146895 s
currentSize : 18 <-- 0.528064 s
currentSize : 19 <-- 6.947769 s
currentSize : 20 <-- 60.689224 s
currentSize : 21 <-- 64.573685 s
currentSize : 22 <-- 65.529182 s
currentSize : 23 <-- 236.941330 s
currentSize : 24 <-- 236.941986 s

maxsize : 24
nodes : 66772727.000000
filtered : 1782109712.000000
time : 1509.855591
