Parameters: GAD=1 vflib=1 dir=0 label=0 lowerbound=1 fileNameGp=../graphsdb/mcs50/bvg/b06/mcs50_b06_s30.A93 fileNameGt=../graphsdb/mcs50/bvg/b06/mcs50_b06_s30.B93
Reading graphs...
30 :  89
30 :  89
Initializing...
maxdom : 30
D->valSize : 900
Solving...
currentSize : 13 <-- 0.010425 s
currentSize : 14 <-- 0.010548 s
currentSize : 15 <-- 0.017308 s
currentSize : 16 <-- 0.079977 s
currentSize : 17 <-- 0.080271 s
currentSize : 18 <-- 0.268305 s
currentSize : 19 <-- 0.319138 s
currentSize : 21 <-- 4.461994 s

maxsize : 21
nodes : 1076724.000000
filtered : 40644603.000000
time : 13.924769
