Parameters: GAD=1 vflib=1 dir=0 label=0 lowerbound=1 fileNameGp=../graphsdb/mcs50/m2D/m2Dr4/mcs50_m2Dr4_s30.A92 fileNameGt=../graphsdb/mcs50/m2D/m2Dr4/mcs50_m2Dr4_s30.B92
Reading graphs...
30 :  59
30 :  61
Initializing...
maxdom : 30
D->valSize : 900
Solving...
currentSize : 12 <-- 0.011067 s
currentSize : 13 <-- 0.011089 s
currentSize : 14 <-- 0.011105 s
currentSize : 15 <-- 0.018753 s
currentSize : 16 <-- 0.038027 s
currentSize : 17 <-- 0.099973 s
currentSize : 18 <-- 1.318089 s
currentSize : 19 <-- 3.851983 s
currentSize : 20 <-- 44.739967 s

maxsize : 20
nodes : 18623506.000000
filtered : 511245930.000000
time : 276.015045
