Parameters: GAD=1 vflib=1 dir=0 label=0 lowerbound=1 fileNameGp=../graphsdb/mcs50/bvg/b03m/mcs50_b03m_s35.A67 fileNameGt=../graphsdb/mcs50/bvg/b03m/mcs50_b03m_s35.B67
Reading graphs...
35 :  52
35 :  52
Initializing...
maxdom : 35
D->valSize : 1225
Solving...
currentSize : 7 <-- 0.021437 s
currentSize : 13 <-- 0.021502 s
currentSize : 14 <-- 0.021514 s
currentSize : 16 <-- 0.022525 s
currentSize : 17 <-- 0.022888 s
currentSize : 18 <-- 0.030353 s
currentSize : 19 <-- 0.224460 s
currentSize : 20 <-- 0.224489 s
currentSize : 21 <-- 0.644098 s
currentSize : 22 <-- 0.645173 s
currentSize : 23 <-- 5.536976 s
currentSize : 24 <-- 146.702042 s
currentSize : 25 <-- 511.031250 s
currentSize : 26 <-- 730.020203 s

maxsize : 26
nodes : 35707782.000000
filtered : 940044555.000000
time : 1227.882568
