Parameters: GAD=1 vflib=1 dir=0 label=0 lowerbound=1 fileNameGp=../graphsdb/mcs50/rand/r02/mcs50_r02_s35.A14 fileNameGt=../graphsdb/mcs50/rand/r02/mcs50_r02_s35.B14
Reading graphs...
35 :  212
35 :  214
Initializing...
maxdom : 35
D->valSize : 1225
Solving...
currentSize : 12 <-- 0.017513 s
currentSize : 13 <-- 0.019862 s
currentSize : 14 <-- 0.257743 s
currentSize : 15 <-- 15.343710 s
currentSize : 16 <-- 1574.806641 s
currentSize : 17 <-- 2596.678955 s

maxsize : 17
nodes : 682706259.000000
filtered : 9772701741.000000
time : 3509.482178
