Parameters: GAD=1 vflib=1 dir=0 label=0 lowerbound=1 fileNameGp=../graphsdb/mcs50/rand/r005/mcs50_r005_s30.A25 fileNameGt=../graphsdb/mcs50/rand/r005/mcs50_r005_s30.B25
Reading graphs...
30 :  47
30 :  47
Initializing...
maxdom : 30
D->valSize : 900
Solving...
currentSize : 15 <-- 0.014253 s
currentSize : 16 <-- 0.014507 s
currentSize : 17 <-- 0.014525 s
currentSize : 18 <-- 0.022739 s
currentSize : 19 <-- 0.056868 s
currentSize : 20 <-- 0.353043 s
currentSize : 21 <-- 0.353085 s
currentSize : 22 <-- 11.455110 s

maxsize : 22
nodes : 1530425.000000
filtered : 53870259.000000
time : 39.716888
