Parameters: GAD=1 vflib=1 dir=0 label=0 lowerbound=1 fileNameGp=../graphsdb/mcs50/m4D/m4D/mcs50_m4D_s35.A63 fileNameGt=../graphsdb/mcs50/m4D/m4D/mcs50_m4D_s35.B63
Reading graphs...
35 :  62
35 :  62
Initializing...
maxdom : 35
D->valSize : 1225
Solving...
currentSize : 19 <-- 0.020619 s
currentSize : 20 <-- 0.020648 s
currentSize : 21 <-- 0.020655 s
currentSize : 22 <-- 0.020682 s
currentSize : 23 <-- 0.020696 s
currentSize : 24 <-- 0.128653 s
currentSize : 25 <-- 276.821411 s

maxsize : 25
nodes : 19090969.000000
filtered : 702687863.000000
time : 607.846680
