Parameters: GAD=1 vflib=1 dir=0 label=0 lowerbound=1 fileNameGp=../graphsdb/mcs50/rand/r02/mcs50_r02_s35.A63 fileNameGt=../graphsdb/mcs50/rand/r02/mcs50_r02_s35.B63
Reading graphs...
35 :  216
35 :  215
Initializing...
maxdom : 35
D->valSize : 1225
Solving...
currentSize : 11 <-- 0.017234 s
currentSize : 12 <-- 0.017295 s
currentSize : 13 <-- 0.022218 s
currentSize : 14 <-- 0.192714 s
currentSize : 15 <-- 11.541237 s
currentSize : 16 <-- 1066.854248 s
currentSize : 17 <-- 2125.146729 s

maxsize : 17
nodes : 586133119.000000
filtered : 9256831454.000000
time : 3085.158691
