Parameters: GAD=1 vflib=1 dir=0 label=0 lowerbound=1 fileNameGp=../graphsdb/mcs50/bvg/b09m/mcs50_b09m_s35.A82 fileNameGt=../graphsdb/mcs50/bvg/b09m/mcs50_b09m_s35.B82
Reading graphs...
35 :  149
35 :  149
Initializing...
maxdom : 35
D->valSize : 1225
Solving...
currentSize : 13 <-- 0.018459 s
currentSize : 14 <-- 0.024353 s
currentSize : 15 <-- 0.030152 s
currentSize : 16 <-- 0.044389 s
currentSize : 17 <-- 2.904903 s
currentSize : 18 <-- 240.317856 s

maxsize : 18
nodes : 428763584.000000
filtered : 10162785543.000000
time : 3513.763672
