Parameters: GAD=1 vflib=1 dir=0 label=0 lowerbound=1 fileNameGp=../graphsdb/mcs50/rand/r02/mcs50_r02_s25.A09 fileNameGt=../graphsdb/mcs50/rand/r02/mcs50_r02_s25.B09
Reading graphs...
25 :  106
25 :  109
Initializing...
maxdom : 25
D->valSize : 625
Solving...
currentSize : 9 <-- 0.007651 s
currentSize : 10 <-- 0.007687 s
currentSize : 11 <-- 0.009734 s
currentSize : 12 <-- 0.010812 s
currentSize : 13 <-- 2.689104 s
currentSize : 14 <-- 23.473770 s

maxsize : 14
nodes : 5957769.000000
filtered : 78450614.000000
time : 26.150915
