Parameters: GAD=1 vflib=1 dir=0 label=0 lowerbound=1 fileNameGp=../graphsdb/mcs50/bvg/b06/mcs50_b06_s35.A70 fileNameGt=../graphsdb/mcs50/bvg/b06/mcs50_b06_s35.B70
Reading graphs...
35 :  102
35 :  104
Initializing...
maxdom : 35
D->valSize : 1225
Solving...
currentSize : 15 <-- 0.019140 s
currentSize : 16 <-- 0.028121 s
currentSize : 17 <-- 0.034620 s
currentSize : 19 <-- 0.196700 s
currentSize : 20 <-- 0.898504 s
currentSize : 21 <-- 77.110046 s

maxsize : 21
nodes : 213517897.000000
filtered : 6995195098.000000
time : 2562.942627
