Parameters: GAD=1 vflib=1 dir=0 label=0 lowerbound=1 fileNameGp=../graphsdb/mcs50/bvg/b06m/mcs50_b06m_s35.A53 fileNameGt=../graphsdb/mcs50/bvg/b06m/mcs50_b06m_s35.B53
Reading graphs...
35 :  100
35 :  103
Initializing...
maxdom : 35
D->valSize : 1225
Solving...
currentSize : 14 <-- 0.019832 s
currentSize : 15 <-- 0.019879 s
currentSize : 16 <-- 0.027687 s
currentSize : 17 <-- 0.028326 s
currentSize : 18 <-- 0.121383 s
currentSize : 19 <-- 8.520373 s
currentSize : 20 <-- 16.781780 s
currentSize : 21 <-- 1211.670288 s

TIMEOUT
maxsize : 21
nodes : 273230923.000000
filtered : 8700943610.000000
time : 3600.000000
