Parameters: GAD=1 vflib=1 dir=0 label=0 lowerbound=1 fileNameGp=../graphsdb/mcs50/m2D/m2Dr4/mcs50_m2Dr4_s20.A49 fileNameGt=../graphsdb/mcs50/m2D/m2Dr4/mcs50_m2Dr4_s20.B49
Reading graphs...
20 :  38
20 :  37
Initializing...
maxdom : 20
D->valSize : 400
Solving...
currentSize : 9 <-- 0.002187 s
currentSize : 10 <-- 0.002351 s
currentSize : 11 <-- 0.002907 s
currentSize : 12 <-- 0.005052 s
currentSize : 13 <-- 0.016587 s
currentSize : 14 <-- 0.254197 s

maxsize : 14
nodes : 71057.000000
filtered : 1383611.000000
time : 0.544766
