Parameters: GAD=1 vflib=1 dir=0 label=0 lowerbound=1 fileNameGp=../graphsdb/mcs50/bvg/b03m/mcs50_b03m_s35.A99 fileNameGt=../graphsdb/mcs50/bvg/b03m/mcs50_b03m_s35.B99
Reading graphs...
35 :  51
35 :  52
Initializing...
maxdom : 35
D->valSize : 1225
Solving...
currentSize : 10 <-- 0.037098 s
currentSize : 14 <-- 0.037228 s
currentSize : 16 <-- 0.037324 s
currentSize : 17 <-- 0.047855 s
currentSize : 18 <-- 0.055395 s
currentSize : 19 <-- 0.075608 s
currentSize : 20 <-- 0.080667 s
currentSize : 22 <-- 0.190699 s
currentSize : 23 <-- 1.557875 s
currentSize : 24 <-- 28.350508 s
currentSize : 25 <-- 1156.870239 s

maxsize : 25
nodes : 63534208.000000
filtered : 1765965665.000000
time : 1805.773804
