Parameters: GAD=1 vflib=1 dir=0 label=0 lowerbound=1 fileNameGp=../graphsdb/mcs50/bvg/b09/mcs50_b09_s30.A19 fileNameGt=../graphsdb/mcs50/bvg/b09/mcs50_b09_s30.B19
Reading graphs...
30 :  129
30 :  130
Initializing...
maxdom : 30
D->valSize : 900
Solving...
currentSize : 9 <-- 0.009806 s
currentSize : 10 <-- 0.009858 s
currentSize : 12 <-- 0.009919 s
currentSize : 13 <-- 0.011885 s
currentSize : 14 <-- 0.021390 s
currentSize : 15 <-- 0.025683 s
currentSize : 16 <-- 0.479991 s
currentSize : 17 <-- 7.311548 s

maxsize : 17
nodes : 10014234.000000
filtered : 248088031.000000
time : 71.048622
