Parameters: GAD=1 vflib=1 dir=0 label=0 lowerbound=1 fileNameGp=../graphsdb/mcs50/m4D/m4Dr2/mcs50_m4Dr2_s35.A29 fileNameGt=../graphsdb/mcs50/m4D/m4Dr2/mcs50_m4Dr2_s35.B29
Reading graphs...
35 :  70
35 :  69
Initializing...
maxdom : 35
D->valSize : 1225
Solving...
currentSize : 16 <-- 0.020183 s
currentSize : 20 <-- 0.020232 s
currentSize : 21 <-- 0.845304 s
currentSize : 22 <-- 2.492669 s
currentSize : 23 <-- 3.494729 s
currentSize : 24 <-- 5.238602 s
currentSize : 25 <-- 5.511564 s

maxsize : 25
nodes : 7408456.000000
filtered : 356292672.000000
time : 305.834381
