Parameters: GAD=1 vflib=1 dir=0 label=0 lowerbound=1 fileNameGp=../graphsdb/mcs70/rand/r01/mcs70_r01_s30.A28 fileNameGt=../graphsdb/mcs70/rand/r01/mcs70_r01_s30.B28
Reading graphs...
30 :  83
30 :  81
Initializing...
maxdom : 30
D->valSize : 900
Solving...
currentSize : 13 <-- 0.010388 s
currentSize : 14 <-- 0.010707 s
currentSize : 15 <-- 0.012072 s
currentSize : 16 <-- 0.058167 s
currentSize : 17 <-- 0.798689 s
currentSize : 18 <-- 5.981604 s
currentSize : 20 <-- 26.815392 s
currentSize : 21 <-- 26.815493 s

maxsize : 21
nodes : 3241186.000000
filtered : 95324642.000000
time : 35.608219
