Parameters: GAD=1 vflib=1 dir=0 label=0 lowerbound=1 fileNameGp=../graphsdb/mcs70/rand/r005/mcs70_r005_s35.A60 fileNameGt=../graphsdb/mcs70/rand/r005/mcs70_r005_s35.B60
Reading graphs...
35 :  58
35 :  57
Initializing...
maxdom : 35
D->valSize : 1225
Solving...
currentSize : 14 <-- 0.020714 s
currentSize : 15 <-- 0.020751 s
currentSize : 16 <-- 0.020780 s
currentSize : 17 <-- 0.021014 s
currentSize : 19 <-- 0.022599 s
currentSize : 20 <-- 0.022674 s
currentSize : 21 <-- 0.022704 s
currentSize : 22 <-- 0.023427 s
currentSize : 23 <-- 0.032879 s
currentSize : 24 <-- 0.057105 s
currentSize : 25 <-- 39.448196 s

maxsize : 25
nodes : 21744010.000000
filtered : 846264503.000000
time : 749.747314
