Parameters: GAD=1 vflib=1 dir=0 label=0 lowerbound=1 fileNameGp=../graphsdb/mcs70/bvg/b09/mcs70_b09_s30.A45 fileNameGt=../graphsdb/mcs70/bvg/b09/mcs70_b09_s30.B45
Reading graphs...
30 :  135
30 :  134
Initializing...
maxdom : 30
D->valSize : 900
Solving...
currentSize : 12 <-- 0.009482 s
currentSize : 14 <-- 0.009713 s
currentSize : 16 <-- 0.029402 s
currentSize : 17 <-- 0.029678 s
currentSize : 20 <-- 0.091104 s
currentSize : 21 <-- 0.424210 s

maxsize : 21
nodes : 663272.000000
filtered : 24376794.000000
time : 5.429430
