Parameters: GAD=1 vflib=1 dir=0 label=0 lowerbound=1 fileNameGp=../graphsdb/mcs70/bvg/b03m/mcs70_b03m_s35.A44 fileNameGt=../graphsdb/mcs70/bvg/b03m/mcs70_b03m_s35.B44
Reading graphs...
35 :  52
35 :  52
Initializing...
maxdom : 35
D->valSize : 1225
Solving...
currentSize : 17 <-- 0.021052 s
currentSize : 18 <-- 0.021104 s
currentSize : 19 <-- 0.024539 s
currentSize : 20 <-- 0.081508 s
currentSize : 21 <-- 0.157600 s
currentSize : 22 <-- 9.276583 s
currentSize : 23 <-- 11.387424 s
currentSize : 24 <-- 15.689375 s
currentSize : 25 <-- 19.782473 s
currentSize : 26 <-- 660.670166 s

maxsize : 26
nodes : 21946844.000000
filtered : 771766597.000000
time : 1053.401855
