Parameters: GAD=1 vflib=1 dir=0 label=0 lowerbound=1 fileNameGp=../graphsdb/mcs70/bvg/b06/mcs70_b06_s25.A88 fileNameGt=../graphsdb/mcs70/bvg/b06/mcs70_b06_s25.B88
Reading graphs...
25 :  74
25 :  73
Initializing...
maxdom : 25
D->valSize : 625
Solving...
currentSize : 11 <-- 0.004816 s
currentSize : 12 <-- 0.004854 s
currentSize : 13 <-- 0.004874 s
currentSize : 14 <-- 0.005337 s
currentSize : 15 <-- 0.015453 s
currentSize : 16 <-- 0.016937 s
currentSize : 17 <-- 0.125895 s
currentSize : 18 <-- 0.127639 s

maxsize : 18
nodes : 101660.000000
filtered : 3108401.000000
time : 0.927377
