Parameters: GAD=1 vflib=1 dir=0 label=0 lowerbound=1 fileNameGp=../graphsdb/mcs70/bvg/b09/mcs70_b09_s35.A85 fileNameGt=../graphsdb/mcs70/bvg/b09/mcs70_b09_s35.B85
Reading graphs...
35 :  155
35 :  156
Initializing...
maxdom : 35
D->valSize : 1225
Solving...
currentSize : 12 <-- 0.018221 s
currentSize : 14 <-- 0.018258 s
currentSize : 15 <-- 0.018693 s
currentSize : 16 <-- 0.019249 s
currentSize : 17 <-- 0.055131 s
currentSize : 18 <-- 0.215279 s
currentSize : 19 <-- 0.215490 s
currentSize : 20 <-- 0.258958 s
currentSize : 21 <-- 0.260180 s
currentSize : 22 <-- 1.528590 s
currentSize : 23 <-- 3.343391 s
currentSize : 24 <-- 27.343884 s

maxsize : 24
nodes : 5177722.000000
filtered : 229234246.000000
time : 54.240936
