Parameters: GAD=1 vflib=1 dir=0 label=0 lowerbound=1 fileNameGp=../graphsdb/mcs70/bvg/b09/mcs70_b09_s20.A89 fileNameGt=../graphsdb/mcs70/bvg/b09/mcs70_b09_s20.B89
Reading graphs...
20 :  88
20 :  89
Initializing...
maxdom : 20
D->valSize : 400
Solving...
currentSize : 7 <-- 0.001950 s
currentSize : 8 <-- 0.001978 s
currentSize : 9 <-- 0.002007 s
currentSize : 10 <-- 0.002069 s
currentSize : 11 <-- 0.007428 s
currentSize : 12 <-- 0.012122 s
currentSize : 14 <-- 0.012159 s

maxsize : 14
nodes : 40426.000000
filtered : 795264.000000
time : 0.196833
