Parameters: GAD=1 vflib=1 dir=0 label=0 lowerbound=1 fileNameGp=../graphsdb/mcs70/rand/r005/mcs70_r005_s25.A54 fileNameGt=../graphsdb/mcs70/rand/r005/mcs70_r005_s25.B54
Reading graphs...
25 :  33
25 :  33
Initializing...
maxdom : 25
D->valSize : 625
Solving...
currentSize : 4 <-- 0.005344 s
currentSize : 11 <-- 0.005399 s
currentSize : 12 <-- 0.005737 s
currentSize : 13 <-- 0.005845 s
currentSize : 14 <-- 0.018102 s
currentSize : 15 <-- 0.117941 s
currentSize : 16 <-- 0.569656 s
currentSize : 17 <-- 0.875444 s
currentSize : 18 <-- 1.989070 s

maxsize : 18
nodes : 664908.000000
filtered : 11551628.000000
time : 8.284646
