Parameters: GAD=1 vflib=1 dir=0 label=0 lowerbound=1 fileNameGp=../graphsdb/mcs70/bvg/b06m/mcs70_b06m_s20.A42 fileNameGt=../graphsdb/mcs70/bvg/b06m/mcs70_b06m_s20.B42
Reading graphs...
20 :  59
20 :  59
Initializing...
maxdom : 20
D->valSize : 400
Solving...
currentSize : 9 <-- 0.002033 s
currentSize : 10 <-- 0.002057 s
currentSize : 11 <-- 0.004646 s
currentSize : 12 <-- 0.020907 s
currentSize : 13 <-- 0.080856 s
currentSize : 15 <-- 0.273954 s

maxsize : 15
nodes : 58794.000000
filtered : 1108871.000000
time : 0.290844
