Parameters: GAD=1 vflib=1 dir=0 label=0 lowerbound=1 fileNameGp=../graphsdb/mcs70/rand/r02/mcs70_r02_s20.A57 fileNameGt=../graphsdb/mcs70/rand/r02/mcs70_r02_s20.B57
Reading graphs...
20 :  68
20 :  68
Initializing...
maxdom : 20
D->valSize : 400
Solving...
currentSize : 7 <-- 0.003346 s
currentSize : 8 <-- 0.003382 s
currentSize : 9 <-- 0.003564 s
currentSize : 10 <-- 0.003836 s
currentSize : 11 <-- 0.028099 s
currentSize : 14 <-- 0.541970 s

maxsize : 14
nodes : 158479.000000
filtered : 1948216.000000
time : 0.716027
