Parameters: GAD=1 vflib=1 dir=0 label=0 lowerbound=1 fileNameGp=../graphsdb/mcs70/m2D/m2D/mcs70_m2D_s35.A06 fileNameGt=../graphsdb/mcs70/m2D/m2D/mcs70_m2D_s35.B06
Reading graphs...
35 :  58
35 :  58
Initializing...
maxdom : 35
D->valSize : 1225
Solving...
currentSize : 19 <-- 0.020832 s
currentSize : 20 <-- 0.022070 s
currentSize : 21 <-- 0.117838 s
currentSize : 22 <-- 0.707806 s
currentSize : 23 <-- 2.101394 s
currentSize : 24 <-- 39.928989 s
currentSize : 25 <-- 46.243488 s
currentSize : 26 <-- 63.200462 s

maxsize : 26
nodes : 20027561.000000
filtered : 844993526.000000
time : 710.846375
