Parameters: GAD=1 vflib=1 dir=0 label=0 lowerbound=1 fileNameGp=../graphsdb/mcs70/rand/r02/mcs70_r02_s35.A34 fileNameGt=../graphsdb/mcs70/rand/r02/mcs70_r02_s35.B34
Reading graphs...
35 :  216
35 :  217
Initializing...
maxdom : 35
D->valSize : 1225
Solving...
currentSize : 13 <-- 0.017881 s
currentSize : 14 <-- 0.548760 s
currentSize : 15 <-- 2.445423 s
currentSize : 16 <-- 3.377183 s
currentSize : 19 <-- 10.023148 s
currentSize : 24 <-- 10.251563 s

maxsize : 24
nodes : 5001935.000000
filtered : 173740998.000000
time : 38.917198
