Parameters: GAD=1 vflib=1 dir=0 label=0 lowerbound=1 fileNameGp=../graphsdb/mcs70/bvg/b03m/mcs70_b03m_s25.A69 fileNameGt=../graphsdb/mcs70/bvg/b03m/mcs70_b03m_s25.B69
Reading graphs...
25 :  36
25 :  36
Initializing...
maxdom : 25
D->valSize : 625
Solving...
currentSize : 10 <-- 0.005478 s
currentSize : 12 <-- 0.005499 s
currentSize : 13 <-- 0.005514 s
currentSize : 14 <-- 0.006073 s
currentSize : 15 <-- 0.006588 s
currentSize : 16 <-- 0.033667 s
currentSize : 17 <-- 0.052322 s
currentSize : 18 <-- 0.542711 s
currentSize : 19 <-- 0.600522 s

maxsize : 19
nodes : 178900.000000
filtered : 4845957.000000
time : 3.468949
