Parameters: GAD=1 vflib=1 dir=0 label=0 lowerbound=1 fileNameGp=../graphsdb/mcs70/bvg/b09/mcs70_b09_s20.A16 fileNameGt=../graphsdb/mcs70/bvg/b09/mcs70_b09_s20.B16
Reading graphs...
20 :  88
20 :  87
Initializing...
maxdom : 20
D->valSize : 400
Solving...
currentSize : 7 <-- 0.001935 s
currentSize : 8 <-- 0.001958 s
currentSize : 9 <-- 0.001978 s
currentSize : 10 <-- 0.002634 s
currentSize : 11 <-- 0.004720 s
currentSize : 12 <-- 0.008157 s
currentSize : 13 <-- 0.020367 s
currentSize : 14 <-- 0.049550 s

maxsize : 14
nodes : 31298.000000
filtered : 686184.000000
time : 0.158604
