Parameters: GAD=1 vflib=1 dir=0 label=0 lowerbound=1 fileNameGp=../graphsdb/mcs70/bvg/b09/mcs70_b09_s35.A75 fileNameGt=../graphsdb/mcs70/bvg/b09/mcs70_b09_s35.B75
Reading graphs...
35 :  156
35 :  153
Initializing...
maxdom : 35
D->valSize : 1225
Solving...
currentSize : 11 <-- 0.021676 s
currentSize : 12 <-- 0.021871 s
currentSize : 13 <-- 0.031534 s
currentSize : 14 <-- 0.063185 s
currentSize : 15 <-- 0.074977 s
currentSize : 16 <-- 0.170315 s
currentSize : 17 <-- 0.791994 s
currentSize : 18 <-- 0.793103 s
currentSize : 19 <-- 1.109824 s
currentSize : 20 <-- 1.618322 s
currentSize : 24 <-- 2.455717 s
currentSize : 25 <-- 7.511186 s

maxsize : 25
nodes : 2290545.000000
filtered : 95565223.000000
time : 23.778566
