Parameters: GAD=1 vflib=1 dir=0 label=0 lowerbound=1 fileNameGp=../graphsdb/mcs70/m3D/m3D/mcs70_m3D_s35.A57 fileNameGt=../graphsdb/mcs70/m3D/m3D/mcs70_m3D_s35.B57
Reading graphs...
35 :  72
35 :  72
Initializing...
maxdom : 35
D->valSize : 1225
Solving...
currentSize : 19 <-- 0.020419 s
currentSize : 20 <-- 0.020487 s
currentSize : 21 <-- 0.021043 s
currentSize : 22 <-- 0.490909 s
currentSize : 23 <-- 1.369268 s
currentSize : 24 <-- 3.355640 s
currentSize : 25 <-- 3.772237 s
currentSize : 26 <-- 6.685012 s
currentSize : 27 <-- 13.359527 s
currentSize : 28 <-- 13.386328 s
currentSize : 29 <-- 18.163889 s

maxsize : 29
nodes : 1220017.000000
filtered : 51028135.000000
time : 24.548767
