Parameters: GAD=1 vflib=1 dir=0 label=0 lowerbound=1 fileNameGp=../graphsdb/mcs70/rand/r005/mcs70_r005_s25.A50 fileNameGt=../graphsdb/mcs70/rand/r005/mcs70_r005_s25.B50
Reading graphs...
25 :  33
25 :  32
Initializing...
maxdom : 25
D->valSize : 625
Solving...
currentSize : 13 <-- 0.005483 s
currentSize : 14 <-- 0.005607 s
currentSize : 15 <-- 0.028724 s
currentSize : 16 <-- 0.196212 s
currentSize : 17 <-- 0.955871 s
currentSize : 18 <-- 1.421194 s

maxsize : 18
nodes : 447814.000000
filtered : 6092685.000000
time : 4.694150
