Parameters: GAD=1 vflib=1 dir=0 label=0 lowerbound=1 fileNameGp=../graphsdb/mcs70/m3D/m3D/mcs70_m3D_s35.A83 fileNameGt=../graphsdb/mcs70/m3D/m3D/mcs70_m3D_s35.B83
Reading graphs...
35 :  71
35 :  72
Initializing...
maxdom : 35
D->valSize : 1225
Solving...
currentSize : 14 <-- 0.020738 s
currentSize : 16 <-- 0.020831 s
currentSize : 17 <-- 0.021012 s
currentSize : 18 <-- 0.021089 s
currentSize : 19 <-- 0.025741 s
currentSize : 20 <-- 0.026793 s
currentSize : 21 <-- 0.030769 s
currentSize : 22 <-- 0.068655 s
currentSize : 23 <-- 0.924730 s
currentSize : 24 <-- 32.254051 s
currentSize : 27 <-- 81.571587 s
currentSize : 28 <-- 90.304871 s

maxsize : 28
nodes : 6271413.000000
filtered : 221885950.000000
time : 117.638382
