Parameters: GAD=1 vflib=1 dir=0 label=0 lowerbound=1 fileNameGp=../graphsdb/mcs70/rand/r005/mcs70_r005_s35.A88 fileNameGt=../graphsdb/mcs70/rand/r005/mcs70_r005_s35.B88
Reading graphs...
35 :  58
35 :  57
Initializing...
maxdom : 35
D->valSize : 1225
Solving...
currentSize : 16 <-- 0.036464 s
currentSize : 18 <-- 0.036499 s
currentSize : 19 <-- 0.036510 s
currentSize : 20 <-- 0.037892 s
currentSize : 21 <-- 0.047399 s
currentSize : 22 <-- 0.722482 s
currentSize : 23 <-- 2.145944 s
currentSize : 24 <-- 6.261071 s
currentSize : 25 <-- 79.534348 s

maxsize : 25
nodes : 56957785.000000
filtered : 2210687079.000000
time : 1876.568726
