Parameters: GAD=1 vflib=1 dir=0 label=0 lowerbound=1 fileNameGp=../graphsdb/mcs70/m2D/m2Dr2/mcs70_m2Dr2_s25.A65 fileNameGt=../graphsdb/mcs70/m2D/m2Dr2/mcs70_m2Dr2_s25.B65
Reading graphs...
25 :  44
25 :  44
Initializing...
maxdom : 25
D->valSize : 625
Solving...
currentSize : 13 <-- 0.009027 s
currentSize : 14 <-- 0.009173 s
currentSize : 15 <-- 0.009187 s
currentSize : 16 <-- 0.010541 s
currentSize : 17 <-- 0.182109 s
currentSize : 18 <-- 0.487734 s

maxsize : 18
nodes : 455058.000000
filtered : 12212775.000000
time : 5.413072
