Parameters: GAD=1 vflib=1 dir=0 label=0 lowerbound=1 fileNameGp=../graphsdb/mcs70/bvg/b06m/mcs70_b06m_s25.A05 fileNameGt=../graphsdb/mcs70/bvg/b06m/mcs70_b06m_s25.B05
Reading graphs...
25 :  70
25 :  70
Initializing...
maxdom : 25
D->valSize : 625
Solving...
currentSize : 10 <-- 0.004902 s
currentSize : 11 <-- 0.005024 s
currentSize : 12 <-- 0.005235 s
currentSize : 13 <-- 0.009287 s
currentSize : 14 <-- 0.058686 s
currentSize : 15 <-- 0.336631 s
currentSize : 17 <-- 1.369900 s
currentSize : 18 <-- 1.413030 s

maxsize : 18
nodes : 278770.000000
filtered : 6550861.000000
time : 2.265416
