Parameters: GAD=1 vflib=1 dir=0 label=0 lowerbound=1 fileNameGp=../graphsdb/mcs70/m3D/m3Dr6/mcs70_m3Dr6_s35.A95 fileNameGt=../graphsdb/mcs70/m3D/m3Dr6/mcs70_m3Dr6_s35.B95
Reading graphs...
35 :  92
35 :  90
Initializing...
maxdom : 35
D->valSize : 1225
Solving...
currentSize : 14 <-- 0.019492 s
currentSize : 15 <-- 0.019565 s
currentSize : 16 <-- 0.024896 s
currentSize : 17 <-- 0.042294 s
currentSize : 18 <-- 0.263717 s
currentSize : 19 <-- 0.981917 s
currentSize : 20 <-- 1.793305 s
currentSize : 21 <-- 7.216194 s
currentSize : 22 <-- 298.157867 s
currentSize : 23 <-- 531.829102 s
currentSize : 26 <-- 577.085815 s
currentSize : 27 <-- 577.085876 s

maxsize : 27
nodes : 47082876.000000
filtered : 1471587320.000000
time : 589.057068
