Parameters: GAD=1 vflib=1 dir=0 label=0 lowerbound=1 fileNameGp=../graphsdb/mcs70/m2D/m2D/mcs70_m2D_s25.A93 fileNameGt=../graphsdb/mcs70/m2D/m2D/mcs70_m2D_s25.B93
Reading graphs...
25 :  40
25 :  40
Initializing...
maxdom : 25
D->valSize : 625
Solving...
currentSize : 11 <-- 0.009309 s
currentSize : 12 <-- 0.009353 s
currentSize : 13 <-- 0.009459 s
currentSize : 14 <-- 0.009467 s
currentSize : 15 <-- 0.013810 s
currentSize : 16 <-- 0.050626 s
currentSize : 17 <-- 3.549314 s
currentSize : 18 <-- 5.725402 s
currentSize : 19 <-- 7.736854 s

maxsize : 19
nodes : 703970.000000
filtered : 13880140.000000
time : 9.077406
