Parameters: GAD=1 vflib=1 dir=0 label=0 lowerbound=1 fileNameGp=../graphsdb/mcs70/rand/r02/mcs70_r02_s20.A09 fileNameGt=../graphsdb/mcs70/rand/r02/mcs70_r02_s20.B09
Reading graphs...
20 :  68
20 :  65
Initializing...
maxdom : 20
D->valSize : 400
Solving...
currentSize : 8 <-- 0.002021 s
currentSize : 9 <-- 0.002038 s
currentSize : 10 <-- 0.002476 s
currentSize : 11 <-- 0.006802 s
currentSize : 12 <-- 0.391534 s
currentSize : 14 <-- 0.565610 s

maxsize : 14
nodes : 147900.000000
filtered : 1966972.000000
time : 0.626492
