Parameters: GAD=1 vflib=1 dir=0 label=0 lowerbound=1 fileNameGp=../graphsdb/mcs70/m2D/m2Dr6/m2Dr6/mcs70_m2Dr6_s35.A92 fileNameGt=../graphsdb/mcs70/m2D/m2Dr6/m2Dr6/mcs70_m2Dr6_s35.B92
Reading graphs...
35 :  78
35 :  76
Initializing...
maxdom : 35
D->valSize : 1225
Solving...
currentSize : 13 <-- 0.020086 s
currentSize : 14 <-- 0.020122 s
currentSize : 17 <-- 0.020174 s
currentSize : 18 <-- 0.034999 s
currentSize : 19 <-- 0.043547 s
currentSize : 20 <-- 0.401004 s
currentSize : 21 <-- 0.422077 s
currentSize : 22 <-- 27.266668 s
currentSize : 23 <-- 1527.411865 s
currentSize : 25 <-- 2252.299561 s

maxsize : 25
nodes : 157433517.000000
filtered : 4902260268.000000
time : 2462.792236
