Parameters: GAD=1 vflib=1 dir=0 label=0 lowerbound=1 fileNameGp=../graphsdb/mcs70/bvg/b09/mcs70_b09_s30.A46 fileNameGt=../graphsdb/mcs70/bvg/b09/mcs70_b09_s30.B46
Reading graphs...
30 :  134
30 :  133
Initializing...
maxdom : 30
D->valSize : 900
Solving...
currentSize : 11 <-- 0.009435 s
currentSize : 12 <-- 0.009591 s
currentSize : 13 <-- 0.011549 s
currentSize : 14 <-- 0.089030 s
currentSize : 15 <-- 0.125922 s
currentSize : 16 <-- 0.203054 s
currentSize : 17 <-- 0.291553 s
currentSize : 18 <-- 0.623267 s
currentSize : 19 <-- 0.916984 s
currentSize : 20 <-- 2.112892 s
currentSize : 21 <-- 6.467809 s

maxsize : 21
nodes : 867242.000000
filtered : 34028194.000000
time : 7.603228
