Parameters: GAD=1 vflib=1 dir=0 label=0 lowerbound=1 fileNameGp=../graphsdb/mcs70/rand/r01/mcs70_r01_s30.A38 fileNameGt=../graphsdb/mcs70/rand/r01/mcs70_r01_s30.B38
Reading graphs...
30 :  79
30 :  78
Initializing...
maxdom : 30
D->valSize : 900
Solving...
currentSize : 13 <-- 0.010370 s
currentSize : 14 <-- 0.010892 s
currentSize : 15 <-- 0.012631 s
currentSize : 16 <-- 0.126016 s
currentSize : 17 <-- 0.483427 s
currentSize : 18 <-- 0.800389 s
currentSize : 21 <-- 7.975741 s

maxsize : 21
nodes : 1831403.000000
filtered : 57325983.000000
time : 21.966595
