Parameters: GAD=1 vflib=1 dir=0 label=0 lowerbound=1 fileNameGp=../graphsdb/mcs70/bvg/b06m/mcs70_b06m_s20.A98 fileNameGt=../graphsdb/mcs70/bvg/b06m/mcs70_b06m_s20.B98
Reading graphs...
20 :  56
20 :  58
Initializing...
maxdom : 20
D->valSize : 400
Solving...
currentSize : 8 <-- 0.002052 s
currentSize : 9 <-- 0.002123 s
currentSize : 10 <-- 0.002132 s
currentSize : 11 <-- 0.002360 s
currentSize : 12 <-- 0.015569 s
currentSize : 13 <-- 0.106555 s
currentSize : 15 <-- 0.228822 s

maxsize : 15
nodes : 45238.000000
filtered : 839571.000000
time : 0.271706
