Parameters: GAD=1 vflib=1 dir=0 label=0 lowerbound=1 fileNameGp=../graphsdb/mcs70/bvg/b09/mcs70_b09_s30.A39 fileNameGt=../graphsdb/mcs70/bvg/b09/mcs70_b09_s30.B39
Reading graphs...
30 :  133
30 :  134
Initializing...
maxdom : 30
D->valSize : 900
Solving...
currentSize : 12 <-- 0.009567 s
currentSize : 13 <-- 0.010689 s
currentSize : 14 <-- 0.023469 s
currentSize : 15 <-- 0.078970 s
currentSize : 16 <-- 0.179475 s
currentSize : 19 <-- 0.310536 s
currentSize : 20 <-- 0.393350 s
currentSize : 21 <-- 0.580036 s

maxsize : 21
nodes : 454902.000000
filtered : 17491432.000000
time : 3.936622
