Parameters: GAD=1 vflib=1 dir=0 label=0 lowerbound=1 fileNameGp=../graphsdb/mcs70/bvg/b09/mcs70_b09_s30.A91 fileNameGt=../graphsdb/mcs70/bvg/b09/mcs70_b09_s30.B91
Reading graphs...
30 :  133
30 :  133
Initializing...
maxdom : 30
D->valSize : 900
Solving...
currentSize : 9 <-- 0.009725 s
currentSize : 10 <-- 0.009759 s
currentSize : 12 <-- 0.010309 s
currentSize : 13 <-- 0.033714 s
currentSize : 14 <-- 0.106346 s
currentSize : 15 <-- 0.783542 s
currentSize : 17 <-- 0.825747 s
currentSize : 19 <-- 0.825844 s
currentSize : 20 <-- 0.826234 s
currentSize : 21 <-- 1.345454 s

maxsize : 21
nodes : 765847.000000
filtered : 24090228.000000
time : 5.940147
