Parameters: GAD=1 vflib=1 dir=0 label=0 lowerbound=1 fileNameGp=../graphsdb/mcs70/m3D/m3Dr6/mcs70_m3Dr6_s35.A75 fileNameGt=../graphsdb/mcs70/m3D/m3Dr6/mcs70_m3Dr6_s35.B75
Reading graphs...
35 :  91
35 :  91
Initializing...
maxdom : 35
D->valSize : 1225
Solving...
currentSize : 15 <-- 0.019484 s
currentSize : 16 <-- 0.020578 s
currentSize : 17 <-- 0.023187 s
currentSize : 18 <-- 0.769978 s
currentSize : 19 <-- 0.898543 s
currentSize : 20 <-- 2.852646 s
currentSize : 21 <-- 21.190281 s
currentSize : 23 <-- 31.561506 s
currentSize : 25 <-- 108.358727 s
currentSize : 26 <-- 125.110245 s
currentSize : 27 <-- 133.127747 s

maxsize : 27
nodes : 11661837.000000
filtered : 398601248.000000
time : 144.529541
