Parameters: GAD=1 vflib=1 dir=0 label=0 lowerbound=1 fileNameGp=../graphsdb/mcs70/rand/r01/mcs70_r01_s25.A35 fileNameGt=../graphsdb/mcs70/rand/r01/mcs70_r01_s25.B35
Reading graphs...
25 :  54
25 :  55
Initializing...
maxdom : 25
D->valSize : 625
Solving...
currentSize : 8 <-- 0.008714 s
currentSize : 9 <-- 0.008840 s
currentSize : 10 <-- 0.009338 s
currentSize : 11 <-- 0.009599 s
currentSize : 12 <-- 0.018791 s
currentSize : 13 <-- 0.054864 s
currentSize : 14 <-- 0.061732 s
currentSize : 15 <-- 0.073325 s
currentSize : 16 <-- 0.180509 s
currentSize : 17 <-- 6.333065 s

maxsize : 17
nodes : 711537.000000
filtered : 17459724.000000
time : 9.235308
