Parameters: GAD=1 vflib=1 dir=0 label=0 lowerbound=1 fileNameGp=../graphsdb/mcs70/bvg/b06m/mcs70_b06m_s30.A94 fileNameGt=../graphsdb/mcs70/bvg/b06m/mcs70_b06m_s30.B94
Reading graphs...
30 :  85
30 :  87
Initializing...
maxdom : 30
D->valSize : 900
Solving...
currentSize : 13 <-- 0.010307 s
currentSize : 14 <-- 0.012042 s
currentSize : 15 <-- 0.012271 s
currentSize : 16 <-- 0.023361 s
currentSize : 17 <-- 0.064813 s
currentSize : 18 <-- 14.458630 s
currentSize : 20 <-- 44.674881 s
currentSize : 21 <-- 44.674923 s

maxsize : 21
nodes : 5750396.000000
filtered : 157487153.000000
time : 55.571323
