Parameters: GAD=1 vflib=1 dir=0 label=0 lowerbound=1 fileNameGp=../graphsdb/mcs70/rand/r02/mcs70_r02_s30.A68 fileNameGt=../graphsdb/mcs70/rand/r02/mcs70_r02_s30.B68
Reading graphs...
30 :  162
30 :  160
Initializing...
maxdom : 30
D->valSize : 900
Solving...
currentSize : 9 <-- 0.009257 s
currentSize : 10 <-- 0.009283 s
currentSize : 11 <-- 0.009341 s
currentSize : 12 <-- 0.012992 s
currentSize : 13 <-- 0.031916 s
currentSize : 15 <-- 0.997332 s
currentSize : 16 <-- 7.136889 s
currentSize : 17 <-- 37.524979 s
currentSize : 18 <-- 37.540813 s
currentSize : 21 <-- 37.544903 s

maxsize : 21
nodes : 7925373.000000
filtered : 138090997.000000
time : 40.871342
