Parameters: GAD=1 vflib=1 dir=0 label=0 lowerbound=1 fileNameGp=../graphsdb/mcs70/bvg/b06/mcs70_b06_s35.A24 fileNameGt=../graphsdb/mcs70/bvg/b06/mcs70_b06_s35.B24
Reading graphs...
35 :  105
35 :  104
Initializing...
maxdom : 35
D->valSize : 1225
Solving...
currentSize : 15 <-- 0.019332 s
currentSize : 17 <-- 0.019416 s
currentSize : 18 <-- 0.040608 s
currentSize : 19 <-- 0.050877 s
currentSize : 20 <-- 0.135291 s
currentSize : 21 <-- 0.418140 s
currentSize : 22 <-- 0.785832 s
currentSize : 23 <-- 1.404309 s
currentSize : 24 <-- 1.406217 s
currentSize : 25 <-- 2.494368 s
currentSize : 26 <-- 15.081514 s

maxsize : 26
nodes : 2617860.000000
filtered : 128011508.000000
time : 51.272552
