Parameters: GAD=1 vflib=1 dir=0 label=0 lowerbound=1 fileNameGp=../graphsdb/mcs70/bvg/b06/mcs70_b06_s35.A75 fileNameGt=../graphsdb/mcs70/bvg/b06/mcs70_b06_s35.B75
Reading graphs...
35 :  103
35 :  105
Initializing...
maxdom : 35
D->valSize : 1225
Solving...
currentSize : 15 <-- 0.023702 s
currentSize : 16 <-- 0.029578 s
currentSize : 17 <-- 0.033973 s
currentSize : 18 <-- 0.139573 s
currentSize : 19 <-- 1.612944 s
currentSize : 20 <-- 1.613641 s
currentSize : 21 <-- 3.726581 s
currentSize : 22 <-- 18.881001 s
currentSize : 23 <-- 19.946333 s
currentSize : 24 <-- 20.327637 s
currentSize : 25 <-- 23.387806 s
currentSize : 26 <-- 33.992702 s

maxsize : 26
nodes : 3171416.000000
filtered : 118552875.000000
time : 53.777798
