Parameters: GAD=1 vflib=1 dir=0 label=0 lowerbound=1 fileNameGp=../graphsdb/mcs70/bvg/b09m/mcs70_b09m_s20.A45 fileNameGt=../graphsdb/mcs70/bvg/b09m/mcs70_b09m_s20.B45
Reading graphs...
20 :  87
20 :  85
Initializing...
maxdom : 20
D->valSize : 400
Solving...
currentSize : 9 <-- 0.002003 s
currentSize : 10 <-- 0.002409 s
currentSize : 11 <-- 0.016141 s
currentSize : 12 <-- 0.173473 s
currentSize : 13 <-- 0.246740 s
currentSize : 14 <-- 0.246803 s

maxsize : 14
nodes : 81405.000000
filtered : 1115129.000000
time : 0.350858
