Parameters: GAD=1 vflib=1 dir=0 label=0 lowerbound=1 fileNameGp=../graphsdb/mcs70/bvg/b03/mcs70_b03_s25.A48 fileNameGt=../graphsdb/mcs70/bvg/b03/mcs70_b03_s25.B48
Reading graphs...
25 :  37
25 :  37
Initializing...
maxdom : 25
D->valSize : 625
Solving...
currentSize : 7 <-- 0.005200 s
currentSize : 14 <-- 0.005237 s
currentSize : 15 <-- 0.005373 s
currentSize : 16 <-- 0.005428 s
currentSize : 17 <-- 0.005440 s
currentSize : 18 <-- 0.020733 s
currentSize : 19 <-- 0.123524 s
currentSize : 20 <-- 1.254662 s

maxsize : 20
nodes : 73638.000000
filtered : 2457976.000000
time : 1.800737
