Parameters: GAD=1 vflib=1 dir=0 label=0 lowerbound=1 fileNameGp=../graphsdb/mcs70/bvg/b09/mcs70_b09_s20.A91 fileNameGt=../graphsdb/mcs70/bvg/b09/mcs70_b09_s20.B91
Reading graphs...
20 :  89
20 :  88
Initializing...
maxdom : 20
D->valSize : 400
Solving...
currentSize : 8 <-- 0.001932 s
currentSize : 9 <-- 0.001981 s
currentSize : 10 <-- 0.003688 s
currentSize : 11 <-- 0.004634 s
currentSize : 12 <-- 0.014805 s
currentSize : 13 <-- 0.014853 s
currentSize : 14 <-- 0.014929 s
currentSize : 15 <-- 0.020490 s

maxsize : 15
nodes : 20483.000000
filtered : 469353.000000
time : 0.105094
