Parameters: GAD=1 vflib=1 dir=0 label=0 lowerbound=1 fileNameGp=../graphsdb/mcs70/bvg/b09m/mcs70_b09m_s30.A66 fileNameGt=../graphsdb/mcs70/bvg/b09m/mcs70_b09m_s30.B66
Reading graphs...
30 :  130
30 :  130
Initializing...
maxdom : 30
D->valSize : 900
Solving...
currentSize : 10 <-- 0.009384 s
currentSize : 11 <-- 0.009526 s
currentSize : 12 <-- 0.009550 s
currentSize : 13 <-- 0.044725 s
currentSize : 14 <-- 0.046465 s
currentSize : 15 <-- 0.183387 s
currentSize : 16 <-- 5.145050 s
currentSize : 20 <-- 5.164727 s

maxsize : 20
nodes : 1900272.000000
filtered : 50533497.000000
time : 13.165008
