Parameters: GAD=1 vflib=1 dir=0 label=0 lowerbound=1 fileNameGp=../graphsdb/mcs70/bvg/b06/mcs70_b06_s35.A96 fileNameGt=../graphsdb/mcs70/bvg/b06/mcs70_b06_s35.B96
Reading graphs...
35 :  104
35 :  104
Initializing...
maxdom : 35
D->valSize : 1225
Solving...
currentSize : 13 <-- 0.019137 s
currentSize : 14 <-- 0.019165 s
currentSize : 15 <-- 0.019584 s
currentSize : 16 <-- 0.023442 s
currentSize : 17 <-- 0.025529 s
currentSize : 18 <-- 0.027938 s
currentSize : 19 <-- 0.180732 s
currentSize : 20 <-- 0.189022 s
currentSize : 21 <-- 2.230875 s
currentSize : 22 <-- 3.028080 s
currentSize : 24 <-- 11.055774 s
currentSize : 25 <-- 15.462282 s
currentSize : 26 <-- 28.261009 s

maxsize : 26
nodes : 2615503.000000
filtered : 125677892.000000
time : 54.097858
