Parameters: GAD=1 vflib=1 dir=0 label=0 lowerbound=1 fileNameGp=../graphsdb/mcs70/bvg/b09/mcs70_b09_s25.A19 fileNameGt=../graphsdb/mcs70/bvg/b09/mcs70_b09_s25.B19
Reading graphs...
25 :  109
25 :  111
Initializing...
maxdom : 25
D->valSize : 625
Solving...
currentSize : 10 <-- 0.007657 s
currentSize : 11 <-- 0.007855 s
currentSize : 12 <-- 0.010069 s
currentSize : 13 <-- 0.044751 s
currentSize : 14 <-- 0.044957 s
currentSize : 17 <-- 0.088526 s

maxsize : 17
nodes : 196640.000000
filtered : 5315321.000000
time : 1.282093
