Parameters: GAD=1 vflib=1 dir=0 label=0 lowerbound=1 fileNameGp=../graphsdb/mcs70/m3D/m3Dr4/mcs70_m3Dr4_s35.A34 fileNameGt=../graphsdb/mcs70/m3D/m3Dr4/mcs70_m3Dr4_s35.B34
Reading graphs...
35 :  86
35 :  85
Initializing...
maxdom : 35
D->valSize : 1225
Solving...
currentSize : 16 <-- 0.034793 s
currentSize : 18 <-- 0.034940 s
currentSize : 19 <-- 0.035351 s
currentSize : 20 <-- 0.058601 s
currentSize : 21 <-- 2.915162 s
currentSize : 22 <-- 168.163635 s
currentSize : 23 <-- 415.871185 s
currentSize : 25 <-- 418.259949 s
currentSize : 28 <-- 419.738098 s

maxsize : 28
nodes : 38404993.000000
filtered : 1070936134.000000
time : 428.383118
