Parameters: GAD=1 vflib=1 dir=0 label=0 lowerbound=1 fileNameGp=../graphsdb/mcs70/m2D/m2Dr6/m2Dr6/mcs70_m2Dr6_s35.A36 fileNameGt=../graphsdb/mcs70/m2D/m2Dr6/m2Dr6/mcs70_m2Dr6_s35.B36
Reading graphs...
35 :  79
35 :  78
Initializing...
maxdom : 35
D->valSize : 1225
Solving...
currentSize : 15 <-- 0.035235 s
currentSize : 17 <-- 0.035296 s
currentSize : 18 <-- 0.037136 s
currentSize : 19 <-- 0.062899 s
currentSize : 20 <-- 0.092834 s
currentSize : 21 <-- 0.187523 s
currentSize : 22 <-- 1.949218 s
currentSize : 23 <-- 360.950165 s
currentSize : 24 <-- 569.798401 s
currentSize : 26 <-- 802.908264 s

maxsize : 26
nodes : 55262292.000000
filtered : 1882681723.000000
time : 875.827271
