Parameters: GAD=1 vflib=1 dir=0 label=0 lowerbound=1 fileNameGp=../graphsdb/mcs70/bvg/b09m/mcs70_b09m_s25.A11 fileNameGt=../graphsdb/mcs70/bvg/b09m/mcs70_b09m_s25.B11
Reading graphs...
25 :  106
25 :  105
Initializing...
maxdom : 25
D->valSize : 625
Solving...
currentSize : 8 <-- 0.004450 s
currentSize : 9 <-- 0.004501 s
currentSize : 10 <-- 0.004528 s
currentSize : 11 <-- 0.005695 s
currentSize : 12 <-- 0.008700 s
currentSize : 13 <-- 0.400417 s
currentSize : 14 <-- 8.457677 s
currentSize : 16 <-- 8.458475 s

maxsize : 16
nodes : 2056639.000000
filtered : 30823658.000000
time : 9.732010
