Parameters: GAD=1 vflib=1 dir=0 label=0 lowerbound=1 fileNameGp=../graphsdb/mcs70/m2D/m2Dr6/m2Dr6/mcs70_m2Dr6_s35.A65 fileNameGt=../graphsdb/mcs70/m2D/m2Dr6/m2Dr6/mcs70_m2Dr6_s35.B65
Reading graphs...
35 :  79
35 :  75
Initializing...
maxdom : 35
D->valSize : 1225
Solving...
currentSize : 14 <-- 0.020076 s
currentSize : 15 <-- 0.020903 s
currentSize : 16 <-- 0.031004 s
currentSize : 17 <-- 0.061283 s
currentSize : 18 <-- 0.061677 s
currentSize : 19 <-- 0.232824 s
currentSize : 20 <-- 1.297047 s
currentSize : 21 <-- 9.084779 s
currentSize : 22 <-- 61.365913 s
currentSize : 23 <-- 85.767258 s
currentSize : 25 <-- 823.543823 s

maxsize : 25
nodes : 69057963.000000
filtered : 2302374227.000000
time : 1122.127075
