Parameters: GAD=1 vflib=1 dir=0 label=0 lowerbound=1 fileNameGp=../graphsdb/mcs70/bvg/b03/mcs70_b03_s30.A99 fileNameGt=../graphsdb/mcs70/bvg/b03/mcs70_b03_s30.B99
Reading graphs...
30 :  45
30 :  45
Initializing...
maxdom : 30
D->valSize : 900
Solving...
currentSize : 11 <-- 0.015945 s
currentSize : 12 <-- 0.016608 s
currentSize : 17 <-- 0.016671 s
currentSize : 18 <-- 0.018372 s
currentSize : 19 <-- 0.081469 s
currentSize : 20 <-- 0.739733 s
currentSize : 22 <-- 0.800176 s
currentSize : 23 <-- 2.182059 s

maxsize : 23
nodes : 1019124.000000
filtered : 39066988.000000
time : 38.749680
