Parameters: GAD=1 vflib=1 dir=0 label=0 lowerbound=1 fileNameGp=../graphsdb/mcs70/bvg/b09m/mcs70_b09m_s20.A57 fileNameGt=../graphsdb/mcs70/bvg/b09m/mcs70_b09m_s20.B57
Reading graphs...
20 :  85
20 :  82
Initializing...
maxdom : 20
D->valSize : 400
Solving...
currentSize : 7 <-- 0.002091 s
currentSize : 8 <-- 0.002133 s
currentSize : 9 <-- 0.002418 s
currentSize : 10 <-- 0.002453 s
currentSize : 11 <-- 0.011067 s
currentSize : 14 <-- 0.298138 s

maxsize : 14
nodes : 108009.000000
filtered : 1401512.000000
time : 0.438087
