Parameters: GAD=1 vflib=1 dir=0 label=0 lowerbound=1 fileNameGp=../graphsdb/mcs70/rand/r02/mcs70_r02_s25.A00 fileNameGt=../graphsdb/mcs70/rand/r02/mcs70_r02_s25.B00
Reading graphs...
25 :  102
25 :  102
Initializing...
maxdom : 25
D->valSize : 625
Solving...
currentSize : 10 <-- 0.004576 s
currentSize : 11 <-- 0.006769 s
currentSize : 12 <-- 0.007576 s
currentSize : 13 <-- 0.523831 s
currentSize : 14 <-- 7.797522 s
currentSize : 16 <-- 8.460833 s
currentSize : 17 <-- 8.476913 s

maxsize : 17
nodes : 2095726.000000
filtered : 28144164.000000
time : 9.925660
