Parameters: GAD=1 vflib=1 dir=0 label=0 lowerbound=1 fileNameGp=../graphsdb/mcs70/rand/r02/mcs70_r02_s35.A90 fileNameGt=../graphsdb/mcs70/rand/r02/mcs70_r02_s35.B90
Reading graphs...
35 :  219
35 :  214
Initializing...
maxdom : 35
D->valSize : 1225
Solving...
currentSize : 10 <-- 0.029561 s
currentSize : 11 <-- 0.029685 s
currentSize : 12 <-- 0.029929 s
currentSize : 13 <-- 0.030249 s
currentSize : 14 <-- 0.034068 s
currentSize : 15 <-- 25.309092 s
currentSize : 16 <-- 253.203918 s
currentSize : 17 <-- 423.570129 s
currentSize : 19 <-- 423.869720 s
currentSize : 20 <-- 425.099487 s
currentSize : 24 <-- 425.553925 s

maxsize : 24
nodes : 87339470.000000
filtered : 1278213798.000000
time : 454.900543
