Parameters: GAD=1 vflib=1 dir=0 label=0 lowerbound=1 fileNameGp=../graphsdb/mcs70/m2D/m2Dr6/m2Dr6/mcs70_m2Dr6_s15.A36 fileNameGt=../graphsdb/mcs70/m2D/m2Dr6/m2Dr6/mcs70_m2Dr6_s15.B36
Reading graphs...
15 :  30
15 :  29
Initializing...
maxdom : 15
D->valSize : 225
Solving...
currentSize : 5 <-- 0.000805 s
currentSize : 6 <-- 0.000826 s
currentSize : 7 <-- 0.000833 s
currentSize : 8 <-- 0.000857 s
currentSize : 9 <-- 0.001205 s
currentSize : 10 <-- 0.001275 s
currentSize : 11 <-- 0.016420 s

maxsize : 11
nodes : 4754.000000
filtered : 71528.000000
time : 0.024111
