Parameters: GAD=1 vflib=1 dir=0 label=0 lowerbound=1 fileNameGp=../graphsdb/mcs70/rand/r005/mcs70_r005_s30.A54 fileNameGt=../graphsdb/mcs70/rand/r005/mcs70_r005_s30.B54
Reading graphs...
30 :  41
30 :  42
Initializing...
maxdom : 30
D->valSize : 900
Solving...
currentSize : 13 <-- 0.019757 s
currentSize : 14 <-- 0.019782 s
currentSize : 15 <-- 0.020022 s
currentSize : 16 <-- 0.028897 s
currentSize : 18 <-- 0.484355 s
currentSize : 19 <-- 0.484481 s
currentSize : 20 <-- 0.485604 s
currentSize : 21 <-- 10.658914 s
currentSize : 22 <-- 25.994396 s
currentSize : 23 <-- 26.033564 s

maxsize : 23
nodes : 1996773.000000
filtered : 45538761.000000
time : 41.748043
