Parameters: GAD=1 vflib=1 dir=0 label=0 lowerbound=1 fileNameGp=../graphsdb/mcs70/m3D/m3D/mcs70_m3D_s35.A98 fileNameGt=../graphsdb/mcs70/m3D/m3D/mcs70_m3D_s35.B98
Reading graphs...
35 :  72
35 :  72
Initializing...
maxdom : 35
D->valSize : 1225
Solving...
currentSize : 15 <-- 0.020106 s
currentSize : 16 <-- 0.021812 s
currentSize : 18 <-- 0.023225 s
currentSize : 19 <-- 0.028768 s
currentSize : 20 <-- 0.418818 s
currentSize : 21 <-- 0.478482 s
currentSize : 22 <-- 1.791185 s
currentSize : 23 <-- 4.774817 s
currentSize : 24 <-- 29.414284 s
currentSize : 25 <-- 55.671291 s
currentSize : 26 <-- 92.146454 s
currentSize : 28 <-- 99.995155 s

maxsize : 28
nodes : 6282053.000000
filtered : 214850826.000000
time : 124.627525
