Parameters: GAD=1 vflib=1 dir=0 label=0 lowerbound=1 fileNameGp=../graphsdb/mcs70/rand/r01/mcs70_r01_s35.A19 fileNameGt=../graphsdb/mcs70/rand/r01/mcs70_r01_s35.B19
Reading graphs...
35 :  109
35 :  111
Initializing...
maxdom : 35
D->valSize : 1225
Solving...
currentSize : 14 <-- 0.019158 s
currentSize : 15 <-- 0.019407 s
currentSize : 16 <-- 0.020614 s
currentSize : 17 <-- 0.021609 s
currentSize : 18 <-- 0.022052 s
currentSize : 19 <-- 1.978270 s
currentSize : 20 <-- 276.404846 s
currentSize : 21 <-- 787.101196 s
currentSize : 24 <-- 801.352661 s

maxsize : 24
nodes : 81672466.000000
filtered : 2312526562.000000
time : 899.922729
