Parameters: GAD=1 vflib=1 dir=0 label=0 lowerbound=1 fileNameGp=../graphsdb/mcs70/m3D/m3Dr4/mcs70_m3Dr4_s35.A37 fileNameGt=../graphsdb/mcs70/m3D/m3Dr4/mcs70_m3Dr4_s35.B37
Reading graphs...
35 :  85
35 :  84
Initializing...
maxdom : 35
D->valSize : 1225
Solving...
currentSize : 16 <-- 0.034894 s
currentSize : 17 <-- 0.039551 s
currentSize : 18 <-- 0.070454 s
currentSize : 19 <-- 0.218867 s
currentSize : 20 <-- 0.974679 s
currentSize : 21 <-- 2.010947 s
currentSize : 22 <-- 6.187792 s
currentSize : 23 <-- 6.198141 s
currentSize : 24 <-- 56.883381 s
currentSize : 25 <-- 56.883705 s
currentSize : 26 <-- 56.884151 s
currentSize : 27 <-- 56.884277 s

maxsize : 27
nodes : 4000254.000000
filtered : 151994763.000000
time : 75.413078
