Parameters: GAD=1 vflib=1 dir=0 label=0 lowerbound=1 fileNameGp=../graphsdb/mcs70/rand/r005/mcs70_r005_s30.A11 fileNameGt=../graphsdb/mcs70/rand/r005/mcs70_r005_s30.B11
Reading graphs...
30 :  42
30 :  42
Initializing...
maxdom : 30
D->valSize : 900
Solving...
currentSize : 10 <-- 0.019945 s
currentSize : 14 <-- 0.019989 s
currentSize : 15 <-- 0.020422 s
currentSize : 16 <-- 0.020483 s
currentSize : 17 <-- 0.020646 s
currentSize : 18 <-- 0.021358 s
currentSize : 20 <-- 0.782886 s
currentSize : 21 <-- 0.905099 s
currentSize : 22 <-- 4.994926 s

maxsize : 22
nodes : 2943092.000000
filtered : 87078853.000000
time : 85.285332
