Parameters: GAD=1 vflib=1 dir=0 label=0 lowerbound=1 fileNameGp=../graphsdb/mcs70/rand/r02/mcs70_r02_s30.A55 fileNameGt=../graphsdb/mcs70/rand/r02/mcs70_r02_s30.B55
Reading graphs...
30 :  155
30 :  155
Initializing...
maxdom : 30
D->valSize : 900
Solving...
currentSize : 10 <-- 0.009662 s
currentSize : 11 <-- 0.010301 s
currentSize : 12 <-- 0.012960 s
currentSize : 13 <-- 0.020869 s
currentSize : 14 <-- 1.797906 s
currentSize : 15 <-- 17.423529 s
currentSize : 16 <-- 17.423729 s
currentSize : 18 <-- 60.325912 s
currentSize : 21 <-- 67.099274 s

maxsize : 21
nodes : 12974839.000000
filtered : 236763064.000000
time : 68.596268
