Parameters: GAD=1 vflib=1 dir=0 label=0 lowerbound=1 fileNameGp=../graphsdb/mcs70/bvg/b06/mcs70_b06_s35.A72 fileNameGt=../graphsdb/mcs70/bvg/b06/mcs70_b06_s35.B72
Reading graphs...
35 :  104
35 :  104
Initializing...
maxdom : 35
D->valSize : 1225
Solving...
currentSize : 18 <-- 0.018867 s
currentSize : 20 <-- 0.018967 s
currentSize : 21 <-- 0.018992 s
currentSize : 22 <-- 0.019065 s
currentSize : 24 <-- 2.930502 s
currentSize : 25 <-- 4.329998 s
currentSize : 26 <-- 4.330760 s

maxsize : 26
nodes : 2152457.000000
filtered : 116805755.000000
time : 53.010315
