Parameters: GAD=1 vflib=1 dir=0 label=0 lowerbound=1 fileNameGp=../graphsdb/mcs70/m4D/m4Dr2/mcs70_m4Dr2_s25.A30 fileNameGt=../graphsdb/mcs70/m4D/m4Dr2/mcs70_m4Dr2_s25.B30
Reading graphs...
25 :  49
25 :  48
Initializing...
maxdom : 25
D->valSize : 625
Solving...
currentSize : 8 <-- 0.008897 s
currentSize : 10 <-- 0.008926 s
currentSize : 11 <-- 0.008936 s
currentSize : 12 <-- 0.017215 s
currentSize : 13 <-- 0.086081 s
currentSize : 14 <-- 0.240810 s
currentSize : 15 <-- 0.264002 s
currentSize : 16 <-- 0.274224 s
currentSize : 17 <-- 0.313491 s
currentSize : 18 <-- 0.557111 s
currentSize : 19 <-- 0.685351 s

maxsize : 19
nodes : 93558.000000
filtered : 1868248.000000
time : 1.229264
