Parameters: GAD=1 vflib=1 dir=0 label=0 lowerbound=1 fileNameGp=../graphsdb/mcs70/m3D/m3Dr2/mcs70_m3Dr2_s35.A16 fileNameGt=../graphsdb/mcs70/m3D/m3Dr2/mcs70_m3Dr2_s35.B16
Reading graphs...
35 :  78
35 :  77
Initializing...
maxdom : 35
D->valSize : 1225
Solving...
currentSize : 16 <-- 0.020145 s
currentSize : 17 <-- 0.020484 s
currentSize : 18 <-- 0.033693 s
currentSize : 19 <-- 0.033835 s
currentSize : 20 <-- 2.029464 s
currentSize : 21 <-- 5.505911 s
currentSize : 22 <-- 7.402163 s
currentSize : 23 <-- 22.536316 s
currentSize : 24 <-- 122.628326 s
currentSize : 25 <-- 160.414459 s
currentSize : 26 <-- 206.546799 s
currentSize : 27 <-- 206.546921 s

maxsize : 27
nodes : 12772950.000000
filtered : 466616542.000000
time : 241.742523
