Parameters: GAD=1 vflib=1 dir=0 label=0 lowerbound=1 fileNameGp=../graphsdb/mcs70/bvg/b09m/mcs70_b09m_s35.A05 fileNameGt=../graphsdb/mcs70/bvg/b09m/mcs70_b09m_s35.B05
Reading graphs...
35 :  152
35 :  152
Initializing...
maxdom : 35
D->valSize : 1225
Solving...
currentSize : 13 <-- 0.031582 s
currentSize : 14 <-- 0.031625 s
currentSize : 15 <-- 0.036338 s
currentSize : 16 <-- 0.119165 s
currentSize : 17 <-- 1.255442 s
currentSize : 18 <-- 135.492416 s
currentSize : 19 <-- 420.957886 s
currentSize : 23 <-- 483.917847 s
currentSize : 24 <-- 483.919647 s

maxsize : 24
nodes : 71945001.000000
filtered : 1592088712.000000
time : 506.236267
