Parameters: GAD=1 vflib=1 dir=0 label=0 lowerbound=1 fileNameGp=../graphsdb/mcs70/bvg/b09m/mcs70_b09m_s30.A29 fileNameGt=../graphsdb/mcs70/bvg/b09m/mcs70_b09m_s30.B29
Reading graphs...
30 :  129
30 :  130
Initializing...
maxdom : 30
D->valSize : 900
Solving...
currentSize : 10 <-- 0.016305 s
currentSize : 11 <-- 0.017097 s
currentSize : 12 <-- 0.022472 s
currentSize : 13 <-- 0.022676 s
currentSize : 14 <-- 0.035079 s
currentSize : 15 <-- 1.507758 s
currentSize : 16 <-- 4.903549 s
currentSize : 17 <-- 7.856550 s
currentSize : 19 <-- 34.150368 s
currentSize : 20 <-- 34.150513 s

maxsize : 20
nodes : 6147680.000000
filtered : 147988327.000000
time : 38.221245
