Parameters: GAD=1 vflib=1 dir=0 label=0 lowerbound=1 fileNameGp=../graphsdb/mcs70/bvg/b06/mcs70_b06_s25.A57 fileNameGt=../graphsdb/mcs70/bvg/b06/mcs70_b06_s25.B57
Reading graphs...
25 :  74
25 :  74
Initializing...
maxdom : 25
D->valSize : 625
Solving...
currentSize : 12 <-- 0.004817 s
currentSize : 13 <-- 0.005955 s
currentSize : 14 <-- 0.007919 s
currentSize : 15 <-- 0.008054 s
currentSize : 16 <-- 0.008159 s
currentSize : 17 <-- 0.014710 s
currentSize : 18 <-- 0.054600 s
currentSize : 19 <-- 0.318595 s

maxsize : 19
nodes : 68899.000000
filtered : 2186212.000000
time : 0.806900
