Parameters: GAD=1 vflib=1 dir=0 label=0 lowerbound=1 fileNameGp=../graphsdb/mcs70/bvg/b06/mcs70_b06_s30.A28 fileNameGt=../graphsdb/mcs70/bvg/b06/mcs70_b06_s30.B28
Reading graphs...
30 :  89
30 :  90
Initializing...
maxdom : 30
D->valSize : 900
Solving...
currentSize : 15 <-- 0.010403 s
currentSize : 16 <-- 0.010548 s
currentSize : 17 <-- 0.010655 s
currentSize : 18 <-- 0.024360 s
currentSize : 19 <-- 0.082794 s
currentSize : 21 <-- 0.082833 s
currentSize : 22 <-- 1.510094 s
currentSize : 23 <-- 3.846377 s

maxsize : 23
nodes : 334317.000000
filtered : 13872847.000000
time : 5.603353
