Parameters: GAD=1 vflib=1 dir=0 label=0 lowerbound=1 fileNameGp=../graphsdb/mcs70/m2D/m2Dr4/mcs70_m2Dr4_s35.A65 fileNameGt=../graphsdb/mcs70/m2D/m2Dr4/mcs70_m2Dr4_s35.B65
Reading graphs...
35 :  71
35 :  71
Initializing...
maxdom : 35
D->valSize : 1225
Solving...
currentSize : 16 <-- 0.020262 s
currentSize : 17 <-- 0.020365 s
currentSize : 18 <-- 0.067367 s
currentSize : 19 <-- 0.068076 s
currentSize : 20 <-- 0.379264 s
currentSize : 21 <-- 2.446545 s
currentSize : 22 <-- 4.346525 s
currentSize : 23 <-- 58.273270 s
currentSize : 24 <-- 1225.334106 s
currentSize : 25 <-- 1248.547607 s

maxsize : 25
nodes : 69132010.000000
filtered : 2359291266.000000
time : 1434.344849
