Parameters: GAD=1 vflib=1 dir=0 label=0 lowerbound=1 fileNameGp=../graphsdb/mcs70/rand/r02/mcs70_r02_s35.A60 fileNameGt=../graphsdb/mcs70/rand/r02/mcs70_r02_s35.B60
Reading graphs...
35 :  210
35 :  213
Initializing...
maxdom : 35
D->valSize : 1225
Solving...
currentSize : 11 <-- 0.017165 s
currentSize : 12 <-- 0.017316 s
currentSize : 13 <-- 0.019948 s
currentSize : 14 <-- 0.021977 s
currentSize : 15 <-- 9.060512 s
currentSize : 16 <-- 146.509415 s
currentSize : 17 <-- 146.509506 s
currentSize : 18 <-- 149.236115 s
currentSize : 19 <-- 293.637329 s
currentSize : 24 <-- 304.081543 s

maxsize : 24
nodes : 58937837.000000
filtered : 1041021112.000000
time : 325.896393
