Parameters: GAD=1 vflib=1 dir=0 label=0 lowerbound=1 fileNameGp=../graphsdb/mcs70/m3D/m3D/mcs70_m3D_s35.A90 fileNameGt=../graphsdb/mcs70/m3D/m3D/mcs70_m3D_s35.B90
Reading graphs...
35 :  71
35 :  72
Initializing...
maxdom : 35
D->valSize : 1225
Solving...
currentSize : 18 <-- 0.020163 s
currentSize : 19 <-- 0.020237 s
currentSize : 20 <-- 0.072054 s
currentSize : 21 <-- 1.063075 s
currentSize : 22 <-- 1.209990 s
currentSize : 24 <-- 16.323177 s
currentSize : 25 <-- 181.098557 s
currentSize : 26 <-- 181.403503 s
currentSize : 27 <-- 182.425919 s
currentSize : 29 <-- 219.489395 s

maxsize : 29
nodes : 11194061.000000
filtered : 391175591.000000
time : 224.030655
