Parameters: GAD=1 vflib=1 dir=0 label=0 lowerbound=1 fileNameGp=../graphsdb/mcs70/bvg/b09/mcs70_b09_s30.A04 fileNameGt=../graphsdb/mcs70/bvg/b09/mcs70_b09_s30.B04
Reading graphs...
30 :  132
30 :  134
Initializing...
maxdom : 30
D->valSize : 900
Solving...
currentSize : 9 <-- 0.016391 s
currentSize : 11 <-- 0.016443 s
currentSize : 12 <-- 0.020114 s
currentSize : 13 <-- 0.034283 s
currentSize : 14 <-- 0.075456 s
currentSize : 16 <-- 0.075504 s
currentSize : 17 <-- 0.170844 s
currentSize : 18 <-- 0.170879 s
currentSize : 20 <-- 0.170945 s
currentSize : 21 <-- 0.171040 s

maxsize : 21
nodes : 579394.000000
filtered : 20412660.000000
time : 4.677675
