Parameters: GAD=1 vflib=1 dir=0 label=0 lowerbound=1 fileNameGp=../graphsdb/mcs70/rand/r005/mcs70_r005_s35.A43 fileNameGt=../graphsdb/mcs70/rand/r005/mcs70_r005_s35.B43
Reading graphs...
35 :  58
35 :  57
Initializing...
maxdom : 35
D->valSize : 1225
Solving...
currentSize : 16 <-- 0.020680 s
currentSize : 17 <-- 0.020719 s
currentSize : 18 <-- 0.020728 s
currentSize : 19 <-- 0.020765 s
currentSize : 20 <-- 0.064128 s
currentSize : 21 <-- 0.637304 s
currentSize : 22 <-- 1.306071 s
currentSize : 23 <-- 9.884257 s
currentSize : 24 <-- 20.608553 s
currentSize : 25 <-- 136.911850 s
currentSize : 26 <-- 156.206894 s

maxsize : 26
nodes : 15364014.000000
filtered : 549854453.000000
time : 363.095917
