Parameters: GAD=1 vflib=1 dir=0 label=0 lowerbound=1 fileNameGp=../graphsdb/mcs70/bvg/b06/mcs70_b06_s20.A22 fileNameGt=../graphsdb/mcs70/bvg/b06/mcs70_b06_s20.B22
Reading graphs...
20 :  58
20 :  60
Initializing...
maxdom : 20
D->valSize : 400
Solving...
currentSize : 9 <-- 0.003427 s
currentSize : 10 <-- 0.003536 s
currentSize : 11 <-- 0.005316 s
currentSize : 12 <-- 0.006722 s
currentSize : 13 <-- 0.010080 s
currentSize : 14 <-- 0.012499 s
currentSize : 15 <-- 0.050679 s

maxsize : 15
nodes : 17590.000000
filtered : 369662.000000
time : 0.164583
