Parameters: GAD=1 vflib=1 dir=0 label=0 lowerbound=1 fileNameGp=../graphsdb/mcs70/m4D/m4D/mcs70_m4D_s25.A28 fileNameGt=../graphsdb/mcs70/m4D/m4D/mcs70_m4D_s25.B28
Reading graphs...
25 :  47
25 :  46
Initializing...
maxdom : 25
D->valSize : 625
Solving...
currentSize : 9 <-- 0.009017 s
currentSize : 14 <-- 0.009259 s
currentSize : 15 <-- 0.009626 s
currentSize : 16 <-- 0.009882 s
currentSize : 17 <-- 0.055673 s
currentSize : 18 <-- 0.055755 s

maxsize : 18
nodes : 203184.000000
filtered : 6154334.000000
time : 3.802114
