Parameters: GAD=1 vflib=1 dir=0 label=0 lowerbound=1 fileNameGp=../graphsdb/mcs70/bvg/b09m/mcs70_b09m_s25.A58 fileNameGt=../graphsdb/mcs70/bvg/b09m/mcs70_b09m_s25.B58
Reading graphs...
25 :  102
25 :  105
Initializing...
maxdom : 25
D->valSize : 625
Solving...
currentSize : 10 <-- 0.007759 s
currentSize : 11 <-- 0.007812 s
currentSize : 12 <-- 0.008539 s
currentSize : 13 <-- 0.047097 s
currentSize : 14 <-- 0.536764 s
currentSize : 18 <-- 3.209996 s

maxsize : 18
nodes : 603548.000000
filtered : 11096644.000000
time : 3.569785
