Parameters: GAD=1 vflib=1 dir=0 label=0 lowerbound=1 fileNameGp=../graphsdb/mcs70/rand/r005/mcs70_r005_s20.A15 fileNameGt=../graphsdb/mcs70/rand/r005/mcs70_r005_s20.B15
Reading graphs...
20 :  23
20 :  23
Initializing...
maxdom : 20
D->valSize : 400
Solving...
currentSize : 7 <-- 0.002372 s
currentSize : 8 <-- 0.002393 s
currentSize : 9 <-- 0.002576 s
currentSize : 10 <-- 0.002601 s
currentSize : 11 <-- 0.003372 s
currentSize : 12 <-- 0.011178 s
currentSize : 13 <-- 0.030621 s
currentSize : 14 <-- 0.118628 s
currentSize : 15 <-- 0.165451 s

maxsize : 15
nodes : 37112.000000
filtered : 310047.000000
time : 0.246981
