Parameters: GAD=1 vflib=1 dir=0 label=0 lowerbound=1 fileNameGp=../graphsdb/mcs70/rand/r01/mcs70_r01_s35.A81 fileNameGt=../graphsdb/mcs70/rand/r01/mcs70_r01_s35.B81
Reading graphs...
35 :  111
35 :  108
Initializing...
maxdom : 35
D->valSize : 1225
Solving...
currentSize : 15 <-- 0.019027 s
currentSize : 16 <-- 0.020258 s
currentSize : 17 <-- 0.030133 s
currentSize : 18 <-- 0.378017 s
currentSize : 19 <-- 4.414176 s
currentSize : 21 <-- 12.365997 s
currentSize : 22 <-- 18.242409 s
currentSize : 24 <-- 18.242464 s

maxsize : 24
nodes : 11481485.000000
filtered : 518201797.000000
time : 150.072311
