Parameters: GAD=1 vflib=1 dir=0 label=0 lowerbound=1 fileNameGp=../graphsdb/mcs70/bvg/b03/mcs70_b03_s35.A95 fileNameGt=../graphsdb/mcs70/bvg/b03/mcs70_b03_s35.B95
Reading graphs...
35 :  52
35 :  52
Initializing...
maxdom : 35
D->valSize : 1225
Solving...
currentSize : 17 <-- 0.036182 s
currentSize : 20 <-- 0.037269 s
currentSize : 21 <-- 0.045395 s
currentSize : 22 <-- 0.047930 s
currentSize : 23 <-- 0.371969 s
currentSize : 24 <-- 0.372253 s
currentSize : 25 <-- 0.372913 s
currentSize : 26 <-- 8.359988 s
currentSize : 27 <-- 9.994384 s
currentSize : 28 <-- 20.589619 s

maxsize : 28
nodes : 1138725.000000
filtered : 48567567.000000
time : 72.455360
