Parameters: GAD=1 vflib=1 dir=0 label=0 lowerbound=1 fileNameGp=../graphsdb/mcs70/m2D/m2Dr4/mcs70_m2Dr4_s35.A80 fileNameGt=../graphsdb/mcs70/m2D/m2Dr4/mcs70_m2Dr4_s35.B80
Reading graphs...
35 :  72
35 :  71
Initializing...
maxdom : 35
D->valSize : 1225
Solving...
currentSize : 14 <-- 0.035930 s
currentSize : 16 <-- 0.036370 s
currentSize : 17 <-- 0.040625 s
currentSize : 18 <-- 0.049411 s
currentSize : 19 <-- 0.060102 s
currentSize : 20 <-- 1.008144 s
currentSize : 21 <-- 1.509454 s
currentSize : 22 <-- 17.024652 s
currentSize : 23 <-- 334.513641 s
currentSize : 24 <-- 2863.025146 s
currentSize : 25 <-- 2941.657227 s

maxsize : 25
nodes : 203813448.000000
filtered : 6558516582.000000
time : 3151.452148
