Parameters: GAD=1 vflib=1 dir=0 label=0 lowerbound=1 fileNameGp=../graphsdb/mcs70/bvg/b09/mcs70_b09_s25.A44 fileNameGt=../graphsdb/mcs70/bvg/b09/mcs70_b09_s25.B44
Reading graphs...
25 :  109
25 :  108
Initializing...
maxdom : 25
D->valSize : 625
Solving...
currentSize : 9 <-- 0.004465 s
currentSize : 10 <-- 0.004505 s
currentSize : 13 <-- 0.006018 s
currentSize : 14 <-- 0.009653 s
currentSize : 16 <-- 0.032979 s
currentSize : 17 <-- 0.724004 s

maxsize : 17
nodes : 241687.000000
filtered : 5925050.000000
time : 1.482870
