Parameters: GAD=1 vflib=1 dir=0 label=0 lowerbound=1 fileNameGp=../graphsdb/mcs70/bvg/b06/mcs70_b06_s35.A18 fileNameGt=../graphsdb/mcs70/bvg/b06/mcs70_b06_s35.B18
Reading graphs...
35 :  103
35 :  104
Initializing...
maxdom : 35
D->valSize : 1225
Solving...
currentSize : 14 <-- 0.019142 s
currentSize : 15 <-- 0.019216 s
currentSize : 16 <-- 0.019258 s
currentSize : 17 <-- 0.019315 s
currentSize : 18 <-- 0.036436 s
currentSize : 19 <-- 0.315298 s
currentSize : 20 <-- 0.320358 s
currentSize : 21 <-- 0.320782 s
currentSize : 22 <-- 0.527745 s
currentSize : 25 <-- 2.814176 s

maxsize : 25
nodes : 5412690.000000
filtered : 281801571.000000
time : 146.147446
