Parameters: GAD=1 vflib=1 dir=0 label=0 lowerbound=1 fileNameGp=../graphsdb/mcs70/rand/r005/mcs70_r005_s25.A78 fileNameGt=../graphsdb/mcs70/rand/r005/mcs70_r005_s25.B78
Reading graphs...
25 :  33
25 :  33
Initializing...
maxdom : 25
D->valSize : 625
Solving...
currentSize : 11 <-- 0.009382 s
currentSize : 12 <-- 0.009418 s
currentSize : 13 <-- 0.009490 s
currentSize : 14 <-- 0.010259 s
currentSize : 15 <-- 0.014479 s
currentSize : 16 <-- 0.015951 s
currentSize : 17 <-- 0.063586 s
currentSize : 18 <-- 0.088368 s
currentSize : 19 <-- 0.236564 s

maxsize : 19
nodes : 114764.000000
filtered : 2636928.000000
time : 2.480007
