Parameters: GAD=1 vflib=1 dir=0 label=0 lowerbound=1 fileNameGp=../graphsdb/mcs70/m2D/m2D/mcs70_m2D_s25.A42 fileNameGt=../graphsdb/mcs70/m2D/m2D/mcs70_m2D_s25.B42
Reading graphs...
25 :  40
25 :  39
Initializing...
maxdom : 25
D->valSize : 625
Solving...
currentSize : 12 <-- 0.005580 s
currentSize : 13 <-- 0.005602 s
currentSize : 15 <-- 0.005674 s
currentSize : 16 <-- 0.006511 s
currentSize : 17 <-- 0.006830 s
currentSize : 18 <-- 0.245174 s
currentSize : 19 <-- 0.395846 s

maxsize : 19
nodes : 149007.000000
filtered : 4087549.000000
time : 1.894191
