Parameters: GAD=1 vflib=1 dir=0 label=0 lowerbound=1 fileNameGp=../graphsdb/mcs70/bvg/b03/mcs70_b03_s35.A13 fileNameGt=../graphsdb/mcs70/bvg/b03/mcs70_b03_s35.B13
Reading graphs...
35 :  52
35 :  52
Initializing...
maxdom : 35
D->valSize : 1225
Solving...
currentSize : 21 <-- 0.020900 s
currentSize : 22 <-- 0.020964 s
currentSize : 23 <-- 0.021204 s
currentSize : 24 <-- 0.022575 s
currentSize : 25 <-- 0.035681 s
currentSize : 26 <-- 6.735170 s
currentSize : 27 <-- 16.779840 s

maxsize : 27
nodes : 6707045.000000
filtered : 304985259.000000
time : 404.045319
