Parameters: GAD=1 vflib=1 dir=0 label=0 lowerbound=1 fileNameGp=../graphsdb/mcs70/bvg/b03m/mcs70_b03m_s35.A58 fileNameGt=../graphsdb/mcs70/bvg/b03m/mcs70_b03m_s35.B58
Reading graphs...
35 :  52
35 :  52
Initializing...
maxdom : 35
D->valSize : 1225
Solving...
currentSize : 17 <-- 0.021027 s
currentSize : 18 <-- 0.021138 s
currentSize : 19 <-- 0.021506 s
currentSize : 20 <-- 0.022119 s
currentSize : 21 <-- 2.811509 s
currentSize : 22 <-- 7.969153 s
currentSize : 23 <-- 24.165724 s
currentSize : 24 <-- 143.328491 s
currentSize : 25 <-- 307.759186 s
currentSize : 26 <-- 476.396118 s
currentSize : 27 <-- 596.694702 s

maxsize : 27
nodes : 26032752.000000
filtered : 675131647.000000
time : 664.200134
