Parameters: GAD=1 vflib=1 dir=0 label=0 lowerbound=1 fileNameGp=../graphsdb/mcs70/m2D/m2D/mcs70_m2D_s35.A69 fileNameGt=../graphsdb/mcs70/m2D/m2D/mcs70_m2D_s35.B69
Reading graphs...
35 :  58
35 :  57
Initializing...
maxdom : 35
D->valSize : 1225
Solving...
currentSize : 20 <-- 0.036063 s
currentSize : 21 <-- 0.036090 s
currentSize : 22 <-- 0.037249 s
currentSize : 23 <-- 0.058726 s
currentSize : 24 <-- 0.068433 s
currentSize : 25 <-- 62.607964 s
currentSize : 26 <-- 96.481873 s
currentSize : 27 <-- 124.754799 s

maxsize : 27
nodes : 7876004.000000
filtered : 311020828.000000
time : 267.061493
