Parameters: GAD=1 vflib=1 dir=0 label=0 lowerbound=1 fileNameGp=../graphsdb/mcs70/m2D/m2Dr6/m2Dr6/mcs70_m2Dr6_s35.A91 fileNameGt=../graphsdb/mcs70/m2D/m2Dr6/m2Dr6/mcs70_m2Dr6_s35.B91
Reading graphs...
35 :  77
35 :  77
Initializing...
maxdom : 35
D->valSize : 1225
Solving...
currentSize : 16 <-- 0.034810 s
currentSize : 17 <-- 0.034905 s
currentSize : 18 <-- 0.144486 s
currentSize : 19 <-- 0.385852 s
currentSize : 20 <-- 0.501983 s
currentSize : 21 <-- 0.865515 s
currentSize : 22 <-- 20.398544 s
currentSize : 23 <-- 21.150803 s
currentSize : 24 <-- 119.965805 s
currentSize : 25 <-- 374.979370 s
currentSize : 26 <-- 375.052795 s

maxsize : 26
nodes : 29359584.000000
filtered : 985728849.000000
time : 410.724213
