Parameters: GAD=1 vflib=1 dir=0 label=0 lowerbound=1 fileNameGp=../graphsdb/mcs70/bvg/b09/mcs70_b09_s35.A38 fileNameGt=../graphsdb/mcs70/bvg/b09/mcs70_b09_s35.B38
Reading graphs...
35 :  154
35 :  154
Initializing...
maxdom : 35
D->valSize : 1225
Solving...
currentSize : 15 <-- 0.017772 s
currentSize : 16 <-- 0.070621 s
currentSize : 17 <-- 0.090516 s
currentSize : 18 <-- 0.318995 s
currentSize : 19 <-- 2.081892 s
currentSize : 21 <-- 2.081943 s
currentSize : 22 <-- 2.519388 s
currentSize : 24 <-- 2.519480 s
currentSize : 25 <-- 3.144209 s

maxsize : 25
nodes : 1814552.000000
filtered : 81748533.000000
time : 18.922712
