Parameters: GAD=1 vflib=1 dir=0 label=0 lowerbound=1 fileNameGp=../graphsdb/mcs70/bvg/b03/mcs70_b03_s35.A09 fileNameGt=../graphsdb/mcs70/bvg/b03/mcs70_b03_s35.B09
Reading graphs...
35 :  52
35 :  51
Initializing...
maxdom : 35
D->valSize : 1225
Solving...
currentSize : 23 <-- 0.036524 s
currentSize : 24 <-- 0.036552 s
currentSize : 25 <-- 0.037290 s
currentSize : 26 <-- 0.241024 s
currentSize : 27 <-- 15.456225 s
currentSize : 28 <-- 98.726616 s

maxsize : 28
nodes : 2829044.000000
filtered : 131823527.000000
time : 157.416641
