Parameters: GAD=1 vflib=1 dir=0 label=0 lowerbound=1 fileNameGp=../graphsdb/mcs70/bvg/b06/mcs70_b06_s30.A01 fileNameGt=../graphsdb/mcs70/bvg/b06/mcs70_b06_s30.B01
Reading graphs...
30 :  90
30 :  90
Initializing...
maxdom : 30
D->valSize : 900
Solving...
currentSize : 15 <-- 0.017494 s
currentSize : 16 <-- 0.017544 s
currentSize : 19 <-- 0.017703 s
currentSize : 20 <-- 0.123659 s
currentSize : 21 <-- 0.391280 s
currentSize : 22 <-- 0.478693 s

maxsize : 22
nodes : 485337.000000
filtered : 18906798.000000
time : 7.161189
