Parameters: GAD=1 vflib=1 dir=0 label=0 lowerbound=1 fileNameGp=../graphsdb/mcs70/bvg/b06/mcs70_b06_s35.A65 fileNameGt=../graphsdb/mcs70/bvg/b06/mcs70_b06_s35.B65
Reading graphs...
35 :  105
35 :  104
Initializing...
maxdom : 35
D->valSize : 1225
Solving...
currentSize : 15 <-- 0.034072 s
currentSize : 17 <-- 0.034301 s
currentSize : 18 <-- 0.121465 s
currentSize : 19 <-- 0.152441 s
currentSize : 20 <-- 0.224888 s
currentSize : 21 <-- 0.229208 s
currentSize : 22 <-- 0.237983 s
currentSize : 23 <-- 0.466268 s
currentSize : 24 <-- 1.305257 s
currentSize : 25 <-- 1.395118 s

maxsize : 25
nodes : 5704273.000000
filtered : 284179474.000000
time : 118.534370
