Parameters: GAD=1 vflib=1 dir=0 label=0 lowerbound=1 fileNameGp=../graphsdb/mcs70/rand/r02/mcs70_r02_s35.A46 fileNameGt=../graphsdb/mcs70/rand/r02/mcs70_r02_s35.B46
Reading graphs...
35 :  209
35 :  213
Initializing...
maxdom : 35
D->valSize : 1225
Solving...
currentSize : 10 <-- 0.022623 s
currentSize : 11 <-- 0.022663 s
currentSize : 12 <-- 0.022930 s
currentSize : 13 <-- 0.024390 s
currentSize : 14 <-- 0.217524 s
currentSize : 15 <-- 10.647529 s
currentSize : 18 <-- 19.318865 s
currentSize : 20 <-- 246.120331 s
currentSize : 24 <-- 246.417862 s

maxsize : 24
nodes : 45867713.000000
filtered : 901782430.000000
time : 266.275574
