Parameters: GAD=1 vflib=1 dir=0 label=0 lowerbound=1 fileNameGp=../graphsdb/mcs70/m3D/m3Dr2/mcs70_m3Dr2_s35.A24 fileNameGt=../graphsdb/mcs70/m3D/m3Dr2/mcs70_m3Dr2_s35.B24
Reading graphs...
35 :  79
35 :  79
Initializing...
maxdom : 35
D->valSize : 1225
Solving...
currentSize : 18 <-- 0.020902 s
currentSize : 19 <-- 0.021044 s
currentSize : 20 <-- 0.023228 s
currentSize : 21 <-- 0.024536 s
currentSize : 22 <-- 0.025063 s
currentSize : 23 <-- 0.060475 s
currentSize : 24 <-- 130.016449 s
currentSize : 26 <-- 215.317444 s
currentSize : 27 <-- 215.317886 s

maxsize : 27
nodes : 18309655.000000
filtered : 639823759.000000
time : 253.902618
