Parameters: GAD=1 vflib=1 dir=0 label=0 lowerbound=1 fileNameGp=../graphsdb/mcs70/rand/r01/mcs70_r01_s20.A52 fileNameGt=../graphsdb/mcs70/rand/r01/mcs70_r01_s20.B52
Reading graphs...
20 :  34
20 :  34
Initializing...
maxdom : 20
D->valSize : 400
Solving...
currentSize : 8 <-- 0.003747 s
currentSize : 9 <-- 0.003783 s
currentSize : 10 <-- 0.003801 s
currentSize : 11 <-- 0.003862 s
currentSize : 12 <-- 0.005225 s
currentSize : 13 <-- 0.006054 s
currentSize : 14 <-- 0.210291 s

maxsize : 14
nodes : 90588.000000
filtered : 1675711.000000
time : 0.877108
