Parameters: GAD=1 vflib=1 dir=0 label=0 lowerbound=1 fileNameGp=../graphsdb/mcs70/m2D/m2Dr6/m2Dr6/mcs70_m2Dr6_s35.A30 fileNameGt=../graphsdb/mcs70/m2D/m2Dr6/m2Dr6/mcs70_m2Dr6_s35.B30
Reading graphs...
35 :  78
35 :  78
Initializing...
maxdom : 35
D->valSize : 1225
Solving...
currentSize : 15 <-- 0.035367 s
currentSize : 16 <-- 0.036094 s
currentSize : 17 <-- 0.036163 s
currentSize : 18 <-- 0.066273 s
currentSize : 19 <-- 0.079113 s
currentSize : 20 <-- 0.470262 s
currentSize : 21 <-- 4.145398 s
currentSize : 22 <-- 50.542606 s
currentSize : 23 <-- 181.765305 s
currentSize : 25 <-- 535.415771 s

maxsize : 25
nodes : 49301302.000000
filtered : 1722789918.000000
time : 765.859070
