Parameters: GAD=1 vflib=1 dir=0 label=0 lowerbound=1 fileNameGp=../graphsdb/mcs70/bvg/b03m/mcs70_b03m_s25.A31 fileNameGt=../graphsdb/mcs70/bvg/b03m/mcs70_b03m_s25.B31
Reading graphs...
25 :  35
25 :  35
Initializing...
maxdom : 25
D->valSize : 625
Solving...
currentSize : 12 <-- 0.009357 s
currentSize : 15 <-- 0.009576 s
currentSize : 16 <-- 0.022924 s
currentSize : 17 <-- 0.254473 s
currentSize : 18 <-- 0.539052 s
currentSize : 19 <-- 2.169201 s
currentSize : 20 <-- 2.215647 s

maxsize : 20
nodes : 172469.000000
filtered : 3669348.000000
time : 3.507886
