Parameters: GAD=1 vflib=1 dir=0 label=0 lowerbound=1 fileNameGp=../graphsdb/mcs70/rand/r005/mcs70_r005_s30.A88 fileNameGt=../graphsdb/mcs70/rand/r005/mcs70_r005_s30.B88
Reading graphs...
30 :  42
30 :  42
Initializing...
maxdom : 30
D->valSize : 900
Solving...
currentSize : 13 <-- 0.011257 s
currentSize : 15 <-- 0.027386 s
currentSize : 16 <-- 0.102787 s
currentSize : 17 <-- 0.118187 s
currentSize : 18 <-- 0.548086 s
currentSize : 19 <-- 2.717792 s
currentSize : 20 <-- 3.205414 s
currentSize : 21 <-- 57.394161 s
currentSize : 22 <-- 62.538048 s

maxsize : 22
nodes : 6542640.000000
filtered : 123190849.000000
time : 132.740967
