Parameters: GAD=1 vflib=1 dir=0 label=0 lowerbound=1 fileNameGp=../graphsdb/mcs70/bvg/b06m/mcs70_b06m_s30.A06 fileNameGt=../graphsdb/mcs70/bvg/b06m/mcs70_b06m_s30.B06
Reading graphs...
30 :  89
30 :  88
Initializing...
maxdom : 30
D->valSize : 900
Solving...
currentSize : 11 <-- 0.010194 s
currentSize : 12 <-- 0.010264 s
currentSize : 14 <-- 0.010353 s
currentSize : 15 <-- 0.010370 s
currentSize : 16 <-- 0.428125 s
currentSize : 17 <-- 7.313180 s
currentSize : 18 <-- 37.496552 s
currentSize : 19 <-- 37.496616 s
currentSize : 21 <-- 40.680763 s

maxsize : 21
nodes : 5227859.000000
filtered : 134314181.000000
time : 46.823269
