Parameters: GAD=1 vflib=1 dir=0 label=0 lowerbound=1 fileNameGp=../graphsdb/mcs70/m3D/m3Dr4/mcs70_m3Dr4_s35.A81 fileNameGt=../graphsdb/mcs70/m3D/m3Dr4/mcs70_m3Dr4_s35.B81
Reading graphs...
35 :  85
35 :  83
Initializing...
maxdom : 35
D->valSize : 1225
Solving...
currentSize : 12 <-- 0.020353 s
currentSize : 18 <-- 0.020416 s
currentSize : 19 <-- 0.021666 s
currentSize : 20 <-- 0.049716 s
currentSize : 21 <-- 0.299047 s
currentSize : 22 <-- 7.288247 s
currentSize : 23 <-- 355.296936 s
currentSize : 24 <-- 581.916687 s
currentSize : 27 <-- 655.881104 s

maxsize : 27
nodes : 48703485.000000
filtered : 1683622458.000000
time : 670.378662
