Parameters: GAD=1 vflib=1 dir=0 label=0 lowerbound=1 fileNameGp=../graphsdb/mcs70/bvg/b06/mcs70_b06_s25.A05 fileNameGt=../graphsdb/mcs70/bvg/b06/mcs70_b06_s25.B05
Reading graphs...
25 :  75
25 :  74
Initializing...
maxdom : 25
D->valSize : 625
Solving...
currentSize : 12 <-- 0.008342 s
currentSize : 13 <-- 0.008923 s
currentSize : 14 <-- 0.009751 s
currentSize : 15 <-- 0.014393 s
currentSize : 16 <-- 0.070850 s
currentSize : 17 <-- 0.074416 s
currentSize : 18 <-- 0.208257 s

maxsize : 18
nodes : 105254.000000
filtered : 3138910.000000
time : 1.077251
