Parameters: GAD=1 vflib=1 dir=0 label=0 lowerbound=1 fileNameGp=../graphsdb/mcs70/bvg/b06/mcs70_b06_s35.A73 fileNameGt=../graphsdb/mcs70/bvg/b06/mcs70_b06_s35.B73
Reading graphs...
35 :  104
35 :  104
Initializing...
maxdom : 35
D->valSize : 1225
Solving...
currentSize : 15 <-- 0.023739 s
currentSize : 16 <-- 0.023785 s
currentSize : 17 <-- 0.186838 s
currentSize : 18 <-- 0.241385 s
currentSize : 19 <-- 2.830038 s
currentSize : 20 <-- 13.855074 s
currentSize : 21 <-- 28.123032 s
currentSize : 23 <-- 71.361984 s
currentSize : 24 <-- 71.362099 s
currentSize : 25 <-- 159.729111 s
currentSize : 26 <-- 163.912125 s

maxsize : 26
nodes : 11178182.000000
filtered : 453267827.000000
time : 198.686584
