Parameters: GAD=1 vflib=1 dir=0 label=0 lowerbound=1 fileNameGp=../graphsdb/mcs70/bvg/b06m/mcs70_b06m_s20.A29 fileNameGt=../graphsdb/mcs70/bvg/b06m/mcs70_b06m_s20.B29
Reading graphs...
20 :  59
20 :  59
Initializing...
maxdom : 20
D->valSize : 400
Solving...
currentSize : 7 <-- 0.001955 s
currentSize : 8 <-- 0.001988 s
currentSize : 9 <-- 0.002292 s
currentSize : 10 <-- 0.002443 s
currentSize : 11 <-- 0.004907 s
currentSize : 12 <-- 0.015446 s
currentSize : 14 <-- 0.069563 s

maxsize : 14
nodes : 32644.000000
filtered : 652714.000000
time : 0.194542
