Parameters: GAD=1 vflib=1 dir=0 label=0 lowerbound=1 fileNameGp=../graphsdb/mcs70/m2D/m2D/mcs70_m2D_s35.A43 fileNameGt=../graphsdb/mcs70/m2D/m2D/mcs70_m2D_s35.B43
Reading graphs...
35 :  58
35 :  58
Initializing...
maxdom : 35
D->valSize : 1225
Solving...
currentSize : 17 <-- 0.020828 s
currentSize : 18 <-- 0.021935 s
currentSize : 19 <-- 0.039846 s
currentSize : 20 <-- 0.046771 s
currentSize : 21 <-- 0.612581 s
currentSize : 22 <-- 1.205253 s
currentSize : 23 <-- 3.749557 s
currentSize : 24 <-- 4.309843 s
currentSize : 25 <-- 186.573456 s
currentSize : 26 <-- 872.896912 s

maxsize : 26
nodes : 43309746.000000
filtered : 1690922420.000000
time : 1473.951416
