Parameters: GAD=1 vflib=1 dir=0 label=0 lowerbound=1 fileNameGp=../graphsdb/mcs70/bvg/b09/mcs70_b09_s25.A15 fileNameGt=../graphsdb/mcs70/bvg/b09/mcs70_b09_s25.B15
Reading graphs...
25 :  110
25 :  108
Initializing...
maxdom : 25
D->valSize : 625
Solving...
currentSize : 8 <-- 0.004488 s
currentSize : 12 <-- 0.004538 s
currentSize : 13 <-- 0.016908 s
currentSize : 15 <-- 0.039716 s
currentSize : 16 <-- 0.039820 s
currentSize : 17 <-- 0.046039 s
currentSize : 18 <-- 0.425260 s

maxsize : 18
nodes : 130041.000000
filtered : 3567492.000000
time : 0.789090
