Parameters: GAD=1 vflib=1 dir=0 label=0 lowerbound=1 fileNameGp=../graphsdb/mcs70/bvg/b03m/mcs70_b03m_s25.A10 fileNameGt=../graphsdb/mcs70/bvg/b03m/mcs70_b03m_s25.B10
Reading graphs...
25 :  37
25 :  37
Initializing...
maxdom : 25
D->valSize : 625
Solving...
currentSize : 10 <-- 0.009348 s
currentSize : 13 <-- 0.009623 s
currentSize : 14 <-- 0.013509 s
currentSize : 15 <-- 0.015577 s
currentSize : 16 <-- 0.113046 s
currentSize : 17 <-- 0.413546 s
currentSize : 18 <-- 1.592836 s

maxsize : 18
nodes : 407551.000000
filtered : 7767094.000000
time : 4.775106
