Parameters: GAD=1 vflib=1 dir=0 label=0 lowerbound=1 fileNameGp=../graphsdb/mcs70/bvg/b09/mcs70_b09_s25.A08 fileNameGt=../graphsdb/mcs70/bvg/b09/mcs70_b09_s25.B08
Reading graphs...
25 :  111
25 :  109
Initializing...
maxdom : 25
D->valSize : 625
Solving...
currentSize : 9 <-- 0.004503 s
currentSize : 10 <-- 0.004718 s
currentSize : 11 <-- 0.004999 s
currentSize : 13 <-- 0.006193 s
currentSize : 15 <-- 0.011971 s
currentSize : 16 <-- 1.451056 s

maxsize : 16
nodes : 511563.000000
filtered : 11771174.000000
time : 2.766052
