Parameters: GAD=1 vflib=1 dir=0 label=0 lowerbound=1 fileNameGp=../graphsdb/mcs70/m4D/m4Dr2/mcs70_m4Dr2_s25.A24 fileNameGt=../graphsdb/mcs70/m4D/m4Dr2/mcs70_m4Dr2_s25.B24
Reading graphs...
25 :  52
25 :  51
Initializing...
maxdom : 25
D->valSize : 625
Solving...
currentSize : 12 <-- 0.005059 s
currentSize : 13 <-- 0.005632 s
currentSize : 14 <-- 0.045922 s
currentSize : 15 <-- 0.061436 s
currentSize : 16 <-- 0.114869 s
currentSize : 17 <-- 1.935497 s
currentSize : 18 <-- 3.237932 s

maxsize : 18
nodes : 278746.000000
filtered : 7394602.000000
time : 4.578447
