Parameters: GAD=1 vflib=1 dir=0 label=0 lowerbound=1 fileNameGp=../graphsdb/mcs70/bvg/b03m/mcs70_b03m_s35.A31 fileNameGt=../graphsdb/mcs70/bvg/b03m/mcs70_b03m_s35.B31
Reading graphs...
35 :  52
35 :  52
Initializing...
maxdom : 35
D->valSize : 1225
Solving...
currentSize : 16 <-- 0.036769 s
currentSize : 19 <-- 0.036809 s
currentSize : 20 <-- 0.056427 s
currentSize : 21 <-- 0.062629 s
currentSize : 22 <-- 0.120861 s
currentSize : 25 <-- 1.149551 s

maxsize : 25
nodes : 25245088.000000
filtered : 814217956.000000
time : 934.273193
