Parameters: GAD=1 vflib=1 dir=0 label=0 lowerbound=1 fileNameGp=../graphsdb/mcs70/rand/r02/mcs70_r02_s20.A92 fileNameGt=../graphsdb/mcs70/rand/r02/mcs70_r02_s20.B92
Reading graphs...
20 :  69
20 :  68
Initializing...
maxdom : 20
D->valSize : 400
Solving...
currentSize : 7 <-- 0.002084 s
currentSize : 9 <-- 0.002111 s
currentSize : 10 <-- 0.002492 s
currentSize : 11 <-- 0.008419 s
currentSize : 12 <-- 0.169675 s
currentSize : 13 <-- 0.408562 s
currentSize : 14 <-- 0.408602 s

maxsize : 14
nodes : 94304.000000
filtered : 1588474.000000
time : 0.446552
