Parameters: GAD=1 vflib=1 dir=0 label=0 lowerbound=1 fileNameGp=../graphsdb/mcs70/m4D/m4D/mcs70_m4D_s25.A33 fileNameGt=../graphsdb/mcs70/m4D/m4D/mcs70_m4D_s25.B33
Reading graphs...
25 :  47
25 :  47
Initializing...
maxdom : 25
D->valSize : 625
Solving...
currentSize : 7 <-- 0.009016 s
currentSize : 11 <-- 0.009081 s
currentSize : 12 <-- 0.009127 s
currentSize : 13 <-- 0.012075 s
currentSize : 14 <-- 0.018963 s
currentSize : 15 <-- 0.039199 s
currentSize : 16 <-- 0.042097 s
currentSize : 17 <-- 0.060464 s
currentSize : 18 <-- 0.060519 s
currentSize : 19 <-- 0.230133 s

maxsize : 19
nodes : 51328.000000
filtered : 1683726.000000
time : 1.331003
