Parameters: GAD=1 vflib=1 dir=0 label=0 lowerbound=1 fileNameGp=../graphsdb/mcs70/rand/r02/mcs70_r02_s30.A77 fileNameGt=../graphsdb/mcs70/rand/r02/mcs70_r02_s30.B77
Reading graphs...
30 :  153
30 :  150
Initializing...
maxdom : 30
D->valSize : 900
Solving...
currentSize : 9 <-- 0.009502 s
currentSize : 10 <-- 0.009581 s
currentSize : 11 <-- 0.009830 s
currentSize : 12 <-- 0.010198 s
currentSize : 13 <-- 0.014821 s
currentSize : 14 <-- 0.211575 s
currentSize : 15 <-- 0.812655 s
currentSize : 16 <-- 1.221316 s
currentSize : 21 <-- 4.207631 s

maxsize : 21
nodes : 1012406.000000
filtered : 27208694.000000
time : 6.769694
