Parameters: GAD=1 vflib=1 dir=0 label=0 lowerbound=1 fileNameGp=../graphsdb/mcs70/bvg/b09/mcs70_b09_s35.A09 fileNameGt=../graphsdb/mcs70/bvg/b09/mcs70_b09_s35.B09
Reading graphs...
35 :  155
35 :  154
Initializing...
maxdom : 35
D->valSize : 1225
Solving...
currentSize : 12 <-- 0.018038 s
currentSize : 13 <-- 0.019497 s
currentSize : 14 <-- 0.019873 s
currentSize : 15 <-- 0.048146 s
currentSize : 16 <-- 0.048676 s
currentSize : 18 <-- 1.301997 s
currentSize : 20 <-- 1.421803 s
currentSize : 24 <-- 2.072906 s
currentSize : 25 <-- 7.571317 s

maxsize : 25
nodes : 2484719.000000
filtered : 101352086.000000
time : 23.909874
