Parameters: GAD=1 vflib=1 dir=0 label=0 lowerbound=1 fileNameGp=../graphsdb/mcs70/m3D/m3Dr6/mcs70_m3Dr6_s35.A81 fileNameGt=../graphsdb/mcs70/m3D/m3Dr6/mcs70_m3Dr6_s35.B81
Reading graphs...
35 :  91
35 :  91
Initializing...
maxdom : 35
D->valSize : 1225
Solving...
currentSize : 14 <-- 0.024021 s
currentSize : 17 <-- 0.024064 s
currentSize : 18 <-- 0.024092 s
currentSize : 19 <-- 0.044397 s
currentSize : 20 <-- 0.237504 s
currentSize : 21 <-- 0.316720 s
currentSize : 22 <-- 139.967621 s
currentSize : 23 <-- 342.635010 s
currentSize : 25 <-- 345.391937 s
currentSize : 27 <-- 345.395111 s

maxsize : 27
nodes : 30684100.000000
filtered : 915741427.000000
time : 365.124359
