Parameters: GAD=1 vflib=1 dir=0 label=0 lowerbound=1 fileNameGp=../graphsdb/mcs70/bvg/b03m/mcs70_b03m_s15.A76 fileNameGt=../graphsdb/mcs70/bvg/b03m/mcs70_b03m_s15.B76
Reading graphs...
15 :  20
15 :  20
Initializing...
maxdom : 15
D->valSize : 225
Solving...
currentSize : 6 <-- 0.000890 s
currentSize : 8 <-- 0.000920 s
currentSize : 9 <-- 0.001139 s
currentSize : 10 <-- 0.001170 s
currentSize : 11 <-- 0.001187 s
currentSize : 12 <-- 0.002478 s

maxsize : 12
nodes : 729.000000
filtered : 13402.000000
time : 0.006494
