Parameters: GAD=1 vflib=1 dir=0 label=0 lowerbound=1 fileNameGp=../graphsdb/mcs70/bvg/b06m/mcs70_b06m_s20.A02 fileNameGt=../graphsdb/mcs70/bvg/b06m/mcs70_b06m_s20.B02
Reading graphs...
20 :  57
20 :  57
Initializing...
maxdom : 20
D->valSize : 400
Solving...
currentSize : 7 <-- 0.003524 s
currentSize : 9 <-- 0.003567 s
currentSize : 10 <-- 0.003821 s
currentSize : 11 <-- 0.004097 s
currentSize : 12 <-- 0.015829 s
currentSize : 14 <-- 0.255587 s

maxsize : 14
nodes : 61541.000000
filtered : 1091612.000000
time : 0.455944
