Parameters: GAD=1 vflib=1 dir=0 label=0 lowerbound=1 fileNameGp=../graphsdb/mcs70/m4D/m4Dr2/mcs70_m4Dr2_s25.A70 fileNameGt=../graphsdb/mcs70/m4D/m4Dr2/mcs70_m4Dr2_s25.B70
Reading graphs...
25 :  52
25 :  50
Initializing...
maxdom : 25
D->valSize : 625
Solving...
currentSize : 9 <-- 0.008927 s
currentSize : 10 <-- 0.008996 s
currentSize : 11 <-- 0.009004 s
currentSize : 12 <-- 0.009125 s
currentSize : 13 <-- 0.009551 s
currentSize : 14 <-- 0.011141 s
currentSize : 15 <-- 0.013292 s
currentSize : 16 <-- 0.242782 s
currentSize : 17 <-- 0.548637 s

maxsize : 17
nodes : 345378.000000
filtered : 9271285.000000
time : 5.994457
