Parameters: GAD=1 vflib=1 dir=0 label=0 lowerbound=1 fileNameGp=../graphsdb/mcs70/bvg/b03/mcs70_b03_s15.A49 fileNameGt=../graphsdb/mcs70/bvg/b03/mcs70_b03_s15.B49
Reading graphs...
15 :  22
15 :  22
Initializing...
maxdom : 15
D->valSize : 225
Solving...
currentSize : 7 <-- 0.000938 s
currentSize : 8 <-- 0.000962 s
currentSize : 9 <-- 0.000977 s
currentSize : 10 <-- 0.000998 s
currentSize : 11 <-- 0.001059 s
currentSize : 12 <-- 0.005542 s
currentSize : 13 <-- 0.005710 s

maxsize : 13
nodes : 1319.000000
filtered : 19803.000000
time : 0.008808
