Parameters: GAD=1 vflib=1 dir=0 label=0 lowerbound=1 fileNameGp=../graphsdb/mcs70/m4D/m4Dr4/mcs70_m4Dr4_s25.A00 fileNameGt=../graphsdb/mcs70/m4D/m4Dr4/mcs70_m4Dr4_s25.B00
Reading graphs...
25 :  57
25 :  57
Initializing...
maxdom : 25
D->valSize : 625
Solving...
currentSize : 13 <-- 0.008782 s
currentSize : 14 <-- 0.011304 s
currentSize : 15 <-- 0.084671 s
currentSize : 16 <-- 0.212983 s
currentSize : 17 <-- 1.129406 s
currentSize : 18 <-- 3.020808 s

maxsize : 18
nodes : 356603.000000
filtered : 9097846.000000
time : 3.668856
