Parameters: GAD=1 vflib=1 dir=0 label=0 lowerbound=1 fileNameGp=../graphsdb/mcs70/rand/r02/mcs70_r02_s25.A07 fileNameGt=../graphsdb/mcs70/rand/r02/mcs70_r02_s25.B07
Reading graphs...
25 :  110
25 :  110
Initializing...
maxdom : 25
D->valSize : 625
Solving...
currentSize : 10 <-- 0.004479 s
currentSize : 11 <-- 0.005815 s
currentSize : 12 <-- 0.028870 s
currentSize : 13 <-- 0.872328 s
currentSize : 14 <-- 8.450208 s
currentSize : 16 <-- 9.334253 s
currentSize : 17 <-- 9.606225 s

maxsize : 17
nodes : 2297756.000000
filtered : 32680970.000000
time : 10.145214
