Parameters: GAD=1 vflib=1 dir=0 label=0 lowerbound=1 fileNameGp=../graphsdb/mcs70/bvg/b06m/mcs70_b06m_s30.A37 fileNameGt=../graphsdb/mcs70/bvg/b06m/mcs70_b06m_s30.B37
Reading graphs...
30 :  89
30 :  88
Initializing...
maxdom : 30
D->valSize : 900
Solving...
currentSize : 12 <-- 0.017530 s
currentSize : 13 <-- 0.018379 s
currentSize : 14 <-- 0.018396 s
currentSize : 15 <-- 0.036969 s
currentSize : 16 <-- 0.107432 s
currentSize : 17 <-- 4.428807 s
currentSize : 18 <-- 29.156591 s
currentSize : 19 <-- 29.670952 s
currentSize : 20 <-- 29.683138 s
currentSize : 21 <-- 29.684397 s
currentSize : 22 <-- 29.684464 s

maxsize : 22
nodes : 4017708.000000
filtered : 98459546.000000
time : 34.583534
