Parameters: GAD=1 vflib=1 dir=0 label=0 lowerbound=1 fileNameGp=../graphsdb/mcs70/m4D/m4D/mcs70_m4D_s25.A18 fileNameGt=../graphsdb/mcs70/m4D/m4D/mcs70_m4D_s25.B18
Reading graphs...
25 :  47
25 :  47
Initializing...
maxdom : 25
D->valSize : 625
Solving...
currentSize : 8 <-- 0.005255 s
currentSize : 9 <-- 0.005315 s
currentSize : 10 <-- 0.005523 s
currentSize : 11 <-- 0.005801 s
currentSize : 12 <-- 0.007912 s
currentSize : 13 <-- 0.063178 s
currentSize : 14 <-- 0.063241 s
currentSize : 15 <-- 0.063349 s
currentSize : 16 <-- 0.199470 s
currentSize : 17 <-- 0.217403 s
currentSize : 18 <-- 0.312575 s
currentSize : 19 <-- 0.502052 s

maxsize : 19
nodes : 84239.000000
filtered : 2132486.000000
time : 1.802370
