Parameters: GAD=1 vflib=1 dir=0 label=0 lowerbound=1 fileNameGp=../graphsdb/mcs70/bvg/b06/mcs70_b06_s25.A62 fileNameGt=../graphsdb/mcs70/bvg/b06/mcs70_b06_s25.B62
Reading graphs...
25 :  75
25 :  74
Initializing...
maxdom : 25
D->valSize : 625
Solving...
currentSize : 11 <-- 0.004776 s
currentSize : 12 <-- 0.004912 s
currentSize : 13 <-- 0.004973 s
currentSize : 14 <-- 0.006064 s
currentSize : 15 <-- 0.007746 s
currentSize : 17 <-- 0.010891 s
currentSize : 18 <-- 0.156282 s

maxsize : 18
nodes : 121278.000000
filtered : 3651352.000000
time : 1.348446
