Parameters: GAD=1 vflib=1 dir=0 label=0 lowerbound=1 fileNameGp=../graphsdb/mcs70/bvg/b06/mcs70_b06_s25.A65 fileNameGt=../graphsdb/mcs70/bvg/b06/mcs70_b06_s25.B65
Reading graphs...
25 :  73
25 :  75
Initializing...
maxdom : 25
D->valSize : 625
Solving...
currentSize : 12 <-- 0.008338 s
currentSize : 13 <-- 0.008424 s
currentSize : 14 <-- 0.008782 s
currentSize : 15 <-- 0.084037 s
currentSize : 16 <-- 0.084058 s
currentSize : 17 <-- 0.085302 s
currentSize : 19 <-- 0.172898 s

maxsize : 19
nodes : 59717.000000
filtered : 1890650.000000
time : 0.617832
