Parameters: GAD=1 vflib=1 dir=0 label=0 lowerbound=1 fileNameGp=../graphsdb/mcs70/rand/r01/mcs70_r01_s35.A43 fileNameGt=../graphsdb/mcs70/rand/r01/mcs70_r01_s35.B43
Reading graphs...
35 :  113
35 :  114
Initializing...
maxdom : 35
D->valSize : 1225
Solving...
currentSize : 16 <-- 0.018910 s
currentSize : 17 <-- 0.021737 s
currentSize : 18 <-- 0.261204 s
currentSize : 19 <-- 1.318502 s
currentSize : 20 <-- 169.232086 s
currentSize : 21 <-- 212.392654 s
currentSize : 22 <-- 212.760086 s
currentSize : 24 <-- 372.832794 s

maxsize : 24
nodes : 40174206.000000
filtered : 1312989363.000000
time : 418.356506
