Parameters: GAD=1 vflib=1 dir=0 label=0 lowerbound=1 fileNameGp=../graphsdb/mcs70/rand/r02/mcs70_r02_s35.A21 fileNameGt=../graphsdb/mcs70/rand/r02/mcs70_r02_s35.B21
Reading graphs...
35 :  213
35 :  221
Initializing...
maxdom : 35
D->valSize : 1225
Solving...
currentSize : 11 <-- 0.017030 s
currentSize : 12 <-- 0.017088 s
currentSize : 13 <-- 0.018120 s
currentSize : 14 <-- 0.055081 s
currentSize : 15 <-- 4.100207 s
currentSize : 16 <-- 220.213806 s
currentSize : 17 <-- 239.965668 s
currentSize : 18 <-- 243.491989 s
currentSize : 19 <-- 298.753235 s
currentSize : 20 <-- 342.718018 s
currentSize : 24 <-- 425.011810 s

maxsize : 24
nodes : 79529968.000000
filtered : 1416408821.000000
time : 440.143341
