Parameters: GAD=1 vflib=1 dir=0 label=0 lowerbound=1 fileNameGp=../graphsdb/mcs70/rand/r005/mcs70_r005_s35.A47 fileNameGt=../graphsdb/mcs70/rand/r005/mcs70_r005_s35.B47
Reading graphs...
35 :  57
35 :  58
Initializing...
maxdom : 35
D->valSize : 1225
Solving...
currentSize : 18 <-- 0.020611 s
currentSize : 19 <-- 0.167050 s
currentSize : 20 <-- 0.167163 s
currentSize : 21 <-- 14.823994 s
currentSize : 22 <-- 59.070766 s
currentSize : 23 <-- 67.514381 s
currentSize : 24 <-- 677.831787 s
currentSize : 25 <-- 2106.849121 s

maxsize : 25
nodes : 132881903.000000
filtered : 3744603317.000000
time : 3374.214111
