Parameters: GAD=1 vflib=1 dir=0 label=0 lowerbound=1 fileNameGp=../graphsdb/mcs70/rand/r02/mcs70_r02_s30.A69 fileNameGt=../graphsdb/mcs70/rand/r02/mcs70_r02_s30.B69
Reading graphs...
30 :  164
30 :  163
Initializing...
maxdom : 30
D->valSize : 900
Solving...
currentSize : 10 <-- 0.009359 s
currentSize : 11 <-- 0.009828 s
currentSize : 12 <-- 0.010947 s
currentSize : 13 <-- 0.027958 s
currentSize : 14 <-- 0.570551 s
currentSize : 15 <-- 7.653872 s
currentSize : 16 <-- 7.654044 s
currentSize : 20 <-- 27.621796 s
currentSize : 21 <-- 27.621937 s

maxsize : 21
nodes : 5987371.000000
filtered : 103143650.000000
time : 31.062763
