Parameters: GAD=1 vflib=1 dir=0 label=0 lowerbound=1 fileNameGp=../graphsdb/mcs70/bvg/b03m/mcs70_b03m_s35.A98 fileNameGt=../graphsdb/mcs70/bvg/b03m/mcs70_b03m_s35.B98
Reading graphs...
35 :  51
35 :  51
Initializing...
maxdom : 35
D->valSize : 1225
Solving...
currentSize : 10 <-- 0.021213 s
currentSize : 15 <-- 0.021276 s
currentSize : 16 <-- 0.021295 s
currentSize : 17 <-- 0.021573 s
currentSize : 18 <-- 0.021637 s
currentSize : 19 <-- 0.021856 s
currentSize : 20 <-- 0.027300 s
currentSize : 21 <-- 0.040486 s
currentSize : 22 <-- 0.895710 s
currentSize : 23 <-- 0.897290 s
currentSize : 24 <-- 24.820900 s
currentSize : 25 <-- 104.950363 s
currentSize : 26 <-- 147.325470 s

maxsize : 26
nodes : 16608237.000000
filtered : 580931557.000000
time : 603.207397
