Parameters: GAD=1 vflib=1 dir=0 label=0 lowerbound=1 fileNameGp=../graphsdb/mcs70/bvg/b06/mcs70_b06_s30.A97 fileNameGt=../graphsdb/mcs70/bvg/b06/mcs70_b06_s30.B97
Reading graphs...
30 :  90
30 :  90
Initializing...
maxdom : 30
D->valSize : 900
Solving...
currentSize : 14 <-- 0.014523 s
currentSize : 15 <-- 0.016137 s
currentSize : 16 <-- 0.018258 s
currentSize : 17 <-- 0.033363 s
currentSize : 18 <-- 0.053063 s
currentSize : 19 <-- 0.304534 s
currentSize : 20 <-- 0.511452 s
currentSize : 21 <-- 0.549218 s
currentSize : 22 <-- 0.563651 s

maxsize : 22
nodes : 504350.000000
filtered : 18061207.000000
time : 7.962577
