Parameters: GAD=1 vflib=1 dir=0 label=0 lowerbound=1 fileNameGp=../graphsdb/mcs70/bvg/b03m/mcs70_b03m_s30.A72 fileNameGt=../graphsdb/mcs70/bvg/b03m/mcs70_b03m_s30.B72
Reading graphs...
30 :  45
30 :  45
Initializing...
maxdom : 30
D->valSize : 900
Solving...
currentSize : 16 <-- 0.019597 s
currentSize : 17 <-- 0.019653 s
currentSize : 18 <-- 0.020345 s
currentSize : 19 <-- 0.035018 s
currentSize : 20 <-- 0.140121 s
currentSize : 21 <-- 1.025421 s
currentSize : 22 <-- 1.071614 s

maxsize : 22
nodes : 2519308.000000
filtered : 83066778.000000
time : 75.762917
