Parameters: GAD=1 vflib=1 dir=0 label=0 lowerbound=1 fileNameGp=../graphsdb/mcs70/bvg/b06m/mcs70_b06m_s35.A39 fileNameGt=../graphsdb/mcs70/bvg/b06m/mcs70_b06m_s35.B39
Reading graphs...
35 :  104
35 :  104
Initializing...
maxdom : 35
D->valSize : 1225
Solving...
currentSize : 14 <-- 0.033660 s
currentSize : 15 <-- 0.033733 s
currentSize : 16 <-- 0.033990 s
currentSize : 17 <-- 0.087358 s
currentSize : 18 <-- 0.181293 s
currentSize : 19 <-- 2.089945 s
currentSize : 20 <-- 3.830338 s
currentSize : 21 <-- 3.830704 s
currentSize : 22 <-- 18.374800 s
currentSize : 23 <-- 18.375132 s
currentSize : 24 <-- 203.768021 s

maxsize : 24
nodes : 16774783.000000
filtered : 744312888.000000
time : 237.667114
