Parameters: GAD=1 vflib=1 dir=0 label=0 lowerbound=1 fileNameGp=../graphsdb/mcs70/rand/r02/mcs70_r02_s25.A64 fileNameGt=../graphsdb/mcs70/rand/r02/mcs70_r02_s25.B64
Reading graphs...
25 :  106
25 :  107
Initializing...
maxdom : 25
D->valSize : 625
Solving...
currentSize : 9 <-- 0.007756 s
currentSize : 10 <-- 0.007816 s
currentSize : 11 <-- 0.009112 s
currentSize : 12 <-- 0.036531 s
currentSize : 13 <-- 1.262685 s
currentSize : 14 <-- 1.675799 s
currentSize : 17 <-- 4.435734 s

maxsize : 17
nodes : 1149449.000000
filtered : 18033378.000000
time : 5.627492
