Parameters: GAD=1 vflib=1 dir=0 label=0 lowerbound=1 fileNameGp=../graphsdb/mcs70/rand/r005/mcs70_r005_s30.A83 fileNameGt=../graphsdb/mcs70/rand/r005/mcs70_r005_s30.B83
Reading graphs...
30 :  42
30 :  42
Initializing...
maxdom : 30
D->valSize : 900
Solving...
currentSize : 17 <-- 0.011954 s
currentSize : 18 <-- 0.013811 s
currentSize : 19 <-- 29.893932 s
currentSize : 20 <-- 29.927343 s
currentSize : 21 <-- 32.853195 s
currentSize : 22 <-- 33.629971 s

maxsize : 22
nodes : 6476240.000000
filtered : 114406712.000000
time : 105.606216
