Parameters: GAD=1 vflib=1 dir=0 label=0 lowerbound=1 fileNameGp=../graphsdb/mcs70/bvg/b03/mcs70_b03_s35.A56 fileNameGt=../graphsdb/mcs70/bvg/b03/mcs70_b03_s35.B56
Reading graphs...
35 :  52
35 :  52
Initializing...
maxdom : 35
D->valSize : 1225
Solving...
currentSize : 14 <-- 0.021466 s
currentSize : 15 <-- 0.021970 s
currentSize : 17 <-- 0.023024 s
currentSize : 18 <-- 0.023068 s
currentSize : 19 <-- 0.023630 s
currentSize : 20 <-- 0.059415 s
currentSize : 21 <-- 0.087768 s
currentSize : 22 <-- 0.347474 s
currentSize : 23 <-- 0.347664 s
currentSize : 24 <-- 0.676999 s
currentSize : 25 <-- 10.307090 s
currentSize : 26 <-- 27.955547 s
currentSize : 27 <-- 27.963387 s
currentSize : 28 <-- 178.984009 s

maxsize : 28
nodes : 4293546.000000
filtered : 196079827.000000
time : 293.855530
