Parameters: GAD=1 vflib=1 dir=0 label=0 lowerbound=1 fileNameGp=../graphsdb/mcs70/bvg/b09m/mcs70_b09m_s25.A08 fileNameGt=../graphsdb/mcs70/bvg/b09m/mcs70_b09m_s25.B08
Reading graphs...
25 :  106
25 :  105
Initializing...
maxdom : 25
D->valSize : 625
Solving...
currentSize : 8 <-- 0.008769 s
currentSize : 9 <-- 0.009081 s
currentSize : 10 <-- 0.010005 s
currentSize : 11 <-- 0.013815 s
currentSize : 12 <-- 0.015196 s
currentSize : 13 <-- 0.295645 s
currentSize : 17 <-- 0.518659 s

maxsize : 17
nodes : 217173.000000
filtered : 5019999.000000
time : 1.346546
