Parameters: GAD=1 vflib=1 dir=0 label=0 lowerbound=1 fileNameGp=../graphsdb/mcs70/m2D/m2D/mcs70_m2D_s25.A59 fileNameGt=../graphsdb/mcs70/m2D/m2D/mcs70_m2D_s25.B59
Reading graphs...
25 :  40
25 :  40
Initializing...
maxdom : 25
D->valSize : 625
Solving...
currentSize : 13 <-- 0.005244 s
currentSize : 14 <-- 0.005283 s
currentSize : 15 <-- 0.006290 s
currentSize : 16 <-- 0.008401 s
currentSize : 17 <-- 0.201824 s
currentSize : 18 <-- 0.236583 s
currentSize : 19 <-- 2.005049 s

maxsize : 19
nodes : 275376.000000
filtered : 7263752.000000
time : 3.999817
