Parameters: GAD=1 vflib=1 dir=0 label=0 lowerbound=1 fileNameGp=../graphsdb/mcs70/rand/r01/mcs70_r01_s35.A23 fileNameGt=../graphsdb/mcs70/rand/r01/mcs70_r01_s35.B23
Reading graphs...
35 :  113
35 :  112
Initializing...
maxdom : 35
D->valSize : 1225
Solving...
currentSize : 12 <-- 0.018958 s
currentSize : 14 <-- 0.018989 s
currentSize : 15 <-- 0.018998 s
currentSize : 16 <-- 0.021419 s
currentSize : 17 <-- 0.037028 s
currentSize : 18 <-- 0.455975 s
currentSize : 19 <-- 10.408543 s
currentSize : 20 <-- 36.281986 s
currentSize : 21 <-- 175.889236 s
currentSize : 24 <-- 176.758804 s

maxsize : 24
nodes : 21694514.000000
filtered : 743361756.000000
time : 269.617920
