Parameters: GAD=1 vflib=1 dir=0 label=0 lowerbound=1 fileNameGp=../graphsdb/mcs70/bvg/b06m/mcs70_b06m_s30.A57 fileNameGt=../graphsdb/mcs70/bvg/b06m/mcs70_b06m_s30.B57
Reading graphs...
30 :  89
30 :  90
Initializing...
maxdom : 30
D->valSize : 900
Solving...
currentSize : 12 <-- 0.017852 s
currentSize : 13 <-- 0.017885 s
currentSize : 14 <-- 0.017957 s
currentSize : 15 <-- 0.018030 s
currentSize : 16 <-- 0.433712 s
currentSize : 17 <-- 1.074952 s
currentSize : 18 <-- 16.825872 s
currentSize : 19 <-- 45.108318 s
currentSize : 21 <-- 45.137295 s

maxsize : 21
nodes : 5400956.000000
filtered : 147632613.000000
time : 54.981636
