Parameters: GAD=1 vflib=1 dir=0 label=0 lowerbound=1 fileNameGp=../graphsdb/mcs70/m3D/m3Dr4/mcs70_m3Dr4_s35.A55 fileNameGt=../graphsdb/mcs70/m3D/m3Dr4/mcs70_m3Dr4_s35.B55
Reading graphs...
35 :  85
35 :  82
Initializing...
maxdom : 35
D->valSize : 1225
Solving...
currentSize : 14 <-- 0.020074 s
currentSize : 16 <-- 0.020723 s
currentSize : 17 <-- 0.022011 s
currentSize : 18 <-- 0.060997 s
currentSize : 19 <-- 0.097696 s
currentSize : 20 <-- 0.201609 s
currentSize : 21 <-- 3.452077 s
currentSize : 22 <-- 101.005989 s
currentSize : 23 <-- 156.895187 s
currentSize : 24 <-- 221.896805 s
currentSize : 25 <-- 301.084412 s
currentSize : 28 <-- 310.494293 s

maxsize : 28
nodes : 20523401.000000
filtered : 703644670.000000
time : 314.680267
