Parameters: GAD=1 vflib=1 dir=0 label=0 lowerbound=1 fileNameGp=../graphsdb/mcs70/m3D/m3Dr4/mcs70_m3Dr4_s35.A50 fileNameGt=../graphsdb/mcs70/m3D/m3Dr4/mcs70_m3Dr4_s35.B50
Reading graphs...
35 :  86
35 :  84
Initializing...
maxdom : 35
D->valSize : 1225
Solving...
currentSize : 12 <-- 0.034418 s
currentSize : 14 <-- 0.034460 s
currentSize : 15 <-- 0.034521 s
currentSize : 16 <-- 0.035565 s
currentSize : 17 <-- 0.035892 s
currentSize : 18 <-- 0.060085 s
currentSize : 19 <-- 0.108870 s
currentSize : 20 <-- 0.241548 s
currentSize : 21 <-- 84.974426 s
currentSize : 22 <-- 457.672546 s
currentSize : 23 <-- 457.678223 s
currentSize : 24 <-- 457.679901 s
currentSize : 27 <-- 489.508545 s

maxsize : 27
nodes : 44579831.000000
filtered : 1232168746.000000
time : 510.220459
