Parameters: GAD=1 vflib=1 dir=0 label=0 lowerbound=1 fileNameGp=../graphsdb/mcs70/bvg/b03m/mcs70_b03m_s30.A37 fileNameGt=../graphsdb/mcs70/bvg/b03m/mcs70_b03m_s30.B37
Reading graphs...
30 :  44
30 :  44
Initializing...
maxdom : 30
D->valSize : 900
Solving...
currentSize : 16 <-- 0.011213 s
currentSize : 19 <-- 0.011251 s
currentSize : 20 <-- 0.011392 s
currentSize : 21 <-- 0.018742 s
currentSize : 22 <-- 5.849192 s
currentSize : 23 <-- 6.159750 s

maxsize : 23
nodes : 1274917.000000
filtered : 46252996.000000
time : 45.202904
