Parameters: GAD=1 vflib=1 dir=0 label=0 lowerbound=1 fileNameGp=../graphsdb/mcs70/bvg/b09/mcs70_b09_s30.A87 fileNameGt=../graphsdb/mcs70/bvg/b09/mcs70_b09_s30.B87
Reading graphs...
30 :  135
30 :  131
Initializing...
maxdom : 30
D->valSize : 900
Solving...
currentSize : 10 <-- 0.016567 s
currentSize : 11 <-- 0.018457 s
currentSize : 12 <-- 0.018560 s
currentSize : 13 <-- 0.018879 s
currentSize : 14 <-- 0.036607 s
currentSize : 15 <-- 0.229839 s
currentSize : 16 <-- 0.229875 s
currentSize : 19 <-- 0.240640 s
currentSize : 20 <-- 0.240745 s
currentSize : 21 <-- 0.603820 s

maxsize : 21
nodes : 651387.000000
filtered : 22813416.000000
time : 5.119811
