Parameters: GAD=1 vflib=1 dir=0 label=0 lowerbound=1 fileNameGp=../graphsdb/mcs70/rand/r005/mcs70_r005_s25.A25 fileNameGt=../graphsdb/mcs70/rand/r005/mcs70_r005_s25.B25
Reading graphs...
25 :  33
25 :  33
Initializing...
maxdom : 25
D->valSize : 625
Solving...
currentSize : 11 <-- 0.009391 s
currentSize : 12 <-- 0.010680 s
currentSize : 13 <-- 0.012206 s
currentSize : 15 <-- 0.012411 s
currentSize : 16 <-- 0.020847 s
currentSize : 17 <-- 1.669273 s
currentSize : 18 <-- 2.383606 s

maxsize : 18
nodes : 688183.000000
filtered : 11525731.000000
time : 8.000956
