Parameters: GAD=1 vflib=1 dir=0 label=0 lowerbound=1 fileNameGp=../graphsdb/mcs70/rand/r005/mcs70_r005_s20.A86 fileNameGt=../graphsdb/mcs70/rand/r005/mcs70_r005_s20.B86
Reading graphs...
20 :  22
20 :  23
Initializing...
maxdom : 20
D->valSize : 400
Solving...
currentSize : 10 <-- 0.002508 s
currentSize : 12 <-- 0.002609 s
currentSize : 14 <-- 0.002653 s
currentSize : 15 <-- 0.002676 s
currentSize : 16 <-- 0.003385 s
currentSize : 17 <-- 0.003416 s

maxsize : 17
nodes : 1131.000000
filtered : 42427.000000
time : 0.061381
