Parameters: GAD=1 vflib=1 dir=0 label=0 lowerbound=1 fileNameGp=../graphsdb/mcs70/bvg/b06m/mcs70_b06m_s25.A66 fileNameGt=../graphsdb/mcs70/bvg/b06m/mcs70_b06m_s25.B66
Reading graphs...
25 :  73
25 :  73
Initializing...
maxdom : 25
D->valSize : 625
Solving...
currentSize : 10 <-- 0.004726 s
currentSize : 11 <-- 0.004772 s
currentSize : 12 <-- 0.005884 s
currentSize : 13 <-- 0.008580 s
currentSize : 14 <-- 0.009903 s
currentSize : 15 <-- 0.035115 s
currentSize : 16 <-- 0.052641 s
currentSize : 17 <-- 0.054330 s

maxsize : 17
nodes : 194854.000000
filtered : 6029199.000000
time : 2.611742
