Parameters: GAD=1 vflib=1 dir=0 label=0 lowerbound=1 fileNameGp=../graphsdb/mcs70/rand/r02/mcs70_r02_s25.A28 fileNameGt=../graphsdb/mcs70/rand/r02/mcs70_r02_s25.B28
Reading graphs...
25 :  104
25 :  104
Initializing...
maxdom : 25
D->valSize : 625
Solving...
currentSize : 9 <-- 0.004868 s
currentSize : 10 <-- 0.004891 s
currentSize : 11 <-- 0.005061 s
currentSize : 12 <-- 0.005377 s
currentSize : 13 <-- 0.008656 s
currentSize : 14 <-- 9.533056 s
currentSize : 17 <-- 9.599989 s

maxsize : 17
nodes : 2257758.000000
filtered : 32229167.000000
time : 10.612766
