Parameters: GAD=1 vflib=1 dir=0 label=0 lowerbound=1 fileNameGp=../graphsdb/mcs70/bvg/b06m/mcs70_b06m_s30.A41 fileNameGt=../graphsdb/mcs70/bvg/b06m/mcs70_b06m_s30.B41
Reading graphs...
30 :  87
30 :  86
Initializing...
maxdom : 30
D->valSize : 900
Solving...
currentSize : 12 <-- 0.017871 s
currentSize : 13 <-- 0.018425 s
currentSize : 14 <-- 0.021447 s
currentSize : 15 <-- 0.022368 s
currentSize : 16 <-- 0.022488 s
currentSize : 17 <-- 0.796425 s
currentSize : 18 <-- 16.426386 s
currentSize : 19 <-- 61.490501 s
currentSize : 21 <-- 61.490532 s

maxsize : 21
nodes : 6173007.000000
filtered : 169506835.000000
time : 69.736542
