Parameters: GAD=1 vflib=1 dir=0 label=0 lowerbound=1 fileNameGp=../graphsdb/mcs70/m3D/m3D/mcs70_m3D_s35.A33 fileNameGt=../graphsdb/mcs70/m3D/m3D/mcs70_m3D_s35.B33
Reading graphs...
35 :  71
35 :  72
Initializing...
maxdom : 35
D->valSize : 1225
Solving...
currentSize : 18 <-- 0.036119 s
currentSize : 19 <-- 0.038105 s
currentSize : 20 <-- 0.111916 s
currentSize : 21 <-- 0.286780 s
currentSize : 22 <-- 0.289511 s
currentSize : 23 <-- 0.671252 s
currentSize : 24 <-- 1.251267 s
currentSize : 25 <-- 54.205143 s
currentSize : 26 <-- 84.873314 s
currentSize : 27 <-- 84.873940 s

maxsize : 27
nodes : 8985469.000000
filtered : 361916264.000000
time : 180.922043
