Parameters: GAD=1 vflib=1 dir=0 label=0 lowerbound=1 fileNameGp=../graphsdb/mcs70/rand/r005/mcs70_r005_s25.A84 fileNameGt=../graphsdb/mcs70/rand/r005/mcs70_r005_s25.B84
Reading graphs...
25 :  32
25 :  33
Initializing...
maxdom : 25
D->valSize : 625
Solving...
currentSize : 12 <-- 0.009349 s
currentSize : 13 <-- 0.009401 s
currentSize : 15 <-- 0.010304 s
currentSize : 16 <-- 0.010492 s
currentSize : 17 <-- 0.011444 s
currentSize : 18 <-- 0.496574 s
currentSize : 19 <-- 0.944584 s

maxsize : 19
nodes : 245884.000000
filtered : 4987170.000000
time : 3.489735
