Parameters: GAD=1 vflib=1 dir=0 label=0 lowerbound=1 fileNameGp=../graphsdb/mcs70/m2D/m2Dr6/m2Dr6/mcs70_m2Dr6_s25.A54 fileNameGt=../graphsdb/mcs70/m2D/m2Dr6/m2Dr6/mcs70_m2Dr6_s25.B54
Reading graphs...
25 :  52
25 :  52
Initializing...
maxdom : 25
D->valSize : 625
Solving...
currentSize : 12 <-- 0.005287 s
currentSize : 13 <-- 0.005577 s
currentSize : 14 <-- 0.005667 s
currentSize : 15 <-- 0.006001 s
currentSize : 16 <-- 0.009185 s
currentSize : 17 <-- 2.172579 s

maxsize : 17
nodes : 923296.000000
filtered : 22857571.000000
time : 9.126618
