Parameters: GAD=1 vflib=1 dir=0 label=0 lowerbound=1 fileNameGp=../graphsdb/mcs70/rand/r005/mcs70_r005_s35.A69 fileNameGt=../graphsdb/mcs70/rand/r005/mcs70_r005_s35.B69
Reading graphs...
35 :  58
35 :  57
Initializing...
maxdom : 35
D->valSize : 1225
Solving...
currentSize : 19 <-- 0.020871 s
currentSize : 20 <-- 0.022413 s
currentSize : 21 <-- 0.063842 s
currentSize : 22 <-- 0.831303 s
currentSize : 23 <-- 10.723774 s
currentSize : 24 <-- 10.725760 s
currentSize : 25 <-- 603.474548 s
currentSize : 26 <-- 603.478027 s

maxsize : 26
nodes : 28847461.000000
filtered : 918910578.000000
time : 769.212341
