Parameters: GAD=1 vflib=1 dir=0 label=0 lowerbound=1 fileNameGp=../graphsdb/mcs70/m2D/m2Dr2/mcs70_m2Dr2_s35.A09 fileNameGt=../graphsdb/mcs70/m2D/m2Dr2/mcs70_m2Dr2_s35.B09
Reading graphs...
35 :  64
35 :  65
Initializing...
maxdom : 35
D->valSize : 1225
Solving...
currentSize : 13 <-- 0.020399 s
currentSize : 14 <-- 0.020434 s
currentSize : 15 <-- 0.020466 s
currentSize : 16 <-- 0.020782 s
currentSize : 17 <-- 0.021258 s
currentSize : 18 <-- 0.022814 s
currentSize : 19 <-- 0.028265 s
currentSize : 20 <-- 0.077839 s
currentSize : 21 <-- 0.193333 s
currentSize : 22 <-- 23.941828 s
currentSize : 23 <-- 349.311188 s
currentSize : 24 <-- 508.365631 s
currentSize : 25 <-- 710.162537 s
currentSize : 26 <-- 710.163208 s
currentSize : 27 <-- 710.190674 s

maxsize : 27
nodes : 37007656.000000
filtered : 1110794033.000000
time : 806.180420
