Parameters: GAD=1 vflib=1 dir=0 label=0 lowerbound=1 fileNameGp=../graphsdb/mcs70/m2D/m2Dr6/m2Dr6/mcs70_m2Dr6_s25.A72 fileNameGt=../graphsdb/mcs70/m2D/m2Dr6/m2Dr6/mcs70_m2Dr6_s25.B72
Reading graphs...
25 :  54
25 :  53
Initializing...
maxdom : 25
D->valSize : 625
Solving...
currentSize : 11 <-- 0.008813 s
currentSize : 12 <-- 0.008840 s
currentSize : 14 <-- 0.009232 s
currentSize : 15 <-- 0.019673 s
currentSize : 16 <-- 0.033194 s
currentSize : 17 <-- 7.113379 s

maxsize : 17
nodes : 1037389.000000
filtered : 24587905.000000
time : 9.622589
