Parameters: GAD=1 vflib=1 dir=0 label=0 lowerbound=1 fileNameGp=../graphsdb/mcs70/rand/r02/mcs70_r02_s35.A77 fileNameGt=../graphsdb/mcs70/rand/r02/mcs70_r02_s35.B77
Reading graphs...
35 :  214
35 :  215
Initializing...
maxdom : 35
D->valSize : 1225
Solving...
currentSize : 12 <-- 0.029693 s
currentSize : 13 <-- 0.030175 s
currentSize : 14 <-- 0.050921 s
currentSize : 15 <-- 2.365250 s
currentSize : 16 <-- 88.725021 s
currentSize : 17 <-- 89.301163 s
currentSize : 18 <-- 230.596130 s
currentSize : 19 <-- 437.869263 s
currentSize : 20 <-- 467.296173 s
currentSize : 24 <-- 485.138519 s

maxsize : 24
nodes : 88610510.000000
filtered : 1724097375.000000
time : 503.224243
