Parameters: GAD=1 vflib=1 dir=0 label=0 lowerbound=1 fileNameGp=../graphsdb/mcs70/m2D/m2D/mcs70_m2D_s25.A87 fileNameGt=../graphsdb/mcs70/m2D/m2D/mcs70_m2D_s25.B87
Reading graphs...
25 :  40
25 :  40
Initializing...
maxdom : 25
D->valSize : 625
Solving...
currentSize : 8 <-- 0.009169 s
currentSize : 11 <-- 0.009198 s
currentSize : 12 <-- 0.009253 s
currentSize : 13 <-- 0.010729 s
currentSize : 14 <-- 0.016290 s
currentSize : 15 <-- 0.075729 s
currentSize : 16 <-- 0.370911 s
currentSize : 17 <-- 2.200159 s
currentSize : 18 <-- 4.403115 s

maxsize : 18
nodes : 890694.000000
filtered : 19442147.000000
time : 14.315942
