Parameters: GAD=1 vflib=1 dir=0 label=0 lowerbound=1 fileNameGp=../graphsdb/mcs70/bvg/b06/mcs70_b06_s30.A54 fileNameGt=../graphsdb/mcs70/bvg/b06/mcs70_b06_s30.B54
Reading graphs...
30 :  90
30 :  90
Initializing...
maxdom : 30
D->valSize : 900
Solving...
currentSize : 12 <-- 0.010283 s
currentSize : 13 <-- 0.010321 s
currentSize : 15 <-- 0.010543 s
currentSize : 16 <-- 0.011641 s
currentSize : 17 <-- 0.038747 s
currentSize : 18 <-- 0.244289 s
currentSize : 19 <-- 1.958992 s
currentSize : 20 <-- 2.125440 s
currentSize : 21 <-- 2.329905 s
currentSize : 22 <-- 4.586845 s

maxsize : 22
nodes : 874240.000000
filtered : 31593849.000000
time : 11.401888
