Parameters: GAD=1 vflib=1 dir=0 label=0 lowerbound=1 fileNameGp=../graphsdb/mcs70/m3D/m3Dr4/mcs70_m3Dr4_s35.A72 fileNameGt=../graphsdb/mcs70/m3D/m3Dr4/mcs70_m3Dr4_s35.B72
Reading graphs...
35 :  85
35 :  85
Initializing...
maxdom : 35
D->valSize : 1225
Solving...
currentSize : 15 <-- 0.034922 s
currentSize : 16 <-- 0.034964 s
currentSize : 17 <-- 0.036037 s
currentSize : 19 <-- 0.047377 s
currentSize : 20 <-- 0.224903 s
currentSize : 21 <-- 0.349017 s
currentSize : 22 <-- 628.315063 s
currentSize : 23 <-- 628.596497 s
currentSize : 24 <-- 793.166443 s
currentSize : 25 <-- 793.450806 s
currentSize : 26 <-- 809.641541 s
currentSize : 28 <-- 809.653015 s

maxsize : 28
nodes : 58828822.000000
filtered : 1742418005.000000
time : 815.833374
