Parameters: GAD=1 vflib=1 dir=0 label=0 lowerbound=1 fileNameGp=../graphsdb/mcs70/m2D/m2Dr2/mcs70_m2Dr2_s25.A26 fileNameGt=../graphsdb/mcs70/m2D/m2Dr2/mcs70_m2Dr2_s25.B26
Reading graphs...
25 :  45
25 :  44
Initializing...
maxdom : 25
D->valSize : 625
Solving...
currentSize : 10 <-- 0.005234 s
currentSize : 11 <-- 0.005256 s
currentSize : 12 <-- 0.005643 s
currentSize : 14 <-- 0.006393 s
currentSize : 15 <-- 0.080345 s
currentSize : 16 <-- 0.582205 s
currentSize : 17 <-- 1.571294 s
currentSize : 18 <-- 2.192580 s
currentSize : 19 <-- 2.529172 s

maxsize : 19
nodes : 386833.000000
filtered : 8129112.000000
time : 3.842592
