Parameters: GAD=1 vflib=1 dir=0 label=0 lowerbound=1 fileNameGp=../graphsdb/mcs70/bvg/b09m/mcs70_b09m_s35.A72 fileNameGt=../graphsdb/mcs70/bvg/b09m/mcs70_b09m_s35.B72
Reading graphs...
35 :  149
35 :  151
Initializing...
maxdom : 35
D->valSize : 1225
Solving...
currentSize : 13 <-- 0.018093 s
currentSize : 14 <-- 0.018162 s
currentSize : 15 <-- 0.018547 s
currentSize : 16 <-- 0.022741 s
currentSize : 17 <-- 1.061842 s
currentSize : 18 <-- 77.428909 s
currentSize : 24 <-- 82.293236 s

maxsize : 24
nodes : 13233483.000000
filtered : 356181383.000000
time : 110.268532
