Parameters: GAD=1 vflib=1 dir=0 label=0 lowerbound=1 fileNameGp=../graphsdb/mcs70/bvg/b09m/mcs70_b09m_s20.A89 fileNameGt=../graphsdb/mcs70/bvg/b09m/mcs70_b09m_s20.B89
Reading graphs...
20 :  81
20 :  79
Initializing...
maxdom : 20
D->valSize : 400
Solving...
currentSize : 7 <-- 0.002025 s
currentSize : 8 <-- 0.002200 s
currentSize : 9 <-- 0.003642 s
currentSize : 10 <-- 0.003684 s
currentSize : 11 <-- 0.045996 s
currentSize : 12 <-- 0.083590 s
currentSize : 14 <-- 0.083608 s

maxsize : 14
nodes : 41359.000000
filtered : 693383.000000
time : 0.185288
