Parameters: GAD=1 vflib=1 dir=0 label=0 lowerbound=1 fileNameGp=../graphsdb/mcs70/bvg/b09/mcs70_b09_s25.A02 fileNameGt=../graphsdb/mcs70/bvg/b09/mcs70_b09_s25.B02
Reading graphs...
25 :  110
25 :  111
Initializing...
maxdom : 25
D->valSize : 625
Solving...
currentSize : 9 <-- 0.004414 s
currentSize : 10 <-- 0.004469 s
currentSize : 11 <-- 0.004520 s
currentSize : 12 <-- 0.006664 s
currentSize : 13 <-- 0.025428 s
currentSize : 15 <-- 0.046857 s
currentSize : 16 <-- 0.102926 s
currentSize : 17 <-- 1.297219 s

maxsize : 17
nodes : 245216.000000
filtered : 7008767.000000
time : 1.750432
