Parameters: GAD=1 vflib=1 dir=0 label=0 lowerbound=1 fileNameGp=../graphsdb/mcs70/bvg/b06/mcs70_b06_s20.A68 fileNameGt=../graphsdb/mcs70/bvg/b06/mcs70_b06_s20.B68
Reading graphs...
20 :  59
20 :  60
Initializing...
maxdom : 20
D->valSize : 400
Solving...
currentSize : 8 <-- 0.002174 s
currentSize : 9 <-- 0.002230 s
currentSize : 10 <-- 0.002302 s
currentSize : 11 <-- 0.003172 s
currentSize : 13 <-- 0.003338 s
currentSize : 14 <-- 0.006254 s
currentSize : 15 <-- 0.027712 s

maxsize : 15
nodes : 13892.000000
filtered : 319021.000000
time : 0.096118
