Parameters: GAD=1 vflib=1 dir=0 label=0 lowerbound=1 fileNameGp=../graphsdb/mcs70/m4D/m4Dr6/mcs70_m4Dr6_s25.A21 fileNameGt=../graphsdb/mcs70/m4D/m4Dr6/mcs70_m4Dr6_s25.B21
Reading graphs...
25 :  61
25 :  60
Initializing...
maxdom : 25
D->valSize : 625
Solving...
currentSize : 12 <-- 0.008618 s
currentSize : 13 <-- 0.010455 s
currentSize : 14 <-- 0.012760 s
currentSize : 15 <-- 0.017129 s
currentSize : 16 <-- 0.084484 s
currentSize : 17 <-- 1.313652 s

maxsize : 17
nodes : 570032.000000
filtered : 14943044.000000
time : 6.216938
