Parameters: GAD=1 vflib=1 dir=0 label=0 lowerbound=1 fileNameGp=../graphsdb/mcs70/m3D/m3D/mcs70_m3D_s35.A69 fileNameGt=../graphsdb/mcs70/m3D/m3D/mcs70_m3D_s35.B69
Reading graphs...
35 :  72
35 :  72
Initializing...
maxdom : 35
D->valSize : 1225
Solving...
currentSize : 17 <-- 0.020378 s
currentSize : 18 <-- 0.020497 s
currentSize : 19 <-- 0.020893 s
currentSize : 20 <-- 0.025002 s
currentSize : 21 <-- 0.129357 s
currentSize : 22 <-- 0.475288 s
currentSize : 23 <-- 1.324606 s
currentSize : 24 <-- 2.704656 s
currentSize : 25 <-- 2.865911 s
currentSize : 26 <-- 3.680969 s
currentSize : 27 <-- 4.364189 s
currentSize : 28 <-- 4.768506 s
currentSize : 29 <-- 11.627477 s
currentSize : 30 <-- 14.604156 s

maxsize : 30
nodes : 798744.000000
filtered : 34940506.000000
time : 15.572545
