Parameters: GAD=1 vflib=1 dir=0 label=0 lowerbound=1 fileNameGp=../graphsdb/mcs70/m2D/m2D/mcs70_m2D_s25.A81 fileNameGt=../graphsdb/mcs70/m2D/m2D/mcs70_m2D_s25.B81
Reading graphs...
25 :  40
25 :  39
Initializing...
maxdom : 25
D->valSize : 625
Solving...
currentSize : 13 <-- 0.009281 s
currentSize : 14 <-- 0.009330 s
currentSize : 15 <-- 0.009351 s
currentSize : 16 <-- 0.027317 s
currentSize : 17 <-- 0.027587 s
currentSize : 18 <-- 0.034996 s

maxsize : 18
nodes : 504739.000000
filtered : 13674675.000000
time : 8.658105
