Parameters: GAD=1 vflib=1 dir=0 label=0 lowerbound=1 fileNameGp=../graphsdb/mcs70/rand/r005/mcs70_r005_s20.A36 fileNameGt=../graphsdb/mcs70/rand/r005/mcs70_r005_s20.B36
Reading graphs...
20 :  23
20 :  23
Initializing...
maxdom : 20
D->valSize : 400
Solving...
currentSize : 9 <-- 0.003953 s
currentSize : 12 <-- 0.003976 s
currentSize : 13 <-- 0.004138 s
currentSize : 14 <-- 0.004315 s
currentSize : 15 <-- 0.029236 s
currentSize : 16 <-- 0.465561 s

maxsize : 16
nodes : 27795.000000
filtered : 433222.000000
time : 0.526543
