Parameters: GAD=1 vflib=1 dir=0 label=0 lowerbound=1 fileNameGp=../graphsdb/mcs70/m3D/m3Dr6/mcs70_m3Dr6_s35.A45 fileNameGt=../graphsdb/mcs70/m3D/m3Dr6/mcs70_m3Dr6_s35.B45
Reading graphs...
35 :  91
35 :  89
Initializing...
maxdom : 35
D->valSize : 1225
Solving...
currentSize : 17 <-- 0.034583 s
currentSize : 18 <-- 0.039819 s
currentSize : 19 <-- 1.955607 s
currentSize : 20 <-- 4.633910 s
currentSize : 21 <-- 22.860512 s
currentSize : 22 <-- 176.944336 s
currentSize : 24 <-- 314.566284 s
currentSize : 27 <-- 314.885864 s

maxsize : 27
nodes : 30995209.000000
filtered : 905939253.000000
time : 330.156036
