Parameters: GAD=1 vflib=1 dir=0 label=0 lowerbound=1 fileNameGp=../graphsdb/mcs70/bvg/b03m/mcs70_b03m_s30.A61 fileNameGt=../graphsdb/mcs70/bvg/b03m/mcs70_b03m_s30.B61
Reading graphs...
30 :  44
30 :  44
Initializing...
maxdom : 30
D->valSize : 900
Solving...
currentSize : 13 <-- 0.011425 s
currentSize : 14 <-- 0.011465 s
currentSize : 15 <-- 0.012199 s
currentSize : 16 <-- 0.013366 s
currentSize : 17 <-- 0.013538 s
currentSize : 18 <-- 0.024615 s
currentSize : 19 <-- 0.042395 s
currentSize : 20 <-- 0.362928 s
currentSize : 21 <-- 2.765261 s
currentSize : 22 <-- 15.373190 s
currentSize : 23 <-- 24.562906 s

maxsize : 23
nodes : 1384265.000000
filtered : 40896820.000000
time : 39.415939
