Parameters: GAD=1 vflib=1 dir=0 label=0 lowerbound=1 fileNameGp=../graphsdb/mcs70/rand/r01/mcs70_r01_s25.A04 fileNameGt=../graphsdb/mcs70/rand/r01/mcs70_r01_s25.B04
Reading graphs...
25 :  52
25 :  57
Initializing...
maxdom : 25
D->valSize : 625
Solving...
currentSize : 12 <-- 0.005018 s
currentSize : 13 <-- 0.005820 s
currentSize : 14 <-- 0.007916 s
currentSize : 15 <-- 0.013627 s
currentSize : 16 <-- 0.267821 s
currentSize : 17 <-- 4.975980 s

maxsize : 17
nodes : 956464.000000
filtered : 22584225.000000
time : 10.826752
