Parameters: GAD=1 vflib=1 dir=0 label=0 lowerbound=1 fileNameGp=../graphsdb/mcs70/bvg/b09/mcs70_b09_s30.A63 fileNameGt=../graphsdb/mcs70/bvg/b09/mcs70_b09_s30.B63
Reading graphs...
30 :  132
30 :  134
Initializing...
maxdom : 30
D->valSize : 900
Solving...
currentSize : 11 <-- 0.016707 s
currentSize : 12 <-- 0.018862 s
currentSize : 13 <-- 0.040531 s
currentSize : 14 <-- 0.051997 s
currentSize : 15 <-- 0.083108 s
currentSize : 16 <-- 0.166704 s
currentSize : 17 <-- 0.167868 s
currentSize : 18 <-- 0.180887 s
currentSize : 20 <-- 0.181017 s
currentSize : 21 <-- 0.510567 s

maxsize : 21
nodes : 609225.000000
filtered : 21919538.000000
time : 5.107939
