Parameters: GAD=1 vflib=1 dir=0 label=0 lowerbound=1 fileNameGp=../graphsdb/mcs70/bvg/b06m/mcs70_b06m_s35.A56 fileNameGt=../graphsdb/mcs70/bvg/b06m/mcs70_b06m_s35.B56
Reading graphs...
35 :  104
35 :  104
Initializing...
maxdom : 35
D->valSize : 1225
Solving...
currentSize : 13 <-- 0.019411 s
currentSize : 14 <-- 0.019653 s
currentSize : 15 <-- 0.019822 s
currentSize : 16 <-- 0.021023 s
currentSize : 17 <-- 0.025275 s
currentSize : 18 <-- 0.153335 s
currentSize : 19 <-- 2.888422 s
currentSize : 20 <-- 11.490631 s
currentSize : 21 <-- 1028.857056 s
currentSize : 24 <-- 1041.017944 s

maxsize : 24
nodes : 107074645.000000
filtered : 3182232103.000000
time : 1183.875000
