Parameters: GAD=1 vflib=1 dir=0 label=0 lowerbound=1 fileNameGp=../graphsdb/mcs70/bvg/b06m/mcs70_b06m_s30.A76 fileNameGt=../graphsdb/mcs70/bvg/b06m/mcs70_b06m_s30.B76
Reading graphs...
30 :  88
30 :  89
Initializing...
maxdom : 30
D->valSize : 900
Solving...
currentSize : 11 <-- 0.017541 s
currentSize : 12 <-- 0.017850 s
currentSize : 13 <-- 0.019067 s
currentSize : 14 <-- 0.056650 s
currentSize : 15 <-- 0.058393 s
currentSize : 16 <-- 0.503921 s
currentSize : 17 <-- 1.881418 s
currentSize : 18 <-- 10.270385 s
currentSize : 19 <-- 51.624695 s
currentSize : 21 <-- 69.746208 s

maxsize : 21
nodes : 7773325.000000
filtered : 222652878.000000
time : 74.432411
