Parameters: GAD=1 vflib=1 dir=0 label=0 lowerbound=1 fileNameGp=../graphsdb/mcs70/m4D/m4Dr6/mcs70_m4Dr6_s25.A12 fileNameGt=../graphsdb/mcs70/m4D/m4Dr6/mcs70_m4Dr6_s25.B12
Reading graphs...
25 :  60
25 :  59
Initializing...
maxdom : 25
D->valSize : 625
Solving...
currentSize : 12 <-- 0.004988 s
currentSize : 13 <-- 0.006509 s
currentSize : 14 <-- 0.011159 s
currentSize : 15 <-- 0.053802 s
currentSize : 16 <-- 0.571084 s
currentSize : 17 <-- 1.411450 s
currentSize : 18 <-- 1.896562 s

maxsize : 18
nodes : 244283.000000
filtered : 5793463.000000
time : 2.753154
