Parameters: GAD=1 vflib=1 dir=0 label=0 lowerbound=1 fileNameGp=../graphsdb/mcs70/m4D/m4D/mcs70_m4D_s25.A46 fileNameGt=../graphsdb/mcs70/m4D/m4D/mcs70_m4D_s25.B46
Reading graphs...
25 :  47
25 :  47
Initializing...
maxdom : 25
D->valSize : 625
Solving...
currentSize : 2 <-- 0.008992 s
currentSize : 9 <-- 0.009078 s
currentSize : 10 <-- 0.009147 s
currentSize : 12 <-- 0.009348 s
currentSize : 18 <-- 0.032932 s
currentSize : 19 <-- 2.397224 s

maxsize : 19
nodes : 139921.000000
filtered : 4099603.000000
time : 2.762120
