Parameters: GAD=1 vflib=1 dir=0 label=0 lowerbound=1 fileNameGp=../graphsdb/mcs70/rand/r005/mcs70_r005_s30.A41 fileNameGt=../graphsdb/mcs70/rand/r005/mcs70_r005_s30.B41
Reading graphs...
30 :  41
30 :  42
Initializing...
maxdom : 30
D->valSize : 900
Solving...
currentSize : 15 <-- 0.011658 s
currentSize : 17 <-- 0.011731 s
currentSize : 18 <-- 0.012688 s
currentSize : 19 <-- 0.089641 s
currentSize : 20 <-- 0.935518 s
currentSize : 21 <-- 31.673616 s
currentSize : 22 <-- 32.505543 s
currentSize : 23 <-- 33.402210 s

maxsize : 23
nodes : 3435565.000000
filtered : 77401365.000000
time : 71.646965
