Parameters: GAD=1 vflib=1 dir=0 label=0 lowerbound=1 fileNameGp=../graphsdb/mcs70/m2D/m2Dr4/mcs70_m2Dr4_s25.A75 fileNameGt=../graphsdb/mcs70/m2D/m2Dr4/mcs70_m2Dr4_s25.B75
Reading graphs...
25 :  49
25 :  47
Initializing...
maxdom : 25
D->valSize : 625
Solving...
currentSize : 10 <-- 0.009036 s
currentSize : 11 <-- 0.009107 s
currentSize : 13 <-- 0.009180 s
currentSize : 14 <-- 0.009301 s
currentSize : 15 <-- 0.010417 s
currentSize : 16 <-- 0.076524 s
currentSize : 17 <-- 1.217323 s

maxsize : 17
nodes : 909518.000000
filtered : 22055710.000000
time : 9.999233
