Parameters: GAD=1 vflib=1 dir=0 label=0 lowerbound=1 fileNameGp=../graphsdb/mcs70/rand/r02/mcs70_r02_s20.A02 fileNameGt=../graphsdb/mcs70/rand/r02/mcs70_r02_s20.B02
Reading graphs...
20 :  66
20 :  65
Initializing...
maxdom : 20
D->valSize : 400
Solving...
currentSize : 8 <-- 0.002169 s
currentSize : 9 <-- 0.002197 s
currentSize : 10 <-- 0.002358 s
currentSize : 11 <-- 0.002716 s
currentSize : 12 <-- 0.458024 s
currentSize : 14 <-- 0.458135 s

maxsize : 14
nodes : 138776.000000
filtered : 1722162.000000
time : 0.611108
