Parameters: GAD=1 vflib=1 dir=0 label=0 lowerbound=1 fileNameGp=../graphsdb/mcs70/m2D/m2Dr4/mcs70_m2Dr4_s25.A80 fileNameGt=../graphsdb/mcs70/m2D/m2Dr4/mcs70_m2Dr4_s25.B80
Reading graphs...
25 :  48
25 :  48
Initializing...
maxdom : 25
D->valSize : 625
Solving...
currentSize : 7 <-- 0.008982 s
currentSize : 11 <-- 0.009028 s
currentSize : 12 <-- 0.009594 s
currentSize : 13 <-- 0.009690 s
currentSize : 14 <-- 0.024646 s
currentSize : 15 <-- 0.067062 s
currentSize : 16 <-- 0.322112 s
currentSize : 17 <-- 0.721662 s
currentSize : 18 <-- 1.083756 s
currentSize : 19 <-- 3.662991 s

maxsize : 19
nodes : 208179.000000
filtered : 5902069.000000
time : 3.875688
