Parameters: GAD=1 vflib=1 dir=0 label=0 lowerbound=1 fileNameGp=../graphsdb/mcs70/bvg/b06/mcs70_b06_s30.A24 fileNameGt=../graphsdb/mcs70/bvg/b06/mcs70_b06_s30.B24
Reading graphs...
30 :  89
30 :  90
Initializing...
maxdom : 30
D->valSize : 900
Solving...
currentSize : 15 <-- 0.017668 s
currentSize : 16 <-- 0.017731 s
currentSize : 17 <-- 0.574161 s
currentSize : 18 <-- 0.575979 s
currentSize : 19 <-- 1.116180 s
currentSize : 20 <-- 1.672587 s
currentSize : 21 <-- 1.677548 s
currentSize : 22 <-- 1.690836 s

maxsize : 22
nodes : 672971.000000
filtered : 23289827.000000
time : 9.887881
