Parameters: GAD=1 vflib=1 dir=0 label=0 lowerbound=1 fileNameGp=../graphsdb/mcs70/m3D/m3Dr4/mcs70_m3Dr4_s35.A08 fileNameGt=../graphsdb/mcs70/m3D/m3Dr4/mcs70_m3Dr4_s35.B08
Reading graphs...
35 :  86
35 :  86
Initializing...
maxdom : 35
D->valSize : 1225
Solving...
currentSize : 14 <-- 0.020031 s
currentSize : 15 <-- 0.020235 s
currentSize : 16 <-- 0.020625 s
currentSize : 17 <-- 0.020938 s
currentSize : 18 <-- 0.022980 s
currentSize : 19 <-- 0.049425 s
currentSize : 20 <-- 0.393539 s
currentSize : 21 <-- 8.849419 s
currentSize : 22 <-- 9.584856 s
currentSize : 23 <-- 19.470152 s
currentSize : 24 <-- 19.527843 s
currentSize : 25 <-- 19.566303 s
currentSize : 28 <-- 19.566360 s

maxsize : 28
nodes : 2172688.000000
filtered : 67182440.000000
time : 28.636133
