Parameters: GAD=1 vflib=1 dir=0 label=0 lowerbound=1 fileNameGp=../graphsdb/mcs70/rand/r005/mcs70_r005_s35.A89 fileNameGt=../graphsdb/mcs70/rand/r005/mcs70_r005_s35.B89
Reading graphs...
35 :  56
35 :  57
Initializing...
maxdom : 35
D->valSize : 1225
Solving...
currentSize : 19 <-- 0.036581 s
currentSize : 20 <-- 0.198106 s
currentSize : 21 <-- 4.221571 s
currentSize : 22 <-- 4.242955 s
currentSize : 23 <-- 4.252585 s
currentSize : 24 <-- 87.942047 s
currentSize : 25 <-- 88.095024 s

maxsize : 25
nodes : 21340767.000000
filtered : 760667300.000000
time : 671.415833
