Parameters: GAD=1 vflib=1 dir=0 label=0 lowerbound=1 fileNameGp=../graphsdb/mcs70/rand/r01/mcs70_r01_s30.A80 fileNameGt=../graphsdb/mcs70/rand/r01/mcs70_r01_s30.B80
Reading graphs...
30 :  83
30 :  85
Initializing...
maxdom : 30
D->valSize : 900
Solving...
currentSize : 11 <-- 0.010331 s
currentSize : 12 <-- 0.010420 s
currentSize : 13 <-- 0.014904 s
currentSize : 14 <-- 0.016564 s
currentSize : 15 <-- 0.018138 s
currentSize : 16 <-- 0.021338 s
currentSize : 17 <-- 0.368578 s
currentSize : 20 <-- 11.357293 s
currentSize : 21 <-- 11.357362 s

maxsize : 21
nodes : 2609787.000000
filtered : 73929939.000000
time : 23.012398
