Parameters: GAD=1 vflib=1 dir=0 label=0 lowerbound=1 fileNameGp=../graphsdb/mcs70/m2D/m2D/mcs70_m2D_s25.A57 fileNameGt=../graphsdb/mcs70/m2D/m2D/mcs70_m2D_s25.B57
Reading graphs...
25 :  40
25 :  39
Initializing...
maxdom : 25
D->valSize : 625
Solving...
currentSize : 11 <-- 0.005209 s
currentSize : 12 <-- 0.005232 s
currentSize : 13 <-- 0.005294 s
currentSize : 14 <-- 0.005690 s
currentSize : 15 <-- 0.007929 s
currentSize : 16 <-- 0.157906 s
currentSize : 17 <-- 0.238286 s
currentSize : 18 <-- 0.556014 s

maxsize : 18
nodes : 590891.000000
filtered : 16356475.000000
time : 13.427960
