Parameters: GAD=1 vflib=1 dir=0 label=0 lowerbound=1 fileNameGp=../graphsdb/mcs70/rand/r01/mcs70_r01_s35.A68 fileNameGt=../graphsdb/mcs70/rand/r01/mcs70_r01_s35.B68
Reading graphs...
35 :  110
35 :  111
Initializing...
maxdom : 35
D->valSize : 1225
Solving...
currentSize : 13 <-- 0.019329 s
currentSize : 14 <-- 0.019452 s
currentSize : 15 <-- 0.020720 s
currentSize : 16 <-- 0.022027 s
currentSize : 17 <-- 0.022941 s
currentSize : 18 <-- 0.042843 s
currentSize : 19 <-- 1.277272 s
currentSize : 20 <-- 232.932541 s
currentSize : 24 <-- 610.432556 s

maxsize : 24
nodes : 96290342.000000
filtered : 2549891112.000000
time : 841.539673
