Parameters: GAD=1 vflib=1 dir=0 label=0 lowerbound=1 fileNameGp=../graphsdb/mcs70/bvg/b03m/mcs70_b03m_s25.A56 fileNameGt=../graphsdb/mcs70/bvg/b03m/mcs70_b03m_s25.B56
Reading graphs...
25 :  36
25 :  36
Initializing...
maxdom : 25
D->valSize : 625
Solving...
currentSize : 11 <-- 0.005371 s
currentSize : 12 <-- 0.007689 s
currentSize : 16 <-- 0.011670 s
currentSize : 17 <-- 0.017102 s
currentSize : 18 <-- 0.017696 s
currentSize : 19 <-- 5.314467 s

maxsize : 19
nodes : 350366.000000
filtered : 8534065.000000
time : 6.345890
