Parameters: GAD=1 vflib=1 dir=0 label=0 lowerbound=1 fileNameGp=../graphsdb/mcs70/rand/r005/mcs70_r005_s25.A51 fileNameGt=../graphsdb/mcs70/rand/r005/mcs70_r005_s25.B51
Reading graphs...
25 :  32
25 :  33
Initializing...
maxdom : 25
D->valSize : 625
Solving...
currentSize : 8 <-- 0.005391 s
currentSize : 9 <-- 0.005456 s
currentSize : 14 <-- 0.005573 s
currentSize : 15 <-- 0.005802 s
currentSize : 16 <-- 0.688458 s
currentSize : 17 <-- 1.029126 s
currentSize : 18 <-- 1.362441 s
currentSize : 19 <-- 8.709367 s

maxsize : 19
nodes : 603008.000000
filtered : 9576502.000000
time : 11.016113
