Parameters: GAD=1 vflib=1 dir=0 label=0 lowerbound=1 fileNameGp=../graphsdb/mcs70/bvg/b09m/mcs70_b09m_s30.A02 fileNameGt=../graphsdb/mcs70/bvg/b09m/mcs70_b09m_s30.B02
Reading graphs...
30 :  128
30 :  129
Initializing...
maxdom : 30
D->valSize : 900
Solving...
currentSize : 10 <-- 0.016579 s
currentSize : 11 <-- 0.016621 s
currentSize : 12 <-- 0.016844 s
currentSize : 13 <-- 0.066605 s
currentSize : 14 <-- 0.077995 s
currentSize : 15 <-- 0.800458 s
currentSize : 16 <-- 5.894410 s
currentSize : 18 <-- 31.309883 s
currentSize : 19 <-- 31.309933 s
currentSize : 21 <-- 31.310141 s

maxsize : 21
nodes : 5892545.000000
filtered : 119140171.000000
time : 35.195160
