Parameters: GAD=1 vflib=1 dir=0 label=0 lowerbound=1 fileNameGp=../graphsdb/mcs70/rand/r005/mcs70_r005_s30.A98 fileNameGt=../graphsdb/mcs70/rand/r005/mcs70_r005_s30.B98
Reading graphs...
30 :  41
30 :  41
Initializing...
maxdom : 30
D->valSize : 900
Solving...
currentSize : 8 <-- 0.020090 s
currentSize : 9 <-- 0.020219 s
currentSize : 14 <-- 0.020587 s
currentSize : 15 <-- 0.020599 s
currentSize : 16 <-- 0.051334 s
currentSize : 18 <-- 0.118747 s
currentSize : 19 <-- 0.378269 s
currentSize : 20 <-- 23.516094 s
currentSize : 21 <-- 55.116390 s

maxsize : 21
nodes : 11972201.000000
filtered : 208574085.000000
time : 240.015396
