Parameters: GAD=1 vflib=1 dir=0 label=0 lowerbound=1 fileNameGp=../graphsdb/mcs70/bvg/b03/mcs70_b03_s30.A00 fileNameGt=../graphsdb/mcs70/bvg/b03/mcs70_b03_s30.B00
Reading graphs...
30 :  45
30 :  45
Initializing...
maxdom : 30
D->valSize : 900
Solving...
currentSize : 16 <-- 0.019394 s
currentSize : 17 <-- 0.019563 s
currentSize : 18 <-- 0.020032 s
currentSize : 19 <-- 0.023395 s
currentSize : 21 <-- 0.026482 s
currentSize : 22 <-- 0.096598 s
currentSize : 23 <-- 0.744527 s
currentSize : 24 <-- 7.341657 s

maxsize : 24
nodes : 356769.000000
filtered : 14884687.000000
time : 14.393890
