Parameters: GAD=1 vflib=1 dir=0 label=0 lowerbound=1 fileNameGp=../graphsdb/mcs70/m2D/m2Dr4/mcs70_m2Dr4_s25.A74 fileNameGt=../graphsdb/mcs70/m2D/m2Dr4/mcs70_m2Dr4_s25.B74
Reading graphs...
25 :  48
25 :  50
Initializing...
maxdom : 25
D->valSize : 625
Solving...
currentSize : 12 <-- 0.005056 s
currentSize : 13 <-- 0.005081 s
currentSize : 15 <-- 0.005089 s
currentSize : 16 <-- 0.005952 s
currentSize : 17 <-- 1.724718 s
currentSize : 18 <-- 8.195715 s

maxsize : 18
nodes : 795679.000000
filtered : 19286240.000000
time : 9.714167
