Parameters: GAD=1 vflib=1 dir=0 label=0 lowerbound=1 fileNameGp=../graphsdb/mcs70/rand/r005/mcs70_r005_s30.A56 fileNameGt=../graphsdb/mcs70/rand/r005/mcs70_r005_s30.B56
Reading graphs...
30 :  41
30 :  41
Initializing...
maxdom : 30
D->valSize : 900
Solving...
currentSize : 14 <-- 0.011255 s
currentSize : 16 <-- 0.012238 s
currentSize : 17 <-- 0.012273 s
currentSize : 18 <-- 2.073630 s
currentSize : 19 <-- 3.282256 s
currentSize : 20 <-- 14.442698 s
currentSize : 21 <-- 30.114658 s
currentSize : 22 <-- 40.325726 s

maxsize : 22
nodes : 4800576.000000
filtered : 119847949.000000
time : 105.369606
