Parameters: GAD=1 vflib=1 dir=0 label=0 lowerbound=1 fileNameGp=../graphsdb/mcs70/bvg/b06/mcs70_b06_s25.A71 fileNameGt=../graphsdb/mcs70/bvg/b06/mcs70_b06_s25.B71
Reading graphs...
25 :  74
25 :  75
Initializing...
maxdom : 25
D->valSize : 625
Solving...
currentSize : 10 <-- 0.008328 s
currentSize : 11 <-- 0.008349 s
currentSize : 12 <-- 0.008649 s
currentSize : 13 <-- 0.009110 s
currentSize : 14 <-- 0.011659 s
currentSize : 16 <-- 0.116508 s
currentSize : 17 <-- 0.163311 s
currentSize : 18 <-- 0.190826 s
currentSize : 19 <-- 0.249544 s

maxsize : 19
nodes : 69250.000000
filtered : 2060113.000000
time : 0.857419
