Parameters: GAD=1 vflib=1 dir=0 label=0 lowerbound=1 fileNameGp=../graphsdb/mcs70/m2D/m2D/mcs70_m2D_s35.A38 fileNameGt=../graphsdb/mcs70/m2D/m2D/mcs70_m2D_s35.B38
Reading graphs...
35 :  58
35 :  58
Initializing...
maxdom : 35
D->valSize : 1225
Solving...
currentSize : 20 <-- 0.020601 s
currentSize : 21 <-- 0.020644 s
currentSize : 22 <-- 0.022164 s
currentSize : 23 <-- 0.032868 s
currentSize : 24 <-- 0.035295 s
currentSize : 25 <-- 33.020409 s
currentSize : 26 <-- 33.987175 s
currentSize : 27 <-- 93.501785 s
currentSize : 28 <-- 93.501915 s

maxsize : 28
nodes : 4694874.000000
filtered : 186964982.000000
time : 158.943634
