Parameters: GAD=1 vflib=1 dir=0 label=0 lowerbound=1 fileNameGp=../graphsdb/mcs70/m3D/m3D/mcs70_m3D_s35.A08 fileNameGt=../graphsdb/mcs70/m3D/m3D/mcs70_m3D_s35.B08
Reading graphs...
35 :  72
35 :  72
Initializing...
maxdom : 35
D->valSize : 1225
Solving...
currentSize : 19 <-- 0.020309 s
currentSize : 20 <-- 0.020469 s
currentSize : 21 <-- 0.027707 s
currentSize : 22 <-- 0.046608 s
currentSize : 23 <-- 0.059024 s
currentSize : 24 <-- 0.558137 s
currentSize : 25 <-- 6.301090 s
currentSize : 26 <-- 161.473633 s
currentSize : 27 <-- 233.804016 s
currentSize : 28 <-- 234.563492 s
currentSize : 29 <-- 238.400177 s

maxsize : 29
nodes : 13196467.000000
filtered : 526158875.000000
time : 242.366745
