Parameters: GAD=1 vflib=1 dir=0 label=0 lowerbound=1 fileNameGp=../graphsdb/mcs70/bvg/b09m/mcs70_b09m_s25.A95 fileNameGt=../graphsdb/mcs70/bvg/b09m/mcs70_b09m_s25.B95
Reading graphs...
25 :  107
25 :  107
Initializing...
maxdom : 25
D->valSize : 625
Solving...
currentSize : 8 <-- 0.004549 s
currentSize : 9 <-- 0.004596 s
currentSize : 10 <-- 0.004665 s
currentSize : 11 <-- 0.004798 s
currentSize : 12 <-- 0.030631 s
currentSize : 13 <-- 0.279786 s
currentSize : 16 <-- 3.537694 s

maxsize : 16
nodes : 1191164.000000
filtered : 17355856.000000
time : 5.612066
