Parameters: GAD=1 vflib=1 dir=0 label=0 lowerbound=1 fileNameGp=../graphsdb/mcs70/m4D/m4D/mcs70_m4D_s25.A64 fileNameGt=../graphsdb/mcs70/m4D/m4D/mcs70_m4D_s25.B64
Reading graphs...
25 :  47
25 :  46
Initializing...
maxdom : 25
D->valSize : 625
Solving...
currentSize : 12 <-- 0.005115 s
currentSize : 13 <-- 0.005180 s
currentSize : 14 <-- 0.005218 s
currentSize : 15 <-- 0.005467 s
currentSize : 16 <-- 0.007915 s
currentSize : 17 <-- 0.008014 s
currentSize : 18 <-- 0.027545 s
currentSize : 19 <-- 0.163056 s

maxsize : 19
nodes : 50409.000000
filtered : 1628261.000000
time : 1.242603
