Parameters: GAD=1 vflib=1 dir=0 label=0 lowerbound=1 fileNameGp=../graphsdb/mcs70/m3D/m3Dr6/mcs70_m3Dr6_s35.A94 fileNameGt=../graphsdb/mcs70/m3D/m3Dr6/mcs70_m3Dr6_s35.B94
Reading graphs...
35 :  90
35 :  88
Initializing...
maxdom : 35
D->valSize : 1225
Solving...
currentSize : 15 <-- 0.019462 s
currentSize : 17 <-- 0.019488 s
currentSize : 18 <-- 0.019798 s
currentSize : 19 <-- 0.020874 s
currentSize : 20 <-- 0.104507 s
currentSize : 21 <-- 0.188052 s
currentSize : 22 <-- 0.522671 s
currentSize : 23 <-- 5.972652 s
currentSize : 24 <-- 5.972730 s
currentSize : 25 <-- 23.128063 s
currentSize : 26 <-- 23.128168 s
currentSize : 27 <-- 55.273945 s

maxsize : 27
nodes : 3255304.000000
filtered : 161328070.000000
time : 61.471851
