Parameters: GAD=1 vflib=1 dir=0 label=0 lowerbound=1 fileNameGp=../graphsdb/mcs70/m2D/m2D/mcs70_m2D_s35.A34 fileNameGt=../graphsdb/mcs70/m2D/m2D/mcs70_m2D_s35.B34
Reading graphs...
35 :  58
35 :  58
Initializing...
maxdom : 35
D->valSize : 1225
Solving...
currentSize : 18 <-- 0.020887 s
currentSize : 19 <-- 0.020964 s
currentSize : 20 <-- 0.021273 s
currentSize : 21 <-- 0.146771 s
currentSize : 22 <-- 1.085790 s
currentSize : 23 <-- 1.101491 s
currentSize : 24 <-- 70.394768 s
currentSize : 25 <-- 197.256516 s
currentSize : 26 <-- 197.273651 s
currentSize : 27 <-- 200.324371 s
currentSize : 28 <-- 228.089813 s

maxsize : 28
nodes : 10716555.000000
filtered : 327914791.000000
time : 278.837646
