Parameters: GAD=1 vflib=1 dir=0 label=0 lowerbound=1 fileNameGp=../graphsdb/mcs70/bvg/b09m/mcs70_b09m_s25.A22 fileNameGt=../graphsdb/mcs70/bvg/b09m/mcs70_b09m_s25.B22
Reading graphs...
25 :  105
25 :  105
Initializing...
maxdom : 25
D->valSize : 625
Solving...
currentSize : 9 <-- 0.004591 s
currentSize : 10 <-- 0.004624 s
currentSize : 11 <-- 0.005045 s
currentSize : 12 <-- 0.006333 s
currentSize : 13 <-- 0.006599 s
currentSize : 15 <-- 0.028104 s
currentSize : 16 <-- 0.104988 s

maxsize : 16
nodes : 310218.000000
filtered : 8199695.000000
time : 2.007425
