Parameters: GAD=1 vflib=1 dir=0 label=0 lowerbound=1 fileNameGp=../graphsdb/mcs70/m3D/m3Dr2/mcs70_m3Dr2_s35.A13 fileNameGt=../graphsdb/mcs70/m3D/m3Dr2/mcs70_m3Dr2_s35.B13
Reading graphs...
35 :  79
35 :  78
Initializing...
maxdom : 35
D->valSize : 1225
Solving...
currentSize : 15 <-- 0.024701 s
currentSize : 16 <-- 0.024890 s
currentSize : 17 <-- 0.026844 s
currentSize : 18 <-- 0.031929 s
currentSize : 19 <-- 0.034145 s
currentSize : 20 <-- 0.058338 s
currentSize : 21 <-- 0.126480 s
currentSize : 22 <-- 1.589461 s
currentSize : 23 <-- 106.986595 s
currentSize : 25 <-- 118.096329 s
currentSize : 26 <-- 190.694122 s
currentSize : 27 <-- 229.227615 s

maxsize : 27
nodes : 16816212.000000
filtered : 604444033.000000
time : 249.660324
