Parameters: GAD=1 vflib=1 dir=0 label=0 lowerbound=1 fileNameGp=../graphsdb/mcs70/bvg/b03m/mcs70_b03m_s35.A80 fileNameGt=../graphsdb/mcs70/bvg/b03m/mcs70_b03m_s35.B80
Reading graphs...
35 :  52
35 :  52
Initializing...
maxdom : 35
D->valSize : 1225
Solving...
currentSize : 14 <-- 0.037099 s
currentSize : 17 <-- 0.037607 s
currentSize : 18 <-- 0.038032 s
currentSize : 19 <-- 0.038296 s
currentSize : 20 <-- 0.040825 s
currentSize : 21 <-- 0.046595 s
currentSize : 22 <-- 0.048466 s
currentSize : 23 <-- 0.813500 s
currentSize : 24 <-- 4.993269 s
currentSize : 25 <-- 11.306882 s
currentSize : 26 <-- 12.065608 s
currentSize : 27 <-- 310.165863 s

maxsize : 27
nodes : 9341526.000000
filtered : 402874284.000000
time : 601.577698
