Parameters: GAD=1 vflib=1 dir=0 label=0 lowerbound=1 fileNameGp=../graphsdb/mcs70/m3D/m3Dr2/mcs70_m3Dr2_s35.A37 fileNameGt=../graphsdb/mcs70/m3D/m3Dr2/mcs70_m3Dr2_s35.B37
Reading graphs...
35 :  78
35 :  76
Initializing...
maxdom : 35
D->valSize : 1225
Solving...
currentSize : 16 <-- 0.035490 s
currentSize : 17 <-- 0.035627 s
currentSize : 18 <-- 0.084945 s
currentSize : 19 <-- 0.151384 s
currentSize : 20 <-- 1.148719 s
currentSize : 21 <-- 2.544352 s
currentSize : 22 <-- 3.343177 s
currentSize : 23 <-- 166.642578 s
currentSize : 24 <-- 272.932007 s
currentSize : 25 <-- 272.959229 s
currentSize : 28 <-- 274.319672 s

maxsize : 28
nodes : 19018997.000000
filtered : 604178216.000000
time : 286.774628
