Parameters: GAD=1 vflib=1 dir=0 label=0 lowerbound=1 fileNameGp=../graphsdb/mcs70/rand/r02/mcs70_r02_s35.A19 fileNameGt=../graphsdb/mcs70/rand/r02/mcs70_r02_s35.B19
Reading graphs...
35 :  214
35 :  215
Initializing...
maxdom : 35
D->valSize : 1225
Solving...
currentSize : 12 <-- 0.029548 s
currentSize : 13 <-- 0.031902 s
currentSize : 14 <-- 0.856224 s
currentSize : 15 <-- 90.401619 s
currentSize : 16 <-- 115.974037 s
currentSize : 17 <-- 115.974144 s
currentSize : 18 <-- 123.844955 s
currentSize : 20 <-- 123.845039 s
currentSize : 24 <-- 156.052963 s

maxsize : 24
nodes : 34060414.000000
filtered : 560566927.000000
time : 184.141403
