Parameters: GAD=1 vflib=1 dir=0 label=0 lowerbound=1 fileNameGp=../graphsdb/mcs70/rand/r01/mcs70_r01_s15.A99 fileNameGt=../graphsdb/mcs70/rand/r01/mcs70_r01_s15.B99
Reading graphs...
15 :  21
15 :  18
Initializing...
maxdom : 15
D->valSize : 225
Solving...
currentSize : 5 <-- 0.000879 s
currentSize : 7 <-- 0.000898 s
currentSize : 8 <-- 0.000904 s
currentSize : 10 <-- 0.001135 s
currentSize : 11 <-- 0.003957 s
currentSize : 12 <-- 0.005833 s

maxsize : 12
nodes : 1128.000000
filtered : 20042.000000
time : 0.011072
