Parameters: GAD=1 vflib=1 dir=0 label=0 lowerbound=1 fileNameGp=../graphsdb/mcs70/rand/r005/mcs70_r005_s35.A21 fileNameGt=../graphsdb/mcs70/rand/r005/mcs70_r005_s35.B21
Reading graphs...
35 :  56
35 :  56
Initializing...
maxdom : 35
D->valSize : 1225
Solving...
currentSize : 13 <-- 0.036718 s
currentSize : 14 <-- 0.036768 s
currentSize : 16 <-- 0.036931 s
currentSize : 18 <-- 0.036956 s
currentSize : 19 <-- 0.037783 s
currentSize : 20 <-- 0.108943 s
currentSize : 21 <-- 1.644942 s
currentSize : 22 <-- 2.456584 s
currentSize : 23 <-- 19.775587 s
currentSize : 24 <-- 23.661566 s
currentSize : 25 <-- 57.183353 s

maxsize : 25
nodes : 22362337.000000
filtered : 757677038.000000
time : 685.618408
