Parameters: GAD=1 vflib=1 dir=0 label=0 lowerbound=1 fileNameGp=../graphsdb/mcs70/bvg/b09m/mcs70_b09m_s35.A02 fileNameGt=../graphsdb/mcs70/bvg/b09m/mcs70_b09m_s35.B02
Reading graphs...
35 :  151
35 :  151
Initializing...
maxdom : 35
D->valSize : 1225
Solving...
currentSize : 10 <-- 0.031790 s
currentSize : 11 <-- 0.032187 s
currentSize : 12 <-- 0.032495 s
currentSize : 13 <-- 0.032837 s
currentSize : 14 <-- 0.038528 s
currentSize : 15 <-- 0.043225 s
currentSize : 16 <-- 0.130208 s
currentSize : 17 <-- 0.747827 s
currentSize : 24 <-- 6.149147 s

maxsize : 24
nodes : 3271693.000000
filtered : 135915273.000000
time : 36.180355
