Parameters: GAD=1 vflib=1 dir=0 label=0 lowerbound=1 fileNameGp=../graphsdb/mcs70/m2D/m2Dr4/mcs70_m2Dr4_s35.A52 fileNameGt=../graphsdb/mcs70/m2D/m2Dr4/mcs70_m2Dr4_s35.B52
Reading graphs...
35 :  72
35 :  71
Initializing...
maxdom : 35
D->valSize : 1225
Solving...
currentSize : 14 <-- 0.020027 s
currentSize : 16 <-- 0.020055 s
currentSize : 17 <-- 0.020316 s
currentSize : 18 <-- 0.030348 s
currentSize : 19 <-- 0.082271 s
currentSize : 20 <-- 0.123014 s
currentSize : 21 <-- 0.178745 s
currentSize : 22 <-- 0.553964 s
currentSize : 23 <-- 8.544877 s
currentSize : 24 <-- 17.054323 s
currentSize : 25 <-- 17.054848 s

maxsize : 25
nodes : 22501128.000000
filtered : 1023734304.000000
time : 615.820679
