Parameters: GAD=1 vflib=1 dir=0 label=0 lowerbound=1 fileNameGp=../graphsdb/mcs70/bvg/b06/mcs70_b06_s30.A17 fileNameGt=../graphsdb/mcs70/bvg/b06/mcs70_b06_s30.B17
Reading graphs...
30 :  89
30 :  90
Initializing...
maxdom : 30
D->valSize : 900
Solving...
currentSize : 13 <-- 0.010688 s
currentSize : 16 <-- 0.010719 s
currentSize : 17 <-- 0.011359 s
currentSize : 18 <-- 0.011414 s
currentSize : 19 <-- 0.011892 s
currentSize : 21 <-- 0.047023 s
currentSize : 22 <-- 0.566814 s
currentSize : 23 <-- 3.166022 s

maxsize : 23
nodes : 287968.000000
filtered : 11899930.000000
time : 4.769542
