Parameters: GAD=1 vflib=1 dir=0 label=0 lowerbound=1 fileNameGp=../graphsdb/mcs70/bvg/b09/mcs70_b09_s35.A61 fileNameGt=../graphsdb/mcs70/bvg/b09/mcs70_b09_s35.B61
Reading graphs...
35 :  154
35 :  157
Initializing...
maxdom : 35
D->valSize : 1225
Solving...
currentSize : 12 <-- 0.031080 s
currentSize : 13 <-- 0.031773 s
currentSize : 14 <-- 0.080497 s
currentSize : 15 <-- 0.165974 s
currentSize : 16 <-- 0.302222 s
currentSize : 17 <-- 3.694346 s
currentSize : 18 <-- 4.684405 s
currentSize : 21 <-- 4.762553 s
currentSize : 24 <-- 4.762800 s
currentSize : 25 <-- 8.017162 s

maxsize : 25
nodes : 2500807.000000
filtered : 93247035.000000
time : 24.480120
