Parameters: GAD=1 vflib=1 dir=0 label=0 lowerbound=1 fileNameGp=../graphsdb/mcs70/bvg/b06/mcs70_b06_s30.A64 fileNameGt=../graphsdb/mcs70/bvg/b06/mcs70_b06_s30.B64
Reading graphs...
30 :  90
30 :  89
Initializing...
maxdom : 30
D->valSize : 900
Solving...
currentSize : 10 <-- 0.017840 s
currentSize : 11 <-- 0.018441 s
currentSize : 12 <-- 0.018742 s
currentSize : 13 <-- 0.019359 s
currentSize : 14 <-- 0.024460 s
currentSize : 15 <-- 0.107084 s
currentSize : 16 <-- 0.368229 s
currentSize : 17 <-- 8.006353 s
currentSize : 18 <-- 8.298046 s
currentSize : 19 <-- 9.510500 s
currentSize : 20 <-- 9.523543 s
currentSize : 21 <-- 10.774418 s
currentSize : 22 <-- 11.137307 s

maxsize : 22
nodes : 1676271.000000
filtered : 42324645.000000
time : 15.821217
