Parameters: GAD=1 vflib=1 dir=0 label=0 lowerbound=1 fileNameGp=../graphsdb/mcs70/bvg/b06m/mcs70_b06m_s35.A69 fileNameGt=../graphsdb/mcs70/bvg/b06m/mcs70_b06m_s35.B69
Reading graphs...
35 :  102
35 :  103
Initializing...
maxdom : 35
D->valSize : 1225
Solving...
currentSize : 12 <-- 0.019226 s
currentSize : 15 <-- 0.019259 s
currentSize : 16 <-- 0.019285 s
currentSize : 17 <-- 0.019697 s
currentSize : 18 <-- 0.030345 s
currentSize : 19 <-- 0.098527 s
currentSize : 20 <-- 1.909308 s
currentSize : 21 <-- 1153.038086 s
currentSize : 23 <-- 1201.899536 s
currentSize : 24 <-- 1201.899658 s
currentSize : 25 <-- 1201.899780 s

maxsize : 25
nodes : 113903205.000000
filtered : 3441027650.000000
time : 1251.915283
