Parameters: GAD=1 vflib=1 dir=0 label=0 lowerbound=1 fileNameGp=../graphsdb/mcs70/rand/r02/mcs70_r02_s25.A59 fileNameGt=../graphsdb/mcs70/rand/r02/mcs70_r02_s25.B59
Reading graphs...
25 :  108
25 :  112
Initializing...
maxdom : 25
D->valSize : 625
Solving...
currentSize : 9 <-- 0.004447 s
currentSize : 10 <-- 0.004470 s
currentSize : 11 <-- 0.006701 s
currentSize : 12 <-- 0.175034 s
currentSize : 13 <-- 0.596232 s
currentSize : 17 <-- 0.721253 s

maxsize : 17
nodes : 313461.000000
filtered : 6336955.000000
time : 1.707781
