Parameters: GAD=1 vflib=1 dir=0 label=0 lowerbound=1 fileNameGp=../graphsdb/mcs70/rand/r02/mcs70_r02_s30.A79 fileNameGt=../graphsdb/mcs70/rand/r02/mcs70_r02_s30.B79
Reading graphs...
30 :  158
30 :  159
Initializing...
maxdom : 30
D->valSize : 900
Solving...
currentSize : 10 <-- 0.009369 s
currentSize : 11 <-- 0.009399 s
currentSize : 12 <-- 0.009879 s
currentSize : 13 <-- 0.011014 s
currentSize : 14 <-- 8.258714 s
currentSize : 15 <-- 31.704479 s
currentSize : 16 <-- 53.245895 s
currentSize : 21 <-- 94.010834 s

maxsize : 21
nodes : 19500489.000000
filtered : 297489652.000000
time : 96.742737
