Parameters: GAD=1 vflib=1 dir=0 label=0 lowerbound=1 fileNameGp=../graphsdb/mcs70/m2D/m2D/mcs70_m2D_s25.A06 fileNameGt=../graphsdb/mcs70/m2D/m2D/mcs70_m2D_s25.B06
Reading graphs...
25 :  40
25 :  39
Initializing...
maxdom : 25
D->valSize : 625
Solving...
currentSize : 13 <-- 0.009112 s
currentSize : 14 <-- 0.009186 s
currentSize : 15 <-- 0.009264 s
currentSize : 16 <-- 0.071463 s
currentSize : 17 <-- 0.084370 s
currentSize : 18 <-- 0.779149 s

maxsize : 18
nodes : 341729.000000
filtered : 8637096.000000
time : 4.673206
