Parameters: GAD=1 vflib=1 dir=0 label=0 lowerbound=1 fileNameGp=../graphsdb/mcs70/bvg/b06m/mcs70_b06m_s35.A71 fileNameGt=../graphsdb/mcs70/bvg/b06m/mcs70_b06m_s35.B71
Reading graphs...
35 :  103
35 :  102
Initializing...
maxdom : 35
D->valSize : 1225
Solving...
currentSize : 16 <-- 0.033764 s
currentSize : 17 <-- 0.034264 s
currentSize : 18 <-- 0.085506 s
currentSize : 19 <-- 10.262969 s
currentSize : 20 <-- 172.017136 s
currentSize : 21 <-- 333.724121 s
currentSize : 22 <-- 393.797485 s
currentSize : 23 <-- 561.991394 s
currentSize : 24 <-- 656.811707 s

maxsize : 24
nodes : 49012927.000000
filtered : 1557138181.000000
time : 727.640259
