Parameters: GAD=1 vflib=1 dir=0 label=0 lowerbound=1 fileNameGp=../graphsdb/mcs70/m2D/m2D/mcs70_m2D_s25.A95 fileNameGt=../graphsdb/mcs70/m2D/m2D/mcs70_m2D_s25.B95
Reading graphs...
25 :  40
25 :  40
Initializing...
maxdom : 25
D->valSize : 625
Solving...
currentSize : 11 <-- 0.009277 s
currentSize : 13 <-- 0.009349 s
currentSize : 14 <-- 0.010008 s
currentSize : 15 <-- 0.010457 s
currentSize : 16 <-- 0.013260 s
currentSize : 17 <-- 0.165115 s
currentSize : 18 <-- 0.552057 s
currentSize : 19 <-- 1.228589 s

maxsize : 19
nodes : 207793.000000
filtered : 5333224.000000
time : 3.052898
