Parameters: GAD=1 vflib=1 dir=0 label=0 lowerbound=1 fileNameGp=../graphsdb/mcs70/m3D/m3Dr6/mcs70_m3Dr6_s35.A14 fileNameGt=../graphsdb/mcs70/m3D/m3Dr6/mcs70_m3Dr6_s35.B14
Reading graphs...
35 :  93
35 :  92
Initializing...
maxdom : 35
D->valSize : 1225
Solving...
currentSize : 16 <-- 0.019377 s
currentSize : 17 <-- 0.154541 s
currentSize : 18 <-- 0.164588 s
currentSize : 19 <-- 1.892896 s
currentSize : 20 <-- 2.027528 s
currentSize : 21 <-- 39.469559 s
currentSize : 22 <-- 376.546387 s
currentSize : 23 <-- 376.555023 s
currentSize : 24 <-- 501.983154 s
currentSize : 28 <-- 505.848541 s

maxsize : 28
nodes : 44071307.000000
filtered : 1248306633.000000
time : 513.618286
