Parameters: GAD=1 vflib=1 dir=0 label=0 lowerbound=1 fileNameGp=../graphsdb/mcs70/bvg/b06m/mcs70_b06m_s30.A69 fileNameGt=../graphsdb/mcs70/bvg/b06m/mcs70_b06m_s30.B69
Reading graphs...
30 :  89
30 :  88
Initializing...
maxdom : 30
D->valSize : 900
Solving...
currentSize : 14 <-- 0.010159 s
currentSize : 15 <-- 0.014533 s
currentSize : 16 <-- 0.064763 s
currentSize : 17 <-- 1.959281 s
currentSize : 18 <-- 1.979038 s
currentSize : 19 <-- 28.107203 s
currentSize : 20 <-- 28.107281 s
currentSize : 21 <-- 28.107456 s

maxsize : 21
nodes : 3546934.000000
filtered : 108223705.000000
time : 34.805603
