Parameters: GAD=1 vflib=1 dir=0 label=0 lowerbound=1 fileNameGp=../graphsdb/mcs70/bvg/b09/mcs70_b09_s25.A71 fileNameGt=../graphsdb/mcs70/bvg/b09/mcs70_b09_s25.B71
Reading graphs...
25 :  111
25 :  109
Initializing...
maxdom : 25
D->valSize : 625
Solving...
currentSize : 9 <-- 0.004641 s
currentSize : 10 <-- 0.004676 s
currentSize : 11 <-- 0.004704 s
currentSize : 12 <-- 0.004761 s
currentSize : 13 <-- 0.013339 s
currentSize : 14 <-- 0.013485 s
currentSize : 16 <-- 0.013528 s
currentSize : 17 <-- 0.013594 s

maxsize : 17
nodes : 222346.000000
filtered : 5841713.000000
time : 1.376257
