Parameters: GAD=1 vflib=1 dir=0 label=0 lowerbound=1 fileNameGp=../graphsdb/mcs70/bvg/b03m/mcs70_b03m_s30.A29 fileNameGt=../graphsdb/mcs70/bvg/b03m/mcs70_b03m_s30.B29
Reading graphs...
30 :  44
30 :  44
Initializing...
maxdom : 30
D->valSize : 900
Solving...
currentSize : 16 <-- 0.019391 s
currentSize : 17 <-- 0.028626 s
currentSize : 18 <-- 0.028896 s
currentSize : 19 <-- 0.283616 s
currentSize : 20 <-- 2.058151 s
currentSize : 21 <-- 2.059088 s
currentSize : 22 <-- 2.062930 s
currentSize : 23 <-- 17.862652 s

maxsize : 23
nodes : 1284020.000000
filtered : 39750074.000000
time : 33.715836
