Parameters: GAD=1 vflib=1 dir=0 label=0 lowerbound=1 fileNameGp=../graphsdb/mcs70/bvg/b09m/mcs70_b09m_s20.A85 fileNameGt=../graphsdb/mcs70/bvg/b09m/mcs70_b09m_s20.B85
Reading graphs...
20 :  85
20 :  83
Initializing...
maxdom : 20
D->valSize : 400
Solving...
currentSize : 8 <-- 0.003279 s
currentSize : 9 <-- 0.003316 s
currentSize : 10 <-- 0.003349 s
currentSize : 11 <-- 0.018440 s
currentSize : 13 <-- 0.187390 s
currentSize : 14 <-- 0.237405 s

maxsize : 14
nodes : 59018.000000
filtered : 1074528.000000
time : 0.275751
