Parameters: GAD=1 vflib=1 dir=0 label=0 lowerbound=1 fileNameGp=../graphsdb/mcs70/m4D/m4D/mcs70_m4D_s25.A80 fileNameGt=../graphsdb/mcs70/m4D/m4D/mcs70_m4D_s25.B80
Reading graphs...
25 :  47
25 :  47
Initializing...
maxdom : 25
D->valSize : 625
Solving...
currentSize : 9 <-- 0.009890 s
currentSize : 11 <-- 0.009955 s
currentSize : 12 <-- 0.011159 s
currentSize : 13 <-- 0.012603 s
currentSize : 14 <-- 0.018593 s
currentSize : 15 <-- 0.037208 s
currentSize : 16 <-- 0.044483 s
currentSize : 17 <-- 0.191363 s
currentSize : 18 <-- 0.191616 s
currentSize : 19 <-- 1.219806 s

maxsize : 19
nodes : 142774.000000
filtered : 3323820.000000
time : 2.016147
