Parameters: GAD=1 vflib=1 dir=0 label=0 lowerbound=1 fileNameGp=../graphsdb/mcs70/bvg/b06m/mcs70_b06m_s30.A82 fileNameGt=../graphsdb/mcs70/bvg/b06m/mcs70_b06m_s30.B82
Reading graphs...
30 :  89
30 :  87
Initializing...
maxdom : 30
D->valSize : 900
Solving...
currentSize : 14 <-- 0.010166 s
currentSize : 15 <-- 0.016057 s
currentSize : 16 <-- 0.017674 s
currentSize : 17 <-- 1.570578 s
currentSize : 18 <-- 44.397991 s
currentSize : 21 <-- 66.093513 s

maxsize : 21
nodes : 8113466.000000
filtered : 201914759.000000
time : 72.699440
