Parameters: GAD=1 vflib=1 dir=0 label=0 lowerbound=1 fileNameGp=../graphsdb/mcs70/m3D/m3D/mcs70_m3D_s35.A86 fileNameGt=../graphsdb/mcs70/m3D/m3D/mcs70_m3D_s35.B86
Reading graphs...
35 :  71
35 :  72
Initializing...
maxdom : 35
D->valSize : 1225
Solving...
currentSize : 19 <-- 0.035726 s
currentSize : 20 <-- 0.081002 s
currentSize : 21 <-- 0.486177 s
currentSize : 23 <-- 1.534317 s
currentSize : 24 <-- 4.787253 s
currentSize : 26 <-- 4.787333 s
currentSize : 27 <-- 4.787613 s
currentSize : 28 <-- 17.588776 s

maxsize : 28
nodes : 1443177.000000
filtered : 65538501.000000
time : 30.802368
