Parameters: GAD=1 vflib=1 dir=0 label=0 lowerbound=1 fileNameGp=../graphsdb/mcs70/m2D/m2Dr4/mcs70_m2Dr4_s25.A11 fileNameGt=../graphsdb/mcs70/m2D/m2Dr4/mcs70_m2Dr4_s25.B11
Reading graphs...
25 :  50
25 :  47
Initializing...
maxdom : 25
D->valSize : 625
Solving...
currentSize : 12 <-- 0.005156 s
currentSize : 13 <-- 0.013472 s
currentSize : 14 <-- 0.018037 s
currentSize : 15 <-- 0.053137 s
currentSize : 16 <-- 0.112457 s
currentSize : 17 <-- 0.711840 s

maxsize : 17
nodes : 1187952.000000
filtered : 27195921.000000
time : 10.031289
