Parameters: GAD=1 vflib=1 dir=0 label=0 lowerbound=1 fileNameGp=../graphsdb/mcs70/bvg/b06/mcs70_b06_s35.A36 fileNameGt=../graphsdb/mcs70/bvg/b06/mcs70_b06_s35.B36
Reading graphs...
35 :  103
35 :  103
Initializing...
maxdom : 35
D->valSize : 1225
Solving...
currentSize : 15 <-- 0.020233 s
currentSize : 16 <-- 0.020264 s
currentSize : 17 <-- 0.020325 s
currentSize : 18 <-- 0.027463 s
currentSize : 19 <-- 0.072773 s
currentSize : 20 <-- 0.094211 s
currentSize : 21 <-- 0.499770 s
currentSize : 22 <-- 0.501545 s
currentSize : 23 <-- 13.110314 s
currentSize : 24 <-- 13.168023 s
currentSize : 25 <-- 13.168118 s
currentSize : 26 <-- 25.197395 s

maxsize : 26
nodes : 3395122.000000
filtered : 161154012.000000
time : 61.315063
