Parameters: GAD=1 vflib=1 dir=0 label=0 lowerbound=1 fileNameGp=../graphsdb/mcs70/bvg/b09m/mcs70_b09m_s20.A00 fileNameGt=../graphsdb/mcs70/bvg/b09m/mcs70_b09m_s20.B00
Reading graphs...
20 :  81
20 :  84
Initializing...
maxdom : 20
D->valSize : 400
Solving...
currentSize : 9 <-- 0.001946 s
currentSize : 10 <-- 0.002395 s
currentSize : 11 <-- 0.087244 s
currentSize : 12 <-- 0.227777 s
currentSize : 13 <-- 0.227820 s
currentSize : 15 <-- 0.227861 s

maxsize : 15
nodes : 73614.000000
filtered : 866346.000000
time : 0.278156
