Parameters: GAD=1 vflib=1 dir=0 label=0 lowerbound=1 fileNameGp=../graphsdb/mcs70/rand/r005/mcs70_r005_s35.A64 fileNameGt=../graphsdb/mcs70/rand/r005/mcs70_r005_s35.B64
Reading graphs...
35 :  57
35 :  56
Initializing...
maxdom : 35
D->valSize : 1225
Solving...
currentSize : 16 <-- 0.036675 s
currentSize : 17 <-- 0.036706 s
currentSize : 18 <-- 0.036855 s
currentSize : 19 <-- 0.038067 s
currentSize : 20 <-- 0.065646 s
currentSize : 21 <-- 0.247049 s
currentSize : 22 <-- 0.250066 s
currentSize : 23 <-- 3.743684 s
currentSize : 24 <-- 11.413399 s
currentSize : 25 <-- 116.351837 s

maxsize : 25
nodes : 30274387.000000
filtered : 1194751032.000000
time : 878.795837
