Parameters: GAD=1 vflib=1 dir=0 label=0 lowerbound=1 fileNameGp=../graphsdb/mcs70/bvg/b09/mcs70_b09_s35.A72 fileNameGt=../graphsdb/mcs70/bvg/b09/mcs70_b09_s35.B72
Reading graphs...
35 :  156
35 :  154
Initializing...
maxdom : 35
D->valSize : 1225
Solving...
currentSize : 11 <-- 0.018284 s
currentSize : 12 <-- 0.019204 s
currentSize : 13 <-- 0.020189 s
currentSize : 14 <-- 0.027622 s
currentSize : 15 <-- 0.117116 s
currentSize : 16 <-- 0.283521 s
currentSize : 17 <-- 1.736004 s
currentSize : 20 <-- 2.320872 s
currentSize : 21 <-- 2.500963 s
currentSize : 23 <-- 2.501030 s
currentSize : 24 <-- 6.766642 s
currentSize : 25 <-- 8.033330 s

maxsize : 25
nodes : 2167632.000000
filtered : 95973604.000000
time : 22.254263
