Parameters: GAD=1 vflib=1 dir=0 label=0 lowerbound=1 fileNameGp=../graphsdb/mcs70/rand/r02/mcs70_r02_s30.A96 fileNameGt=../graphsdb/mcs70/rand/r02/mcs70_r02_s30.B96
Reading graphs...
30 :  159
30 :  157
Initializing...
maxdom : 30
D->valSize : 900
Solving...
currentSize : 10 <-- 0.015959 s
currentSize : 11 <-- 0.016046 s
currentSize : 12 <-- 0.016204 s
currentSize : 13 <-- 0.081831 s
currentSize : 14 <-- 3.682767 s
currentSize : 15 <-- 23.618931 s
currentSize : 17 <-- 26.543447 s
currentSize : 21 <-- 26.545961 s

maxsize : 21
nodes : 6091466.000000
filtered : 88828713.000000
time : 29.906784
