Parameters: GAD=1 vflib=1 dir=0 label=0 lowerbound=1 fileNameGp=../graphsdb/mcs70/rand/r005/mcs70_r005_s25.A33 fileNameGt=../graphsdb/mcs70/rand/r005/mcs70_r005_s25.B33
Reading graphs...
25 :  32
25 :  33
Initializing...
maxdom : 25
D->valSize : 625
Solving...
currentSize : 12 <-- 0.009558 s
currentSize : 13 <-- 0.022759 s
currentSize : 14 <-- 0.050277 s
currentSize : 17 <-- 0.222854 s
currentSize : 19 <-- 0.223175 s
currentSize : 20 <-- 1.692876 s

maxsize : 20
nodes : 119916.000000
filtered : 2287139.000000
time : 1.919112
