Parameters: GAD=1 vflib=1 dir=0 label=0 lowerbound=1 fileNameGp=../graphsdb/mcs70/bvg/b09m/mcs70_b09m_s20.A29 fileNameGt=../graphsdb/mcs70/bvg/b09m/mcs70_b09m_s20.B29
Reading graphs...
20 :  82
20 :  82
Initializing...
maxdom : 20
D->valSize : 400
Solving...
currentSize : 7 <-- 0.002019 s
currentSize : 8 <-- 0.002065 s
currentSize : 9 <-- 0.002334 s
currentSize : 10 <-- 0.002705 s
currentSize : 11 <-- 0.013341 s
currentSize : 12 <-- 0.051019 s
currentSize : 13 <-- 0.082405 s
currentSize : 14 <-- 0.147887 s

maxsize : 14
nodes : 40161.000000
filtered : 839002.000000
time : 0.201786
