Parameters: GAD=1 vflib=1 dir=0 label=0 lowerbound=1 fileNameGp=../graphsdb/mcs70/bvg/b09m/mcs70_b09m_s25.A64 fileNameGt=../graphsdb/mcs70/bvg/b09m/mcs70_b09m_s25.B64
Reading graphs...
25 :  105
25 :  105
Initializing...
maxdom : 25
D->valSize : 625
Solving...
currentSize : 9 <-- 0.007698 s
currentSize : 10 <-- 0.008662 s
currentSize : 11 <-- 0.008803 s
currentSize : 12 <-- 0.029698 s
currentSize : 13 <-- 0.149399 s
currentSize : 14 <-- 6.211191 s
currentSize : 16 <-- 6.213398 s
currentSize : 17 <-- 6.213456 s

maxsize : 17
nodes : 1477806.000000
filtered : 19824725.000000
time : 7.026530
