Parameters: GAD=1 vflib=1 dir=0 label=0 lowerbound=1 fileNameGp=../graphsdb/mcs70/bvg/b03m/mcs70_b03m_s30.A96 fileNameGt=../graphsdb/mcs70/bvg/b03m/mcs70_b03m_s30.B96
Reading graphs...
30 :  44
30 :  44
Initializing...
maxdom : 30
D->valSize : 900
Solving...
currentSize : 16 <-- 0.019370 s
currentSize : 17 <-- 0.019713 s
currentSize : 18 <-- 0.058763 s
currentSize : 19 <-- 1.210444 s
currentSize : 20 <-- 31.952660 s
currentSize : 21 <-- 37.125637 s
currentSize : 22 <-- 66.708275 s
currentSize : 23 <-- 71.159073 s

maxsize : 23
nodes : 5235848.000000
filtered : 97499045.000000
time : 90.688339
