Parameters: GAD=1 vflib=1 dir=0 label=0 lowerbound=1 fileNameGp=../graphsdb/mcs70/m4D/m4D/mcs70_m4D_s25.A83 fileNameGt=../graphsdb/mcs70/m4D/m4D/mcs70_m4D_s25.B83
Reading graphs...
25 :  46
25 :  47
Initializing...
maxdom : 25
D->valSize : 625
Solving...
currentSize : 6 <-- 0.009054 s
currentSize : 10 <-- 0.009130 s
currentSize : 11 <-- 0.009190 s
currentSize : 12 <-- 0.009616 s
currentSize : 13 <-- 0.020572 s
currentSize : 14 <-- 0.036934 s
currentSize : 16 <-- 0.038576 s
currentSize : 17 <-- 0.113438 s
currentSize : 18 <-- 0.120138 s
currentSize : 19 <-- 0.643101 s

maxsize : 19
nodes : 76800.000000
filtered : 2484375.000000
time : 1.729573
