Parameters: GAD=1 vflib=1 dir=0 label=0 lowerbound=1 fileNameGp=../graphsdb/mcs70/m4D/m4Dr2/mcs70_m4Dr2_s25.A16 fileNameGt=../graphsdb/mcs70/m4D/m4Dr2/mcs70_m4Dr2_s25.B16
Reading graphs...
25 :  51
25 :  50
Initializing...
maxdom : 25
D->valSize : 625
Solving...
currentSize : 12 <-- 0.005007 s
currentSize : 13 <-- 0.005058 s
currentSize : 14 <-- 0.005196 s
currentSize : 15 <-- 0.078348 s
currentSize : 16 <-- 0.254790 s
currentSize : 17 <-- 0.388854 s

maxsize : 17
nodes : 555137.000000
filtered : 13996440.000000
time : 7.149150
