Parameters: GAD=1 vflib=1 dir=0 label=0 lowerbound=1 fileNameGp=../graphsdb/mcs70/m2D/m2Dr6/m2Dr6/mcs70_m2Dr6_s25.A47 fileNameGt=../graphsdb/mcs70/m2D/m2Dr6/m2Dr6/mcs70_m2Dr6_s25.B47
Reading graphs...
25 :  53
25 :  52
Initializing...
maxdom : 25
D->valSize : 625
Solving...
currentSize : 9 <-- 0.008876 s
currentSize : 11 <-- 0.008903 s
currentSize : 13 <-- 0.009163 s
currentSize : 14 <-- 0.010008 s
currentSize : 15 <-- 0.046807 s
currentSize : 16 <-- 0.334410 s
currentSize : 17 <-- 0.903741 s

maxsize : 17
nodes : 662128.000000
filtered : 15868575.000000
time : 6.155742
