Parameters: GAD=1 vflib=1 dir=0 label=0 lowerbound=1 fileNameGp=../graphsdb/mcs70/rand/r005/mcs70_r005_s30.A23 fileNameGt=../graphsdb/mcs70/rand/r005/mcs70_r005_s30.B23
Reading graphs...
30 :  42
30 :  42
Initializing...
maxdom : 30
D->valSize : 900
Solving...
currentSize : 15 <-- 0.019891 s
currentSize : 18 <-- 0.019920 s
currentSize : 20 <-- 0.020159 s
currentSize : 21 <-- 5.927930 s
currentSize : 22 <-- 30.007732 s
currentSize : 23 <-- 35.343231 s

maxsize : 23
nodes : 1979926.000000
filtered : 52910439.000000
time : 53.895130
