Parameters: GAD=1 vflib=1 dir=0 label=0 lowerbound=1 fileNameGp=../graphsdb/mcs70/m2D/m2Dr2/mcs70_m2Dr2_s35.A48 fileNameGt=../graphsdb/mcs70/m2D/m2Dr2/mcs70_m2Dr2_s35.B48
Reading graphs...
35 :  65
35 :  65
Initializing...
maxdom : 35
D->valSize : 1225
Solving...
currentSize : 20 <-- 0.025826 s
currentSize : 21 <-- 0.026563 s
currentSize : 22 <-- 0.036600 s
currentSize : 23 <-- 0.067795 s
currentSize : 24 <-- 75.516800 s
currentSize : 26 <-- 1319.650269 s

maxsize : 26
nodes : 67734939.000000
filtered : 2440270457.000000
time : 1536.994995
