Parameters: GAD=1 vflib=1 dir=0 label=0 lowerbound=1 fileNameGp=../graphsdb/mcs70/rand/r005/mcs70_r005_s35.A22 fileNameGt=../graphsdb/mcs70/rand/r005/mcs70_r005_s35.B22
Reading graphs...
35 :  56
35 :  57
Initializing...
maxdom : 35
D->valSize : 1225
Solving...
currentSize : 18 <-- 0.026672 s
currentSize : 19 <-- 0.026700 s
currentSize : 20 <-- 0.026713 s
currentSize : 21 <-- 0.128701 s
currentSize : 22 <-- 0.132912 s
currentSize : 23 <-- 8.094913 s
currentSize : 24 <-- 67.670975 s
currentSize : 25 <-- 70.455673 s

maxsize : 25
nodes : 42665443.000000
filtered : 1409416832.000000
time : 1002.084167
