Parameters: GAD=1 vflib=1 dir=0 label=0 lowerbound=1 fileNameGp=../graphsdb/mcs70/bvg/b03/mcs70_b03_s35.A74 fileNameGt=../graphsdb/mcs70/bvg/b03/mcs70_b03_s35.B74
Reading graphs...
35 :  52
35 :  52
Initializing...
maxdom : 35
D->valSize : 1225
Solving...
currentSize : 19 <-- 0.036427 s
currentSize : 20 <-- 0.036461 s
currentSize : 21 <-- 0.038424 s
currentSize : 22 <-- 0.053082 s
currentSize : 23 <-- 0.055834 s
currentSize : 24 <-- 0.204960 s
currentSize : 25 <-- 0.270322 s
currentSize : 26 <-- 41.757500 s
currentSize : 27 <-- 98.818481 s
currentSize : 28 <-- 145.086121 s

maxsize : 28
nodes : 4844042.000000
filtered : 188864659.000000
time : 235.853745
