Parameters: GAD=1 vflib=1 dir=0 label=0 lowerbound=1 fileNameGp=../graphsdb/mcs70/m3D/m3Dr6/mcs70_m3Dr6_s35.A06 fileNameGt=../graphsdb/mcs70/m3D/m3Dr6/mcs70_m3Dr6_s35.B06
Reading graphs...
35 :  92
35 :  91
Initializing...
maxdom : 35
D->valSize : 1225
Solving...
currentSize : 12 <-- 0.019726 s
currentSize : 13 <-- 0.019798 s
currentSize : 14 <-- 0.019942 s
currentSize : 15 <-- 0.020124 s
currentSize : 16 <-- 0.020152 s
currentSize : 17 <-- 0.027830 s
currentSize : 18 <-- 0.030115 s
currentSize : 19 <-- 0.136658 s
currentSize : 20 <-- 5.197664 s
currentSize : 21 <-- 29.236048 s
currentSize : 22 <-- 53.226841 s
currentSize : 23 <-- 296.486206 s
currentSize : 24 <-- 337.901031 s
currentSize : 25 <-- 337.901123 s
currentSize : 27 <-- 337.901184 s

maxsize : 27
nodes : 30876055.000000
filtered : 980631325.000000
time : 353.821686
