Parameters: GAD=1 vflib=1 dir=0 label=0 lowerbound=1 fileNameGp=../graphsdb/mcs70/bvg/b03/mcs70_b03_s30.A80 fileNameGt=../graphsdb/mcs70/bvg/b03/mcs70_b03_s30.B80
Reading graphs...
30 :  45
30 :  45
Initializing...
maxdom : 30
D->valSize : 900
Solving...
currentSize : 17 <-- 0.011354 s
currentSize : 20 <-- 0.011404 s
currentSize : 21 <-- 1.601048 s
currentSize : 22 <-- 1.601081 s
currentSize : 23 <-- 5.327034 s
currentSize : 24 <-- 22.052166 s

maxsize : 24
nodes : 752462.000000
filtered : 27446815.000000
time : 27.835194
