Parameters: GAD=1 vflib=1 dir=0 label=0 lowerbound=1 fileNameGp=../graphsdb/mcs70/bvg/b09m/mcs70_b09m_s35.A42 fileNameGt=../graphsdb/mcs70/bvg/b09m/mcs70_b09m_s35.B42
Reading graphs...
35 :  153
35 :  152
Initializing...
maxdom : 35
D->valSize : 1225
Solving...
currentSize : 11 <-- 0.018186 s
currentSize : 12 <-- 0.018234 s
currentSize : 13 <-- 0.018271 s
currentSize : 14 <-- 0.020678 s
currentSize : 15 <-- 0.021818 s
currentSize : 16 <-- 0.022709 s
currentSize : 17 <-- 0.030311 s
currentSize : 18 <-- 53.647404 s
currentSize : 21 <-- 278.695007 s
currentSize : 22 <-- 301.749268 s
currentSize : 24 <-- 301.749390 s

maxsize : 24
nodes : 45493092.000000
filtered : 1122187658.000000
time : 324.674866
