Parameters: GAD=1 vflib=1 dir=0 label=0 lowerbound=1 fileNameGp=../graphsdb/mcs70/bvg/b09m/mcs70_b09m_s25.A81 fileNameGt=../graphsdb/mcs70/bvg/b09m/mcs70_b09m_s25.B81
Reading graphs...
25 :  107
25 :  108
Initializing...
maxdom : 25
D->valSize : 625
Solving...
currentSize : 8 <-- 0.004473 s
currentSize : 9 <-- 0.004521 s
currentSize : 10 <-- 0.004565 s
currentSize : 11 <-- 0.007983 s
currentSize : 12 <-- 0.013558 s
currentSize : 13 <-- 0.173112 s
currentSize : 16 <-- 3.600908 s

maxsize : 16
nodes : 971979.000000
filtered : 16023019.000000
time : 4.875906
