Parameters: GAD=1 vflib=1 dir=0 label=0 lowerbound=1 fileNameGp=../graphsdb/mcs70/bvg/b09m/mcs70_b09m_s15.A30 fileNameGt=../graphsdb/mcs70/bvg/b09m/mcs70_b09m_s15.B30
Reading graphs...
15 :  61
15 :  60
Initializing...
maxdom : 15
D->valSize : 225
Solving...
currentSize : 6 <-- 0.000815 s
currentSize : 7 <-- 0.000891 s
currentSize : 8 <-- 0.000934 s
currentSize : 9 <-- 0.001005 s
currentSize : 10 <-- 0.001145 s
currentSize : 11 <-- 0.004170 s

maxsize : 11
nodes : 2716.000000
filtered : 67812.000000
time : 0.014179
