Parameters: GAD=1 vflib=1 dir=0 label=0 lowerbound=1 fileNameGp=../graphsdb/mcs70/bvg/b03m/mcs70_b03m_s25.A60 fileNameGt=../graphsdb/mcs70/bvg/b03m/mcs70_b03m_s25.B60
Reading graphs...
25 :  36
25 :  35
Initializing...
maxdom : 25
D->valSize : 625
Solving...
currentSize : 15 <-- 0.005312 s
currentSize : 16 <-- 0.049027 s
currentSize : 17 <-- 0.185314 s
currentSize : 18 <-- 0.364233 s
currentSize : 19 <-- 1.396809 s
currentSize : 20 <-- 1.782649 s

maxsize : 20
nodes : 136631.000000
filtered : 2770144.000000
time : 2.416839
