Parameters: GAD=1 vflib=1 dir=0 label=0 lowerbound=1 fileNameGp=../graphsdb/mcs70/bvg/b09/mcs70_b09_s35.A34 fileNameGt=../graphsdb/mcs70/bvg/b09/mcs70_b09_s35.B34
Reading graphs...
35 :  153
35 :  157
Initializing...
maxdom : 35
D->valSize : 1225
Solving...
currentSize : 12 <-- 0.031057 s
currentSize : 13 <-- 0.031107 s
currentSize : 14 <-- 0.031342 s
currentSize : 15 <-- 0.052888 s
currentSize : 16 <-- 0.114301 s
currentSize : 17 <-- 0.118849 s
currentSize : 18 <-- 0.150681 s
currentSize : 19 <-- 0.154219 s
currentSize : 21 <-- 0.154264 s
currentSize : 22 <-- 0.325849 s
currentSize : 23 <-- 0.598038 s
currentSize : 24 <-- 20.928976 s

maxsize : 24
nodes : 5008972.000000
filtered : 216004516.000000
time : 50.253632
