Parameters: GAD=1 vflib=1 dir=0 label=0 lowerbound=1 fileNameGp=../graphsdb/mcs70/bvg/b09/mcs70_b09_s30.A38 fileNameGt=../graphsdb/mcs70/bvg/b09/mcs70_b09_s30.B38
Reading graphs...
30 :  132
30 :  133
Initializing...
maxdom : 30
D->valSize : 900
Solving...
currentSize : 8 <-- 0.009916 s
currentSize : 9 <-- 0.010323 s
currentSize : 10 <-- 0.013555 s
currentSize : 11 <-- 0.029543 s
currentSize : 12 <-- 0.029581 s
currentSize : 13 <-- 0.132290 s
currentSize : 14 <-- 0.408080 s
currentSize : 15 <-- 0.480619 s
currentSize : 16 <-- 0.481010 s
currentSize : 17 <-- 0.481094 s
currentSize : 20 <-- 0.486757 s
currentSize : 21 <-- 0.832142 s

maxsize : 21
nodes : 505462.000000
filtered : 17343767.000000
time : 4.306990
