Parameters: GAD=1 vflib=1 dir=0 label=0 lowerbound=1 fileNameGp=../graphsdb/mcs70/bvg/b06/mcs70_b06_s20.A14 fileNameGt=../graphsdb/mcs70/bvg/b06/mcs70_b06_s20.B14
Reading graphs...
20 :  60
20 :  60
Initializing...
maxdom : 20
D->valSize : 400
Solving...
currentSize : 8 <-- 0.002269 s
currentSize : 9 <-- 0.002285 s
currentSize : 11 <-- 0.002562 s
currentSize : 12 <-- 0.002665 s
currentSize : 13 <-- 0.005363 s
currentSize : 14 <-- 0.005652 s
currentSize : 15 <-- 0.016664 s

maxsize : 15
nodes : 13648.000000
filtered : 325754.000000
time : 0.091694
