Parameters: GAD=1 vflib=1 dir=0 label=0 lowerbound=1 fileNameGp=../graphsdb/mcs70/bvg/b06m/mcs70_b06m_s35.A63 fileNameGt=../graphsdb/mcs70/bvg/b06m/mcs70_b06m_s35.B63
Reading graphs...
35 :  102
35 :  101
Initializing...
maxdom : 35
D->valSize : 1225
Solving...
currentSize : 14 <-- 0.019063 s
currentSize : 15 <-- 0.019496 s
currentSize : 16 <-- 0.019938 s
currentSize : 17 <-- 0.021650 s
currentSize : 18 <-- 0.073255 s
currentSize : 19 <-- 11.200964 s
currentSize : 20 <-- 20.692560 s
currentSize : 21 <-- 117.507645 s
currentSize : 22 <-- 184.587387 s
currentSize : 24 <-- 618.842224 s
currentSize : 25 <-- 618.843384 s

maxsize : 25
nodes : 41263412.000000
filtered : 1461264554.000000
time : 644.805176
