Parameters: GAD=1 vflib=1 dir=0 label=0 lowerbound=1 fileNameGp=../graphsdb/mcs70/bvg/b06m/mcs70_b06m_s35.A67 fileNameGt=../graphsdb/mcs70/bvg/b06m/mcs70_b06m_s35.B67
Reading graphs...
35 :  104
35 :  104
Initializing...
maxdom : 35
D->valSize : 1225
Solving...
currentSize : 12 <-- 0.019431 s
currentSize : 14 <-- 0.019485 s
currentSize : 15 <-- 0.019787 s
currentSize : 16 <-- 0.019804 s
currentSize : 17 <-- 0.032646 s
currentSize : 18 <-- 0.035235 s
currentSize : 19 <-- 0.036879 s
currentSize : 20 <-- 0.060394 s
currentSize : 21 <-- 247.055618 s
currentSize : 22 <-- 247.544022 s
currentSize : 23 <-- 348.523621 s
currentSize : 24 <-- 348.523651 s

maxsize : 24
nodes : 37554778.000000
filtered : 1367763740.000000
time : 470.684174
