Parameters: GAD=1 vflib=1 dir=0 label=0 lowerbound=1 fileNameGp=../graphsdb/mcs70/bvg/b09m/mcs70_b09m_s35.A64 fileNameGt=../graphsdb/mcs70/bvg/b09m/mcs70_b09m_s35.B64
Reading graphs...
35 :  149
35 :  149
Initializing...
maxdom : 35
D->valSize : 1225
Solving...
currentSize : 12 <-- 0.031739 s
currentSize : 13 <-- 0.031801 s
currentSize : 14 <-- 0.040667 s
currentSize : 15 <-- 0.106802 s
currentSize : 16 <-- 0.176732 s
currentSize : 17 <-- 6.090999 s
currentSize : 18 <-- 418.653687 s
currentSize : 19 <-- 475.143524 s
currentSize : 21 <-- 651.010437 s
currentSize : 24 <-- 651.212952 s

maxsize : 24
nodes : 98263768.000000
filtered : 2100241186.000000
time : 683.958069
