Parameters: GAD=1 vflib=1 dir=0 label=0 lowerbound=1 fileNameGp=../graphsdb/mcs70/bvg/b03m/mcs70_b03m_s20.A62 fileNameGt=../graphsdb/mcs70/bvg/b03m/mcs70_b03m_s20.B62
Reading graphs...
20 :  30
20 :  30
Initializing...
maxdom : 20
D->valSize : 400
Solving...
currentSize : 11 <-- 0.002265 s
currentSize : 12 <-- 0.002283 s
currentSize : 13 <-- 0.004369 s
currentSize : 14 <-- 0.010855 s
currentSize : 15 <-- 0.014104 s
currentSize : 16 <-- 0.028227 s

maxsize : 16
nodes : 6695.000000
filtered : 162762.000000
time : 0.086990
