Parameters: GAD=1 vflib=1 dir=0 label=0 lowerbound=1 fileNameGp=../graphsdb/mcs70/rand/r01/mcs70_r01_s35.A16 fileNameGt=../graphsdb/mcs70/rand/r01/mcs70_r01_s35.B16
Reading graphs...
35 :  112
35 :  110
Initializing...
maxdom : 35
D->valSize : 1225
Solving...
currentSize : 14 <-- 0.024410 s
currentSize : 15 <-- 0.024445 s
currentSize : 16 <-- 0.025197 s
currentSize : 17 <-- 0.027106 s
currentSize : 18 <-- 0.066878 s
currentSize : 19 <-- 0.343514 s
currentSize : 20 <-- 16.688744 s
currentSize : 21 <-- 16.695971 s
currentSize : 22 <-- 16.753378 s
currentSize : 24 <-- 16.914347 s

maxsize : 24
nodes : 10936944.000000
filtered : 496089560.000000
time : 143.660721
