Parameters: GAD=1 vflib=1 dir=0 label=0 lowerbound=1 fileNameGp=../graphsdb/mcs70/m3D/m3Dr6/mcs70_m3Dr6_s35.A63 fileNameGt=../graphsdb/mcs70/m3D/m3Dr6/mcs70_m3Dr6_s35.B63
Reading graphs...
35 :  91
35 :  88
Initializing...
maxdom : 35
D->valSize : 1225
Solving...
currentSize : 14 <-- 0.034598 s
currentSize : 15 <-- 0.034654 s
currentSize : 16 <-- 0.034763 s
currentSize : 17 <-- 0.034837 s
currentSize : 18 <-- 0.035476 s
currentSize : 19 <-- 0.064232 s
currentSize : 20 <-- 0.296711 s
currentSize : 21 <-- 19.393900 s
currentSize : 22 <-- 141.302612 s
currentSize : 23 <-- 317.841675 s
currentSize : 27 <-- 353.721100 s

maxsize : 27
nodes : 36242507.000000
filtered : 1041748549.000000
time : 369.002197
