Parameters: GAD=1 vflib=1 dir=0 label=0 lowerbound=1 fileNameGp=../graphsdb/mcs70/m4D/m4Dr4/mcs70_m4Dr4_s25.A43 fileNameGt=../graphsdb/mcs70/m4D/m4Dr4/mcs70_m4Dr4_s25.B43
Reading graphs...
25 :  54
25 :  55
Initializing...
maxdom : 25
D->valSize : 625
Solving...
currentSize : 10 <-- 0.008656 s
currentSize : 11 <-- 0.008730 s
currentSize : 12 <-- 0.009655 s
currentSize : 13 <-- 0.009832 s
currentSize : 14 <-- 0.011143 s
currentSize : 15 <-- 0.013578 s
currentSize : 16 <-- 0.965070 s
currentSize : 17 <-- 1.843359 s
currentSize : 18 <-- 1.843412 s

maxsize : 18
nodes : 382505.000000
filtered : 8570323.000000
time : 3.500019
