Parameters: GAD=1 vflib=1 dir=0 label=0 lowerbound=1 fileNameGp=../graphsdb/mcs70/bvg/b03m/mcs70_b03m_s25.A89 fileNameGt=../graphsdb/mcs70/bvg/b03m/mcs70_b03m_s25.B89
Reading graphs...
25 :  36
25 :  36
Initializing...
maxdom : 25
D->valSize : 625
Solving...
currentSize : 12 <-- 0.005619 s
currentSize : 15 <-- 0.006039 s
currentSize : 16 <-- 0.127689 s
currentSize : 17 <-- 2.748984 s
currentSize : 18 <-- 4.704607 s
currentSize : 19 <-- 5.744399 s

maxsize : 19
nodes : 628076.000000
filtered : 11156899.000000
time : 8.463914
