Parameters: GAD=1 vflib=1 dir=0 label=0 lowerbound=1 fileNameGp=../graphsdb/mcs70/rand/r02/mcs70_r02_s30.A21 fileNameGt=../graphsdb/mcs70/rand/r02/mcs70_r02_s30.B21
Reading graphs...
30 :  156
30 :  150
Initializing...
maxdom : 30
D->valSize : 900
Solving...
currentSize : 9 <-- 0.016157 s
currentSize : 10 <-- 0.016192 s
currentSize : 11 <-- 0.016233 s
currentSize : 13 <-- 0.017553 s
currentSize : 14 <-- 10.243825 s
currentSize : 15 <-- 45.988289 s
currentSize : 16 <-- 48.878143 s
currentSize : 17 <-- 59.040863 s
currentSize : 18 <-- 76.850601 s
currentSize : 21 <-- 76.850792 s

maxsize : 21
nodes : 16639109.000000
filtered : 232294191.000000
time : 80.559166
