Parameters: GAD=1 vflib=1 dir=0 label=0 lowerbound=1 fileNameGp=../graphsdb/mcs70/m2D/m2Dr2/mcs70_m2Dr2_s35.A34 fileNameGt=../graphsdb/mcs70/m2D/m2Dr2/mcs70_m2Dr2_s35.B34
Reading graphs...
35 :  65
35 :  64
Initializing...
maxdom : 35
D->valSize : 1225
Solving...
currentSize : 14 <-- 0.024772 s
currentSize : 18 <-- 0.024805 s
currentSize : 19 <-- 0.024822 s
currentSize : 20 <-- 0.030523 s
currentSize : 21 <-- 0.063446 s
currentSize : 22 <-- 0.228785 s
currentSize : 23 <-- 0.236968 s
currentSize : 24 <-- 76.121307 s
currentSize : 25 <-- 1358.663574 s

maxsize : 25
nodes : 86329541.000000
filtered : 3117485874.000000
time : 1904.592651
