Parameters: GAD=1 vflib=1 dir=0 label=0 lowerbound=1 fileNameGp=../graphsdb/mcs70/m2D/m2Dr4/mcs70_m2Dr4_s25.A81 fileNameGt=../graphsdb/mcs70/m2D/m2Dr4/mcs70_m2Dr4_s25.B81
Reading graphs...
25 :  50
25 :  50
Initializing...
maxdom : 25
D->valSize : 625
Solving...
currentSize : 12 <-- 0.005056 s
currentSize : 13 <-- 0.006284 s
currentSize : 14 <-- 0.018463 s
currentSize : 15 <-- 0.042518 s
currentSize : 16 <-- 0.131279 s
currentSize : 17 <-- 0.726175 s

maxsize : 17
nodes : 763590.000000
filtered : 18741546.000000
time : 8.142766
