Parameters: GAD=1 vflib=1 dir=0 label=0 lowerbound=1 fileNameGp=../graphsdb/mcs70/bvg/b06m/mcs70_b06m_s20.A67 fileNameGt=../graphsdb/mcs70/bvg/b06m/mcs70_b06m_s20.B67
Reading graphs...
20 :  60
20 :  60
Initializing...
maxdom : 20
D->valSize : 400
Solving...
currentSize : 8 <-- 0.002040 s
currentSize : 9 <-- 0.002400 s
currentSize : 10 <-- 0.002525 s
currentSize : 11 <-- 0.012800 s
currentSize : 12 <-- 0.040770 s
currentSize : 14 <-- 0.132663 s

maxsize : 14
nodes : 40523.000000
filtered : 747310.000000
time : 0.211460
