Parameters: GAD=1 vflib=1 dir=0 label=0 lowerbound=1 fileNameGp=../graphsdb/mcs70/rand/r02/mcs70_r02_s30.A54 fileNameGt=../graphsdb/mcs70/rand/r02/mcs70_r02_s30.B54
Reading graphs...
30 :  158
30 :  157
Initializing...
maxdom : 30
D->valSize : 900
Solving...
currentSize : 11 <-- 0.009265 s
currentSize : 12 <-- 0.010925 s
currentSize : 13 <-- 0.077473 s
currentSize : 14 <-- 2.082219 s
currentSize : 15 <-- 124.553520 s
currentSize : 16 <-- 151.374146 s
currentSize : 17 <-- 162.818359 s
currentSize : 21 <-- 162.966690 s

maxsize : 21
nodes : 34459237.000000
filtered : 450010783.000000
time : 165.782394
