Parameters: GAD=1 vflib=1 dir=0 label=0 lowerbound=1 fileNameGp=../graphsdb/mcs70/m2D/m2Dr6/m2Dr6/mcs70_m2Dr6_s35.A63 fileNameGt=../graphsdb/mcs70/m2D/m2Dr6/m2Dr6/mcs70_m2Dr6_s35.B63
Reading graphs...
35 :  78
35 :  78
Initializing...
maxdom : 35
D->valSize : 1225
Solving...
currentSize : 14 <-- 0.020110 s
currentSize : 15 <-- 0.020189 s
currentSize : 16 <-- 0.027140 s
currentSize : 17 <-- 0.027835 s
currentSize : 18 <-- 0.136513 s
currentSize : 19 <-- 0.408347 s
currentSize : 20 <-- 7.464881 s
currentSize : 21 <-- 10.711230 s
currentSize : 22 <-- 155.711731 s
currentSize : 23 <-- 1059.268555 s
currentSize : 24 <-- 1059.269043 s
currentSize : 25 <-- 1060.260132 s

maxsize : 25
nodes : 96482848.000000
filtered : 2809624326.000000
time : 1341.638306
