Parameters: GAD=1 vflib=1 dir=0 label=0 lowerbound=1 fileNameGp=../graphsdb/mcs70/m4D/m4Dr4/mcs70_m4Dr4_s25.A34 fileNameGt=../graphsdb/mcs70/m4D/m4Dr4/mcs70_m4Dr4_s25.B34
Reading graphs...
25 :  56
25 :  55
Initializing...
maxdom : 25
D->valSize : 625
Solving...
currentSize : 11 <-- 0.005100 s
currentSize : 12 <-- 0.005486 s
currentSize : 13 <-- 0.011860 s
currentSize : 14 <-- 0.011945 s
currentSize : 15 <-- 0.021452 s
currentSize : 16 <-- 0.021500 s
currentSize : 17 <-- 0.889131 s
currentSize : 18 <-- 1.183380 s
currentSize : 19 <-- 1.183434 s

maxsize : 19
nodes : 193544.000000
filtered : 4930351.000000
time : 2.070523
