Parameters: GAD=1 vflib=1 dir=0 label=0 lowerbound=1 fileNameGp=../graphsdb/mcs70/rand/r01/mcs70_r01_s30.A05 fileNameGt=../graphsdb/mcs70/rand/r01/mcs70_r01_s30.B05
Reading graphs...
30 :  80
30 :  82
Initializing...
maxdom : 30
D->valSize : 900
Solving...
currentSize : 11 <-- 0.010417 s
currentSize : 12 <-- 0.010450 s
currentSize : 14 <-- 0.011837 s
currentSize : 15 <-- 0.026389 s
currentSize : 16 <-- 0.046138 s
currentSize : 17 <-- 0.431797 s
currentSize : 18 <-- 4.488401 s
currentSize : 19 <-- 31.168983 s
currentSize : 20 <-- 31.169046 s
currentSize : 21 <-- 31.170321 s

maxsize : 21
nodes : 3971651.000000
filtered : 113908970.000000
time : 38.816010
