Parameters: GAD=1 vflib=1 dir=0 label=0 lowerbound=1 fileNameGp=../graphsdb/mcs70/m3D/m3Dr6/mcs70_m3Dr6_s35.A89 fileNameGt=../graphsdb/mcs70/m3D/m3Dr6/mcs70_m3Dr6_s35.B89
Reading graphs...
35 :  91
35 :  92
Initializing...
maxdom : 35
D->valSize : 1225
Solving...
currentSize : 16 <-- 0.019508 s
currentSize : 17 <-- 0.019530 s
currentSize : 18 <-- 0.022493 s
currentSize : 19 <-- 0.057626 s
currentSize : 20 <-- 0.135113 s
currentSize : 21 <-- 54.991402 s
currentSize : 22 <-- 377.578979 s
currentSize : 23 <-- 1389.414185 s
currentSize : 27 <-- 1392.103149 s

maxsize : 27
nodes : 133541229.000000
filtered : 3986240141.000000
time : 1409.287964
