Parameters: GAD=1 vflib=1 dir=0 label=0 lowerbound=1 fileNameGp=../graphsdb/mcs70/m2D/m2D/mcs70_m2D_s25.A47 fileNameGt=../graphsdb/mcs70/m2D/m2D/mcs70_m2D_s25.B47
Reading graphs...
25 :  39
25 :  40
Initializing...
maxdom : 25
D->valSize : 625
Solving...
currentSize : 9 <-- 0.005349 s
currentSize : 11 <-- 0.005379 s
currentSize : 12 <-- 0.005391 s
currentSize : 13 <-- 0.005719 s
currentSize : 14 <-- 0.022463 s
currentSize : 15 <-- 0.022472 s
currentSize : 16 <-- 0.116416 s
currentSize : 17 <-- 0.729762 s
currentSize : 18 <-- 1.772859 s
currentSize : 19 <-- 2.349838 s

maxsize : 19
nodes : 321986.000000
filtered : 7134085.000000
time : 5.199124
