Parameters: GAD=1 vflib=1 dir=0 label=0 lowerbound=1 fileNameGp=../graphsdb/mcs70/m3D/m3Dr6/mcs70_m3Dr6_s35.A26 fileNameGt=../graphsdb/mcs70/m3D/m3Dr6/mcs70_m3Dr6_s35.B26
Reading graphs...
35 :  91
35 :  89
Initializing...
maxdom : 35
D->valSize : 1225
Solving...
currentSize : 15 <-- 0.019522 s
currentSize : 16 <-- 0.021080 s
currentSize : 17 <-- 0.118207 s
currentSize : 18 <-- 0.472983 s
currentSize : 19 <-- 1.728670 s
currentSize : 20 <-- 7.325342 s
currentSize : 21 <-- 19.196514 s
currentSize : 22 <-- 542.212036 s
currentSize : 23 <-- 914.513977 s
currentSize : 27 <-- 914.586914 s

maxsize : 27
nodes : 78892586.000000
filtered : 2285970104.000000
time : 933.025391
