Parameters: GAD=1 vflib=1 dir=0 label=0 lowerbound=1 fileNameGp=../graphsdb/mcs70/m3D/m3Dr2/mcs70_m3Dr2_s35.A87 fileNameGt=../graphsdb/mcs70/m3D/m3Dr2/mcs70_m3Dr2_s35.B87
Reading graphs...
35 :  78
35 :  78
Initializing...
maxdom : 35
D->valSize : 1225
Solving...
currentSize : 16 <-- 0.019962 s
currentSize : 17 <-- 0.020095 s
currentSize : 18 <-- 0.020702 s
currentSize : 19 <-- 0.021005 s
currentSize : 20 <-- 0.021143 s
currentSize : 21 <-- 0.218753 s
currentSize : 22 <-- 0.529881 s
currentSize : 23 <-- 322.855316 s
currentSize : 24 <-- 337.779449 s
currentSize : 26 <-- 338.064117 s
currentSize : 27 <-- 374.143646 s

maxsize : 27
nodes : 33449356.000000
filtered : 962855091.000000
time : 432.304810
