Parameters: GAD=1 vflib=1 dir=0 label=0 lowerbound=1 fileNameGp=../graphsdb/mcs70/bvg/b09/mcs70_b09_s30.A01 fileNameGt=../graphsdb/mcs70/bvg/b09/mcs70_b09_s30.B01
Reading graphs...
30 :  133
30 :  133
Initializing...
maxdom : 30
D->valSize : 900
Solving...
currentSize : 11 <-- 0.009482 s
currentSize : 14 <-- 0.009827 s
currentSize : 16 <-- 0.012570 s
currentSize : 17 <-- 0.015770 s
currentSize : 18 <-- 0.881755 s
currentSize : 19 <-- 1.037799 s
currentSize : 20 <-- 6.081435 s

maxsize : 20
nodes : 1558456.000000
filtered : 53021679.000000
time : 11.986253
