Parameters: GAD=1 vflib=1 dir=0 label=0 lowerbound=1 fileNameGp=../graphsdb/mcs70/bvg/b06/mcs70_b06_s35.A55 fileNameGt=../graphsdb/mcs70/bvg/b06/mcs70_b06_s35.B55
Reading graphs...
35 :  104
35 :  103
Initializing...
maxdom : 35
D->valSize : 1225
Solving...
currentSize : 19 <-- 0.033866 s
currentSize : 20 <-- 0.033892 s
currentSize : 21 <-- 2.458552 s
currentSize : 22 <-- 3.167471 s
currentSize : 24 <-- 3.300099 s
currentSize : 26 <-- 3.827227 s

maxsize : 26
nodes : 1776048.000000
filtered : 88401156.000000
time : 38.063408
