Parameters: GAD=1 vflib=1 dir=0 label=0 lowerbound=1 fileNameGp=../graphsdb/mcs70/bvg/b09m/mcs70_b09m_s25.A50 fileNameGt=../graphsdb/mcs70/bvg/b09m/mcs70_b09m_s25.B50
Reading graphs...
25 :  106
25 :  107
Initializing...
maxdom : 25
D->valSize : 625
Solving...
currentSize : 8 <-- 0.007738 s
currentSize : 10 <-- 0.007766 s
currentSize : 11 <-- 0.008224 s
currentSize : 12 <-- 0.036294 s
currentSize : 13 <-- 0.193434 s
currentSize : 14 <-- 0.719865 s
currentSize : 15 <-- 1.078400 s
currentSize : 16 <-- 1.083024 s

maxsize : 16
nodes : 598048.000000
filtered : 12141582.000000
time : 3.254701
