Parameters: GAD=1 vflib=1 dir=0 label=0 lowerbound=1 fileNameGp=../graphsdb/mcs70/rand/r01/mcs70_r01_s35.A42 fileNameGt=../graphsdb/mcs70/rand/r01/mcs70_r01_s35.B42
Reading graphs...
35 :  114
35 :  111
Initializing...
maxdom : 35
D->valSize : 1225
Solving...
currentSize : 14 <-- 0.018734 s
currentSize : 15 <-- 0.019184 s
currentSize : 16 <-- 0.021542 s
currentSize : 17 <-- 0.594129 s
currentSize : 18 <-- 0.718113 s
currentSize : 19 <-- 13.590928 s
currentSize : 20 <-- 39.140900 s
currentSize : 21 <-- 119.005600 s
currentSize : 22 <-- 120.037338 s
currentSize : 24 <-- 199.413620 s

maxsize : 24
nodes : 26143921.000000
filtered : 850223487.000000
time : 283.411224
