Parameters: GAD=1 vflib=1 dir=0 label=0 lowerbound=1 fileNameGp=../graphsdb/mcs70/bvg/b09/mcs70_b09_s30.A59 fileNameGt=../graphsdb/mcs70/bvg/b09/mcs70_b09_s30.B59
Reading graphs...
30 :  134
30 :  134
Initializing...
maxdom : 30
D->valSize : 900
Solving...
currentSize : 10 <-- 0.016438 s
currentSize : 11 <-- 0.016561 s
currentSize : 12 <-- 0.017176 s
currentSize : 13 <-- 0.017241 s
currentSize : 14 <-- 0.017367 s
currentSize : 15 <-- 0.044208 s
currentSize : 16 <-- 0.211778 s
currentSize : 17 <-- 0.211811 s
currentSize : 18 <-- 0.211880 s
currentSize : 21 <-- 0.211964 s

maxsize : 21
nodes : 570679.000000
filtered : 21333734.000000
time : 4.876391
