Parameters: GAD=1 vflib=1 dir=0 label=0 lowerbound=1 fileNameGp=../graphsdb/mcs70/bvg/b09/mcs70_b09_s35.A01 fileNameGt=../graphsdb/mcs70/bvg/b09/mcs70_b09_s35.B01
Reading graphs...
35 :  153
35 :  156
Initializing...
maxdom : 35
D->valSize : 1225
Solving...
currentSize : 9 <-- 0.018444 s
currentSize : 11 <-- 0.018470 s
currentSize : 12 <-- 0.018516 s
currentSize : 13 <-- 0.019075 s
currentSize : 14 <-- 0.019088 s
currentSize : 15 <-- 0.019771 s
currentSize : 16 <-- 0.037509 s
currentSize : 17 <-- 0.067514 s
currentSize : 18 <-- 0.091339 s
currentSize : 19 <-- 0.221130 s
currentSize : 20 <-- 0.222817 s
currentSize : 24 <-- 1.621311 s

maxsize : 24
nodes : 4164989.000000
filtered : 170610406.000000
time : 41.902035
