Parameters: GAD=1 vflib=1 dir=0 label=0 lowerbound=1 fileNameGp=../graphsdb/mcs70/rand/r01/mcs70_r01_s25.A09 fileNameGt=../graphsdb/mcs70/rand/r01/mcs70_r01_s25.B09
Reading graphs...
25 :  57
25 :  59
Initializing...
maxdom : 25
D->valSize : 625
Solving...
currentSize : 9 <-- 0.006825 s
currentSize : 10 <-- 0.006849 s
currentSize : 11 <-- 0.006876 s
currentSize : 12 <-- 0.006880 s
currentSize : 13 <-- 0.008378 s
currentSize : 14 <-- 0.010611 s
currentSize : 15 <-- 0.013393 s
currentSize : 16 <-- 1.226961 s
currentSize : 17 <-- 1.576716 s

maxsize : 17
nodes : 602921.000000
filtered : 15581842.000000
time : 6.122078
