Parameters: GAD=1 vflib=1 dir=0 label=0 lowerbound=1 fileNameGp=../graphsdb/mcs70/bvg/b03m/mcs70_b03m_s35.A15 fileNameGt=../graphsdb/mcs70/bvg/b03m/mcs70_b03m_s35.B15
Reading graphs...
35 :  52
35 :  52
Initializing...
maxdom : 35
D->valSize : 1225
Solving...
currentSize : 9 <-- 0.021058 s
currentSize : 10 <-- 0.021243 s
currentSize : 12 <-- 0.021638 s
currentSize : 13 <-- 0.026304 s
currentSize : 16 <-- 0.053951 s
currentSize : 17 <-- 0.054011 s
currentSize : 18 <-- 0.055099 s
currentSize : 19 <-- 0.171465 s
currentSize : 21 <-- 0.192460 s
currentSize : 22 <-- 0.554395 s
currentSize : 23 <-- 5.795840 s
currentSize : 24 <-- 498.489899 s
currentSize : 25 <-- 583.040894 s

maxsize : 25
nodes : 62445056.000000
filtered : 1479461375.000000
time : 1097.870361
