Parameters: GAD=1 vflib=1 dir=0 label=0 lowerbound=1 fileNameGp=../graphsdb/mcs70/rand/r005/mcs70_r005_s25.A58 fileNameGt=../graphsdb/mcs70/rand/r005/mcs70_r005_s25.B58
Reading graphs...
25 :  32
25 :  33
Initializing...
maxdom : 25
D->valSize : 625
Solving...
currentSize : 12 <-- 0.005450 s
currentSize : 14 <-- 0.005480 s
currentSize : 15 <-- 0.005844 s
currentSize : 16 <-- 0.006499 s
currentSize : 17 <-- 0.012967 s
currentSize : 18 <-- 0.191790 s
currentSize : 19 <-- 0.268955 s

maxsize : 19
nodes : 123401.000000
filtered : 2862330.000000
time : 2.627942
