Parameters: GAD=1 vflib=1 dir=0 label=0 lowerbound=1 fileNameGp=../graphsdb/mcs70/m2D/m2Dr6/m2Dr6/mcs70_m2Dr6_s25.A83 fileNameGt=../graphsdb/mcs70/m2D/m2Dr6/m2Dr6/mcs70_m2Dr6_s25.B83
Reading graphs...
25 :  54
25 :  53
Initializing...
maxdom : 25
D->valSize : 625
Solving...
currentSize : 9 <-- 0.008773 s
currentSize : 10 <-- 0.008793 s
currentSize : 11 <-- 0.008976 s
currentSize : 12 <-- 0.010797 s
currentSize : 13 <-- 0.011008 s
currentSize : 14 <-- 0.012126 s
currentSize : 15 <-- 0.331750 s
currentSize : 16 <-- 0.651686 s
currentSize : 17 <-- 22.323765 s
currentSize : 18 <-- 22.330116 s

maxsize : 18
nodes : 2544342.000000
filtered : 50925056.000000
time : 23.505669
