Parameters: GAD=1 vflib=1 dir=0 label=0 lowerbound=1 fileNameGp=../graphsdb/mcs70/bvg/b09m/mcs70_b09m_s25.A26 fileNameGt=../graphsdb/mcs70/bvg/b09m/mcs70_b09m_s25.B26
Reading graphs...
25 :  104
25 :  103
Initializing...
maxdom : 25
D->valSize : 625
Solving...
currentSize : 10 <-- 0.007787 s
currentSize : 11 <-- 0.008020 s
currentSize : 12 <-- 0.011954 s
currentSize : 13 <-- 0.036099 s
currentSize : 14 <-- 1.920340 s
currentSize : 16 <-- 1.931038 s

maxsize : 16
nodes : 793619.000000
filtered : 13300927.000000
time : 4.025537
