Parameters: GAD=1 vflib=1 dir=0 label=0 lowerbound=1 fileNameGp=../graphsdb/mcs70/m2D/m2Dr6/m2Dr6/mcs70_m2Dr6_s25.A06 fileNameGt=../graphsdb/mcs70/m2D/m2Dr6/m2Dr6/mcs70_m2Dr6_s25.B06
Reading graphs...
25 :  53
25 :  54
Initializing...
maxdom : 25
D->valSize : 625
Solving...
currentSize : 11 <-- 0.008847 s
currentSize : 12 <-- 0.008932 s
currentSize : 14 <-- 0.015968 s
currentSize : 15 <-- 0.046178 s
currentSize : 16 <-- 0.179158 s
currentSize : 17 <-- 2.502711 s
currentSize : 18 <-- 2.526787 s

maxsize : 18
nodes : 504661.000000
filtered : 11277082.000000
time : 3.917102
