Parameters: GAD=1 vflib=1 dir=0 label=0 lowerbound=1 fileNameGp=../graphsdb/mcs70/bvg/b06/mcs70_b06_s30.A46 fileNameGt=../graphsdb/mcs70/bvg/b06/mcs70_b06_s30.B46
Reading graphs...
30 :  90
30 :  89
Initializing...
maxdom : 30
D->valSize : 900
Solving...
currentSize : 11 <-- 0.009994 s
currentSize : 14 <-- 0.010045 s
currentSize : 16 <-- 0.010220 s
currentSize : 17 <-- 0.016466 s
currentSize : 18 <-- 0.404562 s
currentSize : 19 <-- 0.845811 s
currentSize : 20 <-- 0.872082 s
currentSize : 21 <-- 0.950685 s
currentSize : 22 <-- 1.479875 s

maxsize : 22
nodes : 563163.000000
filtered : 23144764.000000
time : 9.921920
