Parameters: GAD=1 vflib=1 dir=0 label=0 lowerbound=1 fileNameGp=../graphsdb/mcs70/rand/r005/mcs70_r005_s25.A01 fileNameGt=../graphsdb/mcs70/rand/r005/mcs70_r005_s25.B01
Reading graphs...
25 :  33
25 :  33
Initializing...
maxdom : 25
D->valSize : 625
Solving...
currentSize : 13 <-- 0.005412 s
currentSize : 14 <-- 0.005431 s
currentSize : 15 <-- 0.006177 s
currentSize : 16 <-- 0.045287 s
currentSize : 17 <-- 0.046818 s
currentSize : 18 <-- 0.344540 s
currentSize : 19 <-- 0.354510 s

maxsize : 19
nodes : 164355.000000
filtered : 4280495.000000
time : 3.579351
