Parameters: GAD=1 vflib=1 dir=0 label=0 lowerbound=1 fileNameGp=../graphsdb/mcs70/rand/r02/mcs70_r02_s35.A81 fileNameGt=../graphsdb/mcs70/rand/r02/mcs70_r02_s35.B81
Reading graphs...
35 :  214
35 :  213
Initializing...
maxdom : 35
D->valSize : 1225
Solving...
currentSize : 10 <-- 0.029429 s
currentSize : 11 <-- 0.029578 s
currentSize : 12 <-- 0.032784 s
currentSize : 13 <-- 0.036425 s
currentSize : 14 <-- 0.588642 s
currentSize : 15 <-- 57.177841 s
currentSize : 17 <-- 58.777142 s
currentSize : 18 <-- 186.234329 s
currentSize : 24 <-- 217.602341 s

maxsize : 24
nodes : 43674760.000000
filtered : 784165053.000000
time : 242.439682
