Parameters: GAD=1 vflib=1 dir=0 label=0 lowerbound=1 fileNameGp=../graphsdb/mcs70/m3D/m3Dr6/mcs70_m3Dr6_s35.A02 fileNameGt=../graphsdb/mcs70/m3D/m3Dr6/mcs70_m3Dr6_s35.B02
Reading graphs...
35 :  90
35 :  91
Initializing...
maxdom : 35
D->valSize : 1225
Solving...
currentSize : 14 <-- 0.034378 s
currentSize : 15 <-- 0.034483 s
currentSize : 17 <-- 0.034497 s
currentSize : 18 <-- 0.038344 s
currentSize : 19 <-- 0.096728 s
currentSize : 20 <-- 3.781131 s
currentSize : 21 <-- 39.775257 s
currentSize : 22 <-- 75.239471 s
currentSize : 23 <-- 91.493950 s
currentSize : 24 <-- 374.545227 s
currentSize : 27 <-- 374.545288 s

maxsize : 27
nodes : 27219490.000000
filtered : 1000433134.000000
time : 385.357300
