Parameters: GAD=1 vflib=1 dir=0 label=0 lowerbound=1 fileNameGp=../graphsdb/mcs70/m3D/m3Dr2/mcs70_m3Dr2_s35.A84 fileNameGt=../graphsdb/mcs70/m3D/m3Dr2/mcs70_m3Dr2_s35.B84
Reading graphs...
35 :  79
35 :  79
Initializing...
maxdom : 35
D->valSize : 1225
Solving...
currentSize : 17 <-- 0.034809 s
currentSize : 18 <-- 0.035549 s
currentSize : 19 <-- 0.050819 s
currentSize : 20 <-- 0.162982 s
currentSize : 21 <-- 1.003598 s
currentSize : 22 <-- 1.015122 s
currentSize : 23 <-- 57.381947 s
currentSize : 24 <-- 152.540985 s
currentSize : 26 <-- 426.821869 s
currentSize : 27 <-- 461.920654 s

maxsize : 27
nodes : 33922600.000000
filtered : 1153780173.000000
time : 470.764618
