Parameters: GAD=1 vflib=1 dir=0 label=0 lowerbound=1 fileNameGp=../graphsdb/mcs70/bvg/b06m/mcs70_b06m_s25.A35 fileNameGt=../graphsdb/mcs70/bvg/b06m/mcs70_b06m_s25.B35
Reading graphs...
25 :  71
25 :  71
Initializing...
maxdom : 25
D->valSize : 625
Solving...
currentSize : 8 <-- 0.004907 s
currentSize : 9 <-- 0.004924 s
currentSize : 10 <-- 0.004976 s
currentSize : 11 <-- 0.004996 s
currentSize : 12 <-- 0.019313 s
currentSize : 13 <-- 0.022120 s
currentSize : 14 <-- 0.234339 s
currentSize : 15 <-- 2.888835 s
currentSize : 17 <-- 5.398675 s
currentSize : 18 <-- 5.602499 s

maxsize : 18
nodes : 809047.000000
filtered : 16394825.000000
time : 6.026874
