Parameters: GAD=1 vflib=1 dir=0 label=0 lowerbound=1 fileNameGp=../graphsdb/mcs70/bvg/b09m/mcs70_b09m_s35.A20 fileNameGt=../graphsdb/mcs70/bvg/b09m/mcs70_b09m_s35.B20
Reading graphs...
35 :  152
35 :  152
Initializing...
maxdom : 35
D->valSize : 1225
Solving...
currentSize : 13 <-- 0.031680 s
currentSize : 14 <-- 0.031749 s
currentSize : 15 <-- 0.055825 s
currentSize : 16 <-- 0.199804 s
currentSize : 17 <-- 4.085869 s
currentSize : 21 <-- 670.408081 s
currentSize : 24 <-- 670.408264 s

maxsize : 24
nodes : 103340997.000000
filtered : 1996307372.000000
time : 698.001221
