Parameters: GAD=1 vflib=1 dir=0 label=0 lowerbound=1 fileNameGp=../graphsdb/mcs70/rand/r01/mcs70_r01_s25.A75 fileNameGt=../graphsdb/mcs70/rand/r01/mcs70_r01_s25.B75
Reading graphs...
25 :  56
25 :  57
Initializing...
maxdom : 25
D->valSize : 625
Solving...
currentSize : 10 <-- 0.005046 s
currentSize : 11 <-- 0.005066 s
currentSize : 12 <-- 0.005355 s
currentSize : 13 <-- 0.005867 s
currentSize : 14 <-- 0.006032 s
currentSize : 15 <-- 0.068727 s
currentSize : 16 <-- 0.231618 s
currentSize : 17 <-- 1.801976 s

maxsize : 17
nodes : 644137.000000
filtered : 16300150.000000
time : 6.761810
