Parameters: GAD=1 vflib=1 dir=0 label=0 lowerbound=1 fileNameGp=../graphsdb/mcs70/bvg/b09m/mcs70_b09m_s35.A90 fileNameGt=../graphsdb/mcs70/bvg/b09m/mcs70_b09m_s35.B90
Reading graphs...
35 :  149
35 :  149
Initializing...
maxdom : 35
D->valSize : 1225
Solving...
currentSize : 14 <-- 0.018348 s
currentSize : 15 <-- 0.018602 s
currentSize : 16 <-- 0.021116 s
currentSize : 17 <-- 7.748041 s
currentSize : 18 <-- 403.825592 s
currentSize : 19 <-- 408.931519 s
currentSize : 20 <-- 513.315002 s
currentSize : 21 <-- 513.315125 s
currentSize : 23 <-- 513.619324 s
currentSize : 24 <-- 513.619385 s

maxsize : 24
nodes : 74155964.000000
filtered : 1680326479.000000
time : 540.920959
