Parameters: GAD=1 vflib=1 dir=0 label=0 lowerbound=1 fileNameGp=../graphsdb/mcs70/bvg/b09/mcs70_b09_s25.A82 fileNameGt=../graphsdb/mcs70/bvg/b09/mcs70_b09_s25.B82
Reading graphs...
25 :  111
25 :  109
Initializing...
maxdom : 25
D->valSize : 625
Solving...
currentSize : 10 <-- 0.007733 s
currentSize : 11 <-- 0.007779 s
currentSize : 12 <-- 0.008152 s
currentSize : 13 <-- 0.067353 s
currentSize : 14 <-- 0.125867 s
currentSize : 15 <-- 0.159907 s
currentSize : 16 <-- 0.160048 s
currentSize : 17 <-- 0.275287 s

maxsize : 17
nodes : 179721.000000
filtered : 5005598.000000
time : 1.282060
