Parameters: GAD=1 vflib=1 dir=0 label=0 lowerbound=1 fileNameGp=../graphsdb/mcs70/bvg/b03m/mcs70_b03m_s25.A79 fileNameGt=../graphsdb/mcs70/bvg/b03m/mcs70_b03m_s25.B79
Reading graphs...
25 :  36
25 :  36
Initializing...
maxdom : 25
D->valSize : 625
Solving...
currentSize : 10 <-- 0.005553 s
currentSize : 13 <-- 0.005635 s
currentSize : 14 <-- 0.019907 s
currentSize : 15 <-- 0.086193 s
currentSize : 17 <-- 0.214934 s
currentSize : 19 <-- 1.677336 s

maxsize : 19
nodes : 209312.000000
filtered : 4121659.000000
time : 3.399837
