Parameters: GAD=1 vflib=1 dir=0 label=0 lowerbound=1 fileNameGp=../graphsdb/mcs70/rand/r01/mcs70_r01_s35.A40 fileNameGt=../graphsdb/mcs70/rand/r01/mcs70_r01_s35.B40
Reading graphs...
35 :  115
35 :  112
Initializing...
maxdom : 35
D->valSize : 1225
Solving...
currentSize : 14 <-- 0.018754 s
currentSize : 15 <-- 0.019280 s
currentSize : 16 <-- 0.046427 s
currentSize : 17 <-- 0.047915 s
currentSize : 18 <-- 0.348455 s
currentSize : 19 <-- 0.348473 s
currentSize : 20 <-- 159.786804 s
currentSize : 21 <-- 399.862793 s
currentSize : 22 <-- 591.497009 s
currentSize : 23 <-- 900.982910 s
currentSize : 24 <-- 1010.950012 s

maxsize : 24
nodes : 106213477.000000
filtered : 3299765957.000000
time : 1024.380859
