Parameters: GAD=1 vflib=1 dir=0 label=0 lowerbound=1 fileNameGp=../graphsdb/mcs70/bvg/b03/mcs70_b03_s30.A74 fileNameGt=../graphsdb/mcs70/bvg/b03/mcs70_b03_s30.B74
Reading graphs...
30 :  45
30 :  44
Initializing...
maxdom : 30
D->valSize : 900
Solving...
currentSize : 6 <-- 0.019645 s
currentSize : 12 <-- 0.019747 s
currentSize : 15 <-- 0.019773 s
currentSize : 16 <-- 0.020710 s
currentSize : 17 <-- 0.024331 s
currentSize : 18 <-- 0.033182 s
currentSize : 19 <-- 0.046103 s
currentSize : 20 <-- 0.324048 s
currentSize : 21 <-- 0.526089 s
currentSize : 22 <-- 4.411450 s
currentSize : 23 <-- 16.128506 s

maxsize : 23
nodes : 1924683.000000
filtered : 61852947.000000
time : 52.597084
