Parameters: GAD=1 vflib=1 dir=0 label=0 lowerbound=1 fileNameGp=../graphsdb/mcs70/bvg/b03/mcs70_b03_s20.A70 fileNameGt=../graphsdb/mcs70/bvg/b03/mcs70_b03_s20.B70
Reading graphs...
20 :  30
20 :  30
Initializing...
maxdom : 20
D->valSize : 400
Solving...
currentSize : 10 <-- 0.002250 s
currentSize : 11 <-- 0.002335 s
currentSize : 12 <-- 0.002674 s
currentSize : 13 <-- 0.005775 s
currentSize : 14 <-- 0.006294 s
currentSize : 15 <-- 0.030475 s
currentSize : 16 <-- 0.103002 s

maxsize : 16
nodes : 19170.000000
filtered : 427906.000000
time : 0.226431
