Parameters: GAD=1 vflib=1 dir=0 label=0 lowerbound=1 fileNameGp=../graphsdb/mcs70/rand/r01/mcs70_r01_s20.A54 fileNameGt=../graphsdb/mcs70/rand/r01/mcs70_r01_s20.B54
Reading graphs...
20 :  37
20 :  36
Initializing...
maxdom : 20
D->valSize : 400
Solving...
currentSize : 8 <-- 0.002177 s
currentSize : 9 <-- 0.002219 s
currentSize : 10 <-- 0.002287 s
currentSize : 11 <-- 0.002362 s
currentSize : 12 <-- 0.002375 s
currentSize : 13 <-- 0.027419 s
currentSize : 14 <-- 0.168196 s
currentSize : 15 <-- 0.169968 s
currentSize : 16 <-- 0.170239 s

maxsize : 16
nodes : 27701.000000
filtered : 474476.000000
time : 0.221119
