Parameters: GAD=1 vflib=1 dir=0 label=0 lowerbound=1 fileNameGp=../graphsdb/mcs70/bvg/b03/mcs70_b03_s25.A04 fileNameGt=../graphsdb/mcs70/bvg/b03/mcs70_b03_s25.B04
Reading graphs...
25 :  37
25 :  37
Initializing...
maxdom : 25
D->valSize : 625
Solving...
currentSize : 12 <-- 0.009197 s
currentSize : 13 <-- 0.009241 s
currentSize : 14 <-- 0.009419 s
currentSize : 16 <-- 0.017962 s
currentSize : 18 <-- 0.452208 s
currentSize : 19 <-- 0.500555 s

maxsize : 19
nodes : 201111.000000
filtered : 5264274.000000
time : 4.322661
