Parameters: GAD=1 vflib=1 dir=0 label=0 lowerbound=1 fileNameGp=../graphsdb/mcs70/rand/r01/mcs70_r01_s15.A77 fileNameGt=../graphsdb/mcs70/rand/r01/mcs70_r01_s15.B77
Reading graphs...
15 :  20
15 :  21
Initializing...
maxdom : 15
D->valSize : 225
Solving...
currentSize : 6 <-- 0.000942 s
currentSize : 7 <-- 0.000964 s
currentSize : 8 <-- 0.000988 s
currentSize : 9 <-- 0.001134 s
currentSize : 10 <-- 0.001510 s
currentSize : 11 <-- 0.002699 s

maxsize : 11
nodes : 2030.000000
filtered : 35902.000000
time : 0.021661
