Parameters: GAD=1 vflib=1 dir=0 label=0 lowerbound=1 fileNameGp=../graphsdb/mcs70/bvg/b06m/mcs70_b06m_s35.A04 fileNameGt=../graphsdb/mcs70/bvg/b06m/mcs70_b06m_s35.B04
Reading graphs...
35 :  100
35 :  100
Initializing...
maxdom : 35
D->valSize : 1225
Solving...
currentSize : 13 <-- 0.033539 s
currentSize : 14 <-- 0.033713 s
currentSize : 15 <-- 0.034909 s
currentSize : 16 <-- 0.035296 s
currentSize : 17 <-- 0.054370 s
currentSize : 18 <-- 0.538173 s
currentSize : 19 <-- 1.178080 s
currentSize : 20 <-- 14.591813 s
currentSize : 21 <-- 506.924713 s
currentSize : 22 <-- 601.565674 s
currentSize : 23 <-- 690.994202 s
currentSize : 24 <-- 690.994324 s

maxsize : 24
nodes : 58170317.000000
filtered : 1881046168.000000
time : 822.133911
