Parameters: GAD=1 vflib=1 dir=0 label=0 lowerbound=1 fileNameGp=../graphsdb/mcs70/rand/r02/mcs70_r02_s25.A17 fileNameGt=../graphsdb/mcs70/rand/r02/mcs70_r02_s25.B17
Reading graphs...
25 :  107
25 :  109
Initializing...
maxdom : 25
D->valSize : 625
Solving...
currentSize : 8 <-- 0.008264 s
currentSize : 9 <-- 0.008316 s
currentSize : 10 <-- 0.008377 s
currentSize : 11 <-- 0.008534 s
currentSize : 12 <-- 0.020066 s
currentSize : 13 <-- 0.230976 s
currentSize : 14 <-- 0.361298 s
currentSize : 17 <-- 0.374243 s

maxsize : 17
nodes : 250206.000000
filtered : 6288523.000000
time : 1.600385
