Parameters: GAD=1 vflib=1 dir=0 label=0 lowerbound=1 fileNameGp=../graphsdb/mcs70/m2D/m2D/mcs70_m2D_s35.A93 fileNameGt=../graphsdb/mcs70/m2D/m2D/mcs70_m2D_s35.B93
Reading graphs...
35 :  58
35 :  57
Initializing...
maxdom : 35
D->valSize : 1225
Solving...
currentSize : 17 <-- 0.021426 s
currentSize : 18 <-- 0.021487 s
currentSize : 19 <-- 0.022113 s
currentSize : 20 <-- 0.096536 s
currentSize : 21 <-- 0.147704 s
currentSize : 22 <-- 0.147727 s
currentSize : 23 <-- 3.744088 s
currentSize : 24 <-- 23.733171 s
currentSize : 25 <-- 280.771515 s
currentSize : 26 <-- 307.672363 s

maxsize : 26
nodes : 25833319.000000
filtered : 940399198.000000
time : 694.982422
