Parameters: GAD=1 vflib=1 dir=0 label=0 lowerbound=1 fileNameGp=../graphsdb/mcs70/bvg/b09m/mcs70_b09m_s35.A75 fileNameGt=../graphsdb/mcs70/bvg/b09m/mcs70_b09m_s35.B75
Reading graphs...
35 :  153
35 :  151
Initializing...
maxdom : 35
D->valSize : 1225
Solving...
currentSize : 14 <-- 0.023167 s
currentSize : 15 <-- 0.023406 s
currentSize : 16 <-- 0.030490 s
currentSize : 17 <-- 3.876701 s
currentSize : 18 <-- 416.911896 s
currentSize : 19 <-- 698.960327 s
currentSize : 20 <-- 698.973816 s
currentSize : 24 <-- 713.275391 s

maxsize : 24
nodes : 118047277.000000
filtered : 2286002009.000000
time : 741.312500
