Parameters: GAD=1 vflib=1 dir=0 label=0 lowerbound=1 fileNameGp=../graphsdb/mcs70/m2D/m2Dr4/mcs70_m2Dr4_s35.A28 fileNameGt=../graphsdb/mcs70/m2D/m2Dr4/mcs70_m2Dr4_s35.B28
Reading graphs...
35 :  69
35 :  67
Initializing...
maxdom : 35
D->valSize : 1225
Solving...
currentSize : 17 <-- 0.020417 s
currentSize : 19 <-- 0.021830 s
currentSize : 20 <-- 0.031414 s
currentSize : 21 <-- 0.051764 s
currentSize : 22 <-- 0.987658 s
currentSize : 23 <-- 4.366738 s
currentSize : 24 <-- 172.726608 s
currentSize : 26 <-- 679.754822 s

maxsize : 26
nodes : 32069795.000000
filtered : 1149907295.000000
time : 741.709351
