Parameters: GAD=1 vflib=1 dir=0 label=0 lowerbound=1 fileNameGp=../graphsdb/mcs70/m3D/m3Dr2/mcs70_m3Dr2_s35.A56 fileNameGt=../graphsdb/mcs70/m3D/m3Dr2/mcs70_m3Dr2_s35.B56
Reading graphs...
35 :  77
35 :  75
Initializing...
maxdom : 35
D->valSize : 1225
Solving...
currentSize : 18 <-- 0.024098 s
currentSize : 19 <-- 0.127078 s
currentSize : 20 <-- 0.131317 s
currentSize : 21 <-- 0.159887 s
currentSize : 22 <-- 16.434200 s
currentSize : 23 <-- 34.514290 s
currentSize : 24 <-- 45.248016 s
currentSize : 25 <-- 58.220226 s
currentSize : 26 <-- 166.723709 s
currentSize : 27 <-- 191.721970 s

maxsize : 27
nodes : 13077855.000000
filtered : 504899278.000000
time : 224.723846
