Parameters: GAD=1 vflib=1 dir=0 label=0 lowerbound=1 fileNameGp=../graphsdb/mcs70/m4D/m4D/mcs70_m4D_s25.A58 fileNameGt=../graphsdb/mcs70/m4D/m4D/mcs70_m4D_s25.B58
Reading graphs...
25 :  47
25 :  47
Initializing...
maxdom : 25
D->valSize : 625
Solving...
currentSize : 12 <-- 0.005174 s
currentSize : 13 <-- 0.005231 s
currentSize : 14 <-- 0.103148 s
currentSize : 15 <-- 0.140470 s
currentSize : 16 <-- 0.182418 s
currentSize : 17 <-- 0.197905 s
currentSize : 18 <-- 0.813321 s

maxsize : 18
nodes : 266900.000000
filtered : 6974199.000000
time : 4.969152
