Parameters: GAD=1 vflib=1 dir=0 label=0 lowerbound=1 fileNameGp=../graphsdb/mcs70/m4D/m4Dr6/mcs70_m4Dr6_s25.A19 fileNameGt=../graphsdb/mcs70/m4D/m4Dr6/mcs70_m4Dr6_s25.B19
Reading graphs...
25 :  61
25 :  60
Initializing...
maxdom : 25
D->valSize : 625
Solving...
currentSize : 10 <-- 0.008676 s
currentSize : 11 <-- 0.008815 s
currentSize : 12 <-- 0.017853 s
currentSize : 13 <-- 0.017997 s
currentSize : 14 <-- 0.018159 s
currentSize : 15 <-- 0.092629 s
currentSize : 16 <-- 1.731970 s
currentSize : 17 <-- 1.861840 s

maxsize : 17
nodes : 474058.000000
filtered : 12630095.000000
time : 4.849299
