Parameters: GAD=1 vflib=1 dir=0 label=0 lowerbound=1 fileNameGp=../graphsdb/mcs70/bvg/b06m/mcs70_b06m_s30.A03 fileNameGt=../graphsdb/mcs70/bvg/b06m/mcs70_b06m_s30.B03
Reading graphs...
30 :  89
30 :  87
Initializing...
maxdom : 30
D->valSize : 900
Solving...
currentSize : 12 <-- 0.017859 s
currentSize : 13 <-- 0.018017 s
currentSize : 14 <-- 0.018750 s
currentSize : 15 <-- 0.068758 s
currentSize : 16 <-- 0.931529 s
currentSize : 17 <-- 0.967313 s
currentSize : 18 <-- 3.167059 s
currentSize : 19 <-- 11.307267 s
currentSize : 20 <-- 11.307405 s
currentSize : 21 <-- 11.307706 s

maxsize : 21
nodes : 1858419.000000
filtered : 58002958.000000
time : 21.337729
