Parameters: GAD=1 vflib=1 dir=0 label=0 lowerbound=1 fileNameGp=../graphsdb/mcs70/bvg/b09/mcs70_b09_s25.A65 fileNameGt=../graphsdb/mcs70/bvg/b09/mcs70_b09_s25.B65
Reading graphs...
25 :  108
25 :  110
Initializing...
maxdom : 25
D->valSize : 625
Solving...
currentSize : 7 <-- 0.007696 s
currentSize : 8 <-- 0.007722 s
currentSize : 9 <-- 0.007791 s
currentSize : 10 <-- 0.007806 s
currentSize : 11 <-- 0.008075 s
currentSize : 12 <-- 0.012465 s
currentSize : 13 <-- 0.045567 s
currentSize : 14 <-- 0.045679 s
currentSize : 16 <-- 0.056422 s
currentSize : 18 <-- 0.274135 s

maxsize : 18
nodes : 150979.000000
filtered : 3856125.000000
time : 0.921641
