Parameters: GAD=1 vflib=1 dir=0 label=0 lowerbound=1 fileNameGp=../graphsdb/mcs70/bvg/b03m/mcs70_b03m_s25.A86 fileNameGt=../graphsdb/mcs70/bvg/b03m/mcs70_b03m_s25.B86
Reading graphs...
25 :  36
25 :  36
Initializing...
maxdom : 25
D->valSize : 625
Solving...
currentSize : 11 <-- 0.009349 s
currentSize : 12 <-- 0.009376 s
currentSize : 13 <-- 0.009521 s
currentSize : 15 <-- 0.011814 s
currentSize : 16 <-- 0.051209 s
currentSize : 17 <-- 0.683480 s
currentSize : 18 <-- 2.425992 s
currentSize : 19 <-- 4.153497 s

maxsize : 19
nodes : 356402.000000
filtered : 7214784.000000
time : 4.959783
