Parameters: GAD=1 vflib=1 dir=0 label=0 lowerbound=1 fileNameGp=../graphsdb/mcs70/rand/r01/mcs70_r01_s30.A66 fileNameGt=../graphsdb/mcs70/rand/r01/mcs70_r01_s30.B66
Reading graphs...
30 :  85
30 :  82
Initializing...
maxdom : 30
D->valSize : 900
Solving...
currentSize : 9 <-- 0.010110 s
currentSize : 11 <-- 0.010131 s
currentSize : 12 <-- 0.010261 s
currentSize : 13 <-- 0.010710 s
currentSize : 14 <-- 0.014625 s
currentSize : 15 <-- 0.023290 s
currentSize : 16 <-- 0.083339 s
currentSize : 17 <-- 0.672942 s
currentSize : 18 <-- 1.459914 s
currentSize : 19 <-- 8.428098 s
currentSize : 20 <-- 13.006990 s
currentSize : 21 <-- 47.670086 s

maxsize : 21
nodes : 4743232.000000
filtered : 150355142.000000
time : 54.273209
