Parameters: GAD=1 vflib=1 dir=0 label=0 lowerbound=1 fileNameGp=../graphsdb/mcs70/bvg/b06m/mcs70_b06m_s35.A77 fileNameGt=../graphsdb/mcs70/bvg/b06m/mcs70_b06m_s35.B77
Reading graphs...
35 :  104
35 :  103
Initializing...
maxdom : 35
D->valSize : 1225
Solving...
currentSize : 15 <-- 0.033801 s
currentSize : 16 <-- 0.035471 s
currentSize : 17 <-- 0.050496 s
currentSize : 18 <-- 0.167133 s
currentSize : 19 <-- 1.712591 s
currentSize : 20 <-- 57.248726 s
currentSize : 21 <-- 232.503677 s
currentSize : 22 <-- 586.604248 s
currentSize : 23 <-- 589.757202 s
currentSize : 25 <-- 589.759949 s

maxsize : 25
nodes : 52847897.000000
filtered : 1643721671.000000
time : 634.638245
