Parameters: GAD=1 vflib=1 dir=0 label=0 lowerbound=1 fileNameGp=../graphsdb/mcs70/m3D/m3D/mcs70_m3D_s35.A91 fileNameGt=../graphsdb/mcs70/m3D/m3D/mcs70_m3D_s35.B91
Reading graphs...
35 :  72
35 :  71
Initializing...
maxdom : 35
D->valSize : 1225
Solving...
currentSize : 16 <-- 0.020461 s
currentSize : 17 <-- 0.020545 s
currentSize : 18 <-- 0.032522 s
currentSize : 19 <-- 0.043786 s
currentSize : 20 <-- 0.045107 s
currentSize : 21 <-- 0.070491 s
currentSize : 22 <-- 0.262794 s
currentSize : 23 <-- 7.939746 s
currentSize : 24 <-- 71.733711 s
currentSize : 25 <-- 96.274132 s
currentSize : 27 <-- 148.886673 s
currentSize : 28 <-- 150.659058 s

maxsize : 28
nodes : 11332870.000000
filtered : 381723798.000000
time : 177.894012
