Parameters: GAD=1 vflib=1 dir=0 label=0 lowerbound=1 fileNameGp=../graphsdb/mcs70/rand/r01/mcs70_r01_s35.A20 fileNameGt=../graphsdb/mcs70/rand/r01/mcs70_r01_s35.B20
Reading graphs...
35 :  107
35 :  108
Initializing...
maxdom : 35
D->valSize : 1225
Solving...
currentSize : 13 <-- 0.019089 s
currentSize : 14 <-- 0.019126 s
currentSize : 15 <-- 0.019150 s
currentSize : 16 <-- 0.020958 s
currentSize : 17 <-- 0.021117 s
currentSize : 18 <-- 1.038282 s
currentSize : 19 <-- 12.796471 s
currentSize : 20 <-- 59.724133 s
currentSize : 24 <-- 617.762756 s

maxsize : 24
nodes : 69526143.000000
filtered : 1791307886.000000
time : 711.217834
