Parameters: GAD=1 vflib=1 dir=0 label=0 lowerbound=1 fileNameGp=../graphsdb/mcs70/rand/r01/mcs70_r01_s35.A41 fileNameGt=../graphsdb/mcs70/rand/r01/mcs70_r01_s35.B41
Reading graphs...
35 :  107
35 :  108
Initializing...
maxdom : 35
D->valSize : 1225
Solving...
currentSize : 15 <-- 0.019393 s
currentSize : 16 <-- 0.019648 s
currentSize : 17 <-- 0.020486 s
currentSize : 19 <-- 0.021547 s
currentSize : 20 <-- 0.221656 s
currentSize : 22 <-- 6.230922 s
currentSize : 24 <-- 9.831260 s

maxsize : 24
nodes : 9406591.000000
filtered : 439308080.000000
time : 123.058632
