Parameters: GAD=1 vflib=1 dir=0 label=0 lowerbound=1 fileNameGp=../graphsdb/mcs70/m2D/m2Dr4/mcs70_m2Dr4_s25.A93 fileNameGt=../graphsdb/mcs70/m2D/m2Dr4/mcs70_m2Dr4_s25.B93
Reading graphs...
25 :  49
25 :  46
Initializing...
maxdom : 25
D->valSize : 625
Solving...
currentSize : 8 <-- 0.008831 s
currentSize : 11 <-- 0.008890 s
currentSize : 12 <-- 0.012104 s
currentSize : 14 <-- 0.019947 s
currentSize : 15 <-- 0.043238 s
currentSize : 16 <-- 0.048791 s
currentSize : 17 <-- 0.274832 s
currentSize : 18 <-- 8.683486 s

maxsize : 18
nodes : 666688.000000
filtered : 16961787.000000
time : 9.705257
