Parameters: GAD=1 vflib=1 dir=0 label=0 lowerbound=1 fileNameGp=../graphsdb/mcs70/rand/r005/mcs70_r005_s30.A91 fileNameGt=../graphsdb/mcs70/rand/r005/mcs70_r005_s30.B91
Reading graphs...
30 :  42
30 :  40
Initializing...
maxdom : 30
D->valSize : 900
Solving...
currentSize : 14 <-- 0.011453 s
currentSize : 16 <-- 0.011506 s
currentSize : 17 <-- 0.029959 s
currentSize : 18 <-- 0.035550 s
currentSize : 19 <-- 0.409705 s
currentSize : 20 <-- 0.695119 s
currentSize : 21 <-- 2.039917 s

maxsize : 21
nodes : 8476027.000000
filtered : 182762945.000000
time : 212.919769
