Parameters: GAD=1 vflib=1 dir=0 label=0 lowerbound=1 fileNameGp=../graphsdb/mcs70/m4D/m4Dr6/mcs70_m4Dr6_s25.A30 fileNameGt=../graphsdb/mcs70/m4D/m4Dr6/mcs70_m4Dr6_s25.B30
Reading graphs...
25 :  60
25 :  59
Initializing...
maxdom : 25
D->valSize : 625
Solving...
currentSize : 11 <-- 0.008640 s
currentSize : 12 <-- 0.008666 s
currentSize : 13 <-- 0.014470 s
currentSize : 14 <-- 0.052174 s
currentSize : 15 <-- 0.137367 s
currentSize : 16 <-- 0.137467 s
currentSize : 17 <-- 0.470189 s

maxsize : 17
nodes : 253574.000000
filtered : 7418319.000000
time : 3.107270
