Parameters: GAD=1 vflib=1 dir=0 label=0 lowerbound=1 fileNameGp=../graphsdb/mcs70/m2D/m2Dr2/mcs70_m2Dr2_s35.A79 fileNameGt=../graphsdb/mcs70/m2D/m2Dr2/mcs70_m2Dr2_s35.B79
Reading graphs...
35 :  65
35 :  63
Initializing...
maxdom : 35
D->valSize : 1225
Solving...
currentSize : 17 <-- 0.020582 s
currentSize : 18 <-- 0.021313 s
currentSize : 19 <-- 0.028428 s
currentSize : 20 <-- 0.064257 s
currentSize : 21 <-- 0.576714 s
currentSize : 22 <-- 2.399647 s
currentSize : 23 <-- 5.649660 s
currentSize : 24 <-- 54.864174 s
currentSize : 25 <-- 219.959396 s
currentSize : 26 <-- 248.750839 s

maxsize : 26
nodes : 22295951.000000
filtered : 810232324.000000
time : 464.869873
