Parameters: GAD=1 vflib=1 dir=0 label=0 lowerbound=1 fileNameGp=../graphsdb/mcs70/bvg/b03m/mcs70_b03m_s15.A66 fileNameGt=../graphsdb/mcs70/bvg/b03m/mcs70_b03m_s15.B66
Reading graphs...
15 :  22
15 :  22
Initializing...
maxdom : 15
D->valSize : 225
Solving...
currentSize : 6 <-- 0.000941 s
currentSize : 7 <-- 0.001014 s
currentSize : 8 <-- 0.001314 s
currentSize : 9 <-- 0.002620 s
currentSize : 10 <-- 0.012688 s
currentSize : 11 <-- 0.019587 s

maxsize : 11
nodes : 6583.000000
filtered : 72410.000000
time : 0.036185
