Parameters: GAD=1 vflib=1 dir=0 label=0 lowerbound=1 fileNameGp=../graphsdb/mcs70/m3D/m3Dr6/mcs70_m3Dr6_s35.A44 fileNameGt=../graphsdb/mcs70/m3D/m3Dr6/mcs70_m3Dr6_s35.B44
Reading graphs...
35 :  89
35 :  86
Initializing...
maxdom : 35
D->valSize : 1225
Solving...
currentSize : 16 <-- 0.024607 s
currentSize : 17 <-- 0.025829 s
currentSize : 18 <-- 0.026426 s
currentSize : 19 <-- 0.045763 s
currentSize : 20 <-- 0.055371 s
currentSize : 21 <-- 0.073667 s
currentSize : 22 <-- 73.195961 s
currentSize : 23 <-- 892.936768 s
currentSize : 24 <-- 954.671997 s
currentSize : 27 <-- 1015.769104 s

maxsize : 27
nodes : 80322291.000000
filtered : 2708838163.000000
time : 1030.649414
