Parameters: GAD=1 vflib=1 dir=0 label=0 lowerbound=1 fileNameGp=../graphsdb/mcs70/rand/r01/mcs70_r01_s35.A80 fileNameGt=../graphsdb/mcs70/rand/r01/mcs70_r01_s35.B80
Reading graphs...
35 :  113
35 :  109
Initializing...
maxdom : 35
D->valSize : 1225
Solving...
currentSize : 16 <-- 0.023564 s
currentSize : 17 <-- 0.023740 s
currentSize : 18 <-- 0.506135 s
currentSize : 19 <-- 13.503248 s
currentSize : 20 <-- 724.308289 s
currentSize : 21 <-- 924.649475 s
currentSize : 22 <-- 924.649963 s
currentSize : 24 <-- 924.662598 s

maxsize : 24
nodes : 124070534.000000
filtered : 3057047070.000000
time : 1070.446899
