Parameters: GAD=1 vflib=1 dir=0 label=0 lowerbound=1 fileNameGp=../graphsdb/mcs70/m2D/m2D/mcs70_m2D_s25.A34 fileNameGt=../graphsdb/mcs70/m2D/m2D/mcs70_m2D_s25.B34
Reading graphs...
25 :  40
25 :  40
Initializing...
maxdom : 25
D->valSize : 625
Solving...
currentSize : 12 <-- 0.009230 s
currentSize : 14 <-- 0.009409 s
currentSize : 15 <-- 0.009560 s
currentSize : 16 <-- 0.103685 s
currentSize : 17 <-- 0.104091 s
currentSize : 18 <-- 0.106436 s

maxsize : 18
nodes : 445196.000000
filtered : 11011685.000000
time : 6.342720
