Parameters: GAD=1 vflib=1 dir=0 label=0 lowerbound=1 fileNameGp=../graphsdb/mcs70/bvg/b03m/mcs70_b03m_s35.A71 fileNameGt=../graphsdb/mcs70/bvg/b03m/mcs70_b03m_s35.B71
Reading graphs...
35 :  52
35 :  51
Initializing...
maxdom : 35
D->valSize : 1225
Solving...
currentSize : 14 <-- 0.021075 s
currentSize : 19 <-- 0.021113 s
currentSize : 20 <-- 0.070614 s
currentSize : 21 <-- 0.399756 s
currentSize : 22 <-- 1.441184 s
currentSize : 23 <-- 32.291294 s
currentSize : 24 <-- 34.757061 s
currentSize : 25 <-- 127.523331 s
currentSize : 26 <-- 150.326096 s
currentSize : 27 <-- 159.613724 s
currentSize : 28 <-- 159.629883 s

maxsize : 28
nodes : 8410261.000000
filtered : 155132023.000000
time : 197.675308
