Parameters: GAD=1 vflib=1 dir=0 label=0 lowerbound=1 fileNameGp=../graphsdb/mcs70/m2D/m2D/mcs70_m2D_s25.A78 fileNameGt=../graphsdb/mcs70/m2D/m2D/mcs70_m2D_s25.B78
Reading graphs...
25 :  40
25 :  39
Initializing...
maxdom : 25
D->valSize : 625
Solving...
currentSize : 12 <-- 0.009317 s
currentSize : 13 <-- 0.009359 s
currentSize : 14 <-- 0.009418 s
currentSize : 15 <-- 0.009672 s
currentSize : 16 <-- 0.009699 s
currentSize : 17 <-- 0.010146 s
currentSize : 18 <-- 0.067391 s
currentSize : 19 <-- 0.239206 s

maxsize : 19
nodes : 143080.000000
filtered : 4241395.000000
time : 2.707851
