Parameters: GAD=1 vflib=1 dir=0 label=0 lowerbound=1 fileNameGp=../graphsdb/mcs70/bvg/b03/mcs70_b03_s30.A82 fileNameGt=../graphsdb/mcs70/bvg/b03/mcs70_b03_s30.B82
Reading graphs...
30 :  45
30 :  45
Initializing...
maxdom : 30
D->valSize : 900
Solving...
currentSize : 16 <-- 0.011226 s
currentSize : 17 <-- 0.011288 s
currentSize : 18 <-- 0.041338 s
currentSize : 19 <-- 0.386462 s
currentSize : 20 <-- 0.874239 s
currentSize : 21 <-- 4.052925 s
currentSize : 22 <-- 4.919982 s
currentSize : 23 <-- 14.716967 s

maxsize : 23
nodes : 1536887.000000
filtered : 49645438.000000
time : 51.714436
