Parameters: GAD=1 vflib=1 dir=0 label=0 lowerbound=1 fileNameGp=../graphsdb/mcs70/bvg/b09/mcs70_b09_s30.A64 fileNameGt=../graphsdb/mcs70/bvg/b09/mcs70_b09_s30.B64
Reading graphs...
30 :  134
30 :  133
Initializing...
maxdom : 30
D->valSize : 900
Solving...
currentSize : 10 <-- 0.009587 s
currentSize : 11 <-- 0.009660 s
currentSize : 12 <-- 0.009975 s
currentSize : 13 <-- 0.015223 s
currentSize : 14 <-- 0.196646 s
currentSize : 15 <-- 0.223536 s
currentSize : 17 <-- 0.223563 s
currentSize : 18 <-- 0.223624 s
currentSize : 20 <-- 0.223651 s
currentSize : 21 <-- 0.223834 s

maxsize : 21
nodes : 595542.000000
filtered : 21332314.000000
time : 4.834889
