Parameters: GAD=1 vflib=1 dir=0 label=0 lowerbound=1 fileNameGp=../graphsdb/mcs70/m3D/m3D/mcs70_m3D_s35.A73 fileNameGt=../graphsdb/mcs70/m3D/m3D/mcs70_m3D_s35.B73
Reading graphs...
35 :  72
35 :  72
Initializing...
maxdom : 35
D->valSize : 1225
Solving...
currentSize : 20 <-- 0.035521 s
currentSize : 21 <-- 0.035580 s
currentSize : 23 <-- 0.203284 s
currentSize : 25 <-- 0.341928 s
currentSize : 27 <-- 0.342009 s
currentSize : 28 <-- 16.805468 s

maxsize : 28
nodes : 1296149.000000
filtered : 65726696.000000
time : 34.206291
