Parameters: GAD=1 vflib=1 dir=0 label=0 lowerbound=1 fileNameGp=../graphsdb/mcs70/m2D/m2D/mcs70_m2D_s35.A45 fileNameGt=../graphsdb/mcs70/m2D/m2D/mcs70_m2D_s35.B45
Reading graphs...
35 :  58
35 :  58
Initializing...
maxdom : 35
D->valSize : 1225
Solving...
currentSize : 16 <-- 0.021425 s
currentSize : 17 <-- 0.021447 s
currentSize : 20 <-- 0.022260 s
currentSize : 21 <-- 0.027007 s
currentSize : 22 <-- 0.054742 s
currentSize : 23 <-- 0.057955 s
currentSize : 24 <-- 34.682030 s
currentSize : 25 <-- 77.501335 s
currentSize : 26 <-- 144.160767 s
currentSize : 27 <-- 146.571884 s

maxsize : 27
nodes : 8370557.000000
filtered : 303557097.000000
time : 275.233978
