Parameters: GAD=1 vflib=1 dir=0 label=0 lowerbound=1 fileNameGp=../graphsdb/mcs70/bvg/b09/mcs70_b09_s35.A48 fileNameGt=../graphsdb/mcs70/bvg/b09/mcs70_b09_s35.B48
Reading graphs...
35 :  154
35 :  156
Initializing...
maxdom : 35
D->valSize : 1225
Solving...
currentSize : 17 <-- 0.018061 s
currentSize : 18 <-- 0.018108 s
currentSize : 19 <-- 0.018264 s
currentSize : 20 <-- 0.018515 s
currentSize : 21 <-- 0.216064 s
currentSize : 24 <-- 0.565271 s
currentSize : 25 <-- 6.905498 s

maxsize : 25
nodes : 2729935.000000
filtered : 116463887.000000
time : 27.569077
