Parameters: GAD=1 vflib=1 dir=0 label=0 lowerbound=1 fileNameGp=../graphsdb/mcs70/m4D/m4Dr2/mcs70_m4Dr2_s25.A51 fileNameGt=../graphsdb/mcs70/m4D/m4Dr2/mcs70_m4Dr2_s25.B51
Reading graphs...
25 :  52
25 :  52
Initializing...
maxdom : 25
D->valSize : 625
Solving...
currentSize : 8 <-- 0.005181 s
currentSize : 9 <-- 0.005196 s
currentSize : 10 <-- 0.005215 s
currentSize : 11 <-- 0.005727 s
currentSize : 12 <-- 0.006671 s
currentSize : 13 <-- 0.012553 s
currentSize : 14 <-- 0.019806 s
currentSize : 15 <-- 0.034784 s
currentSize : 16 <-- 0.036511 s
currentSize : 17 <-- 0.083479 s
currentSize : 18 <-- 0.092886 s

maxsize : 18
nodes : 90011.000000
filtered : 2920404.000000
time : 1.577275
