Parameters: GAD=1 vflib=1 dir=0 label=0 lowerbound=1 fileNameGp=../graphsdb/mcs70/bvg/b06/mcs70_b06_s25.A17 fileNameGt=../graphsdb/mcs70/bvg/b06/mcs70_b06_s25.B17
Reading graphs...
25 :  74
25 :  75
Initializing...
maxdom : 25
D->valSize : 625
Solving...
currentSize : 11 <-- 0.004798 s
currentSize : 12 <-- 0.004830 s
currentSize : 13 <-- 0.005069 s
currentSize : 14 <-- 0.005443 s
currentSize : 15 <-- 0.006409 s
currentSize : 17 <-- 0.017553 s
currentSize : 18 <-- 0.027539 s

maxsize : 18
nodes : 116816.000000
filtered : 3793478.000000
time : 1.145409
