Parameters: GAD=1 vflib=1 dir=0 label=0 lowerbound=1 fileNameGp=../graphsdb/mcs70/m2D/m2Dr2/mcs70_m2Dr2_s35.A05 fileNameGt=../graphsdb/mcs70/m2D/m2Dr2/mcs70_m2Dr2_s35.B05
Reading graphs...
35 :  65
35 :  64
Initializing...
maxdom : 35
D->valSize : 1225
Solving...
currentSize : 16 <-- 0.035619 s
currentSize : 17 <-- 0.035714 s
currentSize : 18 <-- 0.036880 s
currentSize : 19 <-- 0.181011 s
currentSize : 20 <-- 0.994154 s
currentSize : 21 <-- 6.756863 s
currentSize : 22 <-- 15.182116 s
currentSize : 23 <-- 65.074532 s
currentSize : 25 <-- 88.130005 s

maxsize : 25
nodes : 30165463.000000
filtered : 1271474073.000000
time : 1013.779358
