Parameters: GAD=1 vflib=1 dir=0 label=0 lowerbound=1 fileNameGp=../graphsdb/mcs70/m2D/m2D/mcs70_m2D_s35.A57 fileNameGt=../graphsdb/mcs70/m2D/m2D/mcs70_m2D_s35.B57
Reading graphs...
35 :  58
35 :  58
Initializing...
maxdom : 35
D->valSize : 1225
Solving...
currentSize : 11 <-- 0.036521 s
currentSize : 15 <-- 0.036587 s
currentSize : 16 <-- 0.036647 s
currentSize : 17 <-- 0.036775 s
currentSize : 18 <-- 0.037209 s
currentSize : 19 <-- 0.037544 s
currentSize : 20 <-- 0.088567 s
currentSize : 21 <-- 2.394838 s
currentSize : 23 <-- 2.395988 s
currentSize : 24 <-- 29.479372 s
currentSize : 25 <-- 170.569275 s
currentSize : 26 <-- 186.680878 s
currentSize : 27 <-- 399.034393 s

maxsize : 27
nodes : 13979342.000000
filtered : 516816704.000000
time : 457.044647
