Parameters: GAD=1 vflib=1 dir=0 label=0 lowerbound=1 fileNameGp=../graphsdb/mcs70/m3D/m3Dr4/mcs70_m3Dr4_s35.A48 fileNameGt=../graphsdb/mcs70/m3D/m3Dr4/mcs70_m3Dr4_s35.B48
Reading graphs...
35 :  86
35 :  83
Initializing...
maxdom : 35
D->valSize : 1225
Solving...
currentSize : 13 <-- 0.019652 s
currentSize : 15 <-- 0.019696 s
currentSize : 16 <-- 0.019710 s
currentSize : 18 <-- 0.019761 s
currentSize : 19 <-- 0.110448 s
currentSize : 20 <-- 1.422177 s
currentSize : 21 <-- 51.878242 s
currentSize : 22 <-- 929.958740 s
currentSize : 23 <-- 1100.976196 s
currentSize : 24 <-- 1101.221436 s
currentSize : 25 <-- 1101.225952 s
currentSize : 27 <-- 1101.225952 s

maxsize : 27
nodes : 95163660.000000
filtered : 2610685442.000000
time : 1119.802979
