Parameters: GAD=1 vflib=1 dir=0 label=0 lowerbound=1 fileNameGp=../graphsdb/mcs70/m3D/m3Dr4/mcs70_m3Dr4_s35.A28 fileNameGt=../graphsdb/mcs70/m3D/m3Dr4/mcs70_m3Dr4_s35.B28
Reading graphs...
35 :  84
35 :  84
Initializing...
maxdom : 35
D->valSize : 1225
Solving...
currentSize : 15 <-- 0.019912 s
currentSize : 16 <-- 0.020203 s
currentSize : 17 <-- 0.022117 s
currentSize : 19 <-- 0.026120 s
currentSize : 20 <-- 0.410927 s
currentSize : 21 <-- 0.532016 s
currentSize : 22 <-- 13.154273 s
currentSize : 23 <-- 100.017769 s
currentSize : 24 <-- 100.017815 s
currentSize : 26 <-- 162.143402 s
currentSize : 27 <-- 164.505692 s
currentSize : 28 <-- 178.656433 s

maxsize : 28
nodes : 16574478.000000
filtered : 524575434.000000
time : 185.330231
