Parameters: GAD=1 vflib=1 dir=0 label=0 lowerbound=1 fileNameGp=../graphsdb/mcs70/m2D/m2Dr2/mcs70_m2Dr2_s35.A82 fileNameGt=../graphsdb/mcs70/m2D/m2Dr2/mcs70_m2Dr2_s35.B82
Reading graphs...
35 :  65
35 :  65
Initializing...
maxdom : 35
D->valSize : 1225
Solving...
currentSize : 15 <-- 0.035721 s
currentSize : 16 <-- 0.036443 s
currentSize : 17 <-- 0.037936 s
currentSize : 18 <-- 0.092951 s
currentSize : 19 <-- 1.036228 s
currentSize : 20 <-- 1.612755 s
currentSize : 21 <-- 7.932346 s
currentSize : 22 <-- 14.142077 s
currentSize : 23 <-- 19.361330 s
currentSize : 24 <-- 156.080719 s
currentSize : 25 <-- 267.089813 s
currentSize : 26 <-- 267.107086 s

maxsize : 26
nodes : 15887062.000000
filtered : 539334939.000000
time : 409.451538
