Parameters: GAD=1 vflib=1 dir=0 label=0 lowerbound=1 fileNameGp=../graphsdb/mcs70/rand/r01/mcs70_r01_s20.A32 fileNameGt=../graphsdb/mcs70/rand/r01/mcs70_r01_s20.B32
Reading graphs...
20 :  37
20 :  37
Initializing...
maxdom : 20
D->valSize : 400
Solving...
currentSize : 10 <-- 0.002162 s
currentSize : 11 <-- 0.002243 s
currentSize : 12 <-- 0.002891 s
currentSize : 13 <-- 0.002921 s
currentSize : 14 <-- 0.007869 s
currentSize : 15 <-- 0.042896 s

maxsize : 15
nodes : 13383.000000
filtered : 338592.000000
time : 0.140664
