Parameters: GAD=1 vflib=1 dir=0 label=0 lowerbound=1 fileNameGp=../graphsdb/mcs70/m2D/m2D/mcs70_m2D_s35.A96 fileNameGt=../graphsdb/mcs70/m2D/m2D/mcs70_m2D_s35.B96
Reading graphs...
35 :  57
35 :  58
Initializing...
maxdom : 35
D->valSize : 1225
Solving...
currentSize : 17 <-- 0.025324 s
currentSize : 18 <-- 0.025353 s
currentSize : 19 <-- 0.027689 s
currentSize : 20 <-- 0.176040 s
currentSize : 21 <-- 0.228945 s
currentSize : 22 <-- 1.988991 s
currentSize : 23 <-- 1.989877 s
currentSize : 24 <-- 3.273965 s
currentSize : 25 <-- 26.821508 s
currentSize : 26 <-- 354.205933 s
currentSize : 27 <-- 365.299255 s
currentSize : 28 <-- 365.300507 s

maxsize : 28
nodes : 13453949.000000
filtered : 458285146.000000
time : 410.139862
