Parameters: GAD=1 vflib=1 dir=0 label=0 lowerbound=1 fileNameGp=../graphsdb/mcs70/bvg/b09/mcs70_b09_s25.A53 fileNameGt=../graphsdb/mcs70/bvg/b09/mcs70_b09_s25.B53
Reading graphs...
25 :  110
25 :  109
Initializing...
maxdom : 25
D->valSize : 625
Solving...
currentSize : 8 <-- 0.004537 s
currentSize : 9 <-- 0.004632 s
currentSize : 10 <-- 0.004724 s
currentSize : 11 <-- 0.004805 s
currentSize : 12 <-- 0.026528 s
currentSize : 13 <-- 0.058424 s
currentSize : 14 <-- 0.193632 s
currentSize : 15 <-- 0.210111 s
currentSize : 16 <-- 0.741993 s
currentSize : 17 <-- 1.076526 s

maxsize : 17
nodes : 270904.000000
filtered : 6769588.000000
time : 1.811286
