Parameters: GAD=1 vflib=1 dir=0 label=0 lowerbound=1 fileNameGp=../graphsdb/mcs70/rand/r005/mcs70_r005_s30.A22 fileNameGt=../graphsdb/mcs70/rand/r005/mcs70_r005_s30.B22
Reading graphs...
30 :  41
30 :  42
Initializing...
maxdom : 30
D->valSize : 900
Solving...
currentSize : 14 <-- 0.011200 s
currentSize : 16 <-- 0.020116 s
currentSize : 17 <-- 0.022543 s
currentSize : 18 <-- 0.022549 s
currentSize : 20 <-- 0.357287 s
currentSize : 21 <-- 1.045969 s
currentSize : 22 <-- 9.246404 s
currentSize : 24 <-- 14.471453 s

maxsize : 24
nodes : 1124560.000000
filtered : 23752249.000000
time : 17.539251
