Parameters: GAD=1 vflib=1 dir=0 label=0 lowerbound=1 fileNameGp=../graphsdb/mcs70/bvg/b06/mcs70_b06_s15.A40 fileNameGt=../graphsdb/mcs70/bvg/b06/mcs70_b06_s15.B40
Reading graphs...
15 :  45
15 :  43
Initializing...
maxdom : 15
D->valSize : 225
Solving...
currentSize : 6 <-- 0.000896 s
currentSize : 8 <-- 0.000941 s
currentSize : 9 <-- 0.001008 s
currentSize : 10 <-- 0.001058 s
currentSize : 11 <-- 0.007300 s
currentSize : 12 <-- 0.010395 s

maxsize : 12
nodes : 3035.000000
filtered : 39732.000000
time : 0.012411
