Parameters: GAD=1 vflib=1 dir=0 label=0 lowerbound=1 fileNameGp=../graphsdb/mcs70/m2D/m2Dr4/mcs70_m2Dr4_s25.A57 fileNameGt=../graphsdb/mcs70/m2D/m2Dr4/mcs70_m2Dr4_s25.B57
Reading graphs...
25 :  49
25 :  48
Initializing...
maxdom : 25
D->valSize : 625
Solving...
currentSize : 8 <-- 0.008861 s
currentSize : 10 <-- 0.008892 s
currentSize : 11 <-- 0.009078 s
currentSize : 12 <-- 0.013018 s
currentSize : 13 <-- 0.013547 s
currentSize : 14 <-- 0.020499 s
currentSize : 15 <-- 0.020756 s
currentSize : 16 <-- 0.021741 s
currentSize : 17 <-- 0.099031 s
currentSize : 18 <-- 4.979851 s

maxsize : 18
nodes : 444850.000000
filtered : 11996649.000000
time : 5.977847
