Parameters: GAD=1 vflib=1 dir=0 label=0 lowerbound=1 fileNameGp=../graphsdb/mcs70/bvg/b09/mcs70_b09_s35.A24 fileNameGt=../graphsdb/mcs70/bvg/b09/mcs70_b09_s35.B24
Reading graphs...
35 :  157
35 :  155
Initializing...
maxdom : 35
D->valSize : 1225
Solving...
currentSize : 14 <-- 0.017725 s
currentSize : 15 <-- 0.019651 s
currentSize : 16 <-- 0.068061 s
currentSize : 17 <-- 0.092557 s
currentSize : 18 <-- 0.302784 s
currentSize : 19 <-- 0.553984 s
currentSize : 21 <-- 1.512723 s
currentSize : 24 <-- 3.638200 s
currentSize : 25 <-- 7.818594 s

maxsize : 25
nodes : 2029984.000000
filtered : 94550268.000000
time : 21.922049
