Parameters: GAD=1 vflib=1 dir=0 label=0 lowerbound=1 fileNameGp=../graphsdb/mcs70/rand/r005/mcs70_r005_s35.A32 fileNameGt=../graphsdb/mcs70/rand/r005/mcs70_r005_s35.B32
Reading graphs...
35 :  58
35 :  57
Initializing...
maxdom : 35
D->valSize : 1225
Solving...
currentSize : 18 <-- 0.020693 s
currentSize : 19 <-- 0.024153 s
currentSize : 20 <-- 0.042272 s
currentSize : 21 <-- 0.132392 s
currentSize : 23 <-- 0.199803 s
currentSize : 24 <-- 0.251624 s
currentSize : 25 <-- 147.626801 s
currentSize : 26 <-- 331.836731 s

maxsize : 26
nodes : 19400219.000000
filtered : 679630202.000000
time : 461.983063
