Parameters: GAD=1 vflib=1 dir=0 label=0 lowerbound=1 fileNameGp=../graphsdb/mcs70/rand/r01/mcs70_r01_s35.A60 fileNameGt=../graphsdb/mcs70/rand/r01/mcs70_r01_s35.B60
Reading graphs...
35 :  112
35 :  111
Initializing...
maxdom : 35
D->valSize : 1225
Solving...
currentSize : 14 <-- 0.023345 s
currentSize : 15 <-- 0.024167 s
currentSize : 16 <-- 0.059753 s
currentSize : 17 <-- 0.116494 s
currentSize : 18 <-- 0.439415 s
currentSize : 19 <-- 1.289967 s
currentSize : 20 <-- 10.076557 s
currentSize : 21 <-- 276.417419 s
currentSize : 22 <-- 423.969391 s
currentSize : 24 <-- 424.125305 s

maxsize : 24
nodes : 47934518.000000
filtered : 1477710789.000000
time : 499.144318
