Parameters: GAD=1 vflib=1 dir=0 label=0 lowerbound=1 fileNameGp=../graphsdb/mcs70/bvg/b06m/mcs70_b06m_s35.A58 fileNameGt=../graphsdb/mcs70/bvg/b06m/mcs70_b06m_s35.B58
Reading graphs...
35 :  102
35 :  102
Initializing...
maxdom : 35
D->valSize : 1225
Solving...
currentSize : 17 <-- 0.034112 s
currentSize : 18 <-- 0.035246 s
currentSize : 19 <-- 0.087283 s
currentSize : 20 <-- 0.231264 s
currentSize : 21 <-- 21.169792 s
currentSize : 22 <-- 554.741394 s
currentSize : 24 <-- 711.938477 s

maxsize : 24
nodes : 61735965.000000
filtered : 2160123926.000000
time : 838.920471
