Parameters: GAD=1 vflib=1 dir=0 label=0 lowerbound=1 fileNameGp=../graphsdb/mcs70/rand/r005/mcs70_r005_s30.A25 fileNameGt=../graphsdb/mcs70/rand/r005/mcs70_r005_s30.B25
Reading graphs...
30 :  42
30 :  42
Initializing...
maxdom : 30
D->valSize : 900
Solving...
currentSize : 16 <-- 0.016168 s
currentSize : 18 <-- 0.016631 s
currentSize : 19 <-- 0.138887 s
currentSize : 20 <-- 2.498599 s
currentSize : 21 <-- 4.718864 s
currentSize : 22 <-- 103.310867 s

maxsize : 22
nodes : 7781506.000000
filtered : 186457440.000000
time : 194.073700
