Parameters: GAD=1 vflib=1 dir=0 label=0 lowerbound=1 fileNameGp=../graphsdb/mcs70/m4D/m4D/mcs70_m4D_s25.A01 fileNameGt=../graphsdb/mcs70/m4D/m4D/mcs70_m4D_s25.B01
Reading graphs...
25 :  47
25 :  47
Initializing...
maxdom : 25
D->valSize : 625
Solving...
currentSize : 11 <-- 0.005334 s
currentSize : 12 <-- 0.005353 s
currentSize : 14 <-- 0.005419 s
currentSize : 15 <-- 0.078404 s
currentSize : 16 <-- 0.092740 s
currentSize : 17 <-- 0.092810 s
currentSize : 18 <-- 2.280399 s

maxsize : 18
nodes : 262382.000000
filtered : 6075112.000000
time : 5.506007
