Parameters: GAD=1 vflib=1 dir=0 label=0 lowerbound=1 fileNameGp=../graphsdb/mcs70/bvg/b09/mcs70_b09_s30.A03 fileNameGt=../graphsdb/mcs70/bvg/b09/mcs70_b09_s30.B03
Reading graphs...
30 :  133
30 :  134
Initializing...
maxdom : 30
D->valSize : 900
Solving...
currentSize : 9 <-- 0.009640 s
currentSize : 10 <-- 0.009972 s
currentSize : 11 <-- 0.010039 s
currentSize : 12 <-- 0.015594 s
currentSize : 13 <-- 0.036875 s
currentSize : 14 <-- 0.038060 s
currentSize : 15 <-- 0.040273 s
currentSize : 16 <-- 0.042783 s
currentSize : 17 <-- 0.092362 s
currentSize : 18 <-- 0.210366 s
currentSize : 19 <-- 1.140689 s
currentSize : 20 <-- 1.713428 s
currentSize : 21 <-- 4.224868 s
currentSize : 22 <-- 4.524585 s

maxsize : 22
nodes : 780662.000000
filtered : 27166183.000000
time : 5.864065
