Parameters: GAD=1 vflib=1 dir=0 label=0 lowerbound=1 fileNameGp=../graphsdb/mcs70/bvg/b06/mcs70_b06_s35.A63 fileNameGt=../graphsdb/mcs70/bvg/b06/mcs70_b06_s35.B63
Reading graphs...
35 :  105
35 :  104
Initializing...
maxdom : 35
D->valSize : 1225
Solving...
currentSize : 14 <-- 0.033858 s
currentSize : 15 <-- 0.033925 s
currentSize : 16 <-- 0.034059 s
currentSize : 18 <-- 0.035875 s
currentSize : 19 <-- 0.112246 s
currentSize : 21 <-- 14.401137 s
currentSize : 22 <-- 14.402694 s
currentSize : 23 <-- 25.806179 s
currentSize : 24 <-- 26.751801 s
currentSize : 25 <-- 27.746799 s
currentSize : 26 <-- 29.063082 s

maxsize : 26
nodes : 4053839.000000
filtered : 156267900.000000
time : 65.811363
