Parameters: GAD=1 vflib=1 dir=0 label=0 lowerbound=1 fileNameGp=../graphsdb/mcs70/bvg/b03/mcs70_b03_s25.A50 fileNameGt=../graphsdb/mcs70/bvg/b03/mcs70_b03_s25.B50
Reading graphs...
25 :  37
25 :  37
Initializing...
maxdom : 25
D->valSize : 625
Solving...
currentSize : 14 <-- 0.005384 s
currentSize : 15 <-- 0.007646 s
currentSize : 16 <-- 0.009769 s
currentSize : 17 <-- 0.045042 s
currentSize : 18 <-- 0.296879 s
currentSize : 19 <-- 0.348103 s

maxsize : 19
nodes : 220632.000000
filtered : 6139220.000000
time : 4.176592
