Parameters: GAD=1 vflib=1 dir=0 label=0 lowerbound=1 fileNameGp=../graphsdb/mcs70/bvg/b03m/mcs70_b03m_s20.A82 fileNameGt=../graphsdb/mcs70/bvg/b03m/mcs70_b03m_s20.B82
Reading graphs...
20 :  30
20 :  30
Initializing...
maxdom : 20
D->valSize : 400
Solving...
currentSize : 12 <-- 0.002244 s
currentSize : 13 <-- 0.002323 s
currentSize : 14 <-- 0.002547 s
currentSize : 15 <-- 0.005797 s
currentSize : 16 <-- 0.038613 s
currentSize : 17 <-- 0.042432 s

maxsize : 17
nodes : 6117.000000
filtered : 128929.000000
time : 0.054380
