Parameters: GAD=1 vflib=1 dir=0 label=0 lowerbound=1 fileNameGp=../graphsdb/mcs70/bvg/b06/mcs70_b06_s20.A57 fileNameGt=../graphsdb/mcs70/bvg/b06/mcs70_b06_s20.B57
Reading graphs...
20 :  59
20 :  59
Initializing...
maxdom : 20
D->valSize : 400
Solving...
currentSize : 9 <-- 0.002007 s
currentSize : 10 <-- 0.002174 s
currentSize : 11 <-- 0.002275 s
currentSize : 12 <-- 0.007861 s
currentSize : 14 <-- 0.009962 s
currentSize : 15 <-- 0.009993 s

maxsize : 15
nodes : 13787.000000
filtered : 304820.000000
time : 0.095307
