Parameters: GAD=1 vflib=1 dir=0 label=0 lowerbound=1 fileNameGp=../graphsdb/mcs70/bvg/b03/mcs70_b03_s30.A12 fileNameGt=../graphsdb/mcs70/bvg/b03/mcs70_b03_s30.B12
Reading graphs...
30 :  45
30 :  45
Initializing...
maxdom : 30
D->valSize : 900
Solving...
currentSize : 12 <-- 0.016666 s
currentSize : 16 <-- 0.016700 s
currentSize : 17 <-- 0.016801 s
currentSize : 18 <-- 0.017856 s
currentSize : 19 <-- 0.025469 s
currentSize : 20 <-- 0.307767 s
currentSize : 21 <-- 3.095650 s
currentSize : 22 <-- 3.097137 s
currentSize : 23 <-- 17.155115 s
currentSize : 24 <-- 29.086008 s

maxsize : 24
nodes : 961363.000000
filtered : 32437587.000000
time : 36.473202
