Parameters: GAD=1 vflib=1 dir=0 label=0 lowerbound=1 fileNameGp=../graphsdb/mcs70/m3D/m3Dr2/mcs70_m3Dr2_s35.A73 fileNameGt=../graphsdb/mcs70/m3D/m3Dr2/mcs70_m3Dr2_s35.B73
Reading graphs...
35 :  79
35 :  79
Initializing...
maxdom : 35
D->valSize : 1225
Solving...
currentSize : 16 <-- 0.020822 s
currentSize : 19 <-- 0.021278 s
currentSize : 20 <-- 0.024656 s
currentSize : 21 <-- 0.546037 s
currentSize : 22 <-- 2.077683 s
currentSize : 24 <-- 9.756018 s
currentSize : 27 <-- 345.590424 s

maxsize : 27
nodes : 20520513.000000
filtered : 802361326.000000
time : 370.823303
