Parameters: GAD=1 vflib=1 dir=0 label=0 lowerbound=1 fileNameGp=../graphsdb/mcs70/rand/r01/mcs70_r01_s35.A73 fileNameGt=../graphsdb/mcs70/rand/r01/mcs70_r01_s35.B73
Reading graphs...
35 :  108
35 :  113
Initializing...
maxdom : 35
D->valSize : 1225
Solving...
currentSize : 15 <-- 0.019098 s
currentSize : 16 <-- 0.019179 s
currentSize : 17 <-- 0.036788 s
currentSize : 18 <-- 0.249658 s
currentSize : 19 <-- 3.662746 s
currentSize : 20 <-- 241.197205 s
currentSize : 21 <-- 969.280701 s
currentSize : 23 <-- 969.443909 s
currentSize : 24 <-- 969.444336 s

maxsize : 24
nodes : 115613765.000000
filtered : 3100624740.000000
time : 1082.635620
