Parameters: GAD=1 vflib=1 dir=0 label=0 lowerbound=1 fileNameGp=../graphsdb/mcs70/bvg/b09m/mcs70_b09m_s20.A77 fileNameGt=../graphsdb/mcs70/bvg/b09m/mcs70_b09m_s20.B77
Reading graphs...
20 :  84
20 :  84
Initializing...
maxdom : 20
D->valSize : 400
Solving...
currentSize : 8 <-- 0.001971 s
currentSize : 9 <-- 0.002478 s
currentSize : 10 <-- 0.004016 s
currentSize : 11 <-- 0.007251 s
currentSize : 12 <-- 0.051482 s
currentSize : 14 <-- 0.100851 s

maxsize : 14
nodes : 50443.000000
filtered : 915471.000000
time : 0.235850
