Parameters: GAD=1 vflib=1 dir=0 label=0 lowerbound=1 fileNameGp=../graphsdb/mcs70/bvg/b03m/mcs70_b03m_s30.A64 fileNameGt=../graphsdb/mcs70/bvg/b03m/mcs70_b03m_s30.B64
Reading graphs...
30 :  45
30 :  45
Initializing...
maxdom : 30
D->valSize : 900
Solving...
currentSize : 11 <-- 0.011312 s
currentSize : 12 <-- 0.011423 s
currentSize : 15 <-- 0.011438 s
currentSize : 16 <-- 0.020768 s
currentSize : 18 <-- 0.022634 s
currentSize : 20 <-- 0.295854 s
currentSize : 22 <-- 3.407971 s

maxsize : 22
nodes : 1854271.000000
filtered : 59566683.000000
time : 56.682926
