Parameters: GAD=1 vflib=1 dir=0 label=0 lowerbound=1 fileNameGp=../graphsdb/mcs70/m4D/m4Dr6/mcs70_m4Dr6_s25.A69 fileNameGt=../graphsdb/mcs70/m4D/m4Dr6/mcs70_m4Dr6_s25.B69
Reading graphs...
25 :  59
25 :  57
Initializing...
maxdom : 25
D->valSize : 625
Solving...
currentSize : 10 <-- 0.008763 s
currentSize : 11 <-- 0.008821 s
currentSize : 12 <-- 0.009140 s
currentSize : 13 <-- 0.011021 s
currentSize : 14 <-- 0.027978 s
currentSize : 15 <-- 0.029735 s
currentSize : 16 <-- 0.064076 s
currentSize : 17 <-- 3.489861 s
currentSize : 18 <-- 4.135258 s

maxsize : 18
nodes : 422444.000000
filtered : 10730826.000000
time : 5.151724
