Parameters: GAD=1 vflib=1 dir=0 label=0 lowerbound=1 fileNameGp=../graphsdb/mcs70/m4D/m4D/mcs70_m4D_s25.A47 fileNameGt=../graphsdb/mcs70/m4D/m4D/mcs70_m4D_s25.B47
Reading graphs...
25 :  46
25 :  47
Initializing...
maxdom : 25
D->valSize : 625
Solving...
currentSize : 7 <-- 0.005075 s
currentSize : 10 <-- 0.005123 s
currentSize : 13 <-- 0.005139 s
currentSize : 15 <-- 0.005150 s
currentSize : 16 <-- 0.006014 s
currentSize : 17 <-- 0.093087 s
currentSize : 18 <-- 0.093326 s
currentSize : 19 <-- 0.414465 s

maxsize : 19
nodes : 54864.000000
filtered : 1820213.000000
time : 1.659291
