Parameters: GAD=1 vflib=1 dir=0 label=0 lowerbound=1 fileNameGp=../graphsdb/mcs70/m4D/m4Dr6/mcs70_m4Dr6_s25.A53 fileNameGt=../graphsdb/mcs70/m4D/m4Dr6/mcs70_m4Dr6_s25.B53
Reading graphs...
25 :  59
25 :  59
Initializing...
maxdom : 25
D->valSize : 625
Solving...
currentSize : 9 <-- 0.005109 s
currentSize : 10 <-- 0.005160 s
currentSize : 11 <-- 0.005287 s
currentSize : 12 <-- 0.006547 s
currentSize : 13 <-- 0.007591 s
currentSize : 14 <-- 0.010285 s
currentSize : 15 <-- 0.049132 s
currentSize : 16 <-- 0.087425 s

maxsize : 16
nodes : 1197679.000000
filtered : 29314633.000000
time : 11.664421
