Parameters: GAD=1 vflib=1 dir=0 label=0 lowerbound=1 fileNameGp=../graphsdb/mcs70/rand/r01/mcs70_r01_s35.A33 fileNameGt=../graphsdb/mcs70/rand/r01/mcs70_r01_s35.B33
Reading graphs...
35 :  113
35 :  112
Initializing...
maxdom : 35
D->valSize : 1225
Solving...
currentSize : 12 <-- 0.018971 s
currentSize : 14 <-- 0.018994 s
currentSize : 15 <-- 0.019096 s
currentSize : 16 <-- 0.019236 s
currentSize : 17 <-- 0.021081 s
currentSize : 18 <-- 0.725321 s
currentSize : 19 <-- 4.855412 s
currentSize : 20 <-- 60.093216 s
currentSize : 21 <-- 1257.838135 s
currentSize : 23 <-- 1257.838989 s
currentSize : 24 <-- 1258.132324 s

maxsize : 24
nodes : 150713407.000000
filtered : 4213116099.000000
time : 1344.824219
