Parameters: GAD=1 vflib=1 dir=0 label=0 lowerbound=1 fileNameGp=../graphsdb/mcs70/m2D/m2Dr6/m2Dr6/mcs70_m2Dr6_s35.A59 fileNameGt=../graphsdb/mcs70/m2D/m2Dr6/m2Dr6/mcs70_m2Dr6_s35.B59
Reading graphs...
35 :  79
35 :  77
Initializing...
maxdom : 35
D->valSize : 1225
Solving...
currentSize : 15 <-- 0.019826 s
currentSize : 16 <-- 0.020072 s
currentSize : 17 <-- 0.021869 s
currentSize : 18 <-- 0.024654 s
currentSize : 19 <-- 0.032271 s
currentSize : 20 <-- 0.153541 s
currentSize : 21 <-- 1.349402 s
currentSize : 22 <-- 29.155764 s
currentSize : 23 <-- 232.568848 s
currentSize : 25 <-- 322.842407 s
currentSize : 26 <-- 427.343964 s

maxsize : 26
nodes : 31035581.000000
filtered : 1032384975.000000
time : 470.349945
