Parameters: GAD=1 vflib=1 dir=0 label=0 lowerbound=1 fileNameGp=../graphsdb/mcs70/rand/r01/mcs70_r01_s35.A86 fileNameGt=../graphsdb/mcs70/rand/r01/mcs70_r01_s35.B86
Reading graphs...
35 :  115
35 :  113
Initializing...
maxdom : 35
D->valSize : 1225
Solving...
currentSize : 13 <-- 0.033258 s
currentSize : 16 <-- 0.033308 s
currentSize : 17 <-- 0.033473 s
currentSize : 18 <-- 0.138980 s
currentSize : 19 <-- 0.154248 s
currentSize : 24 <-- 122.094063 s

maxsize : 24
nodes : 17864162.000000
filtered : 554989849.000000
time : 199.595673
