Parameters: GAD=1 vflib=1 dir=0 label=0 lowerbound=1 fileNameGp=../graphsdb/mcs70/rand/r005/mcs70_r005_s25.A52 fileNameGt=../graphsdb/mcs70/rand/r005/mcs70_r005_s25.B52
Reading graphs...
25 :  32
25 :  32
Initializing...
maxdom : 25
D->valSize : 625
Solving...
currentSize : 8 <-- 0.005578 s
currentSize : 9 <-- 0.005656 s
currentSize : 11 <-- 0.005882 s
currentSize : 12 <-- 0.006839 s
currentSize : 13 <-- 0.028202 s
currentSize : 14 <-- 0.028230 s
currentSize : 15 <-- 0.029770 s
currentSize : 16 <-- 0.117072 s
currentSize : 17 <-- 0.707081 s
currentSize : 18 <-- 2.664218 s
currentSize : 19 <-- 3.742202 s

maxsize : 19
nodes : 538458.000000
filtered : 5577553.000000
time : 5.313424
