Parameters: GAD=1 vflib=1 dir=0 label=0 lowerbound=1 fileNameGp=../graphsdb/mcs70/m2D/m2Dr4/mcs70_m2Dr4_s35.A84 fileNameGt=../graphsdb/mcs70/m2D/m2Dr4/mcs70_m2Dr4_s35.B84
Reading graphs...
35 :  71
35 :  72
Initializing...
maxdom : 35
D->valSize : 1225
Solving...
currentSize : 18 <-- 0.035649 s
currentSize : 19 <-- 0.037545 s
currentSize : 20 <-- 0.058539 s
currentSize : 21 <-- 1.932687 s
currentSize : 22 <-- 5.277767 s
currentSize : 23 <-- 17.318621 s
currentSize : 24 <-- 180.314880 s
currentSize : 25 <-- 370.513245 s
currentSize : 27 <-- 371.218719 s

maxsize : 27
nodes : 23560394.000000
filtered : 773739725.000000
time : 396.587799
