Parameters: GAD=1 vflib=1 dir=0 label=0 lowerbound=1 fileNameGp=../graphsdb/mcs70/rand/r01/mcs70_r01_s20.A38 fileNameGt=../graphsdb/mcs70/rand/r01/mcs70_r01_s20.B38
Reading graphs...
20 :  37
20 :  36
Initializing...
maxdom : 20
D->valSize : 400
Solving...
currentSize : 9 <-- 0.002215 s
currentSize : 10 <-- 0.002248 s
currentSize : 11 <-- 0.003091 s
currentSize : 12 <-- 0.003213 s
currentSize : 13 <-- 0.032513 s
currentSize : 14 <-- 0.249838 s

maxsize : 14
nodes : 61588.000000
filtered : 1159125.000000
time : 0.622124
