Parameters: GAD=1 vflib=1 dir=0 label=0 lowerbound=1 fileNameGp=../graphsdb/mcs70/rand/r005/mcs70_r005_s20.A72 fileNameGt=../graphsdb/mcs70/rand/r005/mcs70_r005_s20.B72
Reading graphs...
20 :  23
20 :  23
Initializing...
maxdom : 20
D->valSize : 400
Solving...
currentSize : 8 <-- 0.002272 s
currentSize : 10 <-- 0.002298 s
currentSize : 11 <-- 0.002478 s
currentSize : 12 <-- 0.002789 s
currentSize : 13 <-- 0.034603 s
currentSize : 14 <-- 0.139429 s
currentSize : 15 <-- 0.167019 s

maxsize : 15
nodes : 62179.000000
filtered : 732260.000000
time : 0.583652
