Parameters: GAD=1 vflib=1 dir=0 label=0 lowerbound=1 fileNameGp=../graphsdb/mcs70/bvg/b06/mcs70_b06_s20.A16 fileNameGt=../graphsdb/mcs70/bvg/b06/mcs70_b06_s20.B16
Reading graphs...
20 :  60
20 :  59
Initializing...
maxdom : 20
D->valSize : 400
Solving...
currentSize : 9 <-- 0.002133 s
currentSize : 10 <-- 0.002183 s
currentSize : 12 <-- 0.002240 s
currentSize : 13 <-- 0.002692 s
currentSize : 14 <-- 0.002757 s
currentSize : 15 <-- 0.012876 s

maxsize : 15
nodes : 11262.000000
filtered : 297713.000000
time : 0.117223
