Parameters: GAD=1 vflib=1 dir=0 label=0 lowerbound=1 fileNameGp=../graphsdb/mcs70/rand/r005/mcs70_r005_s25.A18 fileNameGt=../graphsdb/mcs70/rand/r005/mcs70_r005_s25.B18
Reading graphs...
25 :  33
25 :  32
Initializing...
maxdom : 25
D->valSize : 625
Solving...
currentSize : 10 <-- 0.009514 s
currentSize : 11 <-- 0.009573 s
currentSize : 12 <-- 0.009781 s
currentSize : 13 <-- 0.009817 s
currentSize : 14 <-- 0.010791 s
currentSize : 15 <-- 0.087527 s
currentSize : 16 <-- 0.117510 s
currentSize : 17 <-- 0.723189 s
currentSize : 18 <-- 3.597345 s
currentSize : 19 <-- 3.676683 s

maxsize : 19
nodes : 399698.000000
filtered : 8023014.000000
time : 7.006818
