Parameters: GAD=1 vflib=1 dir=0 label=0 lowerbound=1 fileNameGp=../graphsdb/mcs70/bvg/b03m/mcs70_b03m_s30.A21 fileNameGt=../graphsdb/mcs70/bvg/b03m/mcs70_b03m_s30.B21
Reading graphs...
30 :  43
30 :  45
Initializing...
maxdom : 30
D->valSize : 900
Solving...
currentSize : 9 <-- 0.011301 s
currentSize : 17 <-- 0.011408 s
currentSize : 18 <-- 0.012770 s
currentSize : 19 <-- 0.013290 s
currentSize : 20 <-- 0.013306 s
currentSize : 21 <-- 0.013366 s
currentSize : 22 <-- 0.013494 s

maxsize : 22
nodes : 2472566.000000
filtered : 91337266.000000
time : 87.318275
