Parameters: GAD=1 vflib=1 dir=0 label=0 lowerbound=1 fileNameGp=../graphsdb/mcs70/rand/r005/mcs70_r005_s35.A92 fileNameGt=../graphsdb/mcs70/rand/r005/mcs70_r005_s35.B92
Reading graphs...
35 :  58
35 :  58
Initializing...
maxdom : 35
D->valSize : 1225
Solving...
currentSize : 6 <-- 0.036536 s
currentSize : 7 <-- 0.036608 s
currentSize : 8 <-- 0.036654 s
currentSize : 13 <-- 0.036732 s
currentSize : 14 <-- 0.036812 s
currentSize : 15 <-- 0.036841 s
currentSize : 16 <-- 0.039654 s
currentSize : 17 <-- 0.090299 s
currentSize : 18 <-- 0.108789 s
currentSize : 19 <-- 0.184483 s
currentSize : 20 <-- 7.668581 s
currentSize : 21 <-- 67.313477 s
currentSize : 22 <-- 75.131653 s
currentSize : 23 <-- 306.232605 s
currentSize : 24 <-- 1449.252686 s
currentSize : 25 <-- 3335.141113 s

maxsize : 25
nodes : 146025417.000000
filtered : 3909915254.000000
time : 3469.270996
