Parameters: GAD=1 vflib=1 dir=0 label=0 lowerbound=1 fileNameGp=../graphsdb/mcs70/m3D/m3Dr6/mcs70_m3Dr6_s35.A38 fileNameGt=../graphsdb/mcs70/m3D/m3Dr6/mcs70_m3Dr6_s35.B38
Reading graphs...
35 :  93
35 :  93
Initializing...
maxdom : 35
D->valSize : 1225
Solving...
currentSize : 15 <-- 0.019395 s
currentSize : 16 <-- 0.023824 s
currentSize : 17 <-- 0.115468 s
currentSize : 18 <-- 0.674414 s
currentSize : 19 <-- 0.692664 s
currentSize : 20 <-- 1.877006 s
currentSize : 21 <-- 225.709717 s
currentSize : 22 <-- 295.871002 s
currentSize : 23 <-- 295.885406 s
currentSize : 24 <-- 358.378357 s
currentSize : 25 <-- 542.242798 s
currentSize : 27 <-- 557.184570 s

maxsize : 27
nodes : 58340714.000000
filtered : 1654781748.000000
time : 561.060181
