Parameters: GAD=1 vflib=1 dir=0 label=0 lowerbound=1 fileNameGp=../graphsdb/mcs70/rand/r01/mcs70_r01_s30.A48 fileNameGt=../graphsdb/mcs70/rand/r01/mcs70_r01_s30.B48
Reading graphs...
30 :  84
30 :  83
Initializing...
maxdom : 30
D->valSize : 900
Solving...
currentSize : 11 <-- 0.017984 s
currentSize : 12 <-- 0.018216 s
currentSize : 13 <-- 0.024316 s
currentSize : 14 <-- 0.027203 s
currentSize : 15 <-- 0.027403 s
currentSize : 16 <-- 0.063259 s
currentSize : 17 <-- 1.776217 s
currentSize : 18 <-- 7.152714 s
currentSize : 20 <-- 14.223053 s
currentSize : 21 <-- 14.223432 s

maxsize : 21
nodes : 2983957.000000
filtered : 86709290.000000
time : 30.553450
