Parameters: GAD=1 vflib=1 dir=0 label=0 lowerbound=1 fileNameGp=../graphsdb/mcs70/m3D/m3Dr2/mcs70_m3Dr2_s35.A55 fileNameGt=../graphsdb/mcs70/m3D/m3Dr2/mcs70_m3Dr2_s35.B55
Reading graphs...
35 :  79
35 :  79
Initializing...
maxdom : 35
D->valSize : 1225
Solving...
currentSize : 16 <-- 0.019951 s
currentSize : 17 <-- 0.020159 s
currentSize : 18 <-- 0.024196 s
currentSize : 19 <-- 0.029086 s
currentSize : 20 <-- 0.044571 s
currentSize : 21 <-- 0.221351 s
currentSize : 22 <-- 0.962140 s
currentSize : 23 <-- 56.884853 s
currentSize : 25 <-- 374.838623 s
currentSize : 26 <-- 475.672974 s
currentSize : 27 <-- 479.531006 s

maxsize : 27
nodes : 34623631.000000
filtered : 1150008990.000000
time : 493.610260
