Parameters: GAD=1 vflib=1 dir=0 label=0 lowerbound=1 fileNameGp=../graphsdb/mcs70/m2D/m2Dr2/mcs70_m2Dr2_s35.A95 fileNameGt=../graphsdb/mcs70/m2D/m2Dr2/mcs70_m2Dr2_s35.B95
Reading graphs...
35 :  65
35 :  65
Initializing...
maxdom : 35
D->valSize : 1225
Solving...
currentSize : 17 <-- 0.021099 s
currentSize : 18 <-- 0.021156 s
currentSize : 19 <-- 0.069077 s
currentSize : 20 <-- 0.771361 s
currentSize : 21 <-- 1.190344 s
currentSize : 22 <-- 6.379783 s
currentSize : 23 <-- 9.615466 s
currentSize : 24 <-- 143.425125 s
currentSize : 25 <-- 339.496155 s
currentSize : 26 <-- 353.205414 s

maxsize : 26
nodes : 20802569.000000
filtered : 786674957.000000
time : 692.223206
