Parameters: GAD=1 vflib=1 dir=0 label=0 lowerbound=1 fileNameGp=../graphsdb/mcs70/bvg/b06/mcs70_b06_s30.A32 fileNameGt=../graphsdb/mcs70/bvg/b06/mcs70_b06_s30.B32
Reading graphs...
30 :  90
30 :  89
Initializing...
maxdom : 30
D->valSize : 900
Solving...
currentSize : 11 <-- 0.017459 s
currentSize : 12 <-- 0.018549 s
currentSize : 14 <-- 0.019749 s
currentSize : 15 <-- 0.024384 s
currentSize : 16 <-- 0.165034 s
currentSize : 17 <-- 0.181577 s
currentSize : 18 <-- 0.183763 s
currentSize : 19 <-- 0.599049 s
currentSize : 20 <-- 1.107863 s
currentSize : 21 <-- 1.143846 s
currentSize : 22 <-- 1.143925 s

maxsize : 22
nodes : 494677.000000
filtered : 18752950.000000
time : 6.448593
