Parameters: GAD=1 vflib=1 dir=0 label=0 lowerbound=1 fileNameGp=../graphsdb/mcs70/m4D/m4D/mcs70_m4D_s25.A17 fileNameGt=../graphsdb/mcs70/m4D/m4D/mcs70_m4D_s25.B17
Reading graphs...
25 :  47
25 :  46
Initializing...
maxdom : 25
D->valSize : 625
Solving...
currentSize : 13 <-- 0.009604 s
currentSize : 14 <-- 0.013082 s
currentSize : 15 <-- 0.092865 s
currentSize : 16 <-- 0.559952 s
currentSize : 17 <-- 0.559972 s
currentSize : 18 <-- 0.560017 s
currentSize : 19 <-- 0.711500 s

maxsize : 19
nodes : 137920.000000
filtered : 2339660.000000
time : 1.723923
