Parameters: GAD=1 vflib=1 dir=0 label=0 lowerbound=1 fileNameGp=../graphsdb/mcs70/bvg/b03/mcs70_b03_s20.A85 fileNameGt=../graphsdb/mcs70/bvg/b03/mcs70_b03_s20.B85
Reading graphs...
20 :  30
20 :  30
Initializing...
maxdom : 20
D->valSize : 400
Solving...
currentSize : 11 <-- 0.002262 s
currentSize : 12 <-- 0.002284 s
currentSize : 13 <-- 0.002604 s
currentSize : 14 <-- 0.002619 s
currentSize : 15 <-- 0.005683 s
currentSize : 16 <-- 0.204309 s

maxsize : 16
nodes : 23259.000000
filtered : 481997.000000
time : 0.282085
