Parameters: GAD=1 vflib=1 dir=0 label=0 lowerbound=1 fileNameGp=../graphsdb/mcs70/bvg/b09/mcs70_b09_s30.A21 fileNameGt=../graphsdb/mcs70/bvg/b09/mcs70_b09_s30.B21
Reading graphs...
30 :  135
30 :  133
Initializing...
maxdom : 30
D->valSize : 900
Solving...
currentSize : 9 <-- 0.009782 s
currentSize : 10 <-- 0.009810 s
currentSize : 11 <-- 0.010472 s
currentSize : 12 <-- 0.010858 s
currentSize : 13 <-- 0.011315 s
currentSize : 14 <-- 0.266885 s
currentSize : 15 <-- 0.575325 s
currentSize : 16 <-- 10.237158 s
currentSize : 17 <-- 10.641987 s
currentSize : 18 <-- 32.230396 s
currentSize : 20 <-- 32.873531 s
currentSize : 21 <-- 33.572868 s

maxsize : 21
nodes : 6025233.000000
filtered : 133591134.000000
time : 35.883209
