Parameters: GAD=1 vflib=1 dir=0 label=0 lowerbound=1 fileNameGp=../graphsdb/mcs70/m2D/m2D/mcs70_m2D_s35.A50 fileNameGt=../graphsdb/mcs70/m2D/m2D/mcs70_m2D_s35.B50
Reading graphs...
35 :  58
35 :  58
Initializing...
maxdom : 35
D->valSize : 1225
Solving...
currentSize : 19 <-- 0.020713 s
currentSize : 20 <-- 0.020874 s
currentSize : 21 <-- 0.023789 s
currentSize : 22 <-- 0.064785 s
currentSize : 23 <-- 0.082825 s
currentSize : 24 <-- 2.082069 s
currentSize : 25 <-- 11.848372 s
currentSize : 26 <-- 12.146410 s
currentSize : 27 <-- 12.146453 s

maxsize : 27
nodes : 4256448.000000
filtered : 200302953.000000
time : 182.076157
