Parameters: GAD=1 vflib=1 dir=0 label=0 lowerbound=1 fileNameGp=../graphsdb/mcs70/rand/r02/mcs70_r02_s35.A84 fileNameGt=../graphsdb/mcs70/rand/r02/mcs70_r02_s35.B84
Reading graphs...
35 :  207
35 :  218
Initializing...
maxdom : 35
D->valSize : 1225
Solving...
currentSize : 11 <-- 0.021797 s
currentSize : 12 <-- 0.021988 s
currentSize : 13 <-- 0.022495 s
currentSize : 14 <-- 0.176626 s
currentSize : 16 <-- 10.159144 s
currentSize : 24 <-- 64.778725 s

maxsize : 24
nodes : 15987805.000000
filtered : 326947237.000000
time : 94.985390
