Parameters: GAD=1 vflib=1 dir=0 label=0 lowerbound=1 fileNameGp=../graphsdb/mcs70/rand/r01/mcs70_r01_s30.A06 fileNameGt=../graphsdb/mcs70/rand/r01/mcs70_r01_s30.B06
Reading graphs...
30 :  83
30 :  81
Initializing...
maxdom : 30
D->valSize : 900
Solving...
currentSize : 12 <-- 0.010386 s
currentSize : 14 <-- 0.010518 s
currentSize : 15 <-- 0.011352 s
currentSize : 16 <-- 0.011438 s
currentSize : 17 <-- 0.127142 s
currentSize : 18 <-- 1.025319 s
currentSize : 19 <-- 3.363929 s
currentSize : 21 <-- 3.658028 s

maxsize : 21
nodes : 1182599.000000
filtered : 44007970.000000
time : 13.242655
