Parameters: GAD=1 vflib=1 dir=0 label=0 lowerbound=1 fileNameGp=../graphsdb/mcs70/bvg/b09m/mcs70_b09m_s35.A99 fileNameGt=../graphsdb/mcs70/bvg/b09m/mcs70_b09m_s35.B99
Reading graphs...
35 :  151
35 :  149
Initializing...
maxdom : 35
D->valSize : 1225
Solving...
currentSize : 13 <-- 0.017926 s
currentSize : 14 <-- 0.017953 s
currentSize : 15 <-- 0.018153 s
currentSize : 16 <-- 0.109233 s
currentSize : 17 <-- 0.466500 s
currentSize : 18 <-- 7.550558 s
currentSize : 19 <-- 7.550744 s
currentSize : 20 <-- 7.636855 s
currentSize : 24 <-- 7.640650 s

maxsize : 24
nodes : 3199766.000000
filtered : 143478592.000000
time : 36.996883
