Parameters: GAD=1 vflib=1 dir=0 label=0 lowerbound=1 fileNameGp=../graphsdb/mcs70/m4D/m4D/mcs70_m4D_s25.A99 fileNameGt=../graphsdb/mcs70/m4D/m4D/mcs70_m4D_s25.B99
Reading graphs...
25 :  46
25 :  47
Initializing...
maxdom : 25
D->valSize : 625
Solving...
currentSize : 9 <-- 0.009000 s
currentSize : 12 <-- 0.009101 s
currentSize : 14 <-- 0.009127 s
currentSize : 16 <-- 0.021048 s
currentSize : 17 <-- 0.025559 s
currentSize : 18 <-- 0.256884 s
currentSize : 19 <-- 1.024975 s

maxsize : 19
nodes : 116124.000000
filtered : 3031969.000000
time : 1.840210
