Parameters: GAD=1 vflib=1 dir=0 label=0 lowerbound=1 fileNameGp=../graphsdb/mcs70/bvg/b09m/mcs70_b09m_s20.A67 fileNameGt=../graphsdb/mcs70/bvg/b09m/mcs70_b09m_s20.B67
Reading graphs...
20 :  82
20 :  84
Initializing...
maxdom : 20
D->valSize : 400
Solving...
currentSize : 7 <-- 0.003298 s
currentSize : 8 <-- 0.003319 s
currentSize : 9 <-- 0.003366 s
currentSize : 10 <-- 0.007494 s
currentSize : 11 <-- 0.170470 s
currentSize : 12 <-- 0.305938 s
currentSize : 14 <-- 0.310362 s

maxsize : 14
nodes : 105839.000000
filtered : 1357554.000000
time : 0.421945
