Parameters: GAD=1 vflib=1 dir=0 label=0 lowerbound=1 fileNameGp=../graphsdb/mcs70/m2D/m2Dr6/m2Dr6/mcs70_m2Dr6_s35.A88 fileNameGt=../graphsdb/mcs70/m2D/m2Dr6/m2Dr6/mcs70_m2Dr6_s35.B88
Reading graphs...
35 :  78
35 :  77
Initializing...
maxdom : 35
D->valSize : 1225
Solving...
currentSize : 14 <-- 0.020036 s
currentSize : 17 <-- 0.020074 s
currentSize : 18 <-- 0.020607 s
currentSize : 19 <-- 0.043649 s
currentSize : 20 <-- 0.045004 s
currentSize : 21 <-- 2.589538 s
currentSize : 22 <-- 8.151966 s
currentSize : 23 <-- 83.299911 s
currentSize : 24 <-- 575.573303 s
currentSize : 25 <-- 576.839172 s

maxsize : 25
nodes : 43618922.000000
filtered : 1623294649.000000
time : 728.738220
