Parameters: GAD=1 vflib=1 dir=0 label=0 lowerbound=1 fileNameGp=../graphsdb/mcs70/rand/r01/mcs70_r01_s35.A08 fileNameGt=../graphsdb/mcs70/rand/r01/mcs70_r01_s35.B08
Reading graphs...
35 :  107
35 :  112
Initializing...
maxdom : 35
D->valSize : 1225
Solving...
currentSize : 11 <-- 0.033415 s
currentSize : 12 <-- 0.033451 s
currentSize : 13 <-- 0.033703 s
currentSize : 14 <-- 0.034247 s
currentSize : 15 <-- 0.034657 s
currentSize : 16 <-- 0.040208 s
currentSize : 17 <-- 0.048754 s
currentSize : 18 <-- 0.100432 s
currentSize : 19 <-- 0.583626 s
currentSize : 20 <-- 31.906452 s
currentSize : 22 <-- 1248.960938 s
currentSize : 23 <-- 1330.900635 s
currentSize : 24 <-- 1330.900879 s

maxsize : 24
nodes : 141135280.000000
filtered : 3897038865.000000
time : 1393.859619
