Parameters: GAD=1 vflib=1 dir=0 label=0 lowerbound=1 fileNameGp=../graphsdb/mcs70/bvg/b09/mcs70_b09_s30.A49 fileNameGt=../graphsdb/mcs70/bvg/b09/mcs70_b09_s30.B49
Reading graphs...
30 :  133
30 :  133
Initializing...
maxdom : 30
D->valSize : 900
Solving...
currentSize : 10 <-- 0.009459 s
currentSize : 11 <-- 0.014223 s
currentSize : 12 <-- 0.017563 s
currentSize : 13 <-- 0.024012 s
currentSize : 14 <-- 0.043237 s
currentSize : 15 <-- 0.092756 s
currentSize : 18 <-- 0.236393 s
currentSize : 19 <-- 0.236537 s
currentSize : 20 <-- 0.248087 s
currentSize : 21 <-- 0.739906 s

maxsize : 21
nodes : 531104.000000
filtered : 20081041.000000
time : 4.703691
