Parameters: GAD=1 vflib=1 dir=0 label=0 lowerbound=1 fileNameGp=../graphsdb/mcs70/bvg/b06/mcs70_b06_s30.A74 fileNameGt=../graphsdb/mcs70/bvg/b06/mcs70_b06_s30.B74
Reading graphs...
30 :  90
30 :  90
Initializing...
maxdom : 30
D->valSize : 900
Solving...
currentSize : 14 <-- 0.010153 s
currentSize : 15 <-- 0.010194 s
currentSize : 16 <-- 0.011407 s
currentSize : 17 <-- 0.121950 s
currentSize : 18 <-- 0.140713 s
currentSize : 19 <-- 2.116162 s
currentSize : 20 <-- 2.153309 s
currentSize : 21 <-- 2.222561 s
currentSize : 22 <-- 3.429203 s

maxsize : 22
nodes : 626222.000000
filtered : 21669473.000000
time : 9.578234
