Parameters: GAD=1 vflib=1 dir=0 label=0 lowerbound=1 fileNameGp=../graphsdb/mcs70/m2D/m2Dr2/mcs70_m2Dr2_s35.A01 fileNameGt=../graphsdb/mcs70/m2D/m2Dr2/mcs70_m2Dr2_s35.B01
Reading graphs...
35 :  65
35 :  65
Initializing...
maxdom : 35
D->valSize : 1225
Solving...
currentSize : 9 <-- 0.035769 s
currentSize : 13 <-- 0.035837 s
currentSize : 14 <-- 0.035865 s
currentSize : 15 <-- 0.036026 s
currentSize : 16 <-- 0.036229 s
currentSize : 17 <-- 0.036802 s
currentSize : 18 <-- 0.045658 s
currentSize : 19 <-- 0.046762 s
currentSize : 20 <-- 0.048633 s
currentSize : 21 <-- 0.058905 s
currentSize : 22 <-- 0.083649 s
currentSize : 23 <-- 1.134568 s
currentSize : 24 <-- 295.594513 s
currentSize : 25 <-- 476.703156 s
currentSize : 26 <-- 849.413513 s

maxsize : 26
nodes : 43542125.000000
filtered : 1604940416.000000
time : 1076.217651
