Parameters: GAD=1 vflib=1 dir=0 label=0 lowerbound=1 fileNameGp=../graphsdb/mcs70/m3D/m3D/mcs70_m3D_s35.A27 fileNameGt=../graphsdb/mcs70/m3D/m3D/mcs70_m3D_s35.B27
Reading graphs...
35 :  72
35 :  71
Initializing...
maxdom : 35
D->valSize : 1225
Solving...
currentSize : 20 <-- 0.020216 s
currentSize : 21 <-- 0.022091 s
currentSize : 22 <-- 6.041196 s
currentSize : 23 <-- 7.846320 s
currentSize : 24 <-- 9.583645 s
currentSize : 26 <-- 37.923729 s
currentSize : 28 <-- 40.299213 s

maxsize : 28
nodes : 3568042.000000
filtered : 133794574.000000
time : 66.349861
