Parameters: GAD=1 vflib=1 dir=0 label=0 lowerbound=1 fileNameGp=../graphsdb/mcs70/m3D/m3Dr6/mcs70_m3Dr6_s35.A00 fileNameGt=../graphsdb/mcs70/m3D/m3Dr6/mcs70_m3Dr6_s35.B00
Reading graphs...
35 :  91
35 :  89
Initializing...
maxdom : 35
D->valSize : 1225
Solving...
currentSize : 16 <-- 0.034264 s
currentSize : 18 <-- 0.034558 s
currentSize : 19 <-- 0.034868 s
currentSize : 20 <-- 0.266760 s
currentSize : 21 <-- 28.077135 s
currentSize : 22 <-- 579.759338 s
currentSize : 24 <-- 622.476929 s
currentSize : 25 <-- 776.794312 s
currentSize : 27 <-- 776.795654 s

maxsize : 27
nodes : 67944318.000000
filtered : 2015598815.000000
time : 792.767883
