Parameters: GAD=1 vflib=1 dir=0 label=0 lowerbound=1 fileNameGp=../graphsdb/mcs70/rand/r005/mcs70_r005_s30.A77 fileNameGt=../graphsdb/mcs70/rand/r005/mcs70_r005_s30.B77
Reading graphs...
30 :  42
30 :  41
Initializing...
maxdom : 30
D->valSize : 900
Solving...
currentSize : 16 <-- 0.011250 s
currentSize : 17 <-- 0.011317 s
currentSize : 18 <-- 0.012122 s
currentSize : 19 <-- 0.112922 s
currentSize : 20 <-- 2.091887 s
currentSize : 21 <-- 9.597221 s
currentSize : 22 <-- 20.686991 s
currentSize : 23 <-- 29.393810 s

maxsize : 23
nodes : 2860747.000000
filtered : 61245613.000000
time : 50.171478
