Parameters: GAD=1 vflib=1 dir=0 label=0 lowerbound=1 fileNameGp=../graphsdb/mcs70/bvg/b03m/mcs70_b03m_s35.A64 fileNameGt=../graphsdb/mcs70/bvg/b03m/mcs70_b03m_s35.B64
Reading graphs...
35 :  52
35 :  52
Initializing...
maxdom : 35
D->valSize : 1225
Solving...
currentSize : 17 <-- 0.020925 s
currentSize : 18 <-- 0.020952 s
currentSize : 19 <-- 0.022568 s
currentSize : 20 <-- 0.165348 s
currentSize : 21 <-- 0.861576 s
currentSize : 22 <-- 0.899310 s
currentSize : 23 <-- 20.409557 s
currentSize : 24 <-- 22.736300 s
currentSize : 25 <-- 386.761475 s
currentSize : 26 <-- 1430.378662 s

maxsize : 26
nodes : 53612246.000000
filtered : 1706666967.000000
time : 1849.053101
