Parameters: GAD=1 vflib=1 dir=0 label=0 lowerbound=1 fileNameGp=../graphsdb/mcs70/m4D/m4D/mcs70_m4D_s25.A36 fileNameGt=../graphsdb/mcs70/m4D/m4D/mcs70_m4D_s25.B36
Reading graphs...
25 :  47
25 :  47
Initializing...
maxdom : 25
D->valSize : 625
Solving...
currentSize : 10 <-- 0.005043 s
currentSize : 12 <-- 0.005068 s
currentSize : 13 <-- 0.005274 s
currentSize : 14 <-- 0.006846 s
currentSize : 15 <-- 0.025760 s
currentSize : 16 <-- 0.053620 s
currentSize : 17 <-- 0.056087 s
currentSize : 18 <-- 0.182200 s
currentSize : 19 <-- 0.267354 s

maxsize : 19
nodes : 97265.000000
filtered : 2872433.000000
time : 1.918667
