Parameters: GAD=1 vflib=1 dir=0 label=0 lowerbound=1 fileNameGp=../graphsdb/mcs70/bvg/b06/mcs70_b06_s35.A62 fileNameGt=../graphsdb/mcs70/bvg/b06/mcs70_b06_s35.B62
Reading graphs...
35 :  105
35 :  105
Initializing...
maxdom : 35
D->valSize : 1225
Solving...
currentSize : 15 <-- 0.021535 s
currentSize : 16 <-- 0.021599 s
currentSize : 17 <-- 0.024428 s
currentSize : 18 <-- 0.024840 s
currentSize : 19 <-- 0.029074 s
currentSize : 20 <-- 0.161589 s
currentSize : 21 <-- 0.193343 s
currentSize : 22 <-- 0.218158 s
currentSize : 23 <-- 3.860418 s
currentSize : 24 <-- 6.474336 s
currentSize : 25 <-- 6.786433 s

maxsize : 25
nodes : 5010488.000000
filtered : 243251068.000000
time : 107.063469
