Parameters: GAD=1 vflib=1 dir=0 label=0 lowerbound=1 fileNameGp=../graphsdb/mcs70/bvg/b09/mcs70_b09_s20.A37 fileNameGt=../graphsdb/mcs70/bvg/b09/mcs70_b09_s20.B37
Reading graphs...
20 :  89
20 :  90
Initializing...
maxdom : 20
D->valSize : 400
Solving...
currentSize : 7 <-- 0.001951 s
currentSize : 8 <-- 0.001972 s
currentSize : 9 <-- 0.001995 s
currentSize : 10 <-- 0.002206 s
currentSize : 11 <-- 0.003659 s
currentSize : 13 <-- 0.005542 s
currentSize : 14 <-- 0.005597 s

maxsize : 14
nodes : 34150.000000
filtered : 719325.000000
time : 0.194076
