Parameters: GAD=1 vflib=1 dir=0 label=0 lowerbound=1 fileNameGp=../graphsdb/mcs70/m3D/m3Dr4/mcs70_m3Dr4_s35.A09 fileNameGt=../graphsdb/mcs70/m3D/m3Dr4/mcs70_m3Dr4_s35.B09
Reading graphs...
35 :  84
35 :  85
Initializing...
maxdom : 35
D->valSize : 1225
Solving...
currentSize : 14 <-- 0.019954 s
currentSize : 15 <-- 0.020141 s
currentSize : 16 <-- 0.021645 s
currentSize : 17 <-- 0.048039 s
currentSize : 18 <-- 0.279632 s
currentSize : 19 <-- 4.753015 s
currentSize : 20 <-- 6.626001 s
currentSize : 21 <-- 36.496754 s
currentSize : 22 <-- 93.002426 s
currentSize : 23 <-- 403.627075 s
currentSize : 24 <-- 459.226349 s
currentSize : 25 <-- 543.345886 s
currentSize : 27 <-- 551.420715 s

maxsize : 27
nodes : 50780839.000000
filtered : 1564955439.000000
time : 575.362915
