Parameters: GAD=1 vflib=1 dir=0 label=0 lowerbound=1 fileNameGp=../graphsdb/mcs70/m3D/m3Dr6/mcs70_m3Dr6_s35.A42 fileNameGt=../graphsdb/mcs70/m3D/m3Dr6/mcs70_m3Dr6_s35.B42
Reading graphs...
35 :  91
35 :  91
Initializing...
maxdom : 35
D->valSize : 1225
Solving...
currentSize : 14 <-- 0.019538 s
currentSize : 16 <-- 0.019603 s
currentSize : 18 <-- 0.062785 s
currentSize : 19 <-- 0.568852 s
currentSize : 20 <-- 1.905086 s
currentSize : 21 <-- 168.031921 s
currentSize : 22 <-- 547.807617 s
currentSize : 23 <-- 602.545105 s
currentSize : 24 <-- 672.850098 s
currentSize : 27 <-- 673.677612 s

maxsize : 27
nodes : 64691234.000000
filtered : 1842691974.000000
time : 689.642212
