Parameters: GAD=1 vflib=1 dir=0 label=0 lowerbound=1 fileNameGp=../graphsdb/mcs70/bvg/b06m/mcs70_b06m_s25.A77 fileNameGt=../graphsdb/mcs70/bvg/b06m/mcs70_b06m_s25.B77
Reading graphs...
25 :  74
25 :  74
Initializing...
maxdom : 25
D->valSize : 625
Solving...
currentSize : 10 <-- 0.008311 s
currentSize : 12 <-- 0.008336 s
currentSize : 13 <-- 0.008599 s
currentSize : 14 <-- 0.013759 s
currentSize : 15 <-- 0.170581 s
currentSize : 16 <-- 0.411915 s
currentSize : 17 <-- 0.422324 s

maxsize : 17
nodes : 215578.000000
filtered : 5903239.000000
time : 1.761211
