Parameters: GAD=1 vflib=1 dir=0 label=0 lowerbound=1 fileNameGp=../graphsdb/mcs70/rand/r005/mcs70_r005_s25.A89 fileNameGt=../graphsdb/mcs70/rand/r005/mcs70_r005_s25.B89
Reading graphs...
25 :  33
25 :  32
Initializing...
maxdom : 25
D->valSize : 625
Solving...
currentSize : 9 <-- 0.005387 s
currentSize : 10 <-- 0.005407 s
currentSize : 14 <-- 0.005492 s
currentSize : 15 <-- 0.005673 s
currentSize : 16 <-- 0.008239 s
currentSize : 17 <-- 0.008252 s
currentSize : 18 <-- 4.619303 s
currentSize : 19 <-- 4.619417 s

maxsize : 19
nodes : 605938.000000
filtered : 9424522.000000
time : 7.537582
