Parameters: GAD=1 vflib=1 dir=0 label=0 lowerbound=1 fileNameGp=../graphsdb/mcs70/m2D/m2Dr2/mcs70_m2Dr2_s25.A25 fileNameGt=../graphsdb/mcs70/m2D/m2Dr2/mcs70_m2Dr2_s25.B25
Reading graphs...
25 :  44
25 :  45
Initializing...
maxdom : 25
D->valSize : 625
Solving...
currentSize : 13 <-- 0.009202 s
currentSize : 14 <-- 0.010344 s
currentSize : 15 <-- 0.010374 s
currentSize : 16 <-- 0.130202 s
currentSize : 17 <-- 0.163129 s
currentSize : 18 <-- 0.505005 s

maxsize : 18
nodes : 252061.000000
filtered : 7118942.000000
time : 3.928851
