Parameters: GAD=1 vflib=1 dir=0 label=0 lowerbound=1 fileNameGp=../graphsdb/mcs70/bvg/b06m/mcs70_b06m_s25.A99 fileNameGt=../graphsdb/mcs70/bvg/b06m/mcs70_b06m_s25.B99
Reading graphs...
25 :  72
25 :  72
Initializing...
maxdom : 25
D->valSize : 625
Solving...
currentSize : 11 <-- 0.004913 s
currentSize : 12 <-- 0.005824 s
currentSize : 13 <-- 0.006906 s
currentSize : 14 <-- 0.046563 s
currentSize : 15 <-- 0.088262 s
currentSize : 16 <-- 0.751163 s
currentSize : 18 <-- 1.123734 s

maxsize : 18
nodes : 165014.000000
filtered : 4918572.000000
time : 1.782146
