Parameters: GAD=1 vflib=1 dir=0 label=0 lowerbound=1 fileNameGp=../graphsdb/mcs70/bvg/b03/mcs70_b03_s35.A51 fileNameGt=../graphsdb/mcs70/bvg/b03/mcs70_b03_s35.B51
Reading graphs...
35 :  52
35 :  51
Initializing...
maxdom : 35
D->valSize : 1225
Solving...
currentSize : 19 <-- 0.025618 s
currentSize : 20 <-- 0.026369 s
currentSize : 21 <-- 0.033743 s
currentSize : 22 <-- 0.035130 s
currentSize : 23 <-- 1.082256 s
currentSize : 24 <-- 2.254639 s
currentSize : 25 <-- 8.057785 s
currentSize : 26 <-- 22.424976 s
currentSize : 27 <-- 49.277592 s
currentSize : 28 <-- 95.832291 s
currentSize : 29 <-- 138.375534 s

maxsize : 29
nodes : 2650647.000000
filtered : 113202870.000000
time : 143.744278
