Parameters: GAD=1 vflib=1 dir=0 label=0 lowerbound=1 fileNameGp=../graphsdb/mcs70/bvg/b06m/mcs70_b06m_s30.A84 fileNameGt=../graphsdb/mcs70/bvg/b06m/mcs70_b06m_s30.B84
Reading graphs...
30 :  88
30 :  87
Initializing...
maxdom : 30
D->valSize : 900
Solving...
currentSize : 10 <-- 0.010252 s
currentSize : 12 <-- 0.010278 s
currentSize : 13 <-- 0.011358 s
currentSize : 14 <-- 0.014690 s
currentSize : 15 <-- 0.052497 s
currentSize : 16 <-- 0.187918 s
currentSize : 17 <-- 3.689270 s
currentSize : 18 <-- 20.276960 s
currentSize : 19 <-- 20.293224 s
currentSize : 22 <-- 20.294001 s

maxsize : 22
nodes : 2124546.000000
filtered : 53340928.000000
time : 23.369394
