Parameters: GAD=1 vflib=1 dir=0 label=0 lowerbound=1 fileNameGp=../graphsdb/mcs70/bvg/b06/mcs70_b06_s35.A71 fileNameGt=../graphsdb/mcs70/bvg/b06/mcs70_b06_s35.B71
Reading graphs...
35 :  105
35 :  105
Initializing...
maxdom : 35
D->valSize : 1225
Solving...
currentSize : 14 <-- 0.019957 s
currentSize : 16 <-- 0.020015 s
currentSize : 17 <-- 0.020105 s
currentSize : 18 <-- 0.020343 s
currentSize : 19 <-- 0.065395 s
currentSize : 20 <-- 0.082053 s
currentSize : 21 <-- 0.141375 s
currentSize : 22 <-- 0.141426 s
currentSize : 23 <-- 0.912325 s
currentSize : 24 <-- 2.793392 s
currentSize : 25 <-- 14.592168 s
currentSize : 26 <-- 30.194515 s

maxsize : 26
nodes : 2826598.000000
filtered : 140446157.000000
time : 53.504398
