Parameters: GAD=1 vflib=1 dir=0 label=0 lowerbound=1 fileNameGp=../graphsdb/mcs70/m4D/m4D/mcs70_m4D_s25.A53 fileNameGt=../graphsdb/mcs70/m4D/m4D/mcs70_m4D_s25.B53
Reading graphs...
25 :  47
25 :  47
Initializing...
maxdom : 25
D->valSize : 625
Solving...
currentSize : 9 <-- 0.005175 s
currentSize : 10 <-- 0.005187 s
currentSize : 11 <-- 0.005230 s
currentSize : 12 <-- 0.006382 s
currentSize : 13 <-- 0.006656 s
currentSize : 14 <-- 0.046192 s
currentSize : 15 <-- 0.135193 s
currentSize : 16 <-- 0.156039 s
currentSize : 17 <-- 0.465600 s
currentSize : 18 <-- 0.824074 s

maxsize : 18
nodes : 243602.000000
filtered : 4853162.000000
time : 3.205654
