Parameters: GAD=1 vflib=1 dir=0 label=0 lowerbound=1 fileNameGp=../graphsdb/mcs70/bvg/b09m/mcs70_b09m_s35.A39 fileNameGt=../graphsdb/mcs70/bvg/b09m/mcs70_b09m_s35.B39
Reading graphs...
35 :  154
35 :  151
Initializing...
maxdom : 35
D->valSize : 1225
Solving...
currentSize : 13 <-- 0.018124 s
currentSize : 14 <-- 0.018370 s
currentSize : 15 <-- 0.030273 s
currentSize : 16 <-- 0.053882 s
currentSize : 17 <-- 8.643018 s
currentSize : 18 <-- 367.839783 s
currentSize : 19 <-- 368.209564 s
currentSize : 24 <-- 433.555298 s

maxsize : 24
nodes : 65346695.000000
filtered : 1442126393.000000
time : 460.093140
