Parameters: GAD=1 vflib=1 dir=0 label=0 lowerbound=1 fileNameGp=../graphsdb/mcs70/m2D/m2Dr4/mcs70_m2Dr4_s35.A54 fileNameGt=../graphsdb/mcs70/m2D/m2Dr4/mcs70_m2Dr4_s35.B54
Reading graphs...
35 :  71
35 :  70
Initializing...
maxdom : 35
D->valSize : 1225
Solving...
currentSize : 15 <-- 0.020751 s
currentSize : 16 <-- 0.020998 s
currentSize : 17 <-- 0.021693 s
currentSize : 19 <-- 0.021716 s
currentSize : 20 <-- 0.454003 s
currentSize : 21 <-- 0.498608 s
currentSize : 22 <-- 0.673663 s
currentSize : 23 <-- 0.673706 s
currentSize : 24 <-- 34.524185 s
currentSize : 25 <-- 53.175144 s
currentSize : 26 <-- 80.659454 s

maxsize : 26
nodes : 11092800.000000
filtered : 468402138.000000
time : 229.493652
