Parameters: GAD=1 vflib=1 dir=0 label=0 lowerbound=1 fileNameGp=../graphsdb/mcs70/rand/r02/mcs70_r02_s20.A24 fileNameGt=../graphsdb/mcs70/rand/r02/mcs70_r02_s20.B24
Reading graphs...
20 :  73
20 :  73
Initializing...
maxdom : 20
D->valSize : 400
Solving...
currentSize : 8 <-- 0.001975 s
currentSize : 9 <-- 0.002027 s
currentSize : 10 <-- 0.002414 s
currentSize : 11 <-- 0.008874 s
currentSize : 12 <-- 0.018557 s
currentSize : 14 <-- 0.283374 s

maxsize : 14
nodes : 77620.000000
filtered : 1360720.000000
time : 0.357021
