Parameters: GAD=1 vflib=1 dir=0 label=0 lowerbound=1 fileNameGp=../graphsdb/mcs70/bvg/b03m/mcs70_b03m_s25.A80 fileNameGt=../graphsdb/mcs70/bvg/b03m/mcs70_b03m_s25.B80
Reading graphs...
25 :  37
25 :  37
Initializing...
maxdom : 25
D->valSize : 625
Solving...
currentSize : 11 <-- 0.009440 s
currentSize : 12 <-- 0.009464 s
currentSize : 13 <-- 0.009497 s
currentSize : 14 <-- 0.013034 s
currentSize : 15 <-- 0.062448 s
currentSize : 16 <-- 0.355329 s
currentSize : 17 <-- 0.356224 s
currentSize : 18 <-- 3.631602 s

maxsize : 18
nodes : 522789.000000
filtered : 10760223.000000
time : 8.318044
