Parameters: GAD=1 vflib=1 dir=0 label=0 lowerbound=1 fileNameGp=../graphsdb/mcs70/bvg/b06m/mcs70_b06m_s25.A84 fileNameGt=../graphsdb/mcs70/bvg/b06m/mcs70_b06m_s25.B84
Reading graphs...
25 :  73
25 :  74
Initializing...
maxdom : 25
D->valSize : 625
Solving...
currentSize : 9 <-- 0.004761 s
currentSize : 11 <-- 0.004779 s
currentSize : 12 <-- 0.006454 s
currentSize : 13 <-- 0.020033 s
currentSize : 14 <-- 0.116157 s
currentSize : 15 <-- 1.119883 s
currentSize : 16 <-- 1.875227 s
currentSize : 17 <-- 1.875277 s

maxsize : 17
nodes : 518843.000000
filtered : 11964084.000000
time : 3.855465
