Parameters: GAD=1 vflib=1 dir=0 label=0 lowerbound=1 fileNameGp=../graphsdb/mcs70/rand/r005/mcs70_r005_s35.A73 fileNameGt=../graphsdb/mcs70/rand/r005/mcs70_r005_s35.B73
Reading graphs...
35 :  57
35 :  58
Initializing...
maxdom : 35
D->valSize : 1225
Solving...
currentSize : 16 <-- 0.020607 s
currentSize : 17 <-- 0.020655 s
currentSize : 18 <-- 0.022205 s
currentSize : 19 <-- 0.055193 s
currentSize : 20 <-- 0.185750 s
currentSize : 21 <-- 0.218936 s
currentSize : 22 <-- 61.674953 s
currentSize : 23 <-- 366.486755 s
currentSize : 24 <-- 381.890106 s
currentSize : 25 <-- 828.205688 s
currentSize : 26 <-- 833.921692 s

maxsize : 26
nodes : 38173104.000000
filtered : 1105729429.000000
time : 1152.739624
