Parameters: GAD=1 vflib=1 dir=0 label=0 lowerbound=1 fileNameGp=../graphsdb/mcs70/rand/r01/mcs70_r01_s30.A22 fileNameGt=../graphsdb/mcs70/rand/r01/mcs70_r01_s30.B22
Reading graphs...
30 :  83
30 :  83
Initializing...
maxdom : 30
D->valSize : 900
Solving...
currentSize : 12 <-- 0.010352 s
currentSize : 13 <-- 0.010492 s
currentSize : 14 <-- 0.011209 s
currentSize : 15 <-- 0.011673 s
currentSize : 16 <-- 0.022840 s
currentSize : 17 <-- 0.081634 s
currentSize : 18 <-- 3.601491 s
currentSize : 20 <-- 24.407005 s
currentSize : 21 <-- 24.407166 s

maxsize : 21
nodes : 4531395.000000
filtered : 125963725.000000
time : 42.388969
