Parameters: GAD=1 vflib=1 dir=0 label=0 lowerbound=1 fileNameGp=../graphsdb/mcs70/m2D/m2Dr4/mcs70_m2Dr4_s35.A15 fileNameGt=../graphsdb/mcs70/m2D/m2Dr4/mcs70_m2Dr4_s35.B15
Reading graphs...
35 :  71
35 :  70
Initializing...
maxdom : 35
D->valSize : 1225
Solving...
currentSize : 18 <-- 0.020258 s
currentSize : 19 <-- 0.021578 s
currentSize : 20 <-- 0.331468 s
currentSize : 21 <-- 9.184115 s
currentSize : 22 <-- 32.561012 s
currentSize : 23 <-- 120.619286 s
currentSize : 24 <-- 591.314392 s
currentSize : 25 <-- 591.414551 s

maxsize : 25
nodes : 55581799.000000
filtered : 2017219248.000000
time : 991.025024
