Parameters: GAD=1 vflib=1 dir=0 label=0 lowerbound=1 fileNameGp=../graphsdb/mcs70/m4D/m4Dr4/mcs70_m4Dr4_s25.A14 fileNameGt=../graphsdb/mcs70/m4D/m4Dr4/mcs70_m4Dr4_s25.B14
Reading graphs...
25 :  56
25 :  54
Initializing...
maxdom : 25
D->valSize : 625
Solving...
currentSize : 11 <-- 0.008864 s
currentSize : 12 <-- 0.008892 s
currentSize : 13 <-- 0.009452 s
currentSize : 14 <-- 0.109952 s
currentSize : 15 <-- 0.110244 s
currentSize : 16 <-- 0.331908 s
currentSize : 17 <-- 1.442935 s

maxsize : 17
nodes : 428065.000000
filtered : 11793965.000000
time : 5.246745
