Parameters: GAD=1 vflib=1 dir=0 label=0 lowerbound=1 fileNameGp=../graphsdb/mcs70/bvg/b06/mcs70_b06_s30.A06 fileNameGt=../graphsdb/mcs70/bvg/b06/mcs70_b06_s30.B06
Reading graphs...
30 :  89
30 :  88
Initializing...
maxdom : 30
D->valSize : 900
Solving...
currentSize : 12 <-- 0.010070 s
currentSize : 13 <-- 0.010667 s
currentSize : 14 <-- 0.010896 s
currentSize : 15 <-- 0.014109 s
currentSize : 16 <-- 0.014434 s
currentSize : 17 <-- 0.066093 s
currentSize : 18 <-- 0.068771 s
currentSize : 20 <-- 0.127058 s
currentSize : 21 <-- 0.316150 s
currentSize : 22 <-- 0.342497 s
currentSize : 23 <-- 0.594512 s

maxsize : 23
nodes : 152284.000000
filtered : 6250342.000000
time : 2.273229
