Parameters: GAD=1 vflib=1 dir=0 label=0 lowerbound=1 fileNameGp=../graphsdb/mcs70/rand/r005/mcs70_r005_s20.A95 fileNameGt=../graphsdb/mcs70/rand/r005/mcs70_r005_s20.B95
Reading graphs...
20 :  23
20 :  23
Initializing...
maxdom : 20
D->valSize : 400
Solving...
currentSize : 10 <-- 0.002366 s
currentSize : 11 <-- 0.002548 s
currentSize : 12 <-- 0.003663 s
currentSize : 13 <-- 0.008171 s
currentSize : 14 <-- 0.038939 s
currentSize : 15 <-- 0.044587 s
currentSize : 16 <-- 0.068038 s

maxsize : 16
nodes : 17964.000000
filtered : 253217.000000
time : 0.303336
