Parameters: GAD=1 vflib=1 dir=0 label=0 lowerbound=1 fileNameGp=../graphsdb/mcs70/bvg/b09m/mcs70_b09m_s35.A51 fileNameGt=../graphsdb/mcs70/bvg/b09m/mcs70_b09m_s35.B51
Reading graphs...
35 :  152
35 :  153
Initializing...
maxdom : 35
D->valSize : 1225
Solving...
currentSize : 12 <-- 0.031008 s
currentSize : 13 <-- 0.031073 s
currentSize : 14 <-- 0.031552 s
currentSize : 15 <-- 0.041213 s
currentSize : 16 <-- 0.075853 s
currentSize : 17 <-- 40.641823 s
currentSize : 20 <-- 70.370232 s
currentSize : 22 <-- 98.949120 s
currentSize : 23 <-- 163.410858 s
currentSize : 24 <-- 163.411163 s

maxsize : 24
nodes : 25292043.000000
filtered : 681562482.000000
time : 181.601425
