Parameters: GAD=1 vflib=1 dir=0 label=0 lowerbound=1 fileNameGp=../graphsdb/mcs70/m3D/m3Dr4/mcs70_m3Dr4_s35.A56 fileNameGt=../graphsdb/mcs70/m3D/m3Dr4/mcs70_m3Dr4_s35.B56
Reading graphs...
35 :  84
35 :  83
Initializing...
maxdom : 35
D->valSize : 1225
Solving...
currentSize : 17 <-- 0.035129 s
currentSize : 18 <-- 0.036867 s
currentSize : 19 <-- 0.038024 s
currentSize : 20 <-- 0.038149 s
currentSize : 21 <-- 0.209506 s
currentSize : 22 <-- 50.655037 s
currentSize : 23 <-- 259.523010 s
currentSize : 25 <-- 276.288788 s
currentSize : 27 <-- 276.305359 s

maxsize : 27
nodes : 19692221.000000
filtered : 628742031.000000
time : 312.388763
