Parameters: GAD=1 vflib=1 dir=0 label=0 lowerbound=1 fileNameGp=../graphsdb/mcs70/rand/r02/mcs70_r02_s20.A61 fileNameGt=../graphsdb/mcs70/rand/r02/mcs70_r02_s20.B61
Reading graphs...
20 :  67
20 :  66
Initializing...
maxdom : 20
D->valSize : 400
Solving...
currentSize : 8 <-- 0.003336 s
currentSize : 9 <-- 0.003413 s
currentSize : 10 <-- 0.004361 s
currentSize : 11 <-- 0.004784 s
currentSize : 12 <-- 0.010111 s
currentSize : 13 <-- 0.030336 s
currentSize : 14 <-- 0.032652 s

maxsize : 14
nodes : 33608.000000
filtered : 785881.000000
time : 0.305356
