Parameters: GAD=1 vflib=1 dir=0 label=0 lowerbound=1 fileNameGp=../graphsdb/mcs70/m3D/m3Dr4/mcs70_m3Dr4_s35.A07 fileNameGt=../graphsdb/mcs70/m3D/m3Dr4/mcs70_m3Dr4_s35.B07
Reading graphs...
35 :  85
35 :  84
Initializing...
maxdom : 35
D->valSize : 1225
Solving...
currentSize : 13 <-- 0.034993 s
currentSize : 14 <-- 0.035026 s
currentSize : 15 <-- 0.035038 s
currentSize : 16 <-- 0.037286 s
currentSize : 17 <-- 0.039456 s
currentSize : 18 <-- 0.051983 s
currentSize : 19 <-- 0.088092 s
currentSize : 20 <-- 0.119953 s
currentSize : 21 <-- 1.433003 s
currentSize : 22 <-- 36.638645 s
currentSize : 23 <-- 217.994370 s
currentSize : 24 <-- 341.542114 s
currentSize : 25 <-- 438.586792 s
currentSize : 27 <-- 488.482391 s

maxsize : 27
nodes : 28356026.000000
filtered : 1023202331.000000
time : 504.045227
