Parameters: GAD=1 vflib=1 dir=0 label=0 lowerbound=1 fileNameGp=../graphsdb/mcs70/bvg/b06m/mcs70_b06m_s25.A34 fileNameGt=../graphsdb/mcs70/bvg/b06m/mcs70_b06m_s25.B34
Reading graphs...
25 :  71
25 :  71
Initializing...
maxdom : 25
D->valSize : 625
Solving...
currentSize : 8 <-- 0.008442 s
currentSize : 10 <-- 0.008525 s
currentSize : 11 <-- 0.009368 s
currentSize : 12 <-- 0.010295 s
currentSize : 13 <-- 0.018223 s
currentSize : 14 <-- 0.018503 s
currentSize : 15 <-- 0.688287 s
currentSize : 16 <-- 1.545133 s
currentSize : 17 <-- 1.545914 s

maxsize : 17
nodes : 427884.000000
filtered : 9816396.000000
time : 3.375813
