Parameters: GAD=1 vflib=1 dir=0 label=0 lowerbound=1 fileNameGp=../graphsdb/mcs70/bvg/b09m/mcs70_b09m_s35.A18 fileNameGt=../graphsdb/mcs70/bvg/b09m/mcs70_b09m_s35.B18
Reading graphs...
35 :  150
35 :  151
Initializing...
maxdom : 35
D->valSize : 1225
Solving...
currentSize : 11 <-- 0.023997 s
currentSize : 13 <-- 0.024178 s
currentSize : 14 <-- 0.024666 s
currentSize : 16 <-- 0.024813 s
currentSize : 17 <-- 3.762864 s
currentSize : 18 <-- 11.537366 s
currentSize : 19 <-- 11.578633 s
currentSize : 22 <-- 11.658871 s
currentSize : 24 <-- 23.122326 s

maxsize : 24
nodes : 5191851.000000
filtered : 191478914.000000
time : 52.170803
