Parameters: GAD=1 vflib=1 dir=0 label=0 lowerbound=1 fileNameGp=../graphsdb/mcs70/bvg/b03m/mcs70_b03m_s35.A59 fileNameGt=../graphsdb/mcs70/bvg/b03m/mcs70_b03m_s35.B59
Reading graphs...
35 :  52
35 :  52
Initializing...
maxdom : 35
D->valSize : 1225
Solving...
currentSize : 14 <-- 0.021674 s
currentSize : 15 <-- 0.022024 s
currentSize : 16 <-- 0.022276 s
currentSize : 18 <-- 0.022335 s
currentSize : 19 <-- 0.028102 s
currentSize : 20 <-- 0.042607 s
currentSize : 21 <-- 0.096043 s
currentSize : 22 <-- 2.419081 s
currentSize : 23 <-- 62.030067 s
currentSize : 24 <-- 62.031319 s
currentSize : 25 <-- 173.855255 s
currentSize : 26 <-- 198.416229 s

maxsize : 26
nodes : 18080746.000000
filtered : 494435453.000000
time : 804.697266
