Parameters: GAD=1 vflib=1 dir=0 label=0 lowerbound=1 fileNameGp=../graphsdb/mcs70/m4D/m4Dr4/mcs70_m4Dr4_s25.A89 fileNameGt=../graphsdb/mcs70/m4D/m4Dr4/mcs70_m4Dr4_s25.B89
Reading graphs...
25 :  56
25 :  56
Initializing...
maxdom : 25
D->valSize : 625
Solving...
currentSize : 10 <-- 0.005374 s
currentSize : 13 <-- 0.005487 s
currentSize : 14 <-- 0.006445 s
currentSize : 16 <-- 0.009587 s
currentSize : 17 <-- 1.284096 s
currentSize : 18 <-- 1.910184 s

maxsize : 18
nodes : 249792.000000
filtered : 6868837.000000
time : 3.938928
