Parameters: GAD=1 vflib=1 dir=0 label=0 lowerbound=1 fileNameGp=../graphsdb/mcs70/rand/r02/mcs70_r02_s25.A50 fileNameGt=../graphsdb/mcs70/rand/r02/mcs70_r02_s25.B50
Reading graphs...
25 :  110
25 :  107
Initializing...
maxdom : 25
D->valSize : 625
Solving...
currentSize : 8 <-- 0.004544 s
currentSize : 9 <-- 0.004564 s
currentSize : 10 <-- 0.004633 s
currentSize : 11 <-- 0.004708 s
currentSize : 12 <-- 0.006592 s
currentSize : 13 <-- 0.042584 s
currentSize : 14 <-- 3.236373 s
currentSize : 16 <-- 3.256822 s
currentSize : 17 <-- 3.257618 s

maxsize : 17
nodes : 812643.000000
filtered : 12959091.000000
time : 3.981120
