Parameters: GAD=1 vflib=1 dir=0 label=0 lowerbound=1 fileNameGp=../graphsdb/mcs70/m2D/m2Dr4/mcs70_m2Dr4_s35.A79 fileNameGt=../graphsdb/mcs70/m2D/m2Dr4/mcs70_m2Dr4_s35.B79
Reading graphs...
35 :  70
35 :  69
Initializing...
maxdom : 35
D->valSize : 1225
Solving...
currentSize : 18 <-- 0.024915 s
currentSize : 19 <-- 0.025139 s
currentSize : 20 <-- 0.028152 s
currentSize : 21 <-- 0.053785 s
currentSize : 22 <-- 1.770393 s
currentSize : 23 <-- 39.517387 s
currentSize : 24 <-- 52.450497 s
currentSize : 25 <-- 57.884762 s
currentSize : 26 <-- 57.957504 s

maxsize : 26
nodes : 7946763.000000
filtered : 340322798.000000
time : 229.423431
