Parameters: GAD=1 vflib=1 dir=0 label=0 lowerbound=1 fileNameGp=../graphsdb/mcs70/bvg/b09m/mcs70_b09m_s20.A82 fileNameGt=../graphsdb/mcs70/bvg/b09m/mcs70_b09m_s20.B82
Reading graphs...
20 :  82
20 :  83
Initializing...
maxdom : 20
D->valSize : 400
Solving...
currentSize : 7 <-- 0.003222 s
currentSize : 8 <-- 0.003275 s
currentSize : 9 <-- 0.003306 s
currentSize : 10 <-- 0.003446 s
currentSize : 11 <-- 0.009385 s
currentSize : 13 <-- 0.061475 s
currentSize : 14 <-- 0.064183 s

maxsize : 14
nodes : 28381.000000
filtered : 568055.000000
time : 0.156284
