Parameters: GAD=1 vflib=1 dir=0 label=0 lowerbound=1 fileNameGp=../graphsdb/mcs70/m2D/m2Dr2/mcs70_m2Dr2_s35.A84 fileNameGt=../graphsdb/mcs70/m2D/m2Dr2/mcs70_m2Dr2_s35.B84
Reading graphs...
35 :  65
35 :  65
Initializing...
maxdom : 35
D->valSize : 1225
Solving...
currentSize : 19 <-- 0.035568 s
currentSize : 20 <-- 0.035614 s
currentSize : 21 <-- 0.036023 s
currentSize : 22 <-- 0.036950 s
currentSize : 23 <-- 89.576416 s
currentSize : 24 <-- 140.643005 s
currentSize : 25 <-- 162.054306 s
currentSize : 26 <-- 319.866119 s

maxsize : 26
nodes : 16995398.000000
filtered : 687129976.000000
time : 588.393494
