Parameters: GAD=1 vflib=1 dir=0 label=0 lowerbound=1 fileNameGp=../graphsdb/mcs70/m3D/m3Dr2/mcs70_m3Dr2_s35.A05 fileNameGt=../graphsdb/mcs70/m3D/m3Dr2/mcs70_m3Dr2_s35.B05
Reading graphs...
35 :  78
35 :  77
Initializing...
maxdom : 35
D->valSize : 1225
Solving...
currentSize : 16 <-- 0.020700 s
currentSize : 17 <-- 0.020737 s
currentSize : 18 <-- 0.021919 s
currentSize : 19 <-- 0.025037 s
currentSize : 20 <-- 0.450539 s
currentSize : 21 <-- 0.651267 s
currentSize : 22 <-- 28.514507 s
currentSize : 23 <-- 194.707321 s
currentSize : 24 <-- 305.305023 s
currentSize : 25 <-- 413.825714 s
currentSize : 26 <-- 487.830597 s
currentSize : 27 <-- 495.705414 s

maxsize : 27
nodes : 29309695.000000
filtered : 1010976017.000000
time : 522.179810
