Parameters: GAD=1 vflib=1 dir=0 label=0 lowerbound=1 fileNameGp=../graphsdb/mcs70/bvg/b03m/mcs70_b03m_s30.A28 fileNameGt=../graphsdb/mcs70/bvg/b03m/mcs70_b03m_s30.B28
Reading graphs...
30 :  45
30 :  44
Initializing...
maxdom : 30
D->valSize : 900
Solving...
currentSize : 9 <-- 0.019323 s
currentSize : 11 <-- 0.019514 s
currentSize : 12 <-- 0.019598 s
currentSize : 13 <-- 0.019613 s
currentSize : 15 <-- 0.019683 s
currentSize : 16 <-- 0.020109 s
currentSize : 17 <-- 0.084880 s
currentSize : 18 <-- 0.137457 s
currentSize : 19 <-- 0.233862 s
currentSize : 20 <-- 0.233920 s
currentSize : 21 <-- 3.169713 s
currentSize : 22 <-- 15.269079 s
currentSize : 23 <-- 19.173872 s

maxsize : 23
nodes : 1473383.000000
filtered : 43364124.000000
time : 37.320786
