Parameters: GAD=1 vflib=1 dir=0 label=0 lowerbound=1 fileNameGp=../graphsdb/mcs70/bvg/b06m/mcs70_b06m_s20.A51 fileNameGt=../graphsdb/mcs70/bvg/b06m/mcs70_b06m_s20.B51
Reading graphs...
20 :  56
20 :  57
Initializing...
maxdom : 20
D->valSize : 400
Solving...
currentSize : 8 <-- 0.003472 s
currentSize : 9 <-- 0.003498 s
currentSize : 10 <-- 0.004323 s
currentSize : 11 <-- 0.007887 s
currentSize : 12 <-- 0.008842 s
currentSize : 13 <-- 0.023140 s
currentSize : 14 <-- 0.024470 s

maxsize : 14
nodes : 25656.000000
filtered : 640377.000000
time : 0.216747
