Parameters: GAD=1 vflib=1 dir=0 label=0 lowerbound=1 fileNameGp=../graphsdb/mcs70/bvg/b03m/mcs70_b03m_s35.A97 fileNameGt=../graphsdb/mcs70/bvg/b03m/mcs70_b03m_s35.B97
Reading graphs...
35 :  52
35 :  52
Initializing...
maxdom : 35
D->valSize : 1225
Solving...
currentSize : 15 <-- 0.021088 s
currentSize : 18 <-- 0.021127 s
currentSize : 19 <-- 0.021149 s
currentSize : 20 <-- 0.043018 s
currentSize : 21 <-- 4.858958 s
currentSize : 22 <-- 21.991007 s
currentSize : 23 <-- 82.797318 s
currentSize : 24 <-- 145.429779 s
currentSize : 25 <-- 145.429825 s

maxsize : 25
nodes : 85874971.000000
filtered : 2940201420.000000
time : 3034.638428
