Parameters: GAD=1 vflib=1 dir=0 label=0 lowerbound=1 fileNameGp=../graphsdb/mcs70/m2D/m2Dr4/mcs70_m2Dr4_s25.A90 fileNameGt=../graphsdb/mcs70/m2D/m2Dr4/mcs70_m2Dr4_s25.B90
Reading graphs...
25 :  50
25 :  49
Initializing...
maxdom : 25
D->valSize : 625
Solving...
currentSize : 11 <-- 0.005260 s
currentSize : 13 <-- 0.005286 s
currentSize : 14 <-- 0.005916 s
currentSize : 15 <-- 0.006048 s
currentSize : 16 <-- 0.006226 s
currentSize : 17 <-- 0.396495 s
currentSize : 18 <-- 0.913988 s

maxsize : 18
nodes : 275722.000000
filtered : 7797095.000000
time : 4.261253
