Parameters: GAD=1 vflib=1 dir=0 label=0 lowerbound=1 fileNameGp=../graphsdb/mcs70/rand/r01/mcs70_r01_s30.A16 fileNameGt=../graphsdb/mcs70/rand/r01/mcs70_r01_s30.B16
Reading graphs...
30 :  80
30 :  79
Initializing...
maxdom : 30
D->valSize : 900
Solving...
currentSize : 13 <-- 0.010236 s
currentSize : 14 <-- 0.010262 s
currentSize : 15 <-- 0.010292 s
currentSize : 16 <-- 0.012143 s
currentSize : 17 <-- 0.022650 s
currentSize : 18 <-- 0.070276 s
currentSize : 19 <-- 27.766590 s
currentSize : 21 <-- 27.766821 s

maxsize : 21
nodes : 4182021.000000
filtered : 113405536.000000
time : 42.616165
