Parameters: GAD=1 vflib=1 dir=0 label=0 lowerbound=1 fileNameGp=../graphsdb/mcs70/m3D/m3Dr2/mcs70_m3Dr2_s35.A70 fileNameGt=../graphsdb/mcs70/m3D/m3Dr2/mcs70_m3Dr2_s35.B70
Reading graphs...
35 :  78
35 :  78
Initializing...
maxdom : 35
D->valSize : 1225
Solving...
currentSize : 17 <-- 0.020650 s
currentSize : 18 <-- 0.020676 s
currentSize : 19 <-- 0.022347 s
currentSize : 21 <-- 0.154787 s
currentSize : 22 <-- 0.700693 s
currentSize : 23 <-- 119.195892 s
currentSize : 24 <-- 119.259087 s
currentSize : 25 <-- 232.530090 s
currentSize : 27 <-- 260.953094 s

maxsize : 27
nodes : 20829412.000000
filtered : 668996190.000000
time : 292.053070
