Parameters: GAD=1 vflib=1 dir=0 label=0 lowerbound=1 fileNameGp=../graphsdb/mcs70/m2D/m2D/mcs70_m2D_s25.A65 fileNameGt=../graphsdb/mcs70/m2D/m2D/mcs70_m2D_s25.B65
Reading graphs...
25 :  40
25 :  40
Initializing...
maxdom : 25
D->valSize : 625
Solving...
currentSize : 13 <-- 0.005328 s
currentSize : 14 <-- 0.012202 s
currentSize : 15 <-- 0.012708 s
currentSize : 16 <-- 0.140900 s
currentSize : 17 <-- 0.217381 s
currentSize : 18 <-- 1.491950 s
currentSize : 19 <-- 1.581131 s

maxsize : 19
nodes : 295539.000000
filtered : 6392465.000000
time : 3.826630
