Parameters: GAD=1 vflib=1 dir=0 label=0 lowerbound=1 fileNameGp=../graphsdb/mcs70/bvg/b09m/mcs70_b09m_s35.A14 fileNameGt=../graphsdb/mcs70/bvg/b09m/mcs70_b09m_s35.B14
Reading graphs...
35 :  153
35 :  153
Initializing...
maxdom : 35
D->valSize : 1225
Solving...
currentSize : 13 <-- 0.019134 s
currentSize : 15 <-- 0.019226 s
currentSize : 16 <-- 0.042261 s
currentSize : 17 <-- 4.415075 s
currentSize : 18 <-- 401.056061 s
currentSize : 23 <-- 456.700439 s
currentSize : 24 <-- 456.700623 s

maxsize : 24
nodes : 69329436.000000
filtered : 1441615136.000000
time : 485.905212
