Parameters: GAD=1 vflib=1 dir=0 label=0 lowerbound=1 fileNameGp=../graphsdb/mcs70/bvg/b06/mcs70_b06_s25.A06 fileNameGt=../graphsdb/mcs70/bvg/b06/mcs70_b06_s25.B06
Reading graphs...
25 :  74
25 :  73
Initializing...
maxdom : 25
D->valSize : 625
Solving...
currentSize : 8 <-- 0.008339 s
currentSize : 9 <-- 0.008363 s
currentSize : 11 <-- 0.008678 s
currentSize : 12 <-- 0.008794 s
currentSize : 13 <-- 0.010040 s
currentSize : 14 <-- 0.030602 s
currentSize : 15 <-- 0.168292 s
currentSize : 16 <-- 0.220103 s
currentSize : 17 <-- 0.235356 s
currentSize : 18 <-- 0.322853 s

maxsize : 18
nodes : 105813.000000
filtered : 2996011.000000
time : 1.070994
