Parameters: GAD=1 vflib=1 dir=0 label=0 lowerbound=1 fileNameGp=../graphsdb/mcs70/m3D/m3D/mcs70_m3D_s35.A24 fileNameGt=../graphsdb/mcs70/m3D/m3D/mcs70_m3D_s35.B24
Reading graphs...
35 :  72
35 :  72
Initializing...
maxdom : 35
D->valSize : 1225
Solving...
currentSize : 19 <-- 0.020155 s
currentSize : 20 <-- 0.021772 s
currentSize : 21 <-- 0.022493 s
currentSize : 22 <-- 0.089661 s
currentSize : 23 <-- 2.898517 s
currentSize : 24 <-- 11.644837 s
currentSize : 25 <-- 17.818176 s
currentSize : 26 <-- 93.230003 s
currentSize : 27 <-- 93.230141 s
currentSize : 28 <-- 93.546227 s
currentSize : 29 <-- 104.110336 s

maxsize : 29
nodes : 5735818.000000
filtered : 203014576.000000
time : 111.271362
