Parameters: GAD=1 vflib=1 dir=0 label=0 lowerbound=1 fileNameGp=../graphsdb/mcs70/bvg/b06/mcs70_b06_s25.A60 fileNameGt=../graphsdb/mcs70/bvg/b06/mcs70_b06_s25.B60
Reading graphs...
25 :  72
25 :  75
Initializing...
maxdom : 25
D->valSize : 625
Solving...
currentSize : 12 <-- 0.004790 s
currentSize : 13 <-- 0.005159 s
currentSize : 14 <-- 0.006978 s
currentSize : 15 <-- 0.007204 s
currentSize : 16 <-- 0.040482 s
currentSize : 17 <-- 0.073357 s
currentSize : 18 <-- 0.108322 s

maxsize : 18
nodes : 114372.000000
filtered : 3441267.000000
time : 1.096253
