Parameters: GAD=1 vflib=1 dir=0 label=0 lowerbound=1 fileNameGp=../graphsdb/mcs70/bvg/b09m/mcs70_b09m_s25.A76 fileNameGt=../graphsdb/mcs70/bvg/b09m/mcs70_b09m_s25.B76
Reading graphs...
25 :  105
25 :  106
Initializing...
maxdom : 25
D->valSize : 625
Solving...
currentSize : 10 <-- 0.004742 s
currentSize : 11 <-- 0.004859 s
currentSize : 12 <-- 0.019902 s
currentSize : 13 <-- 0.298086 s
currentSize : 14 <-- 0.800822 s
currentSize : 15 <-- 1.192336 s
currentSize : 16 <-- 1.192356 s

maxsize : 16
nodes : 538833.000000
filtered : 11203318.000000
time : 3.036979
