Parameters: GAD=1 vflib=1 dir=0 label=0 lowerbound=1 fileNameGp=../graphsdb/mcs70/m3D/m3Dr6/mcs70_m3Dr6_s35.A16 fileNameGt=../graphsdb/mcs70/m3D/m3Dr6/mcs70_m3Dr6_s35.B16
Reading graphs...
35 :  86
35 :  89
Initializing...
maxdom : 35
D->valSize : 1225
Solving...
currentSize : 16 <-- 0.019706 s
currentSize : 17 <-- 0.020207 s
currentSize : 18 <-- 0.020303 s
currentSize : 19 <-- 0.027485 s
currentSize : 20 <-- 1.103776 s
currentSize : 21 <-- 3.943971 s
currentSize : 22 <-- 541.668091 s
currentSize : 24 <-- 877.882751 s
currentSize : 25 <-- 880.138733 s
currentSize : 27 <-- 880.246338 s

maxsize : 27
nodes : 83522535.000000
filtered : 2336031806.000000
time : 895.506165
