Parameters: GAD=1 vflib=1 dir=0 label=0 lowerbound=1 fileNameGp=../graphsdb/mcs70/rand/r005/mcs70_r005_s30.A29 fileNameGt=../graphsdb/mcs70/rand/r005/mcs70_r005_s30.B29
Reading graphs...
30 :  41
30 :  42
Initializing...
maxdom : 30
D->valSize : 900
Solving...
currentSize : 15 <-- 0.019870 s
currentSize : 16 <-- 0.021133 s
currentSize : 17 <-- 0.021346 s
currentSize : 19 <-- 0.031084 s
currentSize : 20 <-- 0.561384 s
currentSize : 21 <-- 23.763077 s
currentSize : 22 <-- 34.731194 s
currentSize : 23 <-- 43.500626 s

maxsize : 23
nodes : 4531498.000000
filtered : 73389658.000000
time : 54.520752
