Parameters: GAD=1 vflib=1 dir=0 label=0 lowerbound=1 fileNameGp=../graphsdb/mcs70/rand/r01/mcs70_r01_s25.A76 fileNameGt=../graphsdb/mcs70/rand/r01/mcs70_r01_s25.B76
Reading graphs...
25 :  59
25 :  59
Initializing...
maxdom : 25
D->valSize : 625
Solving...
currentSize : 11 <-- 0.008592 s
currentSize : 12 <-- 0.009116 s
currentSize : 13 <-- 0.012335 s
currentSize : 14 <-- 0.020748 s
currentSize : 15 <-- 0.038181 s
currentSize : 16 <-- 3.091840 s
currentSize : 17 <-- 4.530056 s
currentSize : 18 <-- 5.888532 s

maxsize : 18
nodes : 743993.000000
filtered : 16124613.000000
time : 6.155333
