Parameters: GAD=1 vflib=1 dir=0 label=0 lowerbound=1 fileNameGp=../graphsdb/mcs70/bvg/b06/mcs70_b06_s25.A28 fileNameGt=../graphsdb/mcs70/bvg/b06/mcs70_b06_s25.B28
Reading graphs...
25 :  74
25 :  74
Initializing...
maxdom : 25
D->valSize : 625
Solving...
currentSize : 10 <-- 0.004716 s
currentSize : 11 <-- 0.004743 s
currentSize : 12 <-- 0.004769 s
currentSize : 13 <-- 0.009869 s
currentSize : 14 <-- 0.012838 s
currentSize : 15 <-- 0.012855 s
currentSize : 16 <-- 0.038749 s
currentSize : 17 <-- 0.097421 s
currentSize : 18 <-- 0.161600 s

maxsize : 18
nodes : 116739.000000
filtered : 3687950.000000
time : 1.198126
