Parameters: GAD=1 vflib=1 dir=0 label=0 lowerbound=1 fileNameGp=../graphsdb/mcs70/m4D/m4Dr6/mcs70_m4Dr6_s25.A92 fileNameGt=../graphsdb/mcs70/m4D/m4Dr6/mcs70_m4Dr6_s25.B92
Reading graphs...
25 :  59
25 :  61
Initializing...
maxdom : 25
D->valSize : 625
Solving...
currentSize : 11 <-- 0.008644 s
currentSize : 12 <-- 0.008716 s
currentSize : 13 <-- 0.009479 s
currentSize : 14 <-- 0.013600 s
currentSize : 15 <-- 0.023972 s
currentSize : 16 <-- 0.302360 s
currentSize : 18 <-- 2.913973 s

maxsize : 18
nodes : 315852.000000
filtered : 7996424.000000
time : 3.800520
