Parameters: GAD=1 vflib=1 dir=0 label=0 lowerbound=1 fileNameGp=../graphsdb/mcs70/bvg/b09m/mcs70_b09m_s20.A60 fileNameGt=../graphsdb/mcs70/bvg/b09m/mcs70_b09m_s20.B60
Reading graphs...
20 :  86
20 :  82
Initializing...
maxdom : 20
D->valSize : 400
Solving...
currentSize : 8 <-- 0.001911 s
currentSize : 10 <-- 0.001975 s
currentSize : 11 <-- 0.008287 s
currentSize : 12 <-- 0.058128 s
currentSize : 13 <-- 0.069396 s
currentSize : 14 <-- 0.109726 s

maxsize : 14
nodes : 45966.000000
filtered : 818700.000000
time : 0.216247
