Parameters: GAD=1 vflib=1 dir=0 label=0 lowerbound=1 fileNameGp=../graphsdb/mcs70/rand/r01/mcs70_r01_s25.A78 fileNameGt=../graphsdb/mcs70/rand/r01/mcs70_r01_s25.B78
Reading graphs...
25 :  59
25 :  56
Initializing...
maxdom : 25
D->valSize : 625
Solving...
currentSize : 11 <-- 0.004900 s
currentSize : 12 <-- 0.005118 s
currentSize : 13 <-- 0.005575 s
currentSize : 14 <-- 0.006673 s
currentSize : 15 <-- 0.041405 s
currentSize : 16 <-- 0.251654 s
currentSize : 17 <-- 5.393818 s

maxsize : 17
nodes : 725465.000000
filtered : 18529895.000000
time : 8.408628
