Parameters: GAD=1 vflib=1 dir=0 label=0 lowerbound=1 fileNameGp=../graphsdb/mcs70/rand/r005/mcs70_r005_s20.A23 fileNameGt=../graphsdb/mcs70/rand/r005/mcs70_r005_s20.B23
Reading graphs...
20 :  23
20 :  23
Initializing...
maxdom : 20
D->valSize : 400
Solving...
currentSize : 7 <-- 0.003994 s
currentSize : 8 <-- 0.004044 s
currentSize : 10 <-- 0.004098 s
currentSize : 11 <-- 0.004110 s
currentSize : 12 <-- 0.006241 s
currentSize : 13 <-- 0.056562 s
currentSize : 14 <-- 0.101103 s
currentSize : 15 <-- 0.912236 s

maxsize : 15
nodes : 117823.000000
filtered : 1472213.000000
time : 0.924955
