Parameters: GAD=1 vflib=1 dir=0 label=0 lowerbound=1 fileNameGp=../graphsdb/mcs70/bvg/b03/mcs70_b03_s25.A54 fileNameGt=../graphsdb/mcs70/bvg/b03/mcs70_b03_s25.B54
Reading graphs...
25 :  37
25 :  37
Initializing...
maxdom : 25
D->valSize : 625
Solving...
currentSize : 11 <-- 0.009306 s
currentSize : 14 <-- 0.009500 s
currentSize : 16 <-- 0.029757 s
currentSize : 17 <-- 0.886241 s
currentSize : 18 <-- 3.185344 s
currentSize : 19 <-- 4.048313 s

maxsize : 19
nodes : 385245.000000
filtered : 7906983.000000
time : 5.967667
