Parameters: GAD=1 vflib=1 dir=0 label=0 lowerbound=1 fileNameGp=../graphsdb/mcs70/m2D/m2Dr4/mcs70_m2Dr4_s35.A87 fileNameGt=../graphsdb/mcs70/m2D/m2Dr4/mcs70_m2Dr4_s35.B87
Reading graphs...
35 :  72
35 :  70
Initializing...
maxdom : 35
D->valSize : 1225
Solving...
currentSize : 18 <-- 0.035660 s
currentSize : 19 <-- 0.037584 s
currentSize : 20 <-- 0.043835 s
currentSize : 21 <-- 0.156799 s
currentSize : 22 <-- 0.271345 s
currentSize : 23 <-- 441.636658 s
currentSize : 25 <-- 1284.219360 s

maxsize : 25
nodes : 92788331.000000
filtered : 2973569970.000000
time : 1606.880859
