Parameters: GAD=1 vflib=1 dir=0 label=0 lowerbound=1 fileNameGp=../graphsdb/mcs70/rand/r01/mcs70_r01_s35.A57 fileNameGt=../graphsdb/mcs70/rand/r01/mcs70_r01_s35.B57
Reading graphs...
35 :  111
35 :  112
Initializing...
maxdom : 35
D->valSize : 1225
Solving...
currentSize : 14 <-- 0.018998 s
currentSize : 15 <-- 0.019266 s
currentSize : 16 <-- 0.027002 s
currentSize : 17 <-- 0.096279 s
currentSize : 18 <-- 0.193727 s
currentSize : 19 <-- 1.454734 s
currentSize : 21 <-- 742.780151 s
currentSize : 24 <-- 750.420715 s

maxsize : 24
nodes : 104001485.000000
filtered : 2569988408.000000
time : 908.959351
