Parameters: GAD=1 vflib=1 dir=0 label=0 lowerbound=1 fileNameGp=../graphsdb/mcs70/rand/r005/mcs70_r005_s25.A24 fileNameGt=../graphsdb/mcs70/rand/r005/mcs70_r005_s25.B24
Reading graphs...
25 :  33
25 :  32
Initializing...
maxdom : 25
D->valSize : 625
Solving...
currentSize : 7 <-- 0.009443 s
currentSize : 15 <-- 0.009598 s
currentSize : 16 <-- 0.023101 s
currentSize : 17 <-- 0.311171 s
currentSize : 18 <-- 1.163686 s
currentSize : 19 <-- 1.257132 s

maxsize : 19
nodes : 245161.000000
filtered : 5147956.000000
time : 5.086207
