Parameters: GAD=1 vflib=1 dir=0 label=0 lowerbound=1 fileNameGp=../graphsdb/mcs70/bvg/b03/mcs70_b03_s30.A66 fileNameGt=../graphsdb/mcs70/bvg/b03/mcs70_b03_s30.B66
Reading graphs...
30 :  45
30 :  45
Initializing...
maxdom : 30
D->valSize : 900
Solving...
currentSize : 18 <-- 0.011604 s
currentSize : 19 <-- 0.012736 s
currentSize : 20 <-- 0.014441 s
currentSize : 21 <-- 0.046388 s
currentSize : 22 <-- 0.058904 s
currentSize : 23 <-- 1.597345 s
currentSize : 24 <-- 1.840664 s

maxsize : 24
nodes : 254716.000000
filtered : 10313207.000000
time : 10.566007
