Parameters: GAD=1 vflib=1 dir=0 label=0 lowerbound=1 fileNameGp=../graphsdb/mcs70/bvg/b03m/mcs70_b03m_s30.A63 fileNameGt=../graphsdb/mcs70/bvg/b03m/mcs70_b03m_s30.B63
Reading graphs...
30 :  45
30 :  45
Initializing...
maxdom : 30
D->valSize : 900
Solving...
currentSize : 13 <-- 0.011273 s
currentSize : 17 <-- 0.011371 s
currentSize : 18 <-- 0.013151 s
currentSize : 19 <-- 0.054302 s
currentSize : 20 <-- 1.128083 s
currentSize : 21 <-- 1.309347 s
currentSize : 22 <-- 31.064480 s

maxsize : 22
nodes : 3950679.000000
filtered : 126748999.000000
time : 115.803391
