Parameters: GAD=1 vflib=1 dir=0 label=0 lowerbound=1 fileNameGp=../graphsdb/mcs70/rand/r02/mcs70_r02_s25.A40 fileNameGt=../graphsdb/mcs70/rand/r02/mcs70_r02_s25.B40
Reading graphs...
25 :  104
25 :  102
Initializing...
maxdom : 25
D->valSize : 625
Solving...
currentSize : 10 <-- 0.007800 s
currentSize : 11 <-- 0.007865 s
currentSize : 12 <-- 0.009730 s
currentSize : 13 <-- 0.291514 s
currentSize : 14 <-- 0.521588 s
currentSize : 15 <-- 1.997085 s
currentSize : 17 <-- 1.997130 s

maxsize : 17
nodes : 486636.000000
filtered : 9657816.000000
time : 2.962692
