Parameters: GAD=1 vflib=1 dir=0 label=0 lowerbound=1 fileNameGp=../graphsdb/mcs70/bvg/b03m/mcs70_b03m_s35.A28 fileNameGt=../graphsdb/mcs70/bvg/b03m/mcs70_b03m_s35.B28
Reading graphs...
35 :  52
35 :  52
Initializing...
maxdom : 35
D->valSize : 1225
Solving...
currentSize : 14 <-- 0.021192 s
currentSize : 15 <-- 0.021218 s
currentSize : 17 <-- 0.022477 s
currentSize : 18 <-- 0.029671 s
currentSize : 21 <-- 0.031579 s
currentSize : 22 <-- 0.031887 s
currentSize : 23 <-- 0.239695 s
currentSize : 24 <-- 15.366241 s
currentSize : 25 <-- 15.696204 s
currentSize : 26 <-- 691.876343 s

maxsize : 26
nodes : 37954001.000000
filtered : 1245094510.000000
time : 1012.105591
