Parameters: GAD=1 vflib=1 dir=0 label=0 lowerbound=1 fileNameGp=../graphsdb/mcs70/bvg/b06/mcs70_b06_s35.A02 fileNameGt=../graphsdb/mcs70/bvg/b06/mcs70_b06_s35.B02
Reading graphs...
35 :  105
35 :  104
Initializing...
maxdom : 35
D->valSize : 1225
Solving...
currentSize : 14 <-- 0.020155 s
currentSize : 15 <-- 0.020178 s
currentSize : 16 <-- 0.020272 s
currentSize : 17 <-- 0.025429 s
currentSize : 18 <-- 0.906116 s
currentSize : 19 <-- 1.249524 s
currentSize : 20 <-- 1.704685 s
currentSize : 21 <-- 2.165070 s
currentSize : 22 <-- 8.820983 s
currentSize : 23 <-- 12.672890 s
currentSize : 24 <-- 12.679339 s
currentSize : 25 <-- 31.826759 s
currentSize : 26 <-- 77.906715 s

maxsize : 26
nodes : 4880496.000000
filtered : 208404348.000000
time : 91.661011
