Parameters: GAD=1 vflib=1 dir=0 label=0 lowerbound=1 fileNameGp=../graphsdb/mcs70/m2D/m2Dr4/mcs70_m2Dr4_s25.A70 fileNameGt=../graphsdb/mcs70/m2D/m2Dr4/mcs70_m2Dr4_s25.B70
Reading graphs...
25 :  48
25 :  49
Initializing...
maxdom : 25
D->valSize : 625
Solving...
currentSize : 11 <-- 0.005132 s
currentSize : 12 <-- 0.005386 s
currentSize : 13 <-- 0.006665 s
currentSize : 14 <-- 0.010060 s
currentSize : 15 <-- 0.039260 s
currentSize : 16 <-- 0.128407 s
currentSize : 17 <-- 0.873080 s
currentSize : 18 <-- 3.752008 s

maxsize : 18
nodes : 491162.000000
filtered : 12725519.000000
time : 5.817786
