Parameters: GAD=1 vflib=1 dir=0 label=0 lowerbound=1 fileNameGp=../graphsdb/mcs70/m2D/m2Dr6/m2Dr6/mcs70_m2Dr6_s35.A00 fileNameGt=../graphsdb/mcs70/m2D/m2Dr6/m2Dr6/mcs70_m2Dr6_s35.B00
Reading graphs...
35 :  78
35 :  77
Initializing...
maxdom : 35
D->valSize : 1225
Solving...
currentSize : 15 <-- 0.020359 s
currentSize : 16 <-- 0.020400 s
currentSize : 18 <-- 0.020539 s
currentSize : 19 <-- 0.270952 s
currentSize : 20 <-- 0.697361 s
currentSize : 21 <-- 18.288296 s
currentSize : 22 <-- 21.746506 s
currentSize : 23 <-- 381.188660 s
currentSize : 24 <-- 381.189117 s
currentSize : 25 <-- 384.292389 s

maxsize : 25
nodes : 30548539.000000
filtered : 1057076095.000000
time : 594.810608
