Parameters: GAD=1 vflib=1 dir=0 label=0 lowerbound=1 fileNameGp=../graphsdb/mcs70/rand/r02/mcs70_r02_s30.A28 fileNameGt=../graphsdb/mcs70/rand/r02/mcs70_r02_s30.B28
Reading graphs...
30 :  162
30 :  160
Initializing...
maxdom : 30
D->valSize : 900
Solving...
currentSize : 9 <-- 0.009263 s
currentSize : 10 <-- 0.009320 s
currentSize : 11 <-- 0.009516 s
currentSize : 12 <-- 0.010864 s
currentSize : 13 <-- 0.082132 s
currentSize : 14 <-- 4.805707 s
currentSize : 15 <-- 19.262888 s
currentSize : 17 <-- 45.589748 s
currentSize : 18 <-- 55.415123 s
currentSize : 21 <-- 68.592361 s

maxsize : 21
nodes : 13600148.000000
filtered : 227288595.000000
time : 70.054657
