Parameters: GAD=1 vflib=1 dir=0 label=0 lowerbound=1 fileNameGp=../graphsdb/mcs70/m4D/m4Dr4/mcs70_m4Dr4_s25.A54 fileNameGt=../graphsdb/mcs70/m4D/m4Dr4/mcs70_m4Dr4_s25.B54
Reading graphs...
25 :  56
25 :  54
Initializing...
maxdom : 25
D->valSize : 625
Solving...
currentSize : 12 <-- 0.005065 s
currentSize : 13 <-- 0.005111 s
currentSize : 14 <-- 0.005224 s
currentSize : 15 <-- 0.178889 s
currentSize : 16 <-- 0.638031 s
currentSize : 17 <-- 0.660361 s

maxsize : 17
nodes : 512469.000000
filtered : 13111841.000000
time : 5.969825
