Parameters: GAD=1 vflib=1 dir=0 label=0 lowerbound=1 fileNameGp=../graphsdb/mcs70/bvg/b03/mcs70_b03_s25.A71 fileNameGt=../graphsdb/mcs70/bvg/b03/mcs70_b03_s25.B71
Reading graphs...
25 :  37
25 :  37
Initializing...
maxdom : 25
D->valSize : 625
Solving...
currentSize : 14 <-- 0.005278 s
currentSize : 15 <-- 0.005316 s
currentSize : 16 <-- 0.096402 s
currentSize : 17 <-- 0.673084 s
currentSize : 18 <-- 0.703929 s
currentSize : 19 <-- 0.896741 s

maxsize : 19
nodes : 200638.000000
filtered : 3924889.000000
time : 2.402397
