Parameters: GAD=1 vflib=1 dir=0 label=0 lowerbound=1 fileNameGp=../graphsdb/mcs70/bvg/b03m/mcs70_b03m_s35.A10 fileNameGt=../graphsdb/mcs70/bvg/b03m/mcs70_b03m_s35.B10
Reading graphs...
35 :  52
35 :  52
Initializing...
maxdom : 35
D->valSize : 1225
Solving...
currentSize : 13 <-- 0.026352 s
currentSize : 14 <-- 0.026398 s
currentSize : 16 <-- 0.028526 s
currentSize : 17 <-- 0.037696 s
currentSize : 19 <-- 0.037726 s
currentSize : 20 <-- 0.037932 s
currentSize : 21 <-- 0.039201 s
currentSize : 22 <-- 6.365595 s
currentSize : 23 <-- 208.564713 s
currentSize : 24 <-- 244.655655 s
currentSize : 25 <-- 244.665329 s
currentSize : 26 <-- 440.724121 s

maxsize : 26
nodes : 31302269.000000
filtered : 793629217.000000
time : 1109.566162
