Parameters: GAD=1 vflib=1 dir=0 label=0 lowerbound=1 fileNameGp=../graphsdb/mcs70/m2D/m2Dr6/m2Dr6/mcs70_m2Dr6_s35.A50 fileNameGt=../graphsdb/mcs70/m2D/m2Dr6/m2Dr6/mcs70_m2Dr6_s35.B50
Reading graphs...
35 :  76
35 :  75
Initializing...
maxdom : 35
D->valSize : 1225
Solving...
currentSize : 18 <-- 0.028742 s
currentSize : 20 <-- 0.109540 s
currentSize : 21 <-- 0.238089 s
currentSize : 22 <-- 0.238376 s
currentSize : 23 <-- 169.130646 s
currentSize : 25 <-- 191.600998 s

maxsize : 25
nodes : 22046742.000000
filtered : 880445475.000000
time : 489.764160
