Parameters: GAD=1 vflib=1 dir=0 label=0 lowerbound=1 fileNameGp=../graphsdb/mcs70/bvg/b06/mcs70_b06_s15.A21 fileNameGt=../graphsdb/mcs70/bvg/b06/mcs70_b06_s15.B21
Reading graphs...
15 :  45
15 :  43
Initializing...
maxdom : 15
D->valSize : 225
Solving...
currentSize : 6 <-- 0.000858 s
currentSize : 7 <-- 0.000884 s
currentSize : 8 <-- 0.000933 s
currentSize : 9 <-- 0.001063 s
currentSize : 10 <-- 0.001602 s
currentSize : 11 <-- 0.002236 s

maxsize : 11
nodes : 2148.000000
filtered : 43787.000000
time : 0.011401
