Parameters: GAD=1 vflib=1 dir=0 label=0 lowerbound=1 fileNameGp=../graphsdb/mcs70/m3D/m3Dr2/mcs70_m3Dr2_s35.A41 fileNameGt=../graphsdb/mcs70/m3D/m3Dr2/mcs70_m3Dr2_s35.B41
Reading graphs...
35 :  77
35 :  78
Initializing...
maxdom : 35
D->valSize : 1225
Solving...
currentSize : 17 <-- 0.024116 s
currentSize : 19 <-- 0.025582 s
currentSize : 20 <-- 0.028487 s
currentSize : 21 <-- 0.628181 s
currentSize : 22 <-- 0.629279 s
currentSize : 23 <-- 31.561541 s
currentSize : 24 <-- 129.737167 s
currentSize : 27 <-- 285.178253 s

maxsize : 27
nodes : 23027852.000000
filtered : 768151937.000000
time : 316.250397
