Parameters: GAD=1 vflib=1 dir=0 label=0 lowerbound=1 fileNameGp=../graphsdb/mcs70/m2D/m2Dr6/m2Dr6/mcs70_m2Dr6_s35.A54 fileNameGt=../graphsdb/mcs70/m2D/m2Dr6/m2Dr6/mcs70_m2Dr6_s35.B54
Reading graphs...
35 :  79
35 :  76
Initializing...
maxdom : 35
D->valSize : 1225
Solving...
currentSize : 17 <-- 0.035487 s
currentSize : 18 <-- 0.035707 s
currentSize : 19 <-- 0.037251 s
currentSize : 20 <-- 1.279524 s
currentSize : 21 <-- 1.501956 s
currentSize : 22 <-- 6.480029 s
currentSize : 26 <-- 93.003181 s

maxsize : 26
nodes : 7831313.000000
filtered : 312091341.000000
time : 166.250137
