Parameters: GAD=1 vflib=1 dir=0 label=0 lowerbound=1 fileNameGp=../graphsdb/mcs70/bvg/b09/mcs70_b09_s30.A58 fileNameGt=../graphsdb/mcs70/bvg/b09/mcs70_b09_s30.B58
Reading graphs...
30 :  135
30 :  135
Initializing...
maxdom : 30
D->valSize : 900
Solving...
currentSize : 11 <-- 0.016288 s
currentSize : 13 <-- 0.016426 s
currentSize : 14 <-- 0.023300 s
currentSize : 15 <-- 0.078620 s
currentSize : 16 <-- 0.078675 s
currentSize : 17 <-- 0.421441 s
currentSize : 19 <-- 0.449123 s
currentSize : 20 <-- 0.449221 s
currentSize : 21 <-- 2.234448 s

maxsize : 21
nodes : 788539.000000
filtered : 25945688.000000
time : 5.979155
