Parameters: GAD=1 vflib=1 dir=0 label=0 lowerbound=1 fileNameGp=../graphsdb/mcs70/rand/r02/mcs70_r02_s35.A30 fileNameGt=../graphsdb/mcs70/rand/r02/mcs70_r02_s35.B30
Reading graphs...
35 :  211
35 :  211
Initializing...
maxdom : 35
D->valSize : 1225
Solving...
currentSize : 12 <-- 0.017563 s
currentSize : 13 <-- 0.018565 s
currentSize : 14 <-- 0.019256 s
currentSize : 15 <-- 0.165008 s
currentSize : 16 <-- 58.149418 s
currentSize : 17 <-- 835.169739 s
currentSize : 19 <-- 873.844238 s
currentSize : 21 <-- 877.558655 s
currentSize : 24 <-- 970.728699 s

maxsize : 24
nodes : 192875091.000000
filtered : 2774085028.000000
time : 986.260498
