Parameters: GAD=1 vflib=1 dir=0 label=0 lowerbound=1 fileNameGp=../graphsdb/mcs70/rand/r01/mcs70_r01_s35.A64 fileNameGt=../graphsdb/mcs70/rand/r01/mcs70_r01_s35.B64
Reading graphs...
35 :  112
35 :  113
Initializing...
maxdom : 35
D->valSize : 1225
Solving...
currentSize : 15 <-- 0.018793 s
currentSize : 16 <-- 0.019178 s
currentSize : 17 <-- 0.042838 s
currentSize : 18 <-- 1.578775 s
currentSize : 19 <-- 8.138133 s
currentSize : 20 <-- 1095.111206 s
currentSize : 21 <-- 1450.976807 s
currentSize : 24 <-- 1454.140869 s

maxsize : 24
nodes : 188817533.000000
filtered : 4425218203.000000
time : 1558.627686
