Parameters: GAD=1 vflib=1 dir=0 label=0 lowerbound=1 fileNameGp=../graphsdb/mcs70/bvg/b03m/mcs70_b03m_s25.A41 fileNameGt=../graphsdb/mcs70/bvg/b03m/mcs70_b03m_s25.B41
Reading graphs...
25 :  36
25 :  36
Initializing...
maxdom : 25
D->valSize : 625
Solving...
currentSize : 11 <-- 0.009341 s
currentSize : 12 <-- 0.009366 s
currentSize : 13 <-- 0.009681 s
currentSize : 14 <-- 0.011130 s
currentSize : 15 <-- 0.011378 s
currentSize : 16 <-- 0.046084 s
currentSize : 17 <-- 0.071942 s
currentSize : 18 <-- 0.314871 s

maxsize : 18
nodes : 371291.000000
filtered : 8829994.000000
time : 5.519353
