Parameters: GAD=1 vflib=1 dir=0 label=0 lowerbound=1 fileNameGp=../graphsdb/mcs70/rand/r01/mcs70_r01_s30.A36 fileNameGt=../graphsdb/mcs70/rand/r01/mcs70_r01_s30.B36
Reading graphs...
30 :  81
30 :  80
Initializing...
maxdom : 30
D->valSize : 900
Solving...
currentSize : 13 <-- 0.010340 s
currentSize : 14 <-- 0.011359 s
currentSize : 15 <-- 0.015901 s
currentSize : 16 <-- 0.022978 s
currentSize : 17 <-- 0.084698 s
currentSize : 18 <-- 2.068988 s
currentSize : 19 <-- 13.963311 s
currentSize : 20 <-- 34.840107 s
currentSize : 21 <-- 36.882816 s

maxsize : 21
nodes : 3922281.000000
filtered : 118986568.000000
time : 41.749611
