Parameters: GAD=1 vflib=1 dir=0 label=0 lowerbound=1 fileNameGp=../graphsdb/mcs70/m4D/m4Dr2/mcs70_m4Dr2_s25.A58 fileNameGt=../graphsdb/mcs70/m4D/m4Dr2/mcs70_m4Dr2_s25.B58
Reading graphs...
25 :  52
25 :  52
Initializing...
maxdom : 25
D->valSize : 625
Solving...
currentSize : 8 <-- 0.008883 s
currentSize : 9 <-- 0.008912 s
currentSize : 10 <-- 0.009488 s
currentSize : 12 <-- 0.019159 s
currentSize : 13 <-- 0.057740 s
currentSize : 14 <-- 0.070018 s
currentSize : 15 <-- 0.180809 s
currentSize : 16 <-- 0.549613 s
currentSize : 17 <-- 2.383232 s

maxsize : 17
nodes : 589581.000000
filtered : 13995560.000000
time : 6.873051
