Parameters: GAD=1 vflib=1 dir=0 label=0 lowerbound=1 fileNameGp=../graphsdb/mcs70/rand/r02/mcs70_r02_s30.A48 fileNameGt=../graphsdb/mcs70/rand/r02/mcs70_r02_s30.B48
Reading graphs...
30 :  159
30 :  157
Initializing...
maxdom : 30
D->valSize : 900
Solving...
currentSize : 8 <-- 0.009499 s
currentSize : 9 <-- 0.009552 s
currentSize : 10 <-- 0.009643 s
currentSize : 11 <-- 0.010599 s
currentSize : 12 <-- 0.012503 s
currentSize : 13 <-- 0.051805 s
currentSize : 14 <-- 0.155347 s
currentSize : 16 <-- 16.936651 s
currentSize : 17 <-- 20.959087 s
currentSize : 21 <-- 37.306087 s

maxsize : 21
nodes : 7422090.000000
filtered : 129110575.000000
time : 39.179924
