Parameters: GAD=1 vflib=1 dir=0 label=0 lowerbound=1 fileNameGp=../graphsdb/mcs70/bvg/b03m/mcs70_b03m_s30.A17 fileNameGt=../graphsdb/mcs70/bvg/b03m/mcs70_b03m_s30.B17
Reading graphs...
30 :  45
30 :  45
Initializing...
maxdom : 30
D->valSize : 900
Solving...
currentSize : 12 <-- 0.019643 s
currentSize : 17 <-- 0.019689 s
currentSize : 18 <-- 0.020484 s
currentSize : 19 <-- 0.038006 s
currentSize : 20 <-- 0.156698 s
currentSize : 21 <-- 0.209172 s
currentSize : 22 <-- 4.228472 s
currentSize : 23 <-- 4.279286 s

maxsize : 23
nodes : 823471.000000
filtered : 27974754.000000
time : 28.364855
