Parameters: GAD=1 vflib=1 dir=0 label=0 lowerbound=1 fileNameGp=../graphsdb/mcs70/m3D/m3Dr2/mcs70_m3Dr2_s35.A50 fileNameGt=../graphsdb/mcs70/m3D/m3Dr2/mcs70_m3Dr2_s35.B50
Reading graphs...
35 :  79
35 :  79
Initializing...
maxdom : 35
D->valSize : 1225
Solving...
currentSize : 17 <-- 0.020308 s
currentSize : 18 <-- 0.020610 s
currentSize : 19 <-- 0.020946 s
currentSize : 20 <-- 0.179090 s
currentSize : 21 <-- 2.263122 s
currentSize : 22 <-- 2.979250 s
currentSize : 23 <-- 11.285134 s
currentSize : 24 <-- 336.714996 s
currentSize : 27 <-- 336.810150 s

maxsize : 27
nodes : 25310176.000000
filtered : 839674565.000000
time : 369.250824
