Parameters: GAD=1 vflib=1 dir=0 label=0 lowerbound=1 fileNameGp=../graphsdb/mcs70/m4D/m4Dr6/mcs70_m4Dr6_s25.A05 fileNameGt=../graphsdb/mcs70/m4D/m4Dr6/mcs70_m4Dr6_s25.B05
Reading graphs...
25 :  58
25 :  59
Initializing...
maxdom : 25
D->valSize : 625
Solving...
currentSize : 11 <-- 0.008819 s
currentSize : 12 <-- 0.008879 s
currentSize : 13 <-- 0.009011 s
currentSize : 14 <-- 0.009585 s
currentSize : 15 <-- 0.028846 s
currentSize : 16 <-- 0.036364 s
currentSize : 17 <-- 0.305093 s

maxsize : 17
nodes : 419253.000000
filtered : 12436253.000000
time : 4.465652
