Parameters: GAD=1 vflib=1 dir=0 label=0 lowerbound=1 fileNameGp=../graphsdb/mcs70/bvg/b06m/mcs70_b06m_s20.A03 fileNameGt=../graphsdb/mcs70/bvg/b06m/mcs70_b06m_s20.B03
Reading graphs...
20 :  59
20 :  58
Initializing...
maxdom : 20
D->valSize : 400
Solving...
currentSize : 8 <-- 0.002071 s
currentSize : 9 <-- 0.002366 s
currentSize : 11 <-- 0.005608 s
currentSize : 12 <-- 0.215630 s
currentSize : 13 <-- 0.369125 s
currentSize : 14 <-- 0.369759 s

maxsize : 14
nodes : 96920.000000
filtered : 1499472.000000
time : 0.492536
