Parameters: GAD=1 vflib=1 dir=0 label=0 lowerbound=1 fileNameGp=../graphsdb/mcs70/bvg/b09m/mcs70_b09m_s35.A29 fileNameGt=../graphsdb/mcs70/bvg/b09m/mcs70_b09m_s35.B29
Reading graphs...
35 :  146
35 :  148
Initializing...
maxdom : 35
D->valSize : 1225
Solving...
currentSize : 12 <-- 0.023884 s
currentSize : 13 <-- 0.023954 s
currentSize : 14 <-- 0.032672 s
currentSize : 15 <-- 0.119851 s
currentSize : 16 <-- 0.269368 s
currentSize : 17 <-- 16.422619 s
currentSize : 19 <-- 324.456726 s
currentSize : 20 <-- 325.302734 s
currentSize : 22 <-- 480.664886 s
currentSize : 25 <-- 480.741669 s

maxsize : 25
nodes : 71322074.000000
filtered : 1543818844.000000
time : 493.607971
