Parameters: GAD=1 vflib=1 dir=0 label=0 lowerbound=1 fileNameGp=../graphsdb/mcs70/bvg/b09/mcs70_b09_s35.A56 fileNameGt=../graphsdb/mcs70/bvg/b09/mcs70_b09_s35.B56
Reading graphs...
35 :  156
35 :  154
Initializing...
maxdom : 35
D->valSize : 1225
Solving...
currentSize : 15 <-- 0.018033 s
currentSize : 16 <-- 0.018117 s
currentSize : 17 <-- 0.042646 s
currentSize : 18 <-- 0.528676 s
currentSize : 19 <-- 0.532803 s
currentSize : 21 <-- 0.672157 s
currentSize : 22 <-- 68.286705 s
currentSize : 23 <-- 74.851822 s
currentSize : 24 <-- 77.926094 s

maxsize : 24
nodes : 10846250.000000
filtered : 419723966.000000
time : 101.320007
