Parameters: GAD=1 vflib=1 dir=0 label=0 lowerbound=1 fileNameGp=../graphsdb/mcs70/m3D/m3Dr6/mcs70_m3Dr6_s35.A52 fileNameGt=../graphsdb/mcs70/m3D/m3Dr6/mcs70_m3Dr6_s35.B52
Reading graphs...
35 :  93
35 :  91
Initializing...
maxdom : 35
D->valSize : 1225
Solving...
currentSize : 14 <-- 0.020040 s
currentSize : 15 <-- 0.020063 s
currentSize : 16 <-- 0.020487 s
currentSize : 17 <-- 0.020955 s
currentSize : 18 <-- 0.022453 s
currentSize : 19 <-- 0.045910 s
currentSize : 20 <-- 0.053061 s
currentSize : 21 <-- 13.213037 s
currentSize : 22 <-- 55.698460 s
currentSize : 23 <-- 58.172688 s
currentSize : 24 <-- 58.181667 s
currentSize : 26 <-- 91.669212 s
currentSize : 27 <-- 116.124702 s

maxsize : 27
nodes : 9599341.000000
filtered : 337373062.000000
time : 126.093796
