Parameters: GAD=1 vflib=1 dir=0 label=0 lowerbound=1 fileNameGp=../graphsdb/mcs70/bvg/b06m/mcs70_b06m_s30.A80 fileNameGt=../graphsdb/mcs70/bvg/b06m/mcs70_b06m_s30.B80
Reading graphs...
30 :  87
30 :  86
Initializing...
maxdom : 30
D->valSize : 900
Solving...
currentSize : 10 <-- 0.010329 s
currentSize : 11 <-- 0.010364 s
currentSize : 12 <-- 0.010544 s
currentSize : 13 <-- 0.012468 s
currentSize : 14 <-- 0.013385 s
currentSize : 15 <-- 0.126732 s
currentSize : 16 <-- 0.240068 s
currentSize : 17 <-- 0.458685 s
currentSize : 18 <-- 11.644937 s
currentSize : 19 <-- 11.669458 s
currentSize : 20 <-- 15.821288 s
currentSize : 21 <-- 15.821445 s
currentSize : 22 <-- 15.823672 s
currentSize : 23 <-- 15.823863 s

maxsize : 23
nodes : 1885311.000000
filtered : 49183426.000000
time : 17.532013
