Parameters: GAD=1 vflib=1 dir=0 label=0 lowerbound=1 fileNameGp=../graphsdb/mcs70/m2D/m2Dr4/mcs70_m2Dr4_s25.A42 fileNameGt=../graphsdb/mcs70/m2D/m2Dr4/mcs70_m2Dr4_s25.B42
Reading graphs...
25 :  47
25 :  46
Initializing...
maxdom : 25
D->valSize : 625
Solving...
currentSize : 10 <-- 0.005207 s
currentSize : 11 <-- 0.005240 s
currentSize : 13 <-- 0.005350 s
currentSize : 14 <-- 0.006832 s
currentSize : 15 <-- 0.010777 s
currentSize : 16 <-- 0.012959 s
currentSize : 17 <-- 0.037762 s
currentSize : 18 <-- 0.849576 s

maxsize : 18
nodes : 259364.000000
filtered : 7852000.000000
time : 4.809932
