Parameters: GAD=1 vflib=1 dir=0 label=0 lowerbound=1 fileNameGp=../graphsdb/mcs70/m2D/m2Dr4/mcs70_m2Dr4_s25.A13 fileNameGt=../graphsdb/mcs70/m2D/m2Dr4/mcs70_m2Dr4_s25.B13
Reading graphs...
25 :  48
25 :  48
Initializing...
maxdom : 25
D->valSize : 625
Solving...
currentSize : 9 <-- 0.009144 s
currentSize : 11 <-- 0.009374 s
currentSize : 13 <-- 0.009472 s
currentSize : 14 <-- 0.010134 s
currentSize : 15 <-- 0.022313 s
currentSize : 16 <-- 0.040422 s
currentSize : 17 <-- 0.352270 s
currentSize : 18 <-- 2.731824 s

maxsize : 18
nodes : 459538.000000
filtered : 11726666.000000
time : 5.463940
