Parameters: GAD=1 vflib=1 dir=0 label=0 lowerbound=1 fileNameGp=../graphsdb/mcs70/bvg/b03/mcs70_b03_s15.A33 fileNameGt=../graphsdb/mcs70/bvg/b03/mcs70_b03_s15.B33
Reading graphs...
15 :  22
15 :  22
Initializing...
maxdom : 15
D->valSize : 225
Solving...
currentSize : 8 <-- 0.000995 s
currentSize : 9 <-- 0.001049 s
currentSize : 10 <-- 0.001764 s
currentSize : 11 <-- 0.002562 s
currentSize : 12 <-- 0.004580 s
currentSize : 13 <-- 0.007386 s

maxsize : 13
nodes : 1559.000000
filtered : 20690.000000
time : 0.008850
