Parameters: GAD=1 vflib=1 dir=0 label=0 lowerbound=1 fileNameGp=../graphsdb/mcs70/bvg/b03/mcs70_b03_s35.A59 fileNameGt=../graphsdb/mcs70/bvg/b03/mcs70_b03_s35.B59
Reading graphs...
35 :  52
35 :  52
Initializing...
maxdom : 35
D->valSize : 1225
Solving...
currentSize : 19 <-- 0.021166 s
currentSize : 20 <-- 0.021257 s
currentSize : 21 <-- 0.021518 s
currentSize : 22 <-- 0.030312 s
currentSize : 23 <-- 0.051622 s
currentSize : 24 <-- 0.223703 s
currentSize : 25 <-- 0.227371 s
currentSize : 26 <-- 42.429691 s
currentSize : 27 <-- 49.162518 s
currentSize : 28 <-- 159.191483 s

maxsize : 28
nodes : 4660252.000000
filtered : 171254145.000000
time : 220.798294
