Parameters: GAD=1 vflib=1 dir=0 label=0 lowerbound=1 fileNameGp=../graphsdb/mcs70/m3D/m3Dr4/mcs70_m3Dr4_s35.A51 fileNameGt=../graphsdb/mcs70/m3D/m3Dr4/mcs70_m3Dr4_s35.B51
Reading graphs...
35 :  85
35 :  86
Initializing...
maxdom : 35
D->valSize : 1225
Solving...
currentSize : 14 <-- 0.019583 s
currentSize : 15 <-- 0.019611 s
currentSize : 16 <-- 0.019987 s
currentSize : 17 <-- 0.020901 s
currentSize : 18 <-- 0.036313 s
currentSize : 19 <-- 0.098171 s
currentSize : 20 <-- 0.553235 s
currentSize : 21 <-- 2.140982 s
currentSize : 22 <-- 19.529892 s
currentSize : 23 <-- 212.685287 s
currentSize : 25 <-- 483.937256 s
currentSize : 27 <-- 588.861633 s

maxsize : 27
nodes : 38425370.000000
filtered : 1356838357.000000
time : 602.782288
