Parameters: GAD=1 vflib=1 dir=0 label=0 lowerbound=1 fileNameGp=../graphsdb/mcs70/rand/r01/mcs70_r01_s35.A71 fileNameGt=../graphsdb/mcs70/rand/r01/mcs70_r01_s35.B71
Reading graphs...
35 :  111
35 :  112
Initializing...
maxdom : 35
D->valSize : 1225
Solving...
currentSize : 15 <-- 0.019067 s
currentSize : 16 <-- 0.019176 s
currentSize : 17 <-- 0.019331 s
currentSize : 18 <-- 0.025974 s
currentSize : 19 <-- 0.054861 s
currentSize : 20 <-- 12.365902 s
currentSize : 21 <-- 620.070740 s
currentSize : 22 <-- 2013.759277 s
currentSize : 24 <-- 2082.250488 s

maxsize : 24
nodes : 207744241.000000
filtered : 6203085314.000000
time : 2118.217285
