Parameters: GAD=1 vflib=1 dir=0 label=0 lowerbound=1 fileNameGp=../graphsdb/mcs70/rand/r02/mcs70_r02_s35.A29 fileNameGt=../graphsdb/mcs70/rand/r02/mcs70_r02_s35.B29
Reading graphs...
35 :  216
35 :  221
Initializing...
maxdom : 35
D->valSize : 1225
Solving...
currentSize : 11 <-- 0.017135 s
currentSize : 12 <-- 0.017719 s
currentSize : 13 <-- 0.044028 s
currentSize : 14 <-- 0.147564 s
currentSize : 15 <-- 114.707573 s
currentSize : 17 <-- 198.923203 s
currentSize : 21 <-- 775.949585 s
currentSize : 24 <-- 775.949646 s

maxsize : 24
nodes : 155337856.000000
filtered : 2277447904.000000
time : 800.643005
