Parameters: GAD=1 vflib=1 dir=0 label=0 lowerbound=1 fileNameGp=../graphsdb/mcs70/m2D/m2Dr6/m2Dr6/mcs70_m2Dr6_s35.A21 fileNameGt=../graphsdb/mcs70/m2D/m2Dr6/m2Dr6/mcs70_m2Dr6_s35.B21
Reading graphs...
35 :  77
35 :  75
Initializing...
maxdom : 35
D->valSize : 1225
Solving...
currentSize : 16 <-- 0.035618 s
currentSize : 17 <-- 0.035757 s
currentSize : 18 <-- 0.037600 s
currentSize : 19 <-- 0.045228 s
currentSize : 20 <-- 0.093125 s
currentSize : 21 <-- 0.167083 s
currentSize : 22 <-- 0.796026 s
currentSize : 23 <-- 45.512798 s
currentSize : 25 <-- 972.004883 s

maxsize : 25
nodes : 58358326.000000
filtered : 2109025734.000000
time : 1036.805786
