Parameters: GAD=1 vflib=1 dir=0 label=0 lowerbound=1 fileNameGp=../graphsdb/mcs70/bvg/b06m/mcs70_b06m_s35.A66 fileNameGt=../graphsdb/mcs70/bvg/b06m/mcs70_b06m_s35.B66
Reading graphs...
35 :  101
35 :  101
Initializing...
maxdom : 35
D->valSize : 1225
Solving...
currentSize : 11 <-- 0.019162 s
currentSize : 13 <-- 0.019319 s
currentSize : 14 <-- 0.019361 s
currentSize : 16 <-- 0.020130 s
currentSize : 17 <-- 0.033338 s
currentSize : 18 <-- 0.081729 s
currentSize : 19 <-- 0.174422 s
currentSize : 20 <-- 31.021795 s
currentSize : 21 <-- 764.726440 s
currentSize : 22 <-- 818.675842 s
currentSize : 23 <-- 989.315430 s
currentSize : 24 <-- 989.315613 s

maxsize : 24
nodes : 102817976.000000
filtered : 3163990671.000000
time : 1153.494629
