Parameters: GAD=1 vflib=1 dir=0 label=0 lowerbound=1 fileNameGp=../graphsdb/mcs70/bvg/b06/mcs70_b06_s25.A69 fileNameGt=../graphsdb/mcs70/bvg/b06/mcs70_b06_s25.B69
Reading graphs...
25 :  72
25 :  75
Initializing...
maxdom : 25
D->valSize : 625
Solving...
currentSize : 12 <-- 0.004728 s
currentSize : 13 <-- 0.007770 s
currentSize : 14 <-- 0.009719 s
currentSize : 15 <-- 0.012965 s
currentSize : 16 <-- 0.013367 s
currentSize : 17 <-- 0.015182 s
currentSize : 18 <-- 0.015213 s
currentSize : 19 <-- 0.430542 s

maxsize : 19
nodes : 67537.000000
filtered : 2250903.000000
time : 0.666613
