Parameters: GAD=1 vflib=1 dir=0 label=0 lowerbound=1 fileNameGp=../graphsdb/mcs70/m3D/m3D/mcs70_m3D_s35.A62 fileNameGt=../graphsdb/mcs70/m3D/m3D/mcs70_m3D_s35.B62
Reading graphs...
35 :  72
35 :  72
Initializing...
maxdom : 35
D->valSize : 1225
Solving...
currentSize : 17 <-- 0.021014 s
currentSize : 18 <-- 0.021042 s
currentSize : 19 <-- 0.021136 s
currentSize : 20 <-- 0.026682 s
currentSize : 21 <-- 0.082921 s
currentSize : 23 <-- 0.233001 s
currentSize : 24 <-- 111.325745 s
currentSize : 25 <-- 115.313202 s
currentSize : 27 <-- 122.112579 s
currentSize : 28 <-- 122.782883 s
currentSize : 29 <-- 122.800110 s

maxsize : 29
nodes : 8567688.000000
filtered : 260884488.000000
time : 131.761490
