Parameters: GAD=1 vflib=1 dir=0 label=0 lowerbound=1 fileNameGp=../graphsdb/mcs70/bvg/b03/mcs70_b03_s30.A21 fileNameGt=../graphsdb/mcs70/bvg/b03/mcs70_b03_s30.B21
Reading graphs...
30 :  45
30 :  45
Initializing...
maxdom : 30
D->valSize : 900
Solving...
currentSize : 17 <-- 0.019152 s
currentSize : 18 <-- 0.030198 s
currentSize : 19 <-- 0.037687 s
currentSize : 20 <-- 0.045116 s
currentSize : 21 <-- 0.053365 s
currentSize : 22 <-- 1.192672 s
currentSize : 23 <-- 1.654486 s
currentSize : 24 <-- 7.471160 s

maxsize : 24
nodes : 369080.000000
filtered : 14885325.000000
time : 17.402756
