Parameters: GAD=1 vflib=1 dir=0 label=0 lowerbound=1 fileNameGp=../graphsdb/mcs70/bvg/b09/mcs70_b09_s35.A49 fileNameGt=../graphsdb/mcs70/bvg/b09/mcs70_b09_s35.B49
Reading graphs...
35 :  156
35 :  154
Initializing...
maxdom : 35
D->valSize : 1225
Solving...
currentSize : 11 <-- 0.023101 s
currentSize : 12 <-- 0.023145 s
currentSize : 14 <-- 0.023404 s
currentSize : 15 <-- 0.023452 s
currentSize : 16 <-- 0.023811 s
currentSize : 17 <-- 0.053577 s
currentSize : 18 <-- 0.053634 s
currentSize : 19 <-- 0.195529 s
currentSize : 20 <-- 0.195774 s
currentSize : 21 <-- 0.632452 s
currentSize : 23 <-- 1.056438 s
currentSize : 24 <-- 1.056587 s
currentSize : 25 <-- 2.094137 s

maxsize : 25
nodes : 1694043.000000
filtered : 80956787.000000
time : 19.310150
