Parameters: GAD=1 vflib=1 dir=0 label=0 lowerbound=1 fileNameGp=../graphsdb/mcs70/m4D/m4Dr6/mcs70_m4Dr6_s25.A11 fileNameGt=../graphsdb/mcs70/m4D/m4Dr6/mcs70_m4Dr6_s25.B11
Reading graphs...
25 :  60
25 :  59
Initializing...
maxdom : 25
D->valSize : 625
Solving...
currentSize : 10 <-- 0.005241 s
currentSize : 12 <-- 0.005258 s
currentSize : 13 <-- 0.006477 s
currentSize : 14 <-- 0.021245 s
currentSize : 15 <-- 0.026580 s
currentSize : 16 <-- 2.903389 s

maxsize : 16
nodes : 1068875.000000
filtered : 23966224.000000
time : 8.715996
