Parameters: GAD=1 vflib=1 dir=0 label=0 lowerbound=1 fileNameGp=../graphsdb/mcs70/bvg/b03/mcs70_b03_s35.A86 fileNameGt=../graphsdb/mcs70/bvg/b03/mcs70_b03_s35.B86
Reading graphs...
35 :  52
35 :  52
Initializing...
maxdom : 35
D->valSize : 1225
Solving...
currentSize : 18 <-- 0.036310 s
currentSize : 19 <-- 0.036413 s
currentSize : 20 <-- 0.036498 s
currentSize : 21 <-- 0.038214 s
currentSize : 22 <-- 0.042393 s
currentSize : 23 <-- 0.075106 s
currentSize : 24 <-- 0.260481 s
currentSize : 25 <-- 1.347392 s
currentSize : 26 <-- 64.956261 s
currentSize : 27 <-- 210.250259 s

maxsize : 27
nodes : 10927123.000000
filtered : 409972338.000000
time : 424.159546
