Parameters: GAD=1 vflib=1 dir=0 label=0 lowerbound=1 fileNameGp=../graphsdb/mcs70/bvg/b03/mcs70_b03_s30.A31 fileNameGt=../graphsdb/mcs70/bvg/b03/mcs70_b03_s30.B31
Reading graphs...
30 :  45
30 :  44
Initializing...
maxdom : 30
D->valSize : 900
Solving...
currentSize : 17 <-- 0.015950 s
currentSize : 18 <-- 0.016484 s
currentSize : 19 <-- 0.021522 s
currentSize : 20 <-- 0.042535 s
currentSize : 21 <-- 0.103397 s
currentSize : 22 <-- 0.103791 s
currentSize : 24 <-- 0.270934 s
currentSize : 26 <-- 2.599519 s

maxsize : 26
nodes : 80549.000000
filtered : 3020057.000000
time : 3.373332
