Parameters: GAD=1 vflib=1 dir=0 label=0 lowerbound=1 fileNameGp=../graphsdb/mcs70/bvg/b09m/mcs70_b09m_s25.A16 fileNameGt=../graphsdb/mcs70/bvg/b09m/mcs70_b09m_s25.B16
Reading graphs...
25 :  105
25 :  104
Initializing...
maxdom : 25
D->valSize : 625
Solving...
currentSize : 10 <-- 0.007804 s
currentSize : 11 <-- 0.008696 s
currentSize : 12 <-- 0.010246 s
currentSize : 13 <-- 0.010276 s
currentSize : 14 <-- 0.045415 s
currentSize : 16 <-- 2.755301 s
currentSize : 17 <-- 2.755774 s

maxsize : 17
nodes : 632520.000000
filtered : 12006360.000000
time : 3.571077
