Parameters: GAD=1 vflib=1 dir=0 label=0 lowerbound=1 fileNameGp=../graphsdb/mcs70/bvg/b06m/mcs70_b06m_s25.A86 fileNameGt=../graphsdb/mcs70/bvg/b06m/mcs70_b06m_s25.B86
Reading graphs...
25 :  73
25 :  72
Initializing...
maxdom : 25
D->valSize : 625
Solving...
currentSize : 11 <-- 0.008374 s
currentSize : 12 <-- 0.010423 s
currentSize : 13 <-- 0.010830 s
currentSize : 14 <-- 0.028118 s
currentSize : 15 <-- 0.242672 s
currentSize : 16 <-- 7.434590 s
currentSize : 17 <-- 7.434726 s
currentSize : 18 <-- 7.434884 s

maxsize : 18
nodes : 1133456.000000
filtered : 23359242.000000
time : 7.933910
