Parameters: GAD=1 vflib=1 dir=0 label=0 lowerbound=1 fileNameGp=../graphsdb/mcs70/bvg/b03m/mcs70_b03m_s35.A09 fileNameGt=../graphsdb/mcs70/bvg/b03m/mcs70_b03m_s35.B09
Reading graphs...
35 :  51
35 :  51
Initializing...
maxdom : 35
D->valSize : 1225
Solving...
currentSize : 18 <-- 0.021037 s
currentSize : 19 <-- 0.021443 s
currentSize : 20 <-- 0.021451 s
currentSize : 22 <-- 0.052231 s
currentSize : 23 <-- 11.032349 s
currentSize : 24 <-- 128.877213 s
currentSize : 25 <-- 258.745728 s
currentSize : 26 <-- 259.692871 s
currentSize : 27 <-- 261.538849 s

maxsize : 27
nodes : 16448818.000000
filtered : 377943802.000000
time : 402.513763
