Parameters: GAD=1 vflib=1 dir=0 label=0 lowerbound=1 fileNameGp=../graphsdb/mcs70/rand/r01/mcs70_r01_s30.A11 fileNameGt=../graphsdb/mcs70/rand/r01/mcs70_r01_s30.B11
Reading graphs...
30 :  84
30 :  81
Initializing...
maxdom : 30
D->valSize : 900
Solving...
currentSize : 12 <-- 0.010416 s
currentSize : 13 <-- 0.010509 s
currentSize : 14 <-- 0.010532 s
currentSize : 15 <-- 0.017817 s
currentSize : 16 <-- 0.041370 s
currentSize : 17 <-- 0.268849 s
currentSize : 18 <-- 15.812781 s
currentSize : 19 <-- 136.909805 s
currentSize : 21 <-- 138.048050 s

maxsize : 21
nodes : 14844092.000000
filtered : 381116965.000000
time : 143.973495
