Parameters: GAD=1 vflib=1 dir=0 label=0 lowerbound=1 fileNameGp=../graphsdb/mcs70/bvg/b03/mcs70_b03_s35.A08 fileNameGt=../graphsdb/mcs70/bvg/b03/mcs70_b03_s35.B08
Reading graphs...
35 :  52
35 :  52
Initializing...
maxdom : 35
D->valSize : 1225
Solving...
currentSize : 17 <-- 0.021867 s
currentSize : 21 <-- 0.021914 s
currentSize : 22 <-- 0.024707 s
currentSize : 24 <-- 0.506394 s
currentSize : 26 <-- 7.297909 s
currentSize : 27 <-- 103.682419 s
currentSize : 28 <-- 162.346283 s

maxsize : 28
nodes : 4141061.000000
filtered : 175137001.000000
time : 233.503403
