Parameters: GAD=1 vflib=1 dir=0 label=0 lowerbound=1 fileNameGp=../graphsdb/mcs70/bvg/b06m/mcs70_b06m_s35.A95 fileNameGt=../graphsdb/mcs70/bvg/b06m/mcs70_b06m_s35.B95
Reading graphs...
35 :  101
35 :  104
Initializing...
maxdom : 35
D->valSize : 1225
Solving...
currentSize : 13 <-- 0.033953 s
currentSize : 14 <-- 0.033996 s
currentSize : 16 <-- 0.034035 s
currentSize : 17 <-- 0.034935 s
currentSize : 18 <-- 0.208715 s
currentSize : 19 <-- 1.583355 s
currentSize : 20 <-- 5.670823 s
currentSize : 21 <-- 132.926346 s
currentSize : 22 <-- 363.228973 s
currentSize : 23 <-- 544.636597 s
currentSize : 24 <-- 715.629211 s
currentSize : 25 <-- 715.629333 s

maxsize : 25
nodes : 64393344.000000
filtered : 2233496542.000000
time : 744.492798
