Parameters: GAD=1 vflib=1 dir=0 label=0 lowerbound=1 fileNameGp=../graphsdb/mcs70/rand/r01/mcs70_r01_s30.A96 fileNameGt=../graphsdb/mcs70/rand/r01/mcs70_r01_s30.B96
Reading graphs...
30 :  82
30 :  81
Initializing...
maxdom : 30
D->valSize : 900
Solving...
currentSize : 11 <-- 0.010301 s
currentSize : 12 <-- 0.010366 s
currentSize : 14 <-- 0.011269 s
currentSize : 15 <-- 0.030099 s
currentSize : 16 <-- 0.151502 s
currentSize : 17 <-- 1.671297 s
currentSize : 18 <-- 6.766779 s
currentSize : 19 <-- 68.064690 s
currentSize : 21 <-- 96.179695 s

maxsize : 21
nodes : 10312608.000000
filtered : 270296777.000000
time : 100.573395
