Parameters: GAD=1 vflib=1 dir=0 label=0 lowerbound=1 fileNameGp=../graphsdb/mcs70/rand/r02/mcs70_r02_s20.A03 fileNameGt=../graphsdb/mcs70/rand/r02/mcs70_r02_s20.B03
Reading graphs...
20 :  67
20 :  67
Initializing...
maxdom : 20
D->valSize : 400
Solving...
currentSize : 9 <-- 0.003355 s
currentSize : 10 <-- 0.003606 s
currentSize : 11 <-- 0.003651 s
currentSize : 12 <-- 0.118700 s
currentSize : 13 <-- 0.205911 s
currentSize : 14 <-- 0.317719 s

maxsize : 14
nodes : 66366.000000
filtered : 1273210.000000
time : 0.339713
