Parameters: GAD=1 vflib=1 dir=0 label=0 lowerbound=1 fileNameGp=../graphsdb/mcs70/bvg/b03m/mcs70_b03m_s30.A08 fileNameGt=../graphsdb/mcs70/bvg/b03m/mcs70_b03m_s30.B08
Reading graphs...
30 :  45
30 :  45
Initializing...
maxdom : 30
D->valSize : 900
Solving...
currentSize : 15 <-- 0.011396 s
currentSize : 17 <-- 0.011486 s
currentSize : 18 <-- 0.011522 s
currentSize : 19 <-- 0.014008 s
currentSize : 20 <-- 0.111499 s
currentSize : 21 <-- 0.344121 s
currentSize : 22 <-- 4.100350 s
currentSize : 23 <-- 7.990835 s

maxsize : 23
nodes : 828256.000000
filtered : 27740111.000000
time : 24.534800
