Parameters: GAD=1 vflib=1 dir=0 label=0 lowerbound=1 fileNameGp=../graphsdb/mcs70/m2D/m2Dr4/mcs70_m2Dr4_s25.A49 fileNameGt=../graphsdb/mcs70/m2D/m2Dr4/mcs70_m2Dr4_s25.B49
Reading graphs...
25 :  50
25 :  47
Initializing...
maxdom : 25
D->valSize : 625
Solving...
currentSize : 12 <-- 0.005282 s
currentSize : 13 <-- 0.005318 s
currentSize : 14 <-- 0.007396 s
currentSize : 15 <-- 0.009706 s
currentSize : 16 <-- 0.048843 s
currentSize : 17 <-- 0.076275 s
currentSize : 18 <-- 2.219737 s

maxsize : 18
nodes : 409193.000000
filtered : 11114349.000000
time : 5.008137
