Parameters: GAD=1 vflib=1 dir=0 label=0 lowerbound=1 fileNameGp=../graphsdb/mcs70/rand/r005/mcs70_r005_s30.A00 fileNameGt=../graphsdb/mcs70/rand/r005/mcs70_r005_s30.B00
Reading graphs...
30 :  40
30 :  42
Initializing...
maxdom : 30
D->valSize : 900
Solving...
currentSize : 4 <-- 0.011421 s
currentSize : 5 <-- 0.011453 s
currentSize : 12 <-- 0.011508 s
currentSize : 13 <-- 0.011535 s
currentSize : 14 <-- 0.011548 s
currentSize : 15 <-- 0.012537 s
currentSize : 16 <-- 0.012577 s
currentSize : 17 <-- 0.108284 s
currentSize : 18 <-- 0.245572 s
currentSize : 19 <-- 0.250508 s
currentSize : 20 <-- 0.262779 s
currentSize : 21 <-- 187.542526 s

maxsize : 21
nodes : 22826193.000000
filtered : 384665260.000000
time : 349.967896
