Parameters: GAD=1 vflib=1 dir=0 label=0 lowerbound=1 fileNameGp=../graphsdb/mcs70/bvg/b06m/mcs70_b06m_s15.A46 fileNameGt=../graphsdb/mcs70/bvg/b06m/mcs70_b06m_s15.B46
Reading graphs...
15 :  41
15 :  40
Initializing...
maxdom : 15
D->valSize : 225
Solving...
currentSize : 6 <-- 0.000881 s
currentSize : 7 <-- 0.000906 s
currentSize : 8 <-- 0.000948 s
currentSize : 9 <-- 0.001492 s
currentSize : 10 <-- 0.007282 s
currentSize : 12 <-- 0.020819 s

maxsize : 12
nodes : 5349.000000
filtered : 72633.000000
time : 0.022195
