Parameters: GAD=1 vflib=1 dir=0 label=0 lowerbound=1 fileNameGp=../graphsdb/mcs70/bvg/b06m/mcs70_b06m_s25.A82 fileNameGt=../graphsdb/mcs70/bvg/b06m/mcs70_b06m_s25.B82
Reading graphs...
25 :  72
25 :  73
Initializing...
maxdom : 25
D->valSize : 625
Solving...
currentSize : 11 <-- 0.008438 s
currentSize : 12 <-- 0.011894 s
currentSize : 13 <-- 0.026034 s
currentSize : 14 <-- 0.041843 s
currentSize : 15 <-- 0.146295 s
currentSize : 17 <-- 2.169696 s

maxsize : 17
nodes : 385881.000000
filtered : 10812739.000000
time : 3.618784
