Parameters: GAD=1 vflib=1 dir=0 label=0 lowerbound=1 fileNameGp=../graphsdb/mcs70/m3D/m3Dr2/mcs70_m3Dr2_s35.A52 fileNameGt=../graphsdb/mcs70/m3D/m3Dr2/mcs70_m3Dr2_s35.B52
Reading graphs...
35 :  79
35 :  78
Initializing...
maxdom : 35
D->valSize : 1225
Solving...
currentSize : 18 <-- 0.020178 s
currentSize : 19 <-- 0.021178 s
currentSize : 20 <-- 0.090041 s
currentSize : 21 <-- 0.105514 s
currentSize : 22 <-- 0.362111 s
currentSize : 23 <-- 23.084211 s
currentSize : 24 <-- 319.610199 s
currentSize : 25 <-- 332.960602 s
currentSize : 26 <-- 461.629913 s
currentSize : 27 <-- 497.521667 s

maxsize : 27
nodes : 35056426.000000
filtered : 1210199469.000000
time : 505.523865
