Parameters: GAD=1 vflib=1 dir=0 label=0 lowerbound=1 fileNameGp=../graphsdb/mcs70/m2D/m2Dr4/mcs70_m2Dr4_s35.A10 fileNameGt=../graphsdb/mcs70/m2D/m2Dr4/mcs70_m2Dr4_s35.B10
Reading graphs...
35 :  70
35 :  69
Initializing...
maxdom : 35
D->valSize : 1225
Solving...
currentSize : 15 <-- 0.024653 s
currentSize : 18 <-- 0.024693 s
currentSize : 19 <-- 0.024705 s
currentSize : 20 <-- 0.028708 s
currentSize : 21 <-- 0.190050 s
currentSize : 22 <-- 0.550345 s
currentSize : 23 <-- 19.071976 s
currentSize : 24 <-- 23.135504 s
currentSize : 25 <-- 23.135592 s
currentSize : 26 <-- 80.972733 s

maxsize : 26
nodes : 8048846.000000
filtered : 372798006.000000
time : 216.827026
