Parameters: GAD=1 vflib=1 dir=0 label=0 lowerbound=1 fileNameGp=../graphsdb/mcs70/bvg/b03m/mcs70_b03m_s30.A53 fileNameGt=../graphsdb/mcs70/bvg/b03m/mcs70_b03m_s30.B53
Reading graphs...
30 :  43
30 :  44
Initializing...
maxdom : 30
D->valSize : 900
Solving...
currentSize : 14 <-- 0.019709 s
currentSize : 15 <-- 0.019739 s
currentSize : 16 <-- 0.019969 s
currentSize : 17 <-- 0.019992 s
currentSize : 18 <-- 0.023577 s
currentSize : 19 <-- 0.045255 s
currentSize : 20 <-- 0.402919 s
currentSize : 21 <-- 2.106784 s
currentSize : 22 <-- 49.409801 s
currentSize : 23 <-- 73.886368 s

maxsize : 23
nodes : 3512784.000000
filtered : 105837764.000000
time : 101.755249
