Parameters: GAD=1 vflib=1 dir=0 label=0 lowerbound=1 fileNameGp=../graphsdb/mcs70/bvg/b03m/mcs70_b03m_s25.A57 fileNameGt=../graphsdb/mcs70/bvg/b03m/mcs70_b03m_s25.B57
Reading graphs...
25 :  37
25 :  37
Initializing...
maxdom : 25
D->valSize : 625
Solving...
currentSize : 14 <-- 0.009406 s
currentSize : 15 <-- 0.011504 s
currentSize : 16 <-- 0.023822 s
currentSize : 17 <-- 0.468074 s
currentSize : 18 <-- 0.820687 s
currentSize : 19 <-- 1.564443 s

maxsize : 19
nodes : 244566.000000
filtered : 5752840.000000
time : 3.682942
