Parameters: GAD=1 vflib=1 dir=0 label=0 lowerbound=1 fileNameGp=../graphsdb/mcs70/m2D/m2D/mcs70_m2D_s35.A75 fileNameGt=../graphsdb/mcs70/m2D/m2D/mcs70_m2D_s35.B75
Reading graphs...
35 :  58
35 :  57
Initializing...
maxdom : 35
D->valSize : 1225
Solving...
currentSize : 16 <-- 0.020738 s
currentSize : 17 <-- 0.020758 s
currentSize : 19 <-- 0.020877 s
currentSize : 20 <-- 0.021245 s
currentSize : 21 <-- 0.023201 s
currentSize : 22 <-- 0.035638 s
currentSize : 23 <-- 0.065187 s
currentSize : 24 <-- 0.146941 s
currentSize : 25 <-- 4.295106 s
currentSize : 26 <-- 76.243149 s
currentSize : 27 <-- 80.622307 s

maxsize : 27
nodes : 5496544.000000
filtered : 246651523.000000
time : 227.425095
