Parameters: GAD=1 vflib=1 dir=0 label=0 lowerbound=1 fileNameGp=../graphsdb/mcs70/bvg/b09m/mcs70_b09m_s30.A18 fileNameGt=../graphsdb/mcs70/bvg/b09m/mcs70_b09m_s30.B18
Reading graphs...
30 :  128
30 :  132
Initializing...
maxdom : 30
D->valSize : 900
Solving...
currentSize : 10 <-- 0.016522 s
currentSize : 12 <-- 0.016620 s
currentSize : 13 <-- 0.016691 s
currentSize : 14 <-- 0.016998 s
currentSize : 15 <-- 0.090137 s
currentSize : 16 <-- 8.867555 s
currentSize : 17 <-- 10.977703 s
currentSize : 19 <-- 10.999300 s
currentSize : 20 <-- 11.001605 s

maxsize : 20
nodes : 2730726.000000
filtered : 63385537.000000
time : 17.490431
