Parameters: GAD=1 vflib=1 dir=0 label=0 lowerbound=1 fileNameGp=../graphsdb/mcs70/bvg/b03/mcs70_b03_s30.A68 fileNameGt=../graphsdb/mcs70/bvg/b03/mcs70_b03_s30.B68
Reading graphs...
30 :  45
30 :  44
Initializing...
maxdom : 30
D->valSize : 900
Solving...
currentSize : 12 <-- 0.011166 s
currentSize : 15 <-- 0.011208 s
currentSize : 17 <-- 0.011247 s
currentSize : 18 <-- 0.012206 s
currentSize : 19 <-- 0.117102 s
currentSize : 20 <-- 0.167960 s
currentSize : 21 <-- 0.171638 s
currentSize : 22 <-- 0.389169 s
currentSize : 23 <-- 1.642079 s
currentSize : 24 <-- 24.351116 s

maxsize : 24
nodes : 690257.000000
filtered : 28105339.000000
time : 38.222534
