Parameters: GAD=1 vflib=1 dir=0 label=0 lowerbound=1 fileNameGp=../graphsdb/mcs70/bvg/b06m/mcs70_b06m_s25.A64 fileNameGt=../graphsdb/mcs70/bvg/b06m/mcs70_b06m_s25.B64
Reading graphs...
25 :  72
25 :  73
Initializing...
maxdom : 25
D->valSize : 625
Solving...
currentSize : 9 <-- 0.004686 s
currentSize : 11 <-- 0.004705 s
currentSize : 12 <-- 0.011460 s
currentSize : 13 <-- 0.013919 s
currentSize : 14 <-- 0.068693 s
currentSize : 15 <-- 1.305595 s
currentSize : 16 <-- 2.305557 s
currentSize : 17 <-- 3.074345 s
currentSize : 18 <-- 3.074413 s

maxsize : 18
nodes : 496896.000000
filtered : 11054508.000000
time : 3.791653
