Parameters: GAD=1 vflib=1 dir=0 label=0 lowerbound=1 fileNameGp=../graphsdb/mcs70/bvg/b09/mcs70_b09_s35.A87 fileNameGt=../graphsdb/mcs70/bvg/b09/mcs70_b09_s35.B87
Reading graphs...
35 :  154
35 :  155
Initializing...
maxdom : 35
D->valSize : 1225
Solving...
currentSize : 12 <-- 0.017764 s
currentSize : 13 <-- 0.017809 s
currentSize : 14 <-- 0.017898 s
currentSize : 15 <-- 0.018881 s
currentSize : 16 <-- 0.026034 s
currentSize : 17 <-- 0.044394 s
currentSize : 18 <-- 1.577120 s
currentSize : 19 <-- 2.124174 s
currentSize : 20 <-- 2.744837 s
currentSize : 21 <-- 9.048030 s
currentSize : 23 <-- 9.715960 s
currentSize : 24 <-- 23.298166 s
currentSize : 25 <-- 28.058493 s

maxsize : 25
nodes : 3762817.000000
filtered : 163535279.000000
time : 39.101456
