Parameters: GAD=1 vflib=1 dir=0 label=0 lowerbound=1 fileNameGp=../graphsdb/mcs70/m2D/m2Dr2/mcs70_m2Dr2_s25.A78 fileNameGt=../graphsdb/mcs70/m2D/m2Dr2/mcs70_m2Dr2_s25.B78
Reading graphs...
25 :  44
25 :  44
Initializing...
maxdom : 25
D->valSize : 625
Solving...
currentSize : 9 <-- 0.005172 s
currentSize : 11 <-- 0.005196 s
currentSize : 12 <-- 0.005305 s
currentSize : 13 <-- 0.007933 s
currentSize : 14 <-- 0.015802 s
currentSize : 15 <-- 0.062768 s
currentSize : 16 <-- 0.232133 s
currentSize : 17 <-- 6.013585 s
currentSize : 18 <-- 6.212463 s

maxsize : 18
nodes : 996092.000000
filtered : 19508843.000000
time : 9.910602
