Parameters: GAD=1 vflib=1 dir=0 label=0 lowerbound=1 fileNameGp=../graphsdb/mcs70/rand/r005/mcs70_r005_s30.A66 fileNameGt=../graphsdb/mcs70/rand/r005/mcs70_r005_s30.B66
Reading graphs...
30 :  42
30 :  41
Initializing...
maxdom : 30
D->valSize : 900
Solving...
currentSize : 14 <-- 0.019776 s
currentSize : 15 <-- 0.019887 s
currentSize : 16 <-- 0.019898 s
currentSize : 17 <-- 0.056859 s
currentSize : 18 <-- 0.455835 s
currentSize : 19 <-- 5.381532 s
currentSize : 20 <-- 5.538311 s
currentSize : 21 <-- 10.386506 s
currentSize : 22 <-- 50.918777 s

maxsize : 22
nodes : 6065846.000000
filtered : 145207794.000000
time : 113.617569
