Parameters: GAD=1 vflib=1 dir=0 label=0 lowerbound=1 fileNameGp=../graphsdb/mcs70/rand/r02/mcs70_r02_s35.A40 fileNameGt=../graphsdb/mcs70/rand/r02/mcs70_r02_s35.B40
Reading graphs...
35 :  208
35 :  206
Initializing...
maxdom : 35
D->valSize : 1225
Solving...
currentSize : 11 <-- 0.029292 s
currentSize : 12 <-- 0.029373 s
currentSize : 13 <-- 0.039157 s
currentSize : 14 <-- 0.161395 s
currentSize : 15 <-- 16.694769 s
currentSize : 17 <-- 28.003912 s
currentSize : 18 <-- 64.719574 s
currentSize : 24 <-- 261.403656 s

maxsize : 24
nodes : 48123158.000000
filtered : 947287820.000000
time : 280.082458
