Parameters: GAD=1 vflib=1 dir=0 label=0 lowerbound=1 fileNameGp=../graphsdb/mcs70/bvg/b09m/mcs70_b09m_s25.A34 fileNameGt=../graphsdb/mcs70/bvg/b09m/mcs70_b09m_s25.B34
Reading graphs...
25 :  105
25 :  103
Initializing...
maxdom : 25
D->valSize : 625
Solving...
currentSize : 10 <-- 0.007712 s
currentSize : 11 <-- 0.007922 s
currentSize : 12 <-- 0.009923 s
currentSize : 13 <-- 0.381318 s
currentSize : 14 <-- 1.702304 s
currentSize : 15 <-- 1.702362 s
currentSize : 17 <-- 1.702424 s

maxsize : 17
nodes : 569982.000000
filtered : 9462568.000000
time : 2.897622
