Parameters: GAD=1 vflib=1 dir=0 label=0 lowerbound=1 fileNameGp=../graphsdb/mcs70/m2D/m2D/mcs70_m2D_s25.A89 fileNameGt=../graphsdb/mcs70/m2D/m2D/mcs70_m2D_s25.B89
Reading graphs...
25 :  40
25 :  39
Initializing...
maxdom : 25
D->valSize : 625
Solving...
currentSize : 12 <-- 0.005262 s
currentSize : 13 <-- 0.005277 s
currentSize : 14 <-- 0.006284 s
currentSize : 15 <-- 0.017501 s
currentSize : 16 <-- 0.037806 s
currentSize : 17 <-- 0.379166 s
currentSize : 18 <-- 2.204859 s

maxsize : 18
nodes : 638440.000000
filtered : 15028382.000000
time : 10.210176
