Parameters: GAD=1 vflib=1 dir=0 label=0 lowerbound=1 fileNameGp=../graphsdb/mcs70/rand/r02/mcs70_r02_s30.A83 fileNameGt=../graphsdb/mcs70/rand/r02/mcs70_r02_s30.B83
Reading graphs...
30 :  159
30 :  156
Initializing...
maxdom : 30
D->valSize : 900
Solving...
currentSize : 8 <-- 0.009514 s
currentSize : 9 <-- 0.009534 s
currentSize : 10 <-- 0.009559 s
currentSize : 11 <-- 0.010101 s
currentSize : 12 <-- 0.014128 s
currentSize : 13 <-- 0.094155 s
currentSize : 14 <-- 0.784345 s
currentSize : 15 <-- 36.506073 s
currentSize : 17 <-- 49.307789 s
currentSize : 21 <-- 62.432430 s

maxsize : 21
nodes : 13341778.000000
filtered : 195048975.000000
time : 65.074203
