Parameters: GAD=1 vflib=1 dir=0 label=0 lowerbound=1 fileNameGp=../graphsdb/mcs70/m3D/m3Dr2/mcs70_m3Dr2_s35.A67 fileNameGt=../graphsdb/mcs70/m3D/m3Dr2/mcs70_m3Dr2_s35.B67
Reading graphs...
35 :  78
35 :  78
Initializing...
maxdom : 35
D->valSize : 1225
Solving...
currentSize : 19 <-- 0.035149 s
currentSize : 20 <-- 0.041832 s
currentSize : 21 <-- 0.105086 s
currentSize : 22 <-- 69.518219 s
currentSize : 23 <-- 628.545715 s
currentSize : 24 <-- 685.368652 s
currentSize : 27 <-- 737.804626 s

maxsize : 27
nodes : 64868121.000000
filtered : 1725773608.000000
time : 772.217834
