Parameters: GAD=1 vflib=1 dir=0 label=0 lowerbound=1 fileNameGp=../graphsdb/mcs70/rand/r005/mcs70_r005_s35.A11 fileNameGt=../graphsdb/mcs70/rand/r005/mcs70_r005_s35.B11
Reading graphs...
35 :  57
35 :  58
Initializing...
maxdom : 35
D->valSize : 1225
Solving...
currentSize : 11 <-- 0.036630 s
currentSize : 15 <-- 0.036729 s
currentSize : 16 <-- 0.036825 s
currentSize : 17 <-- 0.039183 s
currentSize : 18 <-- 0.042067 s
currentSize : 19 <-- 0.056997 s
currentSize : 21 <-- 0.094047 s
currentSize : 22 <-- 0.094233 s
currentSize : 23 <-- 2.561117 s
currentSize : 24 <-- 11.283630 s
currentSize : 25 <-- 223.972916 s

maxsize : 25
nodes : 35122346.000000
filtered : 1225662306.000000
time : 1205.135254
