Parameters: GAD=1 vflib=1 dir=0 label=0 lowerbound=1 fileNameGp=../graphsdb/mcs70/m3D/m3Dr4/mcs70_m3Dr4_s35.A52 fileNameGt=../graphsdb/mcs70/m3D/m3Dr4/mcs70_m3Dr4_s35.B52
Reading graphs...
35 :  85
35 :  84
Initializing...
maxdom : 35
D->valSize : 1225
Solving...
currentSize : 15 <-- 0.034903 s
currentSize : 16 <-- 0.079510 s
currentSize : 17 <-- 0.173229 s
currentSize : 18 <-- 0.334261 s
currentSize : 19 <-- 0.857245 s
currentSize : 20 <-- 1.004822 s
currentSize : 21 <-- 85.937553 s
currentSize : 22 <-- 790.709961 s
currentSize : 24 <-- 1388.067505 s
currentSize : 25 <-- 1389.943970 s
currentSize : 27 <-- 1389.944092 s

maxsize : 27
nodes : 122021978.000000
filtered : 3385804628.000000
time : 1408.305786
