Parameters: GAD=1 vflib=1 dir=0 label=0 lowerbound=1 fileNameGp=../graphsdb/mcs70/rand/r02/mcs70_r02_s35.A54 fileNameGt=../graphsdb/mcs70/rand/r02/mcs70_r02_s35.B54
Reading graphs...
35 :  215
35 :  218
Initializing...
maxdom : 35
D->valSize : 1225
Solving...
currentSize : 11 <-- 0.017989 s
currentSize : 12 <-- 0.018052 s
currentSize : 13 <-- 0.021562 s
currentSize : 14 <-- 0.487145 s
currentSize : 15 <-- 5.139229 s
currentSize : 16 <-- 25.328136 s
currentSize : 17 <-- 209.289490 s
currentSize : 18 <-- 388.350983 s
currentSize : 24 <-- 471.710449 s

maxsize : 24
nodes : 90370708.000000
filtered : 1532722750.000000
time : 492.408997
