Parameters: GAD=1 vflib=1 dir=0 label=0 lowerbound=1 fileNameGp=../graphsdb/mcs70/rand/r005/mcs70_r005_s35.A81 fileNameGt=../graphsdb/mcs70/rand/r005/mcs70_r005_s35.B81
Reading graphs...
35 :  57
35 :  57
Initializing...
maxdom : 35
D->valSize : 1225
Solving...
currentSize : 15 <-- 0.021044 s
currentSize : 16 <-- 0.021066 s
currentSize : 17 <-- 0.021288 s
currentSize : 18 <-- 0.021802 s
currentSize : 19 <-- 0.021851 s
currentSize : 20 <-- 0.105559 s
currentSize : 21 <-- 0.274720 s
currentSize : 22 <-- 0.425473 s
currentSize : 24 <-- 33.874153 s
currentSize : 25 <-- 73.921043 s
currentSize : 26 <-- 73.921188 s

maxsize : 26
nodes : 16465365.000000
filtered : 716754343.000000
time : 697.128418
