Parameters: GAD=1 vflib=1 dir=0 label=0 lowerbound=1 fileNameGp=../graphsdb/mcs70/m2D/m2D/mcs70_m2D_s25.A97 fileNameGt=../graphsdb/mcs70/m2D/m2D/mcs70_m2D_s25.B97
Reading graphs...
25 :  40
25 :  40
Initializing...
maxdom : 25
D->valSize : 625
Solving...
currentSize : 10 <-- 0.009121 s
currentSize : 11 <-- 0.009144 s
currentSize : 12 <-- 0.009183 s
currentSize : 13 <-- 0.009311 s
currentSize : 14 <-- 0.009998 s
currentSize : 15 <-- 0.077094 s
currentSize : 16 <-- 0.242294 s
currentSize : 17 <-- 0.899684 s
currentSize : 18 <-- 1.539740 s
currentSize : 19 <-- 2.309183 s

maxsize : 19
nodes : 311020.000000
filtered : 6338153.000000
time : 3.726991
