Parameters: GAD=1 vflib=1 dir=0 label=0 lowerbound=1 fileNameGp=../graphsdb/mcs70/bvg/b03m/mcs70_b03m_s35.A16 fileNameGt=../graphsdb/mcs70/bvg/b03m/mcs70_b03m_s35.B16
Reading graphs...
35 :  52
35 :  52
Initializing...
maxdom : 35
D->valSize : 1225
Solving...
currentSize : 16 <-- 0.036278 s
currentSize : 17 <-- 0.036325 s
currentSize : 18 <-- 0.038343 s
currentSize : 19 <-- 0.038718 s
currentSize : 20 <-- 0.039133 s
currentSize : 21 <-- 11.692563 s
currentSize : 22 <-- 11.887921 s
currentSize : 23 <-- 12.571314 s
currentSize : 24 <-- 12.599905 s
currentSize : 25 <-- 67.225830 s
currentSize : 26 <-- 1056.982178 s

maxsize : 26
nodes : 33274499.000000
filtered : 1059251547.000000
time : 1308.461426
