Parameters: GAD=1 vflib=1 dir=0 label=0 lowerbound=1 fileNameGp=../graphsdb/mcs70/m3D/m3Dr6/mcs70_m3Dr6_s35.A19 fileNameGt=../graphsdb/mcs70/m3D/m3Dr6/mcs70_m3Dr6_s35.B19
Reading graphs...
35 :  93
35 :  91
Initializing...
maxdom : 35
D->valSize : 1225
Solving...
currentSize : 15 <-- 0.019526 s
currentSize : 16 <-- 0.020811 s
currentSize : 17 <-- 0.023070 s
currentSize : 18 <-- 0.097867 s
currentSize : 19 <-- 0.292967 s
currentSize : 20 <-- 0.322210 s
currentSize : 21 <-- 0.322523 s
currentSize : 22 <-- 2.793083 s
currentSize : 24 <-- 5.357709 s
currentSize : 25 <-- 5.380874 s
currentSize : 26 <-- 5.385828 s
currentSize : 27 <-- 5.386011 s

maxsize : 27
nodes : 1423024.000000
filtered : 61487474.000000
time : 19.262211
