Parameters: GAD=1 vflib=1 dir=0 label=0 lowerbound=1 fileNameGp=../graphsdb/mcs70/m2D/m2Dr2/mcs70_m2Dr2_s35.A66 fileNameGt=../graphsdb/mcs70/m2D/m2Dr2/mcs70_m2Dr2_s35.B66
Reading graphs...
35 :  64
35 :  64
Initializing...
maxdom : 35
D->valSize : 1225
Solving...
currentSize : 16 <-- 0.036433 s
currentSize : 17 <-- 0.037935 s
currentSize : 18 <-- 0.047593 s
currentSize : 19 <-- 0.050945 s
currentSize : 21 <-- 0.370116 s
currentSize : 22 <-- 0.372988 s
currentSize : 23 <-- 0.863563 s
currentSize : 24 <-- 0.970083 s
currentSize : 25 <-- 194.346130 s

maxsize : 25
nodes : 29270532.000000
filtered : 1248155476.000000
time : 980.734070
