Parameters: GAD=1 vflib=1 dir=0 label=0 lowerbound=1 fileNameGp=../graphsdb/mcs70/rand/r02/mcs70_r02_s30.A05 fileNameGt=../graphsdb/mcs70/rand/r02/mcs70_r02_s30.B05
Reading graphs...
30 :  157
30 :  159
Initializing...
maxdom : 30
D->valSize : 900
Solving...
currentSize : 11 <-- 0.016087 s
currentSize : 12 <-- 0.016819 s
currentSize : 13 <-- 0.043201 s
currentSize : 14 <-- 3.789942 s
currentSize : 15 <-- 11.544914 s
currentSize : 16 <-- 35.654919 s
currentSize : 21 <-- 35.655186 s

maxsize : 21
nodes : 7702975.000000
filtered : 119702379.000000
time : 39.200275
