Parameters: GAD=1 vflib=1 dir=0 label=0 lowerbound=1 fileNameGp=../graphsdb/mcs70/bvg/b06m/mcs70_b06m_s25.A27 fileNameGt=../graphsdb/mcs70/bvg/b06m/mcs70_b06m_s25.B27
Reading graphs...
25 :  73
25 :  74
Initializing...
maxdom : 25
D->valSize : 625
Solving...
currentSize : 10 <-- 0.005008 s
currentSize : 11 <-- 0.005081 s
currentSize : 12 <-- 0.005181 s
currentSize : 13 <-- 0.079323 s
currentSize : 14 <-- 0.106987 s
currentSize : 15 <-- 0.242226 s
currentSize : 17 <-- 1.231014 s
currentSize : 18 <-- 1.231399 s

maxsize : 18
nodes : 267226.000000
filtered : 5887657.000000
time : 1.907556
