Parameters: GAD=1 vflib=1 dir=0 label=0 lowerbound=1 fileNameGp=../graphsdb/mcs70/rand/r02/mcs70_r02_s30.A13 fileNameGt=../graphsdb/mcs70/rand/r02/mcs70_r02_s30.B13
Reading graphs...
30 :  151
30 :  154
Initializing...
maxdom : 30
D->valSize : 900
Solving...
currentSize : 10 <-- 0.009276 s
currentSize : 12 <-- 0.009323 s
currentSize : 13 <-- 0.013297 s
currentSize : 14 <-- 2.005280 s
currentSize : 15 <-- 2.608615 s
currentSize : 16 <-- 23.369780 s
currentSize : 17 <-- 31.467739 s
currentSize : 21 <-- 50.723579 s

maxsize : 21
nodes : 10378440.000000
filtered : 185977286.000000
time : 54.894241
