Parameters: GAD=1 vflib=1 dir=0 label=0 lowerbound=1 fileNameGp=../graphsdb/mcs70/m3D/m3Dr4/mcs70_m3Dr4_s35.A27 fileNameGt=../graphsdb/mcs70/m3D/m3Dr4/mcs70_m3Dr4_s35.B27
Reading graphs...
35 :  83
35 :  84
Initializing...
maxdom : 35
D->valSize : 1225
Solving...
currentSize : 18 <-- 0.024917 s
currentSize : 19 <-- 0.025790 s
currentSize : 20 <-- 0.041763 s
currentSize : 21 <-- 0.527918 s
currentSize : 22 <-- 0.788437 s
currentSize : 23 <-- 203.977249 s
currentSize : 27 <-- 1034.291870 s

maxsize : 27
nodes : 79659181.000000
filtered : 2429706011.000000
time : 1054.849243
