Parameters: GAD=1 vflib=1 dir=0 label=0 lowerbound=1 fileNameGp=../graphsdb/mcs70/bvg/b06m/mcs70_b06m_s25.A24 fileNameGt=../graphsdb/mcs70/bvg/b06m/mcs70_b06m_s25.B24
Reading graphs...
25 :  74
25 :  75
Initializing...
maxdom : 25
D->valSize : 625
Solving...
currentSize : 12 <-- 0.008263 s
currentSize : 13 <-- 0.009515 s
currentSize : 14 <-- 0.112402 s
currentSize : 15 <-- 0.112825 s
currentSize : 17 <-- 0.117498 s
currentSize : 18 <-- 0.117548 s

maxsize : 18
nodes : 92132.000000
filtered : 3063827.000000
time : 0.934733
