Parameters: GAD=1 vflib=1 dir=0 label=0 lowerbound=1 fileNameGp=../graphsdb/mcs70/m4D/m4Dr6/mcs70_m4Dr6_s25.A26 fileNameGt=../graphsdb/mcs70/m4D/m4Dr6/mcs70_m4Dr6_s25.B26
Reading graphs...
25 :  60
25 :  57
Initializing...
maxdom : 25
D->valSize : 625
Solving...
currentSize : 11 <-- 0.008706 s
currentSize : 12 <-- 0.009621 s
currentSize : 13 <-- 0.010647 s
currentSize : 14 <-- 0.015484 s
currentSize : 15 <-- 0.048517 s
currentSize : 16 <-- 0.135883 s
currentSize : 17 <-- 0.534048 s

maxsize : 17
nodes : 268230.000000
filtered : 8153535.000000
time : 4.248515
