Parameters: GAD=1 vflib=1 dir=0 label=0 lowerbound=1 fileNameGp=../graphsdb/mcs70/bvg/b09/mcs70_b09_s35.A82 fileNameGt=../graphsdb/mcs70/bvg/b09/mcs70_b09_s35.B82
Reading graphs...
35 :  153
35 :  155
Initializing...
maxdom : 35
D->valSize : 1225
Solving...
currentSize : 12 <-- 0.017947 s
currentSize : 13 <-- 0.018169 s
currentSize : 14 <-- 0.018372 s
currentSize : 15 <-- 0.020011 s
currentSize : 16 <-- 0.041695 s
currentSize : 17 <-- 0.042066 s
currentSize : 23 <-- 0.208670 s
currentSize : 24 <-- 0.209295 s

maxsize : 24
nodes : 3865380.000000
filtered : 171583790.000000
time : 42.515869
