Parameters: GAD=1 vflib=1 dir=0 label=0 lowerbound=1 fileNameGp=../graphsdb/mcs70/bvg/b06m/mcs70_b06m_s35.A46 fileNameGt=../graphsdb/mcs70/bvg/b06m/mcs70_b06m_s35.B46
Reading graphs...
35 :  99
35 :  100
Initializing...
maxdom : 35
D->valSize : 1225
Solving...
currentSize : 12 <-- 0.033251 s
currentSize : 13 <-- 0.033276 s
currentSize : 14 <-- 0.033304 s
currentSize : 16 <-- 0.034980 s
currentSize : 17 <-- 0.088948 s
currentSize : 18 <-- 0.834198 s
currentSize : 19 <-- 12.103587 s
currentSize : 20 <-- 45.136913 s
currentSize : 21 <-- 208.408005 s
currentSize : 22 <-- 402.737549 s
currentSize : 23 <-- 404.509430 s
currentSize : 24 <-- 406.496277 s
currentSize : 25 <-- 440.586182 s

maxsize : 25
nodes : 37836657.000000
filtered : 1208533627.000000
time : 504.622986
