Parameters: GAD=1 vflib=1 dir=0 label=0 lowerbound=1 fileNameGp=../graphsdb/mcs70/bvg/b06/mcs70_b06_s30.A66 fileNameGt=../graphsdb/mcs70/bvg/b06/mcs70_b06_s30.B66
Reading graphs...
30 :  89
30 :  90
Initializing...
maxdom : 30
D->valSize : 900
Solving...
currentSize : 11 <-- 0.010055 s
currentSize : 13 <-- 0.010084 s
currentSize : 14 <-- 0.010240 s
currentSize : 15 <-- 0.020724 s
currentSize : 16 <-- 0.057639 s
currentSize : 17 <-- 0.057650 s
currentSize : 18 <-- 0.128659 s
currentSize : 19 <-- 0.128692 s
currentSize : 20 <-- 0.405334 s
currentSize : 21 <-- 5.915913 s
currentSize : 23 <-- 11.929566 s

maxsize : 23
nodes : 1043843.000000
filtered : 36946083.000000
time : 14.045292
