Parameters: GAD=1 vflib=1 dir=0 label=0 lowerbound=1 fileNameGp=../graphsdb/mcs70/bvg/b03/mcs70_b03_s25.A68 fileNameGt=../graphsdb/mcs70/bvg/b03/mcs70_b03_s25.B68
Reading graphs...
25 :  37
25 :  37
Initializing...
maxdom : 25
D->valSize : 625
Solving...
currentSize : 13 <-- 0.005383 s
currentSize : 14 <-- 0.005397 s
currentSize : 15 <-- 0.006047 s
currentSize : 16 <-- 0.008326 s
currentSize : 17 <-- 0.135113 s
currentSize : 18 <-- 0.547304 s
currentSize : 19 <-- 1.302503 s
currentSize : 20 <-- 2.192842 s

maxsize : 20
nodes : 189965.000000
filtered : 4729095.000000
time : 2.944047
