Parameters: GAD=1 vflib=1 dir=0 label=0 lowerbound=1 fileNameGp=../graphsdb/mcs70/rand/r01/mcs70_r01_s25.A08 fileNameGt=../graphsdb/mcs70/rand/r01/mcs70_r01_s25.B08
Reading graphs...
25 :  54
25 :  58
Initializing...
maxdom : 25
D->valSize : 625
Solving...
currentSize : 11 <-- 0.008600 s
currentSize : 12 <-- 0.008649 s
currentSize : 13 <-- 0.009188 s
currentSize : 14 <-- 0.016698 s
currentSize : 15 <-- 0.018583 s
currentSize : 16 <-- 0.273742 s
currentSize : 17 <-- 2.506196 s
currentSize : 18 <-- 3.074097 s

maxsize : 18
nodes : 417223.000000
filtered : 10145534.000000
time : 4.295954
