Parameters: GAD=1 vflib=1 dir=0 label=0 lowerbound=1 fileNameGp=../graphsdb/mcs70/m4D/m4Dr2/mcs70_m4Dr2_s25.A20 fileNameGt=../graphsdb/mcs70/m4D/m4Dr2/mcs70_m4Dr2_s25.B20
Reading graphs...
25 :  52
25 :  52
Initializing...
maxdom : 25
D->valSize : 625
Solving...
currentSize : 11 <-- 0.008760 s
currentSize : 12 <-- 0.008781 s
currentSize : 13 <-- 0.009468 s
currentSize : 14 <-- 0.013644 s
currentSize : 15 <-- 0.060315 s
currentSize : 16 <-- 0.116621 s
currentSize : 17 <-- 0.429352 s

maxsize : 17
nodes : 412321.000000
filtered : 10824428.000000
time : 5.768483
