Parameters: GAD=1 vflib=1 dir=0 label=0 lowerbound=1 fileNameGp=../graphsdb/mcs70/bvg/b06/mcs70_b06_s20.A90 fileNameGt=../graphsdb/mcs70/bvg/b06/mcs70_b06_s20.B90
Reading graphs...
20 :  59
20 :  59
Initializing...
maxdom : 20
D->valSize : 400
Solving...
currentSize : 8 <-- 0.002111 s
currentSize : 9 <-- 0.002391 s
currentSize : 10 <-- 0.002444 s
currentSize : 11 <-- 0.004203 s
currentSize : 12 <-- 0.006803 s
currentSize : 14 <-- 0.008278 s

maxsize : 14
nodes : 37695.000000
filtered : 727946.000000
time : 0.214999
