Parameters: GAD=1 vflib=1 dir=0 label=0 lowerbound=1 fileNameGp=../graphsdb/mcs70/rand/r02/mcs70_r02_s35.A31 fileNameGt=../graphsdb/mcs70/rand/r02/mcs70_r02_s35.B31
Reading graphs...
35 :  217
35 :  213
Initializing...
maxdom : 35
D->valSize : 1225
Solving...
currentSize : 12 <-- 0.029654 s
currentSize : 13 <-- 0.031075 s
currentSize : 14 <-- 0.217654 s
currentSize : 16 <-- 8.480966 s
currentSize : 17 <-- 35.957409 s
currentSize : 18 <-- 136.502319 s
currentSize : 19 <-- 136.502502 s
currentSize : 24 <-- 136.502838 s

maxsize : 24
nodes : 27319108.000000
filtered : 536727509.000000
time : 152.041153
