Parameters: GAD=1 vflib=1 dir=0 label=0 lowerbound=1 fileNameGp=../graphsdb/mcs70/bvg/b03/mcs70_b03_s35.A28 fileNameGt=../graphsdb/mcs70/bvg/b03/mcs70_b03_s35.B28
Reading graphs...
35 :  52
35 :  52
Initializing...
maxdom : 35
D->valSize : 1225
Solving...
currentSize : 19 <-- 0.021035 s
currentSize : 20 <-- 0.021072 s
currentSize : 21 <-- 0.026115 s
currentSize : 22 <-- 0.496049 s
currentSize : 23 <-- 0.496298 s
currentSize : 25 <-- 6.464379 s
currentSize : 26 <-- 40.701839 s
currentSize : 27 <-- 40.835121 s
currentSize : 28 <-- 71.666000 s

maxsize : 28
nodes : 4542673.000000
filtered : 152811472.000000
time : 156.418411
