Parameters: GAD=1 vflib=1 dir=0 label=0 lowerbound=1 fileNameGp=../graphsdb/mcs70/m2D/m2D/mcs70_m2D_s35.A48 fileNameGt=../graphsdb/mcs70/m2D/m2D/mcs70_m2D_s35.B48
Reading graphs...
35 :  58
35 :  58
Initializing...
maxdom : 35
D->valSize : 1225
Solving...
currentSize : 15 <-- 0.020624 s
currentSize : 16 <-- 0.020645 s
currentSize : 20 <-- 0.020682 s
currentSize : 21 <-- 0.042405 s
currentSize : 22 <-- 0.646470 s
currentSize : 23 <-- 0.712200 s
currentSize : 24 <-- 3.073169 s
currentSize : 25 <-- 3.617266 s
currentSize : 27 <-- 20.844755 s
currentSize : 28 <-- 107.157326 s

maxsize : 28
nodes : 3638075.000000
filtered : 157443354.000000
time : 121.171638
