Parameters: GAD=1 vflib=1 dir=0 label=0 lowerbound=1 fileNameGp=../graphsdb/mcs70/bvg/b03/mcs70_b03_s25.A29 fileNameGt=../graphsdb/mcs70/bvg/b03/mcs70_b03_s25.B29
Reading graphs...
25 :  37
25 :  37
Initializing...
maxdom : 25
D->valSize : 625
Solving...
currentSize : 11 <-- 0.009336 s
currentSize : 13 <-- 0.009392 s
currentSize : 14 <-- 0.009452 s
currentSize : 15 <-- 0.045626 s
currentSize : 16 <-- 0.063836 s
currentSize : 17 <-- 0.332362 s
currentSize : 18 <-- 3.082518 s
currentSize : 19 <-- 4.467504 s
currentSize : 20 <-- 6.324528 s

maxsize : 20
nodes : 501289.000000
filtered : 10279143.000000
time : 7.218331
