Parameters: GAD=1 vflib=1 dir=0 label=0 lowerbound=1 fileNameGp=../graphsdb/mcs70/bvg/b03/mcs70_b03_s30.A04 fileNameGt=../graphsdb/mcs70/bvg/b03/mcs70_b03_s30.B04
Reading graphs...
30 :  45
30 :  45
Initializing...
maxdom : 30
D->valSize : 900
Solving...
currentSize : 15 <-- 0.011339 s
currentSize : 16 <-- 0.011358 s
currentSize : 17 <-- 0.011397 s
currentSize : 18 <-- 0.011408 s
currentSize : 19 <-- 0.011454 s
currentSize : 20 <-- 0.023057 s
currentSize : 21 <-- 0.058511 s
currentSize : 22 <-- 0.069501 s
currentSize : 23 <-- 0.082253 s
currentSize : 24 <-- 24.406897 s

maxsize : 24
nodes : 631644.000000
filtered : 25792179.000000
time : 27.522087
