Parameters: GAD=1 vflib=1 dir=0 label=0 lowerbound=1 fileNameGp=../graphsdb/mcs70/bvg/b09m/mcs70_b09m_s25.A10 fileNameGt=../graphsdb/mcs70/bvg/b09m/mcs70_b09m_s25.B10
Reading graphs...
25 :  102
25 :  104
Initializing...
maxdom : 25
D->valSize : 625
Solving...
currentSize : 8 <-- 0.004488 s
currentSize : 9 <-- 0.004527 s
currentSize : 10 <-- 0.004543 s
currentSize : 11 <-- 0.004576 s
currentSize : 12 <-- 0.009885 s
currentSize : 13 <-- 0.119939 s
currentSize : 15 <-- 1.191756 s
currentSize : 16 <-- 1.191798 s

maxsize : 16
nodes : 629546.000000
filtered : 12087720.000000
time : 3.357723
