Parameters: GAD=1 vflib=1 dir=0 label=0 lowerbound=1 fileNameGp=../graphsdb/mcs70/rand/r005/mcs70_r005_s25.A97 fileNameGt=../graphsdb/mcs70/rand/r005/mcs70_r005_s25.B97
Reading graphs...
25 :  33
25 :  33
Initializing...
maxdom : 25
D->valSize : 625
Solving...
currentSize : 14 <-- 0.005314 s
currentSize : 15 <-- 0.005327 s
currentSize : 16 <-- 1.305798 s
currentSize : 17 <-- 2.777021 s
currentSize : 18 <-- 3.156452 s
currentSize : 19 <-- 5.396477 s

maxsize : 19
nodes : 539561.000000
filtered : 8482824.000000
time : 5.979182
