Parameters: GAD=1 vflib=1 dir=0 label=0 lowerbound=1 fileNameGp=../graphsdb/mcs70/m2D/m2Dr2/mcs70_m2Dr2_s35.A41 fileNameGt=../graphsdb/mcs70/m2D/m2Dr2/mcs70_m2Dr2_s35.B41
Reading graphs...
35 :  65
35 :  65
Initializing...
maxdom : 35
D->valSize : 1225
Solving...
currentSize : 13 <-- 0.025650 s
currentSize : 14 <-- 0.025678 s
currentSize : 15 <-- 0.025802 s
currentSize : 16 <-- 0.025810 s
currentSize : 17 <-- 0.026729 s
currentSize : 18 <-- 0.033473 s
currentSize : 19 <-- 0.066152 s
currentSize : 20 <-- 1.770587 s
currentSize : 21 <-- 7.162654 s
currentSize : 22 <-- 37.736485 s
currentSize : 23 <-- 38.087521 s
currentSize : 24 <-- 44.822945 s
currentSize : 25 <-- 580.068298 s

maxsize : 25
nodes : 55620978.000000
filtered : 2176196201.000000
time : 1486.898682
