Parameters: GAD=1 vflib=1 dir=0 label=0 lowerbound=1 fileNameGp=../graphsdb/mcs70/bvg/b06/mcs70_b06_s35.A97 fileNameGt=../graphsdb/mcs70/bvg/b06/mcs70_b06_s35.B97
Reading graphs...
35 :  104
35 :  105
Initializing...
maxdom : 35
D->valSize : 1225
Solving...
currentSize : 16 <-- 0.019025 s
currentSize : 17 <-- 0.019087 s
currentSize : 18 <-- 0.084698 s
currentSize : 19 <-- 0.140057 s
currentSize : 20 <-- 3.148983 s
currentSize : 21 <-- 16.238344 s
currentSize : 23 <-- 17.130217 s
currentSize : 24 <-- 24.124664 s
currentSize : 26 <-- 29.389336 s

maxsize : 26
nodes : 3499374.000000
filtered : 132127061.000000
time : 61.890865
