Parameters: GAD=1 vflib=1 dir=0 label=0 lowerbound=1 fileNameGp=../graphsdb/mcs70/m3D/m3Dr2/mcs70_m3Dr2_s35.A96 fileNameGt=../graphsdb/mcs70/m3D/m3Dr2/mcs70_m3Dr2_s35.B96
Reading graphs...
35 :  78
35 :  78
Initializing...
maxdom : 35
D->valSize : 1225
Solving...
currentSize : 16 <-- 0.020216 s
currentSize : 17 <-- 0.020363 s
currentSize : 18 <-- 0.021415 s
currentSize : 20 <-- 0.051730 s
currentSize : 22 <-- 0.613749 s
currentSize : 23 <-- 101.762627 s
currentSize : 24 <-- 154.301727 s
currentSize : 25 <-- 270.762268 s
currentSize : 27 <-- 413.348877 s

maxsize : 27
nodes : 30735659.000000
filtered : 1072975743.000000
time : 442.553955
