Parameters: GAD=1 vflib=1 dir=0 label=0 lowerbound=1 fileNameGp=../graphsdb/mcs70/bvg/b06/mcs70_b06_s25.A98 fileNameGt=../graphsdb/mcs70/bvg/b06/mcs70_b06_s25.B98
Reading graphs...
25 :  74
25 :  74
Initializing...
maxdom : 25
D->valSize : 625
Solving...
currentSize : 11 <-- 0.004719 s
currentSize : 12 <-- 0.004739 s
currentSize : 13 <-- 0.004764 s
currentSize : 14 <-- 0.004873 s
currentSize : 15 <-- 0.012251 s
currentSize : 16 <-- 0.017528 s
currentSize : 17 <-- 0.067746 s
currentSize : 18 <-- 0.077178 s
currentSize : 19 <-- 0.295011 s

maxsize : 19
nodes : 65829.000000
filtered : 2110096.000000
time : 0.723763
