Parameters: GAD=1 vflib=1 dir=0 label=0 lowerbound=1 fileNameGp=../graphsdb/mcs70/m2D/m2Dr6/m2Dr6/mcs70_m2Dr6_s35.A66 fileNameGt=../graphsdb/mcs70/m2D/m2Dr6/m2Dr6/mcs70_m2Dr6_s35.B66
Reading graphs...
35 :  77
35 :  76
Initializing...
maxdom : 35
D->valSize : 1225
Solving...
currentSize : 14 <-- 0.020400 s
currentSize : 15 <-- 0.020558 s
currentSize : 16 <-- 0.021487 s
currentSize : 17 <-- 0.034476 s
currentSize : 18 <-- 0.194189 s
currentSize : 19 <-- 0.274220 s
currentSize : 20 <-- 2.806870 s
currentSize : 21 <-- 7.409759 s
currentSize : 22 <-- 53.055801 s
currentSize : 23 <-- 399.300690 s
currentSize : 26 <-- 549.052002 s

maxsize : 26
nodes : 34705549.000000
filtered : 1097682157.000000
time : 593.104858
