Parameters: GAD=1 vflib=1 dir=0 label=0 lowerbound=1 fileNameGp=../graphsdb/mcs70/m2D/m2Dr6/m2Dr6/mcs70_m2Dr6_s25.A85 fileNameGt=../graphsdb/mcs70/m2D/m2Dr6/m2Dr6/mcs70_m2Dr6_s25.B85
Reading graphs...
25 :  54
25 :  52
Initializing...
maxdom : 25
D->valSize : 625
Solving...
currentSize : 10 <-- 0.008721 s
currentSize : 11 <-- 0.008996 s
currentSize : 12 <-- 0.015217 s
currentSize : 13 <-- 0.050413 s
currentSize : 14 <-- 0.201450 s
currentSize : 15 <-- 0.236594 s
currentSize : 16 <-- 0.620259 s
currentSize : 17 <-- 5.254523 s

maxsize : 17
nodes : 1022604.000000
filtered : 23147425.000000
time : 9.045077
