Parameters: GAD=1 vflib=1 dir=0 label=0 lowerbound=1 fileNameGp=../graphsdb/mcs70/bvg/b06m/mcs70_b06m_s30.A27 fileNameGt=../graphsdb/mcs70/bvg/b06m/mcs70_b06m_s30.B27
Reading graphs...
30 :  86
30 :  87
Initializing...
maxdom : 30
D->valSize : 900
Solving...
currentSize : 12 <-- 0.010196 s
currentSize : 13 <-- 0.010215 s
currentSize : 14 <-- 0.010647 s
currentSize : 15 <-- 0.010738 s
currentSize : 16 <-- 0.014542 s
currentSize : 17 <-- 0.313364 s
currentSize : 18 <-- 5.159056 s
currentSize : 19 <-- 27.522593 s
currentSize : 20 <-- 28.896688 s
currentSize : 21 <-- 28.896748 s
currentSize : 22 <-- 30.612036 s

maxsize : 22
nodes : 3510021.000000
filtered : 103302966.000000
time : 32.581474
