Parameters: GAD=1 vflib=1 dir=0 label=0 lowerbound=1 fileNameGp=../graphsdb/mcs70/m4D/m4Dr6/mcs70_m4Dr6_s25.A23 fileNameGt=../graphsdb/mcs70/m4D/m4Dr6/mcs70_m4Dr6_s25.B23
Reading graphs...
25 :  60
25 :  57
Initializing...
maxdom : 25
D->valSize : 625
Solving...
currentSize : 10 <-- 0.007799 s
currentSize : 11 <-- 0.007845 s
currentSize : 12 <-- 0.007876 s
currentSize : 13 <-- 0.009971 s
currentSize : 14 <-- 0.046996 s
currentSize : 15 <-- 0.127789 s
currentSize : 16 <-- 0.404798 s
currentSize : 17 <-- 2.735786 s

maxsize : 17
nodes : 593771.000000
filtered : 15347686.000000
time : 5.077062
