Parameters: GAD=1 vflib=1 dir=0 label=0 lowerbound=1 fileNameGp=../graphsdb/mcs70/rand/r02/mcs70_r02_s35.A95 fileNameGt=../graphsdb/mcs70/rand/r02/mcs70_r02_s35.B95
Reading graphs...
35 :  208
35 :  207
Initializing...
maxdom : 35
D->valSize : 1225
Solving...
currentSize : 9 <-- 0.017430 s
currentSize : 10 <-- 0.017462 s
currentSize : 11 <-- 0.017500 s
currentSize : 12 <-- 0.017634 s
currentSize : 13 <-- 0.022450 s
currentSize : 14 <-- 0.084157 s
currentSize : 15 <-- 4.387683 s
currentSize : 16 <-- 53.028400 s
currentSize : 17 <-- 53.028439 s
currentSize : 19 <-- 515.453430 s
currentSize : 24 <-- 518.418701 s

maxsize : 24
nodes : 98561210.000000
filtered : 1641871991.000000
time : 541.183472
