Parameters: GAD=1 vflib=1 dir=0 label=0 lowerbound=1 fileNameGp=../graphsdb/mcs70/bvg/b06m/mcs70_b06m_s30.A17 fileNameGt=../graphsdb/mcs70/bvg/b06m/mcs70_b06m_s30.B17
Reading graphs...
30 :  86
30 :  87
Initializing...
maxdom : 30
D->valSize : 900
Solving...
currentSize : 12 <-- 0.010376 s
currentSize : 13 <-- 0.010486 s
currentSize : 14 <-- 0.010704 s
currentSize : 15 <-- 0.074946 s
currentSize : 16 <-- 0.163284 s
currentSize : 17 <-- 5.160179 s
currentSize : 18 <-- 26.209040 s
currentSize : 19 <-- 49.496864 s
currentSize : 22 <-- 49.496902 s

maxsize : 22
nodes : 5234481.000000
filtered : 135230066.000000
time : 52.892864
