Parameters: GAD=1 vflib=1 dir=0 label=0 lowerbound=1 fileNameGp=../graphsdb/mcs70/rand/r02/mcs70_r02_s30.A16 fileNameGt=../graphsdb/mcs70/rand/r02/mcs70_r02_s30.B16
Reading graphs...
30 :  154
30 :  155
Initializing...
maxdom : 30
D->valSize : 900
Solving...
currentSize : 8 <-- 0.009356 s
currentSize : 10 <-- 0.009385 s
currentSize : 11 <-- 0.009443 s
currentSize : 12 <-- 0.015612 s
currentSize : 13 <-- 0.044504 s
currentSize : 14 <-- 1.074119 s
currentSize : 15 <-- 1.074475 s
currentSize : 16 <-- 33.697681 s
currentSize : 21 <-- 71.122879 s

maxsize : 21
nodes : 14560143.000000
filtered : 233275361.000000
time : 73.732552
