Parameters: GAD=1 vflib=1 dir=0 label=0 lowerbound=1 fileNameGp=../graphsdb/mcs70/rand/r005/mcs70_r005_s20.A04 fileNameGt=../graphsdb/mcs70/rand/r005/mcs70_r005_s20.B04
Reading graphs...
20 :  23
20 :  22
Initializing...
maxdom : 20
D->valSize : 400
Solving...
currentSize : 5 <-- 0.004192 s
currentSize : 7 <-- 0.004276 s
currentSize : 12 <-- 0.004799 s
currentSize : 13 <-- 0.004930 s
currentSize : 14 <-- 0.059734 s
currentSize : 15 <-- 0.059881 s

maxsize : 15
nodes : 24802.000000
filtered : 421445.000000
time : 0.338610
