Parameters: GAD=1 vflib=1 dir=0 label=0 lowerbound=1 fileNameGp=../graphsdb/mcs70/m2D/m2Dr4/mcs70_m2Dr4_s25.A59 fileNameGt=../graphsdb/mcs70/m2D/m2Dr4/mcs70_m2Dr4_s25.B59
Reading graphs...
25 :  50
25 :  48
Initializing...
maxdom : 25
D->valSize : 625
Solving...
currentSize : 7 <-- 0.005223 s
currentSize : 11 <-- 0.005251 s
currentSize : 13 <-- 0.005267 s
currentSize : 14 <-- 0.005286 s
currentSize : 15 <-- 0.006964 s
currentSize : 16 <-- 0.090324 s
currentSize : 17 <-- 2.378002 s

maxsize : 17
nodes : 930851.000000
filtered : 23303046.000000
time : 10.217867
