Parameters: GAD=1 vflib=1 dir=0 label=0 lowerbound=1 fileNameGp=../graphsdb/mcs70/bvg/b06m/mcs70_b06m_s35.A73 fileNameGt=../graphsdb/mcs70/bvg/b06m/mcs70_b06m_s35.B73
Reading graphs...
35 :  101
35 :  102
Initializing...
maxdom : 35
D->valSize : 1225
Solving...
currentSize : 15 <-- 0.019270 s
currentSize : 17 <-- 0.019580 s
currentSize : 18 <-- 0.415354 s
currentSize : 19 <-- 3.608501 s
currentSize : 20 <-- 46.777103 s
currentSize : 21 <-- 592.743469 s
currentSize : 22 <-- 631.524292 s
currentSize : 24 <-- 691.702515 s

maxsize : 24
nodes : 60417678.000000
filtered : 1996485120.000000
time : 814.105469
