Parameters: GAD=1 vflib=1 dir=0 label=0 lowerbound=1 fileNameGp=../graphsdb/mcs70/bvg/b06m/mcs70_b06m_s35.A29 fileNameGt=../graphsdb/mcs70/bvg/b06m/mcs70_b06m_s35.B29
Reading graphs...
35 :  102
35 :  103
Initializing...
maxdom : 35
D->valSize : 1225
Solving...
currentSize : 14 <-- 0.019244 s
currentSize : 15 <-- 0.019282 s
currentSize : 16 <-- 0.038967 s
currentSize : 17 <-- 0.040372 s
currentSize : 18 <-- 0.190054 s
currentSize : 19 <-- 1.015187 s
currentSize : 20 <-- 9.625524 s
currentSize : 21 <-- 26.731092 s
currentSize : 22 <-- 93.646393 s
currentSize : 24 <-- 93.646782 s

maxsize : 24
nodes : 13761779.000000
filtered : 562478327.000000
time : 228.774612
