Parameters: GAD=1 vflib=1 dir=0 label=0 lowerbound=1 fileNameGp=../graphsdb/mcs70/bvg/b06/mcs70_b06_s25.A77 fileNameGt=../graphsdb/mcs70/bvg/b06/mcs70_b06_s25.B77
Reading graphs...
25 :  75
25 :  75
Initializing...
maxdom : 25
D->valSize : 625
Solving...
currentSize : 11 <-- 0.004874 s
currentSize : 12 <-- 0.005395 s
currentSize : 13 <-- 0.009259 s
currentSize : 15 <-- 0.012722 s
currentSize : 16 <-- 0.012760 s
currentSize : 17 <-- 0.012827 s
currentSize : 18 <-- 0.023787 s

maxsize : 18
nodes : 90959.000000
filtered : 3016889.000000
time : 1.062001
