Parameters: GAD=1 vflib=1 dir=0 label=0 lowerbound=1 fileNameGp=../graphsdb/mcs70/rand/r005/mcs70_r005_s30.A85 fileNameGt=../graphsdb/mcs70/rand/r005/mcs70_r005_s30.B85
Reading graphs...
30 :  42
30 :  41
Initializing...
maxdom : 30
D->valSize : 900
Solving...
currentSize : 13 <-- 0.011358 s
currentSize : 14 <-- 0.014825 s
currentSize : 15 <-- 0.022386 s
currentSize : 16 <-- 1.098184 s
currentSize : 17 <-- 2.237832 s
currentSize : 18 <-- 2.252717 s
currentSize : 19 <-- 28.403582 s
currentSize : 20 <-- 33.502979 s
currentSize : 21 <-- 67.955971 s
currentSize : 22 <-- 75.477730 s
currentSize : 23 <-- 75.511101 s

maxsize : 23
nodes : 6847216.000000
filtered : 81646260.000000
time : 91.764160
