Parameters: GAD=1 vflib=1 dir=0 label=0 lowerbound=1 fileNameGp=../graphsdb/mcs70/m2D/m2Dr4/mcs70_m2Dr4_s35.A75 fileNameGt=../graphsdb/mcs70/m2D/m2Dr4/mcs70_m2Dr4_s35.B75
Reading graphs...
35 :  71
35 :  69
Initializing...
maxdom : 35
D->valSize : 1225
Solving...
currentSize : 17 <-- 0.020169 s
currentSize : 18 <-- 0.021550 s
currentSize : 19 <-- 0.021961 s
currentSize : 20 <-- 0.037773 s
currentSize : 21 <-- 0.097749 s
currentSize : 22 <-- 5.770653 s
currentSize : 23 <-- 146.652924 s
currentSize : 24 <-- 531.459412 s
currentSize : 25 <-- 859.660583 s
currentSize : 26 <-- 1085.488403 s

maxsize : 26
nodes : 55428573.000000
filtered : 1962256259.000000
time : 1220.142212
