Parameters: GAD=1 vflib=1 dir=0 label=0 lowerbound=1 fileNameGp=../graphsdb/mcs70/bvg/b09/mcs70_b09_s35.A43 fileNameGt=../graphsdb/mcs70/bvg/b09/mcs70_b09_s35.B43
Reading graphs...
35 :  153
35 :  154
Initializing...
maxdom : 35
D->valSize : 1225
Solving...
currentSize : 14 <-- 0.017925 s
currentSize : 15 <-- 0.017989 s
currentSize : 16 <-- 0.161443 s
currentSize : 17 <-- 0.301878 s
currentSize : 18 <-- 0.344812 s
currentSize : 19 <-- 0.424371 s
currentSize : 20 <-- 1.064847 s
currentSize : 23 <-- 1.064949 s
currentSize : 24 <-- 1.065034 s

maxsize : 24
nodes : 3192875.000000
filtered : 140551090.000000
time : 34.294956
