Parameters: GAD=1 vflib=1 dir=0 label=0 lowerbound=1 fileNameGp=../graphsdb/mcs70/m2D/m2Dr4/mcs70_m2Dr4_s35.A56 fileNameGt=../graphsdb/mcs70/m2D/m2Dr4/mcs70_m2Dr4_s35.B56
Reading graphs...
35 :  71
35 :  70
Initializing...
maxdom : 35
D->valSize : 1225
Solving...
currentSize : 14 <-- 0.024345 s
currentSize : 15 <-- 0.024382 s
currentSize : 17 <-- 0.024478 s
currentSize : 18 <-- 0.035891 s
currentSize : 19 <-- 0.038327 s
currentSize : 20 <-- 0.236948 s
currentSize : 21 <-- 2.054051 s
currentSize : 22 <-- 15.491602 s
currentSize : 23 <-- 441.400879 s
currentSize : 24 <-- 1471.380371 s
currentSize : 25 <-- 1745.541626 s

maxsize : 25
nodes : 116956144.000000
filtered : 3879580276.000000
time : 2041.830811
