Parameters: GAD=1 vflib=1 dir=0 label=0 lowerbound=1 fileNameGp=../graphsdb/mcs70/m3D/m3D/mcs70_m3D_s35.A99 fileNameGt=../graphsdb/mcs70/m3D/m3D/mcs70_m3D_s35.B99
Reading graphs...
35 :  72
35 :  72
Initializing...
maxdom : 35
D->valSize : 1225
Solving...
currentSize : 15 <-- 0.035427 s
currentSize : 16 <-- 0.035501 s
currentSize : 17 <-- 0.047252 s
currentSize : 18 <-- 0.059565 s
currentSize : 19 <-- 0.073554 s
currentSize : 20 <-- 0.077038 s
currentSize : 21 <-- 1.567274 s
currentSize : 22 <-- 1.841523 s
currentSize : 23 <-- 2.114685 s
currentSize : 25 <-- 2.301636 s
currentSize : 27 <-- 2.302862 s
currentSize : 28 <-- 2.475539 s

maxsize : 28
nodes : 885605.000000
filtered : 41141636.000000
time : 22.324535
