Parameters: GAD=1 vflib=1 dir=0 label=0 lowerbound=1 fileNameGp=../graphsdb/mcs70/bvg/b06/mcs70_b06_s25.A72 fileNameGt=../graphsdb/mcs70/bvg/b06/mcs70_b06_s25.B72
Reading graphs...
25 :  74
25 :  74
Initializing...
maxdom : 25
D->valSize : 625
Solving...
currentSize : 10 <-- 0.008295 s
currentSize : 11 <-- 0.008395 s
currentSize : 13 <-- 0.013973 s
currentSize : 14 <-- 0.055915 s
currentSize : 15 <-- 0.055940 s
currentSize : 18 <-- 0.145769 s

maxsize : 18
nodes : 132933.000000
filtered : 3931663.000000
time : 1.380957
