Parameters: GAD=1 vflib=1 dir=0 label=0 lowerbound=1 fileNameGp=../graphsdb/mcs70/bvg/b09/mcs70_b09_s25.A76 fileNameGt=../graphsdb/mcs70/bvg/b09/mcs70_b09_s25.B76
Reading graphs...
25 :  111
25 :  106
Initializing...
maxdom : 25
D->valSize : 625
Solving...
currentSize : 9 <-- 0.004470 s
currentSize : 10 <-- 0.004503 s
currentSize : 11 <-- 0.005763 s
currentSize : 12 <-- 0.017950 s
currentSize : 13 <-- 0.026272 s
currentSize : 14 <-- 0.080527 s
currentSize : 16 <-- 0.080563 s
currentSize : 17 <-- 0.227243 s

maxsize : 17
nodes : 172865.000000
filtered : 4723152.000000
time : 1.123175
