Parameters: GAD=1 vflib=1 dir=0 label=0 lowerbound=1 fileNameGp=../graphsdb/mcs70/rand/r02/mcs70_r02_s35.A78 fileNameGt=../graphsdb/mcs70/rand/r02/mcs70_r02_s35.B78
Reading graphs...
35 :  212
35 :  213
Initializing...
maxdom : 35
D->valSize : 1225
Solving...
currentSize : 10 <-- 0.017426 s
currentSize : 11 <-- 0.017462 s
currentSize : 12 <-- 0.018021 s
currentSize : 13 <-- 0.026705 s
currentSize : 14 <-- 0.035022 s
currentSize : 15 <-- 0.151628 s
currentSize : 16 <-- 6.355915 s
currentSize : 17 <-- 43.338886 s
currentSize : 24 <-- 78.471146 s

maxsize : 24
nodes : 16708760.000000
filtered : 361154412.000000
time : 102.561150
