Parameters: GAD=1 vflib=1 dir=0 label=0 lowerbound=1 fileNameGp=../graphsdb/mcs70/m3D/m3Dr4/mcs70_m3Dr4_s35.A29 fileNameGt=../graphsdb/mcs70/m3D/m3Dr4/mcs70_m3Dr4_s35.B29
Reading graphs...
35 :  86
35 :  86
Initializing...
maxdom : 35
D->valSize : 1225
Solving...
currentSize : 15 <-- 0.019900 s
currentSize : 17 <-- 0.019922 s
currentSize : 19 <-- 0.020036 s
currentSize : 20 <-- 0.061111 s
currentSize : 21 <-- 0.097734 s
currentSize : 22 <-- 11.454241 s
currentSize : 23 <-- 167.183746 s
currentSize : 25 <-- 251.793198 s
currentSize : 28 <-- 251.793503 s

maxsize : 28
nodes : 18023962.000000
filtered : 569748513.000000
time : 260.567902
