Parameters: GAD=1 vflib=1 dir=0 label=0 lowerbound=1 fileNameGp=../graphsdb/mcs70/bvg/b09m/mcs70_b09m_s25.A31 fileNameGt=../graphsdb/mcs70/bvg/b09m/mcs70_b09m_s25.B31
Reading graphs...
25 :  102
25 :  103
Initializing...
maxdom : 25
D->valSize : 625
Solving...
currentSize : 8 <-- 0.004571 s
currentSize : 9 <-- 0.004608 s
currentSize : 10 <-- 0.004691 s
currentSize : 11 <-- 0.005829 s
currentSize : 12 <-- 0.015685 s
currentSize : 13 <-- 0.154967 s
currentSize : 14 <-- 4.078690 s
currentSize : 15 <-- 7.154966 s
currentSize : 16 <-- 8.097661 s

maxsize : 16
nodes : 1771423.000000
filtered : 29625256.000000
time : 8.797349
