Parameters: GAD=1 vflib=1 dir=0 label=0 lowerbound=1 fileNameGp=../graphsdb/mcs70/m3D/m3Dr4/mcs70_m3Dr4_s35.A21 fileNameGt=../graphsdb/mcs70/m3D/m3Dr4/mcs70_m3Dr4_s35.B21
Reading graphs...
35 :  86
35 :  86
Initializing...
maxdom : 35
D->valSize : 1225
Solving...
currentSize : 15 <-- 0.019981 s
currentSize : 16 <-- 0.020376 s
currentSize : 17 <-- 0.021450 s
currentSize : 18 <-- 0.029708 s
currentSize : 19 <-- 0.039043 s
currentSize : 20 <-- 0.791388 s
currentSize : 21 <-- 50.752773 s
currentSize : 22 <-- 1520.271729 s
currentSize : 25 <-- 1542.098022 s
currentSize : 27 <-- 1542.098145 s

maxsize : 27
nodes : 117334605.000000
filtered : 3171145184.000000
time : 1568.577759
