Parameters: GAD=1 vflib=1 dir=0 label=0 lowerbound=1 fileNameGp=../graphsdb/mcs70/rand/r02/mcs70_r02_s25.A63 fileNameGt=../graphsdb/mcs70/rand/r02/mcs70_r02_s25.B63
Reading graphs...
25 :  106
25 :  100
Initializing...
maxdom : 25
D->valSize : 625
Solving...
currentSize : 9 <-- 0.007706 s
currentSize : 10 <-- 0.007804 s
currentSize : 11 <-- 0.007893 s
currentSize : 12 <-- 0.016741 s
currentSize : 13 <-- 0.293675 s
currentSize : 15 <-- 13.743076 s
currentSize : 17 <-- 13.743160 s

maxsize : 17
nodes : 3334731.000000
filtered : 44137151.000000
time : 15.219221
