Parameters: GAD=1 vflib=1 dir=0 label=0 lowerbound=1 fileNameGp=../graphsdb/mcs70/rand/r005/mcs70_r005_s35.A79 fileNameGt=../graphsdb/mcs70/rand/r005/mcs70_r005_s35.B79
Reading graphs...
35 :  58
35 :  58
Initializing...
maxdom : 35
D->valSize : 1225
Solving...
currentSize : 21 <-- 0.020595 s
currentSize : 22 <-- 0.040836 s
currentSize : 23 <-- 3.236739 s
currentSize : 24 <-- 6.735588 s
currentSize : 25 <-- 349.684937 s
currentSize : 26 <-- 645.687927 s

maxsize : 26
nodes : 35112693.000000
filtered : 1209581162.000000
time : 947.780823
