Parameters: GAD=1 vflib=1 dir=0 label=0 lowerbound=1 fileNameGp=../graphsdb/mcs70/bvg/b09m/mcs70_b09m_s30.A86 fileNameGt=../graphsdb/mcs70/bvg/b09m/mcs70_b09m_s30.B86
Reading graphs...
30 :  133
30 :  132
Initializing...
maxdom : 30
D->valSize : 900
Solving...
currentSize : 10 <-- 0.016519 s
currentSize : 11 <-- 0.016678 s
currentSize : 12 <-- 0.016745 s
currentSize : 13 <-- 0.021644 s
currentSize : 14 <-- 0.027921 s
currentSize : 15 <-- 0.390087 s
currentSize : 16 <-- 11.099087 s
currentSize : 17 <-- 22.372473 s
currentSize : 19 <-- 25.038404 s
currentSize : 20 <-- 31.052725 s

maxsize : 20
nodes : 6038089.000000
filtered : 119924661.000000
time : 34.657345
