Parameters: GAD=1 vflib=1 dir=0 label=0 lowerbound=1 fileNameGp=../graphsdb/mcs70/m4D/m4Dr4/mcs70_m4Dr4_s25.A47 fileNameGt=../graphsdb/mcs70/m4D/m4Dr4/mcs70_m4Dr4_s25.B47
Reading graphs...
25 :  57
25 :  55
Initializing...
maxdom : 25
D->valSize : 625
Solving...
currentSize : 8 <-- 0.008823 s
currentSize : 10 <-- 0.008848 s
currentSize : 11 <-- 0.008933 s
currentSize : 12 <-- 0.014571 s
currentSize : 13 <-- 0.024286 s
currentSize : 14 <-- 0.060947 s
currentSize : 15 <-- 0.128695 s
currentSize : 16 <-- 0.282925 s
currentSize : 17 <-- 2.301753 s

maxsize : 17
nodes : 404454.000000
filtered : 10135393.000000
time : 4.583611
