Parameters: GAD=1 vflib=1 dir=0 label=0 lowerbound=1 fileNameGp=../graphsdb/mcs70/rand/r01/mcs70_r01_s30.A07 fileNameGt=../graphsdb/mcs70/rand/r01/mcs70_r01_s30.B07
Reading graphs...
30 :  81
30 :  82
Initializing...
maxdom : 30
D->valSize : 900
Solving...
currentSize : 12 <-- 0.010252 s
currentSize : 13 <-- 0.010292 s
currentSize : 14 <-- 0.010352 s
currentSize : 15 <-- 0.010602 s
currentSize : 16 <-- 0.025261 s
currentSize : 17 <-- 0.214983 s
currentSize : 18 <-- 18.120872 s
currentSize : 19 <-- 41.820728 s
currentSize : 22 <-- 79.606445 s

maxsize : 22
nodes : 9926033.000000
filtered : 234043693.000000
time : 84.418457
