Parameters: GAD=1 vflib=1 dir=0 label=0 lowerbound=1 fileNameGp=../graphsdb/mcs70/bvg/b03m/mcs70_b03m_s35.A49 fileNameGt=../graphsdb/mcs70/bvg/b03m/mcs70_b03m_s35.B49
Reading graphs...
35 :  52
35 :  52
Initializing...
maxdom : 35
D->valSize : 1225
Solving...
currentSize : 20 <-- 0.021387 s
currentSize : 21 <-- 0.022025 s
currentSize : 22 <-- 0.366925 s
currentSize : 23 <-- 10.500429 s
currentSize : 24 <-- 11.548073 s
currentSize : 25 <-- 13.034555 s
currentSize : 26 <-- 13.151807 s

maxsize : 26
nodes : 10382999.000000
filtered : 348367832.000000
time : 454.030853
