Parameters: GAD=1 vflib=1 dir=0 label=0 lowerbound=1 fileNameGp=../graphsdb/mcs70/rand/r005/mcs70_r005_s25.A99 fileNameGt=../graphsdb/mcs70/rand/r005/mcs70_r005_s25.B99
Reading graphs...
25 :  33
25 :  33
Initializing...
maxdom : 25
D->valSize : 625
Solving...
currentSize : 12 <-- 0.009413 s
currentSize : 13 <-- 0.009562 s
currentSize : 14 <-- 0.024084 s
currentSize : 15 <-- 0.057403 s
currentSize : 16 <-- 0.192725 s
currentSize : 17 <-- 0.522867 s
currentSize : 18 <-- 0.745825 s
currentSize : 19 <-- 2.550102 s

maxsize : 19
nodes : 298659.000000
filtered : 4726661.000000
time : 3.984718
