Parameters: GAD=1 vflib=1 dir=0 label=0 lowerbound=1 fileNameGp=../graphsdb/mcs70/m3D/m3Dr2/mcs70_m3Dr2_s35.A91 fileNameGt=../graphsdb/mcs70/m3D/m3Dr2/mcs70_m3Dr2_s35.B91
Reading graphs...
35 :  78
35 :  78
Initializing...
maxdom : 35
D->valSize : 1225
Solving...
currentSize : 17 <-- 0.020107 s
currentSize : 18 <-- 0.021003 s
currentSize : 19 <-- 0.362900 s
currentSize : 20 <-- 0.484651 s
currentSize : 21 <-- 8.277810 s
currentSize : 22 <-- 8.746948 s
currentSize : 23 <-- 185.309158 s
currentSize : 24 <-- 186.162079 s
currentSize : 25 <-- 411.680267 s
currentSize : 27 <-- 476.292755 s

maxsize : 27
nodes : 28221385.000000
filtered : 983547284.000000
time : 514.610107
