Parameters: GAD=1 vflib=1 dir=0 label=0 lowerbound=1 fileNameGp=../graphsdb/mcs70/m3D/m3Dr2/mcs70_m3Dr2_s35.A29 fileNameGt=../graphsdb/mcs70/m3D/m3Dr2/mcs70_m3Dr2_s35.B29
Reading graphs...
35 :  78
35 :  76
Initializing...
maxdom : 35
D->valSize : 1225
Solving...
currentSize : 17 <-- 0.020234 s
currentSize : 18 <-- 0.020376 s
currentSize : 19 <-- 0.021791 s
currentSize : 20 <-- 0.038262 s
currentSize : 21 <-- 0.041733 s
currentSize : 22 <-- 0.088597 s
currentSize : 23 <-- 0.152544 s
currentSize : 24 <-- 223.033905 s
currentSize : 26 <-- 504.146240 s
currentSize : 27 <-- 517.353638 s

maxsize : 27
nodes : 31446534.000000
filtered : 1122448746.000000
time : 550.135315
