Parameters: GAD=1 vflib=1 dir=0 label=0 lowerbound=1 fileNameGp=../graphsdb/mcs70/m3D/m3Dr4/mcs70_m3Dr4_s35.A64 fileNameGt=../graphsdb/mcs70/m3D/m3Dr4/mcs70_m3Dr4_s35.B64
Reading graphs...
35 :  84
35 :  83
Initializing...
maxdom : 35
D->valSize : 1225
Solving...
currentSize : 18 <-- 0.019683 s
currentSize : 19 <-- 0.019743 s
currentSize : 20 <-- 0.023486 s
currentSize : 21 <-- 0.547889 s
currentSize : 22 <-- 52.701584 s
currentSize : 23 <-- 290.645081 s
currentSize : 24 <-- 601.783081 s
currentSize : 26 <-- 716.350037 s
currentSize : 27 <-- 716.350098 s

maxsize : 27
nodes : 50684869.000000
filtered : 1695598004.000000
time : 738.935303
