Parameters: GAD=1 vflib=1 dir=0 label=0 lowerbound=1 fileNameGp=../graphsdb/mcs70/rand/r02/mcs70_r02_s30.A89 fileNameGt=../graphsdb/mcs70/rand/r02/mcs70_r02_s30.B89
Reading graphs...
30 :  158
30 :  156
Initializing...
maxdom : 30
D->valSize : 900
Solving...
currentSize : 9 <-- 0.016156 s
currentSize : 10 <-- 0.016188 s
currentSize : 11 <-- 0.016286 s
currentSize : 12 <-- 0.021686 s
currentSize : 13 <-- 0.071017 s
currentSize : 14 <-- 2.897297 s
currentSize : 15 <-- 43.757511 s
currentSize : 16 <-- 66.154999 s
currentSize : 19 <-- 83.142097 s
currentSize : 21 <-- 83.143318 s

maxsize : 21
nodes : 17540671.000000
filtered : 252907455.000000
time : 85.802261
