Parameters: GAD=1 vflib=1 dir=0 label=0 lowerbound=1 fileNameGp=../graphsdb/mcs70/m4D/m4Dr4/mcs70_m4Dr4_s25.A06 fileNameGt=../graphsdb/mcs70/m4D/m4Dr4/mcs70_m4Dr4_s25.B06
Reading graphs...
25 :  57
25 :  57
Initializing...
maxdom : 25
D->valSize : 625
Solving...
currentSize : 11 <-- 0.005087 s
currentSize : 12 <-- 0.006175 s
currentSize : 13 <-- 0.010107 s
currentSize : 14 <-- 0.023725 s
currentSize : 15 <-- 0.136667 s
currentSize : 16 <-- 0.151740 s
currentSize : 17 <-- 0.827358 s

maxsize : 17
nodes : 193354.000000
filtered : 5265190.000000
time : 2.749841
