Parameters: GAD=1 vflib=1 dir=0 label=0 lowerbound=1 fileNameGp=../graphsdb/mcs70/m2D/m2Dr2/mcs70_m2Dr2_s35.A64 fileNameGt=../graphsdb/mcs70/m2D/m2Dr2/mcs70_m2Dr2_s35.B64
Reading graphs...
35 :  65
35 :  63
Initializing...
maxdom : 35
D->valSize : 1225
Solving...
currentSize : 15 <-- 0.024874 s
currentSize : 19 <-- 0.024939 s
currentSize : 20 <-- 0.025043 s
currentSize : 21 <-- 2.276347 s
currentSize : 22 <-- 3.671911 s
currentSize : 23 <-- 62.625893 s
currentSize : 24 <-- 279.806580 s
currentSize : 25 <-- 1086.841797 s
currentSize : 27 <-- 1087.170532 s

maxsize : 27
nodes : 60501934.000000
filtered : 2031216383.000000
time : 1146.518188
