Parameters: GAD=1 vflib=1 dir=0 label=0 lowerbound=1 fileNameGp=../graphsdb/mcs70/m3D/m3Dr6/mcs70_m3Dr6_s35.A08 fileNameGt=../graphsdb/mcs70/m3D/m3Dr6/mcs70_m3Dr6_s35.B08
Reading graphs...
35 :  89
35 :  88
Initializing...
maxdom : 35
D->valSize : 1225
Solving...
currentSize : 17 <-- 0.024072 s
currentSize : 18 <-- 0.024128 s
currentSize : 20 <-- 0.024779 s
currentSize : 21 <-- 0.026494 s
currentSize : 22 <-- 5.024873 s
currentSize : 23 <-- 58.035061 s
currentSize : 25 <-- 101.912209 s
currentSize : 26 <-- 101.931992 s
currentSize : 27 <-- 110.695107 s

maxsize : 27
nodes : 10817695.000000
filtered : 341153197.000000
time : 118.209084
