Parameters: GAD=1 vflib=1 dir=0 label=0 lowerbound=1 fileNameGp=../graphsdb/mcs70/bvg/b06/mcs70_b06_s30.A25 fileNameGt=../graphsdb/mcs70/bvg/b06/mcs70_b06_s30.B25
Reading graphs...
30 :  90
30 :  90
Initializing...
maxdom : 30
D->valSize : 900
Solving...
currentSize : 14 <-- 0.010020 s
currentSize : 15 <-- 0.040323 s
currentSize : 17 <-- 0.045793 s
currentSize : 18 <-- 0.087118 s
currentSize : 19 <-- 9.780925 s
currentSize : 20 <-- 18.887491 s
currentSize : 21 <-- 23.707027 s
currentSize : 22 <-- 25.849764 s

maxsize : 22
nodes : 2383150.000000
filtered : 78449404.000000
time : 29.340900
