Parameters: GAD=1 vflib=1 dir=0 label=0 lowerbound=1 fileNameGp=../graphsdb/mcs70/rand/r005/mcs70_r005_s35.A87 fileNameGt=../graphsdb/mcs70/rand/r005/mcs70_r005_s35.B87
Reading graphs...
35 :  56
35 :  58
Initializing...
maxdom : 35
D->valSize : 1225
Solving...
currentSize : 20 <-- 0.036896 s
currentSize : 21 <-- 0.036924 s
currentSize : 22 <-- 0.197299 s
currentSize : 23 <-- 6.544303 s
currentSize : 24 <-- 168.767075 s
currentSize : 25 <-- 877.386841 s

maxsize : 25
nodes : 59183222.000000
filtered : 1913390181.000000
time : 1902.968018
