Parameters: GAD=1 vflib=1 dir=0 label=0 lowerbound=1 fileNameGp=../graphsdb/mcs70/rand/r005/mcs70_r005_s25.A81 fileNameGt=../graphsdb/mcs70/rand/r005/mcs70_r005_s25.B81
Reading graphs...
25 :  33
25 :  33
Initializing...
maxdom : 25
D->valSize : 625
Solving...
currentSize : 10 <-- 0.005395 s
currentSize : 13 <-- 0.005475 s
currentSize : 15 <-- 0.005972 s
currentSize : 16 <-- 0.009885 s
currentSize : 17 <-- 0.080995 s
currentSize : 18 <-- 0.727943 s
currentSize : 19 <-- 1.850514 s

maxsize : 19
nodes : 252478.000000
filtered : 5629303.000000
time : 4.776058
