Parameters: GAD=1 vflib=1 dir=0 label=0 lowerbound=1 fileNameGp=../graphsdb/mcs70/bvg/b06/mcs70_b06_s20.A27 fileNameGt=../graphsdb/mcs70/bvg/b06/mcs70_b06_s20.B27
Reading graphs...
20 :  59
20 :  58
Initializing...
maxdom : 20
D->valSize : 400
Solving...
currentSize : 6 <-- 0.001994 s
currentSize : 7 <-- 0.002016 s
currentSize : 8 <-- 0.002021 s
currentSize : 9 <-- 0.002045 s
currentSize : 10 <-- 0.002996 s
currentSize : 11 <-- 0.008996 s
currentSize : 12 <-- 0.021596 s
currentSize : 13 <-- 0.023729 s
currentSize : 14 <-- 0.041357 s
currentSize : 15 <-- 0.114468 s

maxsize : 15
nodes : 27914.000000
filtered : 529822.000000
time : 0.162389
