Parameters: GAD=1 vflib=1 dir=0 label=0 lowerbound=1 fileNameGp=../graphsdb/mcs70/bvg/b03m/mcs70_b03m_s35.A74 fileNameGt=../graphsdb/mcs70/bvg/b03m/mcs70_b03m_s35.B74
Reading graphs...
35 :  52
35 :  52
Initializing...
maxdom : 35
D->valSize : 1225
Solving...
currentSize : 13 <-- 0.026655 s
currentSize : 14 <-- 0.026692 s
currentSize : 18 <-- 0.026812 s
currentSize : 23 <-- 0.026835 s
currentSize : 24 <-- 23.846233 s
currentSize : 25 <-- 24.465286 s
currentSize : 26 <-- 197.833542 s

maxsize : 26
nodes : 19755712.000000
filtered : 719652507.000000
time : 717.972290
