Parameters: GAD=1 vflib=1 dir=0 label=0 lowerbound=1 fileNameGp=../graphsdb/mcs70/m4D/m4D/mcs70_m4D_s25.A52 fileNameGt=../graphsdb/mcs70/m4D/m4D/mcs70_m4D_s25.B52
Reading graphs...
25 :  46
25 :  46
Initializing...
maxdom : 25
D->valSize : 625
Solving...
currentSize : 13 <-- 0.009095 s
currentSize : 14 <-- 0.009167 s
currentSize : 15 <-- 0.009393 s
currentSize : 16 <-- 0.035961 s
currentSize : 17 <-- 0.174103 s
currentSize : 18 <-- 0.186276 s
currentSize : 19 <-- 0.259666 s

maxsize : 19
nodes : 58978.000000
filtered : 1495782.000000
time : 1.112690
