Parameters: GAD=1 vflib=1 dir=0 label=0 lowerbound=1 fileNameGp=../graphsdb/mcs70/m2D/m2Dr2/mcs70_m2Dr2_s35.A21 fileNameGt=../graphsdb/mcs70/m2D/m2Dr2/mcs70_m2Dr2_s35.B21
Reading graphs...
35 :  64
35 :  64
Initializing...
maxdom : 35
D->valSize : 1225
Solving...
currentSize : 18 <-- 0.035853 s
currentSize : 19 <-- 0.036328 s
currentSize : 20 <-- 0.040071 s
currentSize : 21 <-- 0.501109 s
currentSize : 22 <-- 7.409688 s
currentSize : 23 <-- 29.761881 s
currentSize : 24 <-- 235.875519 s
currentSize : 25 <-- 331.183716 s
currentSize : 27 <-- 547.021912 s

maxsize : 27
nodes : 28752016.000000
filtered : 951367532.000000
time : 612.939697
