Parameters: GAD=1 vflib=1 dir=0 label=0 lowerbound=1 fileNameGp=../graphsdb/mcs70/bvg/b06/mcs70_b06_s35.A46 fileNameGt=../graphsdb/mcs70/bvg/b06/mcs70_b06_s35.B46
Reading graphs...
35 :  103
35 :  103
Initializing...
maxdom : 35
D->valSize : 1225
Solving...
currentSize : 13 <-- 0.019010 s
currentSize : 14 <-- 0.019078 s
currentSize : 15 <-- 0.019773 s
currentSize : 16 <-- 0.021071 s
currentSize : 17 <-- 0.021336 s
currentSize : 18 <-- 1.098015 s
currentSize : 19 <-- 1.172739 s
currentSize : 20 <-- 1.206242 s
currentSize : 21 <-- 1.465195 s
currentSize : 22 <-- 1.852828 s
currentSize : 23 <-- 2.304563 s
currentSize : 24 <-- 3.119766 s
currentSize : 25 <-- 3.413688 s
currentSize : 26 <-- 23.280363 s

maxsize : 26
nodes : 2343505.000000
filtered : 116143659.000000
time : 55.159454
