Parameters: GAD=1 vflib=1 dir=0 label=0 lowerbound=1 fileNameGp=../graphsdb/mcs70/m3D/m3Dr6/mcs70_m3Dr6_s35.A13 fileNameGt=../graphsdb/mcs70/m3D/m3Dr6/mcs70_m3Dr6_s35.B13
Reading graphs...
35 :  92
35 :  92
Initializing...
maxdom : 35
D->valSize : 1225
Solving...
currentSize : 16 <-- 0.019487 s
currentSize : 17 <-- 0.019507 s
currentSize : 18 <-- 0.019555 s
currentSize : 19 <-- 0.019624 s
currentSize : 20 <-- 0.922404 s
currentSize : 21 <-- 2.219860 s
currentSize : 22 <-- 6.863816 s
currentSize : 23 <-- 29.397240 s
currentSize : 24 <-- 60.544960 s
currentSize : 25 <-- 60.545074 s
currentSize : 27 <-- 60.545425 s

maxsize : 27
nodes : 5040630.000000
filtered : 186312196.000000
time : 72.790947
