Parameters: GAD=1 vflib=1 dir=0 label=0 lowerbound=1 fileNameGp=../graphsdb/mcs70/m3D/m3Dr2/mcs70_m3Dr2_s35.A48 fileNameGt=../graphsdb/mcs70/m3D/m3Dr2/mcs70_m3Dr2_s35.B48
Reading graphs...
35 :  77
35 :  78
Initializing...
maxdom : 35
D->valSize : 1225
Solving...
currentSize : 19 <-- 0.020013 s
currentSize : 20 <-- 0.020045 s
currentSize : 23 <-- 0.020300 s
currentSize : 24 <-- 0.020331 s
currentSize : 25 <-- 44.744667 s
currentSize : 27 <-- 46.533409 s

maxsize : 27
nodes : 4026216.000000
filtered : 175016955.000000
time : 85.603760
