Parameters: GAD=1 vflib=1 dir=0 label=0 lowerbound=1 fileNameGp=../graphsdb/mcs70/m2D/m2Dr6/m2Dr6/mcs70_m2Dr6_s25.A93 fileNameGt=../graphsdb/mcs70/m2D/m2Dr6/m2Dr6/mcs70_m2Dr6_s25.B93
Reading graphs...
25 :  54
25 :  52
Initializing...
maxdom : 25
D->valSize : 625
Solving...
currentSize : 11 <-- 0.005095 s
currentSize : 12 <-- 0.005151 s
currentSize : 13 <-- 0.005414 s
currentSize : 14 <-- 0.005485 s
currentSize : 15 <-- 0.006369 s
currentSize : 16 <-- 0.173521 s
currentSize : 17 <-- 0.196155 s

maxsize : 17
nodes : 655116.000000
filtered : 17204577.000000
time : 6.446472
