Parameters: GAD=1 vflib=1 dir=0 label=0 lowerbound=1 fileNameGp=../graphsdb/mcs70/m2D/m2Dr6/m2Dr6/mcs70_m2Dr6_s35.A04 fileNameGt=../graphsdb/mcs70/m2D/m2Dr6/m2Dr6/mcs70_m2Dr6_s35.B04
Reading graphs...
35 :  78
35 :  77
Initializing...
maxdom : 35
D->valSize : 1225
Solving...
currentSize : 16 <-- 0.035334 s
currentSize : 17 <-- 0.035504 s
currentSize : 18 <-- 0.050777 s
currentSize : 19 <-- 0.077748 s
currentSize : 20 <-- 0.116305 s
currentSize : 21 <-- 3.561535 s
currentSize : 22 <-- 150.414215 s
currentSize : 23 <-- 2426.666260 s
currentSize : 25 <-- 2588.537354 s

maxsize : 25
nodes : 180024982.000000
filtered : 5391841819.000000
time : 2691.764160
