Parameters: GAD=1 vflib=1 dir=0 label=0 lowerbound=1 fileNameGp=../graphsdb/mcs70/m2D/m2Dr4/mcs70_m2Dr4_s35.A36 fileNameGt=../graphsdb/mcs70/m2D/m2Dr4/mcs70_m2Dr4_s35.B36
Reading graphs...
35 :  72
35 :  71
Initializing...
maxdom : 35
D->valSize : 1225
Solving...
currentSize : 16 <-- 0.035932 s
currentSize : 17 <-- 0.036476 s
currentSize : 18 <-- 0.039209 s
currentSize : 19 <-- 0.145289 s
currentSize : 20 <-- 1.216951 s
currentSize : 21 <-- 7.013758 s
currentSize : 22 <-- 36.431099 s
currentSize : 23 <-- 466.296570 s
currentSize : 24 <-- 1758.914429 s
currentSize : 25 <-- 2161.099121 s

maxsize : 25
nodes : 107396147.000000
filtered : 3531386867.000000
time : 2348.441895
