Parameters: GAD=1 vflib=1 dir=0 label=0 lowerbound=1 fileNameGp=../graphsdb/mcs70/m2D/m2Dr6/m2Dr6/mcs70_m2Dr6_s35.A77 fileNameGt=../graphsdb/mcs70/m2D/m2Dr6/m2Dr6/mcs70_m2Dr6_s35.B77
Reading graphs...
35 :  79
35 :  77
Initializing...
maxdom : 35
D->valSize : 1225
Solving...
currentSize : 15 <-- 0.019849 s
currentSize : 16 <-- 0.020046 s
currentSize : 17 <-- 0.020080 s
currentSize : 18 <-- 0.021858 s
currentSize : 19 <-- 0.026970 s
currentSize : 20 <-- 0.057930 s
currentSize : 21 <-- 0.109053 s
currentSize : 22 <-- 0.214484 s
currentSize : 23 <-- 137.295868 s
currentSize : 25 <-- 451.777222 s

maxsize : 25
nodes : 35123042.000000
filtered : 1236339363.000000
time : 594.804260
