Parameters: GAD=1 vflib=1 dir=0 label=0 lowerbound=1 fileNameGp=../graphsdb/mcs70/rand/r005/mcs70_r005_s30.A86 fileNameGt=../graphsdb/mcs70/rand/r005/mcs70_r005_s30.B86
Reading graphs...
30 :  41
30 :  42
Initializing...
maxdom : 30
D->valSize : 900
Solving...
currentSize : 12 <-- 0.011610 s
currentSize : 13 <-- 0.012595 s
currentSize : 14 <-- 0.016033 s
currentSize : 15 <-- 0.029102 s
currentSize : 16 <-- 0.051660 s
currentSize : 17 <-- 0.056806 s
currentSize : 18 <-- 0.058294 s
currentSize : 19 <-- 0.261584 s
currentSize : 20 <-- 49.461098 s
currentSize : 21 <-- 104.928108 s
currentSize : 22 <-- 109.341721 s

maxsize : 22
nodes : 8156624.000000
filtered : 159948240.000000
time : 161.435715
