Parameters: GAD=1 vflib=1 dir=0 label=0 lowerbound=1 fileNameGp=../graphsdb/mcs70/m3D/m3Dr4/mcs70_m3Dr4_s35.A32 fileNameGt=../graphsdb/mcs70/m3D/m3Dr4/mcs70_m3Dr4_s35.B32
Reading graphs...
35 :  86
35 :  84
Initializing...
maxdom : 35
D->valSize : 1225
Solving...
currentSize : 19 <-- 0.019775 s
currentSize : 20 <-- 0.119665 s
currentSize : 21 <-- 0.914588 s
currentSize : 22 <-- 6.544870 s
currentSize : 23 <-- 129.742844 s
currentSize : 24 <-- 728.033447 s
currentSize : 25 <-- 728.287537 s
currentSize : 27 <-- 728.287598 s

maxsize : 27
nodes : 49974616.000000
filtered : 1747115917.000000
time : 748.231689
