Parameters: GAD=1 vflib=1 dir=0 label=0 lowerbound=1 fileNameGp=../graphsdb/mcs70/m3D/m3Dr2/mcs70_m3Dr2_s35.A17 fileNameGt=../graphsdb/mcs70/m3D/m3Dr2/mcs70_m3Dr2_s35.B17
Reading graphs...
35 :  79
35 :  79
Initializing...
maxdom : 35
D->valSize : 1225
Solving...
currentSize : 17 <-- 0.019842 s
currentSize : 18 <-- 0.065293 s
currentSize : 19 <-- 0.165638 s
currentSize : 20 <-- 0.219959 s
currentSize : 21 <-- 10.964824 s
currentSize : 22 <-- 165.832245 s
currentSize : 23 <-- 377.160065 s
currentSize : 24 <-- 900.217346 s
currentSize : 25 <-- 964.858398 s
currentSize : 26 <-- 964.860168 s
currentSize : 27 <-- 973.098572 s
currentSize : 28 <-- 973.098633 s

maxsize : 28
nodes : 63012770.000000
filtered : 2010580292.000000
time : 978.969299
