Parameters: GAD=1 vflib=1 dir=0 label=0 lowerbound=1 fileNameGp=../graphsdb/mcs70/bvg/b03/mcs70_b03_s30.A60 fileNameGt=../graphsdb/mcs70/bvg/b03/mcs70_b03_s30.B60
Reading graphs...
30 :  45
30 :  45
Initializing...
maxdom : 30
D->valSize : 900
Solving...
currentSize : 16 <-- 0.011234 s
currentSize : 17 <-- 0.011558 s
currentSize : 18 <-- 0.013226 s
currentSize : 19 <-- 0.044706 s
currentSize : 20 <-- 0.045924 s
currentSize : 21 <-- 0.099238 s
currentSize : 22 <-- 8.046543 s
currentSize : 24 <-- 15.445240 s

maxsize : 24
nodes : 982104.000000
filtered : 28579878.000000
time : 26.505230
