Parameters: GAD=1 vflib=1 dir=0 label=0 lowerbound=1 fileNameGp=../graphsdb/mcs70/rand/r02/mcs70_r02_s35.A79 fileNameGt=../graphsdb/mcs70/rand/r02/mcs70_r02_s35.B79
Reading graphs...
35 :  218
35 :  219
Initializing...
maxdom : 35
D->valSize : 1225
Solving...
currentSize : 11 <-- 0.017255 s
currentSize : 12 <-- 0.017933 s
currentSize : 13 <-- 0.036079 s
currentSize : 14 <-- 0.470386 s
currentSize : 15 <-- 120.955421 s
currentSize : 17 <-- 433.457062 s
currentSize : 18 <-- 752.112732 s
currentSize : 24 <-- 884.799133 s

maxsize : 24
nodes : 175764214.000000
filtered : 2536067094.000000
time : 898.724426
