Parameters: GAD=1 vflib=1 dir=0 label=0 lowerbound=1 fileNameGp=../graphsdb/mcs70/bvg/b06m/mcs70_b06m_s20.A05 fileNameGt=../graphsdb/mcs70/bvg/b06m/mcs70_b06m_s20.B05
Reading graphs...
20 :  56
20 :  57
Initializing...
maxdom : 20
D->valSize : 400
Solving...
currentSize : 9 <-- 0.003492 s
currentSize : 10 <-- 0.003921 s
currentSize : 11 <-- 0.004195 s
currentSize : 12 <-- 0.005558 s
currentSize : 13 <-- 0.050411 s
currentSize : 14 <-- 0.314026 s

maxsize : 14
nodes : 50220.000000
filtered : 1081396.000000
time : 0.407255
