Parameters: GAD=1 vflib=1 dir=0 label=0 lowerbound=1 fileNameGp=../graphsdb/mcs70/rand/r02/mcs70_r02_s25.A22 fileNameGt=../graphsdb/mcs70/rand/r02/mcs70_r02_s25.B22
Reading graphs...
25 :  106
25 :  101
Initializing...
maxdom : 25
D->valSize : 625
Solving...
currentSize : 11 <-- 0.004655 s
currentSize : 12 <-- 0.007597 s
currentSize : 13 <-- 0.143836 s
currentSize : 14 <-- 1.919527 s
currentSize : 15 <-- 1.932058 s
currentSize : 17 <-- 1.933039 s

maxsize : 17
nodes : 568189.000000
filtered : 9883505.000000
time : 2.844792
