Parameters: GAD=1 vflib=1 dir=0 label=0 lowerbound=1 fileNameGp=../graphsdb/mcs70/bvg/b06/mcs70_b06_s35.A33 fileNameGt=../graphsdb/mcs70/bvg/b06/mcs70_b06_s35.B33
Reading graphs...
35 :  105
35 :  104
Initializing...
maxdom : 35
D->valSize : 1225
Solving...
currentSize : 13 <-- 0.019515 s
currentSize : 14 <-- 0.019547 s
currentSize : 15 <-- 0.019575 s
currentSize : 16 <-- 0.019980 s
currentSize : 17 <-- 0.029849 s
currentSize : 18 <-- 0.051668 s
currentSize : 19 <-- 1.756920 s
currentSize : 20 <-- 3.972497 s
currentSize : 21 <-- 4.750126 s
currentSize : 22 <-- 4.754295 s
currentSize : 23 <-- 4.760132 s
currentSize : 24 <-- 5.036819 s
currentSize : 25 <-- 7.916911 s
currentSize : 26 <-- 48.328522 s

maxsize : 26
nodes : 2870319.000000
filtered : 132075907.000000
time : 65.836220
