Parameters: GAD=1 vflib=1 dir=0 label=0 lowerbound=1 fileNameGp=../graphsdb/mcs70/bvg/b09m/mcs70_b09m_s30.A25 fileNameGt=../graphsdb/mcs70/bvg/b09m/mcs70_b09m_s30.B25
Reading graphs...
30 :  127
30 :  126
Initializing...
maxdom : 30
D->valSize : 900
Solving...
currentSize : 11 <-- 0.016374 s
currentSize : 12 <-- 0.016440 s
currentSize : 13 <-- 0.040646 s
currentSize : 14 <-- 0.062397 s
currentSize : 15 <-- 0.215348 s
currentSize : 16 <-- 10.510244 s
currentSize : 17 <-- 19.940489 s
currentSize : 19 <-- 19.940519 s
currentSize : 20 <-- 19.940573 s

maxsize : 20
nodes : 4220679.000000
filtered : 96349832.000000
time : 27.625816
