Parameters: GAD=1 vflib=1 dir=0 label=0 lowerbound=1 fileNameGp=../graphsdb/mcs70/bvg/b09m/mcs70_b09m_s35.A25 fileNameGt=../graphsdb/mcs70/bvg/b09m/mcs70_b09m_s35.B25
Reading graphs...
35 :  149
35 :  151
Initializing...
maxdom : 35
D->valSize : 1225
Solving...
currentSize : 13 <-- 0.031137 s
currentSize : 14 <-- 0.034888 s
currentSize : 15 <-- 0.083607 s
currentSize : 16 <-- 0.367624 s
currentSize : 17 <-- 7.372426 s
currentSize : 18 <-- 1126.603271 s
currentSize : 19 <-- 1606.164551 s
currentSize : 24 <-- 1761.564819 s

maxsize : 24
nodes : 276856877.000000
filtered : 5397865265.000000
time : 1779.739502
