Parameters: GAD=1 vflib=1 dir=0 label=0 lowerbound=1 fileNameGp=../graphsdb/mcs70/m3D/m3Dr2/mcs70_m3Dr2_s35.A28 fileNameGt=../graphsdb/mcs70/m3D/m3Dr2/mcs70_m3Dr2_s35.B28
Reading graphs...
35 :  79
35 :  79
Initializing...
maxdom : 35
D->valSize : 1225
Solving...
currentSize : 18 <-- 0.020634 s
currentSize : 19 <-- 0.020814 s
currentSize : 20 <-- 0.109626 s
currentSize : 21 <-- 0.109771 s
currentSize : 22 <-- 0.110628 s
currentSize : 23 <-- 10.092120 s
currentSize : 24 <-- 13.623768 s
currentSize : 25 <-- 14.212520 s
currentSize : 28 <-- 14.287531 s

maxsize : 28
nodes : 1351108.000000
filtered : 56576009.000000
time : 26.267101
