Parameters: GAD=1 vflib=1 dir=0 label=0 lowerbound=1 fileNameGp=../graphsdb/mcs70/bvg/b06/mcs70_b06_s20.A44 fileNameGt=../graphsdb/mcs70/bvg/b06/mcs70_b06_s20.B44
Reading graphs...
20 :  60
20 :  59
Initializing...
maxdom : 20
D->valSize : 400
Solving...
currentSize : 7 <-- 0.003440 s
currentSize : 10 <-- 0.003478 s
currentSize : 11 <-- 0.003520 s
currentSize : 13 <-- 0.004484 s
currentSize : 14 <-- 0.026914 s
currentSize : 15 <-- 0.128984 s

maxsize : 15
nodes : 20309.000000
filtered : 458036.000000
time : 0.189133
