Parameters: GAD=1 vflib=1 dir=0 label=0 lowerbound=1 fileNameGp=../graphsdb/mcs70/bvg/b06m/mcs70_b06m_s30.A92 fileNameGt=../graphsdb/mcs70/bvg/b06m/mcs70_b06m_s30.B92
Reading graphs...
30 :  89
30 :  88
Initializing...
maxdom : 30
D->valSize : 900
Solving...
currentSize : 10 <-- 0.010080 s
currentSize : 13 <-- 0.010156 s
currentSize : 14 <-- 0.018719 s
currentSize : 15 <-- 0.039465 s
currentSize : 16 <-- 0.050654 s
currentSize : 17 <-- 0.166950 s
currentSize : 18 <-- 0.196912 s
currentSize : 19 <-- 0.199352 s
currentSize : 20 <-- 1.212898 s
currentSize : 21 <-- 1.352865 s

maxsize : 21
nodes : 618534.000000
filtered : 23369456.000000
time : 7.447738
