Parameters: GAD=1 vflib=1 dir=0 label=0 lowerbound=1 fileNameGp=../graphsdb/mcs70/m4D/m4Dr2/mcs70_m4Dr2_s25.A92 fileNameGt=../graphsdb/mcs70/m4D/m4Dr2/mcs70_m4Dr2_s25.B92
Reading graphs...
25 :  51
25 :  52
Initializing...
maxdom : 25
D->valSize : 625
Solving...
currentSize : 12 <-- 0.005101 s
currentSize : 13 <-- 0.006084 s
currentSize : 14 <-- 0.007713 s
currentSize : 15 <-- 0.014998 s
currentSize : 16 <-- 0.272770 s
currentSize : 17 <-- 5.130697 s
currentSize : 18 <-- 6.377710 s

maxsize : 18
nodes : 546693.000000
filtered : 11231919.000000
time : 6.997002
