Parameters: GAD=1 vflib=1 dir=0 label=0 lowerbound=1 fileNameGp=../graphsdb/mcs70/rand/r005/mcs70_r005_s35.A50 fileNameGt=../graphsdb/mcs70/rand/r005/mcs70_r005_s35.B50
Reading graphs...
35 :  57
35 :  57
Initializing...
maxdom : 35
D->valSize : 1225
Solving...
currentSize : 16 <-- 0.024923 s
currentSize : 17 <-- 0.025006 s
currentSize : 18 <-- 0.027906 s
currentSize : 19 <-- 0.035219 s
currentSize : 20 <-- 0.054954 s
currentSize : 21 <-- 0.272560 s
currentSize : 22 <-- 0.798709 s
currentSize : 23 <-- 6.050576 s
currentSize : 24 <-- 6.052510 s
currentSize : 25 <-- 950.151001 s

maxsize : 25
nodes : 50489598.000000
filtered : 1475711424.000000
time : 1320.351318
