Parameters: GAD=1 vflib=1 dir=0 label=0 lowerbound=1 fileNameGp=../graphsdb/mcs70/m3D/m3Dr2/mcs70_m3Dr2_s35.A38 fileNameGt=../graphsdb/mcs70/m3D/m3Dr2/mcs70_m3Dr2_s35.B38
Reading graphs...
35 :  77
35 :  77
Initializing...
maxdom : 35
D->valSize : 1225
Solving...
currentSize : 13 <-- 0.024530 s
currentSize : 16 <-- 0.024556 s
currentSize : 17 <-- 0.024633 s
currentSize : 18 <-- 0.025162 s
currentSize : 19 <-- 0.050855 s
currentSize : 20 <-- 0.059053 s
currentSize : 21 <-- 0.270557 s
currentSize : 22 <-- 0.556448 s
currentSize : 24 <-- 1.145723 s
currentSize : 25 <-- 3.729825 s
currentSize : 27 <-- 13.005090 s

maxsize : 27
nodes : 2887085.000000
filtered : 147750538.000000
time : 63.622398
