Parameters: GAD=1 vflib=1 dir=0 label=0 lowerbound=1 fileNameGp=../graphsdb/mcs70/m2D/m2Dr4/mcs70_m2Dr4_s35.A99 fileNameGt=../graphsdb/mcs70/m2D/m2Dr4/mcs70_m2Dr4_s35.B99
Reading graphs...
35 :  72
35 :  72
Initializing...
maxdom : 35
D->valSize : 1225
Solving...
currentSize : 14 <-- 0.020129 s
currentSize : 16 <-- 0.020165 s
currentSize : 17 <-- 0.020292 s
currentSize : 18 <-- 0.022866 s
currentSize : 19 <-- 0.070717 s
currentSize : 20 <-- 0.342331 s
currentSize : 21 <-- 1.723928 s
currentSize : 22 <-- 75.029549 s
currentSize : 23 <-- 429.464996 s
currentSize : 25 <-- 436.962189 s

maxsize : 25
nodes : 47428808.000000
filtered : 1531624990.000000
time : 856.997437
