Parameters: GAD=1 vflib=1 dir=0 label=0 lowerbound=1 fileNameGp=../graphsdb/mcs70/bvg/b06m/mcs70_b06m_s30.A65 fileNameGt=../graphsdb/mcs70/bvg/b06m/mcs70_b06m_s30.B65
Reading graphs...
30 :  89
30 :  89
Initializing...
maxdom : 30
D->valSize : 900
Solving...
currentSize : 12 <-- 0.017631 s
currentSize : 13 <-- 0.018003 s
currentSize : 14 <-- 0.020364 s
currentSize : 15 <-- 0.028021 s
currentSize : 16 <-- 0.047672 s
currentSize : 17 <-- 0.554106 s
currentSize : 18 <-- 85.362747 s
currentSize : 19 <-- 103.716988 s
currentSize : 21 <-- 103.916061 s

maxsize : 21
nodes : 14245259.000000
filtered : 345794528.000000
time : 112.220917
