Parameters: GAD=1 vflib=1 dir=0 label=0 lowerbound=1 fileNameGp=../graphsdb/mcs70/bvg/b09/mcs70_b09_s30.A96 fileNameGt=../graphsdb/mcs70/bvg/b09/mcs70_b09_s30.B96
Reading graphs...
30 :  134
30 :  135
Initializing...
maxdom : 30
D->valSize : 900
Solving...
currentSize : 9 <-- 0.009476 s
currentSize : 10 <-- 0.009554 s
currentSize : 11 <-- 0.009718 s
currentSize : 12 <-- 0.009757 s
currentSize : 13 <-- 0.016727 s
currentSize : 14 <-- 0.244953 s
currentSize : 15 <-- 1.035290 s
currentSize : 16 <-- 4.040465 s
currentSize : 17 <-- 4.237025 s
currentSize : 19 <-- 4.289067 s
currentSize : 20 <-- 4.289192 s
currentSize : 21 <-- 4.298394 s

maxsize : 21
nodes : 1468829.000000
filtered : 36191871.000000
time : 9.762229
