Parameters: GAD=1 vflib=1 dir=0 label=0 lowerbound=1 fileNameGp=../graphsdb/mcs70/m2D/m2Dr2/mcs70_m2Dr2_s25.A67 fileNameGt=../graphsdb/mcs70/m2D/m2Dr2/mcs70_m2Dr2_s25.B67
Reading graphs...
25 :  44
25 :  43
Initializing...
maxdom : 25
D->valSize : 625
Solving...
currentSize : 12 <-- 0.005250 s
currentSize : 13 <-- 0.005272 s
currentSize : 14 <-- 0.005315 s
currentSize : 15 <-- 0.131493 s
currentSize : 16 <-- 0.260196 s
currentSize : 17 <-- 0.686214 s
currentSize : 18 <-- 4.691339 s

maxsize : 18
nodes : 820608.000000
filtered : 19035372.000000
time : 9.479272
