Parameters: GAD=1 vflib=1 dir=0 label=0 lowerbound=1 fileNameGp=../graphsdb/mcs70/bvg/b09m/mcs70_b09m_s25.A63 fileNameGt=../graphsdb/mcs70/bvg/b09m/mcs70_b09m_s25.B63
Reading graphs...
25 :  104
25 :  106
Initializing...
maxdom : 25
D->valSize : 625
Solving...
currentSize : 9 <-- 0.007839 s
currentSize : 10 <-- 0.008400 s
currentSize : 11 <-- 0.008942 s
currentSize : 12 <-- 0.034094 s
currentSize : 13 <-- 0.666733 s
currentSize : 15 <-- 4.452215 s
currentSize : 16 <-- 4.513070 s

maxsize : 16
nodes : 1237010.000000
filtered : 17991830.000000
time : 5.809751
