Parameters: GAD=1 vflib=1 dir=0 label=0 lowerbound=1 fileNameGp=../graphsdb/mcs70/m3D/m3D/mcs70_m3D_s35.A07 fileNameGt=../graphsdb/mcs70/m3D/m3D/mcs70_m3D_s35.B07
Reading graphs...
35 :  71
35 :  72
Initializing...
maxdom : 35
D->valSize : 1225
Solving...
currentSize : 17 <-- 0.021355 s
currentSize : 18 <-- 0.021465 s
currentSize : 19 <-- 0.071671 s
currentSize : 20 <-- 0.095749 s
currentSize : 21 <-- 0.246834 s
currentSize : 22 <-- 1.689328 s
currentSize : 23 <-- 21.780312 s
currentSize : 24 <-- 42.111320 s
currentSize : 26 <-- 64.934242 s
currentSize : 27 <-- 64.934372 s

maxsize : 27
nodes : 5682017.000000
filtered : 213439557.000000
time : 129.797150
