Parameters: GAD=1 vflib=1 dir=0 label=0 lowerbound=1 fileNameGp=../graphsdb/mcs70/bvg/b06m/mcs70_b06m_s30.A66 fileNameGt=../graphsdb/mcs70/bvg/b06m/mcs70_b06m_s30.B66
Reading graphs...
30 :  87
30 :  86
Initializing...
maxdom : 30
D->valSize : 900
Solving...
currentSize : 12 <-- 0.010132 s
currentSize : 13 <-- 0.012867 s
currentSize : 14 <-- 0.013570 s
currentSize : 15 <-- 0.035182 s
currentSize : 16 <-- 0.080926 s
currentSize : 17 <-- 16.233538 s
currentSize : 18 <-- 66.456413 s
currentSize : 21 <-- 125.186913 s

maxsize : 21
nodes : 14464028.000000
filtered : 370318820.000000
time : 130.266769
