Parameters: GAD=1 vflib=1 dir=0 label=0 lowerbound=1 fileNameGp=../graphsdb/mcs70/bvg/b06m/mcs70_b06m_s30.A16 fileNameGt=../graphsdb/mcs70/bvg/b06m/mcs70_b06m_s30.B16
Reading graphs...
30 :  88
30 :  88
Initializing...
maxdom : 30
D->valSize : 900
Solving...
currentSize : 13 <-- 0.017897 s
currentSize : 14 <-- 0.018555 s
currentSize : 15 <-- 0.020609 s
currentSize : 16 <-- 0.032023 s
currentSize : 17 <-- 0.207026 s
currentSize : 18 <-- 3.072511 s
currentSize : 19 <-- 7.769453 s
currentSize : 20 <-- 7.957447 s
currentSize : 21 <-- 8.108677 s

maxsize : 21
nodes : 1733309.000000
filtered : 61837878.000000
time : 18.958424
