Parameters: GAD=1 vflib=1 dir=0 label=0 lowerbound=1 fileNameGp=../graphsdb/mcs70/m2D/m2Dr2/mcs70_m2Dr2_s25.A92 fileNameGt=../graphsdb/mcs70/m2D/m2Dr2/mcs70_m2Dr2_s25.B92
Reading graphs...
25 :  42
25 :  44
Initializing...
maxdom : 25
D->valSize : 625
Solving...
currentSize : 13 <-- 0.005213 s
currentSize : 14 <-- 0.005233 s
currentSize : 15 <-- 0.006095 s
currentSize : 16 <-- 0.009522 s
currentSize : 17 <-- 0.859972 s
currentSize : 18 <-- 3.538091 s

maxsize : 18
nodes : 628032.000000
filtered : 15605551.000000
time : 8.814093
