Parameters: GAD=1 vflib=1 dir=0 label=0 lowerbound=1 fileNameGp=../graphsdb/mcs70/bvg/b09/mcs70_b09_s25.A03 fileNameGt=../graphsdb/mcs70/bvg/b09/mcs70_b09_s25.B03
Reading graphs...
25 :  111
25 :  111
Initializing...
maxdom : 25
D->valSize : 625
Solving...
currentSize : 10 <-- 0.004501 s
currentSize : 11 <-- 0.004762 s
currentSize : 12 <-- 0.010264 s
currentSize : 13 <-- 0.090556 s
currentSize : 14 <-- 0.098357 s
currentSize : 15 <-- 0.098408 s
currentSize : 16 <-- 0.098760 s

maxsize : 16
nodes : 469448.000000
filtered : 10184205.000000
time : 2.744728
