Parameters: GAD=1 vflib=1 dir=0 label=0 lowerbound=1 fileNameGp=../graphsdb/mcs70/bvg/b09m/mcs70_b09m_s35.A73 fileNameGt=../graphsdb/mcs70/bvg/b09m/mcs70_b09m_s35.B73
Reading graphs...
35 :  149
35 :  148
Initializing...
maxdom : 35
D->valSize : 1225
Solving...
currentSize : 12 <-- 0.018054 s
currentSize : 13 <-- 0.018854 s
currentSize : 15 <-- 0.019221 s
currentSize : 16 <-- 0.240087 s
currentSize : 17 <-- 4.181670 s
currentSize : 18 <-- 207.543503 s
currentSize : 19 <-- 307.984314 s
currentSize : 22 <-- 543.178284 s
currentSize : 24 <-- 543.178955 s

maxsize : 24
nodes : 76057835.000000
filtered : 1843000978.000000
time : 568.107605
