Parameters: GAD=1 vflib=1 dir=0 label=0 lowerbound=1 fileNameGp=../graphsdb/mcs70/bvg/b06m/mcs70_b06m_s25.A21 fileNameGt=../graphsdb/mcs70/bvg/b06m/mcs70_b06m_s25.B21
Reading graphs...
25 :  72
25 :  72
Initializing...
maxdom : 25
D->valSize : 625
Solving...
currentSize : 10 <-- 0.005046 s
currentSize : 11 <-- 0.005146 s
currentSize : 12 <-- 0.005807 s
currentSize : 13 <-- 0.022357 s
currentSize : 14 <-- 0.139234 s
currentSize : 16 <-- 4.559168 s
currentSize : 18 <-- 4.566607 s

maxsize : 18
nodes : 747450.000000
filtered : 14442341.000000
time : 5.324810
