Parameters: GAD=1 vflib=1 dir=0 label=0 lowerbound=1 fileNameGp=../graphsdb/mcs70/m2D/m2Dr6/m2Dr6/mcs70_m2Dr6_s25.A98 fileNameGt=../graphsdb/mcs70/m2D/m2Dr6/m2Dr6/mcs70_m2Dr6_s25.B98
Reading graphs...
25 :  54
25 :  54
Initializing...
maxdom : 25
D->valSize : 625
Solving...
currentSize : 12 <-- 0.005065 s
currentSize : 13 <-- 0.005142 s
currentSize : 14 <-- 0.006845 s
currentSize : 15 <-- 0.043759 s
currentSize : 16 <-- 0.207520 s
currentSize : 17 <-- 0.736044 s

maxsize : 17
nodes : 586331.000000
filtered : 15551390.000000
time : 6.247229
