Parameters: GAD=1 vflib=1 dir=0 label=0 lowerbound=1 fileNameGp=../graphsdb/mcs70/rand/r01/mcs70_r01_s30.A78 fileNameGt=../graphsdb/mcs70/rand/r01/mcs70_r01_s30.B78
Reading graphs...
30 :  83
30 :  81
Initializing...
maxdom : 30
D->valSize : 900
Solving...
currentSize : 9 <-- 0.010751 s
currentSize : 11 <-- 0.010776 s
currentSize : 13 <-- 0.010859 s
currentSize : 14 <-- 0.013431 s
currentSize : 15 <-- 0.013564 s
currentSize : 16 <-- 0.019329 s
currentSize : 17 <-- 0.260698 s
currentSize : 18 <-- 2.571161 s
currentSize : 19 <-- 24.889296 s
currentSize : 21 <-- 25.810509 s

maxsize : 21
nodes : 4788344.000000
filtered : 135508609.000000
time : 42.266640
