Parameters: GAD=1 vflib=1 dir=0 label=0 lowerbound=1 fileNameGp=../graphsdb/mcs70/m2D/m2Dr4/mcs70_m2Dr4_s35.A64 fileNameGt=../graphsdb/mcs70/m2D/m2Dr4/mcs70_m2Dr4_s35.B64
Reading graphs...
35 :  71
35 :  71
Initializing...
maxdom : 35
D->valSize : 1225
Solving...
currentSize : 11 <-- 0.024567 s
currentSize : 12 <-- 0.024615 s
currentSize : 13 <-- 0.024625 s
currentSize : 16 <-- 0.024816 s
currentSize : 17 <-- 0.024835 s
currentSize : 18 <-- 0.024844 s
currentSize : 19 <-- 0.030356 s
currentSize : 20 <-- 0.032155 s
currentSize : 21 <-- 2.966729 s
currentSize : 22 <-- 9.239576 s
currentSize : 23 <-- 21.426249 s
currentSize : 24 <-- 52.294186 s
currentSize : 25 <-- 622.495300 s

maxsize : 25
nodes : 29895778.000000
filtered : 1193881236.000000
time : 735.528198
