Parameters: GAD=1 vflib=1 dir=0 label=0 lowerbound=1 fileNameGp=../graphsdb/mcs70/bvg/b06m/mcs70_b06m_s30.A87 fileNameGt=../graphsdb/mcs70/bvg/b06m/mcs70_b06m_s30.B87
Reading graphs...
30 :  88
30 :  88
Initializing...
maxdom : 30
D->valSize : 900
Solving...
currentSize : 11 <-- 0.017481 s
currentSize : 12 <-- 0.017556 s
currentSize : 13 <-- 0.017574 s
currentSize : 14 <-- 0.018207 s
currentSize : 15 <-- 0.023640 s
currentSize : 16 <-- 0.205647 s
currentSize : 17 <-- 2.363464 s
currentSize : 18 <-- 23.194361 s
currentSize : 20 <-- 70.368416 s
currentSize : 21 <-- 70.368515 s

maxsize : 21
nodes : 8536548.000000
filtered : 217443836.000000
time : 82.408112
