Parameters: GAD=1 vflib=1 dir=0 label=0 lowerbound=1 fileNameGp=../graphsdb/mcs70/m3D/m3Dr6/mcs70_m3Dr6_s35.A10 fileNameGt=../graphsdb/mcs70/m3D/m3Dr6/mcs70_m3Dr6_s35.B10
Reading graphs...
35 :  93
35 :  90
Initializing...
maxdom : 35
D->valSize : 1225
Solving...
currentSize : 16 <-- 0.034410 s
currentSize : 17 <-- 0.034502 s
currentSize : 18 <-- 0.043330 s
currentSize : 19 <-- 0.043904 s
currentSize : 20 <-- 23.245508 s
currentSize : 21 <-- 265.616486 s
currentSize : 22 <-- 910.248901 s
currentSize : 23 <-- 910.290222 s
currentSize : 24 <-- 910.754944 s
currentSize : 25 <-- 910.891846 s
currentSize : 27 <-- 910.892029 s

maxsize : 27
nodes : 96413780.000000
filtered : 2492773217.000000
time : 921.929382
