Parameters: GAD=1 vflib=1 dir=0 label=0 lowerbound=1 fileNameGp=../graphsdb/mcs70/rand/r01/mcs70_r01_s25.A47 fileNameGt=../graphsdb/mcs70/rand/r01/mcs70_r01_s25.B47
Reading graphs...
25 :  59
25 :  58
Initializing...
maxdom : 25
D->valSize : 625
Solving...
currentSize : 10 <-- 0.008575 s
currentSize : 12 <-- 0.008639 s
currentSize : 13 <-- 0.012232 s
currentSize : 14 <-- 0.017118 s
currentSize : 15 <-- 0.126173 s
currentSize : 16 <-- 0.314271 s
currentSize : 17 <-- 1.260961 s

maxsize : 17
nodes : 349662.000000
filtered : 9937329.000000
time : 3.478998
