Parameters: GAD=1 vflib=1 dir=0 label=0 lowerbound=1 fileNameGp=../graphsdb/mcs70/bvg/b09/mcs70_b09_s25.A81 fileNameGt=../graphsdb/mcs70/bvg/b09/mcs70_b09_s25.B81
Reading graphs...
25 :  112
25 :  109
Initializing...
maxdom : 25
D->valSize : 625
Solving...
currentSize : 10 <-- 0.004439 s
currentSize : 11 <-- 0.004652 s
currentSize : 12 <-- 0.038273 s
currentSize : 13 <-- 0.045421 s
currentSize : 14 <-- 0.045471 s
currentSize : 16 <-- 0.045520 s

maxsize : 16
nodes : 416375.000000
filtered : 9336264.000000
time : 2.402254
