Parameters: GAD=1 vflib=1 dir=0 label=0 lowerbound=1 fileNameGp=../graphsdb/mcs70/bvg/b09/mcs70_b09_s30.A83 fileNameGt=../graphsdb/mcs70/bvg/b09/mcs70_b09_s30.B83
Reading graphs...
30 :  133
30 :  133
Initializing...
maxdom : 30
D->valSize : 900
Solving...
currentSize : 12 <-- 0.014099 s
currentSize : 13 <-- 0.014652 s
currentSize : 14 <-- 0.015331 s
currentSize : 15 <-- 0.070625 s
currentSize : 16 <-- 0.355583 s
currentSize : 17 <-- 0.374593 s
currentSize : 18 <-- 0.581384 s
currentSize : 20 <-- 0.581587 s
currentSize : 21 <-- 2.979120 s

maxsize : 21
nodes : 765388.000000
filtered : 25064513.000000
time : 5.859209
