Parameters: GAD=1 vflib=1 dir=0 label=0 lowerbound=1 fileNameGp=../graphsdb/mcs70/bvg/b06/mcs70_b06_s30.A27 fileNameGt=../graphsdb/mcs70/bvg/b06/mcs70_b06_s30.B27
Reading graphs...
30 :  89
30 :  90
Initializing...
maxdom : 30
D->valSize : 900
Solving...
currentSize : 15 <-- 0.010096 s
currentSize : 16 <-- 0.018928 s
currentSize : 17 <-- 0.030993 s
currentSize : 18 <-- 0.037794 s
currentSize : 19 <-- 0.048208 s
currentSize : 20 <-- 0.444221 s
currentSize : 21 <-- 0.444364 s
currentSize : 22 <-- 1.552837 s

maxsize : 22
nodes : 459714.000000
filtered : 19196802.000000
time : 8.770449
