Parameters: GAD=1 vflib=1 dir=0 label=0 lowerbound=1 fileNameGp=../graphsdb/mcs70/m2D/m2Dr6/m2Dr6/mcs70_m2Dr6_s35.A93 fileNameGt=../graphsdb/mcs70/m2D/m2Dr6/m2Dr6/mcs70_m2Dr6_s35.B93
Reading graphs...
35 :  77
35 :  78
Initializing...
maxdom : 35
D->valSize : 1225
Solving...
currentSize : 17 <-- 0.019976 s
currentSize : 18 <-- 0.020045 s
currentSize : 19 <-- 0.020100 s
currentSize : 20 <-- 58.446865 s
currentSize : 21 <-- 103.741348 s
currentSize : 22 <-- 253.666412 s
currentSize : 23 <-- 766.776733 s
currentSize : 25 <-- 1651.546875 s

maxsize : 25
nodes : 100510870.000000
filtered : 3289765985.000000
time : 1782.549194
