Parameters: GAD=1 vflib=1 dir=0 label=0 lowerbound=1 fileNameGp=../graphsdb/mcs70/m2D/m2Dr2/mcs70_m2Dr2_s35.A38 fileNameGt=../graphsdb/mcs70/m2D/m2Dr2/mcs70_m2Dr2_s35.B38
Reading graphs...
35 :  64
35 :  63
Initializing...
maxdom : 35
D->valSize : 1225
Solving...
currentSize : 17 <-- 0.020408 s
currentSize : 18 <-- 0.020454 s
currentSize : 20 <-- 0.026548 s
currentSize : 21 <-- 0.086537 s
currentSize : 22 <-- 0.111743 s
currentSize : 23 <-- 0.371147 s
currentSize : 24 <-- 1.075133 s
currentSize : 25 <-- 86.407166 s
currentSize : 26 <-- 476.114075 s
currentSize : 27 <-- 476.121033 s

maxsize : 27
nodes : 16965452.000000
filtered : 699558990.000000
time : 514.625977
