Parameters: GAD=1 vflib=1 dir=0 label=0 lowerbound=1 fileNameGp=../graphsdb/mcs70/rand/r01/mcs70_r01_s25.A57 fileNameGt=../graphsdb/mcs70/rand/r01/mcs70_r01_s25.B57
Reading graphs...
25 :  57
25 :  57
Initializing...
maxdom : 25
D->valSize : 625
Solving...
currentSize : 11 <-- 0.005006 s
currentSize : 12 <-- 0.005190 s
currentSize : 13 <-- 0.005473 s
currentSize : 14 <-- 0.005962 s
currentSize : 15 <-- 0.023750 s
currentSize : 16 <-- 0.072465 s
currentSize : 17 <-- 0.842756 s

maxsize : 17
nodes : 510196.000000
filtered : 13890721.000000
time : 4.636828
