Parameters: GAD=1 vflib=1 dir=0 label=0 lowerbound=1 fileNameGp=../graphsdb/mcs70/m2D/m2D/mcs70_m2D_s35.A44 fileNameGt=../graphsdb/mcs70/m2D/m2D/mcs70_m2D_s35.B44
Reading graphs...
35 :  57
35 :  58
Initializing...
maxdom : 35
D->valSize : 1225
Solving...
currentSize : 19 <-- 0.020881 s
currentSize : 20 <-- 0.038510 s
currentSize : 21 <-- 0.757802 s
currentSize : 22 <-- 1.184353 s
currentSize : 23 <-- 21.530024 s
currentSize : 24 <-- 22.231831 s
currentSize : 25 <-- 127.857567 s
currentSize : 26 <-- 156.181396 s

maxsize : 26
nodes : 16982776.000000
filtered : 732728939.000000
time : 651.207703
