Parameters: GAD=1 vflib=1 dir=0 label=0 lowerbound=1 fileNameGp=../graphsdb/mcs70/bvg/b06m/mcs70_b06m_s30.A61 fileNameGt=../graphsdb/mcs70/bvg/b06m/mcs70_b06m_s30.B61
Reading graphs...
30 :  86
30 :  87
Initializing...
maxdom : 30
D->valSize : 900
Solving...
currentSize : 12 <-- 0.010157 s
currentSize : 13 <-- 0.010212 s
currentSize : 14 <-- 0.010257 s
currentSize : 15 <-- 0.010349 s
currentSize : 16 <-- 0.047408 s
currentSize : 17 <-- 0.062951 s
currentSize : 20 <-- 22.070616 s
currentSize : 21 <-- 22.070734 s
currentSize : 22 <-- 22.070902 s

maxsize : 22
nodes : 3261138.000000
filtered : 77747021.000000
time : 27.542408
