Parameters: GAD=1 vflib=1 dir=0 label=0 lowerbound=1 fileNameGp=../graphsdb/mcs70/bvg/b03/mcs70_b03_s35.A60 fileNameGt=../graphsdb/mcs70/bvg/b03/mcs70_b03_s35.B60
Reading graphs...
35 :  52
35 :  52
Initializing...
maxdom : 35
D->valSize : 1225
Solving...
currentSize : 21 <-- 0.021576 s
currentSize : 22 <-- 0.024096 s
currentSize : 23 <-- 0.320762 s
currentSize : 25 <-- 0.369430 s
currentSize : 26 <-- 3.483973 s
currentSize : 27 <-- 3.940226 s
currentSize : 28 <-- 42.466564 s
currentSize : 29 <-- 86.323570 s

maxsize : 29
nodes : 1895365.000000
filtered : 88936889.000000
time : 104.779121
