Parameters: GAD=1 vflib=1 dir=0 label=0 lowerbound=1 fileNameGp=../graphsdb/mcs70/bvg/b06/mcs70_b06_s35.A66 fileNameGt=../graphsdb/mcs70/bvg/b06/mcs70_b06_s35.B66
Reading graphs...
35 :  105
35 :  105
Initializing...
maxdom : 35
D->valSize : 1225
Solving...
currentSize : 12 <-- 0.024323 s
currentSize : 13 <-- 0.024355 s
currentSize : 14 <-- 0.024379 s
currentSize : 15 <-- 0.024544 s
currentSize : 16 <-- 0.025262 s
currentSize : 17 <-- 0.048698 s
currentSize : 18 <-- 0.049809 s
currentSize : 19 <-- 0.148235 s
currentSize : 20 <-- 0.148374 s
currentSize : 21 <-- 0.314750 s
currentSize : 22 <-- 0.317555 s
currentSize : 23 <-- 0.344221 s
currentSize : 24 <-- 0.355462 s
currentSize : 25 <-- 0.548585 s
currentSize : 26 <-- 0.906687 s
currentSize : 27 <-- 12.542043 s

maxsize : 27
nodes : 819861.000000
filtered : 45329527.000000
time : 22.962929
