Parameters: GAD=1 vflib=1 dir=0 label=0 lowerbound=1 fileNameGp=../graphsdb/mcs70/bvg/b03/mcs70_b03_s35.A16 fileNameGt=../graphsdb/mcs70/bvg/b03/mcs70_b03_s35.B16
Reading graphs...
35 :  52
35 :  52
Initializing...
maxdom : 35
D->valSize : 1225
Solving...
currentSize : 16 <-- 0.021016 s
currentSize : 18 <-- 0.021155 s
currentSize : 19 <-- 0.021220 s
currentSize : 20 <-- 0.104043 s
currentSize : 22 <-- 0.697374 s
currentSize : 23 <-- 0.850944 s
currentSize : 24 <-- 13.596494 s
currentSize : 25 <-- 43.913361 s
currentSize : 26 <-- 44.180149 s
currentSize : 27 <-- 69.300568 s
currentSize : 28 <-- 160.169662 s
currentSize : 29 <-- 176.667709 s

maxsize : 29
nodes : 4721355.000000
filtered : 163877464.000000
time : 193.666428
