Parameters: GAD=1 vflib=1 dir=0 label=0 lowerbound=1 fileNameGp=../graphsdb/mcs70/bvg/b03m/mcs70_b03m_s30.A24 fileNameGt=../graphsdb/mcs70/bvg/b03m/mcs70_b03m_s30.B24
Reading graphs...
30 :  45
30 :  45
Initializing...
maxdom : 30
D->valSize : 900
Solving...
currentSize : 14 <-- 0.019680 s
currentSize : 17 <-- 0.019720 s
currentSize : 18 <-- 0.024783 s
currentSize : 19 <-- 0.060239 s
currentSize : 20 <-- 0.060382 s
currentSize : 21 <-- 0.991099 s
currentSize : 22 <-- 2.936698 s
currentSize : 23 <-- 12.794277 s

maxsize : 23
nodes : 923643.000000
filtered : 29293796.000000
time : 26.909113
