Parameters: GAD=1 vflib=1 dir=0 label=0 lowerbound=1 fileNameGp=../graphsdb/mcs70/rand/r02/mcs70_r02_s35.A92 fileNameGt=../graphsdb/mcs70/rand/r02/mcs70_r02_s35.B92
Reading graphs...
35 :  217
35 :  215
Initializing...
maxdom : 35
D->valSize : 1225
Solving...
currentSize : 11 <-- 0.016984 s
currentSize : 12 <-- 0.017027 s
currentSize : 13 <-- 0.017060 s
currentSize : 14 <-- 0.113643 s
currentSize : 15 <-- 8.672627 s
currentSize : 16 <-- 8.979355 s
currentSize : 17 <-- 744.199951 s
currentSize : 18 <-- 744.682678 s
currentSize : 24 <-- 744.682739 s

maxsize : 24
nodes : 149720525.000000
filtered : 2172243189.000000
time : 767.495056
