Parameters: GAD=1 vflib=1 dir=0 label=0 lowerbound=1 fileNameGp=../graphsdb/mcs70/m2D/m2Dr6/m2Dr6/mcs70_m2Dr6_s25.A55 fileNameGt=../graphsdb/mcs70/m2D/m2Dr6/m2Dr6/mcs70_m2Dr6_s25.B55
Reading graphs...
25 :  50
25 :  51
Initializing...
maxdom : 25
D->valSize : 625
Solving...
currentSize : 12 <-- 0.009037 s
currentSize : 13 <-- 0.013658 s
currentSize : 14 <-- 0.032046 s
currentSize : 15 <-- 0.043211 s
currentSize : 16 <-- 0.407975 s
currentSize : 17 <-- 0.754790 s

maxsize : 17
nodes : 774677.000000
filtered : 19627573.000000
time : 9.360423
