Parameters: GAD=1 vflib=1 dir=0 label=0 lowerbound=1 fileNameGp=../graphsdb/mcs70/bvg/b06/mcs70_b06_s35.A86 fileNameGt=../graphsdb/mcs70/bvg/b06/mcs70_b06_s35.B86
Reading graphs...
35 :  104
35 :  104
Initializing...
maxdom : 35
D->valSize : 1225
Solving...
currentSize : 15 <-- 0.019235 s
currentSize : 17 <-- 0.019318 s
currentSize : 18 <-- 0.019401 s
currentSize : 19 <-- 0.019574 s
currentSize : 20 <-- 0.122380 s
currentSize : 21 <-- 0.202364 s
currentSize : 22 <-- 68.963760 s
currentSize : 24 <-- 73.088722 s
currentSize : 25 <-- 108.003944 s
currentSize : 26 <-- 133.066986 s

maxsize : 26
nodes : 10462496.000000
filtered : 405674694.000000
time : 175.161850
