Parameters: GAD=1 vflib=1 dir=0 label=0 lowerbound=1 fileNameGp=../graphsdb/mcs70/bvg/b06m/mcs70_b06m_s30.A88 fileNameGt=../graphsdb/mcs70/bvg/b06m/mcs70_b06m_s30.B88
Reading graphs...
30 :  88
30 :  89
Initializing...
maxdom : 30
D->valSize : 900
Solving...
currentSize : 13 <-- 0.010253 s
currentSize : 14 <-- 0.010276 s
currentSize : 15 <-- 0.010327 s
currentSize : 16 <-- 0.010806 s
currentSize : 17 <-- 0.013129 s
currentSize : 18 <-- 7.169161 s
currentSize : 19 <-- 10.634552 s
currentSize : 21 <-- 15.343360 s

maxsize : 21
nodes : 1923602.000000
filtered : 61462717.000000
time : 22.172428
