Parameters: GAD=1 vflib=1 dir=0 label=0 lowerbound=1 fileNameGp=../graphsdb/mcs70/bvg/b09m/mcs70_b09m_s15.A71 fileNameGt=../graphsdb/mcs70/bvg/b09m/mcs70_b09m_s15.B71
Reading graphs...
15 :  57
15 :  59
Initializing...
maxdom : 15
D->valSize : 225
Solving...
currentSize : 5 <-- 0.000838 s
currentSize : 6 <-- 0.000862 s
currentSize : 7 <-- 0.000904 s
currentSize : 8 <-- 0.001107 s
currentSize : 9 <-- 0.004607 s
currentSize : 10 <-- 0.005685 s

maxsize : 10
nodes : 7785.000000
filtered : 121359.000000
time : 0.031115
