Parameters: GAD=1 vflib=1 dir=0 label=0 lowerbound=1 fileNameGp=../graphsdb/mcs70/bvg/b06m/mcs70_b06m_s15.A15 fileNameGt=../graphsdb/mcs70/bvg/b06m/mcs70_b06m_s15.B15
Reading graphs...
15 :  42
15 :  42
Initializing...
maxdom : 15
D->valSize : 225
Solving...
currentSize : 5 <-- 0.000902 s
currentSize : 6 <-- 0.000920 s
currentSize : 7 <-- 0.000977 s
currentSize : 8 <-- 0.000990 s
currentSize : 9 <-- 0.001238 s
currentSize : 10 <-- 0.012217 s

maxsize : 10
nodes : 8443.000000
filtered : 105435.000000
time : 0.032154
