Parameters: GAD=1 vflib=1 dir=0 label=0 lowerbound=1 fileNameGp=../graphsdb/mcs70/rand/r01/mcs70_r01_s20.A80 fileNameGt=../graphsdb/mcs70/rand/r01/mcs70_r01_s20.B80
Reading graphs...
20 :  36
20 :  36
Initializing...
maxdom : 20
D->valSize : 400
Solving...
currentSize : 8 <-- 0.002326 s
currentSize : 9 <-- 0.002419 s
currentSize : 10 <-- 0.003019 s
currentSize : 11 <-- 0.003903 s
currentSize : 12 <-- 0.011131 s
currentSize : 13 <-- 0.164573 s
currentSize : 14 <-- 0.923252 s
currentSize : 15 <-- 0.960833 s

maxsize : 15
nodes : 130482.000000
filtered : 2033894.000000
time : 0.994691
