Parameters: GAD=1 vflib=1 dir=0 label=0 lowerbound=1 fileNameGp=../graphsdb/mcs70/m3D/m3D/mcs70_m3D_s35.A40 fileNameGt=../graphsdb/mcs70/m3D/m3D/mcs70_m3D_s35.B40
Reading graphs...
35 :  72
35 :  72
Initializing...
maxdom : 35
D->valSize : 1225
Solving...
currentSize : 22 <-- 0.020195 s
currentSize : 24 <-- 0.433540 s
currentSize : 25 <-- 14.015278 s
currentSize : 26 <-- 59.497494 s
currentSize : 27 <-- 62.660378 s
currentSize : 28 <-- 62.777531 s
currentSize : 29 <-- 71.176384 s

maxsize : 29
nodes : 3392881.000000
filtered : 133116154.000000
time : 76.993584
