Parameters: GAD=1 vflib=1 dir=0 label=0 lowerbound=1 fileNameGp=../graphsdb/mcs70/bvg/b06m/mcs70_b06m_s25.A85 fileNameGt=../graphsdb/mcs70/bvg/b06m/mcs70_b06m_s25.B85
Reading graphs...
25 :  70
25 :  70
Initializing...
maxdom : 25
D->valSize : 625
Solving...
currentSize : 11 <-- 0.008429 s
currentSize : 12 <-- 0.012369 s
currentSize : 13 <-- 0.020835 s
currentSize : 14 <-- 0.070506 s
currentSize : 15 <-- 1.374046 s
currentSize : 17 <-- 3.787347 s

maxsize : 17
nodes : 740446.000000
filtered : 14795460.000000
time : 5.644858
