Parameters: GAD=1 vflib=1 dir=0 label=0 lowerbound=1 fileNameGp=../graphsdb/mcs70/rand/r005/mcs70_r005_s30.A18 fileNameGt=../graphsdb/mcs70/rand/r005/mcs70_r005_s30.B18
Reading graphs...
30 :  41
30 :  42
Initializing...
maxdom : 30
D->valSize : 900
Solving...
currentSize : 16 <-- 0.019928 s
currentSize : 17 <-- 0.024289 s
currentSize : 18 <-- 0.025006 s
currentSize : 19 <-- 0.789845 s
currentSize : 20 <-- 0.989181 s
currentSize : 21 <-- 3.516609 s
currentSize : 22 <-- 10.524743 s
currentSize : 23 <-- 10.526155 s

maxsize : 23
nodes : 1389098.000000
filtered : 28934536.000000
time : 28.988766
