Parameters: GAD=1 vflib=1 dir=0 label=0 lowerbound=1 fileNameGp=../graphsdb/mcs70/rand/r01/mcs70_r01_s25.A64 fileNameGt=../graphsdb/mcs70/rand/r01/mcs70_r01_s25.B64
Reading graphs...
25 :  56
25 :  55
Initializing...
maxdom : 25
D->valSize : 625
Solving...
currentSize : 12 <-- 0.005196 s
currentSize : 13 <-- 0.005246 s
currentSize : 14 <-- 0.008259 s
currentSize : 15 <-- 0.080014 s
currentSize : 16 <-- 2.022782 s
currentSize : 17 <-- 2.362278 s

maxsize : 17
nodes : 679955.000000
filtered : 16219631.000000
time : 6.117960
