Parameters: GAD=1 vflib=1 dir=0 label=0 lowerbound=1 fileNameGp=../graphsdb/mcs70/rand/r02/mcs70_r02_s30.A12 fileNameGt=../graphsdb/mcs70/rand/r02/mcs70_r02_s30.B12
Reading graphs...
30 :  159
30 :  157
Initializing...
maxdom : 30
D->valSize : 900
Solving...
currentSize : 10 <-- 0.009429 s
currentSize : 11 <-- 0.009592 s
currentSize : 12 <-- 0.009946 s
currentSize : 13 <-- 1.036053 s
currentSize : 14 <-- 3.228751 s
currentSize : 15 <-- 105.474396 s
currentSize : 16 <-- 115.887672 s
currentSize : 18 <-- 121.658943 s
currentSize : 21 <-- 121.753021 s

maxsize : 21
nodes : 26220155.000000
filtered : 338439418.000000
time : 124.952591
