Parameters: GAD=1 vflib=1 dir=0 label=0 lowerbound=1 fileNameGp=../graphsdb/mcs70/m4D/m4D/mcs70_m4D_s25.A07 fileNameGt=../graphsdb/mcs70/m4D/m4D/mcs70_m4D_s25.B07
Reading graphs...
25 :  46
25 :  46
Initializing...
maxdom : 25
D->valSize : 625
Solving...
currentSize : 8 <-- 0.009636 s
currentSize : 12 <-- 0.009827 s
currentSize : 13 <-- 0.010998 s
currentSize : 14 <-- 0.011436 s
currentSize : 15 <-- 0.011504 s
currentSize : 16 <-- 0.320250 s
currentSize : 17 <-- 0.380587 s
currentSize : 18 <-- 0.431945 s
currentSize : 19 <-- 0.616521 s

maxsize : 19
nodes : 120049.000000
filtered : 2855896.000000
time : 2.142925
