Parameters: GAD=1 vflib=1 dir=0 label=0 lowerbound=1 fileNameGp=../graphsdb/mcs70/rand/r005/mcs70_r005_s25.A42 fileNameGt=../graphsdb/mcs70/rand/r005/mcs70_r005_s25.B42
Reading graphs...
25 :  33
25 :  32
Initializing...
maxdom : 25
D->valSize : 625
Solving...
currentSize : 14 <-- 0.009569 s
currentSize : 15 <-- 0.015553 s
currentSize : 16 <-- 0.185803 s
currentSize : 17 <-- 0.387017 s
currentSize : 18 <-- 0.949554 s
currentSize : 19 <-- 3.037055 s

maxsize : 19
nodes : 306588.000000
filtered : 4559942.000000
time : 3.811512
