Parameters: GAD=1 vflib=1 dir=0 label=0 lowerbound=1 fileNameGp=../graphsdb/mcs70/m2D/m2Dr4/mcs70_m2Dr4_s35.A88 fileNameGt=../graphsdb/mcs70/m2D/m2Dr4/mcs70_m2Dr4_s35.B88
Reading graphs...
35 :  71
35 :  71
Initializing...
maxdom : 35
D->valSize : 1225
Solving...
currentSize : 17 <-- 0.035756 s
currentSize : 18 <-- 0.050035 s
currentSize : 19 <-- 0.238406 s
currentSize : 20 <-- 1.254221 s
currentSize : 21 <-- 5.570399 s
currentSize : 22 <-- 10.573691 s
currentSize : 23 <-- 23.468744 s
currentSize : 24 <-- 99.142624 s
currentSize : 25 <-- 314.505249 s
currentSize : 26 <-- 381.758392 s

maxsize : 26
nodes : 29508376.000000
filtered : 1076830644.000000
time : 515.094971
