Parameters: GAD=1 vflib=1 dir=0 label=0 lowerbound=1 fileNameGp=../graphsdb/mcs70/bvg/b09m/mcs70_b09m_s20.A16 fileNameGt=../graphsdb/mcs70/bvg/b09m/mcs70_b09m_s20.B16
Reading graphs...
20 :  86
20 :  85
Initializing...
maxdom : 20
D->valSize : 400
Solving...
currentSize : 8 <-- 0.001975 s
currentSize : 9 <-- 0.002074 s
currentSize : 10 <-- 0.002517 s
currentSize : 11 <-- 0.017284 s
currentSize : 12 <-- 0.065126 s
currentSize : 14 <-- 0.067581 s

maxsize : 14
nodes : 35842.000000
filtered : 694609.000000
time : 0.168397
