Parameters: GAD=1 vflib=1 dir=0 label=0 lowerbound=1 fileNameGp=../graphsdb/mcs70/m2D/m2D/mcs70_m2D_s35.A73 fileNameGt=../graphsdb/mcs70/m2D/m2D/mcs70_m2D_s35.B73
Reading graphs...
35 :  58
35 :  58
Initializing...
maxdom : 35
D->valSize : 1225
Solving...
currentSize : 11 <-- 0.021541 s
currentSize : 12 <-- 0.021579 s
currentSize : 16 <-- 0.021629 s
currentSize : 18 <-- 0.022215 s
currentSize : 19 <-- 0.022319 s
currentSize : 20 <-- 0.039316 s
currentSize : 21 <-- 0.124688 s
currentSize : 22 <-- 0.258228 s
currentSize : 23 <-- 1.218116 s
currentSize : 24 <-- 23.183146 s
currentSize : 25 <-- 135.099289 s
currentSize : 26 <-- 171.465347 s
currentSize : 27 <-- 171.668900 s

maxsize : 27
nodes : 9792416.000000
filtered : 357576625.000000
time : 309.660706
