Parameters: GAD=1 vflib=1 dir=0 label=0 lowerbound=1 fileNameGp=../graphsdb/mcs70/bvg/b06/mcs70_b06_s35.A11 fileNameGt=../graphsdb/mcs70/bvg/b06/mcs70_b06_s35.B11
Reading graphs...
35 :  104
35 :  105
Initializing...
maxdom : 35
D->valSize : 1225
Solving...
currentSize : 15 <-- 0.019023 s
currentSize : 16 <-- 0.019167 s
currentSize : 17 <-- 0.019383 s
currentSize : 18 <-- 0.022978 s
currentSize : 19 <-- 2.190711 s
currentSize : 20 <-- 5.097164 s
currentSize : 21 <-- 5.097882 s
currentSize : 22 <-- 5.156089 s
currentSize : 24 <-- 7.550910 s
currentSize : 25 <-- 14.558284 s

maxsize : 25
nodes : 5483073.000000
filtered : 257808037.000000
time : 123.158531
