Parameters: GAD=1 vflib=1 dir=0 label=0 lowerbound=1 fileNameGp=../graphsdb/mcs70/rand/r005/mcs70_r005_s35.A01 fileNameGt=../graphsdb/mcs70/rand/r005/mcs70_r005_s35.B01
Reading graphs...
35 :  58
35 :  57
Initializing...
maxdom : 35
D->valSize : 1225
Solving...
currentSize : 14 <-- 0.020725 s
currentSize : 15 <-- 0.020789 s
currentSize : 16 <-- 0.021426 s
currentSize : 17 <-- 0.026141 s
currentSize : 18 <-- 0.026204 s
currentSize : 19 <-- 0.106229 s
currentSize : 20 <-- 13.541582 s
currentSize : 21 <-- 13.567553 s
currentSize : 22 <-- 15.217167 s
currentSize : 23 <-- 23.353746 s
currentSize : 24 <-- 52.888771 s
currentSize : 25 <-- 190.231400 s
currentSize : 26 <-- 460.343353 s

maxsize : 26
nodes : 28002390.000000
filtered : 980613260.000000
time : 767.126709
