Parameters: GAD=1 vflib=1 dir=0 label=0 lowerbound=1 fileNameGp=../graphsdb/mcs70/m3D/m3Dr6/mcs70_m3Dr6_s35.A91 fileNameGt=../graphsdb/mcs70/m3D/m3Dr6/mcs70_m3Dr6_s35.B91
Reading graphs...
35 :  92
35 :  91
Initializing...
maxdom : 35
D->valSize : 1225
Solving...
currentSize : 15 <-- 0.020087 s
currentSize : 17 <-- 0.022216 s
currentSize : 18 <-- 0.022227 s
currentSize : 19 <-- 0.035571 s
currentSize : 20 <-- 0.202544 s
currentSize : 21 <-- 32.290134 s
currentSize : 22 <-- 288.019928 s
currentSize : 23 <-- 289.218353 s
currentSize : 27 <-- 290.304291 s

maxsize : 27
nodes : 28152631.000000
filtered : 755394150.000000
time : 313.345276
