Parameters: GAD=1 vflib=1 dir=0 label=0 lowerbound=1 fileNameGp=../graphsdb/mcs70/rand/r01/mcs70_r01_s35.A48 fileNameGt=../graphsdb/mcs70/rand/r01/mcs70_r01_s35.B48
Reading graphs...
35 :  115
35 :  113
Initializing...
maxdom : 35
D->valSize : 1225
Solving...
currentSize : 14 <-- 0.019601 s
currentSize : 15 <-- 0.020133 s
currentSize : 16 <-- 0.029057 s
currentSize : 17 <-- 0.049270 s
currentSize : 18 <-- 4.835916 s
currentSize : 19 <-- 10.324933 s
currentSize : 20 <-- 112.670090 s
currentSize : 21 <-- 1616.297607 s
currentSize : 23 <-- 1616.315430 s
currentSize : 24 <-- 1616.556030 s

maxsize : 24
nodes : 159994545.000000
filtered : 4550736454.000000
time : 1662.626343
