Parameters: GAD=1 vflib=1 dir=0 label=0 lowerbound=1 fileNameGp=../graphsdb/mcs70/bvg/b09m/mcs70_b09m_s35.A03 fileNameGt=../graphsdb/mcs70/bvg/b09m/mcs70_b09m_s35.B03
Reading graphs...
35 :  153
35 :  152
Initializing...
maxdom : 35
D->valSize : 1225
Solving...
currentSize : 12 <-- 0.017793 s
currentSize : 13 <-- 0.021338 s
currentSize : 14 <-- 0.024521 s
currentSize : 15 <-- 0.035345 s
currentSize : 16 <-- 0.177648 s
currentSize : 17 <-- 2.341618 s
currentSize : 18 <-- 5.270768 s
currentSize : 19 <-- 113.174339 s
currentSize : 24 <-- 170.874313 s

maxsize : 24
nodes : 26414534.000000
filtered : 670421601.000000
time : 198.200974
