Parameters: GAD=1 vflib=1 dir=0 label=0 lowerbound=1 fileNameGp=../graphsdb/mcs70/bvg/b09/mcs70_b09_s25.A84 fileNameGt=../graphsdb/mcs70/bvg/b09/mcs70_b09_s25.B84
Reading graphs...
25 :  110
25 :  110
Initializing...
maxdom : 25
D->valSize : 625
Solving...
currentSize : 9 <-- 0.004521 s
currentSize : 10 <-- 0.004539 s
currentSize : 11 <-- 0.004621 s
currentSize : 12 <-- 0.005042 s
currentSize : 13 <-- 0.015262 s
currentSize : 15 <-- 0.038963 s
currentSize : 16 <-- 0.715549 s
currentSize : 17 <-- 1.252238 s

maxsize : 17
nodes : 378290.000000
filtered : 8574711.000000
time : 2.189664
