Parameters: GAD=1 vflib=1 dir=0 label=0 lowerbound=1 fileNameGp=../graphsdb/mcs70/rand/r01/mcs70_r01_s30.A39 fileNameGt=../graphsdb/mcs70/rand/r01/mcs70_r01_s30.B39
Reading graphs...
30 :  83
30 :  86
Initializing...
maxdom : 30
D->valSize : 900
Solving...
currentSize : 13 <-- 0.010437 s
currentSize : 14 <-- 0.010760 s
currentSize : 15 <-- 0.010920 s
currentSize : 16 <-- 0.035780 s
currentSize : 17 <-- 0.140108 s
currentSize : 18 <-- 7.582292 s
currentSize : 19 <-- 157.307953 s
currentSize : 21 <-- 157.504883 s

maxsize : 21
nodes : 23192051.000000
filtered : 521661363.000000
time : 168.250641
