Parameters: GAD=1 vflib=1 dir=0 label=0 lowerbound=1 fileNameGp=../graphsdb/mcs70/m3D/m3Dr4/mcs70_m3Dr4_s35.A92 fileNameGt=../graphsdb/mcs70/m3D/m3Dr4/mcs70_m3Dr4_s35.B92
Reading graphs...
35 :  83
35 :  84
Initializing...
maxdom : 35
D->valSize : 1225
Solving...
currentSize : 15 <-- 0.034933 s
currentSize : 16 <-- 0.035611 s
currentSize : 17 <-- 0.036241 s
currentSize : 18 <-- 0.048371 s
currentSize : 19 <-- 0.049481 s
currentSize : 20 <-- 0.157181 s
currentSize : 21 <-- 2.694866 s
currentSize : 22 <-- 21.378262 s
currentSize : 23 <-- 87.654305 s
currentSize : 25 <-- 801.892090 s
currentSize : 26 <-- 801.892212 s
currentSize : 27 <-- 801.892334 s

maxsize : 27
nodes : 67293862.000000
filtered : 2185976791.000000
time : 812.811096
