Parameters: GAD=1 vflib=1 dir=0 label=0 lowerbound=1 fileNameGp=../graphsdb/mcs70/bvg/b06m/mcs70_b06m_s30.A78 fileNameGt=../graphsdb/mcs70/bvg/b06m/mcs70_b06m_s30.B78
Reading graphs...
30 :  88
30 :  88
Initializing...
maxdom : 30
D->valSize : 900
Solving...
currentSize : 13 <-- 0.010183 s
currentSize : 14 <-- 0.010222 s
currentSize : 15 <-- 0.012171 s
currentSize : 16 <-- 0.075591 s
currentSize : 17 <-- 0.148447 s
currentSize : 18 <-- 14.973541 s
currentSize : 19 <-- 30.215500 s
currentSize : 21 <-- 30.215715 s

maxsize : 21
nodes : 3533648.000000
filtered : 102111736.000000
time : 38.919964
