Parameters: GAD=1 vflib=1 dir=0 label=0 lowerbound=1 fileNameGp=../graphsdb/mcs70/rand/r01/mcs70_r01_s35.A65 fileNameGt=../graphsdb/mcs70/rand/r01/mcs70_r01_s35.B65
Reading graphs...
35 :  113
35 :  112
Initializing...
maxdom : 35
D->valSize : 1225
Solving...
currentSize : 13 <-- 0.024078 s
currentSize : 15 <-- 0.024298 s
currentSize : 16 <-- 0.025178 s
currentSize : 17 <-- 0.025253 s
currentSize : 18 <-- 0.527774 s
currentSize : 19 <-- 0.775752 s
currentSize : 20 <-- 190.707047 s
currentSize : 21 <-- 613.783997 s
currentSize : 22 <-- 1064.407227 s
currentSize : 24 <-- 1064.407593 s

maxsize : 24
nodes : 117113976.000000
filtered : 3409728205.000000
time : 1134.638062
