Parameters: GAD=1 vflib=1 dir=0 label=0 lowerbound=1 fileNameGp=../graphsdb/mcs70/bvg/b06/mcs70_b06_s25.A99 fileNameGt=../graphsdb/mcs70/bvg/b06/mcs70_b06_s25.B99
Reading graphs...
25 :  74
25 :  75
Initializing...
maxdom : 25
D->valSize : 625
Solving...
currentSize : 11 <-- 0.008452 s
currentSize : 12 <-- 0.008659 s
currentSize : 13 <-- 0.008775 s
currentSize : 14 <-- 0.009275 s
currentSize : 15 <-- 0.057666 s
currentSize : 16 <-- 0.057738 s
currentSize : 17 <-- 0.077839 s
currentSize : 18 <-- 0.079256 s

maxsize : 18
nodes : 107481.000000
filtered : 3267036.000000
time : 1.083448
