Parameters: GAD=1 vflib=1 dir=0 label=0 lowerbound=1 fileNameGp=../graphsdb/mcs70/bvg/b09/mcs70_b09_s35.A78 fileNameGt=../graphsdb/mcs70/bvg/b09/mcs70_b09_s35.B78
Reading graphs...
35 :  155
35 :  157
Initializing...
maxdom : 35
D->valSize : 1225
Solving...
currentSize : 11 <-- 0.018038 s
currentSize : 12 <-- 0.018080 s
currentSize : 13 <-- 0.018116 s
currentSize : 14 <-- 0.018165 s
currentSize : 16 <-- 0.018864 s
currentSize : 17 <-- 0.052903 s
currentSize : 18 <-- 0.125186 s
currentSize : 19 <-- 0.577565 s
currentSize : 20 <-- 0.693616 s
currentSize : 22 <-- 1.348820 s
currentSize : 23 <-- 1.349695 s
currentSize : 24 <-- 5.669451 s
currentSize : 25 <-- 7.678267 s

maxsize : 25
nodes : 2151195.000000
filtered : 102849107.000000
time : 23.166679
