Parameters: GAD=1 vflib=1 dir=0 label=0 lowerbound=1 fileNameGp=../graphsdb/mcs90/bvg/b09/mcs90_b09_s35.A97 fileNameGt=../graphsdb/mcs90/bvg/b09/mcs90_b09_s35.B97
Reading graphs...
35 :  157
35 :  157
Initializing...
maxdom : 35
D->valSize : 1225
Solving...
currentSize : 18 <-- 0.017670 s
currentSize : 20 <-- 0.017712 s
currentSize : 21 <-- 0.017812 s
currentSize : 23 <-- 0.018512 s
currentSize : 24 <-- 0.018859 s
currentSize : 30 <-- 0.019103 s

maxsize : 30
nodes : 51599.000000
filtered : 3858683.000000
time : 1.023292
