Parameters: GAD=1 vflib=1 dir=0 label=0 lowerbound=1 fileNameGp=../graphsdb/mcs90/bvg/b06m/mcs90_b06m_s25.A01 fileNameGt=../graphsdb/mcs90/bvg/b06m/mcs90_b06m_s25.B01
Reading graphs...
25 :  75
25 :  75
Initializing...
maxdom : 25
D->valSize : 625
Solving...
currentSize : 11 <-- 0.004807 s
currentSize : 12 <-- 0.004862 s
currentSize : 13 <-- 0.005067 s
currentSize : 14 <-- 0.180862 s
currentSize : 15 <-- 0.474035 s
currentSize : 17 <-- 1.571183 s
currentSize : 18 <-- 1.682346 s
currentSize : 19 <-- 2.047542 s
currentSize : 22 <-- 2.093121 s

maxsize : 22
nodes : 294579.000000
filtered : 6049481.000000
time : 2.106602
