Parameters: GAD=1 vflib=1 dir=0 label=0 lowerbound=1 fileNameGp=../graphsdb/mcs90/m2D/m2Dr4/mcs90_m2Dr4_s20.A35 fileNameGt=../graphsdb/mcs90/m2D/m2Dr4/mcs90_m2Dr4_s20.B35
Reading graphs...
20 :  37
20 :  36
Initializing...
maxdom : 20
D->valSize : 400
Solving...
currentSize : 10 <-- 0.002171 s
currentSize : 12 <-- 0.002307 s
currentSize : 13 <-- 0.004404 s
currentSize : 14 <-- 0.051364 s
currentSize : 15 <-- 0.058773 s
currentSize : 16 <-- 0.153203 s

maxsize : 16
nodes : 20999.000000
filtered : 441098.000000
time : 0.180907
