Parameters: GAD=1 vflib=1 dir=0 label=0 lowerbound=1 fileNameGp=../graphsdb/mcs90/rand/r01/mcs90_r01_s25.A02 fileNameGt=../graphsdb/mcs90/rand/r01/mcs90_r01_s25.B02
Reading graphs...
25 :  59
25 :  59
Initializing...
maxdom : 25
D->valSize : 625
Solving...
currentSize : 13 <-- 0.004942 s
currentSize : 14 <-- 0.005199 s
currentSize : 15 <-- 0.005367 s
currentSize : 16 <-- 0.144807 s
currentSize : 20 <-- 0.727979 s
currentSize : 22 <-- 0.739107 s

maxsize : 22
nodes : 87208.000000
filtered : 1836928.000000
time : 0.766074
