Parameters: GAD=1 vflib=1 dir=0 label=0 lowerbound=1 fileNameGp=../graphsdb/mcs90/bvg/b06m/mcs90_b06m_s30.A25 fileNameGt=../graphsdb/mcs90/bvg/b06m/mcs90_b06m_s30.B25
Reading graphs...
30 :  88
30 :  87
Initializing...
maxdom : 30
D->valSize : 900
Solving...
currentSize : 11 <-- 0.017877 s
currentSize : 12 <-- 0.017970 s
currentSize : 14 <-- 0.018137 s
currentSize : 15 <-- 0.024389 s
currentSize : 16 <-- 0.054241 s
currentSize : 18 <-- 0.179918 s
currentSize : 19 <-- 0.180362 s
currentSize : 20 <-- 4.847263 s
currentSize : 21 <-- 4.912485 s
currentSize : 23 <-- 4.926711 s
currentSize : 27 <-- 4.927420 s

maxsize : 27
nodes : 544615.000000
filtered : 16794415.000000
time : 5.009246
