Parameters: GAD=1 vflib=1 dir=0 label=0 lowerbound=1 fileNameGp=../graphsdb/mcs90/m2D/m2D/mcs90_m2D_s30.A22 fileNameGt=../graphsdb/mcs90/m2D/m2D/mcs90_m2D_s30.B22
Reading graphs...
30 :  49
30 :  49
Initializing...
maxdom : 30
D->valSize : 900
Solving...
currentSize : 20 <-- 0.010932 s
currentSize : 21 <-- 0.020937 s
currentSize : 22 <-- 0.550937 s
currentSize : 24 <-- 1.176370 s
currentSize : 25 <-- 2.890539 s
currentSize : 26 <-- 2.890632 s

maxsize : 26
nodes : 150715.000000
filtered : 4320087.000000
time : 3.631607
