Parameters: GAD=1 vflib=1 dir=0 label=0 lowerbound=1 fileNameGp=../graphsdb/mcs90/rand/r005/mcs90_r005_s30.A38 fileNameGt=../graphsdb/mcs90/rand/r005/mcs90_r005_s30.B38
Reading graphs...
30 :  41
30 :  42
Initializing...
maxdom : 30
D->valSize : 900
Solving...
currentSize : 10 <-- 0.019426 s
currentSize : 11 <-- 0.019454 s
currentSize : 12 <-- 0.019589 s
currentSize : 13 <-- 0.019602 s
currentSize : 15 <-- 0.021187 s
currentSize : 16 <-- 0.029198 s
currentSize : 17 <-- 0.204011 s
currentSize : 18 <-- 3.545289 s
currentSize : 19 <-- 6.460877 s
currentSize : 20 <-- 54.648365 s
currentSize : 21 <-- 90.564896 s
currentSize : 22 <-- 90.567711 s
currentSize : 23 <-- 90.573051 s
currentSize : 24 <-- 93.234993 s
currentSize : 25 <-- 93.489349 s
currentSize : 27 <-- 93.489456 s

maxsize : 27
nodes : 7787285.000000
filtered : 110917896.000000
time : 93.607101
