Parameters: GAD=1 vflib=1 dir=0 label=0 lowerbound=1 fileNameGp=../graphsdb/mcs90/rand/r02/mcs90_r02_s30.A78 fileNameGt=../graphsdb/mcs90/rand/r02/mcs90_r02_s30.B78
Reading graphs...
30 :  154
30 :  148
Initializing...
maxdom : 30
D->valSize : 900
Solving...
currentSize : 10 <-- 0.009381 s
currentSize : 11 <-- 0.009641 s
currentSize : 12 <-- 0.010105 s
currentSize : 13 <-- 0.110707 s
currentSize : 14 <-- 0.458497 s
currentSize : 16 <-- 2.501373 s
currentSize : 18 <-- 2.671289 s
currentSize : 19 <-- 3.035879 s
currentSize : 20 <-- 6.275612 s
currentSize : 27 <-- 6.346869 s

maxsize : 27
nodes : 1129538.000000
filtered : 23968430.000000
time : 6.383795
