Parameters: GAD=1 vflib=1 dir=0 label=0 lowerbound=1 fileNameGp=../graphsdb/mcs90/bvg/b06m/mcs90_b06m_s30.A88 fileNameGt=../graphsdb/mcs90/bvg/b06m/mcs90_b06m_s30.B88
Reading graphs...
30 :  88
30 :  88
Initializing...
maxdom : 30
D->valSize : 900
Solving...
currentSize : 12 <-- 0.017486 s
currentSize : 13 <-- 0.017531 s
currentSize : 14 <-- 0.018575 s
currentSize : 15 <-- 0.021918 s
currentSize : 16 <-- 0.054848 s
currentSize : 17 <-- 0.258650 s
currentSize : 18 <-- 8.404689 s
currentSize : 19 <-- 11.152856 s
currentSize : 20 <-- 11.153656 s
currentSize : 21 <-- 11.154095 s
currentSize : 24 <-- 11.168785 s
currentSize : 27 <-- 11.175150 s

maxsize : 27
nodes : 1304446.000000
filtered : 31399277.000000
time : 11.270202
