Parameters: GAD=1 vflib=1 dir=0 label=0 lowerbound=1 fileNameGp=../graphsdb/mcs90/bvg/b09m/mcs90_b09m_s35.A71 fileNameGt=../graphsdb/mcs90/bvg/b09m/mcs90_b09m_s35.B71
Reading graphs...
35 :  152
35 :  151
Initializing...
maxdom : 35
D->valSize : 1225
Solving...
currentSize : 13 <-- 0.017879 s
currentSize : 14 <-- 0.017929 s
currentSize : 15 <-- 0.019366 s
currentSize : 16 <-- 0.030275 s
currentSize : 17 <-- 12.532363 s
currentSize : 18 <-- 15.461369 s
currentSize : 20 <-- 26.984421 s
currentSize : 21 <-- 27.507792 s
currentSize : 23 <-- 27.551323 s
currentSize : 30 <-- 44.037209 s

maxsize : 30
nodes : 6321131.000000
filtered : 157468587.000000
time : 44.481686
