Parameters: GAD=1 vflib=1 dir=0 label=0 lowerbound=1 fileNameGp=../graphsdb/mcs90/m2D/m2Dr2/mcs90_m2Dr2_s30.A87 fileNameGt=../graphsdb/mcs90/m2D/m2Dr2/mcs90_m2Dr2_s30.B87
Reading graphs...
30 :  55
30 :  55
Initializing...
maxdom : 30
D->valSize : 900
Solving...
currentSize : 15 <-- 0.011072 s
currentSize : 16 <-- 0.011333 s
currentSize : 17 <-- 0.050715 s
currentSize : 18 <-- 0.052883 s
currentSize : 19 <-- 1.202413 s
currentSize : 20 <-- 8.534864 s
currentSize : 21 <-- 21.160561 s
currentSize : 23 <-- 45.027359 s
currentSize : 24 <-- 45.028938 s
currentSize : 25 <-- 45.029003 s

maxsize : 25
nodes : 3213874.000000
filtered : 81579463.000000
time : 46.632656
