Parameters: GAD=1 vflib=1 dir=0 label=0 lowerbound=1 fileNameGp=../graphsdb/mcs90/bvg/b09m/mcs90_b09m_s35.A07 fileNameGt=../graphsdb/mcs90/bvg/b09m/mcs90_b09m_s35.B07
Reading graphs...
35 :  151
35 :  151
Initializing...
maxdom : 35
D->valSize : 1225
Solving...
currentSize : 11 <-- 0.018396 s
currentSize : 12 <-- 0.019547 s
currentSize : 13 <-- 0.021741 s
currentSize : 14 <-- 0.028479 s
currentSize : 15 <-- 0.080972 s
currentSize : 16 <-- 0.980881 s
currentSize : 17 <-- 1.021491 s
currentSize : 18 <-- 1.021631 s
currentSize : 19 <-- 36.123917 s
currentSize : 20 <-- 39.861546 s
currentSize : 21 <-- 41.449440 s
currentSize : 22 <-- 41.452679 s
currentSize : 25 <-- 42.600235 s
currentSize : 30 <-- 42.840897 s

maxsize : 30
nodes : 6030110.000000
filtered : 145195125.000000
time : 43.452644
