Parameters: GAD=1 vflib=1 dir=0 label=0 lowerbound=1 fileNameGp=../graphsdb/mcs90/m2D/m2Dr4/mcs90_m2Dr4_s20.A23 fileNameGt=../graphsdb/mcs90/m2D/m2Dr4/mcs90_m2Dr4_s20.B23
Reading graphs...
20 :  37
20 :  37
Initializing...
maxdom : 20
D->valSize : 400
Solving...
currentSize : 9 <-- 0.002211 s
currentSize : 10 <-- 0.002258 s
currentSize : 13 <-- 0.002289 s
currentSize : 14 <-- 0.016806 s
currentSize : 15 <-- 0.228730 s
currentSize : 16 <-- 0.266306 s

maxsize : 16
nodes : 30536.000000
filtered : 663925.000000
time : 0.286743
