Parameters: GAD=1 vflib=1 dir=0 label=0 lowerbound=1 fileNameGp=../graphsdb/mcs90/m2D/m2Dr2/mcs90_m2Dr2_s30.A97 fileNameGt=../graphsdb/mcs90/m2D/m2Dr2/mcs90_m2Dr2_s30.B97
Reading graphs...
30 :  54
30 :  53
Initializing...
maxdom : 30
D->valSize : 900
Solving...
currentSize : 16 <-- 0.010859 s
currentSize : 17 <-- 0.010894 s
currentSize : 18 <-- 0.012986 s
currentSize : 19 <-- 0.015806 s
currentSize : 20 <-- 0.098862 s
currentSize : 21 <-- 3.321074 s
currentSize : 22 <-- 12.100985 s
currentSize : 23 <-- 20.426573 s
currentSize : 25 <-- 23.107260 s

maxsize : 25
nodes : 966099.000000
filtered : 32324232.000000
time : 24.543112
