Parameters: GAD=1 vflib=1 dir=0 label=0 lowerbound=1 fileNameGp=../graphsdb/mcs90/rand/r01/mcs90_r01_s25.A66 fileNameGt=../graphsdb/mcs90/rand/r01/mcs90_r01_s25.B66
Reading graphs...
25 :  58
25 :  57
Initializing...
maxdom : 25
D->valSize : 625
Solving...
currentSize : 9 <-- 0.004967 s
currentSize : 10 <-- 0.004989 s
currentSize : 11 <-- 0.004999 s
currentSize : 12 <-- 0.005046 s
currentSize : 13 <-- 0.005379 s
currentSize : 14 <-- 0.008580 s
currentSize : 15 <-- 0.008644 s
currentSize : 16 <-- 3.251172 s
currentSize : 17 <-- 4.475824 s
currentSize : 22 <-- 5.528749 s

maxsize : 22
nodes : 858319.000000
filtered : 15172902.000000
time : 5.551115
