Parameters: GAD=1 vflib=1 dir=0 label=0 lowerbound=1 fileNameGp=../graphsdb/mcs90/bvg/b03m/mcs90_b03m_s25.A21 fileNameGt=../graphsdb/mcs90/bvg/b03m/mcs90_b03m_s25.B21
Reading graphs...
25 :  36
25 :  35
Initializing...
maxdom : 25
D->valSize : 625
Solving...
currentSize : 14 <-- 0.005288 s
currentSize : 15 <-- 0.005369 s
currentSize : 16 <-- 0.006309 s
currentSize : 17 <-- 0.014764 s
currentSize : 18 <-- 0.143501 s
currentSize : 19 <-- 0.760678 s
currentSize : 20 <-- 1.179120 s
currentSize : 21 <-- 1.369263 s
currentSize : 22 <-- 1.369290 s

maxsize : 22
nodes : 67026.000000
filtered : 1652994.000000
time : 1.484190
