Parameters: GAD=1 vflib=1 dir=0 label=0 lowerbound=1 fileNameGp=../graphsdb/mcs90/bvg/b06/mcs90_b06_s35.A80 fileNameGt=../graphsdb/mcs90/bvg/b06/mcs90_b06_s35.B80
Reading graphs...
35 :  105
35 :  104
Initializing...
maxdom : 35
D->valSize : 1225
Solving...
currentSize : 18 <-- 0.019255 s
currentSize : 19 <-- 0.019296 s
currentSize : 21 <-- 0.019434 s
currentSize : 22 <-- 0.020730 s
currentSize : 23 <-- 0.021604 s
currentSize : 24 <-- 0.022087 s
currentSize : 26 <-- 0.022573 s
currentSize : 27 <-- 0.023590 s
currentSize : 28 <-- 0.079510 s
currentSize : 29 <-- 0.079644 s
currentSize : 31 <-- 0.081384 s
currentSize : 32 <-- 0.127345 s

maxsize : 32
nodes : 7457.000000
filtered : 456981.000000
time : 0.395702
