Parameters: GAD=1 vflib=1 dir=0 label=0 lowerbound=1 fileNameGp=../graphsdb/mcs90/rand/r02/mcs90_r02_s35.A63 fileNameGt=../graphsdb/mcs90/rand/r02/mcs90_r02_s35.B63
Reading graphs...
35 :  218
35 :  215
Initializing...
maxdom : 35
D->valSize : 1225
Solving...
currentSize : 10 <-- 0.029295 s
currentSize : 12 <-- 0.029464 s
currentSize : 13 <-- 0.032046 s
currentSize : 14 <-- 0.418152 s
currentSize : 15 <-- 5.954240 s
currentSize : 17 <-- 75.305969 s
currentSize : 18 <-- 101.442764 s
currentSize : 20 <-- 106.278191 s
currentSize : 21 <-- 115.857140 s
currentSize : 31 <-- 119.722359 s

maxsize : 31
nodes : 23888271.000000
filtered : 334335285.000000
time : 119.885971
