Parameters: GAD=1 vflib=1 dir=0 label=0 lowerbound=1 fileNameGp=../graphsdb/mcs90/bvg/b06/mcs90_b06_s35.A79 fileNameGt=../graphsdb/mcs90/bvg/b06/mcs90_b06_s35.B79
Reading graphs...
35 :  105
35 :  105
Initializing...
maxdom : 35
D->valSize : 1225
Solving...
currentSize : 22 <-- 0.019408 s
currentSize : 23 <-- 0.019569 s
currentSize : 24 <-- 0.020332 s
currentSize : 25 <-- 0.020483 s
currentSize : 26 <-- 0.022584 s
currentSize : 27 <-- 0.025492 s
currentSize : 28 <-- 0.028617 s
currentSize : 29 <-- 0.028764 s
currentSize : 31 <-- 0.037427 s
currentSize : 32 <-- 0.219905 s

maxsize : 32
nodes : 7778.000000
filtered : 562021.000000
time : 0.470816
