Parameters: GAD=1 vflib=1 dir=0 label=0 lowerbound=1 fileNameGp=../graphsdb/mcs90/m2D/m2Dr4/mcs90_m2Dr4_s30.A79 fileNameGt=../graphsdb/mcs90/m2D/m2Dr4/mcs90_m2Dr4_s30.B79
Reading graphs...
30 :  60
30 :  58
Initializing...
maxdom : 30
D->valSize : 900
Solving...
currentSize : 15 <-- 0.018993 s
currentSize : 16 <-- 0.019303 s
currentSize : 17 <-- 0.019829 s
currentSize : 18 <-- 0.024650 s
currentSize : 20 <-- 0.026854 s
currentSize : 21 <-- 0.027118 s
currentSize : 22 <-- 15.835433 s
currentSize : 23 <-- 18.762459 s
currentSize : 25 <-- 18.762625 s

maxsize : 25
nodes : 940204.000000
filtered : 33176447.000000
time : 19.483355
