Parameters: GAD=1 vflib=1 dir=0 label=0 lowerbound=1 fileNameGp=../graphsdb/mcs90/m2D/m2Dr6/mcs90_m2Dr6_s30.A79 fileNameGt=../graphsdb/mcs90/m2D/m2Dr6/mcs90_m2Dr6_s30.B79
Reading graphs...
30 :  65
30 :  64
Initializing...
maxdom : 30
D->valSize : 900
Solving...
currentSize : 13 <-- 0.018774 s
currentSize : 14 <-- 0.018920 s
currentSize : 16 <-- 0.019868 s
currentSize : 17 <-- 0.020400 s
currentSize : 18 <-- 0.376171 s
currentSize : 19 <-- 1.221532 s
currentSize : 20 <-- 26.277582 s
currentSize : 21 <-- 33.342167 s
currentSize : 22 <-- 35.209293 s
currentSize : 23 <-- 42.193779 s
currentSize : 25 <-- 42.194798 s

maxsize : 25
nodes : 3303018.000000
filtered : 87162692.000000
time : 42.390320
