Parameters: GAD=1 vflib=1 dir=0 label=0 lowerbound=1 fileNameGp=../graphsdb/mcs90/rand/r005/mcs90_r005_s30.A72 fileNameGt=../graphsdb/mcs90/rand/r005/mcs90_r005_s30.B72
Reading graphs...
30 :  42
30 :  41
Initializing...
maxdom : 30
D->valSize : 900
Solving...
currentSize : 19 <-- 0.019758 s
currentSize : 20 <-- 0.019938 s
currentSize : 23 <-- 0.021664 s
currentSize : 24 <-- 0.022155 s
currentSize : 25 <-- 0.037880 s
currentSize : 27 <-- 0.038390 s

maxsize : 27
nodes : 3429.000000
filtered : 145173.000000
time : 0.217370
