Parameters: GAD=1 vflib=1 dir=0 label=0 lowerbound=1 fileNameGp=../graphsdb/mcs90/m2D/m2Dr6/mcs90_m2Dr6_s20.A96 fileNameGt=../graphsdb/mcs90/m2D/m2Dr6/mcs90_m2Dr6_s20.B96
Reading graphs...
20 :  42
20 :  41
Initializing...
maxdom : 20
D->valSize : 400
Solving...
currentSize : 8 <-- 0.002198 s
currentSize : 9 <-- 0.002347 s
currentSize : 10 <-- 0.002362 s
currentSize : 11 <-- 0.004063 s
currentSize : 12 <-- 0.009072 s
currentSize : 13 <-- 0.012393 s
currentSize : 14 <-- 0.084555 s
currentSize : 16 <-- 0.109944 s

maxsize : 16
nodes : 16825.000000
filtered : 336062.000000
time : 0.144200
