Parameters: GAD=1 vflib=1 dir=0 label=0 lowerbound=1 fileNameGp=../graphsdb/mcs90/m2D/m2Dr6/mcs90_m2Dr6_s20.A85 fileNameGt=../graphsdb/mcs90/m2D/m2Dr6/mcs90_m2Dr6_s20.B85
Reading graphs...
20 :  40
20 :  40
Initializing...
maxdom : 20
D->valSize : 400
Solving...
currentSize : 11 <-- 0.002141 s
currentSize : 12 <-- 0.002315 s
currentSize : 13 <-- 0.002357 s
currentSize : 14 <-- 0.011917 s
currentSize : 15 <-- 0.152676 s
currentSize : 17 <-- 0.152933 s

maxsize : 17
nodes : 31585.000000
filtered : 487627.000000
time : 0.178027
