Parameters: GAD=1 vflib=1 dir=0 label=0 lowerbound=1 fileNameGp=../graphsdb/mcs90/rand/r01/mcs90_r01_s25.A70 fileNameGt=../graphsdb/mcs90/rand/r01/mcs90_r01_s25.B70
Reading graphs...
25 :  58
25 :  56
Initializing...
maxdom : 25
D->valSize : 625
Solving...
currentSize : 10 <-- 0.004902 s
currentSize : 11 <-- 0.004938 s
currentSize : 12 <-- 0.004971 s
currentSize : 13 <-- 0.006856 s
currentSize : 14 <-- 0.021041 s
currentSize : 15 <-- 0.021407 s
currentSize : 16 <-- 0.089013 s
currentSize : 17 <-- 0.325463 s
currentSize : 20 <-- 0.325953 s
currentSize : 22 <-- 0.340185 s

maxsize : 22
nodes : 48692.000000
filtered : 928912.000000
time : 0.410433
