Parameters: GAD=1 vflib=1 dir=0 label=0 lowerbound=1 fileNameGp=../graphsdb/mcs90/bvg/b03/mcs90_b03_s35.A07 fileNameGt=../graphsdb/mcs90/bvg/b03/mcs90_b03_s35.B07
Reading graphs...
35 :  52
35 :  52
Initializing...
maxdom : 35
D->valSize : 1225
Solving...
currentSize : 15 <-- 0.020701 s
currentSize : 20 <-- 0.020738 s
currentSize : 21 <-- 0.020820 s
currentSize : 23 <-- 0.023911 s
currentSize : 24 <-- 0.026282 s
currentSize : 25 <-- 0.036573 s
currentSize : 26 <-- 0.042440 s
currentSize : 27 <-- 0.167188 s
currentSize : 28 <-- 0.356165 s
currentSize : 30 <-- 1.208048 s
currentSize : 31 <-- 1.720701 s
currentSize : 32 <-- 2.599484 s

maxsize : 32
nodes : 32760.000000
filtered : 1926774.000000
time : 3.640659
