Parameters: GAD=1 vflib=1 dir=0 label=0 lowerbound=1 fileNameGp=../graphsdb/mcs90/bvg/b06m/mcs90_b06m_s30.A23 fileNameGt=../graphsdb/mcs90/bvg/b06m/mcs90_b06m_s30.B23
Reading graphs...
30 :  90
30 :  89
Initializing...
maxdom : 30
D->valSize : 900
Solving...
currentSize : 10 <-- 0.015923 s
currentSize : 11 <-- 0.015946 s
currentSize : 12 <-- 0.015977 s
currentSize : 13 <-- 0.016309 s
currentSize : 14 <-- 0.022549 s
currentSize : 15 <-- 0.034642 s
currentSize : 16 <-- 0.230332 s
currentSize : 17 <-- 0.875079 s
currentSize : 18 <-- 3.159310 s
currentSize : 19 <-- 3.415142 s
currentSize : 20 <-- 3.551630 s
currentSize : 21 <-- 4.390754 s
currentSize : 24 <-- 4.653495 s
currentSize : 27 <-- 4.653574 s

maxsize : 27
nodes : 457955.000000
filtered : 11353657.000000
time : 4.705619
