Parameters: GAD=1 vflib=1 dir=0 label=0 lowerbound=1 fileNameGp=../graphsdb/mcs90/m2D/m2Dr6/mcs90_m2Dr6_s30.A75 fileNameGt=../graphsdb/mcs90/m2D/m2Dr6/mcs90_m2Dr6_s30.B75
Reading graphs...
30 :  66
30 :  65
Initializing...
maxdom : 30
D->valSize : 900
Solving...
currentSize : 6 <-- 0.018602 s
currentSize : 15 <-- 0.018688 s
currentSize : 16 <-- 0.018799 s
currentSize : 17 <-- 0.020494 s
currentSize : 18 <-- 0.025940 s
currentSize : 19 <-- 0.314353 s
currentSize : 20 <-- 0.692137 s
currentSize : 21 <-- 0.925104 s
currentSize : 22 <-- 0.925162 s
currentSize : 23 <-- 1.069620 s
currentSize : 24 <-- 1.069652 s
currentSize : 26 <-- 1.069893 s

maxsize : 26
nodes : 91131.000000
filtered : 2459260.000000
time : 1.287145
