Parameters: GAD=1 vflib=1 dir=0 label=0 lowerbound=1 fileNameGp=../graphsdb/mcs90/rand/r005/mcs90_r005_s35.A10 fileNameGt=../graphsdb/mcs90/rand/r005/mcs90_r005_s35.B10
Reading graphs...
35 :  56
35 :  57
Initializing...
maxdom : 35
D->valSize : 1225
Solving...
currentSize : 15 <-- 0.024947 s
currentSize : 17 <-- 0.105383 s
currentSize : 18 <-- 0.797453 s
currentSize : 19 <-- 0.869722 s
currentSize : 20 <-- 1.171721 s
currentSize : 21 <-- 1.272622 s
currentSize : 22 <-- 10.887645 s
currentSize : 23 <-- 194.868515 s
currentSize : 24 <-- 1968.382812 s
currentSize : 25 <-- 1968.796997 s
currentSize : 26 <-- 2127.316162 s
currentSize : 27 <-- 2128.301514 s
currentSize : 28 <-- 2138.792969 s
currentSize : 29 <-- 2139.338867 s
currentSize : 30 <-- 2139.978516 s
currentSize : 31 <-- 2139.978760 s

maxsize : 31
nodes : 122679965.000000
filtered : 2156885254.000000
time : 2140.210205
