Parameters: GAD=1 vflib=1 dir=0 label=0 lowerbound=1 fileNameGp=../graphsdb/mcs90/bvg/b09m/mcs90_b09m_s35.A19 fileNameGt=../graphsdb/mcs90/bvg/b09m/mcs90_b09m_s35.B19
Reading graphs...
35 :  150
35 :  149
Initializing...
maxdom : 35
D->valSize : 1225
Solving...
currentSize : 11 <-- 0.018088 s
currentSize : 12 <-- 0.018118 s
currentSize : 13 <-- 0.018166 s
currentSize : 14 <-- 0.018446 s
currentSize : 16 <-- 0.113005 s
currentSize : 17 <-- 0.720094 s
currentSize : 18 <-- 2.312432 s
currentSize : 20 <-- 2.313430 s
currentSize : 21 <-- 10.331730 s
currentSize : 22 <-- 33.429897 s
currentSize : 27 <-- 35.148064 s
currentSize : 30 <-- 35.148819 s

maxsize : 30
nodes : 4188133.000000
filtered : 141034716.000000
time : 35.554626
