Parameters: GAD=1 vflib=1 dir=0 label=0 lowerbound=1 fileNameGp=../graphsdb/mcs90/bvg/b06/mcs90_b06_s30.A21 fileNameGt=../graphsdb/mcs90/bvg/b06/mcs90_b06_s30.B21
Reading graphs...
30 :  90
30 :  90
Initializing...
maxdom : 30
D->valSize : 900
Solving...
currentSize : 14 <-- 0.010046 s
currentSize : 15 <-- 0.010081 s
currentSize : 17 <-- 0.010146 s
currentSize : 18 <-- 0.010271 s
currentSize : 19 <-- 0.010375 s
currentSize : 20 <-- 0.014397 s
currentSize : 21 <-- 0.032202 s
currentSize : 22 <-- 0.036586 s
currentSize : 23 <-- 0.098424 s
currentSize : 24 <-- 0.778650 s
currentSize : 25 <-- 0.867994 s
currentSize : 27 <-- 0.925966 s

maxsize : 27
nodes : 47118.000000
filtered : 2415780.000000
time : 1.028900
