Parameters: GAD=1 vflib=1 dir=0 label=0 lowerbound=1 fileNameGp=../graphsdb/mcs90/bvg/b03m/mcs90_b03m_s25.A33 fileNameGt=../graphsdb/mcs90/bvg/b03m/mcs90_b03m_s25.B33
Reading graphs...
25 :  37
25 :  37
Initializing...
maxdom : 25
D->valSize : 625
Solving...
currentSize : 11 <-- 0.005247 s
currentSize : 12 <-- 0.005297 s
currentSize : 13 <-- 0.005322 s
currentSize : 14 <-- 0.005584 s
currentSize : 15 <-- 0.005606 s
currentSize : 16 <-- 0.005936 s
currentSize : 17 <-- 0.031036 s
currentSize : 18 <-- 0.377131 s
currentSize : 19 <-- 1.082584 s
currentSize : 21 <-- 1.505582 s
currentSize : 22 <-- 1.505769 s

maxsize : 22
nodes : 107989.000000
filtered : 2290069.000000
time : 1.602709
