Parameters: GAD=1 vflib=1 dir=0 label=0 lowerbound=1 fileNameGp=../graphsdb/mcs90/m2D/m2Dr6/mcs90_m2Dr6_s30.A77 fileNameGt=../graphsdb/mcs90/m2D/m2Dr6/mcs90_m2Dr6_s30.B77
Reading graphs...
30 :  66
30 :  66
Initializing...
maxdom : 30
D->valSize : 900
Solving...
currentSize : 15 <-- 0.010820 s
currentSize : 17 <-- 0.010920 s
currentSize : 18 <-- 0.017567 s
currentSize : 19 <-- 2.402395 s
currentSize : 20 <-- 12.215498 s
currentSize : 21 <-- 12.242064 s
currentSize : 22 <-- 20.674288 s
currentSize : 25 <-- 22.681091 s

maxsize : 25
nodes : 1604560.000000
filtered : 46281130.000000
time : 23.143116
