Parameters: GAD=1 vflib=1 dir=0 label=0 lowerbound=1 fileNameGp=../graphsdb/mcs90/bvg/b06m/mcs90_b06m_s35.A22 fileNameGt=../graphsdb/mcs90/bvg/b06m/mcs90_b06m_s35.B22
Reading graphs...
35 :  103
35 :  102
Initializing...
maxdom : 35
D->valSize : 1225
Solving...
currentSize : 18 <-- 0.033773 s
currentSize : 19 <-- 0.253533 s
currentSize : 20 <-- 0.464052 s
currentSize : 21 <-- 48.706768 s
currentSize : 22 <-- 76.089874 s
currentSize : 23 <-- 76.668602 s
currentSize : 24 <-- 125.789368 s
currentSize : 25 <-- 130.187683 s
currentSize : 26 <-- 133.696182 s
currentSize : 31 <-- 133.716217 s

maxsize : 31
nodes : 7282074.000000
filtered : 254114752.000000
time : 134.051620
