Parameters: GAD=1 vflib=1 dir=0 label=0 lowerbound=1 fileNameGp=../graphsdb/mcs90/bvg/b03/mcs90_b03_s30.A69 fileNameGt=../graphsdb/mcs90/bvg/b03/mcs90_b03_s30.B69
Reading graphs...
30 :  45
30 :  45
Initializing...
maxdom : 30
D->valSize : 900
Solving...
currentSize : 17 <-- 0.019442 s
currentSize : 20 <-- 0.019737 s
currentSize : 22 <-- 0.023064 s
currentSize : 23 <-- 0.032793 s
currentSize : 24 <-- 0.202586 s
currentSize : 26 <-- 0.290932 s
currentSize : 27 <-- 0.323218 s

maxsize : 27
nodes : 16161.000000
filtered : 541855.000000
time : 0.609546
