Parameters: GAD=1 vflib=1 dir=0 label=0 lowerbound=1 fileNameGp=../graphsdb/mcs90/bvg/b06/mcs90_b06_s30.A13 fileNameGt=../graphsdb/mcs90/bvg/b06/mcs90_b06_s30.B13
Reading graphs...
30 :  89
30 :  90
Initializing...
maxdom : 30
D->valSize : 900
Solving...
currentSize : 17 <-- 0.017782 s
currentSize : 18 <-- 0.017872 s
currentSize : 19 <-- 0.018004 s
currentSize : 20 <-- 0.018087 s
currentSize : 21 <-- 0.018231 s
currentSize : 22 <-- 0.021408 s
currentSize : 23 <-- 0.021600 s
currentSize : 25 <-- 0.039352 s
currentSize : 27 <-- 0.039979 s

maxsize : 27
nodes : 3495.000000
filtered : 241058.000000
time : 0.295050
