Parameters: GAD=1 vflib=1 dir=0 label=0 lowerbound=1 fileNameGp=../graphsdb/mcs90/rand/r01/mcs90_r01_s25.A07 fileNameGt=../graphsdb/mcs90/rand/r01/mcs90_r01_s25.B07
Reading graphs...
25 :  55
25 :  56
Initializing...
maxdom : 25
D->valSize : 625
Solving...
currentSize : 13 <-- 0.005019 s
currentSize : 14 <-- 0.005317 s
currentSize : 15 <-- 0.005537 s
currentSize : 16 <-- 0.020606 s
currentSize : 18 <-- 0.670607 s
currentSize : 22 <-- 0.780970 s

maxsize : 22
nodes : 122347.000000
filtered : 2146674.000000
time : 0.803220
