Parameters: GAD=1 vflib=1 dir=0 label=0 lowerbound=1 fileNameGp=../graphsdb/mcs90/m2D/m2Dr6/mcs90_m2Dr6_s30.A78 fileNameGt=../graphsdb/mcs90/m2D/m2Dr6/mcs90_m2Dr6_s30.B78
Reading graphs...
30 :  64
30 :  64
Initializing...
maxdom : 30
D->valSize : 900
Solving...
currentSize : 13 <-- 0.011021 s
currentSize : 14 <-- 0.011090 s
currentSize : 15 <-- 0.011102 s
currentSize : 17 <-- 0.011477 s
currentSize : 18 <-- 0.160250 s
currentSize : 19 <-- 0.209544 s
currentSize : 20 <-- 0.210001 s
currentSize : 22 <-- 0.349859 s
currentSize : 25 <-- 0.550402 s

maxsize : 25
nodes : 64820.000000
filtered : 2389467.000000
time : 1.313610
