Parameters: GAD=1 vflib=1 dir=0 label=0 lowerbound=1 fileNameGp=../graphsdb/mcs90/bvg/b09m/mcs90_b09m_s20.A68 fileNameGt=../graphsdb/mcs90/bvg/b09m/mcs90_b09m_s20.B68
Reading graphs...
20 :  83
20 :  81
Initializing...
maxdom : 20
D->valSize : 400
Solving...
currentSize : 7 <-- 0.002152 s
currentSize : 8 <-- 0.002273 s
currentSize : 9 <-- 0.002345 s
currentSize : 10 <-- 0.006568 s
currentSize : 11 <-- 0.028492 s
currentSize : 12 <-- 0.074905 s
currentSize : 13 <-- 0.082380 s
currentSize : 14 <-- 0.082501 s
currentSize : 18 <-- 0.083180 s

maxsize : 18
nodes : 24113.000000
filtered : 252205.000000
time : 0.089387
