Parameters: GAD=1 vflib=1 dir=0 label=0 lowerbound=1 fileNameGp=../graphsdb/mcs90/rand/r005/mcs90_r005_s35.A95 fileNameGt=../graphsdb/mcs90/rand/r005/mcs90_r005_s35.B95
Reading graphs...
35 :  54
35 :  54
Initializing...
maxdom : 35
D->valSize : 1225
Solving...
currentSize : 16 <-- 0.036774 s
currentSize : 17 <-- 0.036951 s
currentSize : 18 <-- 0.047914 s
currentSize : 19 <-- 0.080823 s
currentSize : 20 <-- 0.413852 s
currentSize : 21 <-- 0.425480 s
currentSize : 22 <-- 0.494849 s
currentSize : 23 <-- 9.057056 s
currentSize : 24 <-- 37.765495 s
currentSize : 25 <-- 413.661163 s
currentSize : 26 <-- 549.340759 s
currentSize : 27 <-- 605.696533 s
currentSize : 28 <-- 606.552612 s
currentSize : 29 <-- 606.553101 s
currentSize : 31 <-- 606.649292 s

maxsize : 31
nodes : 27394608.000000
filtered : 837067769.000000
time : 607.424805
