Parameters: GAD=1 vflib=1 dir=0 label=0 lowerbound=1 fileNameGp=../graphsdb/mcs90/bvg/b06m/mcs90_b06m_s30.A43 fileNameGt=../graphsdb/mcs90/bvg/b06m/mcs90_b06m_s30.B43
Reading graphs...
30 :  88
30 :  88
Initializing...
maxdom : 30
D->valSize : 900
Solving...
currentSize : 13 <-- 0.010432 s
currentSize : 14 <-- 0.010506 s
currentSize : 15 <-- 0.011540 s
currentSize : 16 <-- 0.013940 s
currentSize : 17 <-- 0.292857 s
currentSize : 18 <-- 1.955327 s
currentSize : 19 <-- 11.192880 s
currentSize : 21 <-- 11.193089 s
currentSize : 23 <-- 11.443599 s
currentSize : 27 <-- 11.513407 s

maxsize : 27
nodes : 1209462.000000
filtered : 30213814.000000
time : 11.563874
