Parameters: GAD=1 vflib=1 dir=0 label=0 lowerbound=1 fileNameGp=../graphsdb/mcs90/bvg/b03m/mcs90_b03m_s30.A25 fileNameGt=../graphsdb/mcs90/bvg/b03m/mcs90_b03m_s30.B25
Reading graphs...
30 :  44
30 :  44
Initializing...
maxdom : 30
D->valSize : 900
Solving...
currentSize : 9 <-- 0.011471 s
currentSize : 18 <-- 0.011525 s
currentSize : 19 <-- 0.011540 s
currentSize : 20 <-- 0.011621 s
currentSize : 21 <-- 0.011792 s
currentSize : 22 <-- 0.122062 s
currentSize : 24 <-- 0.146634 s
currentSize : 26 <-- 0.146650 s

maxsize : 26
nodes : 14779.000000
filtered : 581616.000000
time : 0.889221
