Parameters: GAD=1 vflib=1 dir=0 label=0 lowerbound=1 fileNameGp=../graphsdb/mcs90/rand/r01/mcs90_r01_s30.A07 fileNameGt=../graphsdb/mcs90/rand/r01/mcs90_r01_s30.B07
Reading graphs...
30 :  81
30 :  81
Initializing...
maxdom : 30
D->valSize : 900
Solving...
currentSize : 13 <-- 0.010567 s
currentSize : 14 <-- 0.010589 s
currentSize : 15 <-- 0.011063 s
currentSize : 16 <-- 0.011936 s
currentSize : 17 <-- 0.013358 s
currentSize : 19 <-- 0.039992 s
currentSize : 20 <-- 0.102048 s
currentSize : 21 <-- 0.116101 s
currentSize : 23 <-- 0.122733 s
currentSize : 24 <-- 0.129837 s
currentSize : 27 <-- 0.132202 s

maxsize : 27
nodes : 16547.000000
filtered : 482718.000000
time : 0.168822
