Parameters: GAD=1 vflib=1 dir=0 label=0 lowerbound=1 fileNameGp=../graphsdb/mcs90/m2D/m2Dr6/mcs90_m2Dr6_s30.A31 fileNameGt=../graphsdb/mcs90/m2D/m2Dr6/mcs90_m2Dr6_s30.B31
Reading graphs...
30 :  65
30 :  64
Initializing...
maxdom : 30
D->valSize : 900
Solving...
currentSize : 15 <-- 0.018325 s
currentSize : 16 <-- 0.018476 s
currentSize : 17 <-- 0.019573 s
currentSize : 18 <-- 0.376858 s
currentSize : 19 <-- 1.757493 s
currentSize : 20 <-- 15.673383 s
currentSize : 21 <-- 15.673445 s
currentSize : 22 <-- 20.909353 s
currentSize : 23 <-- 20.913900 s
currentSize : 26 <-- 20.916424 s

maxsize : 26
nodes : 2026706.000000
filtered : 51304570.000000
time : 21.237013
