Parameters: GAD=1 vflib=1 dir=0 label=0 lowerbound=1 fileNameGp=../graphsdb/mcs90/rand/r01/mcs90_r01_s35.A03 fileNameGt=../graphsdb/mcs90/rand/r01/mcs90_r01_s35.B03
Reading graphs...
35 :  115
35 :  114
Initializing...
maxdom : 35
D->valSize : 1225
Solving...
currentSize : 15 <-- 0.019050 s
currentSize : 16 <-- 0.019677 s
currentSize : 17 <-- 0.408950 s
currentSize : 18 <-- 0.927102 s
currentSize : 20 <-- 13.019798 s
currentSize : 21 <-- 13.023952 s
currentSize : 23 <-- 36.208466 s
currentSize : 24 <-- 36.237988 s
currentSize : 25 <-- 36.287064 s
currentSize : 31 <-- 36.287315 s

maxsize : 31
nodes : 4763331.000000
filtered : 106210336.000000
time : 36.470978
