Parameters: GAD=1 vflib=1 dir=0 label=0 lowerbound=1 fileNameGp=../graphsdb/mcs90/rand/r005/mcs90_r005_s35.A77 fileNameGt=../graphsdb/mcs90/rand/r005/mcs90_r005_s35.B77
Reading graphs...
35 :  58
35 :  58
Initializing...
maxdom : 35
D->valSize : 1225
Solving...
currentSize : 16 <-- 0.036339 s
currentSize : 17 <-- 0.036479 s
currentSize : 18 <-- 0.043944 s
currentSize : 19 <-- 0.539662 s
currentSize : 20 <-- 0.754238 s
currentSize : 21 <-- 1.596504 s
currentSize : 22 <-- 4.748070 s
currentSize : 23 <-- 27.821009 s
currentSize : 24 <-- 77.509933 s
currentSize : 25 <-- 120.466797 s
currentSize : 26 <-- 284.454559 s
currentSize : 27 <-- 383.519653 s
currentSize : 30 <-- 383.585632 s
currentSize : 31 <-- 383.585724 s

maxsize : 31
nodes : 13090573.000000
filtered : 372152684.000000
time : 384.112793
