Parameters: GAD=1 vflib=1 dir=0 label=0 lowerbound=1 fileNameGp=../graphsdb/mcs90/rand/r01/mcs90_r01_s25.A40 fileNameGt=../graphsdb/mcs90/rand/r01/mcs90_r01_s25.B40
Reading graphs...
25 :  56
25 :  56
Initializing...
maxdom : 25
D->valSize : 625
Solving...
currentSize : 10 <-- 0.008735 s
currentSize : 12 <-- 0.008772 s
currentSize : 13 <-- 0.009321 s
currentSize : 14 <-- 0.026426 s
currentSize : 15 <-- 0.043444 s
currentSize : 16 <-- 0.043651 s
currentSize : 17 <-- 0.519338 s
currentSize : 18 <-- 0.519381 s
currentSize : 19 <-- 0.519443 s
currentSize : 20 <-- 0.519535 s
currentSize : 22 <-- 0.522108 s

maxsize : 22
nodes : 69946.000000
filtered : 1355301.000000
time : 0.551626
