Parameters: GAD=1 vflib=1 dir=0 label=0 lowerbound=1 fileNameGp=../graphsdb/mcs90/m2D/m2Dr4/mcs90_m2Dr4_s30.A22 fileNameGt=../graphsdb/mcs90/m2D/m2Dr4/mcs90_m2Dr4_s30.B22
Reading graphs...
30 :  58
30 :  56
Initializing...
maxdom : 30
D->valSize : 900
Solving...
currentSize : 14 <-- 0.010851 s
currentSize : 17 <-- 0.010961 s
currentSize : 18 <-- 0.011058 s
currentSize : 19 <-- 0.014822 s
currentSize : 20 <-- 0.353372 s
currentSize : 21 <-- 6.127089 s
currentSize : 25 <-- 6.309861 s

maxsize : 25
nodes : 495186.000000
filtered : 13998818.000000
time : 7.665447
