Parameters: GAD=1 vflib=1 dir=0 label=0 lowerbound=1 fileNameGp=../graphsdb/mcs90/bvg/b06/mcs90_b06_s25.A86 fileNameGt=../graphsdb/mcs90/bvg/b06/mcs90_b06_s25.B86
Reading graphs...
25 :  75
25 :  74
Initializing...
maxdom : 25
D->valSize : 625
Solving...
currentSize : 15 <-- 0.004772 s
currentSize : 16 <-- 0.004874 s
currentSize : 18 <-- 0.004999 s
currentSize : 19 <-- 0.008877 s
currentSize : 20 <-- 0.008912 s
currentSize : 21 <-- 0.009120 s
currentSize : 22 <-- 0.009187 s

maxsize : 22
nodes : 3865.000000
filtered : 151970.000000
time : 0.081292
