Parameters: GAD=1 vflib=1 dir=0 label=0 lowerbound=1 fileNameGp=../graphsdb/mcs90/bvg/b06m/mcs90_b06m_s35.A67 fileNameGt=../graphsdb/mcs90/bvg/b06m/mcs90_b06m_s35.B67
Reading graphs...
35 :  105
35 :  105
Initializing...
maxdom : 35
D->valSize : 1225
Solving...
currentSize : 17 <-- 0.019110 s
currentSize : 18 <-- 0.030316 s
currentSize : 19 <-- 1.855597 s
currentSize : 20 <-- 6.769184 s
currentSize : 21 <-- 20.229740 s
currentSize : 22 <-- 39.335369 s
currentSize : 23 <-- 77.987793 s
currentSize : 24 <-- 143.288589 s
currentSize : 25 <-- 143.313263 s
currentSize : 26 <-- 143.318100 s
currentSize : 31 <-- 145.651718 s

maxsize : 31
nodes : 9736224.000000
filtered : 365187190.000000
time : 145.889984
