Parameters: GAD=1 vflib=1 dir=0 label=0 lowerbound=1 fileNameGp=../graphsdb/mcs90/bvg/b09/mcs90_b09_s25.A41 fileNameGt=../graphsdb/mcs90/bvg/b09/mcs90_b09_s25.B41
Reading graphs...
25 :  112
25 :  112
Initializing...
maxdom : 25
D->valSize : 625
Solving...
currentSize : 7 <-- 0.004601 s
currentSize : 8 <-- 0.004632 s
currentSize : 9 <-- 0.004668 s
currentSize : 10 <-- 0.004721 s
currentSize : 11 <-- 0.004833 s
currentSize : 12 <-- 0.004913 s
currentSize : 13 <-- 0.005059 s
currentSize : 14 <-- 0.007568 s
currentSize : 22 <-- 0.023751 s

maxsize : 22
nodes : 7698.000000
filtered : 270376.000000
time : 0.089204
