Parameters: GAD=1 vflib=1 dir=0 label=0 lowerbound=1 fileNameGp=../graphsdb/mcs90/m3D/m3D/mcs90_m3D_s30.A87 fileNameGt=../graphsdb/mcs90/m3D/m3D/mcs90_m3D_s30.B87
Reading graphs...
30 :  61
30 :  61
Initializing...
maxdom : 30
D->valSize : 900
Solving...
currentSize : 20 <-- 0.010790 s
currentSize : 21 <-- 0.010965 s
currentSize : 23 <-- 0.011116 s
currentSize : 24 <-- 0.011545 s
currentSize : 27 <-- 0.144636 s
currentSize : 28 <-- 0.145580 s

maxsize : 28
nodes : 8989.000000
filtered : 387958.000000
time : 0.187818
