Parameters: GAD=1 vflib=1 dir=0 label=0 lowerbound=1 fileNameGp=../graphsdb/mcs90/bvg/b09m/mcs90_b09m_s30.A03 fileNameGt=../graphsdb/mcs90/bvg/b09m/mcs90_b09m_s30.B03
Reading graphs...
30 :  131
30 :  132
Initializing...
maxdom : 30
D->valSize : 900
Solving...
currentSize : 12 <-- 0.009358 s
currentSize : 13 <-- 0.009407 s
currentSize : 14 <-- 0.195527 s
currentSize : 15 <-- 2.824016 s
currentSize : 16 <-- 7.857863 s
currentSize : 17 <-- 7.943352 s
currentSize : 18 <-- 8.761252 s
currentSize : 20 <-- 8.790216 s
currentSize : 26 <-- 8.801408 s

maxsize : 26
nodes : 1593390.000000
filtered : 28707803.000000
time : 8.918090
