Parameters: GAD=1 vflib=1 dir=0 label=0 lowerbound=1 fileNameGp=../graphsdb/mcs90/rand/r01/mcs90_r01_s30.A58 fileNameGt=../graphsdb/mcs90/rand/r01/mcs90_r01_s30.B58
Reading graphs...
30 :  83
30 :  83
Initializing...
maxdom : 30
D->valSize : 900
Solving...
currentSize : 15 <-- 0.017718 s
currentSize : 16 <-- 0.020302 s
currentSize : 19 <-- 0.020514 s
currentSize : 20 <-- 0.283914 s
currentSize : 25 <-- 0.284699 s
currentSize : 27 <-- 0.284758 s

maxsize : 27
nodes : 34672.000000
filtered : 794991.000000
time : 0.329594
