Parameters: GAD=1 vflib=1 dir=0 label=0 lowerbound=1 fileNameGp=../graphsdb/mcs90/bvg/b06m/mcs90_b06m_s20.A19 fileNameGt=../graphsdb/mcs90/bvg/b06m/mcs90_b06m_s20.B19
Reading graphs...
20 :  58
20 :  58
Initializing...
maxdom : 20
D->valSize : 400
Solving...
currentSize : 9 <-- 0.001920 s
currentSize : 10 <-- 0.001998 s
currentSize : 11 <-- 0.002065 s
currentSize : 12 <-- 0.002360 s
currentSize : 14 <-- 0.008965 s
currentSize : 18 <-- 0.030780 s

maxsize : 18
nodes : 6271.000000
filtered : 118093.000000
time : 0.035431
