Parameters: GAD=1 vflib=1 dir=0 label=0 lowerbound=1 fileNameGp=../graphsdb/mcs90/bvg/b06m/mcs90_b06m_s35.A31 fileNameGt=../graphsdb/mcs90/bvg/b06m/mcs90_b06m_s35.B31
Reading graphs...
35 :  105
35 :  104
Initializing...
maxdom : 35
D->valSize : 1225
Solving...
currentSize : 16 <-- 0.033367 s
currentSize : 17 <-- 0.033467 s
currentSize : 18 <-- 0.033644 s
currentSize : 19 <-- 0.040883 s
currentSize : 20 <-- 1.055605 s
currentSize : 21 <-- 35.120186 s
currentSize : 22 <-- 145.712570 s
currentSize : 24 <-- 213.694763 s
currentSize : 25 <-- 214.064133 s
currentSize : 26 <-- 215.704468 s
currentSize : 27 <-- 215.744400 s
currentSize : 31 <-- 215.755173 s

maxsize : 31
nodes : 10152773.000000
filtered : 356581202.000000
time : 216.036438
