Parameters: GAD=1 vflib=1 dir=0 label=0 lowerbound=1 fileNameGp=../graphsdb/mcs90/bvg/b03m/mcs90_b03m_s25.A53 fileNameGt=../graphsdb/mcs90/bvg/b03m/mcs90_b03m_s25.B53
Reading graphs...
25 :  37
25 :  37
Initializing...
maxdom : 25
D->valSize : 625
Solving...
currentSize : 7 <-- 0.005260 s
currentSize : 10 <-- 0.005295 s
currentSize : 14 <-- 0.005324 s
currentSize : 15 <-- 0.005347 s
currentSize : 16 <-- 0.021204 s
currentSize : 17 <-- 0.025626 s
currentSize : 18 <-- 0.027235 s
currentSize : 19 <-- 0.031071 s
currentSize : 20 <-- 0.057484 s
currentSize : 22 <-- 0.392479 s

maxsize : 22
nodes : 18900.000000
filtered : 537414.000000
time : 0.418723
