Parameters: GAD=1 vflib=1 dir=0 label=0 lowerbound=1 fileNameGp=../graphsdb/mcs90/m2D/m2Dr2/mcs90_m2Dr2_s20.A32 fileNameGt=../graphsdb/mcs90/m2D/m2Dr2/mcs90_m2Dr2_s20.B32
Reading graphs...
20 :  34
20 :  33
Initializing...
maxdom : 20
D->valSize : 400
Solving...
currentSize : 11 <-- 0.002176 s
currentSize : 12 <-- 0.002831 s
currentSize : 13 <-- 0.003020 s
currentSize : 14 <-- 0.004184 s
currentSize : 15 <-- 0.004223 s
currentSize : 16 <-- 0.077267 s

maxsize : 16
nodes : 11524.000000
filtered : 291980.000000
time : 0.146280
