Parameters: GAD=1 vflib=1 dir=0 label=0 lowerbound=1 fileNameGp=../graphsdb/mcs90/rand/r01/mcs90_r01_s35.A94 fileNameGt=../graphsdb/mcs90/rand/r01/mcs90_r01_s35.B94
Reading graphs...
35 :  108
35 :  108
Initializing...
maxdom : 35
D->valSize : 1225
Solving...
currentSize : 13 <-- 0.033538 s
currentSize : 14 <-- 0.033559 s
currentSize : 15 <-- 0.033647 s
currentSize : 16 <-- 0.034439 s
currentSize : 17 <-- 0.041082 s
currentSize : 18 <-- 0.041678 s
currentSize : 19 <-- 3.380259 s
currentSize : 20 <-- 13.012825 s
currentSize : 21 <-- 122.170555 s
currentSize : 22 <-- 122.170654 s
currentSize : 25 <-- 129.637314 s
currentSize : 31 <-- 135.949844 s

maxsize : 31
nodes : 14871332.000000
filtered : 372043719.000000
time : 136.155197
