Parameters: GAD=1 vflib=1 dir=0 label=0 lowerbound=1 fileNameGp=../graphsdb/mcs90/rand/r005/mcs90_r005_s20.A31 fileNameGt=../graphsdb/mcs90/rand/r005/mcs90_r005_s20.B31
Reading graphs...
20 :  21
20 :  21
Initializing...
maxdom : 20
D->valSize : 400
Solving...
currentSize : 5 <-- 0.002316 s
currentSize : 6 <-- 0.002380 s
currentSize : 7 <-- 0.002634 s
currentSize : 8 <-- 0.002649 s
currentSize : 9 <-- 0.002655 s
currentSize : 12 <-- 0.002915 s
currentSize : 13 <-- 0.003070 s
currentSize : 14 <-- 0.204367 s
currentSize : 17 <-- 0.367806 s
currentSize : 18 <-- 0.367839 s

maxsize : 18
nodes : 55666.000000
filtered : 540389.000000
time : 0.372947
