Parameters: GAD=1 vflib=1 dir=0 label=0 lowerbound=1 fileNameGp=../graphsdb/mcs90/bvg/b03/mcs90_b03_s30.A06 fileNameGt=../graphsdb/mcs90/bvg/b03/mcs90_b03_s30.B06
Reading graphs...
30 :  45
30 :  45
Initializing...
maxdom : 30
D->valSize : 900
Solving...
currentSize : 18 <-- 0.011116 s
currentSize : 19 <-- 0.012402 s
currentSize : 20 <-- 0.014807 s
currentSize : 21 <-- 0.024657 s
currentSize : 22 <-- 0.031976 s
currentSize : 23 <-- 0.036038 s
currentSize : 24 <-- 0.061032 s
currentSize : 27 <-- 0.143868 s

maxsize : 27
nodes : 10678.000000
filtered : 510234.000000
time : 0.687241
