Parameters: GAD=1 vflib=1 dir=0 label=0 lowerbound=1 fileNameGp=../graphsdb/mcs90/bvg/b06/mcs90_b06_s15.A00 fileNameGt=../graphsdb/mcs90/bvg/b06/mcs90_b06_s15.B00
Reading graphs...
15 :  45
15 :  45
Initializing...
maxdom : 15
D->valSize : 225
Solving...
currentSize : 6 <-- 0.001047 s
currentSize : 7 <-- 0.001064 s
currentSize : 8 <-- 0.001116 s
currentSize : 9 <-- 0.001133 s
currentSize : 11 <-- 0.001209 s
currentSize : 13 <-- 0.001520 s
currentSize : 14 <-- 0.002798 s

maxsize : 14
nodes : 337.000000
filtered : 6523.000000
time : 0.003186
