Parameters: GAD=1 vflib=1 dir=0 label=0 lowerbound=1 fileNameGp=../graphsdb/mcs90/m3D/m3Dr4/mcs90_m3Dr4_s30.A54 fileNameGt=../graphsdb/mcs90/m3D/m3Dr4/mcs90_m3Dr4_s30.B54
Reading graphs...
30 :  73
30 :  73
Initializing...
maxdom : 30
D->valSize : 900
Solving...
currentSize : 15 <-- 0.010571 s
currentSize : 16 <-- 0.010682 s
currentSize : 17 <-- 0.040728 s
currentSize : 18 <-- 0.040772 s
currentSize : 19 <-- 0.057012 s
currentSize : 20 <-- 2.676081 s
currentSize : 21 <-- 2.681487 s
currentSize : 22 <-- 25.144339 s
currentSize : 27 <-- 25.800760 s

maxsize : 27
nodes : 2421071.000000
filtered : 72340588.000000
time : 25.916132
