Parameters: GAD=1 vflib=1 dir=0 label=0 lowerbound=1 fileNameGp=../graphsdb/mcs90/rand/r02/mcs90_r02_s25.A85 fileNameGt=../graphsdb/mcs90/rand/r02/mcs90_r02_s25.B85
Reading graphs...
25 :  109
25 :  109
Initializing...
maxdom : 25
D->valSize : 625
Solving...
currentSize : 10 <-- 0.004471 s
currentSize : 11 <-- 0.004649 s
currentSize : 12 <-- 0.004926 s
currentSize : 13 <-- 0.107632 s
currentSize : 14 <-- 0.394043 s
currentSize : 15 <-- 0.560066 s
currentSize : 22 <-- 0.709355 s

maxsize : 22
nodes : 137744.000000
filtered : 2492626.000000
time : 0.736437
