Parameters: GAD=1 vflib=1 dir=0 label=0 lowerbound=1 fileNameGp=../graphsdb/mcs90/bvg/b09m/mcs90_b09m_s30.A98 fileNameGt=../graphsdb/mcs90/bvg/b09m/mcs90_b09m_s30.B98
Reading graphs...
30 :  133
30 :  132
Initializing...
maxdom : 30
D->valSize : 900
Solving...
currentSize : 9 <-- 0.016296 s
currentSize : 10 <-- 0.016377 s
currentSize : 12 <-- 0.016407 s
currentSize : 13 <-- 0.028518 s
currentSize : 14 <-- 0.035110 s
currentSize : 15 <-- 1.254943 s
currentSize : 16 <-- 3.557026 s
currentSize : 19 <-- 5.229110 s
currentSize : 21 <-- 5.503377 s
currentSize : 26 <-- 5.504320 s

maxsize : 26
nodes : 947730.000000
filtered : 17915099.000000
time : 5.588757
