Parameters: GAD=1 vflib=1 dir=0 label=0 lowerbound=1 fileNameGp=../graphsdb/mcs90/rand/r01/mcs90_r01_s30.A21 fileNameGt=../graphsdb/mcs90/rand/r01/mcs90_r01_s30.B21
Reading graphs...
30 :  84
30 :  85
Initializing...
maxdom : 30
D->valSize : 900
Solving...
currentSize : 13 <-- 0.018028 s
currentSize : 14 <-- 0.018057 s
currentSize : 15 <-- 0.018441 s
currentSize : 16 <-- 0.022900 s
currentSize : 17 <-- 0.256455 s
currentSize : 18 <-- 1.239990 s
currentSize : 21 <-- 5.553388 s
currentSize : 27 <-- 5.554270 s

maxsize : 27
nodes : 713144.000000
filtered : 15421431.000000
time : 5.620210
