Parameters: GAD=1 vflib=1 dir=0 label=0 lowerbound=1 fileNameGp=../graphsdb/mcs90/bvg/b06/mcs90_b06_s25.A00 fileNameGt=../graphsdb/mcs90/bvg/b06/mcs90_b06_s25.B00
Reading graphs...
25 :  75
25 :  75
Initializing...
maxdom : 25
D->valSize : 625
Solving...
currentSize : 13 <-- 0.004753 s
currentSize : 14 <-- 0.004791 s
currentSize : 15 <-- 0.004957 s
currentSize : 17 <-- 0.005030 s
currentSize : 18 <-- 0.005135 s
currentSize : 19 <-- 0.005307 s
currentSize : 20 <-- 0.005340 s
currentSize : 21 <-- 0.007175 s
currentSize : 22 <-- 0.007241 s

maxsize : 22
nodes : 4131.000000
filtered : 182469.000000
time : 0.096355
