Parameters: GAD=1 vflib=1 dir=0 label=0 lowerbound=1 fileNameGp=../graphsdb/mcs90/m3D/m3Dr4/mcs90_m3Dr4_s30.A46 fileNameGt=../graphsdb/mcs90/m3D/m3Dr4/mcs90_m3Dr4_s30.B46
Reading graphs...
30 :  71
30 :  71
Initializing...
maxdom : 30
D->valSize : 900
Solving...
currentSize : 17 <-- 0.018305 s
currentSize : 18 <-- 0.172244 s
currentSize : 19 <-- 8.323152 s
currentSize : 20 <-- 19.420109 s
currentSize : 21 <-- 19.420275 s
currentSize : 24 <-- 19.425659 s
currentSize : 25 <-- 19.425707 s
currentSize : 27 <-- 19.426229 s

maxsize : 27
nodes : 2333299.000000
filtered : 52274776.000000
time : 19.521681
