Parameters: GAD=1 vflib=1 dir=0 label=0 lowerbound=1 fileNameGp=../graphsdb/mcs90/bvg/b09/mcs90_b09_s35.A34 fileNameGt=../graphsdb/mcs90/bvg/b09/mcs90_b09_s35.B34
Reading graphs...
35 :  156
35 :  156
Initializing...
maxdom : 35
D->valSize : 1225
Solving...
currentSize : 11 <-- 0.018167 s
currentSize : 12 <-- 0.018199 s
currentSize : 13 <-- 0.018401 s
currentSize : 14 <-- 0.022325 s
currentSize : 15 <-- 0.022869 s
currentSize : 16 <-- 0.024119 s
currentSize : 17 <-- 0.251269 s
currentSize : 18 <-- 2.586567 s
currentSize : 20 <-- 4.558182 s
currentSize : 22 <-- 4.560187 s
currentSize : 24 <-- 4.561812 s
currentSize : 25 <-- 4.658015 s
currentSize : 26 <-- 4.658124 s
currentSize : 30 <-- 4.787099 s

maxsize : 30
nodes : 879460.000000
filtered : 16608952.000000
time : 5.734199
