Parameters: GAD=1 vflib=1 dir=0 label=0 lowerbound=1 fileNameGp=../graphsdb/mcs90/rand/r02/mcs90_r02_s20.A74 fileNameGt=../graphsdb/mcs90/rand/r02/mcs90_r02_s20.B74
Reading graphs...
20 :  70
20 :  69
Initializing...
maxdom : 20
D->valSize : 400
Solving...
currentSize : 10 <-- 0.002063 s
currentSize : 11 <-- 0.002158 s
currentSize : 13 <-- 0.049598 s
currentSize : 14 <-- 0.084108 s
currentSize : 17 <-- 0.132444 s
currentSize : 18 <-- 0.132524 s

maxsize : 18
nodes : 29350.000000
filtered : 496570.000000
time : 0.133320
