Parameters: GAD=1 vflib=1 dir=0 label=0 lowerbound=1 fileNameGp=../graphsdb/mcs90/rand/r02/mcs90_r02_s20.A08 fileNameGt=../graphsdb/mcs90/rand/r02/mcs90_r02_s20.B08
Reading graphs...
20 :  67
20 :  70
Initializing...
maxdom : 20
D->valSize : 400
Solving...
currentSize : 7 <-- 0.002055 s
currentSize : 8 <-- 0.002076 s
currentSize : 9 <-- 0.002098 s
currentSize : 10 <-- 0.002246 s
currentSize : 11 <-- 0.011369 s
currentSize : 12 <-- 0.050607 s
currentSize : 13 <-- 0.212231 s
currentSize : 15 <-- 0.273967 s
currentSize : 18 <-- 0.274263 s

maxsize : 18
nodes : 58488.000000
filtered : 817923.000000
time : 0.278310
