Parameters: GAD=1 vflib=1 dir=0 label=0 lowerbound=1 fileNameGp=../graphsdb/mcs90/bvg/b06m/mcs90_b06m_s35.A48 fileNameGt=../graphsdb/mcs90/bvg/b06m/mcs90_b06m_s35.B48
Reading graphs...
35 :  102
35 :  103
Initializing...
maxdom : 35
D->valSize : 1225
Solving...
currentSize : 15 <-- 0.019608 s
currentSize : 17 <-- 0.019750 s
currentSize : 18 <-- 0.028546 s
currentSize : 19 <-- 1.200501 s
currentSize : 20 <-- 29.253412 s
currentSize : 21 <-- 85.034119 s
currentSize : 22 <-- 139.677353 s
currentSize : 23 <-- 192.427017 s
currentSize : 27 <-- 193.681717 s
currentSize : 31 <-- 193.683441 s

maxsize : 31
nodes : 17930505.000000
filtered : 511937093.000000
time : 194.018967
