Parameters: GAD=1 vflib=1 dir=0 label=0 lowerbound=1 fileNameGp=../graphsdb/mcs90/bvg/b03m/mcs90_b03m_s20.A68 fileNameGt=../graphsdb/mcs90/bvg/b03m/mcs90_b03m_s20.B68
Reading graphs...
20 :  30
20 :  30
Initializing...
maxdom : 20
D->valSize : 400
Solving...
currentSize : 11 <-- 0.002197 s
currentSize : 12 <-- 0.002222 s
currentSize : 13 <-- 0.003191 s
currentSize : 14 <-- 0.003222 s
currentSize : 15 <-- 0.003314 s
currentSize : 16 <-- 0.028755 s
currentSize : 18 <-- 0.090304 s

maxsize : 18
nodes : 6846.000000
filtered : 154940.000000
time : 0.094543
