Parameters: GAD=1 vflib=1 dir=0 label=0 lowerbound=1 fileNameGp=../graphsdb/mcs90/bvg/b03/mcs90_b03_s35.A38 fileNameGt=../graphsdb/mcs90/bvg/b03/mcs90_b03_s35.B38
Reading graphs...
35 :  52
35 :  52
Initializing...
maxdom : 35
D->valSize : 1225
Solving...
currentSize : 20 <-- 0.020961 s
currentSize : 21 <-- 0.021009 s
currentSize : 25 <-- 0.039141 s
currentSize : 26 <-- 0.039735 s
currentSize : 27 <-- 0.042671 s
currentSize : 29 <-- 0.042799 s
currentSize : 30 <-- 0.043185 s
currentSize : 31 <-- 0.047185 s
currentSize : 32 <-- 2.420471 s

maxsize : 32
nodes : 14416.000000
filtered : 1108522.000000
time : 2.541807
