Parameters: GAD=1 vflib=1 dir=0 label=0 lowerbound=1 fileNameGp=../graphsdb/mcs90/bvg/b09/mcs90_b09_s25.A65 fileNameGt=../graphsdb/mcs90/bvg/b09/mcs90_b09_s25.B65
Reading graphs...
25 :  111
25 :  111
Initializing...
maxdom : 25
D->valSize : 625
Solving...
currentSize : 10 <-- 0.004413 s
currentSize : 11 <-- 0.004445 s
currentSize : 12 <-- 0.004836 s
currentSize : 14 <-- 0.005284 s
currentSize : 16 <-- 0.005346 s
currentSize : 22 <-- 0.007793 s

maxsize : 22
nodes : 4243.000000
filtered : 233484.000000
time : 0.072986
