Parameters: GAD=1 vflib=1 dir=0 label=0 lowerbound=1 fileNameGp=../graphsdb/mcs90/bvg/b09/mcs90_b09_s25.A72 fileNameGt=../graphsdb/mcs90/bvg/b09/mcs90_b09_s25.B72
Reading graphs...
25 :  112
25 :  112
Initializing...
maxdom : 25
D->valSize : 625
Solving...
currentSize : 10 <-- 0.004468 s
currentSize : 11 <-- 0.004496 s
currentSize : 13 <-- 0.004563 s
currentSize : 15 <-- 0.006100 s
currentSize : 16 <-- 0.006113 s
currentSize : 18 <-- 0.006144 s
currentSize : 22 <-- 0.010095 s

maxsize : 22
nodes : 3895.000000
filtered : 196479.000000
time : 0.061029
