Parameters: GAD=1 vflib=1 dir=0 label=0 lowerbound=1 fileNameGp=../graphsdb/mcs90/bvg/b09m/mcs90_b09m_s35.A75 fileNameGt=../graphsdb/mcs90/bvg/b09m/mcs90_b09m_s35.B75
Reading graphs...
35 :  151
35 :  152
Initializing...
maxdom : 35
D->valSize : 1225
Solving...
currentSize : 12 <-- 0.031620 s
currentSize : 13 <-- 0.031707 s
currentSize : 14 <-- 0.050055 s
currentSize : 15 <-- 0.094722 s
currentSize : 16 <-- 0.747122 s
currentSize : 17 <-- 32.088650 s
currentSize : 18 <-- 50.951042 s
currentSize : 19 <-- 70.270157 s
currentSize : 21 <-- 127.716446 s
currentSize : 30 <-- 127.765083 s

maxsize : 30
nodes : 20161740.000000
filtered : 420066152.000000
time : 128.546341
