Parameters: GAD=1 vflib=1 dir=0 label=0 lowerbound=1 fileNameGp=../graphsdb/mcs90/rand/r02/mcs90_r02_s30.A95 fileNameGt=../graphsdb/mcs90/rand/r02/mcs90_r02_s30.B95
Reading graphs...
30 :  161
30 :  163
Initializing...
maxdom : 30
D->valSize : 900
Solving...
currentSize : 10 <-- 0.015825 s
currentSize : 11 <-- 0.015878 s
currentSize : 12 <-- 0.015929 s
currentSize : 13 <-- 0.049796 s
currentSize : 14 <-- 0.491206 s
currentSize : 16 <-- 0.519374 s
currentSize : 17 <-- 1.167534 s
currentSize : 18 <-- 7.046452 s
currentSize : 20 <-- 7.047514 s
currentSize : 27 <-- 7.643230 s

maxsize : 27
nodes : 1417788.000000
filtered : 25173690.000000
time : 7.674955
