Parameters: GAD=1 vflib=1 dir=0 label=0 lowerbound=1 fileNameGp=../graphsdb/mcs90/rand/r01/mcs90_r01_s25.A27 fileNameGt=../graphsdb/mcs90/rand/r01/mcs90_r01_s25.B27
Reading graphs...
25 :  55
25 :  56
Initializing...
maxdom : 25
D->valSize : 625
Solving...
currentSize : 11 <-- 0.005086 s
currentSize : 12 <-- 0.005106 s
currentSize : 13 <-- 0.005132 s
currentSize : 14 <-- 0.005159 s
currentSize : 15 <-- 0.005747 s
currentSize : 16 <-- 0.008975 s
currentSize : 17 <-- 0.110122 s
currentSize : 18 <-- 0.515169 s
currentSize : 20 <-- 0.539522 s
currentSize : 22 <-- 0.543921 s

maxsize : 22
nodes : 66211.000000
filtered : 1708447.000000
time : 0.584275
