Parameters: GAD=1 vflib=1 dir=0 label=0 lowerbound=1 fileNameGp=../graphsdb/mcs90/m3D/m3Dr4/mcs90_m3Dr4_s30.A04 fileNameGt=../graphsdb/mcs90/m3D/m3Dr4/mcs90_m3Dr4_s30.B04
Reading graphs...
30 :  73
30 :  73
Initializing...
maxdom : 30
D->valSize : 900
Solving...
currentSize : 9 <-- 0.010634 s
currentSize : 10 <-- 0.010653 s
currentSize : 11 <-- 0.010672 s
currentSize : 13 <-- 0.011108 s
currentSize : 15 <-- 0.011616 s
currentSize : 16 <-- 0.019511 s
currentSize : 17 <-- 0.022669 s
currentSize : 18 <-- 0.592735 s
currentSize : 19 <-- 1.519478 s
currentSize : 20 <-- 5.222214 s
currentSize : 21 <-- 11.136070 s
currentSize : 22 <-- 11.176216 s
currentSize : 23 <-- 11.177194 s
currentSize : 25 <-- 11.345244 s
currentSize : 27 <-- 11.604591 s

maxsize : 27
nodes : 1179330.000000
filtered : 30283651.000000
time : 11.618809
