Parameters: GAD=1 vflib=1 dir=0 label=0 lowerbound=1 fileNameGp=../graphsdb/mcs90/m4D/m4Dr4/mcs90_m4Dr4_s20.A78 fileNameGt=../graphsdb/mcs90/m4D/m4Dr4/mcs90_m4Dr4_s20.B78
Reading graphs...
20 :  44
20 :  43
Initializing...
maxdom : 20
D->valSize : 400
Solving...
currentSize : 10 <-- 0.002193 s
currentSize : 11 <-- 0.002235 s
currentSize : 12 <-- 0.002341 s
currentSize : 13 <-- 0.007333 s
currentSize : 14 <-- 0.016592 s
currentSize : 16 <-- 0.030711 s

maxsize : 16
nodes : 5631.000000
filtered : 126844.000000
time : 0.047364
