Parameters: GAD=1 vflib=1 dir=0 label=0 lowerbound=1 fileNameGp=../graphsdb/mcs90/bvg/b09/mcs90_b09_s30.A00 fileNameGt=../graphsdb/mcs90/bvg/b09/mcs90_b09_s30.B00
Reading graphs...
30 :  134
30 :  134
Initializing...
maxdom : 30
D->valSize : 900
Solving...
currentSize : 13 <-- 0.016201 s
currentSize : 14 <-- 0.018555 s
currentSize : 15 <-- 0.021866 s
currentSize : 16 <-- 0.051151 s
currentSize : 18 <-- 0.051289 s
currentSize : 20 <-- 0.051410 s
currentSize : 22 <-- 0.051534 s
currentSize : 26 <-- 0.061019 s

maxsize : 26
nodes : 21427.000000
filtered : 1167449.000000
time : 0.567436
