Parameters: GAD=1 vflib=1 dir=0 label=0 lowerbound=1 fileNameGp=../graphsdb/mcs90/m2D/m2D/mcs90_m2D_s20.A09 fileNameGt=../graphsdb/mcs90/m2D/m2D/mcs90_m2D_s20.B09
Reading graphs...
20 :  31
20 :  31
Initializing...
maxdom : 20
D->valSize : 400
Solving...
currentSize : 11 <-- 0.002204 s
currentSize : 12 <-- 0.002220 s
currentSize : 13 <-- 0.002229 s
currentSize : 14 <-- 0.002342 s
currentSize : 15 <-- 0.002365 s
currentSize : 16 <-- 0.002391 s
currentSize : 17 <-- 0.017436 s

maxsize : 17
nodes : 1958.000000
filtered : 66984.000000
time : 0.038116
