Parameters: GAD=1 vflib=1 dir=0 label=0 lowerbound=1 fileNameGp=../graphsdb/mcs90/m4D/m4Dr4/mcs90_m4Dr4_s20.A50 fileNameGt=../graphsdb/mcs90/m4D/m4Dr4/mcs90_m4Dr4_s20.B50
Reading graphs...
20 :  45
20 :  45
Initializing...
maxdom : 20
D->valSize : 400
Solving...
currentSize : 9 <-- 0.002067 s
currentSize : 10 <-- 0.002080 s
currentSize : 11 <-- 0.002237 s
currentSize : 12 <-- 0.002247 s
currentSize : 13 <-- 0.004186 s
currentSize : 14 <-- 0.053186 s
currentSize : 16 <-- 0.055901 s

maxsize : 16
nodes : 10510.000000
filtered : 209484.000000
time : 0.084541
