Parameters: GAD=1 vflib=1 dir=0 label=0 lowerbound=1 fileNameGp=../graphsdb/mcs90/rand/r01/mcs90_r01_s35.A72 fileNameGt=../graphsdb/mcs90/rand/r01/mcs90_r01_s35.B72
Reading graphs...
35 :  114
35 :  112
Initializing...
maxdom : 35
D->valSize : 1225
Solving...
currentSize : 13 <-- 0.018747 s
currentSize : 14 <-- 0.018843 s
currentSize : 15 <-- 0.019807 s
currentSize : 16 <-- 0.024998 s
currentSize : 17 <-- 0.036068 s
currentSize : 18 <-- 0.036629 s
currentSize : 19 <-- 0.614954 s
currentSize : 20 <-- 80.054466 s
currentSize : 21 <-- 106.074791 s
currentSize : 22 <-- 106.074928 s
currentSize : 23 <-- 124.919357 s
currentSize : 24 <-- 136.990341 s
currentSize : 25 <-- 162.885620 s
currentSize : 31 <-- 162.926849 s

maxsize : 31
nodes : 19568496.000000
filtered : 512209146.000000
time : 163.166901
