Parameters: GAD=1 vflib=1 dir=0 label=0 lowerbound=1 fileNameGp=../graphsdb/mcs90/rand/r01/mcs90_r01_s30.A11 fileNameGt=../graphsdb/mcs90/rand/r01/mcs90_r01_s30.B11
Reading graphs...
30 :  80
30 :  78
Initializing...
maxdom : 30
D->valSize : 900
Solving...
currentSize : 13 <-- 0.018230 s
currentSize : 14 <-- 0.019594 s
currentSize : 15 <-- 0.019648 s
currentSize : 16 <-- 0.027818 s
currentSize : 17 <-- 0.053758 s
currentSize : 18 <-- 2.353148 s
currentSize : 19 <-- 5.121009 s
currentSize : 21 <-- 5.284593 s
currentSize : 22 <-- 5.293532 s
currentSize : 24 <-- 5.306409 s
currentSize : 25 <-- 5.354787 s
currentSize : 27 <-- 5.434442 s

maxsize : 27
nodes : 812483.000000
filtered : 16006654.000000
time : 5.477573
