Parameters: GAD=1 vflib=1 dir=0 label=0 lowerbound=1 fileNameGp=../graphsdb/mcs90/rand/r02/mcs90_r02_s30.A62 fileNameGt=../graphsdb/mcs90/rand/r02/mcs90_r02_s30.B62
Reading graphs...
30 :  157
30 :  153
Initializing...
maxdom : 30
D->valSize : 900
Solving...
currentSize : 10 <-- 0.009371 s
currentSize : 11 <-- 0.009623 s
currentSize : 12 <-- 0.010387 s
currentSize : 13 <-- 0.011493 s
currentSize : 14 <-- 0.573862 s
currentSize : 15 <-- 1.015769 s
currentSize : 17 <-- 1.015833 s
currentSize : 18 <-- 3.846715 s
currentSize : 19 <-- 3.846883 s
currentSize : 27 <-- 5.982042 s

maxsize : 27
nodes : 1046029.000000
filtered : 22688380.000000
time : 6.004845
