Parameters: GAD=1 vflib=1 dir=0 label=0 lowerbound=1 fileNameGp=../graphsdb/mcs90/bvg/b06m/mcs90_b06m_s20.A89 fileNameGt=../graphsdb/mcs90/bvg/b06m/mcs90_b06m_s20.B89
Reading graphs...
20 :  59
20 :  59
Initializing...
maxdom : 20
D->valSize : 400
Solving...
currentSize : 11 <-- 0.001990 s
currentSize : 12 <-- 0.002031 s
currentSize : 13 <-- 0.007386 s
currentSize : 14 <-- 0.016654 s
currentSize : 16 <-- 0.018476 s
currentSize : 18 <-- 0.018569 s

maxsize : 18
nodes : 3817.000000
filtered : 70385.000000
time : 0.026768
