Parameters: GAD=1 vflib=1 dir=0 label=0 lowerbound=1 fileNameGp=../graphsdb/mcs90/rand/r02/mcs90_r02_s35.A37 fileNameGt=../graphsdb/mcs90/rand/r02/mcs90_r02_s35.B37
Reading graphs...
35 :  212
35 :  209
Initializing...
maxdom : 35
D->valSize : 1225
Solving...
currentSize : 9 <-- 0.029164 s
currentSize : 10 <-- 0.029199 s
currentSize : 11 <-- 0.029241 s
currentSize : 12 <-- 0.029398 s
currentSize : 13 <-- 0.030891 s
currentSize : 15 <-- 0.033401 s
currentSize : 16 <-- 26.145580 s
currentSize : 18 <-- 58.458347 s
currentSize : 19 <-- 67.908287 s
currentSize : 20 <-- 67.908424 s
currentSize : 31 <-- 93.135841 s

maxsize : 31
nodes : 16785028.000000
filtered : 304882192.000000
time : 93.314064
