Parameters: GAD=1 vflib=1 dir=0 label=0 lowerbound=1 fileNameGp=../graphsdb/mcs90/m3D/m3Dr6/mcs90_m3Dr6_s30.A82 fileNameGt=../graphsdb/mcs90/m3D/m3Dr6/mcs90_m3Dr6_s30.B82
Reading graphs...
30 :  75
30 :  74
Initializing...
maxdom : 30
D->valSize : 900
Solving...
currentSize : 13 <-- 0.010586 s
currentSize : 14 <-- 0.010611 s
currentSize : 15 <-- 0.010656 s
currentSize : 16 <-- 0.011470 s
currentSize : 17 <-- 0.019776 s
currentSize : 18 <-- 0.403123 s
currentSize : 19 <-- 0.403582 s
currentSize : 21 <-- 1.592951 s
currentSize : 24 <-- 1.595143 s
currentSize : 27 <-- 2.805096 s

maxsize : 27
nodes : 283473.000000
filtered : 9133743.000000
time : 2.845911
