Parameters: GAD=1 vflib=1 dir=0 label=0 lowerbound=1 fileNameGp=../graphsdb/mcs90/bvg/b06m/mcs90_b06m_s30.A53 fileNameGt=../graphsdb/mcs90/bvg/b06m/mcs90_b06m_s30.B53
Reading graphs...
30 :  89
30 :  89
Initializing...
maxdom : 30
D->valSize : 900
Solving...
currentSize : 13 <-- 0.010163 s
currentSize : 14 <-- 0.010327 s
currentSize : 15 <-- 0.010403 s
currentSize : 16 <-- 0.010606 s
currentSize : 17 <-- 0.419586 s
currentSize : 18 <-- 1.106554 s
currentSize : 19 <-- 1.132258 s
currentSize : 20 <-- 1.249652 s
currentSize : 21 <-- 1.271783 s
currentSize : 22 <-- 1.361749 s
currentSize : 24 <-- 1.577095 s
currentSize : 27 <-- 1.791826 s

maxsize : 27
nodes : 183189.000000
filtered : 4748995.000000
time : 1.893706
