Parameters: GAD=1 vflib=1 dir=0 label=0 lowerbound=1 fileNameGp=../graphsdb/mcs90/bvg/b09m/mcs90_b09m_s20.A21 fileNameGt=../graphsdb/mcs90/bvg/b09m/mcs90_b09m_s20.B21
Reading graphs...
20 :  83
20 :  83
Initializing...
maxdom : 20
D->valSize : 400
Solving...
currentSize : 6 <-- 0.001904 s
currentSize : 7 <-- 0.001923 s
currentSize : 8 <-- 0.001947 s
currentSize : 9 <-- 0.001980 s
currentSize : 11 <-- 0.003019 s
currentSize : 13 <-- 0.005623 s
currentSize : 15 <-- 0.007065 s
currentSize : 18 <-- 0.007183 s

maxsize : 18
nodes : 1837.000000
filtered : 36120.000000
time : 0.013267
