Parameters: GAD=1 vflib=1 dir=0 label=0 lowerbound=1 fileNameGp=../graphsdb/mcs90/rand/r01/mcs90_r01_s30.A42 fileNameGt=../graphsdb/mcs90/rand/r01/mcs90_r01_s30.B42
Reading graphs...
30 :  80
30 :  82
Initializing...
maxdom : 30
D->valSize : 900
Solving...
currentSize : 14 <-- 0.010440 s
currentSize : 15 <-- 0.014277 s
currentSize : 16 <-- 0.015722 s
currentSize : 17 <-- 0.195990 s
currentSize : 18 <-- 0.615579 s
currentSize : 19 <-- 1.729255 s
currentSize : 21 <-- 2.380343 s
currentSize : 27 <-- 2.380581 s

maxsize : 27
nodes : 333409.000000
filtered : 6383196.000000
time : 2.453633
