Parameters: GAD=1 vflib=1 dir=0 label=0 lowerbound=1 fileNameGp=../graphsdb/mcs90/bvg/b09m/mcs90_b09m_s35.A21 fileNameGt=../graphsdb/mcs90/bvg/b09m/mcs90_b09m_s35.B21
Reading graphs...
35 :  152
35 :  152
Initializing...
maxdom : 35
D->valSize : 1225
Solving...
currentSize : 13 <-- 0.018222 s
currentSize : 14 <-- 0.018403 s
currentSize : 15 <-- 0.018468 s
currentSize : 20 <-- 0.022151 s
currentSize : 21 <-- 0.027294 s
currentSize : 30 <-- 0.027448 s

maxsize : 30
nodes : 17508.000000
filtered : 1934331.000000
time : 0.454726
