Parameters: GAD=1 vflib=1 dir=0 label=0 lowerbound=1 fileNameGp=../graphsdb/mcs90/m2D/m2Dr6/mcs90_m2Dr6_s30.A65 fileNameGt=../graphsdb/mcs90/m2D/m2Dr6/mcs90_m2Dr6_s30.B65
Reading graphs...
30 :  67
30 :  63
Initializing...
maxdom : 30
D->valSize : 900
Solving...
currentSize : 13 <-- 0.010554 s
currentSize : 16 <-- 0.010610 s
currentSize : 18 <-- 0.010806 s
currentSize : 19 <-- 0.019504 s
currentSize : 21 <-- 0.020876 s
currentSize : 23 <-- 0.022511 s
currentSize : 24 <-- 0.028128 s
currentSize : 26 <-- 0.874098 s

maxsize : 26
nodes : 37772.000000
filtered : 2111710.000000
time : 0.958189
