Parameters: GAD=1 vflib=1 dir=0 label=0 lowerbound=1 fileNameGp=../graphsdb/mcs90/bvg/b09/mcs90_b09_s20.A79 fileNameGt=../graphsdb/mcs90/bvg/b09/mcs90_b09_s20.B79
Reading graphs...
20 :  89
20 :  89
Initializing...
maxdom : 20
D->valSize : 400
Solving...
currentSize : 7 <-- 0.001932 s
currentSize : 8 <-- 0.001969 s
currentSize : 10 <-- 0.001986 s
currentSize : 11 <-- 0.002051 s
currentSize : 12 <-- 0.002088 s
currentSize : 14 <-- 0.002173 s
currentSize : 16 <-- 0.002288 s
currentSize : 18 <-- 0.002402 s

maxsize : 18
nodes : 901.000000
filtered : 41746.000000
time : 0.014029
