Parameters: GAD=1 vflib=1 dir=0 label=0 lowerbound=1 fileNameGp=../graphsdb/mcs90/m2D/m2Dr6/mcs90_m2Dr6_s20.A78 fileNameGt=../graphsdb/mcs90/m2D/m2Dr6/mcs90_m2Dr6_s20.B78
Reading graphs...
20 :  40
20 :  39
Initializing...
maxdom : 20
D->valSize : 400
Solving...
currentSize : 9 <-- 0.002167 s
currentSize : 10 <-- 0.002185 s
currentSize : 11 <-- 0.002549 s
currentSize : 12 <-- 0.002695 s
currentSize : 13 <-- 0.004882 s
currentSize : 14 <-- 0.146542 s
currentSize : 16 <-- 0.169780 s

maxsize : 16
nodes : 30383.000000
filtered : 539974.000000
time : 0.202010
