Parameters: GAD=1 vflib=1 dir=0 label=0 lowerbound=1 fileNameGp=../graphsdb/mcs90/m2D/m2D/mcs90_m2D_s20.A44 fileNameGt=../graphsdb/mcs90/m2D/m2D/mcs90_m2D_s20.B44
Reading graphs...
20 :  31
20 :  31
Initializing...
maxdom : 20
D->valSize : 400
Solving...
currentSize : 13 <-- 0.002211 s
currentSize : 14 <-- 0.002324 s
currentSize : 15 <-- 0.023572 s
currentSize : 16 <-- 0.026528 s
currentSize : 17 <-- 0.040947 s
currentSize : 18 <-- 0.064408 s

maxsize : 18
nodes : 4737.000000
filtered : 113446.000000
time : 0.065326
