Parameters: GAD=1 vflib=1 dir=0 label=0 lowerbound=1 fileNameGp=../graphsdb/mcs90/rand/r01/mcs90_r01_s20.A70 fileNameGt=../graphsdb/mcs90/rand/r01/mcs90_r01_s20.B70
Reading graphs...
20 :  37
20 :  36
Initializing...
maxdom : 20
D->valSize : 400
Solving...
currentSize : 8 <-- 0.002151 s
currentSize : 10 <-- 0.002200 s
currentSize : 11 <-- 0.003295 s
currentSize : 12 <-- 0.017713 s
currentSize : 13 <-- 0.047002 s
currentSize : 14 <-- 0.074968 s
currentSize : 18 <-- 0.118937 s

maxsize : 18
nodes : 17548.000000
filtered : 289668.000000
time : 0.122311
