Parameters: GAD=1 vflib=1 dir=0 label=0 lowerbound=1 fileNameGp=../graphsdb/mcs90/bvg/b06m/mcs90_b06m_s20.A25 fileNameGt=../graphsdb/mcs90/bvg/b06m/mcs90_b06m_s20.B25
Reading graphs...
20 :  59
20 :  59
Initializing...
maxdom : 20
D->valSize : 400
Solving...
currentSize : 8 <-- 0.002106 s
currentSize : 9 <-- 0.002286 s
currentSize : 10 <-- 0.002492 s
currentSize : 11 <-- 0.002782 s
currentSize : 12 <-- 0.004828 s
currentSize : 15 <-- 0.045276 s
currentSize : 18 <-- 0.063670 s

maxsize : 18
nodes : 10754.000000
filtered : 204405.000000
time : 0.065187
