Parameters: GAD=1 vflib=1 dir=0 label=0 lowerbound=1 fileNameGp=../graphsdb/mcs90/m4D/m4D/mcs90_m4D_s20.A30 fileNameGt=../graphsdb/mcs90/m4D/m4D/mcs90_m4D_s20.B30
Reading graphs...
20 :  37
20 :  37
Initializing...
maxdom : 20
D->valSize : 400
Solving...
currentSize : 7 <-- 0.002165 s
currentSize : 9 <-- 0.002198 s
currentSize : 10 <-- 0.002371 s
currentSize : 13 <-- 0.003244 s
currentSize : 16 <-- 0.003281 s
currentSize : 17 <-- 0.003831 s

maxsize : 17
nodes : 1220.000000
filtered : 36858.000000
time : 0.015075
