Parameters: GAD=1 vflib=1 dir=0 label=0 lowerbound=1 fileNameGp=../graphsdb/mcs90/bvg/b06/mcs90_b06_s30.A39 fileNameGt=../graphsdb/mcs90/bvg/b06/mcs90_b06_s30.B39
Reading graphs...
30 :  90
30 :  90
Initializing...
maxdom : 30
D->valSize : 900
Solving...
currentSize : 19 <-- 0.017547 s
currentSize : 20 <-- 0.017636 s
currentSize : 21 <-- 0.017924 s
currentSize : 22 <-- 0.018154 s
currentSize : 23 <-- 0.018679 s
currentSize : 24 <-- 0.019869 s
currentSize : 25 <-- 0.020044 s
currentSize : 27 <-- 0.020561 s

maxsize : 27
nodes : 5267.000000
filtered : 277354.000000
time : 0.267691
