Parameters: GAD=1 vflib=1 dir=0 label=0 lowerbound=1 fileNameGp=../graphsdb/mcs90/m4D/m4Dr4/mcs90_m4Dr4_s20.A13 fileNameGt=../graphsdb/mcs90/m4D/m4Dr4/mcs90_m4Dr4_s20.B13
Reading graphs...
20 :  44
20 :  43
Initializing...
maxdom : 20
D->valSize : 400
Solving...
currentSize : 10 <-- 0.002083 s
currentSize : 11 <-- 0.002226 s
currentSize : 12 <-- 0.002854 s
currentSize : 13 <-- 0.032313 s
currentSize : 14 <-- 0.034206 s
currentSize : 16 <-- 0.059114 s

maxsize : 16
nodes : 10136.000000
filtered : 223480.000000
time : 0.092254
