Parameters: GAD=1 vflib=1 dir=0 label=0 lowerbound=1 fileNameGp=../graphsdb/mcs90/rand/r02/mcs90_r02_s20.A22 fileNameGt=../graphsdb/mcs90/rand/r02/mcs90_r02_s20.B22
Reading graphs...
20 :  65
20 :  67
Initializing...
maxdom : 20
D->valSize : 400
Solving...
currentSize : 9 <-- 0.002087 s
currentSize : 10 <-- 0.002166 s
currentSize : 11 <-- 0.002685 s
currentSize : 12 <-- 0.007195 s
currentSize : 14 <-- 0.009460 s
currentSize : 18 <-- 0.010303 s

maxsize : 18
nodes : 2462.000000
filtered : 31847.000000
time : 0.013390
