Parameters: GAD=1 vflib=1 dir=0 label=0 lowerbound=1 fileNameGp=../graphsdb/mcs90/m2D/m2Dr4/mcs90_m2Dr4_s30.A49 fileNameGt=../graphsdb/mcs90/m2D/m2Dr4/mcs90_m2Dr4_s30.B49
Reading graphs...
30 :  61
30 :  61
Initializing...
maxdom : 30
D->valSize : 900
Solving...
currentSize : 14 <-- 0.010720 s
currentSize : 15 <-- 0.010955 s
currentSize : 16 <-- 0.011009 s
currentSize : 17 <-- 0.048673 s
currentSize : 18 <-- 0.053488 s
currentSize : 19 <-- 7.849610 s
currentSize : 20 <-- 20.229328 s
currentSize : 21 <-- 27.545652 s
currentSize : 22 <-- 28.310307 s
currentSize : 23 <-- 28.311239 s
currentSize : 25 <-- 28.311403 s

maxsize : 25
nodes : 2580388.000000
filtered : 55948277.000000
time : 28.959784
