Parameters: GAD=1 vflib=1 dir=0 label=0 lowerbound=1 fileNameGp=../graphsdb/mcs90/bvg/b03/mcs90_b03_s35.A00 fileNameGt=../graphsdb/mcs90/bvg/b03/mcs90_b03_s35.B00
Reading graphs...
35 :  52
35 :  52
Initializing...
maxdom : 35
D->valSize : 1225
Solving...
currentSize : 28 <-- 0.021769 s
currentSize : 29 <-- 0.021832 s
currentSize : 30 <-- 0.021881 s
currentSize : 31 <-- 0.119407 s
currentSize : 32 <-- 2.517992 s
currentSize : 33 <-- 2.696986 s

maxsize : 33
nodes : 20594.000000
filtered : 1640786.000000
time : 2.756047
