Parameters: GAD=1 vflib=1 dir=0 label=0 lowerbound=1 fileNameGp=../graphsdb/mcs90/bvg/b06m/mcs90_b06m_s20.A51 fileNameGt=../graphsdb/mcs90/bvg/b06m/mcs90_b06m_s20.B51
Reading graphs...
20 :  57
20 :  57
Initializing...
maxdom : 20
D->valSize : 400
Solving...
currentSize : 9 <-- 0.002157 s
currentSize : 10 <-- 0.002402 s
currentSize : 11 <-- 0.004099 s
currentSize : 12 <-- 0.004852 s
currentSize : 13 <-- 0.009961 s
currentSize : 15 <-- 0.060249 s
currentSize : 16 <-- 0.060669 s
currentSize : 18 <-- 0.060792 s

maxsize : 18
nodes : 11942.000000
filtered : 201155.000000
time : 0.065979
