Parameters: GAD=1 vflib=1 dir=0 label=0 lowerbound=1 fileNameGp=../graphsdb/mcs90/m3D/m3Dr4/mcs90_m3Dr4_s30.A86 fileNameGt=../graphsdb/mcs90/m3D/m3Dr4/mcs90_m3Dr4_s30.B86
Reading graphs...
30 :  73
30 :  72
Initializing...
maxdom : 30
D->valSize : 900
Solving...
currentSize : 16 <-- 0.010421 s
currentSize : 17 <-- 0.010884 s
currentSize : 18 <-- 0.010946 s
currentSize : 19 <-- 0.298751 s
currentSize : 20 <-- 0.387417 s
currentSize : 21 <-- 0.570656 s
currentSize : 23 <-- 1.349086 s
currentSize : 24 <-- 2.494509 s
currentSize : 27 <-- 2.508196 s

maxsize : 27
nodes : 244579.000000
filtered : 7732053.000000
time : 2.606344
