Parameters: GAD=1 vflib=1 dir=0 label=0 lowerbound=1 fileNameGp=../graphsdb/mcs90/rand/r02/mcs90_r02_s35.A75 fileNameGt=../graphsdb/mcs90/rand/r02/mcs90_r02_s35.B75
Reading graphs...
35 :  208
35 :  210
Initializing...
maxdom : 35
D->valSize : 1225
Solving...
currentSize : 11 <-- 0.029564 s
currentSize : 12 <-- 0.029910 s
currentSize : 13 <-- 0.030923 s
currentSize : 14 <-- 0.207107 s
currentSize : 15 <-- 0.734889 s
currentSize : 16 <-- 38.116428 s
currentSize : 17 <-- 61.255733 s
currentSize : 18 <-- 63.248955 s
currentSize : 22 <-- 63.515125 s
currentSize : 23 <-- 74.030800 s
currentSize : 31 <-- 74.056938 s

maxsize : 31
nodes : 14405191.000000
filtered : 213093183.000000
time : 74.337410
