Parameters: GAD=1 vflib=1 dir=0 label=0 lowerbound=1 fileNameGp=../graphsdb/mcs90/bvg/b03/mcs90_b03_s30.A24 fileNameGt=../graphsdb/mcs90/bvg/b03/mcs90_b03_s30.B24
Reading graphs...
30 :  45
30 :  45
Initializing...
maxdom : 30
D->valSize : 900
Solving...
currentSize : 19 <-- 0.011150 s
currentSize : 20 <-- 0.011176 s
currentSize : 21 <-- 0.011325 s
currentSize : 22 <-- 0.012096 s
currentSize : 23 <-- 0.013892 s
currentSize : 24 <-- 0.017332 s
currentSize : 25 <-- 0.017926 s
currentSize : 27 <-- 0.075099 s

maxsize : 27
nodes : 6698.000000
filtered : 446222.000000
time : 0.810377
