Parameters: GAD=1 vflib=1 dir=0 label=0 lowerbound=1 fileNameGp=../graphsdb/mcs90/rand/r02/mcs90_r02_s35.A56 fileNameGt=../graphsdb/mcs90/rand/r02/mcs90_r02_s35.B56
Reading graphs...
35 :  214
35 :  209
Initializing...
maxdom : 35
D->valSize : 1225
Solving...
currentSize : 9 <-- 0.021821 s
currentSize : 10 <-- 0.021860 s
currentSize : 11 <-- 0.021897 s
currentSize : 13 <-- 0.024477 s
currentSize : 14 <-- 0.583386 s
currentSize : 15 <-- 4.831021 s
currentSize : 16 <-- 4.831141 s
currentSize : 19 <-- 4.831303 s
currentSize : 21 <-- 4.831440 s
currentSize : 22 <-- 9.068521 s
currentSize : 23 <-- 9.125170 s
currentSize : 31 <-- 9.146233 s

maxsize : 31
nodes : 1721607.000000
filtered : 30207724.000000
time : 9.478516
