Parameters: GAD=1 vflib=1 dir=0 label=0 lowerbound=1 fileNameGp=../graphsdb/mcs90/m2D/m2Dr4/mcs90_m2Dr4_s20.A34 fileNameGt=../graphsdb/mcs90/m2D/m2Dr4/mcs90_m2Dr4_s20.B34
Reading graphs...
20 :  37
20 :  38
Initializing...
maxdom : 20
D->valSize : 400
Solving...
currentSize : 10 <-- 0.002217 s
currentSize : 11 <-- 0.002446 s
currentSize : 12 <-- 0.003310 s
currentSize : 13 <-- 0.004246 s
currentSize : 14 <-- 0.005299 s
currentSize : 15 <-- 0.042812 s
currentSize : 16 <-- 0.042829 s

maxsize : 16
nodes : 7269.000000
filtered : 196553.000000
time : 0.082452
