Parameters: GAD=1 vflib=1 dir=0 label=0 lowerbound=1 fileNameGp=../graphsdb/mcs90/bvg/b03m/mcs90_b03m_s30.A13 fileNameGt=../graphsdb/mcs90/bvg/b03m/mcs90_b03m_s30.B13
Reading graphs...
30 :  45
30 :  45
Initializing...
maxdom : 30
D->valSize : 900
Solving...
currentSize : 8 <-- 0.011406 s
currentSize : 14 <-- 0.011495 s
currentSize : 15 <-- 0.011622 s
currentSize : 16 <-- 0.020014 s
currentSize : 17 <-- 0.035167 s
currentSize : 18 <-- 0.044150 s
currentSize : 19 <-- 0.069093 s
currentSize : 20 <-- 0.111393 s
currentSize : 21 <-- 0.137031 s
currentSize : 23 <-- 7.762199 s
currentSize : 24 <-- 14.583939 s
currentSize : 27 <-- 14.584067 s

maxsize : 27
nodes : 434827.000000
filtered : 12229762.000000
time : 14.672438
