Parameters: GAD=1 vflib=1 dir=0 label=0 lowerbound=1 fileNameGp=../graphsdb/mcs90/rand/r02/mcs90_r02_s30.A07 fileNameGt=../graphsdb/mcs90/rand/r02/mcs90_r02_s30.B07
Reading graphs...
30 :  157
30 :  160
Initializing...
maxdom : 30
D->valSize : 900
Solving...
currentSize : 10 <-- 0.009222 s
currentSize : 11 <-- 0.009534 s
currentSize : 12 <-- 0.010188 s
currentSize : 13 <-- 0.027297 s
currentSize : 14 <-- 1.131707 s
currentSize : 15 <-- 2.907169 s
currentSize : 17 <-- 6.195807 s
currentSize : 18 <-- 6.901173 s
currentSize : 20 <-- 6.939983 s
currentSize : 27 <-- 6.940268 s

maxsize : 27
nodes : 1464698.000000
filtered : 19357958.000000
time : 6.993275
