Parameters: GAD=1 vflib=1 dir=0 label=0 lowerbound=1 fileNameGp=../graphsdb/mcs90/rand/r01/mcs90_r01_s25.A98 fileNameGt=../graphsdb/mcs90/rand/r01/mcs90_r01_s25.B98
Reading graphs...
25 :  55
25 :  56
Initializing...
maxdom : 25
D->valSize : 625
Solving...
currentSize : 11 <-- 0.008782 s
currentSize : 12 <-- 0.008852 s
currentSize : 13 <-- 0.009239 s
currentSize : 14 <-- 0.021135 s
currentSize : 15 <-- 0.138795 s
currentSize : 16 <-- 0.322016 s
currentSize : 17 <-- 0.874174 s
currentSize : 18 <-- 0.876165 s
currentSize : 20 <-- 0.876200 s
currentSize : 22 <-- 0.895265 s

maxsize : 22
nodes : 72026.000000
filtered : 1326742.000000
time : 0.920359
