Parameters: GAD=1 vflib=1 dir=0 label=0 lowerbound=1 fileNameGp=../graphsdb/mcs90/rand/r005/mcs90_r005_s30.A45 fileNameGt=../graphsdb/mcs90/rand/r005/mcs90_r005_s30.B45
Reading graphs...
30 :  41
30 :  41
Initializing...
maxdom : 30
D->valSize : 900
Solving...
currentSize : 15 <-- 0.019822 s
currentSize : 16 <-- 0.020170 s
currentSize : 17 <-- 0.024301 s
currentSize : 18 <-- 0.039895 s
currentSize : 19 <-- 0.040808 s
currentSize : 20 <-- 0.666680 s
currentSize : 21 <-- 5.454364 s
currentSize : 22 <-- 8.750782 s
currentSize : 23 <-- 9.017080 s
currentSize : 24 <-- 9.902518 s
currentSize : 25 <-- 9.903319 s
currentSize : 26 <-- 9.939554 s
currentSize : 27 <-- 9.939752 s

maxsize : 27
nodes : 645481.000000
filtered : 10961209.000000
time : 10.016572
