Parameters: GAD=1 vflib=1 dir=0 label=0 lowerbound=1 fileNameGp=../graphsdb/mcs90/bvg/b09m/mcs90_b09m_s20.A29 fileNameGt=../graphsdb/mcs90/bvg/b09m/mcs90_b09m_s20.B29
Reading graphs...
20 :  87
20 :  87
Initializing...
maxdom : 20
D->valSize : 400
Solving...
currentSize : 8 <-- 0.002004 s
currentSize : 9 <-- 0.002048 s
currentSize : 10 <-- 0.002148 s
currentSize : 11 <-- 0.048694 s
currentSize : 12 <-- 0.053475 s
currentSize : 13 <-- 0.067223 s
currentSize : 14 <-- 0.067699 s
currentSize : 18 <-- 0.068096 s

maxsize : 18
nodes : 19961.000000
filtered : 185784.000000
time : 0.071619
