Parameters: GAD=1 vflib=1 dir=0 label=0 lowerbound=1 fileNameGp=../graphsdb/mcs90/m3D/m3Dr6/mcs90_m3Dr6_s30.A10 fileNameGt=../graphsdb/mcs90/m3D/m3Dr6/mcs90_m3Dr6_s30.B10
Reading graphs...
30 :  75
30 :  73
Initializing...
maxdom : 30
D->valSize : 900
Solving...
currentSize : 15 <-- 0.010650 s
currentSize : 17 <-- 0.010691 s
currentSize : 18 <-- 0.011957 s
currentSize : 19 <-- 0.030608 s
currentSize : 20 <-- 0.257323 s
currentSize : 21 <-- 0.270649 s
currentSize : 22 <-- 1.352982 s
currentSize : 23 <-- 1.355512 s
currentSize : 27 <-- 1.363733 s

maxsize : 27
nodes : 148611.000000
filtered : 4059832.000000
time : 1.491968
