Parameters: GAD=1 vflib=1 dir=0 label=0 lowerbound=1 fileNameGp=../graphsdb/mcs90/m2D/m2Dr4/mcs90_m2Dr4_s30.A86 fileNameGt=../graphsdb/mcs90/m2D/m2Dr4/mcs90_m2Dr4_s30.B86
Reading graphs...
30 :  60
30 :  58
Initializing...
maxdom : 30
D->valSize : 900
Solving...
currentSize : 14 <-- 0.018903 s
currentSize : 15 <-- 0.018947 s
currentSize : 16 <-- 0.019071 s
currentSize : 17 <-- 0.019281 s
currentSize : 18 <-- 0.020016 s
currentSize : 19 <-- 0.176169 s
currentSize : 20 <-- 0.177975 s
currentSize : 21 <-- 5.549680 s
currentSize : 22 <-- 12.279406 s
currentSize : 23 <-- 15.255309 s
currentSize : 25 <-- 15.255713 s

maxsize : 25
nodes : 1055252.000000
filtered : 34776983.000000
time : 16.152079
