Parameters: GAD=1 vflib=1 dir=0 label=0 lowerbound=1 fileNameGp=../graphsdb/mcs90/rand/r005/mcs90_r005_s25.A58 fileNameGt=../graphsdb/mcs90/rand/r005/mcs90_r005_s25.B58
Reading graphs...
25 :  29
25 :  29
Initializing...
maxdom : 25
D->valSize : 625
Solving...
currentSize : 8 <-- 0.009511 s
currentSize : 14 <-- 0.009627 s
currentSize : 15 <-- 0.009638 s
currentSize : 16 <-- 0.009754 s
currentSize : 17 <-- 0.028966 s
currentSize : 18 <-- 0.121704 s
currentSize : 19 <-- 1.615870 s
currentSize : 21 <-- 1.615897 s
currentSize : 22 <-- 1.616129 s
currentSize : 23 <-- 1.624089 s

maxsize : 23
nodes : 102514.000000
filtered : 1624887.000000
time : 1.630299
