Parameters: GAD=1 vflib=1 dir=0 label=0 lowerbound=1 fileNameGp=../graphsdb/mcs90/bvg/b09m/mcs90_b09m_s35.A04 fileNameGt=../graphsdb/mcs90/bvg/b09m/mcs90_b09m_s35.B04
Reading graphs...
35 :  155
35 :  154
Initializing...
maxdom : 35
D->valSize : 1225
Solving...
currentSize : 13 <-- 0.023516 s
currentSize : 14 <-- 0.023570 s
currentSize : 15 <-- 0.030856 s
currentSize : 16 <-- 0.051675 s
currentSize : 17 <-- 1.732075 s
currentSize : 18 <-- 15.713006 s
currentSize : 23 <-- 28.618538 s
currentSize : 24 <-- 29.186382 s
currentSize : 26 <-- 33.080349 s
currentSize : 30 <-- 33.081039 s

maxsize : 30
nodes : 5444655.000000
filtered : 106735166.000000
time : 33.474674
