Parameters: GAD=1 vflib=1 dir=0 label=0 lowerbound=1 fileNameGp=../graphsdb/mcs90/bvg/b09/mcs90_b09_s30.A05 fileNameGt=../graphsdb/mcs90/bvg/b09/mcs90_b09_s30.B05
Reading graphs...
30 :  135
30 :  135
Initializing...
maxdom : 30
D->valSize : 900
Solving...
currentSize : 15 <-- 0.009337 s
currentSize : 16 <-- 0.009416 s
currentSize : 17 <-- 0.009584 s
currentSize : 18 <-- 0.010796 s
currentSize : 19 <-- 0.022891 s
currentSize : 20 <-- 0.022920 s
currentSize : 22 <-- 0.048004 s
currentSize : 26 <-- 0.050393 s
currentSize : 27 <-- 0.068231 s

maxsize : 27
nodes : 12427.000000
filtered : 571508.000000
time : 0.169893
