Parameters: GAD=1 vflib=1 dir=0 label=0 lowerbound=1 fileNameGp=../graphsdb/mcs90/bvg/b03m/mcs90_b03m_s35.A80 fileNameGt=../graphsdb/mcs90/bvg/b03m/mcs90_b03m_s35.B80
Reading graphs...
35 :  51
35 :  51
Initializing...
maxdom : 35
D->valSize : 1225
Solving...
currentSize : 16 <-- 0.037133 s
currentSize : 19 <-- 0.037183 s
currentSize : 20 <-- 0.037193 s
currentSize : 21 <-- 0.037910 s
currentSize : 22 <-- 0.141166 s
currentSize : 23 <-- 0.670820 s
currentSize : 24 <-- 1.854613 s
currentSize : 25 <-- 2.635727 s
currentSize : 26 <-- 21.865864 s
currentSize : 28 <-- 42.742699 s
currentSize : 30 <-- 66.432510 s

maxsize : 30
nodes : 1766961.000000
filtered : 57076370.000000
time : 71.332237
