Parameters: GAD=1 vflib=1 dir=0 label=0 lowerbound=1 fileNameGp=../graphsdb/mcs90/rand/r02/mcs90_r02_s30.A59 fileNameGt=../graphsdb/mcs90/rand/r02/mcs90_r02_s30.B59
Reading graphs...
30 :  160
30 :  160
Initializing...
maxdom : 30
D->valSize : 900
Solving...
currentSize : 10 <-- 0.014408 s
currentSize : 11 <-- 0.014452 s
currentSize : 12 <-- 0.014882 s
currentSize : 13 <-- 0.131882 s
currentSize : 14 <-- 4.615615 s
currentSize : 19 <-- 7.671981 s
currentSize : 20 <-- 7.684004 s
currentSize : 27 <-- 7.684244 s

maxsize : 27
nodes : 1757861.000000
filtered : 19790035.000000
time : 7.722297
