Parameters: GAD=1 vflib=1 dir=0 label=0 lowerbound=1 fileNameGp=../graphsdb/mcs90/bvg/b09/mcs90_b09_s20.A63 fileNameGt=../graphsdb/mcs90/bvg/b09/mcs90_b09_s20.B63
Reading graphs...
20 :  89
20 :  90
Initializing...
maxdom : 20
D->valSize : 400
Solving...
currentSize : 8 <-- 0.001919 s
currentSize : 9 <-- 0.001957 s
currentSize : 10 <-- 0.002016 s
currentSize : 12 <-- 0.002052 s
currentSize : 14 <-- 0.002089 s
currentSize : 16 <-- 0.002160 s
currentSize : 18 <-- 0.002224 s

maxsize : 18
nodes : 716.000000
filtered : 39651.000000
time : 0.015551
