Parameters: GAD=1 vflib=1 dir=0 label=0 lowerbound=1 fileNameGp=../graphsdb/mcs90/m2D/m2Dr6/mcs90_m2Dr6_s20.A33 fileNameGt=../graphsdb/mcs90/m2D/m2Dr6/mcs90_m2Dr6_s20.B33
Reading graphs...
20 :  42
20 :  41
Initializing...
maxdom : 20
D->valSize : 400
Solving...
currentSize : 9 <-- 0.002086 s
currentSize : 10 <-- 0.002137 s
currentSize : 11 <-- 0.002218 s
currentSize : 12 <-- 0.003138 s
currentSize : 13 <-- 0.043674 s
currentSize : 14 <-- 0.168982 s
currentSize : 16 <-- 0.239064 s

maxsize : 16
nodes : 46750.000000
filtered : 813618.000000
time : 0.273104
