Parameters: GAD=1 vflib=1 dir=0 label=0 lowerbound=1 fileNameGp=../graphsdb/mcs90/m2D/m2Dr6/mcs90_m2Dr6_s20.A22 fileNameGt=../graphsdb/mcs90/m2D/m2Dr6/mcs90_m2Dr6_s20.B22
Reading graphs...
20 :  43
20 :  41
Initializing...
maxdom : 20
D->valSize : 400
Solving...
currentSize : 7 <-- 0.002113 s
currentSize : 8 <-- 0.002134 s
currentSize : 9 <-- 0.002147 s
currentSize : 10 <-- 0.002207 s
currentSize : 11 <-- 0.002533 s
currentSize : 12 <-- 0.002902 s
currentSize : 13 <-- 0.004001 s
currentSize : 14 <-- 0.183905 s
currentSize : 16 <-- 0.238482 s

maxsize : 16
nodes : 37611.000000
filtered : 744106.000000
time : 0.274412
