Parameters: GAD=1 vflib=1 dir=0 label=0 lowerbound=1 fileNameGp=../graphsdb/mcs90/rand/r005/mcs90_r005_s25.A66 fileNameGt=../graphsdb/mcs90/rand/r005/mcs90_r005_s25.B66
Reading graphs...
25 :  29
25 :  29
Initializing...
maxdom : 25
D->valSize : 625
Solving...
currentSize : 11 <-- 0.009618 s
currentSize : 12 <-- 0.009656 s
currentSize : 14 <-- 0.009682 s
currentSize : 16 <-- 0.011187 s
currentSize : 17 <-- 0.136736 s
currentSize : 18 <-- 2.148913 s
currentSize : 19 <-- 2.148982 s
currentSize : 21 <-- 2.863051 s
currentSize : 23 <-- 2.863316 s

maxsize : 23
nodes : 256624.000000
filtered : 3160993.000000
time : 2.883840
