Parameters: GAD=1 vflib=1 dir=0 label=0 lowerbound=1 fileNameGp=../graphsdb/mcs90/bvg/b09m/mcs90_b09m_s30.A07 fileNameGt=../graphsdb/mcs90/bvg/b09m/mcs90_b09m_s30.B07
Reading graphs...
30 :  128
30 :  130
Initializing...
maxdom : 30
D->valSize : 900
Solving...
currentSize : 10 <-- 0.010033 s
currentSize : 11 <-- 0.010075 s
currentSize : 12 <-- 0.010687 s
currentSize : 13 <-- 0.011781 s
currentSize : 14 <-- 0.014332 s
currentSize : 15 <-- 0.120841 s
currentSize : 16 <-- 21.182327 s
currentSize : 17 <-- 22.614460 s
currentSize : 18 <-- 22.916307 s
currentSize : 19 <-- 22.966120 s
currentSize : 20 <-- 23.703600 s
currentSize : 21 <-- 24.530552 s
currentSize : 24 <-- 24.910654 s
currentSize : 26 <-- 24.910772 s

maxsize : 26
nodes : 4384450.000000
filtered : 80620768.000000
time : 25.017700
