Parameters: GAD=1 vflib=1 dir=0 label=0 lowerbound=1 fileNameGp=../graphsdb/mcs90/bvg/b09/mcs90_b09_s25.A93 fileNameGt=../graphsdb/mcs90/bvg/b09/mcs90_b09_s25.B93
Reading graphs...
25 :  112
25 :  112
Initializing...
maxdom : 25
D->valSize : 625
Solving...
currentSize : 7 <-- 0.004251 s
currentSize : 8 <-- 0.004272 s
currentSize : 10 <-- 0.004304 s
currentSize : 11 <-- 0.004438 s
currentSize : 12 <-- 0.004883 s
currentSize : 15 <-- 0.005097 s
currentSize : 19 <-- 0.005575 s
currentSize : 22 <-- 0.008940 s

maxsize : 22
nodes : 1913.000000
filtered : 145956.000000
time : 0.050255
