Parameters: GAD=1 vflib=1 dir=0 label=0 lowerbound=1 fileNameGp=../graphsdb/mcs90/rand/r005/mcs90_r005_s30.A80 fileNameGt=../graphsdb/mcs90/rand/r005/mcs90_r005_s30.B80
Reading graphs...
30 :  42
30 :  42
Initializing...
maxdom : 30
D->valSize : 900
Solving...
currentSize : 16 <-- 0.011195 s
currentSize : 17 <-- 0.011321 s
currentSize : 18 <-- 0.012625 s
currentSize : 19 <-- 0.033346 s
currentSize : 20 <-- 0.054476 s
currentSize : 21 <-- 0.842083 s
currentSize : 22 <-- 4.085823 s
currentSize : 24 <-- 4.139775 s
currentSize : 26 <-- 4.315374 s
currentSize : 27 <-- 4.315411 s

maxsize : 27
nodes : 268254.000000
filtered : 4734252.000000
time : 4.393194
