Parameters: GAD=1 vflib=1 dir=0 label=0 lowerbound=1 fileNameGp=../graphsdb/mcs90/bvg/b06m/mcs90_b06m_s20.A18 fileNameGt=../graphsdb/mcs90/bvg/b06m/mcs90_b06m_s20.B18
Reading graphs...
20 :  58
20 :  59
Initializing...
maxdom : 20
D->valSize : 400
Solving...
currentSize : 7 <-- 0.002041 s
currentSize : 8 <-- 0.002058 s
currentSize : 9 <-- 0.002106 s
currentSize : 10 <-- 0.002184 s
currentSize : 11 <-- 0.005628 s
currentSize : 12 <-- 0.011918 s
currentSize : 13 <-- 0.018209 s
currentSize : 14 <-- 0.020125 s
currentSize : 18 <-- 0.048699 s

maxsize : 18
nodes : 8989.000000
filtered : 161899.000000
time : 0.053506
