Parameters: GAD=1 vflib=1 dir=0 label=0 lowerbound=1 fileNameGp=../graphsdb/mcs90/bvg/b09/mcs90_b09_s30.A43 fileNameGt=../graphsdb/mcs90/bvg/b09/mcs90_b09_s30.B43
Reading graphs...
30 :  134
30 :  134
Initializing...
maxdom : 30
D->valSize : 900
Solving...
currentSize : 10 <-- 0.009514 s
currentSize : 11 <-- 0.009550 s
currentSize : 12 <-- 0.009590 s
currentSize : 13 <-- 0.010313 s
currentSize : 14 <-- 0.012152 s
currentSize : 15 <-- 0.013289 s
currentSize : 16 <-- 0.015992 s
currentSize : 18 <-- 0.211618 s
currentSize : 19 <-- 0.211719 s
currentSize : 20 <-- 0.211819 s
currentSize : 22 <-- 0.211999 s
currentSize : 26 <-- 0.212116 s

maxsize : 26
nodes : 46671.000000
filtered : 1253485.000000
time : 0.378543
