Parameters: GAD=1 vflib=1 dir=0 label=0 lowerbound=1 fileNameGp=../graphsdb/mcs90/rand/r01/mcs90_r01_s15.A11 fileNameGt=../graphsdb/mcs90/rand/r01/mcs90_r01_s15.B11
Reading graphs...
15 :  20
15 :  20
Initializing...
maxdom : 15
D->valSize : 225
Solving...
currentSize : 8 <-- 0.000912 s
currentSize : 9 <-- 0.001288 s
currentSize : 10 <-- 0.002540 s
currentSize : 11 <-- 0.003002 s
currentSize : 12 <-- 0.005621 s
currentSize : 13 <-- 0.005801 s

maxsize : 13
nodes : 1540.000000
filtered : 14569.000000
time : 0.006607
