Parameters: GAD=1 vflib=1 dir=0 label=0 lowerbound=1 fileNameGp=../graphsdb/mcs90/rand/r02/mcs90_r02_s20.A41 fileNameGt=../graphsdb/mcs90/rand/r02/mcs90_r02_s20.B41
Reading graphs...
20 :  67
20 :  66
Initializing...
maxdom : 20
D->valSize : 400
Solving...
currentSize : 9 <-- 0.001995 s
currentSize : 10 <-- 0.002139 s
currentSize : 11 <-- 0.008099 s
currentSize : 12 <-- 0.008541 s
currentSize : 14 <-- 0.013441 s
currentSize : 18 <-- 0.081357 s

maxsize : 18
nodes : 11663.000000
filtered : 277207.000000
time : 0.082482
