Parameters: GAD=1 vflib=1 dir=0 label=0 lowerbound=1 fileNameGp=../graphsdb/mcs90/bvg/b03m/mcs90_b03m_s25.A32 fileNameGt=../graphsdb/mcs90/bvg/b03m/mcs90_b03m_s25.B32
Reading graphs...
25 :  37
25 :  37
Initializing...
maxdom : 25
D->valSize : 625
Solving...
currentSize : 10 <-- 0.005237 s
currentSize : 11 <-- 0.005273 s
currentSize : 14 <-- 0.006072 s
currentSize : 15 <-- 0.006079 s
currentSize : 16 <-- 0.006737 s
currentSize : 17 <-- 0.012872 s
currentSize : 18 <-- 0.059078 s
currentSize : 19 <-- 0.478006 s
currentSize : 20 <-- 0.636902 s
currentSize : 22 <-- 0.636933 s

maxsize : 22
nodes : 36449.000000
filtered : 883673.000000
time : 0.772379
