Parameters: GAD=1 vflib=1 dir=0 label=0 lowerbound=1 fileNameGp=../graphsdb/mcs90/m4D/m4D/mcs90_m4D_s20.A64 fileNameGt=../graphsdb/mcs90/m4D/m4D/mcs90_m4D_s20.B64
Reading graphs...
20 :  37
20 :  37
Initializing...
maxdom : 20
D->valSize : 400
Solving...
currentSize : 6 <-- 0.002097 s
currentSize : 9 <-- 0.002154 s
currentSize : 10 <-- 0.010462 s
currentSize : 11 <-- 0.010501 s
currentSize : 13 <-- 0.021116 s
currentSize : 14 <-- 0.021323 s
currentSize : 16 <-- 0.029465 s
currentSize : 17 <-- 0.029509 s

maxsize : 17
nodes : 7880.000000
filtered : 105592.000000
time : 0.045360
