Parameters: GAD=1 vflib=1 dir=0 label=0 lowerbound=1 fileNameGp=../graphsdb/mcs90/bvg/b06m/mcs90_b06m_s20.A76 fileNameGt=../graphsdb/mcs90/bvg/b06m/mcs90_b06m_s20.B76
Reading graphs...
20 :  60
20 :  60
Initializing...
maxdom : 20
D->valSize : 400
Solving...
currentSize : 8 <-- 0.002072 s
currentSize : 9 <-- 0.002087 s
currentSize : 10 <-- 0.002136 s
currentSize : 11 <-- 0.002161 s
currentSize : 12 <-- 0.006906 s
currentSize : 14 <-- 0.062736 s
currentSize : 18 <-- 0.063988 s

maxsize : 18
nodes : 14578.000000
filtered : 201692.000000
time : 0.069763
