Parameters: GAD=1 vflib=1 dir=0 label=0 lowerbound=1 fileNameGp=../graphsdb/mcs90/bvg/b06/mcs90_b06_s25.A62 fileNameGt=../graphsdb/mcs90/bvg/b06/mcs90_b06_s25.B62
Reading graphs...
25 :  74
25 :  75
Initializing...
maxdom : 25
D->valSize : 625
Solving...
currentSize : 11 <-- 0.004732 s
currentSize : 12 <-- 0.004762 s
currentSize : 13 <-- 0.004787 s
currentSize : 14 <-- 0.005156 s
currentSize : 15 <-- 0.005839 s
currentSize : 16 <-- 0.006551 s
currentSize : 17 <-- 0.007535 s
currentSize : 18 <-- 0.007592 s
currentSize : 20 <-- 0.010929 s
currentSize : 22 <-- 0.011252 s
currentSize : 23 <-- 0.019614 s

maxsize : 23
nodes : 1943.000000
filtered : 64692.000000
time : 0.041764
