Parameters: GAD=1 vflib=1 dir=0 label=0 lowerbound=1 fileNameGp=../graphsdb/mcs90/rand/r005/mcs90_r005_s35.A84 fileNameGt=../graphsdb/mcs90/rand/r005/mcs90_r005_s35.B84
Reading graphs...
35 :  57
35 :  58
Initializing...
maxdom : 35
D->valSize : 1225
Solving...
currentSize : 17 <-- 0.036016 s
currentSize : 18 <-- 0.047600 s
currentSize : 19 <-- 0.049294 s
currentSize : 20 <-- 1.283057 s
currentSize : 21 <-- 1.537301 s
currentSize : 22 <-- 13.808783 s
currentSize : 23 <-- 44.131855 s
currentSize : 24 <-- 131.249634 s
currentSize : 26 <-- 131.261490 s
currentSize : 27 <-- 150.434631 s
currentSize : 28 <-- 154.833801 s
currentSize : 29 <-- 156.561127 s
currentSize : 30 <-- 156.567139 s
currentSize : 31 <-- 157.156342 s

maxsize : 31
nodes : 8762561.000000
filtered : 183788745.000000
time : 157.397156
