Parameters: GAD=1 vflib=1 dir=0 label=0 lowerbound=1 fileNameGp=../graphsdb/mcs90/bvg/b09m/mcs90_b09m_s25.A60 fileNameGt=../graphsdb/mcs90/bvg/b09m/mcs90_b09m_s25.B60
Reading graphs...
25 :  108
25 :  110
Initializing...
maxdom : 25
D->valSize : 625
Solving...
currentSize : 8 <-- 0.007592 s
currentSize : 9 <-- 0.007683 s
currentSize : 10 <-- 0.007713 s
currentSize : 12 <-- 0.007794 s
currentSize : 13 <-- 0.101592 s
currentSize : 14 <-- 0.478151 s
currentSize : 15 <-- 0.479884 s
currentSize : 18 <-- 0.480523 s
currentSize : 22 <-- 0.505929 s

maxsize : 22
nodes : 103934.000000
filtered : 1597617.000000
time : 0.552880
