Parameters: GAD=1 vflib=1 dir=0 label=0 lowerbound=1 fileNameGp=../graphsdb/mcs90/bvg/b03/mcs90_b03_s30.A39 fileNameGt=../graphsdb/mcs90/bvg/b03/mcs90_b03_s30.B39
Reading graphs...
30 :  45
30 :  45
Initializing...
maxdom : 30
D->valSize : 900
Solving...
currentSize : 21 <-- 0.011438 s
currentSize : 22 <-- 0.012877 s
currentSize : 23 <-- 0.021848 s
currentSize : 24 <-- 0.050966 s
currentSize : 26 <-- 0.101718 s
currentSize : 27 <-- 0.204889 s

maxsize : 27
nodes : 7630.000000
filtered : 540422.000000
time : 0.641762
