Parameters: GAD=1 vflib=1 dir=0 label=0 lowerbound=1 fileNameGp=../graphsdb/mcs90/m2D/m2Dr2/mcs90_m2Dr2_s20.A38 fileNameGt=../graphsdb/mcs90/m2D/m2Dr2/mcs90_m2Dr2_s20.B38
Reading graphs...
20 :  34
20 :  33
Initializing...
maxdom : 20
D->valSize : 400
Solving...
currentSize : 10 <-- 0.002234 s
currentSize : 11 <-- 0.002382 s
currentSize : 12 <-- 0.002451 s
currentSize : 13 <-- 0.002561 s
currentSize : 14 <-- 0.002657 s
currentSize : 15 <-- 0.044268 s
currentSize : 16 <-- 0.177347 s
currentSize : 17 <-- 0.181617 s

maxsize : 17
nodes : 30132.000000
filtered : 553546.000000
time : 0.197558
