Parameters: GAD=1 vflib=1 dir=0 label=0 lowerbound=1 fileNameGp=../graphsdb/mcs90/bvg/b09/mcs90_b09_s30.A17 fileNameGt=../graphsdb/mcs90/bvg/b09/mcs90_b09_s30.B17
Reading graphs...
30 :  134
30 :  135
Initializing...
maxdom : 30
D->valSize : 900
Solving...
currentSize : 12 <-- 0.016299 s
currentSize : 13 <-- 0.016364 s
currentSize : 14 <-- 0.016467 s
currentSize : 15 <-- 0.016889 s
currentSize : 16 <-- 0.017245 s
currentSize : 19 <-- 0.017904 s
currentSize : 20 <-- 0.018051 s
currentSize : 22 <-- 0.018222 s
currentSize : 26 <-- 0.034947 s

maxsize : 26
nodes : 15123.000000
filtered : 994278.000000
time : 0.318496
