Parameters: GAD=1 vflib=1 dir=0 label=0 lowerbound=1 fileNameGp=../graphsdb/mcs90/bvg/b09m/mcs90_b09m_s35.A28 fileNameGt=../graphsdb/mcs90/bvg/b09m/mcs90_b09m_s35.B28
Reading graphs...
35 :  153
35 :  154
Initializing...
maxdom : 35
D->valSize : 1225
Solving...
currentSize : 12 <-- 0.018419 s
currentSize : 13 <-- 0.018454 s
currentSize : 14 <-- 0.021570 s
currentSize : 15 <-- 0.086049 s
currentSize : 16 <-- 0.604121 s
currentSize : 17 <-- 51.802113 s
currentSize : 18 <-- 144.287094 s
currentSize : 20 <-- 160.969696 s
currentSize : 23 <-- 189.537918 s
currentSize : 24 <-- 191.514297 s
currentSize : 26 <-- 195.960892 s
currentSize : 27 <-- 195.961029 s
currentSize : 28 <-- 195.961182 s
currentSize : 30 <-- 195.961258 s

maxsize : 30
nodes : 30893179.000000
filtered : 626860716.000000
time : 196.535904
