Parameters: GAD=1 vflib=1 dir=0 label=0 lowerbound=1 fileNameGp=../graphsdb/mcs90/bvg/b09/mcs90_b09_s35.A82 fileNameGt=../graphsdb/mcs90/bvg/b09/mcs90_b09_s35.B82
Reading graphs...
35 :  157
35 :  156
Initializing...
maxdom : 35
D->valSize : 1225
Solving...
currentSize : 14 <-- 0.030921 s
currentSize : 15 <-- 0.031029 s
currentSize : 16 <-- 0.031073 s
currentSize : 18 <-- 0.044551 s
currentSize : 20 <-- 0.054891 s
currentSize : 22 <-- 0.055190 s
currentSize : 24 <-- 0.109586 s
currentSize : 26 <-- 0.109826 s
currentSize : 30 <-- 0.215281 s

maxsize : 30
nodes : 90287.000000
filtered : 5186071.000000
time : 1.394368
