Parameters: GAD=1 vflib=1 dir=0 label=0 lowerbound=1 fileNameGp=../graphsdb/mcs90/bvg/b03/mcs90_b03_s35.A93 fileNameGt=../graphsdb/mcs90/bvg/b03/mcs90_b03_s35.B93
Reading graphs...
35 :  52
35 :  52
Initializing...
maxdom : 35
D->valSize : 1225
Solving...
currentSize : 20 <-- 0.020934 s
currentSize : 24 <-- 0.020961 s
currentSize : 25 <-- 0.021113 s
currentSize : 26 <-- 0.021214 s
currentSize : 28 <-- 0.021277 s
currentSize : 29 <-- 0.223808 s
currentSize : 30 <-- 0.225848 s
currentSize : 31 <-- 0.378652 s
currentSize : 32 <-- 1.922763 s

maxsize : 32
nodes : 18183.000000
filtered : 1511197.000000
time : 2.985019
