Parameters: GAD=1 vflib=1 dir=0 label=0 lowerbound=1 fileNameGp=../graphsdb/mcs90/m2D/m2Dr6/mcs90_m2Dr6_s30.A74 fileNameGt=../graphsdb/mcs90/m2D/m2Dr6/mcs90_m2Dr6_s30.B74
Reading graphs...
30 :  66
30 :  64
Initializing...
maxdom : 30
D->valSize : 900
Solving...
currentSize : 11 <-- 0.010834 s
currentSize : 13 <-- 0.010895 s
currentSize : 14 <-- 0.010961 s
currentSize : 15 <-- 0.011053 s
currentSize : 16 <-- 0.011171 s
currentSize : 17 <-- 0.011316 s
currentSize : 18 <-- 0.045403 s
currentSize : 19 <-- 0.800847 s
currentSize : 20 <-- 25.094021 s
currentSize : 21 <-- 27.830765 s
currentSize : 22 <-- 36.682579 s
currentSize : 25 <-- 36.682690 s

maxsize : 25
nodes : 2701020.000000
filtered : 72363855.000000
time : 37.492893
