Parameters: GAD=1 vflib=1 dir=0 label=0 lowerbound=1 fileNameGp=../graphsdb/mcs90/bvg/b03/mcs90_b03_s30.A09 fileNameGt=../graphsdb/mcs90/bvg/b03/mcs90_b03_s30.B09
Reading graphs...
30 :  45
30 :  45
Initializing...
maxdom : 30
D->valSize : 900
Solving...
currentSize : 22 <-- 0.011140 s
currentSize : 24 <-- 0.011166 s
currentSize : 25 <-- 0.205995 s
currentSize : 26 <-- 0.206630 s
currentSize : 27 <-- 0.480009 s
currentSize : 28 <-- 0.801549 s

maxsize : 28
nodes : 13177.000000
filtered : 688771.000000
time : 0.814707
