Parameters: GAD=1 vflib=1 dir=0 label=0 lowerbound=1 fileNameGp=../graphsdb/mcs90/bvg/b06m/mcs90_b06m_s35.A04 fileNameGt=../graphsdb/mcs90/bvg/b06m/mcs90_b06m_s35.B04
Reading graphs...
35 :  103
35 :  104
Initializing...
maxdom : 35
D->valSize : 1225
Solving...
currentSize : 15 <-- 0.024653 s
currentSize : 16 <-- 0.025081 s
currentSize : 17 <-- 0.027783 s
currentSize : 18 <-- 0.028348 s
currentSize : 19 <-- 0.083169 s
currentSize : 20 <-- 34.478157 s
currentSize : 21 <-- 39.625977 s
currentSize : 31 <-- 76.140160 s

maxsize : 31
nodes : 8581083.000000
filtered : 224419869.000000
time : 76.421417
