Parameters: GAD=1 vflib=1 dir=0 label=0 lowerbound=1 fileNameGp=../graphsdb/mcs90/rand/r01/mcs90_r01_s20.A10 fileNameGt=../graphsdb/mcs90/rand/r01/mcs90_r01_s20.B10
Reading graphs...
20 :  36
20 :  36
Initializing...
maxdom : 20
D->valSize : 400
Solving...
currentSize : 10 <-- 0.003809 s
currentSize : 11 <-- 0.003874 s
currentSize : 12 <-- 0.003921 s
currentSize : 13 <-- 0.003994 s
currentSize : 14 <-- 0.058775 s
currentSize : 15 <-- 0.081414 s
currentSize : 18 <-- 0.081461 s

maxsize : 18
nodes : 6312.000000
filtered : 113196.000000
time : 0.086092
