Parameters: GAD=1 vflib=1 dir=0 label=0 lowerbound=1 fileNameGp=../graphsdb/mcs90/bvg/b09m/mcs90_b09m_s25.A72 fileNameGt=../graphsdb/mcs90/bvg/b09m/mcs90_b09m_s25.B72
Reading graphs...
25 :  107
25 :  108
Initializing...
maxdom : 25
D->valSize : 625
Solving...
currentSize : 10 <-- 0.004498 s
currentSize : 11 <-- 0.005139 s
currentSize : 12 <-- 0.014332 s
currentSize : 13 <-- 0.474715 s
currentSize : 14 <-- 0.722931 s
currentSize : 15 <-- 0.874349 s
currentSize : 22 <-- 2.255047 s

maxsize : 22
nodes : 463490.000000
filtered : 7922266.000000
time : 2.277810
