Parameters: GAD=1 vflib=1 dir=0 label=0 lowerbound=1 fileNameGp=../graphsdb/mcs90/m3D/m3Dr6/mcs90_m3Dr6_s30.A39 fileNameGt=../graphsdb/mcs90/m3D/m3Dr6/mcs90_m3Dr6_s30.B39
Reading graphs...
30 :  77
30 :  76
Initializing...
maxdom : 30
D->valSize : 900
Solving...
currentSize : 14 <-- 0.013860 s
currentSize : 15 <-- 0.016649 s
currentSize : 16 <-- 0.273311 s
currentSize : 17 <-- 0.364202 s
currentSize : 18 <-- 1.378228 s
currentSize : 19 <-- 2.752437 s
currentSize : 20 <-- 3.182315 s
currentSize : 21 <-- 3.584288 s
currentSize : 23 <-- 6.268487 s
currentSize : 27 <-- 6.565065 s

maxsize : 27
nodes : 747958.000000
filtered : 16782633.000000
time : 6.677085
