Parameters: GAD=1 vflib=1 dir=0 label=0 lowerbound=1 fileNameGp=../graphsdb/mcs90/m3D/m3Dr4/mcs90_m3Dr4_s30.A12 fileNameGt=../graphsdb/mcs90/m3D/m3Dr4/mcs90_m3Dr4_s30.B12
Reading graphs...
30 :  72
30 :  72
Initializing...
maxdom : 30
D->valSize : 900
Solving...
currentSize : 12 <-- 0.010385 s
currentSize : 13 <-- 0.010443 s
currentSize : 14 <-- 0.011079 s
currentSize : 15 <-- 0.012560 s
currentSize : 16 <-- 0.059082 s
currentSize : 17 <-- 0.444532 s
currentSize : 18 <-- 0.609189 s
currentSize : 19 <-- 4.463145 s
currentSize : 20 <-- 17.788004 s
currentSize : 22 <-- 25.050901 s
currentSize : 23 <-- 25.269169 s
currentSize : 27 <-- 25.299164 s

maxsize : 27
nodes : 2807649.000000
filtered : 63044692.000000
time : 25.383314
