Parameters: GAD=1 vflib=1 dir=0 label=0 lowerbound=1 fileNameGp=../graphsdb/mcs90/bvg/b06m/mcs90_b06m_s25.A18 fileNameGt=../graphsdb/mcs90/bvg/b06m/mcs90_b06m_s25.B18
Reading graphs...
25 :  74
25 :  74
Initializing...
maxdom : 25
D->valSize : 625
Solving...
currentSize : 13 <-- 0.008274 s
currentSize : 14 <-- 0.008638 s
currentSize : 15 <-- 0.026505 s
currentSize : 16 <-- 0.136780 s
currentSize : 17 <-- 0.428983 s
currentSize : 18 <-- 0.762849 s
currentSize : 22 <-- 0.933373 s

maxsize : 22
nodes : 130818.000000
filtered : 3466503.000000
time : 0.952081
