Parameters: GAD=1 vflib=1 dir=0 label=0 lowerbound=1 fileNameGp=../graphsdb/mcs90/m3D/m3Dr2/mcs90_m3Dr2_s30.A95 fileNameGt=../graphsdb/mcs90/m3D/m3Dr2/mcs90_m3Dr2_s30.B95
Reading graphs...
30 :  67
30 :  65
Initializing...
maxdom : 30
D->valSize : 900
Solving...
currentSize : 17 <-- 0.018690 s
currentSize : 18 <-- 0.056319 s
currentSize : 19 <-- 0.056356 s
currentSize : 20 <-- 0.585949 s
currentSize : 21 <-- 1.566101 s
currentSize : 22 <-- 2.345158 s
currentSize : 23 <-- 2.906930 s
currentSize : 24 <-- 3.152469 s
currentSize : 27 <-- 3.168734 s

maxsize : 27
nodes : 342661.000000
filtered : 8397574.000000
time : 3.254341
