Parameters: GAD=1 vflib=1 dir=0 label=0 lowerbound=1 fileNameGp=../graphsdb/mcs90/bvg/b09m/mcs90_b09m_s30.A11 fileNameGt=../graphsdb/mcs90/bvg/b09m/mcs90_b09m_s30.B11
Reading graphs...
30 :  131
30 :  130
Initializing...
maxdom : 30
D->valSize : 900
Solving...
currentSize : 10 <-- 0.009858 s
currentSize : 11 <-- 0.009887 s
currentSize : 12 <-- 0.010059 s
currentSize : 13 <-- 0.014516 s
currentSize : 14 <-- 0.036084 s
currentSize : 15 <-- 0.088526 s
currentSize : 16 <-- 1.209884 s
currentSize : 17 <-- 1.209962 s
currentSize : 18 <-- 2.222494 s
currentSize : 19 <-- 2.222617 s
currentSize : 20 <-- 3.572573 s
currentSize : 26 <-- 4.053295 s

maxsize : 26
nodes : 618667.000000
filtered : 15252014.000000
time : 4.151794
