Parameters: GAD=1 vflib=1 dir=0 label=0 lowerbound=1 fileNameGp=../graphsdb/mcs90/rand/r005/mcs90_r005_s35.A51 fileNameGt=../graphsdb/mcs90/rand/r005/mcs90_r005_s35.B51
Reading graphs...
35 :  58
35 :  58
Initializing...
maxdom : 35
D->valSize : 1225
Solving...
currentSize : 18 <-- 0.025485 s
currentSize : 19 <-- 0.195907 s
currentSize : 20 <-- 0.699049 s
currentSize : 21 <-- 5.640663 s
currentSize : 22 <-- 24.017950 s
currentSize : 23 <-- 28.636801 s
currentSize : 24 <-- 78.187149 s
currentSize : 27 <-- 228.807434 s
currentSize : 28 <-- 228.808441 s
currentSize : 29 <-- 231.049957 s
currentSize : 31 <-- 231.050079 s

maxsize : 31
nodes : 13484222.000000
filtered : 351873819.000000
time : 231.454651
