Parameters: GAD=1 vflib=1 dir=0 label=0 lowerbound=1 fileNameGp=../graphsdb/mcs90/m4D/m4Dr4/mcs90_m4Dr4_s20.A34 fileNameGt=../graphsdb/mcs90/m4D/m4Dr4/mcs90_m4Dr4_s20.B34
Reading graphs...
20 :  42
20 :  42
Initializing...
maxdom : 20
D->valSize : 400
Solving...
currentSize : 6 <-- 0.002285 s
currentSize : 7 <-- 0.002341 s
currentSize : 10 <-- 0.002581 s
currentSize : 11 <-- 0.002872 s
currentSize : 12 <-- 0.003244 s
currentSize : 15 <-- 0.006442 s
currentSize : 16 <-- 0.029481 s

maxsize : 16
nodes : 5858.000000
filtered : 172160.000000
time : 0.060472
