Parameters: GAD=1 vflib=1 dir=0 label=0 lowerbound=1 fileNameGp=../graphsdb/mcs90/m2D/m2Dr6/mcs90_m2Dr6_s30.A27 fileNameGt=../graphsdb/mcs90/m2D/m2Dr6/mcs90_m2Dr6_s30.B27
Reading graphs...
30 :  66
30 :  65
Initializing...
maxdom : 30
D->valSize : 900
Solving...
currentSize : 13 <-- 0.018718 s
currentSize : 14 <-- 0.018743 s
currentSize : 15 <-- 0.018754 s
currentSize : 16 <-- 0.020362 s
currentSize : 17 <-- 0.023279 s
currentSize : 18 <-- 0.136122 s
currentSize : 19 <-- 0.918555 s
currentSize : 20 <-- 1.271322 s
currentSize : 21 <-- 1.315304 s
currentSize : 22 <-- 15.557334 s
currentSize : 24 <-- 15.557418 s
currentSize : 25 <-- 15.557583 s

maxsize : 25
nodes : 1168373.000000
filtered : 38577795.000000
time : 16.226725
