Parameters: GAD=1 vflib=1 dir=0 label=0 lowerbound=1 fileNameGp=../graphsdb/mcs90/bvg/b06/mcs90_b06_s35.A01 fileNameGt=../graphsdb/mcs90/bvg/b06/mcs90_b06_s35.B01
Reading graphs...
35 :  105
35 :  104
Initializing...
maxdom : 35
D->valSize : 1225
Solving...
currentSize : 15 <-- 0.019308 s
currentSize : 16 <-- 0.019450 s
currentSize : 17 <-- 0.019544 s
currentSize : 18 <-- 0.020358 s
currentSize : 19 <-- 0.020552 s
currentSize : 20 <-- 0.026606 s
currentSize : 21 <-- 0.026795 s
currentSize : 22 <-- 0.027500 s
currentSize : 23 <-- 0.027790 s
currentSize : 24 <-- 0.028000 s
currentSize : 25 <-- 0.037492 s
currentSize : 26 <-- 0.058127 s
currentSize : 27 <-- 0.058567 s
currentSize : 28 <-- 0.116383 s
currentSize : 29 <-- 0.116520 s
currentSize : 31 <-- 0.118718 s

maxsize : 31
nodes : 25769.000000
filtered : 1488984.000000
time : 1.453108
