Parameters: GAD=1 vflib=1 dir=0 label=0 lowerbound=1 fileNameGp=../graphsdb/mcs90/rand/r02/mcs90_r02_s35.A90 fileNameGt=../graphsdb/mcs90/rand/r02/mcs90_r02_s35.B90
Reading graphs...
35 :  213
35 :  212
Initializing...
maxdom : 35
D->valSize : 1225
Solving...
currentSize : 10 <-- 0.016751 s
currentSize : 11 <-- 0.018955 s
currentSize : 12 <-- 0.019447 s
currentSize : 13 <-- 0.021509 s
currentSize : 14 <-- 0.234921 s
currentSize : 16 <-- 6.584885 s
currentSize : 22 <-- 6.585042 s
currentSize : 24 <-- 30.819252 s
currentSize : 31 <-- 38.494198 s

maxsize : 31
nodes : 5716037.000000
filtered : 155226050.000000
time : 38.605865
