Parameters: GAD=1 vflib=1 dir=0 label=0 lowerbound=1 fileNameGp=../graphsdb/mcs90/bvg/b06m/mcs90_b06m_s30.A81 fileNameGt=../graphsdb/mcs90/bvg/b06m/mcs90_b06m_s30.B81
Reading graphs...
30 :  90
30 :  90
Initializing...
maxdom : 30
D->valSize : 900
Solving...
currentSize : 14 <-- 0.010314 s
currentSize : 15 <-- 0.010355 s
currentSize : 16 <-- 0.011767 s
currentSize : 17 <-- 0.349475 s
currentSize : 18 <-- 1.492337 s
currentSize : 19 <-- 2.196441 s
currentSize : 20 <-- 4.628197 s
currentSize : 23 <-- 4.651779 s
currentSize : 27 <-- 4.768137 s

maxsize : 27
nodes : 373891.000000
filtered : 10814822.000000
time : 4.842264
