Parameters: GAD=1 vflib=1 dir=0 label=0 lowerbound=1 fileNameGp=../graphsdb/mcs90/m4D/m4Dr4/mcs90_m4Dr4_s20.A48 fileNameGt=../graphsdb/mcs90/m4D/m4Dr4/mcs90_m4Dr4_s20.B48
Reading graphs...
20 :  43
20 :  44
Initializing...
maxdom : 20
D->valSize : 400
Solving...
currentSize : 5 <-- 0.002107 s
currentSize : 9 <-- 0.002152 s
currentSize : 10 <-- 0.002318 s
currentSize : 11 <-- 0.002395 s
currentSize : 12 <-- 0.004902 s
currentSize : 13 <-- 0.006448 s
currentSize : 14 <-- 0.013657 s
currentSize : 15 <-- 0.061046 s
currentSize : 16 <-- 0.061375 s

maxsize : 16
nodes : 10215.000000
filtered : 254905.000000
time : 0.082920
