Parameters: GAD=1 vflib=1 dir=0 label=0 lowerbound=1 fileNameGp=../graphsdb/mcs90/bvg/b06m/mcs90_b06m_s35.A32 fileNameGt=../graphsdb/mcs90/bvg/b06m/mcs90_b06m_s35.B32
Reading graphs...
35 :  104
35 :  104
Initializing...
maxdom : 35
D->valSize : 1225
Solving...
currentSize : 15 <-- 0.024451 s
currentSize : 16 <-- 0.024522 s
currentSize : 17 <-- 0.025470 s
currentSize : 18 <-- 0.030876 s
currentSize : 19 <-- 0.052320 s
currentSize : 20 <-- 1.887740 s
currentSize : 21 <-- 7.755357 s
currentSize : 22 <-- 11.702843 s
currentSize : 23 <-- 18.430204 s
currentSize : 24 <-- 39.875038 s
currentSize : 25 <-- 39.907227 s
currentSize : 29 <-- 43.294064 s
currentSize : 30 <-- 43.544888 s
currentSize : 31 <-- 43.626835 s

maxsize : 31
nodes : 3583945.000000
filtered : 138521480.000000
time : 43.786030
