Parameters: GAD=1 vflib=1 dir=0 label=0 lowerbound=1 fileNameGp=../graphsdb/mcs90/m2D/m2Dr4/mcs90_m2Dr4_s30.A50 fileNameGt=../graphsdb/mcs90/m2D/m2Dr4/mcs90_m2Dr4_s30.B50
Reading graphs...
30 :  60
30 :  60
Initializing...
maxdom : 30
D->valSize : 900
Solving...
currentSize : 13 <-- 0.018761 s
currentSize : 16 <-- 0.018791 s
currentSize : 17 <-- 0.019223 s
currentSize : 18 <-- 0.027771 s
currentSize : 19 <-- 0.337817 s
currentSize : 20 <-- 2.590950 s
currentSize : 21 <-- 2.599108 s
currentSize : 22 <-- 2.791298 s
currentSize : 25 <-- 2.791719 s

maxsize : 25
nodes : 248584.000000
filtered : 6948343.000000
time : 3.818826
