Parameters: GAD=1 vflib=1 dir=0 label=0 lowerbound=1 fileNameGp=../graphsdb/mcs90/m2D/m2Dr6/mcs90_m2Dr6_s30.A85 fileNameGt=../graphsdb/mcs90/m2D/m2Dr6/mcs90_m2Dr6_s30.B85
Reading graphs...
30 :  66
30 :  66
Initializing...
maxdom : 30
D->valSize : 900
Solving...
currentSize : 12 <-- 0.015895 s
currentSize : 13 <-- 0.015923 s
currentSize : 15 <-- 0.015964 s
currentSize : 17 <-- 0.105922 s
currentSize : 18 <-- 0.275725 s
currentSize : 19 <-- 23.869659 s
currentSize : 20 <-- 33.102283 s
currentSize : 21 <-- 38.387569 s
currentSize : 25 <-- 38.493031 s

maxsize : 25
nodes : 3853862.000000
filtered : 84254554.000000
time : 39.362675
