Parameters: GAD=1 vflib=1 dir=0 label=0 lowerbound=1 fileNameGp=../graphsdb/mcs90/bvg/b09m/mcs90_b09m_s30.A79 fileNameGt=../graphsdb/mcs90/bvg/b09m/mcs90_b09m_s30.B79
Reading graphs...
30 :  129
30 :  129
Initializing...
maxdom : 30
D->valSize : 900
Solving...
currentSize : 10 <-- 0.009482 s
currentSize : 11 <-- 0.009688 s
currentSize : 12 <-- 0.009761 s
currentSize : 13 <-- 0.011717 s
currentSize : 14 <-- 0.272969 s
currentSize : 15 <-- 1.023765 s
currentSize : 16 <-- 22.789354 s
currentSize : 18 <-- 22.838936 s
currentSize : 19 <-- 23.031872 s
currentSize : 20 <-- 25.121708 s
currentSize : 21 <-- 25.123161 s
currentSize : 24 <-- 25.229380 s
currentSize : 26 <-- 25.229450 s

maxsize : 26
nodes : 4911986.000000
filtered : 78953488.000000
time : 25.337416
