Parameters: GAD=1 vflib=1 dir=0 label=0 lowerbound=1 fileNameGp=../graphsdb/mcs90/bvg/b09m/mcs90_b09m_s25.A19 fileNameGt=../graphsdb/mcs90/bvg/b09m/mcs90_b09m_s25.B19
Reading graphs...
25 :  107
25 :  108
Initializing...
maxdom : 25
D->valSize : 625
Solving...
currentSize : 10 <-- 0.004474 s
currentSize : 11 <-- 0.004579 s
currentSize : 12 <-- 0.009647 s
currentSize : 13 <-- 0.180286 s
currentSize : 14 <-- 0.349719 s
currentSize : 15 <-- 0.349801 s
currentSize : 16 <-- 0.415470 s
currentSize : 22 <-- 0.415623 s

maxsize : 22
nodes : 94363.000000
filtered : 1201840.000000
time : 0.464104
