Parameters: GAD=1 vflib=1 dir=0 label=0 lowerbound=1 fileNameGp=../graphsdb/mcs90/m4D/m4Dr2/mcs90_m4Dr2_s20.A18 fileNameGt=../graphsdb/mcs90/m4D/m4Dr2/mcs90_m4Dr2_s20.B18
Reading graphs...
20 :  40
20 :  40
Initializing...
maxdom : 20
D->valSize : 400
Solving...
currentSize : 9 <-- 0.002204 s
currentSize : 10 <-- 0.002304 s
currentSize : 11 <-- 0.012329 s
currentSize : 12 <-- 0.025754 s
currentSize : 13 <-- 0.027274 s
currentSize : 15 <-- 0.044606 s
currentSize : 16 <-- 0.044786 s
currentSize : 17 <-- 0.045038 s

maxsize : 17
nodes : 9985.000000
filtered : 111354.000000
time : 0.059394
