Parameters: GAD=1 vflib=1 dir=0 label=0 lowerbound=1 fileNameGp=../graphsdb/mcs90/bvg/b06/mcs90_b06_s35.A42 fileNameGt=../graphsdb/mcs90/bvg/b06/mcs90_b06_s35.B42
Reading graphs...
35 :  105
35 :  105
Initializing...
maxdom : 35
D->valSize : 1225
Solving...
currentSize : 17 <-- 0.019403 s
currentSize : 18 <-- 0.019440 s
currentSize : 19 <-- 0.019493 s
currentSize : 20 <-- 0.019766 s
currentSize : 21 <-- 0.020198 s
currentSize : 22 <-- 0.020254 s
currentSize : 23 <-- 0.020493 s
currentSize : 24 <-- 0.021204 s
currentSize : 25 <-- 0.027548 s
currentSize : 26 <-- 0.029155 s
currentSize : 27 <-- 0.029349 s
currentSize : 29 <-- 0.031433 s
currentSize : 31 <-- 0.032896 s
currentSize : 32 <-- 0.160073 s

maxsize : 32
nodes : 7868.000000
filtered : 511617.000000
time : 0.499873
