Parameters: GAD=1 vflib=1 dir=0 label=0 lowerbound=1 fileNameGp=../graphsdb/mcs90/bvg/b06m/mcs90_b06m_s25.A66 fileNameGt=../graphsdb/mcs90/bvg/b06m/mcs90_b06m_s25.B66
Reading graphs...
25 :  74
25 :  74
Initializing...
maxdom : 25
D->valSize : 625
Solving...
currentSize : 8 <-- 0.008155 s
currentSize : 9 <-- 0.008173 s
currentSize : 11 <-- 0.008277 s
currentSize : 12 <-- 0.008492 s
currentSize : 13 <-- 0.011669 s
currentSize : 14 <-- 0.119989 s
currentSize : 15 <-- 0.622317 s
currentSize : 16 <-- 1.178333 s
currentSize : 17 <-- 1.299327 s
currentSize : 22 <-- 1.435765 s

maxsize : 22
nodes : 158145.000000
filtered : 3273461.000000
time : 1.491234
