Parameters: GAD=1 vflib=1 dir=0 label=0 lowerbound=1 fileNameGp=../graphsdb/mcs90/rand/r005/mcs90_r005_s30.A32 fileNameGt=../graphsdb/mcs90/rand/r005/mcs90_r005_s30.B32
Reading graphs...
30 :  42
30 :  42
Initializing...
maxdom : 30
D->valSize : 900
Solving...
currentSize : 15 <-- 0.019819 s
currentSize : 16 <-- 0.020304 s
currentSize : 17 <-- 0.020588 s
currentSize : 18 <-- 0.021393 s
currentSize : 19 <-- 0.046736 s
currentSize : 20 <-- 0.259970 s
currentSize : 21 <-- 0.916561 s
currentSize : 22 <-- 4.240567 s
currentSize : 23 <-- 5.736142 s
currentSize : 24 <-- 7.923180 s
currentSize : 25 <-- 8.030794 s
currentSize : 26 <-- 8.084476 s
currentSize : 27 <-- 8.084753 s

maxsize : 27
nodes : 425763.000000
filtered : 9415848.000000
time : 8.257485
