Parameters: GAD=1 vflib=1 dir=0 label=0 lowerbound=1 fileNameGp=../graphsdb/mcs90/rand/r005/mcs90_r005_s35.A48 fileNameGt=../graphsdb/mcs90/rand/r005/mcs90_r005_s35.B48
Reading graphs...
35 :  55
35 :  55
Initializing...
maxdom : 35
D->valSize : 1225
Solving...
currentSize : 14 <-- 0.022066 s
currentSize : 15 <-- 0.022133 s
currentSize : 16 <-- 0.023605 s
currentSize : 17 <-- 0.028132 s
currentSize : 18 <-- 0.031758 s
currentSize : 19 <-- 0.470343 s
currentSize : 20 <-- 1.062239 s
currentSize : 21 <-- 41.094223 s
currentSize : 22 <-- 42.211815 s
currentSize : 23 <-- 127.165039 s
currentSize : 24 <-- 164.712158 s
currentSize : 25 <-- 439.688812 s
currentSize : 26 <-- 448.239258 s
currentSize : 27 <-- 449.391174 s
currentSize : 28 <-- 449.861298 s
currentSize : 29 <-- 449.908844 s
currentSize : 30 <-- 451.531494 s
currentSize : 31 <-- 451.531616 s

maxsize : 31
nodes : 20163246.000000
filtered : 486917044.000000
time : 452.175751
