Parameters: GAD=1 vflib=1 dir=0 label=0 lowerbound=1 fileNameGp=../graphsdb/mcs90/rand/r01/mcs90_r01_s35.A05 fileNameGt=../graphsdb/mcs90/rand/r01/mcs90_r01_s35.B05
Reading graphs...
35 :  108
35 :  108
Initializing...
maxdom : 35
D->valSize : 1225
Solving...
currentSize : 15 <-- 0.019100 s
currentSize : 16 <-- 0.019706 s
currentSize : 17 <-- 0.021576 s
currentSize : 18 <-- 0.134323 s
currentSize : 19 <-- 1.244480 s
currentSize : 20 <-- 36.962914 s
currentSize : 21 <-- 42.170528 s
currentSize : 22 <-- 136.763458 s
currentSize : 24 <-- 163.159058 s
currentSize : 26 <-- 163.284271 s
currentSize : 28 <-- 163.324463 s
currentSize : 31 <-- 163.324554 s

maxsize : 31
nodes : 15844033.000000
filtered : 453453342.000000
time : 163.591827
