Parameters: GAD=1 vflib=1 dir=0 label=0 lowerbound=1 fileNameGp=../graphsdb/mcs90/rand/r02/mcs90_r02_s20.A49 fileNameGt=../graphsdb/mcs90/rand/r02/mcs90_r02_s20.B49
Reading graphs...
20 :  66
20 :  65
Initializing...
maxdom : 20
D->valSize : 400
Solving...
currentSize : 9 <-- 0.002118 s
currentSize : 10 <-- 0.002242 s
currentSize : 11 <-- 0.005184 s
currentSize : 12 <-- 0.010058 s
currentSize : 14 <-- 0.018241 s
currentSize : 18 <-- 0.024842 s

maxsize : 18
nodes : 5289.000000
filtered : 90308.000000
time : 0.027292
