Parameters: GAD=1 vflib=1 dir=0 label=0 lowerbound=1 fileNameGp=../graphsdb/mcs90/rand/r005/mcs90_r005_s35.A78 fileNameGt=../graphsdb/mcs90/rand/r005/mcs90_r005_s35.B78
Reading graphs...
35 :  58
35 :  56
Initializing...
maxdom : 35
D->valSize : 1225
Solving...
currentSize : 14 <-- 0.035917 s
currentSize : 16 <-- 0.035967 s
currentSize : 17 <-- 0.036211 s
currentSize : 18 <-- 0.043433 s
currentSize : 19 <-- 0.298686 s
currentSize : 20 <-- 1.937574 s
currentSize : 22 <-- 4.254415 s
currentSize : 23 <-- 44.127781 s
currentSize : 24 <-- 91.570587 s
currentSize : 25 <-- 141.037979 s
currentSize : 26 <-- 142.741898 s
currentSize : 27 <-- 142.742462 s
currentSize : 29 <-- 142.744339 s
currentSize : 31 <-- 142.744400 s

maxsize : 31
nodes : 5764423.000000
filtered : 139954254.000000
time : 143.230392
