Parameters: GAD=1 vflib=1 dir=0 label=0 lowerbound=1 fileNameGp=../graphsdb/mcs90/rand/r01/mcs90_r01_s20.A37 fileNameGt=../graphsdb/mcs90/rand/r01/mcs90_r01_s20.B37
Reading graphs...
20 :  36
20 :  36
Initializing...
maxdom : 20
D->valSize : 400
Solving...
currentSize : 10 <-- 0.003722 s
currentSize : 11 <-- 0.005311 s
currentSize : 12 <-- 0.006101 s
currentSize : 13 <-- 0.006454 s
currentSize : 14 <-- 0.039288 s
currentSize : 15 <-- 0.062962 s
currentSize : 17 <-- 0.069446 s
currentSize : 18 <-- 0.069460 s

maxsize : 18
nodes : 6911.000000
filtered : 122950.000000
time : 0.073335
