Parameters: GAD=1 vflib=1 dir=0 label=0 lowerbound=1 fileNameGp=../graphsdb/mcs90/m4D/m4Dr4/mcs90_m4Dr4_s20.A43 fileNameGt=../graphsdb/mcs90/m4D/m4Dr4/mcs90_m4Dr4_s20.B43
Reading graphs...
20 :  44
20 :  43
Initializing...
maxdom : 20
D->valSize : 400
Solving...
currentSize : 9 <-- 0.002139 s
currentSize : 10 <-- 0.002279 s
currentSize : 11 <-- 0.003398 s
currentSize : 13 <-- 0.004094 s
currentSize : 14 <-- 0.046438 s
currentSize : 15 <-- 0.053361 s
currentSize : 16 <-- 0.081967 s

maxsize : 16
nodes : 11919.000000
filtered : 288095.000000
time : 0.112579
