Parameters: GAD=1 vflib=1 dir=0 label=0 lowerbound=1 fileNameGp=../graphsdb/mcs90/bvg/b03m/mcs90_b03m_s35.A88 fileNameGt=../graphsdb/mcs90/bvg/b03m/mcs90_b03m_s35.B88
Reading graphs...
35 :  52
35 :  52
Initializing...
maxdom : 35
D->valSize : 1225
Solving...
currentSize : 20 <-- 0.021836 s
currentSize : 21 <-- 0.051122 s
currentSize : 22 <-- 5.107138 s
currentSize : 23 <-- 8.249238 s
currentSize : 24 <-- 13.963706 s
currentSize : 25 <-- 24.870720 s
currentSize : 26 <-- 30.574780 s
currentSize : 27 <-- 157.295090 s
currentSize : 28 <-- 160.120407 s
currentSize : 30 <-- 173.293182 s

maxsize : 30
nodes : 5333219.000000
filtered : 180453306.000000
time : 177.360077
