Parameters: GAD=1 vflib=1 dir=0 label=0 lowerbound=1 fileNameGp=../graphsdb/mcs90/bvg/b03m/mcs90_b03m_s30.A36 fileNameGt=../graphsdb/mcs90/bvg/b03m/mcs90_b03m_s30.B36
Reading graphs...
30 :  44
30 :  44
Initializing...
maxdom : 30
D->valSize : 900
Solving...
currentSize : 13 <-- 0.019484 s
currentSize : 15 <-- 0.019519 s
currentSize : 16 <-- 0.019539 s
currentSize : 20 <-- 0.019728 s
currentSize : 21 <-- 0.019802 s
currentSize : 22 <-- 0.120728 s
currentSize : 23 <-- 2.624973 s
currentSize : 24 <-- 3.932321 s
currentSize : 26 <-- 6.442046 s

maxsize : 26
nodes : 253902.000000
filtered : 7715191.000000
time : 6.824978
