Parameters: GAD=1 vflib=1 dir=0 label=0 lowerbound=1 fileNameGp=../graphsdb/mcs90/bvg/b03m/mcs90_b03m_s15.A08 fileNameGt=../graphsdb/mcs90/bvg/b03m/mcs90_b03m_s15.B08
Reading graphs...
15 :  22
15 :  22
Initializing...
maxdom : 15
D->valSize : 225
Solving...
currentSize : 6 <-- 0.000956 s
currentSize : 8 <-- 0.001090 s
currentSize : 9 <-- 0.001463 s
currentSize : 10 <-- 0.001867 s
currentSize : 11 <-- 0.001962 s
currentSize : 12 <-- 0.002057 s
currentSize : 13 <-- 0.004911 s

maxsize : 13
nodes : 682.000000
filtered : 11075.000000
time : 0.005656
