Parameters: GAD=1 vflib=1 dir=0 label=0 lowerbound=1 fileNameGp=../graphsdb/mcs90/bvg/b06/mcs90_b06_s35.A36 fileNameGt=../graphsdb/mcs90/bvg/b06/mcs90_b06_s35.B36
Reading graphs...
35 :  104
35 :  105
Initializing...
maxdom : 35
D->valSize : 1225
Solving...
currentSize : 16 <-- 0.033602 s
currentSize : 18 <-- 0.034075 s
currentSize : 19 <-- 0.034131 s
currentSize : 20 <-- 0.034442 s
currentSize : 22 <-- 0.035333 s
currentSize : 23 <-- 0.038691 s
currentSize : 24 <-- 0.044619 s
currentSize : 25 <-- 0.044948 s
currentSize : 27 <-- 0.070006 s
currentSize : 28 <-- 0.082833 s
currentSize : 29 <-- 0.082969 s
currentSize : 31 <-- 0.087006 s

maxsize : 31
nodes : 10779.000000
filtered : 782347.000000
time : 0.800077
