Parameters: GAD=1 vflib=1 dir=0 label=0 lowerbound=1 fileNameGp=../graphsdb/mcs90/bvg/b09m/mcs90_b09m_s30.A23 fileNameGt=../graphsdb/mcs90/bvg/b09m/mcs90_b09m_s30.B23
Reading graphs...
30 :  130
30 :  131
Initializing...
maxdom : 30
D->valSize : 900
Solving...
currentSize : 12 <-- 0.009680 s
currentSize : 14 <-- 0.009763 s
currentSize : 15 <-- 0.284876 s
currentSize : 16 <-- 0.570129 s
currentSize : 18 <-- 0.574675 s
currentSize : 20 <-- 0.574748 s
currentSize : 26 <-- 1.529524 s

maxsize : 26
nodes : 218714.000000
filtered : 6546505.000000
time : 1.622725
