Parameters: GAD=1 vflib=1 dir=0 label=0 lowerbound=1 fileNameGp=../graphsdb/mcs90/bvg/b06/mcs90_b06_s35.A73 fileNameGt=../graphsdb/mcs90/bvg/b06/mcs90_b06_s35.B73
Reading graphs...
35 :  105
35 :  104
Initializing...
maxdom : 35
D->valSize : 1225
Solving...
currentSize : 21 <-- 0.019728 s
currentSize : 22 <-- 0.020120 s
currentSize : 23 <-- 0.020713 s
currentSize : 24 <-- 0.023306 s
currentSize : 29 <-- 0.037375 s
currentSize : 31 <-- 0.048271 s

maxsize : 31
nodes : 15110.000000
filtered : 1245919.000000
time : 1.066643
