Parameters: GAD=1 vflib=1 dir=0 label=0 lowerbound=1 fileNameGp=../graphsdb/mcs90/bvg/b09/mcs90_b09_s30.A63 fileNameGt=../graphsdb/mcs90/bvg/b09/mcs90_b09_s30.B63
Reading graphs...
30 :  135
30 :  134
Initializing...
maxdom : 30
D->valSize : 900
Solving...
currentSize : 13 <-- 0.009378 s
currentSize : 14 <-- 0.009433 s
currentSize : 16 <-- 0.009868 s
currentSize : 18 <-- 0.010903 s
currentSize : 19 <-- 0.046457 s
currentSize : 20 <-- 0.046551 s
currentSize : 22 <-- 0.062645 s
currentSize : 26 <-- 0.062811 s

maxsize : 26
nodes : 20870.000000
filtered : 1127750.000000
time : 0.335013
