Parameters: GAD=1 vflib=1 dir=0 label=0 lowerbound=1 fileNameGp=../graphsdb/mcs90/bvg/b06/mcs90_b06_s35.A13 fileNameGt=../graphsdb/mcs90/bvg/b06/mcs90_b06_s35.B13
Reading graphs...
35 :  105
35 :  105
Initializing...
maxdom : 35
D->valSize : 1225
Solving...
currentSize : 19 <-- 0.019034 s
currentSize : 20 <-- 0.019078 s
currentSize : 21 <-- 0.021658 s
currentSize : 22 <-- 0.028973 s
currentSize : 23 <-- 0.040064 s
currentSize : 26 <-- 0.042339 s
currentSize : 27 <-- 0.042668 s
currentSize : 28 <-- 0.046685 s
currentSize : 29 <-- 0.047349 s
currentSize : 31 <-- 0.064464 s
currentSize : 32 <-- 0.185919 s

maxsize : 32
nodes : 13118.000000
filtered : 667433.000000
time : 0.504728
