Parameters: GAD=1 vflib=1 dir=0 label=0 lowerbound=1 fileNameGp=../graphsdb/mcs90/bvg/b06/mcs90_b06_s30.A48 fileNameGt=../graphsdb/mcs90/bvg/b06/mcs90_b06_s30.B48
Reading graphs...
30 :  90
30 :  90
Initializing...
maxdom : 30
D->valSize : 900
Solving...
currentSize : 19 <-- 0.010068 s
currentSize : 20 <-- 0.010166 s
currentSize : 22 <-- 0.010239 s
currentSize : 24 <-- 0.010296 s
currentSize : 25 <-- 0.010438 s
currentSize : 27 <-- 0.016806 s

maxsize : 27
nodes : 3892.000000
filtered : 236509.000000
time : 0.172206
