Parameters: GAD=1 vflib=1 dir=0 label=0 lowerbound=1 fileNameGp=../graphsdb/mcs90/m3D/m3D/mcs90_m3D_s30.A25 fileNameGt=../graphsdb/mcs90/m3D/m3D/mcs90_m3D_s30.B25
Reading graphs...
30 :  61
30 :  61
Initializing...
maxdom : 30
D->valSize : 900
Solving...
currentSize : 17 <-- 0.018869 s
currentSize : 18 <-- 0.019003 s
currentSize : 20 <-- 0.019282 s
currentSize : 21 <-- 0.019354 s
currentSize : 25 <-- 0.026560 s
currentSize : 27 <-- 0.027590 s

maxsize : 27
nodes : 4748.000000
filtered : 317438.000000
time : 0.176054
