Parameters: GAD=1 vflib=1 dir=0 label=0 lowerbound=1 fileNameGp=../graphsdb/mcs90/bvg/b03m/mcs90_b03m_s25.A88 fileNameGt=../graphsdb/mcs90/bvg/b03m/mcs90_b03m_s25.B88
Reading graphs...
25 :  37
25 :  37
Initializing...
maxdom : 25
D->valSize : 625
Solving...
currentSize : 14 <-- 0.005368 s
currentSize : 15 <-- 0.005433 s
currentSize : 16 <-- 0.019975 s
currentSize : 17 <-- 0.073211 s
currentSize : 18 <-- 0.077142 s
currentSize : 19 <-- 0.264991 s
currentSize : 20 <-- 0.619664 s
currentSize : 22 <-- 0.986887 s

maxsize : 22
nodes : 39009.000000
filtered : 1037344.000000
time : 1.044780
