Parameters: GAD=1 vflib=1 dir=0 label=0 lowerbound=1 fileNameGp=../graphsdb/mcs90/bvg/b03/mcs90_b03_s30.A37 fileNameGt=../graphsdb/mcs90/bvg/b03/mcs90_b03_s30.B37
Reading graphs...
30 :  45
30 :  45
Initializing...
maxdom : 30
D->valSize : 900
Solving...
currentSize : 19 <-- 0.011263 s
currentSize : 21 <-- 0.011349 s
currentSize : 22 <-- 0.011384 s
currentSize : 23 <-- 0.011656 s
currentSize : 24 <-- 0.013924 s
currentSize : 25 <-- 0.034924 s
currentSize : 26 <-- 0.034967 s
currentSize : 27 <-- 0.426490 s

maxsize : 27
nodes : 13713.000000
filtered : 687004.000000
time : 0.806602
