Parameters: GAD=1 vflib=1 dir=0 label=0 lowerbound=1 fileNameGp=../graphsdb/mcs90/rand/r01/mcs90_r01_s30.A68 fileNameGt=../graphsdb/mcs90/rand/r01/mcs90_r01_s30.B68
Reading graphs...
30 :  85
30 :  83
Initializing...
maxdom : 30
D->valSize : 900
Solving...
currentSize : 12 <-- 0.017844 s
currentSize : 13 <-- 0.018967 s
currentSize : 14 <-- 0.063753 s
currentSize : 15 <-- 0.121807 s
currentSize : 16 <-- 0.782863 s
currentSize : 17 <-- 2.534258 s
currentSize : 18 <-- 6.107123 s
currentSize : 19 <-- 7.913843 s
currentSize : 20 <-- 8.252116 s
currentSize : 27 <-- 8.994085 s

maxsize : 27
nodes : 1052471.000000
filtered : 22079897.000000
time : 9.038051
