Parameters: GAD=1 vflib=1 dir=0 label=0 lowerbound=1 fileNameGp=../graphsdb/mcs90/rand/r005/mcs90_r005_s25.A26 fileNameGt=../graphsdb/mcs90/rand/r005/mcs90_r005_s25.B26
Reading graphs...
25 :  29
25 :  29
Initializing...
maxdom : 25
D->valSize : 625
Solving...
currentSize : 13 <-- 0.005424 s
currentSize : 14 <-- 0.005952 s
currentSize : 15 <-- 0.008819 s
currentSize : 16 <-- 0.096943 s
currentSize : 17 <-- 0.097028 s
currentSize : 18 <-- 0.098964 s
currentSize : 19 <-- 0.102563 s
currentSize : 20 <-- 0.107661 s
currentSize : 21 <-- 0.199950 s
currentSize : 22 <-- 0.200875 s

maxsize : 22
nodes : 32017.000000
filtered : 384049.000000
time : 0.303789
