Parameters: GAD=1 vflib=1 dir=0 label=0 lowerbound=1 fileNameGp=../graphsdb/mcs90/rand/r02/mcs90_r02_s30.A94 fileNameGt=../graphsdb/mcs90/rand/r02/mcs90_r02_s30.B94
Reading graphs...
30 :  157
30 :  158
Initializing...
maxdom : 30
D->valSize : 900
Solving...
currentSize : 12 <-- 0.016148 s
currentSize : 13 <-- 0.026068 s
currentSize : 14 <-- 2.403198 s
currentSize : 15 <-- 5.882362 s
currentSize : 18 <-- 9.207306 s
currentSize : 19 <-- 9.592639 s
currentSize : 27 <-- 9.618629 s

maxsize : 27
nodes : 1965769.000000
filtered : 26565423.000000
time : 9.657961
