Parameters: GAD=1 vflib=1 dir=0 label=0 lowerbound=1 fileNameGp=../graphsdb/mcs90/rand/r02/mcs90_r02_s30.A21 fileNameGt=../graphsdb/mcs90/rand/r02/mcs90_r02_s30.B21
Reading graphs...
30 :  156
30 :  156
Initializing...
maxdom : 30
D->valSize : 900
Solving...
currentSize : 10 <-- 0.009229 s
currentSize : 11 <-- 0.009348 s
currentSize : 12 <-- 0.011343 s
currentSize : 13 <-- 0.054256 s
currentSize : 14 <-- 0.306501 s
currentSize : 20 <-- 0.336381 s
currentSize : 27 <-- 1.696680 s

maxsize : 27
nodes : 279630.000000
filtered : 7012656.000000
time : 1.742615
