Parameters: GAD=1 vflib=1 dir=0 label=0 lowerbound=1 fileNameGp=../graphsdb/mcs90/rand/r01/mcs90_r01_s20.A28 fileNameGt=../graphsdb/mcs90/rand/r01/mcs90_r01_s20.B28
Reading graphs...
20 :  35
20 :  35
Initializing...
maxdom : 20
D->valSize : 400
Solving...
currentSize : 6 <-- 0.002343 s
currentSize : 9 <-- 0.002363 s
currentSize : 10 <-- 0.002438 s
currentSize : 11 <-- 0.003174 s
currentSize : 12 <-- 0.005177 s
currentSize : 13 <-- 0.021373 s
currentSize : 15 <-- 0.022469 s
currentSize : 18 <-- 0.029074 s

maxsize : 18
nodes : 6193.000000
filtered : 62050.000000
time : 0.036267
