Parameters: GAD=1 vflib=1 dir=0 label=0 lowerbound=1 fileNameGp=../graphsdb/mcs90/bvg/b03/mcs90_b03_s25.A23 fileNameGt=../graphsdb/mcs90/bvg/b03/mcs90_b03_s25.B23
Reading graphs...
25 :  37
25 :  37
Initializing...
maxdom : 25
D->valSize : 625
Solving...
currentSize : 16 <-- 0.005253 s
currentSize : 17 <-- 0.005369 s
currentSize : 19 <-- 0.005762 s
currentSize : 20 <-- 0.005912 s
currentSize : 22 <-- 0.022070 s
currentSize : 23 <-- 0.038894 s

maxsize : 23
nodes : 2171.000000
filtered : 77224.000000
time : 0.084170
