Parameters: GAD=1 vflib=1 dir=0 label=0 lowerbound=1 fileNameGp=../graphsdb/mcs90/bvg/b09/mcs90_b09_s25.A83 fileNameGt=../graphsdb/mcs90/bvg/b09/mcs90_b09_s25.B83
Reading graphs...
25 :  112
25 :  111
Initializing...
maxdom : 25
D->valSize : 625
Solving...
currentSize : 10 <-- 0.004377 s
currentSize : 11 <-- 0.004698 s
currentSize : 12 <-- 0.005178 s
currentSize : 16 <-- 0.005914 s
currentSize : 18 <-- 0.008906 s
currentSize : 22 <-- 0.012450 s

maxsize : 22
nodes : 5758.000000
filtered : 270135.000000
time : 0.088887
