Parameters: GAD=1 vflib=1 dir=0 label=0 lowerbound=1 fileNameGp=../graphsdb/mcs90/m2D/m2Dr4/mcs90_m2Dr4_s30.A68 fileNameGt=../graphsdb/mcs90/m2D/m2Dr4/mcs90_m2Dr4_s30.B68
Reading graphs...
30 :  59
30 :  59
Initializing...
maxdom : 30
D->valSize : 900
Solving...
currentSize : 16 <-- 0.018850 s
currentSize : 17 <-- 0.019149 s
currentSize : 18 <-- 0.023856 s
currentSize : 19 <-- 0.055518 s
currentSize : 20 <-- 1.140093 s
currentSize : 21 <-- 16.947227 s
currentSize : 22 <-- 23.998161 s
currentSize : 23 <-- 24.050327 s
currentSize : 25 <-- 24.080135 s

maxsize : 25
nodes : 1869952.000000
filtered : 53616190.000000
time : 25.221588
