Parameters: GAD=1 vflib=1 dir=0 label=0 lowerbound=1 fileNameGp=../graphsdb/mcs90/rand/r01/mcs90_r01_s35.A40 fileNameGt=../graphsdb/mcs90/rand/r01/mcs90_r01_s35.B40
Reading graphs...
35 :  112
35 :  113
Initializing...
maxdom : 35
D->valSize : 1225
Solving...
currentSize : 14 <-- 0.018720 s
currentSize : 15 <-- 0.018755 s
currentSize : 16 <-- 0.019112 s
currentSize : 17 <-- 0.019570 s
currentSize : 18 <-- 0.020734 s
currentSize : 19 <-- 0.432431 s
currentSize : 20 <-- 0.435933 s
currentSize : 21 <-- 0.613678 s
currentSize : 22 <-- 0.617310 s
currentSize : 23 <-- 0.618813 s
currentSize : 24 <-- 52.320522 s
currentSize : 31 <-- 56.495056 s

maxsize : 31
nodes : 4479277.000000
filtered : 183946751.000000
time : 56.680744
