Parameters: GAD=1 vflib=1 dir=0 label=0 lowerbound=1 fileNameGp=../graphsdb/mcs90/rand/r01/mcs90_r01_s15.A23 fileNameGt=../graphsdb/mcs90/rand/r01/mcs90_r01_s15.B23
Reading graphs...
15 :  19
15 :  20
Initializing...
maxdom : 15
D->valSize : 225
Solving...
currentSize : 8 <-- 0.000931 s
currentSize : 9 <-- 0.000986 s
currentSize : 10 <-- 0.001181 s
currentSize : 11 <-- 0.002902 s
currentSize : 12 <-- 0.003078 s
currentSize : 13 <-- 0.004582 s

maxsize : 13
nodes : 850.000000
filtered : 11018.000000
time : 0.007289
