Parameters: GAD=1 vflib=1 dir=0 label=0 lowerbound=1 fileNameGp=../graphsdb/mcs90/rand/r01/mcs90_r01_s10.A89 fileNameGt=../graphsdb/mcs90/rand/r01/mcs90_r01_s10.B89
Reading graphs...
10 :  10
10 :  10
Initializing...
maxdom : 10
D->valSize : 100
Solving...
currentSize : 4 <-- 0.000457 s
currentSize : 5 <-- 0.000481 s
currentSize : 6 <-- 0.000486 s
currentSize : 7 <-- 0.000886 s
currentSize : 8 <-- 0.001751 s
currentSize : 9 <-- 0.001847 s

maxsize : 9
nodes : 397.000000
filtered : 2684.000000
time : 0.001908
