Parameters: GAD=1 vflib=1 dir=0 label=0 lowerbound=1 fileNameGp=../graphsdb/mcs90/bvg/b09/mcs90_b09_s30.A78 fileNameGt=../graphsdb/mcs90/bvg/b09/mcs90_b09_s30.B78
Reading graphs...
30 :  134
30 :  134
Initializing...
maxdom : 30
D->valSize : 900
Solving...
currentSize : 11 <-- 0.009859 s
currentSize : 12 <-- 0.009964 s
currentSize : 13 <-- 0.011133 s
currentSize : 15 <-- 0.012885 s
currentSize : 16 <-- 0.040575 s
currentSize : 18 <-- 0.047984 s
currentSize : 20 <-- 0.048054 s
currentSize : 22 <-- 0.048164 s
currentSize : 26 <-- 0.048399 s

maxsize : 26
nodes : 22518.000000
filtered : 1105809.000000
time : 0.317354
