Parameters: GAD=1 vflib=1 dir=0 label=0 lowerbound=1 fileNameGp=../graphsdb/mcs90/bvg/b09/mcs90_b09_s30.A34 fileNameGt=../graphsdb/mcs90/bvg/b09/mcs90_b09_s30.B34
Reading graphs...
30 :  135
30 :  133
Initializing...
maxdom : 30
D->valSize : 900
Solving...
currentSize : 9 <-- 0.015253 s
currentSize : 10 <-- 0.015292 s
currentSize : 11 <-- 0.015321 s
currentSize : 14 <-- 0.015994 s
currentSize : 15 <-- 0.016119 s
currentSize : 16 <-- 0.016790 s
currentSize : 18 <-- 0.019960 s
currentSize : 19 <-- 0.030347 s
currentSize : 21 <-- 0.033707 s
currentSize : 23 <-- 0.042756 s
currentSize : 26 <-- 0.046565 s

maxsize : 26
nodes : 12974.000000
filtered : 821811.000000
time : 0.309616
