Parameters: GAD=1 vflib=1 dir=0 label=0 lowerbound=1 fileNameGp=../graphsdb/mcs90/rand/r01/mcs90_r01_s20.A84 fileNameGt=../graphsdb/mcs90/rand/r01/mcs90_r01_s20.B84
Reading graphs...
20 :  37
20 :  37
Initializing...
maxdom : 20
D->valSize : 400
Solving...
currentSize : 5 <-- 0.002096 s
currentSize : 10 <-- 0.002138 s
currentSize : 11 <-- 0.002195 s
currentSize : 12 <-- 0.002603 s
currentSize : 13 <-- 0.003512 s
currentSize : 14 <-- 0.003540 s
currentSize : 18 <-- 0.015932 s

maxsize : 18
nodes : 2792.000000
filtered : 48524.000000
time : 0.020535
