Parameters: GAD=1 vflib=1 dir=0 label=0 lowerbound=1 fileNameGp=../graphsdb/mcs90/m2D/m2D/mcs90_m2D_s30.A68 fileNameGt=../graphsdb/mcs90/m2D/m2D/mcs90_m2D_s30.B68
Reading graphs...
30 :  49
30 :  49
Initializing...
maxdom : 30
D->valSize : 900
Solving...
currentSize : 19 <-- 0.019658 s
currentSize : 20 <-- 0.019783 s
currentSize : 21 <-- 0.022971 s
currentSize : 22 <-- 0.074974 s
currentSize : 23 <-- 0.093873 s
currentSize : 24 <-- 0.320769 s
currentSize : 26 <-- 0.322849 s
currentSize : 27 <-- 0.488108 s

maxsize : 27
nodes : 17641.000000
filtered : 711517.000000
time : 0.671304
