Parameters: GAD=1 vflib=1 dir=0 label=0 lowerbound=1 fileNameGp=../graphsdb/mcs90/m2D/m2Dr4/mcs90_m2Dr4_s30.A70 fileNameGt=../graphsdb/mcs90/m2D/m2Dr4/mcs90_m2Dr4_s30.B70
Reading graphs...
30 :  60
30 :  59
Initializing...
maxdom : 30
D->valSize : 900
Solving...
currentSize : 16 <-- 0.010706 s
currentSize : 17 <-- 0.010794 s
currentSize : 18 <-- 0.011277 s
currentSize : 19 <-- 4.383942 s
currentSize : 20 <-- 20.192236 s
currentSize : 21 <-- 51.430351 s
currentSize : 22 <-- 55.271969 s
currentSize : 23 <-- 55.527775 s
currentSize : 24 <-- 55.535938 s
currentSize : 25 <-- 55.535973 s

maxsize : 25
nodes : 4656374.000000
filtered : 114636578.000000
time : 56.479691
