Parameters: GAD=1 vflib=1 dir=0 label=0 lowerbound=1 fileNameGp=../graphsdb/mcs90/bvg/b06m/mcs90_b06m_s25.A21 fileNameGt=../graphsdb/mcs90/bvg/b06m/mcs90_b06m_s25.B21
Reading graphs...
25 :  73
25 :  73
Initializing...
maxdom : 25
D->valSize : 625
Solving...
currentSize : 11 <-- 0.004758 s
currentSize : 12 <-- 0.004824 s
currentSize : 13 <-- 0.013158 s
currentSize : 14 <-- 0.042410 s
currentSize : 15 <-- 0.047994 s
currentSize : 16 <-- 0.054958 s
currentSize : 17 <-- 0.082036 s
currentSize : 18 <-- 0.083536 s
currentSize : 22 <-- 0.084334 s

maxsize : 22
nodes : 16022.000000
filtered : 239854.000000
time : 0.120978
