Parameters: GAD=1 vflib=1 dir=0 label=0 lowerbound=1 fileNameGp=../graphsdb/mcs90/bvg/b09m/mcs90_b09m_s30.A25 fileNameGt=../graphsdb/mcs90/bvg/b09m/mcs90_b09m_s30.B25
Reading graphs...
30 :  129
30 :  128
Initializing...
maxdom : 30
D->valSize : 900
Solving...
currentSize : 10 <-- 0.009453 s
currentSize : 11 <-- 0.009495 s
currentSize : 12 <-- 0.010122 s
currentSize : 13 <-- 0.010433 s
currentSize : 14 <-- 0.112148 s
currentSize : 15 <-- 0.529452 s
currentSize : 26 <-- 6.433888 s

maxsize : 26
nodes : 1238350.000000
filtered : 18949445.000000
time : 6.599814
