Parameters: GAD=1 vflib=1 dir=0 label=0 lowerbound=1 fileNameGp=../graphsdb/mcs90/bvg/b03m/mcs90_b03m_s30.A99 fileNameGt=../graphsdb/mcs90/bvg/b03m/mcs90_b03m_s30.B99
Reading graphs...
30 :  45
30 :  45
Initializing...
maxdom : 30
D->valSize : 900
Solving...
currentSize : 12 <-- 0.019591 s
currentSize : 14 <-- 0.019624 s
currentSize : 15 <-- 0.020133 s
currentSize : 16 <-- 0.021190 s
currentSize : 17 <-- 0.021300 s
currentSize : 18 <-- 5.559806 s
currentSize : 19 <-- 14.794027 s
currentSize : 20 <-- 15.138566 s
currentSize : 21 <-- 15.802886 s
currentSize : 22 <-- 17.360081 s
currentSize : 23 <-- 17.373955 s
currentSize : 24 <-- 17.424664 s
currentSize : 25 <-- 17.482845 s
currentSize : 27 <-- 17.505302 s

maxsize : 27
nodes : 1236620.000000
filtered : 16375509.000000
time : 17.738111
