Parameters: GAD=1 vflib=1 dir=0 label=0 lowerbound=1 fileNameGp=../graphsdb/mcs90/rand/r005/mcs90_r005_s20.A15 fileNameGt=../graphsdb/mcs90/rand/r005/mcs90_r005_s20.B15
Reading graphs...
20 :  21
20 :  21
Initializing...
maxdom : 20
D->valSize : 400
Solving...
currentSize : 6 <-- 0.002394 s
currentSize : 8 <-- 0.002468 s
currentSize : 9 <-- 0.002480 s
currentSize : 10 <-- 0.006372 s
currentSize : 11 <-- 0.019559 s
currentSize : 16 <-- 0.089461 s
currentSize : 17 <-- 0.089632 s
currentSize : 18 <-- 0.089719 s

maxsize : 18
nodes : 16705.000000
filtered : 124384.000000
time : 0.093720
