Parameters: GAD=1 vflib=1 dir=0 label=0 lowerbound=1 fileNameGp=../graphsdb/mcs90/bvg/b09m/mcs90_b09m_s25.A02 fileNameGt=../graphsdb/mcs90/bvg/b09m/mcs90_b09m_s25.B02
Reading graphs...
25 :  108
25 :  107
Initializing...
maxdom : 25
D->valSize : 625
Solving...
currentSize : 9 <-- 0.004456 s
currentSize : 10 <-- 0.004516 s
currentSize : 11 <-- 0.004873 s
currentSize : 12 <-- 0.007529 s
currentSize : 13 <-- 0.122118 s
currentSize : 14 <-- 0.430939 s
currentSize : 15 <-- 1.018879 s
currentSize : 18 <-- 1.113884 s
currentSize : 22 <-- 1.114864 s

maxsize : 22
nodes : 242780.000000
filtered : 3616987.000000
time : 1.143392
