Parameters: GAD=1 vflib=1 dir=0 label=0 lowerbound=1 fileNameGp=../graphsdb/mcs90/m3D/m3Dr6/mcs90_m3Dr6_s30.A90 fileNameGt=../graphsdb/mcs90/m3D/m3Dr6/mcs90_m3Dr6_s30.B90
Reading graphs...
30 :  75
30 :  74
Initializing...
maxdom : 30
D->valSize : 900
Solving...
currentSize : 12 <-- 0.010651 s
currentSize : 13 <-- 0.010694 s
currentSize : 15 <-- 0.010759 s
currentSize : 16 <-- 0.011168 s
currentSize : 17 <-- 0.013681 s
currentSize : 18 <-- 0.057353 s
currentSize : 19 <-- 16.266676 s
currentSize : 21 <-- 20.801460 s
currentSize : 22 <-- 21.539749 s
currentSize : 23 <-- 22.519583 s
currentSize : 27 <-- 22.520832 s

maxsize : 27
nodes : 2305714.000000
filtered : 54827308.000000
time : 22.587387
