Parameters: GAD=1 vflib=1 dir=0 label=0 lowerbound=1 fileNameGp=../graphsdb/mcs90/bvg/b06m/mcs90_b06m_s30.A01 fileNameGt=../graphsdb/mcs90/bvg/b06m/mcs90_b06m_s30.B01
Reading graphs...
30 :  88
30 :  88
Initializing...
maxdom : 30
D->valSize : 900
Solving...
currentSize : 12 <-- 0.010330 s
currentSize : 14 <-- 0.010362 s
currentSize : 15 <-- 0.010405 s
currentSize : 16 <-- 0.011443 s
currentSize : 17 <-- 0.011475 s
currentSize : 18 <-- 0.059372 s
currentSize : 19 <-- 0.832232 s
currentSize : 20 <-- 0.921954 s
currentSize : 22 <-- 3.026285 s
currentSize : 24 <-- 3.544735 s
currentSize : 25 <-- 3.547298 s
currentSize : 27 <-- 3.547443 s

maxsize : 27
nodes : 284202.000000
filtered : 10196615.000000
time : 3.631052
