Parameters: GAD=1 vflib=1 dir=0 label=0 lowerbound=1 fileNameGp=../graphsdb/mcs90/rand/r02/mcs90_r02_s35.A42 fileNameGt=../graphsdb/mcs90/rand/r02/mcs90_r02_s35.B42
Reading graphs...
35 :  211
35 :  208
Initializing...
maxdom : 35
D->valSize : 1225
Solving...
currentSize : 10 <-- 0.017052 s
currentSize : 11 <-- 0.017091 s
currentSize : 12 <-- 0.017768 s
currentSize : 13 <-- 0.020199 s
currentSize : 14 <-- 0.173640 s
currentSize : 16 <-- 12.666554 s
currentSize : 18 <-- 23.270563 s
currentSize : 22 <-- 26.556467 s
currentSize : 31 <-- 28.901024 s

maxsize : 31
nodes : 5837270.000000
filtered : 78338105.000000
time : 29.199724
