Parameters: GAD=1 vflib=1 dir=0 label=0 lowerbound=1 fileNameGp=../graphsdb/mcs90/bvg/b03m/mcs90_b03m_s30.A51 fileNameGt=../graphsdb/mcs90/bvg/b03m/mcs90_b03m_s30.B51
Reading graphs...
30 :  45
30 :  44
Initializing...
maxdom : 30
D->valSize : 900
Solving...
currentSize : 15 <-- 0.019866 s
currentSize : 17 <-- 0.019894 s
currentSize : 18 <-- 0.020456 s
currentSize : 19 <-- 0.028657 s
currentSize : 20 <-- 0.108796 s
currentSize : 21 <-- 0.164357 s
currentSize : 22 <-- 0.180008 s
currentSize : 23 <-- 0.271700 s
currentSize : 24 <-- 0.977334 s
currentSize : 26 <-- 1.257228 s

maxsize : 26
nodes : 51656.000000
filtered : 1575689.000000
time : 1.916438
