Parameters: GAD=1 vflib=1 dir=0 label=0 lowerbound=1 fileNameGp=../graphsdb/mcs90/rand/r005/mcs90_r005_s35.A43 fileNameGt=../graphsdb/mcs90/rand/r005/mcs90_r005_s35.B43
Reading graphs...
35 :  57
35 :  57
Initializing...
maxdom : 35
D->valSize : 1225
Solving...
currentSize : 21 <-- 0.036613 s
currentSize : 23 <-- 0.149779 s
currentSize : 25 <-- 0.152523 s
currentSize : 26 <-- 1.123502 s
currentSize : 28 <-- 5.019033 s
currentSize : 29 <-- 6.610264 s
currentSize : 30 <-- 6.612301 s
currentSize : 31 <-- 6.612606 s

maxsize : 31
nodes : 175572.000000
filtered : 8106649.000000
time : 7.397665
