Parameters: GAD=1 vflib=1 dir=0 label=0 lowerbound=1 fileNameGp=../graphsdb/mcs90/bvg/b03m/mcs90_b03m_s30.A37 fileNameGt=../graphsdb/mcs90/bvg/b03m/mcs90_b03m_s30.B37
Reading graphs...
30 :  44
30 :  44
Initializing...
maxdom : 30
D->valSize : 900
Solving...
currentSize : 18 <-- 0.011140 s
currentSize : 19 <-- 0.014423 s
currentSize : 20 <-- 0.026319 s
currentSize : 21 <-- 0.055986 s
currentSize : 22 <-- 0.251842 s
currentSize : 23 <-- 1.805638 s
currentSize : 24 <-- 3.593132 s
currentSize : 26 <-- 3.971204 s

maxsize : 26
nodes : 167292.000000
filtered : 5223100.000000
time : 4.680245
