Parameters: GAD=1 vflib=1 dir=0 label=0 lowerbound=1 fileNameGp=../graphsdb/mcs90/bvg/b06m/mcs90_b06m_s25.A81 fileNameGt=../graphsdb/mcs90/bvg/b06m/mcs90_b06m_s25.B81
Reading graphs...
25 :  73
25 :  73
Initializing...
maxdom : 25
D->valSize : 625
Solving...
currentSize : 11 <-- 0.004815 s
currentSize : 12 <-- 0.004852 s
currentSize : 13 <-- 0.006265 s
currentSize : 14 <-- 0.010287 s
currentSize : 15 <-- 0.083612 s
currentSize : 16 <-- 0.085061 s
currentSize : 17 <-- 0.966174 s
currentSize : 18 <-- 0.978657 s
currentSize : 22 <-- 1.023696 s

maxsize : 22
nodes : 109981.000000
filtered : 2903172.000000
time : 1.060435
