Parameters: GAD=1 vflib=1 dir=0 label=0 lowerbound=1 fileNameGp=../graphsdb/mcs90/rand/r02/mcs90_r02_s25.A43 fileNameGt=../graphsdb/mcs90/rand/r02/mcs90_r02_s25.B43
Reading graphs...
25 :  108
25 :  109
Initializing...
maxdom : 25
D->valSize : 625
Solving...
currentSize : 10 <-- 0.004605 s
currentSize : 11 <-- 0.004780 s
currentSize : 12 <-- 0.005286 s
currentSize : 13 <-- 0.163405 s
currentSize : 14 <-- 0.163493 s
currentSize : 15 <-- 0.163560 s
currentSize : 22 <-- 0.362350 s

maxsize : 22
nodes : 62460.000000
filtered : 894719.000000
time : 0.399546
