Parameters: GAD=1 vflib=1 dir=0 label=0 lowerbound=1 fileNameGp=../graphsdb/mcs90/m2D/m2Dr6/mcs90_m2Dr6_s30.A72 fileNameGt=../graphsdb/mcs90/m2D/m2Dr6/mcs90_m2Dr6_s30.B72
Reading graphs...
30 :  66
30 :  65
Initializing...
maxdom : 30
D->valSize : 900
Solving...
currentSize : 13 <-- 0.010572 s
currentSize : 15 <-- 0.010753 s
currentSize : 16 <-- 0.014028 s
currentSize : 17 <-- 0.054806 s
currentSize : 18 <-- 0.141711 s
currentSize : 19 <-- 1.653081 s
currentSize : 20 <-- 17.056305 s
currentSize : 22 <-- 25.107580 s
currentSize : 23 <-- 27.700184 s
currentSize : 25 <-- 29.522652 s

maxsize : 25
nodes : 3201652.000000
filtered : 80679959.000000
time : 29.777201
