Parameters: GAD=1 vflib=1 dir=0 label=0 lowerbound=1 fileNameGp=../graphsdb/mcs90/m3D/m3Dr2/mcs90_m3Dr2_s30.A26 fileNameGt=../graphsdb/mcs90/m3D/m3Dr2/mcs90_m3Dr2_s30.B26
Reading graphs...
30 :  67
30 :  67
Initializing...
maxdom : 30
D->valSize : 900
Solving...
currentSize : 16 <-- 0.018257 s
currentSize : 17 <-- 0.018292 s
currentSize : 19 <-- 0.018545 s
currentSize : 20 <-- 0.022818 s
currentSize : 23 <-- 0.022916 s
currentSize : 24 <-- 0.023704 s
currentSize : 27 <-- 0.166210 s

maxsize : 27
nodes : 12499.000000
filtered : 604263.000000
time : 0.258169
