Parameters: GAD=1 vflib=1 dir=0 label=0 lowerbound=1 fileNameGp=../graphsdb/mcs90/bvg/b06m/mcs90_b06m_s30.A16 fileNameGt=../graphsdb/mcs90/bvg/b06m/mcs90_b06m_s30.B16
Reading graphs...
30 :  86
30 :  85
Initializing...
maxdom : 30
D->valSize : 900
Solving...
currentSize : 13 <-- 0.010486 s
currentSize : 14 <-- 0.010522 s
currentSize : 15 <-- 0.010738 s
currentSize : 16 <-- 0.025071 s
currentSize : 17 <-- 0.097403 s
currentSize : 18 <-- 0.190777 s
currentSize : 20 <-- 0.760356 s
currentSize : 21 <-- 0.810293 s
currentSize : 22 <-- 0.810709 s
currentSize : 23 <-- 0.843626 s
currentSize : 27 <-- 0.843810 s

maxsize : 27
nodes : 144033.000000
filtered : 2598389.000000
time : 0.916163
