Parameters: GAD=1 vflib=1 dir=0 label=0 lowerbound=1 fileNameGp=../graphsdb/mcs90/rand/r01/mcs90_r01_s30.A96 fileNameGt=../graphsdb/mcs90/rand/r01/mcs90_r01_s30.B96
Reading graphs...
30 :  78
30 :  78
Initializing...
maxdom : 30
D->valSize : 900
Solving...
currentSize : 13 <-- 0.018136 s
currentSize : 14 <-- 0.018760 s
currentSize : 15 <-- 0.019424 s
currentSize : 16 <-- 0.019627 s
currentSize : 17 <-- 0.019761 s
currentSize : 18 <-- 1.136259 s
currentSize : 20 <-- 7.168279 s
currentSize : 21 <-- 7.603400 s
currentSize : 23 <-- 7.604510 s
currentSize : 27 <-- 7.623596 s

maxsize : 27
nodes : 1033136.000000
filtered : 20725416.000000
time : 7.672152
