Parameters: GAD=1 vflib=1 dir=0 label=0 lowerbound=1 fileNameGp=../graphsdb/mcs90/m2D/m2D/mcs90_m2D_s30.A78 fileNameGt=../graphsdb/mcs90/m2D/m2D/mcs90_m2D_s30.B78
Reading graphs...
30 :  49
30 :  49
Initializing...
maxdom : 30
D->valSize : 900
Solving...
currentSize : 19 <-- 0.011296 s
currentSize : 20 <-- 0.011336 s
currentSize : 21 <-- 0.011372 s
currentSize : 22 <-- 1.543040 s
currentSize : 23 <-- 1.544756 s
currentSize : 25 <-- 1.675306 s
currentSize : 26 <-- 1.675352 s

maxsize : 26
nodes : 147972.000000
filtered : 3880651.000000
time : 2.689697
