Parameters: GAD=1 vflib=1 dir=0 label=0 lowerbound=1 fileNameGp=../graphsdb/mcs90/bvg/b06/mcs90_b06_s30.A00 fileNameGt=../graphsdb/mcs90/bvg/b06/mcs90_b06_s30.B00
Reading graphs...
30 :  89
30 :  90
Initializing...
maxdom : 30
D->valSize : 900
Solving...
currentSize : 19 <-- 0.017801 s
currentSize : 20 <-- 0.017846 s
currentSize : 21 <-- 0.017935 s
currentSize : 22 <-- 0.018029 s
currentSize : 23 <-- 0.018294 s
currentSize : 24 <-- 0.036559 s
currentSize : 25 <-- 0.036720 s
currentSize : 27 <-- 0.041633 s

maxsize : 27
nodes : 5885.000000
filtered : 300368.000000
time : 0.250530
