Parameters: GAD=1 vflib=1 dir=0 label=0 lowerbound=1 fileNameGp=../graphsdb/mcs90/rand/r005/mcs90_r005_s20.A44 fileNameGt=../graphsdb/mcs90/rand/r005/mcs90_r005_s20.B44
Reading graphs...
20 :  21
20 :  20
Initializing...
maxdom : 20
D->valSize : 400
Solving...
currentSize : 7 <-- 0.002310 s
currentSize : 9 <-- 0.002437 s
currentSize : 10 <-- 0.003835 s
currentSize : 11 <-- 0.009137 s
currentSize : 12 <-- 0.015528 s
currentSize : 13 <-- 0.028720 s
currentSize : 14 <-- 0.028864 s
currentSize : 15 <-- 0.047496 s
currentSize : 16 <-- 0.047684 s
currentSize : 18 <-- 0.061708 s

maxsize : 18
nodes : 8994.000000
filtered : 76495.000000
time : 0.071388
