Parameters: GAD=1 vflib=1 dir=0 label=0 lowerbound=1 fileNameGp=../graphsdb/mcs90/bvg/b06m/mcs90_b06m_s15.A05 fileNameGt=../graphsdb/mcs90/bvg/b06m/mcs90_b06m_s15.B05
Reading graphs...
15 :  42
15 :  43
Initializing...
maxdom : 15
D->valSize : 225
Solving...
currentSize : 6 <-- 0.000891 s
currentSize : 7 <-- 0.001066 s
currentSize : 8 <-- 0.001112 s
currentSize : 9 <-- 0.001167 s
currentSize : 10 <-- 0.005733 s
currentSize : 11 <-- 0.007912 s
currentSize : 13 <-- 0.008966 s

maxsize : 13
nodes : 2366.000000
filtered : 30469.000000
time : 0.010472
