Parameters: GAD=1 vflib=1 dir=0 label=0 lowerbound=1 fileNameGp=../graphsdb/mcs90/rand/r01/mcs90_r01_s30.A35 fileNameGt=../graphsdb/mcs90/rand/r01/mcs90_r01_s30.B35
Reading graphs...
30 :  81
30 :  82
Initializing...
maxdom : 30
D->valSize : 900
Solving...
currentSize : 8 <-- 0.010335 s
currentSize : 9 <-- 0.010357 s
currentSize : 10 <-- 0.010428 s
currentSize : 11 <-- 0.010552 s
currentSize : 13 <-- 0.011513 s
currentSize : 14 <-- 0.011574 s
currentSize : 15 <-- 0.253588 s
currentSize : 16 <-- 0.337030 s
currentSize : 17 <-- 0.352682 s
currentSize : 18 <-- 0.359655 s
currentSize : 19 <-- 0.399312 s
currentSize : 22 <-- 0.430003 s
currentSize : 23 <-- 0.925357 s
currentSize : 25 <-- 0.926565 s
currentSize : 27 <-- 0.994102 s

maxsize : 27
nodes : 108444.000000
filtered : 2211705.000000
time : 1.008069
