Parameters: GAD=1 vflib=1 dir=0 label=0 lowerbound=1 fileNameGp=../graphsdb/mcs90/bvg/b06/mcs90_b06_s30.A81 fileNameGt=../graphsdb/mcs90/bvg/b06/mcs90_b06_s30.B81
Reading graphs...
30 :  90
30 :  90
Initializing...
maxdom : 30
D->valSize : 900
Solving...
currentSize : 16 <-- 0.010022 s
currentSize : 17 <-- 0.010081 s
currentSize : 18 <-- 0.010187 s
currentSize : 20 <-- 0.010302 s
currentSize : 21 <-- 0.011726 s
currentSize : 23 <-- 0.011938 s
currentSize : 25 <-- 0.021240 s
currentSize : 27 <-- 0.024571 s

maxsize : 27
nodes : 3477.000000
filtered : 240537.000000
time : 0.189800
