Parameters: GAD=1 vflib=1 dir=0 label=0 lowerbound=1 fileNameGp=../graphsdb/mcs90/m2D/m2Dr4/mcs90_m2Dr4_s30.A67 fileNameGt=../graphsdb/mcs90/m2D/m2Dr4/mcs90_m2Dr4_s30.B67
Reading graphs...
30 :  61
30 :  61
Initializing...
maxdom : 30
D->valSize : 900
Solving...
currentSize : 10 <-- 0.018589 s
currentSize : 17 <-- 0.018672 s
currentSize : 18 <-- 0.018885 s
currentSize : 19 <-- 0.020340 s
currentSize : 20 <-- 0.020739 s
currentSize : 22 <-- 10.847245 s
currentSize : 25 <-- 17.521069 s

maxsize : 25
nodes : 1190246.000000
filtered : 37902546.000000
time : 18.202385
