Parameters: GAD=1 vflib=1 dir=0 label=0 lowerbound=1 fileNameGp=../graphsdb/mcs90/bvg/b03m/mcs90_b03m_s35.A11 fileNameGt=../graphsdb/mcs90/bvg/b03m/mcs90_b03m_s35.B11
Reading graphs...
35 :  50
35 :  50
Initializing...
maxdom : 35
D->valSize : 1225
Solving...
currentSize : 17 <-- 0.036911 s
currentSize : 21 <-- 0.038743 s
currentSize : 23 <-- 0.103317 s
currentSize : 24 <-- 0.407325 s
currentSize : 25 <-- 11.749728 s
currentSize : 26 <-- 16.070688 s
currentSize : 28 <-- 30.185093 s
currentSize : 30 <-- 31.296738 s

maxsize : 30
nodes : 1024929.000000
filtered : 25912909.000000
time : 35.716122
