Parameters: GAD=1 vflib=1 dir=0 label=0 lowerbound=1 fileNameGp=../graphsdb/mcs90/m2D/m2Dr4/mcs90_m2Dr4_s30.A94 fileNameGt=../graphsdb/mcs90/m2D/m2Dr4/mcs90_m2Dr4_s30.B94
Reading graphs...
30 :  61
30 :  60
Initializing...
maxdom : 30
D->valSize : 900
Solving...
currentSize : 12 <-- 0.010728 s
currentSize : 14 <-- 0.010761 s
currentSize : 15 <-- 0.010964 s
currentSize : 16 <-- 0.011016 s
currentSize : 17 <-- 0.012470 s
currentSize : 18 <-- 0.016643 s
currentSize : 19 <-- 0.334377 s
currentSize : 20 <-- 12.320447 s
currentSize : 21 <-- 14.817657 s
currentSize : 24 <-- 15.361493 s
currentSize : 25 <-- 15.545146 s

maxsize : 25
nodes : 1205957.000000
filtered : 28995987.000000
time : 16.295916
