Parameters: GAD=1 vflib=1 dir=0 label=0 lowerbound=1 fileNameGp=../graphsdb/mcs90/bvg/b06/mcs90_b06_s25.A61 fileNameGt=../graphsdb/mcs90/bvg/b06/mcs90_b06_s25.B61
Reading graphs...
25 :  75
25 :  75
Initializing...
maxdom : 25
D->valSize : 625
Solving...
currentSize : 11 <-- 0.004614 s
currentSize : 12 <-- 0.004666 s
currentSize : 13 <-- 0.004734 s
currentSize : 14 <-- 0.004847 s
currentSize : 16 <-- 0.005490 s
currentSize : 17 <-- 0.005512 s
currentSize : 18 <-- 0.005590 s
currentSize : 20 <-- 0.006083 s
currentSize : 22 <-- 0.007696 s

maxsize : 22
nodes : 3812.000000
filtered : 161560.000000
time : 0.096129
