Parameters: GAD=1 vflib=1 dir=0 label=0 lowerbound=1 fileNameGp=../graphsdb/mcs90/rand/r02/mcs90_r02_s35.A99 fileNameGt=../graphsdb/mcs90/rand/r02/mcs90_r02_s35.B99
Reading graphs...
35 :  212
35 :  216
Initializing...
maxdom : 35
D->valSize : 1225
Solving...
currentSize : 10 <-- 0.028892 s
currentSize : 11 <-- 0.029172 s
currentSize : 12 <-- 0.033128 s
currentSize : 13 <-- 0.037280 s
currentSize : 14 <-- 0.052775 s
currentSize : 15 <-- 4.447573 s
currentSize : 17 <-- 4.701988 s
currentSize : 19 <-- 4.717335 s
currentSize : 22 <-- 118.107468 s
currentSize : 23 <-- 122.859581 s
currentSize : 31 <-- 122.864746 s

maxsize : 31
nodes : 21915446.000000
filtered : 442821167.000000
time : 123.093254
