Parameters: GAD=1 vflib=1 dir=0 label=0 lowerbound=1 fileNameGp=../graphsdb/mcs90/bvg/b09/mcs90_b09_s30.A62 fileNameGt=../graphsdb/mcs90/bvg/b09/mcs90_b09_s30.B62
Reading graphs...
30 :  134
30 :  134
Initializing...
maxdom : 30
D->valSize : 900
Solving...
currentSize : 14 <-- 0.009377 s
currentSize : 16 <-- 0.009727 s
currentSize : 17 <-- 0.009838 s
currentSize : 18 <-- 0.015453 s
currentSize : 21 <-- 0.034490 s
currentSize : 22 <-- 0.034883 s
currentSize : 26 <-- 0.047684 s

maxsize : 26
nodes : 16415.000000
filtered : 953386.000000
time : 0.243143
