Parameters: GAD=1 vflib=1 dir=0 label=0 lowerbound=1 fileNameGp=../graphsdb/mcs90/m2D/m2Dr2/mcs90_m2Dr2_s20.A57 fileNameGt=../graphsdb/mcs90/m2D/m2Dr2/mcs90_m2Dr2_s20.B57
Reading graphs...
20 :  35
20 :  35
Initializing...
maxdom : 20
D->valSize : 400
Solving...
currentSize : 11 <-- 0.002193 s
currentSize : 12 <-- 0.002470 s
currentSize : 13 <-- 0.002610 s
currentSize : 14 <-- 0.009003 s
currentSize : 15 <-- 0.248157 s
currentSize : 16 <-- 0.248246 s

maxsize : 16
nodes : 30896.000000
filtered : 611691.000000
time : 0.276748
