Parameters: GAD=1 vflib=1 dir=0 label=0 lowerbound=1 fileNameGp=../graphsdb/mcs90/bvg/b09m/mcs90_b09m_s35.A84 fileNameGt=../graphsdb/mcs90/bvg/b09m/mcs90_b09m_s35.B84
Reading graphs...
35 :  154
35 :  154
Initializing...
maxdom : 35
D->valSize : 1225
Solving...
currentSize : 11 <-- 0.017729 s
currentSize : 12 <-- 0.017954 s
currentSize : 13 <-- 0.018929 s
currentSize : 14 <-- 0.020061 s
currentSize : 15 <-- 0.021811 s
currentSize : 16 <-- 0.022186 s
currentSize : 17 <-- 4.165338 s
currentSize : 19 <-- 4.404158 s
currentSize : 20 <-- 4.426420 s
currentSize : 22 <-- 24.182274 s
currentSize : 30 <-- 50.255447 s

maxsize : 30
nodes : 6155069.000000
filtered : 197476101.000000
time : 50.618130
