Parameters: GAD=1 vflib=1 dir=0 label=0 lowerbound=1 fileNameGp=../graphsdb/mcs90/bvg/b09/mcs90_b09_s35.A06 fileNameGt=../graphsdb/mcs90/bvg/b09/mcs90_b09_s35.B06
Reading graphs...
35 :  156
35 :  157
Initializing...
maxdom : 35
D->valSize : 1225
Solving...
currentSize : 13 <-- 0.017842 s
currentSize : 14 <-- 0.018666 s
currentSize : 15 <-- 0.019148 s
currentSize : 16 <-- 0.028808 s
currentSize : 17 <-- 0.883823 s
currentSize : 18 <-- 0.885214 s
currentSize : 19 <-- 0.888211 s
currentSize : 20 <-- 0.891194 s
currentSize : 21 <-- 0.900695 s
currentSize : 22 <-- 0.954312 s
currentSize : 23 <-- 1.048083 s
currentSize : 27 <-- 1.048608 s
currentSize : 30 <-- 1.048728 s

maxsize : 30
nodes : 223806.000000
filtered : 6274191.000000
time : 1.997017
