Parameters: GAD=1 vflib=1 dir=0 label=0 lowerbound=1 fileNameGp=../graphsdb/mcs90/rand/r01/mcs90_r01_s30.A27 fileNameGt=../graphsdb/mcs90/rand/r01/mcs90_r01_s30.B27
Reading graphs...
30 :  82
30 :  83
Initializing...
maxdom : 30
D->valSize : 900
Solving...
currentSize : 12 <-- 0.017997 s
currentSize : 13 <-- 0.018031 s
currentSize : 14 <-- 0.018522 s
currentSize : 15 <-- 0.018647 s
currentSize : 16 <-- 0.023162 s
currentSize : 17 <-- 0.307341 s
currentSize : 18 <-- 0.768036 s
currentSize : 19 <-- 0.845772 s
currentSize : 20 <-- 1.032648 s
currentSize : 27 <-- 1.042970 s

maxsize : 27
nodes : 183566.000000
filtered : 2634041.000000
time : 1.121882
