Parameters: GAD=1 vflib=1 dir=0 label=0 lowerbound=1 fileNameGp=../graphsdb/mcs90/m2D/m2Dr2/mcs90_m2Dr2_s30.A72 fileNameGt=../graphsdb/mcs90/m2D/m2Dr2/mcs90_m2Dr2_s30.B72
Reading graphs...
30 :  55
30 :  55
Initializing...
maxdom : 30
D->valSize : 900
Solving...
currentSize : 13 <-- 0.010881 s
currentSize : 14 <-- 0.010899 s
currentSize : 16 <-- 0.012517 s
currentSize : 17 <-- 0.053985 s
currentSize : 18 <-- 0.071178 s
currentSize : 19 <-- 0.822713 s
currentSize : 20 <-- 4.743381 s
currentSize : 21 <-- 7.229339 s
currentSize : 25 <-- 12.592423 s

maxsize : 25
nodes : 859710.000000
filtered : 20696665.000000
time : 13.791995
