Parameters: GAD=1 vflib=1 dir=0 label=0 lowerbound=1 fileNameGp=../graphsdb/mcs90/bvg/b09m/mcs90_b09m_s30.A78 fileNameGt=../graphsdb/mcs90/bvg/b09m/mcs90_b09m_s30.B78
Reading graphs...
30 :  127
30 :  126
Initializing...
maxdom : 30
D->valSize : 900
Solving...
currentSize : 10 <-- 0.016560 s
currentSize : 11 <-- 0.016625 s
currentSize : 12 <-- 0.016781 s
currentSize : 13 <-- 0.018974 s
currentSize : 14 <-- 0.072430 s
currentSize : 15 <-- 0.111843 s
currentSize : 18 <-- 0.354184 s
currentSize : 20 <-- 1.581246 s
currentSize : 26 <-- 1.608688 s

maxsize : 26
nodes : 257695.000000
filtered : 6029242.000000
time : 1.707612
