Parameters: GAD=1 vflib=1 dir=0 label=0 lowerbound=1 fileNameGp=../graphsdb/mcs90/bvg/b06m/mcs90_b06m_s15.A46 fileNameGt=../graphsdb/mcs90/bvg/b06m/mcs90_b06m_s15.B46
Reading graphs...
15 :  43
15 :  42
Initializing...
maxdom : 15
D->valSize : 225
Solving...
currentSize : 7 <-- 0.000906 s
currentSize : 8 <-- 0.000960 s
currentSize : 9 <-- 0.001003 s
currentSize : 10 <-- 0.004491 s
currentSize : 11 <-- 0.009476 s
currentSize : 13 <-- 0.009696 s

maxsize : 13
nodes : 2568.000000
filtered : 30228.000000
time : 0.011746
