Parameters: GAD=1 vflib=1 dir=0 label=0 lowerbound=1 fileNameGp=../graphsdb/mcs90/m2D/m2D/mcs90_m2D_s30.A23 fileNameGt=../graphsdb/mcs90/m2D/m2D/mcs90_m2D_s30.B23
Reading graphs...
30 :  49
30 :  48
Initializing...
maxdom : 30
D->valSize : 900
Solving...
currentSize : 15 <-- 0.011327 s
currentSize : 16 <-- 0.011360 s
currentSize : 17 <-- 0.011444 s
currentSize : 19 <-- 0.013819 s
currentSize : 20 <-- 0.025268 s
currentSize : 21 <-- 0.038780 s
currentSize : 22 <-- 1.505464 s
currentSize : 23 <-- 1.536277 s
currentSize : 25 <-- 7.934758 s

maxsize : 25
nodes : 373709.000000
filtered : 13496574.000000
time : 9.859146
