Parameters: GAD=1 vflib=1 dir=0 label=0 lowerbound=1 fileNameGp=../graphsdb/mcs90/m2D/m2D/mcs90_m2D_s30.A76 fileNameGt=../graphsdb/mcs90/m2D/m2D/mcs90_m2D_s30.B76
Reading graphs...
30 :  49
30 :  49
Initializing...
maxdom : 30
D->valSize : 900
Solving...
currentSize : 20 <-- 0.011067 s
currentSize : 21 <-- 0.013159 s
currentSize : 22 <-- 0.026968 s
currentSize : 23 <-- 1.075429 s
currentSize : 24 <-- 2.878048 s
currentSize : 25 <-- 2.879898 s
currentSize : 26 <-- 2.891188 s

maxsize : 26
nodes : 138473.000000
filtered : 4822807.000000
time : 3.678290
