Parameters: GAD=1 vflib=1 dir=0 label=0 lowerbound=1 fileNameGp=../graphsdb/mcs90/bvg/b06m/mcs90_b06m_s30.A66 fileNameGt=../graphsdb/mcs90/bvg/b06m/mcs90_b06m_s30.B66
Reading graphs...
30 :  88
30 :  87
Initializing...
maxdom : 30
D->valSize : 900
Solving...
currentSize : 12 <-- 0.017785 s
currentSize : 13 <-- 0.017819 s
currentSize : 15 <-- 0.017838 s
currentSize : 16 <-- 0.018056 s
currentSize : 17 <-- 0.051313 s
currentSize : 18 <-- 0.343561 s
currentSize : 19 <-- 5.424712 s
currentSize : 20 <-- 5.425260 s
currentSize : 21 <-- 5.436690 s
currentSize : 22 <-- 5.456279 s
currentSize : 27 <-- 5.456860 s

maxsize : 27
nodes : 643901.000000
filtered : 17947994.000000
time : 5.557139
