Parameters: GAD=1 vflib=1 dir=0 label=0 lowerbound=1 fileNameGp=../graphsdb/mcs90/m3D/m3Dr6/mcs90_m3Dr6_s30.A95 fileNameGt=../graphsdb/mcs90/m3D/m3Dr6/mcs90_m3Dr6_s30.B95
Reading graphs...
30 :  77
30 :  76
Initializing...
maxdom : 30
D->valSize : 900
Solving...
currentSize : 15 <-- 0.010881 s
currentSize : 16 <-- 0.011008 s
currentSize : 17 <-- 0.463692 s
currentSize : 18 <-- 11.196376 s
currentSize : 19 <-- 17.977156 s
currentSize : 23 <-- 17.998835 s
currentSize : 27 <-- 18.016180 s

maxsize : 27
nodes : 2418068.000000
filtered : 45979960.000000
time : 18.097639
