Parameters: GAD=1 vflib=1 dir=0 label=0 lowerbound=1 fileNameGp=../graphsdb/mcs90/rand/r01/mcs90_r01_s30.A05 fileNameGt=../graphsdb/mcs90/rand/r01/mcs90_r01_s30.B05
Reading graphs...
30 :  76
30 :  79
Initializing...
maxdom : 30
D->valSize : 900
Solving...
currentSize : 12 <-- 0.015556 s
currentSize : 13 <-- 0.015635 s
currentSize : 14 <-- 0.017435 s
currentSize : 15 <-- 0.017451 s
currentSize : 16 <-- 0.075360 s
currentSize : 17 <-- 0.976216 s
currentSize : 18 <-- 1.707809 s
currentSize : 19 <-- 2.700240 s
currentSize : 20 <-- 4.392852 s
currentSize : 22 <-- 4.663372 s
currentSize : 27 <-- 4.669803 s

maxsize : 27
nodes : 569365.000000
filtered : 12252328.000000
time : 4.755252
