Parameters: GAD=1 vflib=1 dir=0 label=0 lowerbound=1 fileNameGp=../graphsdb/mcs90/rand/r02/mcs90_r02_s25.A82 fileNameGt=../graphsdb/mcs90/rand/r02/mcs90_r02_s25.B82
Reading graphs...
25 :  106
25 :  105
Initializing...
maxdom : 25
D->valSize : 625
Solving...
currentSize : 9 <-- 0.004471 s
currentSize : 10 <-- 0.004505 s
currentSize : 11 <-- 0.005716 s
currentSize : 12 <-- 0.075618 s
currentSize : 13 <-- 0.110801 s
currentSize : 14 <-- 0.492364 s
currentSize : 16 <-- 0.827312 s
currentSize : 18 <-- 0.827766 s
currentSize : 22 <-- 0.827834 s

maxsize : 22
nodes : 188658.000000
filtered : 2494821.000000
time : 0.861735
