Parameters: GAD=1 vflib=1 dir=0 label=0 lowerbound=1 fileNameGp=../graphsdb/mcs90/bvg/b09/mcs90_b09_s35.A86 fileNameGt=../graphsdb/mcs90/bvg/b09/mcs90_b09_s35.B86
Reading graphs...
35 :  157
35 :  156
Initializing...
maxdom : 35
D->valSize : 1225
Solving...
currentSize : 13 <-- 0.030976 s
currentSize : 15 <-- 0.031026 s
currentSize : 16 <-- 0.031323 s
currentSize : 17 <-- 0.032472 s
currentSize : 18 <-- 1.370979 s
currentSize : 20 <-- 1.371584 s
currentSize : 21 <-- 1.371795 s
currentSize : 23 <-- 1.374859 s
currentSize : 24 <-- 1.375936 s
currentSize : 25 <-- 1.376068 s
currentSize : 26 <-- 1.376320 s
currentSize : 30 <-- 1.381823 s

maxsize : 30
nodes : 287451.000000
filtered : 7886880.000000
time : 2.473223
