Parameters: GAD=1 vflib=1 dir=0 label=0 lowerbound=1 fileNameGp=../graphsdb/mcs90/rand/r005/mcs90_r005_s20.A61 fileNameGt=../graphsdb/mcs90/rand/r005/mcs90_r005_s20.B61
Reading graphs...
20 :  21
20 :  21
Initializing...
maxdom : 20
D->valSize : 400
Solving...
currentSize : 5 <-- 0.002414 s
currentSize : 8 <-- 0.002465 s
currentSize : 11 <-- 0.002891 s
currentSize : 12 <-- 0.002899 s
currentSize : 13 <-- 0.002935 s
currentSize : 14 <-- 0.004426 s
currentSize : 17 <-- 0.010865 s
currentSize : 18 <-- 0.010903 s
currentSize : 19 <-- 0.010950 s

maxsize : 19
nodes : 2186.000000
filtered : 22485.000000
time : 0.012000
