Parameters: GAD=1 vflib=1 dir=0 label=0 lowerbound=1 fileNameGp=../graphsdb/mcs90/bvg/b06m/mcs90_b06m_s20.A88 fileNameGt=../graphsdb/mcs90/bvg/b06m/mcs90_b06m_s20.B88
Reading graphs...
20 :  57
20 :  58
Initializing...
maxdom : 20
D->valSize : 400
Solving...
currentSize : 10 <-- 0.002055 s
currentSize : 11 <-- 0.002959 s
currentSize : 12 <-- 0.003008 s
currentSize : 13 <-- 0.065422 s
currentSize : 14 <-- 0.096003 s
currentSize : 17 <-- 0.172523 s
currentSize : 18 <-- 0.172659 s

maxsize : 18
nodes : 32951.000000
filtered : 610513.000000
time : 0.174813
