Parameters: GAD=1 vflib=1 dir=0 label=0 lowerbound=1 fileNameGp=../graphsdb/mcs90/m3D/m3Dr6/mcs90_m3Dr6_s30.A89 fileNameGt=../graphsdb/mcs90/m3D/m3Dr6/mcs90_m3Dr6_s30.B89
Reading graphs...
30 :  77
30 :  76
Initializing...
maxdom : 30
D->valSize : 900
Solving...
currentSize : 13 <-- 0.010578 s
currentSize : 14 <-- 0.010729 s
currentSize : 16 <-- 0.010836 s
currentSize : 17 <-- 0.011461 s
currentSize : 18 <-- 2.956188 s
currentSize : 19 <-- 3.920704 s
currentSize : 20 <-- 4.080940 s
currentSize : 21 <-- 4.871108 s
currentSize : 22 <-- 4.916713 s
currentSize : 23 <-- 9.759318 s
currentSize : 27 <-- 9.759496 s

maxsize : 27
nodes : 1058172.000000
filtered : 28675854.000000
time : 9.817955
