Parameters: GAD=1 vflib=1 dir=0 label=0 lowerbound=1 fileNameGp=../graphsdb/mcs90/rand/r02/mcs90_r02_s25.A90 fileNameGt=../graphsdb/mcs90/rand/r02/mcs90_r02_s25.B90
Reading graphs...
25 :  110
25 :  108
Initializing...
maxdom : 25
D->valSize : 625
Solving...
currentSize : 10 <-- 0.007692 s
currentSize : 11 <-- 0.007741 s
currentSize : 12 <-- 0.008847 s
currentSize : 13 <-- 0.140868 s
currentSize : 16 <-- 0.247264 s
currentSize : 17 <-- 1.379061 s
currentSize : 22 <-- 1.379160 s

maxsize : 22
nodes : 246630.000000
filtered : 4872580.000000
time : 1.392607
