Parameters: GAD=1 vflib=1 dir=0 label=0 lowerbound=1 fileNameGp=../graphsdb/mcs90/rand/r005/mcs90_r005_s30.A35 fileNameGt=../graphsdb/mcs90/rand/r005/mcs90_r005_s30.B35
Reading graphs...
30 :  42
30 :  42
Initializing...
maxdom : 30
D->valSize : 900
Solving...
currentSize : 13 <-- 0.015825 s
currentSize : 14 <-- 0.015938 s
currentSize : 15 <-- 0.016156 s
currentSize : 17 <-- 0.018330 s
currentSize : 18 <-- 0.018348 s
currentSize : 20 <-- 8.565342 s
currentSize : 21 <-- 8.614222 s
currentSize : 25 <-- 9.182283 s
currentSize : 26 <-- 9.182307 s
currentSize : 27 <-- 9.182339 s

maxsize : 27
nodes : 800413.000000
filtered : 9223389.000000
time : 9.331093
