Parameters: GAD=1 vflib=1 dir=0 label=0 lowerbound=1 fileNameGp=../graphsdb/mcs90/m2D/m2D/mcs90_m2D_s20.A87 fileNameGt=../graphsdb/mcs90/m2D/m2D/mcs90_m2D_s20.B87
Reading graphs...
20 :  31
20 :  31
Initializing...
maxdom : 20
D->valSize : 400
Solving...
currentSize : 9 <-- 0.002237 s
currentSize : 11 <-- 0.002262 s
currentSize : 12 <-- 0.003481 s
currentSize : 13 <-- 0.004591 s
currentSize : 14 <-- 0.008429 s
currentSize : 15 <-- 0.027718 s
currentSize : 16 <-- 0.071210 s
currentSize : 17 <-- 0.088733 s

maxsize : 17
nodes : 10193.000000
filtered : 215307.000000
time : 0.106475
