Parameters: GAD=1 vflib=1 dir=0 label=0 lowerbound=1 fileNameGp=../graphsdb/mcs90/rand/r005/mcs90_r005_s35.A46 fileNameGt=../graphsdb/mcs90/rand/r005/mcs90_r005_s35.B46
Reading graphs...
35 :  57
35 :  57
Initializing...
maxdom : 35
D->valSize : 1225
Solving...
currentSize : 15 <-- 0.021627 s
currentSize : 16 <-- 0.021743 s
currentSize : 17 <-- 0.026955 s
currentSize : 20 <-- 0.054787 s
currentSize : 21 <-- 12.768750 s
currentSize : 22 <-- 25.681646 s
currentSize : 23 <-- 29.976543 s
currentSize : 24 <-- 106.476395 s
currentSize : 25 <-- 106.943947 s
currentSize : 26 <-- 107.666321 s
currentSize : 27 <-- 111.234337 s
currentSize : 28 <-- 124.696968 s
currentSize : 31 <-- 124.697067 s

maxsize : 31
nodes : 7611526.000000
filtered : 143048829.000000
time : 125.515106
