Parameters: GAD=1 vflib=1 dir=0 label=0 lowerbound=1 fileNameGp=../graphsdb/mcs90/rand/r02/mcs90_r02_s30.A88 fileNameGt=../graphsdb/mcs90/rand/r02/mcs90_r02_s30.B88
Reading graphs...
30 :  158
30 :  159
Initializing...
maxdom : 30
D->valSize : 900
Solving...
currentSize : 11 <-- 0.015704 s
currentSize : 12 <-- 0.021654 s
currentSize : 13 <-- 0.079690 s
currentSize : 15 <-- 1.296251 s
currentSize : 16 <-- 2.713196 s
currentSize : 17 <-- 7.509179 s
currentSize : 19 <-- 7.583096 s
currentSize : 27 <-- 7.606690 s

maxsize : 27
nodes : 1574800.000000
filtered : 23180332.000000
time : 7.639451
