Parameters: GAD=1 vflib=1 dir=0 label=0 lowerbound=1 fileNameGp=../graphsdb/mcs90/m2D/m2Dr4/mcs90_m2Dr4_s20.A51 fileNameGt=../graphsdb/mcs90/m2D/m2Dr4/mcs90_m2Dr4_s20.B51
Reading graphs...
20 :  37
20 :  37
Initializing...
maxdom : 20
D->valSize : 400
Solving...
currentSize : 10 <-- 0.002169 s
currentSize : 11 <-- 0.002191 s
currentSize : 13 <-- 0.003609 s
currentSize : 14 <-- 0.006397 s
currentSize : 15 <-- 0.083139 s
currentSize : 16 <-- 0.083169 s

maxsize : 16
nodes : 13505.000000
filtered : 290314.000000
time : 0.129041
