Parameters: GAD=1 vflib=1 dir=0 label=0 lowerbound=1 fileNameGp=../graphsdb/mcs90/m4D/m4Dr4/mcs90_m4Dr4_s20.A42 fileNameGt=../graphsdb/mcs90/m4D/m4Dr4/mcs90_m4Dr4_s20.B42
Reading graphs...
20 :  45
20 :  44
Initializing...
maxdom : 20
D->valSize : 400
Solving...
currentSize : 8 <-- 0.002015 s
currentSize : 10 <-- 0.002041 s
currentSize : 11 <-- 0.002162 s
currentSize : 12 <-- 0.048452 s
currentSize : 13 <-- 0.060672 s
currentSize : 14 <-- 0.061165 s
currentSize : 16 <-- 0.070835 s

maxsize : 16
nodes : 15715.000000
filtered : 223375.000000
time : 0.097783
