Parameters: GAD=1 vflib=1 dir=0 label=0 lowerbound=1 fileNameGp=../graphsdb/mcs90/bvg/b09/mcs90_b09_s20.A43 fileNameGt=../graphsdb/mcs90/bvg/b09/mcs90_b09_s20.B43
Reading graphs...
20 :  89
20 :  90
Initializing...
maxdom : 20
D->valSize : 400
Solving...
currentSize : 9 <-- 0.001971 s
currentSize : 11 <-- 0.001991 s
currentSize : 13 <-- 0.002032 s
currentSize : 14 <-- 0.002119 s
currentSize : 16 <-- 0.002180 s
currentSize : 18 <-- 0.002488 s

maxsize : 18
nodes : 717.000000
filtered : 44106.000000
time : 0.015966
