Parameters: GAD=1 vflib=1 dir=0 label=0 lowerbound=1 fileNameGp=../graphsdb/mcs90/bvg/b09m/mcs90_b09m_s15.A42 fileNameGt=../graphsdb/mcs90/bvg/b09m/mcs90_b09m_s15.B42
Reading graphs...
15 :  59
15 :  58
Initializing...
maxdom : 15
D->valSize : 225
Solving...
currentSize : 6 <-- 0.000832 s
currentSize : 7 <-- 0.000851 s
currentSize : 8 <-- 0.000872 s
currentSize : 9 <-- 0.000925 s
currentSize : 11 <-- 0.001068 s
currentSize : 12 <-- 0.001617 s

maxsize : 12
nodes : 703.000000
filtered : 19635.000000
time : 0.004691
