Parameters: GAD=1 vflib=1 dir=0 label=0 lowerbound=1 fileNameGp=../graphsdb/mcs90/bvg/b03/mcs90_b03_s25.A93 fileNameGt=../graphsdb/mcs90/bvg/b03/mcs90_b03_s25.B93
Reading graphs...
25 :  37
25 :  37
Initializing...
maxdom : 25
D->valSize : 625
Solving...
currentSize : 16 <-- 0.005327 s
currentSize : 17 <-- 0.005343 s
currentSize : 18 <-- 0.005467 s
currentSize : 19 <-- 0.005537 s
currentSize : 20 <-- 0.005620 s
currentSize : 22 <-- 0.020547 s
currentSize : 23 <-- 0.046148 s

maxsize : 23
nodes : 1662.000000
filtered : 105592.000000
time : 0.133820
