Parameters: GAD=1 vflib=1 dir=0 label=0 lowerbound=1 fileNameGp=../graphsdb/mcs90/bvg/b06m/mcs90_b06m_s35.A58 fileNameGt=../graphsdb/mcs90/bvg/b06m/mcs90_b06m_s35.B58
Reading graphs...
35 :  102
35 :  102
Initializing...
maxdom : 35
D->valSize : 1225
Solving...
currentSize : 14 <-- 0.033855 s
currentSize : 15 <-- 0.034371 s
currentSize : 16 <-- 0.050117 s
currentSize : 17 <-- 0.055403 s
currentSize : 18 <-- 0.063694 s
currentSize : 19 <-- 0.176835 s
currentSize : 20 <-- 0.336364 s
currentSize : 21 <-- 6.776132 s
currentSize : 22 <-- 14.830327 s
currentSize : 23 <-- 19.512657 s
currentSize : 24 <-- 19.620878 s
currentSize : 27 <-- 19.625729 s
currentSize : 31 <-- 20.007784 s

maxsize : 31
nodes : 1346769.000000
filtered : 39000055.000000
time : 20.247499
