Parameters: GAD=1 vflib=1 dir=0 label=0 lowerbound=1 fileNameGp=../graphsdb/mcs90/bvg/b06m/mcs90_b06m_s20.A68 fileNameGt=../graphsdb/mcs90/bvg/b06m/mcs90_b06m_s20.B68
Reading graphs...
20 :  59
20 :  58
Initializing...
maxdom : 20
D->valSize : 400
Solving...
currentSize : 8 <-- 0.002021 s
currentSize : 9 <-- 0.002061 s
currentSize : 10 <-- 0.002143 s
currentSize : 11 <-- 0.002854 s
currentSize : 12 <-- 0.003814 s
currentSize : 13 <-- 0.038964 s
currentSize : 18 <-- 0.077295 s

maxsize : 18
nodes : 15786.000000
filtered : 252070.000000
time : 0.085984
