Parameters: GAD=1 vflib=1 dir=0 label=0 lowerbound=1 fileNameGp=../graphsdb/mcs90/bvg/b06/mcs90_b06_s30.A33 fileNameGt=../graphsdb/mcs90/bvg/b06/mcs90_b06_s30.B33
Reading graphs...
30 :  90
30 :  90
Initializing...
maxdom : 30
D->valSize : 900
Solving...
currentSize : 15 <-- 0.009986 s
currentSize : 16 <-- 0.010165 s
currentSize : 17 <-- 0.010932 s
currentSize : 18 <-- 0.013259 s
currentSize : 19 <-- 0.013358 s
currentSize : 20 <-- 0.013703 s
currentSize : 21 <-- 0.014637 s
currentSize : 23 <-- 0.016942 s
currentSize : 25 <-- 0.017642 s
currentSize : 27 <-- 0.019116 s

maxsize : 27
nodes : 5342.000000
filtered : 295953.000000
time : 0.216213
