Parameters: GAD=1 vflib=1 dir=0 label=0 lowerbound=1 fileNameGp=../graphsdb/mcs90/rand/r005/mcs90_r005_s20.A40 fileNameGt=../graphsdb/mcs90/rand/r005/mcs90_r005_s20.B40
Reading graphs...
20 :  21
20 :  21
Initializing...
maxdom : 20
D->valSize : 400
Solving...
currentSize : 10 <-- 0.002445 s
currentSize : 11 <-- 0.006074 s
currentSize : 12 <-- 0.033461 s
currentSize : 13 <-- 0.137458 s
currentSize : 14 <-- 0.138761 s
currentSize : 15 <-- 0.138855 s
currentSize : 16 <-- 0.164061 s
currentSize : 17 <-- 0.164405 s
currentSize : 18 <-- 0.164478 s

maxsize : 18
nodes : 28546.000000
filtered : 198728.000000
time : 0.174675
