Parameters: GAD=1 vflib=1 dir=0 label=0 lowerbound=1 fileNameGp=../graphsdb/mcs90/m3D/m3D/mcs90_m3D_s30.A80 fileNameGt=../graphsdb/mcs90/m3D/m3D/mcs90_m3D_s30.B80
Reading graphs...
30 :  61
30 :  61
Initializing...
maxdom : 30
D->valSize : 900
Solving...
currentSize : 14 <-- 0.010635 s
currentSize : 15 <-- 0.010651 s
currentSize : 16 <-- 0.010697 s
currentSize : 17 <-- 0.012783 s
currentSize : 19 <-- 0.013554 s
currentSize : 20 <-- 0.013582 s
currentSize : 22 <-- 0.258696 s
currentSize : 24 <-- 0.409067 s
currentSize : 26 <-- 1.823566 s
currentSize : 27 <-- 1.979538 s

maxsize : 27
nodes : 96313.000000
filtered : 4030488.000000
time : 2.154643
