Parameters: GAD=1 vflib=1 dir=0 label=0 lowerbound=1 fileNameGp=../graphsdb/mcs90/bvg/b09/mcs90_b09_s30.A35 fileNameGt=../graphsdb/mcs90/bvg/b09/mcs90_b09_s30.B35
Reading graphs...
30 :  134
30 :  134
Initializing...
maxdom : 30
D->valSize : 900
Solving...
currentSize : 9 <-- 0.009960 s
currentSize : 10 <-- 0.010000 s
currentSize : 11 <-- 0.010073 s
currentSize : 12 <-- 0.010568 s
currentSize : 16 <-- 0.019654 s
currentSize : 17 <-- 0.020883 s
currentSize : 18 <-- 0.023980 s
currentSize : 19 <-- 0.024037 s
currentSize : 20 <-- 0.025263 s
currentSize : 21 <-- 0.040518 s
currentSize : 22 <-- 0.042674 s
currentSize : 26 <-- 0.055706 s

maxsize : 26
nodes : 17731.000000
filtered : 923173.000000
time : 0.288203
