Parameters: GAD=1 vflib=1 dir=0 label=0 lowerbound=1 fileNameGp=../graphsdb/mcs90/rand/r02/mcs90_r02_s25.A75 fileNameGt=../graphsdb/mcs90/rand/r02/mcs90_r02_s25.B75
Reading graphs...
25 :  108
25 :  106
Initializing...
maxdom : 25
D->valSize : 625
Solving...
currentSize : 9 <-- 0.004645 s
currentSize : 10 <-- 0.004749 s
currentSize : 11 <-- 0.004924 s
currentSize : 12 <-- 0.033990 s
currentSize : 13 <-- 0.146664 s
currentSize : 15 <-- 0.612057 s
currentSize : 17 <-- 0.671399 s
currentSize : 22 <-- 0.671507 s

maxsize : 22
nodes : 154643.000000
filtered : 2077334.000000
time : 0.696497
