Parameters: GAD=1 vflib=1 dir=0 label=0 lowerbound=1 fileNameGp=../graphsdb/mcs90/rand/r005/mcs90_r005_s30.A54 fileNameGt=../graphsdb/mcs90/rand/r005/mcs90_r005_s30.B54
Reading graphs...
30 :  41
30 :  41
Initializing...
maxdom : 30
D->valSize : 900
Solving...
currentSize : 16 <-- 0.011566 s
currentSize : 18 <-- 0.011654 s
currentSize : 19 <-- 1.091156 s
currentSize : 20 <-- 1.655637 s
currentSize : 21 <-- 1.656856 s
currentSize : 25 <-- 21.408531 s
currentSize : 26 <-- 21.408903 s
currentSize : 27 <-- 21.409561 s

maxsize : 27
nodes : 1570162.000000
filtered : 27983612.000000
time : 21.529877
