Parameters: GAD=1 vflib=1 dir=0 label=0 lowerbound=1 fileNameGp=../graphsdb/mcs90/bvg/b06m/mcs90_b06m_s30.A98 fileNameGt=../graphsdb/mcs90/bvg/b06m/mcs90_b06m_s30.B98
Reading graphs...
30 :  90
30 :  88
Initializing...
maxdom : 30
D->valSize : 900
Solving...
currentSize : 8 <-- 0.017836 s
currentSize : 10 <-- 0.017869 s
currentSize : 13 <-- 0.017888 s
currentSize : 14 <-- 0.018130 s
currentSize : 15 <-- 0.021363 s
currentSize : 16 <-- 0.026236 s
currentSize : 17 <-- 0.359201 s
currentSize : 18 <-- 1.640302 s
currentSize : 19 <-- 6.557300 s
currentSize : 20 <-- 8.472567 s
currentSize : 21 <-- 8.522003 s
currentSize : 25 <-- 9.261192 s
currentSize : 27 <-- 9.264157 s

maxsize : 27
nodes : 871846.000000
filtered : 24494971.000000
time : 9.324698
