Parameters: GAD=1 vflib=1 dir=0 label=0 lowerbound=1 fileNameGp=../graphsdb/mcs90/m3D/m3Dr2/mcs90_m3Dr2_s30.A54 fileNameGt=../graphsdb/mcs90/m3D/m3Dr2/mcs90_m3Dr2_s30.B54
Reading graphs...
30 :  65
30 :  64
Initializing...
maxdom : 30
D->valSize : 900
Solving...
currentSize : 16 <-- 0.018699 s
currentSize : 18 <-- 0.021283 s
currentSize : 19 <-- 0.021763 s
currentSize : 20 <-- 0.023606 s
currentSize : 22 <-- 0.030541 s
currentSize : 23 <-- 0.031623 s
currentSize : 24 <-- 0.046798 s
currentSize : 27 <-- 0.073846 s

maxsize : 27
nodes : 5015.000000
filtered : 257865.000000
time : 0.242866
