Parameters: GAD=1 vflib=1 dir=0 label=0 lowerbound=1 fileNameGp=../graphsdb/mcs90/rand/r005/mcs90_r005_s25.A25 fileNameGt=../graphsdb/mcs90/rand/r005/mcs90_r005_s25.B25
Reading graphs...
25 :  28
25 :  29
Initializing...
maxdom : 25
D->valSize : 625
Solving...
currentSize : 6 <-- 0.009452 s
currentSize : 11 <-- 0.009532 s
currentSize : 12 <-- 0.013023 s
currentSize : 13 <-- 0.013961 s
currentSize : 14 <-- 0.038009 s
currentSize : 15 <-- 0.042256 s
currentSize : 16 <-- 0.043049 s
currentSize : 17 <-- 0.050824 s
currentSize : 18 <-- 0.050838 s
currentSize : 19 <-- 0.051338 s
currentSize : 20 <-- 0.052376 s
currentSize : 21 <-- 0.183511 s
currentSize : 22 <-- 0.183820 s

maxsize : 22
nodes : 16460.000000
filtered : 184999.000000
time : 0.212475
