Parameters: GAD=1 vflib=1 dir=0 label=0 lowerbound=1 fileNameGp=../graphsdb/mcs90/bvg/b03m/mcs90_b03m_s20.A55 fileNameGt=../graphsdb/mcs90/bvg/b03m/mcs90_b03m_s20.B55
Reading graphs...
20 :  30
20 :  30
Initializing...
maxdom : 20
D->valSize : 400
Solving...
currentSize : 9 <-- 0.002297 s
currentSize : 10 <-- 0.002313 s
currentSize : 11 <-- 0.002358 s
currentSize : 12 <-- 0.002367 s
currentSize : 13 <-- 0.003093 s
currentSize : 14 <-- 0.010433 s
currentSize : 15 <-- 0.016337 s
currentSize : 18 <-- 0.100600 s

maxsize : 18
nodes : 8592.000000
filtered : 168284.000000
time : 0.103782
