Parameters: GAD=1 vflib=1 dir=0 label=0 lowerbound=1 fileNameGp=../graphsdb/mcs90/bvg/b03m/mcs90_b03m_s15.A01 fileNameGt=../graphsdb/mcs90/bvg/b03m/mcs90_b03m_s15.B01
Reading graphs...
15 :  21
15 :  21
Initializing...
maxdom : 15
D->valSize : 225
Solving...
currentSize : 8 <-- 0.001044 s
currentSize : 9 <-- 0.001108 s
currentSize : 10 <-- 0.001114 s
currentSize : 11 <-- 0.002686 s
currentSize : 12 <-- 0.003729 s
currentSize : 13 <-- 0.003756 s

maxsize : 13
nodes : 757.000000
filtered : 10708.000000
time : 0.005529
