Parameters: GAD=1 vflib=1 dir=0 label=0 lowerbound=1 fileNameGp=../graphsdb/mcs90/m3D/m3Dr4/mcs90_m3Dr4_s30.A94 fileNameGt=../graphsdb/mcs90/m3D/m3Dr4/mcs90_m3Dr4_s30.B94
Reading graphs...
30 :  72
30 :  70
Initializing...
maxdom : 30
D->valSize : 900
Solving...
currentSize : 14 <-- 0.010702 s
currentSize : 15 <-- 0.010739 s
currentSize : 16 <-- 0.011153 s
currentSize : 17 <-- 0.020039 s
currentSize : 18 <-- 0.040742 s
currentSize : 19 <-- 0.042511 s
currentSize : 20 <-- 0.049238 s
currentSize : 21 <-- 2.842385 s
currentSize : 22 <-- 3.468850 s
currentSize : 24 <-- 4.032032 s
currentSize : 27 <-- 4.045547 s

maxsize : 27
nodes : 416140.000000
filtered : 12347702.000000
time : 4.175088
