Parameters: GAD=1 vflib=1 dir=0 label=0 lowerbound=1 fileNameGp=../graphsdb/mcs90/m4D/m4Dr6/mcs90_m4Dr6_s20.A89 fileNameGt=../graphsdb/mcs90/m4D/m4Dr6/mcs90_m4Dr6_s20.B89
Reading graphs...
20 :  48
20 :  46
Initializing...
maxdom : 20
D->valSize : 400
Solving...
currentSize : 11 <-- 0.002145 s
currentSize : 12 <-- 0.002720 s
currentSize : 13 <-- 0.047343 s
currentSize : 14 <-- 0.065320 s
currentSize : 15 <-- 0.102704 s
currentSize : 16 <-- 0.133735 s

maxsize : 16
nodes : 16739.000000
filtered : 374248.000000
time : 0.150407
