Parameters: GAD=1 vflib=1 dir=0 label=0 lowerbound=1 fileNameGp=../graphsdb/mcs90/bvg/b09/mcs90_b09_s35.A48 fileNameGt=../graphsdb/mcs90/bvg/b09/mcs90_b09_s35.B48
Reading graphs...
35 :  157
35 :  157
Initializing...
maxdom : 35
D->valSize : 1225
Solving...
currentSize : 14 <-- 0.030560 s
currentSize : 15 <-- 0.030668 s
currentSize : 18 <-- 0.031087 s
currentSize : 20 <-- 0.031213 s
currentSize : 21 <-- 0.031508 s
currentSize : 22 <-- 0.031897 s
currentSize : 24 <-- 0.032035 s
currentSize : 26 <-- 0.033095 s
currentSize : 30 <-- 0.072954 s

maxsize : 30
nodes : 50548.000000
filtered : 3690390.000000
time : 1.164641
