Parameters: GAD=1 vflib=1 dir=0 label=0 lowerbound=1 fileNameGp=../graphsdb/mcs90/rand/r005/mcs90_r005_s35.A85 fileNameGt=../graphsdb/mcs90/rand/r005/mcs90_r005_s35.B85
Reading graphs...
35 :  57
35 :  57
Initializing...
maxdom : 35
D->valSize : 1225
Solving...
currentSize : 17 <-- 0.020763 s
currentSize : 20 <-- 0.020888 s
currentSize : 21 <-- 0.435864 s
currentSize : 22 <-- 1.916869 s
currentSize : 23 <-- 3.483435 s
currentSize : 24 <-- 71.013329 s
currentSize : 25 <-- 95.142548 s
currentSize : 26 <-- 238.508408 s
currentSize : 27 <-- 240.027679 s
currentSize : 28 <-- 240.027695 s
currentSize : 29 <-- 240.052704 s
currentSize : 31 <-- 240.104202 s

maxsize : 31
nodes : 9485855.000000
filtered : 247717042.000000
time : 240.929123
