Parameters: GAD=1 vflib=1 dir=0 label=0 lowerbound=1 fileNameGp=../graphsdb/mcs90/bvg/b03/mcs90_b03_s25.A46 fileNameGt=../graphsdb/mcs90/bvg/b03/mcs90_b03_s25.B46
Reading graphs...
25 :  37
25 :  37
Initializing...
maxdom : 25
D->valSize : 625
Solving...
currentSize : 18 <-- 0.005320 s
currentSize : 19 <-- 0.005375 s
currentSize : 20 <-- 0.005950 s
currentSize : 21 <-- 0.015203 s
currentSize : 22 <-- 0.018434 s
currentSize : 23 <-- 0.044310 s

maxsize : 23
nodes : 2510.000000
filtered : 123816.000000
time : 0.105797
