Parameters: GAD=1 vflib=1 dir=0 label=0 lowerbound=1 fileNameGp=../graphsdb/mcs90/bvg/b03/mcs90_b03_s35.A33 fileNameGt=../graphsdb/mcs90/bvg/b03/mcs90_b03_s35.B33
Reading graphs...
35 :  52
35 :  52
Initializing...
maxdom : 35
D->valSize : 1225
Solving...
currentSize : 17 <-- 0.022229 s
currentSize : 18 <-- 0.023349 s
currentSize : 19 <-- 0.026524 s
currentSize : 20 <-- 0.094001 s
currentSize : 24 <-- 0.094025 s
currentSize : 25 <-- 0.094136 s
currentSize : 27 <-- 0.110471 s
currentSize : 28 <-- 0.210353 s
currentSize : 30 <-- 0.421774 s
currentSize : 31 <-- 0.553503 s

maxsize : 31
nodes : 60050.000000
filtered : 2831604.000000
time : 4.350020
