Parameters: GAD=1 vflib=1 dir=0 label=0 lowerbound=1 fileNameGp=../graphsdb/mcs90/bvg/b03/mcs90_b03_s35.A44 fileNameGt=../graphsdb/mcs90/bvg/b03/mcs90_b03_s35.B44
Reading graphs...
35 :  52
35 :  52
Initializing...
maxdom : 35
D->valSize : 1225
Solving...
currentSize : 26 <-- 0.026907 s
currentSize : 27 <-- 0.026936 s
currentSize : 28 <-- 0.027137 s
currentSize : 29 <-- 0.039211 s
currentSize : 30 <-- 0.039281 s
currentSize : 31 <-- 0.833805 s
currentSize : 32 <-- 2.073447 s

maxsize : 32
nodes : 39099.000000
filtered : 2171786.000000
time : 3.069959
