Parameters: GAD=1 vflib=1 dir=0 label=0 lowerbound=1 fileNameGp=../graphsdb/mcs90/m2D/m2Dr2/mcs90_m2Dr2_s30.A23 fileNameGt=../graphsdb/mcs90/m2D/m2Dr2/mcs90_m2Dr2_s30.B23
Reading graphs...
30 :  55
30 :  55
Initializing...
maxdom : 30
D->valSize : 900
Solving...
currentSize : 16 <-- 0.019110 s
currentSize : 17 <-- 0.020373 s
currentSize : 18 <-- 0.075394 s
currentSize : 19 <-- 0.218428 s
currentSize : 20 <-- 0.280385 s
currentSize : 22 <-- 13.096905 s
currentSize : 23 <-- 35.606697 s
currentSize : 25 <-- 35.838650 s

maxsize : 25
nodes : 1610874.000000
filtered : 51504978.000000
time : 36.307964
