Parameters: GAD=1 vflib=1 dir=0 label=0 lowerbound=1 fileNameGp=../graphsdb/mcs90/bvg/b09/mcs90_b09_s30.A99 fileNameGt=../graphsdb/mcs90/bvg/b09/mcs90_b09_s30.B99
Reading graphs...
30 :  134
30 :  134
Initializing...
maxdom : 30
D->valSize : 900
Solving...
currentSize : 12 <-- 0.016429 s
currentSize : 13 <-- 0.016513 s
currentSize : 14 <-- 0.017356 s
currentSize : 15 <-- 0.017509 s
currentSize : 16 <-- 0.068630 s
currentSize : 18 <-- 0.069215 s
currentSize : 20 <-- 0.069837 s
currentSize : 22 <-- 0.070435 s
currentSize : 26 <-- 0.084513 s

maxsize : 26
nodes : 23828.000000
filtered : 1052086.000000
time : 0.376336
