Parameters: GAD=1 vflib=1 dir=0 label=0 lowerbound=1 fileNameGp=../graphsdb/mcs90/rand/r01/mcs90_r01_s25.A86 fileNameGt=../graphsdb/mcs90/rand/r01/mcs90_r01_s25.B86
Reading graphs...
25 :  57
25 :  58
Initializing...
maxdom : 25
D->valSize : 625
Solving...
currentSize : 13 <-- 0.004923 s
currentSize : 14 <-- 0.006940 s
currentSize : 15 <-- 0.023015 s
currentSize : 16 <-- 3.219559 s
currentSize : 17 <-- 3.753451 s
currentSize : 18 <-- 4.245152 s
currentSize : 19 <-- 4.528681 s
currentSize : 22 <-- 4.536263 s

maxsize : 22
nodes : 731771.000000
filtered : 12462354.000000
time : 4.564770
