Parameters: GAD=1 vflib=1 dir=0 label=0 lowerbound=1 fileNameGp=../graphsdb/mcs90/rand/r02/mcs90_r02_s30.A45 fileNameGt=../graphsdb/mcs90/rand/r02/mcs90_r02_s30.B45
Reading graphs...
30 :  159
30 :  157
Initializing...
maxdom : 30
D->valSize : 900
Solving...
currentSize : 9 <-- 0.009277 s
currentSize : 11 <-- 0.009312 s
currentSize : 12 <-- 0.009370 s
currentSize : 13 <-- 0.097436 s
currentSize : 14 <-- 2.208711 s
currentSize : 15 <-- 10.477793 s
currentSize : 16 <-- 10.999262 s
currentSize : 18 <-- 12.470300 s
currentSize : 27 <-- 12.470573 s

maxsize : 27
nodes : 2887220.000000
filtered : 30293650.000000
time : 12.525698
