Parameters: GAD=1 vflib=1 dir=0 label=0 lowerbound=1 fileNameGp=../graphsdb/mcs90/bvg/b09m/mcs90_b09m_s30.A75 fileNameGt=../graphsdb/mcs90/bvg/b09m/mcs90_b09m_s30.B75
Reading graphs...
30 :  130
30 :  131
Initializing...
maxdom : 30
D->valSize : 900
Solving...
currentSize : 9 <-- 0.009522 s
currentSize : 10 <-- 0.009634 s
currentSize : 11 <-- 0.009661 s
currentSize : 12 <-- 0.010408 s
currentSize : 13 <-- 0.012806 s
currentSize : 14 <-- 0.111698 s
currentSize : 15 <-- 0.243806 s
currentSize : 16 <-- 0.283372 s
currentSize : 17 <-- 0.726041 s
currentSize : 19 <-- 0.726108 s
currentSize : 26 <-- 0.726744 s

maxsize : 26
nodes : 143673.000000
filtered : 2713705.000000
time : 0.925314
