Parameters: GAD=1 vflib=1 dir=0 label=0 lowerbound=1 fileNameGp=../graphsdb/mcs90/bvg/b03m/mcs90_b03m_s35.A31 fileNameGt=../graphsdb/mcs90/bvg/b03m/mcs90_b03m_s35.B31
Reading graphs...
35 :  51
35 :  51
Initializing...
maxdom : 35
D->valSize : 1225
Solving...
currentSize : 10 <-- 0.021227 s
currentSize : 17 <-- 0.021297 s
currentSize : 20 <-- 0.021313 s
currentSize : 21 <-- 0.034607 s
currentSize : 22 <-- 0.034685 s
currentSize : 23 <-- 0.043575 s
currentSize : 24 <-- 2.464018 s
currentSize : 25 <-- 28.559769 s
currentSize : 26 <-- 92.234901 s
currentSize : 27 <-- 103.666451 s
currentSize : 28 <-- 103.666527 s
currentSize : 29 <-- 103.670692 s
currentSize : 30 <-- 103.670990 s

maxsize : 30
nodes : 2131907.000000
filtered : 58889449.000000
time : 108.032074
