Parameters: GAD=1 vflib=1 dir=0 label=0 lowerbound=1 fileNameGp=../graphsdb/mcs90/bvg/b03/mcs90_b03_s35.A17 fileNameGt=../graphsdb/mcs90/bvg/b03/mcs90_b03_s35.B17
Reading graphs...
35 :  52
35 :  52
Initializing...
maxdom : 35
D->valSize : 1225
Solving...
currentSize : 25 <-- 0.036865 s
currentSize : 26 <-- 0.036963 s
currentSize : 27 <-- 0.037503 s
currentSize : 30 <-- 0.053527 s
currentSize : 31 <-- 0.536969 s
currentSize : 32 <-- 0.537209 s

maxsize : 32
nodes : 12464.000000
filtered : 892951.000000
time : 1.434572
