Parameters: GAD=1 vflib=1 dir=0 label=0 lowerbound=1 fileNameGp=../graphsdb/mcs90/m2D/m2Dr6/mcs90_m2Dr6_s30.A56 fileNameGt=../graphsdb/mcs90/m2D/m2Dr6/mcs90_m2Dr6_s30.B56
Reading graphs...
30 :  65
30 :  64
Initializing...
maxdom : 30
D->valSize : 900
Solving...
currentSize : 13 <-- 0.010954 s
currentSize : 15 <-- 0.010978 s
currentSize : 16 <-- 0.013467 s
currentSize : 17 <-- 0.027591 s
currentSize : 18 <-- 0.168411 s
currentSize : 19 <-- 0.171945 s
currentSize : 20 <-- 0.173173 s
currentSize : 21 <-- 0.173239 s
currentSize : 23 <-- 0.173349 s
currentSize : 25 <-- 0.496085 s

maxsize : 25
nodes : 59528.000000
filtered : 2795145.000000
time : 1.305786
