Parameters: GAD=1 vflib=1 dir=0 label=0 lowerbound=1 fileNameGp=../graphsdb/mcs90/rand/r01/mcs90_r01_s15.A73 fileNameGt=../graphsdb/mcs90/rand/r01/mcs90_r01_s15.B73
Reading graphs...
15 :  19
15 :  19
Initializing...
maxdom : 15
D->valSize : 225
Solving...
currentSize : 8 <-- 0.000910 s
currentSize : 9 <-- 0.000948 s
currentSize : 10 <-- 0.001356 s
currentSize : 11 <-- 0.004663 s
currentSize : 12 <-- 0.004948 s
currentSize : 13 <-- 0.004960 s

maxsize : 13
nodes : 1171.000000
filtered : 10976.000000
time : 0.006674
