Parameters: GAD=1 vflib=1 dir=0 label=0 lowerbound=1 fileNameGp=../graphsdb/mcs90/bvg/b03m/mcs90_b03m_s30.A54 fileNameGt=../graphsdb/mcs90/bvg/b03m/mcs90_b03m_s30.B54
Reading graphs...
30 :  45
30 :  45
Initializing...
maxdom : 30
D->valSize : 900
Solving...
currentSize : 16 <-- 0.011480 s
currentSize : 17 <-- 0.011541 s
currentSize : 18 <-- 0.012763 s
currentSize : 19 <-- 0.013623 s
currentSize : 20 <-- 0.070406 s
currentSize : 21 <-- 0.300978 s
currentSize : 22 <-- 0.312634 s
currentSize : 24 <-- 5.884500 s
currentSize : 26 <-- 5.884948 s

maxsize : 26
nodes : 242307.000000
filtered : 7167067.000000
time : 7.068316
