Parameters: GAD=1 vflib=1 dir=0 label=0 lowerbound=1 fileNameGp=../graphsdb/mcs90/m2D/m2Dr4/mcs90_m2Dr4_s20.A76 fileNameGt=../graphsdb/mcs90/m2D/m2Dr4/mcs90_m2Dr4_s20.B76
Reading graphs...
20 :  38
20 :  35
Initializing...
maxdom : 20
D->valSize : 400
Solving...
currentSize : 10 <-- 0.002182 s
currentSize : 11 <-- 0.002223 s
currentSize : 13 <-- 0.003887 s
currentSize : 14 <-- 0.113422 s
currentSize : 15 <-- 0.375028 s
currentSize : 16 <-- 0.376091 s
currentSize : 17 <-- 0.376682 s

maxsize : 17
nodes : 53416.000000
filtered : 865926.000000
time : 0.391215
