Parameters: GAD=1 vflib=1 dir=0 label=0 lowerbound=1 fileNameGp=../graphsdb/mcs90/rand/r02/mcs90_r02_s30.A19 fileNameGt=../graphsdb/mcs90/rand/r02/mcs90_r02_s30.B19
Reading graphs...
30 :  156
30 :  155
Initializing...
maxdom : 30
D->valSize : 900
Solving...
currentSize : 11 <-- 0.015997 s
currentSize : 12 <-- 0.017974 s
currentSize : 13 <-- 0.049295 s
currentSize : 14 <-- 4.230034 s
currentSize : 15 <-- 6.605645 s
currentSize : 19 <-- 12.622765 s
currentSize : 21 <-- 19.248833 s
currentSize : 27 <-- 19.557056 s

maxsize : 27
nodes : 3851877.000000
filtered : 62371280.000000
time : 19.571302
