Parameters: GAD=1 vflib=1 dir=0 label=0 lowerbound=1 fileNameGp=../graphsdb/mcs90/rand/r02/mcs90_r02_s25.A92 fileNameGt=../graphsdb/mcs90/rand/r02/mcs90_r02_s25.B92
Reading graphs...
25 :  109
25 :  108
Initializing...
maxdom : 25
D->valSize : 625
Solving...
currentSize : 9 <-- 0.004699 s
currentSize : 10 <-- 0.004742 s
currentSize : 11 <-- 0.004795 s
currentSize : 12 <-- 0.005731 s
currentSize : 13 <-- 0.013355 s
currentSize : 14 <-- 0.040763 s
currentSize : 15 <-- 0.040813 s
currentSize : 22 <-- 2.779841 s

maxsize : 22
nodes : 544176.000000
filtered : 10576056.000000
time : 2.786724
