Parameters: GAD=1 vflib=1 dir=0 label=0 lowerbound=1 fileNameGp=../graphsdb/mcs90/m2D/m2Dr4/mcs90_m2Dr4_s30.A04 fileNameGt=../graphsdb/mcs90/m2D/m2Dr4/mcs90_m2Dr4_s30.B04
Reading graphs...
30 :  60
30 :  60
Initializing...
maxdom : 30
D->valSize : 900
Solving...
currentSize : 14 <-- 0.011211 s
currentSize : 15 <-- 0.011251 s
currentSize : 16 <-- 0.011430 s
currentSize : 17 <-- 0.014245 s
currentSize : 18 <-- 0.014396 s
currentSize : 19 <-- 0.241108 s
currentSize : 20 <-- 0.834456 s
currentSize : 21 <-- 3.268041 s
currentSize : 22 <-- 3.443198 s
currentSize : 23 <-- 3.998396 s
currentSize : 25 <-- 7.093757 s

maxsize : 25
nodes : 474969.000000
filtered : 15580877.000000
time : 7.624155
