Parameters: GAD=1 vflib=1 dir=0 label=0 lowerbound=1 fileNameGp=../graphsdb/mcs90/m2D/m2Dr2/mcs90_m2Dr2_s30.A17 fileNameGt=../graphsdb/mcs90/m2D/m2Dr2/mcs90_m2Dr2_s30.B17
Reading graphs...
30 :  55
30 :  55
Initializing...
maxdom : 30
D->valSize : 900
Solving...
currentSize : 15 <-- 0.019267 s
currentSize : 16 <-- 0.019357 s
currentSize : 17 <-- 0.186437 s
currentSize : 18 <-- 0.707281 s
currentSize : 19 <-- 0.934943 s
currentSize : 20 <-- 0.985611 s
currentSize : 21 <-- 2.494401 s
currentSize : 22 <-- 11.829704 s
currentSize : 23 <-- 17.022705 s
currentSize : 25 <-- 17.141188 s

maxsize : 25
nodes : 792906.000000
filtered : 24735904.000000
time : 18.107540
