Parameters: GAD=1 vflib=1 dir=0 label=0 lowerbound=1 fileNameGp=../graphsdb/mcs90/m2D/m2Dr6/mcs90_m2Dr6_s30.A24 fileNameGt=../graphsdb/mcs90/m2D/m2Dr6/mcs90_m2Dr6_s30.B24
Reading graphs...
30 :  67
30 :  66
Initializing...
maxdom : 30
D->valSize : 900
Solving...
currentSize : 14 <-- 0.010588 s
currentSize : 15 <-- 0.010915 s
currentSize : 16 <-- 0.011098 s
currentSize : 17 <-- 0.020886 s
currentSize : 18 <-- 0.039907 s
currentSize : 19 <-- 4.073435 s
currentSize : 20 <-- 7.037866 s
currentSize : 25 <-- 17.186155 s

maxsize : 25
nodes : 1667909.000000
filtered : 39043239.000000
time : 17.680952
