Parameters: GAD=1 vflib=1 dir=0 label=0 lowerbound=1 fileNameGp=../graphsdb/mcs90/rand/r005/mcs90_r005_s25.A04 fileNameGt=../graphsdb/mcs90/rand/r005/mcs90_r005_s25.B04
Reading graphs...
25 :  29
25 :  29
Initializing...
maxdom : 25
D->valSize : 625
Solving...
currentSize : 11 <-- 0.005548 s
currentSize : 13 <-- 0.005657 s
currentSize : 14 <-- 0.005676 s
currentSize : 15 <-- 0.008175 s
currentSize : 16 <-- 0.145683 s
currentSize : 17 <-- 0.482132 s
currentSize : 21 <-- 0.540089 s
currentSize : 22 <-- 0.540127 s

maxsize : 22
nodes : 116699.000000
filtered : 885752.000000
time : 0.606270
