Parameters: GAD=1 vflib=1 dir=0 label=0 lowerbound=1 fileNameGp=../graphsdb/mcs90/rand/r005/mcs90_r005_s30.A10 fileNameGt=../graphsdb/mcs90/rand/r005/mcs90_r005_s30.B10
Reading graphs...
30 :  38
30 :  40
Initializing...
maxdom : 30
D->valSize : 900
Solving...
currentSize : 15 <-- 0.011409 s
currentSize : 16 <-- 0.011445 s
currentSize : 17 <-- 0.055175 s
currentSize : 18 <-- 0.091441 s
currentSize : 19 <-- 1.438127 s
currentSize : 20 <-- 1.438849 s
currentSize : 21 <-- 17.923876 s
currentSize : 22 <-- 24.971567 s
currentSize : 24 <-- 26.936520 s
currentSize : 25 <-- 26.942305 s
currentSize : 27 <-- 27.379440 s

maxsize : 27
nodes : 3056204.000000
filtered : 42826912.000000
time : 27.402205
