Parameters: GAD=1 vflib=1 dir=0 label=0 lowerbound=1 fileNameGp=../graphsdb/mcs90/m2D/m2Dr4/mcs90_m2Dr4_s20.A75 fileNameGt=../graphsdb/mcs90/m2D/m2Dr4/mcs90_m2Dr4_s20.B75
Reading graphs...
20 :  38
20 :  37
Initializing...
maxdom : 20
D->valSize : 400
Solving...
currentSize : 11 <-- 0.002146 s
currentSize : 12 <-- 0.002189 s
currentSize : 13 <-- 0.002417 s
currentSize : 14 <-- 0.003259 s
currentSize : 15 <-- 0.067413 s
currentSize : 16 <-- 0.089309 s

maxsize : 16
nodes : 13818.000000
filtered : 316699.000000
time : 0.112366
