Parameters: GAD=1 vflib=1 dir=0 label=0 lowerbound=1 fileNameGp=../graphsdb/mcs90/rand/r01/mcs90_r01_s30.A59 fileNameGt=../graphsdb/mcs90/rand/r01/mcs90_r01_s30.B59
Reading graphs...
30 :  81
30 :  80
Initializing...
maxdom : 30
D->valSize : 900
Solving...
currentSize : 12 <-- 0.010222 s
currentSize : 13 <-- 0.010239 s
currentSize : 14 <-- 0.010247 s
currentSize : 15 <-- 0.010278 s
currentSize : 16 <-- 0.010461 s
currentSize : 17 <-- 0.012675 s
currentSize : 18 <-- 2.700541 s
currentSize : 19 <-- 6.020189 s
currentSize : 20 <-- 18.763712 s
currentSize : 22 <-- 18.801052 s
currentSize : 27 <-- 19.056532 s

maxsize : 27
nodes : 2438606.000000
filtered : 58795773.000000
time : 19.130072
