Parameters: GAD=1 vflib=1 dir=0 label=0 lowerbound=1 fileNameGp=../graphsdb/mcs90/rand/r005/mcs90_r005_s35.A72 fileNameGt=../graphsdb/mcs90/rand/r005/mcs90_r005_s35.B72
Reading graphs...
35 :  57
35 :  56
Initializing...
maxdom : 35
D->valSize : 1225
Solving...
currentSize : 16 <-- 0.021420 s
currentSize : 17 <-- 0.024483 s
currentSize : 18 <-- 0.043364 s
currentSize : 19 <-- 0.153724 s
currentSize : 20 <-- 1.003169 s
currentSize : 21 <-- 2.412050 s
currentSize : 22 <-- 9.521844 s
currentSize : 23 <-- 100.728142 s
currentSize : 24 <-- 257.529785 s
currentSize : 25 <-- 268.412994 s
currentSize : 26 <-- 268.413086 s
currentSize : 27 <-- 370.716309 s
currentSize : 28 <-- 438.518463 s
currentSize : 30 <-- 441.364532 s
currentSize : 31 <-- 441.364685 s

maxsize : 31
nodes : 13538529.000000
filtered : 339598461.000000
time : 441.684753
