Parameters: GAD=1 vflib=1 dir=0 label=0 lowerbound=1 fileNameGp=../graphsdb/mcs90/bvg/b06m/mcs90_b06m_s30.A10 fileNameGt=../graphsdb/mcs90/bvg/b06m/mcs90_b06m_s30.B10
Reading graphs...
30 :  88
30 :  88
Initializing...
maxdom : 30
D->valSize : 900
Solving...
currentSize : 13 <-- 0.018046 s
currentSize : 14 <-- 0.018094 s
currentSize : 15 <-- 0.018365 s
currentSize : 16 <-- 0.052606 s
currentSize : 17 <-- 0.149895 s
currentSize : 18 <-- 3.346680 s
currentSize : 19 <-- 4.685979 s
currentSize : 20 <-- 9.047898 s
currentSize : 21 <-- 9.061742 s
currentSize : 27 <-- 9.105164 s

maxsize : 27
nodes : 1141274.000000
filtered : 28482739.000000
time : 9.196921
