Parameters: GAD=1 vflib=1 dir=0 label=0 lowerbound=1 fileNameGp=../graphsdb/mcs90/bvg/b06/mcs90_b06_s25.A75 fileNameGt=../graphsdb/mcs90/bvg/b06/mcs90_b06_s25.B75
Reading graphs...
25 :  75
25 :  75
Initializing...
maxdom : 25
D->valSize : 625
Solving...
currentSize : 15 <-- 0.004717 s
currentSize : 16 <-- 0.004806 s
currentSize : 17 <-- 0.005233 s
currentSize : 18 <-- 0.005442 s
currentSize : 19 <-- 0.005550 s
currentSize : 20 <-- 0.006114 s
currentSize : 21 <-- 0.009378 s
currentSize : 22 <-- 0.009557 s

maxsize : 22
nodes : 4149.000000
filtered : 171096.000000
time : 0.076823
