Parameters: GAD=1 vflib=1 dir=0 label=0 lowerbound=1 fileNameGp=../graphsdb/mcs90/rand/r02/mcs90_r02_s35.A05 fileNameGt=../graphsdb/mcs90/rand/r02/mcs90_r02_s35.B05
Reading graphs...
35 :  211
35 :  214
Initializing...
maxdom : 35
D->valSize : 1225
Solving...
currentSize : 10 <-- 0.029809 s
currentSize : 11 <-- 0.029870 s
currentSize : 12 <-- 0.030091 s
currentSize : 13 <-- 0.031163 s
currentSize : 14 <-- 0.060466 s
currentSize : 15 <-- 10.932399 s
currentSize : 16 <-- 11.122121 s
currentSize : 17 <-- 11.330850 s
currentSize : 18 <-- 30.661810 s
currentSize : 19 <-- 30.735744 s
currentSize : 21 <-- 30.756226 s
currentSize : 26 <-- 109.551414 s
currentSize : 31 <-- 109.560921 s

maxsize : 31
nodes : 17366671.000000
filtered : 449811030.000000
time : 109.642464
