Parameters: GAD=1 vflib=1 dir=0 label=0 lowerbound=1 fileNameGp=../graphsdb/mcs90/m3D/m3Dr6/mcs90_m3Dr6_s30.A49 fileNameGt=../graphsdb/mcs90/m3D/m3Dr6/mcs90_m3Dr6_s30.B49
Reading graphs...
30 :  79
30 :  77
Initializing...
maxdom : 30
D->valSize : 900
Solving...
currentSize : 15 <-- 0.018021 s
currentSize : 16 <-- 0.019022 s
currentSize : 17 <-- 0.060861 s
currentSize : 18 <-- 0.494248 s
currentSize : 20 <-- 0.542235 s
currentSize : 22 <-- 0.543011 s
currentSize : 23 <-- 0.543122 s
currentSize : 27 <-- 0.567843 s

maxsize : 27
nodes : 93718.000000
filtered : 1609528.000000
time : 0.698873
