Parameters: GAD=1 vflib=1 dir=0 label=0 lowerbound=1 fileNameGp=../graphsdb/mcs90/rand/r02/mcs90_r02_s35.A60 fileNameGt=../graphsdb/mcs90/rand/r02/mcs90_r02_s35.B60
Reading graphs...
35 :  221
35 :  219
Initializing...
maxdom : 35
D->valSize : 1225
Solving...
currentSize : 10 <-- 0.016794 s
currentSize : 11 <-- 0.016841 s
currentSize : 12 <-- 0.016904 s
currentSize : 13 <-- 0.021583 s
currentSize : 14 <-- 0.336580 s
currentSize : 15 <-- 0.814790 s
currentSize : 17 <-- 0.923570 s
currentSize : 18 <-- 2.257646 s
currentSize : 19 <-- 2.263493 s
currentSize : 31 <-- 2.263590 s

maxsize : 31
nodes : 480891.000000
filtered : 5857613.000000
time : 2.413606
