Parameters: GAD=1 vflib=1 dir=0 label=0 lowerbound=1 fileNameGp=../graphsdb/mcs90/rand/r005/mcs90_r005_s20.A01 fileNameGt=../graphsdb/mcs90/rand/r005/mcs90_r005_s20.B01
Reading graphs...
20 :  21
20 :  21
Initializing...
maxdom : 20
D->valSize : 400
Solving...
currentSize : 12 <-- 0.002410 s
currentSize : 13 <-- 0.003499 s
currentSize : 14 <-- 0.168931 s
currentSize : 16 <-- 0.180194 s
currentSize : 17 <-- 0.181246 s
currentSize : 18 <-- 0.181900 s

maxsize : 18
nodes : 34581.000000
filtered : 241297.000000
time : 0.192897
