Parameters: GAD=1 vflib=1 dir=0 label=0 lowerbound=1 fileNameGp=../graphsdb/mcs90/bvg/b09m/mcs90_b09m_s25.A12 fileNameGt=../graphsdb/mcs90/bvg/b09m/mcs90_b09m_s25.B12
Reading graphs...
25 :  106
25 :  106
Initializing...
maxdom : 25
D->valSize : 625
Solving...
currentSize : 8 <-- 0.004515 s
currentSize : 9 <-- 0.004536 s
currentSize : 10 <-- 0.004679 s
currentSize : 11 <-- 0.005040 s
currentSize : 12 <-- 0.039045 s
currentSize : 13 <-- 0.046891 s
currentSize : 14 <-- 0.613917 s
currentSize : 22 <-- 0.671659 s

maxsize : 22
nodes : 158308.000000
filtered : 2046864.000000
time : 0.710793
