Parameters: GAD=1 vflib=1 dir=0 label=0 lowerbound=1 fileNameGp=../graphsdb/mcs90/bvg/b09m/mcs90_b09m_s20.A47 fileNameGt=../graphsdb/mcs90/bvg/b09m/mcs90_b09m_s20.B47
Reading graphs...
20 :  88
20 :  88
Initializing...
maxdom : 20
D->valSize : 400
Solving...
currentSize : 7 <-- 0.001921 s
currentSize : 8 <-- 0.001957 s
currentSize : 9 <-- 0.002486 s
currentSize : 10 <-- 0.002636 s
currentSize : 11 <-- 0.029235 s
currentSize : 12 <-- 0.086892 s
currentSize : 13 <-- 0.100410 s
currentSize : 18 <-- 0.103718 s

maxsize : 18
nodes : 29588.000000
filtered : 319611.000000
time : 0.109157
