Parameters: GAD=1 vflib=1 dir=0 label=0 lowerbound=1 fileNameGp=../graphsdb/mcs90/rand/r01/mcs90_r01_s35.A95 fileNameGt=../graphsdb/mcs90/rand/r01/mcs90_r01_s35.B95
Reading graphs...
35 :  106
35 :  109
Initializing...
maxdom : 35
D->valSize : 1225
Solving...
currentSize : 13 <-- 0.019187 s
currentSize : 14 <-- 0.019212 s
currentSize : 15 <-- 0.019224 s
currentSize : 16 <-- 0.021970 s
currentSize : 17 <-- 0.023688 s
currentSize : 18 <-- 0.047384 s
currentSize : 19 <-- 0.113587 s
currentSize : 20 <-- 2.182697 s
currentSize : 21 <-- 51.208080 s
currentSize : 22 <-- 85.109848 s
currentSize : 23 <-- 93.851456 s
currentSize : 24 <-- 95.085754 s
currentSize : 27 <-- 95.103203 s
currentSize : 31 <-- 95.417213 s

maxsize : 31
nodes : 10222344.000000
filtered : 276808572.000000
time : 95.573212
