Parameters: GAD=1 vflib=1 dir=0 label=0 lowerbound=1 fileNameGp=../graphsdb/mcs90/rand/r02/mcs90_r02_s25.A88 fileNameGt=../graphsdb/mcs90/rand/r02/mcs90_r02_s25.B88
Reading graphs...
25 :  108
25 :  110
Initializing...
maxdom : 25
D->valSize : 625
Solving...
currentSize : 9 <-- 0.004513 s
currentSize : 10 <-- 0.004585 s
currentSize : 11 <-- 0.004680 s
currentSize : 12 <-- 0.006399 s
currentSize : 13 <-- 0.010331 s
currentSize : 14 <-- 0.014654 s
currentSize : 15 <-- 0.014964 s
currentSize : 17 <-- 0.544196 s
currentSize : 22 <-- 0.718616 s

maxsize : 22
nodes : 99627.000000
filtered : 2110070.000000
time : 0.736752
