Parameters: GAD=1 vflib=1 dir=0 label=0 lowerbound=1 fileNameGp=../graphsdb/mcs90/bvg/b03/mcs90_b03_s20.A59 fileNameGt=../graphsdb/mcs90/bvg/b03/mcs90_b03_s20.B59
Reading graphs...
20 :  30
20 :  30
Initializing...
maxdom : 20
D->valSize : 400
Solving...
currentSize : 12 <-- 0.004280 s
currentSize : 13 <-- 0.004325 s
currentSize : 14 <-- 0.004402 s
currentSize : 15 <-- 0.004798 s
currentSize : 16 <-- 0.005282 s
currentSize : 18 <-- 0.009535 s
currentSize : 19 <-- 0.011487 s

maxsize : 19
nodes : 377.000000
filtered : 11070.000000
time : 0.016025
