Parameters: GAD=1 vflib=1 dir=0 label=0 lowerbound=1 fileNameGp=../graphsdb/mcs90/m2D/m2Dr6/mcs90_m2Dr6_s30.A22 fileNameGt=../graphsdb/mcs90/m2D/m2Dr6/mcs90_m2Dr6_s30.B22
Reading graphs...
30 :  67
30 :  66
Initializing...
maxdom : 30
D->valSize : 900
Solving...
currentSize : 14 <-- 0.010727 s
currentSize : 15 <-- 0.034046 s
currentSize : 16 <-- 0.039223 s
currentSize : 17 <-- 0.040479 s
currentSize : 18 <-- 0.705971 s
currentSize : 19 <-- 2.028135 s
currentSize : 20 <-- 2.692865 s
currentSize : 21 <-- 2.694096 s
currentSize : 22 <-- 4.974836 s
currentSize : 23 <-- 4.975122 s
currentSize : 25 <-- 5.016213 s

maxsize : 25
nodes : 511188.000000
filtered : 12191672.000000
time : 5.389350
