Parameters: GAD=1 vflib=1 dir=0 label=0 lowerbound=1 fileNameGp=../graphsdb/mcs90/rand/r02/mcs90_r02_s25.A51 fileNameGt=../graphsdb/mcs90/rand/r02/mcs90_r02_s25.B51
Reading graphs...
25 :  109
25 :  110
Initializing...
maxdom : 25
D->valSize : 625
Solving...
currentSize : 9 <-- 0.004408 s
currentSize : 10 <-- 0.004445 s
currentSize : 11 <-- 0.004885 s
currentSize : 12 <-- 0.005118 s
currentSize : 13 <-- 0.005193 s
currentSize : 14 <-- 0.006428 s
currentSize : 15 <-- 0.066154 s
currentSize : 16 <-- 0.878527 s
currentSize : 22 <-- 0.878821 s

maxsize : 22
nodes : 168473.000000
filtered : 3634364.000000
time : 0.892913
