Parameters: GAD=1 vflib=1 dir=0 label=0 lowerbound=1 fileNameGp=../graphsdb/mcs90/bvg/b06m/mcs90_b06m_s15.A03 fileNameGt=../graphsdb/mcs90/bvg/b06m/mcs90_b06m_s15.B03
Reading graphs...
15 :  42
15 :  43
Initializing...
maxdom : 15
D->valSize : 225
Solving...
currentSize : 7 <-- 0.000882 s
currentSize : 8 <-- 0.000914 s
currentSize : 9 <-- 0.001237 s
currentSize : 10 <-- 0.017959 s
currentSize : 12 <-- 0.026848 s
currentSize : 13 <-- 0.026929 s

maxsize : 13
nodes : 8495.000000
filtered : 85150.000000
time : 0.027998
