Parameters: GAD=1 vflib=1 dir=0 label=0 lowerbound=1 fileNameGp=../graphsdb/mcs90/m2D/m2Dr6/mcs90_m2Dr6_s20.A67 fileNameGt=../graphsdb/mcs90/m2D/m2Dr6/mcs90_m2Dr6_s20.B67
Reading graphs...
20 :  41
20 :  40
Initializing...
maxdom : 20
D->valSize : 400
Solving...
currentSize : 10 <-- 0.002101 s
currentSize : 11 <-- 0.002118 s
currentSize : 12 <-- 0.002153 s
currentSize : 13 <-- 0.004421 s
currentSize : 14 <-- 0.005471 s
currentSize : 15 <-- 0.037352 s
currentSize : 16 <-- 0.079724 s

maxsize : 16
nodes : 13141.000000
filtered : 318405.000000
time : 0.098135
