Parameters: GAD=1 vflib=1 dir=0 label=0 lowerbound=1 fileNameGp=../graphsdb/mcs90/rand/r01/mcs90_r01_s35.A74 fileNameGt=../graphsdb/mcs90/rand/r01/mcs90_r01_s35.B74
Reading graphs...
35 :  114
35 :  113
Initializing...
maxdom : 35
D->valSize : 1225
Solving...
currentSize : 11 <-- 0.019012 s
currentSize : 15 <-- 0.019042 s
currentSize : 16 <-- 0.019330 s
currentSize : 17 <-- 0.021485 s
currentSize : 18 <-- 0.334747 s
currentSize : 19 <-- 3.598652 s
currentSize : 20 <-- 44.460457 s
currentSize : 21 <-- 56.586685 s
currentSize : 22 <-- 65.756721 s
currentSize : 25 <-- 99.889778 s
currentSize : 26 <-- 114.137466 s
currentSize : 31 <-- 114.154297 s

maxsize : 31
nodes : 12823578.000000
filtered : 379950200.000000
time : 114.277443
