Parameters: GAD=1 vflib=1 dir=0 label=0 lowerbound=1 fileNameGp=../graphsdb/mcs90/bvg/b06/mcs90_b06_s35.A46 fileNameGt=../graphsdb/mcs90/bvg/b06/mcs90_b06_s35.B46
Reading graphs...
35 :  105
35 :  105
Initializing...
maxdom : 35
D->valSize : 1225
Solving...
currentSize : 21 <-- 0.019108 s
currentSize : 23 <-- 0.020232 s
currentSize : 27 <-- 0.024491 s
currentSize : 28 <-- 0.032213 s
currentSize : 29 <-- 0.032439 s
currentSize : 30 <-- 0.050424 s
currentSize : 31 <-- 0.055736 s

maxsize : 31
nodes : 19235.000000
filtered : 1227953.000000
time : 0.843195
