Parameters: GAD=1 vflib=1 dir=0 label=0 lowerbound=1 fileNameGp=../graphsdb/mcs90/bvg/b06/mcs90_b06_s35.A27 fileNameGt=../graphsdb/mcs90/bvg/b06/mcs90_b06_s35.B27
Reading graphs...
35 :  105
35 :  105
Initializing...
maxdom : 35
D->valSize : 1225
Solving...
currentSize : 21 <-- 0.019268 s
currentSize : 22 <-- 0.019610 s
currentSize : 23 <-- 0.035317 s
currentSize : 24 <-- 0.042822 s
currentSize : 25 <-- 0.045787 s
currentSize : 26 <-- 0.055430 s
currentSize : 27 <-- 0.061035 s
currentSize : 28 <-- 0.061147 s
currentSize : 29 <-- 0.094686 s
currentSize : 31 <-- 0.098824 s
currentSize : 32 <-- 0.275975 s

maxsize : 32
nodes : 11960.000000
filtered : 567858.000000
time : 0.356445
