Parameters: GAD=1 vflib=1 dir=0 label=0 lowerbound=1 fileNameGp=../graphsdb/mcs90/bvg/b06m/mcs90_b06m_s25.A99 fileNameGt=../graphsdb/mcs90/bvg/b06m/mcs90_b06m_s25.B99
Reading graphs...
25 :  73
25 :  73
Initializing...
maxdom : 25
D->valSize : 625
Solving...
currentSize : 12 <-- 0.004737 s
currentSize : 13 <-- 0.004807 s
currentSize : 14 <-- 0.008739 s
currentSize : 15 <-- 0.012043 s
currentSize : 16 <-- 0.864644 s
currentSize : 17 <-- 0.867335 s
currentSize : 20 <-- 0.871408 s
currentSize : 22 <-- 0.871536 s

maxsize : 22
nodes : 124913.000000
filtered : 2535081.000000
time : 0.905443
