Parameters: GAD=1 vflib=1 dir=0 label=0 lowerbound=1 fileNameGp=../graphsdb/mcs90/rand/r02/mcs90_r02_s25.A80 fileNameGt=../graphsdb/mcs90/rand/r02/mcs90_r02_s25.B80
Reading graphs...
25 :  107
25 :  106
Initializing...
maxdom : 25
D->valSize : 625
Solving...
currentSize : 10 <-- 0.004522 s
currentSize : 11 <-- 0.005483 s
currentSize : 12 <-- 0.102520 s
currentSize : 13 <-- 0.566248 s
currentSize : 14 <-- 1.216974 s
currentSize : 15 <-- 1.217027 s
currentSize : 17 <-- 1.657386 s
currentSize : 22 <-- 1.662506 s

maxsize : 22
nodes : 367099.000000
filtered : 5067258.000000
time : 1.680990
