Parameters: GAD=1 vflib=1 dir=0 label=0 lowerbound=1 fileNameGp=../graphsdb/mcs90/m2D/m2Dr4/mcs90_m2Dr4_s30.A83 fileNameGt=../graphsdb/mcs90/m2D/m2Dr4/mcs90_m2Dr4_s30.B83
Reading graphs...
30 :  61
30 :  60
Initializing...
maxdom : 30
D->valSize : 900
Solving...
currentSize : 13 <-- 0.016058 s
currentSize : 15 <-- 0.016096 s
currentSize : 16 <-- 0.016357 s
currentSize : 17 <-- 0.016403 s
currentSize : 18 <-- 0.058257 s
currentSize : 19 <-- 1.711884 s
currentSize : 20 <-- 2.269525 s
currentSize : 25 <-- 9.952618 s

maxsize : 25
nodes : 877060.000000
filtered : 20914501.000000
time : 10.583274
