Parameters: GAD=1 vflib=1 dir=0 label=0 lowerbound=1 fileNameGp=../graphsdb/mcs90/bvg/b03m/mcs90_b03m_s35.A38 fileNameGt=../graphsdb/mcs90/bvg/b03m/mcs90_b03m_s35.B38
Reading graphs...
35 :  52
35 :  52
Initializing...
maxdom : 35
D->valSize : 1225
Solving...
currentSize : 18 <-- 0.020931 s
currentSize : 19 <-- 0.021029 s
currentSize : 20 <-- 0.021046 s
currentSize : 21 <-- 0.048563 s
currentSize : 22 <-- 0.112441 s
currentSize : 23 <-- 0.124175 s
currentSize : 24 <-- 0.845492 s
currentSize : 25 <-- 6.137234 s
currentSize : 26 <-- 64.997375 s
currentSize : 27 <-- 65.050812 s
currentSize : 28 <-- 65.059601 s
currentSize : 30 <-- 65.243576 s

maxsize : 30
nodes : 2044509.000000
filtered : 62274220.000000
time : 69.422485
