Parameters: GAD=1 vflib=1 dir=0 label=0 lowerbound=1 fileNameGp=../graphsdb/mcs90/bvg/b06m/mcs90_b06m_s35.A12 fileNameGt=../graphsdb/mcs90/bvg/b06m/mcs90_b06m_s35.B12
Reading graphs...
35 :  104
35 :  105
Initializing...
maxdom : 35
D->valSize : 1225
Solving...
currentSize : 15 <-- 0.019020 s
currentSize : 16 <-- 0.019050 s
currentSize : 17 <-- 0.019644 s
currentSize : 18 <-- 0.021064 s
currentSize : 19 <-- 0.050478 s
currentSize : 20 <-- 0.739844 s
currentSize : 21 <-- 0.928619 s
currentSize : 23 <-- 0.928717 s
currentSize : 27 <-- 5.266407 s
currentSize : 29 <-- 5.285679 s
currentSize : 31 <-- 6.072153 s

maxsize : 31
nodes : 451740.000000
filtered : 16487686.000000
time : 6.187373
