Parameters: GAD=1 vflib=1 dir=0 label=0 lowerbound=1 fileNameGp=../graphsdb/mcs90/bvg/b06m/mcs90_b06m_s15.A92 fileNameGt=../graphsdb/mcs90/bvg/b06m/mcs90_b06m_s15.B92
Reading graphs...
15 :  42
15 :  41
Initializing...
maxdom : 15
D->valSize : 225
Solving...
currentSize : 7 <-- 0.000984 s
currentSize : 8 <-- 0.001005 s
currentSize : 9 <-- 0.001311 s
currentSize : 10 <-- 0.010398 s
currentSize : 11 <-- 0.016010 s
currentSize : 13 <-- 0.016071 s

maxsize : 13
nodes : 4984.000000
filtered : 48985.000000
time : 0.016933
