Parameters: GAD=1 vflib=1 dir=0 label=0 lowerbound=1 fileNameGp=../graphsdb/mcs90/m3D/m3Dr4/mcs90_m3Dr4_s30.A69 fileNameGt=../graphsdb/mcs90/m3D/m3Dr4/mcs90_m3Dr4_s30.B69
Reading graphs...
30 :  71
30 :  72
Initializing...
maxdom : 30
D->valSize : 900
Solving...
currentSize : 16 <-- 0.010475 s
currentSize : 17 <-- 0.023944 s
currentSize : 18 <-- 0.121930 s
currentSize : 19 <-- 0.430402 s
currentSize : 21 <-- 2.511223 s
currentSize : 22 <-- 3.246361 s
currentSize : 23 <-- 4.292072 s
currentSize : 27 <-- 4.353176 s

maxsize : 27
nodes : 461916.000000
filtered : 11933226.000000
time : 4.567589
