Parameters: GAD=1 vflib=1 dir=0 label=0 lowerbound=1 fileNameGp=../graphsdb/mcs90/rand/r01/mcs90_r01_s25.A85 fileNameGt=../graphsdb/mcs90/rand/r01/mcs90_r01_s25.B85
Reading graphs...
25 :  56
25 :  56
Initializing...
maxdom : 25
D->valSize : 625
Solving...
currentSize : 13 <-- 0.008603 s
currentSize : 14 <-- 0.031234 s
currentSize : 15 <-- 0.034705 s
currentSize : 16 <-- 0.581837 s
currentSize : 17 <-- 2.166740 s
currentSize : 18 <-- 2.950521 s
currentSize : 19 <-- 3.343408 s
currentSize : 21 <-- 3.359176 s
currentSize : 22 <-- 3.365441 s

maxsize : 22
nodes : 362116.000000
filtered : 7444157.000000
time : 3.388912
