Parameters: GAD=1 vflib=1 dir=0 label=0 lowerbound=1 fileNameGp=../graphsdb/mcs90/bvg/b06/mcs90_b06_s35.A92 fileNameGt=../graphsdb/mcs90/bvg/b06/mcs90_b06_s35.B92
Reading graphs...
35 :  105
35 :  105
Initializing...
maxdom : 35
D->valSize : 1225
Solving...
currentSize : 26 <-- 0.018990 s
currentSize : 27 <-- 0.019028 s
currentSize : 28 <-- 0.108534 s
currentSize : 29 <-- 0.110354 s
currentSize : 30 <-- 0.123204 s
currentSize : 31 <-- 0.125507 s
currentSize : 32 <-- 0.202853 s

maxsize : 32
nodes : 7884.000000
filtered : 600514.000000
time : 0.552402
