Parameters: GAD=1 vflib=1 dir=0 label=0 lowerbound=1 fileNameGp=../graphsdb/mcs90/rand/r005/mcs90_r005_s35.A03 fileNameGt=../graphsdb/mcs90/rand/r005/mcs90_r005_s35.B03
Reading graphs...
35 :  58
35 :  58
Initializing...
maxdom : 35
D->valSize : 1225
Solving...
currentSize : 18 <-- 0.020699 s
currentSize : 20 <-- 0.021869 s
currentSize : 22 <-- 0.618326 s
currentSize : 23 <-- 0.622553 s
currentSize : 24 <-- 1.004398 s
currentSize : 25 <-- 4.207476 s
currentSize : 28 <-- 4.356975 s
currentSize : 29 <-- 4.357121 s
currentSize : 30 <-- 4.535007 s
currentSize : 31 <-- 4.535241 s

maxsize : 31
nodes : 328465.000000
filtered : 6675806.000000
time : 5.234211
