Parameters: GAD=1 vflib=1 dir=0 label=0 lowerbound=1 fileNameGp=../graphsdb/mcs90/rand/r02/mcs90_r02_s25.A79 fileNameGt=../graphsdb/mcs90/rand/r02/mcs90_r02_s25.B79
Reading graphs...
25 :  109
25 :  109
Initializing...
maxdom : 25
D->valSize : 625
Solving...
currentSize : 8 <-- 0.004478 s
currentSize : 10 <-- 0.004513 s
currentSize : 11 <-- 0.004696 s
currentSize : 12 <-- 0.014217 s
currentSize : 13 <-- 0.988591 s
currentSize : 14 <-- 0.999102 s
currentSize : 15 <-- 2.393227 s
currentSize : 16 <-- 4.973003 s
currentSize : 22 <-- 4.973367 s

maxsize : 22
nodes : 1056510.000000
filtered : 15592139.000000
time : 4.982582
