Parameters: GAD=1 vflib=1 dir=0 label=0 lowerbound=1 fileNameGp=../graphsdb/mcs90/bvg/b09m/mcs90_b09m_s30.A89 fileNameGt=../graphsdb/mcs90/bvg/b09m/mcs90_b09m_s30.B89
Reading graphs...
30 :  127
30 :  128
Initializing...
maxdom : 30
D->valSize : 900
Solving...
currentSize : 11 <-- 0.009777 s
currentSize : 12 <-- 0.009842 s
currentSize : 13 <-- 0.009947 s
currentSize : 14 <-- 0.014859 s
currentSize : 15 <-- 0.146044 s
currentSize : 16 <-- 0.218468 s
currentSize : 17 <-- 0.257407 s
currentSize : 18 <-- 2.882694 s
currentSize : 21 <-- 3.130062 s
currentSize : 22 <-- 3.429575 s
currentSize : 26 <-- 4.191023 s

maxsize : 26
nodes : 621057.000000
filtered : 17172671.000000
time : 4.279395
