Parameters: GAD=1 vflib=1 dir=0 label=0 lowerbound=1 fileNameGp=../graphsdb/mcs90/rand/r01/mcs90_r01_s30.A30 fileNameGt=../graphsdb/mcs90/rand/r01/mcs90_r01_s30.B30
Reading graphs...
30 :  83
30 :  85
Initializing...
maxdom : 30
D->valSize : 900
Solving...
currentSize : 15 <-- 0.010175 s
currentSize : 16 <-- 0.048355 s
currentSize : 17 <-- 0.553776 s
currentSize : 18 <-- 3.480805 s
currentSize : 20 <-- 3.516646 s
currentSize : 21 <-- 3.518886 s
currentSize : 22 <-- 3.528318 s
currentSize : 25 <-- 5.984857 s
currentSize : 27 <-- 5.994916 s

maxsize : 27
nodes : 778208.000000
filtered : 19025969.000000
time : 6.046263
