Parameters: GAD=1 vflib=1 dir=0 label=0 lowerbound=1 fileNameGp=../graphsdb/mcs90/bvg/b09/mcs90_b09_s35.A54 fileNameGt=../graphsdb/mcs90/bvg/b09/mcs90_b09_s35.B54
Reading graphs...
35 :  156
35 :  156
Initializing...
maxdom : 35
D->valSize : 1225
Solving...
currentSize : 11 <-- 0.017985 s
currentSize : 12 <-- 0.018159 s
currentSize : 13 <-- 0.018684 s
currentSize : 15 <-- 0.018948 s
currentSize : 16 <-- 0.020097 s
currentSize : 17 <-- 0.246992 s
currentSize : 18 <-- 0.441883 s
currentSize : 22 <-- 0.445132 s
currentSize : 24 <-- 0.452068 s
currentSize : 26 <-- 0.495945 s
currentSize : 30 <-- 0.529036 s

maxsize : 30
nodes : 136735.000000
filtered : 4812936.000000
time : 1.498068
