Parameters: GAD=1 vflib=1 dir=0 label=0 lowerbound=1 fileNameGp=../graphsdb/mcs90/rand/r005/mcs90_r005_s20.A28 fileNameGt=../graphsdb/mcs90/rand/r005/mcs90_r005_s20.B28
Reading graphs...
20 :  21
20 :  21
Initializing...
maxdom : 20
D->valSize : 400
Solving...
currentSize : 11 <-- 0.002336 s
currentSize : 12 <-- 0.002400 s
currentSize : 13 <-- 0.020505 s
currentSize : 14 <-- 0.020713 s
currentSize : 15 <-- 0.020719 s
currentSize : 16 <-- 0.041117 s
currentSize : 17 <-- 0.041227 s
currentSize : 18 <-- 0.041333 s

maxsize : 18
nodes : 7046.000000
filtered : 65066.000000
time : 0.049647
