Parameters: GAD=1 vflib=1 dir=0 label=0 lowerbound=1 fileNameGp=../graphsdb/mcs90/m4D/m4Dr2/mcs90_m4Dr2_s20.A91 fileNameGt=../graphsdb/mcs90/m4D/m4Dr2/mcs90_m4Dr2_s20.B91
Reading graphs...
20 :  40
20 :  40
Initializing...
maxdom : 20
D->valSize : 400
Solving...
currentSize : 9 <-- 0.002293 s
currentSize : 11 <-- 0.002388 s
currentSize : 12 <-- 0.002421 s
currentSize : 13 <-- 0.002470 s
currentSize : 14 <-- 0.005423 s
currentSize : 15 <-- 0.014024 s
currentSize : 16 <-- 0.088061 s

maxsize : 16
nodes : 8481.000000
filtered : 241760.000000
time : 0.096091
