Parameters: GAD=1 vflib=1 dir=0 label=0 lowerbound=1 fileNameGp=../graphsdb/mcs90/rand/r02/mcs90_r02_s10.A85 fileNameGt=../graphsdb/mcs90/rand/r02/mcs90_r02_s10.B85
Reading graphs...
10 :  16
10 :  16
Initializing...
maxdom : 10
D->valSize : 100
Solving...
currentSize : 2 <-- 0.000533 s
currentSize : 4 <-- 0.000546 s
currentSize : 6 <-- 0.000672 s
currentSize : 7 <-- 0.001056 s
currentSize : 8 <-- 0.001141 s
currentSize : 9 <-- 0.001154 s

maxsize : 9
nodes : 228.000000
filtered : 2053.000000
time : 0.001215
