Parameters: GAD=1 vflib=1 dir=0 label=0 lowerbound=1 fileNameGp=../graphsdb/mcs90/rand/r02/mcs90_r02_s30.A76 fileNameGt=../graphsdb/mcs90/rand/r02/mcs90_r02_s30.B76
Reading graphs...
30 :  160
30 :  161
Initializing...
maxdom : 30
D->valSize : 900
Solving...
currentSize : 11 <-- 0.016037 s
currentSize : 12 <-- 0.016293 s
currentSize : 13 <-- 0.286121 s
currentSize : 14 <-- 1.771828 s
currentSize : 15 <-- 5.090682 s
currentSize : 16 <-- 5.090915 s
currentSize : 17 <-- 6.285195 s
currentSize : 18 <-- 7.590351 s
currentSize : 21 <-- 7.849579 s
currentSize : 27 <-- 8.030306 s

maxsize : 27
nodes : 1644128.000000
filtered : 25077392.000000
time : 8.070193
