Parameters: GAD=1 vflib=1 dir=0 label=0 lowerbound=1 fileNameGp=../graphsdb/mcs90/bvg/b03/mcs90_b03_s30.A95 fileNameGt=../graphsdb/mcs90/bvg/b03/mcs90_b03_s30.B95
Reading graphs...
30 :  45
30 :  45
Initializing...
maxdom : 30
D->valSize : 900
Solving...
currentSize : 21 <-- 0.011258 s
currentSize : 22 <-- 0.024577 s
currentSize : 23 <-- 0.131345 s
currentSize : 24 <-- 1.378057 s
currentSize : 25 <-- 1.378125 s
currentSize : 26 <-- 1.832922 s
currentSize : 27 <-- 1.844102 s
currentSize : 28 <-- 1.942516 s

maxsize : 28
nodes : 92233.000000
filtered : 2505300.000000
time : 2.006165
