Parameters: GAD=1 vflib=1 dir=0 label=0 lowerbound=1 fileNameGp=../graphsdb/mcs90/m2D/m2Dr6/mcs90_m2Dr6_s30.A30 fileNameGt=../graphsdb/mcs90/m2D/m2Dr6/mcs90_m2Dr6_s30.B30
Reading graphs...
30 :  66
30 :  65
Initializing...
maxdom : 30
D->valSize : 900
Solving...
currentSize : 11 <-- 0.010539 s
currentSize : 12 <-- 0.010557 s
currentSize : 13 <-- 0.010624 s
currentSize : 15 <-- 0.011012 s
currentSize : 16 <-- 0.021838 s
currentSize : 17 <-- 0.031271 s
currentSize : 18 <-- 1.077527 s
currentSize : 19 <-- 8.110706 s
currentSize : 20 <-- 32.389404 s
currentSize : 21 <-- 32.391506 s
currentSize : 25 <-- 45.387989 s

maxsize : 25
nodes : 4435382.000000
filtered : 111286055.000000
time : 46.121952
