Parameters: GAD=1 vflib=1 dir=0 label=0 lowerbound=1 fileNameGp=../graphsdb/mcs90/bvg/b09m/mcs90_b09m_s25.A85 fileNameGt=../graphsdb/mcs90/bvg/b09m/mcs90_b09m_s25.B85
Reading graphs...
25 :  107
25 :  107
Initializing...
maxdom : 25
D->valSize : 625
Solving...
currentSize : 10 <-- 0.004579 s
currentSize : 11 <-- 0.005220 s
currentSize : 12 <-- 0.014404 s
currentSize : 14 <-- 0.194901 s
currentSize : 16 <-- 0.300304 s
currentSize : 20 <-- 0.610135 s
currentSize : 22 <-- 0.610183 s

maxsize : 22
nodes : 121596.000000
filtered : 2306714.000000
time : 0.637699
