Parameters: GAD=1 vflib=1 dir=0 label=0 lowerbound=1 fileNameGp=../graphsdb/mcs90/bvg/b09/mcs90_b09_s30.A89 fileNameGt=../graphsdb/mcs90/bvg/b09/mcs90_b09_s30.B89
Reading graphs...
30 :  135
30 :  135
Initializing...
maxdom : 30
D->valSize : 900
Solving...
currentSize : 10 <-- 0.009493 s
currentSize : 11 <-- 0.010358 s
currentSize : 12 <-- 0.023275 s
currentSize : 13 <-- 0.052133 s
currentSize : 14 <-- 0.131665 s
currentSize : 15 <-- 0.132051 s
currentSize : 16 <-- 0.132098 s
currentSize : 18 <-- 0.132331 s
currentSize : 26 <-- 0.193465 s

maxsize : 26
nodes : 48966.000000
filtered : 1407110.000000
time : 0.470900
