Parameters: GAD=1 vflib=1 dir=0 label=0 lowerbound=1 fileNameGp=../graphsdb/mcs90/rand/r02/mcs90_r02_s30.A12 fileNameGt=../graphsdb/mcs90/rand/r02/mcs90_r02_s30.B12
Reading graphs...
30 :  154
30 :  157
Initializing...
maxdom : 30
D->valSize : 900
Solving...
currentSize : 10 <-- 0.016213 s
currentSize : 11 <-- 0.016370 s
currentSize : 12 <-- 0.036280 s
currentSize : 13 <-- 0.085813 s
currentSize : 14 <-- 0.361825 s
currentSize : 16 <-- 0.418279 s
currentSize : 18 <-- 1.113607 s
currentSize : 21 <-- 1.114432 s
currentSize : 27 <-- 1.381415 s

maxsize : 27
nodes : 238587.000000
filtered : 4913294.000000
time : 1.427177
