Parameters: GAD=1 vflib=1 dir=0 label=0 lowerbound=1 fileNameGp=../graphsdb/mcs90/rand/r01/mcs90_r01_s25.A22 fileNameGt=../graphsdb/mcs90/rand/r01/mcs90_r01_s25.B22
Reading graphs...
25 :  56
25 :  55
Initializing...
maxdom : 25
D->valSize : 625
Solving...
currentSize : 12 <-- 0.004954 s
currentSize : 13 <-- 0.004988 s
currentSize : 14 <-- 0.008407 s
currentSize : 15 <-- 0.076260 s
currentSize : 16 <-- 0.311466 s
currentSize : 17 <-- 1.141734 s
currentSize : 22 <-- 1.641308 s

maxsize : 22
nodes : 199307.000000
filtered : 4073810.000000
time : 1.664753
