Parameters: GAD=1 vflib=1 dir=0 label=0 lowerbound=1 fileNameGp=../graphsdb/mcs90/bvg/b03m/mcs90_b03m_s20.A43 fileNameGt=../graphsdb/mcs90/bvg/b03m/mcs90_b03m_s20.B43
Reading graphs...
20 :  30
20 :  30
Initializing...
maxdom : 20
D->valSize : 400
Solving...
currentSize : 10 <-- 0.002344 s
currentSize : 13 <-- 0.002440 s
currentSize : 14 <-- 0.007457 s
currentSize : 15 <-- 0.028498 s
currentSize : 16 <-- 0.057317 s
currentSize : 18 <-- 0.057337 s

maxsize : 18
nodes : 6847.000000
filtered : 120709.000000
time : 0.068755
