Parameters: GAD=1 vflib=1 dir=0 label=0 lowerbound=1 fileNameGp=../graphsdb/mcs90/rand/r01/mcs90_r01_s35.A67 fileNameGt=../graphsdb/mcs90/rand/r01/mcs90_r01_s35.B67
Reading graphs...
35 :  114
35 :  114
Initializing...
maxdom : 35
D->valSize : 1225
Solving...
currentSize : 13 <-- 0.019071 s
currentSize : 14 <-- 0.020734 s
currentSize : 15 <-- 0.021252 s
currentSize : 17 <-- 0.026649 s
currentSize : 18 <-- 0.800995 s
currentSize : 19 <-- 27.052689 s
currentSize : 21 <-- 34.186260 s
currentSize : 22 <-- 48.433449 s
currentSize : 23 <-- 48.433689 s
currentSize : 31 <-- 48.452927 s

maxsize : 31
nodes : 7001204.000000
filtered : 131420945.000000
time : 48.690563
