Parameters: GAD=1 vflib=1 dir=0 label=0 lowerbound=1 fileNameGp=../graphsdb/mcs90/bvg/b09m/mcs90_b09m_s35.A29 fileNameGt=../graphsdb/mcs90/bvg/b09m/mcs90_b09m_s35.B29
Reading graphs...
35 :  149
35 :  150
Initializing...
maxdom : 35
D->valSize : 1225
Solving...
currentSize : 11 <-- 0.018307 s
currentSize : 14 <-- 0.018387 s
currentSize : 15 <-- 0.019830 s
currentSize : 16 <-- 0.038635 s
currentSize : 17 <-- 7.332792 s
currentSize : 18 <-- 142.717743 s
currentSize : 20 <-- 173.831787 s
currentSize : 30 <-- 184.643417 s

maxsize : 30
nodes : 28875634.000000
filtered : 571961408.000000
time : 185.207382
