Parameters: GAD=1 vflib=1 dir=0 label=0 lowerbound=1 fileNameGp=../graphsdb/mcs90/bvg/b09m/mcs90_b09m_s30.A06 fileNameGt=../graphsdb/mcs90/bvg/b09m/mcs90_b09m_s30.B06
Reading graphs...
30 :  128
30 :  127
Initializing...
maxdom : 30
D->valSize : 900
Solving...
currentSize : 11 <-- 0.009562 s
currentSize : 12 <-- 0.009907 s
currentSize : 13 <-- 0.011038 s
currentSize : 14 <-- 0.027194 s
currentSize : 15 <-- 0.039385 s
currentSize : 16 <-- 2.745542 s
currentSize : 17 <-- 2.763230 s
currentSize : 19 <-- 6.315296 s
currentSize : 20 <-- 11.885186 s
currentSize : 21 <-- 12.367820 s
currentSize : 26 <-- 13.378770 s

maxsize : 26
nodes : 1981301.000000
filtered : 53970421.000000
time : 13.428551
