Parameters: GAD=1 vflib=1 dir=0 label=0 lowerbound=1 fileNameGp=../graphsdb/mcs90/rand/r02/mcs90_r02_s30.A27 fileNameGt=../graphsdb/mcs90/rand/r02/mcs90_r02_s30.B27
Reading graphs...
30 :  160
30 :  158
Initializing...
maxdom : 30
D->valSize : 900
Solving...
currentSize : 9 <-- 0.016017 s
currentSize : 10 <-- 0.016072 s
currentSize : 11 <-- 0.016174 s
currentSize : 12 <-- 0.031123 s
currentSize : 13 <-- 0.066098 s
currentSize : 14 <-- 2.003773 s
currentSize : 16 <-- 13.117097 s
currentSize : 18 <-- 13.196539 s
currentSize : 27 <-- 13.261686 s

maxsize : 27
nodes : 2962163.000000
filtered : 32829579.000000
time : 13.314237
