Parameters: GAD=1 vflib=1 dir=0 label=0 lowerbound=1 fileNameGp=../graphsdb/mcs90/rand/r01/mcs90_r01_s15.A74 fileNameGt=../graphsdb/mcs90/rand/r01/mcs90_r01_s15.B74
Reading graphs...
15 :  19
15 :  20
Initializing...
maxdom : 15
D->valSize : 225
Solving...
currentSize : 8 <-- 0.000952 s
currentSize : 9 <-- 0.001054 s
currentSize : 10 <-- 0.007488 s
currentSize : 11 <-- 0.011946 s
currentSize : 12 <-- 0.014704 s
currentSize : 13 <-- 0.016962 s

maxsize : 13
nodes : 3656.000000
filtered : 21771.000000
time : 0.018746
