Parameters: GAD=1 vflib=1 dir=0 label=0 lowerbound=1 fileNameGp=../graphsdb/mcs90/bvg/b03m/mcs90_b03m_s35.A79 fileNameGt=../graphsdb/mcs90/bvg/b03m/mcs90_b03m_s35.B79
Reading graphs...
35 :  52
35 :  52
Initializing...
maxdom : 35
D->valSize : 1225
Solving...
currentSize : 19 <-- 0.020928 s
currentSize : 20 <-- 0.020951 s
currentSize : 23 <-- 0.021266 s
currentSize : 24 <-- 0.021342 s
currentSize : 25 <-- 0.023076 s
currentSize : 26 <-- 0.389496 s
currentSize : 27 <-- 237.180725 s
currentSize : 28 <-- 239.120544 s
currentSize : 30 <-- 241.243210 s

maxsize : 30
nodes : 5629748.000000
filtered : 219354843.000000
time : 244.874207
