Parameters: GAD=1 vflib=1 dir=0 label=0 lowerbound=1 fileNameGp=../graphsdb/mcs90/rand/r01/mcs90_r01_s30.A40 fileNameGt=../graphsdb/mcs90/rand/r01/mcs90_r01_s30.B40
Reading graphs...
30 :  80
30 :  81
Initializing...
maxdom : 30
D->valSize : 900
Solving...
currentSize : 13 <-- 0.017977 s
currentSize : 14 <-- 0.019994 s
currentSize : 15 <-- 0.028462 s
currentSize : 16 <-- 0.238810 s
currentSize : 17 <-- 0.722668 s
currentSize : 18 <-- 3.005302 s
currentSize : 19 <-- 7.402217 s
currentSize : 20 <-- 7.459636 s
currentSize : 22 <-- 9.154715 s
currentSize : 23 <-- 10.496571 s
currentSize : 24 <-- 10.599882 s
currentSize : 27 <-- 11.130710 s

maxsize : 27
nodes : 1197093.000000
filtered : 28985373.000000
time : 11.158090
