Parameters: GAD=1 vflib=1 dir=0 label=0 lowerbound=1 fileNameGp=../graphsdb/mcs90/rand/r02/mcs90_r02_s20.A71 fileNameGt=../graphsdb/mcs90/rand/r02/mcs90_r02_s20.B71
Reading graphs...
20 :  69
20 :  70
Initializing...
maxdom : 20
D->valSize : 400
Solving...
currentSize : 10 <-- 0.001987 s
currentSize : 11 <-- 0.003138 s
currentSize : 12 <-- 0.011743 s
currentSize : 13 <-- 0.035821 s
currentSize : 14 <-- 0.036380 s
currentSize : 18 <-- 0.037234 s

maxsize : 18
nodes : 9119.000000
filtered : 122509.000000
time : 0.041250
