Parameters: GAD=1 vflib=1 dir=0 label=0 lowerbound=1 fileNameGp=../graphsdb/mcs90/bvg/b09m/mcs90_b09m_s35.A31 fileNameGt=../graphsdb/mcs90/bvg/b09m/mcs90_b09m_s35.B31
Reading graphs...
35 :  155
35 :  153
Initializing...
maxdom : 35
D->valSize : 1225
Solving...
currentSize : 10 <-- 0.031285 s
currentSize : 11 <-- 0.031364 s
currentSize : 12 <-- 0.031517 s
currentSize : 13 <-- 0.032672 s
currentSize : 14 <-- 0.039900 s
currentSize : 15 <-- 0.065822 s
currentSize : 16 <-- 1.642591 s
currentSize : 17 <-- 3.997625 s
currentSize : 19 <-- 59.485825 s
currentSize : 22 <-- 59.485870 s
currentSize : 30 <-- 67.618713 s

maxsize : 30
nodes : 9820612.000000
filtered : 223677584.000000
time : 68.130272
