Parameters: GAD=1 vflib=1 dir=0 label=0 lowerbound=1 fileNameGp=../graphsdb/mcs90/rand/r005/mcs90_r005_s25.A68 fileNameGt=../graphsdb/mcs90/rand/r005/mcs90_r005_s25.B68
Reading graphs...
25 :  29
25 :  29
Initializing...
maxdom : 25
D->valSize : 625
Solving...
currentSize : 9 <-- 0.009598 s
currentSize : 10 <-- 0.009917 s
currentSize : 12 <-- 0.017975 s
currentSize : 14 <-- 0.023327 s
currentSize : 15 <-- 0.064037 s
currentSize : 16 <-- 0.093804 s
currentSize : 18 <-- 0.356036 s
currentSize : 19 <-- 0.356080 s
currentSize : 20 <-- 0.934648 s
currentSize : 21 <-- 0.940288 s
currentSize : 22 <-- 0.940869 s

maxsize : 22
nodes : 76232.000000
filtered : 850460.000000
time : 1.011474
