Parameters: GAD=1 vflib=1 dir=0 label=0 lowerbound=1 fileNameGp=../graphsdb/mcs90/m4D/m4Dr4/mcs90_m4Dr4_s20.A86 fileNameGt=../graphsdb/mcs90/m4D/m4Dr4/mcs90_m4Dr4_s20.B86
Reading graphs...
20 :  45
20 :  44
Initializing...
maxdom : 20
D->valSize : 400
Solving...
currentSize : 8 <-- 0.002088 s
currentSize : 10 <-- 0.002185 s
currentSize : 11 <-- 0.010254 s
currentSize : 12 <-- 0.037521 s
currentSize : 13 <-- 0.060113 s
currentSize : 14 <-- 0.077471 s
currentSize : 16 <-- 0.136763 s

maxsize : 16
nodes : 21216.000000
filtered : 378922.000000
time : 0.155186
