Parameters: GAD=1 vflib=1 dir=0 label=0 lowerbound=1 fileNameGp=../graphsdb/mcs90/m4D/m4Dr6/mcs90_m4Dr6_s20.A40 fileNameGt=../graphsdb/mcs90/m4D/m4Dr6/mcs90_m4Dr6_s20.B40
Reading graphs...
20 :  49
20 :  47
Initializing...
maxdom : 20
D->valSize : 400
Solving...
currentSize : 7 <-- 0.002122 s
currentSize : 9 <-- 0.002176 s
currentSize : 10 <-- 0.002896 s
currentSize : 11 <-- 0.003802 s
currentSize : 12 <-- 0.020068 s
currentSize : 13 <-- 0.080992 s
currentSize : 14 <-- 0.354854 s
currentSize : 16 <-- 0.354869 s

maxsize : 16
nodes : 64576.000000
filtered : 1128088.000000
time : 0.363238
