Parameters: GAD=1 vflib=1 dir=0 label=0 lowerbound=1 fileNameGp=../graphsdb/mcs90/bvg/b06m/mcs90_b06m_s20.A41 fileNameGt=../graphsdb/mcs90/bvg/b06m/mcs90_b06m_s20.B41
Reading graphs...
20 :  55
20 :  55
Initializing...
maxdom : 20
D->valSize : 400
Solving...
currentSize : 10 <-- 0.002067 s
currentSize : 11 <-- 0.002105 s
currentSize : 12 <-- 0.002228 s
currentSize : 13 <-- 0.002632 s
currentSize : 14 <-- 0.078494 s
currentSize : 18 <-- 0.078513 s

maxsize : 18
nodes : 13967.000000
filtered : 244797.000000
time : 0.081972
