Parameters: GAD=1 vflib=1 dir=0 label=0 lowerbound=1 fileNameGp=../graphsdb/mcs90/bvg/b03/mcs90_b03_s30.A85 fileNameGt=../graphsdb/mcs90/bvg/b03/mcs90_b03_s30.B85
Reading graphs...
30 :  45
30 :  45
Initializing...
maxdom : 30
D->valSize : 900
Solving...
currentSize : 21 <-- 0.019316 s
currentSize : 22 <-- 0.019423 s
currentSize : 24 <-- 0.087309 s
currentSize : 26 <-- 0.103034 s
currentSize : 27 <-- 0.167536 s
currentSize : 28 <-- 0.203541 s

maxsize : 28
nodes : 8977.000000
filtered : 340051.000000
time : 0.320628
