Parameters: GAD=1 vflib=1 dir=0 label=0 lowerbound=1 fileNameGp=../graphsdb/mcs90/bvg/b09/mcs90_b09_s35.A18 fileNameGt=../graphsdb/mcs90/bvg/b09/mcs90_b09_s35.B18
Reading graphs...
35 :  157
35 :  157
Initializing...
maxdom : 35
D->valSize : 1225
Solving...
currentSize : 11 <-- 0.017835 s
currentSize : 12 <-- 0.017895 s
currentSize : 14 <-- 0.018788 s
currentSize : 15 <-- 0.019341 s
currentSize : 16 <-- 0.086112 s
currentSize : 20 <-- 0.615430 s
currentSize : 26 <-- 0.615550 s
currentSize : 30 <-- 0.615675 s

maxsize : 30
nodes : 148155.000000
filtered : 4982772.000000
time : 1.421073
