Parameters: GAD=1 vflib=1 dir=0 label=0 lowerbound=1 fileNameGp=../graphsdb/mcs90/bvg/b09m/mcs90_b09m_s25.A96 fileNameGt=../graphsdb/mcs90/bvg/b09m/mcs90_b09m_s25.B96
Reading graphs...
25 :  106
25 :  106
Initializing...
maxdom : 25
D->valSize : 625
Solving...
currentSize : 10 <-- 0.004522 s
currentSize : 11 <-- 0.004664 s
currentSize : 12 <-- 0.016055 s
currentSize : 13 <-- 0.803594 s
currentSize : 15 <-- 1.121043 s
currentSize : 17 <-- 1.121096 s
currentSize : 19 <-- 1.200219 s
currentSize : 22 <-- 1.200268 s

maxsize : 22
nodes : 270922.000000
filtered : 3581401.000000
time : 1.241840
