Parameters: GAD=1 vflib=1 dir=0 label=0 lowerbound=1 fileNameGp=../graphsdb/mcs90/m4D/m4D/mcs90_m4D_s20.A21 fileNameGt=../graphsdb/mcs90/m4D/m4D/mcs90_m4D_s20.B21
Reading graphs...
20 :  36
20 :  37
Initializing...
maxdom : 20
D->valSize : 400
Solving...
currentSize : 8 <-- 0.002213 s
currentSize : 9 <-- 0.002859 s
currentSize : 12 <-- 0.003431 s
currentSize : 13 <-- 0.003512 s
currentSize : 15 <-- 0.018402 s
currentSize : 16 <-- 0.023711 s
currentSize : 17 <-- 0.028956 s

maxsize : 17
nodes : 4202.000000
filtered : 68726.000000
time : 0.042306
