Parameters: GAD=1 vflib=1 dir=0 label=0 lowerbound=1 fileNameGp=../graphsdb/mcs90/m3D/m3Dr4/mcs90_m3Dr4_s30.A72 fileNameGt=../graphsdb/mcs90/m3D/m3Dr4/mcs90_m3Dr4_s30.B72
Reading graphs...
30 :  72
30 :  71
Initializing...
maxdom : 30
D->valSize : 900
Solving...
currentSize : 12 <-- 0.018195 s
currentSize : 13 <-- 0.018848 s
currentSize : 14 <-- 0.019596 s
currentSize : 17 <-- 0.024482 s
currentSize : 18 <-- 0.586025 s
currentSize : 19 <-- 0.705567 s
currentSize : 20 <-- 6.545871 s
currentSize : 23 <-- 6.558599 s
currentSize : 27 <-- 6.559829 s

maxsize : 27
nodes : 759332.000000
filtered : 17086204.000000
time : 6.700178
