Parameters: GAD=1 vflib=1 dir=0 label=0 lowerbound=1 fileNameGp=../graphsdb/mcs90/bvg/b06m/mcs90_b06m_s25.A98 fileNameGt=../graphsdb/mcs90/bvg/b06m/mcs90_b06m_s25.B98
Reading graphs...
25 :  72
25 :  73
Initializing...
maxdom : 25
D->valSize : 625
Solving...
currentSize : 8 <-- 0.004735 s
currentSize : 10 <-- 0.004751 s
currentSize : 11 <-- 0.006048 s
currentSize : 12 <-- 0.008769 s
currentSize : 13 <-- 0.025588 s
currentSize : 14 <-- 0.045410 s
currentSize : 15 <-- 0.069541 s
currentSize : 16 <-- 0.468083 s
currentSize : 18 <-- 0.470647 s
currentSize : 21 <-- 0.473832 s
currentSize : 22 <-- 0.480758 s

maxsize : 22
nodes : 77149.000000
filtered : 1691110.000000
time : 0.509751
