Parameters: GAD=1 vflib=1 dir=0 label=0 lowerbound=1 fileNameGp=../graphsdb/mcs90/rand/r005/mcs90_r005_s35.A04 fileNameGt=../graphsdb/mcs90/rand/r005/mcs90_r005_s35.B04
Reading graphs...
35 :  57
35 :  57
Initializing...
maxdom : 35
D->valSize : 1225
Solving...
currentSize : 15 <-- 0.020929 s
currentSize : 16 <-- 0.021019 s
currentSize : 18 <-- 0.038113 s
currentSize : 19 <-- 0.168936 s
currentSize : 20 <-- 6.175257 s
currentSize : 21 <-- 6.175389 s
currentSize : 22 <-- 102.648911 s
currentSize : 23 <-- 673.470581 s
currentSize : 24 <-- 740.009277 s
currentSize : 25 <-- 815.456970 s
currentSize : 29 <-- 815.718933 s
currentSize : 30 <-- 816.277283 s
currentSize : 31 <-- 816.339905 s

maxsize : 31
nodes : 55062526.000000
filtered : 1006445776.000000
time : 816.528748
