Parameters: GAD=1 vflib=1 dir=0 label=0 lowerbound=1 fileNameGp=../graphsdb/mcs90/rand/r01/mcs90_r01_s30.A72 fileNameGt=../graphsdb/mcs90/rand/r01/mcs90_r01_s30.B72
Reading graphs...
30 :  82
30 :  81
Initializing...
maxdom : 30
D->valSize : 900
Solving...
currentSize : 12 <-- 0.010231 s
currentSize : 15 <-- 0.012920 s
currentSize : 16 <-- 0.017584 s
currentSize : 17 <-- 0.017789 s
currentSize : 18 <-- 0.048495 s
currentSize : 19 <-- 8.768947 s
currentSize : 20 <-- 11.284887 s
currentSize : 21 <-- 13.343757 s
currentSize : 27 <-- 14.906339 s

maxsize : 27
nodes : 1838319.000000
filtered : 49826557.000000
time : 14.960428
