Parameters: GAD=1 vflib=1 dir=0 label=0 lowerbound=1 fileNameGp=../graphsdb/mcs90/bvg/b06/mcs90_b06_s35.A03 fileNameGt=../graphsdb/mcs90/bvg/b06/mcs90_b06_s35.B03
Reading graphs...
35 :  105
35 :  105
Initializing...
maxdom : 35
D->valSize : 1225
Solving...
currentSize : 17 <-- 0.019095 s
currentSize : 18 <-- 0.019135 s
currentSize : 19 <-- 0.019215 s
currentSize : 20 <-- 0.019451 s
currentSize : 21 <-- 0.045209 s
currentSize : 22 <-- 0.057612 s
currentSize : 23 <-- 0.609638 s
currentSize : 24 <-- 1.335744 s
currentSize : 25 <-- 3.601727 s
currentSize : 26 <-- 3.771924 s
currentSize : 28 <-- 3.965248 s
currentSize : 29 <-- 3.965399 s
currentSize : 31 <-- 3.966303 s

maxsize : 31
nodes : 287054.000000
filtered : 8390731.000000
time : 4.617393
