Parameters: GAD=1 vflib=1 dir=0 label=0 lowerbound=1 fileNameGp=../graphsdb/mcs90/bvg/b06m/mcs90_b06m_s20.A33 fileNameGt=../graphsdb/mcs90/bvg/b06m/mcs90_b06m_s20.B33
Reading graphs...
20 :  59
20 :  59
Initializing...
maxdom : 20
D->valSize : 400
Solving...
currentSize : 10 <-- 0.002232 s
currentSize : 11 <-- 0.004391 s
currentSize : 12 <-- 0.037238 s
currentSize : 13 <-- 0.048175 s
currentSize : 14 <-- 0.095054 s
currentSize : 18 <-- 0.128178 s

maxsize : 18
nodes : 26259.000000
filtered : 471618.000000
time : 0.130710
