Parameters: GAD=1 vflib=1 dir=0 label=0 lowerbound=1 fileNameGp=../graphsdb/mcs90/rand/r005/mcs90_r005_s20.A97 fileNameGt=../graphsdb/mcs90/rand/r005/mcs90_r005_s20.B97
Reading graphs...
20 :  21
20 :  21
Initializing...
maxdom : 20
D->valSize : 400
Solving...
currentSize : 4 <-- 0.002560 s
currentSize : 5 <-- 0.002597 s
currentSize : 6 <-- 0.002618 s
currentSize : 7 <-- 0.002626 s
currentSize : 8 <-- 0.002754 s
currentSize : 14 <-- 0.006224 s
currentSize : 16 <-- 0.006297 s
currentSize : 17 <-- 0.006395 s
currentSize : 18 <-- 0.009960 s

maxsize : 18
nodes : 2404.000000
filtered : 21857.000000
time : 0.013932
