Parameters: GAD=1 vflib=1 dir=0 label=0 lowerbound=1 fileNameGp=../graphsdb/mcs90/m2D/m2Dr2/mcs90_m2Dr2_s20.A04 fileNameGt=../graphsdb/mcs90/m2D/m2Dr2/mcs90_m2Dr2_s20.B04
Reading graphs...
20 :  35
20 :  35
Initializing...
maxdom : 20
D->valSize : 400
Solving...
currentSize : 11 <-- 0.002185 s
currentSize : 12 <-- 0.002749 s
currentSize : 13 <-- 0.014248 s
currentSize : 14 <-- 0.059784 s
currentSize : 15 <-- 0.103783 s
currentSize : 16 <-- 0.117832 s

maxsize : 16
nodes : 19228.000000
filtered : 391443.000000
time : 0.185433
