Parameters: GAD=1 vflib=1 dir=0 label=0 lowerbound=1 fileNameGp=../graphsdb/mcs90/m2D/m2D/mcs90_m2D_s20.A39 fileNameGt=../graphsdb/mcs90/m2D/m2D/mcs90_m2D_s20.B39
Reading graphs...
20 :  31
20 :  31
Initializing...
maxdom : 20
D->valSize : 400
Solving...
currentSize : 12 <-- 0.002273 s
currentSize : 13 <-- 0.002759 s
currentSize : 14 <-- 0.011089 s
currentSize : 15 <-- 0.049054 s
currentSize : 16 <-- 0.058797 s
currentSize : 17 <-- 0.074345 s

maxsize : 17
nodes : 7550.000000
filtered : 168477.000000
time : 0.097456
