Parameters: GAD=1 vflib=1 dir=0 label=0 lowerbound=1 fileNameGp=../graphsdb/mcs90/bvg/b09m/mcs90_b09m_s35.A78 fileNameGt=../graphsdb/mcs90/bvg/b09m/mcs90_b09m_s35.B78
Reading graphs...
35 :  152
35 :  151
Initializing...
maxdom : 35
D->valSize : 1225
Solving...
currentSize : 13 <-- 0.017972 s
currentSize : 14 <-- 0.018025 s
currentSize : 15 <-- 0.018170 s
currentSize : 16 <-- 0.045131 s
currentSize : 17 <-- 1.701281 s
currentSize : 18 <-- 99.124382 s
currentSize : 19 <-- 99.128151 s
currentSize : 20 <-- 99.128235 s
currentSize : 22 <-- 99.128319 s
currentSize : 25 <-- 107.377419 s
currentSize : 28 <-- 111.976837 s
currentSize : 30 <-- 111.977127 s

maxsize : 30
nodes : 17775438.000000
filtered : 376388618.000000
time : 112.472275
