Parameters: GAD=1 vflib=1 dir=0 label=0 lowerbound=1 fileNameGp=../graphsdb/mcs90/m2D/m2Dr2/mcs90_m2Dr2_s30.A89 fileNameGt=../graphsdb/mcs90/m2D/m2Dr2/mcs90_m2Dr2_s30.B89
Reading graphs...
30 :  55
30 :  55
Initializing...
maxdom : 30
D->valSize : 900
Solving...
currentSize : 16 <-- 0.010761 s
currentSize : 17 <-- 0.011122 s
currentSize : 18 <-- 0.011848 s
currentSize : 19 <-- 0.094989 s
currentSize : 20 <-- 1.131766 s
currentSize : 21 <-- 3.115689 s
currentSize : 22 <-- 21.296432 s
currentSize : 24 <-- 21.786644 s
currentSize : 25 <-- 21.787630 s

maxsize : 25
nodes : 1263789.000000
filtered : 37966449.000000
time : 23.216923
