Parameters: GAD=1 vflib=1 dir=0 label=0 lowerbound=1 fileNameGp=../graphsdb/mcs90/rand/r005/mcs90_r005_s20.A00 fileNameGt=../graphsdb/mcs90/rand/r005/mcs90_r005_s20.B00
Reading graphs...
20 :  21
20 :  21
Initializing...
maxdom : 20
D->valSize : 400
Solving...
currentSize : 6 <-- 0.002299 s
currentSize : 9 <-- 0.002778 s
currentSize : 13 <-- 0.005080 s
currentSize : 14 <-- 0.007809 s
currentSize : 15 <-- 0.167123 s
currentSize : 16 <-- 0.167170 s
currentSize : 17 <-- 0.167493 s
currentSize : 18 <-- 0.168726 s
currentSize : 19 <-- 0.168989 s

maxsize : 19
nodes : 42745.000000
filtered : 212152.000000
time : 0.169312
