Parameters: GAD=1 vflib=1 dir=0 label=0 lowerbound=1 fileNameGp=../graphsdb/mcs90/rand/r01/mcs90_r01_s25.A91 fileNameGt=../graphsdb/mcs90/rand/r01/mcs90_r01_s25.B91
Reading graphs...
25 :  56
25 :  55
Initializing...
maxdom : 25
D->valSize : 625
Solving...
currentSize : 11 <-- 0.005311 s
currentSize : 12 <-- 0.005336 s
currentSize : 13 <-- 0.005403 s
currentSize : 14 <-- 0.008803 s
currentSize : 15 <-- 0.042179 s
currentSize : 16 <-- 0.315429 s
currentSize : 17 <-- 0.711042 s
currentSize : 18 <-- 0.967528 s
currentSize : 20 <-- 1.030334 s
currentSize : 22 <-- 1.030409 s

maxsize : 22
nodes : 136670.000000
filtered : 2664483.000000
time : 1.068518
