Parameters: GAD=1 vflib=1 dir=0 label=0 lowerbound=1 fileNameGp=../graphsdb/mcs90/bvg/b06/mcs90_b06_s30.A77 fileNameGt=../graphsdb/mcs90/bvg/b06/mcs90_b06_s30.B77
Reading graphs...
30 :  90
30 :  90
Initializing...
maxdom : 30
D->valSize : 900
Solving...
currentSize : 19 <-- 0.010153 s
currentSize : 20 <-- 0.010271 s
currentSize : 21 <-- 0.010519 s
currentSize : 23 <-- 0.011380 s
currentSize : 24 <-- 0.024046 s
currentSize : 25 <-- 0.024189 s
currentSize : 27 <-- 0.026679 s

maxsize : 27
nodes : 5801.000000
filtered : 334332.000000
time : 0.241322
