Parameters: GAD=1 vflib=1 dir=0 label=0 lowerbound=1 fileNameGp=../graphsdb/mcs90/rand/r02/mcs90_r02_s25.A72 fileNameGt=../graphsdb/mcs90/rand/r02/mcs90_r02_s25.B72
Reading graphs...
25 :  112
25 :  114
Initializing...
maxdom : 25
D->valSize : 625
Solving...
currentSize : 8 <-- 0.007274 s
currentSize : 9 <-- 0.007315 s
currentSize : 10 <-- 0.007345 s
currentSize : 11 <-- 0.007374 s
currentSize : 12 <-- 0.007590 s
currentSize : 13 <-- 0.801019 s
currentSize : 14 <-- 0.985558 s
currentSize : 15 <-- 2.176058 s
currentSize : 22 <-- 2.917015 s

maxsize : 22
nodes : 642542.000000
filtered : 8298781.000000
time : 2.936221
