Parameters: GAD=1 vflib=1 dir=0 label=0 lowerbound=1 fileNameGp=../graphsdb/mcs90/m4D/m4Dr4/mcs90_m4Dr4_s20.A54 fileNameGt=../graphsdb/mcs90/m4D/m4Dr4/mcs90_m4Dr4_s20.B54
Reading graphs...
20 :  45
20 :  43
Initializing...
maxdom : 20
D->valSize : 400
Solving...
currentSize : 9 <-- 0.002072 s
currentSize : 10 <-- 0.003577 s
currentSize : 11 <-- 0.004244 s
currentSize : 12 <-- 0.006495 s
currentSize : 13 <-- 0.016228 s
currentSize : 17 <-- 0.061712 s

maxsize : 17
nodes : 11919.000000
filtered : 176470.000000
time : 0.073573
