Parameters: GAD=1 vflib=1 dir=0 label=0 lowerbound=1 fileNameGp=../graphsdb/mcs90/m2D/m2Dr4/mcs90_m2Dr4_s20.A87 fileNameGt=../graphsdb/mcs90/m2D/m2Dr4/mcs90_m2Dr4_s20.B87
Reading graphs...
20 :  38
20 :  38
Initializing...
maxdom : 20
D->valSize : 400
Solving...
currentSize : 8 <-- 0.002180 s
currentSize : 11 <-- 0.002216 s
currentSize : 12 <-- 0.002662 s
currentSize : 13 <-- 0.009504 s
currentSize : 14 <-- 0.063175 s
currentSize : 16 <-- 0.087554 s

maxsize : 16
nodes : 18097.000000
filtered : 376427.000000
time : 0.162019
