Parameters: GAD=1 vflib=1 dir=0 label=0 lowerbound=1 fileNameGp=../graphsdb/mcs90/bvg/b09/mcs90_b09_s35.A11 fileNameGt=../graphsdb/mcs90/bvg/b09/mcs90_b09_s35.B11
Reading graphs...
35 :  157
35 :  156
Initializing...
maxdom : 35
D->valSize : 1225
Solving...
currentSize : 10 <-- 0.031056 s
currentSize : 12 <-- 0.031123 s
currentSize : 13 <-- 0.031368 s
currentSize : 14 <-- 0.033112 s
currentSize : 15 <-- 0.046650 s
currentSize : 16 <-- 0.052566 s
currentSize : 17 <-- 0.057147 s
currentSize : 18 <-- 0.685774 s
currentSize : 19 <-- 0.686142 s
currentSize : 20 <-- 0.686543 s
currentSize : 22 <-- 0.687023 s
currentSize : 30 <-- 0.687261 s
currentSize : 31 <-- 0.798381 s

maxsize : 31
nodes : 94125.000000
filtered : 3414113.000000
time : 1.209577
