Parameters: GAD=1 vflib=1 dir=0 label=0 lowerbound=1 fileNameGp=../graphsdb/mcs90/m2D/m2Dr4/mcs90_m2Dr4_s20.A25 fileNameGt=../graphsdb/mcs90/m2D/m2Dr4/mcs90_m2Dr4_s20.B25
Reading graphs...
20 :  38
20 :  39
Initializing...
maxdom : 20
D->valSize : 400
Solving...
currentSize : 9 <-- 0.002175 s
currentSize : 11 <-- 0.002221 s
currentSize : 12 <-- 0.002378 s
currentSize : 13 <-- 0.003353 s
currentSize : 14 <-- 0.016939 s
currentSize : 16 <-- 0.046180 s

maxsize : 16
nodes : 12412.000000
filtered : 288865.000000
time : 0.101627
