Parameters: GAD=1 vflib=1 dir=0 label=0 lowerbound=1 fileNameGp=../graphsdb/mcs90/bvg/b03m/mcs90_b03m_s35.A23 fileNameGt=../graphsdb/mcs90/bvg/b03m/mcs90_b03m_s35.B23
Reading graphs...
35 :  52
35 :  52
Initializing...
maxdom : 35
D->valSize : 1225
Solving...
currentSize : 16 <-- 0.037013 s
currentSize : 17 <-- 0.037127 s
currentSize : 18 <-- 0.037463 s
currentSize : 19 <-- 0.040198 s
currentSize : 20 <-- 0.378554 s
currentSize : 22 <-- 0.390707 s
currentSize : 23 <-- 0.467259 s
currentSize : 24 <-- 18.965460 s
currentSize : 25 <-- 394.150085 s
currentSize : 26 <-- 394.902252 s
currentSize : 27 <-- 542.532532 s
currentSize : 29 <-- 542.533386 s
currentSize : 30 <-- 542.582703 s

maxsize : 30
nodes : 15757400.000000
filtered : 424404881.000000
time : 545.850891
