Parameters: GAD=1 vflib=1 dir=0 label=0 lowerbound=1 fileNameGp=../graphsdb/mcs90/bvg/b06m/mcs90_b06m_s35.A79 fileNameGt=../graphsdb/mcs90/bvg/b06m/mcs90_b06m_s35.B79
Reading graphs...
35 :  101
35 :  102
Initializing...
maxdom : 35
D->valSize : 1225
Solving...
currentSize : 13 <-- 0.019214 s
currentSize : 14 <-- 0.019245 s
currentSize : 15 <-- 0.020007 s
currentSize : 16 <-- 0.021802 s
currentSize : 17 <-- 0.022010 s
currentSize : 18 <-- 0.045034 s
currentSize : 19 <-- 0.138450 s
currentSize : 20 <-- 0.148154 s
currentSize : 21 <-- 17.232912 s
currentSize : 22 <-- 73.074394 s
currentSize : 23 <-- 187.391083 s
currentSize : 24 <-- 187.391174 s
currentSize : 31 <-- 191.362366 s

maxsize : 31
nodes : 14283603.000000
filtered : 483822782.000000
time : 191.762360
