Parameters: GAD=1 vflib=1 dir=0 label=0 lowerbound=1 fileNameGp=../graphsdb/mcs90/bvg/b06m/mcs90_b06m_s15.A55 fileNameGt=../graphsdb/mcs90/bvg/b06m/mcs90_b06m_s15.B55
Reading graphs...
15 :  44
15 :  44
Initializing...
maxdom : 15
D->valSize : 225
Solving...
currentSize : 6 <-- 0.000879 s
currentSize : 8 <-- 0.000939 s
currentSize : 9 <-- 0.001489 s
currentSize : 10 <-- 0.002763 s
currentSize : 11 <-- 0.004628 s
currentSize : 13 <-- 0.005730 s

maxsize : 13
nodes : 1524.000000
filtered : 20239.000000
time : 0.007038
