Parameters: GAD=1 vflib=1 dir=0 label=0 lowerbound=1 fileNameGp=../graphsdb/mcs90/rand/r01/mcs90_r01_s25.A18 fileNameGt=../graphsdb/mcs90/rand/r01/mcs90_r01_s25.B18
Reading graphs...
25 :  57
25 :  56
Initializing...
maxdom : 25
D->valSize : 625
Solving...
currentSize : 8 <-- 0.005000 s
currentSize : 9 <-- 0.005016 s
currentSize : 10 <-- 0.005134 s
currentSize : 11 <-- 0.005802 s
currentSize : 13 <-- 0.005848 s
currentSize : 14 <-- 0.062041 s
currentSize : 15 <-- 0.064612 s
currentSize : 16 <-- 1.848955 s
currentSize : 17 <-- 1.849005 s
currentSize : 18 <-- 3.209324 s
currentSize : 19 <-- 3.641255 s
currentSize : 22 <-- 3.682432 s

maxsize : 22
nodes : 478821.000000
filtered : 9990157.000000
time : 3.695943
