Parameters: GAD=1 vflib=1 dir=0 label=0 lowerbound=1 fileNameGp=../graphsdb/mcs90/m2D/m2Dr4/mcs90_m2Dr4_s20.A62 fileNameGt=../graphsdb/mcs90/m2D/m2Dr4/mcs90_m2Dr4_s20.B62
Reading graphs...
20 :  39
20 :  38
Initializing...
maxdom : 20
D->valSize : 400
Solving...
currentSize : 10 <-- 0.002190 s
currentSize : 11 <-- 0.002221 s
currentSize : 12 <-- 0.002549 s
currentSize : 13 <-- 0.010990 s
currentSize : 14 <-- 0.134791 s
currentSize : 16 <-- 0.331343 s

maxsize : 16
nodes : 49293.000000
filtered : 941049.000000
time : 0.348388
