Parameters: GAD=1 vflib=1 dir=0 label=0 lowerbound=1 fileNameGp=../graphsdb/mcs90/bvg/b09/mcs90_b09_s25.A54 fileNameGt=../graphsdb/mcs90/bvg/b09/mcs90_b09_s25.B54
Reading graphs...
25 :  112
25 :  111
Initializing...
maxdom : 25
D->valSize : 625
Solving...
currentSize : 10 <-- 0.004483 s
currentSize : 11 <-- 0.004529 s
currentSize : 12 <-- 0.004574 s
currentSize : 13 <-- 0.006534 s
currentSize : 14 <-- 0.006550 s
currentSize : 15 <-- 0.006766 s
currentSize : 16 <-- 0.006830 s
currentSize : 18 <-- 0.006871 s
currentSize : 22 <-- 0.007521 s

maxsize : 22
nodes : 4243.000000
filtered : 221113.000000
time : 0.060139
