Parameters: GAD=1 vflib=1 dir=0 label=0 lowerbound=1 fileNameGp=../graphsdb/mcs90/bvg/b09m/mcs90_b09m_s20.A77 fileNameGt=../graphsdb/mcs90/bvg/b09m/mcs90_b09m_s20.B77
Reading graphs...
20 :  85
20 :  86
Initializing...
maxdom : 20
D->valSize : 400
Solving...
currentSize : 8 <-- 0.001984 s
currentSize : 9 <-- 0.002029 s
currentSize : 10 <-- 0.002080 s
currentSize : 11 <-- 0.031294 s
currentSize : 15 <-- 0.074951 s
currentSize : 18 <-- 0.091390 s

maxsize : 18
nodes : 24016.000000
filtered : 303667.000000
time : 0.092229
