Parameters: GAD=1 vflib=1 dir=0 label=0 lowerbound=1 fileNameGp=../graphsdb/mcs90/bvg/b03/mcs90_b03_s20.A83 fileNameGt=../graphsdb/mcs90/bvg/b03/mcs90_b03_s20.B83
Reading graphs...
20 :  30
20 :  30
Initializing...
maxdom : 20
D->valSize : 400
Solving...
currentSize : 10 <-- 0.002220 s
currentSize : 13 <-- 0.002254 s
currentSize : 14 <-- 0.002305 s
currentSize : 15 <-- 0.002320 s
currentSize : 16 <-- 0.002392 s
currentSize : 17 <-- 0.002726 s
currentSize : 18 <-- 0.010242 s
currentSize : 19 <-- 0.017614 s

maxsize : 19
nodes : 874.000000
filtered : 28768.000000
time : 0.017742
