Parameters: GAD=1 vflib=1 dir=0 label=0 lowerbound=1 fileNameGp=../graphsdb/mcs90/rand/r005/mcs90_r005_s25.A78 fileNameGt=../graphsdb/mcs90/rand/r005/mcs90_r005_s25.B78
Reading graphs...
25 :  27
25 :  28
Initializing...
maxdom : 25
D->valSize : 625
Solving...
currentSize : 8 <-- 0.005454 s
currentSize : 9 <-- 0.005523 s
currentSize : 10 <-- 0.007166 s
currentSize : 12 <-- 0.017655 s
currentSize : 13 <-- 0.018857 s
currentSize : 14 <-- 0.157769 s
currentSize : 17 <-- 0.857948 s
currentSize : 18 <-- 3.375836 s
currentSize : 19 <-- 6.740740 s
currentSize : 20 <-- 6.757523 s
currentSize : 21 <-- 6.757542 s
currentSize : 22 <-- 6.757578 s

maxsize : 22
nodes : 844647.000000
filtered : 8536187.000000
time : 6.831708
