Parameters: GAD=1 vflib=1 dir=0 label=0 lowerbound=1 fileNameGp=../graphsdb/mcs90/m4D/m4Dr4/mcs90_m4Dr4_s20.A92 fileNameGt=../graphsdb/mcs90/m4D/m4Dr4/mcs90_m4Dr4_s20.B92
Reading graphs...
20 :  44
20 :  42
Initializing...
maxdom : 20
D->valSize : 400
Solving...
currentSize : 11 <-- 0.002129 s
currentSize : 12 <-- 0.002203 s
currentSize : 13 <-- 0.002289 s
currentSize : 14 <-- 0.009740 s
currentSize : 15 <-- 0.032112 s
currentSize : 16 <-- 0.040094 s

maxsize : 16
nodes : 5142.000000
filtered : 143261.000000
time : 0.064457
