Parameters: GAD=1 vflib=1 dir=0 label=0 lowerbound=1 fileNameGp=../graphsdb/mcs90/rand/r005/mcs90_r005_s30.A36 fileNameGt=../graphsdb/mcs90/rand/r005/mcs90_r005_s30.B36
Reading graphs...
30 :  41
30 :  41
Initializing...
maxdom : 30
D->valSize : 900
Solving...
currentSize : 14 <-- 0.019520 s
currentSize : 16 <-- 0.023641 s
currentSize : 17 <-- 0.024358 s
currentSize : 18 <-- 0.048608 s
currentSize : 19 <-- 0.086020 s
currentSize : 20 <-- 0.435120 s
currentSize : 21 <-- 0.435352 s
currentSize : 22 <-- 4.638118 s
currentSize : 23 <-- 5.868136 s
currentSize : 24 <-- 5.883929 s
currentSize : 25 <-- 5.884157 s
currentSize : 26 <-- 5.884272 s
currentSize : 27 <-- 5.884417 s

maxsize : 27
nodes : 316114.000000
filtered : 5715902.000000
time : 6.046214
