Parameters: GAD=1 vflib=1 dir=0 label=0 lowerbound=1 fileNameGp=../graphsdb/mcs90/m2D/m2Dr6/mcs90_m2Dr6_s20.A19 fileNameGt=../graphsdb/mcs90/m2D/m2Dr6/mcs90_m2Dr6_s20.B19
Reading graphs...
20 :  39
20 :  41
Initializing...
maxdom : 20
D->valSize : 400
Solving...
currentSize : 10 <-- 0.002237 s
currentSize : 11 <-- 0.002262 s
currentSize : 12 <-- 0.002271 s
currentSize : 13 <-- 0.022866 s
currentSize : 14 <-- 0.383330 s
currentSize : 16 <-- 0.456710 s

maxsize : 16
nodes : 84501.000000
filtered : 1311172.000000
time : 0.490902
