Parameters: GAD=1 vflib=1 dir=0 label=0 lowerbound=1 fileNameGp=../graphsdb/mcs90/m4D/m4Dr6/mcs90_m4Dr6_s20.A15 fileNameGt=../graphsdb/mcs90/m4D/m4Dr6/mcs90_m4Dr6_s20.B15
Reading graphs...
20 :  49
20 :  48
Initializing...
maxdom : 20
D->valSize : 400
Solving...
currentSize : 8 <-- 0.002125 s
currentSize : 9 <-- 0.002147 s
currentSize : 10 <-- 0.002384 s
currentSize : 11 <-- 0.002997 s
currentSize : 12 <-- 0.003958 s
currentSize : 13 <-- 0.009130 s
currentSize : 14 <-- 0.064933 s
currentSize : 16 <-- 0.074091 s

maxsize : 16
nodes : 16923.000000
filtered : 329912.000000
time : 0.108190
