Parameters: GAD=1 vflib=1 dir=0 label=0 lowerbound=1 fileNameGp=../graphsdb/mcs90/m3D/m3Dr6/mcs90_m3Dr6_s30.A15 fileNameGt=../graphsdb/mcs90/m3D/m3Dr6/mcs90_m3Dr6_s30.B15
Reading graphs...
30 :  76
30 :  76
Initializing...
maxdom : 30
D->valSize : 900
Solving...
currentSize : 15 <-- 0.018142 s
currentSize : 16 <-- 0.018215 s
currentSize : 17 <-- 0.082496 s
currentSize : 18 <-- 2.028206 s
currentSize : 19 <-- 4.745983 s
currentSize : 20 <-- 5.887428 s
currentSize : 22 <-- 8.799229 s
currentSize : 23 <-- 10.129360 s
currentSize : 27 <-- 12.250008 s

maxsize : 27
nodes : 1435785.000000
filtered : 34011872.000000
time : 12.299096
