Parameters: GAD=1 vflib=1 dir=0 label=0 lowerbound=1 fileNameGp=../graphsdb/mcs90/rand/r02/mcs90_r02_s35.A68 fileNameGt=../graphsdb/mcs90/rand/r02/mcs90_r02_s35.B68
Reading graphs...
35 :  212
35 :  211
Initializing...
maxdom : 35
D->valSize : 1225
Solving...
currentSize : 10 <-- 0.017069 s
currentSize : 12 <-- 0.017095 s
currentSize : 15 <-- 0.017338 s
currentSize : 16 <-- 0.017411 s
currentSize : 18 <-- 0.017986 s
currentSize : 31 <-- 0.031540 s

maxsize : 31
nodes : 8501.000000
filtered : 994624.000000
time : 0.240240
