Parameters: GAD=1 vflib=1 dir=0 label=0 lowerbound=1 fileNameGp=../graphsdb/mcs90/rand/r005/mcs90_r005_s30.A62 fileNameGt=../graphsdb/mcs90/rand/r005/mcs90_r005_s30.B62
Reading graphs...
30 :  41
30 :  41
Initializing...
maxdom : 30
D->valSize : 900
Solving...
currentSize : 17 <-- 0.013744 s
currentSize : 18 <-- 0.013842 s
currentSize : 20 <-- 0.168729 s
currentSize : 21 <-- 0.343486 s
currentSize : 22 <-- 1.501337 s
currentSize : 23 <-- 1.501387 s
currentSize : 24 <-- 6.734657 s
currentSize : 25 <-- 6.741575 s
currentSize : 26 <-- 6.741609 s
currentSize : 27 <-- 6.741647 s

maxsize : 27
nodes : 277155.000000
filtered : 7296169.000000
time : 7.013452
