Parameters: GAD=1 vflib=1 dir=0 label=0 lowerbound=1 fileNameGp=../graphsdb/mcs90/bvg/b03/mcs90_b03_s30.A53 fileNameGt=../graphsdb/mcs90/bvg/b03/mcs90_b03_s30.B53
Reading graphs...
30 :  45
30 :  45
Initializing...
maxdom : 30
D->valSize : 900
Solving...
currentSize : 17 <-- 0.012180 s
currentSize : 18 <-- 0.012643 s
currentSize : 19 <-- 0.013346 s
currentSize : 20 <-- 0.018893 s
currentSize : 21 <-- 0.030640 s
currentSize : 22 <-- 0.120407 s
currentSize : 23 <-- 0.199275 s
currentSize : 24 <-- 0.221442 s
currentSize : 25 <-- 0.550617 s
currentSize : 26 <-- 0.982460 s
currentSize : 27 <-- 1.005647 s

maxsize : 27
nodes : 30382.000000
filtered : 1134455.000000
time : 1.310311
