Parameters: GAD=1 vflib=1 dir=0 label=0 lowerbound=1 fileNameGp=../graphsdb/mcs90/bvg/b06/mcs90_b06_s35.A44 fileNameGt=../graphsdb/mcs90/bvg/b06/mcs90_b06_s35.B44
Reading graphs...
35 :  105
35 :  104
Initializing...
maxdom : 35
D->valSize : 1225
Solving...
currentSize : 19 <-- 0.018960 s
currentSize : 20 <-- 0.019152 s
currentSize : 21 <-- 0.019438 s
currentSize : 22 <-- 0.019598 s
currentSize : 23 <-- 0.020471 s
currentSize : 29 <-- 0.021268 s
currentSize : 31 <-- 0.034044 s

maxsize : 31
nodes : 26773.000000
filtered : 1408987.000000
time : 0.917023
