Parameters: GAD=1 vflib=1 dir=0 label=0 lowerbound=1 fileNameGp=../graphsdb/mcs90/bvg/b06/mcs90_b06_s20.A64 fileNameGt=../graphsdb/mcs90/bvg/b06/mcs90_b06_s20.B64
Reading graphs...
20 :  60
20 :  60
Initializing...
maxdom : 20
D->valSize : 400
Solving...
currentSize : 12 <-- 0.001996 s
currentSize : 13 <-- 0.002012 s
currentSize : 14 <-- 0.002056 s
currentSize : 15 <-- 0.002249 s
currentSize : 16 <-- 0.002375 s
currentSize : 18 <-- 0.002636 s

maxsize : 18
nodes : 667.000000
filtered : 26578.000000
time : 0.012425
