Parameters: GAD=1 vflib=1 dir=0 label=0 lowerbound=1 fileNameGp=../graphsdb/mcs90/bvg/b03m/mcs90_b03m_s35.A49 fileNameGt=../graphsdb/mcs90/bvg/b03m/mcs90_b03m_s35.B49
Reading graphs...
35 :  52
35 :  52
Initializing...
maxdom : 35
D->valSize : 1225
Solving...
currentSize : 19 <-- 0.036709 s
currentSize : 20 <-- 0.037963 s
currentSize : 21 <-- 0.047964 s
currentSize : 22 <-- 0.071737 s
currentSize : 23 <-- 0.687742 s
currentSize : 24 <-- 6.554921 s
currentSize : 25 <-- 14.180549 s
currentSize : 26 <-- 58.766830 s
currentSize : 27 <-- 125.777069 s
currentSize : 28 <-- 125.777924 s
currentSize : 29 <-- 125.777992 s
currentSize : 30 <-- 127.048950 s

maxsize : 30
nodes : 3983328.000000
filtered : 120538666.000000
time : 131.242966
