Parameters: GAD=1 vflib=1 dir=0 label=0 lowerbound=1 fileNameGp=../graphsdb/mcs90/bvg/b09m/mcs90_b09m_s20.A18 fileNameGt=../graphsdb/mcs90/bvg/b09m/mcs90_b09m_s20.B18
Reading graphs...
20 :  85
20 :  87
Initializing...
maxdom : 20
D->valSize : 400
Solving...
currentSize : 8 <-- 0.001983 s
currentSize : 9 <-- 0.002008 s
currentSize : 10 <-- 0.002040 s
currentSize : 11 <-- 0.003258 s
currentSize : 12 <-- 0.077350 s
currentSize : 13 <-- 0.189509 s
currentSize : 14 <-- 0.215833 s
currentSize : 18 <-- 0.216653 s

maxsize : 18
nodes : 60804.000000
filtered : 688686.000000
time : 0.220246
