Parameters: GAD=1 vflib=1 dir=0 label=0 lowerbound=1 fileNameGp=../graphsdb/mcs90/rand/r02/mcs90_r02_s30.A52 fileNameGt=../graphsdb/mcs90/rand/r02/mcs90_r02_s30.B52
Reading graphs...
30 :  155
30 :  154
Initializing...
maxdom : 30
D->valSize : 900
Solving...
currentSize : 9 <-- 0.009403 s
currentSize : 10 <-- 0.009436 s
currentSize : 11 <-- 0.009542 s
currentSize : 12 <-- 0.010305 s
currentSize : 13 <-- 0.013433 s
currentSize : 14 <-- 0.050837 s
currentSize : 15 <-- 0.088227 s
currentSize : 18 <-- 2.474300 s
currentSize : 20 <-- 6.701952 s
currentSize : 21 <-- 6.937740 s
currentSize : 27 <-- 7.244783 s

maxsize : 27
nodes : 1259937.000000
filtered : 27637091.000000
time : 7.254617
