Parameters: GAD=1 vflib=1 dir=0 label=0 lowerbound=1 fileNameGp=../graphsdb/mcs90/bvg/b06m/mcs90_b06m_s25.A47 fileNameGt=../graphsdb/mcs90/bvg/b06m/mcs90_b06m_s25.B47
Reading graphs...
25 :  72
25 :  72
Initializing...
maxdom : 25
D->valSize : 625
Solving...
currentSize : 10 <-- 0.004797 s
currentSize : 11 <-- 0.004867 s
currentSize : 12 <-- 0.004902 s
currentSize : 13 <-- 0.005004 s
currentSize : 14 <-- 0.010546 s
currentSize : 15 <-- 0.060360 s
currentSize : 16 <-- 0.273244 s
currentSize : 17 <-- 0.445180 s
currentSize : 21 <-- 0.478497 s
currentSize : 22 <-- 0.489155 s

maxsize : 22
nodes : 70634.000000
filtered : 1434682.000000
time : 0.505267
