Parameters: GAD=1 vflib=1 dir=0 label=0 lowerbound=1 fileNameGp=../graphsdb/mcs90/rand/r02/mcs90_r02_s35.A11 fileNameGt=../graphsdb/mcs90/rand/r02/mcs90_r02_s35.B11
Reading graphs...
35 :  209
35 :  210
Initializing...
maxdom : 35
D->valSize : 1225
Solving...
currentSize : 10 <-- 0.029244 s
currentSize : 11 <-- 0.029300 s
currentSize : 12 <-- 0.029667 s
currentSize : 14 <-- 0.033452 s
currentSize : 17 <-- 0.055207 s
currentSize : 19 <-- 0.065005 s
currentSize : 24 <-- 0.073443 s
currentSize : 31 <-- 0.106660 s

maxsize : 31
nodes : 16384.000000
filtered : 1365697.000000
time : 0.446174
