Parameters: GAD=1 vflib=1 dir=0 label=0 lowerbound=1 fileNameGp=../graphsdb/mcs90/bvg/b06m/mcs90_b06m_s35.A46 fileNameGt=../graphsdb/mcs90/bvg/b06m/mcs90_b06m_s35.B46
Reading graphs...
35 :  104
35 :  104
Initializing...
maxdom : 35
D->valSize : 1225
Solving...
currentSize : 16 <-- 0.019182 s
currentSize : 17 <-- 0.100741 s
currentSize : 18 <-- 0.154698 s
currentSize : 19 <-- 0.655507 s
currentSize : 20 <-- 4.576594 s
currentSize : 21 <-- 7.664070 s
currentSize : 22 <-- 8.112455 s
currentSize : 25 <-- 8.112614 s
currentSize : 26 <-- 17.364153 s
currentSize : 31 <-- 17.375809 s

maxsize : 31
nodes : 1560707.000000
filtered : 46562996.000000
time : 17.620344
