Parameters: GAD=1 vflib=1 dir=0 label=0 lowerbound=1 fileNameGp=../graphsdb/mcs90/rand/r005/mcs90_r005_s30.A06 fileNameGt=../graphsdb/mcs90/rand/r005/mcs90_r005_s30.B06
Reading graphs...
30 :  42
30 :  42
Initializing...
maxdom : 30
D->valSize : 900
Solving...
currentSize : 14 <-- 0.011172 s
currentSize : 15 <-- 0.011246 s
currentSize : 16 <-- 0.011693 s
currentSize : 17 <-- 0.020467 s
currentSize : 18 <-- 0.254145 s
currentSize : 19 <-- 0.868123 s
currentSize : 20 <-- 1.206948 s
currentSize : 21 <-- 12.406639 s
currentSize : 23 <-- 12.454999 s
currentSize : 25 <-- 12.547934 s
currentSize : 26 <-- 12.552083 s
currentSize : 27 <-- 12.552116 s

maxsize : 27
nodes : 1041970.000000
filtered : 14654303.000000
time : 12.675549
