Parameters: GAD=1 vflib=1 dir=0 label=0 lowerbound=1 fileNameGp=../graphsdb/mcs90/rand/r01/mcs90_r01_s35.A07 fileNameGt=../graphsdb/mcs90/rand/r01/mcs90_r01_s35.B07
Reading graphs...
35 :  112
35 :  112
Initializing...
maxdom : 35
D->valSize : 1225
Solving...
currentSize : 14 <-- 0.019057 s
currentSize : 15 <-- 0.019185 s
currentSize : 16 <-- 0.019450 s
currentSize : 17 <-- 0.030119 s
currentSize : 18 <-- 0.316933 s
currentSize : 19 <-- 0.402079 s
currentSize : 20 <-- 67.321251 s
currentSize : 21 <-- 85.633728 s
currentSize : 23 <-- 150.077148 s
currentSize : 25 <-- 150.141632 s
currentSize : 26 <-- 150.143967 s
currentSize : 31 <-- 150.144958 s

maxsize : 31
nodes : 16919802.000000
filtered : 429602073.000000
time : 150.386627
