Parameters: GAD=1 vflib=1 dir=0 label=0 lowerbound=1 fileNameGp=../graphsdb/mcs90/bvg/b06m/mcs90_b06m_s20.A20 fileNameGt=../graphsdb/mcs90/bvg/b06m/mcs90_b06m_s20.B20
Reading graphs...
20 :  58
20 :  59
Initializing...
maxdom : 20
D->valSize : 400
Solving...
currentSize : 9 <-- 0.002041 s
currentSize : 10 <-- 0.002092 s
currentSize : 11 <-- 0.002170 s
currentSize : 12 <-- 0.003405 s
currentSize : 13 <-- 0.003451 s
currentSize : 15 <-- 0.003514 s
currentSize : 18 <-- 0.005053 s

maxsize : 18
nodes : 849.000000
filtered : 17321.000000
time : 0.007218
