Parameters: GAD=1 vflib=1 dir=0 label=0 lowerbound=1 fileNameGp=../graphsdb/mcs90/m2D/m2Dr2/mcs90_m2Dr2_s30.A73 fileNameGt=../graphsdb/mcs90/m2D/m2Dr2/mcs90_m2Dr2_s30.B73
Reading graphs...
30 :  55
30 :  55
Initializing...
maxdom : 30
D->valSize : 900
Solving...
currentSize : 14 <-- 0.011426 s
currentSize : 16 <-- 0.012094 s
currentSize : 17 <-- 0.013142 s
currentSize : 18 <-- 0.014211 s
currentSize : 19 <-- 0.063295 s
currentSize : 20 <-- 2.659300 s
currentSize : 21 <-- 7.985417 s
currentSize : 22 <-- 12.040270 s
currentSize : 24 <-- 13.474284 s
currentSize : 25 <-- 13.474345 s

maxsize : 25
nodes : 942780.000000
filtered : 22077796.000000
time : 14.607491
