Parameters: GAD=1 vflib=1 dir=0 label=0 lowerbound=1 fileNameGp=../graphsdb/mcs90/bvg/b09m/mcs90_b09m_s25.A79 fileNameGt=../graphsdb/mcs90/bvg/b09m/mcs90_b09m_s25.B79
Reading graphs...
25 :  104
25 :  103
Initializing...
maxdom : 25
D->valSize : 625
Solving...
currentSize : 8 <-- 0.004532 s
currentSize : 9 <-- 0.004571 s
currentSize : 10 <-- 0.004697 s
currentSize : 11 <-- 0.004716 s
currentSize : 12 <-- 0.004843 s
currentSize : 13 <-- 0.055438 s
currentSize : 22 <-- 0.512877 s

maxsize : 22
nodes : 108081.000000
filtered : 1524779.000000
time : 0.544554
