Parameters: GAD=1 vflib=1 dir=0 label=0 lowerbound=1 fileNameGp=../graphsdb/mcs90/bvg/b06/mcs90_b06_s25.A85 fileNameGt=../graphsdb/mcs90/bvg/b06/mcs90_b06_s25.B85
Reading graphs...
25 :  75
25 :  74
Initializing...
maxdom : 25
D->valSize : 625
Solving...
currentSize : 14 <-- 0.004848 s
currentSize : 15 <-- 0.004905 s
currentSize : 16 <-- 0.005639 s
currentSize : 17 <-- 0.005962 s
currentSize : 18 <-- 0.006218 s
currentSize : 19 <-- 0.006515 s
currentSize : 20 <-- 0.006608 s
currentSize : 21 <-- 0.008365 s
currentSize : 22 <-- 0.008482 s

maxsize : 22
nodes : 3331.000000
filtered : 132724.000000
time : 0.071824
