Parameters: GAD=1 vflib=1 dir=0 label=0 lowerbound=1 fileNameGp=../graphsdb/mcs90/m2D/m2Dr6/mcs90_m2Dr6_s30.A96 fileNameGt=../graphsdb/mcs90/m2D/m2Dr6/mcs90_m2Dr6_s30.B96
Reading graphs...
30 :  66
30 :  66
Initializing...
maxdom : 30
D->valSize : 900
Solving...
currentSize : 13 <-- 0.018532 s
currentSize : 15 <-- 0.018911 s
currentSize : 16 <-- 0.019600 s
currentSize : 17 <-- 0.162293 s
currentSize : 18 <-- 0.892519 s
currentSize : 19 <-- 1.056626 s
currentSize : 20 <-- 1.099336 s
currentSize : 21 <-- 1.122756 s
currentSize : 22 <-- 14.317940 s
currentSize : 25 <-- 14.332583 s

maxsize : 25
nodes : 1091252.000000
filtered : 33354720.000000
time : 14.921341
