Parameters: GAD=1 vflib=1 dir=0 label=0 lowerbound=1 fileNameGp=../graphsdb/mcs90/bvg/b06m/mcs90_b06m_s35.A40 fileNameGt=../graphsdb/mcs90/bvg/b06m/mcs90_b06m_s35.B40
Reading graphs...
35 :  105
35 :  105
Initializing...
maxdom : 35
D->valSize : 1225
Solving...
currentSize : 13 <-- 0.033456 s
currentSize : 14 <-- 0.033489 s
currentSize : 15 <-- 0.033626 s
currentSize : 16 <-- 0.033790 s
currentSize : 17 <-- 0.042098 s
currentSize : 18 <-- 0.049412 s
currentSize : 19 <-- 0.125118 s
currentSize : 20 <-- 1.127198 s
currentSize : 21 <-- 35.982075 s
currentSize : 22 <-- 37.097233 s
currentSize : 23 <-- 39.407993 s
currentSize : 25 <-- 47.962498 s
currentSize : 26 <-- 48.088184 s
currentSize : 27 <-- 48.491676 s
currentSize : 28 <-- 48.492336 s
currentSize : 30 <-- 50.081066 s
currentSize : 31 <-- 50.084274 s

maxsize : 31
nodes : 3556829.000000
filtered : 111452405.000000
time : 50.271408
