Parameters: GAD=1 vflib=1 dir=0 label=0 lowerbound=1 fileNameGp=../graphsdb/mcs90/bvg/b09m/mcs90_b09m_s35.A60 fileNameGt=../graphsdb/mcs90/bvg/b09m/mcs90_b09m_s35.B60
Reading graphs...
35 :  150
35 :  150
Initializing...
maxdom : 35
D->valSize : 1225
Solving...
currentSize : 13 <-- 0.031503 s
currentSize : 14 <-- 0.031568 s
currentSize : 15 <-- 0.032413 s
currentSize : 16 <-- 0.089053 s
currentSize : 17 <-- 1.207948 s
currentSize : 18 <-- 4.085700 s
currentSize : 19 <-- 9.910053 s
currentSize : 22 <-- 84.771828 s
currentSize : 23 <-- 92.916046 s
currentSize : 30 <-- 92.920738 s

maxsize : 30
nodes : 10341654.000000
filtered : 319961913.000000
time : 93.319626
