Parameters: GAD=1 vflib=1 dir=0 label=0 lowerbound=1 fileNameGp=../graphsdb/mcs90/m2D/m2Dr4/mcs90_m2Dr4_s30.A18 fileNameGt=../graphsdb/mcs90/m2D/m2Dr4/mcs90_m2Dr4_s30.B18
Reading graphs...
30 :  61
30 :  60
Initializing...
maxdom : 30
D->valSize : 900
Solving...
currentSize : 15 <-- 0.010528 s
currentSize : 16 <-- 0.010588 s
currentSize : 17 <-- 0.010945 s
currentSize : 18 <-- 0.010980 s
currentSize : 19 <-- 0.095052 s
currentSize : 20 <-- 1.679409 s
currentSize : 21 <-- 2.824068 s
currentSize : 23 <-- 5.771608 s
currentSize : 25 <-- 5.771727 s

maxsize : 25
nodes : 484743.000000
filtered : 13476528.000000
time : 6.483202
