Parameters: GAD=1 vflib=1 dir=0 label=0 lowerbound=1 fileNameGp=../graphsdb/mcs90/bvg/b06m/mcs90_b06m_s30.A71 fileNameGt=../graphsdb/mcs90/bvg/b06m/mcs90_b06m_s30.B71
Reading graphs...
30 :  89
30 :  89
Initializing...
maxdom : 30
D->valSize : 900
Solving...
currentSize : 15 <-- 0.016418 s
currentSize : 16 <-- 0.016464 s
currentSize : 17 <-- 0.030003 s
currentSize : 18 <-- 0.064875 s
currentSize : 21 <-- 0.221099 s
currentSize : 23 <-- 0.234539 s
currentSize : 25 <-- 0.234593 s
currentSize : 27 <-- 0.235014 s

maxsize : 27
nodes : 34766.000000
filtered : 771674.000000
time : 0.343172
