Parameters: GAD=1 vflib=1 dir=0 label=0 lowerbound=1 fileNameGp=../graphsdb/mcs90/bvg/b06m/mcs90_b06m_s35.A97 fileNameGt=../graphsdb/mcs90/bvg/b06m/mcs90_b06m_s35.B97
Reading graphs...
35 :  103
35 :  101
Initializing...
maxdom : 35
D->valSize : 1225
Solving...
currentSize : 13 <-- 0.033519 s
currentSize : 15 <-- 0.034910 s
currentSize : 16 <-- 0.054950 s
currentSize : 17 <-- 0.055055 s
currentSize : 18 <-- 0.167426 s
currentSize : 19 <-- 0.646883 s
currentSize : 21 <-- 2.362520 s
currentSize : 22 <-- 2.445438 s
currentSize : 23 <-- 8.922468 s
currentSize : 25 <-- 9.198323 s
currentSize : 26 <-- 9.875485 s
currentSize : 27 <-- 9.951420 s
currentSize : 31 <-- 9.967416 s

maxsize : 31
nodes : 765748.000000
filtered : 26577082.000000
time : 10.241370
