Parameters: GAD=1 vflib=1 dir=0 label=0 lowerbound=1 fileNameGp=../graphsdb/mcs90/m3D/m3Dr2/mcs90_m3Dr2_s30.A34 fileNameGt=../graphsdb/mcs90/m3D/m3Dr2/mcs90_m3Dr2_s30.B34
Reading graphs...
30 :  65
30 :  64
Initializing...
maxdom : 30
D->valSize : 900
Solving...
currentSize : 14 <-- 0.018773 s
currentSize : 15 <-- 0.018888 s
currentSize : 16 <-- 0.018981 s
currentSize : 17 <-- 0.019420 s
currentSize : 18 <-- 0.025228 s
currentSize : 19 <-- 0.077097 s
currentSize : 20 <-- 0.107162 s
currentSize : 21 <-- 0.487568 s
currentSize : 22 <-- 0.510742 s
currentSize : 23 <-- 0.915833 s
currentSize : 24 <-- 0.916022 s
currentSize : 26 <-- 0.916148 s
currentSize : 27 <-- 1.066529 s

maxsize : 27
nodes : 74145.000000
filtered : 2266235.000000
time : 1.142795
