Parameters: GAD=1 vflib=1 dir=0 label=0 lowerbound=1 fileNameGp=../graphsdb/mcs90/m2D/m2Dr2/mcs90_m2Dr2_s20.A94 fileNameGt=../graphsdb/mcs90/m2D/m2Dr2/mcs90_m2Dr2_s20.B94
Reading graphs...
20 :  34
20 :  34
Initializing...
maxdom : 20
D->valSize : 400
Solving...
currentSize : 10 <-- 0.002230 s
currentSize : 12 <-- 0.002252 s
currentSize : 13 <-- 0.002401 s
currentSize : 14 <-- 0.002616 s
currentSize : 15 <-- 0.004961 s
currentSize : 17 <-- 0.095889 s

maxsize : 17
nodes : 9955.000000
filtered : 242028.000000
time : 0.097840
