Parameters: GAD=1 vflib=1 dir=0 label=0 lowerbound=1 fileNameGp=../graphsdb/mcs90/bvg/b09m/mcs90_b09m_s35.A44 fileNameGt=../graphsdb/mcs90/bvg/b09m/mcs90_b09m_s35.B44
Reading graphs...
35 :  155
35 :  155
Initializing...
maxdom : 35
D->valSize : 1225
Solving...
currentSize : 13 <-- 0.017796 s
currentSize : 14 <-- 0.018711 s
currentSize : 15 <-- 0.025343 s
currentSize : 16 <-- 0.041957 s
currentSize : 17 <-- 0.457684 s
currentSize : 19 <-- 5.474458 s
currentSize : 20 <-- 6.442987 s
currentSize : 21 <-- 23.895792 s
currentSize : 24 <-- 35.158665 s
currentSize : 26 <-- 35.183788 s
currentSize : 30 <-- 35.183876 s

maxsize : 30
nodes : 4511548.000000
filtered : 136593386.000000
time : 35.754974
