Parameters: GAD=1 vflib=1 dir=0 label=0 lowerbound=1 fileNameGp=../graphsdb/mcs90/bvg/b06m/mcs90_b06m_s30.A37 fileNameGt=../graphsdb/mcs90/bvg/b06m/mcs90_b06m_s30.B37
Reading graphs...
30 :  87
30 :  87
Initializing...
maxdom : 30
D->valSize : 900
Solving...
currentSize : 14 <-- 0.010429 s
currentSize : 15 <-- 0.010459 s
currentSize : 16 <-- 0.041142 s
currentSize : 17 <-- 0.366455 s
currentSize : 18 <-- 0.848505 s
currentSize : 19 <-- 4.231330 s
currentSize : 21 <-- 8.327123 s
currentSize : 22 <-- 9.408955 s
currentSize : 24 <-- 9.409075 s
currentSize : 25 <-- 9.411510 s
currentSize : 27 <-- 9.411613 s

maxsize : 27
nodes : 762042.000000
filtered : 22784892.000000
time : 9.493181
