Parameters: GAD=1 vflib=1 dir=0 label=0 lowerbound=1 fileNameGp=../graphsdb/mcs90/rand/r005/mcs90_r005_s35.A75 fileNameGt=../graphsdb/mcs90/rand/r005/mcs90_r005_s35.B75
Reading graphs...
35 :  57
35 :  56
Initializing...
maxdom : 35
D->valSize : 1225
Solving...
currentSize : 18 <-- 0.020613 s
currentSize : 19 <-- 0.020653 s
currentSize : 20 <-- 0.021196 s
currentSize : 21 <-- 1.711117 s
currentSize : 22 <-- 2.616400 s
currentSize : 23 <-- 8.991029 s
currentSize : 24 <-- 34.682995 s
currentSize : 25 <-- 53.653656 s
currentSize : 26 <-- 53.705975 s
currentSize : 27 <-- 53.776131 s
currentSize : 30 <-- 53.776630 s
currentSize : 31 <-- 54.803448 s

maxsize : 31
nodes : 3313875.000000
filtered : 74898838.000000
time : 55.282806
