Parameters: GAD=1 vflib=1 dir=0 label=0 lowerbound=1 fileNameGp=../graphsdb/mcs90/m4D/m4D/mcs90_m4D_s20.A11 fileNameGt=../graphsdb/mcs90/m4D/m4D/mcs90_m4D_s20.B11
Reading graphs...
20 :  37
20 :  37
Initializing...
maxdom : 20
D->valSize : 400
Solving...
currentSize : 6 <-- 0.002163 s
currentSize : 7 <-- 0.002273 s
currentSize : 8 <-- 0.003394 s
currentSize : 9 <-- 0.004714 s
currentSize : 11 <-- 0.004906 s
currentSize : 12 <-- 0.004932 s
currentSize : 14 <-- 0.019674 s
currentSize : 15 <-- 0.024740 s
currentSize : 16 <-- 0.037134 s
currentSize : 17 <-- 0.046801 s

maxsize : 17
nodes : 7955.000000
filtered : 121332.000000
time : 0.057226
