Parameters: GAD=1 vflib=1 dir=0 label=0 lowerbound=1 fileNameGp=../graphsdb/mcs90/m3D/m3Dr2/mcs90_m3Dr2_s30.A87 fileNameGt=../graphsdb/mcs90/m3D/m3Dr2/mcs90_m3Dr2_s30.B87
Reading graphs...
30 :  67
30 :  67
Initializing...
maxdom : 30
D->valSize : 900
Solving...
currentSize : 16 <-- 0.018700 s
currentSize : 17 <-- 0.018779 s
currentSize : 18 <-- 0.040953 s
currentSize : 19 <-- 0.089710 s
currentSize : 20 <-- 0.141186 s
currentSize : 21 <-- 0.150022 s
currentSize : 22 <-- 5.565235 s
currentSize : 24 <-- 5.571588 s
currentSize : 25 <-- 5.571778 s
currentSize : 27 <-- 5.581450 s

maxsize : 27
nodes : 388985.000000
filtered : 12138094.000000
time : 5.692582
