Parameters: GAD=1 vflib=1 dir=0 label=0 lowerbound=1 fileNameGp=../graphsdb/mcs90/m2D/m2D/mcs90_m2D_s20.A41 fileNameGt=../graphsdb/mcs90/m2D/m2D/mcs90_m2D_s20.B41
Reading graphs...
20 :  31
20 :  31
Initializing...
maxdom : 20
D->valSize : 400
Solving...
currentSize : 9 <-- 0.002213 s
currentSize : 10 <-- 0.002279 s
currentSize : 11 <-- 0.002338 s
currentSize : 12 <-- 0.005685 s
currentSize : 13 <-- 0.009843 s
currentSize : 14 <-- 0.018920 s
currentSize : 15 <-- 0.021646 s
currentSize : 16 <-- 0.027305 s

maxsize : 16
nodes : 11170.000000
filtered : 254056.000000
time : 0.178480
