Parameters: GAD=1 vflib=1 dir=0 label=0 lowerbound=1 fileNameGp=../graphsdb/mcs90/bvg/b09/mcs90_b09_s30.A25 fileNameGt=../graphsdb/mcs90/bvg/b09/mcs90_b09_s30.B25
Reading graphs...
30 :  134
30 :  135
Initializing...
maxdom : 30
D->valSize : 900
Solving...
currentSize : 13 <-- 0.016331 s
currentSize : 14 <-- 0.016795 s
currentSize : 15 <-- 0.017117 s
currentSize : 22 <-- 0.017320 s
currentSize : 23 <-- 0.031081 s
currentSize : 24 <-- 0.031196 s
currentSize : 26 <-- 0.031335 s

maxsize : 26
nodes : 17040.000000
filtered : 1092406.000000
time : 0.481764
