Parameters: GAD=1 vflib=1 dir=0 label=0 lowerbound=1 fileNameGp=../graphsdb/mcs90/m2D/m2Dr2/mcs90_m2Dr2_s30.A27 fileNameGt=../graphsdb/mcs90/m2D/m2Dr2/mcs90_m2Dr2_s30.B27
Reading graphs...
30 :  55
30 :  55
Initializing...
maxdom : 30
D->valSize : 900
Solving...
currentSize : 14 <-- 0.010881 s
currentSize : 15 <-- 0.010910 s
currentSize : 16 <-- 0.010942 s
currentSize : 17 <-- 0.025555 s
currentSize : 18 <-- 0.189260 s
currentSize : 19 <-- 1.654906 s
currentSize : 20 <-- 3.465573 s
currentSize : 21 <-- 4.909579 s
currentSize : 22 <-- 19.187117 s
currentSize : 25 <-- 19.615383 s

maxsize : 25
nodes : 1050454.000000
filtered : 28476845.000000
time : 20.936939
