Parameters: GAD=1 vflib=1 dir=0 label=0 lowerbound=1 fileNameGp=../graphsdb/mcs90/rand/r02/mcs90_r02_s30.A26 fileNameGt=../graphsdb/mcs90/rand/r02/mcs90_r02_s30.B26
Reading graphs...
30 :  157
30 :  159
Initializing...
maxdom : 30
D->valSize : 900
Solving...
currentSize : 10 <-- 0.016127 s
currentSize : 11 <-- 0.016204 s
currentSize : 12 <-- 0.016714 s
currentSize : 13 <-- 0.027217 s
currentSize : 14 <-- 1.235101 s
currentSize : 16 <-- 1.316611 s
currentSize : 19 <-- 5.155206 s
currentSize : 20 <-- 6.755094 s
currentSize : 27 <-- 7.131682 s

maxsize : 27
nodes : 1303862.000000
filtered : 24722388.000000
time : 7.176262
