Parameters: GAD=1 vflib=1 dir=0 label=0 lowerbound=1 fileNameGp=../graphsdb/mcs90/rand/r005/mcs90_r005_s30.A16 fileNameGt=../graphsdb/mcs90/rand/r005/mcs90_r005_s30.B16
Reading graphs...
30 :  41
30 :  42
Initializing...
maxdom : 30
D->valSize : 900
Solving...
currentSize : 11 <-- 0.012270 s
currentSize : 14 <-- 0.012351 s
currentSize : 15 <-- 0.012369 s
currentSize : 16 <-- 0.014237 s
currentSize : 17 <-- 0.213805 s
currentSize : 18 <-- 3.275868 s
currentSize : 20 <-- 3.295912 s
currentSize : 21 <-- 4.402507 s
currentSize : 22 <-- 4.402772 s
currentSize : 23 <-- 4.408982 s
currentSize : 24 <-- 4.456939 s
currentSize : 27 <-- 4.458274 s

maxsize : 27
nodes : 713416.000000
filtered : 3863114.000000
time : 4.571678
