Parameters: GAD=1 vflib=1 dir=0 label=0 lowerbound=1 fileNameGp=../graphsdb/mcs90/rand/r01/mcs90_r01_s20.A46 fileNameGt=../graphsdb/mcs90/rand/r01/mcs90_r01_s20.B46
Reading graphs...
20 :  37
20 :  37
Initializing...
maxdom : 20
D->valSize : 400
Solving...
currentSize : 10 <-- 0.002172 s
currentSize : 11 <-- 0.002250 s
currentSize : 12 <-- 0.002313 s
currentSize : 13 <-- 0.008626 s
currentSize : 15 <-- 0.077480 s
currentSize : 17 <-- 0.107124 s
currentSize : 18 <-- 0.107372 s

maxsize : 18
nodes : 13407.000000
filtered : 237177.000000
time : 0.109679
