Parameters: GAD=1 vflib=1 dir=0 label=0 lowerbound=1 fileNameGp=../graphsdb/mcs90/m2D/m2Dr4/mcs90_m2Dr4_s30.A16 fileNameGt=../graphsdb/mcs90/m2D/m2Dr4/mcs90_m2Dr4_s30.B16
Reading graphs...
30 :  61
30 :  61
Initializing...
maxdom : 30
D->valSize : 900
Solving...
currentSize : 15 <-- 0.019219 s
currentSize : 17 <-- 0.019577 s
currentSize : 18 <-- 0.031957 s
currentSize : 19 <-- 0.042330 s
currentSize : 20 <-- 0.126379 s
currentSize : 22 <-- 0.836564 s
currentSize : 23 <-- 1.437440 s
currentSize : 25 <-- 1.587147 s

maxsize : 25
nodes : 128659.000000
filtered : 4389946.000000
time : 2.293255
