Parameters: GAD=1 vflib=1 dir=0 label=0 lowerbound=1 fileNameGp=../graphsdb/mcs90/bvg/b03/mcs90_b03_s35.A94 fileNameGt=../graphsdb/mcs90/bvg/b03/mcs90_b03_s35.B94
Reading graphs...
35 :  52
35 :  52
Initializing...
maxdom : 35
D->valSize : 1225
Solving...
currentSize : 26 <-- 0.021106 s
currentSize : 27 <-- 0.021326 s
currentSize : 28 <-- 0.031059 s
currentSize : 29 <-- 0.795172 s
currentSize : 30 <-- 0.831500 s
currentSize : 31 <-- 1.029200 s
currentSize : 32 <-- 2.295392 s

maxsize : 32
nodes : 35052.000000
filtered : 2081329.000000
time : 2.743791
