Parameters: GAD=1 vflib=1 dir=0 label=0 lowerbound=1 fileNameGp=../graphsdb/mcs90/bvg/b09/mcs90_b09_s30.A56 fileNameGt=../graphsdb/mcs90/bvg/b09/mcs90_b09_s30.B56
Reading graphs...
30 :  134
30 :  133
Initializing...
maxdom : 30
D->valSize : 900
Solving...
currentSize : 11 <-- 0.014178 s
currentSize : 12 <-- 0.014314 s
currentSize : 13 <-- 0.015160 s
currentSize : 14 <-- 0.015853 s
currentSize : 15 <-- 0.047240 s
currentSize : 16 <-- 0.069558 s
currentSize : 17 <-- 0.069620 s
currentSize : 20 <-- 0.069692 s
currentSize : 22 <-- 0.070046 s
currentSize : 26 <-- 0.078539 s

maxsize : 26
nodes : 26312.000000
filtered : 1124296.000000
time : 0.349701
