Parameters: GAD=1 vflib=1 dir=0 label=0 lowerbound=1 fileNameGp=../graphsdb/mcs90/bvg/b09m/mcs90_b09m_s20.A48 fileNameGt=../graphsdb/mcs90/bvg/b09m/mcs90_b09m_s20.B48
Reading graphs...
20 :  83
20 :  84
Initializing...
maxdom : 20
D->valSize : 400
Solving...
currentSize : 7 <-- 0.001932 s
currentSize : 8 <-- 0.001950 s
currentSize : 9 <-- 0.001959 s
currentSize : 10 <-- 0.002110 s
currentSize : 11 <-- 0.014028 s
currentSize : 12 <-- 0.015041 s
currentSize : 14 <-- 0.070015 s
currentSize : 18 <-- 0.122549 s

maxsize : 18
nodes : 30533.000000
filtered : 472430.000000
time : 0.125798
