Parameters: GAD=1 vflib=1 dir=0 label=0 lowerbound=1 fileNameGp=../graphsdb/mcs90/bvg/b09m/mcs90_b09m_s35.A82 fileNameGt=../graphsdb/mcs90/bvg/b09m/mcs90_b09m_s35.B82
Reading graphs...
35 :  150
35 :  151
Initializing...
maxdom : 35
D->valSize : 1225
Solving...
currentSize : 11 <-- 0.031104 s
currentSize : 12 <-- 0.031235 s
currentSize : 13 <-- 0.031552 s
currentSize : 14 <-- 0.031624 s
currentSize : 15 <-- 0.032179 s
currentSize : 16 <-- 0.032331 s
currentSize : 17 <-- 1.783278 s
currentSize : 18 <-- 96.006447 s
currentSize : 19 <-- 116.230530 s
currentSize : 20 <-- 119.894310 s
currentSize : 21 <-- 167.412903 s
currentSize : 25 <-- 167.415237 s
currentSize : 30 <-- 167.930069 s

maxsize : 30
nodes : 22623737.000000
filtered : 549007161.000000
time : 168.417084
