Parameters: GAD=1 vflib=1 dir=0 label=0 lowerbound=1 fileNameGp=../graphsdb/mcs90/bvg/b09m/mcs90_b09m_s20.A51 fileNameGt=../graphsdb/mcs90/bvg/b09m/mcs90_b09m_s20.B51
Reading graphs...
20 :  83
20 :  84
Initializing...
maxdom : 20
D->valSize : 400
Solving...
currentSize : 7 <-- 0.001944 s
currentSize : 8 <-- 0.001968 s
currentSize : 9 <-- 0.001999 s
currentSize : 10 <-- 0.002012 s
currentSize : 11 <-- 0.002036 s
currentSize : 12 <-- 0.002087 s
currentSize : 13 <-- 0.002103 s
currentSize : 18 <-- 0.002149 s

maxsize : 18
nodes : 381.000000
filtered : 22639.000000
time : 0.006363
