Parameters: GAD=1 vflib=1 dir=0 label=0 lowerbound=1 fileNameGp=../graphsdb/mcs90/bvg/b06m/mcs90_b06m_s25.A17 fileNameGt=../graphsdb/mcs90/bvg/b06m/mcs90_b06m_s25.B17
Reading graphs...
25 :  73
25 :  73
Initializing...
maxdom : 25
D->valSize : 625
Solving...
currentSize : 12 <-- 0.004729 s
currentSize : 13 <-- 0.004760 s
currentSize : 14 <-- 0.004830 s
currentSize : 15 <-- 0.008736 s
currentSize : 16 <-- 0.353697 s
currentSize : 18 <-- 0.625468 s
currentSize : 19 <-- 0.627213 s
currentSize : 20 <-- 0.720681 s
currentSize : 22 <-- 0.720972 s

maxsize : 22
nodes : 78277.000000
filtered : 2029128.000000
time : 0.746587
