Parameters: GAD=1 vflib=1 dir=0 label=0 lowerbound=1 fileNameGp=../graphsdb/mcs90/bvg/b03m/mcs90_b03m_s35.A87 fileNameGt=../graphsdb/mcs90/bvg/b03m/mcs90_b03m_s35.B87
Reading graphs...
35 :  51
35 :  50
Initializing...
maxdom : 35
D->valSize : 1225
Solving...
currentSize : 15 <-- 0.025560 s
currentSize : 16 <-- 0.025587 s
currentSize : 19 <-- 0.025614 s
currentSize : 20 <-- 0.028266 s
currentSize : 21 <-- 0.036359 s
currentSize : 22 <-- 0.076693 s
currentSize : 23 <-- 0.115912 s
currentSize : 24 <-- 1.142038 s
currentSize : 25 <-- 1.150500 s
currentSize : 26 <-- 7.381705 s
currentSize : 27 <-- 7.461768 s
currentSize : 28 <-- 12.298820 s
currentSize : 29 <-- 42.548866 s
currentSize : 30 <-- 47.712254 s

maxsize : 30
nodes : 795666.000000
filtered : 37345368.000000
time : 51.702187
