Parameters: GAD=1 vflib=1 dir=0 label=0 lowerbound=1 fileNameGp=../graphsdb/mcs90/bvg/b09m/mcs90_b09m_s30.A54 fileNameGt=../graphsdb/mcs90/bvg/b09m/mcs90_b09m_s30.B54
Reading graphs...
30 :  129
30 :  127
Initializing...
maxdom : 30
D->valSize : 900
Solving...
currentSize : 11 <-- 0.009543 s
currentSize : 12 <-- 0.010041 s
currentSize : 13 <-- 0.048397 s
currentSize : 14 <-- 0.053377 s
currentSize : 15 <-- 0.469263 s
currentSize : 16 <-- 0.715167 s
currentSize : 17 <-- 1.097394 s
currentSize : 19 <-- 1.103808 s
currentSize : 20 <-- 1.104233 s
currentSize : 26 <-- 3.064131 s

maxsize : 26
nodes : 402293.000000
filtered : 11424144.000000
time : 3.118262
