Parameters: GAD=1 vflib=1 dir=0 label=0 lowerbound=1 fileNameGp=../graphsdb/mcs90/m2D/m2D/mcs90_m2D_s30.A71 fileNameGt=../graphsdb/mcs90/m2D/m2D/mcs90_m2D_s30.B71
Reading graphs...
30 :  49
30 :  48
Initializing...
maxdom : 30
D->valSize : 900
Solving...
currentSize : 15 <-- 0.011084 s
currentSize : 16 <-- 0.011142 s
currentSize : 18 <-- 0.011280 s
currentSize : 19 <-- 0.022656 s
currentSize : 21 <-- 0.030165 s
currentSize : 22 <-- 0.030181 s
currentSize : 23 <-- 2.815757 s
currentSize : 24 <-- 3.884711 s
currentSize : 25 <-- 5.541110 s

maxsize : 25
nodes : 223575.000000
filtered : 8917997.000000
time : 7.723757
