Parameters: GAD=1 vflib=1 dir=0 label=0 lowerbound=1 fileNameGp=../graphsdb/mcs90/bvg/b09/mcs90_b09_s30.A41 fileNameGt=../graphsdb/mcs90/bvg/b09/mcs90_b09_s30.B41
Reading graphs...
30 :  134
30 :  134
Initializing...
maxdom : 30
D->valSize : 900
Solving...
currentSize : 11 <-- 0.016543 s
currentSize : 12 <-- 0.017931 s
currentSize : 13 <-- 0.031350 s
currentSize : 14 <-- 0.042922 s
currentSize : 15 <-- 0.070577 s
currentSize : 16 <-- 0.113095 s
currentSize : 17 <-- 0.141769 s
currentSize : 19 <-- 0.142045 s
currentSize : 20 <-- 0.180423 s
currentSize : 21 <-- 0.191662 s
currentSize : 23 <-- 0.200221 s
currentSize : 24 <-- 0.232302 s
currentSize : 25 <-- 0.327598 s
currentSize : 26 <-- 0.340384 s

maxsize : 26
nodes : 45047.000000
filtered : 1319087.000000
time : 0.459913
