Parameters: GAD=1 vflib=1 dir=0 label=0 lowerbound=1 fileNameGp=../graphsdb/mcs90/bvg/b09/mcs90_b09_s30.A18 fileNameGt=../graphsdb/mcs90/bvg/b09/mcs90_b09_s30.B18
Reading graphs...
30 :  135
30 :  135
Initializing...
maxdom : 30
D->valSize : 900
Solving...
currentSize : 10 <-- 0.009579 s
currentSize : 12 <-- 0.009608 s
currentSize : 14 <-- 0.009734 s
currentSize : 15 <-- 0.010818 s
currentSize : 16 <-- 0.013532 s
currentSize : 17 <-- 0.013626 s
currentSize : 18 <-- 0.015744 s
currentSize : 19 <-- 0.015971 s
currentSize : 22 <-- 0.016024 s
currentSize : 25 <-- 0.026254 s
currentSize : 26 <-- 0.026448 s

maxsize : 26
nodes : 14504.000000
filtered : 935820.000000
time : 0.257063
