Parameters: GAD=1 vflib=1 dir=0 label=0 lowerbound=1 fileNameGp=../graphsdb/mcs90/m3D/m3Dr6/mcs90_m3Dr6_s30.A41 fileNameGt=../graphsdb/mcs90/m3D/m3Dr6/mcs90_m3Dr6_s30.B41
Reading graphs...
30 :  75
30 :  75
Initializing...
maxdom : 30
D->valSize : 900
Solving...
currentSize : 14 <-- 0.010844 s
currentSize : 15 <-- 0.013090 s
currentSize : 17 <-- 0.065736 s
currentSize : 18 <-- 0.198758 s
currentSize : 19 <-- 0.350837 s
currentSize : 20 <-- 0.393986 s
currentSize : 21 <-- 1.215364 s
currentSize : 23 <-- 1.288871 s
currentSize : 27 <-- 1.657826 s

maxsize : 27
nodes : 171697.000000
filtered : 4743285.000000
time : 1.728896
