Parameters: GAD=1 vflib=1 dir=0 label=0 lowerbound=1 fileNameGp=../graphsdb/mcs90/bvg/b09m/mcs90_b09m_s25.A06 fileNameGt=../graphsdb/mcs90/bvg/b09m/mcs90_b09m_s25.B06
Reading graphs...
25 :  110
25 :  110
Initializing...
maxdom : 25
D->valSize : 625
Solving...
currentSize : 9 <-- 0.004482 s
currentSize : 10 <-- 0.004656 s
currentSize : 11 <-- 0.005588 s
currentSize : 12 <-- 0.008266 s
currentSize : 14 <-- 0.051765 s
currentSize : 15 <-- 1.064193 s
currentSize : 17 <-- 1.468820 s
currentSize : 20 <-- 1.524554 s
currentSize : 22 <-- 1.524615 s

maxsize : 22
nodes : 315323.000000
filtered : 5401640.000000
time : 1.540202
