Parameters: GAD=1 vflib=1 dir=0 label=0 lowerbound=1 fileNameGp=../graphsdb/mcs90/rand/r01/mcs90_r01_s35.A87 fileNameGt=../graphsdb/mcs90/rand/r01/mcs90_r01_s35.B87
Reading graphs...
35 :  113
35 :  111
Initializing...
maxdom : 35
D->valSize : 1225
Solving...
currentSize : 15 <-- 0.033244 s
currentSize : 16 <-- 0.039079 s
currentSize : 17 <-- 0.039124 s
currentSize : 18 <-- 0.840835 s
currentSize : 19 <-- 1.135977 s
currentSize : 20 <-- 3.147227 s
currentSize : 21 <-- 21.776588 s
currentSize : 23 <-- 25.824764 s
currentSize : 25 <-- 25.830021 s
currentSize : 26 <-- 26.417780 s
currentSize : 31 <-- 31.700232 s

maxsize : 31
nodes : 3227374.000000
filtered : 97370172.000000
time : 31.938526
