Parameters: GAD=1 vflib=1 dir=0 label=0 lowerbound=1 fileNameGp=../graphsdb/mcs90/m2D/m2Dr6/mcs90_m2Dr6_s20.A48 fileNameGt=../graphsdb/mcs90/m2D/m2Dr6/mcs90_m2Dr6_s20.B48
Reading graphs...
20 :  41
20 :  40
Initializing...
maxdom : 20
D->valSize : 400
Solving...
currentSize : 9 <-- 0.002122 s
currentSize : 11 <-- 0.002151 s
currentSize : 12 <-- 0.002545 s
currentSize : 13 <-- 0.008274 s
currentSize : 14 <-- 0.131128 s
currentSize : 15 <-- 0.145392 s
currentSize : 16 <-- 0.204805 s

maxsize : 16
nodes : 31891.000000
filtered : 604001.000000
time : 0.223858
