Parameters: GAD=1 vflib=1 dir=0 label=0 lowerbound=1 fileNameGp=../graphsdb/mcs90/rand/r01/mcs90_r01_s35.A37 fileNameGt=../graphsdb/mcs90/rand/r01/mcs90_r01_s35.B37
Reading graphs...
35 :  113
35 :  112
Initializing...
maxdom : 35
D->valSize : 1225
Solving...
currentSize : 12 <-- 0.018927 s
currentSize : 13 <-- 0.018948 s
currentSize : 14 <-- 0.018980 s
currentSize : 15 <-- 0.019099 s
currentSize : 16 <-- 0.019545 s
currentSize : 17 <-- 0.025720 s
currentSize : 18 <-- 0.045350 s
currentSize : 19 <-- 0.231534 s
currentSize : 22 <-- 2.164722 s
currentSize : 23 <-- 2.164856 s
currentSize : 27 <-- 2.165193 s
currentSize : 31 <-- 2.165263 s

maxsize : 31
nodes : 317793.000000
filtered : 4979293.000000
time : 2.311126
