Parameters: GAD=1 vflib=1 dir=0 label=0 lowerbound=1 fileNameGp=../graphsdb/mcs90/bvg/b09/mcs90_b09_s35.A87 fileNameGt=../graphsdb/mcs90/bvg/b09/mcs90_b09_s35.B87
Reading graphs...
35 :  157
35 :  155
Initializing...
maxdom : 35
D->valSize : 1225
Solving...
currentSize : 10 <-- 0.017764 s
currentSize : 12 <-- 0.017796 s
currentSize : 13 <-- 0.018247 s
currentSize : 14 <-- 0.019846 s
currentSize : 15 <-- 0.024419 s
currentSize : 16 <-- 0.039515 s
currentSize : 17 <-- 0.049512 s
currentSize : 18 <-- 0.185773 s
currentSize : 20 <-- 0.292725 s
currentSize : 22 <-- 0.292970 s
currentSize : 24 <-- 0.293688 s
currentSize : 26 <-- 0.325978 s
currentSize : 30 <-- 0.382820 s

maxsize : 30
nodes : 98581.000000
filtered : 4212591.000000
time : 1.256459
