Parameters: GAD=1 vflib=1 dir=0 label=0 lowerbound=1 fileNameGp=../graphsdb/mcs90/m4D/m4D/mcs90_m4D_s20.A27 fileNameGt=../graphsdb/mcs90/m4D/m4D/mcs90_m4D_s20.B27
Reading graphs...
20 :  37
20 :  37
Initializing...
maxdom : 20
D->valSize : 400
Solving...
currentSize : 8 <-- 0.002185 s
currentSize : 10 <-- 0.002204 s
currentSize : 11 <-- 0.002242 s
currentSize : 13 <-- 0.002287 s
currentSize : 14 <-- 0.004561 s
currentSize : 15 <-- 0.047718 s
currentSize : 16 <-- 0.047879 s

maxsize : 16
nodes : 7433.000000
filtered : 115222.000000
time : 0.104513
