Parameters: GAD=1 vflib=1 dir=0 label=0 lowerbound=1 fileNameGp=../graphsdb/mcs90/rand/r005/mcs90_r005_s35.A74 fileNameGt=../graphsdb/mcs90/rand/r005/mcs90_r005_s35.B74
Reading graphs...
35 :  58
35 :  58
Initializing...
maxdom : 35
D->valSize : 1225
Solving...
currentSize : 19 <-- 0.020619 s
currentSize : 21 <-- 0.021605 s
currentSize : 22 <-- 25.707424 s
currentSize : 23 <-- 56.359356 s
currentSize : 24 <-- 57.559093 s
currentSize : 25 <-- 114.712265 s
currentSize : 26 <-- 243.935455 s
currentSize : 27 <-- 244.668961 s
currentSize : 28 <-- 246.207657 s
currentSize : 31 <-- 246.356766 s

maxsize : 31
nodes : 10347886.000000
filtered : 282112169.000000
time : 246.996948
