Parameters: GAD=1 vflib=1 dir=0 label=0 lowerbound=1 fileNameGp=../graphsdb/mcs90/m4D/m4D/mcs90_m4D_s20.A52 fileNameGt=../graphsdb/mcs90/m4D/m4D/mcs90_m4D_s20.B52
Reading graphs...
20 :  37
20 :  37
Initializing...
maxdom : 20
D->valSize : 400
Solving...
currentSize : 8 <-- 0.002179 s
currentSize : 9 <-- 0.003695 s
currentSize : 10 <-- 0.003743 s
currentSize : 13 <-- 0.004845 s
currentSize : 14 <-- 0.004853 s
currentSize : 15 <-- 0.004888 s
currentSize : 17 <-- 0.030243 s

maxsize : 17
nodes : 3568.000000
filtered : 75181.000000
time : 0.053345
