Parameters: GAD=1 vflib=1 dir=0 label=0 lowerbound=1 fileNameGp=../graphsdb/mcs90/m2D/m2Dr2/mcs90_m2Dr2_s30.A09 fileNameGt=../graphsdb/mcs90/m2D/m2Dr2/mcs90_m2Dr2_s30.B09
Reading graphs...
30 :  54
30 :  54
Initializing...
maxdom : 30
D->valSize : 900
Solving...
currentSize : 15 <-- 0.010903 s
currentSize : 16 <-- 0.014257 s
currentSize : 17 <-- 0.022967 s
currentSize : 18 <-- 0.031931 s
currentSize : 19 <-- 0.034568 s
currentSize : 20 <-- 0.117602 s
currentSize : 21 <-- 1.353079 s
currentSize : 22 <-- 2.467360 s
currentSize : 25 <-- 9.050861 s

maxsize : 25
nodes : 577853.000000
filtered : 17611461.000000
time : 10.291591
