Parameters: GAD=1 vflib=1 dir=0 label=0 lowerbound=1 fileNameGp=../graphsdb/mcs90/bvg/b09m/mcs90_b09m_s20.A81 fileNameGt=../graphsdb/mcs90/bvg/b09m/mcs90_b09m_s20.B81
Reading graphs...
20 :  87
20 :  87
Initializing...
maxdom : 20
D->valSize : 400
Solving...
currentSize : 9 <-- 0.001963 s
currentSize : 10 <-- 0.002429 s
currentSize : 11 <-- 0.004920 s
currentSize : 12 <-- 0.072714 s
currentSize : 13 <-- 0.140891 s
currentSize : 14 <-- 0.144775 s
currentSize : 18 <-- 0.144830 s

maxsize : 18
nodes : 38819.000000
filtered : 477977.000000
time : 0.147801
