Parameters: GAD=1 vflib=1 dir=0 label=0 lowerbound=1 fileNameGp=../graphsdb/mcs90/bvg/b03/mcs90_b03_s30.A45 fileNameGt=../graphsdb/mcs90/bvg/b03/mcs90_b03_s30.B45
Reading graphs...
30 :  45
30 :  45
Initializing...
maxdom : 30
D->valSize : 900
Solving...
currentSize : 18 <-- 0.011175 s
currentSize : 19 <-- 0.011309 s
currentSize : 20 <-- 0.011549 s
currentSize : 21 <-- 0.015515 s
currentSize : 22 <-- 0.046320 s
currentSize : 23 <-- 0.130879 s
currentSize : 24 <-- 0.132943 s
currentSize : 26 <-- 0.153429 s
currentSize : 27 <-- 0.208215 s

maxsize : 27
nodes : 11059.000000
filtered : 565363.000000
time : 0.652568
