Parameters: GAD=1 vflib=1 dir=0 label=0 lowerbound=1 fileNameGp=../graphsdb/mcs90/bvg/b06m/mcs90_b06m_s35.A98 fileNameGt=../graphsdb/mcs90/bvg/b06m/mcs90_b06m_s35.B98
Reading graphs...
35 :  104
35 :  104
Initializing...
maxdom : 35
D->valSize : 1225
Solving...
currentSize : 15 <-- 0.019100 s
currentSize : 16 <-- 0.023355 s
currentSize : 17 <-- 0.037145 s
currentSize : 18 <-- 0.037990 s
currentSize : 19 <-- 0.662632 s
currentSize : 20 <-- 3.436344 s
currentSize : 21 <-- 27.874851 s
currentSize : 22 <-- 92.398163 s
currentSize : 23 <-- 95.733002 s
currentSize : 24 <-- 95.735733 s
currentSize : 25 <-- 95.921448 s
currentSize : 27 <-- 95.921547 s
currentSize : 29 <-- 98.665611 s
currentSize : 31 <-- 98.665733 s

maxsize : 31
nodes : 8509307.000000
filtered : 266480303.000000
time : 98.937904
