Parameters: GAD=1 vflib=1 dir=0 label=0 lowerbound=1 fileNameGp=../graphsdb/mcs90/m4D/m4D/mcs90_m4D_s20.A07 fileNameGt=../graphsdb/mcs90/m4D/m4D/mcs90_m4D_s20.B07
Reading graphs...
20 :  37
20 :  37
Initializing...
maxdom : 20
D->valSize : 400
Solving...
currentSize : 9 <-- 0.002167 s
currentSize : 11 <-- 0.002198 s
currentSize : 12 <-- 0.005274 s
currentSize : 14 <-- 0.006130 s
currentSize : 15 <-- 0.006252 s
currentSize : 16 <-- 0.021500 s
currentSize : 17 <-- 0.033955 s

maxsize : 17
nodes : 2933.000000
filtered : 79426.000000
time : 0.048747
