Parameters: GAD=1 vflib=1 dir=0 label=0 lowerbound=1 fileNameGp=../graphsdb/mcs90/bvg/b06/mcs90_b06_s20.A23 fileNameGt=../graphsdb/mcs90/bvg/b06/mcs90_b06_s20.B23
Reading graphs...
20 :  60
20 :  60
Initializing...
maxdom : 20
D->valSize : 400
Solving...
currentSize : 12 <-- 0.001991 s
currentSize : 13 <-- 0.002062 s
currentSize : 14 <-- 0.002143 s
currentSize : 15 <-- 0.002230 s
currentSize : 16 <-- 0.002248 s
currentSize : 18 <-- 0.003027 s

maxsize : 18
nodes : 822.000000
filtered : 30730.000000
time : 0.017335
