Parameters: GAD=1 vflib=1 dir=0 label=0 lowerbound=1 fileNameGp=../graphsdb/mcs90/bvg/b09/mcs90_b09_s35.A57 fileNameGt=../graphsdb/mcs90/bvg/b09/mcs90_b09_s35.B57
Reading graphs...
35 :  156
35 :  156
Initializing...
maxdom : 35
D->valSize : 1225
Solving...
currentSize : 13 <-- 0.017620 s
currentSize : 14 <-- 0.017655 s
currentSize : 15 <-- 0.059540 s
currentSize : 16 <-- 0.064011 s
currentSize : 17 <-- 0.093741 s
currentSize : 18 <-- 0.207018 s
currentSize : 19 <-- 0.611218 s
currentSize : 22 <-- 0.611619 s
currentSize : 26 <-- 0.611698 s
currentSize : 27 <-- 0.740528 s
currentSize : 30 <-- 0.740631 s

maxsize : 30
nodes : 170081.000000
filtered : 5265855.000000
time : 1.581949
