Parameters: GAD=1 vflib=1 dir=0 label=0 lowerbound=1 fileNameGp=../graphsdb/mcs90/m3D/m3Dr4/mcs90_m3Dr4_s30.A45 fileNameGt=../graphsdb/mcs90/m3D/m3Dr4/mcs90_m3Dr4_s30.B45
Reading graphs...
30 :  73
30 :  71
Initializing...
maxdom : 30
D->valSize : 900
Solving...
currentSize : 15 <-- 0.010720 s
currentSize : 16 <-- 0.010831 s
currentSize : 17 <-- 0.012515 s
currentSize : 18 <-- 0.111004 s
currentSize : 19 <-- 0.228044 s
currentSize : 20 <-- 6.922690 s
currentSize : 21 <-- 9.731061 s
currentSize : 22 <-- 9.869749 s
currentSize : 26 <-- 9.869834 s
currentSize : 27 <-- 9.869932 s

maxsize : 27
nodes : 980372.000000
filtered : 25224047.000000
time : 9.988999
