Parameters: GAD=1 vflib=1 dir=0 label=0 lowerbound=1 fileNameGp=../graphsdb/mcs90/rand/r01/mcs90_r01_s15.A76 fileNameGt=../graphsdb/mcs90/rand/r01/mcs90_r01_s15.B76
Reading graphs...
15 :  20
15 :  20
Initializing...
maxdom : 15
D->valSize : 225
Solving...
currentSize : 8 <-- 0.000898 s
currentSize : 9 <-- 0.001029 s
currentSize : 10 <-- 0.001044 s
currentSize : 11 <-- 0.001887 s
currentSize : 12 <-- 0.007666 s
currentSize : 13 <-- 0.011235 s

maxsize : 13
nodes : 1760.000000
filtered : 26817.000000
time : 0.011683
