Parameters: GAD=1 vflib=1 dir=0 label=0 lowerbound=1 fileNameGp=../graphsdb/mcs90/m3D/m3Dr4/mcs90_m3Dr4_s30.A49 fileNameGt=../graphsdb/mcs90/m3D/m3Dr4/mcs90_m3Dr4_s30.B49
Reading graphs...
30 :  72
30 :  72
Initializing...
maxdom : 30
D->valSize : 900
Solving...
currentSize : 17 <-- 0.018387 s
currentSize : 18 <-- 0.018569 s
currentSize : 19 <-- 0.019223 s
currentSize : 20 <-- 0.019370 s
currentSize : 21 <-- 3.191580 s
currentSize : 22 <-- 4.638366 s
currentSize : 24 <-- 4.660541 s
currentSize : 27 <-- 4.660619 s

maxsize : 27
nodes : 500736.000000
filtered : 13569885.000000
time : 4.752933
