Parameters: GAD=1 vflib=1 dir=0 label=0 lowerbound=1 fileNameGp=../graphsdb/mcs90/bvg/b06/mcs90_b06_s30.A29 fileNameGt=../graphsdb/mcs90/bvg/b06/mcs90_b06_s30.B29
Reading graphs...
30 :  89
30 :  90
Initializing...
maxdom : 30
D->valSize : 900
Solving...
currentSize : 16 <-- 0.010171 s
currentSize : 18 <-- 0.010194 s
currentSize : 19 <-- 0.012552 s
currentSize : 20 <-- 0.018066 s
currentSize : 21 <-- 0.018380 s
currentSize : 23 <-- 0.024613 s
currentSize : 24 <-- 0.044798 s
currentSize : 25 <-- 0.047506 s
currentSize : 27 <-- 0.049425 s

maxsize : 27
nodes : 8568.000000
filtered : 438884.000000
time : 0.317599
