Parameters: GAD=1 vflib=1 dir=0 label=0 lowerbound=1 fileNameGp=../graphsdb/mcs90/bvg/b06/mcs90_b06_s35.A39 fileNameGt=../graphsdb/mcs90/bvg/b06/mcs90_b06_s35.B39
Reading graphs...
35 :  105
35 :  105
Initializing...
maxdom : 35
D->valSize : 1225
Solving...
currentSize : 19 <-- 0.019239 s
currentSize : 20 <-- 0.019284 s
currentSize : 21 <-- 0.019347 s
currentSize : 22 <-- 0.019447 s
currentSize : 26 <-- 0.019589 s
currentSize : 27 <-- 0.020302 s
currentSize : 28 <-- 0.037745 s
currentSize : 29 <-- 0.041926 s
currentSize : 31 <-- 0.042615 s

maxsize : 31
nodes : 12064.000000
filtered : 897656.000000
time : 0.821928
