Parameters: GAD=1 vflib=1 dir=0 label=0 lowerbound=1 fileNameGp=../graphsdb/mcs90/rand/r01/mcs90_r01_s30.A75 fileNameGt=../graphsdb/mcs90/rand/r01/mcs90_r01_s30.B75
Reading graphs...
30 :  83
30 :  82
Initializing...
maxdom : 30
D->valSize : 900
Solving...
currentSize : 12 <-- 0.010215 s
currentSize : 14 <-- 0.010391 s
currentSize : 15 <-- 0.010905 s
currentSize : 16 <-- 0.013363 s
currentSize : 17 <-- 0.015699 s
currentSize : 18 <-- 0.351873 s
currentSize : 20 <-- 3.589300 s
currentSize : 21 <-- 5.696626 s
currentSize : 24 <-- 5.708025 s
currentSize : 27 <-- 5.735082 s

maxsize : 27
nodes : 632376.000000
filtered : 16771782.000000
time : 5.792667
