Parameters: GAD=1 vflib=1 dir=0 label=0 lowerbound=1 fileNameGp=../graphsdb/mcs90/rand/r02/mcs90_r02_s25.A16 fileNameGt=../graphsdb/mcs90/rand/r02/mcs90_r02_s25.B16
Reading graphs...
25 :  107
25 :  109
Initializing...
maxdom : 25
D->valSize : 625
Solving...
currentSize : 10 <-- 0.004512 s
currentSize : 11 <-- 0.008661 s
currentSize : 12 <-- 0.025677 s
currentSize : 13 <-- 0.313040 s
currentSize : 15 <-- 0.709682 s
currentSize : 22 <-- 0.938963 s

maxsize : 22
nodes : 230413.000000
filtered : 2696413.000000
time : 0.956024
