Parameters: GAD=1 vflib=1 dir=0 label=0 lowerbound=1 fileNameGp=../graphsdb/mcs90/m2D/m2Dr2/mcs90_m2Dr2_s30.A39 fileNameGt=../graphsdb/mcs90/m2D/m2Dr2/mcs90_m2Dr2_s30.B39
Reading graphs...
30 :  55
30 :  54
Initializing...
maxdom : 30
D->valSize : 900
Solving...
currentSize : 14 <-- 0.011249 s
currentSize : 15 <-- 0.011286 s
currentSize : 16 <-- 0.011617 s
currentSize : 19 <-- 0.012339 s
currentSize : 20 <-- 0.041046 s
currentSize : 21 <-- 0.118825 s
currentSize : 22 <-- 2.617330 s
currentSize : 25 <-- 5.615741 s

maxsize : 25
nodes : 310076.000000
filtered : 10874071.000000
time : 6.772236
