Parameters: GAD=1 vflib=1 dir=0 label=0 lowerbound=1 fileNameGp=../graphsdb/mcs90/rand/r005/mcs90_r005_s30.A88 fileNameGt=../graphsdb/mcs90/rand/r005/mcs90_r005_s30.B88
Reading graphs...
30 :  42
30 :  42
Initializing...
maxdom : 30
D->valSize : 900
Solving...
currentSize : 11 <-- 0.011433 s
currentSize : 13 <-- 0.011775 s
currentSize : 14 <-- 0.012594 s
currentSize : 15 <-- 0.014764 s
currentSize : 16 <-- 0.186955 s
currentSize : 17 <-- 0.366287 s
currentSize : 18 <-- 17.724056 s
currentSize : 19 <-- 17.742311 s
currentSize : 20 <-- 18.712696 s
currentSize : 21 <-- 21.304085 s
currentSize : 23 <-- 28.487156 s
currentSize : 24 <-- 28.489296 s
currentSize : 25 <-- 28.490419 s
currentSize : 27 <-- 28.490681 s
currentSize : 28 <-- 28.490772 s

maxsize : 28
nodes : 3605701.000000
filtered : 36481193.000000
time : 28.518860
