Parameters: GAD=1 vflib=1 dir=0 label=0 lowerbound=1 fileNameGp=../graphsdb/mcs90/bvg/b09/mcs90_b09_s20.A85 fileNameGt=../graphsdb/mcs90/bvg/b09/mcs90_b09_s20.B85
Reading graphs...
20 :  89
20 :  89
Initializing...
maxdom : 20
D->valSize : 400
Solving...
currentSize : 7 <-- 0.002011 s
currentSize : 9 <-- 0.002039 s
currentSize : 11 <-- 0.002090 s
currentSize : 12 <-- 0.002185 s
currentSize : 13 <-- 0.002274 s
currentSize : 15 <-- 0.003420 s
currentSize : 16 <-- 0.005262 s
currentSize : 18 <-- 0.011152 s

maxsize : 18
nodes : 1073.000000
filtered : 36445.000000
time : 0.011529
