Parameters: GAD=1 vflib=1 dir=0 label=0 lowerbound=1 fileNameGp=../graphsdb/mcs90/bvg/b03/mcs90_b03_s25.A76 fileNameGt=../graphsdb/mcs90/bvg/b03/mcs90_b03_s25.B76
Reading graphs...
25 :  36
25 :  37
Initializing...
maxdom : 25
D->valSize : 625
Solving...
currentSize : 17 <-- 0.005378 s
currentSize : 18 <-- 0.005434 s
currentSize : 19 <-- 0.005775 s
currentSize : 20 <-- 0.005894 s
currentSize : 22 <-- 0.016346 s
currentSize : 23 <-- 0.031970 s
currentSize : 24 <-- 0.032808 s

maxsize : 24
nodes : 1280.000000
filtered : 40009.000000
time : 0.049073
