Parameters: GAD=1 vflib=1 dir=0 label=0 lowerbound=1 fileNameGp=../graphsdb/mcs90/rand/r01/mcs90_r01_s30.A43 fileNameGt=../graphsdb/mcs90/rand/r01/mcs90_r01_s30.B43
Reading graphs...
30 :  79
30 :  80
Initializing...
maxdom : 30
D->valSize : 900
Solving...
currentSize : 13 <-- 0.010344 s
currentSize : 14 <-- 0.010372 s
currentSize : 15 <-- 0.031817 s
currentSize : 16 <-- 0.067134 s
currentSize : 18 <-- 0.149475 s
currentSize : 19 <-- 2.151630 s
currentSize : 20 <-- 6.732606 s
currentSize : 21 <-- 9.053222 s
currentSize : 22 <-- 9.053244 s
currentSize : 27 <-- 9.053744 s

maxsize : 27
nodes : 965990.000000
filtered : 26747539.000000
time : 9.106242
