Parameters: GAD=1 vflib=1 dir=0 label=0 lowerbound=1 fileNameGp=../graphsdb/mcs90/bvg/b06/mcs90_b06_s30.A64 fileNameGt=../graphsdb/mcs90/bvg/b06/mcs90_b06_s30.B64
Reading graphs...
30 :  89
30 :  89
Initializing...
maxdom : 30
D->valSize : 900
Solving...
currentSize : 22 <-- 0.010197 s
currentSize : 23 <-- 0.010811 s
currentSize : 24 <-- 0.012478 s
currentSize : 25 <-- 0.012705 s
currentSize : 26 <-- 0.015669 s
currentSize : 27 <-- 0.016924 s

maxsize : 27
nodes : 5343.000000
filtered : 320457.000000
time : 0.179327
