Parameters: GAD=1 vflib=1 dir=0 label=0 lowerbound=1 fileNameGp=../graphsdb/mcs90/bvg/b06m/mcs90_b06m_s30.A95 fileNameGt=../graphsdb/mcs90/bvg/b06m/mcs90_b06m_s30.B95
Reading graphs...
30 :  86
30 :  86
Initializing...
maxdom : 30
D->valSize : 900
Solving...
currentSize : 14 <-- 0.010131 s
currentSize : 15 <-- 0.010172 s
currentSize : 16 <-- 0.034366 s
currentSize : 17 <-- 0.500721 s
currentSize : 18 <-- 3.422417 s
currentSize : 19 <-- 5.243328 s
currentSize : 22 <-- 10.715273 s
currentSize : 27 <-- 10.716293 s

maxsize : 27
nodes : 730477.000000
filtered : 21668921.000000
time : 10.784265
