Parameters: GAD=1 vflib=1 dir=0 label=0 lowerbound=1 fileNameGp=../graphsdb/mcs90/bvg/b06/mcs90_b06_s20.A80 fileNameGt=../graphsdb/mcs90/bvg/b06/mcs90_b06_s20.B80
Reading graphs...
20 :  60
20 :  60
Initializing...
maxdom : 20
D->valSize : 400
Solving...
currentSize : 11 <-- 0.001951 s
currentSize : 12 <-- 0.001970 s
currentSize : 13 <-- 0.001995 s
currentSize : 14 <-- 0.002038 s
currentSize : 15 <-- 0.002733 s
currentSize : 16 <-- 0.002784 s
currentSize : 17 <-- 0.003277 s
currentSize : 18 <-- 0.003401 s

maxsize : 18
nodes : 870.000000
filtered : 33491.000000
time : 0.017226
