Parameters: GAD=1 vflib=1 dir=0 label=0 lowerbound=1 fileNameGp=../graphsdb/mcs90/bvg/b03m/mcs90_b03m_s25.A77 fileNameGt=../graphsdb/mcs90/bvg/b03m/mcs90_b03m_s25.B77
Reading graphs...
25 :  37
25 :  37
Initializing...
maxdom : 25
D->valSize : 625
Solving...
currentSize : 13 <-- 0.005262 s
currentSize : 15 <-- 0.005283 s
currentSize : 16 <-- 0.006737 s
currentSize : 17 <-- 0.007360 s
currentSize : 18 <-- 0.059159 s
currentSize : 19 <-- 1.036112 s
currentSize : 20 <-- 2.090277 s
currentSize : 22 <-- 2.090851 s

maxsize : 22
nodes : 107648.000000
filtered : 2687127.000000
time : 2.187312
