Parameters: GAD=1 vflib=1 dir=0 label=0 lowerbound=1 fileNameGp=../graphsdb/mcs90/rand/r01/mcs90_r01_s35.A65 fileNameGt=../graphsdb/mcs90/rand/r01/mcs90_r01_s35.B65
Reading graphs...
35 :  112
35 :  111
Initializing...
maxdom : 35
D->valSize : 1225
Solving...
currentSize : 14 <-- 0.018798 s
currentSize : 16 <-- 0.018819 s
currentSize : 17 <-- 0.018962 s
currentSize : 18 <-- 0.025321 s
currentSize : 20 <-- 0.025558 s
currentSize : 27 <-- 0.074865 s
currentSize : 31 <-- 0.091866 s

maxsize : 31
nodes : 13739.000000
filtered : 665906.000000
time : 0.339458
