Parameters: GAD=1 vflib=1 dir=0 label=0 lowerbound=1 fileNameGp=../graphsdb/mcs90/bvg/b03m/mcs90_b03m_s20.A12 fileNameGt=../graphsdb/mcs90/bvg/b03m/mcs90_b03m_s20.B12
Reading graphs...
20 :  29
20 :  29
Initializing...
maxdom : 20
D->valSize : 400
Solving...
currentSize : 13 <-- 0.002357 s
currentSize : 14 <-- 0.002528 s
currentSize : 15 <-- 0.012022 s
currentSize : 16 <-- 0.020092 s
currentSize : 17 <-- 0.027087 s
currentSize : 18 <-- 0.027745 s

maxsize : 18
nodes : 3596.000000
filtered : 65349.000000
time : 0.036921
