Parameters: GAD=1 vflib=1 dir=0 label=0 lowerbound=1 fileNameGp=../graphsdb/mcs90/m3D/m3Dr6/mcs90_m3Dr6_s30.A34 fileNameGt=../graphsdb/mcs90/m3D/m3Dr6/mcs90_m3Dr6_s30.B34
Reading graphs...
30 :  79
30 :  76
Initializing...
maxdom : 30
D->valSize : 900
Solving...
currentSize : 13 <-- 0.014913 s
currentSize : 14 <-- 0.014981 s
currentSize : 15 <-- 0.016277 s
currentSize : 16 <-- 0.031335 s
currentSize : 17 <-- 0.520197 s
currentSize : 18 <-- 0.670888 s
currentSize : 19 <-- 8.010571 s
currentSize : 21 <-- 12.610621 s
currentSize : 22 <-- 13.578925 s
currentSize : 27 <-- 14.299134 s

maxsize : 27
nodes : 1669121.000000
filtered : 37390208.000000
time : 14.403613
