Parameters: GAD=1 vflib=1 dir=0 label=0 lowerbound=1 fileNameGp=../graphsdb/mcs90/bvg/b06m/mcs90_b06m_s30.A64 fileNameGt=../graphsdb/mcs90/bvg/b06m/mcs90_b06m_s30.B64
Reading graphs...
30 :  89
30 :  89
Initializing...
maxdom : 30
D->valSize : 900
Solving...
currentSize : 12 <-- 0.017838 s
currentSize : 13 <-- 0.017920 s
currentSize : 14 <-- 0.018143 s
currentSize : 15 <-- 0.059252 s
currentSize : 16 <-- 0.203814 s
currentSize : 17 <-- 2.633899 s
currentSize : 18 <-- 2.848470 s
currentSize : 20 <-- 9.119711 s
currentSize : 22 <-- 9.119814 s
currentSize : 24 <-- 9.119901 s
currentSize : 27 <-- 9.120530 s

maxsize : 27
nodes : 1323487.000000
filtered : 27035233.000000
time : 9.187423
