Parameters: GAD=1 vflib=1 dir=0 label=0 lowerbound=1 fileNameGp=../graphsdb/mcs90/rand/r02/mcs90_r02_s20.A02 fileNameGt=../graphsdb/mcs90/rand/r02/mcs90_r02_s20.B02
Reading graphs...
20 :  70
20 :  69
Initializing...
maxdom : 20
D->valSize : 400
Solving...
currentSize : 9 <-- 0.002024 s
currentSize : 10 <-- 0.002083 s
currentSize : 11 <-- 0.002447 s
currentSize : 12 <-- 0.007451 s
currentSize : 14 <-- 0.027437 s
currentSize : 18 <-- 0.075592 s

maxsize : 18
nodes : 15782.000000
filtered : 290546.000000
time : 0.077832
