Parameters: GAD=1 vflib=1 dir=0 label=0 lowerbound=1 fileNameGp=../graphsdb/mcs90/rand/r005/mcs90_r005_s30.A96 fileNameGt=../graphsdb/mcs90/rand/r005/mcs90_r005_s30.B96
Reading graphs...
30 :  40
30 :  41
Initializing...
maxdom : 30
D->valSize : 900
Solving...
currentSize : 16 <-- 0.011694 s
currentSize : 17 <-- 0.011726 s
currentSize : 18 <-- 0.012751 s
currentSize : 19 <-- 0.016216 s
currentSize : 20 <-- 0.845027 s
currentSize : 21 <-- 3.653386 s
currentSize : 22 <-- 4.364983 s
currentSize : 23 <-- 5.959333 s
currentSize : 24 <-- 5.979300 s
currentSize : 25 <-- 5.984733 s
currentSize : 26 <-- 5.990044 s
currentSize : 27 <-- 6.115931 s

maxsize : 27
nodes : 606576.000000
filtered : 9078569.000000
time : 6.274923
