Parameters: GAD=1 vflib=1 dir=0 label=0 lowerbound=1 fileNameGp=../graphsdb/mcs90/m3D/m3Dr6/mcs90_m3Dr6_s30.A59 fileNameGt=../graphsdb/mcs90/m3D/m3Dr6/mcs90_m3Dr6_s30.B59
Reading graphs...
30 :  78
30 :  77
Initializing...
maxdom : 30
D->valSize : 900
Solving...
currentSize : 12 <-- 0.017912 s
currentSize : 13 <-- 0.018672 s
currentSize : 14 <-- 0.019133 s
currentSize : 15 <-- 0.021799 s
currentSize : 16 <-- 0.040625 s
currentSize : 17 <-- 0.537217 s
currentSize : 18 <-- 0.608509 s
currentSize : 19 <-- 10.765558 s
currentSize : 23 <-- 21.287796 s
currentSize : 25 <-- 21.293140 s
currentSize : 27 <-- 21.302368 s

maxsize : 27
nodes : 3063766.000000
filtered : 64766828.000000
time : 21.337273
