Parameters: GAD=1 vflib=1 dir=0 label=0 lowerbound=1 fileNameGp=../graphsdb/mcs90/bvg/b03m/mcs90_b03m_s35.A60 fileNameGt=../graphsdb/mcs90/bvg/b03m/mcs90_b03m_s35.B60
Reading graphs...
35 :  52
35 :  52
Initializing...
maxdom : 35
D->valSize : 1225
Solving...
currentSize : 10 <-- 0.037068 s
currentSize : 16 <-- 0.037141 s
currentSize : 17 <-- 0.037393 s
currentSize : 18 <-- 0.037439 s
currentSize : 19 <-- 0.038901 s
currentSize : 20 <-- 0.188332 s
currentSize : 21 <-- 0.211190 s
currentSize : 22 <-- 0.286695 s
currentSize : 23 <-- 0.768776 s
currentSize : 24 <-- 1.632321 s
currentSize : 25 <-- 3.119158 s
currentSize : 26 <-- 8.464726 s
currentSize : 27 <-- 10.317507 s
currentSize : 28 <-- 11.036782 s
currentSize : 29 <-- 21.421877 s
currentSize : 30 <-- 21.424452 s

maxsize : 30
nodes : 408470.000000
filtered : 16515838.000000
time : 25.608412
