Parameters: GAD=1 vflib=1 dir=0 label=0 lowerbound=1 fileNameGp=../graphsdb/mcs90/rand/r02/mcs90_r02_s25.A81 fileNameGt=../graphsdb/mcs90/rand/r02/mcs90_r02_s25.B81
Reading graphs...
25 :  105
25 :  105
Initializing...
maxdom : 25
D->valSize : 625
Solving...
currentSize : 9 <-- 0.007753 s
currentSize : 10 <-- 0.007794 s
currentSize : 11 <-- 0.007850 s
currentSize : 12 <-- 0.009076 s
currentSize : 13 <-- 0.097139 s
currentSize : 15 <-- 1.257087 s
currentSize : 16 <-- 1.308333 s
currentSize : 22 <-- 1.317239 s

maxsize : 22
nodes : 270041.000000
filtered : 3147376.000000
time : 1.347129
