Parameters: GAD=1 vflib=1 dir=0 label=0 lowerbound=1 fileNameGp=../graphsdb/mcs90/bvg/b03m/mcs90_b03m_s20.A88 fileNameGt=../graphsdb/mcs90/bvg/b03m/mcs90_b03m_s20.B88
Reading graphs...
20 :  30
20 :  30
Initializing...
maxdom : 20
D->valSize : 400
Solving...
currentSize : 8 <-- 0.002216 s
currentSize : 14 <-- 0.002244 s
currentSize : 15 <-- 0.004502 s
currentSize : 16 <-- 0.008620 s
currentSize : 17 <-- 0.008633 s
currentSize : 18 <-- 0.008750 s

maxsize : 18
nodes : 1122.000000
filtered : 20874.000000
time : 0.011961
