Parameters: GAD=1 vflib=1 dir=0 label=0 lowerbound=1 fileNameGp=../graphsdb/mcs90/bvg/b06m/mcs90_b06m_s25.A97 fileNameGt=../graphsdb/mcs90/bvg/b06m/mcs90_b06m_s25.B97
Reading graphs...
25 :  73
25 :  73
Initializing...
maxdom : 25
D->valSize : 625
Solving...
currentSize : 12 <-- 0.004677 s
currentSize : 13 <-- 0.005104 s
currentSize : 14 <-- 0.007096 s
currentSize : 15 <-- 0.286858 s
currentSize : 16 <-- 0.350390 s
currentSize : 17 <-- 1.127966 s
currentSize : 18 <-- 1.131715 s
currentSize : 20 <-- 1.137106 s
currentSize : 22 <-- 1.167051 s

maxsize : 22
nodes : 138546.000000
filtered : 2988435.000000
time : 1.195153
