Parameters: GAD=1 vflib=1 dir=0 label=0 lowerbound=1 fileNameGp=../graphsdb/mcs90/rand/r02/mcs90_r02_s30.A85 fileNameGt=../graphsdb/mcs90/rand/r02/mcs90_r02_s30.B85
Reading graphs...
30 :  156
30 :  156
Initializing...
maxdom : 30
D->valSize : 900
Solving...
currentSize : 9 <-- 0.009411 s
currentSize : 10 <-- 0.009480 s
currentSize : 11 <-- 0.009512 s
currentSize : 12 <-- 0.017171 s
currentSize : 13 <-- 0.051994 s
currentSize : 14 <-- 1.902630 s
currentSize : 15 <-- 1.902785 s
currentSize : 16 <-- 5.350225 s
currentSize : 17 <-- 6.985926 s
currentSize : 18 <-- 6.999778 s
currentSize : 19 <-- 7.995756 s
currentSize : 27 <-- 8.180446 s

maxsize : 27
nodes : 1630126.000000
filtered : 25581286.000000
time : 8.230627
