Parameters: GAD=1 vflib=1 dir=0 label=0 lowerbound=1 fileNameGp=../graphsdb/mcs90/bvg/b06m/mcs90_b06m_s30.A08 fileNameGt=../graphsdb/mcs90/bvg/b06m/mcs90_b06m_s30.B08
Reading graphs...
30 :  87
30 :  87
Initializing...
maxdom : 30
D->valSize : 900
Solving...
currentSize : 12 <-- 0.017952 s
currentSize : 14 <-- 0.018381 s
currentSize : 15 <-- 0.020602 s
currentSize : 16 <-- 0.051914 s
currentSize : 17 <-- 0.156329 s
currentSize : 18 <-- 1.978564 s
currentSize : 19 <-- 6.295663 s
currentSize : 20 <-- 25.987478 s
currentSize : 27 <-- 27.419664 s

maxsize : 27
nodes : 2530787.000000
filtered : 77462700.000000
time : 27.489565
