Parameters: GAD=1 vflib=1 dir=0 label=0 lowerbound=1 fileNameGp=../graphsdb/mcs90/rand/r02/mcs90_r02_s15.A29 fileNameGt=../graphsdb/mcs90/rand/r02/mcs90_r02_s15.B29
Reading graphs...
15 :  37
15 :  38
Initializing...
maxdom : 15
D->valSize : 225
Solving...
currentSize : 7 <-- 0.000978 s
currentSize : 8 <-- 0.000999 s
currentSize : 9 <-- 0.001952 s
currentSize : 10 <-- 0.012291 s
currentSize : 11 <-- 0.013376 s
currentSize : 13 <-- 0.013454 s

maxsize : 13
nodes : 3997.000000
filtered : 39889.000000
time : 0.014168
