Parameters: GAD=1 vflib=1 dir=0 label=0 lowerbound=1 fileNameGp=../graphsdb/mcs90/bvg/b03/mcs90_b03_s35.A35 fileNameGt=../graphsdb/mcs90/bvg/b03/mcs90_b03_s35.B35
Reading graphs...
35 :  52
35 :  52
Initializing...
maxdom : 35
D->valSize : 1225
Solving...
currentSize : 26 <-- 0.021322 s
currentSize : 27 <-- 0.021388 s
currentSize : 28 <-- 0.035388 s
currentSize : 29 <-- 0.368944 s
currentSize : 30 <-- 0.598200 s
currentSize : 31 <-- 1.438760 s
currentSize : 32 <-- 1.439872 s

maxsize : 32
nodes : 15262.000000
filtered : 1251048.000000
time : 1.950006
