Parameters: GAD=1 vflib=1 dir=0 label=0 lowerbound=1 fileNameGp=../graphsdb/mcs90/rand/r005/mcs90_r005_s25.A30 fileNameGt=../graphsdb/mcs90/rand/r005/mcs90_r005_s25.B30
Reading graphs...
25 :  29
25 :  29
Initializing...
maxdom : 25
D->valSize : 625
Solving...
currentSize : 11 <-- 0.009631 s
currentSize : 12 <-- 0.009958 s
currentSize : 13 <-- 0.010396 s
currentSize : 14 <-- 0.012840 s
currentSize : 15 <-- 0.025528 s
currentSize : 16 <-- 0.026438 s
currentSize : 17 <-- 0.044799 s
currentSize : 18 <-- 0.045099 s
currentSize : 21 <-- 2.397965 s
currentSize : 22 <-- 2.402402 s

maxsize : 22
nodes : 180551.000000
filtered : 2663057.000000
time : 2.468428
