Parameters: GAD=1 vflib=1 dir=0 label=0 lowerbound=1 fileNameGp=../graphsdb/mcs90/rand/r02/mcs90_r02_s20.A86 fileNameGt=../graphsdb/mcs90/rand/r02/mcs90_r02_s20.B86
Reading graphs...
20 :  68
20 :  70
Initializing...
maxdom : 20
D->valSize : 400
Solving...
currentSize : 9 <-- 0.001950 s
currentSize : 10 <-- 0.001974 s
currentSize : 11 <-- 0.002224 s
currentSize : 13 <-- 0.051164 s
currentSize : 14 <-- 0.051880 s
currentSize : 16 <-- 0.078787 s
currentSize : 18 <-- 0.081004 s

maxsize : 18
nodes : 19070.000000
filtered : 287376.000000
time : 0.085457
