Parameters: GAD=1 vflib=1 dir=0 label=0 lowerbound=1 fileNameGp=../graphsdb/mcs90/m2D/m2D/mcs90_m2D_s20.A43 fileNameGt=../graphsdb/mcs90/m2D/m2D/mcs90_m2D_s20.B43
Reading graphs...
20 :  31
20 :  31
Initializing...
maxdom : 20
D->valSize : 400
Solving...
currentSize : 8 <-- 0.002149 s
currentSize : 11 <-- 0.002169 s
currentSize : 13 <-- 0.002274 s
currentSize : 14 <-- 0.007364 s
currentSize : 15 <-- 0.019499 s
currentSize : 16 <-- 0.040724 s

maxsize : 16
nodes : 12789.000000
filtered : 299891.000000
time : 0.137255
