Parameters: GAD=1 vflib=1 dir=0 label=0 lowerbound=1 fileNameGp=../graphsdb/mcs90/bvg/b06m/mcs90_b06m_s35.A78 fileNameGt=../graphsdb/mcs90/bvg/b06m/mcs90_b06m_s35.B78
Reading graphs...
35 :  103
35 :  102
Initializing...
maxdom : 35
D->valSize : 1225
Solving...
currentSize : 15 <-- 0.033797 s
currentSize : 16 <-- 0.033842 s
currentSize : 17 <-- 0.034026 s
currentSize : 18 <-- 0.034095 s
currentSize : 19 <-- 0.071550 s
currentSize : 20 <-- 0.355911 s
currentSize : 21 <-- 2.402147 s
currentSize : 22 <-- 5.184189 s
currentSize : 23 <-- 53.724281 s
currentSize : 24 <-- 54.299168 s
currentSize : 25 <-- 54.600315 s
currentSize : 27 <-- 56.126167 s
currentSize : 29 <-- 57.340603 s
currentSize : 31 <-- 57.340809 s

maxsize : 31
nodes : 3273296.000000
filtered : 130976300.000000
time : 57.579544
