Parameters: GAD=1 vflib=1 dir=0 label=0 lowerbound=1 fileNameGp=../graphsdb/mcs90/bvg/b09m/mcs90_b09m_s25.A87 fileNameGt=../graphsdb/mcs90/bvg/b09m/mcs90_b09m_s25.B87
Reading graphs...
25 :  107
25 :  107
Initializing...
maxdom : 25
D->valSize : 625
Solving...
currentSize : 9 <-- 0.004589 s
currentSize : 10 <-- 0.004749 s
currentSize : 11 <-- 0.005004 s
currentSize : 12 <-- 0.006123 s
currentSize : 13 <-- 0.124663 s
currentSize : 14 <-- 0.251285 s
currentSize : 19 <-- 0.262605 s
currentSize : 22 <-- 0.387062 s

maxsize : 22
nodes : 79876.000000
filtered : 1313551.000000
time : 0.408886
