Parameters: GAD=1 vflib=1 dir=0 label=0 lowerbound=1 fileNameGp=../graphsdb/mcs90/bvg/b09/mcs90_b09_s25.A64 fileNameGt=../graphsdb/mcs90/bvg/b09/mcs90_b09_s25.B64
Reading graphs...
25 :  112
25 :  111
Initializing...
maxdom : 25
D->valSize : 625
Solving...
currentSize : 8 <-- 0.004409 s
currentSize : 9 <-- 0.004430 s
currentSize : 11 <-- 0.004452 s
currentSize : 12 <-- 0.004558 s
currentSize : 13 <-- 0.005106 s
currentSize : 14 <-- 0.007349 s
currentSize : 22 <-- 0.012291 s

maxsize : 22
nodes : 4209.000000
filtered : 206103.000000
time : 0.059333
