Parameters: GAD=1 vflib=1 dir=0 label=0 lowerbound=1 fileNameGp=../graphsdb/mcs90/bvg/b06m/mcs90_b06m_s30.A06 fileNameGt=../graphsdb/mcs90/bvg/b06m/mcs90_b06m_s30.B06
Reading graphs...
30 :  88
30 :  88
Initializing...
maxdom : 30
D->valSize : 900
Solving...
currentSize : 13 <-- 0.017388 s
currentSize : 14 <-- 0.018936 s
currentSize : 15 <-- 0.020591 s
currentSize : 16 <-- 0.027188 s
currentSize : 17 <-- 0.043805 s
currentSize : 18 <-- 0.527499 s
currentSize : 19 <-- 4.326560 s
currentSize : 20 <-- 5.958522 s
currentSize : 21 <-- 5.958608 s
currentSize : 22 <-- 5.985560 s
currentSize : 23 <-- 5.999577 s
currentSize : 27 <-- 6.005198 s

maxsize : 27
nodes : 576468.000000
filtered : 17373327.000000
time : 6.100429
