Parameters: GAD=1 vflib=1 dir=0 label=0 lowerbound=1 fileNameGp=../graphsdb/mcs90/m2D/m2Dr4/mcs90_m2Dr4_s30.A99 fileNameGt=../graphsdb/mcs90/m2D/m2Dr4/mcs90_m2Dr4_s30.B99
Reading graphs...
30 :  60
30 :  58
Initializing...
maxdom : 30
D->valSize : 900
Solving...
currentSize : 14 <-- 0.010835 s
currentSize : 16 <-- 0.010939 s
currentSize : 17 <-- 0.018024 s
currentSize : 18 <-- 0.069085 s
currentSize : 19 <-- 0.177100 s
currentSize : 20 <-- 0.193898 s
currentSize : 21 <-- 8.340548 s
currentSize : 23 <-- 10.869185 s
currentSize : 25 <-- 10.873140 s

maxsize : 25
nodes : 934368.000000
filtered : 25610998.000000
time : 12.003605
