Parameters: GAD=1 vflib=1 dir=0 label=0 lowerbound=1 fileNameGp=../graphsdb/mcs90/bvg/b03/mcs90_b03_s20.A22 fileNameGt=../graphsdb/mcs90/bvg/b03/mcs90_b03_s20.B22
Reading graphs...
20 :  30
20 :  30
Initializing...
maxdom : 20
D->valSize : 400
Solving...
currentSize : 14 <-- 0.002242 s
currentSize : 15 <-- 0.002307 s
currentSize : 16 <-- 0.002409 s
currentSize : 17 <-- 0.004528 s
currentSize : 18 <-- 0.004572 s
currentSize : 19 <-- 0.016306 s

maxsize : 19
nodes : 657.000000
filtered : 23227.000000
time : 0.016421
