Parameters: GAD=1 vflib=1 dir=0 label=0 lowerbound=1 fileNameGp=../graphsdb/mcs90/m4D/m4Dr6/mcs90_m4Dr6_s20.A97 fileNameGt=../graphsdb/mcs90/m4D/m4Dr6/mcs90_m4Dr6_s20.B97
Reading graphs...
20 :  49
20 :  46
Initializing...
maxdom : 20
D->valSize : 400
Solving...
currentSize : 9 <-- 0.002152 s
currentSize : 10 <-- 0.003382 s
currentSize : 11 <-- 0.003520 s
currentSize : 12 <-- 0.004737 s
currentSize : 13 <-- 0.050184 s
currentSize : 14 <-- 0.070905 s
currentSize : 16 <-- 0.076374 s
currentSize : 17 <-- 0.076415 s

maxsize : 17
nodes : 12989.000000
filtered : 241116.000000
time : 0.089729
