Parameters: GAD=1 vflib=1 dir=0 label=0 lowerbound=1 fileNameGp=../graphsdb/mcs90/m2D/m2Dr6/mcs90_m2Dr6_s30.A44 fileNameGt=../graphsdb/mcs90/m2D/m2Dr6/mcs90_m2Dr6_s30.B44
Reading graphs...
30 :  67
30 :  65
Initializing...
maxdom : 30
D->valSize : 900
Solving...
currentSize : 16 <-- 0.010585 s
currentSize : 17 <-- 0.010703 s
currentSize : 18 <-- 0.011270 s
currentSize : 19 <-- 0.011519 s
currentSize : 20 <-- 0.015948 s
currentSize : 21 <-- 0.025513 s
currentSize : 22 <-- 0.025880 s
currentSize : 23 <-- 0.025953 s
currentSize : 24 <-- 0.143708 s
currentSize : 25 <-- 1.545640 s

maxsize : 25
nodes : 91390.000000
filtered : 4920401.000000
time : 2.025853
