Parameters: GAD=1 vflib=1 dir=0 label=0 lowerbound=1 fileNameGp=../graphsdb/mcs90/bvg/b06m/mcs90_b06m_s20.A92 fileNameGt=../graphsdb/mcs90/bvg/b06m/mcs90_b06m_s20.B92
Reading graphs...
20 :  59
20 :  59
Initializing...
maxdom : 20
D->valSize : 400
Solving...
currentSize : 7 <-- 0.002062 s
currentSize : 9 <-- 0.002088 s
currentSize : 10 <-- 0.002288 s
currentSize : 11 <-- 0.002526 s
currentSize : 12 <-- 0.002554 s
currentSize : 13 <-- 0.015016 s
currentSize : 15 <-- 0.022354 s
currentSize : 16 <-- 0.022612 s
currentSize : 18 <-- 0.030529 s

maxsize : 18
nodes : 5347.000000
filtered : 101328.000000
time : 0.035554
