Parameters: GAD=1 vflib=1 dir=0 label=0 lowerbound=1 fileNameGp=../graphsdb/mcs90/bvg/b06/mcs90_b06_s30.A60 fileNameGt=../graphsdb/mcs90/bvg/b06/mcs90_b06_s30.B60
Reading graphs...
30 :  90
30 :  89
Initializing...
maxdom : 30
D->valSize : 900
Solving...
currentSize : 16 <-- 0.010270 s
currentSize : 17 <-- 0.010335 s
currentSize : 18 <-- 0.010489 s
currentSize : 19 <-- 0.010879 s
currentSize : 20 <-- 0.012350 s
currentSize : 21 <-- 0.013639 s
currentSize : 22 <-- 0.013709 s
currentSize : 23 <-- 0.013799 s
currentSize : 24 <-- 0.013900 s
currentSize : 25 <-- 0.014296 s
currentSize : 26 <-- 0.019081 s
currentSize : 27 <-- 0.019378 s

maxsize : 27
nodes : 4510.000000
filtered : 274216.000000
time : 0.205531
