Parameters: GAD=1 vflib=1 dir=0 label=0 lowerbound=1 fileNameGp=../graphsdb/mcs90/m2D/m2Dr2/mcs90_m2Dr2_s30.A57 fileNameGt=../graphsdb/mcs90/m2D/m2Dr2/mcs90_m2Dr2_s30.B57
Reading graphs...
30 :  55
30 :  55
Initializing...
maxdom : 30
D->valSize : 900
Solving...
currentSize : 15 <-- 0.018906 s
currentSize : 17 <-- 0.022832 s
currentSize : 18 <-- 0.032858 s
currentSize : 19 <-- 0.573982 s
currentSize : 20 <-- 0.859455 s
currentSize : 21 <-- 10.026528 s
currentSize : 22 <-- 26.920467 s
currentSize : 24 <-- 26.975470 s
currentSize : 25 <-- 27.916857 s

maxsize : 25
nodes : 1581734.000000
filtered : 41398683.000000
time : 28.099047
