Parameters: GAD=1 vflib=1 dir=0 label=0 lowerbound=1 fileNameGp=../graphsdb/mcs90/rand/r01/mcs90_r01_s35.A12 fileNameGt=../graphsdb/mcs90/rand/r01/mcs90_r01_s35.B12
Reading graphs...
35 :  109
35 :  109
Initializing...
maxdom : 35
D->valSize : 1225
Solving...
currentSize : 13 <-- 0.019227 s
currentSize : 14 <-- 0.019332 s
currentSize : 15 <-- 0.019402 s
currentSize : 16 <-- 0.019473 s
currentSize : 17 <-- 0.025878 s
currentSize : 18 <-- 1.267788 s
currentSize : 19 <-- 4.015732 s
currentSize : 20 <-- 67.004677 s
currentSize : 24 <-- 97.497047 s
currentSize : 25 <-- 102.057747 s
currentSize : 27 <-- 102.079498 s
currentSize : 31 <-- 102.079582 s

maxsize : 31
nodes : 12141416.000000
filtered : 301478559.000000
time : 102.282288
