Parameters: GAD=1 vflib=1 dir=0 label=0 lowerbound=1 fileNameGp=../graphsdb/mcs90/bvg/b03m/mcs90_b03m_s25.A55 fileNameGt=../graphsdb/mcs90/bvg/b03m/mcs90_b03m_s25.B55
Reading graphs...
25 :  35
25 :  36
Initializing...
maxdom : 25
D->valSize : 625
Solving...
currentSize : 9 <-- 0.010393 s
currentSize : 10 <-- 0.010415 s
currentSize : 12 <-- 0.010459 s
currentSize : 13 <-- 0.010805 s
currentSize : 14 <-- 0.010985 s
currentSize : 15 <-- 0.016744 s
currentSize : 16 <-- 0.045674 s
currentSize : 17 <-- 0.383152 s
currentSize : 18 <-- 0.729789 s
currentSize : 19 <-- 1.100775 s
currentSize : 20 <-- 1.114384 s
currentSize : 21 <-- 1.114398 s
currentSize : 23 <-- 1.122933 s

maxsize : 23
nodes : 82401.000000
filtered : 1197708.000000
time : 1.152186
