Parameters: GAD=1 vflib=1 dir=0 label=0 lowerbound=1 fileNameGp=../graphsdb/mcs90/rand/r01/mcs90_r01_s35.A38 fileNameGt=../graphsdb/mcs90/rand/r01/mcs90_r01_s35.B38
Reading graphs...
35 :  114
35 :  113
Initializing...
maxdom : 35
D->valSize : 1225
Solving...
currentSize : 13 <-- 0.018850 s
currentSize : 14 <-- 0.018869 s
currentSize : 15 <-- 0.019029 s
currentSize : 16 <-- 0.021471 s
currentSize : 17 <-- 0.118618 s
currentSize : 18 <-- 0.150516 s
currentSize : 19 <-- 0.220055 s
currentSize : 20 <-- 89.949257 s
currentSize : 21 <-- 90.105598 s
currentSize : 22 <-- 97.950249 s
currentSize : 31 <-- 100.382622 s

maxsize : 31
nodes : 11090962.000000
filtered : 262398361.000000
time : 100.545456
