Parameters: GAD=1 vflib=1 dir=0 label=0 lowerbound=1 fileNameGp=../graphsdb/mcs90/bvg/b09/mcs90_b09_s30.A88 fileNameGt=../graphsdb/mcs90/bvg/b09/mcs90_b09_s30.B88
Reading graphs...
30 :  134
30 :  134
Initializing...
maxdom : 30
D->valSize : 900
Solving...
currentSize : 9 <-- 0.009486 s
currentSize : 10 <-- 0.009515 s
currentSize : 13 <-- 0.009727 s
currentSize : 15 <-- 0.019709 s
currentSize : 16 <-- 0.019754 s
currentSize : 17 <-- 0.022980 s
currentSize : 18 <-- 0.023168 s
currentSize : 20 <-- 0.025242 s
currentSize : 22 <-- 0.036368 s
currentSize : 26 <-- 0.045858 s

maxsize : 26
nodes : 19474.000000
filtered : 997736.000000
time : 0.305078
