Parameters: GAD=1 vflib=1 dir=0 label=0 lowerbound=1 fileNameGp=../graphsdb/mcs90/bvg/b03m/mcs90_b03m_s25.A43 fileNameGt=../graphsdb/mcs90/bvg/b03m/mcs90_b03m_s25.B43
Reading graphs...
25 :  36
25 :  36
Initializing...
maxdom : 25
D->valSize : 625
Solving...
currentSize : 6 <-- 0.009187 s
currentSize : 14 <-- 0.009282 s
currentSize : 15 <-- 0.022298 s
currentSize : 16 <-- 0.031622 s
currentSize : 17 <-- 0.041808 s
currentSize : 18 <-- 0.445402 s
currentSize : 19 <-- 0.959911 s
currentSize : 20 <-- 1.115079 s
currentSize : 21 <-- 1.118811 s
currentSize : 22 <-- 1.118902 s

maxsize : 22
nodes : 86547.000000
filtered : 1747694.000000
time : 1.224107
