Parameters: GAD=1 vflib=1 dir=0 label=0 lowerbound=1 fileNameGp=../graphsdb/mcs90/rand/r02/mcs90_r02_s25.A05 fileNameGt=../graphsdb/mcs90/rand/r02/mcs90_r02_s25.B05
Reading graphs...
25 :  104
25 :  105
Initializing...
maxdom : 25
D->valSize : 625
Solving...
currentSize : 9 <-- 0.004545 s
currentSize : 10 <-- 0.004574 s
currentSize : 11 <-- 0.004888 s
currentSize : 12 <-- 0.005807 s
currentSize : 13 <-- 0.228717 s
currentSize : 14 <-- 0.344418 s
currentSize : 16 <-- 0.653128 s
currentSize : 17 <-- 0.885228 s
currentSize : 22 <-- 1.190647 s

maxsize : 22
nodes : 216318.000000
filtered : 3964375.000000
time : 1.219678
