Parameters: GAD=1 vflib=1 dir=0 label=0 lowerbound=1 fileNameGp=../graphsdb/mcs90/m2D/m2Dr6/mcs90_m2Dr6_s20.A55 fileNameGt=../graphsdb/mcs90/m2D/m2Dr6/mcs90_m2Dr6_s20.B55
Reading graphs...
20 :  42
20 :  42
Initializing...
maxdom : 20
D->valSize : 400
Solving...
currentSize : 9 <-- 0.002108 s
currentSize : 10 <-- 0.002139 s
currentSize : 11 <-- 0.002326 s
currentSize : 12 <-- 0.002530 s
currentSize : 13 <-- 0.003012 s
currentSize : 14 <-- 0.012916 s
currentSize : 16 <-- 0.147775 s

maxsize : 16
nodes : 30799.000000
filtered : 567451.000000
time : 0.202637
