Parameters: GAD=1 vflib=1 dir=0 label=0 lowerbound=1 fileNameGp=../graphsdb/mcs90/bvg/b06/mcs90_b06_s35.A52 fileNameGt=../graphsdb/mcs90/bvg/b06/mcs90_b06_s35.B52
Reading graphs...
35 :  105
35 :  105
Initializing...
maxdom : 35
D->valSize : 1225
Solving...
currentSize : 16 <-- 0.018959 s
currentSize : 17 <-- 0.019003 s
currentSize : 18 <-- 0.019034 s
currentSize : 20 <-- 0.019069 s
currentSize : 21 <-- 0.019199 s
currentSize : 22 <-- 0.037051 s
currentSize : 23 <-- 0.079314 s
currentSize : 24 <-- 0.278946 s
currentSize : 26 <-- 0.444475 s
currentSize : 31 <-- 0.444527 s
currentSize : 32 <-- 0.689375 s

maxsize : 32
nodes : 37347.000000
filtered : 1497837.000000
time : 0.849671
