Parameters: GAD=1 vflib=1 dir=0 label=0 lowerbound=1 fileNameGp=../graphsdb/mcs90/m2D/m2Dr6/mcs90_m2Dr6_s30.A88 fileNameGt=../graphsdb/mcs90/m2D/m2Dr6/mcs90_m2Dr6_s30.B88
Reading graphs...
30 :  66
30 :  66
Initializing...
maxdom : 30
D->valSize : 900
Solving...
currentSize : 13 <-- 0.010727 s
currentSize : 15 <-- 0.011036 s
currentSize : 16 <-- 0.071246 s
currentSize : 17 <-- 0.074255 s
currentSize : 18 <-- 1.375174 s
currentSize : 19 <-- 13.105052 s
currentSize : 20 <-- 17.233164 s
currentSize : 22 <-- 30.543415 s
currentSize : 25 <-- 30.706568 s

maxsize : 25
nodes : 2771252.000000
filtered : 63776459.000000
time : 31.294779
