Parameters: GAD=1 vflib=1 dir=0 label=0 lowerbound=1 fileNameGp=../graphsdb/mcs90/bvg/b09/mcs90_b09_s30.A94 fileNameGt=../graphsdb/mcs90/bvg/b09/mcs90_b09_s30.B94
Reading graphs...
30 :  134
30 :  134
Initializing...
maxdom : 30
D->valSize : 900
Solving...
currentSize : 13 <-- 0.009345 s
currentSize : 14 <-- 0.009771 s
currentSize : 16 <-- 0.010085 s
currentSize : 17 <-- 0.010203 s
currentSize : 18 <-- 0.014511 s
currentSize : 20 <-- 0.014734 s
currentSize : 22 <-- 0.028716 s
currentSize : 26 <-- 0.028821 s

maxsize : 26
nodes : 14503.000000
filtered : 895036.000000
time : 0.276964
