Parameters: GAD=1 vflib=1 dir=0 label=0 lowerbound=1 fileNameGp=../graphsdb/mcs90/rand/r01/mcs90_r01_s35.A48 fileNameGt=../graphsdb/mcs90/rand/r01/mcs90_r01_s35.B48
Reading graphs...
35 :  111
35 :  112
Initializing...
maxdom : 35
D->valSize : 1225
Solving...
currentSize : 12 <-- 0.018841 s
currentSize : 14 <-- 0.018903 s
currentSize : 15 <-- 0.029976 s
currentSize : 16 <-- 0.033142 s
currentSize : 17 <-- 0.180959 s
currentSize : 18 <-- 0.561237 s
currentSize : 19 <-- 9.312636 s
currentSize : 20 <-- 25.336864 s
currentSize : 21 <-- 47.853355 s
currentSize : 22 <-- 56.099709 s
currentSize : 24 <-- 56.210865 s
currentSize : 25 <-- 56.844219 s
currentSize : 27 <-- 57.050961 s
currentSize : 31 <-- 57.964909 s

maxsize : 31
nodes : 6928947.000000
filtered : 157989790.000000
time : 58.261944
