Parameters: GAD=1 vflib=1 dir=0 label=0 lowerbound=1 fileNameGp=../graphsdb/mcs90/m3D/m3D/mcs90_m3D_s30.A06 fileNameGt=../graphsdb/mcs90/m3D/m3D/mcs90_m3D_s30.B06
Reading graphs...
30 :  61
30 :  61
Initializing...
maxdom : 30
D->valSize : 900
Solving...
currentSize : 17 <-- 0.018678 s
currentSize : 18 <-- 0.019888 s
currentSize : 19 <-- 0.020892 s
currentSize : 20 <-- 0.029902 s
currentSize : 22 <-- 0.030645 s
currentSize : 27 <-- 0.036726 s

maxsize : 27
nodes : 7666.000000
filtered : 391984.000000
time : 0.266405
