Parameters: GAD=1 vflib=1 dir=0 label=0 lowerbound=1 fileNameGp=../graphsdb/mcs90/m4D/m4D/mcs90_m4D_s20.A85 fileNameGt=../graphsdb/mcs90/m4D/m4D/mcs90_m4D_s20.B85
Reading graphs...
20 :  36
20 :  37
Initializing...
maxdom : 20
D->valSize : 400
Solving...
currentSize : 5 <-- 0.002158 s
currentSize : 6 <-- 0.002182 s
currentSize : 7 <-- 0.002220 s
currentSize : 8 <-- 0.002367 s
currentSize : 9 <-- 0.002420 s
currentSize : 10 <-- 0.002506 s
currentSize : 11 <-- 0.003411 s
currentSize : 15 <-- 0.022462 s
currentSize : 16 <-- 0.022508 s

maxsize : 16
nodes : 9805.000000
filtered : 172220.000000
time : 0.070399
