Parameters: GAD=1 vflib=1 dir=0 label=0 lowerbound=1 fileNameGp=../graphsdb/mcs90/bvg/b03m/mcs90_b03m_s20.A64 fileNameGt=../graphsdb/mcs90/bvg/b03m/mcs90_b03m_s20.B64
Reading graphs...
20 :  30
20 :  30
Initializing...
maxdom : 20
D->valSize : 400
Solving...
currentSize : 11 <-- 0.002336 s
currentSize : 12 <-- 0.002726 s
currentSize : 13 <-- 0.002741 s
currentSize : 14 <-- 0.003294 s
currentSize : 15 <-- 0.004647 s
currentSize : 16 <-- 0.085447 s
currentSize : 17 <-- 0.085592 s
currentSize : 18 <-- 0.085883 s

maxsize : 18
nodes : 6000.000000
filtered : 116132.000000
time : 0.095916
