Parameters: GAD=1 vflib=1 dir=0 label=0 lowerbound=1 fileNameGp=../graphsdb/mcs90/m2D/m2D/mcs90_m2D_s30.A56 fileNameGt=../graphsdb/mcs90/m2D/m2D/mcs90_m2D_s30.B56
Reading graphs...
30 :  49
30 :  49
Initializing...
maxdom : 30
D->valSize : 900
Solving...
currentSize : 15 <-- 0.011125 s
currentSize : 16 <-- 0.011165 s
currentSize : 18 <-- 0.012747 s
currentSize : 20 <-- 0.014407 s
currentSize : 21 <-- 0.014669 s
currentSize : 24 <-- 0.139457 s
currentSize : 25 <-- 0.325241 s
currentSize : 26 <-- 0.325278 s

maxsize : 26
nodes : 18175.000000
filtered : 879316.000000
time : 0.813290
