Parameters: GAD=1 vflib=1 dir=0 label=0 lowerbound=1 fileNameGp=../graphsdb/mcs90/rand/r005/mcs90_r005_s20.A20 fileNameGt=../graphsdb/mcs90/rand/r005/mcs90_r005_s20.B20
Reading graphs...
20 :  21
20 :  21
Initializing...
maxdom : 20
D->valSize : 400
Solving...
currentSize : 6 <-- 0.002325 s
currentSize : 8 <-- 0.002348 s
currentSize : 10 <-- 0.002415 s
currentSize : 11 <-- 0.002438 s
currentSize : 12 <-- 0.002876 s
currentSize : 13 <-- 0.005772 s
currentSize : 18 <-- 0.007480 s

maxsize : 18
nodes : 2151.000000
filtered : 19910.000000
time : 0.013052
