Parameters: GAD=1 vflib=1 dir=0 label=0 lowerbound=1 fileNameGp=../graphsdb/mcs90/m2D/m2Dr6/mcs90_m2Dr6_s30.A92 fileNameGt=../graphsdb/mcs90/m2D/m2Dr6/mcs90_m2Dr6_s30.B92
Reading graphs...
30 :  64
30 :  63
Initializing...
maxdom : 30
D->valSize : 900
Solving...
currentSize : 15 <-- 0.016004 s
currentSize : 16 <-- 0.017724 s
currentSize : 18 <-- 0.024514 s
currentSize : 19 <-- 0.373634 s
currentSize : 20 <-- 9.195192 s
currentSize : 21 <-- 26.433552 s
currentSize : 22 <-- 39.163624 s
currentSize : 25 <-- 40.745598 s

maxsize : 25
nodes : 3143932.000000
filtered : 92928259.000000
time : 41.221481
