Parameters: GAD=1 vflib=1 dir=0 label=0 lowerbound=1 fileNameGp=../graphsdb/mcs90/bvg/b06m/mcs90_b06m_s30.A76 fileNameGt=../graphsdb/mcs90/bvg/b06m/mcs90_b06m_s30.B76
Reading graphs...
30 :  86
30 :  87
Initializing...
maxdom : 30
D->valSize : 900
Solving...
currentSize : 15 <-- 0.010289 s
currentSize : 16 <-- 0.011722 s
currentSize : 17 <-- 0.284729 s
currentSize : 18 <-- 0.595108 s
currentSize : 19 <-- 0.595763 s
currentSize : 20 <-- 2.898093 s
currentSize : 21 <-- 4.384520 s
currentSize : 25 <-- 5.174600 s
currentSize : 27 <-- 5.175313 s

maxsize : 27
nodes : 426137.000000
filtered : 13964826.000000
time : 5.240959
