Parameters: GAD=1 vflib=1 dir=0 label=0 lowerbound=1 fileNameGp=../graphsdb/mcs90/m3D/m3D/mcs90_m3D_s30.A45 fileNameGt=../graphsdb/mcs90/m3D/m3D/mcs90_m3D_s30.B45
Reading graphs...
30 :  61
30 :  61
Initializing...
maxdom : 30
D->valSize : 900
Solving...
currentSize : 15 <-- 0.010665 s
currentSize : 16 <-- 0.010732 s
currentSize : 17 <-- 0.010812 s
currentSize : 18 <-- 0.011065 s
currentSize : 20 <-- 0.011512 s
currentSize : 21 <-- 0.014004 s
currentSize : 23 <-- 0.032315 s
currentSize : 24 <-- 0.038921 s
currentSize : 27 <-- 0.040288 s

maxsize : 27
nodes : 8570.000000
filtered : 496613.000000
time : 0.332687
