Parameters: GAD=1 vflib=1 dir=0 label=0 lowerbound=1 fileNameGp=../graphsdb/mcs90/rand/r01/mcs90_r01_s25.A57 fileNameGt=../graphsdb/mcs90/rand/r01/mcs90_r01_s25.B57
Reading graphs...
25 :  57
25 :  57
Initializing...
maxdom : 25
D->valSize : 625
Solving...
currentSize : 12 <-- 0.008724 s
currentSize : 13 <-- 0.010509 s
currentSize : 14 <-- 0.080770 s
currentSize : 15 <-- 0.302044 s
currentSize : 18 <-- 0.387783 s
currentSize : 22 <-- 0.765553 s

maxsize : 22
nodes : 71693.000000
filtered : 1486409.000000
time : 0.794769
