Parameters: GAD=1 vflib=1 dir=0 label=0 lowerbound=1 fileNameGp=../graphsdb/mcs90/m2D/m2D/mcs90_m2D_s30.A94 fileNameGt=../graphsdb/mcs90/m2D/m2D/mcs90_m2D_s30.B94
Reading graphs...
30 :  49
30 :  49
Initializing...
maxdom : 30
D->valSize : 900
Solving...
currentSize : 20 <-- 0.011135 s
currentSize : 21 <-- 0.011240 s
currentSize : 22 <-- 0.011317 s
currentSize : 23 <-- 0.011356 s
currentSize : 24 <-- 0.011428 s
currentSize : 25 <-- 0.011487 s
currentSize : 26 <-- 0.011527 s

maxsize : 26
nodes : 15889.000000
filtered : 1021131.000000
time : 1.037724
