Parameters: GAD=1 vflib=1 dir=0 label=0 lowerbound=1 fileNameGp=../graphsdb/mcs90/rand/r005/mcs90_r005_s20.A84 fileNameGt=../graphsdb/mcs90/rand/r005/mcs90_r005_s20.B84
Reading graphs...
20 :  21
20 :  21
Initializing...
maxdom : 20
D->valSize : 400
Solving...
currentSize : 5 <-- 0.002322 s
currentSize : 10 <-- 0.002383 s
currentSize : 11 <-- 0.002783 s
currentSize : 13 <-- 0.006818 s
currentSize : 17 <-- 0.007007 s
currentSize : 19 <-- 0.012977 s

maxsize : 19
nodes : 2577.000000
filtered : 20731.000000
time : 0.013457
