Parameters: GAD=1 vflib=1 dir=0 label=0 lowerbound=1 fileNameGp=../graphsdb/mcs90/bvg/b09/mcs90_b09_s25.A53 fileNameGt=../graphsdb/mcs90/bvg/b09/mcs90_b09_s25.B53
Reading graphs...
25 :  112
25 :  111
Initializing...
maxdom : 25
D->valSize : 625
Solving...
currentSize : 10 <-- 0.004549 s
currentSize : 11 <-- 0.004649 s
currentSize : 12 <-- 0.004728 s
currentSize : 13 <-- 0.005834 s
currentSize : 14 <-- 0.007766 s
currentSize : 16 <-- 0.007827 s
currentSize : 18 <-- 0.011986 s
currentSize : 22 <-- 0.015852 s

maxsize : 22
nodes : 5979.000000
filtered : 288756.000000
time : 0.095350
