Parameters: GAD=1 vflib=1 dir=0 label=0 lowerbound=1 fileNameGp=../graphsdb/mcs90/bvg/b09m/mcs90_b09m_s15.A32 fileNameGt=../graphsdb/mcs90/bvg/b09m/mcs90_b09m_s15.B32
Reading graphs...
15 :  62
15 :  62
Initializing...
maxdom : 15
D->valSize : 225
Solving...
currentSize : 6 <-- 0.000908 s
currentSize : 8 <-- 0.000937 s
currentSize : 9 <-- 0.001021 s
currentSize : 10 <-- 0.001042 s
currentSize : 11 <-- 0.003123 s
currentSize : 12 <-- 0.003236 s

maxsize : 12
nodes : 1293.000000
filtered : 28583.000000
time : 0.007840
