Parameters: GAD=1 vflib=1 dir=0 label=0 lowerbound=1 fileNameGp=../graphsdb/mcs90/bvg/b09/mcs90_b09_s30.A45 fileNameGt=../graphsdb/mcs90/bvg/b09/mcs90_b09_s30.B45
Reading graphs...
30 :  134
30 :  133
Initializing...
maxdom : 30
D->valSize : 900
Solving...
currentSize : 11 <-- 0.009654 s
currentSize : 12 <-- 0.009746 s
currentSize : 13 <-- 0.011152 s
currentSize : 14 <-- 0.016384 s
currentSize : 15 <-- 0.016538 s
currentSize : 16 <-- 0.020204 s
currentSize : 17 <-- 0.020262 s
currentSize : 19 <-- 0.026953 s
currentSize : 21 <-- 0.027988 s
currentSize : 22 <-- 0.038173 s
currentSize : 23 <-- 0.112908 s
currentSize : 24 <-- 0.149756 s
currentSize : 26 <-- 0.205134 s

maxsize : 26
nodes : 25515.000000
filtered : 1398567.000000
time : 0.362588
