Parameters: GAD=1 vflib=1 dir=0 label=0 lowerbound=1 fileNameGp=../graphsdb/mcs90/m3D/m3Dr2/mcs90_m3Dr2_s30.A23 fileNameGt=../graphsdb/mcs90/m3D/m3Dr2/mcs90_m3Dr2_s30.B23
Reading graphs...
30 :  67
30 :  67
Initializing...
maxdom : 30
D->valSize : 900
Solving...
currentSize : 15 <-- 0.018112 s
currentSize : 16 <-- 0.018313 s
currentSize : 17 <-- 0.032833 s
currentSize : 18 <-- 0.158661 s
currentSize : 19 <-- 5.463093 s
currentSize : 20 <-- 11.890933 s
currentSize : 22 <-- 28.820005 s
currentSize : 23 <-- 29.928127 s
currentSize : 24 <-- 29.937147 s
currentSize : 25 <-- 30.246426 s
currentSize : 27 <-- 30.418776 s

maxsize : 27
nodes : 2993683.000000
filtered : 69983175.000000
time : 30.517944
