Parameters: GAD=1 vflib=1 dir=0 label=0 lowerbound=1 fileNameGp=../graphsdb/mcs90/bvg/b03m/mcs90_b03m_s35.A93 fileNameGt=../graphsdb/mcs90/bvg/b03m/mcs90_b03m_s35.B93
Reading graphs...
35 :  51
35 :  50
Initializing...
maxdom : 35
D->valSize : 1225
Solving...
currentSize : 19 <-- 0.025733 s
currentSize : 20 <-- 0.027436 s
currentSize : 21 <-- 0.082483 s
currentSize : 22 <-- 0.087600 s
currentSize : 23 <-- 22.241995 s
currentSize : 24 <-- 98.418678 s
currentSize : 26 <-- 113.869278 s
currentSize : 27 <-- 129.639465 s
currentSize : 28 <-- 140.835526 s
currentSize : 29 <-- 140.835617 s
currentSize : 30 <-- 140.922150 s
currentSize : 31 <-- 140.922318 s

maxsize : 31
nodes : 5681580.000000
filtered : 98522845.000000
time : 142.781433
