Parameters: GAD=1 vflib=1 dir=0 label=0 lowerbound=1 fileNameGp=../graphsdb/mcs90/m3D/m3Dr2/mcs90_m3Dr2_s30.A88 fileNameGt=../graphsdb/mcs90/m3D/m3Dr2/mcs90_m3Dr2_s30.B88
Reading graphs...
30 :  67
30 :  66
Initializing...
maxdom : 30
D->valSize : 900
Solving...
currentSize : 18 <-- 0.018585 s
currentSize : 19 <-- 0.018634 s
currentSize : 20 <-- 0.018738 s
currentSize : 21 <-- 0.022102 s
currentSize : 22 <-- 0.247875 s
currentSize : 24 <-- 0.794108 s
currentSize : 27 <-- 0.901710 s

maxsize : 27
nodes : 56747.000000
filtered : 1853567.000000
time : 1.000534
