Parameters: GAD=1 vflib=1 dir=0 label=0 lowerbound=1 fileNameGp=../graphsdb/mcs90/bvg/b09/mcs90_b09_s30.A03 fileNameGt=../graphsdb/mcs90/bvg/b09/mcs90_b09_s30.B03
Reading graphs...
30 :  134
30 :  135
Initializing...
maxdom : 30
D->valSize : 900
Solving...
currentSize : 14 <-- 0.009678 s
currentSize : 15 <-- 0.009705 s
currentSize : 17 <-- 0.009756 s
currentSize : 19 <-- 0.009807 s
currentSize : 20 <-- 0.010005 s
currentSize : 22 <-- 0.010101 s
currentSize : 26 <-- 0.010338 s

maxsize : 26
nodes : 11706.000000
filtered : 818569.000000
time : 0.260922
