Parameters: GAD=1 vflib=1 dir=0 label=0 lowerbound=1 fileNameGp=../graphsdb/mcs90/rand/r02/mcs90_r02_s25.A46 fileNameGt=../graphsdb/mcs90/rand/r02/mcs90_r02_s25.B46
Reading graphs...
25 :  106
25 :  106
Initializing...
maxdom : 25
D->valSize : 625
Solving...
currentSize : 10 <-- 0.004489 s
currentSize : 11 <-- 0.004528 s
currentSize : 12 <-- 0.015915 s
currentSize : 13 <-- 0.056804 s
currentSize : 15 <-- 0.061465 s
currentSize : 16 <-- 0.703950 s
currentSize : 19 <-- 1.099931 s
currentSize : 22 <-- 1.100053 s

maxsize : 22
nodes : 225823.000000
filtered : 3966021.000000
time : 1.130893
