Parameters: GAD=1 vflib=1 dir=0 label=0 lowerbound=1 fileNameGp=../graphsdb/mcs90/m2D/m2Dr4/mcs90_m2Dr4_s20.A27 fileNameGt=../graphsdb/mcs90/m2D/m2Dr4/mcs90_m2Dr4_s20.B27
Reading graphs...
20 :  39
20 :  38
Initializing...
maxdom : 20
D->valSize : 400
Solving...
currentSize : 6 <-- 0.002098 s
currentSize : 10 <-- 0.002121 s
currentSize : 11 <-- 0.002431 s
currentSize : 12 <-- 0.002747 s
currentSize : 13 <-- 0.005528 s
currentSize : 14 <-- 0.053940 s
currentSize : 15 <-- 0.063384 s
currentSize : 16 <-- 0.063409 s

maxsize : 16
nodes : 11685.000000
filtered : 255702.000000
time : 0.109273
