Parameters: GAD=1 vflib=1 dir=0 label=0 lowerbound=1 fileNameGp=../graphsdb/mcs90/bvg/b06m/mcs90_b06m_s35.A41 fileNameGt=../graphsdb/mcs90/bvg/b06m/mcs90_b06m_s35.B41
Reading graphs...
35 :  101
35 :  101
Initializing...
maxdom : 35
D->valSize : 1225
Solving...
currentSize : 18 <-- 0.033975 s
currentSize : 19 <-- 0.034049 s
currentSize : 20 <-- 0.379459 s
currentSize : 21 <-- 10.067206 s
currentSize : 22 <-- 32.328793 s
currentSize : 24 <-- 80.840553 s
currentSize : 25 <-- 80.885155 s
currentSize : 26 <-- 81.206398 s
currentSize : 31 <-- 83.498337 s

maxsize : 31
nodes : 6089372.000000
filtered : 210583530.000000
time : 83.703285
