Parameters: GAD=1 vflib=1 dir=0 label=0 lowerbound=1 fileNameGp=../graphsdb/mcs90/rand/r02/mcs90_r02_s30.A36 fileNameGt=../graphsdb/mcs90/rand/r02/mcs90_r02_s30.B36
Reading graphs...
30 :  154
30 :  150
Initializing...
maxdom : 30
D->valSize : 900
Solving...
currentSize : 10 <-- 0.009205 s
currentSize : 11 <-- 0.009259 s
currentSize : 12 <-- 0.015919 s
currentSize : 13 <-- 0.099920 s
currentSize : 14 <-- 2.351910 s
currentSize : 15 <-- 10.736561 s
currentSize : 18 <-- 12.600678 s
currentSize : 20 <-- 12.652822 s
currentSize : 22 <-- 12.681194 s
currentSize : 27 <-- 12.681524 s

maxsize : 27
nodes : 2754658.000000
filtered : 33206130.000000
time : 12.747307
