Parameters: GAD=1 vflib=1 dir=0 label=0 lowerbound=1 fileNameGp=../graphsdb/mcs90/bvg/b06m/mcs90_b06m_s35.A87 fileNameGt=../graphsdb/mcs90/bvg/b06m/mcs90_b06m_s35.B87
Reading graphs...
35 :  105
35 :  105
Initializing...
maxdom : 35
D->valSize : 1225
Solving...
currentSize : 17 <-- 0.018918 s
currentSize : 18 <-- 0.019781 s
currentSize : 19 <-- 0.020678 s
currentSize : 20 <-- 0.124690 s
currentSize : 21 <-- 0.126016 s
currentSize : 22 <-- 0.126169 s
currentSize : 24 <-- 0.146728 s
currentSize : 27 <-- 0.162535 s
currentSize : 31 <-- 0.175368 s

maxsize : 31
nodes : 25715.000000
filtered : 887658.000000
time : 0.487854
