Parameters: GAD=1 vflib=1 dir=0 label=0 lowerbound=1 fileNameGp=../graphsdb/mcs90/bvg/b06/mcs90_b06_s30.A82 fileNameGt=../graphsdb/mcs90/bvg/b06/mcs90_b06_s30.B82
Reading graphs...
30 :  90
30 :  89
Initializing...
maxdom : 30
D->valSize : 900
Solving...
currentSize : 16 <-- 0.017542 s
currentSize : 17 <-- 0.017948 s
currentSize : 18 <-- 0.018435 s
currentSize : 19 <-- 0.019181 s
currentSize : 20 <-- 0.019201 s
currentSize : 21 <-- 0.021296 s
currentSize : 22 <-- 0.021566 s
currentSize : 23 <-- 0.023532 s
currentSize : 25 <-- 0.025725 s
currentSize : 27 <-- 0.030149 s
currentSize : 28 <-- 0.054838 s

maxsize : 28
nodes : 2089.000000
filtered : 119643.000000
time : 0.144310
