Parameters: GAD=1 vflib=1 dir=0 label=0 lowerbound=1 fileNameGp=../graphsdb/mcs90/bvg/b03m/mcs90_b03m_s25.A04 fileNameGt=../graphsdb/mcs90/bvg/b03m/mcs90_b03m_s25.B04
Reading graphs...
25 :  37
25 :  37
Initializing...
maxdom : 25
D->valSize : 625
Solving...
currentSize : 13 <-- 0.005248 s
currentSize : 15 <-- 0.005289 s
currentSize : 16 <-- 0.005683 s
currentSize : 17 <-- 0.015218 s
currentSize : 18 <-- 0.023414 s
currentSize : 19 <-- 0.084749 s
currentSize : 20 <-- 0.145393 s
currentSize : 21 <-- 0.145409 s
currentSize : 22 <-- 0.145594 s

maxsize : 22
nodes : 12540.000000
filtered : 281801.000000
time : 0.235120
