Parameters: GAD=1 vflib=1 dir=0 label=0 lowerbound=1 fileNameGp=../graphsdb/mcs90/m2D/m2Dr6/mcs90_m2Dr6_s30.A28 fileNameGt=../graphsdb/mcs90/m2D/m2Dr6/mcs90_m2Dr6_s30.B28
Reading graphs...
30 :  65
30 :  62
Initializing...
maxdom : 30
D->valSize : 900
Solving...
currentSize : 12 <-- 0.010668 s
currentSize : 13 <-- 0.010693 s
currentSize : 14 <-- 0.010835 s
currentSize : 17 <-- 0.011114 s
currentSize : 18 <-- 0.021689 s
currentSize : 19 <-- 0.644880 s
currentSize : 20 <-- 1.101854 s
currentSize : 21 <-- 4.442448 s
currentSize : 25 <-- 4.482192 s

maxsize : 25
nodes : 329521.000000
filtered : 9522646.000000
time : 5.053611
