Parameters: GAD=1 vflib=1 dir=0 label=0 lowerbound=1 fileNameGp=../graphsdb/mcs90/bvg/b03m/mcs90_b03m_s35.A78 fileNameGt=../graphsdb/mcs90/bvg/b03m/mcs90_b03m_s35.B78
Reading graphs...
35 :  52
35 :  52
Initializing...
maxdom : 35
D->valSize : 1225
Solving...
currentSize : 19 <-- 0.020837 s
currentSize : 21 <-- 0.023827 s
currentSize : 22 <-- 0.046525 s
currentSize : 23 <-- 15.870326 s
currentSize : 24 <-- 16.092989 s
currentSize : 25 <-- 99.559875 s
currentSize : 26 <-- 143.275040 s
currentSize : 27 <-- 188.117798 s
currentSize : 28 <-- 271.762787 s
currentSize : 30 <-- 271.865265 s

maxsize : 30
nodes : 6398877.000000
filtered : 207073692.000000
time : 275.548309
