Parameters: GAD=1 vflib=1 dir=0 label=0 lowerbound=1 fileNameGp=../graphsdb/mcs90/m2D/m2Dr2/mcs90_m2Dr2_s30.A16 fileNameGt=../graphsdb/mcs90/m2D/m2Dr2/mcs90_m2Dr2_s30.B16
Reading graphs...
30 :  54
30 :  54
Initializing...
maxdom : 30
D->valSize : 900
Solving...
currentSize : 14 <-- 0.011263 s
currentSize : 15 <-- 0.011289 s
currentSize : 17 <-- 0.011372 s
currentSize : 18 <-- 0.011527 s
currentSize : 19 <-- 0.018048 s
currentSize : 20 <-- 0.027082 s
currentSize : 21 <-- 0.531720 s
currentSize : 22 <-- 2.383368 s
currentSize : 25 <-- 10.814122 s

maxsize : 25
nodes : 770950.000000
filtered : 24233774.000000
time : 12.384639
