Parameters: GAD=1 vflib=1 dir=0 label=0 lowerbound=1 fileNameGp=../graphsdb/mcs90/bvg/b06m/mcs90_b06m_s30.A31 fileNameGt=../graphsdb/mcs90/bvg/b06m/mcs90_b06m_s30.B31
Reading graphs...
30 :  88
30 :  87
Initializing...
maxdom : 30
D->valSize : 900
Solving...
currentSize : 10 <-- 0.017596 s
currentSize : 11 <-- 0.017682 s
currentSize : 12 <-- 0.017889 s
currentSize : 13 <-- 0.018418 s
currentSize : 14 <-- 0.019004 s
currentSize : 15 <-- 0.025506 s
currentSize : 16 <-- 0.045242 s
currentSize : 18 <-- 0.549042 s
currentSize : 19 <-- 5.472967 s
currentSize : 20 <-- 5.474793 s
currentSize : 21 <-- 5.791270 s
currentSize : 22 <-- 5.791486 s
currentSize : 23 <-- 5.791625 s
currentSize : 27 <-- 6.111851 s

maxsize : 27
nodes : 612450.000000
filtered : 17419613.000000
time : 6.188991
