Parameters: GAD=1 vflib=1 dir=0 label=0 lowerbound=1 fileNameGp=../graphsdb/mcs90/rand/r02/mcs90_r02_s20.A47 fileNameGt=../graphsdb/mcs90/rand/r02/mcs90_r02_s20.B47
Reading graphs...
20 :  67
20 :  68
Initializing...
maxdom : 20
D->valSize : 400
Solving...
currentSize : 7 <-- 0.001964 s
currentSize : 8 <-- 0.001991 s
currentSize : 9 <-- 0.002017 s
currentSize : 10 <-- 0.004139 s
currentSize : 11 <-- 0.009017 s
currentSize : 12 <-- 0.056552 s
currentSize : 18 <-- 0.076393 s

maxsize : 18
nodes : 20187.000000
filtered : 231526.000000
time : 0.079494
