Parameters: GAD=1 vflib=1 dir=0 label=0 lowerbound=1 fileNameGp=../graphsdb/mcs90/m2D/m2Dr4/mcs90_m2Dr4_s30.A12 fileNameGt=../graphsdb/mcs90/m2D/m2Dr4/mcs90_m2Dr4_s30.B12
Reading graphs...
30 :  60
30 :  58
Initializing...
maxdom : 30
D->valSize : 900
Solving...
currentSize : 13 <-- 0.018926 s
currentSize : 14 <-- 0.018965 s
currentSize : 15 <-- 0.019280 s
currentSize : 16 <-- 0.063903 s
currentSize : 17 <-- 0.074812 s
currentSize : 18 <-- 0.092012 s
currentSize : 19 <-- 0.159318 s
currentSize : 20 <-- 0.629160 s
currentSize : 21 <-- 0.895279 s
currentSize : 22 <-- 4.943150 s
currentSize : 23 <-- 9.078086 s
currentSize : 25 <-- 9.206521 s

maxsize : 25
nodes : 648575.000000
filtered : 21826127.000000
time : 9.883573
