Parameters: GAD=1 vflib=1 dir=0 label=0 lowerbound=1 fileNameGp=../graphsdb/mcs90/bvg/b06/mcs90_b06_s35.A93 fileNameGt=../graphsdb/mcs90/bvg/b06/mcs90_b06_s35.B93
Reading graphs...
35 :  105
35 :  105
Initializing...
maxdom : 35
D->valSize : 1225
Solving...
currentSize : 17 <-- 0.024967 s
currentSize : 18 <-- 0.024998 s
currentSize : 19 <-- 0.025045 s
currentSize : 20 <-- 0.025378 s
currentSize : 21 <-- 0.025805 s
currentSize : 22 <-- 0.042679 s
currentSize : 23 <-- 0.045503 s
currentSize : 24 <-- 0.045676 s
currentSize : 25 <-- 0.048636 s
currentSize : 26 <-- 0.050829 s
currentSize : 27 <-- 0.051605 s
currentSize : 28 <-- 0.105174 s
currentSize : 29 <-- 0.105361 s
currentSize : 31 <-- 0.131920 s

maxsize : 31
nodes : 28965.000000
filtered : 1647999.000000
time : 1.623014
