Parameters: GAD=1 vflib=1 dir=0 label=0 lowerbound=1 fileNameGp=../graphsdb/mcs90/bvg/b06m/mcs90_b06m_s35.A56 fileNameGt=../graphsdb/mcs90/bvg/b06m/mcs90_b06m_s35.B56
Reading graphs...
35 :  102
35 :  102
Initializing...
maxdom : 35
D->valSize : 1225
Solving...
currentSize : 14 <-- 0.019217 s
currentSize : 15 <-- 0.019715 s
currentSize : 16 <-- 0.020923 s
currentSize : 17 <-- 0.043529 s
currentSize : 18 <-- 0.207431 s
currentSize : 19 <-- 0.520081 s
currentSize : 20 <-- 0.520440 s
currentSize : 21 <-- 4.524178 s
currentSize : 26 <-- 4.950647 s
currentSize : 31 <-- 5.001699 s

maxsize : 31
nodes : 524158.000000
filtered : 12559306.000000
time : 5.250868
