Parameters: GAD=1 vflib=1 dir=0 label=0 lowerbound=1 fileNameGp=../graphsdb/mcs90/rand/r02/mcs90_r02_s35.A76 fileNameGt=../graphsdb/mcs90/rand/r02/mcs90_r02_s35.B76
Reading graphs...
35 :  210
35 :  214
Initializing...
maxdom : 35
D->valSize : 1225
Solving...
currentSize : 11 <-- 0.029422 s
currentSize : 12 <-- 0.029502 s
currentSize : 13 <-- 0.043493 s
currentSize : 14 <-- 0.074780 s
currentSize : 15 <-- 14.451965 s
currentSize : 16 <-- 15.982049 s
currentSize : 19 <-- 50.142704 s
currentSize : 23 <-- 114.774155 s
currentSize : 31 <-- 116.983086 s

maxsize : 31
nodes : 21938640.000000
filtered : 383439999.000000
time : 117.210236
