Parameters: GAD=1 vflib=1 dir=0 label=0 lowerbound=1 fileNameGp=../graphsdb/mcs90/bvg/b09m/mcs90_b09m_s20.A76 fileNameGt=../graphsdb/mcs90/bvg/b09m/mcs90_b09m_s20.B76
Reading graphs...
20 :  83
20 :  84
Initializing...
maxdom : 20
D->valSize : 400
Solving...
currentSize : 9 <-- 0.002004 s
currentSize : 10 <-- 0.002338 s
currentSize : 11 <-- 0.003347 s
currentSize : 12 <-- 0.007106 s
currentSize : 14 <-- 0.010733 s
currentSize : 18 <-- 0.011264 s

maxsize : 18
nodes : 2681.000000
filtered : 39879.000000
time : 0.014977
