Parameters: GAD=1 vflib=1 dir=0 label=0 lowerbound=1 fileNameGp=../graphsdb/mcs90/m2D/m2Dr6/mcs90_m2Dr6_s30.A86 fileNameGt=../graphsdb/mcs90/m2D/m2Dr6/mcs90_m2Dr6_s30.B86
Reading graphs...
30 :  67
30 :  64
Initializing...
maxdom : 30
D->valSize : 900
Solving...
currentSize : 15 <-- 0.018995 s
currentSize : 16 <-- 0.019051 s
currentSize : 17 <-- 0.033287 s
currentSize : 18 <-- 0.035752 s
currentSize : 19 <-- 1.565824 s
currentSize : 20 <-- 3.375030 s
currentSize : 23 <-- 3.379696 s
currentSize : 24 <-- 4.813119 s
currentSize : 25 <-- 4.813229 s

maxsize : 25
nodes : 490393.000000
filtered : 12985252.000000
time : 5.415422
