Parameters: GAD=1 vflib=1 dir=0 label=0 lowerbound=1 fileNameGp=../graphsdb/mcs90/bvg/b03m/mcs90_b03m_s30.A73 fileNameGt=../graphsdb/mcs90/bvg/b03m/mcs90_b03m_s30.B73
Reading graphs...
30 :  45
30 :  45
Initializing...
maxdom : 30
D->valSize : 900
Solving...
currentSize : 16 <-- 0.011594 s
currentSize : 18 <-- 0.011736 s
currentSize : 19 <-- 0.013300 s
currentSize : 20 <-- 0.013332 s
currentSize : 21 <-- 0.014350 s
currentSize : 22 <-- 0.234758 s
currentSize : 23 <-- 2.209686 s
currentSize : 24 <-- 2.211586 s
currentSize : 26 <-- 2.242108 s
currentSize : 27 <-- 2.242305 s

maxsize : 27
nodes : 148307.000000
filtered : 3532838.000000
time : 2.350395
