Parameters: GAD=1 vflib=1 dir=0 label=0 lowerbound=1 fileNameGp=../graphsdb/mcs90/m3D/m3Dr6/mcs90_m3Dr6_s30.A98 fileNameGt=../graphsdb/mcs90/m3D/m3Dr6/mcs90_m3Dr6_s30.B98
Reading graphs...
30 :  79
30 :  79
Initializing...
maxdom : 30
D->valSize : 900
Solving...
currentSize : 14 <-- 0.010460 s
currentSize : 15 <-- 0.010907 s
currentSize : 16 <-- 0.018239 s
currentSize : 17 <-- 0.757443 s
currentSize : 18 <-- 1.805611 s
currentSize : 19 <-- 4.469595 s
currentSize : 20 <-- 7.889472 s
currentSize : 21 <-- 8.218183 s
currentSize : 23 <-- 8.351875 s
currentSize : 27 <-- 8.423671 s

maxsize : 27
nodes : 993537.000000
filtered : 24224103.000000
time : 8.495828
