Parameters: GAD=1 vflib=1 dir=0 label=0 lowerbound=1 fileNameGp=../graphsdb/mcs90/bvg/b09m/mcs90_b09m_s20.A66 fileNameGt=../graphsdb/mcs90/bvg/b09m/mcs90_b09m_s20.B66
Reading graphs...
20 :  86
20 :  85
Initializing...
maxdom : 20
D->valSize : 400
Solving...
currentSize : 8 <-- 0.001964 s
currentSize : 9 <-- 0.002024 s
currentSize : 10 <-- 0.002065 s
currentSize : 11 <-- 0.007097 s
currentSize : 13 <-- 0.008414 s
currentSize : 18 <-- 0.096816 s

maxsize : 18
nodes : 23621.000000
filtered : 367098.000000
time : 0.099536
