Parameters: GAD=1 vflib=1 dir=0 label=0 lowerbound=1 fileNameGp=../graphsdb/mcs90/bvg/b06m/mcs90_b06m_s35.A54 fileNameGt=../graphsdb/mcs90/bvg/b06m/mcs90_b06m_s35.B54
Reading graphs...
35 :  103
35 :  103
Initializing...
maxdom : 35
D->valSize : 1225
Solving...
currentSize : 18 <-- 0.033722 s
currentSize : 19 <-- 0.033881 s
currentSize : 20 <-- 0.094610 s
currentSize : 21 <-- 7.530087 s
currentSize : 22 <-- 14.709571 s
currentSize : 23 <-- 14.781827 s
currentSize : 25 <-- 15.299191 s
currentSize : 26 <-- 15.484588 s
currentSize : 31 <-- 17.291847 s

maxsize : 31
nodes : 1286888.000000
filtered : 40163966.000000
time : 17.548967
