Parameters: GAD=1 vflib=1 dir=0 label=0 lowerbound=1 fileNameGp=../graphsdb/mcs90/m2D/m2D/mcs90_m2D_s30.A49 fileNameGt=../graphsdb/mcs90/m2D/m2D/mcs90_m2D_s30.B49
Reading graphs...
30 :  49
30 :  48
Initializing...
maxdom : 30
D->valSize : 900
Solving...
currentSize : 14 <-- 0.019579 s
currentSize : 15 <-- 0.019651 s
currentSize : 16 <-- 0.019773 s
currentSize : 17 <-- 0.019973 s
currentSize : 18 <-- 0.027419 s
currentSize : 19 <-- 0.027521 s
currentSize : 20 <-- 0.349160 s
currentSize : 21 <-- 0.484672 s
currentSize : 24 <-- 1.510525 s
currentSize : 25 <-- 1.806237 s
currentSize : 26 <-- 2.095449 s

maxsize : 26
nodes : 123398.000000
filtered : 3522252.000000
time : 2.742619
