Parameters: GAD=1 vflib=1 dir=0 label=0 lowerbound=1 fileNameGp=../graphsdb/mcs90/bvg/b03m/mcs90_b03m_s15.A48 fileNameGt=../graphsdb/mcs90/bvg/b03m/mcs90_b03m_s15.B48
Reading graphs...
15 :  22
15 :  22
Initializing...
maxdom : 15
D->valSize : 225
Solving...
currentSize : 7 <-- 0.000884 s
currentSize : 8 <-- 0.000896 s
currentSize : 9 <-- 0.000906 s
currentSize : 10 <-- 0.000945 s
currentSize : 11 <-- 0.002700 s
currentSize : 12 <-- 0.004180 s

maxsize : 12
nodes : 1551.000000
filtered : 24618.000000
time : 0.009880
