Parameters: GAD=1 vflib=1 dir=0 label=0 lowerbound=1 fileNameGp=../graphsdb/mcs90/bvg/b09m/mcs90_b09m_s30.A19 fileNameGt=../graphsdb/mcs90/bvg/b09m/mcs90_b09m_s30.B19
Reading graphs...
30 :  126
30 :  127
Initializing...
maxdom : 30
D->valSize : 900
Solving...
currentSize : 11 <-- 0.016251 s
currentSize : 12 <-- 0.016337 s
currentSize : 13 <-- 0.018140 s
currentSize : 14 <-- 0.046579 s
currentSize : 15 <-- 0.169478 s
currentSize : 16 <-- 1.008832 s
currentSize : 17 <-- 4.267470 s
currentSize : 20 <-- 4.321630 s
currentSize : 21 <-- 5.683029 s
currentSize : 26 <-- 5.701135 s

maxsize : 26
nodes : 834166.000000
filtered : 19221610.000000
time : 5.837949
