Parameters: GAD=1 vflib=1 dir=0 label=0 lowerbound=1 fileNameGp=../graphsdb/mcs90/rand/r005/mcs90_r005_s35.A29 fileNameGt=../graphsdb/mcs90/rand/r005/mcs90_r005_s35.B29
Reading graphs...
35 :  58
35 :  58
Initializing...
maxdom : 35
D->valSize : 1225
Solving...
currentSize : 18 <-- 0.020642 s
currentSize : 19 <-- 0.020669 s
currentSize : 20 <-- 0.030789 s
currentSize : 21 <-- 0.292205 s
currentSize : 22 <-- 0.625286 s
currentSize : 23 <-- 0.830792 s
currentSize : 24 <-- 7.678855 s
currentSize : 25 <-- 93.480400 s
currentSize : 26 <-- 93.556870 s
currentSize : 27 <-- 108.941406 s
currentSize : 28 <-- 108.951584 s
currentSize : 31 <-- 108.951767 s

maxsize : 31
nodes : 3576528.000000
filtered : 109921859.000000
time : 109.403702
