Parameters: GAD=1 vflib=1 dir=0 label=0 lowerbound=1 fileNameGp=../graphsdb/mcs90/bvg/b06m/mcs90_b06m_s30.A85 fileNameGt=../graphsdb/mcs90/bvg/b06m/mcs90_b06m_s30.B85
Reading graphs...
30 :  88
30 :  88
Initializing...
maxdom : 30
D->valSize : 900
Solving...
currentSize : 13 <-- 0.015203 s
currentSize : 14 <-- 0.015266 s
currentSize : 15 <-- 0.015486 s
currentSize : 16 <-- 0.015700 s
currentSize : 17 <-- 0.110636 s
currentSize : 18 <-- 4.133216 s
currentSize : 19 <-- 4.141774 s
currentSize : 20 <-- 13.275765 s
currentSize : 21 <-- 13.292577 s
currentSize : 23 <-- 13.533696 s
currentSize : 27 <-- 13.534977 s

maxsize : 27
nodes : 1214702.000000
filtered : 33700047.000000
time : 13.600006
