Parameters: GAD=1 vflib=1 dir=0 label=0 lowerbound=1 fileNameGp=../graphsdb/mcs90/m2D/m2D/mcs90_m2D_s30.A83 fileNameGt=../graphsdb/mcs90/m2D/m2D/mcs90_m2D_s30.B83
Reading graphs...
30 :  49
30 :  49
Initializing...
maxdom : 30
D->valSize : 900
Solving...
currentSize : 8 <-- 0.010984 s
currentSize : 14 <-- 0.011030 s
currentSize : 15 <-- 0.011042 s
currentSize : 17 <-- 0.011053 s
currentSize : 18 <-- 0.011075 s
currentSize : 19 <-- 0.012427 s
currentSize : 20 <-- 0.017898 s
currentSize : 21 <-- 0.188890 s
currentSize : 22 <-- 0.790111 s
currentSize : 23 <-- 2.752452 s
currentSize : 24 <-- 2.954138 s
currentSize : 25 <-- 2.954205 s
currentSize : 26 <-- 3.695635 s

maxsize : 26
nodes : 137742.000000
filtered : 4879365.000000
time : 4.388131
