Parameters: GAD=1 vflib=1 dir=0 label=0 lowerbound=1 fileNameGp=../graphsdb/mcs90/rand/r005/mcs90_r005_s25.A34 fileNameGt=../graphsdb/mcs90/rand/r005/mcs90_r005_s25.B34
Reading graphs...
25 :  29
25 :  28
Initializing...
maxdom : 25
D->valSize : 625
Solving...
currentSize : 5 <-- 0.009584 s
currentSize : 6 <-- 0.009628 s
currentSize : 9 <-- 0.009674 s
currentSize : 10 <-- 0.009727 s
currentSize : 11 <-- 0.009744 s
currentSize : 13 <-- 0.009759 s
currentSize : 14 <-- 0.010116 s
currentSize : 15 <-- 0.014246 s
currentSize : 16 <-- 0.014274 s
currentSize : 17 <-- 0.096180 s
currentSize : 18 <-- 0.431182 s
currentSize : 19 <-- 0.570869 s
currentSize : 20 <-- 0.575148 s
currentSize : 21 <-- 0.586762 s
currentSize : 22 <-- 0.587059 s

maxsize : 22
nodes : 53150.000000
filtered : 684960.000000
time : 0.771249
