Parameters: GAD=1 vflib=1 dir=0 label=0 lowerbound=1 fileNameGp=../graphsdb/mcs90/bvg/b03m/mcs90_b03m_s20.A13 fileNameGt=../graphsdb/mcs90/bvg/b03m/mcs90_b03m_s20.B13
Reading graphs...
20 :  29
20 :  30
Initializing...
maxdom : 20
D->valSize : 400
Solving...
currentSize : 8 <-- 0.002310 s
currentSize : 9 <-- 0.002347 s
currentSize : 10 <-- 0.003219 s
currentSize : 11 <-- 0.003269 s
currentSize : 12 <-- 0.005112 s
currentSize : 13 <-- 0.013612 s
currentSize : 14 <-- 0.019405 s
currentSize : 15 <-- 0.019433 s
currentSize : 16 <-- 0.019472 s
currentSize : 18 <-- 0.019526 s

maxsize : 18
nodes : 3892.000000
filtered : 28330.000000
time : 0.025563
