Parameters: GAD=1 vflib=1 dir=0 label=0 lowerbound=1 fileNameGp=../graphsdb/mcs90/rand/r02/mcs90_r02_s30.A48 fileNameGt=../graphsdb/mcs90/rand/r02/mcs90_r02_s30.B48
Reading graphs...
30 :  159
30 :  159
Initializing...
maxdom : 30
D->valSize : 900
Solving...
currentSize : 9 <-- 0.016001 s
currentSize : 10 <-- 0.016321 s
currentSize : 11 <-- 0.016521 s
currentSize : 12 <-- 0.018640 s
currentSize : 13 <-- 0.024480 s
currentSize : 14 <-- 0.034924 s
currentSize : 17 <-- 0.249462 s
currentSize : 18 <-- 0.310088 s
currentSize : 19 <-- 0.371993 s
currentSize : 27 <-- 0.372313 s

maxsize : 27
nodes : 79787.000000
filtered : 1067260.000000
time : 0.405989
