Parameters: GAD=1 vflib=1 dir=0 label=0 lowerbound=1 fileNameGp=../graphsdb/mcs90/m4D/m4D/mcs90_m4D_s20.A29 fileNameGt=../graphsdb/mcs90/m4D/m4D/mcs90_m4D_s20.B29
Reading graphs...
20 :  37
20 :  37
Initializing...
maxdom : 20
D->valSize : 400
Solving...
currentSize : 6 <-- 0.002198 s
currentSize : 7 <-- 0.002319 s
currentSize : 8 <-- 0.005956 s
currentSize : 9 <-- 0.007357 s
currentSize : 10 <-- 0.013462 s
currentSize : 11 <-- 0.014006 s
currentSize : 12 <-- 0.048046 s
currentSize : 14 <-- 0.070450 s
currentSize : 15 <-- 0.072101 s
currentSize : 16 <-- 0.072506 s
currentSize : 17 <-- 0.115282 s

maxsize : 17
nodes : 22418.000000
filtered : 201954.000000
time : 0.129158
