Parameters: GAD=1 vflib=1 dir=0 label=0 lowerbound=1 fileNameGp=../graphsdb/mcs90/bvg/b06m/mcs90_b06m_s30.A78 fileNameGt=../graphsdb/mcs90/bvg/b06m/mcs90_b06m_s30.B78
Reading graphs...
30 :  89
30 :  88
Initializing...
maxdom : 30
D->valSize : 900
Solving...
currentSize : 12 <-- 0.010220 s
currentSize : 13 <-- 0.010258 s
currentSize : 14 <-- 0.010476 s
currentSize : 16 <-- 0.010894 s
currentSize : 17 <-- 3.585445 s
currentSize : 18 <-- 5.333310 s
currentSize : 19 <-- 6.856051 s
currentSize : 21 <-- 7.350940 s
currentSize : 27 <-- 9.748639 s

maxsize : 27
nodes : 1070380.000000
filtered : 27227955.000000
time : 9.790626
