Parameters: GAD=1 vflib=1 dir=0 label=0 lowerbound=1 fileNameGp=../graphsdb/mcs90/bvg/b09m/mcs90_b09m_s35.A42 fileNameGt=../graphsdb/mcs90/bvg/b09m/mcs90_b09m_s35.B42
Reading graphs...
35 :  151
35 :  152
Initializing...
maxdom : 35
D->valSize : 1225
Solving...
currentSize : 10 <-- 0.031103 s
currentSize : 11 <-- 0.034795 s
currentSize : 12 <-- 0.034844 s
currentSize : 13 <-- 0.060643 s
currentSize : 14 <-- 0.153842 s
currentSize : 15 <-- 0.319051 s
currentSize : 16 <-- 0.925920 s
currentSize : 17 <-- 21.788898 s
currentSize : 18 <-- 117.110580 s
currentSize : 19 <-- 185.112411 s
currentSize : 20 <-- 186.787476 s
currentSize : 21 <-- 198.007538 s
currentSize : 27 <-- 198.009735 s
currentSize : 30 <-- 198.009933 s

maxsize : 30
nodes : 29426221.000000
filtered : 599356117.000000
time : 198.449997
