Parameters: GAD=1 vflib=1 dir=0 label=0 lowerbound=1 fileNameGp=../graphsdb/mcs90/rand/r01/mcs90_r01_s35.A78 fileNameGt=../graphsdb/mcs90/rand/r01/mcs90_r01_s35.B78
Reading graphs...
35 :  114
35 :  109
Initializing...
maxdom : 35
D->valSize : 1225
Solving...
currentSize : 14 <-- 0.033151 s
currentSize : 15 <-- 0.033599 s
currentSize : 16 <-- 0.033826 s
currentSize : 17 <-- 0.039580 s
currentSize : 18 <-- 0.064838 s
currentSize : 19 <-- 1.184628 s
currentSize : 21 <-- 13.951587 s
currentSize : 22 <-- 14.623246 s
currentSize : 25 <-- 47.902615 s
currentSize : 31 <-- 63.679264 s

maxsize : 31
nodes : 6832964.000000
filtered : 235613895.000000
time : 63.982822
