Parameters: GAD=1 vflib=1 dir=0 label=0 lowerbound=1 fileNameGp=../graphsdb/mcs90/rand/r01/mcs90_r01_s15.A57 fileNameGt=../graphsdb/mcs90/rand/r01/mcs90_r01_s15.B57
Reading graphs...
15 :  20
15 :  20
Initializing...
maxdom : 15
D->valSize : 225
Solving...
currentSize : 8 <-- 0.000932 s
currentSize : 9 <-- 0.001461 s
currentSize : 10 <-- 0.001533 s
currentSize : 11 <-- 0.003305 s
currentSize : 12 <-- 0.003374 s
currentSize : 13 <-- 0.005267 s

maxsize : 13
nodes : 978.000000
filtered : 11044.000000
time : 0.007245
