Parameters: GAD=1 vflib=1 dir=0 label=0 lowerbound=1 fileNameGp=../graphsdb/mcs90/rand/r01/mcs90_r01_s20.A91 fileNameGt=../graphsdb/mcs90/rand/r01/mcs90_r01_s20.B91
Reading graphs...
20 :  36
20 :  37
Initializing...
maxdom : 20
D->valSize : 400
Solving...
currentSize : 9 <-- 0.002260 s
currentSize : 10 <-- 0.002317 s
currentSize : 11 <-- 0.002855 s
currentSize : 12 <-- 0.003251 s
currentSize : 14 <-- 0.003900 s
currentSize : 18 <-- 0.004203 s

maxsize : 18
nodes : 878.000000
filtered : 15525.000000
time : 0.010158
