Parameters: GAD=1 vflib=1 dir=0 label=0 lowerbound=1 fileNameGp=../graphsdb/mcs90/m3D/m3Dr6/mcs90_m3Dr6_s30.A55 fileNameGt=../graphsdb/mcs90/m3D/m3Dr6/mcs90_m3Dr6_s30.B55
Reading graphs...
30 :  78
30 :  77
Initializing...
maxdom : 30
D->valSize : 900
Solving...
currentSize : 12 <-- 0.010618 s
currentSize : 13 <-- 0.010694 s
currentSize : 14 <-- 0.010747 s
currentSize : 15 <-- 0.010829 s
currentSize : 16 <-- 0.019909 s
currentSize : 17 <-- 0.106674 s
currentSize : 18 <-- 1.118416 s
currentSize : 19 <-- 20.543987 s
currentSize : 20 <-- 23.008465 s
currentSize : 22 <-- 23.022892 s
currentSize : 23 <-- 23.127584 s
currentSize : 27 <-- 24.739548 s

maxsize : 27
nodes : 2876215.000000
filtered : 66508511.000000
time : 24.800232
