Parameters: GAD=1 vflib=1 dir=0 label=0 lowerbound=1 fileNameGp=../graphsdb/mcs90/bvg/b06/mcs90_b06_s35.A07 fileNameGt=../graphsdb/mcs90/bvg/b06/mcs90_b06_s35.B07
Reading graphs...
35 :  104
35 :  104
Initializing...
maxdom : 35
D->valSize : 1225
Solving...
currentSize : 24 <-- 0.027968 s
currentSize : 25 <-- 0.028106 s
currentSize : 26 <-- 0.029206 s
currentSize : 27 <-- 0.030861 s
currentSize : 28 <-- 0.253503 s
currentSize : 29 <-- 0.345600 s
currentSize : 31 <-- 0.346317 s
currentSize : 32 <-- 0.822272 s

maxsize : 32
nodes : 17940.000000
filtered : 1117923.000000
time : 1.003258
