Parameters: GAD=1 vflib=1 dir=0 label=0 lowerbound=1 fileNameGp=../graphsdb/mcs90/bvg/b09/mcs90_b09_s35.A42 fileNameGt=../graphsdb/mcs90/bvg/b09/mcs90_b09_s35.B42
Reading graphs...
35 :  156
35 :  155
Initializing...
maxdom : 35
D->valSize : 1225
Solving...
currentSize : 12 <-- 0.022460 s
currentSize : 14 <-- 0.022494 s
currentSize : 15 <-- 0.023660 s
currentSize : 16 <-- 0.025525 s
currentSize : 17 <-- 0.027395 s
currentSize : 18 <-- 0.090049 s
currentSize : 19 <-- 0.571654 s
currentSize : 22 <-- 2.360982 s
currentSize : 23 <-- 2.361502 s
currentSize : 24 <-- 2.365068 s
currentSize : 26 <-- 2.365230 s
currentSize : 30 <-- 2.372608 s

maxsize : 30
nodes : 400613.000000
filtered : 9711807.000000
time : 3.087887
