Parameters: GAD=1 vflib=1 dir=0 label=0 lowerbound=1 fileNameGp=../graphsdb/mcs90/m3D/m3Dr4/mcs90_m3Dr4_s30.A82 fileNameGt=../graphsdb/mcs90/m3D/m3Dr4/mcs90_m3Dr4_s30.B82
Reading graphs...
30 :  73
30 :  73
Initializing...
maxdom : 30
D->valSize : 900
Solving...
currentSize : 15 <-- 0.010553 s
currentSize : 16 <-- 0.010930 s
currentSize : 17 <-- 0.010970 s
currentSize : 18 <-- 0.015855 s
currentSize : 19 <-- 0.509329 s
currentSize : 20 <-- 21.033344 s
currentSize : 21 <-- 21.033627 s
currentSize : 23 <-- 21.166842 s
currentSize : 27 <-- 21.209803 s

maxsize : 27
nodes : 2385094.000000
filtered : 56839412.000000
time : 21.301682
