Parameters: GAD=1 vflib=1 dir=0 label=0 lowerbound=1 fileNameGp=../graphsdb/mcs90/bvg/b09m/mcs90_b09m_s30.A47 fileNameGt=../graphsdb/mcs90/bvg/b09m/mcs90_b09m_s30.B47
Reading graphs...
30 :  132
30 :  129
Initializing...
maxdom : 30
D->valSize : 900
Solving...
currentSize : 10 <-- 0.009580 s
currentSize : 11 <-- 0.009610 s
currentSize : 13 <-- 0.009641 s
currentSize : 14 <-- 0.092143 s
currentSize : 19 <-- 0.384102 s
currentSize : 26 <-- 3.214247 s

maxsize : 26
nodes : 467010.000000
filtered : 13485969.000000
time : 3.329834
