Parameters: GAD=1 vflib=1 dir=0 label=0 lowerbound=1 fileNameGp=../graphsdb/mcs90/bvg/b06m/mcs90_b06m_s35.A64 fileNameGt=../graphsdb/mcs90/bvg/b06m/mcs90_b06m_s35.B64
Reading graphs...
35 :  103
35 :  103
Initializing...
maxdom : 35
D->valSize : 1225
Solving...
currentSize : 14 <-- 0.020203 s
currentSize : 15 <-- 0.020402 s
currentSize : 16 <-- 0.021072 s
currentSize : 17 <-- 0.023112 s
currentSize : 18 <-- 0.254330 s
currentSize : 19 <-- 2.722062 s
currentSize : 20 <-- 38.578617 s
currentSize : 21 <-- 39.173950 s
currentSize : 22 <-- 112.094681 s
currentSize : 23 <-- 121.582916 s
currentSize : 24 <-- 121.702087 s
currentSize : 25 <-- 123.144333 s
currentSize : 28 <-- 125.559547 s
currentSize : 29 <-- 125.798737 s
currentSize : 31 <-- 125.802444 s

maxsize : 31
nodes : 10204597.000000
filtered : 298373653.000000
time : 126.090843
