Parameters: GAD=1 vflib=1 dir=0 label=0 lowerbound=1 fileNameGp=../graphsdb/mcs90/bvg/b03/mcs90_b03_s35.A15 fileNameGt=../graphsdb/mcs90/bvg/b03/mcs90_b03_s35.B15
Reading graphs...
35 :  52
35 :  52
Initializing...
maxdom : 35
D->valSize : 1225
Solving...
currentSize : 25 <-- 0.021716 s
currentSize : 26 <-- 0.021748 s
currentSize : 27 <-- 0.021854 s
currentSize : 28 <-- 0.022034 s
currentSize : 29 <-- 0.232282 s
currentSize : 30 <-- 0.232385 s
currentSize : 31 <-- 0.331719 s

maxsize : 31
nodes : 31466.000000
filtered : 2790486.000000
time : 4.818775
