Parameters: GAD=1 vflib=1 dir=0 label=0 lowerbound=1 fileNameGp=../graphsdb/mcs90/bvg/b09/mcs90_b09_s30.A80 fileNameGt=../graphsdb/mcs90/bvg/b09/mcs90_b09_s30.B80
Reading graphs...
30 :  135
30 :  135
Initializing...
maxdom : 30
D->valSize : 900
Solving...
currentSize : 15 <-- 0.009317 s
currentSize : 16 <-- 0.009437 s
currentSize : 17 <-- 0.009526 s
currentSize : 19 <-- 0.009671 s
currentSize : 20 <-- 0.009718 s
currentSize : 22 <-- 0.009851 s
currentSize : 23 <-- 0.014838 s
currentSize : 26 <-- 0.014923 s

maxsize : 26
nodes : 11686.000000
filtered : 890839.000000
time : 0.256053
