Parameters: GAD=1 vflib=1 dir=0 label=0 lowerbound=1 fileNameGp=../graphsdb/mcs90/bvg/b06m/mcs90_b06m_s25.A43 fileNameGt=../graphsdb/mcs90/bvg/b06m/mcs90_b06m_s25.B43
Reading graphs...
25 :  71
25 :  72
Initializing...
maxdom : 25
D->valSize : 625
Solving...
currentSize : 12 <-- 0.008349 s
currentSize : 14 <-- 0.009203 s
currentSize : 15 <-- 0.024922 s
currentSize : 16 <-- 0.117948 s
currentSize : 17 <-- 0.396310 s
currentSize : 20 <-- 0.592679 s
currentSize : 22 <-- 0.619598 s

maxsize : 22
nodes : 61903.000000
filtered : 1516491.000000
time : 0.624139
