Parameters: GAD=1 vflib=1 dir=0 label=0 lowerbound=1 fileNameGp=../graphsdb/mcs90/rand/r01/mcs90_r01_s25.A31 fileNameGt=../graphsdb/mcs90/rand/r01/mcs90_r01_s25.B31
Reading graphs...
25 :  55
25 :  56
Initializing...
maxdom : 25
D->valSize : 625
Solving...
currentSize : 12 <-- 0.008766 s
currentSize : 13 <-- 0.011286 s
currentSize : 14 <-- 0.041812 s
currentSize : 15 <-- 0.117806 s
currentSize : 16 <-- 0.378809 s
currentSize : 17 <-- 0.398997 s
currentSize : 18 <-- 0.399045 s
currentSize : 22 <-- 0.472047 s

maxsize : 22
nodes : 40237.000000
filtered : 778348.000000
time : 0.516181
