Parameters: GAD=1 vflib=1 dir=0 label=0 lowerbound=1 fileNameGp=../graphsdb/mcs90/m3D/m3Dr2/mcs90_m3Dr2_s30.A75 fileNameGt=../graphsdb/mcs90/m3D/m3Dr2/mcs90_m3Dr2_s30.B75
Reading graphs...
30 :  65
30 :  66
Initializing...
maxdom : 30
D->valSize : 900
Solving...
currentSize : 12 <-- 0.010676 s
currentSize : 13 <-- 0.010695 s
currentSize : 16 <-- 0.010720 s
currentSize : 17 <-- 0.014502 s
currentSize : 18 <-- 0.014737 s
currentSize : 19 <-- 0.318871 s
currentSize : 20 <-- 0.428270 s
currentSize : 23 <-- 0.658468 s
currentSize : 24 <-- 0.758251 s
currentSize : 27 <-- 0.759763 s

maxsize : 27
nodes : 103752.000000
filtered : 2144408.000000
time : 0.935421
