Parameters: GAD=1 vflib=1 dir=0 label=0 lowerbound=1 fileNameGp=../graphsdb/mcs90/m2D/m2Dr4/mcs90_m2Dr4_s30.A53 fileNameGt=../graphsdb/mcs90/m2D/m2Dr4/mcs90_m2Dr4_s30.B53
Reading graphs...
30 :  60
30 :  60
Initializing...
maxdom : 30
D->valSize : 900
Solving...
currentSize : 10 <-- 0.010712 s
currentSize : 11 <-- 0.010749 s
currentSize : 12 <-- 0.010758 s
currentSize : 13 <-- 0.010849 s
currentSize : 14 <-- 0.010859 s
currentSize : 16 <-- 0.010902 s
currentSize : 17 <-- 0.015050 s
currentSize : 18 <-- 0.018471 s
currentSize : 19 <-- 0.306887 s
currentSize : 20 <-- 6.588216 s
currentSize : 25 <-- 8.142154 s

maxsize : 25
nodes : 802929.000000
filtered : 18666206.000000
time : 8.869082
