Parameters: GAD=1 vflib=1 dir=0 label=0 lowerbound=1 fileNameGp=../graphsdb/mcs90/rand/r005/mcs90_r005_s30.A89 fileNameGt=../graphsdb/mcs90/rand/r005/mcs90_r005_s30.B89
Reading graphs...
30 :  40
30 :  41
Initializing...
maxdom : 30
D->valSize : 900
Solving...
currentSize : 11 <-- 0.019868 s
currentSize : 12 <-- 0.019912 s
currentSize : 14 <-- 0.026405 s
currentSize : 16 <-- 0.026766 s
currentSize : 17 <-- 0.026775 s
currentSize : 18 <-- 0.027126 s
currentSize : 19 <-- 0.083584 s
currentSize : 20 <-- 0.085817 s
currentSize : 21 <-- 0.234656 s
currentSize : 22 <-- 0.883565 s
currentSize : 24 <-- 8.448932 s
currentSize : 25 <-- 8.449505 s
currentSize : 27 <-- 8.452356 s

maxsize : 27
nodes : 421583.000000
filtered : 8900124.000000
time : 8.683708
