Parameters: GAD=1 vflib=1 dir=0 label=0 lowerbound=1 fileNameGp=../graphsdb/mcs90/rand/r005/mcs90_r005_s35.A39 fileNameGt=../graphsdb/mcs90/rand/r005/mcs90_r005_s35.B39
Reading graphs...
35 :  57
35 :  57
Initializing...
maxdom : 35
D->valSize : 1225
Solving...
currentSize : 19 <-- 0.036651 s
currentSize : 20 <-- 0.037520 s
currentSize : 21 <-- 0.071007 s
currentSize : 23 <-- 18.593525 s
currentSize : 24 <-- 68.081161 s
currentSize : 25 <-- 89.988159 s
currentSize : 26 <-- 130.860001 s
currentSize : 27 <-- 131.373718 s
currentSize : 28 <-- 131.374115 s
currentSize : 31 <-- 131.660217 s

maxsize : 31
nodes : 7703112.000000
filtered : 131579945.000000
time : 132.392120
