Parameters: GAD=1 vflib=1 dir=0 label=0 lowerbound=1 fileNameGp=../graphsdb/mcs90/m3D/m3Dr2/mcs90_m3Dr2_s30.A19 fileNameGt=../graphsdb/mcs90/m3D/m3Dr2/mcs90_m3Dr2_s30.B19
Reading graphs...
30 :  66
30 :  66
Initializing...
maxdom : 30
D->valSize : 900
Solving...
currentSize : 15 <-- 0.010620 s
currentSize : 16 <-- 0.010896 s
currentSize : 17 <-- 0.010951 s
currentSize : 18 <-- 0.011101 s
currentSize : 19 <-- 0.012066 s
currentSize : 21 <-- 0.013063 s
currentSize : 22 <-- 0.207893 s
currentSize : 23 <-- 0.472428 s
currentSize : 24 <-- 2.072794 s
currentSize : 27 <-- 2.450462 s

maxsize : 27
nodes : 208803.000000
filtered : 6595721.000000
time : 2.588743
