Parameters: GAD=1 vflib=1 dir=0 label=0 lowerbound=1 fileNameGp=../graphsdb/mcs90/m3D/m3Dr4/mcs90_m3Dr4_s30.A77 fileNameGt=../graphsdb/mcs90/m3D/m3Dr4/mcs90_m3Dr4_s30.B77
Reading graphs...
30 :  72
30 :  72
Initializing...
maxdom : 30
D->valSize : 900
Solving...
currentSize : 16 <-- 0.018635 s
currentSize : 17 <-- 0.018709 s
currentSize : 18 <-- 0.020734 s
currentSize : 19 <-- 0.647982 s
currentSize : 20 <-- 10.865354 s
currentSize : 22 <-- 16.260162 s
currentSize : 23 <-- 16.262684 s
currentSize : 27 <-- 16.640802 s

maxsize : 27
nodes : 1754447.000000
filtered : 43023939.000000
time : 16.806179
