Parameters: GAD=1 vflib=1 dir=0 label=0 lowerbound=1 fileNameGp=../graphsdb/mcs90/bvg/b03/mcs90_b03_s25.A39 fileNameGt=../graphsdb/mcs90/bvg/b03/mcs90_b03_s25.B39
Reading graphs...
25 :  37
25 :  37
Initializing...
maxdom : 25
D->valSize : 625
Solving...
currentSize : 14 <-- 0.005270 s
currentSize : 15 <-- 0.005292 s
currentSize : 16 <-- 0.005651 s
currentSize : 17 <-- 0.006776 s
currentSize : 18 <-- 0.007244 s
currentSize : 19 <-- 0.009042 s
currentSize : 20 <-- 0.010621 s
currentSize : 21 <-- 0.010638 s
currentSize : 22 <-- 0.013340 s
currentSize : 23 <-- 0.021972 s

maxsize : 23
nodes : 1489.000000
filtered : 70672.000000
time : 0.056144
