Parameters: GAD=1 vflib=1 dir=0 label=0 lowerbound=1 fileNameGp=../graphsdb/mcs90/rand/r01/mcs90_r01_s25.A99 fileNameGt=../graphsdb/mcs90/rand/r01/mcs90_r01_s25.B99
Reading graphs...
25 :  56
25 :  56
Initializing...
maxdom : 25
D->valSize : 625
Solving...
currentSize : 12 <-- 0.005010 s
currentSize : 14 <-- 0.005047 s
currentSize : 15 <-- 0.077397 s
currentSize : 16 <-- 0.282603 s
currentSize : 17 <-- 0.748810 s
currentSize : 18 <-- 1.401196 s
currentSize : 19 <-- 1.700876 s
currentSize : 22 <-- 1.703073 s

maxsize : 22
nodes : 208217.000000
filtered : 4922084.000000
time : 1.713103
