Parameters: GAD=1 vflib=1 dir=0 label=0 lowerbound=1 fileNameGp=../graphsdb/mcs90/rand/r01/mcs90_r01_s20.A77 fileNameGt=../graphsdb/mcs90/rand/r01/mcs90_r01_s20.B77
Reading graphs...
20 :  35
20 :  34
Initializing...
maxdom : 20
D->valSize : 400
Solving...
currentSize : 6 <-- 0.002173 s
currentSize : 7 <-- 0.002190 s
currentSize : 8 <-- 0.002254 s
currentSize : 9 <-- 0.002455 s
currentSize : 10 <-- 0.003354 s
currentSize : 11 <-- 0.007428 s
currentSize : 12 <-- 0.007782 s
currentSize : 13 <-- 0.025088 s
currentSize : 14 <-- 0.030278 s
currentSize : 15 <-- 0.030751 s
currentSize : 16 <-- 0.031968 s
currentSize : 17 <-- 0.038972 s
currentSize : 18 <-- 0.039560 s

maxsize : 18
nodes : 6070.000000
filtered : 64425.000000
time : 0.041905
