Parameters: GAD=1 vflib=1 dir=0 label=0 lowerbound=1 fileNameGp=../graphsdb/mcs90/rand/r005/mcs90_r005_s30.A91 fileNameGt=../graphsdb/mcs90/rand/r005/mcs90_r005_s30.B91
Reading graphs...
30 :  42
30 :  42
Initializing...
maxdom : 30
D->valSize : 900
Solving...
currentSize : 18 <-- 0.011431 s
currentSize : 19 <-- 0.014795 s
currentSize : 20 <-- 0.019064 s
currentSize : 21 <-- 0.058332 s
currentSize : 22 <-- 2.139060 s
currentSize : 23 <-- 10.774797 s
currentSize : 24 <-- 10.776677 s
currentSize : 25 <-- 12.271628 s
currentSize : 26 <-- 12.586318 s
currentSize : 27 <-- 12.688541 s

maxsize : 27
nodes : 440113.000000
filtered : 12082367.000000
time : 12.775178
