Parameters: GAD=1 vflib=1 dir=0 label=0 lowerbound=1 fileNameGp=../graphsdb/mcs90/bvg/b09/mcs90_b09_s30.A86 fileNameGt=../graphsdb/mcs90/bvg/b09/mcs90_b09_s30.B86
Reading graphs...
30 :  132
30 :  133
Initializing...
maxdom : 30
D->valSize : 900
Solving...
currentSize : 13 <-- 0.009409 s
currentSize : 15 <-- 0.009455 s
currentSize : 16 <-- 0.009493 s
currentSize : 18 <-- 0.009971 s
currentSize : 19 <-- 0.010820 s
currentSize : 20 <-- 0.013204 s
currentSize : 21 <-- 0.021368 s
currentSize : 23 <-- 0.021427 s
currentSize : 24 <-- 0.021581 s
currentSize : 26 <-- 0.021718 s
currentSize : 27 <-- 0.083257 s

maxsize : 27
nodes : 8389.000000
filtered : 573555.000000
time : 0.171484
