Parameters: GAD=1 vflib=1 dir=0 label=0 lowerbound=1 fileNameGp=../graphsdb/mcs90/rand/r02/mcs90_r02_s25.A97 fileNameGt=../graphsdb/mcs90/rand/r02/mcs90_r02_s25.B97
Reading graphs...
25 :  111
25 :  113
Initializing...
maxdom : 25
D->valSize : 625
Solving...
currentSize : 9 <-- 0.007704 s
currentSize : 10 <-- 0.007737 s
currentSize : 11 <-- 0.008118 s
currentSize : 12 <-- 0.050124 s
currentSize : 13 <-- 0.141175 s
currentSize : 14 <-- 0.141246 s
currentSize : 15 <-- 0.339521 s
currentSize : 22 <-- 0.562793 s

maxsize : 22
nodes : 128229.000000
filtered : 1773166.000000
time : 0.581169
