Parameters: GAD=1 vflib=1 dir=0 label=0 lowerbound=1 fileNameGp=../graphsdb/mcs90/m2D/m2Dr4/mcs90_m2Dr4_s30.A00 fileNameGt=../graphsdb/mcs90/m2D/m2Dr4/mcs90_m2Dr4_s30.B00
Reading graphs...
30 :  61
30 :  61
Initializing...
maxdom : 30
D->valSize : 900
Solving...
currentSize : 15 <-- 0.010865 s
currentSize : 16 <-- 0.010892 s
currentSize : 17 <-- 0.018922 s
currentSize : 18 <-- 0.027355 s
currentSize : 19 <-- 0.629400 s
currentSize : 20 <-- 10.106820 s
currentSize : 25 <-- 22.841494 s

maxsize : 25
nodes : 2042384.000000
filtered : 49150468.000000
time : 23.975328
