Parameters: GAD=1 vflib=1 dir=0 label=0 lowerbound=1 fileNameGp=../graphsdb/mcs90/rand/r01/mcs90_r01_s30.A55 fileNameGt=../graphsdb/mcs90/rand/r01/mcs90_r01_s30.B55
Reading graphs...
30 :  80
30 :  79
Initializing...
maxdom : 30
D->valSize : 900
Solving...
currentSize : 16 <-- 0.010570 s
currentSize : 17 <-- 0.048120 s
currentSize : 18 <-- 0.050655 s
currentSize : 19 <-- 2.029594 s
currentSize : 20 <-- 2.833812 s
currentSize : 21 <-- 2.842015 s
currentSize : 27 <-- 3.945197 s

maxsize : 27
nodes : 498251.000000
filtered : 11577225.000000
time : 3.977386
