Parameters: GAD=1 vflib=1 dir=0 label=0 lowerbound=1 fileNameGp=../graphsdb/mcs90/rand/r01/mcs90_r01_s30.A87 fileNameGt=../graphsdb/mcs90/rand/r01/mcs90_r01_s30.B87
Reading graphs...
30 :  85
30 :  84
Initializing...
maxdom : 30
D->valSize : 900
Solving...
currentSize : 14 <-- 0.010167 s
currentSize : 16 <-- 0.010196 s
currentSize : 17 <-- 0.042243 s
currentSize : 18 <-- 0.453796 s
currentSize : 19 <-- 0.854070 s
currentSize : 21 <-- 7.399804 s
currentSize : 22 <-- 7.520581 s
currentSize : 27 <-- 7.536892 s

maxsize : 27
nodes : 849974.000000
filtered : 22459788.000000
time : 7.585016
