Parameters: GAD=1 vflib=1 dir=0 label=0 lowerbound=1 fileNameGp=../graphsdb/mcs90/bvg/b09/mcs90_b09_s25.A58 fileNameGt=../graphsdb/mcs90/bvg/b09/mcs90_b09_s25.B58
Reading graphs...
25 :  112
25 :  112
Initializing...
maxdom : 25
D->valSize : 625
Solving...
currentSize : 7 <-- 0.004510 s
currentSize : 8 <-- 0.004529 s
currentSize : 9 <-- 0.004574 s
currentSize : 10 <-- 0.005196 s
currentSize : 11 <-- 0.010075 s
currentSize : 12 <-- 0.010106 s
currentSize : 15 <-- 0.010146 s
currentSize : 17 <-- 0.010327 s
currentSize : 18 <-- 0.010837 s
currentSize : 22 <-- 0.011088 s

maxsize : 22
nodes : 3776.000000
filtered : 191660.000000
time : 0.062875
