Parameters: GAD=1 vflib=1 dir=0 label=0 lowerbound=1 fileNameGp=../graphsdb/mcs90/bvg/b06/mcs90_b06_s30.A44 fileNameGt=../graphsdb/mcs90/bvg/b06/mcs90_b06_s30.B44
Reading graphs...
30 :  90
30 :  90
Initializing...
maxdom : 30
D->valSize : 900
Solving...
currentSize : 16 <-- 0.010067 s
currentSize : 17 <-- 0.010117 s
currentSize : 18 <-- 0.010355 s
currentSize : 19 <-- 0.010446 s
currentSize : 20 <-- 0.010813 s
currentSize : 21 <-- 0.011800 s
currentSize : 22 <-- 0.012158 s
currentSize : 23 <-- 0.012626 s
currentSize : 27 <-- 0.028465 s

maxsize : 27
nodes : 2865.000000
filtered : 172432.000000
time : 0.122200
