Parameters: GAD=1 vflib=1 dir=0 label=0 lowerbound=1 fileNameGp=../graphsdb/mcs90/bvg/b06m/mcs90_b06m_s15.A77 fileNameGt=../graphsdb/mcs90/bvg/b06m/mcs90_b06m_s15.B77
Reading graphs...
15 :  42
15 :  42
Initializing...
maxdom : 15
D->valSize : 225
Solving...
currentSize : 7 <-- 0.001021 s
currentSize : 8 <-- 0.001047 s
currentSize : 9 <-- 0.001570 s
currentSize : 10 <-- 0.004577 s
currentSize : 11 <-- 0.009330 s
currentSize : 13 <-- 0.009422 s

maxsize : 13
nodes : 2250.000000
filtered : 28984.000000
time : 0.011132
