Parameters: GAD=1 vflib=1 dir=0 label=0 lowerbound=1 fileNameGp=../graphsdb/mcs90/rand/r01/mcs90_r01_s25.A75 fileNameGt=../graphsdb/mcs90/rand/r01/mcs90_r01_s25.B75
Reading graphs...
25 :  55
25 :  55
Initializing...
maxdom : 25
D->valSize : 625
Solving...
currentSize : 12 <-- 0.005021 s
currentSize : 13 <-- 0.005172 s
currentSize : 14 <-- 0.024446 s
currentSize : 15 <-- 0.061612 s
currentSize : 16 <-- 0.197675 s
currentSize : 17 <-- 0.562116 s
currentSize : 18 <-- 0.562216 s
currentSize : 19 <-- 0.562344 s
currentSize : 22 <-- 0.565017 s

maxsize : 22
nodes : 70163.000000
filtered : 1139676.000000
time : 0.580324
