Parameters: GAD=1 vflib=1 dir=0 label=0 lowerbound=1 fileNameGp=../graphsdb/mcs90/bvg/b09m/mcs90_b09m_s30.A92 fileNameGt=../graphsdb/mcs90/bvg/b09m/mcs90_b09m_s30.B92
Reading graphs...
30 :  132
30 :  133
Initializing...
maxdom : 30
D->valSize : 900
Solving...
currentSize : 8 <-- 0.016534 s
currentSize : 9 <-- 0.016566 s
currentSize : 11 <-- 0.016777 s
currentSize : 12 <-- 0.020900 s
currentSize : 14 <-- 0.031927 s
currentSize : 15 <-- 0.657919 s
currentSize : 16 <-- 6.561261 s
currentSize : 17 <-- 8.567006 s
currentSize : 18 <-- 12.059022 s
currentSize : 20 <-- 13.787272 s
currentSize : 26 <-- 13.799125 s

maxsize : 26
nodes : 2327599.000000
filtered : 47021305.000000
time : 13.956484
