Parameters: GAD=1 vflib=1 dir=0 label=0 lowerbound=1 fileNameGp=../graphsdb/mcs90/bvg/b06/mcs90_b06_s30.A02 fileNameGt=../graphsdb/mcs90/bvg/b06/mcs90_b06_s30.B02
Reading graphs...
30 :  89
30 :  90
Initializing...
maxdom : 30
D->valSize : 900
Solving...
currentSize : 18 <-- 0.009971 s
currentSize : 19 <-- 0.010050 s
currentSize : 20 <-- 0.010119 s
currentSize : 21 <-- 0.010233 s
currentSize : 22 <-- 0.010443 s
currentSize : 23 <-- 0.010522 s
currentSize : 25 <-- 0.017164 s
currentSize : 27 <-- 0.017392 s

maxsize : 27
nodes : 4205.000000
filtered : 264327.000000
time : 0.230098
