Parameters: GAD=1 vflib=1 dir=0 label=0 lowerbound=1 fileNameGp=../graphsdb/mcs90/m3D/m3Dr4/mcs90_m3Dr4_s30.A43 fileNameGt=../graphsdb/mcs90/m3D/m3Dr4/mcs90_m3Dr4_s30.B43
Reading graphs...
30 :  72
30 :  71
Initializing...
maxdom : 30
D->valSize : 900
Solving...
currentSize : 14 <-- 0.018168 s
currentSize : 15 <-- 0.018686 s
currentSize : 16 <-- 0.018959 s
currentSize : 17 <-- 0.032890 s
currentSize : 18 <-- 0.034334 s
currentSize : 19 <-- 0.606264 s
currentSize : 21 <-- 1.267523 s
currentSize : 22 <-- 5.421480 s
currentSize : 23 <-- 8.007021 s
currentSize : 27 <-- 9.262467 s

maxsize : 27
nodes : 807004.000000
filtered : 25717502.000000
time : 9.286978
