Parameters: GAD=1 vflib=1 dir=0 label=0 lowerbound=1 fileNameGp=../graphsdb/mcs90/rand/r02/mcs90_r02_s35.A44 fileNameGt=../graphsdb/mcs90/rand/r02/mcs90_r02_s35.B44
Reading graphs...
35 :  218
35 :  214
Initializing...
maxdom : 35
D->valSize : 1225
Solving...
currentSize : 11 <-- 0.016900 s
currentSize : 12 <-- 0.017445 s
currentSize : 13 <-- 0.020388 s
currentSize : 14 <-- 0.259932 s
currentSize : 15 <-- 19.842243 s
currentSize : 18 <-- 26.811632 s
currentSize : 20 <-- 55.973110 s
currentSize : 21 <-- 84.611038 s
currentSize : 24 <-- 89.702682 s
currentSize : 31 <-- 89.702835 s

maxsize : 31
nodes : 16222490.000000
filtered : 298781118.000000
time : 89.978157
