Parameters: GAD=1 vflib=1 dir=0 label=0 lowerbound=1 fileNameGp=../graphsdb/mcs90/bvg/b03m/mcs90_b03m_s30.A64 fileNameGt=../graphsdb/mcs90/bvg/b03m/mcs90_b03m_s30.B64
Reading graphs...
30 :  45
30 :  45
Initializing...
maxdom : 30
D->valSize : 900
Solving...
currentSize : 13 <-- 0.019207 s
currentSize : 14 <-- 0.019708 s
currentSize : 17 <-- 0.019784 s
currentSize : 18 <-- 0.057796 s
currentSize : 19 <-- 0.113771 s
currentSize : 20 <-- 0.145834 s
currentSize : 21 <-- 0.158289 s
currentSize : 22 <-- 0.263599 s
currentSize : 23 <-- 0.263631 s
currentSize : 24 <-- 0.478492 s
currentSize : 26 <-- 0.981399 s

maxsize : 26
nodes : 57792.000000
filtered : 1623963.000000
time : 1.081623
