Parameters: GAD=1 vflib=1 dir=0 label=0 lowerbound=1 fileNameGp=../graphsdb/mcs90/bvg/b09m/mcs90_b09m_s25.A62 fileNameGt=../graphsdb/mcs90/bvg/b09m/mcs90_b09m_s25.B62
Reading graphs...
25 :  108
25 :  107
Initializing...
maxdom : 25
D->valSize : 625
Solving...
currentSize : 8 <-- 0.004408 s
currentSize : 10 <-- 0.004454 s
currentSize : 11 <-- 0.005378 s
currentSize : 12 <-- 0.025280 s
currentSize : 13 <-- 0.071362 s
currentSize : 16 <-- 1.082479 s
currentSize : 17 <-- 1.082515 s
currentSize : 21 <-- 1.319670 s
currentSize : 22 <-- 1.319711 s

maxsize : 22
nodes : 277676.000000
filtered : 3766937.000000
time : 1.348798
