Parameters: GAD=1 vflib=1 dir=0 label=0 lowerbound=1 fileNameGp=../graphsdb/mcs90/bvg/b03m/mcs90_b03m_s35.A48 fileNameGt=../graphsdb/mcs90/bvg/b03m/mcs90_b03m_s35.B48
Reading graphs...
35 :  52
35 :  52
Initializing...
maxdom : 35
D->valSize : 1225
Solving...
currentSize : 19 <-- 0.026516 s
currentSize : 20 <-- 0.026620 s
currentSize : 24 <-- 0.026639 s
currentSize : 25 <-- 0.114875 s
currentSize : 26 <-- 2.553349 s
currentSize : 27 <-- 3.068424 s
currentSize : 28 <-- 3.068877 s
currentSize : 29 <-- 13.623545 s
currentSize : 30 <-- 13.626681 s

maxsize : 30
nodes : 315125.000000
filtered : 13789041.000000
time : 20.918488
