Parameters: GAD=1 vflib=1 dir=0 label=0 lowerbound=1 fileNameGp=../graphsdb/mcs90/bvg/b06/mcs90_b06_s35.A78 fileNameGt=../graphsdb/mcs90/bvg/b06/mcs90_b06_s35.B78
Reading graphs...
35 :  105
35 :  105
Initializing...
maxdom : 35
D->valSize : 1225
Solving...
currentSize : 20 <-- 0.023741 s
currentSize : 21 <-- 0.023849 s
currentSize : 22 <-- 0.024158 s
currentSize : 24 <-- 0.024450 s
currentSize : 25 <-- 0.032956 s
currentSize : 26 <-- 0.043511 s
currentSize : 27 <-- 0.047148 s
currentSize : 28 <-- 0.062251 s
currentSize : 29 <-- 0.062435 s
currentSize : 31 <-- 0.098522 s

maxsize : 31
nodes : 20051.000000
filtered : 1302394.000000
time : 1.121957
