Parameters: GAD=1 vflib=1 dir=0 label=0 lowerbound=1 fileNameGp=../graphsdb/mcs90/rand/r005/mcs90_r005_s25.A71 fileNameGt=../graphsdb/mcs90/rand/r005/mcs90_r005_s25.B71
Reading graphs...
25 :  29
25 :  29
Initializing...
maxdom : 25
D->valSize : 625
Solving...
currentSize : 12 <-- 0.005572 s
currentSize : 13 <-- 0.005975 s
currentSize : 14 <-- 0.006355 s
currentSize : 15 <-- 0.006955 s
currentSize : 16 <-- 0.114154 s
currentSize : 17 <-- 1.671003 s
currentSize : 18 <-- 1.672045 s
currentSize : 19 <-- 2.003275 s
currentSize : 20 <-- 2.089025 s
currentSize : 22 <-- 2.110044 s

maxsize : 22
nodes : 235193.000000
filtered : 2639051.000000
time : 2.216513
