Parameters: GAD=1 vflib=1 dir=0 label=0 lowerbound=1 fileNameGp=../graphsdb/mcs90/m3D/m3D/mcs90_m3D_s30.A00 fileNameGt=../graphsdb/mcs90/m3D/m3D/mcs90_m3D_s30.B00
Reading graphs...
30 :  61
30 :  61
Initializing...
maxdom : 30
D->valSize : 900
Solving...
currentSize : 17 <-- 0.010708 s
currentSize : 18 <-- 0.010754 s
currentSize : 19 <-- 0.012530 s
currentSize : 20 <-- 0.040675 s
currentSize : 21 <-- 1.895091 s
currentSize : 22 <-- 2.891071 s
currentSize : 23 <-- 2.891161 s
currentSize : 24 <-- 2.892565 s
currentSize : 26 <-- 2.989921 s
currentSize : 27 <-- 2.990076 s

maxsize : 27
nodes : 329480.000000
filtered : 6739906.000000
time : 3.250477
