Parameters: GAD=1 vflib=1 dir=0 label=0 lowerbound=1 fileNameGp=../graphsdb/mcs90/bvg/b09/mcs90_b09_s35.A43 fileNameGt=../graphsdb/mcs90/bvg/b09/mcs90_b09_s35.B43
Reading graphs...
35 :  157
35 :  155
Initializing...
maxdom : 35
D->valSize : 1225
Solving...
currentSize : 10 <-- 0.030992 s
currentSize : 14 <-- 0.031080 s
currentSize : 15 <-- 0.031717 s
currentSize : 16 <-- 0.059352 s
currentSize : 17 <-- 0.203870 s
currentSize : 18 <-- 0.305031 s
currentSize : 19 <-- 0.312937 s
currentSize : 21 <-- 1.973031 s
currentSize : 23 <-- 1.973104 s
currentSize : 24 <-- 1.973686 s
currentSize : 26 <-- 1.973808 s
currentSize : 30 <-- 1.979420 s

maxsize : 30
nodes : 350432.000000
filtered : 9105112.000000
time : 2.696050
