Parameters: GAD=1 vflib=1 dir=0 label=0 lowerbound=1 fileNameGp=../graphsdb/mcs90/bvg/b03m/mcs90_b03m_s30.A33 fileNameGt=../graphsdb/mcs90/bvg/b03m/mcs90_b03m_s30.B33
Reading graphs...
30 :  44
30 :  44
Initializing...
maxdom : 30
D->valSize : 900
Solving...
currentSize : 10 <-- 0.019245 s
currentSize : 11 <-- 0.019279 s
currentSize : 12 <-- 0.019324 s
currentSize : 18 <-- 0.020528 s
currentSize : 19 <-- 0.020583 s
currentSize : 20 <-- 0.141968 s
currentSize : 21 <-- 0.782868 s
currentSize : 22 <-- 1.281371 s
currentSize : 23 <-- 1.391440 s
currentSize : 25 <-- 1.405505 s
currentSize : 26 <-- 1.405555 s

maxsize : 26
nodes : 106988.000000
filtered : 2080162.000000
time : 2.197499
