Parameters: GAD=1 vflib=1 dir=0 label=0 lowerbound=1 fileNameGp=../graphsdb/mcs90/m2D/m2D/mcs90_m2D_s30.A57 fileNameGt=../graphsdb/mcs90/m2D/m2D/mcs90_m2D_s30.B57
Reading graphs...
30 :  49
30 :  49
Initializing...
maxdom : 30
D->valSize : 900
Solving...
currentSize : 15 <-- 0.011325 s
currentSize : 16 <-- 0.011382 s
currentSize : 17 <-- 0.011620 s
currentSize : 18 <-- 0.054764 s
currentSize : 19 <-- 0.175459 s
currentSize : 20 <-- 0.287591 s
currentSize : 21 <-- 0.615634 s
currentSize : 22 <-- 0.767775 s
currentSize : 23 <-- 0.767795 s
currentSize : 24 <-- 1.028346 s
currentSize : 25 <-- 1.028379 s
currentSize : 26 <-- 1.793068 s

maxsize : 26
nodes : 134830.000000
filtered : 3070526.000000
time : 2.234995
