Parameters: GAD=1 vflib=1 dir=0 label=0 lowerbound=1 fileNameGp=../graphsdb/mcs90/m3D/m3Dr2/mcs90_m3Dr2_s30.A59 fileNameGt=../graphsdb/mcs90/m3D/m3Dr2/mcs90_m3Dr2_s30.B59
Reading graphs...
30 :  66
30 :  66
Initializing...
maxdom : 30
D->valSize : 900
Solving...
currentSize : 15 <-- 0.018267 s
currentSize : 16 <-- 0.053432 s
currentSize : 17 <-- 0.081962 s
currentSize : 18 <-- 0.104329 s
currentSize : 19 <-- 0.125648 s
currentSize : 20 <-- 0.125889 s
currentSize : 21 <-- 0.156043 s
currentSize : 22 <-- 0.180624 s
currentSize : 24 <-- 0.204103 s
currentSize : 25 <-- 0.276464 s
currentSize : 27 <-- 0.276529 s

maxsize : 27
nodes : 38603.000000
filtered : 725366.000000
time : 0.340368
