Parameters: GAD=1 vflib=1 dir=0 label=0 lowerbound=1 fileNameGp=../graphsdb/mcs90/rand/r01/mcs90_r01_s30.A54 fileNameGt=../graphsdb/mcs90/rand/r01/mcs90_r01_s30.B54
Reading graphs...
30 :  82
30 :  83
Initializing...
maxdom : 30
D->valSize : 900
Solving...
currentSize : 11 <-- 0.018132 s
currentSize : 13 <-- 0.018170 s
currentSize : 14 <-- 0.020217 s
currentSize : 15 <-- 0.043922 s
currentSize : 16 <-- 0.045184 s
currentSize : 17 <-- 0.049980 s
currentSize : 18 <-- 6.468417 s
currentSize : 20 <-- 14.534373 s
currentSize : 22 <-- 14.537684 s
currentSize : 23 <-- 14.968103 s
currentSize : 26 <-- 15.111276 s
currentSize : 27 <-- 15.111389 s

maxsize : 27
nodes : 1853700.000000
filtered : 42168097.000000
time : 15.166240
