Parameters: GAD=1 vflib=1 dir=0 label=0 lowerbound=1 fileNameGp=../graphsdb/mcs90/rand/r02/mcs90_r02_s30.A03 fileNameGt=../graphsdb/mcs90/rand/r02/mcs90_r02_s30.B03
Reading graphs...
30 :  157
30 :  155
Initializing...
maxdom : 30
D->valSize : 900
Solving...
currentSize : 10 <-- 0.009374 s
currentSize : 11 <-- 0.009644 s
currentSize : 12 <-- 0.009757 s
currentSize : 13 <-- 0.038372 s
currentSize : 14 <-- 4.496112 s
currentSize : 15 <-- 7.458018 s
currentSize : 16 <-- 7.458110 s
currentSize : 17 <-- 7.458181 s
currentSize : 18 <-- 7.459086 s
currentSize : 19 <-- 7.945126 s
currentSize : 27 <-- 7.945796 s

maxsize : 27
nodes : 1770052.000000
filtered : 20180968.000000
time : 7.985220
