Parameters: GAD=1 vflib=1 dir=0 label=0 lowerbound=1 fileNameGp=../graphsdb/mcs90/bvg/b06/mcs90_b06_s35.A94 fileNameGt=../graphsdb/mcs90/bvg/b06/mcs90_b06_s35.B94
Reading graphs...
35 :  105
35 :  105
Initializing...
maxdom : 35
D->valSize : 1225
Solving...
currentSize : 18 <-- 0.033737 s
currentSize : 19 <-- 0.033790 s
currentSize : 20 <-- 0.033930 s
currentSize : 21 <-- 0.034081 s
currentSize : 22 <-- 0.038860 s
currentSize : 23 <-- 0.042501 s
currentSize : 24 <-- 0.042547 s
currentSize : 25 <-- 0.060593 s
currentSize : 26 <-- 0.060653 s
currentSize : 27 <-- 0.060691 s
currentSize : 28 <-- 0.060818 s
currentSize : 29 <-- 0.061064 s
currentSize : 31 <-- 0.066138 s
currentSize : 32 <-- 0.123066 s

maxsize : 32
nodes : 7478.000000
filtered : 407373.000000
time : 0.549425
