Parameters: GAD=1 vflib=1 dir=0 label=0 lowerbound=1 fileNameGp=../graphsdb/mcs90/bvg/b03/mcs90_b03_s30.A08 fileNameGt=../graphsdb/mcs90/bvg/b03/mcs90_b03_s30.B08
Reading graphs...
30 :  45
30 :  45
Initializing...
maxdom : 30
D->valSize : 900
Solving...
currentSize : 20 <-- 0.019417 s
currentSize : 22 <-- 0.019476 s
currentSize : 24 <-- 0.020601 s
currentSize : 25 <-- 0.200223 s
currentSize : 26 <-- 0.200288 s
currentSize : 27 <-- 0.318712 s

maxsize : 27
nodes : 10787.000000
filtered : 669761.000000
time : 1.058168
