Parameters: GAD=1 vflib=1 dir=0 label=0 lowerbound=1 fileNameGp=../graphsdb/mcs90/m3D/m3D/mcs90_m3D_s30.A28 fileNameGt=../graphsdb/mcs90/m3D/m3D/mcs90_m3D_s30.B28
Reading graphs...
30 :  61
30 :  61
Initializing...
maxdom : 30
D->valSize : 900
Solving...
currentSize : 18 <-- 0.010878 s
currentSize : 19 <-- 0.011068 s
currentSize : 20 <-- 0.011137 s
currentSize : 21 <-- 0.171248 s
currentSize : 22 <-- 1.190646 s
currentSize : 24 <-- 1.240228 s
currentSize : 27 <-- 1.302428 s

maxsize : 27
nodes : 147134.000000
filtered : 3600380.000000
time : 1.480635
