Parameters: GAD=1 vflib=1 dir=0 label=0 lowerbound=1 fileNameGp=../graphsdb/mcs90/m3D/m3Dr2/mcs90_m3Dr2_s30.A76 fileNameGt=../graphsdb/mcs90/m3D/m3Dr2/mcs90_m3Dr2_s30.B76
Reading graphs...
30 :  67
30 :  67
Initializing...
maxdom : 30
D->valSize : 900
Solving...
currentSize : 14 <-- 0.018275 s
currentSize : 15 <-- 0.018321 s
currentSize : 17 <-- 0.019270 s
currentSize : 18 <-- 0.023146 s
currentSize : 19 <-- 0.024958 s
currentSize : 20 <-- 0.169685 s
currentSize : 21 <-- 0.325002 s
currentSize : 22 <-- 0.518427 s
currentSize : 23 <-- 2.623349 s
currentSize : 25 <-- 4.478018 s
currentSize : 27 <-- 4.478099 s

maxsize : 27
nodes : 315978.000000
filtered : 11932347.000000
time : 4.535052
