Parameters: GAD=1 vflib=1 dir=0 label=0 lowerbound=1 fileNameGp=../graphsdb/mcs90/m2D/m2Dr2/mcs90_m2Dr2_s20.A75 fileNameGt=../graphsdb/mcs90/m2D/m2Dr2/mcs90_m2Dr2_s20.B75
Reading graphs...
20 :  34
20 :  34
Initializing...
maxdom : 20
D->valSize : 400
Solving...
currentSize : 11 <-- 0.002249 s
currentSize : 12 <-- 0.002357 s
currentSize : 13 <-- 0.002391 s
currentSize : 14 <-- 0.010896 s
currentSize : 15 <-- 0.055869 s
currentSize : 16 <-- 0.068416 s

maxsize : 16
nodes : 12198.000000
filtered : 266102.000000
time : 0.133962
