Parameters: GAD=1 vflib=1 dir=0 label=0 lowerbound=1 fileNameGp=../graphsdb/mcs90/bvg/b03m/mcs90_b03m_s25.A20 fileNameGt=../graphsdb/mcs90/bvg/b03m/mcs90_b03m_s25.B20
Reading graphs...
25 :  36
25 :  36
Initializing...
maxdom : 25
D->valSize : 625
Solving...
currentSize : 9 <-- 0.009323 s
currentSize : 11 <-- 0.009434 s
currentSize : 12 <-- 0.009568 s
currentSize : 14 <-- 0.009760 s
currentSize : 15 <-- 0.016348 s
currentSize : 16 <-- 0.016604 s
currentSize : 17 <-- 0.041691 s
currentSize : 18 <-- 0.097018 s
currentSize : 19 <-- 0.186237 s
currentSize : 21 <-- 0.204708 s
currentSize : 22 <-- 0.204944 s

maxsize : 22
nodes : 13713.000000
filtered : 290410.000000
time : 0.305621
