Parameters: GAD=1 vflib=1 dir=0 label=0 lowerbound=1 fileNameGp=../graphsdb/mcs90/bvg/b03m/mcs90_b03m_s35.A62 fileNameGt=../graphsdb/mcs90/bvg/b03m/mcs90_b03m_s35.B62
Reading graphs...
35 :  52
35 :  52
Initializing...
maxdom : 35
D->valSize : 1225
Solving...
currentSize : 20 <-- 0.021034 s
currentSize : 21 <-- 0.021272 s
currentSize : 22 <-- 0.025322 s
currentSize : 23 <-- 0.093663 s
currentSize : 24 <-- 1.925634 s
currentSize : 25 <-- 2.449548 s
currentSize : 26 <-- 12.431456 s
currentSize : 27 <-- 12.431832 s
currentSize : 28 <-- 28.826609 s
currentSize : 29 <-- 43.105656 s
currentSize : 30 <-- 43.105705 s
currentSize : 31 <-- 43.107460 s
currentSize : 32 <-- 43.107494 s

maxsize : 32
nodes : 892556.000000
filtered : 32122100.000000
time : 43.459267
