Parameters: GAD=1 vflib=1 dir=0 label=0 lowerbound=1 fileNameGp=../graphsdb/mcs90/m2D/m2D/mcs90_m2D_s20.A27 fileNameGt=../graphsdb/mcs90/m2D/m2D/mcs90_m2D_s20.B27
Reading graphs...
20 :  31
20 :  31
Initializing...
maxdom : 20
D->valSize : 400
Solving...
currentSize : 12 <-- 0.002182 s
currentSize : 13 <-- 0.003302 s
currentSize : 14 <-- 0.006557 s
currentSize : 15 <-- 0.014958 s
currentSize : 16 <-- 0.015131 s
currentSize : 17 <-- 0.023772 s

maxsize : 17
nodes : 5631.000000
filtered : 123253.000000
time : 0.060582
