Parameters: GAD=1 vflib=1 dir=0 label=0 lowerbound=1 fileNameGp=../graphsdb/mcs90/bvg/b06/mcs90_b06_s30.A25 fileNameGt=../graphsdb/mcs90/bvg/b06/mcs90_b06_s30.B25
Reading graphs...
30 :  90
30 :  90
Initializing...
maxdom : 30
D->valSize : 900
Solving...
currentSize : 20 <-- 0.010138 s
currentSize : 21 <-- 0.010223 s
currentSize : 22 <-- 0.010590 s
currentSize : 23 <-- 0.011032 s
currentSize : 24 <-- 0.011185 s
currentSize : 25 <-- 0.011314 s
currentSize : 27 <-- 0.011767 s

maxsize : 27
nodes : 3511.000000
filtered : 256113.000000
time : 0.220119
