Parameters: GAD=1 vflib=1 dir=0 label=0 lowerbound=1 fileNameGp=../graphsdb/mcs90/bvg/b09/mcs90_b09_s25.A63 fileNameGt=../graphsdb/mcs90/bvg/b09/mcs90_b09_s25.B63
Reading graphs...
25 :  112
25 :  112
Initializing...
maxdom : 25
D->valSize : 625
Solving...
currentSize : 7 <-- 0.004497 s
currentSize : 8 <-- 0.004536 s
currentSize : 9 <-- 0.004564 s
currentSize : 10 <-- 0.004674 s
currentSize : 11 <-- 0.011367 s
currentSize : 12 <-- 0.027127 s
currentSize : 13 <-- 0.027249 s
currentSize : 14 <-- 0.035525 s
currentSize : 16 <-- 0.037038 s
currentSize : 18 <-- 0.038563 s
currentSize : 22 <-- 0.040762 s

maxsize : 22
nodes : 12850.000000
filtered : 306499.000000
time : 0.099396
