Parameters: GAD=1 vflib=1 dir=0 label=0 lowerbound=1 fileNameGp=../graphsdb/mcs90/rand/r02/mcs90_r02_s35.A41 fileNameGt=../graphsdb/mcs90/rand/r02/mcs90_r02_s35.B41
Reading graphs...
35 :  215
35 :  216
Initializing...
maxdom : 35
D->valSize : 1225
Solving...
currentSize : 11 <-- 0.016911 s
currentSize : 12 <-- 0.017153 s
currentSize : 13 <-- 0.018208 s
currentSize : 14 <-- 0.200650 s
currentSize : 15 <-- 16.875441 s
currentSize : 16 <-- 78.804253 s
currentSize : 17 <-- 95.081154 s
currentSize : 20 <-- 95.086311 s
currentSize : 21 <-- 120.413689 s
currentSize : 31 <-- 130.879639 s

maxsize : 31
nodes : 25383333.000000
filtered : 378087741.000000
time : 131.140732
