Parameters: GAD=1 vflib=1 dir=0 label=0 lowerbound=1 fileNameGp=../graphsdb/mcs90/bvg/b03m/mcs90_b03m_s15.A34 fileNameGt=../graphsdb/mcs90/bvg/b03m/mcs90_b03m_s15.B34
Reading graphs...
15 :  22
15 :  22
Initializing...
maxdom : 15
D->valSize : 225
Solving...
currentSize : 7 <-- 0.001054 s
currentSize : 8 <-- 0.001079 s
currentSize : 9 <-- 0.002462 s
currentSize : 10 <-- 0.008396 s
currentSize : 11 <-- 0.018287 s
currentSize : 12 <-- 0.018462 s

maxsize : 12
nodes : 4132.000000
filtered : 36671.000000
time : 0.022692
