Parameters: GAD=1 vflib=1 dir=0 label=0 lowerbound=1 fileNameGp=../graphsdb/mcs90/rand/r005/mcs90_r005_s35.A44 fileNameGt=../graphsdb/mcs90/rand/r005/mcs90_r005_s35.B44
Reading graphs...
35 :  56
35 :  56
Initializing...
maxdom : 35
D->valSize : 1225
Solving...
currentSize : 19 <-- 0.036267 s
currentSize : 20 <-- 0.037753 s
currentSize : 21 <-- 0.068411 s
currentSize : 22 <-- 0.070749 s
currentSize : 23 <-- 0.081380 s
currentSize : 24 <-- 3.476919 s
currentSize : 25 <-- 51.932377 s
currentSize : 26 <-- 51.932728 s
currentSize : 27 <-- 71.674232 s
currentSize : 28 <-- 106.142738 s
currentSize : 29 <-- 107.008705 s
currentSize : 30 <-- 107.187943 s
currentSize : 31 <-- 107.189621 s

maxsize : 31
nodes : 3575023.000000
filtered : 120821605.000000
time : 107.691246
