Parameters: GAD=1 vflib=1 dir=0 label=0 lowerbound=1 fileNameGp=../graphsdb/mcs90/m3D/m3Dr2/mcs90_m3Dr2_s30.A46 fileNameGt=../graphsdb/mcs90/m3D/m3Dr2/mcs90_m3Dr2_s30.B46
Reading graphs...
30 :  67
30 :  67
Initializing...
maxdom : 30
D->valSize : 900
Solving...
currentSize : 13 <-- 0.018535 s
currentSize : 15 <-- 0.018749 s
currentSize : 16 <-- 0.019526 s
currentSize : 18 <-- 0.021364 s
currentSize : 19 <-- 0.628042 s
currentSize : 20 <-- 1.484521 s
currentSize : 21 <-- 2.280901 s
currentSize : 22 <-- 2.326425 s
currentSize : 23 <-- 3.199801 s
currentSize : 27 <-- 3.678219 s

maxsize : 27
nodes : 320402.000000
filtered : 8512392.000000
time : 3.794498
