Parameters: GAD=1 vflib=1 dir=0 label=0 lowerbound=1 fileNameGp=../graphsdb/mcs90/m2D/m2Dr4/mcs90_m2Dr4_s20.A65 fileNameGt=../graphsdb/mcs90/m2D/m2Dr4/mcs90_m2Dr4_s20.B65
Reading graphs...
20 :  39
20 :  38
Initializing...
maxdom : 20
D->valSize : 400
Solving...
currentSize : 9 <-- 0.002136 s
currentSize : 11 <-- 0.002155 s
currentSize : 12 <-- 0.002785 s
currentSize : 13 <-- 0.006680 s
currentSize : 14 <-- 0.006826 s
currentSize : 16 <-- 0.104389 s

maxsize : 16
nodes : 16210.000000
filtered : 387784.000000
time : 0.143305
