Parameters: GAD=1 vflib=1 dir=0 label=0 lowerbound=1 fileNameGp=../graphsdb/mcs90/bvg/b09m/mcs90_b09m_s30.A22 fileNameGt=../graphsdb/mcs90/bvg/b09m/mcs90_b09m_s30.B22
Reading graphs...
30 :  129
30 :  128
Initializing...
maxdom : 30
D->valSize : 900
Solving...
currentSize : 9 <-- 0.009691 s
currentSize : 11 <-- 0.009810 s
currentSize : 12 <-- 0.010115 s
currentSize : 13 <-- 0.017290 s
currentSize : 14 <-- 0.040161 s
currentSize : 15 <-- 0.308551 s
currentSize : 16 <-- 7.428161 s
currentSize : 17 <-- 7.638644 s
currentSize : 21 <-- 7.643436 s
currentSize : 22 <-- 7.705389 s
currentSize : 26 <-- 8.044668 s

maxsize : 26
nodes : 1388700.000000
filtered : 24878783.000000
time : 8.173047
