Parameters: GAD=1 vflib=1 dir=0 label=0 lowerbound=1 fileNameGp=../graphsdb/mcs90/m2D/m2Dr2/mcs90_m2Dr2_s20.A80 fileNameGt=../graphsdb/mcs90/m2D/m2Dr2/mcs90_m2Dr2_s20.B80
Reading graphs...
20 :  35
20 :  35
Initializing...
maxdom : 20
D->valSize : 400
Solving...
currentSize : 9 <-- 0.002204 s
currentSize : 10 <-- 0.002255 s
currentSize : 12 <-- 0.004017 s
currentSize : 13 <-- 0.006514 s
currentSize : 14 <-- 0.016609 s
currentSize : 15 <-- 0.033784 s
currentSize : 16 <-- 0.034098 s

maxsize : 16
nodes : 11253.000000
filtered : 248184.000000
time : 0.099824
