Parameters: GAD=1 vflib=1 dir=0 label=0 lowerbound=1 fileNameGp=../graphsdb/mcs90/m2D/m2Dr6/mcs90_m2Dr6_s30.A06 fileNameGt=../graphsdb/mcs90/m2D/m2Dr6/mcs90_m2Dr6_s30.B06
Reading graphs...
30 :  65
30 :  64
Initializing...
maxdom : 30
D->valSize : 900
Solving...
currentSize : 13 <-- 0.011006 s
currentSize : 14 <-- 0.011024 s
currentSize : 15 <-- 0.011326 s
currentSize : 16 <-- 0.011762 s
currentSize : 17 <-- 0.016887 s
currentSize : 18 <-- 0.036030 s
currentSize : 19 <-- 1.263130 s
currentSize : 20 <-- 26.767157 s
currentSize : 21 <-- 27.213192 s
currentSize : 23 <-- 27.851234 s
currentSize : 25 <-- 29.652731 s

maxsize : 25
nodes : 2516460.000000
filtered : 61578324.000000
time : 29.999014
