Parameters: GAD=1 vflib=1 dir=0 label=0 lowerbound=1 fileNameGp=../graphsdb/mcs90/m4D/m4Dr6/mcs90_m4Dr6_s20.A47 fileNameGt=../graphsdb/mcs90/m4D/m4Dr6/mcs90_m4Dr6_s20.B47
Reading graphs...
20 :  47
20 :  47
Initializing...
maxdom : 20
D->valSize : 400
Solving...
currentSize : 9 <-- 0.002077 s
currentSize : 10 <-- 0.002104 s
currentSize : 11 <-- 0.003032 s
currentSize : 12 <-- 0.007023 s
currentSize : 13 <-- 0.033693 s
currentSize : 14 <-- 0.087735 s
currentSize : 15 <-- 0.101892 s
currentSize : 16 <-- 0.151298 s

maxsize : 16
nodes : 26774.000000
filtered : 535644.000000
time : 0.153961
