Parameters: GAD=1 vflib=1 dir=0 label=0 lowerbound=1 fileNameGp=../graphsdb/mcs90/bvg/b06m/mcs90_b06m_s15.A98 fileNameGt=../graphsdb/mcs90/bvg/b06m/mcs90_b06m_s15.B98
Reading graphs...
15 :  41
15 :  42
Initializing...
maxdom : 15
D->valSize : 225
Solving...
currentSize : 7 <-- 0.000885 s
currentSize : 8 <-- 0.000945 s
currentSize : 9 <-- 0.002574 s
currentSize : 10 <-- 0.004069 s
currentSize : 11 <-- 0.009783 s
currentSize : 13 <-- 0.010357 s

maxsize : 13
nodes : 3004.000000
filtered : 32793.000000
time : 0.011193
