Parameters: GAD=1 vflib=1 dir=0 label=0 lowerbound=1 fileNameGp=../graphsdb/mcs90/bvg/b03m/mcs90_b03m_s25.A70 fileNameGt=../graphsdb/mcs90/bvg/b03m/mcs90_b03m_s25.B70
Reading graphs...
25 :  36
25 :  36
Initializing...
maxdom : 25
D->valSize : 625
Solving...
currentSize : 10 <-- 0.009252 s
currentSize : 12 <-- 0.009329 s
currentSize : 13 <-- 0.010062 s
currentSize : 14 <-- 0.029657 s
currentSize : 15 <-- 0.033977 s
currentSize : 16 <-- 0.460730 s
currentSize : 17 <-- 0.482320 s
currentSize : 18 <-- 0.482350 s
currentSize : 19 <-- 0.587274 s
currentSize : 21 <-- 0.768611 s
currentSize : 22 <-- 0.772883 s

maxsize : 22
nodes : 102603.000000
filtered : 1111397.000000
time : 0.869710
