Parameters: GAD=1 vflib=1 dir=0 label=0 lowerbound=1 fileNameGp=../graphsdb/mcs90/bvg/b09/mcs90_b09_s30.A67 fileNameGt=../graphsdb/mcs90/bvg/b09/mcs90_b09_s30.B67
Reading graphs...
30 :  135
30 :  134
Initializing...
maxdom : 30
D->valSize : 900
Solving...
currentSize : 9 <-- 0.009477 s
currentSize : 10 <-- 0.010425 s
currentSize : 11 <-- 0.011682 s
currentSize : 12 <-- 0.011708 s
currentSize : 13 <-- 0.012691 s
currentSize : 14 <-- 0.036822 s
currentSize : 15 <-- 0.039662 s
currentSize : 16 <-- 0.092633 s
currentSize : 17 <-- 0.676955 s
currentSize : 18 <-- 0.677021 s
currentSize : 20 <-- 0.678633 s
currentSize : 22 <-- 0.678756 s
currentSize : 26 <-- 0.683356 s
currentSize : 27 <-- 0.691302 s

maxsize : 27
nodes : 137985.000000
filtered : 2500453.000000
time : 0.805158
