Parameters: GAD=1 vflib=1 dir=0 label=0 lowerbound=1 fileNameGp=../graphsdb/mcs90/bvg/b09/mcs90_b09_s15.A01 fileNameGt=../graphsdb/mcs90/bvg/b09/mcs90_b09_s15.B01
Reading graphs...
15 :  67
15 :  67
Initializing...
maxdom : 15
D->valSize : 225
Solving...
currentSize : 7 <-- 0.000867 s
currentSize : 8 <-- 0.000890 s
currentSize : 9 <-- 0.000936 s
currentSize : 10 <-- 0.000999 s
currentSize : 12 <-- 0.001445 s
currentSize : 13 <-- 0.006428 s

maxsize : 13
nodes : 1582.000000
filtered : 27019.000000
time : 0.006771
