Parameters: GAD=1 vflib=1 dir=0 label=0 lowerbound=1 fileNameGp=../graphsdb/mcs90/bvg/b09/mcs90_b09_s35.A55 fileNameGt=../graphsdb/mcs90/bvg/b09/mcs90_b09_s35.B55
Reading graphs...
35 :  157
35 :  157
Initializing...
maxdom : 35
D->valSize : 1225
Solving...
currentSize : 15 <-- 0.017763 s
currentSize : 16 <-- 0.017864 s
currentSize : 17 <-- 0.018013 s
currentSize : 18 <-- 0.018249 s
currentSize : 19 <-- 0.024056 s
currentSize : 21 <-- 0.031192 s
currentSize : 24 <-- 0.059664 s
currentSize : 25 <-- 0.072106 s
currentSize : 30 <-- 0.154296 s

maxsize : 30
nodes : 43252.000000
filtered : 3183869.000000
time : 1.205634
