Parameters: GAD=1 vflib=1 dir=0 label=0 lowerbound=1 fileNameGp=../graphsdb/mcs90/m2D/m2Dr6/mcs90_m2Dr6_s30.A11 fileNameGt=../graphsdb/mcs90/m2D/m2Dr6/mcs90_m2Dr6_s30.B11
Reading graphs...
30 :  67
30 :  65
Initializing...
maxdom : 30
D->valSize : 900
Solving...
currentSize : 11 <-- 0.010734 s
currentSize : 14 <-- 0.011202 s
currentSize : 15 <-- 0.015755 s
currentSize : 16 <-- 0.019661 s
currentSize : 17 <-- 0.092645 s
currentSize : 18 <-- 1.142489 s
currentSize : 19 <-- 1.142572 s
currentSize : 20 <-- 7.116034 s
currentSize : 21 <-- 7.118630 s
currentSize : 25 <-- 7.122761 s

maxsize : 25
nodes : 622869.000000
filtered : 15654319.000000
time : 7.722070
