Parameters: GAD=1 vflib=1 dir=0 label=0 lowerbound=1 fileNameGp=../graphsdb/mcs90/bvg/b09m/mcs90_b09m_s25.A37 fileNameGt=../graphsdb/mcs90/bvg/b09m/mcs90_b09m_s25.B37
Reading graphs...
25 :  105
25 :  106
Initializing...
maxdom : 25
D->valSize : 625
Solving...
currentSize : 9 <-- 0.007639 s
currentSize : 10 <-- 0.007692 s
currentSize : 11 <-- 0.007812 s
currentSize : 12 <-- 0.016047 s
currentSize : 13 <-- 0.146775 s
currentSize : 14 <-- 0.173078 s
currentSize : 16 <-- 0.644266 s
currentSize : 18 <-- 0.647363 s
currentSize : 22 <-- 0.791438 s

maxsize : 22
nodes : 149853.000000
filtered : 2936401.000000
time : 0.806332
