Parameters: GAD=1 vflib=1 dir=0 label=0 lowerbound=1 fileNameGp=../graphsdb/mcs90/bvg/b09/mcs90_b09_s35.A16 fileNameGt=../graphsdb/mcs90/bvg/b09/mcs90_b09_s35.B16
Reading graphs...
35 :  156
35 :  157
Initializing...
maxdom : 35
D->valSize : 1225
Solving...
currentSize : 19 <-- 0.030890 s
currentSize : 20 <-- 0.030958 s
currentSize : 23 <-- 0.031027 s
currentSize : 24 <-- 0.034555 s
currentSize : 26 <-- 0.038914 s
currentSize : 30 <-- 0.053575 s

maxsize : 30
nodes : 58688.000000
filtered : 4041902.000000
time : 1.165331
