Parameters: GAD=1 vflib=1 dir=0 label=0 lowerbound=1 fileNameGp=../graphsdb/mcs90/m2D/m2Dr4/mcs90_m2Dr4_s30.A19 fileNameGt=../graphsdb/mcs90/m2D/m2Dr4/mcs90_m2Dr4_s30.B19
Reading graphs...
30 :  60
30 :  60
Initializing...
maxdom : 30
D->valSize : 900
Solving...
currentSize : 15 <-- 0.010812 s
currentSize : 16 <-- 0.011160 s
currentSize : 17 <-- 0.014162 s
currentSize : 18 <-- 0.015194 s
currentSize : 19 <-- 1.013292 s
currentSize : 20 <-- 7.702751 s
currentSize : 21 <-- 23.555788 s
currentSize : 22 <-- 23.557135 s
currentSize : 25 <-- 23.614138 s

maxsize : 25
nodes : 2063056.000000
filtered : 47980580.000000
time : 24.493076
