Parameters: GAD=1 vflib=1 dir=0 label=0 lowerbound=1 fileNameGp=../graphsdb/mcs90/m4D/m4Dr4/mcs90_m4Dr4_s20.A22 fileNameGt=../graphsdb/mcs90/m4D/m4Dr4/mcs90_m4Dr4_s20.B22
Reading graphs...
20 :  45
20 :  44
Initializing...
maxdom : 20
D->valSize : 400
Solving...
currentSize : 8 <-- 0.002133 s
currentSize : 9 <-- 0.002146 s
currentSize : 12 <-- 0.002985 s
currentSize : 13 <-- 0.030787 s
currentSize : 14 <-- 0.045749 s
currentSize : 15 <-- 0.045814 s
currentSize : 16 <-- 0.076800 s

maxsize : 16
nodes : 12137.000000
filtered : 224795.000000
time : 0.096838
