Parameters: GAD=1 vflib=1 dir=0 label=0 lowerbound=1 fileNameGp=../graphsdb/mcs90/rand/r02/mcs90_r02_s20.A38 fileNameGt=../graphsdb/mcs90/rand/r02/mcs90_r02_s20.B38
Reading graphs...
20 :  68
20 :  69
Initializing...
maxdom : 20
D->valSize : 400
Solving...
currentSize : 7 <-- 0.003416 s
currentSize : 8 <-- 0.003450 s
currentSize : 9 <-- 0.003529 s
currentSize : 10 <-- 0.004453 s
currentSize : 11 <-- 0.043392 s
currentSize : 12 <-- 0.083282 s
currentSize : 13 <-- 0.120869 s
currentSize : 15 <-- 0.122008 s
currentSize : 18 <-- 0.122568 s

maxsize : 18
nodes : 26622.000000
filtered : 275774.000000
time : 0.130388
