Parameters: GAD=1 vflib=1 dir=0 label=0 lowerbound=1 fileNameGp=../graphsdb/mcs90/bvg/b06m/mcs90_b06m_s20.A22 fileNameGt=../graphsdb/mcs90/bvg/b06m/mcs90_b06m_s20.B22
Reading graphs...
20 :  58
20 :  58
Initializing...
maxdom : 20
D->valSize : 400
Solving...
currentSize : 6 <-- 0.002154 s
currentSize : 9 <-- 0.002173 s
currentSize : 10 <-- 0.002243 s
currentSize : 11 <-- 0.002753 s
currentSize : 12 <-- 0.003957 s
currentSize : 13 <-- 0.006194 s
currentSize : 14 <-- 0.009427 s
currentSize : 18 <-- 0.022196 s

maxsize : 18
nodes : 4118.000000
filtered : 76391.000000
time : 0.028738
