Parameters: GAD=1 vflib=1 dir=0 label=0 lowerbound=1 fileNameGp=../graphsdb/mcs90/rand/r005/mcs90_r005_s20.A29 fileNameGt=../graphsdb/mcs90/rand/r005/mcs90_r005_s20.B29
Reading graphs...
20 :  21
20 :  21
Initializing...
maxdom : 20
D->valSize : 400
Solving...
currentSize : 3 <-- 0.002340 s
currentSize : 9 <-- 0.002384 s
currentSize : 10 <-- 0.002408 s
currentSize : 11 <-- 0.002415 s
currentSize : 13 <-- 0.007642 s
currentSize : 15 <-- 0.007894 s
currentSize : 16 <-- 0.011007 s
currentSize : 18 <-- 0.011059 s

maxsize : 18
nodes : 3120.000000
filtered : 31848.000000
time : 0.019922
