Parameters: GAD=1 vflib=1 dir=0 label=0 lowerbound=1 fileNameGp=../graphsdb/mcs90/m2D/m2Dr6/mcs90_m2Dr6_s30.A97 fileNameGt=../graphsdb/mcs90/m2D/m2Dr6/mcs90_m2Dr6_s30.B97
Reading graphs...
30 :  65
30 :  63
Initializing...
maxdom : 30
D->valSize : 900
Solving...
currentSize : 13 <-- 0.010543 s
currentSize : 16 <-- 0.010564 s
currentSize : 17 <-- 0.010648 s
currentSize : 18 <-- 0.011631 s
currentSize : 19 <-- 0.345749 s
currentSize : 20 <-- 0.346094 s
currentSize : 21 <-- 10.521973 s
currentSize : 25 <-- 23.940302 s

maxsize : 25
nodes : 1489438.000000
filtered : 46390702.000000
time : 24.819988
