Parameters: GAD=1 vflib=1 dir=0 label=0 lowerbound=1 fileNameGp=../graphsdb/mcs90/rand/r005/mcs90_r005_s30.A77 fileNameGt=../graphsdb/mcs90/rand/r005/mcs90_r005_s30.B77
Reading graphs...
30 :  42
30 :  42
Initializing...
maxdom : 30
D->valSize : 900
Solving...
currentSize : 14 <-- 0.019782 s
currentSize : 16 <-- 0.019837 s
currentSize : 17 <-- 0.019944 s
currentSize : 18 <-- 0.029586 s
currentSize : 19 <-- 0.142323 s
currentSize : 20 <-- 0.586325 s
currentSize : 21 <-- 3.544477 s
currentSize : 22 <-- 4.313236 s
currentSize : 23 <-- 4.331124 s
currentSize : 24 <-- 6.117713 s
currentSize : 26 <-- 6.118328 s
currentSize : 27 <-- 6.123080 s

maxsize : 27
nodes : 453516.000000
filtered : 8456229.000000
time : 6.242532
