Parameters: GAD=1 vflib=1 dir=0 label=0 lowerbound=1 fileNameGp=../graphsdb/mcs90/m2D/m2Dr6/mcs90_m2Dr6_s20.A49 fileNameGt=../graphsdb/mcs90/m2D/m2Dr6/mcs90_m2Dr6_s20.B49
Reading graphs...
20 :  40
20 :  39
Initializing...
maxdom : 20
D->valSize : 400
Solving...
currentSize : 11 <-- 0.002117 s
currentSize : 12 <-- 0.002436 s
currentSize : 13 <-- 0.004075 s
currentSize : 14 <-- 0.139341 s
currentSize : 15 <-- 0.224699 s
currentSize : 16 <-- 0.297380 s

maxsize : 16
nodes : 45688.000000
filtered : 853678.000000
time : 0.329657
