Parameters: GAD=1 vflib=1 dir=0 label=0 lowerbound=1 fileNameGp=../graphsdb/mcs90/m3D/m3Dr6/mcs90_m3Dr6_s30.A97 fileNameGt=../graphsdb/mcs90/m3D/m3Dr6/mcs90_m3Dr6_s30.B97
Reading graphs...
30 :  78
30 :  77
Initializing...
maxdom : 30
D->valSize : 900
Solving...
currentSize : 12 <-- 0.018137 s
currentSize : 14 <-- 0.018162 s
currentSize : 16 <-- 0.018948 s
currentSize : 17 <-- 0.023469 s
currentSize : 18 <-- 0.308422 s
currentSize : 19 <-- 4.507188 s
currentSize : 20 <-- 7.485594 s
currentSize : 22 <-- 16.948450 s
currentSize : 27 <-- 16.948685 s

maxsize : 27
nodes : 2116992.000000
filtered : 50174716.000000
time : 16.996504
