Parameters: GAD=1 vflib=1 dir=0 label=1 lowerbound=1 fileNameGp=../graphsdb/mcs30/rand/r02/mcs30_r02_s50.A35 fileNameGt=../graphsdb/mcs30/rand/r02/mcs30_r02_s50.B35
Reading graphs...
50 :  430
50 :  431
Initializing...
maxdom : 10
D->valSize : 324
Solving...
currentSize : 3 <-- 0.002159 s
currentSize : 4 <-- 0.002379 s
currentSize : 5 <-- 0.002802 s
currentSize : 6 <-- 0.005810 s
currentSize : 7 <-- 0.028601 s
currentSize : 9 <-- 0.058544 s
currentSize : 11 <-- 0.075481 s
currentSize : 12 <-- 0.098636 s
currentSize : 14 <-- 0.098865 s

maxsize : 14
nodes : 7425.000000
filtered : 104233.000000
CCGP filtered : 45383.000000
CCGT filtered : 18440.000000
time : 0.205465
