Parameters: GAD=1 vflib=1 dir=0 label=1 lowerbound=1 fileNameGp=../graphsdb/mcs30/rand/r02/mcs30_r02_s60.A39 fileNameGt=../graphsdb/mcs30/rand/r02/mcs30_r02_s60.B39
Reading graphs...
60 :  625
60 :  640
Initializing...
maxdom : 8
D->valSize : 261
Solving...
currentSize : 3 <-- 0.001970 s
currentSize : 4 <-- 0.002646 s
currentSize : 5 <-- 0.006079 s
currentSize : 6 <-- 0.009255 s
currentSize : 9 <-- 0.010528 s
currentSize : 10 <-- 0.015888 s
currentSize : 11 <-- 0.017226 s
currentSize : 15 <-- 0.029793 s
currentSize : 16 <-- 0.030521 s

maxsize : 16
nodes : 1506.000000
filtered : 29145.000000
CCGP filtered : 9779.000000
CCGT filtered : 5940.000000
time : 0.057650
