Parameters: GAD=1 vflib=1 dir=0 label=1 lowerbound=1 fileNameGp=../graphsdb/mcs30/bvg/b06/mcs30_b06_s50.A08 fileNameGt=../graphsdb/mcs30/bvg/b06/mcs30_b06_s50.B08
Reading graphs...
50 :  145
50 :  150
Initializing...
maxdom : 8
D->valSize : 300
Solving...
currentSize : 1 <-- 0.001818 s
currentSize : 3 <-- 0.002461 s
currentSize : 6 <-- 0.003126 s
currentSize : 7 <-- 0.003227 s
currentSize : 8 <-- 0.003558 s
currentSize : 9 <-- 0.003776 s
currentSize : 10 <-- 0.008817 s
currentSize : 11 <-- 0.010836 s
currentSize : 16 <-- 0.023861 s

maxsize : 16
nodes : 8097.000000
filtered : 51471.000000
CCGP filtered : 63188.000000
CCGT filtered : 43282.000000
time : 0.178690
