Parameters: GAD=1 vflib=1 dir=0 label=1 lowerbound=1 fileNameGp=../graphsdb/mcs30/rand/r02/mcs30_r02_s50.A27 fileNameGt=../graphsdb/mcs30/rand/r02/mcs30_r02_s50.B27
Reading graphs...
50 :  437
50 :  438
Initializing...
maxdom : 11
D->valSize : 354
Solving...
currentSize : 4 <-- 0.002514 s
currentSize : 5 <-- 0.003469 s
currentSize : 6 <-- 0.003534 s
currentSize : 7 <-- 0.008875 s
currentSize : 8 <-- 0.024951 s
currentSize : 9 <-- 0.054218 s
currentSize : 10 <-- 0.073363 s
currentSize : 11 <-- 0.101404 s
currentSize : 15 <-- 0.129308 s

maxsize : 15
nodes : 6558.000000
filtered : 120265.000000
CCGP filtered : 41763.000000
CCGT filtered : 17114.000000
time : 0.196189
