Parameters: GAD=1 vflib=1 dir=0 label=1 lowerbound=1 fileNameGp=../graphsdb/mcs30/rand/r01/mcs30_r01_s90.A14 fileNameGt=../graphsdb/mcs30/rand/r01/mcs30_r01_s90.B14
Reading graphs...
90 :  770
90 :  765
Initializing...
maxdom : 13
D->valSize : 540
Solving...
currentSize : 1 <-- 0.005684 s
currentSize : 2 <-- 0.005986 s
currentSize : 6 <-- 0.006950 s
currentSize : 8 <-- 0.013336 s
currentSize : 10 <-- 0.015568 s
currentSize : 15 <-- 0.050335 s
currentSize : 16 <-- 0.050563 s
currentSize : 18 <-- 0.192989 s
currentSize : 20 <-- 0.196129 s
currentSize : 27 <-- 1.028531 s

maxsize : 27
nodes : 234720.000000
filtered : 1811487.000000
CCGP filtered : 816237.000000
CCGT filtered : 303565.000000
time : 12.405649
