Parameters: GAD=1 vflib=1 dir=0 label=1 lowerbound=1 fileNameGp=../graphsdb/mcs50/rand/r02/mcs50_r02_s90.A04 fileNameGt=../graphsdb/mcs50/rand/r02/mcs50_r02_s90.B04
Reading graphs...
90 :  1428
90 :  1436
Initializing...
maxdom : 11
D->valSize : 570
Solving...
currentSize : 5 <-- 0.006736 s
currentSize : 6 <-- 0.008891 s
currentSize : 7 <-- 0.015822 s
currentSize : 8 <-- 0.021381 s
currentSize : 9 <-- 0.026808 s
currentSize : 11 <-- 0.027278 s
currentSize : 12 <-- 0.061040 s
currentSize : 18 <-- 0.098226 s
currentSize : 19 <-- 0.099750 s
currentSize : 26 <-- 0.169648 s
currentSize : 31 <-- 0.198264 s
currentSize : 33 <-- 0.199204 s
currentSize : 34 <-- 0.209635 s

maxsize : 34
nodes : 320999.000000
filtered : 750785.000000
CCGP filtered : 37707.000000
CCGT filtered : 11918.000000
time : 17.646673
