Parameters: GAD=1 vflib=1 dir=0 label=1 lowerbound=1 fileNameGp=../graphsdb/mcs50/rand/r02/mcs50_r02_s50.A76 fileNameGt=../graphsdb/mcs50/rand/r02/mcs50_r02_s50.B76
Reading graphs...
50 :  440
50 :  438
Initializing...
maxdom : 9
D->valSize : 341
Solving...
currentSize : 5 <-- 0.003773 s
currentSize : 6 <-- 0.003856 s
currentSize : 7 <-- 0.004362 s
currentSize : 9 <-- 0.007657 s
currentSize : 10 <-- 0.010084 s
currentSize : 11 <-- 0.012633 s
currentSize : 12 <-- 0.013305 s
currentSize : 15 <-- 0.015678 s
currentSize : 23 <-- 0.024060 s

maxsize : 23
nodes : 2949.000000
filtered : 59299.000000
CCGP filtered : 7355.000000
CCGT filtered : 2380.000000
time : 0.107205
