Parameters: GAD=1 vflib=1 dir=0 label=1 lowerbound=1 fileNameGp=../graphsdb/mcs50/bvg/b09/mcs50_b09_s50.A88 fileNameGt=../graphsdb/mcs50/bvg/b09/mcs50_b09_s50.B88
Reading graphs...
50 :  221
50 :  220
Initializing...
maxdom : 9
D->valSize : 313
Solving...
currentSize : 1 <-- 0.002080 s
currentSize : 2 <-- 0.002188 s
currentSize : 3 <-- 0.002428 s
currentSize : 4 <-- 0.002514 s
currentSize : 6 <-- 0.002697 s
currentSize : 8 <-- 0.003791 s
currentSize : 11 <-- 0.004969 s
currentSize : 15 <-- 0.007963 s
currentSize : 24 <-- 0.044645 s

maxsize : 24
nodes : 59972.000000
filtered : 311603.000000
CCGP filtered : 50727.000000
CCGT filtered : 40747.000000
time : 1.168936
