Parameters: GAD=1 vflib=1 dir=0 label=1 lowerbound=1 fileNameGp=../graphsdb/mcs50/rand/r02/mcs50_r02_s90.A32 fileNameGt=../graphsdb/mcs50/rand/r02/mcs50_r02_s90.B32
Reading graphs...
90 :  1426
90 :  1436
Initializing...
maxdom : 11
D->valSize : 509
Solving...
currentSize : 5 <-- 0.005665 s
currentSize : 6 <-- 0.008738 s
currentSize : 7 <-- 0.009744 s
currentSize : 13 <-- 0.010708 s
currentSize : 19 <-- 0.016001 s
currentSize : 23 <-- 0.054052 s
currentSize : 24 <-- 0.055550 s
currentSize : 34 <-- 0.130455 s
currentSize : 35 <-- 0.179448 s

maxsize : 35
nodes : 52723.000000
filtered : 374363.000000
CCGP filtered : 20067.000000
CCGT filtered : 5394.000000
time : 3.315953
