Parameters: GAD=1 vflib=1 dir=0 label=1 lowerbound=1 fileNameGp=../graphsdb/mcs50/bvg/b09/mcs50_b09_s50.A50 fileNameGt=../graphsdb/mcs50/bvg/b09/mcs50_b09_s50.B50
Reading graphs...
50 :  221
50 :  222
Initializing...
maxdom : 8
D->valSize : 309
Solving...
currentSize : 2 <-- 0.003194 s
currentSize : 4 <-- 0.003550 s
currentSize : 5 <-- 0.004074 s
currentSize : 6 <-- 0.004456 s
currentSize : 16 <-- 0.006021 s
currentSize : 20 <-- 0.239700 s
currentSize : 21 <-- 0.240825 s
currentSize : 22 <-- 0.242786 s
currentSize : 24 <-- 0.262069 s

maxsize : 24
nodes : 26535.000000
filtered : 135393.000000
CCGP filtered : 28732.000000
CCGT filtered : 21332.000000
time : 0.716631
