Parameters: GAD=1 vflib=1 dir=0 label=1 lowerbound=1 fileNameGp=../graphsdb/mcs50/rand/r02/mcs50_r02_s90.A54 fileNameGt=../graphsdb/mcs50/rand/r02/mcs50_r02_s90.B54
Reading graphs...
90 :  1430
90 :  1428
Initializing...
maxdom : 10
D->valSize : 566
Solving...
currentSize : 3 <-- 0.009784 s
currentSize : 4 <-- 0.011329 s
currentSize : 5 <-- 0.014740 s
currentSize : 8 <-- 0.017916 s
currentSize : 13 <-- 0.030157 s
currentSize : 15 <-- 0.087627 s
currentSize : 22 <-- 0.120105 s
currentSize : 28 <-- 0.165075 s
currentSize : 29 <-- 0.165876 s
currentSize : 30 <-- 0.170964 s
currentSize : 31 <-- 0.171873 s
currentSize : 32 <-- 0.191277 s
currentSize : 33 <-- 2.059545 s
currentSize : 34 <-- 2.095661 s

maxsize : 34
nodes : 153314.000000
filtered : 642328.000000
CCGP filtered : 27304.000000
CCGT filtered : 7300.000000
time : 9.067268
