Parameters: GAD=1 vflib=1 dir=0 label=1 lowerbound=1 fileNameGp=../graphsdb/mcs50/rand/r02/mcs50_r02_s80.A48 fileNameGt=../graphsdb/mcs50/rand/r02/mcs50_r02_s80.B48
Reading graphs...
80 :  1142
80 :  1142
Initializing...
maxdom : 13
D->valSize : 479
Solving...
currentSize : 4 <-- 0.004734 s
currentSize : 5 <-- 0.005133 s
currentSize : 6 <-- 0.008618 s
currentSize : 7 <-- 0.009265 s
currentSize : 8 <-- 0.011848 s
currentSize : 10 <-- 0.012584 s
currentSize : 15 <-- 0.015222 s
currentSize : 18 <-- 0.019722 s
currentSize : 31 <-- 0.169285 s

maxsize : 31
nodes : 125923.000000
filtered : 327045.000000
CCGP filtered : 23448.000000
CCGT filtered : 5178.000000
time : 5.113236
