Parameters: GAD=1 vflib=1 dir=0 label=1 lowerbound=1 fileNameGp=../graphsdb/mcs50/rand/r02/mcs50_r02_s80.A42 fileNameGt=../graphsdb/mcs50/rand/r02/mcs50_r02_s80.B42
Reading graphs...
80 :  1137
80 :  1136
Initializing...
maxdom : 9
D->valSize : 410
Solving...
currentSize : 5 <-- 0.004180 s
currentSize : 10 <-- 0.004864 s
currentSize : 16 <-- 0.024971 s
currentSize : 17 <-- 0.027863 s
currentSize : 18 <-- 0.094866 s
currentSize : 27 <-- 0.129905 s
currentSize : 28 <-- 0.131382 s
currentSize : 29 <-- 0.193661 s
currentSize : 30 <-- 0.528223 s

maxsize : 30
nodes : 30629.000000
filtered : 185158.000000
CCGP filtered : 17034.000000
CCGT filtered : 7244.000000
time : 1.452380
