Parameters: GAD=1 vflib=1 dir=0 label=1 lowerbound=1 fileNameGp=../graphsdb/mcs50/rand/r02/mcs50_r02_s100.A01 fileNameGt=../graphsdb/mcs50/rand/r02/mcs50_r02_s100.B01
Reading graphs...
100 :  1759
100 :  1774
Initializing...
maxdom : 8
D->valSize : 380
Solving...
currentSize : 2 <-- 0.004803 s
currentSize : 19 <-- 0.005865 s
currentSize : 20 <-- 0.007229 s
currentSize : 21 <-- 0.026909 s
currentSize : 34 <-- 0.098081 s
currentSize : 35 <-- 0.099641 s
currentSize : 36 <-- 0.103442 s
currentSize : 37 <-- 0.206014 s
currentSize : 38 <-- 0.210083 s

maxsize : 38
nodes : 114123.000000
filtered : 384293.000000
CCGP filtered : 7413.000000
CCGT filtered : 5746.000000
time : 8.496045
