Parameters: GAD=1 vflib=1 dir=0 label=1 lowerbound=1 fileNameGp=../graphsdb/mcs50/bvg/b06m/mcs50_b06m_s25.A51 fileNameGt=../graphsdb/mcs50/bvg/b06m/mcs50_b06m_s25.B51
Reading graphs...
25 :  72
25 :  72
Initializing...
maxdom : 11
D->valSize : 179
Solving...
currentSize : 1 <-- 0.000756 s
currentSize : 2 <-- 0.000805 s
currentSize : 5 <-- 0.000863 s
currentSize : 6 <-- 0.001238 s
currentSize : 7 <-- 0.001333 s
currentSize : 8 <-- 0.002913 s
currentSize : 9 <-- 0.004076 s
currentSize : 10 <-- 0.005027 s
currentSize : 11 <-- 0.005082 s

maxsize : 11
nodes : 640.000000
filtered : 8468.000000
CCGP filtered : 2826.000000
CCGT filtered : 4380.000000
time : 0.007333
