Parameters: GAD=1 vflib=1 dir=0 label=1 lowerbound=1 fileNameGp=../graphsdb/mcs50/rand/r02/mcs50_r02_s50.A86 fileNameGt=../graphsdb/mcs50/rand/r02/mcs50_r02_s50.B86
Reading graphs...
50 :  444
50 :  446
Initializing...
maxdom : 11
D->valSize : 357
Solving...
currentSize : 6 <-- 0.003932 s
currentSize : 8 <-- 0.004126 s
currentSize : 10 <-- 0.005604 s
currentSize : 11 <-- 0.013009 s
currentSize : 12 <-- 0.017405 s
currentSize : 13 <-- 0.017690 s
currentSize : 14 <-- 0.018500 s
currentSize : 22 <-- 0.058689 s
currentSize : 23 <-- 0.059470 s

maxsize : 23
nodes : 2915.000000
filtered : 73771.000000
CCGP filtered : 10121.000000
CCGT filtered : 1688.000000
time : 0.141325
