Parameters: GAD=1 vflib=1 dir=0 label=1 lowerbound=1 fileNameGp=../graphsdb/mcs70/rand/r02/mcs70_r02_s50.A83 fileNameGt=../graphsdb/mcs70/rand/r02/mcs70_r02_s50.B83
Reading graphs...
50 :  436
50 :  430
Initializing...
maxdom : 11
D->valSize : 379
Solving...
currentSize : 4 <-- 0.002705 s
currentSize : 5 <-- 0.003100 s
currentSize : 8 <-- 0.003686 s
currentSize : 9 <-- 0.004599 s
currentSize : 12 <-- 0.005735 s
currentSize : 14 <-- 0.011165 s
currentSize : 15 <-- 0.024320 s
currentSize : 16 <-- 0.025090 s
currentSize : 25 <-- 0.026086 s
currentSize : 26 <-- 0.088133 s

maxsize : 26
nodes : 16274.000000
filtered : 106659.000000
CCGP filtered : 5319.000000
CCGT filtered : 2807.000000
time : 0.341568
