Parameters: GAD=1 vflib=1 dir=0 label=1 lowerbound=1 fileNameGp=../graphsdb/mcs70/rand/r02/mcs70_r02_s80.A78 fileNameGt=../graphsdb/mcs70/rand/r02/mcs70_r02_s80.B78
Reading graphs...
80 :  1131
80 :  1126
Initializing...
maxdom : 9
D->valSize : 432
Solving...
currentSize : 5 <-- 0.004218 s
currentSize : 7 <-- 0.005092 s
currentSize : 8 <-- 0.011999 s
currentSize : 9 <-- 0.013544 s
currentSize : 13 <-- 0.018500 s
currentSize : 23 <-- 0.022002 s
currentSize : 40 <-- 0.050870 s
currentSize : 41 <-- 0.051486 s
currentSize : 42 <-- 0.072522 s
currentSize : 43 <-- 0.462974 s

maxsize : 43
nodes : 280443.000000
filtered : 267007.000000
CCGP filtered : 3042.000000
CCGT filtered : 2015.000000
time : 9.771097
