Parameters: GAD=1 vflib=1 dir=0 label=1 lowerbound=1 fileNameGp=../graphsdb/mcs70/rand/r02/mcs70_r02_s90.A24 fileNameGt=../graphsdb/mcs70/rand/r02/mcs70_r02_s90.B24
Reading graphs...
90 :  1448
90 :  1445
Initializing...
maxdom : 8
D->valSize : 575
Solving...
currentSize : 4 <-- 0.006757 s
currentSize : 5 <-- 0.007067 s
currentSize : 6 <-- 0.008645 s
currentSize : 7 <-- 0.013675 s
currentSize : 13 <-- 0.014948 s
currentSize : 15 <-- 0.041014 s
currentSize : 23 <-- 0.051034 s
currentSize : 40 <-- 0.433284 s
currentSize : 41 <-- 172.975006 s

maxsize : 41
nodes : 45399621.000000
filtered : 17497749.000000
CCGP filtered : 16361.000000
CCGT filtered : 3987.000000
time : 2083.279541
