Parameters: GAD=1 vflib=1 dir=0 label=1 lowerbound=1 fileNameGp=../graphsdb/mcs70/rand/r02/mcs70_r02_s50.A00 fileNameGt=../graphsdb/mcs70/rand/r02/mcs70_r02_s50.B00
Reading graphs...
50 :  427
50 :  433
Initializing...
maxdom : 8
D->valSize : 345
Solving...
currentSize : 4 <-- 0.002403 s
currentSize : 7 <-- 0.002736 s
currentSize : 8 <-- 0.011044 s
currentSize : 9 <-- 0.011988 s
currentSize : 12 <-- 0.016169 s
currentSize : 15 <-- 0.018635 s
currentSize : 16 <-- 0.021495 s
currentSize : 23 <-- 0.024548 s
currentSize : 24 <-- 0.028819 s
currentSize : 25 <-- 0.142866 s

maxsize : 25
nodes : 24459.000000
filtered : 90913.000000
CCGP filtered : 5647.000000
CCGT filtered : 2013.000000
time : 0.428927
