Parameters: GAD=1 vflib=1 dir=0 label=1 lowerbound=1 fileNameGp=../graphsdb/mcs70/rand/r02/mcs70_r02_s50.A54 fileNameGt=../graphsdb/mcs70/rand/r02/mcs70_r02_s50.B54
Reading graphs...
50 :  439
50 :  446
Initializing...
maxdom : 10
D->valSize : 350
Solving...
currentSize : 3 <-- 0.002339 s
currentSize : 4 <-- 0.002634 s
currentSize : 5 <-- 0.002709 s
currentSize : 6 <-- 0.004523 s
currentSize : 8 <-- 0.005164 s
currentSize : 10 <-- 0.007404 s
currentSize : 15 <-- 0.009282 s
currentSize : 19 <-- 0.012374 s
currentSize : 28 <-- 0.028960 s

maxsize : 28
nodes : 11221.000000
filtered : 51991.000000
CCGP filtered : 4187.000000
CCGT filtered : 1412.000000
time : 0.210804
