Parameters: GAD=1 vflib=1 dir=0 label=1 lowerbound=1 fileNameGp=../graphsdb/mcs70/rand/r02/mcs70_r02_s50.A88 fileNameGt=../graphsdb/mcs70/rand/r02/mcs70_r02_s50.B88
Reading graphs...
50 :  448
50 :  446
Initializing...
maxdom : 10
D->valSize : 330
Solving...
currentSize : 1 <-- 0.002146 s
currentSize : 4 <-- 0.002364 s
currentSize : 5 <-- 0.002873 s
currentSize : 6 <-- 0.003521 s
currentSize : 7 <-- 0.004209 s
currentSize : 8 <-- 0.009181 s
currentSize : 9 <-- 0.012748 s
currentSize : 10 <-- 0.013310 s
currentSize : 13 <-- 0.014951 s
currentSize : 17 <-- 0.019284 s
currentSize : 33 <-- 0.019882 s

maxsize : 33
nodes : 1291.000000
filtered : 18101.000000
CCGP filtered : 2619.000000
CCGT filtered : 993.000000
time : 0.032999
