Parameters: GAD=1 vflib=1 dir=0 label=1 lowerbound=1 fileNameGp=../graphsdb/mcs90/rand/r02/mcs90_r02_s35.A33 fileNameGt=../graphsdb/mcs90/rand/r02/mcs90_r02_s35.B33
Reading graphs...
35 :  213
35 :  214
Initializing...
maxdom : 7
D->valSize : 168
Solving...
currentSize : 1 <-- 0.000946 s
currentSize : 4 <-- 0.001089 s
currentSize : 7 <-- 0.001504 s
currentSize : 8 <-- 0.001529 s
currentSize : 11 <-- 0.001686 s
currentSize : 12 <-- 0.001751 s
currentSize : 21 <-- 0.002495 s
currentSize : 23 <-- 0.005515 s
currentSize : 24 <-- 0.018246 s

maxsize : 24
nodes : 4812.000000
filtered : 7929.000000
CCGP filtered : 317.000000
CCGT filtered : 399.000000
time : 0.045923
