Parameters: GAD=1 vflib=1 dir=0 label=1 lowerbound=1 fileNameGp=../graphsdb/mcs90/rand/r02/mcs90_r02_s40.A14 fileNameGt=../graphsdb/mcs90/rand/r02/mcs90_r02_s40.B14
Reading graphs...
40 :  275
40 :  273
Initializing...
maxdom : 9
D->valSize : 225
Solving...
currentSize : 6 <-- 0.001309 s
currentSize : 11 <-- 0.002112 s
currentSize : 12 <-- 0.002353 s
currentSize : 13 <-- 0.002533 s
currentSize : 14 <-- 0.004958 s
currentSize : 15 <-- 0.005261 s
currentSize : 24 <-- 0.007309 s
currentSize : 26 <-- 0.007682 s
currentSize : 28 <-- 0.008230 s
currentSize : 29 <-- 0.008994 s

maxsize : 29
nodes : 1044.000000
filtered : 9658.000000
CCGP filtered : 845.000000
CCGT filtered : 303.000000
time : 0.016262
